0,1,2,3,4,5,6,7,8,9,10,11,12
-0.86837773,0.0879711274,-0.488037601,-0.0130178897,-0.98784402,-0.154900599,-0.495731937,-0.128159049,0.858967442,0.000723583624,-0.00722068502,-0.0107058836,
-0.86806618,0.08842751,-0.48850911,-0.01346861,-0.98784106,-0.15488081,-0.49626522,-0.12786729,0.85870294,-0.01296861,-0.00197685,-0.00286713,
-0.86783801,0.08898593,-0.48881334,-0.01398536,-0.98781581,-0.15499717,-0.49665017,-0.12767622,0.85850881,-0.01711382,0.00815451,0.00389035,
-0.86787284,0.08913038,-0.48872506,-0.01417483,-0.98781579,-0.15497968,-0.49658382,-0.12757508,0.85856222,-0.02471515,0.00543141,0.00160561,
-0.868177029,0.0891496565,-0.488181157,-0.0143307514,-0.987825048,-0.154906916,-0.49604751,-0.127490634,0.858884739,-0.00668057427,0.000701904239,0.000169669278,
-0.86859768,0.08900373,-0.48745889,-0.01440604,-0.98785634,-0.15469993,-0.49530828,-0.12734966,0.85933215,0.00454389,0.00239325,0.00178771,
-0.86871015,0.08894133,-0.48727009,-0.01438846,-0.9878626,-0.1546625,-0.49511178,-0.12734581,0.85944597,,,,
-0.8688466,0.08881719,-0.48704923,-0.01435041,-0.98788098,-0.15454805,-0.49487323,-0.1272892,0.85959173,,,,
-0.869026829,0.0886926684,-0.486749897,-0.0143138087,-0.987896137,-0.154453183,-0.494557344,-0.127256754,0.859778293,0.0113102114,-0.000395774812,-0.00300440332,
-0.86907553,0.08858949,-0.48668205,-0.01425212,-0.9879092,-0.15437637,-0.49447385,-0.12722849,0.85983051,0.01090307,-0.00356233,-0.00275193,
-0.868904448,0.0885285844,-0.486998641,-0.014141941,-0.987914205,-0.154354953,-0.49477772,-0.127232604,0.859655086,0.00833656546,0.00465464545,0.000249990961,
-0.86852819,0.08863354,-0.48765025,-0.01410951,-0.98790322,-0.15442801,-0.49543878,-0.12724459,0.85927249,-0.01634496,0.0011456,0.00904092,
-0.868435489,0.0887370701,-0.487796402,-0.0141696904,-0.987893384,-0.154485162,-0.495599453,-0.127248489,0.859179253,-0.0106175821,0.000249862642,0.00796769187,
-0.86839149,0.08869678,-0.48788212,-0.01420949,-0.98791996,-0.15431171,-0.49567547,-0.12707043,0.85916175,0.02597085,-0.01297074,-0.02466811,
-0.86776491,0.08892704,-0.48895388,-0.0142948,-0.98791969,-0.15430545,-0.49676913,-0.12691137,0.85855339,0.09036965,-0.02997052,-0.05792613,
-0.86668476,0.08944701,-0.49077167,-0.01440925,-0.98787191,-0.15460125,-0.49864815,-0.12691889,0.85746232,0.07106764,-0.01202029,-0.03955819,
-0.86371595,0.09085908,-0.4957209,-0.01465615,-0.98772688,-0.15550123,-0.5037656,-0.12704354,0.85444727,-0.02624521,0.00764167,0.02463848,
-0.86151431,0.09236913,-0.49926043,-0.01532329,-0.98759464,-0.15627521,-0.50750195,-0.12698302,0.85224238,-0.02935621,0.00974286,0.02325961,
-0.86093206,0.09255327,-0.50022953,-0.01570627,-0.98767776,-0.15571009,-0.50847714,-0.12619909,0.85177741,0.01815829,-0.00609714,0.01258043,
-0.85935888,0.09267413,-0.5029053,-0.0157916,-0.98778171,-0.15504144,-0.51112901,-0.12529457,0.85032253,-0.02688456,0.01411295,0.02653279,
-0.85872085,0.09260889,-0.5040059,-0.01584046,-0.98786158,-0.15452643,-0.51219863,-0.12471139,0.84976445,-0.06414129,0.01749205,0.02940624,
-0.85912038,0.09206832,-0.50342347,-0.01598244,-0.98803149,-0.15342067,-0.51152354,-0.12376092,0.85030987,-0.07541356,0.02835035,0.01386624,
-0.86106605,0.09081026,-0.50031855,-0.01597459,-0.98826934,-0.15188288,-0.50824203,-0.12278881,0.85241594,-0.01332834,0.01673508,0.01592989,
-0.86207867,0.09013004,-0.49869487,-0.01602314,-0.98841301,-0.150939,-0.50652074,-0.12213066,0.85353431,0.02568494,0.00202703,0.01343482,
-0.86324619,0.08874821,-0.49692031,-0.01595047,-0.9887275,-0.1488742,-0.50453109,-0.12058898,0.8549308,0.04689921,-0.01083475,0.0119958,
-0.8637736,0.08788052,-0.49615719,-0.0164266,-0.98906121,-0.14658733,-0.50361206,-0.1184681,0.85576877,0.05218733,0.00186849,0.00663448,
-0.86392344,0.08769397,-0.49592942,-0.01687111,-0.98921,-0.1455296,-0.50334043,-0.11735956,0.85608127,0.03776412,0.00814176,0.00560472,
-0.86428371,0.08773408,-0.49529412,-0.0183474,-0.98951465,-0.14326196,-0.50266978,-0.11473163,0.85683122,0.04445493,0.0027833,0.03949668,
-0.86430126,0.08851302,-0.49512468,-0.02082386,-0.9898468,-0.14060347,-0.50254291,-0.11121337,0.85736934,0.03749017,0.00444221,0.04961875,
-0.86430126,0.08851302,-0.49512468,-0.02082386,-0.9898468,-0.14060347,-0.50254291,-0.11121337,0.85736934,0.03749017,0.00444221,0.04961875,
-0.86448553,0.09178419,-0.4942072,-0.02756259,-0.99036435,-0.13571702,-0.50190178,-0.10370374,0.85868513,0.11975861,0.04820275,0.0686736,
-0.86448553,0.09178419,-0.4942072,-0.02756259,-0.99036435,-0.13571702,-0.50190178,-0.10370374,0.85868513,0.11975861,0.04820275,0.0686736,
-0.86563923,0.10060722,-0.49045625,-0.04161434,-0.99067094,-0.12976821,-0.49893626,-0.09192242,0.86174991,0.33361673,0.05209851,0.18576261,
-0.86766494,0.1099204,-0.48484509,-0.05632126,-0.99070561,-0.12381435,-0.49394856,-0.0801223,0.86579167,0.33725721,0.06467091,0.24242452,
-0.86766494,0.1099204,-0.48484509,-0.05632126,-0.99070561,-0.12381435,-0.49394856,-0.0801223,0.86579167,0.33725721,0.06467091,0.24242452,
-0.86368593,0.149877,-0.48123072,-0.11760985,-0.98833702,-0.09673328,-0.49011636,-0.02694972,0.87124028,0.29673666,0.20507286,0.24290426,
-0.857850312,0.172246552,-0.48417333,-0.150041863,-0.985053782,-0.0845950341,-0.491508013,7.63886239e-05,0.870873043,0.192955807,0.410929412,0.158152401,
-0.85610267,0.18474731,-0.48265541,-0.16768642,-0.98269249,-0.07871663,-0.48884464,0.01354524,0.87226568,0.31385815,0.46742508,0.12192746,
-0.85439365,0.21064552,-0.47501528,-0.2042568,-0.97670778,-0.06573137,-0.47779725,0.04086463,0.87751914,0.54615605,0.55882949,-0.00819884,
-0.84819837,0.25252906,-0.46560585,-0.2633,-0.96375303,-0.04305146,-0.45960074,0.08607784,0.88394444,0.68936729,0.2592127,-0.07975629,
-0.83790017,0.28086713,-0.46801356,-0.30248935,-0.95267506,-0.03016841,-0.45433823,0.11629101,0.88320618,0.42552137,0.13314091,0.01339032,
-0.8213962,0.30870398,-0.47959349,-0.33906384,-0.94044079,-0.02462933,-0.45863251,0.14238238,0.87714506,-0.08531039,0.01496863,0.09866816,
-0.81273932,0.32250983,-0.48522406,-0.35592766,-0.9341859,-0.02474679,-0.46127051,0.15259197,0.8740396,-0.19272561,0.02129197,0.11318946,
-0.80155002,0.34799363,-0.48622855,-0.38545394,-0.92239559,-0.02473564,-0.45710286,0.16759185,0.87348151,-0.25161794,-0.09799957,-0.05549044,
-0.79789338,0.36846742,-0.47707197,-0.40788603,-0.91274844,-0.02278167,-0.44384106,0.17641366,0.8785689,-0.20471534,-0.25737527,0.02011821,
-0.7979386,0.37661736,-0.47058821,-0.4159959,-0.90909568,-0.0221893,-0.43616661,0.17805707,0.8820739,0.01097175,-0.44291392,-0.0115616,
-0.80161051,0.38438039,-0.45789988,-0.42168486,-0.90645808,-0.02270737,-0.42379532,0.17488698,0.88871372,0.34009692,-0.86527389,-0.09148704,
-0.80995587,0.38016852,-0.44659056,-0.41304626,-0.91034357,-0.0258284,-0.41637005,0.1635427,0.89436556,0.28477162,-0.9444254,0.08808397,
-0.81342776,0.37504364,-0.44460958,-0.40370854,-0.91430495,-0.03265004,-0.4187539,0.15293423,0.89512921,0.26916653,-0.77762359,0.06416869,
-0.8220699,0.35588288,-0.44446382,-0.37440269,-0.9259735,-0.04894195,-0.42897941,0.12617476,0.89445882,0.20212622,-0.5749045,0.07019885,
-0.83466247,0.32621099,-0.44376214,-0.3328312,-0.94070857,-0.06550303,-0.43881868,0.09302496,0.89374745,0.20397799,-0.40451667,0.0700244,
-0.84276706,0.30754844,-0.44176649,-0.30822488,-0.94855767,-0.07235872,-0.4412948,0.07518188,0.89420724,0.1993767,-0.32117179,0.03062459,
-0.86193478,0.26294682,-0.43350623,-0.25279699,-0.96402925,-0.08210701,-0.4395024,0.03881819,0.89740225,0.17152275,-0.20876448,-0.00549887,
-0.88225019,0.21036046,-0.42116859,-0.19080267,-0.97762138,-0.08860393,-0.43038221,0.00218926,0.90264409,0.17944033,-0.11604702,-0.06353978,
-0.89172151,0.18210701,-0.41433043,-0.15816203,-0.98314432,-0.09171661,-0.42404886,-0.01625433,0.90549343,0.18323337,-0.07268398,-0.0778883,
-0.91522984,0.06429859,-0.39776876,-0.02080365,-0.99340947,-0.11271552,-0.40239471,-0.09488556,0.91053568,0.18791582,0.01044989,-0.08273941,
-0.91604198,0.03430877,-0.39961208,0.01525152,-0.99263434,-0.12018431,-0.40079209,-0.11618858,0.90877165,0.13754494,0.06319916,-0.07676912,
-0.91180655,-0.02518524,-0.40984687,0.08848268,-0.98671959,-0.1362175,-0.40097327,-0.16046836,0.9019259,-0.04569436,0.22640942,-0.1116273,
-0.90265416,-0.08296395,-0.42229372,0.16060662,-0.9752922,-0.15169097,-0.39927499,-0.2047477,0.89367658,-0.2321219,0.20074116,-0.05201086,
-0.89647203,-0.11125856,-0.42890499,0.19562141,-0.96790028,-0.15780169,-0.39758045,-0.22536779,0.88946003,-0.25809929,0.1304798,-0.06853581,
-0.88211529,-0.16535138,-0.44105692,0.2615352,-0.95069683,-0.1666569,-0.39175454,-0.26236255,0.88186975,-0.43259478,0.2261443,-0.11343101,
-0.86797014,-0.21096332,-0.44957971,0.31637121,-0.93270347,-0.17312738,-0.38280111,-0.29250353,0.87630187,-0.6182844,0.20398544,-0.04424286,
-0.86143223,-0.22939604,-0.45311356,0.33856595,-0.92439887,-0.1756694,-0.37855981,-0.30473612,0.87397275,-0.74107629,0.12898003,-0.04820511,
-0.85037668,-0.25615592,-0.45961256,0.37156757,-0.9108195,-0.17984841,-0.37255483,-0.32371601,0.86971883,-0.687181,-0.03062522,-0.15628582,
-0.84156966,-0.26721624,-0.46942065,0.3902569,-0.90164203,-0.18638928,-0.3734432,-0.34005424,0.86307779,-0.77152455,0.10558795,-0.23262767,
-0.84531211,-0.2588347,-0.4673882,0.38013119,-0.90609625,-0.18571362,-0.37542964,-0.33465485,0.86432557,-1.01220644,0.15864645,-0.35890844,
-0.85554525,-0.23407328,-0.46179183,0.34916835,-0.91944367,-0.1808437,-0.38226098,-0.31596311,0.86835698,1.32814372,0.64357203,-0.6381948,
-0.84812033,-0.1395805,-0.5110859,0.26627936,-0.9462789,-0.18344249,-0.45802491,-0.29167298,0.83972616,0.03190284,-0.28565308,0.23158668,
-0.82871615,-0.0902403,-0.55234576,0.23068062,-0.95425888,-0.1902,-0.50991725,-0.28503732,0.81162681,-0.5585022,-0.08567887,0.32439461,
-0.82753995,-0.0673334,-0.55735404,0.20964731,-0.95802514,-0.19553898,-0.52079297,-0.27866413,0.80692066,-0.68170834,-0.08692705,0.06912974,
-0.84619647,-0.0409624,-0.53129425,0.17605027,-0.96254557,-0.20618508,-0.5029491,-0.26800759,0.82171414,0.14936769,0.04182648,-0.13223962,
-0.84375006,-0.00371518,-0.53672312,0.14125112,-0.96626401,-0.21536395,-0.51781621,-0.25752613,0.81581042,-0.03282001,-0.00765234,0.02802276,
-0.83748745,0.0056659,-0.54642708,0.13519981,-0.96670987,-0.21723929,-0.52946734,-0.25581203,0.80884147,-0.14006053,0.02173352,0.1182438,
-0.82866055,0.0228229,-0.55928574,0.12241412,-0.96759288,-0.22085855,-0.54620162,-0.25148127,0.79901247,-0.26086521,0.05360961,0.20495264,
-0.8323045,0.04235564,-0.55269787,0.09881539,-0.96976868,-0.22312313,-0.54543969,-0.24032148,0.80295772,-0.04005052,0.01805186,0.08350052,
-0.84112559,0.06645272,-0.53674191,0.06472635,-0.97292167,-0.22188742,-0.53695283,-0.22137652,0.81404798,0.07054118,0.01369858,0.0623185,
-0.84307375,0.07277965,-0.53285037,0.05558548,-0.97370179,-0.22094072,-0.53491742,-0.21588809,0.81685718,0.05809595,0.00684237,0.07291936,
-0.84871298,0.10004798,-0.51930399,0.01649636,-0.97645653,-0.21508245,-0.52859635,-0.19110989,0.82708095,0.03574878,-0.00893223,0.01043953,
-0.84907923,0.10736299,-0.51724046,0.006455,-0.97694795,-0.21338016,-0.52822612,-0.18451544,0.82881314,0.0639712,-0.01531112,-0.00722404,
-0.84841744,0.12254787,-0.51494623,-0.01338134,-0.97748556,-0.21057697,-0.52915834,-0.17176653,0.83095589,0.06513279,-0.0214988,0.00149676,
-0.84610426,0.13815558,-0.51480166,-0.03314597,-0.97759345,-0.20787625,-0.53198595,-0.15882137,0.83172515,0.00599142,-0.00498253,-0.00957449,
-0.84233014,0.16109734,-0.51432265,-0.06284654,-0.9771323,-0.20313294,-0.53528539,-0.13878158,0.8331922,-0.02470541,0.00213027,-0.02681395,
-0.84161438,0.17632925,-0.51048322,-0.08347198,-0.97631211,-0.19961706,-0.53358931,-0.12538955,0.83639698,0.06143712,-0.0102362,-0.00568024,
-0.84094274,0.18423366,-0.50879558,-0.09397039,-0.97569108,-0.19798015,-0.532902,-0.11867828,0.83781316,0.0855098,-0.01314747,0.0080188,
-0.83853057,0.20079522,-0.50650512,-0.11535307,-0.97396741,-0.19514301,-0.53250336,-0.10520649,0.83986412,0.12928855,-0.00283301,0.0236185,
-0.83526159,0.21854116,-0.50455708,-0.13799921,-0.97157049,-0.19237208,-0.53225399,-0.09105253,0.84167401,0.10700457,0.02029824,0.06270784,
-0.83332316,0.2278665,-0.50363578,-0.14989432,-0.97009781,-0.19089666,-0.53207502,-0.0835865,0.84256124,0.09650086,0.00436616,0.06475034,
-0.82889275,0.24773157,-0.50156292,-0.17490661,-0.96641547,-0.18827709,-0.53136048,-0.06833488,0.84438518,0.12456279,0.05793368,0.08833776,
-0.82386505,0.26914881,-0.49880399,-0.20191245,-0.96169123,-0.1854224,-0.52960161,-0.05204829,0.84664817,0.13008197,0.10898411,0.10838906,
-0.82148218,0.28038568,-0.49653865,-0.21652011,-0.95892176,-0.18326978,-0.52752801,-0.04304227,0.84844654,0.19167084,0.13649164,0.12984663,
-0.81678891,0.30401262,-0.49033882,-0.24815273,-0.95239045,-0.17712308,-0.52084168,-0.02299325,0.85334357,0.37479162,0.25044438,0.17837124,
-0.80577595,0.34322939,-0.48261679,-0.30211242,-0.93914652,-0.16349981,-0.50936575,0.01406032,0.86043528,0.42653331,0.35032734,0.1327824,
-0.79591266,0.37133453,-0.4781561,-0.34208266,-0.92747968,-0.15086561,-0.4995018,0.04349305,0.86522036,0.50099128,0.35600802,0.08779688,
-0.77610838,0.41542555,-0.47442305,-0.40608943,-0.90482663,-0.12798428,-0.48243859,0.09332851,0.87094362,0.84446394,0.34893927,0.24287613,
-0.74120176,0.48364006,-0.46552359,-0.50250575,-0.85956481,-0.09293156,-0.44509313,0.16504725,0.88014289,0.97901744,0.15257333,0.45611411,
-0.73163909,0.5021438,-0.46103801,-0.52735398,-0.84548442,-0.08398867,-0.43197479,0.18168083,0.88339678,0.88354325,0.34605524,0.43598223,
-0.71854001,0.53857089,-0.44004712,-0.57637106,-0.81522488,-0.05660921,-0.38922547,0.21295445,0.89618855,0.98946464,0.49227437,0.38090912,
-0.70104221,0.59492519,-0.39319656,-0.64924455,-0.76054902,0.00681103,-0.29499327,0.26005557,0.9194292,1.048159,-0.04106783,0.249273,
-0.68399546,0.65339412,-0.32438586,-0.71321609,-0.69237658,0.1092581,-0.15320859,0.30608928,0.93959378,0.09962435,-0.3687174,0.20576781,
-0.68109663,0.66357106,-0.30948454,-0.72129984,-0.68072007,0.12785374,-0.12583232,0.31031192,0.94226999,-0.02789969,-0.17773084,-0.10373224,
-0.67927075,0.68424294,-0.26533515,-0.73195254,-0.657889,0.17727788,-0.05325995,0.31463243,0.94771821,0.21322018,-0.80637378,-0.1363126,
-0.68632846,0.67880961,-0.26109484,-0.72432449,-0.67035829,0.16116314,-0.06562803,0.29972827,0.95176464,0.11872111,-1.04986024,-0.16925184,
-0.70730989,0.653722,-0.2689989,-0.69688583,-0.70866455,0.11020355,-0.11858748,0.26540956,0.95681491,-0.16674671,-0.4642342,0.02196081,
-0.76019206,0.58946656,-0.27319781,-0.61974316,-0.78412708,0.03260327,-0.19500329,0.19409723,0.96140521,0.08848129,-0.52609557,-0.06195465,
-0.77800151,0.56542932,-0.27386685,-0.59157628,-0.80608409,0.01629864,-0.21154402,0.17469351,0.9616295,0.10626598,-0.51456064,-0.05757771,
-0.85704904,0.44176292,-0.26516385,-0.44895329,-0.89281537,-0.03634633,-0.25279891,0.08789561,0.96351807,0.02080422,-0.25050631,-0.00634398,
-0.87689736,0.40389827,-0.26060927,-0.40626907,-0.91253108,-0.0472487,-0.25689773,0.06444522,0.96428749,0.02497132,-0.26513222,-0.04748475,
-0.94579646,0.22561765,-0.2335926,-0.2104171,-0.97360608,-0.08840592,-0.24737314,-0.03446214,0.96830723,0.05026048,0.03551077,-0.12609011,
-0.95760569,0.17567308,-0.22832141,-0.15606241,-0.98252641,-0.10142363,-0.24214917,-0.06149145,0.96828848,-0.00548491,0.10385918,-0.10844521,
-0.97242042,0.07138588,-0.22204121,-0.04299501,-0.99055912,-0.13016823,-0.22923715,-0.1170316,0.96630944,-0.17434429,0.31030831,-0.10249245,
-0.9738087,-0.03515697,-0.22463532,0.07258451,-0.98434703,-0.16060152,-0.2154728,-0.17270016,0.96111713,-0.20458113,0.48915097,-0.10677464,
-0.96930054,-0.08780932,-0.22966408,0.12994187,-0.97590252,-0.17529686,-0.2087371,-0.19975836,0.95735334,-0.28819132,0.49908647,-0.11015502,
-0.95213454,-0.18681663,-0.24194828,0.23806487,-0.94967448,-0.20357578,-0.19174081,-0.25143097,0.94869274,-0.54694462,0.63390964,-0.02673952,
-0.92924361,-0.2713072,-0.25079596,0.32900514,-0.9164974,-0.22756981,-0.16811253,-0.29398096,0.94091092,-0.9790988,0.64523298,-0.08174726,
-0.91824442,-0.30693286,-0.2502379,0.36567272,-0.89973323,-0.23825026,-0.15202056,-0.31027721,0.93841238,-1.01425231,0.34903011,-0.09074724,
-0.89899967,-0.35881095,-0.25110657,0.41967678,-0.8697101,-0.25976135,-0.12518468,-0.33890893,0.93245351,-0.864977,0.15288185,-0.35632434,
-0.88169778,-0.38623537,-0.27098205,0.4548383,-0.84848114,-0.27055846,-0.12542391,-0.3618038,0.92377857,-0.75686687,0.05259823,-0.32668918,
-0.87531965,-0.39130697,-0.28406757,0.46473876,-0.84304324,-0.27073233,-0.13354179,-0.36899453,0.91978782,-0.89364976,-0.08251464,-0.2945053,
-0.86993886,-0.38481721,-0.30841901,0.46706561,-0.84363904,-0.26480762,-0.15829177,-0.37441832,0.91364908,-1.27235985,-0.21625589,-0.15682718,
-0.876668,-0.35860679,-0.3207081,0.44497243,-0.85783127,-0.25714658,-0.18289902,-0.36813856,0.91160404,-1.19975352,-0.35580847,-0.05339488,
-0.88297639,-0.33828914,-0.32544253,0.42630527,-0.86811252,-0.25425215,-0.19651004,-0.36323657,0.91073761,-0.81134415,0.0789386,-0.14539394,
-0.89112789,-0.30006019,-0.34037429,0.39265016,-0.88589207,-0.24702387,-0.2274129,-0.35377793,0.90726211,1.66296983,1.01004231,-0.5382027,
-0.89292124,-0.29155197,-0.34305778,0.38081085,-0.89557188,-0.23007309,-0.24015471,-0.33607735,0.91070177,0.16092896,0.02685582,-0.88258618,
-0.89292124,-0.29155197,-0.34305778,0.38081085,-0.89557188,-0.23007309,-0.24015471,-0.33607735,0.91070177,0.16092896,0.02685582,-0.88258618,
-0.89043894,-0.24024244,-0.38652545,0.34244445,-0.91308754,-0.22136574,-0.29975016,-0.32947619,0.89531853,-0.60281116,0.22648869,-0.3153241,
-0.87824766,-0.18738567,-0.43996321,0.30519755,-0.92792903,-0.21401432,-0.36815143,-0.32223327,0.87214118,-0.39438373,0.1593859,0.0594262,
-0.86695443,-0.15657367,-0.47315356,0.28616863,-0.93365816,-0.21538227,-0.40804059,-0.32212837,0.85424596,-0.68070441,-0.22299795,0.74581128,
-0.83726778,-0.10676526,-0.53626801,0.25657155,-0.9427893,-0.21288229,-0.48285944,-0.31583067,0.81676049,-0.81351334,-0.50312018,0.52667862,
-0.82506821,-0.07523081,-0.56000277,0.23384309,-0.94770039,-0.2172136,-0.51437359,-0.31016876,0.79950934,-1.47542453,0.09928202,0.07544553,
-0.834721765,-0.0665793423,-0.54663187,0.220226601,-0.950185812,-0.220560147,-0.504717202,-0.304489286,0.807803678,-1.0217253,0.0,0.000123858437,-0.0549090207
-0.86624262,-0.05569931,-0.49650887,0.19059648,-0.95545455,-0.22534269,-0.46184029,-0.28983432,0.83827179,-0.08945796,0.02683759,-0.03041496,
-0.88716249,-0.04601209,-0.45915737,0.1678113,-0.95905994,-0.22812995,-0.42986273,-0.27944014,0.85856347,0.47389463,-0.06550544,-0.25764161,
-0.87358753,-0.0212317,-0.48620367,0.15416558,-0.95966949,-0.2350902,-0.46160347,-0.28032774,0.84162853,0.07973166,0.06628703,0.16270263,
-0.85733318,-0.00335465,-0.51475091,0.14725668,-0.95978737,-0.23900548,-0.49324966,-0.28070785,0.82335161,-0.58093041,0.0842688,0.214186,
-0.85720465,0.00248857,-0.51496972,0.14140793,-0.9604122,-0.24002499,-0.49518057,-0.27857136,0.82291809,-0.62471843,0.05430269,0.20927429,
-0.8706697,0.01033818,-0.49175951,0.12451944,-0.962579,-0.24070021,-0.47584578,-0.27080399,0.83680105,0.03855141,-0.02194786,0.14626853,
-0.88564893,0.01870428,-0.46397826,0.10582276,-0.96476624,-0.24088862,-0.45213628,-0.26244225,0.85246515,0.35895956,0.01597714,-0.02259626,
-0.89018775,0.02392183,-0.45496533,0.09702493,-0.96575814,-0.24061857,-0.44514252,-0.25833869,0.85738512,0.25763604,0.024068,-0.03326644,
-0.8956469,0.03577096,-0.4433246,0.07993005,-0.9675868,-0.239555,-0.43752423,-0.2499917,0.8637573,0.07299969,-0.00540072,-0.00613579,
-0.90086701,0.04881852,-0.43134081,0.06150566,-0.9692768,-0.23815759,-0.42971525,-0.24107828,0.87018735,0.09649801,0.00925124,0.06336384,
-0.90086701,0.04881852,-0.43134081,0.06150566,-0.9692768,-0.23815759,-0.42971525,-0.24107828,0.87018735,0.09649801,0.00925124,0.06336384,
-0.91053655,0.08521319,-0.4045512,0.0119944,-0.97267125,-0.23187613,-0.41325428,-0.21598407,0.88463087,0.09622036,-0.00836575,-0.03283418,
-0.91244174,0.11112022,-0.39383042,-0.02013459,-0.97344997,-0.2280127,-0.40871102,-0.20011868,0.89045371,0.11079612,-0.01174426,0.0081287,
-0.91249796,0.13943234,-0.38458547,-0.0546883,-0.97326025,-0.22309992,-0.40540912,-0.1825459,0.89572341,0.0694215,-0.01717216,0.01586398,
-0.911881049,0.159455197,-0.37821571,-0.079046809,-0.972429305,-0.219392306,-0.402771256,-0.170162928,0.89934415,0.0775787234,-0.000669181289,0.028999513,
-0.9107798,0.19074301,-0.36619295,-0.11782044,-0.97008442,-0.21226063,-0.3957253,-0.15017768,0.9060067,0.07302957,0.03252375,0.04969513,
-0.90783177,0.23360859,-0.34823602,-0.17197252,-0.96481175,-0.19890589,-0.38244837,-0.12068607,0.91606119,0.08258037,0.05398953,0.01401004,
-0.90667998,0.24461096,-0.34365194,-0.18598663,-0.96304896,-0.19479589,-0.3786029,-0.11270289,0.91867181,0.12153237,0.07051634,0.03042412,
-0.90359266,0.26759839,-0.33453124,-0.21537321,-0.95880372,-0.18522838,-0.37031666,-0.09532196,0.92400178,0.21295048,0.11903619,0.08631407,
-0.89767265,0.29142938,-0.33053325,-0.2449855,-0.95353134,-0.17538409,-0.36628598,-0.07646168,0.92735547,0.25467882,0.20554136,0.12226433,
-0.87342951,0.35642088,-0.33179032,-0.32568941,-0.93412094,-0.14609668,-0.36200424,-0.01954457,0.93197153,0.36847836,0.23860835,0.1015792,
-0.8672855,0.37061862,-0.33235145,-0.34360824,-0.92876305,-0.13904087,-0.36020692,-0.00638944,0.93285055,0.47012588,0.29093692,0.07474323,
-0.85333942,0.40021763,-0.33412263,-0.38155487,-0.91614106,-0.12288899,-0.35528576,0.02262011,0.93448401,0.75613618,0.31189081,0.15538374,
-0.82886204,0.45153145,-0.3303131,-0.44649068,-0.88965076,-0.09574588,-0.33709564,0.06812159,0.93900265,1.13776171,0.14764224,0.11359522,
-0.80999084,0.4915071,-0.31989908,-0.49581119,-0.86526881,-0.07403348,-0.31318671,0.0986431,0.94455472,1.07347572,0.08430576,0.00223014,
-0.7905286,0.53260384,-0.30232015,-0.54528539,-0.83684936,-0.04844363,-0.27879772,0.12655469,0.95197465,1.22658861,0.23024546,-0.00407127,
-0.75697672,0.59289576,-0.27470144,-0.61706806,-0.78690723,0.00201014,-0.21497275,0.17103112,0.96152747,0.81111169,0.55920357,0.36499372,
-0.71662802,0.65424961,-0.24166507,-0.68431563,-0.72651121,0.06240076,-0.13474667,0.2100933,0.96835125,0.524234,-0.19375525,0.20671175,
-0.68425781,0.70366388,-0.19143654,-0.72877419,-0.66921801,0.14503442,-0.02605732,0.23875499,0.97073017,-0.25365275,-0.18358956,0.02688571,
-0.68175301,0.7091963,-0.17959296,-0.73157676,-0.66186266,0.16350366,-0.00290967,0.24285512,0.97005821,-0.30765992,-0.28710398,0.08892962,
-0.69299807,0.70657407,-0.14320132,-0.71954217,-0.66551299,0.19837184,0.04486205,0.24051071,0.9696092,0.09234584,-1.08698976,-0.24208054,
-0.69299807,0.70657407,-0.14320132,-0.71954217,-0.66551299,0.19837184,0.04486205,0.24051071,0.9696092,0.09234584,-1.08698976,-0.24208054,
-0.73555821,0.66303766,-0.13905099,-0.6774202,-0.71758629,0.16177695,0.00748312,0.21319231,0.9769816,-0.00330689,-0.64695591,0.03219014,
-0.75039512,0.64612524,-0.13938785,-0.66094965,-0.73578493,0.14753212,-0.00723527,0.20283577,0.97918604,0.02197772,-0.55075377,0.02178596,
-0.81773651,0.55551158,-0.15071185,-0.57026224,-0.81745094,0.08108705,-0.07815474,0.15225311,0.98524658,0.16684632,-0.43286666,0.04008882,
-0.83590627,0.52637002,-0.1555475,-0.54025343,-0.83907313,0.06389227,-0.09688477,0.13744303,0.98575999,0.1859443,-0.35936418,0.07104437,
-0.90667482,0.38384915,-0.17492991,-0.39019717,-0.92072894,0.00206327,-0.16027106,0.07012787,0.98457873,0.03649996,-0.03253519,0.15987636,
-0.95268346,0.25060126,-0.17202629,-0.25030424,-0.96787516,-0.02377559,-0.17245818,0.0204083,0.9848054,-0.05785756,0.1647682,0.15465999,
-0.97423406,0.15295719,-0.16574726,-0.14854515,-0.98814534,-0.03877101,-0.16971268,-0.01315108,0.98540583,-0.0274976,0.22409044,0.11528097,
-0.98131731,0.10246713,-0.16283905,-0.09612612,-0.99428813,-0.04637478,-0.16666085,-0.02985529,0.98556219,0.01554365,0.26816913,0.10436016,
-0.98570065,0.00326771,-0.16847325,0.00790957,-0.99781247,-0.06563077,-0.1683192,-0.06602485,0.98351887,0.0069177,0.37677798,0.03816053,
-0.97690069,-0.08964315,-0.19398234,0.10868548,-0.99000816,-0.0898405,-0.18399051,-0.10884831,0.97688256,-0.09381484,0.46321437,0.04451628,
-0.96805115,-0.13300891,-0.21256897,0.15725943,-0.98232685,-0.10150565,-0.19531105,-0.13169113,0.97185958,-0.16808084,0.4876506,0.02929138,
-0.91482436,-0.27909361,-0.2918957,0.32868451,-0.93450879,-0.13660073,-0.23465471,-0.22090728,0.9466452,-0.49409211,0.41293809,0.14907292,
-0.90028084,-0.3091178,-0.30649636,0.36453824,-0.92018736,-0.14271133,-0.23791954,-0.24020998,0.94111287,-0.49331775,0.35909125,0.1088268,
-0.90028084,-0.3091178,-0.30649636,0.36453824,-0.92018736,-0.14271133,-0.23791954,-0.24020998,0.94111287,-0.49331775,0.35909125,0.1088268,
-0.82879977,-0.40710024,-0.38387537,0.49570194,-0.85243654,-0.16622721,-0.25955826,-0.32805684,0.90829963,-0.44535938,0.04657364,-0.11092281,
-0.80108128,-0.42181993,-0.42466007,0.52664982,-0.83388122,-0.1651712,-0.28444367,-0.35596278,0.89015856,-0.32939911,0.10150623,-0.18335941,
-0.80108128,-0.42181993,-0.42466007,0.52664982,-0.83388122,-0.1651712,-0.28444367,-0.35596278,0.89015856,-0.32939911,0.10150623,-0.18335941,
-0.75244977,-0.42232705,-0.5054295,0.55295748,-0.82197176,-0.13638267,-0.35785074,-0.38210216,0.85202158,-0.37621686,-0.15737967,-0.10954751,
-0.68288271,-0.38821787,-0.61883598,0.5451902,-0.83467637,-0.0779927,-0.48624965,-0.3906432,0.78163876,-0.53347743,-0.32220873,-0.0438371,
-0.66545545,-0.37522434,-0.64527172,0.53605336,-0.84180654,-0.06331183,-0.51943786,-0.3880313,0.76132516,-0.51336652,-0.34511474,-0.03618662,
-0.62942147,-0.34482825,-0.69636359,0.51052939,-0.85910493,-0.0360365,-0.58582293,-0.37819621,0.71678389,-0.62487972,-0.38499555,-0.0418074,
-0.57380404,-0.29470948,-0.76413029,0.46006405,-0.88788044,-0.00303592,-0.6775617,-0.35329092,0.64505476,-0.56337553,-0.35271683,0.01867506,
-0.49579023,-0.24442013,-0.83333713,0.39711747,-0.91718325,0.03274915,-0.77232745,-0.31469603,0.55179407,1.21369672,0.70746964,0.51851213,
-0.45869537,-0.18381534,-0.86937362,0.31415093,-0.94873344,0.03484369,-0.83120862,-0.25713189,0.49292538,-0.98641908,0.80809397,-1.31809449,
-0.44832057,-0.14703783,-0.8816963,0.27727949,-0.96059719,0.01920618,-0.84977913,-0.23586579,0.47142623,-0.97442973,-0.15482424,-0.54075664,
-0.40963676,-0.05242382,-0.91074121,0.17158878,-0.98495578,-0.02048213,-0.89596601,-0.1646632,0.41246935,-1.57737768,0.49714872,-1.42710507,
-0.40909914,-0.03663295,-0.91175408,0.15359221,-0.98770155,-0.02923161,-0.89947035,-0.15199698,0.40969481,-0.8787716,0.2800934,-1.13359773,
-0.42924666,-0.01660142,-0.90303456,0.12238156,-0.99167889,-0.03994156,-0.8948574,-0.12765958,0.42770684,-0.16565961,-0.24666695,-0.04104952,
-0.436747366,-0.000696414108,-0.899583903,0.103530799,-0.993393947,-0.0494950964,-0.893606769,-0.114751496,0.433934345,-0.121220611,0.080851905,-0.165599614,
-0.42438934,0.02206315,-0.90521106,0.08220518,-0.99463603,-0.06278293,-0.90174062,-0.10105744,0.42029907,-0.12793607,0.02360499,-0.20695262,
-0.41523115,0.04163451,-0.90876254,0.06852326,-0.99468262,-0.07688051,-0.90713138,-0.09419457,0.41017058,-0.23905183,-0.03834158,-0.1921695,
-0.41943549,0.05183006,-0.90630435,0.06336889,-0.99426166,-0.08618717,-0.90557071,-0.09358145,0.41374416,-0.05553684,0.00390148,-0.06847648,
-0.42414636,0.06095084,-0.90354011,0.06051474,-0.99359465,-0.09543299,-0.90356943,-0.09515506,0.41774126,-0.04256968,-0.01018047,-0.02904911,
-0.42404787,0.06560921,-0.9032601,0.05979628,-0.99316763,-0.10021192,-0.90366353,-0.09650625,0.41722746,-0.11811566,0.03025329,-0.03826782,
-0.4245694,0.07422833,-0.90234753,0.05911695,-0.99223416,-0.10943802,-0.90346339,-0.09980806,0.41688402,-0.12765533,0.01166665,-0.0374092,
-0.43052052,0.09009311,-0.89807303,0.06208789,-0.98969262,-0.12904809,-0.90044269,-0.11131732,0.42048943,-0.07981347,0.00681543,0.13345209,
-0.43287786,0.09479549,-0.89645438,0.06342774,-0.98878774,-0.13518712,-0.8992183,-0.11537959,0.42201178,-0.06362437,0.01495838,0.03698666,
-0.4363064,0.1000505,-0.89421843,0.06370109,-0.98787084,-0.14160988,-0.89754046,-0.11874799,0.42464106,0.07007246,-0.03370404,0.16292688,
-0.42021765,0.1096859,-0.90076965,0.05935334,-0.98721935,-0.14790171,-0.90548006,-0.11561462,0.40833693,0.07870377,0.04311382,0.02519722,
-0.412224,0.11419018,-0.90389816,0.05562276,-0.98710953,-0.15006918,-0.90938297,-0.11213944,0.40055876,0.04755919,-0.02549583,-0.00792212,
-0.40800072,0.11652591,-0.90551483,0.05343046,-0.98707409,-0.15109567,-0.9114168,-0.11002922,0.39650092,0.02094511,-0.03097522,0.02654963,
-0.3847214,0.12511976,-0.91451312,0.0438725,-0.9871714,-0.15351705,-0.92198937,-0.0991833,0.37429689,-0.05960675,0.02967644,0.06269734,
-0.36841575,0.12917397,-0.92064326,0.03529836,-0.98764209,-0.15269988,-0.92899082,-0.08875423,0.35930318,-0.00735056,-0.0086084,0.00739258,
-0.35413134,0.13114816,-0.92595407,0.0306721,-0.98795648,-0.15166048,-0.93469247,-0.0821087,0.34584397,-0.04089867,0.01957369,-0.04574155,
-0.33131773,0.13262525,-0.93415146,0.02567856,-0.9884372,-0.1494399,-0.94316967,-0.07349976,0.32408129,-0.05133572,0.01308703,-0.04094457,
-0.33131773,0.13262525,-0.93415146,0.02567856,-0.9884372,-0.1494399,-0.94316967,-0.07349976,0.32408129,-0.05133572,0.01308703,-0.04094457,
-0.305505228,0.132154882,-0.942974735,0.0236600582,-0.988962195,-0.146265288,-0.951896248,-0.0669956711,0.299006618,-0.00068276003,-0.0214323979,-0.060761895,
-0.28789543,0.13072608,-0.9486976,0.02343692,-0.98938101,-0.1434443,-0.95737513,-0.06353149,0.28177424,0.01764536,-0.00499225,0.0234646,
-0.26660788,0.12882914,-0.95515606,0.02378857,-0.98984462,-0.14014785,-0.96351136,-0.06008634,0.26083591,-0.04296757,0.01394892,0.05703907,
-0.26660788,0.12882914,-0.95515606,0.02378857,-0.98984462,-0.14014785,-0.96351136,-0.06008634,0.26083591,-0.04296757,0.01394892,0.05703907,
-0.23169397,0.12454275,-0.96478334,0.02458649,-0.99070412,-0.13379332,-0.97247791,-0.05471975,0.22647822,-0.03006737,0.00775611,0.01623025,
-0.2102523,0.12002201,-0.97025171,0.02419889,-0.9914924,-0.12789341,-0.97734747,-0.05036892,0.20555946,-0.00388633,0.03906464,0.09759917,
-0.17476188,0.1103454,-0.97840806,0.02170117,-0.99302737,-0.1158704,-0.98437162,-0.04148232,0.17114856,-0.0410689,-0.01085579,0.03928284,
-0.15212084,0.10282935,-0.98299813,0.01801785,-0.99411926,-0.10678101,-0.98819763,-0.03395514,0.14937354,-0.09917917,0.02718103,0.032238,
-0.12575802,0.08885337,-0.98807395,0.00981545,-0.99582095,-0.09079929,-0.99201245,-0.02111712,0.12436021,-0.0222872,0.1067115,0.03783116,
-0.10729668,0.07682287,-0.99125448,0.00334373,-0.99697656,-0.07762828,-0.99422131,-0.01164375,0.10671563,-0.03432911,0.21168874,0.04851883,
-0.0975212717,0.0697690778,-0.992784788,-0.000140601686,-0.997540478,-0.0700894857,-0.995233309,-0.00669563701,0.0972914668,-0.0235028751,0.248586163,0.0707313195,
-0.07786174,0.05228808,-0.99559201,-0.00814901,-0.99862366,-0.05181,-0.99693084,0.00407907,0.07818072,0.05590598,0.3306596,0.22086962,
-0.03419938,0.01600925,-0.99928677,-0.02508069,-0.99957049,-0.01515544,-0.99910025,0.0245445,0.03458626,0.1595477,0.30598912,0.34659693,
0.01424397,-0.01599833,-0.99977052,-0.04083386,-0.99904711,0.01540498,-0.99906438,0.04060507,-0.01488359,0.10110578,0.25070938,0.36818567,
0.08244816,-0.05454681,-0.99510147,-0.06026334,-0.99694668,0.0496549,-0.99477164,0.05587419,-0.08548357,0.11180014,0.18206047,0.2618067,
0.21802844,-0.12342615,-0.96810615,-0.09763323,-0.98975269,0.10419782,-0.97104649,0.07180125,-0.22784466,-0.04261196,0.05347991,0.25602186,
0.33604538,-0.17206684,-0.92599489,-0.13206994,-0.98206515,0.13455728,-0.93254011,0.07707873,-0.35274334,-0.4240137,0.07150053,0.20792377,
0.400926181,-0.197202757,-0.894633528,-0.153934399,-0.977173154,0.146411845,-0.903084867,0.0790145553,-0.422130472,-0.547621191,-9.29832386e-05,0.203488097,
0.66535089,-0.30336807,-0.68211146,-0.27448187,-0.94911866,0.15438167,-0.69423911,0.08450923,-0.71476601,-1.39364362,-0.6765241,-0.17701033,
0.7245677,-0.3271628,-0.60660213,-0.30708322,-0.94120567,0.14082527,-0.61701016,0.0842399,-0.78243343,-1.29716563,-0.59048808,-0.66884589,
0.81223441,-0.36717532,-0.45327422,-0.36178038,-0.9266297,0.10233345,-0.45759173,0.08086698,-0.88547735,-0.78805184,-0.10285168,-1.17663527,
0.81223441,-0.36717532,-0.45327422,-0.36178038,-0.9266297,0.10233345,-0.45759173,0.08086698,-0.88547735,-0.78805184,-0.10285168,-1.17663527,
0.87439948,-0.43421334,-0.21652785,-0.42892529,-0.9003528,0.07340035,-0.22682291,0.02869305,-0.97351309,-0.36764401,-0.08389562,-0.55369633,
0.87937006,-0.44401433,-0.17192899,-0.43477614,-0.896008,0.09021893,-0.19410824,-0.00458521,-0.98096945,-0.36362475,-0.16413395,-0.40035552,
0.88897391,-0.43938814,-0.12908689,-0.42613069,-0.89689722,0.11826928,-0.16774383,-0.05013041,-0.984555,-0.2514272,-0.33519045,-0.14234577,
0.89954325,-0.42378337,-0.10596983,-0.41000134,-0.90278141,0.12994085,-0.15073437,-0.07343964,-0.98584267,-0.25806874,-0.3826721,-0.03516074,
0.90617075,-0.4125791,-0.09291423,-0.39957592,-0.90722152,0.13148348,-0.13854114,-0.08202019,-0.98695427,-0.26873779,-0.39745435,0.04234696,
0.92126871,-0.38397721,-0.06185025,-0.37451757,-0.91873323,0.12516252,-0.10488344,-0.09214431,-0.9902064,-0.29728761,-0.34505561,0.06915698,
0.94433963,-0.328968,-0.00164404,-0.32730873,-0.94005489,0.09573736,-0.03304001,-0.08987047,-0.99540519,-0.25298369,-0.21032403,-0.0357601,
0.95760787,-0.28496671,0.04220363,-0.28736758,-0.95520997,0.07066753,0.02017543,-0.07979974,-0.99660678,-0.15714636,-0.11075663,-0.09423432,
0.97351678,-0.2070256,0.09698184,-0.21153321,-0.97660625,0.03865312,0.08671088,-0.05814434,-0.99453536,-0.07094909,-0.03889787,-0.09584854,
0.9813268,-0.14749345,0.12346418,-0.15135926,-0.98822303,0.02248811,0.11869329,-0.04075563,-0.99209424,-0.0343257,0.03219699,-0.08116549,
0.98600861,-0.0837413,0.14413334,-0.0857029,-0.99629277,0.00744399,0.14297566,-0.01969248,-0.98953012,0.05609607,0.10426532,-0.05302944,
0.986891211,-0.0506705501,0.153226083,-0.0511928425,-0.99868863,-0.00053735298,0.153052377,-0.00731376985,-0.988191001,0.0881332606,0.158964857,-0.0482523069,
0.97939247,0.08960182,0.18100251,0.09678642,-0.99481478,-0.03124089,0.17726473,0.04811568,-0.98298635,0.0822684,0.03680932,0.07616043,
0.95845996,0.19066861,0.21213202,0.20672021,-0.97679357,-0.05604615,0.19652294,0.09756996,-0.97563258,0.39314795,0.19432794,0.01015197,
