0,1,2,3,4,5,6,7,8,9,10,11
0.94861979,-0.13589059,-0.28575205,-0.17832357,-0.97560667,-0.12803229,-0.26138323,0.17241029,-0.94971229,0.00352201,0.00293922,0.008629
0.94851862,-0.1355535,-0.28624754,-0.17854516,-0.97533793,-0.12975799,-0.26159899,0.17418599,-0.9493286,-0.00437819,0.00225019,0.00589234
0.948508366,-0.135334125,-0.286385319,-0.178582879,-0.975216267,-0.130618796,-0.261610458,0.175036537,-0.949169143,0.000438145536,0.00563549995,-0.000730137457
0.948516996,-0.134923722,-0.286550323,-0.178714793,-0.974936218,-0.132514118,-0.261489046,0.176902679,-0.94885643,-0.00720457966,-0.000406742096,-0.00959591661
0.948549639,-0.13453121,-0.286626811,-0.178831475,-0.974663823,-0.134348229,-0.261290793,0.178693863,-0.948575426,-0.00670326781,0.000160694122,-0.0106465053
0.94854964,-0.13439162,-0.28669228,-0.17895869,-0.97451089,-0.13528467,-0.26120368,0.17963031,-0.94842249,,,
0.94861658,-0.13409732,-0.28660861,-0.17914919,-0.97421744,-0.13713455,-0.26082974,0.18143381,-0.94818224,-0.00387653,0.00582099,0.00748916
0.948664602,-0.133900971,-0.286541426,-0.179330196,-0.97398015,-0.138574313,-0.260530497,0.182846082,-0.947992969,-0.00694335904,0.000712394714,0.00364564219
0.9486646,-0.13380812,-0.28658482,-0.17941462,-0.97387602,-0.13919711,-0.26047239,0.18346888,-0.94788884,-0.00701985,-0.00272352,-0.00291302
0.94861658,-0.1335863,-0.28684715,-0.17961377,-0.97364356,-0.14055973,-0.26051004,0.18485899,-0.94760836,,,
0.948577118,-0.133233101,-0.28714176,-0.179690046,-0.973429262,-0.14193987,-0.260601107,0.186237429,-0.947313386,-0.00510236621,-0.00189769268,0.000494926237
0.94854792,-0.13309933,-0.28730019,-0.17972923,-0.97334526,-0.14246482,-0.26068033,0.18677096,-0.94718646,-0.00568689,-0.00246656,0.00212215
0.94847058,-0.13287095,-0.28766101,-0.17985181,-0.97317108,-0.1434951,-0.26087712,0.18783724,-0.94692121,-0.00679011,-0.00178516,-0.00365711
0.94842759,-0.13271759,-0.28787347,-0.1800695,-0.97295281,-0.14469871,-0.26088325,0.18907348,-0.94667368,-0.00344757,0.00718737,0.00503278
0.94846201,-0.13272317,-0.28775747,-0.18022749,-0.972828,-0.1453379,-0.2606489,0.18970929,-0.94661075,-0.00230281,0.00546169,0.00466242
0.94862171,-0.13271566,-0.28723405,-0.18048397,-0.97257758,-0.14669127,-0.25988917,0.19099566,-0.94656126,,,
0.94874169,-0.13259889,-0.28689151,-0.18059526,-0.97239032,-0.14779239,-0.2593734,0.19202805,-0.94649397,,,
0.94880337,-0.13244625,-0.28675803,-0.18057494,-0.972303,-0.14839076,-0.25916186,0.19257497,-0.94644084,,,
0.94900347,-0.13212726,-0.28624256,-0.18063073,-0.97201707,-0.15018469,-0.25838916,0.19422999,-0.94631381,0.00572713,-0.00183892,0.00492114
0.94922697,-0.13175894,-0.28567067,-0.18073166,-0.97165614,-0.15238161,-0.25749605,0.19627447,-0.94613522,,,
0.94929847,-0.13165354,-0.28548164,-0.18082984,-0.97149557,-0.15328713,-0.25716335,0.19713884,-0.94604614,,,
0.94936623,-0.1317145,-0.28522808,-0.18109969,-0.97129299,-0.15425056,-0.25672294,0.19809499,-0.94596623,-0.01453144,0.0027405,-0.01394341
0.9494476,-0.13175933,-0.28493636,-0.18122372,-0.9711871,-0.15476952,-0.25633418,0.19858278,-0.94596918,-0.00331225,0.00441563,0.00426064
0.94948136,-0.13181299,-0.28479902,-0.1813377,-0.97111358,-0.15509667,-0.25612845,0.19890619,-0.94595691,0.00314582,0.00711799,0.01054457
0.949543795,-0.131862823,-0.284567713,-0.181536671,-0.970959499,-0.155827859,-0.255755791,0.199624849,-0.945906509,0.0060275225,-0.000471830368,0.00996938441
0.94961988,-0.13177055,-0.28435645,-0.18170318,-0.97074526,-0.15696244,-0.2553547,0.20072313,-0.94578213,,,
0.949672216,-0.131739856,-0.284195876,-0.181813264,-0.970619018,-0.15761596,-0.255081601,0.201354077,-0.945721969,0.00744151324,-0.00248855352,0.000245153904
0.949790495,-0.131627952,-0.283852215,-0.181918696,-0.970420575,-0.158709769,-0.254565484,0.202379063,-0.94564181,0.00481515657,-0.000848054886,-0.0031730216
0.949832822,-0.131459583,-0.283788646,-0.181991221,-0.970249893,-0.159670264,-0.254355682,0.203307096,-0.945499688,-0.000198116526,0.0020942688,-0.00531397155
0.94983282,-0.13139126,-0.28382027,-0.18205243,-0.97016224,-0.16013138,-0.25431186,0.20376821,-0.94541203,0.00335804,0.00368762,0.00375289
0.94980316,-0.13079445,-0.28419496,-0.18210467,-0.96979513,-0.16228222,-0.25438524,0.20588939,-0.94493276,,,
0.949755852,-0.130699776,-0.28439654,-0.182187491,-0.969695738,-0.162781959,-0.254502537,0.206416609,-0.944786067,0.000616947887,0.00808107853,-0.00661795214
0.94974592,-0.13047027,-0.28453508,-0.18223218,-0.96953241,-0.16370258,-0.25450763,0.2073273,-0.94458533,-0.00684457,0.00704801,-0.00838204
0.949920214,-0.130323061,-0.284020203,-0.182130484,-0.969448065,-0.164312082,-0.253929247,0.20781211,-0.944634107,-0.0157283526,-0.00083065033,-0.0146258576
0.950061805,-0.13034562,-0.283535846,-0.18211596,-0.969405832,-0.164577364,-0.253409419,0.207995075,-0.944733464,-0.0142017677,0.000872373581,-0.00981984474
0.95016097,-0.13038822,-0.28318376,-0.1821619,-0.96934573,-0.16488191,-0.25300429,0.20824964,-0.94478625,-0.00230805,0.00436711,-0.0089995
0.95025019,-0.13038346,-0.28288641,-0.1820896,-0.96935946,-0.16487965,-0.25272108,0.20818759,-0.94487547,-0.00620738,0.00224519,-0.0114627
0.95042835,-0.13041911,-0.28227082,-0.18190466,-0.96944718,-0.16456857,-0.25218377,0.20775701,-0.94511392,-0.00551418,0.00310063,-0.01312933
0.95047526,-0.13051331,-0.28206924,-0.18182234,-0.96954722,-0.16406894,-0.2520663,0.20722996,-0.94526087,0.00214776,-0.0026139,-0.01328945
0.95045667,-0.13058604,-0.28209819,-0.18183669,-0.9695866,-0.16382028,-0.25212601,0.20699988,-0.94529538,0.00329715,-0.00506586,-0.00940707
0.950414628,-0.130707835,-0.282183447,-0.181806262,-0.969702173,-0.163169247,-0.2523064,0.206381156,-0.945382633,-0.000546845142,0.00293314457,-0.00846735947
0.95035883,-0.13093753,-0.28226487,-0.18183893,-0.96983418,-0.16234586,-0.25249296,0.20561356,-0.94550002,-0.00619967,0.00243044,-0.01743514
0.95032162,-0.13107187,-0.28232779,-0.18187749,-0.96989727,-0.16192471,-0.25260521,0.20522962,-0.94555336,0.00131026,0.00554228,-0.01648487
0.9500736,-0.13154528,-0.28294169,-0.18200469,-0.97017849,-0.16008757,-0.25344517,0.20359169,-0.94568283,-0.00479568,-0.00338465,-0.01140406
0.94997935,-0.13161814,-0.2832241,-0.18193544,-0.97031751,-0.15932083,-0.25384783,0.20288,-0.94572759,-0.00410216,0.00284541,-0.00854262
0.94968212,-0.13202638,-0.28402974,-0.18171701,-0.97084849,-0.15630674,-0.25511328,0.20005476,-0.94598889,-0.01012355,-0.0038144,-0.00451095
0.94965349,-0.13208722,-0.2840972,-0.18158084,-0.97100098,-0.15551745,-0.25531676,0.1992743,-0.94609898,-0.00553882,0.00507259,-0.00659855
0.94943627,-0.1324639,-0.28464728,-0.18155395,-0.97131793,-0.1535561,-0.25614239,0.19747057,-0.94625382,-0.00097756,0.00163305,-0.00517007
0.94935005,-0.13251073,-0.28491292,-0.18126662,-0.97159877,-0.15211016,-0.25666491,0.196051,-0.9464071,0.00642236,-0.00453645,0.00446512
0.94935882,-0.1324482,-0.2849128,-0.18108198,-0.97170302,-0.15166552,-0.25676282,0.19557758,-0.94647881,0.00958493,0.00543439,0.00404741
0.949291165,-0.132445151,-0.285139559,-0.180759735,-0.971973071,-0.150314131,-0.257239585,0.194233627,-0.946626201,0.000540229026,0.00277531147,-0.0062019513
0.94913303,-0.13250733,-0.28563666,-0.18045464,-0.97229671,-0.14857692,-0.25803608,0.19256372,-0.94675048,-0.00573925,0.00331104,-0.00510805
0.94907515,-0.13252841,-0.28581915,-0.18027171,-0.97246632,-0.14768783,-0.25837662,0.19169196,-0.94683475,-0.00624305,0.00203729,-0.0026928
0.948930112,-0.13250709,-0.286310145,-0.179880896,-0.972798065,-0.14596659,-0.259180422,0.190013824,-0.94695286,-0.00868364051,-0.00227850676,0.000813187798
0.94887878,-0.13232511,-0.28656432,-0.17923628,-0.97319453,-0.14410515,-0.25981417,0.18810104,-0.9471611,-0.00433514,0.00429916,0.00100263
0.94889578,-0.13221325,-0.28655969,-0.17885403,-0.97340846,-0.14313367,-0.26001545,0.1870713,-0.94731005,-0.0099476,-0.00116384,0.00271818
0.94907342,-0.13195929,-0.28608807,-0.17812363,-0.97374221,-0.14176779,-0.25986845,0.18550708,-0.94765792,-0.00606958,-0.00316012,0.00665079
0.949322407,-0.131631695,-0.28541208,-0.177463331,-0.973962644,-0.141078592,-0.259410341,0.184579251,-0.947964353,-0.000348809874,0.0070950985,0.00729294028
0.94939729,-0.13155486,-0.28519835,-0.17721338,-0.97407624,-0.14060896,-0.25930714,0.18403473,-0.94809862,-0.00452435,-0.00291187,0.00559401
0.94950952,-0.13146823,-0.28486448,-0.1768123,-0.97427858,-0.13970958,-0.25916998,0.18302312,-0.948332,-0.00487544,0.00493884,-0.00254048
0.949470114,-0.131497412,-0.284982353,-0.17654099,-0.974497316,-0.138522762,-0.259499113,0.181834286,-0.948470766,0.0035638609,0.000579953194,0.00486546289
0.949507505,-0.131510808,-0.28485154,-0.17636872,-0.97461137,-0.137936688,-0.259479415,0.181210824,-0.948595199,-0.000549155171,-0.0057567358,0.00581278
0.94961127,-0.13158948,-0.28446905,-0.17605922,-0.97483002,-0.1367827,-0.25930981,0.17997379,-0.94887712,0.00146497,-0.00508326,0.00233529
0.949616449,-0.131819787,-0.284345114,-0.17593049,-0.975027615,-0.135534426,-0.259378223,0.178730696,-0.94909338,0.0035901987,-0.00392824411,-0.000951994036
0.94965378,-0.13180989,-0.284225,-0.17577933,-0.97511475,-0.13510329,-0.25934404,0.17826223,-0.94919087,0.00665169,-0.00181699,-0.00097585
0.9497657,-0.13169925,-0.28390213,-0.17539954,-0.97528613,-0.13435607,-0.25919127,0.1774031,-0.94939328,0.00314874,0.00604224,0.00822083
0.949855736,-0.131965967,-0.283476712,-0.175079396,-0.975600563,-0.132476642,-0.259077726,0.175464637,-0.9497843,-0.000863279449,0.00351762772,0.0115017667
0.949871213,-0.132264266,-0.283285788,-0.175050978,-0.975754032,-0.131381393,-0.259040208,0.174384859,-0.949993653,0.000644436572,-0.0044080019,0.00858307444
0.95001374,-0.13250738,-0.28269361,-0.174836,-0.97596636,-0.13008374,-0.25866243,0.17300636,-0.95034851,0.00335238,-0.00648528,0.0134949
0.95033513,-0.13262581,-0.28155557,-0.17458199,-0.9760922,-0.12948212,-0.25765146,0.17220594,-0.95076879,0.00308283,0.00397837,0.00479977
0.950490286,-0.13266765,-0.281011589,-0.174389318,-0.976192288,-0.128984798,-0.257209222,0.171604216,-0.95099711,0.0043169572,0.000886201859,0.00397191755
0.95069224,-0.13282369,-0.28025369,-0.17409451,-0.97639818,-0.12781801,-0.25666196,0.17030622,-0.95137804,0.01064714,0.00366068,0.00251572
0.95087865,-0.13287627,-0.27959557,-0.17364975,-0.97666,-0.12641425,-0.25627242,0.16875632,-0.95175907,0.01512215,0.0045433,0.01043495
0.9510094,-0.13296784,-0.27910692,-0.17341009,-0.97682022,-0.1255037,-0.25594933,0.16775515,-0.95202317,0.00800728,0.00330806,0.00733544
0.95115992,-0.13342289,-0.27837588,-0.17316331,-0.97714024,-0.12333364,-0.25555677,0.16551451,-0.95252058,,,
0.951271839,-0.133745963,-0.277837921,-0.172791133,-0.977490185,-0.121063336,-0.255392086,0.163172069,-0.952969005,-0.000880607869,-0.00652992725,0.00530414144
0.951383607,-0.133875689,-0.277392373,-0.172596466,-0.9776395,-0.12013047,-0.25510721,0.162167104,-0.953216662,-6.05427194e-05,-0.0118941069,0.00792200491
0.95169475,-0.13405407,-0.2762365,-0.17220484,-0.97787936,-0.1187305,-0.25420974,0.16056446,-0.9537274,0.00173799,-0.00712842,0.01594722
0.95199497,-0.13412873,-0.27516369,-0.17174489,-0.9781201,-0.11740738,-0.25339547,0.1590292,-0.95420134,0.00541094,-0.0031147,0.00483418
0.95213739,-0.13410864,-0.27468028,-0.17144497,-0.9782615,-0.11666598,-0.25306324,0.15817459,-0.9544316,0.00795866,0.00175261,0.01067551
0.952398566,-0.134095692,-0.273779663,-0.170818426,-0.978576849,-0.114925411,-0.252503513,0.156221413,-0.954901192,0.00578001235,0.000131607056,0.00772346556
0.95256822,-0.13428181,-0.27309742,-0.17041119,-0.97886198,-0.11309133,-0.25213852,0.15426606,-0.95531594,0.00770321,-0.00231659,0.00427599
0.95263235,-0.13437518,-0.27282763,-0.17024685,-0.97898454,-0.11227401,-0.25200717,0.1534039,-0.9554893,0.00992798,-0.00649345,0.00804363
0.95286072,-0.13436198,-0.27203552,-0.16986321,-0.97915522,-0.11136329,-0.25140197,0.15232252,-0.9558217,0.01308714,-0.00578541,0.00347992
0.953129405,-0.134290751,-0.271127879,-0.169453591,-0.979307251,-0.110646233,-0.250658759,0.151403773,-0.956162584,0.00828242768,0.000449895859,0.00727534061
0.95323399,-0.13432579,-0.27074255,-0.16926353,-0.97941037,-0.11002207,-0.2503893,0.15070362,-0.95634371,0.00548236,-0.00369227,0.00128504
0.9534058,-0.13425435,-0.27017244,-0.16876667,-0.9796379,-0.10875454,-0.25007038,0.14928331,-0.95665012,0.00674892,0.00267923,-0.00278111
0.95345507,-0.13425476,-0.26999828,-0.16844167,-0.97981922,-0.10761598,-0.25010161,0.14808597,-0.95682769,,,
0.953432311,-0.134338486,-0.270037024,-0.168362814,-0.979904524,-0.106961764,-0.250241455,0.147444998,-0.956890236,-0.0030564256,0.000967025757,0.00615330134
0.95340953,-0.13452219,-0.27002602,-0.16819122,-0.98008296,-0.10559069,-0.25044357,0.14608718,-0.95704589,0.00515429,0.00248456,0.01110371
0.95345031,-0.13467542,-0.26980553,-0.16796944,-0.98026183,-0.10427258,-0.25043714,0.14473781,-0.95725231,-0.00732279,0.00334907,0.01774814
0.95351383,-0.13471134,-0.26956306,-0.16785781,-0.98032628,-0.10384844,-0.25027014,0.14426919,-0.95736702,-0.01033549,-0.00159061,0.01998186
0.95406617,-0.13496112,-0.26747567,-0.16741184,-0.98055624,-0.10238303,-0.24845727,0.14245878,-0.95810961,,,
0.95415173,-0.13503408,-0.26713343,-0.16726704,-0.98064851,-0.10173632,-0.24822612,0.14175451,-0.95827423,,,
0.95430009,-0.1352296,-0.26650384,-0.16692985,-0.9808822,-0.10002442,-0.24788257,0.13994076,-0.95862984,0.01126736,-0.00382358,0.00196734
0.95463094,-0.13495532,-0.26545591,-0.16630133,-0.98106361,-0.09928827,-0.24702964,0.13892932,-0.95899693,0.01732761,-0.00552869,0.00343787
0.95477781,-0.13470968,-0.26505215,-0.16596371,-0.98113056,-0.09919059,-0.24668884,0.13869401,-0.9591186,0.0152426,-0.00420785,-0.00105726
0.95526535,-0.13383844,-0.26373355,-0.16474974,-0.98138374,-0.09870889,-0.24561277,0.13774322,-0.95953173,0.00595946,0.01251173,0.00134704
0.955455623,-0.133623284,-0.263152724,-0.164386004,-0.981466899,-0.0984852219,-0.24511585,0.13735689,-0.959713854,-0.0017092491,0.0094897747,0.000471579639
0.955729574,-0.133532641,-0.262202238,-0.163828835,-0.981687436,-0.0972102397,-0.244419911,0.135862989,-0.960104211,-0.00644427259,0.000608921051,0.000898321043
0.95597145,-0.13332468,-0.26142517,-0.1632145,-0.9819014,-0.09607612,-0.24388443,0.1345144,-0.96043023,0.00326394,-0.00684828,-0.00442239
0.95605904,-0.13317595,-0.26118054,-0.16294707,-0.98197636,-0.09576275,-0.24371984,0.13411345,-0.960528,0.00831302,-0.00438726,0.00181924
0.95621647,-0.13297261,-0.26070741,-0.16240547,-0.98216757,-0.0947169,-0.24346361,0.13291017,-0.96076029,0.01326975,-0.00380206,0.00820635
0.95635237,-0.13299563,-0.26019667,-0.16206262,-0.98233572,-0.09355476,-0.24315808,0.13163947,-0.96101272,0.01606885,-0.00853366,0.00724484
0.95635693,-0.1331266,-0.26011292,-0.16202281,-0.98240311,-0.09291213,-0.24316667,0.13100138,-0.96109756,0.01291875,-0.00407237,0.0025932
0.95622558,-0.13349329,-0.26040769,-0.16208401,-0.98252501,-0.09150404,-0.24364195,0.12970643,-0.96115268,0.00967192,0.00902462,-0.00648642
0.95604533,-0.133818045,-0.260902381,-0.16209895,-0.982663407,-0.0899793566,-0.244338396,0.128316348,-0.961162521,0.0136063416,-0.000563025475,-0.0074520628
0.95599279,-0.13400491,-0.26099897,-0.1621681,-0.98270077,-0.08944394,-0.24449802,0.12783347,-0.96118617,0.01303301,-0.0041855,-0.00268666
0.95587386,-0.13420099,-0.2613336,-0.1622246,-0.98275932,-0.08869484,-0.24492517,0.12717582,-0.96116463,0.00866767,-0.00211132,-0.00568693
0.95563,-0.13424228,-0.26220281,-0.16217117,-0.98284357,-0.08785745,-0.24591017,0.12648095,-0.96100503,0.00744806,-0.00887609,-0.0138224
0.95546969,-0.13420135,-0.26280726,-0.16211733,-0.98288488,-0.08749261,-0.2465677,0.12620215,-0.96087308,0.01155421,-0.01584917,-0.01044279
0.95514658,-0.133889268,-0.26413761,-0.161812982,-0.982991301,-0.0868605479,-0.248015266,0.125705449,-0.960565802,0.00831014477,-0.000149488449,-0.00420280453
0.95477301,-0.13375617,-0.26555185,-0.16166756,-0.98308251,-0.08609414,-0.24954378,0.12513149,-0.96024467,0.0077283,-0.0019151,-0.00191721
0.954570031,-0.133764256,-0.266276493,-0.161647523,-0.983127796,-0.0856121182,-0.25033203,0.124765702,-0.960086985,0.00472864974,-0.0039280057,0.000943806954
0.95423039,-0.13370454,-0.26752091,-0.16168283,-0.98314501,-0.08534534,-0.25160089,0.12469267,-0.95976457,,,
0.95385336,-0.13367088,-0.26887891,-0.16185646,-0.98310814,-0.08544512,-0.25291552,0.1250219,-0.9593765,-0.00340035,0.00444853,0.00631143
0.953680528,-0.133717458,-0.269468165,-0.161967138,-0.983095334,-0.0853826109,-0.253495753,0.125072721,-0.959216711,0.000792500796,-0.00129377842,0.0116652111
0.95346146,-0.1337337,-0.27023424,-0.16210352,-0.98306758,-0.08544522,-0.25423157,0.12527464,-0.95899577,-0.00218581,-0.00402629,0.0133272
0.95321374,-0.13371235,-0.27111726,-0.16219088,-0.98305615,-0.08540888,-0.25510328,0.12538566,-0.95874955,-0.00484257,-0.01042086,0.00576146
0.95301644,-0.13374367,-0.27179458,-0.16231437,-0.98303582,-0.08540802,-0.25576104,0.12551142,-0.95855782,-0.00401195,-0.00198746,0.00484209
0.95256101,-0.13394047,-0.27329007,-0.16259632,-0.98302893,-0.08494834,-0.25727407,0.12535444,-0.95817326,-0.0111156,0.00129902,-0.00200332
0.95217826,-0.13427403,-0.27445772,-0.16283653,-0.98307268,-0.08397744,-0.25853592,0.12465323,-0.95792515,-0.01029606,-0.00540191,0.00704306
0.95209528,-0.13439349,-0.27468704,-0.16288399,-0.98309844,-0.08358251,-0.25881149,0.12432064,-0.95789393,-0.00822291,-0.00377053,0.01006489
0.951999201,-0.134587191,-0.274925103,-0.163025917,-0.983103342,-0.0832497149,-0.259075422,0.124073577,-0.957854799,-0.00622078357,-0.000364422798,0.0234321486
0.95200166,-0.13481823,-0.27480336,-0.16322149,-0.98307913,-0.08315084,-0.25894321,0.12401355,-0.95789819,-0.0059305,-0.00508153,0.01773904
0.95199892,-0.13500455,-0.27472138,-0.16337624,-0.9830619,-0.0830521,-0.25885569,0.12394845,-0.9579304,-0.00104604,-0.00444776,0.01651789
0.95195689,-0.13541324,-0.27466585,-0.16381471,-0.9829814,-0.08314048,-0.25873309,0.12414045,-0.9579386,0.00621939,-0.00613475,0.0129308
0.951932909,-0.13579249,-0.274561708,-0.16419941,-0.982914888,-0.0831665378,-0.258577426,0.124251837,-0.957966071,-0.0035882981,-0.00347751379,-0.000216523185
0.95192487,-0.13592273,-0.27452513,-0.16432405,-0.9828957,-0.08314825,-0.25852783,0.12426197,-0.95797824,-0.0063934,-0.00194812,-0.00774408
0.95199181,-0.13604096,-0.2742343,-0.16454733,-0.98281424,-0.08366828,-0.25813906,0.12477604,-0.95801628,-0.00768575,0.001266,-0.00186186
0.95206365,-0.1362041,-0.27390372,-0.16481117,-0.9827255,-0.08418821,-0.25770542,0.12529492,-0.95806518,-0.0018393,-0.00320739,0.00465563
0.952125229,-0.136312082,-0.273635808,-0.164961174,-0.982676377,-0.0844662937,-0.257381721,0.125561777,-0.958117164,-0.000380199286,-0.0038497448,0.00507629197
0.9522481,-0.13650561,-0.27311129,-0.16528217,-0.98256074,-0.08518349,-0.25672041,0.12625624,-0.95820354,-0.00542702,-0.00238252,0.00921397
0.95242503,-0.13654346,-0.27247468,-0.16550529,-0.98243503,-0.08619638,-0.25591907,0.12719159,-0.95829439,0.00250849,-0.0067842,0.00327166
0.95252237,-0.13649155,-0.27216022,-0.16564262,-0.98233414,-0.0870736,-0.25546751,0.12802089,-0.95830405,0.00684053,-0.00521523,0.00408914
0.95265582,-0.13620092,-0.27183855,-0.16584114,-0.98211792,-0.08911227,-0.25484035,0.12997534,-0.95820807,,,
0.95267054,-0.136177913,-0.271798495,-0.16611079,-0.981969767,-0.0902369686,-0.254609605,0.131114763,-0.958114291,0.00534653757,0.00301337242,0.000925470376
0.952708247,-0.136260506,-0.271624866,-0.16628285,-0.981901865,-0.0906566027,-0.254356064,0.131535851,-0.958123788,0.00707521802,-0.00279641151,-0.000164619181
0.95276401,-0.13617905,-0.27147007,-0.16652719,-0.98173737,-0.09197697,-0.25398706,0.1328395,-0.95804154,,,
0.952755625,-0.136197217,-0.271490419,-0.166756643,-0.981625221,-0.0927610707,-0.25386798,0.133651458,-0.95796075,-0.00652044639,0.00244426727,0.000550580327
0.95278832,-0.1362465,-0.27135088,-0.16687708,-0.98157221,-0.09309984,-0.25366602,0.13398668,-0.95796695,,,
0.953323146,-0.135837815,-0.269672146,-0.167044493,-0.981239312,-0.0962575294,-0.251537503,0.136811778,-0.958129106,-0.00526457559,0.000540971756,0.00011886959
0.95350058,-0.13575107,-0.26908786,-0.16705385,-0.98116822,-0.09696194,-0.25085781,0.13740543,-0.95822221,-0.00352246,0.00419831,-0.00104668
0.95380036,-0.135755572,-0.268021052,-0.167149684,-0.981057049,-0.097915526,-0.249651442,0.138191504,-0.958424056,-0.000347275403,-0.00203704834,0.00525736902
0.95400853,-0.13574266,-0.26728574,-0.16725623,-0.98095093,-0.09879687,-0.24878322,0.13895826,-0.95853936,,,
0.95409413,-0.13565004,-0.26702708,-0.16726536,-0.98089359,-0.09934815,-0.24844857,0.13945187,-0.95855437,0.00321245,-0.0044049,0.0029499
0.954287526,-0.135404151,-0.2664602,-0.167341252,-0.980717439,-0.10094742,-0.247653443,0.140922646,-0.958545122,0.0102825407,0.000387430191,0.0025350186
0.95442693,-0.13530237,-0.2660122,-0.16752589,-0.98054201,-0.10233182,-0.24699048,0.14223219,-0.95852234,0.00260111,0.00513315,-0.00804628
0.95440908,-0.13529892,-0.26607799,-0.16761007,-0.98049631,-0.10263331,-0.24700234,0.14255152,-0.95847204,-0.00446631,0.00194764,-0.00296774
0.95428813,-0.13533981,-0.26649073,-0.16781108,-0.98042309,-0.10300488,-0.247333,0.14301643,-0.95831763,-0.00291013,-0.0040794,0.01861059
0.95442744,-0.13530444,-0.26600932,-0.16793392,-0.98030654,-0.10390952,-0.24671127,0.14384609,-0.95835367,0.00987261,0.00273383,0.02407678
0.95458427,-0.13530568,-0.26544535,-0.16794177,-0.98026638,-0.10427356,-0.2460984,0.14411727,-0.95847033,0.00375873,0.01627636,0.01979843
0.95500393,-0.13661673,-0.26325531,-0.16830734,-0.98046936,-0.10174788,-0.24421328,0.14147742,-0.9593457,-0.00429636,-0.01763582,-0.00998684
0.95510132,-0.13699031,-0.26270728,-0.16854029,-0.98045676,-0.10148166,-0.24367115,0.14120203,-0.95952393,-0.00919731,-0.01117897,-0.01473663
0.95535237,-0.13756423,-0.26149173,-0.16900632,-0.98035174,-0.10172117,-0.24236069,0.14137331,-0.95983058,-0.00613833,-0.00227517,-0.01249646
0.9554967,-0.13794941,-0.26076045,-0.16931332,-0.98028949,-0.10180968,-0.24157618,0.14142903,-0.96002003,-0.00264269,-0.01469165,-0.02156879
0.95547046,-0.13786723,-0.26090003,-0.16930599,-0.98026786,-0.10203163,-0.24168509,0.14166014,-0.95995873,0.00241327,-0.01407278,-0.01579127
0.95539643,-0.13740174,-0.2614162,-0.16915945,-0.98018839,-0.10303399,-0.24208005,0.14265933,-0.9597113,0.0148003,-0.00185716,0.00345396
0.95541027,-0.13699838,-0.26157726,-0.16896038,-0.98014309,-0.10378754,-0.24216443,0.14335588,-0.95958607,0.02413915,-0.00166488,0.00798272
0.95545905,-0.13676775,-0.26151976,-0.1688491,-0.98010577,-0.10431914,-0.24204956,0.14383004,-0.95954403,0.02151721,-0.00788212,0.00428649
0.95553013,-0.13618124,-0.26156612,-0.16865898,-0.97996653,-0.10592221,-0.24190146,0.14532734,-0.95935573,0.00443767,-0.00148821,-0.00451724
0.95553041,-0.13575581,-0.26178618,-0.16864313,-0.97980266,-0.10745307,-0.24191143,0.14682312,-0.95912551,,,
0.95555701,-0.13545586,-0.26184442,-0.16859452,-0.97970174,-0.10844343,-0.24184019,0.14776942,-0.95899798,0.00463092,-0.00375253,0.00238596
0.955649823,-0.134810328,-0.261838865,-0.168459728,-0.979491095,-0.110537423,-0.241567249,0.149744373,-0.958760603,0.00409559393,-0.000746369362,0.00576920994
0.955834906,-0.134042142,-0.261557513,-0.168115887,-0.97932904,-0.112478718,-0.241074007,0.15148306,-0.95861149,-0.00644898461,-0.00435316563,-0.000781755662
0.9559141,-0.13363301,-0.26147744,-0.16792536,-0.9792509,-0.11343984,-0.24089273,0.15234743,-0.95852011,-0.00886795,-0.00538373,-0.0049556
0.95607655,-0.13282862,-0.26129332,-0.16761327,-0.97905219,-0.11559804,-0.24046503,0.1543168,-0.95831268,,,
0.95612464,-0.13213134,-0.26147082,-0.16752271,-0.97878515,-0.11796492,-0.2403369,0.15659147,-0.95797559,0.00362632,-0.00358081,-0.00443278
0.95621225,-0.1317392,-0.26134827,-0.16747976,-0.97860916,-0.11947662,-0.24001806,0.15801555,-0.95782171,0.00589918,-0.00707674,0.00738306
0.95635665,-0.13120929,-0.26108632,-0.16740294,-0.97837129,-0.12151338,-0.23949572,0.15991674,-0.9576367,0.00128887,-0.00335908,0.00952396
0.95642656,-0.13090059,-0.26098518,-0.16736366,-0.97823131,-0.12268884,-0.23924388,0.1610223,-0.9575144,0.00527847,-0.00405419,0.01376297
0.956513845,-0.130403454,-0.260914153,-0.167416328,-0.977931567,-0.124984989,-0.23885776,0.163231166,-0.957236744,0.000720406184,-0.0053139925,0.0112073002
0.95657941,-0.13018723,-0.26078174,-0.16761736,-0.97766752,-0.12677079,-0.23845387,0.16497788,-0.95703827,-0.00450475,0.00232601,-0.00342287
0.956601253,-0.130108188,-0.26074106,-0.167690664,-0.977570667,-0.127418166,-0.238314671,0.165612219,-0.956963253,1.52187422e-05,0.00101828575,-0.00847821962
0.95667551,-0.13010064,-0.26047224,-0.16786369,-0.97742059,-0.1283361,-0.2378944,0.16649984,-0.9569135,,,
0.95680622,-0.12993535,-0.26007433,-0.16802076,-0.97718265,-0.12993491,-0.23725699,0.16802041,-0.95680628,0.0064528,0.00240135,0.01295854
0.95684974,-0.12984171,-0.25996099,-0.16810818,-0.97705825,-0.13075566,-0.23701946,0.16881508,-0.95672539,0.00450137,-0.00128317,0.00782203
0.95686279,-0.12981002,-0.25992875,-0.16838118,-0.976842,-0.13201227,-0.23677284,0.17008474,-0.95656132,-0.00577296,0.00234425,-0.00567442
0.956832328,-0.129776795,-0.260057456,-0.168653486,-0.976640088,-0.133154771,-0.236702131,0.171266386,-0.956368119,0.00495319115,-2.37226486e-05,-0.00202129968
0.956849725,-0.129684379,-0.260039538,-0.168657274,-0.976583373,-0.133564478,-0.236629084,0.171658695,-0.956315744,0.00611995719,0.00148952007,-0.000279474538
0.95710144,-0.1294776,-0.25921492,-0.16869451,-0.97635388,-0.13518422,-0.23558222,0.17311315,-0.95631186,0.00556862,-0.00155222,-0.00503087
0.95710574,-0.12948139,-0.25919718,-0.16877233,-0.97629744,-0.13549778,-0.23550905,0.17343101,-0.95627277,,,
0.95699308,-0.12929901,-0.2597037,-0.16885192,-0.97618647,-0.1361943,-0.23590946,0.17418848,-0.95603608,0.00595142,0.00379753,0.00713972
0.95698875,-0.12926369,-0.25973725,-0.16880281,-0.97620602,-0.13611605,-0.23596218,0.17410591,-0.95603826,0.00680941,0.00168872,0.00546742
0.95690624,-0.12936879,-0.25998878,-0.16878469,-0.97630598,-0.13541973,-0.2363095,0.1734661,-0.95606876,,,
0.9568584,-0.12959664,-0.26005135,-0.16889962,-0.97635827,-0.13489745,-0.23642104,0.17300034,-0.95612544,-0.0097174,0.00210786,-0.00444865
0.956849662,-0.129780618,-0.259991741,-0.168975147,-0.97640148,-0.134488068,-0.23640244,0.17261701,-0.956199117,-0.00827467442,0.000699043274,-0.00350063224
0.95677988,-0.13030962,-0.25998393,-0.16922056,-0.97652143,-0.13330306,-0.23650928,0.17153632,-0.95636712,-0.00414609,0.00333333,-0.00234374
0.95669705,-0.13071199,-0.26008677,-0.16933725,-0.97667306,-0.13203874,-0.23676075,0.17036346,-0.95651463,,,
0.95669705,-0.13077535,-0.26005494,-0.16927958,-0.97674689,-0.13156785,-0.23680201,0.16989256,-0.95658846,,,
0.95670135,-0.13092673,-0.25996292,-0.16922306,-0.97686204,-0.13078238,-0.23682501,0.1691114,-0.95672105,0.0011958,-0.00640386,-0.00361972
0.95672739,-0.13107356,-0.25979304,-0.16917166,-0.97696299,-0.13009248,-0.23675653,0.16841266,-0.95686117,0.00637342,0.00148153,0.00761904
0.95672739,-0.13113691,-0.25976107,-0.16911392,-0.97703565,-0.12962088,-0.23679778,0.16794106,-0.95693383,0.00474511,0.0014416,0.00335019
0.956727386,-0.131274205,-0.259691721,-0.168988726,-0.977192486,-0.128598512,-0.23688714,0.166918691,-0.957090672,0.00552770682,-0.000286579132,0.00154656789
0.95667077,-0.13147457,-0.25979891,-0.16896566,-0.97732697,-0.12760189,-0.23713212,0.1659701,-0.95719482,-0.00114585,0.0029794,0.00589274
0.95664902,-0.1315321,-0.25984988,-0.16891211,-0.97740021,-0.12711225,-0.23725799,0.1654936,-0.95724632,-0.00110688,-0.0046373,0.00617167
0.95672739,-0.13155941,-0.25954734,-0.16872838,-0.97751465,-0.12647319,-0.23707264,0.16479337,-0.95741284,,,
0.956844792,-0.131542037,-0.259123017,-0.16850607,-0.977621078,-0.125947474,-0.236756732,0.164175986,-0.957597269,-0.00258401106,0.00035738945,-0.00884574931
0.95692297,-0.13150574,-0.25885259,-0.16838041,-0.97766397,-0.12578059,-0.23653003,0.16394804,-0.95769209,0.00267988,-0.00754178,-0.00285801
0.95704894,-0.13131479,-0.25848356,-0.16807311,-0.97774196,-0.12558718,-0.23623876,0.16363722,-0.9578174,0.00923049,0.00201654,-0.00144203
0.95705775,-0.13128898,-0.25846402,-0.1678531,-0.97787816,-0.12481598,-0.23635944,0.1628401,-0.95792312,-0.00248745,-0.00214994,-0.00888982
0.95705347,-0.13129601,-0.25847631,-0.16776512,-0.97794355,-0.1244217,-0.23643923,0.16244153,-0.95797115,-0.0031837,-0.00327832,-0.00513105
0.957062258,-0.131238696,-0.258472895,-0.167573916,-0.978044457,-0.123886825,-0.236539246,0.16188072,-0.958041618,0.00621502055,0.000602006912,-0.00192641281
0.95706243,-0.13110074,-0.25854228,-0.16729323,-0.97817033,-0.12327286,-0.23673718,0.16123219,-0.95810234,-0.00158182,0.00211859,0.00460214
0.95707978,-0.13112409,-0.25846618,-0.16719129,-0.97824511,-0.12281657,-0.23673902,0.16075854,-0.95818144,0.00231166,0.00471497,0.00256339
0.95711449,-0.13117076,-0.25831395,-0.16698739,-0.978394,-0.12190349,-0.23674264,0.15981076,-0.95833893,,,
0.9570538,-0.13129427,-0.25847596,-0.16695255,-0.9784945,-0.12114015,-0.23701235,0.15909087,-0.95839179,,,
0.95702781,-0.13128533,-0.25857675,-0.16687799,-0.97854866,-0.12080665,-0.23716979,0.15876609,-0.95840691,-0.00154926,-0.0021162,-0.00484942
0.95701916,-0.1312787,-0.25861214,-0.16672063,-0.97865339,-0.12017415,-0.23731534,0.15812495,-0.95847691,,,
0.957036522,-0.131312643,-0.258530622,-0.166608839,-0.978738052,-0.119637883,-0.237323803,0.157571311,-0.958565907,0.00636101048,0.000900745392,0.00058949599
0.95703652,-0.13135487,-0.25850917,-0.16657007,-0.97878322,-0.11932143,-0.23735101,0.15725486,-0.95861108,0.00529024,-0.0035426,-0.00150606
0.957040872,-0.131231182,-0.258555878,-0.166357701,-0.978865378,-0.118943116,-0.237482379,0.156846187,-0.958645489,-0.000387844397,-0.00429016352,-0.00648775138
0.95710593,-0.131015194,-0.258424554,-0.166151589,-0.978882242,-0.119091601,-0.237364447,0.156920932,-0.958662374,0.00582261756,-0.000838041306,-0.00418262184
0.95713626,-0.13087918,-0.25838117,-0.16603341,-0.97888881,-0.11920548,-0.23732488,0.15699579,-0.9586603,0.00451651,0.00304961,-0.00163473
0.95711022,-0.13085983,-0.25848741,-0.16596831,-0.97893076,-0.11895071,-0.23747539,0.15674965,-0.95866321,0.00400587,0.00396812,0.00216586
0.9570104,-0.13100785,-0.25878183,-0.16599037,-0.97901429,-0.11823075,-0.23786192,0.15610335,-0.95867291,0.00323118,-0.00528651,-0.0034528
0.95693221,-0.13111925,-0.25901446,-0.16604716,-0.97905102,-0.1178445,-0.2381367,0.15577782,-0.95865743,0.00843377,-0.00369442,-0.00227527
0.9567536,-0.13107258,-0.25969696,-0.16599933,-0.97911379,-0.11738861,-0.23888649,0.1554215,-0.9585286,0.00408867,-0.00230211,0.00528605
0.95660932,-0.13089295,-0.26031835,-0.16591233,-0.97913171,-0.1173634,-0.23952391,0.15546095,-0.95836327,0.00262691,-0.00434715,0.00237889
0.95649501,-0.13053451,-0.26091769,-0.16574654,-0.97911109,-0.11776875,-0.24009452,0.15589143,-0.95815052,,,
0.95647309,-0.1305504,-0.26099007,-0.1657308,-0.97913489,-0.11759297,-0.24019269,0.15572861,-0.9581524,-0.0064138,0.00507891,-0.00701948
0.95643371,-0.13062766,-0.26109569,-0.16573928,-0.97917555,-0.11724131,-0.24034359,0.15540735,-0.95816664,-0.00780873,0.00633192,-0.00778777
0.95635491,-0.13084648,-0.26127472,-0.16569701,-0.97932302,-0.11606232,-0.24068606,0.15428921,-0.95826124,,,
0.95635091,-0.13114035,-0.26114202,-0.16575278,-0.97941891,-0.11517296,-0.24066358,0.15343078,-0.95840505,0.00123815,-0.00312716,0.00567288
0.95637285,-0.13117774,-0.26104283,-0.16571945,-0.97945013,-0.11495239,-0.2405993,0.15319722,-0.95845821,,,
0.95645609,-0.13119633,-0.26072835,-0.165625,-0.97949548,-0.11470502,-0.24033332,0.15289345,-0.95857382,0.00534263,0.00108242,0.00305774
0.956534786,-0.131148115,-0.26046378,-0.165510166,-0.979525279,-0.114616151,-0.240099133,0.152743737,-0.958656353,0.0116156191,0.000796079636,0.00929283164
0.95653033,-0.13112403,-0.26049226,-0.16545041,-0.97955363,-0.11445747,-0.24015806,0.1525806,-0.95866728,0.00940985,0.00193381,0.00630476
0.95641224,-0.13131383,-0.26083002,-0.16551435,-0.9796292,-0.11371809,-0.24058392,0.15193248,-0.95866368,,,
0.95642119,-0.13153273,-0.26068688,-0.16547636,-0.9797456,-0.11276545,-0.24057448,0.15098878,-0.95881501,0.00542297,-0.00854719,0.00136191
0.95646502,-0.13157521,-0.26050457,-0.16543947,-0.97977518,-0.11256206,-0.24042556,0.15075941,-0.95888841,0.0058708,-0.01187259,0.00183863
0.95655222,-0.13137453,-0.2602856,-0.16522049,-0.9798023,-0.11264925,-0.24022916,0.1507594,-0.95893783,0.00355086,0.00300694,-0.00277312
0.95651692,-0.13126523,-0.26047038,-0.16507418,-0.97985611,-0.11239357,-0.24047016,0.15050329,-0.95891744,-0.00575832,0.00173855,-0.00386054
0.956512443,-0.131241233,-0.260498913,-0.165014324,-0.979884476,-0.112234639,-0.240529038,0.150339881,-0.958928376,-0.00391592085,-0.000119447708,-0.00532993954
0.95660405,-0.13110716,-0.26022991,-0.16481581,-0.97992606,-0.11216288,-0.24030074,0.15018547,-0.95900976,,,
0.95659061,-0.13101378,-0.2603263,-0.16465595,-0.97998902,-0.11184509,-0.24046374,0.14985425,-0.95902048,0.00554317,-0.00178218,-0.00404716
0.9565378,-0.13091273,-0.26057107,-0.16458287,-0.98000534,-0.1118103,-0.24072371,0.14983632,-0.95895814,,,
0.95647136,-0.13068639,-0.26092836,-0.16437941,-0.98005278,-0.11169595,-0.24112643,0.14972523,-0.95887456,0.00483165,0.00137091,0.00365044
0.95651457,-0.1305073,-0.26085957,-0.16413809,-0.98011427,-0.11150976,-0.24111939,0.14947771,-0.9589148,0.00958459,0.00196218,0.00463028
0.95658421,-0.1304107,-0.26065242,-0.16390372,-0.98019979,-0.11110257,-0.24100251,0.14900087,-0.95901845,0.00634325,-0.0015018,0.00415508
