0,1,2,3,4,5,6,7,8,9,10,11
0.97768172,-0.12169948,-0.1712533,-0.14818436,-0.97728949,-0.15148022,-0.14892902,0.1734765,-0.97351202,-0.00673628,0.0049057,0.00138771
0.97759792,-0.12162298,-0.1717852,-0.14825105,-0.97723057,-0.15179541,-0.14941195,0.17386221,-0.97336931,-0.00726826,0.00694227,0.00730152
0.97736257,-0.12164286,-0.17310524,-0.14847284,-0.97723093,-0.15157605,-0.15072567,0.17384619,-0.97316959,-0.01514195,0.00426054,0.01206538
0.97709125,-0.12200109,-0.17438008,-0.14895717,-0.9772581,-0.15092422,-0.15200145,0.1734419,-0.97304328,-0.02381223,-0.00098228,0.00605001
0.97693002,-0.1223089,-0.17506646,-0.14932603,-0.97726245,-0.15053257,-0.15267439,0.17320177,-0.97298093,-0.02397005,-0.00568986,0.00458381
0.9765281,-0.12318605,-0.17668634,-0.15039281,-0.97719521,-0.14990383,-0.15419102,0.17295766,-0.97278488,-0.00627353,-0.00795525,0.00133103
0.976054934,-0.124185469,-0.178590962,-0.151670812,-0.977056611,-0.149519255,-0.15592539,0.173026045,-0.972496234,-0.00018415181,-0.0108702183,0.00681099109
0.97583659,-0.12460813,-0.17948753,-0.15225732,-0.97696228,-0.1495415,-0.15671843,0.17325636,-0.97232804,0.00291778,-0.01214916,0.00706546
0.975446735,-0.12512036,-0.181241725,-0.153162969,-0.976745837,-0.150029095,-0.158255401,0.174104911,-0.971927344,-0.000763531774,-0.00518190861,0.0130884862
0.97509005,-0.1253451,-0.18299727,-0.15384125,-0.97651009,-0.15086745,-0.15978818,0.17526187,-0.97146852,-0.01358117,-0.00501853,0.0169323
0.97491877,-0.12548712,-0.1838107,-0.15419428,-0.97639456,-0.1512531,-0.16049148,0.17580205,-0.97125478,-0.01589045,-0.00333732,0.01362401
0.97465625,-0.12549724,-0.18519085,-0.15466182,-0.97612754,-0.15249575,-0.16163207,0.17727289,-0.97079844,-0.01510473,0.00353837,0.01214293
0.97443166,-0.1253415,-0.1864737,-0.15495557,-0.9758796,-0.15377701,-0.16270127,0.17874033,-0.97035034,-0.00681405,0.00645638,0.00776191
0.97435394,-0.12519196,-0.18697964,-0.15500596,-0.97577177,-0.15441214,-0.16311825,0.17943503,-0.97015257,-0.01073617,0.00437582,0.00186049
0.97434627,-0.1248399,-0.18725475,-0.15491489,-0.97558738,-0.1556624,-0.16325048,0.18067763,-0.96989949,-0.00730197,0.00428462,-0.00626246
0.974402737,-0.124616941,-0.187109392,-0.154870718,-0.975397918,-0.156888725,-0.162955109,0.181850568,-0.969729918,0.000772903441,0.00160086155,-0.00702547655
0.97438901,-0.12461102,-0.18718478,-0.15495534,-0.97531115,-0.15734318,-0.16295672,0.18231875,-0.96964161,0.00416041,0.00258565,-0.00113281
0.97426978,-0.12456274,-0.18783642,-0.15515592,-0.97515813,-0.15809144,-0.16347794,0.18316765,-0.96939373,-0.00614768,0.00312209,-0.00312926
0.97407322,-0.1244697,-0.18891442,-0.15539519,-0.97499725,-0.15884801,-0.16441928,0.18408598,-0.9690607,-0.01339231,-0.00620693,-0.01171997
0.97395135,-0.12439661,-0.18958971,-0.15553784,-0.97489074,-0.15936083,-0.16500532,0.18469807,-0.96884453,-0.00683713,-0.00378126,-0.01262813
0.973678885,-0.123878276,-0.191320673,-0.155590431,-0.974652464,-0.160760653,-0.166556432,0.18629692,-0.968272797,0.00694673741,0.000491857529,-0.0104884254
0.97327545,-0.12322784,-0.19377772,-0.15567813,-0.97438686,-0.16227925,-0.16881715,0.18810936,-0.96753069,0.01776312,0.01163638,-0.01177608
0.97302329,-0.12308433,-0.1951305,-0.15588154,-0.97427488,-0.16275453,-0.17007825,0.1887812,-0.96717873,0.02018904,0.001495,-0.02459243
0.97248691,-0.12332364,-0.19763728,-0.15670398,-0.97405681,-0.16327055,-0.17237481,0.18974902,-0.9665828,0.0262123,-0.01436186,-0.0527546
0.97191139,-0.12382236,-0.20014063,-0.15793555,-0.97363521,-0.16459185,-0.17448385,0.19157802,-0.96584309,0.03359649,-0.02835625,-0.08295856
0.97160371,-0.12396676,-0.20154027,-0.15860269,-0.97329948,-0.16593321,-0.17558879,0.19318615,-0.96532286,0.0309097,-0.02904403,-0.08728979
0.97090357,-0.12419745,-0.2047468,-0.16014482,-0.97242488,-0.16953854,-0.17804464,0.19739472,-0.96402036,0.04100456,-0.01633817,-0.07754757
0.97003406,-0.12410423,-0.20888286,-0.16172816,-0.97138893,-0.17391721,-0.18132267,0.20248786,-0.96235149,0.0585499,-0.00469947,-0.0845036
0.96946453,-0.12380059,-0.21168831,-0.16246441,-0.97084378,-0.17626138,-0.18369497,0.20527097,-0.96131181,0.07284421,-0.00447953,-0.09118874
0.96809233,-0.12274763,-0.21847254,-0.16384652,-0.96969878,-0.18121427,-0.18960894,0.21122811,-0.95886973,0.07670334,-0.0039584,-0.08681315
0.96673307,-0.1213307,-0.22518,-0.16506917,-0.96841749,-0.18686854,-0.19539535,0.21782227,-0.95622917,0.07017708,-0.00405473,-0.0754187
0.96609053,-0.12073662,-0.2282362,-0.16573956,-0.9677715,-0.18960167,-0.19798861,0.22100014,-0.95496571,0.06246031,-0.01141614,-0.0714293
0.96492009,-0.11966043,-0.23368909,-0.16714132,-0.96639677,-0.19529588,-0.20246726,0.22750403,-0.95249585,0.05204268,-0.02772367,-0.05362087
0.96399455,-0.11838804,-0.23811505,-0.16823956,-0.9649655,-0.20133819,-0.20593677,0.23414929,-0.95013903,0.05934172,-0.04597425,-0.0439632
0.9636807,-0.11754237,-0.23979846,-0.16849709,-0.96425755,-0.20448945,-0.20719132,0.23746788,-0.94904193,0.07230076,-0.05524194,-0.04682583
0.9633647,-0.11503344,-0.24227207,-0.16806508,-0.9629096,-0.21108967,-0.20900378,0.24407382,-0.94696622,0.08759438,-0.04107457,-0.02284439
0.96339112,-0.11193031,-0.24361682,-0.16673005,-0.96172008,-0.21747518,-0.20994914,0.2501319,-0.94517473,0.07604643,-0.01296562,-0.01062614
0.96349792,-0.11027946,-0.2439471,-0.16587283,-0.96114842,-0.22063462,-0.21013793,0.2530452,-0.94435687,0.07095487,0.00483871,-0.01047853
0.96464056,-0.10433475,-0.24203894,-0.16179155,-0.95934056,-0.2312774,-0.2080675,0.26225941,-0.94229929,0.02414536,0.06760609,-0.0051485
0.96513821,-0.10317062,-0.24054948,-0.16058862,-0.95913841,-0.23294697,-0.20668702,0.26345553,-0.94226914,0.00898714,0.06066573,-0.00539221
0.96638187,-0.10118371,-0.236364,-0.1580394,-0.95889949,-0.23565945,-0.20280442,0.26509185,-0.94265409,-0.00821329,0.02609849,-0.00742551
0.96784823,-0.09936261,-0.23107763,-0.15533796,-0.95866401,-0.23839692,-0.19783811,0.26662717,-0.94327605,-0.01963117,0.00137305,-0.02267055
0.96859132,-0.09852809,-0.22830478,-0.15399771,-0.95856582,-0.2396585,-0.19523207,0.26728956,-0.94363163,-0.02235907,-0.00934637,-0.02126692
0.97008706,-0.09671095,-0.22266136,-0.15104691,-0.95850779,-0.24175931,-0.19004188,0.26815989,-0.9444439,-0.00600618,-0.02186042,-0.00891412
0.97154594,-0.09468022,-0.21710397,-0.14788112,-0.95849251,-0.24376795,-0.18501258,0.26893734,-0.94522092,-0.00553608,0.00410628,0.01514474
0.97226868,-0.09352992,-0.21434966,-0.14617611,-0.95848858,-0.24481074,-0.18255456,0.26935461,-0.94558027,-0.00463365,0.03054309,0.00845059
0.973814529,-0.0914398032,-0.208144229,-0.142810981,-0.958404972,-0.247112413,-0.176890592,0.270366942,-0.94636729,-0.0203257613,0.0518747568,1.68401748e-05
0.97538334,-0.08963436,-0.2014771,-0.13966201,-0.95815813,-0.24985529,-0.17065129,0.27184339,-0.94708999,-0.03217135,0.05635285,-0.00921017
0.97606645,-0.08891685,-0.19846428,-0.1382834,-0.95810119,-0.25083836,-0.1678451,0.27227922,-0.94746615,-0.03474709,0.03325534,-0.00991005
0.97724876,-0.08698212,-0.19343984,-0.13517475,-0.95823547,-0.25201624,-0.16344004,0.27243074,-0.94819221,-0.04168057,-0.0143407,-0.00224739
0.97866135,-0.08385665,-0.18759003,-0.13063473,-0.9586038,-0.25300841,-0.15860808,0.27211533,-0.94910308,-0.05955901,-0.0393067,0.00997778
0.98147774,-0.07762461,-0.17514528,-0.12150677,-0.95905086,-0.25584605,-0.14811331,0.27238854,-0.95071898,-0.05246503,-0.04224461,0.02958661
0.98341727,-0.0739168,-0.16561033,-0.11550611,-0.95928693,-0.25773302,-0.13981707,0.2725881,-0.95191717,-0.04786827,-0.02450335,0.01982709
0.98429612,-0.07240391,-0.16099323,-0.1128804,-0.95934149,-0.2586919,-0.13571721,0.27280242,-0.95244908,-0.0454559,-0.0170784,0.0195209
0.98680979,-0.06690722,-0.14741053,-0.10446535,-0.95881216,-0.26413288,-0.12366662,0.2760482,-0.95315471,-0.03334661,0.05226612,0.04295924
0.98722219,-0.06527404,-0.14536724,-0.10244168,-0.95873399,-0.26520573,-0.12205752,0.27670865,-0.95317025,-0.03270987,0.06805789,0.05111553
0.98793801,-0.06154278,-0.14209491,-0.09809327,-0.95875725,-0.26676162,-0.11981731,0.2774825,-0.95322967,-0.03559004,0.08236814,0.06044472
0.98862888,-0.05765244,-0.13888534,-0.0934857,-0.95905387,-0.26734885,-0.11778525,0.27729259,-0.95353803,-0.02649663,0.06337738,0.0531785
0.98899004,-0.05571417,-0.13709353,-0.09109314,-0.95930093,-0.26728852,-0.11662223,0.27683396,-0.95381424,-0.02866398,0.04068124,0.04527964
0.98974472,-0.05235304,-0.13290804,-0.08656482,-0.95993681,-0.26651118,-0.11363063,0.27528319,-0.95462433,-0.03914057,-0.01910484,0.03582989
0.99064068,-0.0497213,-0.12711743,-0.08225062,-0.96067104,-0.26522702,-0.10893063,0.27320017,-0.95576941,-0.03922376,-0.06248617,0.01937592
0.99110162,-0.0487166,-0.12387197,-0.08029383,-0.96104528,-0.26447042,-0.10616249,0.27206322,-0.95640518,-0.04338451,-0.0770523,0.01575983
0.99192343,-0.04707761,-0.11777777,-0.0768571,-0.96176924,-0.26285572,-0.1009004,0.2697848,-0.95761969,-0.04835119,-0.08082956,0.01708787
0.99261136,-0.04631501,-0.11214994,-0.07441441,-0.96242068,-0.26116888,-0.09583937,0.26758477,-0.9587562,-0.01461392,-0.07125139,0.02079387
0.99289401,-0.04616943,-0.1096808,-0.07354986,-0.96264167,-0.26059795,-0.09355165,0.26681315,-0.9591969,0.0067904,-0.05185956,0.01654811
0.99330643,-0.0461438,-0.10589189,-0.07248131,-0.96278858,-0.26035434,-0.08993777,0.26628682,-0.95968865,0.03353056,0.00650012,-0.00385383
0.9935057,-0.04651577,-0.10383979,-0.07236535,-0.9625747,-0.26117612,-0.08780476,0.26699437,-0.95968958,0.04467839,0.06751299,-0.01761654
0.99352193,-0.04675354,-0.10357743,-0.07255255,-0.96247825,-0.26147838,-0.08746603,0.26729931,-0.95963534,0.04610563,0.07852769,-0.01968979
0.99342465,-0.04745373,-0.10419022,-0.07338694,-0.962443,-0.2613766,-0.08787386,0.26730417,-0.95959708,0.0282109,0.06879008,0.01891535
0.993222711,-0.0482881898,-0.105720848,-0.0744396819,-0.962854479,-0.259558029,-0.0892601853,0.265668755,-0.959923495,-0.000925857574,0.0263702869,0.0376898386
0.99312376,-0.04882372,-0.10640223,-0.07502185,-0.96315344,-0.25827689,-0.08987164,0.26448341,-0.96019341,-0.0105208,0.00472331,0.04242109
0.99296221,-0.04980031,-0.10745222,-0.07602445,-0.96371103,-0.2558933,-0.09080932,0.26226137,-0.96071467,-0.01749142,-0.03271705,0.04619438
0.99292021,-0.05089807,-0.10732592,-0.07690378,-0.96407027,-0.25427228,-0.09052776,0.26072585,-0.9611591,-0.01322011,-0.06992179,0.04424372
0.99307169,-0.05231512,-0.10522239,-0.07786997,-0.96357576,-0.25584737,-0.08800507,0.26226844,-0.96097358,0.00947995,-0.02069837,0.04626258
0.99316501,-0.05324418,-0.10386681,-0.07863055,-0.96286636,-0.25827387,-0.08625829,0.26467568,-0.9604718,0.01554907,0.03812432,0.02265044
0.99317876,-0.05373676,-0.10348095,-0.07907107,-0.96263143,-0.25901379,-0.08569547,0.26542935,-0.96031411,0.02250398,0.06458843,0.01474469
0.99309911,-0.05435479,-0.10392163,-0.07981369,-0.96249323,-0.25929895,-0.08592976,0.26580393,-0.96018943,0.03936572,0.08569705,-0.0039301
0.99268883,-0.05367107,-0.10811243,-0.0802302,-0.96259101,-0.25880764,-0.09017759,0.26558934,-0.95985938,0.04362326,0.07301593,-0.01690638
0.99228122,-0.05234578,-0.11241841,-0.08001167,-0.96285276,-0.25790087,-0.09474234,0.26490497,-0.95960898,0.0156869,0.03030729,-0.0122812
0.991949052,-0.0501045066,-0.116303978,-0.0786726645,-0.963492527,-0.255915157,-0.099235522,0.263004742,-0.959677354,-0.000508082099,-0.0100308657,0.0111100953
0.99170657,-0.04554089,-0.12018362,-0.0748896,-0.96472058,-0.25239931,-0.10444914,0.25930656,-0.96013028,-0.05754551,-0.06111455,0.03308003
0.99190063,-0.0425256,-0.11968586,-0.07176658,-0.96509937,-0.25185826,-0.10479833,0.25840781,-0.96033459,-0.07217415,-0.03675252,0.0179257
0.99205508,-0.04120226,-0.11886585,-0.0702755,-0.96518235,-0.25196012,-0.10434592,0.25831167,-0.96040956,-0.06555557,-0.01176912,0.01874173
0.99226805,-0.03880843,-0.11788989,-0.06763981,-0.96549488,-0.25148446,-0.10406237,0.25751405,-0.96065471,-0.04514556,0.02873492,0.02991329
0.99226509,-0.03668605,-0.11859229,-0.06550684,-0.96623505,-0.24919671,-0.10544597,0.2550378,-0.96116449,-0.01524196,0.03220868,0.03287295
0.9921849,-0.03552422,-0.11961252,-0.06445617,-0.96672845,-0.24755072,-0.10683879,0.25332586,-0.96146312,-0.00172831,0.03576422,0.03003165
0.99196705,-0.03308124,-0.12209422,-0.06222112,-0.96796486,-0.2432532,-0.11013582,0.24889599,-0.9622476,0.00940007,0.02163696,-0.00197974
0.99181597,-0.02913703,-0.1243065,-0.05816474,-0.96982528,-0.23676067,-0.11365709,0.24205327,-0.96358296,-0.00297617,-0.02310097,-0.0186664
0.9918367,-0.02663929,-0.12470092,-0.05538115,-0.97087884,-0.23308198,-0.11486034,0.23808534,-0.96442858,-0.01390423,-0.03520119,0.00145506
0.99188421,-0.02391555,-0.12487495,-0.05239061,-0.97177232,-0.23002975,-0.11584873,0.23470515,-0.96513858,-0.03427967,-0.03068358,0.01589426
0.99190768,-0.02239447,-0.12497059,-0.05075364,-0.97219092,-0.2286236,-0.11637537,0.23311622,-0.96546024,-0.03678301,-0.0181942,0.02715202
0.99183586,-0.01907997,-0.12608561,-0.04740629,-0.9730501,-0.225668,-0.11838188,0.22980287,-0.9660105,-0.03254819,0.00266492,0.02281239
0.99167468,-0.01573799,-0.12780318,-0.04408464,-0.97402053,-0.22212668,-0.12098711,0.22591156,-0.9666053,-0.01864408,0.02222061,0.00596647
0.99157716,-0.01406548,-0.12875131,-0.04242442,-0.97451587,-0.22026998,-0.122372,0.22387688,-0.96690439,-0.00409322,0.02546382,0.00624067
0.99140292,-0.01079565,-0.13039828,-0.03902882,-0.97562205,-0.21596008,-0.12488798,0.21919274,-0.96765589,0.0169706,0.02560222,0.01003654
0.99126563,-0.00777177,-0.13165127,-0.03572783,-0.97675678,-0.21135103,-0.12694873,0.21420862,-0.96850309,0.03099517,0.03077674,0.00140945
0.99118328,-0.00669105,-0.13232889,-0.03450118,-0.97730513,-0.20900794,-0.12792723,0.21173068,-0.96891935,0.01281034,0.03249061,-0.00486993
0.99090077,-0.00578316,-0.13447016,-0.03344645,-0.97831793,-0.20438996,-0.13037256,0.20702772,-0.96960942,-0.02905399,0.03995514,-0.01589616
0.99037132,-0.00620289,-0.13829744,-0.03397399,-0.97933546,-0.19936854,-0.13420293,0.2021474,-0.97011649,-0.03565489,0.03916502,0.01977472
0.99005718,-0.00634447,-0.14052231,-0.03417764,-0.9798962,-0.19655881,-0.13645022,0.19940719,-0.97037011,-0.04180998,0.03954494,0.05166186
0.98959567,-0.0058086,-0.14375909,-0.03335132,-0.98122994,-0.189934,-0.13995751,0.19275242,-0.97121462,-0.03397741,0.0077343,0.07475188
0.98959943,-0.00401683,-0.14379441,-0.03010459,-0.98325802,-0.17971426,-0.14066514,0.182174,-0.9731525,-0.04576549,-0.07051784,0.01490942
0.98959943,-0.00401683,-0.14379441,-0.03010459,-0.98325802,-0.17971426,-0.14066514,0.182174,-0.9731525,-0.04576549,-0.07051784,0.01490942
0.99018797,-0.0024579,-0.13972023,-0.0267061,-0.98474544,-0.17194118,-0.1371662,0.17398547,-0.97514873,-0.01021706,-0.0897727,-0.01962142
0.99026867,-0.00199471,-0.13915449,-0.0259706,-0.9849812,-0.17069606,-0.1367241,0.17264889,-0.97544783,0.00505796,-0.07815564,-0.00691928
0.990318715,-0.000682685342,-0.13881058,-0.0242831703,-0.985419973,-0.168397435,-0.136671763,0.170137892,-0.975896418,0.0101045249,-0.0602190495,0.000113943825
0.99027424,0.001534,-0.13912072,-0.02169804,-0.98600117,-0.16532067,-0.13742679,0.16673145,-0.97637827,-0.03853689,0.0146054,0.02078935
0.99044756,0.00248163,-0.13786756,-0.02016023,-0.98648778,-0.16258897,-0.13640816,0.16381529,-0.97701438,-0.0572918,0.09820557,0.02841384
0.99078736,0.00299592,-0.13539365,-0.01844828,-0.9874499,-0.15685113,-0.13416436,0.1579039,-0.9782976,0.02145211,0.08089352,-0.01740779
0.99087284,0.00111362,-0.13479534,-0.01974528,-0.98798105,-0.1533087,-0.13334597,0.154571,-0.9789416,0.05047514,0.00691438,-0.08873891
0.99082179,-0.00257017,-0.13515017,-0.02310419,-0.98832662,-0.15058776,-0.13318547,0.15232817,-0.97931493,0.05628277,-0.07312191,-0.10211974
0.99068134,-0.00467032,-0.13612009,-0.02521147,-0.98842901,-0.14957564,-0.13384645,0.15161358,-0.97933592,0.03169812,-0.11282474,-0.08541337
0.99031449,-0.00778897,-0.13862375,-0.02853096,-0.98853401,-0.1482788,-0.13587935,0.15079771,-0.97918178,-0.01818012,-0.12135202,-0.03139003
0.99016663,-0.00834424,-0.13964387,-0.02909198,-0.98867834,-0.14720403,-0.13683455,0.14981903,-0.97919905,-0.04747773,-0.07629943,0.00619019
0.99023094,-0.00783579,-0.13921669,-0.02848519,-0.98873211,-0.14696101,-0.13649645,0.14949096,-0.97929633,-0.05880031,-0.04705369,0.02231171
0.99060186,-0.00652702,-0.1366212,-0.02670681,-0.98886461,-0.14640097,-0.13414433,0.14867379,-0.97974544,-0.03601812,0.00886655,0.02565021
0.99085259,-0.00643076,-0.1347954,-0.02612014,-0.98911395,-0.14481543,-0.13239672,0.14701161,-0.98023409,0.00125714,0.02567708,0.00654135
0.99083599,-0.00712125,-0.13488262,-0.0267187,-0.98920989,-0.14404702,-0.13240146,0.14633087,-0.98033503,0.0102394,0.03316355,-0.01332464
0.99054351,-0.00928096,-0.13688472,-0.02910865,-0.98921178,-0.1435701,-0.13407553,0.14619696,-0.98012746,0.03383667,0.04901707,-0.02765539
0.9899747,-0.01148806,-0.14077681,-0.03179147,-0.98923529,-0.14283851,-0.13762045,0.14588202,-0.97968313,0.03049416,0.03226852,-0.02124573
0.98969953,-0.01256697,-0.14260758,-0.03302909,-0.9893094,-0.14204192,-0.13929799,0.14528902,-0.97953411,0.01555555,0.01599324,-0.022674
0.98935039,-0.01419103,-0.14485999,-0.03483702,-0.98939619,-0.14100149,-0.14132298,0.14454637,-0.97935388,-0.00859177,-0.01088917,-0.00635416
0.98928546,-0.01544948,-0.14517433,-0.03623802,-0.98925057,-0.14166643,-0.14142517,0.14540937,-0.97921107,-0.02416419,-0.02706081,0.03575207
0.98933671,-0.016097,-0.14475412,-0.03687826,-0.98917233,-0.14204991,-0.14090019,0.14587347,-0.97921813,-0.03372034,-0.03095549,0.04836253
0.98981234,-0.01883245,-0.14112717,-0.03904397,-0.98911817,-0.14184855,-0.13692008,0.14591361,-0.97977666,-0.02956253,-0.01056004,0.06609259
0.98991954,-0.01957331,-0.14027182,-0.03959368,-0.98916128,-0.14139256,-0.13598396,0.14552113,-0.97996506,-0.02140158,-0.01773834,0.07421791
0.99010762,-0.02136399,-0.13867398,-0.04107026,-0.98917974,-0.14084215,-0.13416455,0.14514426,-0.98027182,-0.01760604,-0.02288109,0.04370895
0.99034856,-0.02343951,-0.13660278,-0.04294701,-0.98898318,-0.14166063,-0.1317774,0.14616008,-0.98044473,-0.00915866,-0.02736241,0.02107985
0.99048297,-0.02443789,-0.13544841,-0.04392325,-0.98877673,-0.14279684,-0.13043861,0.14738717,-0.98043991,-0.00715069,-0.02368599,0.00534695
0.99068571,-0.02759625,-0.13334269,-0.04753579,-0.9877307,-0.14875473,-0.12760163,0.15370774,-0.97984249,-0.00374667,0.01570439,0.00404138
0.99070527,-0.02836067,-0.13303657,-0.04839961,-0.98751452,-0.14990745,-0.12712409,0.15495302,-0.97970849,-0.0016273,0.00991678,0.00885349
0.9908325,-0.03033386,-0.13164656,-0.0504565,-0.98704137,-0.1523257,-0.12531999,0.15757167,-0.9795232,-0.01008636,0.01524305,-0.01703389
0.99106245,-0.03288008,-0.12928311,-0.05297056,-0.98646502,-0.15517938,-0.12243097,0.16064066,-0.97939011,-0.01246451,0.00387383,-0.03236792
0.99120844,-0.03414626,-0.12782746,-0.05419137,-0.98614424,-0.15678788,-0.12070262,0.16233662,-0.97932492,-0.00767184,-0.00269526,-0.03143196
0.99148565,-0.03654812,-0.12498179,-0.05642162,-0.98560408,-0.1593772,-0.11735763,0.16507188,-0.9792744,-0.00991734,-0.03103548,-0.00623451
0.99181327,-0.03815982,-0.12186169,-0.05781164,-0.98508758,-0.16204905,-0.1138607,0.16776742,-0.97922901,0.00875279,0.00692022,-0.01460777
0.99197527,-0.03864299,-0.12038178,-0.05818569,-0.98485534,-0.16332212,-0.1122474,0.169016,-0.97920061,0.01070035,0.03991532,-0.02357229
0.99237161,-0.03927099,-0.11686049,-0.05841819,-0.98452278,-0.16523448,-0.10856288,0.17080079,-0.9793066,0.01757576,0.06395364,-0.01939524
0.99275638,-0.04042245,-0.11314062,-0.05882552,-0.98464187,-0.16437751,-0.10475845,0.16984237,-0.97988736,0.043441,0.00428152,0.04832273
0.99289998,-0.04131657,-0.11154623,-0.05931384,-0.9848091,-0.16319482,-0.10310911,0.16865237,-0.98026759,0.03349802,-0.01496643,0.05565531
0.99312126,-0.04351278,-0.10870507,-0.06082347,-0.98501402,-0.16139447,-0.10005329,0.1668961,-0.98088497,0.01043687,-0.00147688,0.01428519
0.99312126,-0.04351278,-0.10870507,-0.06082347,-0.98501402,-0.16139447,-0.10005329,0.1668961,-0.98088497,0.01043687,-0.00147688,0.01428519
0.99338251,-0.04764036,-0.10450641,-0.06417552,-0.98485531,-0.16106153,-0.0952507,0.16670246,-0.98139538,0.01028012,-0.03204679,0.02857794
0.99339348,-0.05024634,-0.10317318,-0.06654974,-0.9846716,-0.16122343,-0.09349081,0.16702445,-0.98151023,0.00615775,-0.06622791,0.07035771
0.99337896,-0.05279776,-0.10203254,-0.06897364,-0.98435128,-0.16215826,-0.09187426,0.16812216,-0.9814755,-0.03455696,-0.0210911,0.00952216
0.99343252,-0.05413958,-0.10080048,-0.07020338,-0.98406798,-0.16334537,-0.09035107,0.16934914,-0.98140591,-0.04978363,0.02338791,-0.00548659
0.99365351,-0.0574617,-0.09669981,-0.07297389,-0.98351987,-0.16541955,-0.08560089,0.17142628,-0.98147117,-0.03366069,0.01836467,0.00497489
0.99378902,-0.06106769,-0.0930275,-0.07589922,-0.98331574,-0.16531658,-0.0813799,0.17135052,-0.98184338,-0.03933343,-0.04295105,0.05125784
0.99385422,-0.06287431,-0.09110765,-0.07735789,-0.98319608,-0.16535025,-0.07918043,0.17138194,-0.9820174,-0.04917799,-0.05230463,0.03357155
0.99394926,-0.06633581,-0.08754668,-0.08032714,-0.98260344,-0.1674456,-0.07491603,0.17346481,-0.98198653,-0.01645897,-0.02122205,0.00393051
0.99391701,-0.06964436,-0.08531489,-0.08351463,-0.98161492,-0.17163069,-0.07179327,0.17771171,-0.9814601,0.00638727,0.06047595,-0.02108756
0.99390434,-0.07121393,-0.08415896,-0.08494112,-0.98128891,-0.1727908,-0.07027916,0.17888608,-0.9813563,0.01578816,0.08377838,-0.0387749
0.99392989,-0.07560031,-0.07992481,-0.08838222,-0.98131939,-0.17088131,-0.0655131,0.17690797,-0.98204439,0.06811745,0.00364077,0.02397417
0.99393014,-0.07628063,-0.07927255,-0.08890734,-0.98135262,-0.17041821,-0.06479472,0.17643171,-0.98217786,0.05930686,0.02105165,0.01725152
0.9939331,-0.07772256,-0.07782151,-0.09004473,-0.98132716,-0.16996825,-0.06315798,0.17594449,-0.98237206,0.02976017,0.06409228,0.00320943
0.99393338,-0.07914063,-0.07637541,-0.09104782,-0.98162221,-0.16771446,-0.06169877,0.17365082,-0.98287266,-0.0021864,-0.02531552,0.04790294
0.99388245,-0.08130906,-0.07474292,-0.09260623,-0.98229969,-0.16282255,-0.06018101,0.16874814,-0.98382015,-0.05266907,-0.12382853,0.09625368
0.993738,-0.08379638,-0.07391177,-0.09492181,-0.9820834,-0.16279363,-0.05894602,0.16879005,-0.9838877,-0.05371227,-0.0554958,0.04780862
0.99360228,-0.08557904,-0.07369351,-0.09672873,-0.98167634,-0.16417947,-0.05829286,0.17025738,-0.9836738,-0.04753189,-0.00550473,0.02891414
0.99326172,-0.08999196,-0.07302471,-0.10112213,-0.9808007,-0.16674566,-0.05661692,0.1730065,-0.98329196,-0.03421437,0.0418973,0.00778017
0.99291252,-0.09413722,-0.0725459,-0.10511693,-0.98042604,-0.16647844,-0.05545407,0.17292433,-0.98337271,-0.02947622,-0.04200476,0.05119878
0.99277457,-0.09582128,-0.0722283,-0.10669278,-0.9803526,-0.16590771,-0.05491171,0.17241519,-0.98349257,-0.02984122,-0.08210862,0.05637235
0.99252991,-0.0987935852,-0.07158354,-0.109614152,-0.979724384,-0.167703656,-0.0535641053,0.174297465,-0.983234929,-0.0263681598,0.000275611877,0.0034633805
0.99226805,-0.10205258,-0.07063562,-0.11297832,-0.97830438,-0.17365583,-0.05138112,0.18029342,-0.98226991,-0.03120644,0.12953651,-0.02908956
0.99212509,-0.10379092,-0.07010882,-0.11472489,-0.97765481,-0.17615116,-0.05025933,0.18280721,-0.98186327,-0.02095498,0.13234425,-0.01564347
0.99185806,-0.10681456,-0.06934142,-0.11759813,-0.9771877,-0.17684617,-0.04886985,0.18356072,-0.98179269,-0.03497791,0.00136483,0.03160801
0.99175517,-0.1085595,-0.06809194,-0.11903332,-0.9772147,-0.17573199,-0.04746309,0.18238832,-0.98207993,-0.03303423,-0.06610918,0.01429578
0.99172073,-0.10928312,-0.06743292,-0.11967054,-0.97696701,-0.1766754,-0.04657211,0.18328239,-0.98195641,-0.0328139,-0.04198748,-0.01327313
0.99129317,-0.11327353,-0.06713393,-0.1239585,-0.9747632,-0.18566415,-0.04440884,0.19236943,-0.98031732,0.0124511,0.01061118,0.01704032
0.99117027,-0.11408284,-0.06757663,-0.12485258,-0.97459557,-0.18594527,-0.04464671,0.19274054,-0.98023369,0.00222688,-0.02545524,0.04036535
0.99095464,-0.11528054,-0.0686971,-0.12621938,-0.97453244,-0.1853503,-0.04558028,0.19234464,-0.98026808,-0.03578487,-0.06703871,0.03251848
0.99068691,-0.11656619,-0.07036886,-0.12789392,-0.97396472,-0.18717705,-0.04671829,0.1944336,-0.9798022,-0.06164042,-0.02109092,0.02042552
0.99048656,-0.11749015,-0.07164109,-0.12915766,-0.97337245,-0.18937779,-0.04748345,0.19682915,-0.97928708,-0.05308814,0.03158665,0.02419012
0.99004072,-0.11960065,-0.07426343,-0.13193876,-0.97226545,-0.19311228,-0.0491074,0.20098725,-0.97836235,-0.01912989,0.08468723,0.02568611
0.98965619,-0.12098146,-0.077098,-0.13393904,-0.97172034,-0.1944725,-0.05139014,0.20278735,-0.97787319,0.00420059,0.05349469,0.03668858
0.98951,-0.12115096,-0.07869182,-0.13444109,-0.97161085,-0.19467327,-0.05287298,0.20321056,-0.97770632,0.00270887,0.02734506,0.04536399
0.98934868,-0.12074032,-0.08130786,-0.13458017,-0.97156385,-0.19481255,-0.05547404,0.20367997,-0.97746466,-0.00397408,-0.01174939,0.05441894
0.98926778,-0.12001519,-0.08334036,-0.13434313,-0.97139534,-0.1958127,-0.05745595,0.2049074,-0.97709332,-0.01325468,0.00237274,0.04577068
0.98917889,-0.11989584,-0.08455836,-0.13452959,-0.971192,-0.19669175,-0.05853989,0.20593892,-0.97681216,-0.01122632,0.02812171,0.02762715
0.98882402,-0.12023197,-0.08815518,-0.13569012,-0.97075846,-0.19803092,-0.06176774,0.20777952,-0.97622357,-0.00978323,0.05029559,0.02418359
0.98822907,-0.12061911,-0.09409745,-0.1373131,-0.97053559,-0.19800367,-0.06744191,0.20859379,-0.97567407,-0.03214819,0.02927756,0.02598007
0.987895,-0.1206668,-0.09748324,-0.13802018,-0.97058049,-0.19729135,-0.07080882,0.20835779,-0.97548608,-0.04887278,0.01011825,0.03444972
0.98728644,-0.1202268,-0.10397591,-0.13878513,-0.97090148,-0.19516323,-0.07748653,0.20711232,-0.97524356,-0.06019756,-0.0130555,0.03152467
0.98682201,-0.11929985,-0.10931544,-0.13884406,-0.97123825,-0.19343815,-0.0830942,0.20606683,-0.97500336,-0.03793047,-0.01272213,0.01829263
0.98661959,-0.11875992,-0.11170436,-0.13877488,-0.9713277,-0.19303806,-0.08557637,0.20595689,-0.97481183,-0.02083923,-0.00462121,0.01024442
0.98617722,-0.11772078,-0.11660322,-0.13868134,-0.97153546,-0.19205678,-0.09067512,0.20557271,-0.97443181,0.01525872,0.0186559,-0.01029567
0.98562201,-0.11677854,-0.12211483,-0.13867182,-0.97199215,-0.189741,-0.09653697,0.20394679,-0.97421074,0.02626947,0.01762664,-0.042044
0.98529609,-0.11640424,-0.12506663,-0.13878223,-0.97222458,-0.18846351,-0.09965492,0.20304939,-0.97408392,0.01689826,0.01335096,-0.03632497
0.98460495,-0.11574599,-0.13098073,-0.13908038,-0.97266375,-0.18596078,-0.10587602,0.20131475,-0.97378754,-0.0134001,0.01087165,-0.02780891
0.98401701,-0.11505225,-0.13591729,-0.13916028,-0.97306075,-0.18381203,-0.11110781,0.19978845,-0.97351902,-0.047874,-0.01041788,-0.01853267
0.98381176,-0.11466643,-0.13771719,-0.13903045,-0.97326418,-0.18283174,-0.11307054,0.1990189,-0.97345087,-0.06152649,-0.01830685,-0.01696826
0.98365782,-0.11385739,-0.13947682,-0.13839432,-0.97365827,-0.1812092,-0.11517074,0.19755065,-0.97350379,-0.06484726,-0.03329378,-0.02060977
0.98381002,-0.11241971,-0.13956952,-0.13686116,-0.97407577,-0.18012567,-0.11570162,0.19631109,-0.97369139,-0.04329338,-0.02317268,-0.02462896
0.98393988,-0.11148943,-0.13940021,-0.13583912,-0.97432313,-0.17956063,-0.11580175,0.19561287,-0.97382001,-0.03186371,-0.02468359,-0.03037554
0.98414157,-0.10968717,-0.1394062,-0.1339047,-0.97482291,-0.17829617,-0.11633958,0.19413582,-0.97405138,-0.01427969,-0.01224756,-0.04836541
0.98423215,-0.10837206,-0.13979476,-0.13250408,-0.97527906,-0.17684342,-0.11717401,0.19257835,-0.97426074,0.00388997,-0.01421535,-0.03912981
0.98422885,-0.10800087,-0.14010491,-0.13211271,-0.97545808,-0.17614503,-0.11764269,0.19187666,-0.97434227,0.01088741,-0.01273113,-0.03666005
0.9841489,-0.10791666,-0.14073001,-0.13195346,-0.97577265,-0.17451667,-0.11848724,0.1903202,-0.97454556,0.01367558,-0.02513605,-0.03944921
0.98395024,-0.10848798,-0.14167668,-0.13242214,-0.97611663,-0.17222213,-0.11960894,0.18821914,-0.97481641,0.0089582,-0.01897103,-0.03712938
0.98380608,-0.10888075,-0.14237478,-0.13280322,-0.97626793,-0.17106852,-0.12036985,0.18720608,-0.97491804,0.00482677,-0.02275652,-0.02819702
0.98351714,-0.10978002,-0.14367456,-0.13370389,-0.97647962,-0.1691469,-0.12172634,0.18556873,-0.97506246,0.02091573,-0.00359666,-0.01682615
0.98330706,-0.11075808,-0.14436025,-0.13453364,-0.97673744,-0.16698725,-0.12250687,0.18362105,-0.9753335,0.02401834,0.0083425,-0.01139432
0.98321919,-0.11130257,-0.14453985,-0.13493988,-0.97690909,-0.16564975,-0.12276505,0.1823742,-0.97553492,0.01608152,0.00432193,-0.01360856
0.98299404,-0.1136919,-0.14421117,-0.13653687,-0.9776382,-0.15994177,-0.12280226,0.17691194,-0.97653567,0.00153839,0.01184666,-0.01339985
0.98303221,-0.11426493,-0.14349635,-0.13683531,-0.97778254,-0.15880041,-0.1221629,0.17574129,-0.9768272,0.00367948,0.02089024,-0.01874957
0.98315094,-0.11514747,-0.14196931,-0.13718267,-0.97806976,-0.15671695,-0.12081035,0.17355215,-0.97738644,0.02162965,0.0279156,-0.01872607
0.98333408,-0.11577996,-0.14017523,-0.13726829,-0.97835466,-0.15485426,-0.11921205,0.17151509,-0.9779424,0.03203565,0.03096986,-0.03132078
0.98343559,-0.11606681,-0.13922257,-0.13725701,-0.97852602,-0.15377536,-0.11838472,0.17033744,-0.9782483,0.03479859,0.02133334,-0.03322756
0.98364703,-0.11703147,-0.13690198,-0.13753192,-0.97885944,-0.1513892,-0.11629052,0.16774193,-0.97894774,0.02502128,-0.005768,-0.03787423
0.98389481,-0.1184258,-0.13388925,-0.13807064,-0.97922793,-0.14848936,-0.11352312,0.16458409,-0.97980841,0.0097614,-0.02568257,-0.02675822
0.98405228,-0.11915399,-0.13207358,-0.13831269,-0.97943087,-0.14691662,-0.11185125,0.16284109,-0.98029169,0.00741703,-0.02800554,-0.02565518
0.98442229,-0.12026652,-0.12825257,-0.13853594,-0.97974122,-0.14461916,-0.1082615,0.16013392,-0.98114033,0.00195507,-0.03256017,-0.01345493
0.98483087,-0.12110657,-0.12426325,-0.13859502,-0.97991284,-0.14339532,-0.10440104,0.1584424,-0.98183318,-0.00245364,-0.0132764,-0.00737261
0.98504459,-0.121485638,-0.122181798,-0.138579984,-0.979996491,-0.142835827,-0.102385254,0.157631611,-0.982175718,0.000269438606,0.00329136848,-0.0128310025
0.98546846,-0.1222793,-0.11789693,-0.13851983,-0.98024742,-0.14116562,-0.0983065,0.15544533,-0.98294103,0.01356865,0.01352966,-0.01795743
0.98589587,-0.12293927,-0.11355739,-0.13833626,-0.98051092,-0.13950543,-0.09419354,0.15324693,-0.98368862,0.03699845,0.02363062,-0.01376644
0.98609131,-0.1231852,-0.11157656,-0.13819831,-0.98064506,-0.1386958,-0.09233173,0.15218642,-0.98402956,0.04584638,0.02822185,-0.01864662
0.9864268,-0.12370777,-0.10797483,-0.13797777,-0.98096719,-0.13662172,-0.0890186,0.14966546,-0.98472124,0.05242196,0.01755011,-0.02084026
0.98669937,-0.1245219,-0.10449231,-0.13798616,-0.98140184,-0.13345281,-0.08593117,0.1460963,-0.98553088,0.04486375,-0.01049447,-0.02747345
0.98682734,-0.1250436,-0.10264454,-0.13809037,-0.98161274,-0.13178426,-0.08427842,0.14422253,-0.9859496,0.03673526,-0.02185035,-0.02799127
0.98706028,-0.12617283,-0.09895661,-0.13846219,-0.98191069,-0.12914812,-0.08087159,0.14117873,-0.98667521,0.04107064,-0.02447802,-0.00772767
0.98726337,-0.127063,-0.09573937,-0.13879974,-0.98201398,-0.12799584,-0.07775387,0.13965421,-0.98714274,0.04503153,-0.01171416,0.00418702
0.98733875,-0.12748119,-0.09439672,-0.13899232,-0.98204472,-0.12754946,-0.07644166,0.13905494,-0.98732971,0.04258583,-0.00851554,-0.00363006
0.98745727,-0.12827258,-0.09205591,-0.13933979,-0.98218856,-0.12605643,-0.07424667,0.13730239,-0.9877427,0.03958657,-0.00940794,-0.01724465
0.98749067,-0.12935073,-0.0901697,-0.14000045,-0.98235693,-0.1239945,-0.07254005,0.13506721,-0.98817746,0.02915757,-0.00968617,-0.0237591
0.98748365,-0.12996371,-0.08936149,-0.14042667,-0.98242366,-0.12297916,-0.07180802,0.13398865,-0.98837768,0.02557271,-0.01451904,-0.02216824
0.98740649,-0.1313513,-0.08817749,-0.14153784,-0.98245541,-0.12144369,-0.07067866,0.13239473,-0.98867402,0.0288278,-0.01372904,-0.00375145
0.98728722,-0.13276498,-0.08739225,-0.14278474,-0.98237106,-0.12066393,-0.06983166,0.13160824,-0.98883921,0.03185057,0.00131273,-0.00671975
0.98705081,-0.13452291,-0.08737436,-0.14453025,-0.98211798,-0.12064564,-0.06958232,0.13171161,-0.98884298,0.03490803,0.00968242,-0.0130508
0.98691272,-0.13518213,-0.08791512,-0.1452371,-0.98204988,-0.12035217,-0.07006755,0.13154562,-0.98883098,0.03122368,0.01585281,-0.01545079
0.98682698,-0.13556427,-0.08828841,-0.14562633,-0.98206135,-0.11978397,-0.07046622,0.13106317,-0.98886636,0.03341455,0.01125526,-0.01368395
0.98662838,-0.13641112,-0.08919889,-0.14649352,-0.98209346,-0.11845649,-0.07144287,0.1299396,-0.98894463,0.03105989,0.0026195,-0.01088301
0.986403428,-0.137404646,-0.0901567506,-0.147550442,-0.982029714,-0.117670713,-0.07236811,0.129373463,-0.988951593,0.0227053631,0.000352859497,-0.00129321404
0.98628931,-0.13784407,-0.09073257,-0.14804842,-0.98197848,-0.11747351,-0.0729044,0.12929568,-0.98892248,0.02385513,-0.00213552,-0.00322134
0.98608249,-0.13846265,-0.09202942,-0.14879228,-0.98193121,-0.11692613,-0.07417667,0.12899208,-0.98886735,0.01473909,-0.00675231,-0.00226926
0.985873958,-0.138954925,-0.0935097108,-0.149407588,-0.981942376,-0.116044728,-0.0756961682,0.128376536,-0.988832337,0.0199532881,-0.00283771753,0.000720683485
0.98576744,-0.13922422,-0.09422939,-0.14973481,-0.98194459,-0.11560314,-0.07643329,0.12806723,-0.98881571,0.0220516,-0.00148547,-0.00171701
0.98556509,-0.13968966,-0.09564651,-0.15029357,-0.98199023,-0.11448642,-0.07793136,0.12720887,-0.98880975,0.02616903,0.00421929,0.00173988
0.9853093,-0.14023954,-0.09746001,-0.15094004,-0.98208354,-0.11282245,-0.07989171,0.12587562,-0.98882381,0.00998047,-0.00817251,-0.00150904
0.98516824,-0.140509661,-0.0984914945,-0.151267479,-0.982135038,-0.111933154,-0.081004253,0.125171548,-0.98882279,-0.000923482585,-0.0169845819,-0.00102097285
0.984869636,-0.141105096,-0.100603936,-0.152031797,-0.98214693,-0.110786489,-0.0831753128,0.124405246,-0.98873915,-0.0157379117,-0.0192238688,-0.000210836064
0.984606616,-0.141698939,-0.102328981,-0.152795019,-0.982088391,-0.110253003,-0.0848733873,0.124191196,-0.988621618,-0.020143088,-0.0241905451,-0.000853891484
0.98451349,-0.14186997,-0.10298589,-0.1530459,-0.9820521,-0.11022906,-0.08549933,0.12428357,-0.98855616,-0.02397885,-0.02163708,-0.00166766
0.98436493,-0.14224927,-0.10387895,-0.15359303,-0.98189355,-0.11087849,-0.08622569,0.12509998,-0.98839007,-0.02081069,-0.01246798,-0.00766037
0.98428273,-0.14247004,-0.10435419,-0.15395778,-0.98172713,-0.11184295,-0.08651307,0.12615122,-0.98823143,-0.01784602,0.00270152,-0.00943459
0.98424039,-0.14259659,-0.1045804,-0.15416567,-0.98162566,-0.11244568,-0.08662443,0.12679629,-0.98813913,-0.01474242,0.01124132,-0.00619782
0.9841384,-0.14329101,-0.10459104,-0.15507142,-0.98120222,-0.11486905,-0.08616526,0.12926612,-0.98785913,-0.00130455,0.01698327,-0.02664186
0.98412076,-0.14342924,-0.10456758,-0.15526838,-0.98108729,-0.11558294,-0.08601196,0.12998361,-0.98777839,0.0078797,0.01791155,-0.02779444
0.98402153,-0.14397191,-0.10475553,-0.15591075,-0.98088131,-0.11646328,-0.0859853,0.13093489,-0.98765509,0.01418708,-0.00600874,-0.02290604
0.98384113,-0.14476095,-0.10536078,-0.15681867,-0.98068039,-0.11693574,-0.08639752,0.13156873,-0.98753493,0.00705665,-0.02210045,-0.00889179
0.98357585,-0.14582432,-0.10636644,-0.15804637,-0.98043717,-0.11732077,-0.0871774,0.13220471,-0.98738133,0.00106054,-0.00515652,0.00608048
0.9834737,-0.14622794,-0.10675613,-0.15857038,-0.98025811,-0.1181072,-0.087378,0.13308369,-0.98724549,0.00429722,0.01517189,0.00503111
0.983441186,-0.146321801,-0.106926905,-0.158726734,-0.980178588,-0.118556754,-0.0874600278,0.133565753,-0.987173175,0.005901895,0.0211243629,-0.000502787298
0.98337728,-0.14666931,-0.10703852,-0.15914025,-0.98004017,-0.1191448,-0.08742718,0.13419843,-0.98709022,0.01188851,0.01186764,0.00500784
0.98333118,-0.14720538,-0.10672567,-0.15963019,-0.97996309,-0.11912305,-0.08705167,0.13417405,-0.98712668,,,
0.98330055,-0.14762325,-0.10643028,-0.15998449,-0.97993581,-0.11887126,-0.0867467,0.13391337,-0.98718885,-0.00241307,-0.00779569,0.00233532
0.98323782,-0.14831641,-0.10604538,-0.16057826,-0.97990098,-0.11835686,-0.08635972,0.13340153,-0.9872921,-0.00893376,-0.00567913,0.00116971
0.98318223,-0.14885103,-0.10581143,-0.1610697,-0.97983377,-0.11824378,-0.08607694,0.13329821,-0.98733055,,,
0.98316106,-0.14906906,-0.10570124,-0.16127821,-0.97979143,-0.11831325,-0.08592833,0.13336829,-0.98733436,0.00829003,0.00217056,-0.00229157
0.9831185,-0.14947497,-0.10552361,-0.16171961,-0.97963358,-0.1190141,-0.08558487,0.13407021,-0.98726893,0.01074976,0.00555313,-0.01324742
0.98303991,-0.14989546,-0.10565933,-0.16222784,-0.97945009,-0.11983145,-0.08552585,0.13493998,-0.98715574,0.00120123,-0.00522685,-0.0276934
0.982988261,-0.150187836,-0.105724602,-0.162531196,-0.97939525,-0.119867885,-0.0855434864,0.135012271,-0.987144241,-0.000857974403,-0.0104117393,-0.0287006889
0.98288168,-0.15069296,-0.10599644,-0.16304904,-0.97934108,-0.11960889,-0.08578244,0.134844,-0.98714674,0.00206726,0.00918281,-0.01545702
0.98283276,-0.15113835,-0.10581569,-0.1633818,-0.97940677,-0.11861269,-0.08570967,0.13386479,-0.98728632,0.0103127,0.01304793,0.00425472
0.98283304,-0.15131087,-0.10556626,-0.16347231,-0.97945802,-0.11806163,-0.08553372,0.13329203,-0.98737884,0.01579608,0.00672364,0.00609723
0.982841657,-0.151639678,-0.105012775,-0.163666133,-0.979508569,-0.117371497,-0.0850627506,0.132544632,-0.987520104,0.0064114118,0.000370502472,-0.0012816214
0.98286358,-0.15201618,-0.10426056,-0.16389743,-0.9795306,-0.11686386,-0.08436122,0.13194927,-0.98766001,-0.00677587,-0.00212198,0.00107083
0.98285527,-0.15217408,-0.1041084,-0.16400026,-0.9795612,-0.11646191,-0.08425809,0.13153901,-0.98772348,-0.0140484,-0.00463319,0.00115146
0.98278126,-0.1524429,-0.10441338,-0.16424702,-0.97960535,-0.11574191,-0.08463987,0.13089857,-0.98777608,-0.02024729,-0.00397426,0.0062515
0.98272082,-0.15230801,-0.10517636,-0.16420579,-0.97962269,-0.11565395,-0.08541812,0.13092611,-0.98770546,-0.0247566,-0.00316125,0.00330608
0.98271241,-0.15215617,-0.10547426,-0.16409886,-0.9796337,-0.11571233,-0.0857198,0.13102014,-0.98766685,-0.02427812,-0.00284326,0.00592666
0.98270697,-0.152242918,-0.10539974,-0.164182454,-0.979610237,-0.115792756,-0.0856220343,0.131095137,-0.987665424,-0.0213303026,-0.000542640686,0.00457448699
0.98273699,-0.15286163,-0.10421764,-0.16467786,-0.97947841,-0.1162023,-0.08431607,0.13135863,-0.98774259,-0.00601577,0.00518322,-0.01115993
0.98274946,-0.15332332,-0.10341886,-0.16507076,-0.97935804,-0.11665927,-0.08339751,0.13171826,-0.98777278,0.00405097,0.00551867,-0.01777341
0.98279436,-0.15400468,-0.10196957,-0.16566705,-0.97909834,-0.11798502,-0.08166801,0.13284801,-0.98776583,0.02814555,0.00289798,-0.02957758
0.98281025,-0.1543309,-0.10132118,-0.16601485,-0.97887713,-0.11932428,-0.08076558,0.13409395,-0.98767169,0.03333366,-0.00842911,-0.02334796
0.98282304,-0.15435886,-0.10115437,-0.16606774,-0.97879697,-0.11990786,-0.08050076,0.13464669,-0.98761824,0.02225953,-0.01562011,-0.02231971
0.982804893,-0.154607744,-0.10095043,-0.166327017,-0.97869397,-0.120389297,-0.0801864525,0.135109974,-0.987580668,-0.000812335173,-0.0313757658,-0.0136624882
0.98269653,-0.15545703,-0.10070077,-0.16717878,-0.97848773,-0.12088519,-0.079742,0.13562849,-0.98754562,-0.0174635,-0.031596,-0.00825693
0.98264047,-0.15600993,-0.10039224,-0.16773044,-0.97832628,-0.12142455,-0.07927294,0.13615552,-0.98751061,-0.01638189,-0.02202094,-0.00197178
0.982565557,-0.157116758,-0.0993944028,-0.168829207,-0.977925451,-0.123118117,-0.0778564166,0.137752301,-0.987401762,-0.0112470277,-0.00290590525,-0.000549406512
0.98254916,-0.15791095,-0.09829182,-0.16963907,-0.97750264,-0.12534474,-0.0762872,0.1398315,-0.98723226,-0.00394783,0.01729357,-0.00344623
0.9825744,-0.15816886,-0.09762257,-0.16988587,-0.97731721,-0.12644954,-0.07540785,0.14083078,-0.98715752,0.00245782,0.02597749,-0.00134099
0.98264453,-0.15863887,-0.09614281,-0.17026238,-0.97704475,-0.12803981,-0.07362374,0.14218712,-0.98709791,0.01036461,0.02984405,0.00240587
