0,1,2,3,4,5,6,7,8,9,10,11
-0.08325894,0.41663862,-0.90525139,0.97722685,0.2120566,0.00771942,0.19518069,-0.8839933,-0.42480602,-0.02509027,0.01463687,-0.01094098
-0.08139409,0.41604128,-0.9056957,0.9772792,0.21174578,0.00944055,0.19570492,-0.88434914,-0.42382336,-0.02304304,0.01993597,-0.01560251
-0.079821,0.41504697,-0.90629165,0.97730715,0.21155119,0.01080668,0.19621233,-0.88486273,-0.42251459,-0.02827409,0.0183816,-0.01916241
-0.0792201,0.41467025,-0.90651674,0.97731846,0.21147157,0.01132643,0.1963992,-0.88505833,-0.42201766,-0.02021793,0.01384962,-0.02320656
-0.0785462,0.41430023,-0.90674461,0.97731462,0.21145485,0.01195643,0.19668909,-0.88523565,-0.42151065,-0.01191717,0.00933623,-0.01892789
-0.07855564,0.41437698,-0.90670868,0.97727956,0.21161202,0.01203945,0.1968593,-0.88516213,-0.42158546,-0.0058911,0.00647652,-0.02057821
-0.07872033,0.41451689,-0.90663048,0.97723937,0.21180071,0.01198541,0.19699312,-0.88505151,-0.42175523,-0.00323459,0.00449789,-0.02241467
-0.07935004,0.41504437,-0.90633418,0.9771403,0.21227532,0.0116596,0.1972316,-0.8846905,-0.42240062,-0.00968382,0.00429213,-0.01828369
-0.0801977,0.41563029,-0.90599097,0.97706831,0.2126384,0.01105997,0.19724528,-0.88432814,-0.42315226,-0.01103538,0.00120354,-0.02176974
-0.0806529588,0.415980461,-0.905789994,0.977035724,0.212805319,0.01073332,0.197221832,-0.884123445,-0.423591182,-0.0045390306,-0.000787496567,-0.0226970334
-0.0815337064,0.416688119,-0.905385659,0.977023369,0.212897475,0.00999735761,0.196920076,-0.883767856,-0.424472335,0.000780806411,0.00311028957,-0.0278361645
-0.08234127,0.41712579,-0.90511096,0.97705573,0.21278574,0.00917714,0.19642268,-0.88358826,-0.42507616,0.00765358,0.00191885,-0.01627215
-0.0826214072,0.417338908,-0.904987094,0.977080683,0.212683637,0.00887657242,0.196180388,-0.883512133,-0.425345945,0.0145576401,0.000284612179,-0.0126826204
-0.082964372,0.417627069,-0.90482282,0.977120928,0.212514459,0.00849385325,0.195835127,-0.883416711,-0.425703235,0.0236974005,0.000428676605,-0.00353806722
-0.08323914,0.41840774,-0.90443701,0.97718326,0.2122378,0.00825055,0.19540784,-0.88311389,-0.42652755,0.01542963,-0.00789344,0.00139576
-0.08341707,0.41875391,-0.90426028,0.97722108,0.21207058,0.00806007,0.19514216,-0.8829899,-0.42690544,0.01576153,-0.01077777,0.0010289
-0.08376612,0.41977695,-0.90375361,0.9773849,0.21133268,0.00756941,0.19417015,-0.88268105,-0.42798618,0.01680329,-0.00974953,0.00347331
-0.08368556,0.42129749,-0.90305328,0.97764445,0.21013354,0.00743484,0.19289408,-0.88224281,-0.42946431,0.02229128,0.00142777,0.00236145
-0.0834737,0.42185419,-0.90281291,0.9777667,0.20956087,0.00751684,0.19236526,-0.88211296,-0.42996779,0.01805129,-0.00109136,0.00773911
-0.08286242,0.42289936,-0.90238006,0.97793207,0.20876809,0.00803869,0.19178766,-0.88180036,-0.43086584,0.01383609,0.00372112,0.01381072
-0.08217684,0.42366227,-0.90208487,0.97800465,0.20839794,0.00878068,0.19171262,-0.88152168,-0.43146913,0.00918835,-0.00232917,0.00657927
-0.08180793,0.42398498,-0.90196671,0.97802862,0.20826743,0.0091928,0.19174781,-0.88139732,-0.43170732,0.01465135,-0.00669944,-0.00341442
-0.08121303,0.42421155,-0.90191403,0.97805215,0.20812839,0.00982336,0.19188107,-0.8813212,-0.43180374,0.01374699,-0.00779295,-0.01008262
-0.08071944,0.42374196,-0.90217918,0.97804313,0.2081502,0.01025847,0.19213577,-0.88154203,-0.43123972,0.01284391,0.01421273,-0.00772051
-0.08044129,0.42348924,-0.90232252,0.97802659,0.20821383,0.01053117,0.19233582,-0.88164832,-0.4309327,0.01915095,0.0206039,-0.01876382
-0.07978069,0.42263166,-0.90278319,0.97797017,0.20844626,0.01115753,0.19289729,-0.88200488,-0.42995114,0.03161324,0.01453817,-0.03083163
-0.07882694,0.42084147,-0.90370276,0.97791983,0.20864334,0.0118615,0.19354334,-0.88281388,-0.42799591,0.04327199,0.00360715,-0.03294489
-0.07833717,0.41960697,-0.90431911,0.97791499,0.20865196,0.01210256,0.19376619,-0.88339922,-0.4266851,0.05228934,-0.00820065,-0.03130087
-0.07740258,0.41649087,-0.90583888,0.97795286,0.20846398,0.01228386,0.19395086,-0.88491697,-0.42344407,0.06576096,-0.01105362,-0.0323393
-0.0765531,0.41308212,-0.90747041,0.97802946,0.20810752,0.01222536,0.19390142,-0.886597,-0.41993771,0.09142455,-0.00783825,-0.03732587
-0.07618618,0.41114861,-0.90837904,0.97807795,0.20788941,0.0120626,0.1938019,-0.88754651,-0.41797369,0.09725907,-0.0147711,-0.03689805
-0.07571228,0.40708647,-0.91024631,0.97816526,0.20751341,0.01144398,0.19354704,-0.88950484,-0.41390917,0.0907917,-0.01635623,-0.01816836
-0.07561467,0.40386874,-0.9116865,0.97825974,0.20711138,0.0106121,0.19310648,-0.89106385,-0.41074915,0.08463459,-0.01701176,-0.01991356
-0.0756881,0.40285473,-0.91212895,0.97833062,0.20679934,0.01015427,0.19271831,-0.89159519,-0.40977733,0.08550891,-0.01672167,-0.02519634
-0.07594473,0.40198968,-0.91248924,0.97848075,0.20612516,0.00936962,0.19185346,-0.89214162,-0.40899326,0.09019943,-0.03645653,-0.02955719
-0.07657695,0.40120905,-0.91277997,0.97865929,0.2053281,0.00814737,0.19068818,-0.89267669,-0.40837037,0.09889531,-0.02718103,-0.03229353
-0.07691585,0.40053433,-0.91304782,0.9787628,0.20486207,0.00741691,0.19001963,-0.89308671,-0.40778527,0.09940815,-0.01721895,-0.03648968
-0.0773826357,0.398113902,-0.914066356,0.978979844,0.203871286,0.00591640545,0.188707305,-0.894394689,-0.405521595,0.100840554,0.000472664833,-0.0399030112
-0.0782723852,0.39176424,-0.916730117,0.979327994,0.202258894,0.00281805486,0.186520796,-0.897558934,-0.39949695,0.0848729759,0.0190587044,-0.000140255317
-0.0788327311,0.388115817,-0.918232903,0.979595188,0.20097925,0.000848540155,0.184875144,-0.899429578,-0.396040163,0.0866099596,0.0193591118,0.0123458458
-0.0794472432,0.386584866,-0.918825385,0.979945904,0.199261344,-0.000895382404,0.182740176,-0.900470387,-0.394662978,0.0931283534,0.00962376595,0.0252292342
-0.07972606,0.38658183,-0.91880264,0.98017611,0.19812107,-0.00169301,0.18137969,-0.90072336,-0.3947137,0.09057164,0.00654018,0.02949437
-0.08024595,0.38801292,-0.9181538,0.98070916,0.19544745,-0.00311701,0.17824133,-0.90069204,-0.39621166,0.08704818,-0.00614065,0.03105905
-0.08061369,0.39081553,-0.91693214,0.98136098,0.19212303,-0.00439131,0.17444755,-0.90019547,-0.39901883,0.06989469,-0.01134801,0.05188738
-0.08058028,0.3926516,-0.91615046,0.98175423,0.19009187,-0.00487919,0.17223698,-0.8998277,-0.40080505,0.05184846,0.00525832,0.0598903
-0.08003296,0.39743552,-0.91413332,0.9826707,0.18527888,-0.00548021,0.16719157,-0.89873062,-0.40537666,0.02177476,0.04203832,0.06200024
-0.07830063,0.40379882,-0.91149075,0.98379165,0.17924238,-0.00510562,0.16131609,-0.89711682,-0.41128867,0.01059741,0.05221283,0.05321955
-0.07692176,0.40759041,-0.90991931,0.98441092,0.17582746,-0.00445865,0.15817152,-0.89607745,-0.41476141,0.00575167,0.04616427,0.04291601
-0.07378229,0.41550255,-0.90659458,0.9856415,0.16882749,-0.00283994,0.15187806,-0.8937868,-0.42199302,0.00952901,0.01138508,0.02427088
-0.0702400399,0.423401563,-0.903214988,0.986795328,0.161969783,-0.000813068172,0.145949232,-0.891345498,-0.429187418,0.0152482875,-0.0144434571,0.0068793036
-0.0685197666,0.427166812,-0.901572811,0.98732518,0.158710259,0.000160219326,0.143157286,-0.890134569,-0.432627334,0.0167870335,-0.0252931118,0.00772981392
-0.06160298,0.43908211,-0.89633235,0.98915708,0.14680791,0.00393325,0.13331559,-0.88637131,-0.44336492,-0.01254413,-0.02212882,0.01842489
-0.05974714,0.44156959,-0.89523538,0.98955854,0.14404402,0.00500656,0.13116398,-0.88558877,-0.44556513,-0.02841138,-0.01924801,0.01311683
-0.05570867,0.4463819,-0.89310681,0.99026434,0.13898675,0.00769772,0.12756615,-0.88398298,-0.44977885,-0.043713,-0.01300037,0.01956068
-0.04905023,0.45298432,-0.8901681,0.99108829,0.13258452,0.01285777,0.12384687,-0.88160452,-0.45545075,-0.06466134,-0.00541782,0.00827256
-0.04431476,0.45685628,-0.88843604,0.99149581,0.12903696,0.01689878,0.12236142,-0.88013173,-0.45868934,-0.06274202,0.00475109,-0.01004263
-0.03933746,0.45969532,-0.88720498,0.99181316,0.12591413,0.02126527,0.12148715,-0.87910509,-0.46088499,-0.06550984,0.00654137,-0.00133633
-0.03677239,0.46073844,-0.88677381,0.9919431,0.12447747,0.0235408,0.12122947,-0.87876355,-0.46160363,-0.06709372,0.01224935,-0.00273759
-0.03167478,0.46229904,-0.88615805,0.992101,0.12220851,0.02829309,0.12137584,-0.8782622,-0.46251822,-0.06655354,0.00964725,-0.00768852
-0.02664287,0.46317691,-0.88586526,0.99212925,0.12071509,0.03327733,0.12235057,-0.87800625,-0.46274754,-0.06280874,-0.00239605,-0.0103217
-0.02422311,0.46321402,-0.88591534,0.9921012,0.12023993,0.03574273,0.12307892,-0.87805189,-0.46246777,-0.06131958,-0.00408399,-0.00700233
-0.0197828174,0.462790089,-0.886246997,0.991975172,0.119798621,0.0404146749,0.124874592,-0.878335598,-0.461446182,-0.0624074303,-0.000689566135,0.00933617633
-0.01562799,0.46223141,-0.8866216,0.99180318,0.1196312,0.04488656,0.12681557,-0.87865265,-0.46031217,-0.06032315,0.01190126,0.02557448
-0.01368902,0.46208206,-0.88673142,0.99170878,0.11959653,0.04701284,0.12777372,-0.87873585,-0.45988796,-0.05669417,0.01386094,0.02922857
-0.01008746,0.46208303,-0.88677927,0.99151189,0.1195817,0.05103278,0.12962394,-0.87873741,-0.45936709,-0.05714947,0.02998722,0.0564214
-0.00644255,0.46362572,-0.88600764,0.9913237,0.11928531,0.05521056,0.13128467,-0.87796473,-0.46037163,-0.0638153,0.04586613,0.05962477
-0.00463034,0.46500678,-0.885295,0.99123705,0.11900804,0.05732527,0.13201386,-0.87727177,-0.461483,-0.06480747,0.04929709,0.05778059
-0.000618932772,0.469167623,-0.883108801,0.991052708,0.118155534,0.0620775234,0.13346888,-0.87516903,-0.465042932,-0.0590848476,0.0470745564,0.044147484
0.00359595,0.47474969,-0.88011349,0.99082366,0.11722474,0.06728148,0.13511292,-0.87227923,-0.46997168,-0.04209109,0.04631925,0.01693466
0.00555334,0.47766613,-0.87852391,0.99068427,0.11691259,0.06982941,0.13606565,-0.87072759,-0.47256707,-0.04050318,0.04155362,0.01180497
0.00954356,0.48337673,-0.87536038,0.99037881,0.11628814,0.07501216,0.13805314,-0.86765428,-0.47761625,-0.04072033,0.03707135,0.01930728
0.0135159056,0.48919074,-0.87207213,0.990043377,0.115663197,0.0802258678,0.140112425,-0.864473538,-0.482756772,-0.0352511965,0.0423293114,-0.000868025236
0.01541757,0.49197227,-0.87047427,0.98985865,0.11544451,0.08277857,0.14121618,-0.86292278,-0.48520311,-0.02909262,0.03797114,-0.01703445
0.02301902,0.49902141,-0.86628387,0.98893197,0.1156754,0.09291266,0.14657313,-0.85883457,-0.49083549,-0.03029399,0.00390363,-0.0248777
0.02484903,0.49981925,-0.86577323,0.98868654,0.11586059,0.0952643,0.14792394,-0.85834554,-0.49128555,-0.0320023,0.00102359,-0.01803312
0.02807506,0.50103945,-0.86496881,0.98821776,0.11633126,0.09946099,0.15045671,-0.85757,-0.49187004,-0.039397,0.00160325,-0.00865561
0.03099561,0.50235315,-0.86410681,0.98778714,0.11667652,0.10326256,0.15269524,-0.85675428,-0.49260152,-0.0365415,-0.00137448,-0.00678464
0.03464746,0.50540662,-0.86218549,0.98715563,0.11732084,0.10844217,0.15595977,-0.85486846,-0.49485015,-0.02032497,-0.02271408,-0.03147679
0.03609086,0.507244,-0.86104649,0.98683303,0.11784408,0.11078544,0.15766451,-0.85370743,-0.49631206,-0.01767704,-0.03424919,-0.03352821
0.03653031,0.50818186,-0.86047471,0.98669905,0.11813961,0.11166025,0.15839985,-0.85310856,-0.49710688,-0.02025295,-0.04747009,-0.04197774
0.03669498,0.51099448,-0.85880037,0.98621983,0.12021038,0.11366568,0.16131924,-0.85113693,-0.49954177,-0.01905632,-0.03865051,-0.07680614
0.03651328,0.51093679,-0.8588424,0.98608971,0.12102929,0.11392498,0.16215351,-0.85105547,-0.49941031,-0.0238035,-0.03642559,-0.07220566
0.03588287,0.50999355,-0.85942944,0.98584806,0.12285378,0.11406365,0.16375587,-0.85135979,-0.4983678,-0.02928583,-0.03400159,-0.06495894
0.03513721,0.50849978,-0.86034489,0.98561685,0.1247606,0.11399213,0.16530211,-0.85197579,-0.49680221,-0.0321962,-0.03416657,-0.05954961
0.03468823,0.50768646,-0.8608432,0.98551776,0.12568346,0.11383434,0.16598584,-0.85232504,-0.49597426,-0.03178411,-0.03036243,-0.05339111
0.03360906,0.50592735,-0.861921,0.98534045,0.12755097,0.11329088,0.16725577,-0.85309328,-0.49422379,-0.02753732,-0.02683699,-0.04925816
0.03257261,0.50399754,-0.86309059,0.98523347,0.12903888,0.11253371,0.1680889,-0.85401131,-0.49235209,-0.02768991,-0.01923269,-0.04258158
0.03078401,0.50082871,-0.8649988,0.98528184,0.13037634,0.11055174,0.16814286,-0.85567085,-0.48944392,-0.02663139,-0.02198994,-0.02343743
0.02953493,0.49890687,-0.86615221,0.98542729,0.13068573,0.10887759,0.16751352,-0.85674571,-0.48777666,-0.01675894,-0.02081841,-0.02656577
0.02889741,0.49799766,-0.86669674,0.98552583,0.13070321,0.10796049,0.16704411,-0.85727182,-0.48701256,-0.02218641,-0.01709318,-0.03028295
0.02889741,0.49799766,-0.86669674,0.98552583,0.13070321,0.10796049,0.16704411,-0.85727182,-0.48701256,-0.02218641,-0.01709318,-0.03028295
0.02587272,0.49436751,-0.86886784,0.98613687,0.12988486,0.10326641,0.16390432,-0.85949441,-0.48415355,-0.02368665,-0.01288247,-0.00535928
0.02507147,0.49373912,-0.86924853,0.98634216,0.12937636,0.10193534,0.16278964,-0.85993218,-0.48375204,-0.02113635,-0.0188995,-0.00243765
0.02332581,0.4928563,-0.86979795,0.98679688,0.12813122,0.09906672,0.1602739,-0.86062475,-0.48336027,-0.02116838,-0.00629872,0.00637828
0.02141497,0.49192026,-0.87037675,0.98728765,0.12673673,0.09592051,0.15749388,-0.86136642,-0.48295271,-0.02893406,0.02212822,-0.00110808
0.02060334,0.49159701,-0.87057895,0.98753637,0.12589295,0.09446014,0.15603601,-0.86167464,-0.48287608,-0.02513965,0.0236553,-0.01657314
0.01924098,0.49078638,-0.8710674,0.98794883,0.12449524,0.09196717,0.15357994,-0.8623396,-0.4824764,-0.01876376,0.01720583,-0.02116655
0.01806711,0.48902768,-0.87208105,0.98827237,0.12354093,0.08975087,0.15162831,-0.8634752,-0.48106048,-0.02902027,0.01841557,-0.01835219
0.01757404,0.48784347,-0.87275422,0.9884215,0.12309846,0.08871153,0.15071205,-0.86420804,-0.48003164,-0.03452547,0.02491081,-0.01051461
0.01663513,0.48532101,-0.87417779,0.98871392,0.12220739,0.0866611,0.14888944,-0.86575336,-0.4778107,-0.0315682,0.03425467,-0.00480916
0.01587543,0.48249574,-0.87575431,0.98899308,0.12128472,0.08474967,0.14710689,-0.86746048,-0.47525946,-0.01506178,0.03012764,0.00327741
0.0145627,0.47727089,-0.87863556,0.98935874,0.1203458,0.08176916,0.14476615,-0.87047654,-0.47043957,0.00221937,0.01342523,0.02438627
0.0133889,0.47395059,-0.88044955,0.98958583,0.11992754,0.07960601,0.1433194,-0.87234631,-0.46740906,0.01288197,-0.01095909,0.0377914
0.01270398,0.47283265,-0.88106064,0.98970681,0.11966486,0.07849021,0.14254472,-0.87298887,-0.46644546,0.01140522,-0.02131867,0.04274542
0.01092693,0.47175071,-0.88166423,0.98995948,0.11916263,0.0760292,0.14092824,-0.87364265,-0.465712,0.0214434,-0.03521454,0.04390607
0.00901982,0.47215888,-0.88146717,0.99019397,0.11867545,0.07370081,0.13940691,-0.87348835,-0.46645839,0.01506243,-0.0266301,0.04025643
0.00646091,0.47415896,-0.88041549,0.99059156,0.11732187,0.07045453,0.1366986,-0.8725874,-0.46893983,-0.01635413,0.04158461,0.06673098
0.00610873,0.47656709,-0.87911677,0.99093068,0.11512734,0.06929577,0.13423438,-0.87156717,-0.47154163,-0.01324039,0.07249391,0.0523834
0.00720462,0.48064556,-0.87688527,0.99135922,0.11142428,0.06921982,0.13097646,-0.86980707,-0.47568961,0.01124806,0.05135047,0.03157625
0.0082479,0.48334459,-0.87539129,0.99148272,0.10983528,0.06998686,0.12997659,-0.86851261,-0.47832189,0.03521426,0.01674604,0.00532188
0.00871627,0.48473812,-0.87461586,0.99147609,0.10951634,0.07057803,0.12999656,-0.86777592,-0.47965167,0.04712287,0.0025388,-0.00464856
0.00921444,0.48712132,-0.87328564,0.99137726,0.10971006,0.07165698,0.13071382,-0.86641585,-0.48191006,0.05544143,-0.01257735,0.00125025
0.0091633,0.48921116,-0.87211713,0.99120231,0.11071803,0.07252127,0.13203724,-0.86510912,-0.48389266,0.04806456,-0.00922823,0.00262777
0.00902619,0.49031031,-0.87150117,0.99109815,0.11138159,0.0729286,0.13282682,-0.86440148,-0.48494029,0.04837068,-0.00627941,0.00358913
0.00882553,0.49236927,-0.87034157,0.99078835,0.11331368,0.07415053,0.13513099,-0.86297878,-0.48683365,0.03858332,-0.00906682,-0.0065208
0.00866749,0.49378451,-0.86954108,0.99035628,0.11600369,0.07574649,0.1382724,-0.86181202,-0.48801712,0.02701691,-0.01424414,-0.00894918
0.0087073,0.49421177,-0.86929789,0.99010382,0.11750753,0.07672246,0.14006616,-0.86136324,-0.48829777,0.02179764,-0.02414811,-0.00814141
0.00915969,0.49463207,-0.86905417,0.98952165,0.12075204,0.07915675,0.14409351,-0.860673,-0.48834308,0.00916675,-0.02043498,-0.01272583
0.01020721,0.49424117,-0.8692649,0.98888361,0.12397167,0.08209884,0.14834084,-0.86043982,-0.48748158,-0.00946575,0.01141846,-0.01920579
0.01111196,0.49379797,-0.86950569,0.98855941,0.12538421,0.08383999,0.15042232,-0.86048964,-0.48675537,-0.01675543,0.02412438,-0.02529598
0.0136526,0.49268875,-0.87009844,0.98789172,0.12784627,0.08789308,0.15454273,-0.86076305,-0.48497768,-0.0162387,0.03582537,-0.03811618
0.01676713,0.49080501,-0.87110808,0.98719328,0.13010967,0.09230872,0.15864517,-0.8614998,-0.48233784,-0.00219861,0.01264966,-0.04801818
0.0183541238,0.489517765,-0.871800105,0.986827443,0.131303831,0.0945031606,0.160731647,-0.862050815,-0.480659587,0.00534875272,-0.000824928284,-0.0495072529
0.02113304,0.48621536,-0.87358333,0.98610615,0.13386444,0.09836065,0.16476613,-0.86352462,-0.47663096,0.01281254,-0.01782882,-0.04405414
0.02428944,0.48003549,-0.87691262,0.98516702,0.13755548,0.10258777,0.16986983,-0.86639727,-0.46957395,0.00170187,-0.00515044,-0.02137529
0.0260123358,0.47614596,-0.878981507,0.984692751,0.139388391,0.104647773,0.172347471,-0.868248809,-0.465231677,-0.0274452865,0.000723004341,-0.00364169851
0.02767302,0.47332455,-0.88045325,0.98434767,0.14045809,0.10644748,0.17405093,-0.86961789,-0.46202899,-0.03950957,0.01039791,-0.00293226
0.02851464,0.47225857,-0.8809987,0.9842248,0.14069114,0.10727301,0.17460929,-0.87015964,-0.46079683,-0.04285778,0.00519145,-0.00382123
0.03044355,0.47043016,-0.88191188,0.98411261,0.14029624,0.10880837,0.17491563,-0.87121315,-0.45868512,-0.03646237,0.00345886,-0.00467713
0.0335739564,0.467567266,-0.883319626,0.984201765,0.138260211,0.110593531,0.173837844,-0.873077829,-0.455538571,-0.0357268006,0.00276625156,0.000870756805
0.0357205,0.46591333,-0.88410899,0.98441873,0.13601041,0.11144883,0.17217349,-0.8743145,-0.45379543,-0.03335232,0.00595891,0.01782059
0.0377498,0.46501714,-0.88449638,0.98472336,0.13325445,0.11208479,0.16998436,-0.87521549,-0.45288288,-0.02968392,-0.00210595,0.02558522
0.03861306,0.46498648,-0.88447529,0.984904,0.13175908,0.11226578,0.1687397,-0.8754582,-0.4528794,-0.02743819,-0.00845504,0.0252029
0.03998761,0.46536534,-0.88421487,0.98531294,0.12865865,0.11227303,0.16600982,-0.87571794,-0.45338571,-0.02007336,-0.00714296,0.02122056
0.04095633,0.46622535,-0.88371743,0.98574909,0.12557551,0.11193526,0.16316032,-0.87570811,-0.4544381,-0.01055786,-0.00956953,0.0270975
0.04114513,0.4669726,-0.88331387,0.9859744,0.12413738,0.11155331,0.1617445,-0.87551485,-0.45531532,-0.00713764,-0.01742995,0.02773168
0.04098561,0.46922304,-0.88212803,0.98644284,0.12140745,0.11041151,0.15890451,-0.87469419,-0.45788573,-0.00528045,-0.01133698,0.02341683
0.04007415,0.47223013,-0.88056383,0.98687399,0.11927178,0.10887545,0.15644065,-0.87336868,-0.4612519,0.00941249,0.00362432,-0.00176544
0.0394827,0.47385774,-0.87971569,0.98702759,0.11861943,0.10819296,0.15561935,-0.87257551,-0.4630272,0.0131384,0.00597405,-0.0096671
0.03789412,0.4768387,-0.8781735,0.98723469,0.11818293,0.10677212,0.15469812,-0.87100946,-0.46627323,0.00743222,-0.00731134,-0.00537563
0.03587146,0.47938525,-0.87687101,0.987344,0.1186354,0.10524848,0.15448242,-0.86954884,-0.46906247,-0.00119587,-0.003995,-0.01860724
0.03487268,0.4802747,-0.8764246,0.98735772,0.11912448,0.10456606,0.15462405,-0.8689911,-0.47004874,0.00460313,0.00217438,-0.03402722
0.03301096,0.48079074,-0.87621373,0.98726267,0.12083316,0.10349748,0.15563628,-0.86846967,-0.47067791,0.00194571,0.01151061,-0.03204267
0.03139769,0.4795769,-0.87693794,0.98705141,0.12320228,0.1027166,0.15730125,-0.8688079,-0.46949878,-0.00749572,-0.00186867,0.00901783
0.03072707,0.47870284,-0.87743916,0.98693573,0.12437388,0.10241599,0.15815736,-0.86912299,-0.4686273,-0.0127141,-0.00655144,0.03425068
0.0296577309,0.476874886,-0.878470741,0.986767561,0.126188573,0.101815011,0.15940602,-0.869866001,-0.466822217,-0.0147469137,0.000703334808,0.032433819
0.0292864,0.47531349,-0.87932882,0.98661768,0.12741843,0.10173442,0.16039835,-0.87054088,-0.46522103,-0.01044797,0.00474417,0.03344711
0.02931556,0.47462162,-0.87970161,0.98654848,0.12785583,0.10185768,0.16081884,-0.8708543,-0.46448907,-0.00889092,0.00556886,0.03290546
0.0296152,0.47355733,-0.88026493,0.98644801,0.12833453,0.10222784,0.16137912,-0.87136311,-0.46333903,-0.00869698,-0.00474954,0.04355878
0.02983089,0.47345273,-0.880314,0.9864408,0.12825052,0.10240327,0.16138387,-0.87143239,-0.46320728,-0.00755857,-0.01401067,0.04716334
0.02993874,0.47391271,-0.88006264,0.98653079,0.12764194,0.10229556,0.16081201,-0.87127156,-0.46370802,-0.00426139,-0.01435357,0.04773963
0.03004499,0.47567046,-0.87911026,0.98681201,0.12583974,0.10181539,0.15905756,-0.87057563,-0.46561646,0.00503489,0.00119245,0.02267319
0.0298442412,0.479619911,-0.876968602,0.987216926,0.123279709,0.101018489,0.156562863,-0.86877312,-0.469809679,-0.00589724071,0.0156931877,-0.000139285228
0.02949917,0.48343178,-0.87488475,0.98744705,0.12178072,0.10058627,0.15517062,-0.86686965,-0.47377081,-0.00202952,-0.00501931,-0.02586289
0.02855372,0.48733016,-0.87275076,0.98764053,0.12085758,0.09979741,0.15411279,-0.86481365,-0.47785606,0.00335364,-0.0233674,-0.05834491
0.02791788,0.48888905,-0.87189905,0.98768141,0.12085752,0.09939199,0.15396716,-0.86393335,-0.47949252,0.00218177,-0.02067524,-0.06443574
0.02531959,0.49053934,-0.87105099,0.98750647,0.12328892,0.09813563,0.15553024,-0.86265334,-0.4812891,-0.02125579,-0.02014351,-0.03899483
0.02470015,0.4899372,-0.87140759,0.98741826,0.12423051,0.09783519,0.15618841,-0.86286041,-0.48070438,-0.03834466,-0.02373379,-0.01706762
0.02351984,0.48849553,-0.87224933,0.98726512,0.1259622,0.09716517,0.15733518,-0.86342666,-0.47931198,-0.04705233,-0.01436949,-0.00761883
0.02291314,0.48650009,-0.87337987,0.98709671,0.12747396,0.09690329,0.15847655,-0.86433086,-0.47730176,-0.04027829,0.01656115,-0.0313158
0.02297827,0.48500052,-0.87421192,0.98698066,0.12823331,0.09708438,0.15918906,-0.8650611,-0.47573955,-0.04050971,0.01964903,-0.01995576
0.02346617,0.48131474,-0.87623363,0.98674228,0.12964033,0.09763697,0.1605893,-0.86690797,-0.47189142,-0.0600417,0.00515211,0.02622678
0.0240033,0.47861633,-0.87769592,0.98666612,0.13002892,0.09788939,0.16097727,-0.86834255,-0.46911337,-0.05475233,-0.01621622,0.05030595
0.02414604,0.47799038,-0.87803307,0.98670372,0.12980983,0.0978013,0.16072537,-0.86872005,-0.46850047,-0.04686137,-0.01678282,0.04620009
0.02445779,0.47704135,-0.87854051,0.98684668,0.12895249,0.0974933,0.15979835,-0.86936923,-0.46761279,-0.02720702,0.00925052,0.0022458
0.02490497,0.47547972,-0.87937406,0.98694077,0.1283418,0.09734608,0.15914652,-0.87031453,-0.46607396,-0.03133833,0.02206814,0.01670123
0.02509996,0.47469912,-0.87979011,0.98697526,0.12812115,0.0972868,0.15890165,-0.87077301,-0.46530044,-0.04985254,0.01659477,0.03219275
0.0251341,0.47412772,-0.88009724,0.9871038,0.12745728,0.09685404,0.15809598,-0.87118168,-0.46480974,-0.06844836,-0.00729686,0.03966658
0.02457363,0.47470602,-0.87980131,0.98742421,0.12595752,0.09554135,0.15617165,-0.8710849,-0.46564099,-0.03068817,-0.00196302,-0.01932161
0.02441625,0.47417025,-0.88009443,0.98751374,0.12560999,0.09507133,0.15562857,-0.87142671,-0.46518267,-0.0350945,-0.02202976,-0.00317149
0.02385476,0.47283802,-0.88082633,0.98753593,0.12596754,0.09436545,0.15557505,-0.87209877,-0.46393959,-0.06444596,-0.00903249,0.01998772
0.02334375,0.47233388,-0.88111054,0.98755692,0.12621008,0.09382089,0.15551982,-0.87233694,-0.46351037,-0.07302026,-0.00115669,0.0239769
0.0226166265,0.472239157,-0.881180191,0.987637043,0.126202671,0.0929829783,0.155117446,-0.872389214,-0.463546579,-0.0613008216,0.000842809677,0.00937929284
0.02180791,0.47225374,-0.88119276,0.98774158,0.12609045,0.09201978,0.15456662,-0.87239755,-0.46371485,-0.03972237,-0.01258576,-0.02666744
0.02129551,0.47187079,-0.8814105,0.98774009,0.12644023,0.09155539,0.15464807,-0.8725542,-0.46339309,-0.03512397,-0.01639831,-0.03373499
0.02002751,0.4702015,-0.88233172,0.98763728,0.12792815,0.09059154,0.15547127,-0.8732381,-0.46182641,-0.04573885,-0.02470219,-0.03238906
0.01856876,0.46801382,-0.88352599,0.98748279,0.12984956,0.0895363,0.15662965,-0.87412932,-0.45974442,-0.05589305,-0.00639474,-0.02891824
0.0177845,0.46695389,-0.88410283,0.98740701,0.13082038,0.08895759,0.15719778,-0.87455139,-0.45874698,-0.05617921,0.00375295,-0.04053252
0.0162688,0.46456093,-0.88539168,0.98722933,0.13288408,0.08786367,0.15847247,-0.87551409,-0.4564663,-0.05047265,0.00201112,-0.05597286
0.01456052,0.46125282,-0.88714916,0.9869692,0.13556469,0.08668242,0.16024853,-0.87685112,-0.45326839,-0.04299742,-0.00704145,-0.06017474
0.0136097,0.45912049,-0.88826963,0.98679365,0.13723432,0.08605146,0.16140899,-0.87771004,-0.45118943,-0.04137162,-0.00982738,-0.05250308
0.01154033,0.45440156,-0.89072213,0.98640902,0.1408375,0.08462815,0.16390219,-0.87959304,-0.44660046,-0.0387252,-0.00899702,-0.03313585
0.00929753,0.44951877,-0.89322241,0.98613226,0.14389828,0.08268205,0.16570024,-0.88160423,-0.44194702,-0.04735375,-0.00314933,-0.01856628
0.00814434,0.44714287,-0.89442544,0.98603575,0.14519249,0.08156337,0.16633432,-0.88259976,-0.43971635,-0.04511816,0.0030154,-0.02443065
0.005719,0.44252304,-0.89673894,0.98590031,0.14747684,0.07906461,0.16723616,-0.88454734,-0.4354402,-0.02742132,0.00114298,-0.03872751
0.00300638,0.4378246,-0.89905535,0.98579065,0.14970151,0.07619846,0.16795148,-0.88650946,-0.43115333,-0.0109185,-0.01268089,-0.03034134
0.00145102,0.43539229,-0.90023963,0.98575897,0.15076006,0.07450249,0.16815798,-0.88752742,-0.42897309,-0.01366881,-0.01293945,-0.02575572
-0.00189372,0.43073271,-0.90247749,0.98575355,0.15258794,0.07075831,0.16818506,-0.88948645,-0.42488523,-0.00835332,-0.00267643,-0.01723746
-0.005552,0.42695023,-0.90425797,0.98583829,0.15390104,0.06661215,0.16760624,-0.89108238,-0.4217583,-0.00353163,0.00564289,-0.01070884
-0.00740348,0.42531029,-0.90501724,0.98593753,0.1542055,0.06440288,0.1669498,-0.89181372,-0.420471,0.00165877,0.00692821,-0.01043236
-0.01128648,0.42233053,-0.90637163,0.98618526,0.15450847,0.059714,0.16526113,-0.89317638,-0.41824,0.00564067,-0.00378281,-0.01116334
-0.01511259,0.41955052,-0.90760616,0.9864908,0.15433701,0.05491779,0.16311799,-0.89451519,-0.41621515,0.00677902,-0.0050469,-0.01096592
-0.01710402,0.4181741,-0.90820576,0.98664771,0.15420233,0.05241947,0.16196784,-0.89518262,-0.41522796,0.01018745,0.00287151,-0.01008651
-0.02083553,0.4154807,-0.90936333,0.98700425,0.15350676,0.04752153,0.1593377,-0.89655533,-0.41327961,0.01282606,-0.00367731,-0.00394875
-0.02441391,0.41328582,-0.91027397,0.98737754,0.15250334,0.04275818,0.15649114,-0.89774022,-0.41179232,0.02076984,-0.02248961,-0.0045548
-0.0260975926,0.412339533,-0.910656349,0.987572056,0.151868753,0.0404633548,0.154984871,-0.898282784,-0.4111784,0.0142310848,-0.0268316269,0.000541657908
-0.02897539,0.41053065,-0.91138632,0.9879497,0.15044444,0.03635762,0.15203893,-0.89935036,-0.40994282,0.01949424,-0.02891767,-0.01776328
-0.03174061,0.40881674,-0.91206432,0.98825626,0.14930266,0.03253006,0.14947243,-0.90032079,-0.40875465,0.02659776,-0.00841969,-0.03758124
-0.03315332,0.40769641,-0.9125155,0.98838089,0.14888364,0.03060906,0.14833784,-0.90089807,-0.40789533,0.03661831,-0.01180315,-0.03714794
-0.0355713,0.40504442,-0.9136048,0.98860157,0.14808509,0.02716189,0.14629304,-0.90222495,-0.40569514,0.03839668,-0.01484627,-0.02441822
-0.03777982,0.40220708,-0.91476891,0.98879323,0.14735738,0.02395332,0.14443214,-0.90361235,-0.40326677,0.03467095,0.00104946,-0.00601415
-0.03878193,0.40091784,-0.91529272,0.9888864,0.14696452,0.02247338,0.14352551,-0.904249,-0.40216175,0.03149296,-0.00146466,0.00409623
-0.0405536,0.39912906,-0.91599743,0.98911364,0.14582222,0.01974863,0.141455,-0.90522472,-0.40069758,0.0345696,0.00880969,0.01266129
-0.04321065,0.39797353,-0.91637862,0.98952343,0.14351921,0.01566907,0.13775376,-0.9061011,-0.40000566,0.03148584,0.04981148,0.01493543
-0.04510065,0.39813396,-0.91621784,0.98983757,0.14162339,0.01281644,0.13486048,-0.90632888,-0.40047522,0.04187572,0.0474031,0.02553121
-0.04744117,0.39976357,-0.91538978,0.99012733,0.13983129,0.00975178,0.13189855,-0.90588979,-0.4024506,0.04729736,0.04677522,0.03449612
-0.04887484,0.40124884,-0.91466427,0.99026828,0.13893973,0.00803603,0.13030769,-0.90537021,-0.40413468,0.05231762,0.04482436,0.03951268
-0.05214795,0.40536171,-0.91266777,0.99051236,0.13735287,0.00440948,0.12714496,-0.90377876,-0.40867844,0.06590308,0.03857541,0.02804782
-0.0556730826,0.409928909,-0.910416718,0.990632422,0.136551902,0.00090604706,0.124690476,-0.90183796,-0.413691086,0.0839933604,0.0243598223,0.0239090603
-0.0573582684,0.411988261,-0.909382013,0.990630946,0.13656466,-0.000613468359,0.123936682,-0.900897175,-0.415961419,0.0879531652,0.0147713423,0.0245620087
-0.06055215,0.41509903,-0.90775886,0.99054121,0.13717446,-0.00334722,0.12313187,-0.89937528,-0.41947888,0.10571235,0.00908077,0.02226055
-0.0628401,0.41681082,-0.90681859,0.99037347,0.1383292,-0.00504843,0.12333528,-0.89840628,-0.42149102,0.10876594,-0.01148379,0.02283348
-0.06348763,0.41731736,-0.9065404,0.99028575,0.1389425,-0.00539173,0.12370691,-0.89807637,-0.42208455,0.1047444,-0.00876617,0.03609605
-0.06396298,0.41875325,-0.90584444,0.9901565,0.1398649,-0.00525993,0.12449312,-0.89726433,-0.42357736,0.07988209,0.00479734,0.05633073
-0.0636954,0.42233827,-0.90419756,0.99012546,0.14011794,-0.00430139,0.12487764,-0.89554302,-0.42709273,0.07302988,0.02245855,0.05103238
-0.06318335,0.42510035,-0.90293829,0.99013926,0.14004642,-0.00335188,0.12502839,-0.89424644,-0.42975715,0.07113737,0.02169621,0.04268909
-0.0616164819,0.43181551,-0.899854767,0.990191523,0.139714116,-0.000757357554,0.125395311,-0.8910753,-0.43618871,0.06062527,0.01159513,0.0168956071
-0.06017652,0.43854432,-0.89669261,0.99024132,0.13935288,0.0016986,0.1257016,-0.88783987,-0.44265048,0.04100993,0.01605284,-0.00204265
-0.05963984,0.44180761,-0.89512519,0.99024789,0.13928901,0.00277135,0.1259055,-0.88623055,-0.44580623,0.0287255,0.01005733,-0.00463616
-0.0588680237,0.447863002,-0.892162165,0.990255148,0.139191326,0.00453315504,0.126211482,-0.883201302,-0.45169257,0.0147403479,0.000326037407,-0.0243758578
-0.0583628052,0.452494573,-0.889855282,0.99022244,0.139371422,0.00592527563,0.126701543,-0.880808862,-0.456204383,0.000964823179,0.000768780708,-0.0271386281
-0.05806147,0.45441432,-0.8888961,0.99020054,0.13949456,0.00663259,0.12701004,-0.87980039,-0.45806052,-0.00992485,-0.00486362,-0.0173849
-0.0574834,0.45808956,-0.88704537,0.99015505,0.1397456,0.00800233,0.12762642,-0.8778525,-0.46161271,-0.00865235,-0.01794899,-0.02105577
-0.0569432,0.46159775,-0.88525973,0.99009565,0.14008181,0.00935555,0.12832721,-0.87595915,-0.46500259,-0.00236933,-0.01519829,-0.03195903
-0.05679079,0.46310507,-0.88448202,0.99006794,0.14024342,0.00985963,0.12860881,-0.87513738,-0.46647,-0.0014784,-0.00963807,-0.03084698
-0.05655682,0.46579563,-0.88308304,0.98999805,0.14066734,0.0107929,0.1292482,-0.87364011,-0.46909244,0.00285102,0.00227338,-0.02767924
-0.05615512,0.46826254,-0.88180308,0.98996582,0.14081849,0.01173538,0.12966937,-0.87229596,-0.47147156,0.00664192,0.00425804,-0.02497725
-0.05597566,0.46933671,-0.88124325,0.98995453,0.14086352,0.01214078,0.1298331,-0.8717112,-0.4725069,0.01200547,0.00566578,-0.02594022
-0.05523082,0.47300569,-0.87932654,0.98995451,0.1407377,0.01352595,0.13015225,-0.86974623,-0.47602718,0.03200783,0.02668369,-0.0364005
-0.0550271,0.47368784,-0.878972,0.98995428,0.14070727,0.01385364,0.13024002,-0.8693798,-0.476672,0.03680639,0.02939379,-0.03344581
-0.05463408,0.47497197,-0.87830321,0.98995315,0.14065148,0.01448267,0.13041342,-0.86868786,-0.47788431,0.04016335,0.01927197,-0.02036005
-0.05432896,0.47660206,-0.87743874,0.9899564,0.14056855,0.01505733,0.13051661,-0.86780809,-0.47945218,0.04752673,0.01324522,-0.02473081
-0.05422773,0.47762769,-0.87688718,0.9899485,0.14059188,0.01535877,0.13061899,-0.86724028,-0.48045079,0.04925216,0.0065639,-0.02280065
-0.05422773,0.47762769,-0.87688718,0.9899485,0.14059188,0.01535877,0.13061899,-0.86724028,-0.48045079,0.04925216,0.0065639,-0.02280065
-0.05431774,0.48160161,-0.87470541,0.98978866,0.14158574,0.01649116,0.13178802,-0.8648777,-0.48437445,0.0321477,0.00314522,-0.01718681
-0.05440515,0.48245021,-0.87423208,0.98971727,0.14204735,0.01679755,0.13228627,-0.86432877,-0.48521739,0.03272212,-0.00296515,-0.02414184
-0.05453923,0.48371803,-0.87352293,0.98954428,0.14316436,0.01749489,0.13351994,-0.86343547,-0.48646848,0.0247112,-0.00562072,-0.01974756
-0.05483837,0.48403212,-0.87333014,0.98931661,0.14466021,0.01805456,0.13507506,-0.86300998,-0.48679392,0.01050075,-0.01232648,-0.00246596
-0.05489477,0.48405952,-0.87331142,0.98920044,0.14540711,0.01841689,0.13590052,-0.86286909,-0.48681396,0.00535618,-0.01047766,0.00320703
-0.05511982,0.48406527,-0.87329399,0.98894523,0.14704688,0.01908823,0.13765502,-0.86258787,-0.48681919,-0.01671519,-0.0098567,0.0157083
-0.05543214,0.48437742,-0.87310121,0.98869826,0.14862158,0.01968069,0.13929454,-0.86214273,-0.48714152,-0.02567236,0.00193292,0.01639797
-0.0556214608,0.4846277,-0.872950152,0.988563675,0.149472141,0.0199928829,0.140170736,-0.861854888,-0.487399144,-0.021470312,-0.000289261341,0.0113557773
-0.05602145,0.48543888,-0.87247386,0.98829243,0.15116741,0.02065039,0.1419141,-0.86110247,-0.48822418,-0.02097413,-0.00476706,0.01254656
-0.05676587,0.48618158,-0.87201202,0.98800473,0.15299116,0.02098185,0.14361107,-0.86036101,-0.48903435,-0.00752292,-0.00438845,0.01114254
-0.05735153,0.48643799,-0.87183073,0.98786501,0.15390399,0.02088609,0.144338,-0.86005325,-0.48936169,-0.00553019,0.00360274,0.01117464
-0.05850692,0.48691264,-0.87148895,0.98760275,0.15561097,0.02063977,0.14566299,-0.85947733,-0.48998057,-0.00489807,0.01738441,0.00592148
-0.05990474,0.48892621,-0.87026575,0.98736134,0.15717468,0.02033761,0.1467273,-0.85804848,-0.49216232,0.00719821,-0.00173467,0.01925941
-0.06068234,0.49154391,-0.86873585,0.98729021,0.15763454,0.02022829,0.14688578,-0.856467,-0.49486207,0.01223639,-0.00945795,0.01016302
-0.06132248,0.49498867,-0.86673283,0.98726962,0.15776183,0.02024674,0.14675928,-0.8544574,-0.49836163,0.02540518,-0.00531602,-0.01862594
-0.06154146,0.49671807,-0.86572726,0.98727455,0.15772212,0.02031242,0.14663384,-0.85346048,-0.50010353,0.0314321,-0.00791174,-0.01784131
-0.06186694,0.50270369,-0.862242,0.98736387,0.15710455,0.02075021,0.14589328,-0.85006293,-0.506071,0.02619293,0.00890124,-0.0201258
-0.0616819,0.50411546,-0.86143072,0.98742298,0.15669999,0.02099847,0.14557182,-0.84930128,-0.50744073,0.02920112,0.01007497,-0.02102874
-0.06107609,0.50684021,-0.85987367,0.98755188,0.15579178,0.02168427,0.14495171,-0.84784546,-0.51004615,0.03818876,-0.00317448,-0.02389631
-0.0602486,0.50896286,-0.8586774,0.98769617,0.15476745,0.02243397,0.14431336,-0.84676078,-0.51202518,0.02979509,-0.00220984,-0.03032923
-0.05977491,0.50977692,-0.85822744,0.98775887,0.15430436,0.02285819,0.14408078,-0.84635546,-0.51276018,0.0235168,0.00349009,-0.02988572
-0.05880819,0.51086416,-0.8576475,0.98785694,0.15354398,0.02372294,0.14380576,-0.845838,-0.51369033,0.01985482,0.00522232,-0.02709842
-0.05797117,0.51151414,-0.85731708,0.98791867,0.15302443,0.02449889,0.14372197,-0.84553934,-0.51420536,0.00662245,0.0043813,-0.01930423
-0.05767559,0.51173162,-0.85720724,0.98793073,0.15289726,0.02480481,0.14375804,-0.84543075,-0.51437384,0.00353053,0.00530446,-0.01391932
-0.05718268,0.51215754,-0.85698583,0.98793991,0.15274593,0.02536432,0.1438916,-0.84520013,-0.51471528,-0.00607294,0.00749028,-0.00501055
-0.05690324,0.51256384,-0.85676142,0.98790632,0.15288158,0.02584892,0.1442322,-0.84492921,-0.51506447,-0.00536739,0.00499845,-0.01488301
-0.0567552122,0.512690022,-0.856695824,0.987876601,0.153025729,0.0261324744,0.144494345,-0.844826625,-0.515159475,0.000673435163,-0.00012409687,-0.0164818447
-0.05675477,0.51249271,-0.85681389,0.9877787,0.15360278,0.02644577,0.14516223,-0.84484162,-0.51494706,0.00315054,-0.00889039,-0.00925592
-0.05716437,0.51210532,-0.85701832,0.98763409,0.15452758,0.02646027,0.14598342,-0.84490792,-0.51460615,-0.00417219,-0.00392997,0.00109977
-0.05747613,0.51219109,-0.85694609,0.98755667,0.15502754,0.0264225,0.14638355,-0.84476423,-0.51472807,-0.00756707,-0.00539136,0.00313577
-0.05808476,0.51301983,-0.85640921,0.98743559,0.15580729,0.02636266,0.14695935,-0.84411769,-0.51562406,-0.00496666,-0.01677346,-0.00352
-0.0587266,0.51434613,-0.85556953,0.98733387,0.1564628,0.02629038,0.14738714,-0.84318884,-0.51701987,0.00386123,-0.00976998,-0.00789709
-0.05902271,0.51505005,-0.8551256,0.98729662,0.15670626,0.0262402,0.14751856,-0.84271383,-0.51775641,0.00775922,-0.00919843,-0.01144376
-0.05918711,0.5163417,-0.85433496,0.9872692,0.15685206,0.02640149,0.14763642,-0.84189593,-0.51905189,0.01375049,-0.00115645,-0.02037567
-0.05915404,0.51692043,-0.85398717,0.987264,0.15685776,0.02656052,0.1476842,-0.84153962,-0.51961571,0.0090197,0.00584376,-0.02573196
-0.05905535,0.5170437,-0.85391929,0.9872592,0.1568634,0.02670299,0.14775526,-0.84146276,-0.51971975,0.00797169,0.00631917,-0.01982528
-0.05880923,0.51710282,-0.85390056,0.98725696,0.15683056,0.0269794,0.14786884,-0.84143263,-0.51973645,0.01063832,0.00982678,-0.01577748
-0.05861209,0.51696519,-0.85399737,0.98724675,0.15685717,0.02719567,0.14801479,-0.84151217,-0.51956591,0.00679614,0.0201174,-0.0047218
-0.0586285302,0.516886966,-0.854043589,0.987246351,0.15686488,0.0271655139,0.148010909,-0.841558784,-0.519491509,0.0100379465,0.0257630348,0.000495019136
-0.05861218,0.51688906,-0.85404351,0.98725999,0.15678453,0.02713533,0.14792676,-0.84157252,-0.51949337,0.00197196,0.01461804,0.0111658
-0.05877587,0.51752901,-0.85364456,0.98727807,0.1566907,0.02701802,0.14774074,-0.84119658,-0.52015466,0.00645667,0.00245726,0.01044247
-0.05884097,0.51794616,-0.85338696,0.98728416,0.15665427,0.02700483,0.14767368,-0.84094652,-0.52057769,0.01295833,-0.01025563,0.00658187
-0.059184,0.51895367,-0.85275101,0.98728646,0.15667136,0.02682328,0.14752168,-0.84032204,-0.52162835,0.01013851,-0.01481974,0.01154
-0.05964032,0.52014297,-0.85199428,0.98729348,0.15667549,0.02653903,0.1472907,-0.83958563,-0.52287793,0.00840185,-0.00854242,0.01027051
-0.05985067,0.52093121,-0.8514979,0.98731089,0.15658933,0.02640185,0.14708907,-0.83911294,-0.52369305,0.01200433,-0.00518757,0.01376154
-0.0600382498,0.52283259,-0.850318397,0.987350071,0.156339481,0.026414252,0.146748531,-0.837976109,-0.525605124,0.0110953823,0.000182151794,0.00549598318
-0.05987563,0.52510702,-0.84892728,0.98741602,0.15586272,0.02676608,0.14637117,-0.83664176,-0.52783146,0.01385434,0.00272739,-0.00879994
-0.0597515,0.52622783,-0.84824167,0.98745286,0.15559389,0.0269687,0.14617287,-0.83598728,-0.52892212,0.01815223,0.00710571,-0.01275522
-0.05920672,0.52833961,-0.84696623,0.98753135,0.15497656,0.02764189,0.14586421,-0.83476913,-0.53092758,0.02241341,0.00853837,-0.02119795
-0.05874386,0.5301361,-0.84587512,0.98759422,0.15446966,0.02822489,0.14562503,-0.8337234,-0.53263347,0.02060272,0.01145518,-0.021629
-0.05855474,0.53091511,-0.84539958,0.98761161,0.15430795,0.02850138,0.14558368,-0.83325757,-0.53337338,0.01617937,0.01255167,-0.01709981
-0.05830406,0.53268912,-0.84430027,0.98763127,0.15408644,0.02901487,0.14555113,-0.83216566,-0.53508429,0.01077209,0.00390744,-0.01505866
-0.0581977793,0.534600774,-0.843098548,0.987635607,0.15397461,0.0294590008,0.145564618,-0.830959648,-0.536951763,0.0119089568,-0.000867307186,-0.0200916696
-0.05815226,0.53555485,-0.84249588,0.98763098,0.15395808,0.0296975,0.14561369,-0.83034806,-0.53788357,0.00962227,-0.00310022,-0.02071431
-0.05821196,0.53843394,-0.84065461,0.98758123,0.15415041,0.03034625,0.14592668,-0.82844823,-0.54072064,0.00245957,-0.0012024,-0.02476653
