0,1,2,3,4,5,6,7,8,9,10,11
-0.42472295,-0.08544714,-0.90128209,0.22468443,-0.97433809,-0.01350768,-0.87699916,-0.20824106,0.43302219,0.04980665,0.01022023,0.04221962
-0.42672296,-0.08698971,-0.9001889,0.22425617,-0.97445445,-0.0121394,-0.87613723,-0.20705309,0.43533031,0.02048248,-0.00110286,0.01339318
-0.42738173,-0.0878822,-0.89978967,0.22367291,-0.97460152,-0.01105102,-0.87596527,-0.20598159,0.43618388,-0.01210513,0.00458068,-0.01689243
-0.427601113,-0.0883081532,-0.899643689,0.223353355,-0.974681,-0.0104862328,-0.87593971,-0.205422375,0.436498794,-0.0176989902,0.000343203516,-0.0197190735
-0.42801275,-0.08861301,-0.89941794,0.22266982,-0.97484332,-0.00991944,-0.8759127,-0.20451889,0.436977,-0.01248436,-0.00986236,-0.00341078
-0.428258203,-0.0886168496,-0.899300646,0.222118095,-0.974971276,-0.00970201436,-0.875932731,-0.203905937,0.437223164,0.0143899722,-0.00567573262,-0.000330485869
-0.428258203,-0.0886168496,-0.899300646,0.222118095,-0.974971276,-0.00970201436,-0.875932731,-0.203905937,0.437223164,0.0143899722,-0.00567573262,-0.000330485869
-0.42758866,-0.08825843,-0.89965456,0.221463,-0.97512152,-0.00959522,-0.8764257,-0.20334301,0.43649695,,,
-0.42665083,-0.08796159,-0.90012888,0.22107865,-0.97520993,-0.00949016,-0.87697975,-0.20304825,0.43552038,-0.01721091,0.00192684,0.00376179
-0.42631804,-0.08787452,-0.90029491,0.22084122,-0.97526459,-0.00938324,-0.87720124,-0.20282247,0.43517927,-0.00466732,-0.00584108,-0.01613155
-0.42590974,-0.08777061,-0.90049811,0.22046879,-0.9753503,-0.00920904,-0.87749304,-0.20245397,0.43476224,-0.0164699,0.00707895,-0.0079361
-0.425136829,-0.0875614506,-0.900883717,0.220160453,-0.975421178,-0.00908999982,-0.877945246,-0.202203476,0.433965231,-0.000887120841,-0.000232338891,0.00640404597
-0.424498196,-0.0876348836,-0.901177684,0.220021443,-0.975455362,-0.00878272682,-0.87828905,-0.20200668,0.433360785,-0.0186738409,-0.000532627048,0.0187683292
-0.42492896,-0.08848955,-0.9008912,0.21987953,-0.97549508,-0.00789447,-0.87811637,-0.20144213,0.43397317,0.00109255,-0.00358963,-0.01303635
-0.42515508,-0.08909911,-0.90072434,0.21973974,-0.97553168,-0.00722137,-0.87804182,-0.20099515,0.43433104,-0.01666384,0.00881427,-0.00833764
-0.42535915,-0.08943021,-0.90059509,0.21965384,-0.97555346,-0.00687082,-0.87796439,-0.20074176,0.43460459,-0.00801797,0.00319391,0.00351592
-0.425729828,-0.0898474637,-0.900378521,0.219645231,-0.975558071,-0.00650627563,-0.877787002,-0.200533768,0.435058802,0.00891432259,-0.0106719127,0.000392972725
-0.42578911,-0.09015586,-0.90031958,0.21963794,-0.97556171,-0.00618319,-0.87775999,-0.20037709,0.43518541,0.01733816,0.00611728,0.01542401
-0.42540878,-0.09025614,-0.90048937,0.21964315,-0.97556187,-0.00598306,-0.87794314,-0.20033158,0.43483682,0.01712407,0.00504142,0.01702441
-0.4239116,-0.09014995,-0.90120574,0.21951554,-0.97559245,-0.00566528,-0.87869889,-0.20023025,0.43335442,0.00992061,0.0139932,0.01355869
-0.42226141,-0.0899257,-0.90200254,0.21919996,-0.97566525,-0.00534623,-0.87957182,-0.19997644,0.43169758,-0.01389143,0.00332338,0.00958438
-0.42154552,-0.08989841,-0.90234006,0.21900703,-0.97570988,-0.00510524,-0.8799632,-0.19977091,0.43099458,-0.01772253,-0.01088917,0.01919683
-0.41999271,-0.08948694,-0.9031047,0.21838337,-0.97585085,-0.00486491,-0.88086021,-0.19926628,0.42939282,-0.01227563,0.02215475,0.04699812
-0.41713238,-0.08851213,-0.90452545,0.21709788,-0.97613909,-0.00459732,-0.88253567,-0.19828824,0.42639491,-0.01720239,0.01525515,0.0962997
-0.4153808,-0.08800264,-0.90538068,0.21619359,-0.97634099,-0.0042878,-0.88358303,-0.19751858,0.42457906,0.00252966,0.00371259,0.11090762
-0.41303602,-0.08721615,-0.90652864,0.21371117,-0.97689073,-0.0033863,-0.88528435,-0.19513399,0.42213053,0.04317663,-0.00295281,0.09696735
-0.41109779,-0.08710161,-0.90742046,0.21018893,-0.97765979,-0.00138024,-0.88702829,-0.19129715,0.42022161,0.08312269,0.04876226,0.10127431
-0.409353842,-0.0872389227,-0.908195409,0.208015659,-0.978125546,0.00019666921,-0.888346225,-0.188838352,0.418546415,0.0893770382,0.0240589958,0.129185945
-0.403455331,-0.0869028491,-0.910862942,0.203382435,-0.97909344,0.00332680738,-0.892109292,-0.18391133,0.412695372,0.068978712,0.000494539679,0.0908557773
-0.39698789,-0.08633239,-0.91375441,0.19815056,-0.98014978,0.00651739,-0.89617898,-0.17847364,0.40621461,0.0119279,0.01612323,0.0729553
-0.39362314,-0.08617419,-0.91522388,0.19511844,-0.98074343,0.00842595,-0.89832596,-0.17526041,0.40285757,0.03661321,0.01554006,0.0944083
-0.38509633,-0.08591036,-0.91886901,0.18841469,-0.98200553,0.01284911,-0.9034383,-0.16818027,0.39435346,0.10552859,-0.0781865,0.10242393
-0.37641963,-0.08512714,-0.92252997,0.18095839,-0.98334543,0.01690253,-0.90860455,-0.1605771,0.38555508,0.07664825,-0.01718461,0.00914511
-0.37116364,-0.08484695,-0.92468282,0.17676356,-0.98406309,0.01934343,-0.91158761,-0.15627066,0.38024651,0.04928006,-0.01620811,-0.01261036
-0.3589398,-0.08403782,-0.92956971,0.16870941,-0.98537509,0.02393823,-0.91798657,-0.14823478,0.36786832,-0.03596456,-0.03974294,-0.12978664
-0.3508988,-0.08290751,-0.93273586,0.16147468,-0.98650894,0.02693981,-0.92238591,-0.14116008,0.35955246,-0.05303929,-0.06902515,-0.23864232
-0.3508988,-0.08290751,-0.93273586,0.16147468,-0.98650894,0.02693981,-0.92238591,-0.14116008,0.35955246,-0.05303929,-0.06902515,-0.23864232
-0.34581847,-0.08051569,-0.93484053,0.1524056,-0.98790102,0.02870742,-0.9258413,-0.13254738,0.35390546,0.07538093,-0.03701174,-0.19320434
-0.33980114,-0.07548849,-0.93746277,0.14562518,-0.98897521,0.02685187,-0.9291546,-0.1273939,0.34704815,0.05096847,-0.06434756,-0.11800842
-0.33633202,-0.07075112,-0.93908204,0.14238489,-0.98953103,0.02355686,-0.93091748,-0.12578816,0.34288483,-0.00990622,-0.01161849,-0.10751167
-0.33287192,-0.06572037,-0.94067894,0.1395262,-0.99002032,0.01979436,-0.93259234,-0.12466038,0.33871993,-0.0054204,-0.03154248,-0.09340587
-0.33181826,-0.06298582,-0.94123811,0.13844247,-0.9902164,0.01745769,-0.93312918,-0.12451456,0.33729205,-0.01048995,-0.02099323,-0.08582365
-0.33116144,-0.05783778,-0.94179973,0.13635102,-0.99057662,0.01288867,-0.93367036,-0.12414714,0.33592718,-0.00651816,0.04427033,-0.03332975
-0.33317782,-0.05591555,-0.94120446,0.13454698,-0.9908434,0.01123611,-0.93321461,-0.1228926,0.33765046,0.04448366,-0.00927168,-0.03383637
-0.33528563,-0.05448322,-0.94053981,0.1336609,-0.9909791,0.00975733,-0.9325869,-0.1224419,0.33954332,0.01421097,-0.01822638,-0.05265259
-0.33919669,-0.05035077,-0.93936705,0.13156756,-0.99129128,0.00562613,-0.93146961,-0.12168186,0.3428672,-0.07201082,0.04074889,-0.00467513
-0.3460232,-0.0473597,-0.93702981,0.12942849,-0.99158594,0.00232218,-0.92925566,-0.12047483,0.34924157,-0.05395825,0.02858883,0.01165986
-0.35183106,-0.04704445,-0.93488052,0.12828401,-0.99173603,0.00162734,-0.92723135,-0.11935768,0.35495873,-0.01828761,0.01418048,0.00672088
-0.365014155,-0.047135091,-0.92980782,0.126132583,-0.992012822,0.000772660351,-0.922417948,-0.116997046,0.368044359,-0.00558712007,-0.000219762311,0.0204746295
-0.376326892,-0.0465991648,-0.925314163,0.123813528,-0.992305218,-0.000382328569,-0.918176449,-0.114710304,0.379201034,-0.077745527,0.00447088433,0.00789893419
-0.3817105,-0.04553003,-0.92315983,0.12256351,-0.99245914,-0.00173002,-0.91611967,-0.11380608,0.38441243,-0.04180167,-0.00339562,-0.00122827
-0.40248004,-0.04200091,-0.91446479,0.11832384,-0.99295405,-0.00647156,-0.90774963,-0.11080766,0.40461379,-0.02124094,0.00936025,0.05810615
-0.40691095,-0.04117964,-0.9125391,0.11737283,-0.99305934,-0.00752458,-0.90589568,-0.11016913,0.4089202,0.03295087,-0.01446891,0.06267339
-0.41370103,-0.03960658,-0.9095509,0.11562986,-0.99324848,-0.00934199,-0.90304001,-0.10903603,0.41548756,-0.00533065,0.02092439,0.05607835
-0.417229357,-0.0357994764,-0.908095652,0.112802695,-0.993536505,-0.0126600307,-0.90177318,-0.107717789,0.418571221,-0.0545087531,0.0257727485,0.000522298738
-0.4193332,-0.03291753,-0.90723537,0.11099618,-0.99370378,-0.01524864,-0.90102132,-0.10709392,0.4203468,0.02444545,-0.00994563,-0.00798127
-0.41867351,-0.02956481,-0.90765537,0.10987759,-0.9937763,-0.01831316,-0.90146506,-0.10739822,0.41931647,0.008658,0.01719719,0.01752261
-0.41678655,-0.02756503,-0.90858624,0.10952941,-0.9937803,-0.02009364,-0.90238134,-0.10789168,0.41721363,-0.01414857,0.03004366,0.06449437
-0.41315652,-0.02426819,-0.91033664,0.10872865,-0.99380878,-0.02285309,-0.90414591,-0.10842157,0.41323717,0.06900445,-0.01818895,0.04861673
-0.40940486,-0.02233725,-0.91207941,0.10780199,-0.99388159,-0.02404843,-0.90596166,-0.10816952,0.4093078,0.00428525,0.01609939,0.0561443
-0.40740439,-0.02151236,-0.91299442,0.10723206,-0.99393377,-0.02443055,-0.90693047,-0.10785539,0.40723987,-0.03315217,0.01501673,0.04383306
-0.40455145,-0.01961892,-0.91430459,0.10567053,-0.99407586,-0.02542532,-0.90838953,-0.10690091,0.40422831,-0.04891431,0.00556952,0.0271396
-0.404359671,-0.0186045346,-0.914410712,0.103573114,-0.994292954,-0.0255710454,-0.908716506,-0.105048272,0.403979079,0.0520103239,-0.000748574676,0.0711707696
-0.40456645,-0.0183315,-0.91432481,0.10234064,-0.9944264,-0.02534577,-0.90876416,-0.10382664,0.4041877,0.07768571,0.01203126,0.08623669
-0.40346517,-0.01743283,-0.91482876,0.09922595,-0.99475549,-0.02480554,-0.90959869,-0.10078293,0.40307927,0.01452357,0.02478891,0.06654371
-0.40297191,-0.01729555,-0.9150488,0.09530854,-0.99517814,-0.02316217,-0.91023608,-0.09654568,0.40267744,-0.01940368,0.01805132,0.08614229
-0.403561655,-0.0177304832,-0.914780528,0.0930979718,-0.995418615,-0.021777381,-0.910203577,-0.0939527362,0.403363662,0.0531508587,-6.926059e-05,0.0713199005
-0.40268315,-0.01811256,-0.91516019,0.088648,-0.99587606,-0.01929629,-0.91103665,-0.08889741,0.40262819,0.00732727,0.0276913,-0.00656525
-0.40084201,-0.017657,-0.91597703,0.08406137,-0.99630548,-0.01758075,-0.91228251,-0.08404539,0.40084536,0.01509307,-0.02419984,-0.07433966
-0.40025945,-0.0175972,-0.91623294,0.0819388,-0.99649823,-0.01665646,-0.91273134,-0.08174193,0.40029964,0.00852646,-0.02205843,-0.04522815
-0.39896822,-0.01701173,-0.91680696,0.07750714,-0.99687547,-0.01523146,-0.91368323,-0.07713595,0.39904013,0.00310743,0.01340908,-0.04951559
-0.398967,-0.01694414,-0.9168086,0.07332409,-0.99721692,-0.01347818,-0.91402882,-0.07260151,0.39909928,-0.04841597,-0.00849748,-0.05067652
-0.40044857,-0.01712583,-0.91615913,0.07117208,-0.99738609,-0.01246475,-0.91355097,-0.07019645,0.40062082,-0.01261813,-0.00314039,-0.0660831
-0.40469158,-0.01533453,-0.91432444,0.06355953,-0.99791271,-0.01139584,-0.91224148,-0.06272585,0.40482191,-0.08923788,0.00494784,-0.157951
-0.40674586,-0.01417617,-0.91343127,0.06188144,-0.99801045,-0.01206665,-0.911443,-0.0614325,0.40681402,-0.08666596,0.00242335,-0.20167293
-0.41344688,-0.01204165,-0.91044859,0.05868474,-0.99818596,-0.01344746,-0.9086351,-0.05898924,0.41340357,-0.03344171,-0.02722251,-0.03619919
-0.42068919,-0.0099354,-0.90715043,0.05609964,-0.99831126,-0.01508227,-0.90546864,-0.05723576,0.42053611,-0.11372771,0.05090052,-0.01571678
-0.433934182,-0.00818655553,-0.900907416,0.0520199462,-0.99851819,-0.0159825604,-0.899441558,-0.053800533,0.433716972,-0.0371505022,-0.000842034759,0.183375448
-0.44000052,-0.00675887,-0.89797206,0.0501337,-0.99859697,-0.01704893,-0.89659697,-0.0525202,0.43972207,-0.05921998,0.02960843,0.10765003
-0.44162449,-0.00628429,-0.89717801,0.0492487,-0.99863767,-0.01724708,-0.89584733,-0.05180158,0.44133229,-0.03303954,-0.01561648,0.03071777
-0.44683038,-0.00408222,-0.89460934,0.04538674,-0.99880524,-0.01811163,-0.89346661,-0.04869623,0.44648188,0.08590622,0.01843792,0.0694162
-0.447485195,-0.00393562689,-0.894282581,0.0443704788,-0.99885632,-0.0178064623,-0.893189837,-0.0476478785,0.447148217,0.058302626,0.000302314729,0.0537962914
-0.4479818,-0.00345263,-0.89403606,0.04221934,-0.99895869,-0.01729735,-0.89304531,-0.04549451,0.44766098,-0.02209485,0.00516921,-0.01440001
-0.44920679,-0.00294581,-0.89342297,0.03966115,-0.99907451,-0.01664718,-0.89254707,-0.04291221,0.44890788,0.0080309,-0.01241881,-0.01265796
-0.44954402,-0.00273085,-0.89325411,0.03848565,-0.99912611,-0.01631397,-0.89242884,-0.04171131,0.44925607,-0.04597145,0.00931185,0.03070079
-0.44980556,-0.00243745,-0.89312313,0.036212,-0.9992237,-0.01551052,-0.89239204,-0.0393185,0.44954473,-0.04500633,-0.01415539,0.00249469
-0.44924836,-0.00200397,-0.8934046,0.0342143,-0.99930242,-0.01496315,-0.89275146,-0.03728938,0.44900365,0.06951673,-0.03421241,-0.00126701
-0.44565652,-0.00148043,-0.89520293,0.03161193,-0.99940112,-0.01408454,-0.89464583,-0.03457596,0.44543621,0.01160577,0.00590867,-0.01339472
-0.442952822,-0.000991500277,-0.896544348,0.0297245391,-0.999465835,-0.0135805868,-0.896052009,-0.0326649275,0.44274573,-0.0206921212,-0.0381198488,-0.0122371912
-0.441738435,-0.000392116549,-0.897143742,0.0287722368,-0.999491617,-0.013730115,-0.896682333,-0.0318779534,0.441525252,-0.0179394912,0.00547629548,-0.0263759196
-0.43857815,0.00113633,-0.89869247,0.02646265,-0.99954942,-0.0141781,-0.8983035,-0.02999999,0.43835023,-0.07383592,0.07833796,0.07957841
-0.440116348,0.00061413587,-0.897940398,0.0222196246,-0.999685927,-0.0115744487,-0.897665653,-0.025046006,0.439964738,0.102203846,0.0115920892,-0.355847359
-0.443007873,0.000449102617,-0.896517621,0.0195108583,-0.99975822,-0.0101419732,-0.896305402,-0.0219848021,0.442891977,0.0240565035,-0.0502138101,-0.0292461589
-0.44872151,0.00188304,-0.89366964,0.01473857,-0.99984616,-0.00950716,-0.89355008,-0.01743748,0.44862475,0.01538774,0.03056651,-0.05147561
-0.4520912,0.00472461,-0.89195921,0.01112316,-0.99987835,-0.01093404,-0.89190236,-0.01486459,0.45198365,-0.0596616,-0.13421212,0.02711213
-0.45268297,0.00675278,-0.89164583,0.01043082,-0.99986263,-0.01286801,-0.89161038,-0.01512573,0.4525506,-0.13134457,-0.0202958,0.05183359
-0.45426445,0.00999945,-0.89081066,0.00918994,-0.99983108,-0.01590958,-0.89081938,-0.01541365,0.454096,-0.1587677,0.08364861,-0.08337013
-0.45930258,0.01030377,-0.8882201,0.008903,-0.99982908,-0.01620227,-0.88823524,-0.01534957,0.45913237,0.01919521,-0.04923361,-0.05193947
-0.46203696,0.01008986,-0.88680324,0.0092043,-0.99982683,-0.0161714,-0.88681287,-0.01563419,0.46186414,0.08737731,-0.04682397,0.00301098
-0.46690574,0.00966704,-0.88425425,0.00988877,-0.99982065,-0.01615195,-0.8842518,-0.01628563,0.4667264,0.03102181,-0.04597538,-0.00849677
-0.47077532,0.00947831,-0.88220215,0.01081056,-0.99980517,-0.01651074,-0.88218683,-0.01730995,0.47058125,-0.03855026,0.03138691,0.00328895
-0.47957,0.00748188,-0.87747164,0.01275274,-0.99979851,-0.01549475,-0.87741086,-0.01862098,0.47937812,0.01911172,0.00552303,0.1474576
-0.48272514,0.00476996,-0.87575886,0.01420817,-0.99981083,-0.01327729,-0.87565658,-0.01885221,0.48256616,0.05761396,-0.01789546,0.23555526
-0.48236707,0.00357282,-0.87596186,0.01494181,-0.99981259,-0.01230601,-0.8758417,-0.01902447,0.48222336,0.07029053,-0.07084113,0.14089748
-0.47764947,0.00293788,-0.87854554,0.01629192,-0.99979277,-0.01220096,-0.87839938,-0.02014098,0.47750271,-0.05989296,-0.02250469,0.05353059
-0.4722046,0.00206171,-0.88148655,0.01650195,-0.99980132,-0.01117839,-0.88133448,-0.01982474,0.47207679,-0.01355374,0.15070944,-0.0588123
-0.47328193,-0.00241156,-0.8809077,0.01729406,-0.99982895,-0.0065544,-0.88074123,-0.01833655,0.4732427,0.16924445,0.02473265,0.0224443
-0.47328193,-0.00241156,-0.8809077,0.01729406,-0.99982895,-0.0065544,-0.88074123,-0.01833655,0.4732427,0.16924445,0.02473265,0.0224443
-0.47305389,-0.00912611,-0.88098617,0.0170972,-0.99985306,0.00117694,-0.88086752,-0.01450564,0.47314052,-0.12752408,-0.02184796,-0.02571278
-0.47338899,-0.01134581,-0.88078034,0.01695501,-0.99984907,0.00376687,-0.88069022,-0.01315045,0.47351004,-0.07671072,0.0037418,-0.03167053
-0.474175795,-0.0125629794,-0.880340426,0.01678304,-0.999845333,0.00522857355,-0.880270085,-0.0122955261,0.474313523,0.000243585091,-0.000748813094,-0.0181998648
-0.47582828,-0.01527023,-0.87940555,0.01676164,-0.99982503,0.00829185,-0.87937838,-0.01079478,0.47600113,0.03589936,-0.01802832,0.00539118
-0.47721293,-0.01804393,-0.87860255,0.01652511,-0.9997968,0.0115573,-0.87863243,-0.00900371,0.47741393,0.06437741,-0.01984036,0.02059913
-0.47729024,-0.0192174758,-0.878535357,0.0162426512,-0.999782741,0.0130453965,-0.878595391,-0.00804330239,0.47749903,0.0110380473,0.000814199389,0.0136795836
-0.47846561,-0.0215641,-0.87784149,0.01517159,-0.99975223,0.01628959,-0.87797524,-0.00552425,0.47867419,-0.01839733,-0.00863129,-0.02440027
-0.48202071,-0.02396087,-0.8758322,0.01348725,-0.99971055,0.0199271,-0.87605609,-0.00220729,0.48220422,-0.05014303,0.01329702,-0.05265461
-0.484477148,-0.0250311681,-0.874445808,0.0124476718,-0.999686698,0.0217197139,-0.874715431,-0.000362110364,0.484636803,-0.0341762565,0.00290304399,-0.0610763282
-0.48942642,-0.02644936,-0.87164347,0.01027191,-0.99964553,0.02456582,-0.87198417,0.00306972,0.48952449,-0.03235223,0.01206869,-0.01769214
-0.49396153,-0.02708628,-0.86906151,0.00879527,-0.99961888,0.02615631,-0.86943902,0.00527659,0.49401194,-0.02965486,-0.03166878,0.04733343
-0.49401673,-0.02644532,-0.86905013,0.00846712,-0.99963626,0.02560589,-0.86941118,0.00529139,0.49406094,0.02644862,0.01761693,-0.05193765
-0.49452811,-0.02441755,-0.8688184,0.00744197,-0.9996874,0.0238596,-0.86912959,0.00533353,0.49455556,-0.0437378,-0.00844335,-0.0549803
-0.49555374,-0.02277078,-0.86827872,0.00633819,-0.99972445,0.02260057,-0.86855413,0.00569648,0.49556156,0.05981585,-0.00316346,-0.04545758
-0.49617577,-0.02182608,-0.86794752,0.00564651,-0.99974373,0.02191242,-0.86820355,0.00597154,0.49617218,0.14373849,-0.03586578,-0.13486312
-0.49200027,-0.0181953,-0.87040489,0.00513908,-0.99982486,0.01799586,-0.87057988,0.00438089,0.4920076,0.04276289,0.01554662,-0.035778
-0.484237284,-0.0101584218,-0.874877602,0.00486200346,-0.999948237,0.00891957114,-0.874923066,6.55317126e-05,0.48426185,-0.00692812726,-0.0789098069,-0.0467691496
-0.4780581,-0.00461795,-0.8783161,0.00584479,-0.99998079,0.00207637,-0.87830879,-0.00414094,0.47807587,-0.0515366,0.07074695,0.08695586
-0.47682748,-0.00203529,-0.87899435,0.00693955,-0.99997464,-0.00144907,-0.87896931,-0.00679078,0.47682985,0.00799392,-0.00494635,-0.00934781
-0.47585578,-0.00104287,-0.87952261,0.00792898,-0.99996363,-0.00310421,-0.87948748,-0.00845087,0.47584691,0.01025635,-0.0062691,0.0466455
-0.474616521,0.000705784228,-0.880192282,0.0101185219,-0.999929085,-0.00625789696,-0.880134403,-0.0118763475,0.474575928,0.0418266766,0.000417113275,0.0435482524
-0.47106729,0.00181427,-0.88209533,0.01239993,-0.99988535,-0.00867851,-0.88201003,-0.01502609,0.47099094,0.01504174,0.0410853,0.05124991
-0.46906257,0.00172194,-0.88316314,0.0137058,-0.99986334,-0.00922885,-0.88305846,-0.01643336,0.46897507,0.00519632,-0.01042306,0.09651111
-0.465932848,0.000722919838,-0.884819694,0.0153543387,-0.99984237,-0.00890226291,-0.884686757,-0.0177336795,0.465848471,-0.0674202889,-0.0189997535,0.0640107542
-0.46481244,0.000183934952,-0.885409222,0.0157699464,-0.99983972,-0.00848643976,-0.885268791,-0.0179074576,0.46473491,-0.0777074322,0.0195136648,0.0850257427
-0.46421588,-0.00224139,-0.88571926,0.01607419,-0.99985343,-0.00589446,-0.88557622,-0.01697352,0.46418386,-0.05732354,0.04332548,0.08491173
-0.46463824,-0.00588765,-0.88548099,0.01597627,-0.99987083,-0.00173499,-0.88535643,-0.01495283,0.46467234,0.03975574,0.00228924,0.07742082
-0.463912054,-0.00732757767,-0.885850909,0.0160081036,-0.999871802,-0.000112563178,-0.885736568,-0.014233013,0.463969961,-0.00526425242,-0.0212794524,0.0819391608
-0.45974431,-0.00845623,-0.88801121,0.01536246,-0.99988092,0.00156802,-0.88791858,-0.01292114,0.45981923,-0.0191121,-0.01777935,-0.03052904
-0.45673022,-0.00992288,-0.88954985,0.01438702,-0.99988934,0.00376684,-0.88948885,-0.01107754,0.45682254,0.05510205,0.0047664,-0.03718668
-0.45515287,-0.01059482,-0.89035022,0.0139228,-0.99989157,0.0047809,-0.8903044,-0.01022013,0.45525113,0.03558896,0.00504762,-0.09683533
-0.45212847,-0.0115696,-0.89187767,0.01314318,-0.99989358,0.006308,-0.89185587,-0.00887009,0.45223263,-0.04001722,-0.02157855,-0.13518293
-0.45118124,-0.01174554,-0.8923548,0.01273854,-0.99989597,0.00672034,-0.89234117,-0.0083352,0.45128437,0.03117957,-0.01604867,-0.10831593
-0.45104883,-0.01155667,-0.89242431,0.01255872,-0.99989919,0.00660102,-0.89241078,-0.00823032,0.45114873,0.03146435,-0.00140566,-0.10345949
-0.45114174,-0.01111045,-0.89238307,0.01271163,-0.99990096,0.00602276,-0.89236169,-0.00862652,0.45123844,0.00997259,0.02002305,-0.06640975
-0.45226607,-0.01087647,-0.89181681,0.01361673,-0.99989338,0.00528913,-0.89177918,-0.00975153,0.45236583,-0.00787666,-0.00353444,-0.00745933
-0.45293884,-0.0108414,-0.89147558,0.0141725,-0.99988716,0.00495908,-0.89142885,-0.01038828,0.45304154,-0.02531373,-0.03922265,-0.02054674
-0.45424645,-0.00990148,-0.89082095,0.0151972,-0.99987875,0.00336432,-0.89074635,-0.01200975,0.454342,0.06668746,-0.00463664,0.03976456
-0.45388961,-0.00861879,-0.89101622,0.01603518,-0.99987028,0.00150331,-0.89091361,-0.01360527,0.45396896,0.09085438,0.01208395,0.03492036
-0.45388961,-0.00861879,-0.89101622,0.01603518,-0.99987028,0.00150331,-0.89091361,-0.01360527,0.45396896,0.09085438,0.01208395,0.03492036
-0.450591679,-0.00720870824,-0.892701035,0.0174905977,-0.99984672,-0.000754468276,-0.892558784,-0.015953832,0.450648731,-0.109052435,0.0341272913,-0.00176646933
-0.450851488,-0.00761342367,-0.892566404,0.0184113051,-0.999830072,-0.000771522511,-0.892408972,-0.0167811556,0.450915234,-0.0500639454,-0.0133325448,0.0477572791
-0.45143042,-0.00809967041,-0.892269422,0.0188861528,-0.999821354,-0.000479184173,-0.892106294,-0.0170678565,0.451502995,-0.00216187723,-0.0495640598,0.0384804048
-0.452816148,-0.00895638731,-0.89155894,0.0195872544,-0.999808164,9.56124927e-05,-0.891388748,-0.0174198967,0.452904687,0.0609076209,0.0433821045,0.0521000028
-0.45192365,-0.01150431,-0.89198245,0.02034025,-0.99978978,0.00258935,-0.89182471,-0.01697296,0.45206262,-0.05830768,0.0275523,0.04873616
-0.45166994,-0.01369282,-0.89207988,0.0205758,-0.99977598,0.00492813,-0.89194767,-0.01612937,0.45185075,-0.04299187,-0.04671543,0.01886043
-0.45106734,-0.01485737,-0.89236607,0.02065406,-0.99976721,0.00620546,-0.89225072,-0.01563191,0.45126951,0.04021974,-0.00711155,-0.0035951
-0.45024979,-0.01520304,-0.89277321,0.02059249,-0.99976591,0.00663967,-0.89266516,-0.01539492,0.45045745,0.06474826,-0.00477427,-0.02653497
-0.44645504,-0.01694543,-0.89464553,0.02137253,-0.99973729,0.00827043,-0.89455072,-0.01542847,0.44670004,-0.07394705,0.00529391,-0.01055821
-0.44616875,-0.01781689,-0.89477134,0.02152479,-0.99972605,0.00917365,-0.89468982,-0.01516677,0.44643028,-0.08069184,-0.02243447,-0.00286813
-0.44654133,-0.01994156,-0.89454068,0.02197457,-0.99969438,0.01131633,-0.89449305,-0.01460394,0.44684321,0.03443395,-0.05709362,-0.0204478
-0.44569352,-0.02158744,-0.89492532,0.02237124,-0.99966561,0.01297259,-0.89490607,-0.01423879,0.44602736,0.11260234,0.02983171,0.04459538
-0.44426726,-0.02229535,-0.89561673,0.02274199,-0.99964867,0.01360403,-0.8956055,-0.01432428,0.44461841,0.05821962,0.04138249,0.02801451
-0.44099198,-0.02398374,-0.89719051,0.02356679,-0.99960762,0.01513788,-0.89720156,-0.01446822,0.4413842,-0.08611249,0.04230982,-0.00205472
-0.43993305,-0.02626056,-0.89764662,0.02449512,-0.99955144,0.01723681,-0.89769653,-0.01440491,0.44037882,-0.05603501,-0.06600558,-0.02226259
-0.440045052,-0.0272657186,-0.897561672,0.0248834818,-0.999525352,0.0181635696,-0.897630875,-0.0143416706,0.440514629,0.000557525083,-0.0296174269,-0.0120516978
-0.43927371,-0.02916652,-0.89787961,0.02516531,-0.99948002,0.02015514,-0.89800066,-0.01374179,0.4397794,0.05700557,0.02999824,0.03972302
-0.43652568,-0.03098398,-0.89915815,0.02585627,-0.9994261,0.02188633,-0.89932021,-0.01369493,0.43707623,-0.03766416,0.05022126,0.00448692
-0.43511568,-0.0321869952,-0.899798996,0.0263801164,-0.999387447,0.0229927762,-0.899987958,-0.0137322845,0.435698355,-0.0867495984,0.0128850332,-0.000745993108
-0.43351663,-0.03491885,-0.90046857,0.02763464,-0.99929388,0.02544688,-0.90072154,-0.01385247,0.43417585,-0.0395477,-0.02830988,-0.0278368
-0.4324716,-0.03882252,-0.90081128,0.02925956,-0.99915057,0.02901342,-0.90117258,-0.01380986,0.43324034,0.05676092,-0.01538724,0.01929707
-0.43030388,-0.04155216,-0.90172725,0.0304928,-0.999039,0.0314852,-0.90216894,-0.01394799,0.43115736,0.00927939,0.02110618,0.02302628
-0.42624407,-0.04367154,-0.90355344,0.03191534,-0.99893818,0.03322598,-0.90404504,-0.01467484,0.42718523,-0.12518932,0.04213231,-0.04898604
-0.42456937,-0.04492103,-0.9042803,0.03273389,-0.99887697,0.0342513,-0.90480343,-0.01505855,0.42556311,-0.15747562,0.01943642,-0.0649696
-0.42409559,-0.04806851,-0.90434074,0.03489026,-0.9987161,0.03672287,-0.90494498,-0.01597868,0.4252284,-0.06588867,-0.00532466,-0.04437179
-0.425778391,-0.0514725925,-0.903362278,0.0370733336,-0.998534723,0.0394217769,-0.904067697,-0.0167057109,0.427062696,0.0512359738,-9.66787265e-05,0.0261369757
-0.4261387,-0.05337516,-0.90308173,0.03838868,-0.99842548,0.04089576,-0.90384281,-0.01724084,0.42751703,0.05927612,-0.00842649,0.01941423
-0.42583279,-0.05712217,-0.90299691,0.04104464,-0.99819726,0.04378868,-0.9038704,-0.01841652,0.42740977,-0.05155125,0.01171869,0.01263529
-0.42507266,-0.06132266,-0.90307959,0.04388459,-0.99792538,0.04710693,-0.90409478,-0.01960741,0.42688193,-0.1066284,0.02903551,-0.00390293
-0.42479449,-0.06340914,-0.90306641,0.04550298,-0.99777863,0.04865519,-0.90414553,-0.02042376,0.42673614,-0.09856425,0.029823,-0.011468
-0.424722859,-0.0675280068,-0.902801495,0.049030124,-0.99746655,0.0515425742,-0.903994811,-0.0223731606,0.426957673,0.00843408052,0.000109314911,-0.00128223165
-0.42502194,-0.07252261,-0.90227301,0.05329996,-0.9970607,0.05503411,-0.90361233,-0.02470041,0.42763835,0.06895079,0.00756091,0.03457542
-0.42452862,-0.07517413,-0.9022884,0.05543392,-0.9968358,0.05696956,-0.90371598,-0.02583217,0.42735248,0.02673013,0.01223832,0.01854313
-0.42287031,-0.08052744,-0.90260523,0.05961329,-0.99635838,0.06096297,-0.90422737,-0.02802784,0.42613071,-0.075891,-0.00275254,-0.00626052
-0.4226274,-0.08645086,-0.9021709,0.06386738,-0.99580627,0.06550444,-0.90405035,-0.02993532,0.4263764,-0.05851018,-0.00260055,-0.01860117
-0.42317698,-0.08966018,-0.90159961,0.06592794,-0.99550065,0.06805413,-0.90364502,-0.03064166,0.4271845,-0.03837337,0.00925523,0.02197217
-0.42427082,-0.09625751,-0.90040473,0.07023988,-0.9948366,0.07325568,-0.90280704,-0.03216407,0.42884134,0.0642941,-0.00561082,0.02308911
-0.42310303,-0.1021422,-0.90030594,0.07447705,-0.99418386,0.07779206,-0.90301549,-0.03413807,0.42824947,0.07419163,0.00422186,-0.0203208
-0.421475907,-0.104618814,-0.90078464,0.0764826304,-0.993884805,0.0796455228,-0.903608583,-0.0353257099,0.426900017,-0.00180191547,-6.16908001e-05,-0.047199063
-0.41951221,-0.10981243,-0.90108305,0.0806873,-0.99323758,0.08347791,-0.90415651,-0.03768595,0.42553584,-0.05488573,-0.0072909,-0.06710812
-0.42054603,-0.11570159,-0.89986323,0.08533918,-0.99248205,0.08772745,-0.90324853,-0.03990015,0.42725861,0.00934428,-0.01171607,-0.02708447
-0.42122675,-0.11866946,-0.89915814,0.08772925,-0.99208511,0.08983547,-0.90270227,-0.04104136,0.42830378,0.03816699,-0.02255404,0.01013751
-0.42177807,-0.12438934,-0.89812599,0.09259878,-0.99127489,0.0938041,-0.90195813,-0.04360085,0.42961656,0.02577457,-0.00420988,0.0214041
-0.42097687,-0.1295354,-0.89777443,0.09706515,-0.99050064,0.09739942,-0.9018629,-0.0461397,0.42955137,0.00459018,-0.00750917,-0.00622176
-0.42044571,-0.13205884,-0.89765579,0.09937188,-0.99010177,0.09911506,-0.90185957,-0.04752924,0.42940693,-0.01370095,-0.00327975,-0.01524797
-0.41988363,-0.13702733,-0.89717402,0.10388232,-0.98929588,0.10247967,-0.9016131,-0.05017098,0.42962389,0.00258964,0.00540727,-0.01150233
-0.42059053,-0.14169168,-0.89611779,0.1081504,-0.98851633,0.10554138,-0.90078139,-0.05252579,0.4310846,-0.00462231,-0.02199119,-0.01301192
-0.42179305,-0.14424975,-0.89514385,0.11028103,-0.98809532,0.10726402,-0.89996033,-0.05347417,0.43267987,0.01402017,-0.02842897,0.01045244
-0.42401164,-0.14950386,-0.89323164,0.11461666,-0.98720859,0.11082534,-0.89837475,-0.05538799,0.43572354,0.03193579,0.00261158,0.00820213
-0.42529357,-0.15425075,-0.89181381,0.11872891,-0.98636241,0.113984,-0.89723386,-0.05740741,0.43780783,0.01699919,-0.00775105,-0.03873922
-0.42566994,-0.15635912,-0.89126689,0.1208096,-0.98595988,0.11527278,-0.8967775,-0.05860543,0.43858342,-0.00206186,-0.02713394,-0.02705526
-0.426812,-0.16022379,-0.89003345,0.12492884,-0.98518987,0.11744473,-0.89566958,-0.06106402,0.44050775,0.02293031,-0.02097732,-0.02228933
-0.42771573,-0.16398662,-0.88891377,0.12854726,-0.98444591,0.11975771,-0.89472616,-0.06304518,0.44214299,0.0271785,-0.01196021,0.00661371
-0.42813662,-0.16579354,-0.88837566,0.13021041,-0.98408707,0.12090317,-0.89428411,-0.06391267,0.44291198,0.01878355,-0.00526571,0.01246176
-0.4291468,-0.16946564,-0.88719478,0.13349889,-0.98335429,0.12325833,-0.89331474,-0.0655436,0.44462666,0.03929759,-0.00849396,-0.00253915
-0.42857486,-0.17483036,-0.88642982,0.13842883,-0.98222211,0.1267953,-0.8928387,-0.06836617,0.44515737,0.03337802,0.00145775,0.03450527
-0.42632922,-0.17762265,-0.88695749,0.14129377,-0.98157215,0.12865531,-0.89346487,-0.07047205,0.44356986,-0.01889543,0.00448114,-0.00835189
-0.42461155,-0.18036607,-0.88722764,0.14389323,-0.9809436,0.13055298,-0.89386774,-0.07223174,0.44247367,0.00253453,-0.00758111,-0.03002719
-0.42416693,-0.18164335,-0.88717982,0.14526009,-0.98063868,0.13132847,-0.89385784,-0.07316663,0.44234011,0.02536568,-0.00497532,-0.0307589
-0.42324656,-0.18380661,-0.88717383,0.14779737,-0.98009531,0.13254817,-0.89387818,-0.0750214,0.44198818,0.04125709,-0.01558298,0.00711979
-0.42014242,-0.18526268,-0.88834578,0.15027403,-0.97962668,0.13322714,-0.89492916,-0.07752093,0.43942276,0.03985377,-0.00728327,0.02662868
-0.417814972,-0.185654844,-0.889360812,0.151499139,-0.979429977,0.133283717,-0.89581158,-0.0790494598,0.437347331,0.0164247751,0.00822442677,0.000176553149
-0.413785919,-0.186288438,-0.89111043,0.15380256,-0.979074379,0.13325947,-0.89728811,-0.0819141723,0.433778864,-0.0307803228,0.000826239528,-0.0351150744
-0.41254168,-0.18740177,-0.89145388,0.15675251,-0.97861674,0.13318419,-0.8973506,-0.0847936,0.43309582,-0.03218808,0.0060851,-0.03506636
-0.41249638,-0.18814596,-0.89131802,0.15825361,-0.97836186,0.13328103,-0.89710786,-0.08607636,0.43334552,-0.02230643,-0.01108336,-0.03569252
-0.41344837,-0.19031687,-0.89041552,0.16149929,-0.97773421,0.13399103,-0.89609055,-0.0884031,0.4349788,0.00866616,-0.01790654,-0.00585673
-0.41393006,-0.19182409,-0.88986812,0.16462864,-0.97720112,0.13407152,-0.89529837,-0.09100155,0.43607281,0.02303299,0.00977391,0.02358798
-0.41407612,-0.192386,-0.88967877,0.16619272,-0.97695843,0.13390978,-0.89494171,-0.09240929,0.43650859,0.02438651,-0.00609702,0.02229523
-0.4129173,-0.19281862,-0.89012372,0.16932039,-0.97654655,0.13299391,-0.89489098,-0.09580061,0.43588113,-0.00947315,-0.00298911,-0.0030558
-0.41261553,-0.19309919,-0.8902027,0.1724175,-0.97616242,0.13182845,-0.89443857,-0.09909206,0.43607373,-0.01368081,0.01512688,-0.02535123
-0.41304872,-0.19355749,-0.88990237,0.17397664,-0.97592795,0.13151705,-0.89393672,-0.10049928,0.43678029,0.02062532,-0.01387292,-0.01101715
-0.41410756,-0.19474613,-0.88915061,0.17743027,-0.975376,0.13099636,-0.89276725,-0.10351565,0.43846451,0.04302491,0.00272769,-0.0014489
-0.4148186,-0.19523792,-0.88871113,0.18030327,-0.9749782,0.13003052,-0.891861,-0.10629844,0.43964134,0.05562866,-0.00737649,-0.01832357
-0.41473348,-0.19545162,-0.88870385,0.18175005,-0.97477179,0.12956273,-0.89160686,-0.10778797,0.43979411,0.04100496,-0.01452017,-0.00497321
-0.41426993,-0.19565913,-0.8888744,0.1846058,-0.97438318,0.12844372,-0.8912356,-0.11088099,0.4397777,0.00690175,0.00259727,-0.00275073
-0.4145336,-0.19609216,-0.88865607,0.18733231,-0.97398215,0.12753498,-0.89054385,-0.11360646,0.44048288,-0.01802071,-0.01131242,-0.00572529
-0.41522958,-0.19647142,-0.8882474,0.18864568,-0.97377228,0.12720235,-0.88994228,-0.11474585,0.44140248,-0.02305828,-0.02355987,-0.00160873
-0.41745552,-0.19711229,-0.88706112,0.19136121,-0.97336806,0.12623483,-0.88831952,-0.11705167,0.44405772,0.02996578,-0.00213426,0.00937949
-0.419439607,-0.197747822,-0.885983121,0.193761839,-0.972996064,0.125438578,-0.886863372,-0.119055811,0.446429193,0.0630173311,-0.000279724569,0.0236739274
-0.41962197,-0.19797288,-0.88584638,0.19487127,-0.97281794,0.12509991,-0.88653385,-0.12013134,0.44679534,0.05889631,0.0031144,0.0384552
-0.41962174,-0.19851101,-0.88572616,0.19695153,-0.97245788,0.12464174,-0.88607423,-0.12214274,0.44716166,0.01393757,-0.00567919,0.03335983
-0.41890777,-0.19867827,-0.8860267,0.19952042,-0.97206237,0.1236385,-0.88583744,-0.12498729,0.44684476,-0.01548054,0.00404566,0.01182867
-0.41926243,-0.19893017,-0.88580231,0.20099042,-0.97182552,0.12311741,-0.88533711,-0.12641927,0.44743306,-0.01801871,0.0089243,0.01022842
-0.42033514,-0.19978202,-0.88510186,0.20232624,-0.97153684,0.12320702,-0.88452375,-0.12729109,0.44879242,-0.00339783,-0.01155406,0.01350938
-0.42106176,-0.20026245,-0.88464788,0.20289455,-0.97140271,0.12333082,-0.88404792,-0.12756034,0.44965276,-0.01069746,-0.00758171,0.02061126
-0.42285286,-0.20135226,-0.88354543,0.20409715,-0.97111262,0.12362993,-0.88291541,-0.12805184,0.45173336,0.00402173,-0.00145829,0.01835949
-0.42413892,-0.2023275,-0.8827059,0.20505328,-0.97086327,0.12400649,-0.88207669,-0.12840576,0.45326886,0.01572087,-0.00191456,0.01229781
-0.42413892,-0.2023275,-0.8827059,0.20505328,-0.97086327,0.12400649,-0.88207669,-0.12840576,0.45326886,0.01572087,-0.00191456,0.01229781
-0.42413892,-0.2023275,-0.8827059,0.20505328,-0.97086327,0.12400649,-0.88207669,-0.12840576,0.45326886,0.01572087,-0.00191456,0.01229781
-0.42413892,-0.2023275,-0.8827059,0.20505328,-0.97086327,0.12400649,-0.88207669,-0.12840576,0.45326886,0.01572087,-0.00191456,0.01229781
-0.42654954,-0.20361382,-0.88124712,0.20710013,-0.97043213,0.12397763,-0.88043433,-0.12962379,0.45610624,0.02283388,-0.00991815,-0.02050343
-0.42797979,-0.20416014,-0.88042711,0.20807235,-0.97024171,0.12384207,-0.87951075,-0.13019063,0.45772397,0.04898292,-0.01374698,-0.00124754
-0.42805963,-0.20452911,-0.88030267,0.20902741,-0.97004966,0.12373835,-0.87924541,-0.13103999,0.4579913,0.04596135,-0.01647317,0.02089902
-0.427782,-0.20450713,-0.88044261,0.20937357,-0.96999512,0.12357951,-0.87929805,-0.13147632,0.45776504,0.03609358,-0.02324909,0.01386707
-0.426668651,-0.203877309,-0.881128864,0.209768362,-0.9700009,0.12286465,-0.879745,-0.132410464,0.456635816,-0.000924591906,0.00981908944,-0.0141824922
-0.42600407,-0.20332214,-0.88157847,0.21015355,-0.97000583,0.12216427,-0.87997498,-0.13322437,0.45595535,-0.02094182,0.02076882,-0.03654956
-0.42641193,-0.20328368,-0.88139022,0.21054233,-0.96996087,0.12185233,-0.87968454,-0.13361066,0.4564026,-0.00972693,0.00744075,-0.02564249
-0.42783997,-0.20383433,-0.88057058,0.21151109,-0.96976722,0.12171535,-0.87875824,-0.13417575,0.45801838,0.02191897,-0.01331323,0.00623058
-0.42886349,-0.20453616,-0.87990968,0.21256282,-0.96953076,0.12176666,-0.8780052,-0.13481481,0.45927315,0.0624711,-0.00886184,0.03533205
-0.4267757,-0.20392538,-0.88106579,0.21301334,-0.96950122,0.12121341,-0.87891286,-0.13594783,0.4571984,0.01389852,-0.00111854,-0.00309071
-0.42463646,-0.20313421,-0.88228123,0.21334466,-0.96951261,0.12053668,-0.87986802,-0.13704572,0.4550282,-0.05116424,0.00536913,-0.02805266
-0.42429714,-0.2028702,-0.88250519,0.213413,-0.96953074,0.1202694,-0.88001512,-0.13730812,0.45466448,-0.04698599,-0.00348264,-0.01899793
-0.42704162,-0.20357792,-0.88101718,0.21434525,-0.96934704,0.12009223,-0.87845965,-0.13755747,0.4575877,0.03338794,-0.00861192,0.03421729
-0.42762808,-0.20394773,-0.88064712,0.21435343,-0.9693078,0.12039395,-0.87817232,-0.1372859,0.45822033,0.03999544,-0.00995266,0.03307658
-0.42776502,-0.20442023,-0.88047107,0.21419359,-0.96927096,0.12097396,-0.87814466,-0.13684283,0.45840587,0.03554953,0.01162261,0.00817251
-0.42665222,-0.20445973,-0.88100167,0.21391846,-0.96928452,0.12135149,-0.87875287,-0.13668764,0.45728527,0.00795289,0.0091123,-0.00707993
-0.42593252,-0.20444584,-0.88135306,0.21382695,-0.96928523,0.1215069,-0.87912419,-0.1367033,0.45656631,0.00166859,0.00293297,-0.02307385
-0.424873545,-0.204571738,-0.881834856,0.213400702,-0.969311314,0.122047101,-0.87973999,-0.136329594,0.455490647,0.000529570505,-0.00885313656,-0.0178646334
-0.42413148,-0.20472612,-0.88215623,0.2132834,-0.96929221,0.12240375,-0.88012647,-0.13623399,0.45477211,-0.00748314,-0.003901,-0.00933536
-0.4236807,-0.20474045,-0.88236955,0.21320307,-0.96929304,0.12253762,-0.88036306,-0.13620707,0.45432204,-0.00660496,-0.00425798,-0.01336649
-0.42281297,-0.20488781,-0.88275145,0.21300156,-0.969285,0.12295063,-0.88082886,-0.13604232,0.45346774,-0.01883899,-0.00620925,-0.00651956
-0.422696679,-0.204651178,-0.882862083,0.212784288,-0.969349047,0.12282237,-0.880937234,-0.135942571,0.453287132,-0.0167577323,-0.0116572967,0.000367674977
-0.42302309,-0.20458399,-0.88272112,0.21282634,-0.96935868,0.1226716,-0.8807702,-0.13597339,0.45360224,0.00670066,-0.01200521,-0.01177666
-0.42340532,-0.20428786,-0.88260649,0.21303238,-0.96937616,0.12217532,-0.88053674,-0.13629408,0.45395914,0.00450406,0.00848848,-0.01550239
-0.424349674,-0.204013722,-0.88221639,0.21315306,-0.969415683,0.121651185,-0.880052913,-0.136424483,0.454857375,0.00628802553,0.000265836687,-0.0191059764
-0.42483461,-0.2040281,-0.8819796,0.21328234,-0.96940396,0.12151746,-0.87978754,-0.13648585,0.45535202,0.00614879,-0.00613767,-0.01058671
-0.42547783,-0.20398947,-0.88167823,0.2136333,-0.96936827,0.12118331,-0.87939127,-0.13679502,0.45602407,-0.00125835,-0.01172954,0.00333078
-0.425747938,-0.203703399,-0.881614048,0.21395816,-0.969362741,0.120653974,-0.879181613,-0.137260341,0.456288482,0.00802067481,-0.000389754743,0.012192484
-0.42565804,-0.20354485,-0.88169415,0.21410311,-0.96935995,0.1204199,-0.87918994,-0.13751577,0.45619559,0.00836079,0.00708955,0.01645293
-0.42544366,-0.20319904,-0.88187735,0.21434376,-0.96936478,0.11995182,-0.87923505,-0.13799217,0.45596472,0.01147833,-0.00722843,0.0161601
-0.425533716,-0.202999264,-0.88187994,0.214556092,-0.969360501,0.11960655,-0.8791397,-0.138316095,0.456050432,0.0234819893,-0.000571072043,0.0204616282
-0.42537486,-0.20273864,-0.8820164,0.21464718,-0.96937792,0.11930032,-0.87919422,-0.13857498,0.45586661,0.03545244,0.00948161,0.0088248
-0.42410883,-0.20206427,-0.88278067,0.21455254,-0.96945711,0.11882795,-0.8798289,-0.13900685,0.45450875,0.0296526,0.0076012,0.00540325
-0.42240271,-0.20159993,-0.88370432,0.21440276,-0.96950691,0.11869153,-0.88068571,-0.13933302,0.45274602,0.03175165,-0.00826865,-0.00471712
-0.42145155,-0.20135808,-0.88421346,0.21421434,-0.96954899,0.11868803,-0.88118711,-0.13938995,0.45175179,0.01435543,-0.01273626,-0.00654311
-0.42020113,-0.20083177,-0.88492793,0.21383028,-0.96965372,0.11852439,-0.88187723,-0.1394203,0.45039367,-0.00225104,-0.005153,-0.01550074
-0.4195699,-0.20041388,-0.88532228,0.21321101,-0.96979432,0.11849168,-0.88232779,-0.13904492,0.44962678,-0.02831025,-0.00935817,-0.01786814
-0.41968912,-0.20008634,-0.88533973,0.21304664,-0.96986635,0.11819604,-0.88231067,-0.13901306,0.44967014,-0.03538581,-0.01372075,-0.00761448
-0.41976761,-0.19926028,-0.88548878,0.2127196,-0.97002941,0.11744421,-0.8823522,-0.13906154,0.44957362,-0.00895613,0.00264519,-0.00304639
-0.41969916,-0.19836959,-0.88572108,0.21250837,-0.97017887,0.11658794,-0.88243556,-0.13929128,0.44933874,0.01003343,-0.01260531,-0.01129363
-0.41976242,-0.19800132,-0.88577361,0.21244876,-0.97023813,0.11620399,-0.88241993,-0.13940344,0.44933473,0.02807077,-0.02357054,-0.00273942
-0.419309778,-0.197136945,-0.886180459,0.212301078,-0.970364806,0.115410842,-0.882670399,-0.139744176,0.448736366,0.0461005419,-0.00411313726,-0.000709319487
-0.41793587,-0.19610559,-0.88705812,0.21197004,-0.97052315,0.11468823,-0.88340151,-0.14009742,0.44718504,0.02537946,-0.00320572,-0.01260622
-0.41722318,-0.19545528,-0.88753685,0.2117902,-0.97062077,0.11419151,-0.88378128,-0.14032827,0.44636138,0.00263246,0.00356585,-0.02457802
