0,1,2,3,4,5,6,7,8,9,10,11
-0.62511945,0.05029489,-0.77890689,-0.05254644,0.99294606,0.10628731,0.77875824,0.10737106,-0.61806708,-0.03569505,0.00585359,-0.02102175
-0.62698514,0.0495332,-0.77745492,-0.05256291,0.9930125,0.10565661,0.77725597,0.10711042,-0.62000047,-0.03289351,0.00794488,-0.02185703
-0.63051566,0.04788907,-0.77469777,-0.05286652,0.99312729,0.10441893,0.77437403,0.10679334,-0.62365058,-0.03069063,0.02420908,-0.01967057
-0.6338808,0.04668711,-0.77202006,-0.05330469,0.99316588,0.10382744,0.77159138,0.10696654,-0.62706015,-0.02956355,0.02303833,-0.01984061
-0.63546602,0.04631061,-0.77073851,-0.05347665,0.99316304,0.10376616,0.77027448,0.10715641,-0.62864483,-0.02563165,0.02352887,-0.02367161
-0.63844446,0.04619673,-0.76828018,-0.05360311,0.99310452,0.10425987,0.76779898,0.10774635,-0.63156579,-0.02092157,0.00585192,-0.02851779
-0.63976427,0.04629207,-0.76717555,-0.05370127,0.99305245,0.10470434,0.76669254,0.10818443,-0.63283353,-0.01176423,0.01063222,-0.02777471
-0.64188775,0.0470333,-0.76535478,-0.05366664,0.99291402,0.10602663,0.76491827,0.10913121,-0.63481523,-0.01500931,0.01684922,-0.02515156
-0.64338621,0.04822607,-0.7640213,-0.05353485,0.99273615,0.10774483,0.76366768,0.1102233,-0.63613097,-0.01067847,0.01945049,-0.01247654
-0.6446269,0.05007076,-0.76285579,-0.05335074,0.99247383,0.11022429,0.76263342,0.11175247,-0.63710402,-0.006261,0.01003188,-0.00367064
-0.64520984,0.05115445,-0.76229088,-0.05318516,0.99232809,0.11160777,0.76215189,0.112553,-0.63753919,-0.00384463,0.00639302,0.00122303
-0.64655449,0.05333892,-0.76100094,-0.05294826,0.99200938,0.11451582,0.76102822,0.11433438,-0.63856392,0.0054583,-0.01046318,-0.00224673
-0.64796675,0.05542632,-0.75964912,-0.05261276,0.99170946,0.11723587,0.75984917,0.1159322,-0.63967862,0.01305667,-0.01092148,-0.00505575
-0.648689563,0.0563444895,-0.758964388,-0.0524359981,0.991576859,0.118430558,0.759244434,0.116621737,-0.640271079,0.0169946812,-0.0151640177,-0.000569531228
-0.65006048,0.0578428,-0.75767798,-0.05205618,0.9913663,0.12034541,0.75809753,0.11767359,-0.64143697,0.02110102,-0.01139021,0.00143187
-0.65146467,0.05889023,-0.7563899,-0.05192807,0.99118365,0.12189525,0.75689974,0.11868832,-0.64266307,0.02478712,-0.013381,-0.00238141
-0.65214798,0.05924562,-0.7557729,-0.05189094,0.9911147,0.12247035,0.75631346,0.11908658,-0.64327914,0.02499459,-0.01122284,-0.00679272
-0.65326264,0.05964725,-0.75477821,-0.05205557,0.99099463,0.12336877,0.75533976,0.11988262,-0.6442748,0.02515404,-0.01392883,-0.00306631
-0.65426775,0.05989349,-0.75388748,-0.05214306,0.99091411,0.12397716,0.75446316,0.12042427,-0.64520011,0.03028676,-0.01293546,-0.00412076
-0.65466267,0.05987361,-0.75354628,-0.05220063,0.9908978,0.1240832,0.75411667,0.12056823,-0.64557836,0.02721728,-0.0119378,-0.00354794
-0.65527192,0.05996037,-0.75300957,-0.05220774,0.99086628,0.12433172,0.75358676,0.12078402,-0.64615645,0.03480677,-0.00574791,0.00420718
-0.65566513,0.06017487,-0.75265017,-0.05202976,0.99084894,0.12454432,0.75325706,0.12081957,-0.64653422,0.03837307,-0.00129056,0.01361213
-0.6558436,0.06028262,-0.75248601,-0.05190207,0.99084684,0.12461426,0.75311046,0.12078305,-0.64671177,0.0426163,0.00774962,0.01355482
-0.65605703,0.06034598,-0.75229473,-0.05149478,0.99089591,0.12439287,0.75295238,0.12034809,-0.64697672,0.04146956,0.0188269,0.0260236
-0.65616323,0.06042261,-0.75219586,-0.05117941,0.99093078,0.12424513,0.75288124,0.12002205,-0.64711995,0.04780673,0.01160306,0.02681677
-0.65637578,0.06060924,-0.7519955,-0.05058186,0.99098944,0.12402179,0.75273646,0.11944224,-0.64739573,0.05320292,0.00261945,0.023216
-0.65658826,0.06088416,-0.75178754,-0.05022938,0.9909944,0.12412534,0.75257451,0.11926109,-0.64761712,0.05652701,0.00991076,0.05086718
-0.6569092,0.06095623,-0.75150176,-0.04990853,0.99102492,0.12401105,0.75231622,0.11897033,-0.64797116,0.06656472,-0.0071252,0.05073958
-0.65719331,0.06116247,-0.75123635,-0.04964365,0.99102533,0.12411411,0.75208537,0.11886108,-0.64825888,0.074717,-0.01708639,0.04056763
-0.65786933,0.06133899,-0.75062991,-0.0491123,0.99106239,0.12402949,0.75152892,0.11846037,-0.64897705,0.08192036,-0.02236879,0.03743259
-0.65843535,0.06167565,-0.75010582,-0.04819234,0.99113667,0.12379659,0.75109262,0.11766142,-0.64962713,0.09086284,-0.03267103,0.02907571
-0.65868214,0.06186189,-0.74987387,-0.04767175,0.99118098,0.12364328,0.75090952,0.11718943,-0.64992414,0.08888684,-0.03733635,0.0210234
-0.65903239,0.06221548,-0.749537,-0.04661201,0.9912785,0.12326501,0.75066891,0.11617305,-0.65038465,0.09670445,-0.05163473,0.01330945
-0.65924073,0.06239351,-0.7493389,-0.04569069,0.99138598,0.12274448,0.75054254,0.11515597,-0.65071122,0.09550588,-0.04587775,0.01169871
-0.65930854,0.06248368,-0.74927145,-0.04515282,0.99145183,0.12241118,0.75051525,0.11453848,-0.65085134,0.09176175,-0.03620142,0.01218411
-0.659441677,0.0628322187,-0.749125273,-0.0437744542,0.991600753,0.121703509,0.750480086,0.113048924,-0.651152416,0.0923352689,-0.0472297072,-0.000290133059
-0.6596049,0.06330481,-0.74894189,-0.04181325,0.99181299,0.12065924,0.7504486,0.11090312,-0.65155773,0.09051081,-0.02883136,-0.01078277
-0.65973668,0.06364125,-0.74879725,-0.04057905,0.99193712,0.12005868,0.75040047,0.1095926,-0.6518348,0.08691175,-0.02387542,-0.01657416
-0.66055383,0.06557719,-0.7479093,-0.03379327,0.99257147,0.11687556,0.7500178,0.1024769,-0.65343081,0.07399829,-0.00309545,-0.03656642
-0.66084763,0.06611358,-0.74760224,-0.03173452,0.99276012,0.11584583,0.74984868,0.10028126,-0.65396509,0.07229939,0.00404662,-0.0459661
-0.66146367,0.0670637,-0.74697262,-0.02741281,0.99316639,0.11344189,0.74947593,0.09551432,-0.65510508,0.06446377,0.02581948,-0.06533882
-0.66146367,0.0670637,-0.74697262,-0.02741281,0.99316639,0.11344189,0.74947593,0.09551432,-0.65510508,0.06446377,0.02581948,-0.06533882
-0.66210722,0.06727861,-0.74638294,-0.02242829,0.99373694,0.10947084,0.74907335,0.08922154,-0.65645146,0.04588737,0.02908891,-0.06995843
-0.6624854,0.06653191,-0.74611426,-0.02080815,0.99402891,0.1071146,0.74878569,0.08648712,-0.65714524,0.03235708,0.03717226,-0.03641646
-0.66281179,0.06513776,-0.7459473,-0.01995563,0.99431859,0.10455767,0.74851992,0.08418792,-0.65774622,0.01829399,0.03889829,-0.04277821
-0.66288906,0.06434553,-0.74594749,-0.01963196,0.9944639,0.1032286,0.74846015,0.08307352,-0.65795601,0.01051504,0.03527886,-0.03541021
-0.66287754,0.06233573,-0.74612833,-0.01942615,0.99476087,0.10036652,0.74847568,0.08102512,-0.65819369,-0.00985698,0.02786452,-0.02538692
-0.66287754,0.06233573,-0.74612833,-0.01942615,0.99476087,0.10036652,0.74847568,0.08102512,-0.65819369,-0.00985698,0.02786452,-0.02538692
-0.663142092,0.0589166971,-0.746170902,-0.0202442811,0.995120772,0.0965650892,0.748219461,0.0791420885,-0.658713744,-0.0345314704,0.0183259845,0.000988136977
-0.66395945,0.05658201,-0.74562476,-0.02135804,0.99529128,0.09454682,0.74746347,0.07870034,-0.65962457,-0.03422676,-0.00341797,0.00821269
-0.66519728,0.05416894,-0.74469999,-0.02254873,0.99545269,0.09254998,0.74632694,0.07835605,-0.66095098,-0.03993874,-0.0059545,0.00734162
-0.66757661,0.05021142,-0.74284625,-0.02470689,0.99567991,0.08950472,0.74413125,0.07810467,-0.66345205,-0.04547037,-0.01840264,0.0125229
-0.66939771,0.04744787,-0.74138733,-0.02610285,0.99583996,0.08730075,0.74244536,0.07779126,-0.66537446,-0.04687903,-0.01429391,0.02683213
-0.6704622,0.04609337,-0.74051047,-0.02678975,0.99591357,0.08624662,0.74145982,0.07766319,-0.66648757,-0.05174738,-0.00736296,0.03416292
-0.67493218,0.04058505,-0.73676286,-0.02890732,0.99626538,0.08136127,0.73731338,0.07621117,-0.67123836,-0.05626117,-0.0296278,0.01921621
-0.67608456,0.03927575,-0.73577626,-0.02925126,0.99636044,0.08006392,0.73624293,0.07565238,-0.67247505,-0.05514109,-0.02420741,0.01458886
-0.67817233,0.0367409,-0.73398366,-0.02939503,0.99659411,0.07704622,0.73431454,0.07382611,-0.67478254,-0.06057232,-0.02105623,-0.0046614
-0.67904004,0.03549225,-0.73324281,-0.0293294,0.9967214,0.07540711,0.73351517,0.07271002,-0.67577278,-0.06201898,-0.02170867,-0.01421906
-0.68045901,0.03322268,-0.73203264,-0.02887488,0.99698024,0.07208767,0.73221702,0.07019006,-0.67744489,-0.06549364,-0.01228499,-0.02088775
-0.68132279,0.03107627,-0.73132321,-0.02838769,0.99722498,0.06882211,0.73143251,0.06765064,-0.67854992,-0.07339069,-0.01434463,-0.02367806
-0.681564711,0.0289145994,-0.731186257,-0.028044621,0.99745278,0.0655854388,0.731220142,0.0652065679,-0.679017717,-0.0901442245,-0.000418961048,-0.0175259355
-0.68149597,0.02786486,-0.73129111,-0.02794394,0.99755527,0.06405168,0.7312881,0.06408613,-0.67905125,-0.09149607,-0.00134796,-0.01582784
-0.68108198,0.02596262,-0.73174665,-0.02778154,0.99773526,0.06125798,0.73167985,0.06205077,-0.67881822,-0.0985737,-0.00204998,-0.00979866
-0.68018429,0.02433363,-0.73263729,-0.02757529,0.99789211,0.05874478,0.73252244,0.06015995,-0.67807953,-0.10663865,-0.00212198,0.00490822
-0.67956195,0.02369019,-0.73323535,-0.02740563,0.99796104,0.05764276,0.73310588,0.05926661,-0.6775271,-0.11626016,0.00395423,0.01237425
-0.67817847,0.02291737,-0.73453973,-0.02663142,0.99809075,0.05572805,0.73441445,0.05735541,-0.67627334,-0.11554542,0.01076275,0.02143498
-0.67665431,0.0228362,-0.73594656,-0.02544285,0.99819683,0.05436677,0.73586106,0.05551209,-0.67485317,-0.10974512,0.01701099,0.02066521
-0.67596059,0.02313285,-0.73657468,-0.02463335,0.99823937,0.05395691,0.73652602,0.05461705,-0.67420064,-0.10797849,0.01820761,0.01416308
-0.67463858,0.02445608,-0.73774282,-0.02264039,0.99829519,0.05379716,0.73780078,0.05299643,-0.67293475,-0.10187224,0.01916224,0.01134577
-0.67365689,0.02672753,-0.73856073,-0.02001921,0.99831919,0.05438779,0.738773,0.05142411,-0.67198953,-0.08780676,0.03780097,0.0154228
-0.67333488,0.0282872,-0.73879612,-0.01834403,0.99832099,0.0549426,0.73910985,0.05054728,-0.67168544,-0.07910177,0.03926522,0.00844599
-0.672922818,0.0317908959,-0.739029113,-0.0148263684,0.998295678,0.0564439395,0.739563973,0.0489395387,-0.671304597,-0.0565937087,0.049076736,-0.000761615112
-0.67287912,0.03556876,-0.73889665,-0.01150342,0.99821951,0.05852759,0.7396628,0.04788184,-0.6712719,-0.02693842,0.033117,-0.01563727
-0.6732537,0.04095926,-0.7382762,-0.00765966,0.99802464,0.06235504,0.73937186,0.04763571,-0.67161004,-0.00714347,0.05342525,0.00170633
-0.673467466,0.0426928335,-0.737983005,-0.00647178903,0.997952048,0.0636382408,0.739188548,0.0476343544,-0.671811938,0.000449053798,0.050167501,-0.00122657942
-0.67416565,0.04624188,-0.73713109,-0.00417377,0.99778366,0.06641045,0.7385683,0.04784826,-0.67247846,0.01643298,0.03567272,-0.01788496
-0.67486839,0.04930538,-0.73628893,-0.00249336,0.99760733,0.06908985,0.73793374,0.0484624,-0.67313071,0.02664276,0.03135782,-0.01184072
-0.67606101,0.0536049926,-0.734892944,-0.00054092357,0.997313884,0.0732442668,0.736845195,0.0499151277,-0.674216036,0.0406555347,0.0113653541,0.00215964112
-0.67721135,0.0563418681,-0.733627947,0.000608539613,0.997106488,0.0760149957,0.735788013,0.051031792,-0.675286117,0.0540735461,-0.0122153163,-0.0118652992
-0.67836084,0.05881774,-0.73237079,0.00170554,0.99691393,0.07848381,0.73472688,0.05199126,-0.67636769,0.063721,-0.00355238,-0.01955618
-0.67954937,0.06115394,-0.73107669,0.00239131,0.99669901,0.08115026,0.73362607,0.05339737,-0.67745242,0.05513322,-0.0026623,-0.02174349
-0.67980695,0.06210231,-0.73075672,0.00239467,0.99659099,0.08246614,0.7333869,0.05431115,-0.6776382,0.04757465,-0.00820094,-0.01271796
-0.67983399,0.06256887,-0.73069195,0.00232281,0.99653254,0.08317155,0.73336225,0.05484559,-0.67762202,0.03962326,-0.01518667,-0.01557411
-0.67979774,0.06299895,-0.73068847,0.00196963,0.996457,0.08408068,0.73339664,0.05571869,-0.6775133,0.02708923,-0.01436853,-0.0076698
-0.67960004,0.06302601,-0.73087028,0.00146359,0.99641695,0.08456429,0.73358129,0.0564002,-0.67725725,0.02149409,-0.0240562,-0.0150339
-0.6793629,0.06293337,-0.73109867,0.0013145,0.99641831,0.08455074,0.73380116,0.05647961,-0.67701236,0.01685549,-0.01828903,-0.02238557
-0.67871111,0.06270364,-0.73172354,0.00129528,0.9964491,0.08418735,0.73440412,0.0561911,-0.6763823,0.00224483,-0.01742095,-0.0273804
-0.677037689,0.0618246922,-0.733346749,0.000958919351,0.996538439,0.0831277341,0.735947571,0.0555773977,-0.674753366,-0.00693087326,0.0102028251,-0.0187962987
-0.675948423,0.0612177613,-0.734401904,0.000440502854,0.996577166,0.082666543,0.736948829,0.0555548115,-0.67366173,-0.0125522176,0.00831133127,-0.00925214961
-0.675440314,0.0608750507,-0.734897418,6.3419226e-05,0.996591549,0.082494123,0.73741439,0.0556732661,-0.673141969,-0.00968198851,-0.000338971615,-0.0184957255
-0.675440314,0.0608750507,-0.734897418,6.3419226e-05,0.996591549,0.082494123,0.73741439,0.0556732661,-0.673141969,-0.00968198851,-0.000338971615,-0.0184957255
-0.67335774,0.05902118,-0.73695705,-0.00238114,0.99663003,0.08199343,0.73931287,0.05696572,-0.670948,0.00614083,-0.00612146,-0.00547486
-0.67238159,0.0580899,-0.73792174,-0.00359599,0.99664772,0.08173366,0.74019592,0.05760977,-0.66991869,0.00115122,0.02703875,0.02395587
-0.67194414,0.05763626,-0.73835558,-0.00417468,0.99665654,0.08159849,0.74058995,0.05791204,-0.6694569,0.00338909,0.02020663,0.0268669
-0.67116851,0.05676409,-0.73912802,-0.00512815,0.99668457,0.08120074,0.74128678,0.05828976,-0.6686522,0.01980451,-0.01946455,-0.00761924
-0.67019282,0.05532969,-0.7401217,-0.00630905,0.99675657,0.08022804,0.74216016,0.05843773,-0.66767002,0.01230948,-0.00502449,-0.00330757
-0.669514594,0.0543911664,-0.740804812,-0.00695592492,0.996812651,0.0794742346,0.742766304,0.0583621443,-0.667002276,0.0109894453,-0.00387716293,-0.00086905295
-0.66787855,0.05212739,-0.74244239,-0.00833707,0.99695774,0.07749686,0.74422339,0.05794829,-0.66541209,-0.00690457,0.0046038,0.00202154
-0.66591629,0.04970788,-0.74436854,-0.00948388,0.99713305,0.07507148,0.74596612,0.05705083,-0.66353572,-0.021085,0.01613384,-0.01379501
-0.66477095,0.04847558,-0.74547261,-0.00991697,0.99723189,0.07369003,0.74698122,0.05637983,-0.66245006,-0.03243206,0.0219093,-0.02107914
-0.66229399,0.04614864,-0.74782136,-0.0108412,0.99740657,0.07115203,0.74916551,0.05523085,-0.66007607,-0.04146076,0.02003759,-0.02072544
-0.65825281,0.04307939,-0.75156314,-0.01276186,0.9975792,0.06835837,0.75268859,0.05458844,-0.65610954,-0.06864484,0.00816029,-0.01186219
-0.65556486,0.04149123,-0.75399803,-0.01449435,0.99761404,0.06749914,0.75499965,0.05517879,-0.65339932,-0.06853168,-0.01550633,-0.0049847
-0.65307964,0.04020958,-0.75622085,-0.0166839,0.99758304,0.06745161,0.7571053,0.056668,-0.65083033,-0.06867126,-0.04015338,-0.00511175
-0.65197578,0.03970426,-0.75719941,-0.01783304,0.99754891,0.06766203,0.75802992,0.05761717,-0.64966969,-0.06391993,-0.049375,-0.01101797
-0.649688101,0.0386129177,-0.759219694,-0.0200474358,0.997491627,0.067886336,0.759936577,0.0593253478,-0.647284351,-0.0702809393,-0.000381588936,0.0324351005
-0.64687544,0.03819537,-0.7616383,-0.02168114,0.99742004,0.06843383,0.76228716,0.06078136,-0.64437841,-0.07008927,0.01798695,0.05236387
-0.64610742,0.03885075,-0.76225696,-0.02116671,0.99740746,0.06877733,0.76295283,0.06057201,-0.64361003,-0.06080774,0.00407296,0.01926471
-0.64616768,0.03978214,-0.76215802,-0.01990663,0.99742223,0.06893926,0.7629359,0.05971832,-0.64371008,-0.04806283,0.00444752,-0.01086656
-0.64662684,0.04073963,-0.76171761,-0.01890482,0.9974102,0.0693938,0.76257199,0.05927204,-0.64418203,-0.03389577,0.00619644,-0.01795971
-0.64744508,0.04209397,-0.76094871,-0.01798393,0.99735158,0.07047268,0.76189988,0.05931204,-0.64497336,-0.0295557,0.02608031,-0.01139927
-0.64794272,0.04291559,-0.76047903,-0.0175495,0.99730532,0.07123276,0.76148678,0.05950078,-0.64544358,-0.02373619,0.02469581,-0.01866732
-0.64914969,0.04485732,-0.75933667,-0.01666328,0.99718151,0.07315312,0.76047793,0.06014038,-0.64657259,-0.01145305,0.00345248,-0.02066078
-0.65060435,0.04701953,-0.75795998,-0.01591537,0.99701799,0.07551048,0.7592502,0.06119065,-0.6479159,-0.00463253,-0.00413042,-0.01100513
-0.65145402,0.048232,-0.75715322,-0.01555325,0.99691846,0.07688747,0.75852845,0.06186486,-0.64869637,0.00133933,-0.01026839,-0.02340741
-0.65340117,0.0506581,-0.75531504,-0.01490395,0.99670421,0.07974077,0.75686519,0.06335988,-0.65049269,0.01964565,-0.01003778,-0.01252132
-0.655521175,0.0530253554,-0.753312697,-0.0144261237,0.996470523,0.0826945175,0.755038803,0.065075402,-0.652442578,0.0335124545,-0.00261557102,-0.000866075046
-0.65664944,0.05416699,-0.75224811,-0.01414308,0.99635777,0.08409027,0.75406316,0.06585695,-0.65349168,0.0359172,0.00130284,-0.00305233
-0.65664944,0.05416699,-0.75224811,-0.01414308,0.99635777,0.08409027,0.75406316,0.06585695,-0.65349168,0.0359172,0.00130284,-0.00305233
-0.66054506,0.05753653,-0.74857847,-0.01267587,0.99606244,0.08774358,0.75067935,0.06744748,-0.6572148,0.05078403,0.01686817,-0.03107654
-0.66124272,0.05809242,-0.74791931,-0.01227967,0.99602533,0.08821989,0.75007149,0.06751896,-0.65790114,0.04898429,0.00529975,-0.03637661
-0.66218644,0.05869542,-0.74703674,-0.01184818,0.99598277,0.08875779,0.74924539,0.06762524,-0.65883085,0.04144126,0.01202482,-0.03886446
-0.66243578,0.05873231,-0.74681286,-0.01196041,0.99596555,0.08893574,0.74902328,0.0678464,-0.65906075,0.03304501,0.02258354,-0.02901582
-0.66258832,0.0585684,-0.74669012,-0.01258119,0.99592692,0.08928201,0.7488779,0.06855148,-0.65915268,0.02729492,0.04008931,-0.01671424
-0.66181805,0.05766343,-0.74744346,-0.01506838,0.99581269,0.09016669,0.749513,0.07093671,-0.65817792,0.01793814,0.00267261,-0.01152771
-0.66127191,0.05701297,-0.74797654,-0.01615412,0.99579411,0.0901839,0.74997229,0.07171899,-0.65756968,0.00417581,0.00987774,-0.00217706
-0.66000549,0.05529754,-0.74922283,-0.0186179,0.99577715,0.08989574,0.75102999,0.07328064,-0.65618886,-0.01511508,0.00284952,0.01455768
-0.65862815,0.05336981,-0.75057343,-0.02125962,0.99576354,0.08945946,0.75216809,0.07487743,-0.65470328,-0.03231138,0.00362593,0.02998026
-0.65793677,0.05235022,-0.75125136,-0.02260173,0.9957588,0.08918279,0.75273389,0.07565622,-0.65396312,-0.04246594,-0.00153184,0.02926243
-0.65547383,0.04800884,-0.75369059,-0.02840121,0.99570447,0.08812485,0.75468386,0.07916925,-0.65129471,-0.05741074,-0.00579232,0.0367224
-0.65494965,0.04704865,-0.7542064,-0.02987536,0.9956675,0.08805504,0.75508167,0.08020381,-0.65070648,-0.05966668,-0.01457071,0.03409909
-0.65414535,0.04532145,-0.75500969,-0.03277826,0.9955668,0.08816082,0.75565816,0.08241791,-0.64975983,-0.06149527,-0.01348466,0.03793397
-0.65376158,0.04432483,-0.75540125,-0.03515413,0.99542599,0.08883293,0.75588354,0.08463103,-0.64921307,-0.05849063,-0.00404227,0.04039928
-0.65372915,0.04402871,-0.75544668,-0.03619075,0.99534451,0.08932819,0.75586272,0.08573663,-0.64909229,-0.05643176,-0.01290268,0.0357215
-0.65405506,0.04416434,-0.75515643,-0.03765859,0.9951553,0.09081716,0.7555088,0.08783756,-0.64922319,-0.04155483,-0.03747976,0.02664249
-0.65444998,0.04452805,-0.75479287,-0.0381001,0.99505412,0.09173699,0.75514463,0.08879497,-0.64951663,-0.03909573,-0.02789205,0.03739992
-0.6559159,0.04605691,-0.75342749,-0.03797967,0.99485885,0.09387976,0.75387782,0.09019216,-0.65079451,-0.01986699,-0.01401073,0.02355828
-0.6580857,0.04829408,-0.75139246,-0.03668085,0.99469964,0.09605798,0.75204884,0.09077611,-0.65282615,-0.00270537,0.00139982,0.00914706
-0.65929034,0.04949981,-0.75025722,-0.03584177,0.99462723,0.09711867,0.75103362,0.09091995,-0.65397397,0.00138276,-0.00608367,-0.0019522
-0.66197204,0.05192904,-0.74772723,-0.03401839,0.99448752,0.09918322,0.7487559,0.09109302,-0.65655639,0.01627742,-0.0017218,-0.00460786
-0.66502391,0.05434137,-0.74484227,-0.03177563,0.99438719,0.1009179,0.74614563,0.09078066,-0.65956453,0.03936128,0.01915342,-0.02789566
-0.66802672,0.05621396,-0.74201073,-0.02985071,0.99431562,0.10220269,0.74353807,0.0904237,-0.66255137,0.05094877,0.03294224,-0.04094486
-0.66935528,0.05660707,-0.74078267,-0.02944616,0.99428824,0.10258568,0.74235857,0.09047949,-0.66386522,0.04680628,0.03137916,-0.04150095
-0.67135937,0.05633989,-0.73898727,-0.03002982,0.99421962,0.10308029,0.74052318,0.09139559,-0.66578678,0.04045286,0.01341814,-0.01614677
-0.67217266,0.05583651,-0.73828585,-0.03070215,0.99419253,0.1031435,0.73975745,0.09199722,-0.66655473,0.03110544,0.02564317,-0.02337298
-0.67331008,0.05455294,-0.73734487,-0.03224778,0.99415841,0.10300067,0.73865659,0.09312913,-0.66761766,0.02021466,0.01443654,-0.01562584
-0.67375431,0.05258964,-0.73708177,-0.03453849,0.99413312,0.10250092,0.73814789,0.09451813,-0.66798511,-0.00371219,-0.00260562,0.01128314
-0.67367395,0.05023513,-0.73731921,-0.0374659,0.99408264,0.10196082,0.73807824,0.09631269,-0.66780547,-0.02322526,-0.02411503,0.042992
-0.67350866,0.04907603,-0.73754834,-0.03890855,0.99405658,0.10167415,0.73815455,0.09717537,-0.66759624,-0.03673344,-0.03146279,0.0597648
-0.67334385,0.04741831,-0.73780725,-0.04111336,0.99399538,0.10140454,0.73818543,0.09861386,-0.66735115,-0.05058713,-0.03167498,0.08138104
-0.67369508,0.04675889,-0.73752882,-0.04187208,0.99397787,0.10126562,0.7378224,0.09910401,-0.66768011,-0.04393861,-0.03259385,0.06461199
-0.67411236,0.04692287,-0.73713669,-0.0415624,0.99398921,0.10128183,0.73745836,0.09891251,-0.66811019,-0.03978168,-0.02864283,0.04508756
-0.67632186,0.04915596,-0.73496415,-0.03732282,0.99420242,0.10083921,0.73565999,0.0956307,-0.67056619,-0.03607573,-0.02814186,0.02009907
-0.67721347,0.05016536,-0.73407441,-0.03564581,0.99426479,0.10083103,0.73492256,0.09445082,-0.67154133,-0.0297935,-0.01415098,0.01119877
-0.67946469,0.05259774,-0.73182047,-0.0317504,0.99438496,0.10094782,0.73302089,0.09182607,-0.67397947,-0.00354257,0.01738888,-0.02619413
-0.68075488,0.05377501,-0.73053448,-0.02975913,0.99444804,0.10093312,0.73190626,0.09045081,-0.67537505,0.00533701,0.03724474,-0.04449767
-0.68506146,0.05631943,-0.72630497,-0.02523099,0.99457456,0.10091993,0.7280482,0.08746174,-0.67992371,0.01012755,0.01171213,-0.04786398
-0.68506146,0.05631943,-0.72630497,-0.02523099,0.99457456,0.10091993,0.7280482,0.08746174,-0.67992371,0.01012755,0.01171213,-0.04786398
-0.68762097,0.05636837,-0.72387852,-0.02486043,0.99456944,0.10106228,0.72564417,0.08748847,-0.68248547,0.01228395,0.02989632,-0.04254111
-0.68872279,0.05563545,-0.72288685,-0.0253842,0.99458982,0.10073102,0.72458012,0.08772567,-0.68358441,0.00390353,0.03992766,-0.0350514
-0.68888734,0.05409423,-0.72284716,-0.02716802,0.9945841,0.1003213,0.7243591,0.0887484,-0.68368676,-0.01433706,0.00264806,-0.00342194
-0.68866642,0.05307684,-0.72313283,-0.02844909,0.99457127,0.10009313,0.72451977,0.08950327,-0.68341785,-0.02789265,-0.01776099,0.00859794
-0.68797931,0.0513345,-0.72391253,-0.03090843,0.9945175,0.09989801,0.7250719,0.09110275,-0.68262079,-0.0444167,-0.0147202,0.04608502
-0.68720854,0.05025804,-0.72471954,-0.03229053,0.99450484,0.09958637,0.72574211,0.09183819,-0.68180936,-0.04432147,0.01786309,0.04034297
-0.68676838,0.04993713,-0.72515878,-0.03268424,0.99450669,0.09943934,0.72614097,0.09199307,-0.68136359,-0.04468139,0.01247936,0.03359316
-0.68564776,0.04928668,-0.72626307,-0.03354277,0.99450624,0.09915751,0.72716031,0.09234799,-0.68022777,-0.05506604,0.00485247,0.04792611
-0.68438699,0.04871408,-0.72748977,-0.03447886,0.99448706,0.09902875,0.72830326,0.09285701,-0.67893441,-0.05920383,-0.025379,0.06118801
-0.68390874,0.04857163,-0.72794883,-0.0348129,0.99447212,0.09906188,0.72873641,0.09309131,-0.67843725,-0.0592088,-0.0241217,0.0507393
-0.68284154,0.04872947,-0.72893918,-0.03442157,0.99451893,0.0987282,0.72975479,0.09250697,-0.67742149,-0.03901368,0.00813884,0.02749274
-0.68266961,0.04864693,-0.72910602,-0.03426059,0.9945534,0.09843649,0.72992351,0.0921792,-0.67728471,-0.04221196,0.01363224,0.02242337
-0.68229169,0.0482932,-0.72948325,-0.03398713,0.99464172,0.09763565,0.73028962,0.09140904,-0.67699444,-0.04256526,-0.01693779,0.01471941
-0.68205113,0.04808895,-0.72972164,-0.03386273,0.99468854,0.09720096,0.73052004,0.0910064,-0.67680002,-0.04426788,-0.01251489,0.01372379
-0.68170686,0.04777867,-0.73006361,-0.03355361,0.9947737,0.09643364,0.73085555,0.09023575,-0.67654091,-0.04286839,-0.0055694,0.00355532
-0.68153079,0.0478615,-0.73022244,-0.03276743,0.99486214,0.09578945,0.73105529,0.08921098,-0.67646089,-0.02802346,0.00437576,-0.02096291
-0.6812809,0.04850485,-0.73041304,-0.0315941,0.99492415,0.09553923,0.73133969,0.08816582,-0.67629036,-0.01589388,0.0212844,-0.03080248
-0.68106769,0.04904005,-0.73057634,-0.03086592,0.99494501,0.09556008,0.73156955,0.0876328,-0.67611123,-0.01055161,0.0254913,-0.03266528
-0.68029534,0.05011059,-0.73122309,-0.02957046,0.99497127,0.09569616,0.73234136,0.08672425,-0.67539253,-0.01341048,0.02451569,-0.0368536
-0.67914257,0.05109002,-0.7322258,-0.02858248,0.99497729,0.0959335,0.73344928,0.08608138,-0.67427115,-0.00401128,-0.00332773,-0.04312189
-0.67847993,0.05158916,-0.73280543,-0.02821757,0.9949648,0.09617076,0.73407697,0.08592791,-0.67360793,-0.005725,0.00522691,-0.04183101
-0.6768759,0.05242027,-0.73422835,-0.02763936,0.99494773,0.09651471,0.73557815,0.08562208,-0.67200727,-0.00383629,0.02190679,-0.03692766
-0.67509765,0.05304709,-0.73581869,-0.02741192,0.99491889,0.09687614,0.73721892,0.08557106,-0.67021329,-0.00281733,0.01528043,-0.03892663
-0.6740874,0.0531648,-0.73673569,-0.02745851,0.99491342,0.09691916,0.73814091,0.08556166,-0.66919877,0.00244821,0.00418633,-0.03491365
-0.67171775,0.05309791,-0.73890181,-0.02788279,0.9949091,0.09684231,0.74028226,0.08565334,-0.66681759,-0.00276297,0.00477308,-0.02272525
-0.669064101,0.0527268408,-0.74133179,-0.0287917071,0.994892561,0.096746205,0.742646605,0.0860736361,-0.664128801,-0.0136497384,-0.000864744186,-0.00891545042
-0.66762842,0.05251883,-0.74264002,-0.02930241,0.99488216,0.09669984,0.74391786,0.08632069,-0.66267268,-0.01628382,-0.00735909,-0.00371069
-0.66481498,0.05226968,-0.74517684,-0.03017399,0.99485579,0.0967031,0.74639813,0.08677465,-0.65981785,-0.01817371,-0.00477982,0.00796124
-0.662055585,0.0523549493,-0.747623682,-0.0305921104,0.994837709,0.0967577083,0.748829976,0.086930378,-0.657036213,-0.0148056354,-0.000393152237,0.00688616186
-0.66070391,0.05260373,-0.74880094,-0.03053558,0.99483235,0.09683062,0.75002505,0.08684146,-0.65568334,-0.01085137,0.00315326,0.00365974
-0.658096,0.05338949,-0.75103873,-0.0301618,0.99481281,0.097148,0.75232963,0.08658539,-0.65307201,-0.00478061,-0.00678688,-0.00634582
-0.656806815,0.0537591505,-0.752140054,-0.0300699124,0.994794727,0.0973614446,0.753459029,0.0865644514,-0.651771423,0.00027521397,-0.00711637735,-0.0105811134
-0.65415159,0.05429497,-0.7544122,-0.0299979,0.99477304,0.09760493,0.75576837,0.0864792,-0.64910363,0.00350995,-0.01513577,-0.01007662
-0.65145159,0.05463699,-0.75672017,-0.02996822,0.99477205,0.09762419,0.75809796,0.086275,-0.64640846,0.01194393,-0.01158082,-0.0192797
-0.64867014,0.05481764,-0.75909289,-0.02993483,0.99479317,0.09741896,0.7604807,0.08591609,-0.64365166,0.01065042,-0.01610249,-0.01908312
-0.64722166,0.05482201,-0.76032781,-0.02995003,0.99481181,0.09722371,0.76171308,0.08569715,-0.64222184,0.01395378,-0.02176929,-0.02760023
-0.6443529,0.05482885,-0.76275999,-0.03005653,0.99483999,0.09690196,0.76413716,0.085365,-0.63938007,0.02022574,-0.03069967,-0.03323698
-0.6415133,0.05453079,-0.76517127,-0.0304043,0.99487898,0.09639189,0.76650913,0.08510117,-0.63657013,0.01976287,-0.01792705,-0.03162272
-0.64001733,0.05425143,-0.76644252,-0.03068211,0.99490411,0.0960438,0.76774733,0.0849858,-0.63509132,0.0244206,-0.01217169,-0.03539463
-0.63690885,0.05347679,-0.76908213,-0.03141099,0.99496287,0.09519577,0.77029893,0.08478866,-0.6320209,0.02601841,-0.00958508,-0.0499669
-0.63364388,0.05238163,-0.77184931,-0.03275251,0.99499417,0.0944133,0.77293109,0.08510442,-0.62875634,0.02871216,-0.01252228,-0.04393751
-0.63195265,0.05162382,-0.77328566,-0.03371765,0.9950029,0.09398055,0.77427311,0.08546464,-0.62705408,0.02867877,-0.02305162,-0.04281095
-0.62829741,0.04982605,-0.77637597,-0.03590602,0.9950263,0.09291618,0.77714416,0.08625558,-0.62338339,0.03794587,-0.01793015,-0.04866198
-0.62406097,0.04756724,-0.7799265,-0.03863588,0.99504591,0.09160188,0.78041992,0.0872983,-0.61913151,0.03671217,0.00671297,-0.04274485
-0.62163124,0.04628012,-0.78194171,-0.04022688,0.9950497,0.09087289,0.78227648,0.0879445,-0.61669228,0.037747,0.01592988,-0.04045067
-0.61329346,0.04269589,-0.7887001,-0.04463103,0.99506932,0.08857269,0.78859296,0.08952157,-0.60836394,0.03439203,0.00809449,-0.03690995
-0.60665343,0.04029688,-0.79394443,-0.04763527,0.99507721,0.08690357,0.79353795,0.09054011,-0.60174745,0.03780879,0.01712054,-0.03203286
-0.59909725,0.03806163,-0.79977092,-0.05093116,0.99503503,0.08550621,0.79905458,0.09195981,-0.59418423,0.03736629,0.00121552,-0.03332672
-0.595018256,0.0370441831,-0.802858043,-0.0524370305,0.995019547,0.0847729897,0.801999792,0.0925409663,-0.590112309,0.0363925919,-7.37905502e-05,-0.0294131078
-0.58628632,0.03536366,-0.80933167,-0.05508909,0.99499369,0.08338312,0.80822864,0.09347173,-0.58140303,0.03417821,-0.01425576,-0.01962245
-0.57686572,0.03393701,-0.8161337,-0.05727691,0.99499667,0.0818595,0.81482838,0.09396755,-0.57203566,0.02422852,0.00665563,-0.01271403
-0.57195619,0.03337449,-0.81960479,-0.05828252,0.99499326,0.08118844,0.81821087,0.09420488,-0.5671474,0.01787589,0.01207715,-0.0100765
-0.56192998,0.03243457,-0.82654849,-0.06038519,0.99495641,0.080096,0.8249776,0.09491965,-0.55713727,0.01350667,-0.00734544,-0.01362175
-0.55158169,0.03169815,-0.83351821,-0.06259163,0.9948874,0.079255,0.831769,0.09588688,-0.54677763,0.0113098,-0.01512957,0.00378888
-0.54632186,0.03140795,-0.83698613,-0.06361258,0.99485454,0.0788535,0.83515608,0.09632225,-0.54151284,0.00511836,-0.02168268,0.01221246
-0.53576138,0.0311515969,-0.843794543,-0.0649825803,0.994834227,0.0779879809,0.841865142,0.0966149001,-0.530969447,0.000352302566,-0.0083566308,0.0228030328
-0.52550779,0.0311271,-0.85021906,-0.06582333,0.99484767,0.07710648,0.84823855,0.09648432,-0.52075131,0.00143063,0.01498193,0.01651381
-0.52061767,0.03134849,-0.85321421,-0.0661391,0.994842,0.07690915,0.85122431,0.09647108,-0.51585896,-0.00273268,0.00896043,0.01498635
-0.51144615,0.03170488,-0.85872996,-0.06654003,0.99485749,0.07636101,0.85673495,0.09619449,-0.50670638,-0.00965831,0.00897044,0.01475334
-0.50305391,0.03211594,-0.86365789,-0.06655567,0.99490216,0.075763,0.8616883,0.09559423,-0.49835192,-0.00580011,0.01349646,0.01067941
-0.49917834,0.03235889,-0.86589471,-0.0664558,0.99492944,0.07549199,0.86394697,0.09522771,-0.49449678,-0.00232121,0.01916772,0.00554002
-0.49207603,0.03261579,-0.86994102,-0.06618576,0.99500405,0.07474216,0.86803262,0.09435654,-0.48745894,-0.00333255,0.02439624,0.00529289
-0.48588829,0.03285,-0.87340339,-0.06575669,0.99508735,0.07400822,0.87154384,0.09339184,-0.48134119,-0.00984499,0.02021056,0.01168849
-0.48317501,0.03296603,-0.87490289,-0.06554617,0.99512452,0.07369456,0.87306674,0.09295391,-0.4786585,-0.00893756,0.01914507,0.01361455
-0.47860082,0.03289076,-0.87741638,-0.0655691,0.99516903,0.07307054,0.87558095,0.09250302,-0.4741321,-0.00442471,0.03838128,0.01521952
-0.47510303,0.03265148,-0.87932416,-0.06625306,0.99514727,0.07274912,0.87743241,0.09282125,-0.47063422,-0.00175443,0.01935774,0.01072237
-0.473678714,0.0324141133,-0.880100957,-0.0667390806,0.995127864,0.0725701636,0.878165283,0.0931120764,-0.469207599,0.000250553247,0.0148559213,0.0108041652
-0.471488701,0.0318030112,-0.881298476,-0.0676546479,0.99509989,0.0721044872,0.879273156,0.0936203874,-0.467026733,0.000479819253,0.00590342283,0.00852505304
-0.469864379,0.0308542546,-0.882199176,-0.0687546531,0.995073779,0.0714210861,0.880056912,0.0942135279,-0.465428349,-0.000735121779,0.0188599229,0.00855559483
-0.469270176,0.0302985886,-0.88253464,-0.0694468685,0.995049535,0.0710883621,0.88031956,0.0946489213,-0.464842928,0.000471681356,0.0208650231,0.00465582544
-0.46767928,0.02791161,-0.88345724,-0.07250082,0.99492198,0.06981324,0.88091963,0.0967016,-0.46328078,,,
-0.46739178,0.02726419,-0.88362973,-0.07317775,0.99490102,0.06940447,0.88101637,0.09710112,-0.46301342,0.00551734,0.00321585,0.00204343
-0.46690588,0.02597982,-0.88392517,-0.0743953,0.99487081,0.06853767,0.88117195,0.09776053,-0.46257826,0.00426706,0.00114667,0.01017509
-0.466730737,0.0247198264,-0.88405365,-0.0755678949,0.994838888,0.0677132122,0.881164808,0.0984099386,-0.46245386,0.00301577873,-0.00061583519,0.0158696063
-0.46675335,0.02409669,-0.88405914,-0.07619971,0.99481559,0.06734644,0.88109865,0.09879923,-0.46249735,0.00168392,0.00777334,0.01120028
-0.46706402,0.02295341,-0.8839255,-0.07757102,0.99474514,0.06681947,0.88081433,0.09977598,-0.46282915,0.00359362,0.00809258,0.0041119
-0.46733207,0.02207972,-0.88380607,-0.07898953,0.99464714,0.06661628,0.88054605,0.10094336,-0.46308643,0.00901427,0.0068168,0.00448451
-0.46733207,0.02207972,-0.88380607,-0.07898953,0.99464714,0.06661628,0.88054605,0.10094336,-0.46308643,0.00901427,0.0068168,0.00448451
-0.46780714,0.02129906,-0.8835738,-0.08116827,0.99444955,0.06694624,0.88009547,0.1030361,-0.46348179,0.00883573,-0.0028885,0.01984632
-0.46780714,0.02129906,-0.8835738,-0.08116827,0.99444955,0.06694624,0.88009547,0.1030361,-0.46348179,0.00883573,-0.0028885,0.01984632
-0.468574128,0.021290422,-0.883167445,-0.082796332,0.994250869,0.0678968021,0.879535551,0.104937726,-0.464117464,0.0107488381,-0.000960171223,0.0156008843
-0.46923008,0.02164138,-0.88281059,-0.08367538,0.99411207,0.06884485,0.87910256,0.1061736,-0.46465644,0.01563258,-0.00385952,0.01390675
-0.46923008,0.02164138,-0.88281059,-0.08367538,0.99411207,0.06884485,0.87910256,0.1061736,-0.46465644,0.01563258,-0.00385952,0.01390675
-0.47010587,0.02212886,-0.88233249,-0.08476886,0.99393223,0.07009255,0.87852976,0.10774524,-0.46537754,0.01357103,-0.00796986,0.0109206
-0.47054995,0.02235348,-0.88209014,-0.08500183,0.99388135,0.07053056,0.87826954,0.10816743,-0.46577073,0.01296533,-0.00849861,0.01807427
-0.47094772,0.02240479,-0.88187655,-0.08513509,0.99385688,0.07071436,0.87804342,0.10838141,-0.4661472,0.01431131,0.00164646,0.01775443
-0.47103326,0.02234974,-0.88183225,-0.08522952,0.99384879,0.07071435,0.87798836,0.10846695,-0.46623098,0.01172397,0.0101015,0.01780924
-0.47120117,0.02212293,-0.88174829,-0.08544965,0.99383808,0.07059904,0.87787689,0.10861144,-0.46640727,0.0047035,0.00796849,0.01507036
-0.471211506,0.0217245851,-0.881752605,-0.0866015734,0.993726665,0.070763567,0.877758384,0.109705776,-0.466374055,0.000375473406,-0.00732380152,0.0156297386
-0.47131985,0.0215279,-0.88169946,-0.087514,0.99362685,0.0710421,0.87760964,0.11064461,-0.46643206,-0.00120693,-0.00527793,0.01876595
-0.47152325,0.02141641,-0.88159351,-0.08821848,0.99354464,0.07131998,0.87742993,0.11140187,-0.46659008,-0.0046326,-0.00839418,0.01810937
-0.4717397,0.02143649,-0.88147711,-0.08846453,0.9935095,0.07150451,0.87728869,0.11171099,-0.4667815,-0.00132434,-0.01256907,0.01820326
-0.47285575,0.02182443,-0.88086938,-0.08850702,0.99346086,0.07212509,0.87668334,0.11206791,-0.46783206,0.003079,-0.00509197,-0.00142846
-0.47285575,0.02182443,-0.88086938,-0.08850702,0.99346086,0.07212509,0.87668334,0.11206791,-0.46783206,0.003079,-0.00509197,-0.00142846
-0.47285575,0.02182443,-0.88086938,-0.08850702,0.99346086,0.07212509,0.87668334,0.11206791,-0.46783206,0.003079,-0.00509197,-0.00142846
-0.47508112,0.02319038,-0.87963638,-0.08733316,0.99347439,0.07335915,0.87559744,0.11167297,-0.46995563,0.00347395,0.00455183,-0.00597862
-0.47567317,0.02360229,-0.87930542,-0.08694387,0.99348326,0.07370061,0.87531471,0.11150762,-0.47052125,0.00767568,0.00549144,-0.00901728
-0.47690418,0.02446461,-0.8786147,-0.08598194,0.99351976,0.07433432,0.87473963,0.11099535,-0.47171021,0.00651239,0.00383884,-0.01497888
-0.478224019,0.025337803,-0.877872369,-0.084883273,0.993570421,0.0749176208,0.874126267,0.110344079,-0.472998485,0.00593036832,0.000584661961,-0.0148932207
-0.47890401,0.02571899,-0.87749042,-0.08431543,0.99360208,0.07513864,0.8738088,0.10997018,-0.47367151,0.00860336,-0.00421548,-0.0152406
-0.480258926,0.0263651499,-0.876730326,-0.0832104587,0.993670634,0.0754631638,0.873170777,0.109195002,-0.475025335,0.00244626636,0.000691056252,-0.0132142929
-0.4815577,0.02678139,-0.87600514,-0.08239175,0.99372292,0.07567268,0.87253301,0.10861635,-0.47632836,0.01048725,0.00264317,-0.01306636
-0.482271318,0.0270264751,-0.875604852,-0.0820570039,0.993735681,0.0758685993,0.872170245,0.108438766,-0.477032504,0.00810820889,-0.0007365942,-0.00809071213
-0.483686016,0.0272168302,-0.874818297,-0.0816801464,0.993750731,0.0760778441,0.87142192,0.108253078,-0.478440257,0.0126605257,0.0074788928,0.000741439406
-0.4850986,0.02732418,-0.8740324,-0.08122008,0.99378322,0.07614599,0.87067936,0.1079273,-0.47986358,0.00481907,-0.01338565,-0.0094019
-0.48580421,0.02733652,-0.87364002,-0.0809486,0.99380815,0.07610965,0.87031114,0.10769433,-0.48058333,0.00379673,-0.01442003,-0.01167652
-0.487168841,0.0273555451,-0.872879239,-0.0804729005,0.993850585,0.0760600226,0.869592206,0.107297199,-0.481971657,0.000183383003,-0.00562345982,-0.00653240457
-0.48853682,0.02748339,-0.87211034,-0.07980841,0.99390658,0.07602853,0.86888572,0.10674447,-0.48336656,-0.00141314,0.01191944,-0.00629521
-0.48924741,0.02772093,-0.8717041,-0.07931536,0.99393872,0.07612416,0.86853069,0.10638311,-0.48408325,0.0032436,0.00646597,-0.0070865
-0.49066744,0.02819623,-0.87089058,-0.07832842,0.9940025,0.07631307,0.86781916,0.10565983,-0.48551609,0.00363114,0.00752646,-0.01129888
-0.4920423,0.02882307,-0.87009405,-0.07741601,0.99404357,0.07670819,0.86712236,0.10510288,-0.48688011,0.00130435,0.00733083,-0.0114652
-0.49270529,0.02909603,-0.86970972,-0.07703002,0.99405913,0.07689493,0.86678023,0.10488029,-0.48753693,0.00113904,0.00897843,-0.00924107
-0.493982405,0.0296839135,-0.868965024,-0.0765211454,0.994054781,0.0774571292,0.866098067,0.10475666,-0.488774124,0.00328278122,0.0207993388,0.000637899851
-0.49521308,0.03026527,-0.86824416,-0.07607858,0.99404295,0.07804267,0.86543397,0.10470254,-0.48996054,0.00222392,0.00776011,-0.01021773
-0.49569781,0.03050755,-0.86795909,-0.07580669,0.99404875,0.07823318,0.86518035,0.10457712,-0.49043511,0.00429719,0.00209469,-0.00915533
-0.49671071,0.03112052,-0.86735798,-0.07531671,0.99404142,0.07879757,0.86464198,0.10446616,-0.49140713,,,
-0.497717881,0.0316236723,-0.866762351,-0.0750142418,0.994020994,0.0793418424,0.864089055,0.104509367,-0.492369797,0.000782913761,-0.00587385893,-0.00261458987
-0.498280918,0.0317809388,-0.86643295,-0.0751047107,0.993989353,0.0796520488,0.863756544,0.104762295,-0.492899029,0.00124512333,-0.00675028563,0.000668006483
-0.4993595,0.03189128,-0.86580751,-0.07530463,0.99394279,0.08004342,0.86311582,0.10516977,-0.49393321,-0.00268631,-0.00667048,0.00401307
-0.50052135,0.0319437,-0.86513455,-0.07559704,0.99388904,0.08043423,0.86241712,0.10566067,-0.49504783,-0.0019481,-0.00901484,0.00129537
-0.501082818,0.0320183747,-0.864806671,-0.0756050048,0.993874703,0.0806037089,0.862090272,0.105772862,-0.495592786,-0.000324943336,-0.00870811939,-0.00217971089
-0.50216723,0.03238667,-0.86416374,-0.07546594,0.99384488,0.0811002,0.86147128,0.1059408,-0.49663224,-0.00158876,-0.00699353,-0.00437639
-0.50325885,0.03297431,-0.86350619,-0.07494865,0.99384048,0.08163206,0.86087917,0.1058007,-0.49768764,0.00510392,-0.00892949,-0.00650503
-0.50325885,0.03297431,-0.86350619,-0.07494865,0.99384048,0.08163206,0.86087917,0.1058007,-0.49768764,0.00510392,-0.00892949,-0.00650503
-0.50488447,0.03430063,-0.86250522,-0.07368201,0.99385063,0.08265528,0.86003648,0.10528247,-0.4992524,0.0049669,-0.00452244,-0.00656508
-0.50488447,0.03430063,-0.86250522,-0.07368201,0.99385063,0.08265528,0.86003648,0.10528247,-0.4992524,0.0049669,-0.00452244,-0.00656508
-0.50642294,0.0357994,-0.86154181,-0.07228476,0.99385845,0.08378723,0.85925014,0.10470812,-0.50072496,0.00194308,-0.002648,-0.00805628
-0.5076054,0.03684989,-0.86080138,-0.07118052,0.99387601,0.08452105,0.85864443,0.10417562,-0.50187384,0.00345117,0.00427407,-0.00865233
-0.50886715,0.03780785,-0.86001448,-0.07028202,0.99387528,0.08527821,0.85797132,0.10383883,-0.50309327,0.00707145,0.00588208,-0.01314999
-0.50947361,0.03822851,-0.85963669,-0.06996061,0.99386506,0.08566068,0.85763755,0.10378256,-0.50367354,0.00732163,0.00280398,-0.01802097
