0,1,2,3,4,5,6,7,8,9,10,11
0.16266324,0.30389584,-0.93871619,0.13929627,-0.94893143,-0.28306522,-0.97679953,-0.08471533,-0.19668791,-0.02661877,-0.01525295,-0.02500125
0.16212766,0.3036335,-0.93889359,0.13826193,-0.94908558,-0.28305458,-0.97703538,-0.08392229,-0.19585386,-0.00957942,-0.00807518,-0.02276267
0.161700445,0.303687087,-0.938950005,0.137789355,-0.949099037,-0.283240346,-0.97717299,-0.0835772272,-0.195314577,-0.0111334855,-0.000949263514,-0.0125207687
0.16135673,0.3040364,-0.93889612,0.13715884,-0.94903853,-0.2837489,-0.97731853,-0.08299309,-0.19483509,0.01771094,-0.00449729,-0.02418899
0.16138181,0.3042281,-0.93882963,0.13683042,-0.94900885,-0.28400599,-0.97736035,-0.08262708,-0.19478033,0.01846739,-0.0111478,-0.01789038
0.161842667,0.304307231,-0.9387246,0.13670335,-0.949007295,-0.284072023,-0.977301877,-0.0823518643,-0.195189513,0.000718163094,-0.00817704108,-0.00883621443
0.16306516,0.30460547,-0.93841638,0.13649495,-0.94896584,-0.28431154,-0.9771279,-0.08172778,-0.19632041,-0.02508483,0.00128758,-0.00352251
0.16296454,0.30450103,-0.93846772,0.13624984,-0.94901534,-0.28426365,-0.97717886,-0.08154119,-0.19614405,-0.01812081,-0.00112462,0.01002943
0.162327695,0.30425783,-0.93865697,0.135711576,-0.949117799,-0.284179182,-0.977359761,-0.0812564621,-0.195359428,-0.0356139541,8.15391468e-05,0.0288562123
0.16115444,0.3045876,-0.93875209,0.13500849,-0.94904648,-0.28475102,-0.97765117,-0.08085064,-0.19406483,0.0044406,0.01767778,0.01460061
0.16029032,0.30465593,-0.93887793,0.13443691,-0.94905145,-0.28500533,-0.97787204,-0.08053625,-0.19308075,-0.00529859,-0.00146103,-0.00807487
0.16023123,0.30465014,-0.93888984,0.1341643,-0.94907402,-0.2850582,-0.97791911,-0.0802903,-0.19294436,-0.00848152,0.00709581,-0.01650266
0.160598932,0.304320155,-0.938934113,0.133776754,-0.949215222,-0.284770683,-0.977911962,-0.079873681,-0.193153954,-0.00473157363,0.00077557558,-0.0160197318
0.16100837,0.30389236,-0.93900255,0.13356575,-0.94937222,-0.28434613,-0.97787348,-0.07963646,-0.19344654,-0.01607414,-0.00966352,0.0068823
0.16116728,0.30382996,-0.93899544,0.13339368,-0.94940891,-0.28430403,-0.97787075,-0.07943555,-0.19354262,-0.01345017,-0.00873679,0.00597285
0.16034466,0.30385009,-0.93912968,0.13294796,-0.94941861,-0.28447985,-0.9780666,-0.07924058,-0.19263031,-0.01072873,0.00869405,0.00192724
0.159042896,0.303786027,-0.939371748,0.132431558,-0.949447931,-0.28462294,-0.978349178,-0.0791352344,-0.191233686,0.00550080417,-0.00012123584,-0.00272827735
0.15865591,0.30364398,-0.93948314,0.13223835,-0.94949719,-0.28454871,-0.97843817,-0.07909038,-0.19079666,0.0085954,-0.00975752,-0.00098002
0.15851917,0.30328358,-0.9396227,0.13185316,-0.94963419,-0.28427068,-0.97851239,-0.07882985,-0.1905242,0.01973518,-0.02624523,-0.01256126
0.159625681,0.302981348,-0.939532772,0.131711147,-0.949763637,-0.283903046,-0.978351522,-0.0784287467,-0.191512578,-0.000357825425,-0.00745189143,0.00438298611
0.16084013,0.30262546,-0.93944037,0.13164493,-0.94990578,-0.28345802,-0.97816154,-0.07808116,-0.19262201,-0.01400454,-0.00842553,0.03839901
0.16384591,0.30253909,-0.93894867,0.13136955,-0.95002561,-0.2831843,-0.97769962,-0.07695067,-0.19540223,-0.0025891,-0.00351077,-0.00311903
0.16612038,0.30287791,-0.93843958,0.13091174,-0.95001258,-0.2834394,-0.9773771,-0.07576773,-0.1974666,-0.01129703,-0.01626485,0.01640818
0.16770816,0.30320572,-0.93805132,0.13080352,-0.94995909,-0.28366914,-0.97712047,-0.07512678,-0.19897628,0.00414683,-0.00516754,0.01569569
0.17056141,0.30351591,-0.93743639,0.13054952,-0.9499506,-0.28381487,-0.97666049,-0.07397398,-0.20164885,-0.01614496,0.03354621,-0.05770939
0.1711599,0.30322707,-0.93742068,0.130359,-0.95006587,-0.2835157,-0.97658114,-0.07367473,-0.20214146,-0.00565956,0.01926184,-0.04902706
0.17068807,0.30266574,-0.93768822,0.12957981,-0.9502837,-0.28314374,-0.97676754,-0.07317616,-0.20142162,0.0534145,-0.02589238,0.10501864
0.17364479,0.3034012,-0.93690717,0.12889768,-0.95017762,-0.28380896,-0.97633638,-0.07148325,-0.20410096,0.08225532,0.02740741,0.06694149
0.18007389,0.30425563,-0.93541536,0.12860286,-0.95008032,-0.28426866,-0.97521007,-0.06910773,-0.21021279,0.00948032,0.00411475,-0.0191539
0.18217671,0.30447081,-0.93493806,0.1281634,-0.95009076,-0.28443223,-0.97487732,-0.06800791,-0.21210643,-0.00715613,-0.01769531,-0.0164972
0.18330212,0.30422233,-0.93479895,0.12626952,-0.9503199,-0.28451366,-0.97491349,-0.06588466,-0.21260963,-0.00490082,0.01930952,0.03430044
0.18402024,0.30325807,-0.93497115,0.12369465,-0.95079825,-0.28404613,-0.97510827,-0.0633807,-0.21247747,0.02215641,0.03798031,0.05219448
0.18473294,0.30224686,-0.93515805,0.12238122,-0.95120349,-0.28325739,-0.97513926,-0.06211882,-0.21270796,0.00548946,0.00697184,0.07057647
0.18434681,0.29961087,-0.93608203,0.11837588,-0.95224028,-0.28147035,-0.97570661,-0.05892138,-0.21100914,0.0301235,-0.01688695,0.13177207
0.18489578,0.29727725,-0.93671758,0.11368345,-0.95322282,-0.28007573,-0.97616067,-0.05470445,-0.21004241,0.01510552,0.02068877,0.06506705
0.1848324,0.29603138,-0.93712448,0.11092093,-0.95374498,-0.27940439,-0.97649036,-0.05230375,-0.20911894,-0.00113454,0.00781512,0.06779789
0.18220898,0.29307701,-0.93856577,0.10410454,-0.95492993,-0.27797652,-0.97773313,-0.04705915,-0.2045074,0.00754699,0.01405001,0.08262016
0.17862934,0.28863363,-0.94062856,0.09594411,-0.95655819,-0.2753015,-0.97922734,-0.04107086,-0.19856196,0.0227625,0.02855897,0.12049159
0.17266149,0.2803764,-0.9442335,0.08061269,-0.95943734,-0.27015025,-0.98167684,-0.0294727,-0.1882596,-0.03142558,0.0496397,0.13818848
0.16470764,0.27462881,-0.94733851,0.06824921,-0.96132712,-0.26681802,-0.9839783,-0.02070816,-0.17708097,-0.01315266,0.09789931,0.04310654
0.15871598,0.27117945,-0.94935282,0.06135186,-0.96239157,-0.26464695,-0.98541616,-0.01624089,-0.16938411,-0.02209892,0.08828663,0.06884228
0.14576376,0.26367703,-0.9535341,0.04634864,-0.96459005,-0.25964914,-0.9882331,-0.00634759,-0.15282327,0.00767725,0.06619071,0.13523167
0.141282043,0.259895252,-0.955245396,0.0388377164,-0.965636399,-0.256978215,-0.989207228,-0.000793153889,-0.146520748,-0.00487148017,0.0843031332,0.1206192
0.13567283,0.25265262,-0.95799768,0.02429514,-0.96749595,-0.25171688,-0.99045578,0.01087646,-0.13740117,-0.03662231,0.14649354,0.09997319
0.13225044,0.24633604,-0.96011891,0.00968788,-0.96890193,-0.24725505,-0.99116896,0.02339806,-0.13052412,-0.01567063,0.18502735,0.13315399
0.12979354,0.23996864,-0.96206486,-0.00507911,-0.97009879,-0.24265777,-0.99152809,0.03638186,-0.12469384,-0.03661092,0.16434191,0.16974628
0.13014172,0.2369545,-0.96276458,-0.01258611,-0.97054964,-0.24057188,-0.99141548,0.0434259,-0.1233266,-0.01026688,0.1695758,0.22176059
0.13280326,0.22924777,-0.96426592,-0.02719372,-0.97167429,-0.23475431,-0.9907693,0.05739812,-0.12280741,-0.0062983,0.25352737,0.24086508
0.13919102,0.21975771,-0.9655735,-0.04187032,-0.97288705,-0.22745801,-0.98937986,0.07208896,-0.12621559,-0.01249341,0.18708871,0.19111851
0.14354508,0.21553086,-0.96588883,-0.04930897,-0.97322659,-0.22449626,-0.9884146,0.07985232,-0.12907426,-0.02452277,0.16378008,0.1735906
0.15336782,0.20944905,-0.96571697,-0.06371263,-0.97314955,-0.22117943,-0.98611301,0.09545017,-0.13590513,-0.0488281,0.13100873,0.14414355
0.16552684,0.20467524,-0.96473249,-0.08284137,-0.97188379,-0.22040621,-0.98271972,0.1164029,-0.14391715,0.03069482,0.1547371,0.06279258
0.1673714,0.19847753,-0.96570874,-0.09479391,-0.97174786,-0.21614789,-0.98132604,0.12772027,-0.14382821,0.0361165,0.10291504,0.10639002
0.17193954,0.19464095,-0.9656871,-0.10563603,-0.97099055,-0.21451829,-0.97942723,0.13889552,-0.14639045,0.01520511,0.0788505,0.08909501
0.17116323,0.19244837,-0.96626428,-0.11920647,-0.96948707,-0.21420639,-0.97800453,0.15184921,-0.14299933,0.0378339,0.0125947,0.08691463
0.16878383,0.19315023,-0.96654278,-0.12575614,-0.96837742,-0.2154772,-0.97759775,0.15791775,-0.13915656,-0.0090955,-0.01938647,0.1182495
0.16785536,0.19492264,-0.96634861,-0.12816446,-0.96762218,-0.21744179,-0.9774448,0.16035032,-0.1374383,0.05957659,-0.07132285,0.05472215
0.16648008,0.20375777,-0.96476266,-0.13217679,-0.96497479,-0.2266111,-0.9771456,0.16524546,-0.13371688,0.13723272,-0.02098048,-0.04412714
0.16685678,0.20934246,-0.9635012,-0.13396751,-0.9633247,-0.23250427,-0.97683751,0.16787277,-0.13269217,0.11675883,0.0318638,-0.096563
0.16831463,0.21875787,-0.96115298,-0.13732711,-0.96035131,-0.24262379,-0.97612054,0.17282949,-0.13159965,0.05407453,0.07202124,-0.22625026
0.16456861,0.22819273,-0.95960666,-0.14208609,-0.95723993,-0.25199712,-0.97607808,0.17781756,-0.12510833,0.0275601,0.17237996,-0.20125028
0.15363888,0.23366531,-0.9601018,-0.14883467,-0.9550804,-0.25626028,-0.97685372,0.18226797,-0.11195984,0.1188296,0.06822514,-0.15342125
0.1473737,0.23555835,-0.9606212,-0.15176624,-0.95433893,-0.25730107,-0.97736781,0.18370927,-0.10489449,0.1881164,0.03981018,-0.106425
0.13664325,0.23758205,-0.9617085,-0.1573034,-0.95329271,-0.25785328,-0.97805118,0.18651393,-0.09288841,0.20343372,-0.02468377,-0.00585662
0.13077337,0.24111792,-0.96164458,-0.16360545,-0.95142725,-0.26080467,-0.97781973,0.19143659,-0.08497297,0.16032261,-0.0389657,0.02106695
0.12993154,0.24376452,-0.96109142,-0.16664557,-0.95015116,-0.2635188,-0.97741859,0.19440104,-0.08283238,0.15100743,-0.00199831,-0.00720229
0.13239166,0.24846291,-0.95955133,-0.17178959,-0.94767073,-0.26908882,-0.97619716,0.20046605,-0.08278047,0.07031325,0.03394985,-0.10276838
0.13367506,0.251752,-0.95851548,-0.17771688,-0.94542776,-0.27309903,-0.97496036,0.20685091,-0.08163955,0.03428063,0.01618886,-0.19049336
0.13277618,0.25312537,-0.95827863,-0.18112475,-0.94436141,-0.27454529,-0.97445585,0.21002105,-0.07954133,0.04623783,0.02019799,-0.19752505
0.13124983,0.25529698,-0.95791277,-0.18714651,-0.94251682,-0.27683591,-0.97352433,0.21560469,-0.07592718,0.04633092,0.08587002,-0.14243957
0.12930127,0.25566354,-0.95808005,-0.19273648,-0.94128461,-0.27719315,-0.97269414,0.22049841,-0.07243365,0.02805918,0.08488511,-0.04005121
0.12824594,0.25524339,-0.95833384,-0.19526534,-0.94089932,-0.27673062,-0.97232937,0.22261896,-0.07082629,0.00830255,0.09804081,0.01361705
0.12592748,0.25293351,-0.95925324,-0.20022284,-0.94057131,-0.27429208,-0.97162388,0.22660532,-0.06780058,-0.01810051,0.1378815,0.04204298
0.123211674,0.246684257,-0.961231341,-0.208593092,-0.940534704,-0.268110495,-0.97021015,0.233540559,-0.0644281534,-0.0549815558,0.139031634,0.000127643347
0.12490941,0.24100501,-0.9624521,-0.21289892,-0.9409428,-0.26324948,-0.96905702,0.23778734,-0.06622272,-0.05862527,0.12949322,0.00870616
0.12628319,0.23745559,-0.96315492,-0.21443446,-0.94143777,-0.26021684,-0.96854036,0.23939462,-0.0679691,-0.06166264,0.11642455,-0.00319131
0.12836854,0.22867746,-0.9650015,-0.21654692,-0.94310863,-0.25229547,-0.9677958,0.2413549,-0.07154584,-0.09652463,0.0570296,-0.05614616
0.12839377,0.21245884,-0.96869814,-0.21866081,-0.94667947,-0.23661149,-0.96731706,0.24219576,-0.07509113,-0.13964775,-0.00666738,-0.06987001
0.12740956,0.20863561,-0.96965873,-0.21882443,-0.94762401,-0.23264725,-0.96741033,0.2418265,-0.07508186,-0.11746493,-0.00897622,-0.08283089
0.12286483,0.20181651,-0.97168627,-0.21774653,-0.94976459,-0.22479638,-0.96824097,0.23920088,-0.0727477,-0.09282881,-0.00316304,-0.0784604
0.11620452,0.1959384,-0.97370663,-0.21398383,-0.95238712,-0.21718564,-0.96990071,0.23359543,-0.06874399,-0.07824646,0.11962055,-0.05038918
0.11376913,0.19060274,-0.97505227,-0.21129364,-0.95433043,-0.21120579,-0.97077873,0.23005105,-0.06829995,-0.04098222,0.10138499,-0.06258982
0.10953758,0.18444697,-0.97671945,-0.20820716,-0.95657554,-0.20399304,-0.97193177,0.22570488,-0.06637785,-0.01826872,0.07526707,-0.07054346
0.10652591,0.18137424,-0.9776276,-0.20637388,-0.95777789,-0.20017889,-0.97265727,0.22308104,-0.06459737,-0.0422709,0.06280827,-0.05802009
0.10024547,0.17425935,-0.97958386,-0.2023596,-0.96039452,-0.19155415,-0.97416706,0.21743064,-0.06101217,-0.04445545,-0.00509572,-0.0220695
0.09465189,0.16807438,-0.98121971,-0.19814056,-0.96274403,-0.18402299,-0.97559287,0.21183754,-0.05782329,-0.05106069,-0.04535627,-0.05455387
0.09168351,0.16525436,-0.98198021,-0.19560882,-0.96393157,-0.18048021,-0.97638687,0.20863105,-0.05605142,-0.05718671,-0.05933296,-0.07734577
0.07958646,0.15895519,-0.98407284,-0.18618756,-0.96746087,-0.17132973,-0.9792856,0.19685764,-0.04740141,-0.02759726,-0.05098891,-0.08807893
0.07673358,0.15786626,-0.98447458,-0.18363654,-0.96825649,-0.1695789,-0.97999468,0.19379791,-0.04530778,-0.01093785,-0.07004022,-0.05182223
0.07224946,0.15527637,-0.9852255,-0.17783404,-0.96997308,-0.1659136,-0.98140465,0.1871938,-0.04246663,-0.01457799,-0.14053695,-0.03245295
0.07015251,0.15421142,-0.98554425,-0.17476224,-0.97079826,-0.1643439,-0.98210834,0.18376506,-0.04115361,-0.00907162,-0.18673848,-0.04297201
0.06436786,0.15434474,-0.98591814,-0.16882287,-0.97204249,-0.1631945,-0.98354243,0.17695001,-0.03651147,-0.01811365,-0.17142485,-0.05272795
0.05731006,0.15633974,-0.98603923,-0.16296859,-0.97294989,-0.16373636,-0.98496534,0.17007716,-0.03028127,-0.01406245,-0.12626223,-0.02353379
0.05281125,0.15760549,-0.98608896,-0.15680151,-0.97390896,-0.16405648,-0.98621712,0.16328426,-0.02672053,0.00737241,-0.146964,-0.0411189
0.05072605,0.15844813,-0.98606337,-0.15375178,-0.97432509,-0.16447138,-0.98680656,0.15995198,-0.0250619,-0.00127487,-0.14341967,-0.03505322
0.04515748,0.15936448,-0.98618645,-0.14734101,-0.97533436,-0.16435756,-0.98805434,0.15272768,-0.02056267,-0.00743095,-0.17502896,0.0059475
0.04078818,0.1610932,-0.98609597,-0.14034921,-0.97620871,-0.16528328,-0.98926153,0.1451394,-0.01720843,0.01048108,-0.16893207,-0.0032075
0.03971938,0.16214391,-0.98596741,-0.13679151,-0.97657344,-0.16610966,-0.98980324,0.14146974,-0.01660899,0.01324277,-0.15187334,-0.01392885
0.0379061,0.16476907,-0.98560348,-0.13008281,-0.977106,-0.16835146,-0.99077825,0.13459162,-0.0156046,0.03097727,-0.18650781,-0.00560275
0.03544083,0.16758737,-0.98521997,-0.12322329,-0.97758388,-0.17072111,-0.9917459,0.12745254,-0.01399568,-0.00469489,-0.17280386,-0.03153909
0.03363957,0.1692571,-0.98499765,-0.1196449,-0.97778588,-0.17210398,-0.99224666,0.12363945,-0.0126415,-0.00103239,-0.14663081,-0.05375972
0.02690799,0.17684496,-0.9838708,-0.10360378,-0.97843347,-0.17870111,-0.99425457,0.10674122,-0.00800581,0.03857996,-0.14586215,-0.05228377
0.02757586,0.1788613,-0.98348775,-0.0993969,-0.97849531,-0.18074033,-0.99466566,0.1027397,-0.00920453,0.07177176,-0.16514985,-0.0322014
0.0289414,0.18198672,-0.98287502,-0.09202067,-0.97862637,-0.18390966,-0.99533646,0.09576742,-0.01157635,0.09279385,-0.11829536,-0.07819375
0.03026137,0.18476613,-0.98231649,-0.08569762,-0.97866824,-0.18671993,-0.9958615,0.08983259,-0.01378179,-0.01295816,-0.10119706,-0.00429486
0.03195375,0.18635833,-0.98196211,-0.08265259,-0.97860614,-0.188411,-0.99606605,0.08718216,-0.0158672,-0.07453737,-0.09159755,-0.01138098
0.03560773,0.19181091,-0.98078575,-0.07572487,-0.97806883,-0.19402877,-0.99649278,0.0811788,-0.02030197,-0.10452022,-0.08426177,-0.07586772
0.028602,0.19477794,-0.98043021,-0.07208644,-0.97787568,-0.19637341,-0.99698816,0.07629239,-0.01392827,-0.11829726,-0.09540819,-0.08747669
0.02241818,0.19703027,-0.98014107,-0.06438464,-0.97806776,-0.19808612,-0.99767332,0.06754676,-0.0092408,-0.01050636,-0.24941401,-0.06089559
0.01960399,0.19791424,-0.98002327,-0.0630029,-0.978019,-0.19876977,-0.99782077,0.06564098,-0.00670388,-0.04521522,-0.2030106,0.02009856
0.01999594,0.19871883,-0.97985247,-0.05978735,-0.97805681,-0.19957476,-0.99801077,0.06257346,-0.00767617,-0.05017075,-0.22615902,-0.01338925
0.02201018,0.19902781,-0.97974666,-0.05946987,-0.97798812,-0.20000657,-0.99798743,0.06266759,-0.00968957,-0.16342138,-0.19577692,-0.15071285
0.01789469,0.19845024,-0.9799475,-0.05891871,-0.97819184,-0.19917062,-0.99810229,0.06130133,-0.00581182,-0.16948676,-0.18620072,-0.06000616
0.00915764,0.19665584,-0.98042976,-0.05640807,-0.97880799,-0.19685743,-0.99836575,0.05710689,0.00212951,-0.05432132,-0.18920438,-0.01153053
0.00578154,0.19496584,-0.98079297,-0.05608831,-0.97920208,-0.19498023,-0.99840905,0.0561383,0.00527406,-0.02199357,-0.19761334,0.02574105
0.00346761,0.19426294,-0.98094335,-0.05632959,-0.97935375,-0.19414726,-0.99840619,0.05592936,0.00754677,-0.02067254,-0.20271938,0.0683727
0.000980593051,0.193557503,-0.981088503,-0.0567619713,-0.979496488,-0.193300142,-0.998387318,0.0558780745,0.0100260989,-0.0365047455,-0.204087958,0.0440828241
0.00523645,0.19568402,-0.98065299,-0.05863335,-0.97891912,-0.19565112,-0.99826582,0.05852348,0.00634761,-0.05264727,-0.10534435,-0.00541219
0.00731054,0.19644625,-0.98048737,-0.06030882,-0.97864213,-0.19652621,-0.99815303,0.06056876,0.00469298,-0.0717148,-0.11885398,-0.00143343
0.00832608,0.1961599,-0.98053652,-0.06332035,-0.97849914,-0.19629,-0.99795847,0.06372223,0.00427396,-0.09189505,-0.16350518,-0.03552599
0.0070318,0.19653057,-0.98047244,-0.06531507,-0.9783126,-0.19656608,-0.99783987,0.06542183,0.0059572,-0.06331686,-0.12404387,-0.03075888
0.00682922,0.19667897,-0.98044413,-0.06609186,-0.97823435,-0.19669605,-0.99779015,0.06614266,0.00631834,-0.02387205,-0.14144789,-0.00758521
0.00877783,0.19758854,-0.98024564,-0.06793222,-0.97790079,-0.19772422,-0.99765123,0.06832583,0.00483898,0.01110886,-0.20371805,-0.01068693
0.01009426,0.19804965,-0.98013992,-0.06899087,-0.97771608,-0.19827042,-0.99756613,0.06962208,0.00379448,0.02020016,-0.18582581,-0.03869042
0.00873704,0.20423485,-0.9788828,-0.07500852,-0.97602824,-0.20430878,-0.99714449,0.07520959,0.00679201,0.03127946,0.05696869,-0.06869838
0.0129898,0.20556704,-0.9785568,-0.07817802,-0.97543484,-0.20594898,-0.99685476,0.07917686,0.00340017,0.0189644,0.08279514,-0.05888506
0.01544523,0.20582306,-0.97846741,-0.07981914,-0.97520736,-0.20639725,-0.99668977,0.08128829,0.00136616,0.01345971,0.11785661,-0.06001645
0.02002312,0.20531852,-0.97849032,-0.08375919,-0.97490155,-0.20627948,-0.9962848,0.08608791,-0.00232318,0.0409728,0.13611339,-0.06477445
0.02356765,0.20327447,-0.97883809,-0.088492,-0.97484255,-0.20457535,-0.99579801,0.0914407,-0.00498653,0.03962393,0.23546241,-0.11261964
0.03110088,0.19845109,-0.97961723,-0.09589684,-0.97497756,-0.20055571,-0.9949053,0.10017965,-0.01129185,-0.00425011,0.26359066,-0.05146364
0.03991032,0.19178597,-0.98062486,-0.10022888,-0.9756884,-0.19489973,-0.99416354,0.10606544,-0.01971735,-0.02850412,0.17168687,0.04122141
0.04450522,0.18734527,-0.98128537,-0.10248356,-0.97622023,-0.19102628,-0.99373857,0.10906728,-0.02424702,-0.03907917,0.13259529,0.05444298
0.05250059,0.1776656,-0.98268932,-0.10726143,-0.97735015,-0.1824308,-0.99284357,0.11498238,-0.03225447,-0.01609043,0.0166192,0.04177821
0.06319342,0.1677386,-0.98380405,-0.1117185,-0.97838952,-0.17399152,-0.99172861,0.12090423,-0.04308833,-0.00573847,-0.17897873,0.05442458
0.07031841,0.16322192,-0.98408025,-0.11375853,-0.97877415,-0.17047056,-0.99101682,0.12393474,-0.05025798,-0.02878697,-0.240476,0.06709068
0.0853312,0.15572833,-0.98410735,-0.11787519,-0.97919543,-0.16517192,-0.98935536,0.13009616,-0.06519942,-0.08366332,-0.32963571,0.05712363
0.09424452,0.15237078,-0.98381962,-0.12201692,-0.9789998,-0.16331285,-0.9880434,0.13543398,-0.07367347,-0.10688715,-0.25081852,0.00455345
0.09677214,0.15204282,-0.98362499,-0.12399983,-0.97872204,-0.16348445,-0.98755211,0.13779007,-0.07585972,-0.09143762,-0.2211294,0.00153213
0.10596897,0.15109517,-0.9828228,-0.1276438,-0.97814376,-0.16413852,-0.98614272,0.14284483,-0.08436635,-0.08130288,-0.32779512,-0.01953184
0.11359477,0.15043092,-0.98207259,-0.12932403,-0.97782211,-0.16473856,-0.98507428,0.14571902,-0.09162096,-0.07544923,-0.38856408,-0.0192452
0.12969144,0.15158615,-0.97989884,-0.13296789,-0.97666026,-0.16868371,-0.98259841,0.15217192,-0.10650834,-0.06460118,-0.32656994,-0.04330084
0.13951431,0.15573552,-0.9778968,-0.13711311,-0.97500364,-0.17483638,-0.98068124,0.15847464,-0.11467352,-0.05505327,-0.14958452,-0.08139196
0.14381488,0.15736723,-0.9770121,-0.13910237,-0.97425847,-0.17739939,-0.97977938,0.16141737,-0.11822253,-0.01959825,-0.11833643,-0.1020927
0.157848623,0.157723726,-0.974785565,-0.143444033,-0.973027628,-0.180667414,-0.976988987,0.168345274,-0.130966403,-0.000867586583,-0.210407302,-0.0933789462
0.17565279,0.15683927,-0.97187827,-0.14905963,-0.97160789,-0.18373599,-0.97310182,0.17714156,-0.14728706,0.00387652,-0.17565702,-0.1628188
0.181798043,0.158041126,-0.97055257,-0.152144219,-0.970593673,-0.186546556,-0.971494429,0.181577761,-0.152406804,-0.000151976943,-0.109550111,-0.185996056
0.18929105,0.16229059,-0.96841658,-0.15716794,-0.96852359,-0.19302928,-0.96926113,0.18874275,-0.15782598,0.03261328,0.0349251,-0.18650876
0.1982788,0.1663886,-0.96591943,-0.16125051,-0.96652004,-0.1995927,-0.96679045,0.19533001,-0.16481017,0.03373618,0.04360509,-0.14530554
0.204444946,0.166965912,-0.96453336,-0.163202528,-0.965740452,-0.201767689,-0.965177265,0.198664667,-0.170191449,0.000901795924,-0.0113881221,-0.107919522
0.21826856,0.16540889,-0.96176854,-0.16753301,-0.96454873,-0.20390781,-0.9614008,0.20563465,-0.18281919,-0.03318007,-0.1421728,-0.06535608
0.2251428,0.16333146,-0.96053815,-0.17278084,-0.96353118,-0.20433891,-0.95888346,0.21196802,-0.18871154,-0.02750259,-0.11215227,-0.08348411
0.22561326,0.16342623,-0.96041161,-0.17573589,-0.96283038,-0.20512047,-0.95823562,0.21505669,-0.18850738,-0.01944576,-0.08619582,-0.08342364
0.24144771,0.16058008,-0.95703554,-0.1846047,-0.96060401,-0.20775222,-0.95269307,0.22683456,-0.20229179,-0.0068822,-0.284426,-0.10173562
0.24711859,0.16083063,-0.95554478,-0.18550985,-0.96003622,-0.2095623,-0.95106173,0.22904971,-0.20740706,-0.04477145,-0.24198948,-0.11447029
0.25276462,0.16626339,-0.95313507,-0.18628045,-0.95833026,-0.21656988,-0.94942592,0.23229163,-0.21126029,-0.04140222,-0.02397632,-0.09085834
0.25308646,0.17416379,-0.95163759,-0.1851068,-0.95677076,-0.22433208,-0.94956969,0.23293,-0.20990671,-0.01009441,0.13606761,-0.14592473
0.25674465,0.17918859,-0.94972292,-0.1821461,-0.95608223,-0.22962914,-0.94916014,0.23194438,-0.21283048,-0.02989486,-0.03959709,-0.08691821
0.26026729,0.18064508,-0.9484873,-0.17923135,-0.95622984,-0.23130122,-0.94875546,0.2301988,-0.21649796,-0.01182644,0.02313971,-0.09612443
0.25529572,0.18511425,-0.94897675,-0.17322003,-0.9568637,-0.23325275,-0.95121973,0.22393021,-0.21221778,0.02193882,0.25317511,-0.11317271
0.25002958,0.18866098,-0.94968001,-0.17001845,-0.95703842,-0.23488485,-0.95319401,0.22019128,-0.20721195,0.04674764,0.32741985,-0.05969388
0.24186585,0.19384559,-0.95074955,-0.1644327,-0.95748082,-0.23704885,-0.95627544,0.21366833,-0.19970727,0.0830704,0.18922316,-0.02254732
0.24017532,0.19474445,-0.95099439,-0.16207312,-0.95787408,-0.23708513,-0.95710399,0.21107262,-0.1984948,0.07309861,0.06767105,0.02814662
0.23720623,0.19653146,-0.95137194,-0.15761536,-0.95856088,-0.23731488,-0.9585878,0.2062434,-0.1964002,0.03950932,0.11454248,0.1020155
0.23037394,0.19973273,-0.95238367,-0.15232496,-0.95924182,-0.23801719,-0.9611061,0.19990476,-0.19056002,0.01660758,0.24232267,0.0638406
0.22790123,0.20310179,-0.95226604,-0.14561182,-0.95989559,-0.23957762,-0.96273472,0.19326123,-0.18918728,0.14654724,0.30419216,0.02289305
0.22961579,0.20373515,-0.95171881,-0.14192678,-0.96038412,-0.239832,-0.96287771,0.1901436,-0.19160399,0.15908065,0.22158645,0.00981348
0.23653443,0.20189971,-0.95041457,-0.13492382,-0.96186953,-0.2379123,-0.96220939,0.18450801,-0.20027406,0.06355226,0.15934752,0.16519737
0.23851682,0.19995497,-0.95033034,-0.1314206,-0.96292589,-0.23558949,-0.96220496,0.18108504,-0.20339584,0.00214537,0.12450694,0.14449611
0.22945078,0.19825552,-0.9529151,-0.11651196,-0.9664011,-0.22911601,-0.96632159,0.16359685,-0.19864246,-0.06404675,0.30633911,-0.01173273
0.22802555,0.19960292,-0.95297588,-0.11389213,-0.96657394,-0.22970287,-0.96697101,0.16091458,-0.19767035,0.0036736,0.27421567,-0.06983458
0.22589832,0.20188226,-0.95300233,-0.11090384,-0.96659998,-0.23105125,-0.96781725,0.1578857,-0.19596374,0.05567452,0.15126739,0.05600426
0.21687448,0.19939127,-0.95561946,-0.11051591,-0.96760986,-0.22697429,-0.96992354,0.15483608,-0.18781395,0.04570604,-0.02922302,0.16388531
0.21014278,0.19782122,-0.95744804,-0.1099019,-0.96832846,-0.22419077,-0.97147391,0.15233743,-0.18174628,0.03382351,-0.05682706,0.11698074
0.19885368,0.19626649,-0.9601753,-0.10786887,-0.96940546,-0.220493,-0.97407466,0.14741886,-0.17159871,0.00344275,-0.00812757,0.06272867
0.1954173,0.19570788,-0.96099456,-0.10470544,-0.97012258,-0.21885856,-0.97511481,0.14339011,-0.1690871,0.02552215,0.01280999,0.01119762
0.19534984,0.1954114,-0.96106865,-0.10267992,-0.97048799,-0.21819765,-0.97534374,0.14130733,-0.16951998,0.05342742,-0.02103692,-0.03447086
0.18901692,0.19457366,-0.9625038,-0.09856178,-0.97146349,-0.21574051,-0.97701487,0.13564469,-0.16444539,0.11969282,0.09336697,-0.00643236
0.18187549,0.19149734,-0.96449464,-0.09599215,-0.97271114,-0.21123003,-0.97862487,0.13100147,-0.1585299,0.09702888,0.09854519,-0.03547689
0.17849161,0.18897023,-0.96562472,-0.09587592,-0.97337407,-0.20820901,-0.97925924,0.12974373,-0.15562152,0.06315111,0.06889497,-0.04571918
0.17395447,0.18247755,-0.96769919,-0.0966566,-0.97477247,-0.20118643,-0.97999861,0.12853179,-0.15192831,0.05049085,-0.08009814,-0.00595076
0.17072205,0.17797307,-0.9691128,-0.09484602,-0.9760165,-0.19594929,-0.98074373,0.12536936,-0.14974754,0.02177574,-0.04154533,0.02437451
0.16652581,0.17626177,-0.97015513,-0.09254059,-0.97675677,-0.19334565,-0.98168499,0.12197577,-0.14634388,-0.03292524,-0.00812369,-0.01706742
0.15923614,0.17593415,-0.97143758,-0.08703369,-0.97765986,-0.19132744,-0.98339663,0.11501403,-0.14036652,0.01936252,0.14144097,-0.10189101
0.1539235,0.17668341,-0.9721576,-0.08394203,-0.97798751,-0.19103366,-0.98451062,0.11100945,-0.13570396,-0.0981336,0.128664,0.00900365
0.14919022,0.17588918,-0.97303922,-0.08293647,-0.97835885,-0.18956691,-0.98532425,0.10898197,-0.13137399,-0.11583127,0.03812062,0.11404584
0.14346212,0.17705455,-0.97368901,-0.07939958,-0.97863554,-0.18965266,-0.98646556,0.10451847,-0.12633906,-0.15048864,0.05106413,0.03312644
0.14301977,0.1837263,-0.9725174,-0.0740658,-0.97787679,-0.195631,-0.98694463,0.10000939,-0.12624798,-0.15615982,0.10464906,-0.01148273
0.1399446,0.18990848,-0.97177684,-0.07320095,-0.97676484,-0.20142486,-0.98744979,0.0993233,-0.12279144,-0.03047024,0.1307566,0.01683621
0.13397416,0.19413956,-0.97178216,-0.0658571,-0.97671047,-0.20420349,-0.988794,0.09135673,-0.11806831,0.06277326,0.10745191,0.21329413
0.1338504,0.19744792,-0.97113247,-0.05948057,-0.97658306,-0.20675429,-0.98921485,0.08543765,-0.11897161,0.11829752,0.09363674,0.298875
0.1356772,0.19889077,-0.97058445,-0.05563106,-0.97656821,-0.20789357,-0.98919002,0.08220106,-0.12143355,0.2058786,0.07220935,0.26488367
0.14431196,0.20317059,-0.96845019,-0.04663289,-0.97621119,-0.21174769,-0.98843282,0.07571936,-0.13140452,0.16544458,0.08209371,0.23992305
0.15737836,0.20601047,-0.96581145,-0.03764416,-0.97603663,-0.21432562,-0.98682065,0.07008738,-0.14585198,0.12925151,0.017331,0.12455502
0.16407633,0.2071479,-0.96445253,-0.03323095,-0.97598706,-0.2152787,-0.98588774,0.06737181,-0.15325264,0.04671481,0.0399456,0.03004255
0.17505987,0.20739079,-0.9624672,-0.02488668,-0.97631849,-0.214902,-0.98424321,0.06157333,-0.16575292,0.0201392,0.04222834,0.01197951
0.1842142,0.20812263,-0.9605988,-0.01751735,-0.97647415,-0.21492148,-0.98272998,0.05641873,-0.17623459,-0.09145665,0.04927086,0.00213685
0.18627291,0.20852719,-0.9601139,-0.01409115,-0.97654949,-0.2148307,-0.98239693,0.05354623,-0.1789662,-0.10056099,0.02708077,-0.04109227
0.19011353,0.21086131,-0.95885052,-0.0077979,-0.97630763,-0.21624642,-0.98173112,0.04858838,-0.18396498,-0.06295502,0.03494453,-0.00310673
0.19401464,0.21185517,-0.95784946,-0.00311579,-0.97626435,-0.21655927,-0.98099362,0.04500012,-0.18874936,-0.00975536,-0.02848166,0.0133862
0.196199359,0.213016255,-0.957146667,-0.000487143916,-0.97609708,-0.217333611,-0.980563833,0.0431069678,-0.19140571,-0.0208363049,-0.030672906,-0.0519413464
0.19649225,0.21786973,-0.9559935,0.00450691,-0.97519115,-0.22131852,-0.98049502,0.03917879,-0.19259941,0.06053062,0.00509369,0.04893264
0.196426051,0.223212935,-0.954773603,0.00943603587,-0.974128566,-0.225796603,-0.980473155,0.035343038,-0.193450315,-0.000498791225,0.000195741639,0.0167026147
0.1950359,0.22601297,-0.95439982,0.01227085,-0.97357292,-0.2280458,-0.98071928,0.03276581,-0.19265492,0.02870939,0.04334414,0.00230227
0.18419926,0.23476569,-0.95443994,0.02299835,-0.97181929,-0.23460205,-0.98261977,0.02126296,-0.18440753,-0.02360865,0.01451373,0.00656979
0.18173478,0.23690541,-0.95438374,0.02554355,-0.9713555,-0.23625425,-0.98301578,0.01855727,-0.18258051,-0.00852011,0.01679945,0.02936587
0.17902409,0.24121951,-0.95381524,0.03169448,-0.97038826,-0.239462,-0.98333403,0.01263879,-0.1813682,-0.01128625,0.04524862,0.01064591
0.18027196,0.24407552,-0.95285313,0.03786555,-0.96972785,-0.24123418,-0.98288766,0.00740744,-0.18405672,0.01620635,0.03228652,0.07257331
0.18211606,0.24514144,-0.95222861,0.04121054,-0.96947546,-0.24169986,-0.98241302,0.00477556,-0.18665938,-0.00508037,0.00161481,0.04604303
0.184246769,0.247247047,-0.951273925,0.0477529021,-0.968952268,-0.242592857,-0.98171933,-0.000729132555,-0.190333141,-0.00201584678,0.0375448428,-0.0156445913
0.18470134,0.24792595,-0.95100893,0.05348691,-0.96875936,-0.24216545,-0.98133808,-0.00613827,-0.1921918,0.01148552,0.01230109,0.0094727
0.18507632,0.24792169,-0.95093724,0.05615839,-0.96874121,-0.24163358,-0.98111825,-0.00868244,-0.19321397,-0.01985453,-0.01962507,0.00725859
0.18594741,0.24882046,-0.9505324,0.06125615,-0.96845799,-0.24152965,-0.98064833,-0.01331416,-0.19532394,-0.03470048,-0.00520164,0.03518067
0.1833932,0.24972743,-0.95079075,0.06535215,-0.9681522,-0.24168202,-0.9808649,-0.0178134,-0.19387267,0.02310054,0.04807448,0.0902684
0.18236377,0.24972453,-0.9509895,0.06722948,-0.9681118,-0.24132869,-0.98092995,-0.01992493,-0.19333729,0.04424358,0.02777195,0.08241914
0.18180577,0.24927371,-0.95121455,0.07097283,-0.96813914,-0.24014393,-0.98076978,-0.02385086,-0.1937048,0.01620876,0.01291549,0.05183433
0.18371099,0.2477899,-0.95123631,0.07477721,-0.96842523,-0.23782585,-0.98013199,-0.02743956,-0.19643948,0.00727083,-0.00449836,0.02323252
0.184798175,0.246977671,-0.951236821,0.0765695865,-0.968583571,-0.236606305,-0.979789038,-0.0291114251,-0.197903285,0.00184892514,-0.000169515595,0.00861820392
0.186561238,0.245538644,-0.951265291,0.080109153,-0.96884243,-0.234364694,-0.979171795,-0.0324816935,-0.200418312,-0.0310011469,0.000265121431,0.00866171904
0.18411476,0.24398591,-0.95214097,0.08257554,-0.96911599,-0.23236823,-0.97942985,-0.03584116,-0.19857563,0.00897784,0.01012647,-0.00986593
0.182627036,0.243067928,-0.952662185,0.0838489678,-0.969278172,-0.231233457,-0.979600228,-0.037650278,-0.197397288,-0.00994137023,-0.00135505188,-0.000154788606
0.18003848,0.24143981,-0.95356854,0.08616555,-0.96955366,-0.22921869,-0.97987838,-0.04089657,-0.19536077,0.01151324,-0.00375813,0.01951159
0.17960879,0.240179,-0.95396788,0.08853909,-0.96974872,-0.22748238,-0.97974563,-0.04360562,-0.19544061,-0.01362663,-0.00231928,0.01153428
0.17931662,0.23947457,-0.95419991,0.08975691,-0.9698581,-0.22653686,-0.97968834,-0.04502421,-0.19540617,0.00357502,-0.01250422,0.02109321
0.17878765,0.2380886,-0.95464588,0.09177426,-0.97008464,-0.2247514,-0.9795981,-0.04742915,-0.19528953,0.00374296,-0.00514018,0.02442362
0.17842331,0.23651905,-0.95510402,0.09360046,-0.97035757,-0.2228109,-0.97949165,-0.04964355,-0.19527252,0.01994844,-0.02539164,0.0113846
0.17830359,0.23609698,-0.95523086,0.09448473,-0.97040937,-0.222212,-0.97942862,-0.05063354,-0.19533498,0.02293918,-0.00327736,0.03314578
0.17814643,0.23538773,-0.9554352,0.09592543,-0.97049638,-0.22121247,-0.97931716,-0.05224232,-0.19547009,0.01706744,0.00634444,0.03318996
0.17893292,0.23489119,-0.95541039,0.09754964,-0.97053293,-0.22033969,-0.97901325,-0.05377394,-0.19657372,0.02084242,0.00878286,-0.00536849
0.18002672,0.2343344,-0.95534163,0.09941385,-0.97057106,-0.21933627,-0.97862513,-0.05548782,-0.19802469,-0.01952793,-0.00503862,0.0092962
0.17913221,0.23427454,-0.95552449,0.10028417,-0.97052334,-0.21915168,-0.97870052,-0.05656686,-0.197346,-0.00941151,0.00981319,0.00513686
0.17811334,0.23408778,-0.9557607,0.10059695,-0.97053441,-0.2189592,-0.97885436,-0.05714707,-0.19641361,0.00609997,0.0156424,0.01464974
0.1765671,0.23356729,-0.9561748,0.10104175,-0.97060638,-0.2184342,-0.9790886,-0.0580453,-0.19497707,-0.00244169,-0.01063055,0.01554728
0.1751696,0.23358094,-0.95642856,0.10182894,-0.97053726,-0.21837665,-0.97925814,-0.05913915,-0.19379396,0.01300153,-0.002801,-0.01697932
0.174637907,0.233737703,-0.956487392,0.102259568,-0.970467747,-0.218483316,-0.979308136,-0.0596545447,-0.193382222,0.0018222197,0.000784397067,-0.0154859368
0.173780195,0.23421201,-0.956527617,0.103452284,-0.970273903,-0.218782876,-0.979335475,-0.0609348523,-0.192844061,-0.000216118991,0.0129282465,-0.0501505435
0.17242579,0.23467393,-0.9566595,0.10498422,-0.97005198,-0.21903712,-0.97941185,-0.06266652,-0.19189895,-0.00331584,-0.00136721,-0.03952302
0.17157046,0.23480605,-0.95678083,0.10572425,-0.96996136,-0.21908222,-0.97948243,-0.06356692,-0.19124128,0.00440598,-0.00235265,-0.03617757
0.170624328,0.23482938,-0.956944295,0.107561332,-0.969820643,-0.218810881,-0.979447692,-0.0655957638,-0.190733443,0.000175727531,0.00703906966,-0.046071969
0.17061042,0.23397947,-0.95715497,0.11002872,-0.96984565,-0.21746943,-0.97917603,-0.068212,-0.19121017,0.0163499,-0.015697,0.01044486
0.170235707,0.233833969,-0.957257228,0.111188173,-0.969791157,-0.217122345,-0.979110267,-0.0694737204,-0.191092579,-0.0172957107,0.00090646738,0.0150208883
0.1705344,0.23354448,-0.95727478,0.11359459,-0.969688,-0.21633652,-0.97878205,-0.07184842,-0.19189456,-0.01670281,0.00426948,0.02510911
0.17071088,0.23282526,-0.95741846,0.11575571,-0.96969178,-0.21517028,-0.97849799,-0.07409477,-0.1924877,-0.00854198,-0.01412523,0.02842396
0.17083107,0.23248795,-0.95747903,0.1167848,-0.96969115,-0.21461675,-0.97835476,-0.07515579,-0.19280442,-0.00278019,-0.00830185,0.03656106
0.17065313,0.23182397,-0.95767173,0.11863568,-0.96969242,-0.21359344,-0.97816311,-0.07716365,-0.19298363,0.03302893,0.00254953,0.0406204
0.170534325,0.231397125,-0.957796096,0.119853062,-0.96968845,-0.212930571,-0.978035395,-0.0784828334,-0.193098767,-2.18302011e-05,0.00324475742,0.0384250283
0.17036521,0.23126452,-0.95785827,0.12036258,-0.96967398,-0.21270952,-0.97800235,-0.07905199,-0.19303435,0.01409253,0.00904262,0.03082895
0.17170243,0.23029788,-0.95785233,0.12175185,-0.9697987,-0.21134522,-0.97759638,-0.08033181,-0.19455591,0.00215511,-0.01559937,0.02085667
0.17268083,0.2298892,-0.95777462,0.1219838,-0.96988744,-0.21080366,-0.97739512,-0.08043125,-0.19552368,-0.01008773,-0.01835608,0.00129922
0.17373289,0.22877993,-0.95784999,0.12207448,-0.97014243,-0.20957434,-0.97719736,-0.08051909,-0.19647381,-0.00175047,-0.01457155,0.00741639
0.172610706,0.228138538,-0.958205738,0.122026303,-0.970266195,-0.209028271,-0.977402174,-0.0808458068,-0.195317124,0.00977930799,-0.000720858516,-0.000476194313
0.17032891,0.22754271,-0.95875565,0.12182423,-0.97037172,-0.20865673,-0.97782766,-0.08125939,-0.1930026,0.0043133,-0.00136518,-0.01078342
0.17052263,0.2272715,-0.95878556,0.12193017,-0.97042542,-0.208345,-0.97778071,-0.08137734,-0.1931908,0.0048654,-0.00413918,-0.03680962
0.1709799,0.22699254,-0.95877017,0.12215024,-0.97047585,-0.20798055,-0.97767335,-0.08155351,-0.19365904,-0.00717746,-0.01529264,-0.02871255
0.17179041,0.22660435,-0.958717,0.12273445,-0.97052548,-0.20740296,-0.97745797,-0.08203781,-0.1945389,-0.01432598,-0.00712109,-0.01249508
0.171542678,0.226851984,-0.958702862,0.123377252,-0.970413365,-0.207546847,-0.977420612,-0.0826790018,-0.194455576,-0.0346167982,0.00065970415,0.00808412768
0.170852066,0.227001517,-0.958790836,0.123720015,-0.970339342,-0.207689392,-0.977498294,-0.0831374579,-0.193869098,0.000323935412,0.00975680258,0.00721653597
0.16883308,0.22711168,-0.95912227,0.12436715,-0.9702225,-0.20784796,-0.97776688,-0.08419171,-0.19205075,0.00907412,0.01141512,-0.01430768
0.16746377,0.2270813,-0.95936957,0.12492176,-0.9701556,-0.20782849,-0.97793172,-0.08504239,-0.19083332,0.01479244,-0.00657952,0.01311552
0.16755853,0.22704154,-0.95936236,0.12544213,-0.97012043,-0.20767832,-0.9778488,-0.08554621,-0.1910324,0.02000186,-0.01324415,0.01002826
0.16901683,0.22717298,-0.95907539,0.12639496,-0.97003603,-0.20749477,-0.97747506,-0.08615221,-0.1926658,0.01028041,-0.01346826,0.00679496
0.17006042,0.22758297,-0.95879368,0.12720112,-0.96989599,-0.20765673,-0.97718944,-0.08664546,-0.19388959,-0.0228487,0.00264013,0.03456547
0.17000009,0.22775269,-0.95876415,0.12741834,-0.96983896,-0.20779073,-0.97717171,-0.08683969,-0.19389259,-0.02481794,0.01392651,0.00895847
0.16861119,0.22798377,-0.95895435,0.12783489,-0.96972454,-0.20806737,-0.97735781,-0.08750537,-0.19265048,-0.0371262,-0.0102855,0.01989877
0.16682277,0.2283215,-0.95918689,0.12781429,-0.9696185,-0.20857501,-0.97766748,-0.08780273,-0.19093722,0.0027875,-0.01275849,0.01753243
0.16631954,0.22849519,-0.95923284,0.12762613,-0.96958759,-0.20883293,-0.97777772,-0.0876902,-0.19042321,0.00395053,0.00459373,-0.01407076
0.16565728,0.22824901,-0.95940602,0.12744293,-0.96964465,-0.20867975,-0.97791402,-0.08770022,-0.18971729,0.01585299,0.00841355,0.00406209
0.16518939,0.2276802,-0.95962182,0.12741927,-0.96976118,-0.20815194,-0.97799624,-0.08788984,-0.18920496,0.01501712,-0.01133323,0.02145959
0.16525429,0.22762438,-0.95962388,0.12741972,-0.96977449,-0.20808954,-0.97798521,-0.08788735,-0.18926306,-0.00169578,-0.015257,0.02383203
0.16505499,0.22778188,-0.95962087,0.12709578,-0.96976563,-0.20832942,-0.97806107,-0.08757796,-0.18901471,-0.01880514,-0.01734537,-0.01147238
0.16404228,0.22775745,-0.95980034,0.12676598,-0.96978086,-0.20845985,-0.97827427,-0.0874738,-0.18795698,-0.04502778,0.00201797,-0.01367441
0.16298902,0.22794867,-0.95993431,0.12647562,-0.96974464,-0.20880375,-0.97848781,-0.08737558,-0.18688758,-0.02911974,0.03026449,-0.03024864
0.15922454,0.22775055,-0.96061284,0.12589978,-0.96976589,-0.2090524,-0.97918159,-0.08765471,-0.18308408,0.02721348,0.02080488,-0.01803181
0.1554963,0.22739083,-0.96130862,0.1255603,-0.96980199,-0.20908991,-0.9798242,-0.0881895,-0.17935183,0.04311327,-0.01014787,0.01196512
0.15483403,0.22735782,-0.96142332,0.12549184,-0.96980237,-0.20912926,-0.97993784,-0.08827046,-0.17868992,0.02907766,-0.01396137,0.0041049
0.15484398,0.22773861,-0.96133158,0.1257666,-0.96969487,-0.20946236,-0.97990104,-0.08846943,-0.17879326,0.02151153,-0.02248585,-0.03735682
0.15587679,0.22857121,-0.96096708,0.126268,-0.96948841,-0.21011632,-0.97967287,-0.08858712,-0.17998208,-0.00778735,-0.00916147,-0.03534309
0.15608651,0.22905321,-0.96081822,0.12660316,-0.96935661,-0.21052182,-0.97959617,-0.088783,-0.18030237,-0.00631797,-0.01212698,-0.0319071
0.15597833,0.22998532,-0.96061305,0.1274225,-0.96907516,-0.21132123,-0.97950712,-0.0894422,-0.18045995,0.012843,-0.01415008,-0.01626183
0.15563186,0.23124636,-0.96036652,0.12833198,-0.96870666,-0.21245778,-0.97944353,-0.09018054,-0.18043792,0.00963448,-0.00727528,-0.00754548
0.15549243,0.23190469,-0.96023031,0.12889578,-0.96850584,-0.21303092,-0.97939161,-0.09064495,-0.1804868,0.02210577,-0.00179911,-0.00120644
0.15633814,0.23345326,-0.9597176,0.13016314,-0.96806083,-0.2142792,-0.9790893,-0.09141986,-0.18173175,0.00353783,-0.00411141,0.00386782
0.1581526,0.23539893,-0.95894475,0.13164572,-0.96752387,-0.21579344,-0.97859956,-0.09211269,-0.18400562,0.0095277,-0.00541002,-0.01285358
0.15933187,0.23633704,-0.95851867,0.13246773,-0.96725986,-0.2164726,-0.97829726,-0.09248183,-0.18542224,-0.00239194,-0.00471222,-0.00550849
0.161155527,0.238325886,-0.957721075,0.133782393,-0.966723559,-0.218054593,-0.977819593,-0.0929855166,-0.187676641,-0.000171686523,-0.00518834544,0.0122603141
0.16295243,0.24083912,-0.9567879,0.13502613,-0.96606904,-0.22017875,-0.97735076,-0.09331269,-0.18994293,0.00357403,0.00268102,0.02073718
