0,1,2,3,4,5,6,7,8,9,10,11
0.31345814,0.93591731,-0.16063219,-0.93191147,0.2706863,-0.24139151,-0.18244158,0.22536112,0.95704098,0.00630011,-0.01492918,0.01648726
0.31345814,0.93591731,-0.16063219,-0.93191147,0.2706863,-0.24139151,-0.18244158,0.22536112,0.95704098,0.00630011,-0.01492918,0.01648726
0.31240912,0.93653948,-0.15904188,-0.93179319,0.26953847,-0.24312636,-0.18482953,0.22414903,0.95686742,0.01665448,-0.02387559,0.00706352
0.31225521,0.93655483,-0.15925329,-0.9317624,0.26923948,-0.24357504,-0.18524414,0.2244438,0.95671813,0.00328556,-0.02030927,0.00503129
0.31189866,0.9366002,-0.15968513,-0.93175605,0.26864051,-0.24426008,-0.18587613,0.22497198,0.95647147,-0.01448984,-0.00903684,-0.00705784
0.31184446,0.93662738,-0.15963154,-0.9317165,0.26853396,-0.24452794,-0.18616506,0.22498602,0.95641197,-0.01558376,-0.00731528,-0.00475912
0.31147744,0.93686768,-0.15893658,-0.93174518,0.26825818,-0.24472139,-0.1866355,0.22431359,0.95647823,-0.01760611,-0.00821543,-0.00222927
0.310901,0.93720788,-0.15805658,-0.93177055,0.26774816,-0.24518253,-0.18746766,0.22349996,0.95650595,,,
0.31058897,0.93735724,-0.15778421,-0.93179187,0.26742856,-0.24545028,-0.1878786,0.2232562,0.95648225,0.00398208,0.00907922,-0.00327475
0.30981969,0.9376339,-0.15765219,-0.93192396,0.26659542,-0.2458544,-0.18849213,0.22309038,0.95640022,0.0016035,0.00738108,-0.00606115
0.30910629,0.93783482,-0.15785745,-0.93206573,0.2657607,-0.2462205,-0.18896189,0.22324182,0.95627218,0.00215114,0.002298,-0.0094196
0.30884998,0.93791562,-0.1578796,-0.93210529,0.26546105,-0.24639431,-0.18918618,0.22325929,0.95622376,0.0072107,0.00360173,-0.01162621
0.308387355,0.938071871,-0.157855454,-0.932167073,0.264926353,-0.246735715,-0.189635779,0.22323783,0.956139707,0.000943007763,0.00240910053,-0.0109997112
0.30807938,0.93815506,-0.157962552,-0.932192259,0.264519503,-0.247076934,-0.190012303,0.223370776,0.956033901,-0.000453417655,0.00599861145,-0.0117800385
0.307976118,0.938174758,-0.158046796,-0.93218164,0.264348038,-0.247300339,-0.190231586,0.223490919,0.955962211,-0.00033008249,0.00479888916,-0.0101914974
0.30777306,0.93819685,-0.15831064,-0.9321956,0.26402599,-0.24759134,-0.19049133,0.22377843,0.95584322,-0.00618519,0.00610197,-0.00662136
0.30772836,0.93808502,-0.15905853,-0.93215641,0.2637231,-0.24806132,-0.19075524,0.22460293,0.95559717,-0.01269677,0.00597632,-0.0086822
0.30773179,0.93800943,-0.15949714,-0.93212204,0.26357109,-0.24835187,-0.1909176,0.22509656,0.95544859,-0.01158227,0.0091778,-0.00727252
0.30773855,0.93785768,-0.16037402,-0.93205332,0.26326648,-0.24893217,-0.19124188,0.22608316,0.95515074,-0.02052308,0.01516819,-0.00880709
0.30779183,0.93774751,-0.16091544,-0.93196728,0.2630914,-0.24943912,-0.19157545,0.22674325,0.9549274,-0.0238142,0.00797236,-0.00729415
0.30789169,0.93771607,-0.16090731,-0.93190755,0.26315535,-0.24959456,-0.19170524,0.22679883,0.95488815,-0.01907847,0.01073754,-0.00557027
0.30818779,0.93772013,-0.16031627,-0.93178921,0.26356524,-0.24960428,-0.19180515,0.22630596,0.95498503,-0.00834191,0.01458216,-0.00109971
0.30858336,0.93775794,-0.15933116,-0.93168984,0.2642344,-0.24926751,-0.1916518,0.22536703,0.95523782,0.00778147,0.02408969,0.00939308
0.30888424,0.93773856,-0.15886155,-0.93162908,0.26468639,-0.24901497,-0.19146243,0.22491684,0.95538189,0.01594271,0.03324735,0.01144445
0.3096461,0.93760327,-0.15817518,-0.93152815,0.26575999,-0.24824773,-0.19072125,0.22421357,0.95569539,0.01841125,0.04783034,0.01055085
0.31046579,0.93740101,-0.15776662,-0.93147596,0.26689517,-0.24722353,-0.18964045,0.22371027,0.95602835,0.02148509,0.0422684,0.00654731
0.31092775,0.93727261,-0.1576194,-0.93144793,0.26751549,-0.24665789,-0.18902008,0.22350704,0.95619873,0.02119036,0.03603578,0.00948318
0.31200044,0.93704306,-0.15686304,-0.9313911,0.26907653,-0.24517019,-0.18752687,0.22259404,0.95670558,0.01872338,0.03152239,0.01667839
0.31317161,0.93687979,-0.15549868,-0.93139069,0.27099694,-0.2430475,-0.18556661,0.22094559,0.95746962,0.02487682,0.02654612,0.01490322
0.31373021,0.93684353,-0.1545884,-0.93142214,0.27201814,-0.24178288,-0.18446187,0.21984165,0.95793709,0.02768648,0.02090216,0.01486408
0.31489023,0.93686519,-0.15207772,-0.93147884,0.27428622,-0.23898554,-0.18218444,0.21691138,0.95904029,0.03788733,0.00969583,0.01121599
0.31608692,0.93704395,-0.14845099,-0.93153121,0.27687469,-0.23577532,-0.17982952,0.21281223,0.96040216,0.05636743,-0.00492966,0.00289204
0.31668391,0.93715041,-0.14649329,-0.93156911,0.27821263,-0.23404399,-0.17857817,0.21058659,0.96112596,0.06579151,-0.0185926,-0.00121535
0.31797537,0.93733853,-0.1424367,-0.93160561,0.28099703,-0.23054663,-0.17607593,0.20600298,0.96257989,0.08418081,-0.03977299,-0.01838923
0.31967128,0.93738919,-0.1382445,-0.93156952,0.28425926,-0.22665978,-0.1731712,0.20124098,0.96411296,0.10793081,-0.0406971,-0.01719736
0.32062436,0.93735021,-0.13628849,-0.93156108,0.28600388,-0.22448984,-0.17144657,0.19893796,0.96489883,0.11527196,-0.03817499,-0.01746304
0.32294739,0.93697041,-0.13338465,-0.93142962,0.28967851,-0.2202845,-0.16776138,0.19537871,0.96627288,0.13742779,-0.0200296,-0.0396199
0.325790148,0.936229423,-0.131662801,-0.931205097,0.293681009,-0.215889718,-0.163455476,0.192939812,0.967500144,0.159187779,0.000124514103,-0.0432724804
0.33129572,0.93405269,-0.13337375,-0.93069374,0.30027351,-0.20891344,-0.15508759,0.19334224,0.96879648,0.16796057,0.01437938,-0.05503108
0.33555107,0.93181884,-0.13827193,-0.93020707,0.3045794,-0.20480768,-0.14872887,0.19734497,0.96898642,0.15030834,0.00591075,-0.06794856
0.33780616,0.93050251,-0.14160537,-0.92991044,0.30670142,-0.20297984,-0.14544268,0.20024815,0.96888962,0.13704664,0.00569892,-0.07440341
0.34234507,0.92753486,-0.14992973,-0.92932519,0.31076678,-0.19944594,-0.13839989,0.20761281,0.968371,0.10730088,-0.00249058,-0.07722033
0.34680283,0.92419272,-0.15998645,-0.92878192,0.31460901,-0.19592185,-0.13073636,0.21653878,0.96748073,0.08914118,-0.00544858,-0.05747636
0.34899483,0.92238751,-0.1655411,-0.9285231,0.31647476,-0.19413539,-0.12667848,0.22146098,0.9669062,0.07572336,-0.00604498,-0.05628604
0.35318917,0.918615,-0.17721117,-0.92807554,0.32012482,-0.1902519,-0.11803858,0.23166027,0.96560883,0.06489811,0.00838733,-0.04886186
0.35707576,0.91464741,-0.18951729,-0.92772537,0.32365433,-0.18593897,-0.10873055,0.24221431,0.96411093,0.05720314,0.02356529,-0.03639669
0.35890463,0.91254826,-0.1960692,-0.92756918,0.32532217,-0.18379579,-0.10393687,0.2478329,0.96321128,0.05785125,0.03261256,-0.03246829
0.36226014,0.90812576,-0.20994109,-0.92732725,0.32844253,-0.17941496,-0.09397775,0.25967898,0.96111134,0.04074173,0.03000271,-0.0229711
0.36535887,0.90344024,-0.22429583,-0.92707626,0.33142776,-0.17517203,-0.08391959,0.27193999,0.95864808,0.01622194,0.02287424,-0.01837742
0.36677068,0.9010862,-0.23135046,-0.92697153,0.33292008,-0.17288184,-0.0787602,0.27786327,0.95738646,0.00521164,0.0107578,-0.01943745
0.369532188,0.896260495,-0.245281397,-0.926687629,0.335988641,-0.168408849,-0.0685264663,0.289531739,0.954712253,-0.000585492293,-0.0218850374,-0.00828734227
0.3735379,0.88831105,-0.26715689,-0.92609494,0.34064451,-0.16220162,-0.05307999,0.30800111,0.94990411,-0.03676941,-0.01519543,0.01142323
0.37565175,0.88258642,-0.28271343,-0.9257713,0.34327087,-0.15846931,-0.0428156,0.32125726,0.94602357,-0.08138617,0.00721878,0.01589141
0.37665031,0.87777812,-0.29604064,-0.9257553,0.34516583,-0.15439436,-0.03334089,0.33221388,0.94261462,-0.12623312,0.02772844,0.0020047
0.37671372,0.87623818,-0.30048856,-0.92587835,0.34604411,-0.1516664,-0.0289136,0.33535067,0.94164958,-0.12219416,0.03688598,0.0104852
0.37514146,0.87401299,-0.30882051,-0.92687581,0.34898908,-0.13823096,-0.01304069,0.33809444,0.94102183,-0.05593231,0.01249743,0.02740608
0.37432751,0.87382813,-0.3103277,-0.92724857,0.34932137,-0.1348504,-0.00943199,0.33822913,0.94101652,-0.05999712,-0.0023616,0.03614202
0.37214083,0.87379606,-0.31303632,-0.92817223,0.34933506,-0.12830203,-0.00275523,0.33829803,0.941035,-0.07444419,-0.02962744,0.03393521
0.36945935,0.87419483,-0.31509252,-0.92924154,0.34872561,-0.12206843,0.00316926,0.33789636,0.94117799,-0.08584755,-0.04812264,0.02923217
0.36788985,0.87463307,-0.31571207,-0.92985035,0.34820333,-0.11888163,0.0059542,0.33730031,0.94137827,-0.08175463,-0.05810368,0.02992801
0.36442409,0.87607575,-0.31573138,-0.93116856,0.34680584,-0.11247557,0.01096036,0.33498796,0.94215866,-0.07912567,-0.08384359,0.03095094
0.36055417,0.87809924,-0.31455118,-0.93261402,0.34489261,-0.10620828,0.01522497,0.33164867,0.94328011,-0.07176279,-0.07647967,0.03032568
0.35850932,0.87930351,-0.31352245,-0.93336981,0.34377475,-0.10314868,0.01708209,0.32961216,0.94396187,-0.06247615,-0.06973153,0.03014342
0.35418216,0.88204482,-0.31072796,-0.93495732,0.34117307,-0.09724026,0.02024173,0.32495816,0.94551175,-0.04475818,-0.0590502,0.03701745
0.34945719,0.88515328,-0.30721855,-0.93667296,0.33804485,-0.09148403,0.02287624,0.31973308,0.94723145,-0.02635685,-0.0421294,0.02914486
0.34704586,0.88669553,-0.30549981,-0.93754366,0.33631017,-0.08892286,0.02389517,0.31727973,0.9480309,-0.01314667,-0.03648353,0.03104795
0.34188065,0.88969921,-0.30257722,-0.93939378,0.33233614,-0.08421439,0.02563188,0.31303042,0.94939716,-0.00182732,-0.04266465,0.02927276
0.33638072,0.89224032,-0.30125604,-0.94133904,0.32774408,-0.08040278,0.02699628,0.31063002,0.95014746,-0.01354781,-0.04298162,0.02317242
0.3334915,0.89334787,-0.30118583,-0.94235184,0.32519986,-0.07885404,0.02750148,0.31012019,0.95029949,-0.0171127,-0.04069132,0.02440974
0.32742127,0.89549385,-0.3014732,-0.94445661,0.31970309,-0.07610305,0.02823211,0.30964611,0.95043266,-0.02452741,-0.0343504,0.0392649
0.32118392,0.89767197,-0.3017052,-0.94657526,0.31403487,-0.07333135,0.02891848,0.30913951,0.95057693,-0.02052797,-0.01087463,0.04503576
0.3180227,0.89877972,-0.30175579,-0.94763396,0.3111373,-0.07199601,0.02917892,0.3088504,0.95066293,-0.01296986,-0.00154698,0.04142122
0.31149654,0.90103175,-0.30184713,-0.94978816,0.30509395,-0.06942717,0.02953565,0.30831715,0.950825,-0.00878872,0.01537561,0.03404775
0.30144641,0.90429406,-0.30229484,-0.95304451,0.29537826,-0.06676607,0.02891514,0.30822685,0.95087334,-0.028013,0.01233411,0.05075018
0.29478866,0.90644884,-0.30240702,-0.95513919,0.28893124,-0.06502099,0.02843661,0.30800827,0.9509586,-0.02911614,0.03126323,0.06891778
0.29478866,0.90644884,-0.30240702,-0.95513919,0.28893124,-0.06502099,0.02843661,0.30800827,0.9509586,-0.02911614,0.03126323,0.06891778
0.28565082,0.90916148,-0.30303292,-0.95793671,0.27998284,-0.06298258,0.02758267,0.3082774,0.95089654,-0.02244487,0.05664146,0.05906094
0.27537033,0.91137057,-0.30589994,-0.96103163,0.26900925,-0.06365639,0.02427533,0.31150862,0.9499332,-0.04660865,0.05560505,0.03662142
0.27316545,0.91162404,-0.30711906,-0.9616891,0.26646855,-0.06440858,0.02312114,0.31294728,0.94948902,-0.06765358,0.05328226,0.02851726
0.26923544,0.91197056,-0.30955121,-0.96285257,0.26178814,-0.06619569,0.02066831,0.31587441,0.94857587,-0.0933467,0.02681386,0.01802367
0.26518562,0.91291219,-0.31027067,-0.96407651,0.25614386,-0.07033333,0.01526577,0.31777606,0.94804289,-0.13210893,0.01996315,0.00372371
0.26330433,0.9147737,-0.30636553,-0.964657,0.25307481,-0.07341618,0.01037419,0.31486847,0.94907862,-0.13546282,0.01656878,0.00179517
0.26213258,0.91763439,-0.29871984,-0.96501848,0.25088199,-0.07614105,0.00507376,0.30822923,0.95129858,-0.0952365,0.03613055,0.01471392
0.26186812,0.91920268,-0.29409438,-0.96510031,0.2502155,-0.07728895,0.00254276,0.30407009,0.95264627,-0.08196621,0.02899301,0.01701264
0.2620183,0.92225643,-0.28423477,-0.96505979,0.2496521,-0.07958233,-0.00243552,0.29515558,0.9554461,-0.05862693,0.00565839,0.00651039
0.26311278,0.92493858,-0.27433589,-0.96473369,0.24995145,-0.08254121,-0.00777492,0.28637874,0.95808494,-0.03175712,0.00420851,-0.01253535
0.26393705,0.92609643,-0.26959728,-0.96448642,0.25045868,-0.08388368,-0.01016138,0.28216292,0.95931269,-0.01310087,-0.00329953,-0.01620351
0.26940502,0.92801128,-0.25732448,-0.96290329,0.25529488,-0.08741668,-0.01543006,0.2713291,0.96236294,-0.00612831,-0.03094673,-0.0192869
0.27124461,0.92786205,-0.25592654,-0.96238164,0.25709538,-0.08788374,-0.01574645,0.27013699,0.96269313,-0.00931233,-0.0132646,-0.00957288
0.2750874,0.92733114,-0.25373959,-0.96128432,0.26087651,-0.0887457,-0.01610197,0.26832872,0.96319282,0.00525573,-0.00735766,-0.00148305
0.27934849,0.9263953,-0.25249981,-0.96005729,0.26511123,-0.08947633,-0.01594992,0.26740937,0.963451,0.01403667,0.00780064,-0.00708764
0.28196064,0.92555269,-0.25268643,-0.95931309,0.26793363,-0.08905046,-0.0147177,0.26751413,0.96344153,0.01069676,-0.01601124,-0.00413071
0.28665135,0.92390777,-0.25342747,-0.95794452,0.27277871,-0.08907367,-0.01316623,0.26830254,0.96324473,0.00212711,0.0502491,-0.00412334
0.29064159,0.92240901,-0.25434024,-0.95676109,0.27693024,-0.08898168,-0.01164302,0.26920464,0.96301261,0.00727073,0.04309785,0.00456532
0.292445592,0.921747025,-0.254672215,-0.956225378,0.278966118,-0.0883791212,-0.0104182842,0.269370127,0.962980369,-0.0228402968,0.0571005344,0.000931503251
0.29563683,0.92047816,-0.25557538,-0.95526475,0.28253903,-0.08741232,-0.00825112,0.26998446,0.96282933,-0.01567709,0.05317414,0.00429407
0.29771183,0.91944622,-0.25687798,-0.95462839,0.28468534,-0.08740064,-0.0072308,0.27124322,0.96248368,-0.04069223,0.00212955,-0.00333895
0.29846864,0.91905594,-0.25739593,-0.95439279,0.28538566,-0.08768953,-0.00713448,0.27182939,0.96231901,-0.04454735,-0.0015167,0.00141951
0.29958284,0.91882872,-0.25691218,-0.95404796,0.28666852,-0.08725598,-0.00652467,0.27124694,0.96248767,-0.04752559,-0.01869804,0.00429113
0.30047056,0.91913636,-0.25476601,-0.95377493,0.28799546,-0.0858599,-0.00554551,0.26878782,0.96318345,-0.00131501,-0.00189108,0.01645768
0.30060485,0.91948648,-0.25334035,-0.95373315,0.28828119,-0.08536402,-0.00545781,0.26727993,0.96360347,0.02741497,-0.00245583,0.0141573
0.30098743,0.92098138,-0.24738588,-0.95360556,0.28889421,-0.08471419,-0.00655186,0.26140646,0.96520657,0.02010205,-0.0355854,-0.01847823
0.30100513,0.92148192,-0.24549301,-0.95359691,0.28896891,-0.0845561,-0.00697709,0.25955322,0.9657036,0.01027449,-0.05056459,-0.0254367
0.30095135,0.92245113,-0.24189276,-0.95360853,0.28905706,-0.08412307,-0.00767863,0.25598796,0.96664947,0.02140046,-0.06937355,-0.02486691
0.30089876,0.92304435,-0.23968523,-0.95362074,0.28906618,-0.0839534,-0.00820783,0.25383029,0.96721394,0.00881949,-0.08215129,-0.03000139
0.30080296,0.92312743,-0.23948555,-0.95364717,0.28887709,-0.08430376,-0.00864122,0.25374354,0.96723293,0.00688933,-0.0803265,-0.02573909
0.30030446,0.92352121,-0.23859113,-0.9537894,0.28808092,-0.08541125,-0.01014556,0.25321507,0.96735681,0.03925718,0.02693141,0.00139312
0.30011407,0.92370497,-0.23811875,-0.95385276,0.28802942,-0.08487542,-0.00981467,0.25260255,0.96752035,0.03609852,0.05393434,0.0012925
0.2994364,0.92408276,-0.2375055,-0.9540735,0.2876417,-0.08370164,-0.00903076,0.25166102,0.96777331,0.04062557,0.01302481,-0.02879567
0.29930548,0.92381622,-0.2387043,-0.9541113,0.28731744,-0.08438151,-0.00936912,0.25300633,0.96741925,0.03599662,0.00802761,-0.03312325
0.29847345,0.92282278,-0.24354007,-0.95435689,0.28568772,-0.08709472,-0.01079657,0.2584196,0.96597243,0.02191029,-0.04065764,-0.04335788
0.29847345,0.92282278,-0.24354007,-0.95435689,0.28568772,-0.08709472,-0.01079657,0.2584196,0.96597243,0.02191029,-0.04065764,-0.04335788
0.29847345,0.92282278,-0.24354007,-0.95435689,0.28568772,-0.08709472,-0.01079657,0.2584196,0.96597243,0.02191029,-0.04065764,-0.04335788
0.29579973,0.91934377,-0.2594407,-0.9551767,0.28129616,-0.09224895,-0.01182884,0.27509893,0.96134315,0.048682,-0.04135025,0.00982608
0.29528603,0.91767157,-0.26586657,-0.95535496,0.28065007,-0.09237107,-0.01015084,0.28127283,0.95957415,0.03012679,-0.00429225,0.0398944
0.29507258,0.91662513,-0.26968614,-0.95543284,0.28041485,-0.09228037,-0.0089625,0.28489639,0.95851642,0.02109085,0.00969005,0.01917795
0.29435386,0.91464466,-0.27709385,-0.95567566,0.27978775,-0.0916673,-0.00631553,0.29179446,0.9564602,-0.01271201,-0.00601029,0.02142518
0.29342639,0.91293059,-0.28365223,-0.9559729,0.27894304,-0.09113991,-0.00408162,0.29790671,0.95458626,-0.06114173,0.02760375,0.01451882
0.2927246,0.91233484,-0.28628207,-0.95619121,0.27827348,-0.0908967,-0.00326353,0.3003481,0.95382407,-0.06741719,0.03579032,0.0080137
0.29118226,0.9118194,-0.28947945,-0.95666552,0.27689382,-0.09011651,-0.0020149,0.30317533,0.95293267,-0.045694,0.05082285,0.01830876
0.28964875,0.91171084,-0.29135346,-0.957132,0.2754742,-0.08951078,-0.00134761,0.30479042,0.95241849,-0.02390927,0.04301596,0.00866682
0.28893242,0.91182815,-0.29169744,-0.95734857,0.27478032,-0.08932752,-0.00129865,0.30506576,0.9523304,-0.0228233,0.0378567,0.008736
0.28772266,0.91204032,-0.29222944,-0.95771232,0.27347709,-0.08942767,-0.0016436,0.30560212,0.95215789,-0.01976253,0.00703084,0.00444179
0.28690104,0.91227738,-0.29229742,-0.95795657,0.27237468,-0.09017349,-0.00264882,0.3058791,0.95206668,-0.01971913,0.00958872,0.01064095
0.28667805,0.91283836,-0.29076059,-0.95801827,0.2718632,-0.0910565,-0.00407279,0.30465788,0.95245314,-0.05041935,0.01180458,0.01769621
0.28691149,0.91362975,-0.2880319,-0.9579407,0.27187409,-0.09183682,-0.00559646,0.30226654,0.95320702,-0.04586869,-0.00720906,0.01377176
0.2870138,0.91414412,-0.28629274,-0.95790392,0.27184171,-0.0923151,-0.00656302,0.30073666,0.95368463,-0.05344636,-0.00136161,0.01373152
0.287373182,0.915501193,-0.281556545,-0.957779071,0.271993873,-0.0931581981,-0.00870481309,0.296440153,0.955011756,-0.0274266917,-0.000514388084,0.0131594008
0.28750855,0.91708428,-0.27621608,-0.95771795,0.2720435,-0.09364148,-0.01073433,0.29145981,0.95652285,-0.0050221,-0.00525033,0.01793539
0.28754123,0.91894873,-0.26991341,-0.95767275,0.27187972,-0.09457431,-0.01352496,0.28568273,0.95822881,-0.01786184,-0.00812232,-0.00134512
0.28737843,0.92012386,-0.26605581,-0.95769787,0.27165181,-0.09497405,-0.01511335,0.28209458,0.95926755,-0.00723451,-0.0242815,-0.00550467
0.28728568,0.92068758,-0.26419932,-0.95771271,0.27152007,-0.09520082,-0.0159148,0.28037689,0.95975805,0.00796979,-0.03249669,-0.00385935
0.28698078,0.92172729,-0.26088448,-0.95777976,0.27116527,-0.09553635,-0.01731568,0.27728698,0.96063109,0.02020064,-0.03522992,-0.01339768
0.28657518,0.92261331,-0.2581849,-0.95788132,0.27074975,-0.09569767,-0.01838843,0.27473506,0.96134412,0.01862953,-0.03335989,-0.02555792
0.28632202,0.92305802,-0.25687263,-0.95795045,0.27054837,-0.09557449,-0.01872434,0.27343634,0.96170784,0.04630225,-0.03580266,-0.01969239
0.28602325,0.92376103,-0.25466887,-0.95802777,0.27032051,-0.09544415,-0.01932537,0.2712791,0.9623067,0.0618874,-0.01972198,-0.01459804
0.28591449,0.923928,-0.25418487,-0.95806032,0.27026778,-0.09526672,-0.01932161,0.27076257,0.96245223,0.04467588,0.03726172,-0.01810015
0.28584415,0.92395131,-0.25417897,-0.95808542,0.27026029,-0.09503446,-0.01911276,0.27069022,0.96247675,0.04868085,0.03476262,-0.02655511
0.28578637,0.92387652,-0.25451558,-0.95811888,0.27040557,-0.09428092,-0.01828153,0.2708004,0.96246191,0.04638711,0.00413221,-0.01396672
0.28571216,0.92319951,-0.2570432,-0.95815833,0.27034045,-0.09406714,-0.01735357,0.27316421,0.96181088,0.03599091,0.02711189,0.01212732
0.28549447,0.92265304,-0.25923791,-0.95823324,0.27006982,-0.09408173,-0.01679246,0.27527019,0.96122023,0.03176425,0.02333307,0.01059973
0.28493511,0.92093306,-0.26588406,-0.95841659,0.26914437,-0.09486312,-0.01580137,0.28185752,0.95932615,-0.00228173,0.02138412,0.00686463
0.28428121,0.91894921,-0.27334319,-0.95862384,0.26799353,-0.0960196,-0.01498293,0.28932987,0.95711218,-0.04492012,0.00763708,0.00747491
0.28391267,0.91811774,-0.27650217,-0.95873768,0.26740302,-0.09652841,-0.01468692,0.29249868,0.95615313,-0.03538791,0.00389761,0.01906977
0.28305827,0.9166341,-0.28224088,-0.95900051,0.26620011,-0.09723938,-0.01400039,0.29819356,0.95440274,-0.02434986,0.01485586,0.04013034
0.28198169,0.91518893,-0.28795056,-0.9593273,0.26478915,-0.09786624,-0.01331993,0.30383533,0.95263145,-0.05759064,0.02101791,0.02730199
0.28132782,0.91457957,-0.29051483,-0.95952546,0.26404235,-0.09794151,-0.01286708,0.30631004,0.95184484,-0.07320865,-0.00320303,0.0187758
0.28018343,0.91395162,-0.29358075,-0.95986767,0.2628182,-0.09788073,-0.0122999,0.30922323,0.95090994,-0.07752319,-0.0085091,0.01427754
0.27925318,0.91380008,-0.29493584,-0.96013799,0.26177817,-0.09801685,-0.01236003,0.31055061,0.95047649,-0.0407893,-0.02074593,0.01659907
0.27898638,0.9136935,-0.2955177,-0.96021441,0.26143797,-0.09817538,-0.01244268,0.31114996,0.95027937,-0.01128763,-0.01830751,0.02140508
0.27898638,0.9136935,-0.2955177,-0.96021441,0.26143797,-0.09817538,-0.01244268,0.31114996,0.95027937,-0.01128763,-0.01830751,0.02140508
0.27962135,0.91142604,-0.30185147,-0.96003638,0.26152143,-0.0996822,-0.01191235,0.31766169,0.94812928,-0.03838495,0.01343501,-0.00727229
0.28014691,0.91072808,-0.3034666,-0.95988361,0.26184861,-0.10029288,-0.01187726,0.31938937,0.94754913,-0.0557767,0.01194108,-0.02178213
0.28383123,0.90733533,-0.31013275,-0.9587949,0.26439378,-0.1039623,-0.01233152,0.32686147,0.9449918,0.01045999,-0.00106591,0.00670079
0.28507622,0.90600691,-0.31286271,-0.95842722,0.2652859,-0.10507469,-0.01220032,0.32981043,0.94396834,-0.00295317,0.00876391,0.0057517
0.28777273,0.90303072,-0.31893933,-0.95762519,0.26719932,-0.10751017,-0.01186464,0.33636284,0.94165772,-0.05923513,-0.00320596,0.00354231
0.28777273,0.90303072,-0.31893933,-0.95762519,0.26719932,-0.10751017,-0.01186464,0.33636284,0.94165772,-0.05923513,-0.00320596,0.00354231
0.28777273,0.90303072,-0.31893933,-0.95762519,0.26719932,-0.10751017,-0.01186464,0.33636284,0.94165772,-0.05923513,-0.00320596,0.00354231
0.28777273,0.90303072,-0.31893933,-0.95762519,0.26719932,-0.10751017,-0.01186464,0.33636284,0.94165772,-0.05923513,-0.00320596,0.00354231
0.29809283,0.89411948,-0.3342022,-0.95451631,0.27691746,-0.11052343,-0.0062747,0.35194768,0.93599865,-0.08035585,0.01350915,0.02155198
0.300321,0.89233566,-0.33696332,-0.95383008,0.27950146,-0.10994099,-0.00392255,0.35442335,0.93507684,-0.0949562,0.00740898,0.00120958
0.30210659,0.89146035,-0.33768331,-0.95327285,0.2819364,-0.10854812,-0.00156114,0.35469744,0.93497983,-0.05692114,0.00632465,0.01774089
0.302948921,0.891010751,-0.338114769,-0.953006649,0.283135172,-0.107761767,-0.000284757045,0.354871969,0.934914855,-0.0463219695,0.00493693352,0.0195295159
0.30451665,0.88995983,-0.33947167,-0.95250348,0.28548412,-0.1059993,0.00257863,0.35562652,0.93462459,-0.06755705,0.02178347,0.00416607
0.3062657,0.88906,-0.34025512,-0.95193278,0.28791497,-0.10454117,0.00502115,0.35591739,0.93450393,-0.07126156,0.02984321,-0.01425421
0.30724593,0.88893404,-0.3397,-0.95161187,0.28920661,-0.1038954,0.0058873,0.35518401,0.93477786,-0.059445,0.02261209,-0.00914219
0.309132634,0.889089657,-0.337574408,-0.950990501,0.291735548,-0.102505208,0.00734610682,0.352717782,0.935700909,-0.00949651096,0.00946676731,-0.000282582827
0.31089204,0.88874381,-0.33686889,-0.95040291,0.29404256,-0.10135751,0.00897294,0.3516724,0.93608013,-0.00464253,0.00922132,0.01063244
0.31391386,0.88648287,-0.34000915,-0.94938361,0.2973556,-0.10124442,0.01135219,0.35458113,0.93495634,-0.06216664,-0.00441325,-0.02190772
0.31596556,0.88546233,-0.34076714,-0.94869262,0.29946492,-0.10150419,0.01216967,0.3553551,0.93465216,-0.04737693,-0.00514686,-0.00940845
0.31685758,0.88523321,-0.34053389,-0.94839018,0.30045177,-0.10141348,0.01253941,0.35509265,0.93474701,-0.03424687,-0.0016948,0.00423901
0.31844524,0.8846547,-0.34055652,-0.94784598,0.30224972,-0.10115915,0.01344221,0.35500877,0.93476633,-0.0173476,-0.00548828,0.01679887
0.31982074,0.88364979,-0.34187374,-0.94736152,0.30389718,-0.10075994,0.01485794,0.35610316,0.93432851,-0.02403352,0.0096252,0.01651623
0.32063603,0.88299777,-0.34279349,-0.94707353,0.30483171,-0.10064417,0.01562573,0.35692081,0.93400394,-0.03779063,0.01126099,0.00988691
0.32214075,0.88201077,-0.34392198,-0.94654585,0.30646339,-0.10065358,0.01662195,0.35796254,0.93358799,-0.05696017,0.00865179,-0.00334153
0.32361829,0.88179113,-0.34309691,-0.94602855,0.30819208,-0.10023727,0.01735138,0.35701811,0.93393629,-0.05436546,0.00360906,0.00744524
0.323873488,0.882018268,-0.342271419,-0.945932133,0.308705459,-0.0995656743,0.0178423085,0.356012219,0.93431095,-0.0467933342,0.000840842724,0.0140012223
0.32408905,0.88247872,-0.34087758,-0.94583843,0.30944416,-0.09815252,0.01886505,0.35422528,0.93496981,-0.05264044,0.00985467,0.02041763
0.32424473,0.88292289,-0.33957698,-0.94577238,0.30996607,-0.09713723,0.01949266,0.35265877,0.93554895,-0.05718295,0.01204288,0.02189645
0.32432102,0.88327219,-0.33859421,-0.94574344,0.31019364,-0.09669112,0.01962517,0.35158223,0.93595127,-0.05356989,0.01284742,0.02004873
0.32438928,0.88425353,-0.33595717,-0.94572509,0.31045336,-0.09603488,0.01937984,0.34887582,0.93696856,-0.04250481,0.02269161,0.00957198
0.32438741,0.88560551,-0.3323788,-0.94573806,0.31061465,-0.09538356,0.01876951,0.34528451,0.93831035,-0.03467118,0.0191344,0.0067609
0.32429222,0.88643208,-0.33026146,-0.94577848,0.31060918,-0.09499946,0.01837165,0.34316178,0.93909662,-0.03771817,0.01053441,0.00524335
0.32428773,0.88809232,-0.32577525,-0.94579648,0.31077202,-0.09428572,0.01750742,0.33869278,0.94073412,-0.03915862,-0.00858003,0.01370277
0.32448288,0.88969499,-0.32117513,-0.94575127,0.31100531,-0.09396811,0.01628417,0.33424287,0.94234628,-0.02949872,0.00334382,0.01205128
0.32470083,0.89046191,-0.31882095,-0.9456892,0.31119062,-0.09397961,0.01552879,0.33202081,0.94314422,-0.02666352,0.00498593,0.00349135
0.325329162,0.892047161,-0.313707943,-0.945502837,0.311647021,-0.0943418891,0.0136087035,0.327303939,0.944821107,-0.0259126574,0.000932335854,-0.0069114794
0.32606792,0.89385489,-0.30773869,-0.94528114,0.31210874,-0.09503496,0.01110046,0.32188744,0.94671287,-0.01002154,-0.0018549,-0.01026343
0.32606792,0.89385489,-0.30773869,-0.94528114,0.31210874,-0.09503496,0.01110046,0.32188744,0.94671287,-0.01002154,-0.0018549,-0.01026343
0.32766795,0.89667284,-0.29767684,-0.94476695,0.31330731,-0.09619724,0.00700687,0.312756,0.94980766,0.03302394,-0.02257419,-0.00314245
0.32911899,0.89804285,-0.29188975,-0.94427838,0.31442226,-0.09734933,0.00435274,0.30766471,0.95148488,0.04372523,-0.0346508,-0.00937919
0.33005395,0.89849556,-0.28943037,-0.94395705,0.3151458,-0.09812253,0.00305007,0.30559559,0.95215651,0.05878155,-0.02842742,-0.01362514
0.3322613,0.89888966,-0.285656702,-0.943187186,0.316833315,-0.100072597,0.000551324821,0.302678001,0.953092713,0.0638810173,-0.0159112811,-0.0341383778
0.3322613,0.89888966,-0.285656702,-0.943187186,0.316833315,-0.100072597,0.000551324821,0.302678001,0.953092713,0.0638810173,-0.0159112811,-0.0341383778
0.33578323,0.89833554,-0.28327165,-0.94193494,0.3193279,-0.10386624,-0.0028502,0.30170001,0.95339864,0.04650675,-0.01919597,-0.04284179
0.33795166,0.89779644,-0.28240072,-0.9411498,0.3207597,-0.10653733,-0.00506608,0.30178586,0.95336227,0.03338365,-0.0208903,-0.04616144
0.33980659,0.8974485,-0.28127837,-0.94046605,0.32188624,-0.10914539,-0.00741276,0.3016211,0.95339905,0.04140863,-0.01207346,-0.03353544
0.34058441,0.89736055,-0.28061772,-0.94017553,0.32235,-0.11027443,-0.0084988,0.30138767,0.95346381,0.04685542,-0.01049894,-0.03486233
0.34174251,0.89724949,-0.27956277,-0.93973502,0.32293054,-0.11231162,-0.0104922,0.30109659,0.95353592,0.04600142,-0.01566541,-0.03225597
0.34265706,0.89700671,-0.27922219,-0.93937959,0.32324316,-0.11436685,-0.01233119,0.30148424,0.95339141,0.05227175,-0.01579738,-0.03939678
0.34305026,0.89686094,-0.27920761,-0.93922316,0.32331043,-0.11545622,-0.01327746,0.30184555,0.95326437,0.04637384,-0.01684958,-0.0416486
0.34336007,0.89674339,-0.27920417,-0.93907769,0.32292272,-0.11770226,-0.01538739,0.30260868,0.95299066,0.03686582,-0.01964146,-0.03094542
0.34340217,0.89692865,-0.27855665,-0.9390228,0.32232363,-0.11976438,-0.01763474,0.30269841,0.95292323,0.04986307,-0.01486897,-0.02613625
0.34284919,0.8976657,-0.27685866,-0.9391593,0.32100252,-0.12221778,-0.02083839,0.30191665,0.95310655,0.05806473,-0.01220626,-0.01177802
0.342404017,0.898252082,-0.275504501,-0.939270476,0.320065894,-0.123809699,-0.0230327156,0.301166176,0.953293466,0.0650418475,-0.00691479445,-0.00078992825
0.342074797,0.898562873,-0.27489927,-0.939362528,0.319484895,-0.124609209,-0.024143042,0.300855741,0.953364011,0.0591529794,-0.00586366653,-5.27445227e-05
0.34148131,0.89912159,-0.27380821,-0.93950943,0.31826398,-0.12661016,-0.02669463,0.30048039,0.95341436,0.07548726,-0.01121104,0.00664017
0.34070591,0.89943439,-0.27374653,-0.93970755,0.31665356,-0.12915164,-0.02948063,0.30124442,0.95309112,0.07610881,-0.01408762,0.0040744
0.34030577,0.89941956,-0.27429252,-0.93980087,0.31568459,-0.1308339,-0.03108466,0.30230389,0.95270462,0.07228573,-0.01973683,-0.00126542
0.33946497,0.8992177,-0.27599097,-0.93998569,0.31354271,-0.13460242,-0.03450193,0.30512037,0.95168859,0.06319553,-0.01894832,-0.00666043
0.33848128,0.89898494,-0.27795047,-0.94019433,0.31109467,-0.13876124,-0.03827537,0.30829555,0.9505203,0.04304482,-0.01724064,0.00156716
0.33786885,0.89892563,-0.27888587,-0.94033593,0.30975788,-0.14077774,-0.04016163,0.30981082,0.94994963,0.03222455,-0.01422131,0.00293458
0.33664958,0.8989471,-0.28028753,-0.94059758,0.3071026,-0.14478984,-0.0440814,0.31238122,0.94893351,0.01937564,-0.00964171,0.00626065
0.33515017,0.89928165,-0.28101052,-0.94093645,0.3042537,-0.14855405,-0.04809344,0.31420095,0.94813753,0.01185099,-0.01320702,0.00475466
0.33437977,0.89950949,-0.28119889,-0.94109656,0.30277771,-0.15054194,-0.05027316,0.31497349,0.94776806,0.01919116,-0.00886732,0.00237961
0.332771906,0.89982126,-0.28210731,-0.94143226,0.299718615,-0.154512214,-0.0544805688,0.317002249,0.946858722,0.0164680015,0.00526160002,0.000298272818
0.33127125,0.89989414,-0.28363685,-0.94173067,0.29675983,-0.15835695,-0.05833248,0.31956863,0.94576594,-0.0029415,0.01138508,-0.00108792
0.330606481,0.899895971,-0.284405709,-0.941852326,0.295403142,-0.160159889,-0.0601128958,0.320818074,0.945231296,-0.00503992615,0.0195263624,-0.00057637709
0.3296042,0.89986506,-0.28566402,-0.9420055,0.2932159,-0.16324848,-0.06314038,0.32290446,0.94432304,-0.00253646,0.03367746,-0.00803
0.32893764,0.89970899,-0.28692116,-0.94208217,0.2915833,-0.16571163,-0.06543083,0.3248121,0.94351253,0.0019896,0.02452481,-0.00815845
0.32883836,0.8994527,-0.28783681,-0.9420491,0.29098837,-0.16694044,-0.0663979,0.32605285,0.94301689,0.00420479,0.01947117,-0.00549597
0.32877424,0.89867334,-0.29033358,-0.94198052,0.29001839,-0.1690026,-0.06767609,0.3290523,0.9418835,-0.00571049,0.01165593,-0.00174237
0.32892247,0.89766873,-0.29325907,-0.94187664,0.28934764,-0.170723,-0.06839888,0.33236849,0.94066614,-0.02032446,0.00720227,0.00979912
0.32903584,0.89721354,-0.29452191,-0.94181324,0.28909564,-0.17149754,-0.06872495,0.33381348,0.94013054,-0.0217614,0.01139033,0.01403727
0.32899385,0.89662625,-0.29635181,-0.94176449,0.28839839,-0.17293353,-0.06958936,0.33598769,0.93929207,-0.00935991,0.00257796,0.03007006
0.328783134,0.896320924,-0.297507083,-0.941756922,0.287591854,-0.174312475,-0.0706793015,0.337490355,0.938671773,-0.000372164417,0.00224941969,0.0406759381
0.328664852,0.896293918,-0.29771874,-0.941753965,0.287232296,-0.174919662,-0.0712650414,0.337867771,0.938491687,0.00722874282,-0.000323355198,0.0422267355
0.32822953,0.89633918,-0.29806257,-0.94182157,0.28636999,-0.17596645,-0.07236949,0.33847916,0.93818682,0.01654126,-0.01314038,0.05149346
0.32742761,0.89637421,-0.29883859,-0.94199401,0.28498801,-0.17728282,-0.07374631,0.33955144,0.93769201,0.02831922,-0.001194,0.05266237
0.32665683,0.89640096,-0.29960071,-0.94217098,0.28371802,-0.1783757,-0.07489404,0.34054274,0.93724144,0.01239827,-0.00822794,0.04254963
0.32580296,0.89662606,-0.29985675,-0.94235438,0.28238095,-0.1795248,-0.0762928,0.34106104,0.93694011,0.01121087,-0.00990808,0.04152349
0.32538978,0.8968389,-0.29966882,-0.94243002,0.28174294,-0.18012908,-0.07711721,0.34102907,0.93688425,0.01477516,-0.00798333,0.03786352
0.32435461,0.89743092,-0.29901828,-0.9426321,0.28025259,-0.1813927,-0.07898674,0.34069977,0.93684832,0.01064214,-0.01066315,0.037678
0.32435461,0.89743092,-0.29901828,-0.9426321,0.28025259,-0.1813927,-0.07898674,0.34069977,0.93684832,0.01064214,-0.01066315,0.037678
0.32435461,0.89743092,-0.29901828,-0.9426321,0.28025259,-0.1813927,-0.07898674,0.34069977,0.93684832,0.01064214,-0.01066315,0.037678
0.321702868,0.898950276,-0.297314046,-0.94311699,0.276409187,-0.184738411,-0.0838903181,0.339832808,0.93673693,0.00372499507,-0.000830471516,0.0200227499
0.321702868,0.898950276,-0.297314046,-0.94311699,0.276409187,-0.184738411,-0.0838903181,0.339832808,0.93673693,0.00372499507,-0.000830471516,0.0200227499
0.321702868,0.898950276,-0.297314046,-0.94311699,0.276409187,-0.184738411,-0.0838903181,0.339832808,0.93673693,0.00372499507,-0.000830471516,0.0200227499
0.31917281,0.90084125,-0.29430226,-0.94354659,0.27303366,-0.18754335,-0.08859235,0.33754663,0.93713055,-0.0120806,-0.00209248,0.01268626
0.31831437,0.90181654,-0.29223766,-0.94368261,0.2721002,-0.18821419,-0.09021675,0.33569088,0.93764202,-0.01447038,0.00384212,0.00297149
0.31791067,0.90230323,-0.29117292,-0.94374083,0.27166548,-0.18854997,-0.09102762,0.33473382,0.93790577,-0.01220957,0.00566059,0.00489431
0.317132502,0.903279401,-0.288986488,-0.943871576,0.270934044,-0.188947278,-0.092375937,0.332687467,0.938501852,-0.0081005618,0.0127899647,-2.96382932e-05
0.31646248,0.90415589,-0.28697312,-0.94399514,0.27037992,-0.18912381,-0.09340566,0.33075182,0.93908392,-0.00501641,0.01533735,0.00202224
0.31617616,0.90458494,-0.28593461,-0.94404363,0.27016763,-0.18918493,-0.0938836,0.32975052,0.93938834,0.00109086,0.00982237,-0.00260089
0.31583615,0.90529922,-0.28404336,-0.94406517,0.26993012,-0.18941606,-0.09480641,0.3279799,0.93991537,0.00380792,0.01547313,-0.00556028
0.31549264,0.90602356,-0.28210945,-0.94409153,0.26971529,-0.1895914,-0.09568503,0.32615183,0.94046231,0.01700187,0.01185,-0.00693737
0.31522533,0.90684038,-0.27977414,-0.94401985,0.26941684,-0.19037105,-0.09726027,0.32412212,0.94100228,0.02799328,0.00725216,-0.01488774
0.31516589,0.90721759,-0.27861553,-0.94388112,0.2690827,-0.19152765,-0.09878666,0.32334293,0.94111133,0.02940997,-0.001854,-0.01487272
0.31509784,0.90734534,-0.27827641,-0.94381551,0.26880397,-0.19224125,-0.0996274,0.3232164,0.94106617,0.02883167,-0.00244462,-0.023604
0.31507021,0.9075017,-0.27779751,-0.94360926,0.26818835,-0.19410463,-0.10164822,0.32328888,0.94082514,0.0283514,-0.0078764,-0.01244833
0.31504013,0.90732077,-0.27842173,-0.94327273,0.26693833,-0.19743455,-0.10481506,0.32482744,0.9399473,0.02236428,-0.00388235,-0.00764416
0.315060405,0.907015583,-0.279391372,-0.943035336,0.266035207,-0.199773573,-0.10686984,0.326416692,0.939165038,0.0148821464,0.000685036182,-0.00972115435
0.31508957,0.90676481,-0.28017147,-0.94279724,0.26519653,-0.2020002,-0.1088662,0.32779305,0.9384561,0.01911869,0.00501144,-0.00977818
0.315071843,0.90665579,-0.280544096,-0.942701469,0.26479176,-0.202975959,-0.10974357,0.328421343,0.938134195,0.0130424099,-0.000674545765,-0.0139624216
0.31488059,0.90650272,-0.28125239,-0.94257106,0.26387984,-0.20476105,-0.11139965,0.32957565,0.937534,0.01099904,0.00106514,-0.01115084
0.314533425,0.906452562,-0.281802024,-0.942516803,0.262937554,-0.206217881,-0.11283042,0.330465568,0.937049516,-0.000297431485,0.0120681524,-0.0100411372
0.31430465,0.90645822,-0.28203907,-0.94251996,0.26246106,-0.20680973,-0.11344012,0.33082871,0.93684775,-0.00499755,0.01083839,-0.00753662
0.31380131,0.90652334,-0.28239009,-0.94254694,0.26151324,-0.2078848,-0.11460367,0.33140044,0.936504,-0.00916405,0.008443,-0.0167981
0.3134072,0.90665347,-0.28240986,-0.94256186,0.26081502,-0.20869255,-0.11555511,0.33159452,0.93631837,-0.00384402,0.01262558,-0.01424581
0.31317806,0.90673477,-0.28240319,-0.94259437,0.26048264,-0.20896086,-0.11591095,0.33163362,0.93626054,0.0010086,0.01141214,-0.01230713
0.31269236,0.90681998,-0.28266745,-0.94268362,0.25977394,-0.20943962,-0.11649443,0.33195615,0.9360738,-0.0028936,0.00697845,-0.01290906
0.312389974,0.906878193,-0.282815043,-0.942762602,0.259403874,-0.209542835,-0.116666538,0.332086535,0.936006113,-0.0107419705,-0.000114142895,-0.00605434133
0.31225234,0.90697752,-0.28264848,-0.9428027,0.25930137,-0.2094893,-0.11671097,0.33189528,0.93606841,-0.0018276,0.00477499,-0.00199442
0.31215073,0.90719636,-0.28205779,-0.94281672,0.25928947,-0.20944097,-0.11686949,0.33130596,0.93625738,0.01492953,-0.00494033,-0.00122759
0.31213178,0.90723896,-0.28194174,-0.94277729,0.25916967,-0.20976648,-0.1172376,0.33128306,0.93621946,0.01525841,-0.01003397,0.00110262
0.31224158,0.90717781,-0.28201698,-0.94271472,0.25917819,-0.21003711,-0.11744836,0.33144388,0.93613612,0.00998634,-0.00491691,-0.00153804
0.31248914,0.90697947,-0.28238058,-0.94259616,0.25921619,-0.2105219,-0.11774142,0.33195665,0.93591759,0.0050347,0.00726032,0.00394278
0.31279245,0.90662856,-0.28317044,-0.942491,0.25929596,-0.210894,-0.11777758,0.33285164,0.93559512,0.00648112,0.01013935,-0.00139377
0.31295787,0.90641474,-0.2836718,-0.9424419,0.25934616,-0.21105174,-0.11773122,0.33339449,0.93540765,0.00598887,0.01020902,-0.00365757
0.31343482,0.90589121,-0.2848152,-0.94228649,0.2595221,-0.21152876,-0.11770621,0.334678,0.93495234,-0.00332549,0.00864303,-0.00339595
0.313792165,0.905437153,-0.285863457,-0.942121033,0.259469325,-0.212328743,-0.118077571,0.335945082,0.93445095,-0.000358386606,0.0116826296,-0.0039527542
0.313984392,0.905248824,-0.286248714,-0.942025722,0.259464384,-0.212757441,-0.11832709,0.336456171,0.934235485,-0.000794151856,0.0177251101,-0.0062968228
0.31432295,0.90508152,-0.28640617,-0.94182457,0.25948426,-0.21362203,-0.11902747,0.33689067,0.9339899,0.00990076,0.01761758,-0.0068562
0.31456991,0.90497244,-0.28647957,-0.94164593,0.2594196,-0.2144861,-0.11978563,0.3372332,0.93376933,0.01722556,0.01208067,-0.00872683
0.31464279,0.90490641,-0.28660818,-0.94156069,0.25928395,-0.21502378,-0.12026351,0.33751468,0.93360619,0.0180307,-0.00192964,-0.00200413
0.31464279,0.90490641,-0.28660818,-0.94156069,0.25928395,-0.21502378,-0.12026351,0.33751468,0.93360619,0.0180307,-0.00192964,-0.00200413
0.31508164,0.90418518,-0.28839657,-0.94110527,0.25839248,-0.21806894,-0.12265524,0.34012106,0.93234829,0.00864512,-0.01429379,-0.00598065
0.31518224,0.90397711,-0.28893842,-0.94099872,0.25815076,-0.21881376,-0.12321299,0.34085691,0.93200596,0.01042966,-0.01467413,-0.0099147
0.31518224,0.90364178,-0.28998551,-0.94085536,0.25750077,-0.22019183,-0.12430307,0.34223498,0.93135598,0.00482884,-0.01381505,-0.00982013
0.31506291,0.90351979,-0.29049495,-0.94075932,0.25689512,-0.22130695,-0.12532849,0.34301144,0.93093282,0.00557162,-0.00801325,-0.0028029
0.314989295,0.903536525,-0.290522826,-0.940723757,0.256657206,-0.22173388,-0.125779876,0.343145521,0.930822527,0.0082244454,-0.00500816107,-0.000485513767
0.31469521,0.90364006,-0.29051945,-0.94069875,0.25605708,-0.22253229,-0.12669953,0.34332113,0.93063303,0.01456579,0.00463146,0.00326689
0.31428225,0.90376142,-0.29058913,-0.94073905,0.25540298,-0.22311305,-0.12742362,0.34348901,0.93047221,0.01239132,0.011446,-0.00405325
0.31394317,0.90386576,-0.29063106,-0.94081524,0.2549871,-0.22326731,-0.1276965,0.34352337,0.93042211,0.01230412,0.0120486,-0.00613888
0.31331952,0.90402403,-0.2908117,-0.94092612,0.25411959,-0.22378845,-0.12840918,0.34374962,0.93024044,0.00673835,0.01434422,-0.01642544
0.31270429,0.90416095,-0.29104789,-0.94100625,0.25317411,-0.22452164,-0.12931795,0.34408678,0.92998986,0.00095149,0.01126218,-0.02673717
0.31227267,0.90428433,-0.29112797,-0.94108669,0.25259804,-0.2248331,-0.12977473,0.3441859,0.92988955,-0.00328729,0.00625771,-0.0197069
0.3115359,0.90459605,-0.29094887,-0.94119667,0.25162391,-0.22546421,-0.13074437,0.34408032,0.92979279,-0.01197729,0.00536203,-0.01996851
0.31023812,0.90557178,-0.28929583,-0.94136938,0.25019879,-0.22632782,-0.13257461,0.34254975,0.93009873,-0.00683926,0.00769818,0.0047301
0.309241482,0.90634393,-0.287941534,-0.94150519,0.249145748,-0.226923576,-0.133931415,0.341272637,0.930373773,-0.000566414208,-0.00157999992,0.0130798714
