0,1,2,3,4,5,6,7,8,9,10,11
-0.49697053,-0.47606071,-0.72552488,-0.75776423,0.64550204,0.09550105,0.42286348,0.59723804,-0.68153727,0.00153215,0.00848877,-0.00831492
-0.49726316,-0.47634795,-0.72513578,-0.75771459,0.64555557,0.09553316,0.42260841,0.5969511,-0.6819468,-0.00123605,0.00514853,-0.01353855
-0.49732434,-0.4762615,-0.72515063,-0.75772502,0.64551806,0.09570385,0.42251776,0.59706064,-0.6819071,0.00321236,0.00198841,-0.01396151
-0.4972043,-0.47617989,-0.72528659,-0.75779959,0.6454243,0.09574578,0.42252538,0.59722709,-0.68175666,-0.00146245,0.00094199,-0.00815145
-0.496837212,-0.4762199,-0.725511774,-0.758015927,0.645192171,0.0955976113,0.422569026,0.597445944,-0.681537744,-0.000525363255,0.0131026506,0.0103261331
-0.49669703,-0.47672393,-0.72527672,-0.75822539,0.64498841,0.09531108,0.42235799,0.59726396,-0.68182801,-0.00385532,0.01263881,0.00608948
-0.49680799,-0.47695615,-0.72504785,-0.75827468,0.64492852,0.09532392,0.42213868,0.59714317,-0.6820694,-0.01037645,0.01460183,0.00273263
-0.49728162,-0.47717881,-0.72457672,-0.75819584,0.64498124,0.09559436,0.4217228,0.59690836,-0.68253231,0.00350687,0.00499606,-0.01102897
-0.497471774,-0.476814159,-0.724686021,-0.758129507,0.644991237,0.0960515076,0.421617388,0.597188831,-0.682351803,0.00908296369,0.000431418419,-0.0135662137
-0.49735632,-0.47655262,-0.72493728,-0.75820299,0.64487414,0.09625754,0.4216215,0.59752396,-0.68205584,,,
-0.49711601,-0.47632949,-0.72524856,-0.75838679,0.64462911,0.09645043,0.42157411,0.59796608,-0.68169742,-0.0031484,0.00303042,0.01150381
-0.4969757,-0.47674381,-0.72507267,-0.75864832,0.64433965,0.09632812,0.42126922,0.59794793,-0.68190204,-0.00795133,0.00711095,0.01642304
-0.49702544,-0.47697286,-0.72488797,-0.75873939,0.64423145,0.09633471,0.42104658,0.59788186,-0.68209751,0.00250628,0.0117979,0.00561523
-0.49719964,-0.47707376,-0.72470205,-0.7587722,0.64416533,0.09651818,0.42078164,0.5978726,-0.68226907,0.00609591,0.00874078,-0.00091359
-0.49745345,-0.47663754,-0.72481478,-0.75865467,0.6442259,0.09703616,0.42069335,0.59815515,-0.68207568,0.0052808,0.00453269,0.00158112
-0.49758048,-0.47646429,-0.72484165,-0.75856992,0.64429906,0.09721309,0.42069623,0.59821442,-0.68202212,0.00650053,0.00435281,0.00536195
-0.497772966,-0.476054507,-0.724978663,-0.758476802,0.644339601,0.0976698055,0.4206363,0.598496914,-0.681811128,0.00287002977,0.000156760216,0.00461303443
-0.49783862,-0.47581813,-0.72508872,-0.75846848,0.64430694,0.09794945,0.42057356,0.59871999,-0.68165393,0.00444597,0.00395334,0.00501436
-0.49789963,-0.47576172,-0.72508374,-0.75846122,0.64429786,0.09806513,0.42051424,0.59877457,-0.68164246,0.00702358,0.00455952,0.00330397
-0.4977775,-0.47572518,-0.72519167,-0.75856232,0.64417252,0.09810679,0.42047665,0.59893846,-0.68152177,0.00350107,0.00591433,0.00260761
-0.49765995,-0.47565803,-0.72531655,-0.75857571,0.64416708,0.09803923,0.4205919,0.5989977,-0.68139878,0.01274966,0.00992548,-0.00179617
-0.49760325,-0.47559421,-0.72539719,-0.75854714,0.64421,0.09797805,0.42071032,0.59900218,-0.68132161,0.00321368,0.00596774,0.00471323
-0.49712737,-0.47550559,-0.72578135,-0.75860134,0.64421211,0.09754333,0.42117471,0.59907022,-0.68097463,0.0045857,0.01295555,0.00342586
-0.49694409,-0.47558522,-0.72585492,-0.75867491,0.64415328,0.09735994,0.42125889,0.59907034,-0.68092275,0.00635307,0.01549304,0.00090839
-0.49657229,-0.47586478,-0.72592594,-0.75885746,0.64400179,0.09693812,0.42136815,0.59901114,-0.68090697,0.00886377,0.00746977,-0.0013222
-0.49620053,-0.47617422,-0.7259773,-0.75902254,0.64387881,0.09646161,0.42150886,0.59889746,-0.68091996,0.00770934,0.00904405,-0.00489387
-0.49601685,-0.47625385,-0.72605057,-0.75909581,0.64381991,0.09627793,0.42159307,0.59889745,-0.68086782,0.00426207,0.01024687,-0.00524058
-0.49546795,-0.47638775,-0.72633762,-0.75932375,0.64361709,0.09583593,0.42182825,0.59900901,-0.68062418,-0.00655925,0.00182927,0.00211666
-0.49484353,-0.47687878,-0.72644084,-0.7597,0.64326391,0.09522291,0.42188336,0.5989976,-0.68059978,-0.00711998,0.01616824,0.00159297
-0.494646221,-0.477319023,-0.726286364,-0.759880115,0.643102589,0.0948753012,0.421790877,0.598820225,-0.680813512,0.000708166626,0.0168533325,0.00205241772
-0.49432084,-0.477902395,-0.726123909,-0.760161566,0.642839084,0.0944046597,0.421664587,0.598637742,-0.681051773,0.000369746704,0.0027564764,-0.0121564101
-0.49393881,-0.4782423,-0.72616019,-0.76051867,0.64244657,0.09420045,0.42146847,0.59878767,-0.68104149,0.00138743,-0.00199723,-0.00881934
-0.49292102,-0.47943264,-0.72606684,-0.76125186,0.64174485,0.09305436,0.42133634,0.59858822,-0.6812985,-0.02460156,0.00824106,0.00289942
-0.49224045,-0.4815736,-0.72511102,-0.76182618,0.64132412,0.09123705,0.42109381,0.59731917,-0.68256103,-0.03399572,0.00195611,-0.02719159
-0.49134592,-0.48596878,-0.72278155,-0.76290502,0.6404964,0.08797841,0.42018419,0.59464159,-0.68545329,-0.05287398,-0.02916193,0.03074539
-0.49071773,-0.49476018,-0.7172226,-0.76473745,0.6390527,0.08239071,0.41757938,0.58891761,-0.69195612,-0.02725931,0.02560806,-0.0625213
-0.49029494,-0.50028424,-0.71367116,-0.76627993,0.63756938,0.07950059,0.41524198,0.58585063,-0.69595481,0.04296012,0.0394336,-0.06646848
-0.48865793,-0.50887635,-0.7087016,-0.77150645,0.63134351,0.07863267,0.40741982,0.5851924,-0.70111239,-0.01520425,-0.01278889,-0.06208804
-0.48587041,-0.51179555,-0.70851627,-0.77383582,0.62875111,0.07648645,0.40633497,0.58543776,-0.70153729,-0.0482196,-0.01622212,0.01070479
-0.48447717,-0.51494949,-0.70718386,-0.77529135,0.62720343,0.07442593,0.40522256,0.58433117,-0.70310164,-0.03255567,-0.03122509,-0.00394565
-0.48132877,-0.52287715,-0.70350687,-0.77886502,0.6233165,0.06961163,0.40210909,0.58144301,-0.70727088,-0.00330815,-0.01967001,-0.05518737
-0.47737036,-0.52927299,-0.70141825,-0.78262556,0.61903388,0.06553061,0.39951807,0.58023024,-0.70973099,-0.02033123,-0.00769067,-0.04433531
-0.47511318,-0.53153072,-0.70124347,-0.78446561,0.6168692,0.0639223,0.39859881,0.58047175,-0.71005025,-0.03187184,-0.01276302,-0.02801549
-0.47057148,-0.53597475,-0.70092317,-0.78815658,0.61246389,0.06080401,0.39670069,0.5810499,-0.71064006,-0.02961929,-0.01600415,-0.00263099
-0.46704353,-0.54163582,-0.69892836,-0.79158866,0.60834034,0.05752735,0.39402743,0.58013156,-0.71287419,-0.05645117,-0.01234418,0.00139207
-0.46583717,-0.54469463,-0.69735441,-0.79299477,0.6066611,0.0558705,0.3926254,0.57902503,-0.71454527,-0.05236384,0.00877893,-0.00872225
-0.4640328,-0.54997082,-0.69441045,-0.79538707,0.6037501,0.05334115,0.38991432,0.57707709,-0.71759954,-0.0267481,-0.00808579,0.00914387
-0.46303365,-0.55457937,-0.69140542,-0.79710744,0.60166057,0.05122765,0.38758157,0.57484455,-0.72064843,-0.00470064,0.00577569,0.02249799
-0.46325119,-0.55668281,-0.6895667,-0.79763914,0.60100282,0.05066877,0.38622506,0.57349783,-0.72244725,-0.01437343,0.00407231,0.00620815
-0.46427787,-0.56039197,-0.68586215,-0.79835593,0.60009723,0.05011112,0.38350211,0.5708276,-0.72600411,-0.01260685,-0.01571667,-0.0153944
-0.46487313,-0.56342475,-0.68296823,-0.79913756,0.59908868,0.04971849,0.38114592,0.56889834,-0.72875412,-0.00894455,-0.04828745,-0.01747485
-0.4647576,-0.56504618,-0.68170601,-0.79970193,0.5983758,0.04922596,0.38010142,0.56803977,-0.72996822,-0.01520305,-0.0207696,-0.00132649
-0.46497491,-0.56899874,-0.67826174,-0.80075541,0.59705943,0.04807143,0.37761,0.56547372,-0.73324648,-0.01459191,0.01785254,0.01075156
-0.46622499,-0.57261417,-0.67434947,-0.80143366,0.59616552,0.04786184,0.37461752,0.56276076,-0.73685953,-0.03783245,0.011006,-0.01135619
-0.46698266,-0.57435245,-0.67234394,-0.80163951,0.59589866,0.04773737,0.37323077,0.56127001,-0.73869795,-0.03371591,-0.01231301,-0.01826017
-0.46757068,-0.57739346,-0.66932395,-0.80236973,0.59495193,0.04727629,0.37091857,0.55915026,-0.74146512,0.00609498,-0.04089862,-0.022323
-0.46714628,-0.58018519,-0.66720299,-0.80349825,0.59348923,0.04648869,0.36900577,0.55781338,-0.74342409,0.01932584,-0.01350963,0.0066406
-0.46680419,-0.581783502,-0.666049303,-0.804174644,0.59261255,0.0459724977,0.367963122,0.557080143,-0.744489557,0.000491746119,-0.00983929634,0.00962782837
-0.46568602,-0.58565049,-0.66343788,-0.80591978,0.59034454,0.04457102,0.36555387,0.55543385,-0.7469025,-0.02764982,-0.05537498,-0.00539762
-0.4632112,-0.5906243,-0.66075562,-0.80819239,0.58745698,0.04146399,0.36367583,0.55322431,-0.7494547,-0.00622775,-0.07619369,-0.02345452
-0.46116991,-0.59378712,-0.65934724,-0.80971872,0.58551758,0.03904665,0.36287396,0.55189302,-0.75082362,0.02325741,-0.07502782,0.00439241
-0.45609259,-0.60084383,-0.65647992,-0.81321421,0.58101609,0.03320926,0.36147178,0.54900537,-0.75361186,0.00229278,-0.00316012,0.02279207
-0.451690702,-0.609112086,-0.651888065,-0.816442973,0.576805992,0.0267533099,0.359717185,0.544313637,-0.757843189,-0.0374488793,0.004976511,0.000405004714
-0.44969582,-0.61317255,-0.64945604,-0.81791197,0.5748594,0.02359446,0.35887844,0.54180819,-0.76003304,-0.05225433,-0.02702367,-0.01004383
-0.44560503,-0.6206074,-0.64519972,-0.82071963,0.57106212,0.01753161,0.35756888,0.53734023,-0.76381283,0.02563061,-0.04381156,-0.01698656
-0.44085271,-0.62659025,-0.64267667,-0.82360437,0.56703515,0.01212062,0.35682558,0.53465477,-0.76604145,0.01965247,-0.04813683,-0.05108442
-0.43785694,-0.6297921,-0.64159433,-0.82522721,0.56473183,0.00883389,0.35676523,0.53332906,-0.76699333,0.00968404,-0.03828728,-0.01907341
-0.43135065,-0.63736109,-0.63851939,-0.82876477,0.55959553,0.00129053,0.35649002,0.52973913,-0.7696043,-0.0115005,-0.07563019,-0.02918259
-0.42415023,-0.64537857,-0.63528189,-0.83265597,0.553751,-0.00662352,0.35606266,0.52616188,-0.77225193,0.01073694,-0.01244009,0.00966916
-0.42079699,-0.64916998,-0.63364662,-0.8344904,0.5509271,-0.01024891,0.35574637,0.52445934,-0.77355457,0.02626815,0.01739895,-0.00323922
-0.41427259,-0.65631637,-0.63057664,-0.83790198,0.54554538,-0.01733406,0.35538478,0.52118041,-0.77593327,0.01155256,0.0190866,-0.00605517
-0.408652007,-0.663955678,-0.626231775,-0.840907909,0.540625508,-0.0244519459,0.354791864,0.516610944,-0.779253274,-0.0184211247,-0.0309741497,0.000284207985
-0.40109628,-0.67407067,-0.62028245,-0.84491243,0.53383696,-0.03377896,0.35389909,0.51053577,-0.7836507,0.04692699,0.07581604,0.01348416
-0.39727931,-0.6791146,-0.61722952,-0.84659161,0.5308037,-0.03911525,0.35419142,0.50700169,-0.78581005,0.03394065,0.01731861,-0.01176034
-0.39536572,-0.68134193,-0.61600249,-0.84730464,0.52945984,-0.04179845,0.35462761,0.5054161,-0.78663444,0.02564357,-0.00797743,-0.02044343
-0.39139436,-0.6851066,-0.61436101,-0.84880215,0.5266572,-0.04655241,0.35545102,0.50325059,-0.78765061,0.00099623,0.01572585,-0.0144713
-0.38778838,-0.68806033,-0.61334567,-0.85025255,0.52397301,-0.05022755,0.35593614,0.5020211,-0.78821569,0.01191678,0.0834471,0.02773755
-0.38653049,-0.68935497,-0.61268574,-0.85077566,0.52298094,-0.05168837,0.35605458,0.501279,-0.7886345,0.00984692,0.0805856,0.03460285
-0.384735132,-0.692597967,-0.610153131,-0.851639396,0.521266478,-0.0546952151,0.35593416,0.498587288,-0.790393239,0.0227202773,0.0112954378,-0.000284614507
-0.38269026,-0.69607538,-0.60747615,-0.85273985,0.51914348,-0.05766115,0.35550379,0.49595275,-0.79224237,0.01778392,-0.03479087,-0.03982243
-0.38154211,-0.69746269,-0.60660645,-0.85334283,0.51801585,-0.05886928,0.35529088,0.49518216,-0.79281964,0.00719407,0.03659844,-0.01530573
-0.38059741,-0.6988014,-0.60565841,-0.85420307,0.51655673,-0.05921329,0.35423525,0.49481887,-0.79351845,-0.0518968,0.11575139,-0.00493997
-0.38160607,-0.69888039,-0.6049321,-0.85452227,0.51623803,-0.05735795,0.35237529,0.49503984,-0.79420841,-0.0505462,0.01463342,-0.03038795
-0.38240478,-0.69876144,-0.6045651,-0.85456685,0.516292,-0.05619652,0.35140008,0.49515149,-0.79457089,-0.0433455,-0.06333935,-0.05672222
-0.38372683,-0.69782905,-0.60480421,-0.85469714,0.5163619,-0.05350823,0.34963743,0.49639192,-0.7945744,-0.02287974,-0.06881285,-0.0621219
-0.38572959,-0.69678828,-0.60473049,-0.85502234,0.51622955,-0.0494359,0.34662612,0.49798916,-0.79489457,-0.03830901,0.08614326,0.03704298
-0.38745067,-0.69697267,-0.60341613,-0.85495309,0.51651343,-0.04763474,0.34487264,0.49743638,-0.79600241,-0.04468884,0.09500968,0.02295531
-0.3917482,-0.69819116,-0.59921827,-0.85436308,0.51774944,-0.04471314,0.34146325,0.49443366,-0.79933616,-0.02948285,-0.01027131,-0.0241295
-0.3999929,-0.69806305,-0.59389704,-0.85237236,0.52148822,-0.03887676,0.33684874,0.49067099,-0.80360124,-0.01337482,-0.02933371,-0.02187741
-0.40602293,-0.69743307,-0.59053568,-0.850850292,0.524294034,-0.0341981243,0.333465227,0.48857225,-0.806286528,0.00217584986,-0.000668406487,-0.00650537992
-0.41267552,-0.69788551,-0.58536717,-0.84951333,0.52676279,-0.02912148,0.3286731,0.48525949,-0.81024515,-0.02903666,0.0077132,-0.03304054
-0.41656017,-0.69785142,-0.58264996,-0.84874953,0.52816583,-0.02578907,0.32573273,0.48378119,-0.81231391,-0.03564994,-0.01074183,-0.04985005
-0.42470441,-0.69613619,-0.57880929,-0.84688533,0.53147734,-0.01780289,0.32001722,0.48262419,-0.81526829,-0.05085941,-0.02295214,-0.05970372
-0.43361024,-0.69250791,-0.57655445,-0.84440376,0.53564274,-0.00831622,0.31458626,0.48323874,-0.81701646,-0.03306209,0.02347469,0.02236658
-0.43878233,-0.69113833,-0.57428015,-0.84285127,0.53813414,-0.00365116,0.31156319,0.48243072,-0.81865056,-0.03319966,0.04475582,0.0392823
-0.45012921,-0.68962603,-0.5672738,-0.83955326,0.54324679,0.00576503,0.30419396,0.47885158,-0.82350903,0.00359117,-0.00701553,-0.00739302
-0.46111413,-0.68806832,-0.56029987,-0.83616705,0.54827394,0.01484634,0.29698254,0.47535011,-0.82815692,0.03545934,-0.07346666,-0.05522273
-0.46607226,-0.68681246,-0.55773218,-0.83441461,0.55080976,0.01899577,0.29415779,0.4742333,-0.82980349,0.03041854,-0.05196983,-0.03260569
-0.47568576,-0.68488696,-0.55195332,-0.83060428,0.55627497,0.02558437,0.28951538,0.47062498,-0.83348211,0.02870503,0.00878072,0.03964911
-0.48541,-0.68462578,-0.5437503,-0.82672456,0.5617679,0.03071212,0.28443513,0.46443975,-0.8386847,-0.00755928,-0.04019642,0.00430707
-0.4902675,-0.68463907,-0.53935776,-0.82467945,0.56464352,0.03288481,0.28203061,0.46091967,-0.84143413,0.00980459,-0.06571233,-0.03651736
-0.49922206,-0.68435098,-0.53145189,-0.82030489,0.57082314,0.0355082,0.27906497,0.45367905,-0.84634397,0.04279747,-0.06787717,-0.03983633
-0.51151224,-0.68520934,-0.51850092,-0.81356717,0.58037891,0.03561924,0.27652035,0.44005503,-0.85433473,0.02814385,-0.02010477,-0.00257477
-0.5186353,-0.68762088,-0.50812865,-0.80981592,0.58569987,0.03396734,0.27425421,0.42910736,-0.86061096,0.02570252,-0.05842137,-0.04541099
-0.52544638,-0.68909608,-0.4990518,-0.80597613,0.59105707,0.03246582,0.27259602,0.41928288,-0.86596379,0.02781291,-0.05201554,-0.06940821
-0.52871167,-0.68909223,-0.4955962,-0.80401333,0.59373959,0.03218351,0.27207766,0.41548179,-0.86795639,0.05056506,-0.01724792,-0.04597956
-0.53557071,-0.68822292,-0.48940049,-0.79997483,0.59913005,0.03291423,0.27056218,0.40913603,-0.87143751,-0.03354083,0.01971209,-0.01099671
-0.54726382,-0.68814337,-0.4764038,-0.79252583,0.6090683,0.03063496,0.26908118,0.39432778,-0.87869244,0.0504641,-0.15117615,-0.04773784
-0.55431077,-0.68860768,-0.46750301,-0.78747604,0.61576644,0.02670558,0.269483,0.3829506,-0.88358801,0.13648552,0.00669992,-0.06051578
-0.56135041,-0.68718944,-0.46114684,-0.7826164,0.6219681,0.02583151,0.26906749,0.37540161,-0.88694777,0.00449695,0.06401575,-0.00142861
-0.56479444,-0.68632737,-0.45821591,-0.78017801,0.62503991,0.02544278,0.26894115,0.37185994,-0.88847659,-0.00120011,-0.03167039,0.01090277
-0.57128312,-0.68500098,-0.45211629,-0.77536756,0.63106892,0.02360371,0.26914797,0.36404072,-0.89164656,0.02787197,-0.10000098,0.03510458
-0.57812874,-0.68294597,-0.44648853,-0.77052096,0.63698622,0.02336706,0.2684486,0.35753793,-0.89448422,0.08958542,0.0082134,0.0303418
-0.58121841,-0.68208687,-0.44378181,-0.76848838,0.63942471,0.02369761,0.26760121,0.35481469,-0.89582124,0.06390938,0.05666578,0.0204987
-0.58737229,-0.67942636,-0.4397427,-0.76415076,0.64456042,0.02480914,0.26658476,0.35060192,-0.89778109,0.01948473,0.04109848,0.05088046
-0.59391105,-0.67555807,-0.43691082,-0.75898505,0.65059851,0.02575466,0.26685476,0.34690475,-0.89913612,0.02823007,-0.08288634,0.023228
-0.59716323,-0.67323064,-0.43606944,-0.75632728,0.65365316,0.02658179,0.26714249,0.34568488,-0.89952033,0.04357801,-0.10763109,0.00430929
-0.60336756,-0.66874867,-0.43442192,-0.75119469,0.65948104,0.02812847,0.26768212,0.34330729,-0.90026991,0.06701037,0.03288519,0.04057733
-0.60880138,-0.66584459,-0.4312912,-0.74648098,0.66484655,0.02729956,0.26856522,0.33857066,-0.90179982,0.02308699,0.0521549,0.06178172
-0.61120514,-0.66485224,-0.42941736,-0.74424172,0.66740456,0.02598677,0.26931771,0.33547362,-0.90273186,0.03337435,-0.00946319,0.04061618
-0.61558745,-0.66249412,-0.4267943,-0.73973668,0.67250094,0.02306686,0.2717379,0.3299151,-0.90405434,0.10368316,-0.088076,-0.03596786
-0.61970422,-0.65861133,-0.4268463,-0.735256,0.67742544,0.02221216,0.27452737,0.32760628,-0.90405134,0.06415922,-0.01025438,-0.01184979
-0.62168294,-0.65660511,-0.42705969,-0.73320614,0.67963721,0.02240557,0.27553404,0.32705195,-0.90394576,0.02092133,0.03991091,0.04690772
-0.62551087,-0.65364112,-0.4260154,-0.72965079,0.6834424,0.02271884,0.276307,0.32505339,-0.90443041,-0.03851189,0.0655483,0.00789764
-0.62962073,-0.65032459,-0.42503574,-0.72637853,0.6868356,0.0251203,0.27559331,0.32455313,-0.90482775,-0.00650329,0.0126251,-0.0784265
-0.63180303,-0.64786501,-0.4255533,-0.72464697,0.68856829,0.02757577,0.27515712,0.32579839,-0.90451294,0.03696368,-0.00263035,-0.07846079
-0.63700939,-0.64140691,-0.42756999,-0.72060446,0.69247303,0.03478933,0.27376657,0.33026998,-0.9033125,-0.00165182,0.02907121,0.00515522
-0.64325453,-0.63535404,-0.42725733,-0.71621104,0.6965936,0.04241577,0.27067569,0.33329055,-0.90313457,-0.07675882,0.07893825,0.04101818
-0.64648445,-0.633113,-0.42570634,-0.71418523,0.69845501,0.04582654,0.26832335,0.33365931,-0.90370026,-0.04525167,0.0606792,0.02014205
-0.65307742,-0.62869805,-0.42217121,-0.71002239,0.70220896,0.05263798,0.26335901,0.3341277,-0.90498651,0.04616408,-0.04659855,-0.04435425
-0.66033429,-0.62170071,-0.42124437,-0.704861,0.70662738,0.062038,0.25909374,0.33788455,-0.90482287,0.06173417,-0.01530135,-0.01409748
-0.66429062,-0.6174483,-0.42127799,-0.70177197,0.70923524,0.06709253,0.257359,0.34021007,-0.90444622,-0.00720658,0.03936565,0.01882588
-0.67225307,-0.61008487,-0.41937122,-0.69537369,0.7147323,0.0749211,0.25402992,0.34198566,-0.90471794,-0.04230382,0.0180943,0.06111385
-0.68023668,-0.60418691,-0.41501312,-0.68842218,0.72103002,0.07868005,0.25169944,0.33922533,-0.90640673,0.09697887,-0.08002853,-0.01130688
-0.68418678,-0.60108634,-0.41301742,-0.68470359,0.72442202,0.07996049,0.25113574,0.33750246,-0.90720594,0.14515838,-0.08113724,-0.04684332
-0.69185172,-0.59355242,-0.41114016,-0.67695877,0.73127623,0.08343747,0.2511325,0.33605136,-0.90774524,0.1045246,0.02498603,-0.00298883
-0.70155863,-0.58343472,-0.40916845,-0.66681435,0.73999042,0.08816291,0.2513434,0.33469092,-0.9081893,0.00477335,0.07121694,0.04058736
-0.70713084,-0.57773243,-0.40766558,-0.660945,0.74492315,0.09078107,0.25123236,0.33363862,-0.9086075,0.03164804,0.04467487,-0.01514989
-0.71377129,-0.56945175,-0.40774408,-0.65407909,0.75013453,0.09735875,0.25042181,0.33618876,-0.90789098,-0.02759135,0.04807365,-0.00656655
-0.71737627,-0.56466116,-0.40807931,-0.65031151,0.75286063,0.10146805,0.24993176,0.33816949,-0.90729,-0.04752385,0.05843675,0.02289108
-0.7240964,-0.5563087,-0.40768207,-0.64309483,0.75818563,0.10762682,0.24922494,0.34011047,-0.90675873,-0.00583843,0.07423651,0.04616405
-0.73050618,-0.54949195,-0.40548645,-0.63603173,0.76363627,0.11101025,0.24864492,0.33899593,-0.90733533,-0.01788585,0.0646795,0.00229668
-0.73395612,-0.54574119,-0.40432015,-0.63211643,0.76663605,0.11268523,0.24846943,0.33828344,-0.90764919,-0.02270993,0.03008497,-0.01128954
-0.7411819,-0.53768247,-0.40192917,-0.62382821,0.77282606,0.11652581,0.24796746,0.33710156,-0.90822617,0.03802451,0.0320369,0.01174533
-0.74774971,-0.52981188,-0.40021233,-0.61592562,0.77860405,0.12004746,0.24800438,0.33626646,-0.90852567,0.0757412,0.05432117,-0.00764206
-0.75059767,-0.52597571,-0.39994132,-0.61219593,0.7813317,0.12139588,0.24863556,0.33596187,-0.90846595,0.071834,0.04708064,-0.00130899
-0.75576092,-0.518446,-0.40004926,-0.60496533,0.78662334,0.12345319,0.25068428,0.335317,-0.90814105,0.01386512,0.00380969,0.00962313
-0.760544155,-0.5116161,-0.399776843,-0.598247784,0.791463374,0.125241022,0.252333405,0.334416942,-0.90801604,0.0826389939,-0.000413656235,0.0127073359
-0.762792646,-0.508454782,-0.399526205,-0.595129227,0.793659003,0.126200629,0.25292026,0.334034624,-0.907993554,0.0913130865,0.000721335411,-0.00772677362
-0.76655989,-0.50211448,-0.40033323,-0.58946919,0.79751379,0.12844376,0.25477778,0.33444398,-0.9073231,0.04178722,0.03330994,0.01090767
-0.76944728,-0.49587759,-0.40256234,-0.58423013,0.80113424,0.12984257,0.25812046,0.33509605,-0.9061372,0.01381382,0.01378977,0.01730689
-0.77090846,-0.49253203,-0.40387149,-0.58140401,0.80310058,0.13037949,0.26013335,0.33532318,-0.90547713,-0.02210364,0.01596594,0.00474998
-0.7746178,-0.48489169,-0.40601369,-0.57473788,0.80762165,0.13199857,0.26390042,0.33559992,-0.90428371,-0.01667454,-0.00228083,0.02610304
-0.77854051,-0.47736159,-0.40743141,-0.56792771,0.81215002,0.13368035,0.26708155,0.33546718,-0.90339856,0.00945478,0.02085197,0.05207351
-0.78031626,-0.4736795,-0.40833093,-0.56468676,0.81426686,0.13453005,0.26876621,0.33555508,-0.9028662,0.03847861,0.03068256,0.04510678
-0.7835235,-0.46547624,-0.41160979,-0.55772696,0.81886725,0.13563571,0.27391857,0.33583967,-0.90121038,0.08760548,-0.01346165,0.0107783
-0.78688009,-0.45607799,-0.41570771,-0.54967002,0.82420242,0.13621043,0.28050473,0.3356833,-0.89924087,0.06754909,0.00415933,-0.03236239
-0.7884259,-0.45150863,-0.41776114,-0.54571589,0.82680936,0.13631003,0.28386366,0.33544928,-0.89827335,0.01799148,0.04179525,0.00821926
-0.79123301,-0.44370311,-0.420806092,-0.538538092,0.831592236,0.135761065,0.289701469,0.33403876,-0.896934253,-0.0823193565,0.02859056,-0.000135632232
-0.79343357,-0.43767169,-0.42297391,-0.53253606,0.83569789,0.13421774,0.29473511,0.33174168,-0.89614672,0.03662009,0.04295242,-0.03674807
-0.79435657,-0.43469575,-0.42430803,-0.52974015,0.83756,0.13367361,0.29727609,0.3309575,-0.89559708,0.06392889,0.06385696,-0.07983913
-0.79598447,-0.42800927,-0.42803853,-0.52428623,0.84091532,0.13410962,0.302544,0.33116386,-0.89375491,0.01094474,0.07822859,-0.03556472
-0.79735266,-0.4224753,-0.4309794,-0.51978266,0.84361601,0.1346774,0.30668324,0.33140101,-0.89225481,-0.07290912,0.06419182,-0.00421854
-0.79779838,-0.42058281,-0.4320043,-0.51815426,0.84463027,0.13459518,0.30827549,0.3312247,-0.89177143,-0.05564588,0.05178964,-0.02780073
-0.79841984,-0.41805802,-0.43330482,-0.5157824,0.84617618,0.13399393,0.31063497,0.33047444,-0.89123082,0.09790109,0.01998556,-0.04518872
-0.79884737,-0.41560348,-0.43487519,-0.51407658,0.84708752,0.13478868,0.31235869,0.33123476,-0.89034565,0.095419,0.03483188,-0.05362399
-0.79892646,-0.41448533,-0.4357965,-0.51360145,0.84721825,0.13577485,0.31293807,0.33229981,-0.88974534,-0.00291294,0.03800702,-0.02055919
-0.79939559,-0.41175597,-0.43751951,-0.51236914,0.84751591,0.13854467,0.31375814,0.33492354,-0.88847152,-0.09475248,-0.02611804,-0.01754042
-0.80099778,-0.40729827,-0.4387601,-0.509476,0.84863471,0.14231413,0.31438274,0.33753107,-0.88726321,0.01363211,-0.08738029,-0.02186147
-0.80244209,-0.40414145,-0.43903981,-0.50697998,0.8497787,0.14438641,0.31473413,0.33844618,-0.88678981,0.05730548,-0.09394145,-0.00645543
-0.80597982,-0.39646818,-0.43955578,-0.50045218,0.8529712,0.14828261,0.31613908,0.33948946,-0.88589093,0.04182987,-0.02663696,0.01013015
-0.80934125,-0.38925498,-0.43982629,-0.49374659,0.85647162,0.15056777,0.31808948,0.33902346,-0.88537113,0.00145039,0.00307715,0.04898092
-0.81095621,-0.38545449,-0.44019896,-0.49027607,0.85826717,0.1516801,0.31934255,0.3388249,-0.88499621,-0.01397118,-0.00637555,0.05299574
-0.81491906,-0.37607445,-0.44099331,-0.48202074,0.86226826,0.15540098,0.3218122,0.33920713,-0.88395452,0.07093181,-0.04774922,0.03718658
-0.81841339,-0.36573543,-0.44321237,-0.47375268,0.86595996,0.16022405,0.32520456,0.34110254,-0.88198136,0.21513313,0.02350521,0.00110679
-0.81941499,-0.36041297,-0.44571496,-0.47046136,0.86709139,0.16376398,0.32745295,0.34388229,-0.88006806,0.1596957,0.05748761,-0.01035313
-0.81990775,-0.35095579,-0.45230627,-0.46579992,0.86827967,0.17064823,0.33283834,0.35060008,-0.8753844,-0.0975986,0.0462569,0.08502916
-0.82118446,-0.33909862,-0.45898606,-0.45953918,0.86981874,0.1795525,0.33834867,0.3583678,-0.87011074,-0.15492515,0.04821348,0.03828866
-0.82339345,-0.33261136,-0.45977493,-0.45452697,0.87164128,0.18343044,0.33974776,0.36001552,-0.86888456,0.04524641,0.08436882,0.04265167
-0.82422542,-0.32716675,-0.46218444,-0.45108746,0.87274485,0.18664549,0.3423049,0.36232355,-0.86691931,0.14211033,0.2369988,-0.04263485
-0.823644441,-0.324466198,-0.465114677,-0.45032538,0.872707406,0.188650059,0.344698461,0.364833494,-0.864915971,-1.32247806e-06,0.270390868,-0.0241196044
-0.82094022,-0.3198678,-0.47301337,-0.45013539,0.87220173,0.19142168,0.35133345,0.37006583,-0.8600093,-0.30007359,0.19792938,0.04182385
-0.81780008,-0.31597995,-0.48099851,-0.45021056,0.8718831,0.19269225,0.35848758,0.37413436,-0.85528357,-0.33715361,0.20365262,0.0340504
-0.81645232,-0.31433073,-0.48435708,-0.44998296,0.87202125,0.19259873,0.36182997,0.37520012,-0.85340724,-0.26993355,0.17100179,0.03268737
-0.81368893,-0.31340188,-0.48958146,-0.4507357,0.8720013,0.19092167,0.36708047,0.37602263,-0.85079924,-0.10291751,0.23281276,0.03417908
-0.80988368,-0.31942325,-0.49199253,-0.45588969,0.87054201,0.18525969,0.36912389,0.37433321,-0.85065953,-0.06156489,0.24887621,0.01759391
-0.80743459,-0.32493307,-0.49241017,-0.46051607,0.86883303,0.18180787,0.36874683,0.37356078,-0.85116274,-0.10528415,0.2661438,-0.00865245
-0.80083609,-0.3383384,-0.49415453,-0.47341527,0.86300754,0.17634047,0.36679633,0.37516011,-0.85130216,-0.03726449,0.24348903,-0.02619454
-0.79134366,-0.3522285,-0.49971014,-0.48973418,0.8544855,0.17324825,0.36597209,0.38182405,-0.84869002,0.06489466,0.1316433,-0.03035123
-0.78601747,-0.35892556,-0.50333785,-0.49833388,0.84969271,0.1722952,0.36584135,0.38625734,-0.84673809,-0.00853797,0.05399764,-0.01413081
-0.77600291,-0.37135225,-0.50982007,-0.51418641,0.84058767,0.17036627,0.36528255,0.39434735,-0.84324274,-0.18507412,-0.08325052,0.02174762
-0.76863257,-0.38298198,-0.51237548,-0.52702795,0.83309648,0.16790411,0.36255395,0.39909279,-0.84218729,-0.1599852,-0.16837758,-0.00228772
-0.76638729,-0.38842115,-0.5116438,-0.5319051,0.83029202,0.16640945,0.36017681,0.39968005,-0.84292844,-0.10524653,-0.20234978,-0.02263866
-0.76479948,-0.39684059,-0.5075423,-0.53779905,0.82701563,0.16375993,0.35475883,0.39819929,-0.84592161,0.07122614,-0.27118468,-0.03982179
-0.76598531,-0.40044516,-0.50290139,-0.53873075,0.82670053,0.16228175,0.35076389,0.39523394,-0.84897258,0.22453894,-0.30808461,-0.06134165
-0.76710644,-0.4000863,-0.50147671,-0.53748421,0.82758055,0.16192956,0.35022658,0.39375298,-0.84988244,0.28708306,-0.30170411,-0.02780303
-0.76977998,-0.3952634,-0.50120388,-0.53210534,0.83106703,0.16183781,0.35256544,0.39127281,-0.85006052,0.27380106,-0.19146687,-0.01866915
-0.77284455,-0.38638719,-0.50340463,-0.52403637,0.83597895,0.1628652,0.35790665,0.38967182,-0.84856272,0.05526573,-0.09528506,0.03337196
-0.77432465,-0.38154835,-0.50481861,-0.51966419,0.83862907,0.16324942,0.361068,0.38874426,-0.84764817,-0.01004533,-0.05722499,0.04064671
-0.77853491,-0.36774293,-0.50857481,-0.50654358,0.84661899,0.16324788,0.37053583,0.38470951,-0.84540025,-0.08296717,0.29111803,0.00304303
-0.77857039,-0.36619025,-0.50963954,-0.50557847,0.84710945,0.16369471,0.37177705,0.3851107,-0.84467223,-0.14007081,0.32080495,-0.00656712
-0.77219504,-0.37335535,-0.51412112,-0.51540097,0.84126785,0.1631877,0.37158656,0.39099127,-0.84205057,-0.05748914,0.20396793,-0.00942027
-0.76924962,-0.37809641,-0.51507037,-0.52031898,0.83855556,0.16153229,0.37084032,0.39225964,-0.84178927,-0.0367511,0.16054189,-0.01620424
-0.76258144,-0.38881878,-0.51700024,-0.5311045,0.83259216,0.1572205,0.36932005,0.39447463,-0.84142272,-0.05794106,0.0297873,-0.00888154
-0.75633394,-0.39836758,-0.51890468,-0.54050366,0.82738174,0.15262775,0.3685303,0.39590746,-0.84109603,-0.0288092,-0.14647597,0.02001804
-0.7539667,-0.40246858,-0.51918503,-0.54400923,0.825553,0.15005393,0.36822276,0.39557714,-0.84138609,0.01099431,-0.20459807,0.02149939
-0.75088795,-0.40940672,-0.51822116,-0.54829808,0.82386202,0.14359863,0.36815248,0.39196619,-0.84310498,0.0878231,-0.21190143,0.00945242
-0.74937583,-0.4130805,-0.51749414,-0.54949728,0.82402758,0.13795384,0.3694434,0.38774092,-0.84449296,0.10415914,-0.17401236,0.00531626
-0.7489699,-0.41303849,-0.51811485,-0.54913085,0.82451237,0.13650876,0.37080871,0.38675384,-0.84434712,0.07179306,-0.15378153,0.0252356
-0.7488774,-0.40938268,-0.52114143,-0.54680643,0.82599087,0.13690072,0.37441327,0.38748535,-0.84241898,0.0390466,-0.11130589,0.04500598
-0.74948394,-0.40313265,-0.52512668,-0.54345386,0.8276354,0.14027672,0.37806331,0.39051725,-0.83938344,-0.00884432,-0.0429849,0.03190597
-0.75004791,-0.39993745,-0.52676196,-0.54170116,0.82843114,0.14234358,0.37945749,0.39211207,-0.83800963,-0.02040443,-0.02137232,0.03119641
-0.750962741,-0.395075324,-0.529122341,-0.538863695,0.829780852,0.14522278,0.38168165,0.394181716,-0.836026252,-0.0126535445,0.0209152699,-0.00063363486
-0.75146117,-0.39151439,-0.5310577,-0.53689472,0.83068917,0.14730763,0.3834708,0.39581809,-0.83443265,0.0269965,0.09691203,-0.02094304
-0.75134042,-0.38974957,-0.53252448,-0.5362109,0.83093895,0.14838559,0.38466209,0.39703361,-0.83330597,-0.00224522,0.12288821,-0.02555222
-0.75044147,-0.3872444,-0.53561092,-0.53567782,0.8310487,0.14969071,0.38715185,0.39924906,-0.83109163,-0.03807136,0.0942241,-0.01770328
-0.74884203,-0.38659643,-0.53831099,-0.53637333,0.83061084,0.14963047,0.38928033,0.40078526,-0.82935632,-0.03061897,0.09880662,-0.02861047
-0.74780168,-0.38678981,-0.53961657,-0.53714585,0.83016629,0.14932597,0.39021371,0.40151905,-0.82856228,-0.02517903,0.08757401,-0.03041676
-0.74532435,-0.3880321,-0.54214605,-0.5394786,0.82880951,0.14845067,0.39173216,0.40312015,-0.82706691,-0.0022548,0.05707145,-0.03423674
-0.74253136,-0.39081667,-0.54397527,-0.54290956,0.82681562,0.14705477,0.39229577,0.40452222,-0.82611462,-0.00976204,0.04423201,-0.02200752
-0.74112863,-0.39258491,-0.54461503,-0.54481474,0.82571611,0.14618417,0.39230771,0.40505556,-0.82584789,-0.02397776,0.01854312,-0.01858435
-0.738306291,-0.396325426,-0.54573799,-0.548797724,0.823372134,0.144497008,0.392077614,0.406182821,-0.825403317,-0.000650477363,-0.0109019279,-0.0211463459
-0.73572872,-0.39965729,-0.54678793,-0.55256763,0.82104061,0.14339212,0.39162738,0.40763505,-0.82490083,-0.00551912,-0.02235645,-0.01760367
-0.73461098,-0.40114315,-0.54720247,-0.554306,0.81992276,0.14307861,0.39126874,0.40842478,-0.82468031,-0.01693641,-0.02729028,0.00088686
-0.73125909,-0.40740931,-0.54706326,-0.5601956,0.81628817,0.14090619,0.3891548,0.4095013,-0.82514707,-0.01602622,-0.00206363,0.01990791
-0.73053257,-0.40840334,-0.54729222,-0.56128206,0.81559643,0.1405877,0.38895309,0.40988922,-0.82504922,-0.01574932,0.00655413,0.02708875
-0.72949873,-0.40901163,-0.54821609,-0.56239455,0.81485898,0.14041793,0.38928623,0.41074848,-0.82446449,-0.01429905,0.01476777,0.03370738
-0.72884307,-0.40822223,-0.54967459,-0.56225727,0.81497849,0.14027399,0.39071,0.41129629,-0.82351733,0.00377016,0.01768219,0.03408955
-0.72844999,-0.40771314,-0.55057288,-0.56202903,0.81519408,0.13993559,0.39177016,0.41137404,-0.82297473,0.00782574,0.00594962,0.02551508
-0.72716015,-0.40751476,-0.55242162,-0.562092,0.81541873,0.13836494,0.39406917,0.41112527,-0.82200079,0.04452632,0.0167836,0.00982383
-0.72499039,-0.40916882,-0.55404871,-0.5639162,0.81449055,0.1363953,0.39545874,0.4113223,-0.82123475,0.04523383,0.03431141,-0.01895225
-0.72344417,-0.41047883,-0.55509977,-0.56555733,0.81349876,0.13551638,0.39594637,0.41197926,-0.82067025,0.03447066,0.03561842,-0.01577964
-0.72001961,-0.41264493,-0.55793907,-0.56942579,0.81085807,0.13514243,0.39664356,0.41501008,-0.81880438,-0.01293998,0.00409961,-0.01627873
-0.71699276,-0.41377134,-0.56099441,-0.57290283,0.8082488,0.1360744,0.39711938,0.41895963,-0.81655931,-0.04330879,-0.0297662,-0.01318491
-0.71588611,-0.41426331,-0.56204333,-0.57426473,0.80721263,0.13648352,0.39714834,0.42046837,-0.81576911,-0.041094,-0.04278517,-0.00491796
-0.71444753,-0.41546462,-0.56298648,-0.57617709,0.80584589,0.13650038,0.39696926,0.42190228,-0.8151158,-0.00877716,-0.02790749,-0.00915524
-0.71346807,-0.41670194,-0.56331394,-0.57735608,0.80514328,0.13566223,0.39701771,0.42202343,-0.81502941,0.02679797,-0.00773275,-0.02341621
-0.71305633,-0.41669699,-0.5638391,-0.57755076,0.80504054,0.13544323,0.39747457,0.42222431,-0.81470292,0.02685272,-0.01455379,-0.02824631
-0.71233627,-0.41570253,-0.56548057,-0.57734853,0.80519976,0.1353588,0.39905581,0.42290038,-0.81357823,0.02878806,-0.029374,-0.01734527
-0.71189559,-0.41446547,-0.56694172,-0.57638684,0.80603185,0.13450222,0.40122655,0.42252931,-0.81270296,-0.02265329,-0.02807319,0.01439509
-0.712044042,-0.413723944,-0.567296668,-0.575500253,0.806751141,0.13398517,0.402234348,0.421882762,-0.81254057,-0.0404034741,-0.0295858979,-0.000546373427
-0.71261325,-0.41236705,-0.56756991,-0.57355091,0.80832834,0.13283307,0.40400686,0.42018887,-0.81253898,0.00192145,0.00683737,0.00273086
-0.71313278,-0.41039919,-0.56834345,-0.57169734,0.80966475,0.13268443,0.40571408,0.41954203,-0.8120226,0.00624125,0.02253556,-0.0203993
-0.71332051,-0.40921085,-0.56896381,-0.57093621,0.81012813,0.13313226,0.4064544,0.4198081,-0.81151429,0.00556716,0.0121423,-0.00331355
-0.7135534,-0.40732278,-0.57002595,-0.56976309,0.81083985,0.13382353,0.40769038,0.42027,-0.81065502,-0.01399126,0.01803076,0.0037239
-0.71387589,-0.40633416,-0.5703275,-0.5690131,0.81130208,0.1342125,0.40817275,0.42033494,-0.81037844,-0.00862461,0.03090966,-0.01620771
-0.71406044,-0.4061798,-0.5702064,-0.56882621,0.81141344,0.13433142,0.40811041,0.42026915,-0.81044394,-0.00243069,0.03232813,-0.02107926
-0.71401428,-0.40618957,-0.57025723,-0.56887712,0.81137452,0.13435097,0.4081202,0.42033486,-0.81040493,0.010566,0.03427875,-0.02055987
-0.71355118,-0.40564387,-0.57122494,-0.56886015,0.81137586,0.13441489,0.40895356,0.42085898,-0.80971284,-0.00855375,0.0198884,-0.01729383
-0.71280721,-0.405508,-0.57224925,-0.56830369,0.81209245,0.13242649,0.4110193,0.41960591,-0.80931705,-0.00218652,0.00101125,-0.02063094
-0.71211106,-0.4062618,-0.57258088,-0.56816881,0.81256478,0.13008706,0.41240964,0.41795909,-0.80946163,0.01965913,0.0371803,-0.03334587
-0.71169374,-0.40660659,-0.57285519,-0.56830989,0.81259575,0.12927494,0.41293565,0.41756344,-0.80939785,0.0042275,0.03192377,-0.02006093
-0.71076591,-0.40726743,-0.57353748,-0.5689258,0.81233259,0.12821551,0.4136852,0.41743146,-0.80908326,-0.01694651,0.01105225,-0.00810785
-0.70993057,-0.40804393,-0.57401931,-0.56973748,0.81187443,0.12751102,0.41400147,0.41756437,-0.80885238,-0.01455863,0.0070858,-0.00813164
-0.709606371,-0.408388227,-0.5741759,-0.570158223,0.811599125,0.127383173,0.413978875,0.417763004,-0.808761818,-0.0190262087,7.55786896e-05,-0.0137292137
-0.709143435,-0.409035339,-0.5742873,-0.570995621,0.811000545,0.12744466,0.413617954,0.418292042,-0.808673106,-0.0158367902,-0.000385403633,-0.00273781084
-0.70933234,-0.40991334,-0.57342699,-0.57145157,0.81069146,0.12736737,0.41266277,0.41803157,-0.80929529,-0.00714644,0.00201213,-0.0102006
-0.70951929,-0.41035549,-0.57287898,-0.57162769,0.81056906,0.12735593,0.41209675,0.41783505,-0.80968493,0.00912825,0.00447452,-0.01719855
-0.709985051,-0.410506229,-0.572193735,-0.571732755,0.810390584,0.128018497,0.411148016,0.41803315,-0.810065053,0.0272035822,0.000781655312,-0.00795685779
-0.71017108,-0.41021058,-0.57217505,-0.57184605,0.81016635,0.1289286,0.41066909,0.41875741,-0.80993401,0.01450628,0.00417233,-0.00362248
-0.71012476,-0.41010467,-0.5723087,-0.57191399,0.81008388,0.12914539,0.41065494,0.41902064,-0.80980523,-0.00530007,0.00639212,0.00341418
-0.70993857,-0.41012059,-0.57252784,-0.57206734,0.80997376,0.12915669,0.4107627,0.41921783,-0.8096482,-0.00741892,-0.00118363,0.00422191
-0.70965931,-0.41006612,-0.57291284,-0.57205764,0.8100355,0.12881192,0.41125832,0.41915179,-0.80943069,-0.00593091,0.01607263,0.00347082
-0.70956618,-0.4099253,-0.57312919,-0.57201094,0.81007283,0.1287847,0.41148428,0.41921743,-0.80928204,-0.00369652,0.01261282,0.00970184
-0.70947213,-0.4094852,-0.57355963,-0.5718497,0.81015958,0.12895472,0.41186975,0.41947976,-0.80894962,-0.01852498,0.01439404,0.00623044
-0.70933224,-0.40912239,-0.5739919,-0.57188837,0.81007071,0.12934117,0.41205766,0.42000515,-0.80858161,-0.00974595,0.0145247,0.00201902
-0.7092385,-0.40881886,-0.57432386,-0.57189242,0.81001967,0.12964253,0.41221331,0.42039894,-0.80829755,-0.0059751,-0.00229764,0.00688401
-0.70919135,-0.40862086,-0.57452269,-0.57189473,0.8099834,0.1298587,0.41229085,0.42066122,-0.80812133,0.00611899,0.00550532,-0.00426778
-0.70942437,-0.40840906,-0.5743859,-0.57182421,0.80995362,0.13035421,0.4119881,0.42092421,-0.80813902,0.02954799,0.00903761,-0.0141737
-0.70942408,-0.4082699,-0.57448496,-0.57185819,0.80988729,0.13061686,0.41194112,0.42118671,-0.80802603,0.04033699,0.02016902,-0.01781362
-0.70886389,-0.40769179,-0.57558612,-0.57230673,0.80942707,0.13150215,0.41228264,0.42262894,-0.80709837,0.00987898,0.02324259,-0.00555706
-0.70797628,-0.40734199,-0.57692464,-0.57299428,0.80884985,0.1320586,0.41285239,0.42406888,-0.80605113,-0.02019574,0.00812209,0.002152
-0.70741571,-0.40747988,-0.57751443,-0.57345469,0.80854005,0.13195708,0.41317369,0.42452691,-0.80564518,-0.04836889,0.00263476,0.0037335
-0.70676132,-0.40784729,-0.57805617,-0.57386548,0.80835507,0.13130302,0.41372305,0.42452639,-0.80536358,-0.03703998,0.01065576,0.00145376
-0.70657424,-0.40809585,-0.57810939,-0.57391751,0.80840153,0.13078851,0.41397026,0.42419892,-0.80540905,-0.03061301,0.02444291,-0.0117337
-0.70676101,-0.4079197,-0.57800571,-0.57368236,0.80855937,0.13084467,0.41397782,0.42406755,-0.80547457,-0.03197119,0.02065074,-0.01106781
-0.70759992,-0.40721755,-0.57747379,-0.57275548,0.80915431,0.13122667,0.41382759,0.4236073,-0.80579361,-0.01304011,-0.00103199,-0.00613827
-0.70839465,-0.40730925,-0.57643425,-0.57210524,0.80965567,0.13097066,0.41336771,0.42255993,-0.80657951,0.02384834,0.01556623,-0.00384204
-0.70872239,-0.40765678,-0.57578488,-0.57197869,0.80978776,0.13070631,0.41298022,0.42197121,-0.8070857,0.03330377,0.01311707,-0.00696142
-0.70877188,-0.4085683,-0.57507734,-0.57231972,0.80963444,0.1301621,0.41242229,0.4213834,-0.80767781,0.03911149,0.02246845,-0.01088598
-0.70816602,-0.4087619,-0.57568585,-0.57292979,0.80919472,0.1302126,0.41261598,0.42203978,-0.80723606,0.00921601,0.01705623,0.00660766
