0,1,2,3,4,5,6,7,8,9,10,11
-0.29708707,-0.74987229,-0.59112673,0.83524775,-0.50408542,0.21967943,-0.46270989,-0.42847336,0.77608642,-0.04801142,-0.04453301,-0.08883989
-0.2953834,-0.74528055,-0.59775025,0.83247206,-0.50777019,0.22171937,-0.46876297,-0.43211818,0.77041231,-0.04215747,-0.06070507,-0.07246827
-0.29337892,-0.74139474,-0.60354167,0.8305126,-0.51033045,0.22318495,-0.47347388,-0.43577121,0.76545798,-0.03426301,-0.06485015,-0.05343955
-0.29220951,-0.73994541,-0.60588323,0.83000235,-0.51093809,0.2236928,-0.47508924,-0.43751934,0.76345731,-0.03109812,-0.06560493,-0.04442915
-0.28972406,-0.73828626,-0.60909216,0.82987785,-0.51081922,0.22442453,-0.47682557,-0.44045092,0.76068413,-0.01876382,-0.05439878,-0.03410821
-0.28671478,-0.73863837,-0.61008836,0.83111312,-0.50851758,0.22507916,-0.47649284,-0.44251893,0.75969173,-0.01715202,-0.0446527,-0.0335936
-0.28503723,-0.73947287,-0.60986347,0.83217968,-0.50664093,0.22537016,-0.475637,-0.44327712,0.75978602,-0.01380606,-0.04374719,-0.03580736
-0.27634625,-0.7447506,-0.60743679,0.83906719,-0.49515459,0.22536273,-0.46861408,-0.44740212,0.76172975,-0.00786834,-0.03153598,-0.04214193
-0.27371829,-0.74606177,-0.60701743,0.84120243,-0.49168654,0.22499525,-0.46632264,-0.44903922,0.76217254,-0.00425459,-0.02267659,-0.04052501
-0.267818286,-0.748382194,-0.606792534,0.845673591,-0.484358443,0.22412664,-0.461637591,-0.453123233,0.762607381,0.00397980958,0.000821471214,-0.0353206545
-0.2615658,-0.75003803,-0.60747543,0.85021471,-0.47696023,0.22280938,-0.45685708,-0.45820522,0.76244974,0.01757091,0.0130142,-0.02688156
-0.2520479,-0.75114906,-0.61012023,0.85658392,-0.46652448,0.22049628,-0.4502617,-0.46704358,0.76100896,0.03025762,0.01123273,-0.01634549
-0.24632964,-0.7507856,-0.61289681,0.86029418,-0.46061018,0.21847646,-0.44633557,-0.47345435,0.75935861,0.03176241,0.00885952,0.00388286
-0.24377932,-0.75042884,-0.61435172,0.86198989,-0.45796251,0.21735589,-0.44446025,-0.47657812,0.75850402,0.02640431,0.00486636,0.01374495
-0.23974555,-0.749512,-0.61705261,0.86486815,-0.45363517,0.21498445,-0.44105015,-0.48212757,0.75698598,0.02610907,-0.00463039,0.03229572
-0.23714871,-0.74871892,-0.61901567,0.86714791,-0.45040785,0.21257276,-0.43796679,-0.4863668,0.75606376,0.02500775,0.01038253,0.04000751
-0.23635724,-0.74847314,-0.61961522,0.86807741,-0.44915453,0.21142752,-0.43655089,-0.48790158,0.75589374,0.02733173,0.00893879,0.04722532
-0.23562298,-0.74849662,-0.61986647,0.8696779,-0.44706866,0.20926003,-0.43375338,-0.48977772,0.75629079,0.02398203,0.0152787,0.05888177
-0.23580809,-0.74913939,-0.61901932,0.8709333,-0.44550086,0.207375,-0.43112634,-0.49022382,0.75750296,0.01573784,0.00909317,0.05802953
-0.23711982,-0.75074647,-0.61656609,0.87238041,-0.44381269,0.2048963,-0.42746511,-0.48929523,0.76017349,-0.00306331,0.01358855,0.05579577
-0.23853836,-0.75193502,-0.61456733,0.87295842,-0.44329535,0.20355005,-0.42549133,-0.48793725,0.76215112,-0.01295237,0.01154888,0.05558363
-0.23946481,-0.75261484,-0.61337364,0.87313553,-0.44321882,0.20295593,-0.4246065,-0.48695755,0.76327034,-0.01457537,0.01059878,0.05249243
-0.2416121,-0.75408943,-0.61071478,0.87312067,-0.44356195,0.2022693,-0.42341906,-0.48435701,0.76558119,-0.02315108,0.00144947,0.05166499
-0.24413415,-0.75558449,-0.60785748,0.87256386,-0.44465567,0.20227158,-0.42312049,-0.48101306,0.76785123,-0.02704462,0.00161922,0.03419476
-0.24548255,-0.75623606,-0.60650247,0.87208976,-0.44548599,0.20248846,-0.42331746,-0.47921722,0.76886485,-0.02531297,0.00403428,0.02226101
-0.24814629,-0.75707648,-0.60436627,0.87077175,-0.44769471,0.2032879,-0.42447608,-0.47581993,0.77033463,-0.02699713,0.00692415,0.00686407
-0.25067262,-0.75714999,-0.60323057,0.8690128,-0.45058173,0.20443299,-0.42659111,-0.47296934,0.77092154,-0.02848388,0.01654923,-0.00191095
-0.251711658,-0.756932623,-0.603070713,0.868078548,-0.4520787,0.205096392,-0.427879558,-0.471887592,0.770870412,-0.0292392112,0.0187067986,0.000555770472
-0.25352561,-0.75608653,-0.60337215,0.86607261,-0.45524703,0.20656333,-0.43086312,-0.47019499,0.77024259,-0.0270536,0.01848948,-0.0052607
-0.25496355,-0.7548646,-0.60429528,0.86401419,-0.45843765,0.20812047,-0.43413458,-0.46905659,0.76909885,-0.02108257,0.00544453,-0.01377537
-0.25685223,-0.75258691,-0.60633311,0.86083309,-0.46333821,0.21043775,-0.43931001,-0.46790021,0.7668612,-0.02165737,-0.00687349,-0.0153942
-0.25819899,-0.75122981,-0.60744289,0.85880241,-0.46645991,0.21183335,-0.44248336,-0.46697828,0.76559763,-0.01876288,-0.00753957,-0.01121428
-0.25897149,-0.75081152,-0.6076312,0.85790487,-0.46783516,0.21243662,-0.44377117,-0.46627475,0.76528098,-0.0185793,-0.00213361,-0.01201391
-0.26055987,-0.75063737,-0.60716716,0.85633278,-0.47012343,0.21372409,-0.44587285,-0.46424924,0.76529081,-0.01638692,-0.00729966,-0.02824597
-0.2621335,-0.75114704,-0.60585827,0.85516745,-0.47172842,0.21485119,-0.44718536,-0.46179057,0.76601223,-0.0131979,-0.00100935,-0.05215006
-0.26280159,-0.75147166,-0.60516571,0.85470033,-0.47233905,0.21536712,-0.44768574,-0.46063652,0.76641467,-0.01261734,-0.0061096,-0.0643735
-0.26394984,-0.75184694,-0.60419902,0.85392474,-0.47342125,0.21606623,-0.44848948,-0.45890986,0.76698037,-0.0117521,-0.01300299,-0.06306263
-0.2654866,-0.7520965,-0.60321424,0.85327036,-0.47456171,0.21614931,-0.44882765,-0.45732012,0.76773172,-0.00462165,-0.01907885,-0.05251263
-0.26636435,-0.75247918,-0.60234949,0.85315808,-0.47485929,0.21593912,-0.44852103,-0.45638087,0.76846948,-0.00325006,-0.02652049,-0.0486642
-0.26737851,-0.75312579,-0.60109067,0.8532712,-0.47488217,0.21544106,-0.44770157,-0.45528908,0.76959412,-0.00120349,-0.0265851,-0.05358635
-0.267862121,-0.753457938,-0.60045903,0.853396302,-0.474812424,0.21509985,-0.447174086,-0.454812411,0.770182454,5.17219305e-05,-0.0214064121,-0.0544436127
-0.26863615,-0.75412754,-0.5992714,0.85383243,-0.47441077,0.21425346,-0.44587526,-0.45412114,0.77134249,-0.00248102,-0.02118212,-0.05155277
-0.26919081,-0.75464653,-0.59836867,0.85508127,-0.47315151,0.21204675,-0.44313933,-0.45457279,0.77265201,0.00089979,-0.00455153,-0.04923845
-0.26891029,-0.75483553,-0.59825615,0.85648023,-0.47154135,0.20997663,-0.4406004,-0.4559297,0.77330418,0.00100587,-0.00504935,-0.03370098
-0.26874168,-0.75497364,-0.59815758,0.8583749,-0.46945924,0.20688234,-0.4370014,-0.45784557,0.77421391,-0.00475709,-0.00201476,-0.01021073
-0.268918015,-0.755559521,-0.597338116,0.859655003,-0.467975386,0.204920019,-0.434368842,-0.458398023,0.77536762,-0.00955703668,-0.000671386719,0.00258867
-0.26929556,-0.75677828,-0.59562287,0.86103859,-0.46623061,0.2030804,-0.43138441,-0.45816562,0.77716907,-0.01704617,0.00610602,-0.00315642
-0.26945906,-0.75756147,-0.59455218,0.86176334,-0.46525205,0.20224815,-0.42983208,-0.45786569,0.77820522,-0.01936467,0.00824296,-0.00589705
-0.26980828,-0.75905665,-0.59248323,0.86316039,-0.46337879,0.20058445,-0.42679917,-0.45728872,0.78021117,-0.02417044,0.01186228,-0.00378512
-0.27018134,-0.76097082,-0.58985208,0.86489711,-0.46100064,0.19857346,-0.42303079,-0.45651051,0.78271521,-0.02810178,0.00912809,0.00118415
-0.2703344,-0.76199653,-0.58845603,0.86578407,-0.45975245,0.19759939,-0.42111419,-0.45605795,0.78401146,-0.03329043,0.00602233,0.00840297
-0.27047405,-0.76286789,-0.58726176,0.86643169,-0.45880877,0.19695338,-0.41969026,-0.45555142,0.78506878,-0.03207139,0.00934136,0.00404585
-0.27048563,-0.76325894,-0.58674805,0.86667175,-0.45842113,0.19679958,-0.41918676,-0.4552865,0.78549134,-0.03247285,0.00247049,0.00691345
-0.269844604,-0.764395411,-0.585562491,0.86712366,-0.4573142,0.197383254,-0.418664941,-0.454492295,0.786229229,-0.0279086158,0.0110086203,0.000764750876
-0.269684,-0.76447634,-0.58553088,0.86715338,-0.4571959,0.19752683,-0.41870693,-0.45447526,0.78621672,-0.03304553,0.01254988,-0.00104771
-0.26898325,-0.7647821,-0.58545379,0.86708318,-0.45691152,0.19849029,-0.41930248,-0.45424659,0.78603144,-0.04057495,0.00814962,-0.00625322
-0.26745758,-0.76549469,-0.58522145,0.86703182,-0.45616203,0.20042904,-0.42038325,-0.45379937,0.78571243,-0.03559758,-0.00454593,-0.0078758
-0.26641691,-0.76591107,-0.58515147,0.86710194,-0.45555803,0.20149709,-0.42089931,-0.45370375,0.78549136,-0.03740084,-0.00642896,-0.01877898
-0.26432921,-0.76641988,-0.58543173,0.86729676,-0.4543944,0.20327737,-0.42181284,-0.45401092,0.78482351,-0.04073271,0.00830448,-0.02775695
-0.26246455,-0.76652671,-0.58613065,0.86732324,-0.45363024,0.20486575,-0.42292167,-0.45459474,0.78388831,-0.0576347,0.01846159,-0.01627509
-0.25973737,-0.76749184,-0.58608222,0.86729863,-0.45228662,0.20791691,-0.42465184,-0.45430455,0.78312075,-0.10201241,0.02662039,-0.02450212
-0.25735436,-0.76858662,-0.58569895,0.86729768,-0.45098807,0.21072354,-0.42610256,-0.45374472,0.78265722,-0.13564053,0.02347767,-0.04462779
-0.2557565,-0.76890329,-0.58598332,0.86730209,-0.4502555,0.21226677,-0.42705479,-0.45393594,0.7820271,-0.15658528,0.03632057,-0.05277477
-0.25089188,-0.76882836,-0.58818011,0.86726535,-0.44843695,0.21622832,-0.43000431,-0.45585834,0.77928776,-0.18527971,0.03986228,-0.04864373
-0.24344258,-0.76777014,-0.59267586,0.86738701,-0.44577465,0.22118925,-0.4340224,-0.46023247,0.77447442,-0.18444608,0.05571163,-0.03408969
-0.23887675,-0.7670312,-0.59548388,0.86750099,-0.44411564,0.22406104,-0.43632551,-0.46305988,0.77148921,-0.18963219,0.07276356,-0.02058661
-0.22821374,-0.76584353,-0.60116742,0.86771467,-0.44003479,0.23117252,-0.44157652,-0.46888503,0.76495557,-0.23418355,0.13010013,0.00921139
-0.21611082,-0.76646614,-0.60483525,0.86788022,-0.43459919,0.2406395,-0.44730298,-0.47291976,0.75912247,-0.28131387,0.14640057,-0.00427265
-0.20922069,-0.7673612,-0.60612159,0.86794791,-0.4312434,0.24636442,-0.45043648,-0.47453744,0.7562547,-0.30347782,0.13712633,-0.03418595
-0.19337016,-0.76898443,-0.6093199,0.86772839,-0.4238758,0.2595699,-0.45788126,-0.47853111,0.74923474,-0.29843524,0.11490893,-0.08695245
-0.17457169,-0.76866425,-0.61536974,0.86684112,-0.41640101,0.27421994,-0.46702369,-0.48555676,0.73900169,-0.27550966,0.10720623,-0.07287521
-0.16430613,-0.76770104,-0.61938563,0.86605491,-0.41284834,0.28196645,-0.47217829,-0.49009316,0.73270482,-0.27662176,0.12677109,-0.05423798
-0.14186884,-0.76499833,-0.62821215,0.86374852,-0.40567309,0.29894396,-0.48354053,-0.50020651,0.71831882,-0.25939631,0.16904724,-0.01751637
-0.11684393,-0.76228709,-0.63660499,0.86050054,-0.39774668,0.31833383,-0.49586928,-0.51060356,0.70242272,-0.22741657,0.15390289,-0.04562812
-0.1034058,-0.76074929,-0.64075549,0.85862044,-0.3934578,0.32857527,-0.50207373,-0.51618918,0.69388087,-0.20039797,0.14599514,-0.05972163
-0.07484705,-0.75656981,-0.64961529,0.85431894,-0.38465008,0.34954748,-0.51433166,-0.52881605,0.67514185,-0.17015105,0.14573538,-0.06400762
-0.04413397,-0.75091624,-0.65892096,0.84871832,-0.3761114,0.37177576,-0.52700023,-0.54283036,0.65391582,-0.1355366,0.16413009,-0.03323556
-0.02820896,-0.74759894,-0.66355098,0.84524103,-0.37221883,0.38343252,-0.53364002,-0.5500443,0.64240138,-0.10435992,0.18896711,-0.01163759
0.0044694,-0.74112151,-0.67135589,0.83698011,-0.36461083,0.40807226,-0.54721488,-0.56373538,0.61867457,-0.05546532,0.20118046,0.00765029
0.03791955,-0.73573731,-0.67620484,0.82729414,-0.35643668,0.43420925,-0.56048798,-0.5758853,0.59515498,-0.02731624,0.16457975,-0.02216021
0.05496678,-0.73310911,-0.67788599,0.82188885,-0.35229927,0.4476422,-0.5669895,-0.58175241,0.58316972,-0.02428629,0.15986693,-0.0251804
0.08960048,-0.726795,-0.68098512,0.80980329,-0.34488171,0.47463162,-0.57981923,-0.59399121,0.55765946,0.0200489,0.16258228,-0.02254819
0.12457264,-0.71920543,-0.68353859,0.79584404,-0.33898796,0.50171617,-0.5925485,-0.60649023,0.53014693,0.04570752,0.14302349,-0.00414682
0.14212789,-0.71511344,-0.68440667,0.78824515,-0.33645117,0.51523808,-0.59872306,-0.61270994,0.51586555,0.0613308,0.13038504,0.00503221
0.2108813,-0.69699429,-0.68536699,0.75396023,-0.33027035,0.56786024,-0.62215185,-0.63649056,0.45585826,0.08608432,0.14311469,0.00552791
0.26124016,-0.68195484,-0.68314785,0.72288355,-0.33078766,0.60664534,-0.63968177,-0.65231647,0.4065591,0.1197695,0.08304405,0.03492453
0.29325368,-0.67169288,-0.68031676,0.70054222,-0.3332641,0.63101151,-0.65057114,-0.66163707,0.37281836,0.13704234,0.10204685,0.0812138
0.30855563,-0.66738427,-0.67778433,0.68911595,-0.33433199,0.64291618,-0.65567718,-0.66544741,0.35674519,0.12042759,0.1127702,0.08902954
0.33784856,-0.66073102,-0.67029311,0.66593965,-0.33545846,0.66632725,-0.66511858,-0.67149246,0.32667283,0.09554197,0.12331641,0.02908832
0.36662802,-0.65458429,-0.66113781,0.64122008,-0.33710428,0.68934556,-0.67410727,-0.67666823,0.29614082,0.10118034,0.10497963,-0.02762021
0.3809981,-0.65083196,-0.65670249,0.62798757,-0.33913501,0.70044195,-0.67858087,-0.67926805,0.27950464,0.11278041,0.07467616,-0.00319966
0.40875997,-0.64204425,-0.64860967,0.60078365,-0.34568524,0.72080566,-0.68700388,-0.68431059,0.24442736,0.08712862,0.10588443,0.07420116
0.43436965,-0.6348078,-0.63901645,0.57314777,-0.35249069,0.73976473,-0.69485581,-0.6875822,0.21072746,0.06975029,0.15933919,0.0648289
0.4706505,-0.62863876,-0.61911335,0.5284299,-0.36109042,0.76835888,-0.70657616,-0.6887865,0.1622442,0.09862799,0.14116585,0.06751204
0.49302386,-0.62663853,-0.60353262,0.49672485,-0.36678225,0.78659723,-0.71427718,-0.68760085,0.13043454,0.09118457,0.11064827,0.0518759
0.50350902,-0.62597975,-0.59550652,0.48066419,-0.36978987,0.79512098,-0.71794192,-0.68658924,0.11469352,0.0871516,0.13766301,0.05404207
0.52382353,-0.62534463,-0.5784056,0.44746053,-0.37578753,0.81151887,-0.72483654,-0.68390636,0.08297066,0.1182282,0.1732167,0.03551286
0.54301191,-0.62616194,-0.55951693,0.41243649,-0.38152871,0.82724343,-0.73146026,-0.67996822,0.0510775,0.13895053,0.14148688,0.03218378
0.55206661,-0.62712849,-0.54948372,0.39426331,-0.38434208,0.83476808,-0.7346965,-0.67748886,0.03507128,0.13679793,0.11458385,0.02156302
0.56880539,-0.62947604,-0.52935847,0.35676803,-0.39107741,0.84839565,-0.74106481,-0.67143021,0.00212994,0.13440743,0.10978985,0.03311524
0.58340496,-0.63255546,-0.50942336,0.31801437,-0.39923325,0.85992987,-0.74733221,-0.66369128,-0.03175285,0.14661556,0.15983403,0.06822923
0.58988252,-0.6350546,-0.49874275,0.29847488,-0.40242431,0.86542913,-0.75030088,-0.65936371,-0.04783527,0.16351706,0.18688095,0.08166797
0.601384,-0.64267172,-0.47466863,0.25910274,-0.4051207,0.87677981,-0.75577974,-0.65026928,-0.07711506,0.16584346,0.1432693,0.0638252
0.61094819,-0.65266556,-0.44807358,0.2187283,-0.40479504,0.88786191,-0.76085491,-0.64044398,-0.10455233,0.1921217,0.04798877,0.01024713
0.61506533,-0.65769182,-0.43489777,0.19797577,-0.40507912,0.8925897,-0.763217,-0.63510019,-0.11894305,0.20068082,0.01534557,0.00773483
0.62192106,-0.66719813,-0.40995214,0.1557203,-0.40768563,0.89974622,-0.76744074,-0.62340896,-0.14965191,0.22953276,0.03486705,0.03729507
0.62659146,-0.67739468,-0.38538231,0.11316902,-0.41016754,0.90496138,-0.77108745,-0.61065438,-0.18034733,0.23560388,0.0540967,0.044174
0.62794876,-0.68316779,-0.37277624,0.09189526,-0.41055109,0.90719516,-0.77281021,-0.60392845,-0.19502517,0.23461808,0.0505147,0.03558766
0.6291237,-0.69582856,-0.34644767,0.04911978,-0.40922409,0.91111081,-0.77575165,-0.59021884,-0.22327363,0.18997726,-0.02089798,0.02634648
0.62811943,-0.70919556,-0.32016806,0.00591075,-0.40710455,0.91336232,-0.77809446,-0.57559303,-0.25151836,0.24414136,-0.06579733,0.00386164
0.626552544,-0.716235763,-0.30730808,-0.015813926,-0.405900428,0.913780508,-0.779218739,-0.567671761,-0.265644455,0.246349141,-0.0727027655,0.000727504492
0.62134894,-0.73076179,-0.28268825,-0.05872635,-0.4032052,0.91322318,-0.78133005,-0.55082898,-0.29344606,0.21111839,-0.05877554,0.03060694
0.61416561,-0.74603877,-0.2573456,-0.10015873,-0.39714292,0.91227503,-0.78279552,-0.53451254,-0.31863382,0.18015969,-0.07444358,0.02685879
0.61416561,-0.74603877,-0.2573456,-0.10015873,-0.39714292,0.91227503,-0.78279552,-0.53451254,-0.31863382,0.18015969,-0.07444358,0.02685879
0.600675036,-0.769302496,-0.217630671,-0.160439898,-0.382662924,0.909850489,-0.783229519,-0.511607802,-0.353282847,0.183016509,-0.133945465,-0.000831373036
0.58984685,-0.78410156,-0.19304257,-0.19916602,-0.37293437,0.90623002,-0.78256858,-0.4960894,-0.37614055,0.15031296,-0.07558155,-0.00393076
0.58391406,-0.79128288,-0.18142699,-0.21806835,-0.36815209,0.90383081,-0.78197861,-0.48819602,-0.38752292,0.15999706,-0.04101765,0.00561465
0.57127194,-0.80540958,-0.15799932,-0.25516264,-0.35724281,0.89848184,-0.78009,-0.47296194,-0.40959323,0.19895148,-0.04800129,-0.00208122
0.55724447,-0.81952595,-0.13362532,-0.29233894,-0.34425403,0.89220337,-0.77718496,-0.45811147,-0.43141297,0.17413993,-0.11983305,-0.04636851
0.54960817,-0.82647374,-0.12195098,-0.31084463,-0.33780235,0.88840603,-0.77543956,-0.45036742,-0.44256387,0.1438624,-0.15170801,-0.04987612
0.533215,-0.8398578,-0.10159019,-0.347647,-0.3270114,0.8787519,-0.77124785,-0.43324614,-0.4663414,0.09980299,-0.1375407,-0.00955264
0.51493757,-0.85307445,-0.08428083,-0.38344995,-0.31715606,0.86739733,-0.76668469,-0.41433799,-0.49042693,0.1423955,-0.11967456,0.01969093
0.50529261,-0.85962677,-0.07563839,-0.40072175,-0.31136419,0.8616695,-0.76426529,-0.40508527,-0.50180115,0.16143119,-0.10953152,0.01749992
0.48523873,-0.8725125,-0.05714204,-0.43425494,-0.29719687,0.85035077,-0.75892419,-0.38780888,-0.52310427,0.12545498,-0.10364032,-0.00652076
0.46429117,-0.88478662,-0.03982962,-0.46689366,-0.28272124,0.83790162,-0.75262479,-0.37043414,-0.54436625,0.0827744,-0.11767757,-0.05438136
0.45340188,-0.8907047,-0.03273818,-0.48301235,-0.27640904,0.8308411,-0.74908326,-0.36089194,-0.55554573,0.07559116,-0.11320949,-0.06679779
0.43110233,-0.90204286,-0.0216678,-0.51473256,-0.26558114,0.81517919,-0.7410811,-0.34027253,-0.57880348,0.10908847,-0.10839033,-0.05429462
0.40750163,-0.91312504,-0.01203824,-0.54547782,-0.25396095,0.79872237,-0.73239074,-0.31891401,-0.60157892,0.10060085,-0.12179148,-0.01870382
0.39509892,-0.91861133,-0.00706946,-0.56043113,-0.24712717,0.79047132,-0.72788302,-0.30835238,-0.61245805,0.07838133,-0.11662591,-0.00802543
0.36944259,-0.92924667,0.00357458,-0.58919777,-0.23127051,0.77418338,-0.71858064,-0.28812244,-0.63295125,0.06028756,-0.13570029,-0.05270264
0.3438992,-0.93890618,0.01373158,-0.616683,-0.21480034,0.7573394,-0.70812108,-0.26891646,-0.65287715,0.02292646,-0.13406801,-0.04976137
0.33130471,-0.94336519,0.01729951,-0.62990615,-0.20749458,0.74844117,-0.7024638,-0.25885914,-0.66297545,0.03717309,-0.13093805,-0.03311889
0.30651957,-0.95158261,0.02315637,-0.65510347,-0.19324475,0.73040795,-0.6905687,-0.23905412,-0.68261836,0.05548042,-0.1505999,-0.02950918
0.28121696,-0.95922163,0.02847724,-0.67879785,-0.17785317,0.71246183,-0.67834399,-0.21968667,-0.70113292,-0.00353806,-0.17462718,-0.05353017
0.26822106,-0.96287333,0.03053513,-0.69017795,-0.16995158,0.70339948,-0.67209511,-0.20974122,-0.71013853,-0.00262792,-0.16388106,-0.023191
0.24212322,-0.96961655,0.03493007,-0.71124783,-0.15288894,0.68611334,-0.65992643,-0.19096791,-0.72665563,0.04435232,-0.13659132,0.00854883
0.21546488,-0.97547176,0.04505303,-0.72984431,-0.13021485,0.6710972,-0.64876978,-0.1774796,-0.73999925,-0.01625128,-0.16082287,-0.01978621
0.20194968,-0.97803892,0.05153807,-0.7384319,-0.11748409,0.66401489,-0.64337752,-0.17215494,-0.74594101,-0.04944803,-0.19305176,-0.04017986
0.17454146,-0.98267036,0.06240481,-0.75474593,-0.09281624,0.64941811,-0.63237171,-0.1604502,-0.75786675,-0.07720658,-0.17487252,-0.03737674
0.14721972,-0.98673399,0.06842741,-0.77034313,-0.07099131,0.6336652,-0.62040127,-0.14600058,-0.77057506,-0.0395536,-0.17009389,-0.02621287
0.1336031,-0.98856672,0.06990055,-0.77788833,-0.06090579,0.62544406,-0.61403582,-0.13793609,-0.77713171,-0.0428707,-0.15463734,-0.00514351
0.07906121,-0.99441158,0.06996357,-0.80544518,-0.02236866,0.59224796,-0.58737325,-0.10317565,-0.8027125,-0.0320853,-0.14429367,-0.01833508
0.065368,-0.99541653,0.06980656,-0.81164709,-0.01234406,0.58401766,-0.58047914,-0.09483436,-0.80873384,-0.03486538,-0.13212967,-0.01534237
0.0379227856,-0.996805005,0.0702967772,-0.82294208,0.0087523506,0.568057851,-0.566858173,-0.0793925103,-0.81998087,-0.0308588035,-0.110707104,-0.000590592623
-0.02807397,-0.99650574,0.07866495,-0.84442125,0.06575654,0.53162848,-0.53494356,-0.05150143,-0.84331667,-0.05308592,-0.10692394,0.00723989
-0.05361256,-0.99521584,0.08167735,-0.85101452,0.08832872,0.51766048,-0.52239836,-0.04175553,-0.85167867,-0.0638974,-0.116395,-0.00449107
-0.06610798,-0.99441435,0.08227867,-0.85407689,0.09902868,0.51063288,-0.51592863,-0.03651539,-0.8558529,-0.0726062,-0.11370689,-0.00939256
-0.09041008,-0.99266975,0.08020357,-0.85987761,0.11843672,0.49657135,-0.50243044,-0.02407016,-0.86428236,-0.0715951,-0.09620458,0.01097528
-0.12500317,-0.98947667,0.07287038,-0.86696803,0.14464858,0.47691004,-0.48243196,-0.00356102,-0.87592617,-0.04480441,-0.07671899,-0.00828265
-0.14676632,-0.98682744,0.06805207,-0.87043115,0.16152453,0.46503688,-0.46990326,0.00901714,-0.8826717,-0.0447791,-0.07437253,-0.01736292
-0.1675223,-0.98375854,0.06446155,-0.87302809,0.17840617,0.45386464,-0.45799358,0.01975573,-0.88873585,-0.04680411,-0.06584817,-0.01015843
-0.197474785,-0.978362421,0.0617303664,-0.875447456,0.204337671,0.437992965,-0.441129704,0.032450883,-0.896856429,-0.0703111291,-0.0898696184,0.000372648239
-0.21719856,-0.97424382,0.06061145,-0.87611433,0.22194752,0.42797543,-0.43040498,0.03985309,-0.90175566,-0.09361499,-0.09433925,-0.00532118
-0.22701036,-0.97205392,0.05981114,-0.87627886,0.23067072,0.42299682,-0.42497241,0.04361344,-0.90415494,-0.10573085,-0.0901264,-0.01065119
-0.24630951,-0.96749919,0.0572441,-0.87623626,0.24753771,0.41344293,-0.41417578,0.05167558,-0.90872876,-0.10337479,-0.08268923,-0.02441168
-0.26482381,-0.96278357,0.05399932,-0.87585502,0.26358518,0.40422854,-0.40341805,0.05975381,-0.91306245,-0.12949453,-0.06444907,-0.03998453
-0.27380712,-0.96037162,0.05211385,-0.87548697,0.27130613,0.39989431,-0.39818597,0.06386894,-0.91507839,-0.13410103,-0.05909169,-0.0301025
-0.29097464,-0.95547111,0.04908053,-0.87440175,0.28640455,0.3916556,-0.38827247,0.07104571,-0.91880208,-0.12057824,-0.06009448,-0.0188419
-0.30718393,-0.9503924,0.0489129,-0.87266008,0.3018166,0.38388957,-0.37960843,0.07524035,-0.92208272,-0.14558527,-0.05725908,-0.00842171
-0.32932515,-0.94269332,0.05360936,-0.8690357,0.32481616,0.37319065,-0.36921755,0.07631267,-0.92620428,-0.16586201,-0.04323483,-0.03417536
-0.34239853,-0.93784448,0.05666443,-0.8666377,0.33854583,0.36650478,-0.36290801,0.07638319,-0.92868898,-0.19015142,-0.05373049,-0.05788849
-0.34835203,-0.93562121,0.05713023,-0.86562315,0.34447754,0.36336183,-0.35964911,0.07712457,-0.92989483,-0.19354537,-0.05238962,-0.05072055
-0.35899711,-0.93167149,0.05576054,-0.86406545,0.3543452,0.35753369,-0.35286244,0.08017281,-0.93223405,-0.19713166,-0.02799362,-0.01199078
-0.36815471,-0.92824194,0.05318944,-0.86259851,0.36234832,0.35302629,-0.3469669,0.08408714,-0.93410036,-0.15477449,-0.04135895,0.01508405
-0.3721222,-0.92668994,0.05263712,-0.86180863,0.36601527,0.35116753,-0.34468942,0.08531414,-0.9348318,-0.16844633,-0.04047662,0.01850234
-0.37861979,-0.92403202,0.0530247,-0.86023788,0.37246314,0.34822677,-0.34152246,0.08623173,-0.93590926,-0.177035,-0.03889883,0.01223305
-0.383526449,-0.921906907,0.0547263615,-0.858756465,0.377801827,0.34612577,-0.339771472,0.0857517929,-0.936590506,-0.164581478,-0.0380806327,0.000868309289
-0.38937092,-0.91931938,0.05694236,-0.85665991,0.38415882,0.34431951,-0.33841448,0.08528772,-0.93712434,-0.13409622,-0.01460016,-0.0098951
-0.39270135,-0.91778512,0.05878748,-0.85523635,0.38794756,0.34360939,-0.33816606,0.08465871,-0.93727072,-0.10480594,0.00333035,-0.01715872
-0.39396243,-0.91716077,0.06007899,-0.85460405,0.38958183,0.34333338,-0.33829761,0.08391674,-0.93728991,-0.09756181,0.00566351,-0.01448945
-0.39571036,-0.91622068,0.06287154,-0.85361835,0.39219656,0.34280826,-0.33874603,0.0819845,-0.93729903,-0.07664664,0.01274443,-0.00452762
-0.39628628,-0.91575736,0.06592238,-0.85294724,0.39377342,0.34267119,-0.33976213,0.07956756,-0.93713973,-0.0471436,0.01837051,-0.01174382
-0.39624458,-0.91566425,0.06744809,-0.8527131,0.39424714,0.34270918,-0.34039776,0.07828278,-0.93701719,-0.04926719,0.02422011,-0.02710734
-0.39570287,-0.91576014,0.06929958,-0.85252926,0.39434142,0.34305776,-0.34148633,0.07666905,-0.93675434,-0.03248874,0.02116621,-0.03516866
-0.39474163,-0.91615309,0.06958681,-0.85280447,0.39352335,0.34331299,-0.34191131,0.07617602,-0.93663948,-0.02152227,0.01192641,-0.01867821
-0.39416509,-0.91640092,0.06959221,-0.85304989,0.39298818,0.34331634,-0.34196434,0.07595771,-0.93663791,-0.02168648,0.00319564,-0.00743827
-0.390812652,-0.917780768,0.0703121708,-0.854412576,0.390121758,0.343196892,-0.342409828,0.0740501042,-0.936627946,-0.0113535793,-0.0114303231,0.000801889692
-0.389948,-0.91813177,0.07053091,-0.85474483,0.38939097,0.34319956,-0.34256652,0.07354405,-0.93661062,-0.00838905,-0.00392282,-0.00305516
-0.3885466,-0.91871998,0.07060465,-0.85535081,0.38811666,0.3431332,-0.34264618,0.07293151,-0.93662928,-0.0064687,0.00111759,-0.00562502
-0.38738072,-0.91922409,0.07044936,-0.85599614,0.38700576,0.34277848,-0.34235456,0.07248141,-0.93677084,-0.00230959,-0.00960833,-0.00187105
-0.3867725,-0.91949955,0.07019652,-0.85632041,0.38635952,0.3426976,-0.34223139,0.0724353,-0.93681947,-0.00107968,-0.0136323,0.00110906
-0.3854972,-0.92006702,0.06977581,-0.85700109,0.38504577,0.3424747,-0.34196655,0.07222509,-0.93693251,-0.00552962,-0.00726801,0.02570933
-0.383099689,-0.921076218,0.0696653741,-0.858711243,0.382919353,0.340569797,-0.340366957,0.070649738,-0.93763479,-0.000634612981,0.00262224674,0.0141991582
-0.38174088,-0.92161721,0.06997016,-0.85925945,0.38176179,0.34048674,-0.34051035,0.06985516,-0.93764238,0.00273156,0.00528848,-0.00614862
-0.38077626,-0.92197163,0.07055329,-0.85941338,0.38102821,0.34091956,-0.34120095,0.06917963,-0.93744125,-0.00472689,-0.00378424,-0.01143556
-0.38043063,-0.92210759,0.07064161,-0.85945536,0.38071823,0.34116003,-0.34148079,0.0690744,-0.93734719,-0.01108823,-0.00144303,-0.0129018
-0.37966717,-0.92246296,0.07010706,-0.85971879,0.37979846,0.34152125,-0.34166725,0.06939204,-0.93725574,,,
-0.37779178,-0.92331694,0.06898619,-0.86058642,0.37765575,0.34171203,-0.34156155,0.06972743,-0.93726925,0.00811867,0.01044202,-0.00154373
-0.37721453,-0.92353357,0.06924531,-0.86069625,0.37718795,0.34195206,-0.3419227,0.06939011,-0.93716265,0.00707093,0.02340186,-0.02540945
-0.37647051,-0.92375068,0.07038913,-0.86091699,0.37690116,0.34171253,-0.34218693,0.06804549,-0.93716483,-0.00126369,0.00469267,-0.02627284
-0.3760081,-0.92394592,0.07029745,-0.86124644,0.37646435,0.34136361,-0.34186601,0.06781207,-0.93729877,-0.01756545,-0.01350403,-0.0077847
-0.37560918,-0.92422593,0.06873174,-0.8618653,0.3756059,0.34074677,-0.34074306,0.06875012,-0.93763928,-0.00332085,0.00397038,0.02261598
-0.375238605,-0.924425322,0.0680703263,-0.862288887,0.375071982,0.340262799,-0.340078844,0.0689834886,-0.937863164,0.00137098785,4.22000885e-05,0.0184545573
-0.37403017,-0.92484707,0.06898797,-0.86313643,0.37435302,0.33890311,-0.3392594,0.06721395,-0.93828853,-0.03438219,-0.01478302,-0.01024201
-0.374013416,-0.924906531,0.0682773967,-0.863313286,0.374110995,0.338719798,-0.338827485,0.0677409753,-0.938406626,-0.0390692614,-0.0122722387,0.000127559528
-0.3740668,-0.92498542,0.06690308,-0.8635074,0.37370104,0.33867759,-0.33827358,0.06891674,-0.93852091,-0.02634429,-0.01456952,0.01737746
-0.37394244,-0.92506582,0.06648566,-0.86357591,0.37343579,0.3387955,-0.33823625,0.06927459,-0.93850805,-0.01474983,-0.01975209,0.01845159
-0.37361962,-0.92515794,0.06701602,-0.86347203,0.3732811,0.33923042,-0.33885753,0.06887669,-0.93831315,-0.03273078,-0.01760888,0.01381996
-0.37321194,-0.92521109,0.06853529,-0.86320795,0.37337215,0.33980167,-0.33997746,0.06765786,-0.93799651,-0.05449919,-0.01336777,-0.01135982
-0.37351848,-0.9250499,0.06904163,-0.86259844,0.37374751,0.34093516,-0.34118616,0.06779036,-0.93754821,-0.01610223,-0.0196439,-0.00097145
-0.37349016,-0.92503143,0.06943831,-0.86221789,0.37379004,0.34184966,-0.34217706,0.06780658,-0.93718555,-0.01144738,-0.02114409,-0.02118965
-0.374972583,-0.924553406,0.0677980134,-0.86188722,0.374619552,0.341775681,-0.34138833,0.069722267,-0.937332826,-0.0338260271,0.000656723976,-0.00544875022
-0.3767172,-0.92415051,0.06348177,-0.86170752,0.37476094,0.34207362,-0.339918,0.0741623,-0.93752634,0.01885399,0.00888526,0.02576709
-0.37745662,-0.92392645,0.06233964,-0.86148961,0.37504563,0.3423103,-0.33964977,0.07550237,-0.93751648,0.03471914,0.01697552,0.02541589
-0.37802635,-0.92362414,0.06335848,-0.86088263,0.37587155,0.34293086,-0.34055389,0.07509272,-0.93722132,0.02790068,0.04699361,-0.03515742
-0.3774954,-0.92380402,0.06390002,-0.86083049,0.37551899,0.34344765,-0.341274,0.07464284,-0.93699536,0.03312628,0.05187345,-0.01002279
-0.37600663,-0.92428127,0.06574881,-0.86062002,0.37464513,0.34492623,-0.34344135,0.07310985,-0.93632401,0.00594306,0.04085004,0.01666205
-0.37434324,-0.92477589,0.06824054,-0.86007211,0.37377414,0.34723032,-0.34661677,0.07129153,-0.93529377,0.02105315,0.01825118,0.01506558
-0.37344585,-0.92499063,0.0702159,-0.85971416,0.37353673,0.34837015,-0.34846737,0.06973182,-0.93472328,0.02132789,0.00895798,0.00253999
-0.37139128,-0.92543989,0.07502869,-0.85919142,0.37318357,0.35003433,-0.35193523,0.06553572,-0.93372713,-0.00220348,-0.00998294,-0.00383969
-0.3694468,-0.92586147,0.0793053,-0.85873151,0.37277609,0.3515936,-0.35509011,0.06179321,-0.93278734,-0.0139014,-0.01153636,-0.00232327
-0.36896779,-0.92604006,0.07944956,-0.85865672,0.37234027,0.35223743,-0.35576828,0.06174443,-0.93253207,-0.01081614,-0.00359702,-0.00449918
-0.36847145,-0.92629555,0.07877282,-0.8588092,0.37161426,0.35263227,-0.35591483,0.06228413,-0.93244037,,,
-0.368153089,-0.92645134,0.0784301122,-0.858861887,0.371175245,0.352966324,-0.356117433,0.0625849985,-0.932343061,0.00383502478,0.00932586193,0.000509923673
-0.36757716,-0.92670966,0.07807925,-0.85886831,0.37046809,0.35369293,-0.35669651,0.06294963,-0.93209717,0.0051071,0.01301873,-0.01140016
-0.36690047,-0.92693803,0.07854928,-0.85864695,0.36993435,0.35478729,-0.35792391,0.06272552,-0.9316416,0.01119077,0.01275003,-0.02378123
-0.36653948,-0.92703659,0.07906953,-0.85848711,0.36974627,0.35536963,-0.35867631,0.06237682,-0.93137557,0.00429876,0.01289809,-0.01720261
-0.36591811,-0.92725259,0.07941574,-0.85844344,0.36925304,0.35598762,-0.35941492,0.06208835,-0.93111028,0.00508008,0.01210296,-0.00927939
-0.36473988,-0.92771598,0.07942312,-0.85868105,0.36812556,0.35658168,-0.36004419,0.06186041,-0.9308822,0.00307305,0.01221788,-0.01429568
-0.36401946,-0.92802569,0.07910862,-0.85888156,0.36732335,0.35692581,-0.36029476,0.061983,-0.930777,0.0050154,0.00834191,-0.01363447
-0.36379466,-0.92812588,0.07896766,-0.85896464,0.36706001,0.35699685,-0.36032387,0.06204311,-0.93076178,-0.00188495,0.0124768,-0.01127827
-0.36262192,-0.92863104,0.07841842,-0.85957616,0.36578931,0.35682891,-0.36004705,0.06198742,-0.93087232,0.01488257,0.00182688,-0.00780411
-0.36227902,-0.92876609,0.07840509,-0.85970888,0.36546624,0.35684034,-0.36007563,0.06187023,-0.93086921,0.00466891,0.00260544,-0.01049499
-0.36173597,-0.92896172,0.07859495,-0.85987534,0.3650284,0.35688745,-0.36022417,0.06151718,-0.93083518,-0.00606229,-0.00479007,-0.00749302
-0.36128337,-0.9291825,0.07806349,-0.86017112,0.36442574,0.3567904,-0.35997178,0.06175452,-0.93091691,-0.00379175,0.00724316,-0.00564148
-0.36102249,-0.92929507,0.07793226,-0.86030295,0.36413868,0.35676583,-0.35991888,0.06175514,-0.93093754,0.00708736,0.00295949,-0.01181653
-0.36092945,-0.92928418,0.07848917,-0.860337,0.36426611,0.35655337,-0.35993038,0.06116352,-0.93097193,-0.00372962,-0.00613999,-0.01108619
-0.36097805,-0.92923557,0.07884295,-0.86033763,0.36444983,0.35636432,-0.35988069,0.06080813,-0.93101471,-0.00631085,-0.00755936,-0.00797567
-0.361144459,-0.92913367,0.079281643,-0.860370717,0.364788491,0.355937796,-0.359634793,0.0603333166,-0.931140751,-0.00565929059,0.000851273537,-0.000382036204
-0.36144079,-0.92897499,0.07978588,-0.86033765,0.36527031,0.35552302,-0.35941543,0.05985776,-0.93125575,-0.01181131,0.00731075,-0.01319475
-0.36148908,-0.92892572,0.08013974,-0.86033812,0.3654537,0.35533333,-0.35936566,0.05950189,-0.93129773,-0.00788267,0.00977552,-0.00584755
-0.36140697,-0.92894023,0.08034293,-0.86037173,0.36545542,0.35525033,-0.35936808,0.05926517,-0.93131204,-0.00752712,0.00321913,-0.01065289
-0.361324685,-0.928954639,0.0805461393,-0.860405303,0.365457105,0.355167266,-0.359370445,0.0590283857,-0.93132617,-0.00752619375,-0.000601410866,-0.0135817528
-0.36127792,-0.92894479,0.08086732,-0.86043896,0.36553925,0.355001,-0.35933655,0.05867267,-0.93136154,-0.0081892,-0.00315249,-0.01287063
-0.36111185,-0.92898087,0.08119473,-0.86070224,0.36554248,0.35435895,-0.35887283,0.05807876,-0.93157763,-0.00514763,0.0024637,-0.01405272
-0.36095806,-0.92900991,0.08154544,-0.86088362,0.36555318,0.35390699,-0.35859232,0.05754448,-0.93171878,-0.00800849,0.00867927,-0.00962064
-0.36070785,-0.92911605,0.08144388,-0.86116232,0.36531144,0.35347838,-0.35817483,0.05736604,-0.93189043,-0.00580005,0.00556278,-0.00852856
-0.36047,-0.92922267,0.08128026,-0.86132633,0.36504007,0.35335907,-0.35801982,0.05736654,-0.93194994,-0.00497658,-0.00427383,-0.00210062
-0.36002983,-0.92941163,0.08107128,-0.86165438,0.36457735,0.35303695,-0.3576734,0.05724841,-0.93209033,-0.00587562,-0.00707495,0.0011509
-0.3596716,-0.92958247,0.08070168,-0.86196493,0.36413216,0.35273818,-0.35728531,0.05730789,-0.93223549,,,
-0.35928971,-0.9297519,0.08045039,-0.86227573,0.36370861,0.35241538,-0.35691937,0.0572488,-0.93237926,,,
-0.3592053,-0.92979219,0.08036232,-0.8624224,0.3636151,0.35215294,-0.35665,0.05718893,-0.93248609,-0.01164826,-0.0030632,0.00492121
-0.35915658,-0.92982679,0.08017892,-0.86248727,0.36350789,0.35210468,-0.35654204,0.05730742,-0.93252002,,,
-0.35893083,-0.92991505,0.0801666,-0.86261854,0.36330069,0.35199698,-0.35645187,0.05718937,-0.93256178,,,
-0.35908708,-0.92982296,0.08053329,-0.86248848,0.36357351,0.3520339,-0.35660899,0.05695181,-0.93251614,-0.00727818,0.001912,-0.00406708
-0.35958921,-0.92954811,0.08145982,-0.86221142,0.36437734,0.35188141,-0.35677284,0.0562972,-0.93249315,-0.007702,0.00369012,-0.01228996
-0.359707431,-0.9295137,0.0813315573,-0.862161633,0.364437736,0.351940967,-0.356774241,0.0564748364,-0.932482011,-0.00649823947,0.000469088554,-0.0176737197
-0.35995407,-0.92945653,0.08089142,-0.86212643,0.36450977,0.35195248,-0.35661027,0.05694812,-0.93251582,-0.00502459,0.00107408,-0.01306961
-0.36021103,-0.92940386,0.08035307,-0.86218876,0.36457023,0.35173734,-0.35620037,0.05742013,-0.93264378,-0.00412378,0.00427735,-0.00853397
-0.36037493,-0.92935309,0.08020183,-0.86221969,0.36468087,0.35154641,-0.35595885,0.05753698,-0.93272837,-0.00139906,0.00509489,-0.00549465
-0.36070568,-0.92921839,0.08027631,-0.86220129,0.36503384,0.35122511,-0.35566843,0.0574746,-0.93284307,-0.00347835,0.01138484,-0.00992672
-0.36083386,-0.92918086,0.08013503,-0.86228123,0.36512043,0.3509388,-0.35534458,0.05753171,-0.93296302,-0.00244082,0.00981247,-0.01127872
-0.36055956,-0.92931529,0.07981135,-0.86242878,0.36474994,0.35096163,-0.35526519,0.05771098,-0.93298232,-0.00209936,-0.00191557,-0.00837553
-0.36040574,-0.92937038,0.07986433,-0.86249488,0.36462815,0.3509257,-0.35526074,0.05759308,-0.93299127,-0.00725682,-0.00360358,-0.0142336
-0.36036986,-0.92938713,0.07983168,-0.86252753,0.3645855,0.35088981,-0.35521795,0.0575931,-0.93300761,-0.01125369,-0.00287831,-0.00930563
-0.36076638,-0.92927833,0.07930278,-0.86263689,0.36479749,0.3504,-0.35454863,0.0580031,-0.93323643,-0.00599743,0.00100803,-0.00634506
-0.36086134,-0.92923877,0.07933527,-0.86260384,0.36489845,0.35037636,-0.35453264,0.05800242,-0.93324267,-0.0040291,0.00552464,-0.01019974
-0.36105115,-0.92915231,0.07948545,-0.86257019,0.3651378,0.35020994,-0.35442153,0.05788194,-0.9332925,-0.00998722,-0.0017066,-0.00423872
-0.361250826,-0.929084879,0.079366696,-0.862568318,0.365290904,0.35005489,-0.354222643,0.0579984293,-0.933360821,-0.0111819506,-0.00022995472,0.00293571525
-0.36139143,-0.92904389,0.07920561,-0.86255065,0.36536701,0.35001892,-0.35412207,0.05817501,-0.93338792,-0.00978749,0.00505638,-0.00474577
-0.36159397,-0.92894663,0.07942122,-0.86245205,0.36563323,0.34998385,-0.35415538,0.05805509,-0.93338269,-0.00713474,0.00445306,-0.01130359
-0.36154812,-0.92894429,0.07965741,-0.86245282,0.36567676,0.34993652,-0.35420042,0.05781816,-0.93338036,-0.00777449,-0.00267863,-0.00675673
-0.3615612,-0.92891903,0.07989342,-0.86245312,0.36577854,0.34982951,-0.35418658,0.05758045,-0.93340044,-0.01878939,-0.00203073,-0.01069195
-0.36154802,-0.92893694,0.0797427,-0.86248531,0.36571419,0.34981722,-0.35412121,0.05769886,-0.9334177,-0.01067251,0.01060903,-0.01343712
-0.36145338,-0.928973,0.07975289,-0.86253477,0.36563198,0.34978134,-0.35409764,0.05764002,-0.93343043,-0.00981079,0.0136826,-0.01644257
-0.36078959,-0.92922483,0.07982447,-0.86288048,0.36505634,0.34952981,-0.35393222,0.05722776,-0.93351849,-0.01322958,-0.00242662,-0.00797464
-0.3606686,-0.92929313,0.07957588,-0.86301054,0.36486385,0.34940967,-0.35373838,0.05734629,-0.9335847,-0.01268584,-0.00577593,-0.01012715
-0.36031839,-0.92948682,0.07889586,-0.86333571,0.36431376,0.34918015,-0.35330123,0.05770247,-0.93372809,-0.00447775,-0.00528699,-0.00466468
-0.360062746,-0.929640664,0.0782483989,-0.863627715,0.363864529,0.34892644,-0.352848049,0.0580579626,-0.933877499,-0.0107598705,-0.000846505165,0.00741999783
-0.35997735,-0.92968478,0.07811796,-0.86375747,0.36375199,0.34872263,-0.3526177,0.05805729,-0.93396466,-0.00843033,-0.0044139,0.00336816
-0.3595841,-0.92983529,0.07813694,-0.86403508,0.36341416,0.34838688,-0.35233851,0.05776136,-0.93408826,-0.00267246,0.00406146,-0.00485903
-0.35940737,-0.92989635,0.07822292,-0.86406893,0.36327645,0.34844649,-0.35243569,0.05764429,-0.93405877,,,
-0.35903127,-0.93002092,0.0784703,-0.86412085,0.36300402,0.3486018,-0.352692,0.05735113,-0.93398026,-0.0066421,0.00567198,-0.01426497
-0.358749768,-0.930105866,0.0787500743,-0.864139631,0.362832634,0.348733606,-0.35293228,0.0570570561,-0.93390746,-0.00038210419,0.0105931759,-0.00872140285
-0.35832741,-0.93023128,0.07919106,-0.86417593,0.36258487,0.34890137,-0.35327245,0.05658592,-0.93380759,0.00883846,0.00486267,-0.00928475
-0.358189575,-0.930238339,0.0797290836,-0.864113406,0.362640226,0.348998602,-0.353564867,0.0561127112,-0.933725365,6.41024671e-05,0.00372028351,-0.0107606873
-0.357933791,-0.930283216,0.0803530086,-0.864084285,0.362616252,0.349095736,-0.353895204,0.0555213783,-0.933635719,-0.000705701532,0.00618636608,-0.00971550588
-0.357818636,-0.930287413,0.080815713,-0.864037679,0.362668678,0.3491566,-0.354125315,0.0551069132,-0.933572989,-0.000866574701,0.00367927551,-0.0143238604
-0.35780857,-0.93026418,0.08112738,-0.86402238,0.36277327,0.34908582,-0.35417288,0.05481002,-0.93357246,-0.00342352,0.00162363,-0.01309938
-0.35782156,-0.93023101,0.08144927,-0.86405542,0.36291204,0.34885969,-0.35407902,0.05445283,-0.9336289,-0.0082755,0.00376821,-0.00207457
-0.35792652,-0.9301813,0.08155491,-0.86418428,0.36307531,0.34837017,-0.353658,0.05421247,-0.93380234,-0.00355126,0.00508022,-0.00933534
-0.35800872,-0.93014136,0.08165048,-0.86426471,0.36320457,0.34803584,-0.35337836,0.05403224,-0.93391876,-0.01000956,0.00562727,-0.00735206
-0.35799559,-0.93013698,0.08175653,-0.86439415,0.36325118,0.3476654,-0.35307462,0.05379285,-0.93404728,-0.00668254,0.00346172,-0.00811984
-0.3579828,-0.93014401,0.0817342,-0.8644749,0.36324228,0.34747405,-0.35289022,0.05373256,-0.93412064,-0.01029112,-0.00238132,-0.00329397
-0.35789762,-0.93017683,0.08173265,-0.86465291,0.36318467,0.34709103,-0.35254009,0.0535527,-0.93426304,-0.00588892,0.00432909,0.00671187
-0.35772062,-0.93022612,0.08194728,-0.86473553,0.36310214,0.34697161,-0.35251729,0.05325617,-0.9342887,,,
-0.357638465,-0.930239639,0.0821513577,-0.864768952,0.363102179,0.346888197,-0.352518498,0.053018633,-0.934301662,-0.00508867158,0.000230669975,-0.00514684804
