0,1,2,3,4,5,6,7,8,9,10,11
-0.90202563,0.0066781,0.43163052,-0.03076562,-0.99833213,-0.0488483,0.43058446,-0.05734181,0.90072689,0.01183366,0.00295943,-0.00800924
-0.901950979,0.00648555725,0.431789563,-0.0307888801,-0.998308329,-0.049319107,0.430739287,-0.0577777379,0.900625001,-0.000542721362,0.0177621245,-0.0106981453
-0.90155184,0.00632079,0.43262427,-0.03069731,-0.99830766,-0.04938495,0.4315801,-0.05780351,0.90022072,-0.00997225,0.0195002,-0.00343054
-0.90136225,0.00635682,0.43301903,-0.03049148,-0.99834223,-0.04881448,0.43199092,-0.05720292,0.90006203,0.01864176,0.00943357,0.00718647
-0.90130735,0.00632624,0.433134,-0.03026941,-0.99836901,-0.04840563,0.43212133,-0.05673906,0.9000288,0.02180918,0.00114673,0.01067725
-0.90139203,0.00619985,0.43295971,-0.02955597,-0.99844647,-0.04723603,0.43199421,-0.05537472,0.90017479,0.0108797,-0.0013532,0.04410318
-0.90203436,0.00591044,0.43162335,-0.02858984,-0.99852855,-0.04607555,0.430716,-0.05390178,0.90087641,0.01779312,-0.00442934,0.04619706
-0.90311971,0.0051897,0.42935727,-0.02713261,-0.99861832,-0.04500091,0.42853054,-0.05229079,0.90201288,0.00441623,-0.0051828,0.04909347
-0.903755905,0.00469296403,0.428022736,-0.0263721188,-0.99865088,-0.0447343624,0.427235295,-0.0517168049,0.902660172,-0.00906120427,-0.000253617764,0.0471502133
-0.90410148,0.00439427459,0.427295095,-0.0260000867,-0.998660091,-0.0447426871,0.426525971,-0.0515616418,0.903004423,-0.000510835554,0.00684791803,0.0425652713
-0.904731147,0.00397358817,0.425964516,-0.0254995237,-0.998668516,-0.0448439135,0.425219158,-0.0514335774,0.90362783,0.0281890891,0.000215053558,0.0350760594
-0.905058101,0.00345746856,0.425274098,-0.0250916854,-0.99865924,-0.0452804421,0.424547312,-0.0516522703,0.90393121,0.0234240796,0.000957906246,0.0394118056
-0.90509923,0.0030926,0.4251889,-0.02495136,-0.99863654,-0.04585038,0.42446742,-0.0521082,0.90394255,0.01744295,-0.00386167,0.03353024
-0.90481891,0.00277759,0.42578712,-0.02501139,-0.99859858,-0.04663619,0.42506095,-0.05284685,0.9036207,0.020286,0.00105327,0.02443781
-0.904500639,0.00253747694,0.426464546,-0.0249964107,-0.998578521,-0.0470740194,0.425738919,-0.0532385674,0.903278484,0.0087903291,0.00052011013,0.0346078873
-0.90374748,0.00210929,0.42806058,-0.02508203,-0.99853062,-0.04803438,0.42733032,-0.05414759,0.90247262,0.00541668,-0.00099862,0.03185371
-0.90316176,0.0017513,0.4292968,-0.02518302,-0.9984858,-0.04890716,0.42856111,-0.05498207,0.90183831,0.01912651,0.00204641,0.0306205
-0.90289682,0.00153109,0.42985421,-0.02523283,-0.9984579,-0.04944447,0.42911571,-0.05548971,0.90154345,0.02293133,0.00179559,0.03116854
-0.90240571,0.00104106,0.4308863,-0.02521414,-0.99841118,-0.05039374,0.4301492,-0.05634002,0.90099804,0.01018246,0.00399238,0.03206954
-0.9021673,-1.69043953e-05,0.431386279,-0.0248394227,-0.998338811,-0.0519863346,0.430670553,-0.0576157584,0.90066825,0.00838408899,0.00166124105,0.0313630551
-0.902230222,-0.000686892349,0.431253581,-0.0245838922,-0.998290409,-0.0530222887,0.430552848,-0.0584402175,0.900671394,0.0139339352,0.000666677952,0.0196896847
-0.902160241,-0.00141178281,0.431398491,-0.0242982836,-0.998240769,-0.0540805003,0.430715967,-0.0592715274,0.900539077,0.00732811866,-0.00087749958,0.0264099911
-0.90218277,-0.00178161,0.43134989,-0.02407914,-0.99822401,-0.05448533,0.43068097,-0.05954227,0.90053795,0.01100281,0.00718528,0.02655725
-0.90235989,-0.00240019,0.43097651,-0.02377289,-0.99818481,-0.05533373,0.43032705,-0.06017649,0.90066499,0.00568743,-0.00604647,0.01596124
-0.90255611,-0.00300579,0.43056189,-0.02336966,-0.99815974,-0.05595639,0.42993771,-0.06056586,0.90082481,0.01686348,-0.00263429,0.02787618
-0.90267273,-0.00331847,0.43031435,-0.02317795,-0.99814356,-0.05631794,0.42970249,-0.06081049,0.90092054,0.01243747,0.00318354,0.02928953
-0.90275434,-0.00391924,0.43013883,-0.02276922,-0.99812136,-0.05688137,0.42955364,-0.06114383,0.90096898,-0.00620641,0.00133455,0.0256833
-0.90281484,-0.00439283,0.4300067,-0.02248559,-0.99809753,-0.05740563,0.42944086,-0.06149562,0.90099879,0.00363958,0.00843066,0.02907311
-0.90283522,-0.00457531,0.42996237,-0.0224156,-0.99808292,-0.05768908,0.42940204,-0.06172159,0.90100185,0.00998435,0.00199902,0.01799838
-0.90260834,-0.00484592,0.43043534,-0.02234845,-0.99806051,-0.05810029,0.42988209,-0.06206137,0.90074956,0.00903186,-0.0023253,0.02912363
-0.90236166,-0.00511084,0.43094897,-0.02235967,-0.99802772,-0.05865491,0.43039886,-0.06256382,0.90046797,0.01486866,-0.00197905,0.02344563
-0.90222967,-0.00530619,0.43122371,-0.02230195,-0.99801249,-0.05894185,0.43067931,-0.0627962,0.90031772,0.01447856,0.00292569,0.01961415
-0.90202041,-0.00548024,0.43165827,-0.02222263,-0.99800405,-0.05910826,0.43112069,-0.06290944,0.90009852,0.00525033,0.00319761,0.02818276
-0.901983845,-0.00566577769,0.431732646,-0.0220714627,-0.998001581,-0.0592092301,0.431205322,-0.0629347389,0.900056216,0.00516157458,-0.000599861145,0.0264372919
-0.90190889,-0.00581282,0.43188736,-0.0218817,-0.99801063,-0.05912783,0.43137185,-0.06277834,0.89998734,0.00770722,0.00155967,0.01883517
-0.90185313,-0.00600266,0.43200083,-0.02165065,-0.99801918,-0.05906579,0.43149971,-0.06262177,0.89993695,0.0083162,0.00439793,0.03185776
-0.90183503,-0.00610968,0.43203708,-0.02150526,-0.99802599,-0.05900376,0.43154478,-0.06250274,0.89992361,0.01271634,0.0013718,0.0287505
-0.901895014,-0.00631391054,0.43190954,-0.0211208893,-0.998052748,-0.0586938601,0.431439015,-0.0620580028,0.90000511,0.0102138855,-0.000238418579,0.0309706051
-0.90191509,-0.0064224,0.43186599,-0.0209771,-0.99805827,-0.05865128,0.43140404,-0.06195776,0.90002878,0.01311618,-0.00282139,0.03668055
-0.90197311,-0.0065509,0.43174227,-0.02085342,-0.99805717,-0.05870955,0.43128811,-0.06195774,0.90008433,0.01024,0.00152874,0.02999005
-0.90206943,-0.00666232,0.431539,-0.02071281,-0.9980602,-0.05870569,0.43109312,-0.06189501,0.90018204,0.01211058,-0.00433117,0.02559861
-0.90205073,-0.0067037,0.43157764,-0.02066999,-0.99806117,-0.05870573,0.43113449,-0.06187626,0.90016352,0.00992733,0.00144362,0.02738868
-0.902128347,-0.006856498,0.431412988,-0.0204865243,-0.99806519,-0.058701775,0.430980835,-0.0617946964,0.900242701,0.00761606311,0.00053781271,0.0304494873
-0.902148008,-0.0068993558,0.431371787,-0.020445323,-0.998065157,-0.0587213003,0.430942233,-0.0617948318,0.900261186,0.00729635404,-4.83989716e-05,0.0281204116
-0.901899262,-0.00688474702,0.431891597,-0.0205139398,-0.998062043,-0.0587483337,0.43145907,-0.061844876,0.900010157,0.0089507252,0.000155925751,0.032539878
-0.90178377,-0.00681469,0.43213344,-0.0206117,-0.99805965,-0.05875212,0.43169539,-0.06188872,0.89989381,0.01347557,0.00173408,0.02616826
-0.901552946,-0.00671163613,0.432616534,-0.0208442732,-0.998044841,-0.0589222301,0.432166204,-0.0621390929,0.899650541,0.00737380609,-0.000856876373,0.0296345856
-0.90139763,-0.00650891,0.43294279,-0.02114565,-0.99803195,-0.05903028,0.43247507,-0.06236463,0.89948649,0.00616679,0.00189024,0.02120006
-0.90132039,-0.00645895956,0.433104501,-0.0212635858,-0.998023349,-0.0591346851,0.432630427,-0.0625086627,0.899401781,0.00842139591,-0.000408351421,0.0304626226
-0.90095221,-0.00607499,0.43387567,-0.02180334,-0.99800504,-0.05924887,0.43337007,-0.06284035,0.89902251,0.01032962,-0.00643921,0.02919447
-0.90089359,-0.00596514,0.43399904,-0.02194556,-0.99800064,-0.05927162,0.43348488,-0.06292177,0.89896146,0.00990057,-0.00213182,0.03469576
-0.900852829,-0.00571109754,0.434086661,-0.0221959902,-0.997999572,-0.0591932401,0.433556437,-0.0629593918,0.898924309,0.0142008606,-0.000404179096,0.0261358432
-0.90092847,-0.00552706,0.43393262,-0.02234872,-0.99800124,-0.05911198,0.43339197,-0.0629535,0.89900404,0.00749494,-0.0036639,0.02822467
-0.90113671,-0.00518457,0.43350362,-0.02259598,-0.99800753,-0.05890679,0.43294536,-0.06287852,0.89922444,0.00611634,0.00600964,0.02604757
-0.90132713,-0.00494912,0.43311077,-0.02269793,-0.99802114,-0.05863993,0.43254391,-0.06268448,0.89943116,0.01088104,0.0044542,0.03059997
-0.90140295,-0.00483065,0.43295417,-0.0227481,-0.99802836,-0.05849656,0.43238313,-0.06257786,0.89951589,0.01078692,0.00188285,0.0325211
-0.901535939,-0.00463515902,0.432679552,-0.0228056631,-0.998043911,-0.0582098601,0.432102975,-0.0623458209,0.899666618,0.0149939004,-0.00080537796,0.0279033966
-0.901687231,-0.00439831886,0.432366201,-0.0229061513,-0.998058092,-0.0579230377,0.431781409,-0.0621323173,0.89983575,0.00843595061,6.13331795e-05,0.0340770632
-0.90178256,-0.00432279,0.43216831,-0.02291525,-0.99806516,-0.05779924,0.431582,-0.06202559,0.89993877,0.00913523,-0.00173551,0.02739695
-0.90199057,-0.00408323,0.43173597,-0.0230974,-0.99806683,-0.05769492,0.43113703,-0.06201226,0.90015295,0.01286109,0.00396639,0.02571753
-0.90194907,-0.0037263,0.43182619,-0.02341337,-0.99806995,-0.05751567,0.43120709,-0.06198672,0.90012115,0.00979775,0.00335807,0.02789081
-0.90177389,-0.0034435,0.43219416,-0.02371853,-0.99806701,-0.05744084,0.43155658,-0.06204966,0.8999493,0.01135968,0.00155008,0.02935664
-0.901617179,-0.00313782856,0.432523308,-0.0240850132,-0.99805788,-0.0574470719,0.431863601,-0.0622126029,0.89979076,0.0128578125,-5.38825989e-05,0.0276542883
-0.901500241,-0.00298352058,0.432767607,-0.0242665354,-0.998054229,-0.057430378,0.432097024,-0.0622752893,0.89967434,0.00885023084,-0.000701069832,0.0266472511
-0.90136416,-0.00280499,0.43305302,-0.02450782,-0.99804612,-0.05747559,0.43236807,-0.06241961,0.89953413,0.0109105,0.00520891,0.02986694
-0.9013412,-0.00252805,0.43310166,-0.02481955,-0.99803787,-0.05747835,0.4323973,-0.06255701,0.89951051,0.01463,-0.00554812,0.02971505
-0.9013024,-0.00246098,0.43318395,-0.02492047,-0.99803346,-0.05752063,0.43247354,-0.06263862,0.89946821,0.01880268,-0.00575769,0.028953
-0.901184,-0.00220389,0.43343083,-0.0251674,-0.99803371,-0.05740251,0.43270514,-0.06263856,0.8993568,0.01283592,0.0012787,0.02632122
-0.90106704,-0.00203104,0.43367524,-0.02533028,-0.99803546,-0.05730401,0.43293962,-0.06261987,0.89924526,0.00995946,0.00614673,0.03463988
-0.90100761,-0.00190248,0.43379863,-0.02545371,-0.99803542,-0.05724484,0.4330554,-0.06261984,0.8991895,0.00954161,0.00342244,0.03130719
-0.90079387,-0.0017024,0.43424349,-0.02567286,-0.99803435,-0.05716839,0.43348727,-0.06264521,0.89897962,0.01245725,-0.00827277,0.03831837
-0.90056005,-0.00147813,0.43472931,-0.02595171,-0.99802814,-0.05715347,0.43395653,-0.06275209,0.89874575,0.01252691,-0.00586754,0.03125141
-0.90044224,-0.00134258,0.43497334,-0.02615174,-0.99801908,-0.05721742,0.43418855,-0.06289629,0.89862359,0.01116197,-0.00160873,0.02983021
-0.9002078,-0.00113706,0.43545898,-0.0264492,-0.99800749,-0.05728341,0.43465648,-0.06308452,0.89838415,0.01634957,0.00848275,0.02094159
-0.899992727,-0.000955722891,0.435903466,-0.0266868329,-0.998000804,-0.0572873862,0.43508684,-0.0631911248,0.898168305,0.00294462591,-0.000747919083,0.0284805559
-0.899953015,-0.000888730737,0.435985629,-0.0267877312,-0.997995725,-0.0573290712,0.435162816,-0.0632725462,0.898125766,0.0110373646,0.00668138266,0.0266950633
-0.899796364,-0.000733053652,0.436309354,-0.0269673419,-0.997993165,-0.0572912299,0.435475777,-0.0633165475,0.897970966,0.0148335733,0.00198346376,0.0351196341
-0.899600974,-0.000594643561,0.436712622,-0.0271638636,-0.997986638,-0.0573147693,0.435867402,-0.0634232186,0.89777342,0.00836986955,-0.0044708252,0.0370216407
-0.899580845,-0.000551771141,0.436753683,-0.027204925,-0.99798646,-0.0572947455,0.435905926,-0.0634231137,0.897754711,0.00630334578,-0.000845134258,0.033903107
-0.899578615,-0.000420880284,0.43675877,-0.0274102555,-0.997973932,-0.0574177516,0.435898013,-0.0636234483,0.897744386,0.0152348112,0.00513917208,0.0280768685
-0.899459924,-0.000323036192,0.437002648,-0.0276477426,-0.997954091,-0.0576436207,0.436127299,-0.0639302771,0.897611205,0.0154813556,-0.0021597743,0.0354590975
-0.899381542,-0.000273383154,0.437164439,-0.0277656269,-0.997945084,-0.0577464946,0.436281894,-0.0640742768,0.897525818,0.0163084902,-0.000371873379,0.0305606425
-0.899146534,-0.000208762577,0.437647176,-0.0280354246,-0.997918278,-0.0580748314,0.436748336,-0.0644874213,0.897269325,0.0146935023,0.00120508671,0.0255292747
-0.898914085,-0.000312746691,0.438124722,-0.0281375253,-0.997894081,-0.0584429623,0.437220367,-0.0648629506,0.897012343,0.00475986302,0.000407755375,0.0272643603
-0.898932854,-0.000384174724,0.43808614,-0.0282929063,-0.997860989,-0.058930823,0.437171734,-0.0653695866,0.896999268,0.0138655854,0.00248271227,0.0256351158
-0.899012727,-0.000611801338,0.437921648,-0.0281847066,-0.997844736,-0.0592546535,0.437014149,-0.065613393,0.897058246,0.0154290814,0.00172179937,0.0262321662
-0.89907391,-0.000843197933,0.437795624,-0.0279961857,-0.997840448,-0.0594158978,0.43690037,-0.0656759038,0.897109091,0.00990240742,-0.000769734383,0.0272284243
-0.89909533,-0.00100779,0.43775185,-0.02790866,-0.99783107,-0.05961859,0.43686245,-0.06581986,0.89711702,0.00816648,0.00716823,0.02946142
-0.89909657,-0.00111077,0.43774913,-0.02784346,-0.99782687,-0.05971987,0.43686414,-0.06588238,0.89711161,0.00565388,0.00225353,0.03001669
-0.89913765,-0.00129933,0.43766415,-0.02769601,-0.99782248,-0.05986102,0.43678888,-0.06594485,0.89714367,0.0097004,-0.00169104,0.02666956
-0.89915841,-0.00146385,0.43762023,-0.02760839,-0.99781241,-0.0600634,0.43675094,-0.06608852,0.89715154,0.00817769,0.00134808,0.02901269
-0.899139535,-0.00152399682,0.437658626,-0.0275843176,-0.997808094,-0.0601446212,0.436791141,-0.0661509446,0.897127368,0.0108887134,-0.000632703304,0.0256058909
-0.89906483,-0.00172715,0.43781245,-0.02745066,-0.99780249,-0.06030728,0.43695444,-0.06623838,0.89704142,0.00832806,0.00393885,0.0343615
-0.89910569,-0.00195323,0.4377272,-0.02734064,-0.99778694,-0.06061088,0.43687687,-0.06646333,0.89706255,0.01064398,-0.00214392,0.03030288
-0.89918417,-0.0020777,0.43756507,-0.0272974,-0.99777445,-0.06083315,0.43671771,-0.0666446,0.89712659,0.01064524,0.00253659,0.03363853
-0.89928277,-0.00226365,0.4373617,-0.02723167,-0.99775657,-0.06115657,0.43651897,-0.06690714,0.89720377,0.00945251,0.00198692,0.03487102
-0.89938007,-0.00234658,0.43716105,-0.02723109,-0.99774291,-0.06137871,0.43631841,-0.06710717,0.89728639,0.01410768,-0.00163627,0.03407593
-0.89953713,-0.0025952,0.43683661,-0.02714425,-0.99771796,-0.06182295,0.43600017,-0.06746964,0.8974139,0.0091378,0.00201398,0.02777916
-0.89965403,-0.00277685,0.4365943,-0.02715832,-0.99768719,-0.06230847,0.43575764,-0.06791325,0.89749822,0.00879164,0.00355095,0.02723758
-0.89971363,-0.00294246,0.4364704,-0.027072,-0.99767565,-0.06253042,0.43563996,-0.06807561,0.89754305,0.00994059,0.00607127,0.02623471
-0.8998503,-0.0031666,0.43618671,-0.02704457,-0.99764449,-0.0630354,0.43535901,-0.06851893,0.89764562,0.01657106,-0.00427699,0.03087207
-0.89996726,-0.00334789,0.43594418,-0.02705822,-0.99761344,-0.06352055,0.43511653,-0.0689623,0.89772924,0.01010048,-0.00266284,0.0296851
-0.89998827,-0.00353078,0.43589969,-0.0269889,-0.9975974,-0.06380365,0.4350777,-0.06918699,0.89773078,0.01366302,0.00168359,0.03397032
-0.90004772,-0.00378944,0.43577481,-0.02699542,-0.99755695,-0.06443087,0.43495436,-0.06975479,0.89774661,0.00223086,-0.00233507,0.03348287
-0.9001268,-0.0041093,0.4356083,-0.02697915,-0.99750999,-0.06515884,0.43479145,-0.07040357,0.89777487,0.01300808,0.00102937,0.03055242
-0.90012708,-0.00420246,0.43560745,-0.02707214,-0.99748119,-0.06556416,0.4347857,-0.07080889,0.89774579,0.0108875,-0.00103503,0.02920848
-0.89997364,-0.00450579,0.43592104,-0.02720598,-0.99741697,-0.06647721,0.43509458,-0.0716874,0.89752639,0.0163324,0.00113451,0.03002868
-0.89983882,-0.00478638,0.43619588,-0.02740128,-0.99734474,-0.06747062,0.43536069,-0.07266502,0.8973187,0.01515136,0.0011692,0.03398407
-0.89982009,-0.00493978,0.43623298,-0.0274703,-0.99730994,-0.06795639,0.43539522,-0.07313198,0.89726401,0.01737825,0.00469607,0.03280573
-0.89982127,-0.00526618,0.43622713,-0.02762811,-0.99723215,-0.06902818,0.4353832,-0.07416515,0.89718505,0.00750145,-0.00116152,0.03129564
-0.899861717,-0.00567756903,0.436138232,-0.0277029753,-0.997152435,-0.0701388857,0.435294541,-0.0751976285,0.897142115,0.00210714969,-0.000384449959,0.0290898979
-0.89990025,-0.00579014,0.43605702,-0.02781554,-0.99711357,-0.0706436,0.43520747,-0.07570136,0.89714199,-0.00276577,0.00412816,0.02871199
-0.89999713,-0.00603902,0.43585344,-0.02798051,-0.99704123,-0.07159182,0.4349963,-0.07662785,0.89716574,0.01100405,0.01538759,0.02816291
-0.90003591,-0.00622571,0.43577116,-0.02816705,-0.99697641,-0.0724193,0.43490445,-0.07745436,0.89713931,0.01284087,0.00104803,0.02752423
-0.90003589,-0.00631858,0.43576982,-0.02825973,-0.99694436,-0.07282293,0.43489843,-0.07785799,0.89710728,0.01575301,-0.00162292,0.02733648
-0.90003613,-0.00650429,0.43576711,-0.02844507,-0.99688004,-0.07363011,0.43488638,-0.07866517,0.89704272,0.01860082,-0.00248361,0.02944305
-0.90001697,-0.00671305,0.43580275,-0.0285693,-0.99682225,-0.07435608,0.43491711,-0.07937233,0.89696551,0.00520597,0.00762159,0.0215652
-0.90003678,-0.00682973,0.4357601,-0.02860188,-0.99679576,-0.07469843,0.43487405,-0.07969491,0.89695778,0.00629943,0.00799125,0.02638646
-0.90009525,-0.00700274,0.43563682,-0.0286909,-0.99674787,-0.07530243,0.43474741,-0.08027817,0.89696717,0.01557779,0.003272,0.02981449
-0.9001732,-0.00721804,0.4354719,-0.02873823,-0.99669906,-0.07592591,0.43458255,-0.08086117,0.89699468,0.01677469,-0.00598323,0.03269073
-0.90023179,-0.00731669,0.43534976,-0.02875303,-0.99667746,-0.07620717,0.43446083,-0.08112173,0.89703014,0.02358543,-0.00242895,0.0275297
-0.90019397,-0.00756692,0.4354232,-0.0288346,-0.99661919,-0.0769322,0.4345333,-0.08180916,0.89693259,0.01206274,0.00255102,0.03759098
-0.90019492,-0.00781778,0.43541683,-0.02891696,-0.99655905,-0.07767679,0.43452588,-0.08251519,0.8968715,0.01374577,-0.00432301,0.03528856
-0.90019516,-0.00791033,0.43541518,-0.02900933,-0.99652515,-0.07807926,0.43451975,-0.08291767,0.89683737,0.00339908,-0.00257355,0.02474235
-0.90013759,-0.00813666,0.4355296,-0.02915094,-0.99645901,-0.07886423,0.4346291,-0.08368476,0.89671311,0.00887522,0.00886565,0.02570959
-0.89996342,-0.00829588,0.43588618,-0.02939283,-0.99638931,-0.07965015,0.43497315,-0.08449416,0.89647035,0.00461611,0.00860673,0.0243967
-0.89986665,-0.00834516,0.43608546,-0.02952547,-0.99635814,-0.07999292,0.43516481,-0.08485858,0.89634291,0.00843887,0.00671762,0.0292443
-0.89978732,-0.00834262,0.43624876,-0.02985833,-0.9962961,-0.08063719,0.43530571,-0.08558199,0.8962057,0.00652858,-0.00526297,0.02712211
-0.89968933,-0.008382,0.43645018,-0.03014894,-0.99623508,-0.08128104,0.4354883,-0.0862862,0.89604946,0.0221965,0.00523919,0.03467606
-0.89962966,-0.00832926,0.43657368,-0.03034783,-0.99620742,-0.0815429,0.43559725,-0.0866075,0.89596548,0.01060502,-0.00861889,0.02679183
-0.89945429,-0.0084051,0.43693371,-0.03067435,-0.9961347,-0.08230719,0.43593669,-0.08743422,0.89572007,-0.0025503,-0.00993288,0.02754265
-0.899393806,-0.00837955223,0.43705883,-0.031068208,-0.996062543,-0.0830302716,0.43603372,-0.0882555531,0.895592287,0.000146249775,-0.00145673752,0.023578357
-0.89941162,-0.00832768,0.43702312,-0.03126833,-0.99603112,-0.08333134,0.43598263,-0.08861417,0.89558175,0.00524609,0.00970668,0.02449827
-0.89942828,-0.00824719,0.43699009,-0.03160779,-0.9959765,-0.08385305,0.43592351,-0.08923212,0.89554916,0.01462576,0.01113743,0.02166755
-0.89934895,-0.0081895,0.43715479,-0.03188547,-0.99593392,-0.08425474,0.43606731,-0.0897133,0.89543108,0.0194536,-0.00128239,0.03168048
-0.89932793,-0.00811872,0.43719915,-0.03206651,-0.99591102,-0.0844554,0.43609718,-0.08997257,0.89539051,0.0157619,-0.00649053,0.03307929
-0.89928825,-0.00814548,0.43728052,-0.03226082,-0.99586735,-0.08489652,0.43616492,-0.09045347,0.89530907,0.00993103,-0.00326395,0.02838003
-0.899267,-0.00811179,0.43732424,-0.03247883,-0.99582916,-0.08525735,0.43619195,-0.09087292,0.89525341,0.00596016,0.00580198,0.02926862
-0.89930595,-0.00814911,0.43724395,-0.03251627,-0.99581272,-0.08543758,0.43610935,-0.09105207,0.89527546,0.00607364,0.00116515,0.02924077
-0.89945973,-0.00813986,0.43692776,-0.03267584,-0.99577486,-0.08581756,0.43578023,-0.09146642,0.89539348,0.01596019,-0.0031696,0.02763262
-0.899497194,-0.00814844666,0.436850186,-0.0328524467,-0.995734317,-0.0862180588,0.435689338,-0.0919045142,0.895392843,0.0160467904,0.000910580158,0.0289923027
-0.89957468,-0.00824124,0.43668917,-0.03294551,-0.99569318,-0.0866582,0.43552261,-0.09234247,0.8954289,0.00786461,0.00232631,0.03366723
-0.899710589,-0.00833927649,0.436407349,-0.0329602173,-0.995664872,-0.0869778675,0.435240786,-0.0926389866,0.895535304,0.00739258714,0.000586509705,0.0263540503
-0.8998265,-0.00835815,0.43616801,-0.03297976,-0.99565205,-0.0871175,0.43499968,-0.09277534,0.89563833,0.01111567,-0.00594628,0.02778118
-0.90023303,-0.00865136,0.43532214,-0.03302292,-0.9955661,-0.08807575,0.434154,-0.09366432,0.89595607,0.01055224,-0.00606215,0.03523086
-0.900445659,-0.00878574452,0.434879938,-0.0330742986,-0.995518581,-0.0885945192,0.433709397,-0.0941578927,0.896119667,0.0168951694,-0.000349521637,0.0289090723
-0.90048406,-0.00891447,0.4347976,-0.03320294,-0.99546245,-0.08917422,0.43361963,-0.09473652,0.89610212,0.01153927,0.01131266,0.02608449
-0.90042583,-0.00896431,0.43491726,-0.03333618,-0.99542571,-0.08953442,0.43373042,-0.09511758,0.89600813,-0.00361545,-0.00150931,0.03176365
-0.90024971,-0.00912178,0.43527834,-0.03391177,-0.99527386,-0.09099403,0.43405118,-0.09667841,0.89568569,0.01020781,0.00238943,0.03181862
-0.90015161,-0.00910608,0.43548134,-0.03414721,-0.99522911,-0.09139382,0.43423598,-0.09713877,0.89554629,0.01137381,0.00192142,0.03188816
-0.89987932,-0.00919609,0.43604189,-0.03457088,-0.99512784,-0.09233267,0.43476655,-0.09816262,0.89517716,0.00673313,0.00585991,0.03581038
-0.89958677,-0.0093552,0.4366419,-0.03514709,-0.99497716,-0.09372914,0.43532556,-0.09966418,0.89473946,0.00986024,0.00239652,0.02486084
-0.89937215,-0.00946964,0.43708103,-0.03551144,-0.99487921,-0.09462582,0.43573895,-0.10062521,0.89443061,0.01021719,-0.00267243,0.02015577
-0.89904131,-0.00958519,0.437759,-0.03587607,-0.99478643,-0.09546184,0.43639171,-0.1015292,0.89401012,0.01270844,0.00127059,0.0254759
-0.898846081,-0.00963155993,0.438158425,-0.0360887434,-0.994736531,-0.0958993129,0.436775887,-0.102011316,0.893767592,0.00551694725,-0.000682473183,0.0267936755
-0.898436431,-0.00973002358,0.438995606,-0.0364357284,-0.994654696,-0.0966141822,0.437589137,-0.102796834,0.893279659,0.00962214824,0.000869452953,0.0239334628
-0.89804478,-0.00978685,0.4397949,-0.03682506,-0.99457075,-0.0973278,0.43835973,-0.10360021,0.8928089,0.00737173,0.00504631,0.02973577
-0.89784883,-0.00979695,0.44019487,-0.03700147,-0.99453718,-0.09760485,0.43874639,-0.10392226,0.89258152,0.00728191,0.00478798,0.02312806
-0.89763227,-0.0098209,0.44063543,-0.03727533,-0.99447811,-0.09809974,0.43916578,-0.10448234,0.89230984,0.00935377,0.00292212,0.02488022
-0.89741557,-0.0098637,0.44107555,-0.03756794,-0.99441025,-0.09867384,0.43958342,-0.10512176,0.89202904,0.00886143,-0.00140405,0.02475471
-0.89735646,-0.00989646,0.44119536,-0.03768398,-0.99437844,-0.09895115,0.43969445,-0.10542045,0.89193908,0.00246742,0.00583023,0.02707717
-0.897375328,-0.00987283277,0.441157365,-0.0377443875,-0.994368164,-0.099030684,0.439650605,-0.105518919,0.89194904,0.000598902639,0.00789433718,0.0264529008
-0.89739439,-0.00983063,0.44111983,-0.03778626,-0.99436671,-0.09903076,0.4396084,-0.10553791,0.8919676,0.00945605,0.00314444,0.02618911
-0.89737268,-0.00972322,0.44116576,-0.03793049,-0.99435705,-0.09906967,0.43963968,-0.10563608,0.89194055,0.00909766,-0.00159007,0.02700262
-0.8973893,-0.00951286,0.44113701,-0.03813998,-0.99435326,-0.09902945,0.4395881,-0.10569293,0.89195925,0.01267874,0.00137639,0.02871453
-0.89740812,-0.00947063,0.44109945,-0.03818183,-0.99435158,-0.09902941,0.43954587,-0.10571179,0.89197782,0.01310677,-0.0016104,0.02675896
-0.89736653,-0.00928424,0.44118813,-0.03833103,-0.99435982,-0.09888949,0.4396179,-0.10565132,0.89194949,0.00329706,0.00349182,0.03297206
-0.89740045,-0.00892892,0.44112659,-0.03864762,-0.99436155,-0.09874937,0.43952105,-0.10566622,0.89199546,0.00907308,0.0048241,0.024316
-0.897396289,-0.00865808004,0.441140085,-0.0388805243,-0.994366188,-0.0986093675,0.439508637,-0.105643458,0.892004259,0.00888376962,-0.000168502331,0.0250864066
-0.89745149,-0.00841015,0.44103252,-0.03905292,-0.99437715,-0.09843031,0.43938056,-0.10556006,0.89207722,0.00812346,0.00182551,0.02940418
-0.89752823,-0.0082882,0.44087862,-0.0390996,-0.99438901,-0.09829167,0.43921962,-0.10545775,0.89216858,0.01373029,0.00111973,0.03534564
-0.89775993,-0.0080436,0.44041173,-0.03919293,-0.994409,-0.09805477,0.43873808,-0.10529066,0.89242522,0.01289234,0.00461215,0.03007756
-0.89793329,-0.00784164,0.44006176,-0.03924451,-0.99443228,-0.09779748,0.4383785,-0.10508562,0.89262607,0.01084356,-0.00112879,0.02634757
-0.8980299,-0.00776163,0.43986576,-0.03924935,-0.99444364,-0.09767887,0.43817989,-0.104983,0.89273565,0.01187539,0.00243026,0.02494887
-0.89818293,-0.00749938,0.43955792,-0.03932457,-0.99447575,-0.09732189,0.43785955,-0.10469829,0.89292625,0.0099675,0.00696319,0.02606058
-0.89833706,-0.00732133,0.43924564,-0.03931604,-0.99450892,-0.09698488,0.4375438,-0.10439452,0.89311656,0.01165855,0.00471729,0.02591741
-0.8985287,-0.00702189,0.43885862,-0.03935456,-0.99455577,-0.09648863,0.43714691,-0.10396889,0.89336054,0.00716454,0.00461143,0.03633029
-0.89864211,-0.0067602,0.43862989,-0.03943011,-0.99458907,-0.09611108,0.43690634,-0.10366471,0.89351354,0.01753101,0.00237429,0.02821194
-0.89860216,-0.00663943,0.43871431,-0.03947711,-0.9946068,-0.0959117,0.43698499,-0.10350562,0.89349354,0.01150218,-0.00316626,0.03474118
-0.89854005,-0.00639256,0.43884481,-0.03964977,-0.99462286,-0.09567187,0.4370967,-0.10336511,0.89345516,0.01264079,-0.00131935,0.03323431
-0.89851682,-0.00616386,0.43889544,-0.03984087,-0.9946286,-0.09553175,0.43712688,-0.10332288,0.89344527,0.01115786,0.00323218,0.02963947
-0.89847653,-0.00608002,0.43897926,-0.03992467,-0.9946292,-0.09549142,0.43720221,-0.10332292,0.89340841,0.01496803,-0.00124222,0.02985997
-0.89827612,-0.00576349,0.43939366,-0.04027816,-0.99462483,-0.09538922,0.43758162,-0.10338383,0.8932156,0.01036321,0.00608581,0.03298515
-0.89819678,-0.00567993,0.43955692,-0.04036188,-0.99462726,-0.09532856,0.43773676,-0.10336515,0.89314175,0.00804252,-0.00232047,0.03379378
-0.898134587,-0.0055070962,0.439686304,-0.0406082079,-0.994609792,-0.0954067619,0.437841692,-0.10354298,0.893069712,0.01087905,0.000598967075,0.0268609039
-0.89801461,-0.00539534,0.43993262,-0.04083104,-0.99458745,-0.09554418,0.43806695,-0.10376297,0.8929337,0.00801886,-0.00543439,0.02871613
-0.89797365,-0.00533002,0.44001611,-0.04093323,-0.9945791,-0.09558309,0.43814046,-0.10384241,0.89288838,0.0086527,-0.00212175,0.03461491
-0.89798788,-0.00505396,0.43999104,-0.041245,-0.99456472,-0.09560196,0.43808276,-0.10399684,0.89289873,0.00883427,0.00764507,0.03282517
-0.89800643,-0.00501171,0.43995337,-0.04128691,-0.99456286,-0.0956019,0.4380405,-0.10401545,0.89291729,0.01361891,-0.00359994,0.02266773
-0.89806258,-0.00488501,0.43984048,-0.04141264,-0.99455778,-0.09560186,0.43791381,-0.10407141,0.89297292,0.00804601,0.00453585,0.02513085
-0.89808109,-0.00482426,0.43980304,-0.0414361,-0.99456429,-0.09552236,0.43787331,-0.10401057,0.89299986,0.01177834,0.00238448,0.02892894
-0.89808109,-0.00482426,0.43980304,-0.0414361,-0.99456429,-0.09552236,0.43787331,-0.10401057,0.89299986,0.01179064,0.00359625,0.03377433
-0.89804055,-0.00474044,0.43988681,-0.04151986,-0.99456474,-0.09548181,0.4379486,-0.10401059,0.89296294,0.00977339,0.00139719,0.02678808
-0.897862762,-0.00459707765,0.440251072,-0.0416268148,-0.994579561,-0.0952804729,0.438302804,-0.103875055,0.89280491,0.0131245852,-0.000350058079,0.0290280748
-0.897862762,-0.00459707765,0.440251072,-0.0416268148,-0.994579561,-0.0952804729,0.438302804,-0.103875055,0.89280491,0.0114138778,0.000780940056,0.0347834043
-0.89786276,-0.00459708,0.44025107,-0.04162681,-0.99457956,-0.09528047,0.4383028,-0.10387506,0.89280491,0.008603,0.0019201,0.03112758
-0.8978442,-0.00463928,0.44028871,-0.04158489,-0.99458142,-0.09528041,0.43834503,-0.10385633,0.89278636,0.00746346,0.00280803,0.02738734
-0.89782564,-0.00468152,0.44032635,-0.04154297,-0.99458328,-0.09528048,0.43838726,-0.10383771,0.8927678,0.00937656,-0.00184083,0.02475299
-0.89782564,-0.00468152,0.44032635,-0.04154297,-0.99458328,-0.09528048,0.43838726,-0.10383771,0.8927678,0.01000186,0.00483793,0.02653286
-0.89766798,-0.00461712,0.44064833,-0.04164497,-0.99458112,-0.09525841,0.43870031,-0.1038612,0.89261128,0.01108649,-0.001858,0.03186994
-0.89760847,-0.00459404,0.44076943,-0.04170523,-0.99457471,-0.09529719,0.43881598,-0.10392197,0.89254733,0.00936879,-0.00265026,0.03024419
-0.8975099,-0.0045713,0.44097004,-0.04176544,-0.99457028,-0.09531573,0.43901153,-0.10396415,0.89244625,0.00980278,0.00265378,0.02644205
-0.89743222,-0.0045533,0.44112919,-0.0417468,-0.99458297,-0.0951956,0.43917297,-0.10384731,0.89238044,0.01014939,0.00289959,0.02864754
-0.89741164,-0.00447417,0.44117138,-0.04175159,-0.99459972,-0.09501606,0.43921408,-0.10368813,0.89237871,0.01040609,0.00253087,0.0249316
-0.897333486,-0.00438166458,0.441331205,-0.0416587657,-0.994645387,-0.0945775184,0.439382497,-0.103252897,0.892346261,0.007339634,-0.000977694988,0.0254144557
-0.89725529,-0.00428906,0.44149103,-0.04156587,-0.99469087,-0.09413892,0.43955091,-0.10281761,0.89231358,0.01114201,0.00375813,0.02394853
-0.89721618,-0.00423343,0.44157103,-0.04151009,-0.99471768,-0.09387979,0.439636,-0.10256013,0.89230129,0.00784742,0.00942081,0.03324482
-0.89725533,-0.0041028,0.4414928,-0.04138043,-0.99477366,-0.0933428,0.43956841,-0.10202149,0.89239633,0.01329972,0.00447661,0.0303005
-0.89733186,-0.00388795,0.4413392,-0.04133476,-0.99482581,-0.09280578,0.43941649,-0.10152024,0.89252831,0.01314665,-0.00131506,0.02887989
-0.89735228,-0.00385543,0.44129809,-0.0412188,-0.99485846,-0.09250752,0.43938579,-0.10120161,0.89257961,0.01540408,0.00240421,0.0280056
-0.897608654,-0.00372007368,0.440777693,-0.0408350675,-0.994962492,-0.0915546387,0.438897837,-0.100179417,0.892934924,0.0135928225,-0.000510632992,0.0292524435
-0.897706952,-0.00370602511,0.440577459,-0.0407382099,-0.994982787,-0.0913764529,0.43870563,-0.0999776139,0.893051984,0.0129789375,7.87377357e-05,0.0305499174
-0.89784577,-0.00370168,0.44029425,-0.04048374,-0.99503487,-0.09091979,0.43844474,-0.09945672,0.89323824,0.00666827,0.00332886,0.02984241
-0.897964514,-0.0036740326,0.440052726,-0.0402897211,-0.995079186,-0.0905225419,0.438219851,-0.0990156235,0.893397603,0.00692344783,-0.000141203403,0.03222619
-0.898023464,-0.00367879908,0.439931728,-0.0402111827,-0.99509289,-0.0904034295,0.438105604,-0.0988745959,0.893469234,0.00828330871,0.000408470631,0.0289257318
-0.89804054,-0.00340383,0.43989918,-0.04018897,-0.99515345,-0.08974478,0.43807273,-0.09827356,0.89355166,0.01051993,0.00211132,0.03326698
-0.89801852,-0.00324044,0.43994516,-0.04027745,-0.99516782,-0.08954453,0.43810954,-0.09813254,0.89354911,0.00886239,0.00614506,0.02961456
-0.89791914,-0.00309572,0.44015005,-0.04038384,-0.99517846,-0.08938364,0.43830446,-0.09803421,0.89346434,0.01654577,0.00213349,0.02992954
-0.89768006,-0.00282477,0.44063895,-0.04061459,-0.99519249,-0.0891208,0.43877228,-0.09789833,0.89324958,0.01244182,0.00317615,0.02692392
-0.897559338,-0.00265648459,0.440885203,-0.0407810768,-0.995194496,-0.0890189999,0.439003102,-0.0978796284,0.893138193,0.0124861067,0.000354707241,0.0281637255
-0.89753741,-0.00251162,0.44093098,-0.04088798,-0.99520102,-0.08889841,0.43903828,-0.09781843,0.89312762,0.0093863,0.00162125,0.02786457
-0.897455644,-0.00234331063,0.441097791,-0.0410547922,-0.995201196,-0.0888168753,0.439189317,-0.0978184144,0.893053339,0.0118614566,-0.000980436802,0.0342405401
-0.89735585,-0.00223576,0.44130226,-0.0411981,-0.99519586,-0.08881524,0.43938071,-0.09787968,0.8929525,0.00628371,0.00367564,0.02963439
-0.89727556,-0.00217026,0.44146497,-0.04129965,-0.99518959,-0.08883375,0.43953426,-0.09794073,0.89287021,0.00917041,0.00580949,0.03027444
-0.8970731,-0.00187099,0.44187772,-0.04166995,-0.99517638,-0.08880956,0.43991253,-0.09808172,0.89266843,0.01507339,-0.00296229,0.03203835
-0.89705267,-0.0018476,0.44191932,-0.04173023,-0.99516857,-0.08886894,0.43994851,-0.09816153,0.89264192,0.01573301,0.00154918,0.02859787
-0.8969914,-0.00175876,0.44204425,-0.0418925,-0.99515306,-0.08896722,0.44005821,-0.09832118,0.89257028,0.01712812,0.00744539,0.03106034
-0.89694864,-0.00162785,0.44213143,-0.04209682,-0.99513563,-0.0890654,0.44012579,-0.09849943,0.8925173,0.00845472,-0.00131994,0.03103437
-0.896967193,-0.00160443893,0.442093598,-0.0421574934,-0.995125783,-0.0891451795,0.44008189,-0.0985978857,0.892528071,0.00695626158,0.000662147999,0.0285158046
-0.8968054,-0.00144559,0.44242282,-0.04250028,-0.99508853,-0.08940082,0.44037912,-0.09897823,0.89233936,0.00867301,0.00468832,0.03024369
-0.89680524,-0.00146427,0.44242274,-0.04251887,-0.99508042,-0.08948051,0.4403773,-0.09905792,0.89233141,0.01208023,-0.00183618,0.02673358
-0.89682223,-0.00137543,0.4423889,-0.04268191,-0.99506107,-0.0896196,0.44032725,-0.09925486,0.89233423,0.01151894,0.00558406,0.02878297
-0.8967813,-0.00132871803,0.442472165,-0.0428025155,-0.995045274,-0.08973814,0.440399054,-0.0994144034,0.89228104,0.0102800503,-0.000138878822,0.0298306663
-0.89676072,-0.00130536,0.44251379,-0.0428628,-0.99503727,-0.08979734,0.44043494,-0.09949412,0.89225444,0.00727199,0.00371426,0.02829041
-0.896656068,-0.00108581191,0.442726042,-0.0432294616,-0.995003539,-0.0899932381,0.44061178,-0.0998318099,0.89212939,0.0111285225,-0.000438988209,0.0307472516
-0.89661709,-0.00108587,0.44280544,-0.04322911,-0.99500563,-0.08997271,0.4406916,-0.09981315,0.89209207,0.01060995,0.00156647,0.0278718
-0.896614966,-0.00103913222,0.442809322,-0.0433500789,-0.994987548,-0.0901116037,0.440683499,-0.0999912529,0.892076106,0.0130004678,-0.000532269478,0.0293127112
-0.896594655,-0.00101580391,0.442850992,-0.0434103853,-0.994979787,-0.0901707896,0.44071938,-0.10007098,0.892049454,0.0134119056,0.000945746899,0.0293110814
-0.896573886,-0.000992481922,0.442892611,-0.0434706916,-0.994971564,-0.0902299611,0.440755203,-0.100150696,0.892022794,0.0144646363,-0.00262719393,0.0331725068
-0.896514317,-0.000987957057,0.443013608,-0.0435493168,-0.994957576,-0.0903483802,0.440869017,-0.100291559,0.891950733,0.0111682098,-0.000522851944,0.0247265678
-0.89649579,-0.00103005,0.4430513,-0.04350728,-0.99495956,-0.09034834,0.44091114,-0.10027285,0.89193202,0.00615226,0.00241107,0.02744129
-0.89649579,-0.00103005,0.4430513,-0.04350728,-0.99495956,-0.09034834,0.44091114,-0.10027285,0.89193202,0.00939289,-0.00166637,0.02639519
-0.896495795,-0.00103005422,0.443051304,-0.0435072776,-0.994959564,-0.0903483427,0.440911142,-0.100272854,0.891932022,0.00938450452,-0.000813364983,0.0301018953
-0.89649757,-0.00109548,0.44304736,-0.04340491,-0.99496932,-0.09028913,0.44091742,-0.10017442,0.89193997,0.01265806,0.00557882,0.027268
-0.89647889,-0.00111887,0.44308508,-0.04334425,-0.99497919,-0.09020942,0.44096136,-0.10007603,0.8919293,0.00690221,0.00160521,0.02791013
-0.89655895,-0.00116545,0.44292238,-0.04322395,-0.99499302,-0.0901116,0.44080981,-0.09993524,0.89201998,0.01185223,0.00454801,0.02266578
-0.89656075,-0.00123088,0.44291843,-0.04312158,-0.99500276,-0.09005239,0.44081604,-0.09983681,0.89202792,0.00594976,0.0013814,0.03238855
-0.89656109,-0.00121218,0.44291852,-0.04310297,-0.99501111,-0.08997271,0.44081789,-0.09975713,0.89203593,0.00711486,0.00126857,0.02359955
-0.89660209,-0.00124011,0.4428353,-0.04296371,-0.99503497,-0.08977448,0.44074796,-0.09951784,0.89209721,0.01320807,0.00208402,0.02964192
-0.896583354,-0.00124476434,0.442873099,-0.0428844083,-0.995052723,-0.0896149589,0.440793669,-0.0993396391,0.892094484,0.0111420127,6.93798065e-05,0.0300842486
-0.896603945,-0.00126812195,0.442831483,-0.042824098,-0.995060714,-0.089555769,0.440757787,-0.0992599164,0.89212109,0.00954107381,-0.000541567802,0.0263653733
-0.8966841,-0.00125864985,0.442668983,-0.0426479827,-0.995098483,-0.0892184736,0.440611578,-0.0988797363,0.89223552,0.0158523582,-0.000753343105,0.0253583286
-0.89666536,-0.00130072,0.44270669,-0.04260591,-0.99510022,-0.08921844,0.44065365,-0.09886103,0.89221681,0.01295893,-0.00187534,0.03429888
-0.89662799,-0.00134746,0.44278225,-0.04248452,-0.99511972,-0.08905889,0.44074143,-0.0986641,0.89219525,0.01516933,0.00422305,0.0293826
-0.89662989,-0.0014128885,0.442778371,-0.0423821656,-0.995129462,-0.0889996619,0.440747586,-0.0985656711,0.892203096,0.00908566266,0.000424683094,0.0282995384
-0.89665228,-0.00153911,0.44273276,-0.04225676,-0.9951312,-0.08904071,0.44071423,-0.09854701,0.89222164,0.00858758,0.00147706,0.02510663
-0.89665399,-0.00162326,0.4427288,-0.042173,-0.99513282,-0.08906117,0.44071857,-0.09852826,0.89222156,0.01145407,0.00101352,0.02715982
-0.89659606,-0.00166531,0.4428459,-0.04213054,-0.99513643,-0.08904065,0.44084042,-0.09849085,0.89216549,0.01081638,0.00262433,0.03069906
-0.89659776,-0.00174946,0.44284193,-0.04204677,-0.99513806,-0.08906112,0.44084477,-0.09847209,0.89216541,0.01319618,0.00556511,0.03057882
-0.896580775,-0.00189437271,0.442875608,-0.0419395946,-0.995133546,-0.0891613657,0.4408894,-0.0985144156,0.892138676,0.0100393221,0.000230491161,0.030176254
-0.89666304,-0.00206269,0.44270895,-0.04177293,-0.99513352,-0.08924348,0.44073858,-0.09851457,0.8922132,0.00797268,0.00388092,0.02313179
-0.89670564,-0.00223096,0.44262163,-0.04160579,-0.9951349,-0.08930485,0.44066749,-0.09849579,0.89225038,0.00888271,0.00366706,0.03019643
-0.89672603,-0.00225433,0.44258,-0.04154546,-0.99514266,-0.0892455,0.4406315,-0.09841597,0.89227696,0.00893923,0.00949448,0.03069073
-0.896729437,-0.00242258032,0.442572073,-0.0413779637,-0.995145906,-0.0892863923,0.440640185,-0.0983784876,0.892276794,0.00744722784,-7.76648521e-05,0.0308413561
-0.896751538,-0.00253009074,0.442526526,-0.0412338729,-0.995155302,-0.0892474829,0.440608551,-0.0982799274,0.892303272,0.0119614638,-0.000251173973,0.0322519802
-0.89679438,-0.00269839,0.4424392,-0.04106677,-0.99515692,-0.08930894,0.44053745,-0.09826131,0.89234044,0.00872163,0.00237012,0.0307107
-0.89681671,-0.00280587,0.44239369,-0.0409227,-0.99516656,-0.08926995,0.44050583,-0.09816272,0.89236692,0.00863768,0.00376409,0.03140857
-0.89683715,-0.00284795,0.44235201,-0.040881,-0.99516645,-0.08929039,0.44046811,-0.09816272,0.89238554,0.01507166,0.00144285,0.02969612
-0.89683861,-0.00293207,0.44234802,-0.04079721,-0.99516784,-0.08931071,0.44047242,-0.09814386,0.89238547,0.01261699,-0.00290918,0.02920143
-0.89682011,-0.00297416,0.44238577,-0.04075517,-0.9951698,-0.08931084,0.44051451,-0.09812524,0.89236676,0.01208131,-0.00272077,0.03228633
-0.89684208,-0.00311909,0.44233997,-0.04064835,-0.99516321,-0.08943157,0.44047938,-0.09818638,0.89237736,0.00725311,0.00228518,0.02912663
-0.8968044,-0.00322191,0.44241525,-0.04058281,-0.99515855,-0.08951128,0.44056177,-0.09822857,0.89233204,0.00948256,0.00378436,0.0312336
-0.8968044,-0.00322191,0.44241525,-0.04058281,-0.99515855,-0.08951128,0.44056177,-0.09822857,0.89233204,0.01262284,0.00560099,0.03001508
-0.89676698,-0.00332474,0.44249056,-0.04051732,-0.99515413,-0.08959111,0.44064419,-0.09827088,0.89228669,0.00913198,0.00150073,0.02711094
-0.8967685,-0.00342757,0.44248645,-0.04045216,-0.99514765,-0.08969124,0.44064684,-0.09833182,0.89227866,0.00835168,0.00213271,0.03076444
-0.89677027,-0.00353041,0.44248234,-0.04038704,-0.99514139,-0.08979149,0.44064949,-0.09839289,0.89227062,0.0095487,0.00253612,0.02666577
-0.89675146,-0.00355375814,0.442520198,-0.0403263483,-0.995151008,-0.0897116982,0.44069325,-0.0982943232,0.892259873,0.0106440466,0.000831902027,0.0263698492
-0.89679229,-0.0036192,0.44243693,-0.04022432,-0.99515866,-0.08967274,0.4406195,-0.09821455,0.89230508,0.01139839,0.00213176,0.0229975
-0.89681263,-0.00362385,0.44239554,-0.04014537,-0.99517432,-0.08953355,0.44058517,-0.09805496,0.89233958,0.00991464,0.00481278,0.02807559
-0.89683322,-0.0036285,0.44235417,-0.04006641,-0.99519021,-0.08939429,0.44055086,-0.0978953,0.89237406,0.0098934,0.00524288,0.03102847
