0,1,2,3,4,5,6,7,8,9,10,11
0.17157152,-0.90790604,-0.38245233,0.98503113,0.15153651,0.08216023,-0.01663829,-0.39082382,0.92031511,-0.01076659,-0.00656652,-0.00543649
0.16770832,-0.9152049,-0.36643397,0.98545284,0.1452612,0.08821474,-0.02750594,-0.37589775,0.92625283,-0.00958052,-0.02985275,-0.02152229
0.16553773,-0.91871157,-0.35856125,0.98565319,0.14197999,0.09126509,-0.0329378,-0.36852488,0.92903418,-0.02422923,-0.03833377,-0.04500068
0.16056198,-0.92580636,-0.34220214,0.98605688,0.13509803,0.09716078,-0.04372126,-0.35303112,0.93458947,-0.02595983,-0.04823709,-0.0602586
0.15463057,-0.93324736,-0.3242512,0.98647056,0.12775381,0.102737,-0.05445469,-0.33575053,0.9403756,-0.02229507,0.01351047,-0.05052219
0.1511348,-0.93697236,-0.31502534,0.98670765,0.12374079,0.10533807,-0.0597174,-0.32675817,0.94321945,-0.0287253,0.04174507,-0.04613461
0.14261089,-0.94433042,-0.29648323,0.98730817,0.11457101,0.10998262,-0.06989153,-0.30840502,0.9486841,-0.00354978,0.05319083,-0.02895587
0.13129774,-0.95139004,-0.27859972,0.9882757,0.10352631,0.11222001,-0.07792262,-0.29006758,0.95382853,0.05915225,0.04098177,-0.0075265
0.12477622,-0.95451692,-0.27079207,0.98889606,0.09743761,0.11220736,-0.08071849,-0.28178602,0.95607592,0.07326851,0.03823483,0.00556985
0.11037453,-0.9596739,-0.258541,0.99031553,0.08414919,0.11042669,-0.0842176,-0.26822546,0.95966791,0.09517501,0.01547265,0.02144754
0.11037453,-0.9596739,-0.258541,0.99031553,0.08414919,0.11042669,-0.0842176,-0.26822546,0.95966791,0.09517501,0.01547265,0.02144754
0.11037453,-0.9596739,-0.258541,0.99031553,0.08414919,0.11042669,-0.0842176,-0.26822546,0.95966791,0.09517501,0.01547265,0.02144754
0.11037453,-0.9596739,-0.258541,0.99031553,0.08414919,0.11042669,-0.0842176,-0.26822546,0.95966791,0.09517501,0.01547265,0.02144754
0.11037453,-0.9596739,-0.258541,0.99031553,0.08414919,0.11042669,-0.0842176,-0.26822546,0.95966791,0.09517501,0.01547265,0.02144754
0.03571871,-0.97445713,-0.22171466,0.99591065,0.0162864,0.0888631,-0.08298236,-0.22398207,0.97105404,0.27782181,-0.12699872,-0.02742545
0.01417021,-0.97602934,-0.21717711,0.99673866,-0.00346848,0.08062241,-0.07944312,-0.21761126,0.97279706,0.2898666,-0.12670463,-0.03508768
-0.00808912,-0.97673472,-0.21429847,0.99712765,-0.02401776,0.07183018,-0.075306,-0.21310189,0.9741235,0.31651562,-0.11303067,-0.06148961
-0.01908142,-0.97678818,-0.21335614,0.99713988,-0.03420048,0.06739802,-0.07313046,-0.21145985,0.97464695,0.3240743,-0.122311,-0.07101063
-0.0401741,-0.9765178,-0.21165738,0.9968497,-0.05366799,0.05839721,-0.06838517,-0.20864455,0.97559772,0.32496372,-0.12497008,-0.08838102
-0.05919464,-0.97611167,-0.20905069,0.99621957,-0.07110327,0.04991071,-0.06358259,-0.20530593,0.97663029,0.29017338,-0.08371401,-0.10818322
-0.06763848,-0.97620285,-0.20604133,0.99580734,-0.07880171,0.04645456,-0.06158548,-0.20203535,0.97744,0.28385109,-0.06972098,-0.12562774
-0.08229912,-0.97730434,-0.19520054,0.99488577,-0.09207459,0.04152999,-0.05856043,-0.19078435,0.97988367,0.34096065,-0.08134091,-0.15386164
-0.0940314,-0.97909594,-0.18035877,0.9940243,-0.10242068,0.03775904,-0.05544219,-0.17573046,0.98287587,0.40682146,-0.07637298,-0.16578548
-0.09875883,-0.98000758,-0.17271854,0.99365589,-0.10650156,0.03612839,-0.0538009,-0.16805481,0.98430841,0.4180257,-0.06673145,-0.17664675
-0.10544664,-0.98182199,-0.15781779,0.99316465,-0.11196568,0.03297785,-0.05004856,-0.15326166,0.98691743,0.43290201,-0.07287681,-0.21084858
-0.10544664,-0.98182199,-0.15781779,0.99316465,-0.11196568,0.03297785,-0.05004856,-0.15326166,0.98691743,0.43290201,-0.07287681,-0.21084858
-0.10807032,-0.9844768,-0.13829725,0.99319622,-0.112988,0.02819316,-0.04338145,-0.13430947,0.9899894,0.42972627,-0.08575493,-0.23904705
-0.10505367,-0.98637849,-0.12657375,0.99372423,-0.10903791,0.02495197,-0.03841345,-0.12315812,0.99164332,0.48022833,-0.09683597,-0.23151958
-0.09870807,-0.98830208,-0.11625663,0.99456914,-0.10185213,0.02140669,-0.03299727,-0.11351225,0.99298849,0.52809763,-0.08178663,-0.21471325
-0.09458408,-0.98918738,-0.11208042,0.99505867,-0.09735467,0.01949763,-0.03019837,-0.10968244,0.99350784,0.50428367,-0.05737114,-0.18313462
-0.08415886,-0.99107972,-0.103335,0.99612235,-0.08634577,0.01686768,-0.02563976,-0.10151474,0.99450357,0.46510866,0.02063918,-0.16472405
-0.07164321,-0.99321929,-0.09155623,0.99715937,-0.07346051,0.01663121,-0.02324421,-0.09010464,0.99566102,0.4447602,0.04451871,-0.11936304
-0.06440688,-0.99442204,-0.08352527,0.99765926,-0.06609052,0.0175485,-0.02297084,-0.08219951,0.99635113,0.39295575,0.06501389,-0.10330397
-0.04713013,-0.99709174,-0.05989043,0.99859041,-0.04849666,0.02157136,-0.02441311,-0.05878935,0.99797185,0.36380619,0.0653646,-0.13995752
-0.02623191,-0.99925862,-0.02817986,0.99927042,-0.02699414,0.02701773,-0.02775839,-0.02745058,0.99923768,0.50852913,0.01989746,-0.17927906
-0.01513584,-0.99980812,-0.01243205,0.99945719,-0.01549204,0.02907325,-0.02926027,-0.01198525,0.99949997,0.5692485,0.04754996,-0.18951619
0.04327345,-0.99884192,0.02102876,0.99855984,0.04391017,0.03082399,-0.03171167,0.01966462,0.99930359,0.35725331,0.33432865,-0.11251058
0.0715579,-0.99732027,0.01522053,0.99692379,0.07200196,0.03096115,-0.03197409,0.0129582,0.99940469,0.24066333,0.31312299,-0.09449844
0.1057481,-0.994386767,0.00349417042,0.993867685,0.105805785,0.0321259026,-0.0323152773,7.54914833e-05,0.999477722,0.13103801,0.174223065,-0.0591471493
0.12428535,-0.99224098,-0.00330004,0.99173562,0.12411396,0.03249757,-0.03183584,-0.00731174,0.99946637,0.1136726,0.145293,-0.03514479
0.16318076,-0.98642321,-0.01847281,0.98616007,0.16252339,0.03277828,-0.02933099,-0.02356593,0.99929192,0.01884271,0.04969192,-0.00213839
0.20362573,-0.97854302,-0.03146686,0.97869337,0.20258063,0.03347279,-0.02637999,-0.03761233,0.99894415,0.11398427,0.03502476,0.04155484
0.22383742,-0.97388038,-0.03812806,0.97430138,0.22258113,0.03456004,-0.02517076,-0.04488405,0.99867505,0.10983729,0.05083692,0.08301491
0.26253758,-0.9634066,-0.05405205,0.96465544,0.26073712,0.03815649,-0.02266685,-0.06215911,0.99780883,0.15956229,0.21059,0.16384639
0.29890906,-0.95123312,-0.07621553,0.95402401,0.29601844,0.04702291,-0.02216856,-0.08676703,0.99598195,0.20056154,0.37564659,0.22504216
0.31618899,-0.94444143,-0.0897489,0.94841577,0.31237783,0.05410719,-0.02306551,-0.10222737,0.99449361,0.16395885,0.4072808,0.2528733
0.34966442,-0.92878624,-0.12284486,0.93650196,0.34280771,0.07380311,-0.02643516,-0.14085077,0.98967785,-0.03960053,0.30688465,0.23794895
0.38366165,-0.9094143,-0.16052816,0.92302551,0.3722222,0.09733685,-0.02876739,-0.18551601,0.98222006,-0.25993925,0.12809479,0.1734423
0.38366165,-0.9094143,-0.16052816,0.92302551,0.3722222,0.09733685,-0.02876739,-0.18551601,0.98222006,-0.25993925,0.12809479,0.1734423
0.38366165,-0.9094143,-0.16052816,0.92302551,0.3722222,0.09733685,-0.02876739,-0.18551601,0.98222006,-0.25993925,0.12809479,0.1734423
0.49113518,-0.84058638,-0.22847483,0.87093536,0.46902515,0.14658437,-0.01605639,-0.27097956,0.96245118,-0.35494682,-0.17313558,0.09195291
0.52607062,-0.81738204,-0.23481124,0.85040618,0.50310555,0.15392907,-0.00768401,-0.28066249,0.95977577,-0.3099418,-0.16795892,0.10963233
0.55986903,-0.79308469,-0.23992372,0.82858051,0.53624362,0.160926,0.00102964,-0.2888936,0.95736066,-0.30636972,-0.15034449,0.12767449
0.57635882,-0.78030437,-0.24276656,0.81717837,0.55231816,0.16481552,0.00547811,-0.29337646,0.9559813,-0.30210838,-0.1530875,0.12321387
0.60816154,-0.75343358,-0.2499549,0.79366773,0.58315036,0.17328381,0.01520348,-0.30376568,0.95262547,-0.3193171,-0.16571665,0.14158572
0.6375718,-0.72579944,-0.25829701,0.76993733,0.6118181,0.1813149,0.02643252,-0.31447378,0.94889808,-0.35171565,-0.19498897,0.1549627
0.65103744,-0.71225449,-0.26238103,0.75834496,0.62518972,0.18452847,0.0326067,-0.31911027,0.9471565,-0.37024757,-0.20196146,0.16494441
0.67519217,-0.68657188,-0.26969346,0.73621294,0.64997472,0.18847635,0.04589135,-0.32580958,0.94432097,-0.38488325,-0.18454176,0.18433422
0.67519217,-0.68657188,-0.26969346,0.73621294,0.64997472,0.18847635,0.04589135,-0.32580958,0.94432097,-0.38488325,-0.18454176,0.18433422
0.70484063,-0.65268628,-0.27784934,0.70642302,0.68147247,0.19121124,0.06454571,-0.33105263,0.94140214,-0.34243864,-0.16225964,0.17120278
0.72013369,-0.63273103,-0.28470848,0.68955814,0.69815753,0.19257634,0.07692234,-0.33500376,0.93907158,-0.30470949,-0.21297741,0.14213243
0.72013369,-0.63273103,-0.28470848,0.68955814,0.69815753,0.19257634,0.07692234,-0.33500376,0.93907158,-0.30470949,-0.21297741,0.14213243
0.73455639,-0.6103094,-0.29656245,0.67185174,0.71541379,0.19182881,0.09508992,-0.34015509,0.93554925,-0.26719472,-0.29588622,0.11461181
0.73842474,-0.60247384,-0.30290951,0.6659672,0.72209445,0.18726264,0.10590843,-0.34000717,0.93444022,-0.24477115,-0.28546691,0.10920897
0.73805558,-0.60037889,-0.30792712,0.66487817,0.72485801,0.18032704,0.11493887,-0.33782541,0.93416435,-0.24512681,-0.23770267,0.1106185
0.73805558,-0.60037889,-0.30792712,0.66487817,0.72485801,0.18032704,0.11493887,-0.33782541,0.93416435,-0.24512681,-0.23770267,0.1106185
0.7294851,-0.60897138,-0.31145684,0.67288942,0.72065069,0.16698031,0.12276536,-0.33138566,0.93547433,-0.25443712,-0.13262713,0.12162255
0.71843775,-0.62254363,-0.3103008,0.68470227,0.7115491,0.15773596,0.12259672,-0.32578714,0.93746081,-0.2578125,-0.03282821,0.13792717
0.71103924,-0.63166649,-0.30890229,0.69271516,0.7046815,0.15352416,0.12070165,-0.323143,0.93862117,-0.25589862,0.00593781,0.1479778
0.69188568,-0.65460485,-0.30460905,0.71306521,0.68571928,0.14603784,0.11327922,-0.31824762,0.94121532,-0.24731877,0.07104766,0.15084516
0.6660089,-0.68378814,-0.29810388,0.73901234,0.65919391,0.13901133,0.10145396,-0.31288523,0.94435689,-0.23189703,0.14129066,0.1756745
0.6660089,-0.68378814,-0.29810388,0.73901234,0.65919391,0.13901133,0.10145396,-0.31288523,0.94435689,-0.23189703,0.14129066,0.1756745
0.61265168,-0.73872374,-0.28097173,0.78677389,0.60383162,0.1279616,0.07513133,-0.29945713,0.95114705,-0.25157276,0.33407748,0.19396199
0.56671483,-0.7806273,-0.2635437,0.82226719,0.55608144,0.12103745,0.05206661,-0.28529706,0.95702385,-0.15492141,0.35487854,0.16299626
0.54075531,-0.80219117,-0.25312645,0.84025567,0.52922713,0.11785173,0.03942176,-0.27641989,0.96022808,-0.06824285,0.33829796,0.13427207
0.48309889,-0.84472315,-0.23034373,0.87545643,0.47018064,0.11183096,0.01383695,-0.25568132,0.96666209,0.07055502,0.32783854,0.06481683
0.48309889,-0.84472315,-0.23034373,0.87545643,0.47018064,0.11183096,0.01383695,-0.25568132,0.96666209,0.07055502,0.32783854,0.06481683
0.48309889,-0.84472315,-0.23034373,0.87545643,0.47018064,0.11183096,0.01383695,-0.25568132,0.96666209,0.07055502,0.32783854,0.06481683
0.48309889,-0.84472315,-0.23034373,0.87545643,0.47018064,0.11183096,0.01383695,-0.25568132,0.96666209,0.07055502,0.32783854,0.06481683
0.24815082,-0.95438731,-0.16602973,0.96726167,0.23470548,0.09652996,-0.05315891,-0.18454819,0.98138478,0.34311977,0.20680797,-0.18275687
0.21662863,-0.9620128,-0.16614254,0.97447688,0.20281591,0.09623118,-0.05887929,-0.18274849,0.98139504,0.29128048,0.1710943,-0.17221227
0.15896404,-0.97033532,-0.18215341,0.98492415,0.1431116,0.09717791,-0.06822688,-0.19485508,0.97845623,0.24695174,0.08694923,-0.12312417
0.11132209,-0.96971324,-0.21740224,0.99109137,0.0922371,0.09607457,-0.07311222,-0.2261607,0.97134234,0.00313195,0.06118441,-0.09721038
0.09184288,-0.96719195,-0.23686409,0.99306467,0.07143054,0.09338213,-0.07339912,-0.24379784,0.96704456,-0.12366129,0.06020093,-0.09832423
0.06002282,-0.96166655,-0.26757182,0.99577289,0.03901582,0.08315106,-0.06952407,-0.27143172,0.95994334,-0.23263671,0.02155507,-0.13534836
0.03645497,-0.95937162,-0.27978049,0.99747225,0.01784451,0.06878003,-0.06099306,-0.28158065,0.95759709,-0.04189278,-0.08260167,-0.08711907
0.03645497,-0.95937162,-0.27978049,0.99747225,0.01784451,0.06878003,-0.06099306,-0.28158065,0.95759709,-0.04189278,-0.08260167,-0.08711907
0.03645497,-0.95937162,-0.27978049,0.99747225,0.01784451,0.06878003,-0.06099306,-0.28158065,0.95759709,-0.04189278,-0.08260167,-0.08711907
0.00324415531,-0.962105447,-0.272657842,0.999684465,-0.00366980821,0.0248438435,-0.0249030416,-0.272652442,0.961790244,0.391274601,-0.262008667,-0.000117134303
-0.000741988816,-0.962123183,-0.272613915,0.999866518,-0.00516260043,0.0154987181,-0.0163190847,-0.272566037,0.961998669,0.391994625,-0.286548853,-0.0039261654
-0.000741988816,-0.962123183,-0.272613915,0.999866518,-0.00516260043,0.0154987181,-0.0163190847,-0.272566037,0.961998669,0.391994625,-0.286548853,-0.0039261654
-0.00739638908,-0.961766005,-0.273772512,0.999823565,-0.00238581135,-0.0186304054,0.0172649139,-0.273862015,0.961614017,0.35645026,-0.274565935,-0.000446449965
-0.00739638908,-0.961766005,-0.273772512,0.999823565,-0.00238581135,-0.0186304054,0.0172649139,-0.273862015,0.961614017,0.35645026,-0.274565935,-0.000446449965
-0.00739638908,-0.961766005,-0.273772512,0.999823565,-0.00238581135,-0.0186304054,0.0172649139,-0.273862015,0.961614017,0.35645026,-0.274565935,-0.000446449965
-0.00739638908,-0.961766005,-0.273772512,0.999823565,-0.00238581135,-0.0186304054,0.0172649139,-0.273862015,0.961614017,0.35645026,-0.274565935,-0.000446449965
-0.00739638908,-0.961766005,-0.273772512,0.999823565,-0.00238581135,-0.0186304054,0.0172649139,-0.273862015,0.961614017,0.35645026,-0.274565935,-0.000446449965
-0.00739638908,-0.961766005,-0.273772512,0.999823565,-0.00238581135,-0.0186304054,0.0172649139,-0.273862015,0.961614017,0.35645026,-0.274565935,-0.000446449965
-0.00739638908,-0.961766005,-0.273772512,0.999823565,-0.00238581135,-0.0186304054,0.0172649139,-0.273862015,0.961614017,0.35645026,-0.274565935,-0.000446449965
0.0133757,-0.96837294,-0.24914804,0.99634542,0.03392966,-0.07838615,0.08436052,-0.24718907,0.96528797,0.32545325,-0.1790905,-0.08732554
0.01152806,-0.96596953,-0.25839868,0.99609929,0.03370219,-0.08154918,0.08748262,-0.25645065,0.96259018,0.13825193,-0.08075106,-0.15219507
0.00207152,-0.9619255,-0.27330397,0.99639627,0.0251604,-0.08100273,0.08479503,-0.27215126,0.95851108,0.05149218,-0.03396749,-0.20124966
-0.00512292,-0.95955862,-0.28146222,0.99663709,0.0181197,-0.07991344,0.08178164,-0.28092508,0.95623891,0.05643772,-0.02864724,-0.19945663
-0.00512292,-0.95955862,-0.28146222,0.99663709,0.0181197,-0.07991344,0.08178164,-0.28092508,0.95623891,0.05643772,-0.02864724,-0.19945663
-0.03109442,-0.95122539,-0.30692563,0.99693964,-0.00748039,-0.07781601,0.07172463,-0.30840598,0.94854696,0.16488591,0.18156958,-0.18184954
-0.03302236,-0.95007636,-0.3102649,0.99695957,-0.00939128,-0.07735174,0.07057626,-0.31187592,0.94749797,0.17428902,0.22368801,-0.1922252
-0.01930771,-0.95124376,-0.30783519,0.99757058,0.0022837,-0.06962543,0.06693376,-0.30843164,0.94888872,0.29961577,0.23846424,-0.13457887
-0.01259631,-0.95235383,-0.30473501,0.99772923,0.00819476,-0.06685158,0.06616357,-0.30488513,0.95008812,0.3106226,0.27001595,-0.09495535
0.00329727,-0.95402065,-0.29972262,0.99795207,0.0222859,-0.05995774,0.0638805,-0.29891113,0.95214044,0.2707254,0.39116609,-0.10145365
0.02291813,-0.95564248,-0.29363594,0.99790051,0.03966305,-0.05119837,0.06057382,-0.29184611,0.95454526,0.29103476,0.40549946,-0.08821508
0.02291813,-0.95564248,-0.29363594,0.99790051,0.03966305,-0.05119837,0.06057382,-0.29184611,0.95454526,0.29103476,0.40549946,-0.08821508
0.06044736,-0.95740914,-0.28233646,0.99669091,0.07329268,-0.03514867,0.05434485,-0.27927753,0.95867132,0.32093117,0.37895823,-0.04572235
0.11251117,-0.95772035,-0.26478814,0.99240894,0.12162367,-0.01821975,0.0496539,-0.26072823,0.96413447,-0.02909015,0.1475035,-0.0500553
0.15129211,-0.95867526,-0.24094066,0.98736008,0.15820774,-0.00950464,0.04723053,-0.23645722,0.97049331,0.23425233,0.04497063,-0.01937959
0.18979538,-0.95659481,-0.22114281,0.98075801,0.19520914,-0.00268023,0.045733,-0.21637887,0.97523775,0.36082327,-0.01481622,0.0175338
0.209665511,-0.953559287,-0.216251846,0.976718379,0.214522579,0.00103655387,0.0454024667,-0.211434508,0.976337062,0.340080887,0.000614643097,0.0336444788
0.209665511,-0.953559287,-0.216251846,0.976718379,0.214522579,0.00103655387,0.0454024667,-0.211434508,0.976337062,0.340080887,0.000614643097,0.0336444788
0.28679474,-0.93012769,-0.22937142,0.95706405,0.28871933,0.02587546,0.04215648,-0.22694409,0.97299497,0.13990024,0.17955768,0.13315791
0.28679474,-0.93012769,-0.22937142,0.95706405,0.28871933,0.02587546,0.04215648,-0.22694409,0.97299497,0.13990024,0.17955768,0.13315791
0.33937215,-0.90696161,-0.24949364,0.94006712,0.3363665,0.05595772,0.03316978,-0.25353128,0.96675832,0.02149283,0.22915041,0.19702107
0.33937215,-0.90696161,-0.24949364,0.94006712,0.3363665,0.05595772,0.03316978,-0.25353128,0.96675832,0.02149283,0.22915041,0.19702107
0.33937215,-0.90696161,-0.24949364,0.94006712,0.3363665,0.05595772,0.03316978,-0.25353128,0.96675832,0.02149283,0.22915041,0.19702107
0.33937215,-0.90696161,-0.24949364,0.94006712,0.3363665,0.05595772,0.03316978,-0.25353128,0.96675832,0.02149283,0.22915041,0.19702107
0.45906941,-0.83923361,-0.29144834,0.88829601,0.43863996,0.13610689,0.01361539,-0.32137492,0.94685415,-0.22685103,-0.12527817,0.1311729
0.47562814,-0.82874743,-0.29488235,0.87954897,0.45304828,0.14539915,0.01309678,-0.32851939,0.94440642,-0.23538555,-0.14980137,0.12890615
0.50771148,-0.80766022,-0.29985669,0.86141932,0.48141422,0.16185519,0.01363127,-0.34047808,0.94015364,-0.23836181,-0.18464702,0.12131178
0.53851901,-0.7856458,-0.30456197,0.84247053,0.50868113,0.17744566,0.0155155,-0.35214234,0.93581785,-0.23380613,-0.19777662,0.13313019
0.55353952,-0.77413962,-0.30708598,0.83265245,0.52188939,0.18526009,0.01684772,-0.35824468,0.93347571,-0.24063189,-0.19628638,0.143585
0.58245835,-0.7505166,-0.31219719,0.8126117,0.5471237,0.20079311,0.02011191,-0.37064871,0.92855535,-0.26050332,-0.17482764,0.16523567
0.60964202,-0.72624644,-0.31765188,0.79230565,0.57055183,0.21615355,0.02425612,-0.38345367,0.92324153,-0.32010576,-0.16970122,0.18502584
0.62243699,-0.71419286,-0.32015728,0.78221851,0.58154171,0.22348015,0.02657686,-0.38953528,0.920628,-0.35584185,-0.17344069,0.18788765
0.64649634,-0.69062762,-0.32415431,0.76224092,0.60260462,0.23633983,0.03211409,-0.3998765,0.91600627,-0.41244018,-0.19690663,0.16936734
0.66862974,-0.66835885,-0.3259304,0.74259047,0.62294642,0.24596145,0.03864662,-0.40648998,0.91283751,-0.44033778,-0.23550695,0.16288365
0.67897255,-0.6579468,-0.32573334,0.73295435,0.63293791,0.24933401,0.04212044,-0.40803864,0.9119925,-0.47760126,-0.23928511,0.21501708
0.69840071,-0.63857408,-0.32320215,0.71397333,0.65303619,0.25255864,0.04978532,-0.40714484,0.91200577,-0.41306734,-0.25075728,0.16460277
0.71536829,-0.62143615,-0.31947657,0.69635772,0.67182413,0.25246428,0.05774162,-0.40307492,0.91334358,-0.40972516,-0.29361653,0.15148035
0.72271639,-0.61409746,-0.3171203,0.68837631,0.68060386,0.25083142,0.06179834,-0.3995781,0.91461374,-0.39080831,-0.29186553,0.14543429
0.7351258,-0.60197723,-0.31179059,0.67430894,0.69675333,0.24462652,0.06998148,-0.39007448,0.91812007,-0.35346749,-0.26458395,0.1590225
0.74412619,-0.59340067,-0.3068417,0.66346811,0.71010365,0.23571766,0.07801438,-0.37898338,0.92210918,-0.31966218,-0.19168127,0.17032415
0.74723971,-0.59031988,-0.30521342,0.65950138,0.71525131,0.2312433,0.08179677,-0.37408286,0.92378098,-0.32236105,-0.14532793,0.17841157
0.75038868,-0.58690654,-0.30406842,0.65508134,0.72172174,0.22357606,0.08823458,-0.36695847,0.92604328,-0.35525966,-0.09739316,0.14839822
0.74970506,-0.58705707,-0.30546078,0.65519368,0.72337229,0.21783876,0.09307807,-0.3634508,0.92695198,-0.40002334,-0.09044266,0.08036242
0.74799195,-0.58858226,-0.30672292,0.65685755,0.72270542,0.21502328,0.09511142,-0.36230896,0.92719255,-0.41129792,-0.09098148,0.05966866
0.74195268,-0.59510807,-0.30879221,0.66319128,0.7190413,0.20774254,0.0984051,-0.35892343,0.92816508,-0.41810781,-0.07311863,0.06422774
0.72348939,-0.61852708,-0.30657353,0.68320611,0.70519693,0.18954334,0.09895702,-0.34658551,0.932784,-0.46436414,0.22449017,0.16354825
0.72348939,-0.61852708,-0.30657353,0.68320611,0.70519693,0.18954334,0.09895702,-0.34658551,0.932784,-0.46436414,0.22449017,0.16354825
0.72348939,-0.61852708,-0.30657353,0.68320611,0.70519693,0.18954334,0.09895702,-0.34658551,0.932784,-0.46436414,0.22449017,0.16354825
0.72348939,-0.61852708,-0.30657353,0.68320611,0.70519693,0.18954334,0.09895702,-0.34658551,0.932784,-0.46436414,0.22449017,0.16354825
0.6088182,-0.74089648,-0.28357166,0.79074022,0.59549949,0.14181093,0.06379958,-0.31056857,0.9484075,-0.16129732,0.22060382,0.07758839
0.52817425,-0.80743799,-0.26282278,0.8480106,0.51750202,0.11432255,0.04370294,-0.28325874,0.95804725,-0.13575314,0.18627298,-0.01980115
0.52817425,-0.80743799,-0.26282278,0.8480106,0.51750202,0.11432255,0.04370294,-0.28325874,0.95804725,-0.13575314,0.18627298,-0.01980115
0.368384022,-0.908619292,-0.196733705,0.929673303,0.360233952,0.0770649419,0.000847460291,-0.211287571,0.977423574,0.108913772,0.200571775,-0.047215037
0.30237876,-0.936827,-0.17584706,0.95303453,0.29383242,0.07340047,-0.01709399,-0.18978307,0.98167723,0.11135314,0.15015864,-0.06661802
0.23886712,-0.9563645,-0.16825396,0.97047792,0.22915658,0.07523176,-0.03339249,-0.18125715,0.98286865,0.20234326,0.10730267,-0.12562425
0.20834019,-0.96325856,-0.16949149,0.97722642,0.19787594,0.07664006,-0.0402859,-0.18159876,0.98254717,0.25416782,0.0675,-0.15496251
0.15173646,-0.97123945,-0.18349355,0.98719688,0.13967811,0.07702102,-0.04917584,-0.19283116,0.97999892,0.15382423,-0.02355415,-0.20799933
0.10273452,-0.97293024,-0.20700805,0.99344002,0.08984923,0.07073901,-0.05022462,-0.21291742,0.97577849,0.10336988,-0.09634608,-0.2762695
0.08115073,-0.97220185,-0.21963148,0.99556266,0.06853326,0.06448288,-0.04763834,-0.22388974,0.97344952,0.16929889,-0.11651582,-0.27754849
0.08115073,-0.97220185,-0.21963148,0.99556266,0.06853326,0.06448288,-0.04763834,-0.22388974,0.97344952,0.16929889,-0.11651582,-0.27754849
-0.00220964,-0.95803871,-0.28663026,0.9999316,-0.00540839,0.01036862,-0.01148375,-0.28658775,0.95798517,0.31207964,-0.19637591,-0.15192616
-0.02852116,-0.94731544,-0.31902978,0.99956684,-0.02471155,-0.01598338,0.00725758,-0.31934746,0.9476099,0.37655726,-0.23955822,-0.09250898
-0.0526656,-0.93451484,-0.35200603,0.998266,-0.03998778,-0.04319558,0.02629096,-0.35367059,0.93500048,0.47882238,-0.22845447,-0.02382904
-0.08319852,-0.91133518,-0.40317035,0.99506696,-0.05403602,-0.08319849,0.05403601,-0.40810345,0.91133512,0.42418304,-0.12842035,0.00766045
-0.09713584,-0.89699489,-0.43123594,0.99273809,-0.05642948,-0.1062377,0.07096019,-0.43842392,0.89596266,0.31463468,-0.09662819,-0.00189807
-0.10186134,-0.89193723,-0.44053629,0.99169969,-0.05611764,-0.11568276,0.0784599,-0.44866331,0.89025012,0.27965879,-0.08834493,-0.04730863
-0.10736193,-0.89443903,-0.43411084,0.98888517,-0.05089676,-0.13969837,0.10285684,-0.44428406,0.88996188,0.34063867,-0.09104359,-0.06785291
-0.10571638,-0.89941723,-0.42411408,0.98851902,-0.04875114,-0.14301583,0.10795486,-0.43436394,0.89424478,0.38101116,-0.08728069,-0.06691083
-0.09032212,-0.91833601,-0.38535801,0.98825286,-0.034748,-0.14882462,0.12328058,-0.39427333,0.91068679,0.57377839,-0.1769278,-0.10128215
-0.08484714,-0.92059108,-0.38119948,0.98837384,-0.02931766,-0.14918992,0.12616704,-0.38942593,0.91237565,0.52391142,-0.16228426,-0.12521073
-0.07220534,-0.92279381,-0.37846772,0.98878866,-0.01650289,-0.14840649,0.13070276,-0.38494037,0.9136398,0.31769925,-0.06623328,-0.2090463
-0.05729075,-0.92469143,-0.37638181,0.98955122,-0.00263236,-0.14415686,0.13230981,-0.380708,0.91518059,0.26850629,0.01522779,-0.22001083
-0.04896277,-0.92603624,-0.37424512,0.99006309,0.00445446,-0.14055287,0.13182409,-0.37740817,0.91661632,0.25464454,0.03899586,-0.19985946
-0.01029204,-0.93156909,-0.36341841,0.99225243,0.03548529,-0.11906198,0.12381045,-0.36182823,0.92398663,0.16410556,0.11284947,-0.14525077
2.22294332e-05,-0.932485261,-0.361207947,0.992725282,0.0435104658,-0.112264424,0.12040124,-0.358577778,0.925702714,0.15993683,0.14727819,-0.130771428
2.22294332e-05,-0.932485261,-0.361207947,0.992725282,0.0435104658,-0.112264424,0.12040124,-0.358577778,0.925702714,0.15993683,0.14727819,-0.130771428
0.07772516,-0.93506279,-0.34585575,0.99289854,0.10393811,-0.0578723,0.0900618,-0.33890158,0.93650125,0.03911325,0.49387467,-0.15904489
0.07772516,-0.93506279,-0.34585575,0.99289854,0.10393811,-0.0578723,0.0900618,-0.33890158,0.93650125,0.03911325,0.49387467,-0.15904489
0.16662107,-0.93516481,-0.31257661,0.98391982,0.17837474,-0.00917537,0.06433625,-0.30602153,0.94984823,0.15211035,0.19536579,-0.09826667
0.20426523,-0.93327407,-0.29542384,0.97722477,0.21213487,0.00552789,0.05751066,-0.28982465,0.9553503,0.21390253,0.12704384,-0.0365814
0.22320817,-0.93042965,-0.29065189,0.97322374,0.2295084,0.0126958,0.05489446,-0.28570318,0.95674463,0.25067154,0.14236081,0.01279978
0.26038581,-0.9208862,-0.2901166,0.96422948,0.26346238,0.02913588,0.04960395,-0.28732558,0.95654767,0.14270104,0.16121268,0.04169859
0.29767125,-0.90790275,-0.2951346,0.95367926,0.29686569,0.04864805,0.04344764,-0.29594487,0.9542164,0.04890945,0.22804749,0.09809247
0.31629804,-0.90040157,-0.29871801,0.94781979,0.31319042,0.05957588,0.03991338,-0.30197459,0.95248006,-0.03019703,0.22052073,0.11216733
0.39251211,-0.8665813,-0.30817357,0.919388,0.37903647,0.1051518,0.02568641,-0.32460447,0.945501,-0.20670858,0.04580033,0.13573891
0.41187925,-0.8574913,-0.30832455,0.91095101,0.39596004,0.11568822,0.02288252,-0.32851817,0.94422042,-0.2193646,-0.02537,0.12658967
0.45042503,-0.83820264,-0.30746329,0.89261133,0.4301197,0.13506334,0.01903559,-0.33528112,0.9419258,-0.22057222,-0.12940788,0.1259695
0.45042503,-0.83820264,-0.30746329,0.89261133,0.4301197,0.13506334,0.01903559,-0.33528112,0.9419258,-0.22057222,-0.12940788,0.1259695
0.50692446,-0.80582124,-0.30607134,0.86180304,0.48119289,0.16046452,0.01797362,-0.34511661,0.9383877,-0.26520911,-0.2023403,0.10078839
0.54313104,-0.78217249,-0.30531111,0.83941974,0.51429227,0.17572127,0.01957481,-0.35172385,0.93589912,-0.30502513,-0.22839558,0.08850387
0.57762789,-0.75766969,-0.30378062,0.81599548,0.54610721,0.18952122,0.0223023,-0.35735635,0.9337018,-0.3464258,-0.23198062,0.09401763
0.59421003,-0.74523635,-0.30255102,0.8039525,0.56153482,0.19580327,0.02397319,-0.35958493,0.93280435,-0.35517478,-0.22635102,0.10951804
0.62592475,-0.7205994,-0.29825265,0.77939909,0.59146086,0.20666647,0.027481,-0.36181552,0.93184458,-0.35955611,-0.21476781,0.1335243
0.65548987,-0.69617785,-0.29269338,0.75455867,0.6197592,0.21573067,0.0312125,-0.3622636,0.93155293,-0.37340266,-0.19437963,0.17480542
0.66942283,-0.68393933,-0.29000016,0.74215112,0.63301055,0.22024846,0.03293659,-0.36266328,0.93133803,-0.41898125,-0.17531097,0.20569921
0.69564053,-0.65946878,-0.28493007,0.71747277,0.65780613,0.22918089,0.03629109,-0.36385709,0.93074753,-0.41222775,-0.20176852,0.17852581
0.719532,-0.63504254,-0.28105973,0.69328706,0.68036425,0.23760774,0.04033193,-0.36582147,0.92981071,-0.42957479,-0.27149022,0.16940901
0.73016694,-0.62367087,-0.27908931,0.68193502,0.6906864,0.24065922,0.04267102,-0.36604219,0.92961943,-0.42584568,-0.28606141,0.16598222
0.74850458,-0.60370195,-0.2743808,0.66138943,0.70959359,0.24298339,0.0480093,-0.36334674,0.93041617,-0.39311805,-0.30192339,0.15808581
0.76279922,-0.58812657,-0.26878339,0.64439215,0.72596616,0.2402747,0.05381572,-0.35648326,0.93275054,-0.34716347,-0.26731014,0.16937891
0.76833728,-0.58200395,-0.26632538,0.63753087,0.73276374,0.23793206,0.05667617,-0.35260273,0.9340552,-0.33117169,-0.24493372,0.17114216
0.77622627,-0.57319631,-0.26252392,0.62740469,0.74322336,0.23234118,0.06193682,-0.34505806,0.93653552,-0.3229107,-0.21678627,0.16832387
0.78050154,-0.56933287,-0.25821969,0.62152952,0.75110111,0.22259416,0.06721892,-0.33422624,0.94009278,-0.31426144,-0.17533487,0.17059268
0.77783918,-0.57404882,-0.25580101,0.62472176,0.7506097,0.21519246,0.06847574,-0.32718958,0.94247443,-0.31232014,-0.13693291,0.1527219
0.76507349,-0.5919712,-0.25344162,0.64047139,0.7403468,0.20416416,0.06677539,-0.31852269,0.94556033,-0.29303339,-0.10928053,0.12280087
0.75046576,-0.61058105,-0.25296624,0.6578552,0.72686799,0.19720411,0.06346397,-0.31441009,0.94716346,-0.26268834,-0.11946273,0.10300361
0.73001714,-0.63556488,-0.2512613,0.68093227,0.70780635,0.18799304,0.05836257,-0.30833007,0.94948743,-0.24198429,-0.02521706,0.1386784
0.71698408,-0.650927,-0.24945515,0.69492502,0.69560372,0.18224895,0.05489117,-0.30402222,0.95108225,-0.26165953,0.10024881,0.16829991
0.6839206,-0.68764729,-0.24370837,0.7281916,0.66385061,0.17040927,0.04460446,-0.29401281,0.95476013,-0.29967818,0.31062365,0.21014991
0.6165687,-0.75308763,-0.22956931,0.78706781,0.59669809,0.15644695,0.01916531,-0.27714691,0.96063639,-0.23779817,0.3266176,0.15793872
0.49785021,-0.84659616,-0.18820234,0.86695937,0.48007412,0.13382937,-0.02294836,-0.22979077,0.97296946,-0.00476519,0.23672915,0.03813096
0.39453346,-0.9063942,-0.15097265,0.91754599,0.37975127,0.11789054,-0.04952327,-0.18503611,0.9814831,0.15043555,0.35330522,-0.05202573
0.32213796,-0.93680921,-0.13643881,0.94461143,0.30852272,0.11190564,-0.06273978,-0.16493072,0.98430766,0.14834721,0.33375514,-0.12496866
0.28660947,-0.94862282,-0.13405109,0.95563405,0.2731497,0.11023948,-0.06795968,-0.15969947,0.98482362,0.08382162,0.29048252,-0.1625388
0.16765843,-0.97300769,-0.15857714,0.98273039,0.1521759,0.10527819,-0.07830487,-0.17348935,0.98171778,-0.03329507,0.13975036,-0.21572834
0.10984016,-0.97392066,-0.19852849,0.99156017,0.09352797,0.08978207,-0.06887266,-0.20671463,0.97597419,-0.29935163,0.06121469,-0.30416048
0.08282854,-0.97539496,-0.20431334,0.99508607,0.0697885,0.07023611,-0.05424925,-0.20912693,0.97638258,-0.05646439,-0.01771206,-0.27860072
0.05602949,-0.98161855,-0.18244352,0.99808714,0.05028537,0.03596325,-0.02612796,-0.18410954,0.9825584,0.34736562,-0.13731521,-0.1990725
0.04453866,-0.98470935,-0.16841519,0.99898004,0.04264771,0.01483022,-0.00742095,-0.16890394,0.98560458,0.56195295,-0.24778479,-0.16065547
0.04070805,-0.98523097,-0.1663211,0.99916996,0.04038424,0.00532982,0.00146564,-0.16640002,0.98605724,0.54042935,-0.24291015,-0.15660168
0.03817445,-0.98510387,-0.16766953,0.99912436,0.04050294,-0.01048837,0.01712324,-0.16712232,0.98578746,0.43603471,-0.24612844,-0.16914901
0.04115705,-0.98512139,-0.16685855,0.99874333,0.04534195,-0.02134742,0.02859548,-0.16577028,0.98574972,0.35241845,-0.25442231,-0.16404587
0.05251893,-0.98743796,-0.14902304,0.997888,0.05760492,-0.03001734,0.03822471,-0.14713184,0.98837801,0.50639808,-0.20647353,-0.11524869
0.06175852,-0.98834952,-0.13910834,0.99727001,0.06675774,-0.03155855,0.04047744,-0.13677957,0.98977418,0.55221587,-0.15702927,-0.11386435
0.07477924,-0.98554562,-0.15201204,0.99644602,0.07977616,-0.02703449,0.03877065,-0.1494502,0.98800884,0.22437854,-0.03031707,-0.15451559
0.08005655,-0.98119092,-0.17565638,0.99621395,0.08474957,-0.01936766,0.03389016,-0.17344085,0.98426101,0.01991458,0.00458634,-0.20580935
0.08088151,-0.97861168,-0.18914883,0.99625028,0.08522221,-0.01491535,0.03071601,-0.18723321,0.98183514,-0.0550695,-0.00125188,-0.22551346
0.0807014,-0.97344627,-0.21421856,0.99643982,0.08405119,-0.00655977,0.0243909,-0.21292653,0.97676373,-0.07444917,-0.02370936,-0.23169298
0.0807014,-0.97344627,-0.21421856,0.99643982,0.08405119,-0.00655977,0.0243909,-0.21292653,0.97676373,-0.07444917,-0.02370936,-0.23169298
0.0807014,-0.97344627,-0.21421856,0.99643982,0.08405119,-0.00655977,0.0243909,-0.21292653,0.97676373,-0.07444917,-0.02370936,-0.23169298
0.0807014,-0.97344627,-0.21421856,0.99643982,0.08405119,-0.00655977,0.0243909,-0.21292653,0.97676373,-0.07444917,-0.02370936,-0.23169298
0.0807014,-0.97344627,-0.21421856,0.99643982,0.08405119,-0.00655977,0.0243909,-0.21292653,0.97676373,-0.07444917,-0.02370936,-0.23169298
0.0807014,-0.97344627,-0.21421856,0.99643982,0.08405119,-0.00655977,0.0243909,-0.21292653,0.97676373,-0.07444917,-0.02370936,-0.23169298
0.13840764,-0.94122292,-0.30812758,0.98954852,0.14413863,0.00420114,0.04045886,-0.30548869,0.95133576,0.02136833,-0.05700421,0.13756067
0.15041365,-0.93451458,-0.32258031,0.98738896,0.15830231,0.00180096,0.04938215,-0.31878316,0.94654038,-0.02287763,-0.07407725,0.13492692
0.16132016,-0.92794466,-0.33599756,0.98510044,0.17196831,-0.00196585,0.0596051,-0.33067425,0.9418608,-0.01943533,-0.0362044,0.10169925
0.16132016,-0.92794466,-0.33599756,0.98510044,0.17196831,-0.00196585,0.0596051,-0.33067425,0.9418608,-0.01943533,-0.0362044,0.10169925
0.16132016,-0.92794466,-0.33599756,0.98510044,0.17196831,-0.00196585,0.0596051,-0.33067425,0.9418608,-0.01943533,-0.0362044,0.10169925
0.17616314,-0.91348271,-0.36676388,0.98084118,0.19437419,-0.01300403,0.08316836,-0.35744632,0.93022317,0.12088538,0.24361813,0.04169266
0.17804551,-0.91006849,-0.37426608,0.98026372,0.19724659,-0.0132963,0.08592324,-0.36451212,0.92722603,0.10462578,0.24170804,0.02250116
0.18248162,-0.90233778,-0.39049588,0.97914593,0.20285073,-0.01117487,0.08929589,-0.38031323,0.92053685,-0.02566385,0.24808776,-0.02538841
0.18248162,-0.90233778,-0.39049588,0.97914593,0.20285073,-0.01117487,0.08929589,-0.38031323,0.92053685,-0.02566385,0.24808776,-0.02538841
0.193415535,-0.879367999,-0.43508878,0.976616711,0.214987351,-0.000368108679,0.0938622648,-0.424843803,0.900387475,-0.106333792,0.00967371464,-0.112756699
0.19601935,-0.86796068,-0.45631193,0.97577889,0.21873692,0.00310422,0.09711791,-0.44586806,0.88981446,-0.09290683,-0.04064149,-0.09266467
0.19741258,-0.86171732,-0.46740924,0.97529105,0.22087327,0.00471619,0.09917415,-0.45679112,0.88402847,-0.07162063,-0.06775594,-0.06874847
0.20179233,-0.8479746,-0.49012126,0.97391017,0.22676928,0.00863665,0.10382077,-0.47907691,0.87161147,-0.09304656,-0.02550769,-0.03565628
0.20954813,-0.83352787,-0.5111955,0.97189844,0.23489702,0.01538801,0.10725196,-0.50005464,0.85932669,-0.19266258,0.02175331,0.00947599
0.21454819,-0.8270897,-0.51951095,0.97068641,0.23955821,0.01948539,0.10833693,-0.5084628,0.85424158,-0.22198221,0.06043243,0.02983882
0.22591591,-0.81710928,-0.5303718,0.96803845,0.24918351,0.02844253,0.1089192,-0.51984597,0.84728787,-0.24278094,0.08651888,0.10538442
0.24695332,-0.80909753,-0.53326846,0.96339462,0.26424675,0.0452157,0.10433055,-0.52491413,0.84473682,-0.38521576,0.08611131,0.23345742
0.26462286,-0.80845498,-0.52571398,0.95958812,0.2748673,0.06032007,0.09573549,-0.52043099,0.84852005,-0.45022219,0.06265008,0.21801172
0.28414496,-0.81131834,-0.51090522,0.95516367,0.28578198,0.07740139,0.08321032,-0.50999133,0.85614536,-0.36361134,-0.07910907,0.18398172
0.29376525,-0.81351977,-0.50188398,0.95280803,0.29125616,0.08559596,0.07654279,-0.50334422,0.86068914,-0.34104022,-0.12288022,0.16853039
0.3106772,-0.81749561,-0.48495412,0.94823978,0.30184304,0.09865081,0.06573339,-0.49050138,0.86895771,-0.27515733,-0.13872981,0.07055341
0.32256403,-0.82161831,-0.46999542,0.94474663,0.31007346,0.10633984,0.05836231,-0.47832802,0.87623976,-0.32426023,-0.09392214,-0.01514546
0.33394771,-0.8296807,-0.44733539,0.94117148,0.31954366,0.10994628,0.05172291,-0.4577356,0.8875826,-0.29872015,-0.07414156,-0.06860377
0.33587079,-0.83686298,-0.43226272,0.94060553,0.32212668,0.10721724,0.04951718,-0.44259986,0.89535099,-0.20805483,-0.07811296,-0.0054473
0.33475999,-0.840409,-0.42620243,0.94103782,0.32159465,0.10499888,0.04882243,-0.43622202,0.89851362,-0.15411839,-0.05379587,0.0439969
0.32081307,-0.84540197,-0.42705325,0.94597043,0.30842191,0.1000793,0.04710534,-0.43608649,0.89867105,-0.16435696,-0.12513375,0.16363908
0.3153733,-0.84446245,-0.43292359,0.9477998,0.30292379,0.09956257,0.047066,-0.44172427,0.89591543,-0.18568091,-0.12033278,0.18533351
0.30280396,-0.84110447,-0.44816645,0.95184825,0.29053416,0.0978517,0.0479042,-0.4562163,0.88857858,-0.24861257,-0.11935025,0.19536813
0.28125717,-0.83621902,-0.47077823,0.95824292,0.27112168,0.09090392,0.0516226,-0.47668729,0.87755589,-0.25864625,-0.07042795,0.2037276
0.2649409,-0.83568321,-0.48108207,0.96265192,0.25807108,0.08185756,0.0557464,-0.48480197,0.87284557,-0.22580855,0.03972781,0.20582965
0.23893016,-0.83899686,-0.48887271,0.96906242,0.23810886,0.06497733,0.06188911,-0.48927325,0.86993184,-0.13418323,0.13034999,0.20289746
0.23893016,-0.83899686,-0.48887271,0.96906242,0.23810886,0.06497733,0.06188911,-0.48927325,0.86993184,-0.13418323,0.13034999,0.20289746
0.2042877,-0.84773051,-0.48950943,0.97642207,0.21209733,0.04018235,0.06975982,-0.48617658,0.87107169,-0.0403513,0.08454406,0.10197316
0.2042877,-0.84773051,-0.48950943,0.97642207,0.21209733,0.04018235,0.06975982,-0.48617658,0.87107169,-0.0403513,0.08454406,0.10197316
0.2042877,-0.84773051,-0.48950943,0.97642207,0.21209733,0.04018235,0.06975982,-0.48617658,0.87107169,-0.0403513,0.08454406,0.10197316
0.16793918,-0.86312019,-0.47625598,0.98181648,0.18981923,0.00220182,0.08850206,-0.4679658,0.87930391,0.04219276,0.04731023,-0.16033471
0.16387455,-0.86756236,-0.46955355,0.98209824,0.18829858,-0.00515354,0.09288725,-0.46030322,0.88288894,0.03050311,0.03904319,-0.23219371
0.16242161,-0.8939086,-0.41778786,0.98162459,0.18936423,-0.02354607,0.10016212,-0.40628643,0.90823945,0.27063897,0.05174911,-0.29967278
0.16518667,-0.90076345,-0.40166962,0.98130104,0.19090618,-0.02455617,0.0988005,-0.39010249,0.91545535,0.35989743,0.04093552,-0.24619138
0.17109604,-0.91070563,-0.3759539,0.98067961,0.19414442,-0.02398703,0.09483446,-0.36458626,0.92632785,0.44569874,0.01133358,-0.13047883
0.17109604,-0.91070563,-0.3759539,0.98067961,0.19414442,-0.02398703,0.09483446,-0.36458626,0.92632785,0.44569874,0.01133358,-0.13047883
0.17109604,-0.91070563,-0.3759539,0.98067961,0.19414442,-0.02398703,0.09483446,-0.36458626,0.92632785,0.44569874,0.01133358,-0.13047883
0.17979338,-0.90787322,-0.37873551,0.97915359,0.20215696,-0.01976988,0.09451257,-0.36728573,0.92529377,0.13193336,0.04235423,0.05484254
0.17979338,-0.90787322,-0.37873551,0.97915359,0.20215696,-0.01976988,0.09451257,-0.36728573,0.92529377,0.13193336,0.04235423,0.05484254
0.18143401,-0.89625371,-0.40473549,0.97870938,0.20472904,-0.01462191,0.09596602,-0.39346555,0.91431688,-0.05238796,0.0163871,0.03343207
0.18216639,-0.88885224,-0.42042476,0.97868029,0.20516054,-0.00969202,0.09486932,-0.4096959,0.90727563,-0.12663887,-0.02186215,0.01465145
0.18334466,-0.88290031,-0.43228654,0.97870382,0.2052366,-0.00407912,0.09232245,-0.42233264,0.90172706,-0.08824618,-0.05513155,0.05871648
0.18363978,-0.8812851,-0.43544577,0.97868758,0.20533533,-0.00283157,0.09190782,-0.42564537,0.90021051,-0.07380178,-0.04820889,0.07155704
0.18283107,-0.87924147,-0.43989456,0.97868066,0.20535465,-0.00368973,0.09357855,-0.4298417,0.89804185,-0.08313605,-0.04521239,0.05190153
0.1814086,-0.87786232,-0.44322524,0.97876496,0.20491798,-0.00526457,0.09544638,-0.43285831,0.89639481,-0.10305092,0.00152695,0.01120972
0.1795646,-0.87695353,-0.44576805,0.97901504,0.20368934,-0.00634778,0.09636493,-0.43527376,0.89512601,-0.10104337,0.01991355,-0.04787072
0.1795646,-0.87695353,-0.44576805,0.97901504,0.20368934,-0.00634778,0.09636493,-0.43527376,0.89512601,-0.10104337,0.01991355,-0.04787072
0.17869654,-0.87772814,-0.44459049,0.97933378,0.20217517,-0.00551358,0.09472455,-0.43441727,0.89571696,-0.06952367,0.02843809,-0.10211414
0.17880278,-0.88132645,-0.43737081,0.97950174,0.20136511,-0.00532904,0.09276783,-0.42745263,0.89926546,-0.00552856,0.0162648,-0.087234
