0,1,2,3,4,5,6,7,8,9,10,11
-0.07333789,0.23901516,-0.96824227,0.97626401,0.21558956,-0.02072631,0.20378895,-0.9467802,-0.24915273,-0.00463963,0.00578326,-0.01797195
-0.0695655393,0.236998422,-0.969016067,0.97502868,0.221514374,-0.0158201488,0.21090155,-0.945919104,-0.246489956,-0.00713643804,4.99486923e-05,-0.0146165192
-0.06606306,0.23575704,-0.96956394,0.97393166,0.22656138,-0.01127053,0.21700862,-0.94503361,-0.24457857,-0.0186548,0.0032602,-0.01717173
-0.0644179306,0.235438897,-0.969751911,0.973486941,0.228558335,-0.00917610095,0.21948444,-0.944631966,-0.243919922,-0.0298254117,-0.000841915607,-0.0244012792
-0.06144067,0.23479397,-0.97010148,0.9727957,0.23159805,-0.00555753,0.22336875,-0.94405199,-0.24263611,-0.03625779,-0.02227467,-0.03918758
-0.05920104,0.23302855,-0.97066619,0.9723609,0.23346009,-0.00325752,0.22585269,-0.94403073,-0.2404089,-0.04433987,-0.03601331,-0.05930278
-0.05828703,0.23155403,-0.97107439,0.97221572,0.23407313,-0.00254041,0.22671421,-0.9442418,-0.23876393,-0.0447015,-0.0383957,-0.06531835
-0.05703576,0.22731335,-0.97214989,0.97208925,0.23460105,-0.0021766,0.22757256,-0.94514067,-0.23434947,-0.05176573,-0.03083861,-0.06037998
-0.05618871,0.22188007,-0.97345357,0.97209528,0.23457115,-0.00264443,0.22775731,-0.9464383,-0.22886876,-0.05705579,-0.02492017,-0.05557669
-0.05592764,0.21905975,-0.97410721,0.97214296,0.234368,-0.00310962,0.22761835,-0.94714541,-0.22606502,-0.05018737,-0.01658905,-0.0518411
-0.05573336,0.21367739,-0.97531309,0.97227875,0.23378427,-0.00434119,0.2270852,-0.94851821,-0.22078353,-0.04258719,-0.00505209,-0.05117067
-0.05570534,0.20917051,-0.97629132,0.97246167,0.23299656,-0.00556721,0.22630807,-0.94971596,-0.21638949,-0.03447878,0.00828272,-0.04178497
-0.05578055,0.20763388,-0.97661482,0.97259187,0.23243772,-0.0061333,0.22572857,-0.95018984,-0.21490847,-0.02470655,0.01197559,-0.03397108
-0.05620291,0.20632862,-0.97686721,0.97294721,0.23091486,-0.00720489,0.22408651,-0.95084525,-0.21372489,-0.02368976,0.01149052,-0.02621355
-0.05689757,0.20709251,-0.97666539,0.9734051,0.22894504,-0.00816208,0.22191237,-0.95115551,-0.2146113,-0.02496812,-0.00455785,-0.03945133
-0.05724701,0.20792544,-0.97646798,0.97366747,0.22781153,-0.00857353,0.22066798,-0.95124595,-0.21549175,-0.02035316,-0.00480533,-0.04474132
-0.05835999,0.20963533,-0.9760364,0.97424946,0.22525647,-0.00987209,0.21778895,-0.95147911,-0.21738304,-0.01930654,-0.00978941,-0.04147922
-0.05962966,0.21112195,-0.97563928,0.97488141,0.22243032,-0.01145078,0.21459431,-0.95181532,-0.21908236,-0.02338244,-0.01274097,-0.0359608
-0.06030177,0.21179943,-0.97545106,0.97520523,0.2209599,-0.01230958,0.21292843,-0.95200723,-0.2198722,-0.02088368,-0.01174617,-0.02692618
-0.06163711,0.21299122,-0.97510796,0.97587959,0.21785353,-0.01410054,0.20942739,-0.9524571,-0.22128162,-0.01639258,-0.00775427,-0.02288906
-0.0629605304,0.214023299,-0.97479739,0.976593743,0.214497539,-0.0159822091,0.205671059,-0.952987302,-0.22251868,-0.00804535765,0.000106036663,-0.0221274812
-0.06370073,0.21453354,-0.97463708,0.97695047,0.21278674,-0.01701417,0.20373969,-0.95325603,-0.22314327,-0.00895482,0.00375479,-0.01768058
-0.06525517,0.21542497,-0.9743375,0.9776735,0.209249,-0.01921403,0.19973986,-0.95383789,-0.22426978,-0.00631706,0.00584561,-0.01022357
-0.06679152,0.21675195,-0.97393915,0.97839808,0.2056259,-0.02133489,0.19564274,-0.95432519,-0.22580375,-0.00139768,0.00419325,-0.00335313
-0.06759326,0.21760505,-0.97369351,0.97874816,0.20383975,-0.02238928,0.19360537,-0.95451416,-0.22675869,-0.00252636,0.00590211,-0.00189082
-0.06901966,0.21941252,-0.97318774,0.9793935,0.20049938,-0.02425571,0.18980151,-0.95480789,-0.22872958,,,
-0.07018436,0.22116164,-0.97270839,0.98000251,0.19729857,-0.02585154,0.18619658,-0.95507107,-0.23058621,-0.01535856,0.02520865,0.00719821
-0.07073,0.22157171,-0.97257553,0.98028518,0.19577689,-0.02668894,0.18449427,-0.95528913,-0.23105074,-0.02141126,0.06837457,0.05207103
-0.07142105,0.2203771,-0.97279641,0.98103305,0.19171977,-0.02859367,0.18020288,-0.95638767,-0.22989001,0.01018408,0.13714463,0.26876494
-0.07065031,0.22020494,-0.97289175,0.98204014,0.18641111,-0.02912222,0.17494499,-0.95747622,-0.2294201,-0.01205384,0.04284865,0.448908
-0.06991697,0.221921,-0.97255473,0.98231297,0.18508241,-0.02838571,0.1737034,-0.95733776,-0.23093629,-0.03589457,-0.01005423,0.38627306
-0.06919734,0.21867675,-0.97334068,0.98203683,0.18661663,-0.02788919,0.1755428,-0.95778631,-0.22766196,-0.03781628,-0.03761339,0.22794391
-0.07220717,0.19156129,-0.97882094,0.98064534,0.19270611,-0.03462797,0.18199141,-0.96237656,-0.20176846,0.02611422,0.05811852,0.38446796
-0.07565609,0.16990314,-0.98255227,0.979645,0.19640742,-0.04146948,0.18593473,-0.96568989,-0.18130414,0.07537712,0.11409968,0.57019317
-0.08583036,0.12649868,-0.98824656,0.97685896,0.20572663,-0.05850767,0.19590749,-0.97039922,-0.14122896,0.14613101,0.19399136,0.83569407
-0.09748837,0.0999007,-0.9902099,0.97230281,0.22192091,-0.07333624,0.21242186,-0.9699334,-0.11876837,0.13801372,0.24034983,0.70680231
-0.10246319,0.09348932,-0.99033371,0.96924511,0.23332361,-0.07825522,0.22375214,-0.96789447,-0.11452108,0.11214912,0.26384264,0.51502812
-0.1105946,0.08231284,-0.99045109,0.96176969,0.26007922,-0.08577779,0.25053511,-0.96207243,-0.10792933,0.09323537,0.25038844,0.22790547
-0.11860008,0.05950118,-0.9911577,0.95230509,0.28946232,-0.09657407,0.28115652,-0.95533824,-0.09099352,0.11356441,0.30011243,0.3040024
-0.12318284,0.04340811,-0.99143418,0.94644368,0.30558789,-0.10421329,0.29844659,-0.9511739,-0.07872653,0.13184771,0.34394807,0.40448153
-0.13552418,-0.01170583,-0.99070479,0.91393448,0.38462457,-0.129567,0.38256605,-0.92299881,-0.04142751,0.12253276,0.42602628,0.18525647
-0.1366154,-0.02340554,-0.99034757,0.90381587,0.40630702,-0.13428118,0.40552806,-0.91343677,-0.03435347,0.11519709,0.38709337,0.09597045
-0.13896912,-0.05186505,-0.98893764,0.88097402,0.44962695,-0.14737844,0.45229682,-0.8917094,-0.01679251,0.11530349,0.40545851,0.09254973
-0.14162864,-0.08082038,-0.9866151,0.85338354,0.49512346,-0.1630622,0.50167502,-0.86505538,-0.00115287,0.10629591,0.45868593,0.069757
-0.14197437,-0.09242614,-0.98554578,0.83789069,0.51889692,-0.16936676,0.52705055,-0.84982546,0.00377299,0.07709343,0.45075542,-0.03196327
-0.14006113,-0.13733927,-0.98057161,0.76765644,0.61042741,-0.19514589,0.62536897,-0.78007452,0.01993225,0.0093555,0.32781905,-0.20535269
-0.13978007,-0.15067064,-0.978652,0.74783484,0.63174114,-0.20407385,0.64900264,-0.76039559,0.02437197,-0.02478095,0.32724971,-0.17894673
-0.1376272,-0.17608741,-0.97470604,0.70487702,0.67393198,-0.22127822,0.69584986,-0.71750183,0.03136863,-0.03052847,0.29889649,-0.24265847
-0.13347216,-0.19558308,-0.97156176,0.6590031,0.7146814,-0.23440424,0.7402026,-0.67154873,0.03349983,-0.04223258,0.17924494,-0.33890831
-0.13126138,-0.20410401,-0.97010927,0.63556312,0.73368127,-0.24035662,0.76080875,-0.64811522,0.03341697,-0.06714749,0.11749345,-0.36613205
-0.12668195,-0.22309838,-0.96652929,0.58781676,0.7679819,-0.25431333,0.7990139,-0.600359,0.03385151,-0.06211099,0.05260378,-0.36763024
-0.12279751,-0.24314118,-0.96218663,0.53928606,0.79754311,-0.27036186,0.83312142,-0.5520936,0.03318635,-0.01987326,0.04339236,-0.3183752
-0.1215826,-0.25156383,-0.96017356,0.51492129,0.81101544,-0.2776869,0.84857156,-0.52817572,0.03093022,-0.04466707,0.01319486,-0.32567292
-0.11923037,-0.26513997,-0.95680971,0.46686794,0.83552569,-0.28970871,0.87625244,-0.48124589,0.02416533,-0.10129719,-0.0883345,-0.34364983
-0.11695377,-0.27772855,-0.95351377,0.42072301,0.85583961,-0.30088317,0.8996187,-0.43635466,0.01675315,-0.11702579,-0.15604043,-0.32381546
-0.11625982,-0.28457515,-0.9515779,0.3983298,0.86429143,-0.30713788,0.90984442,-0.41474968,0.01287241,-0.11643312,-0.16822058,-0.29507771
-0.11582609,-0.29808022,-0.94748734,0.35446632,0.87869287,-0.31976935,0.92786729,-0.37289006,0.00388386,-0.11411099,-0.20354342,-0.29189208
-0.11610609,-0.30986405,-0.94366497,0.31298676,0.89027167,-0.33084078,0.94263386,-0.3337673,-0.00638261,-0.13146551,-0.24671686,-0.26930746
-0.11655809,-0.31593895,-0.94159264,0.29353422,0.89474458,-0.33655578,0.94881599,-0.31561799,-0.01155081,-0.14557138,-0.26013535,-0.25345966
-0.11826867,-0.33071309,-0.93629114,0.25685691,0.90062819,-0.35056151,0.95918548,-0.28195337,-0.02157013,-0.12957655,-0.23911458,-0.1986293
-0.1208826,-0.34647655,-0.93023727,0.22218206,0.90389091,-0.36553571,0.96748256,-0.25086894,-0.03228381,-0.08836687,-0.19267142,-0.18347397
-0.1220315,-0.35275308,-0.92772493,0.20575535,0.90541446,-0.3713346,0.97096499,-0.2361989,-0.03790825,-0.09252961,-0.20768678,-0.17396674
-0.12431037,-0.36138156,-0.92409426,0.17540875,0.90864664,-0.37893673,0.97661589,-0.20920001,-0.0495647,-0.11894388,-0.23830688,-0.16219652
-0.12892246,-0.37208551,-0.91920154,0.13555918,0.91162275,-0.38803051,0.98234556,-0.17463203,-0.06708904,-0.06949054,-0.24111801,-0.1237593
-0.13327884,-0.3801793,-0.91525975,0.11112864,0.91194209,-0.39498361,0.98482848,-0.15435453,-0.07929377,-0.08500146,-0.18356717,-0.08860015
-0.13742275,-0.38688051,-0.9118324,0.08799949,0.9121575,-0.40028088,0.98659564,-0.13524851,-0.09130589,-0.0747147,-0.19458705,-0.08656002
-0.13950075,-0.38946087,-0.91041736,0.07710081,0.91234413,-0.40209905,0.98721579,-0.12628704,-0.09724494,-0.05714062,-0.20511556,-0.08915373
-0.14445313,-0.39459332,-0.90743008,0.05686947,0.91222199,-0.40573007,0.98787606,-0.11021406,-0.109333,-0.04956384,-0.22064269,-0.06538355
-0.1506329,-0.40092686,-0.90364103,0.03857426,0.91099112,-0.41061805,0.98783677,-0.09670993,-0.12175976,-0.03256292,-0.18165791,-0.04733135
-0.15423454,-0.40427634,-0.90153885,0.03010897,0.91011018,-0.41327099,0.98757537,-0.09088508,-0.12819807,-0.02545039,-0.1719811,-0.05054381
-0.16114902,-0.40981548,-0.8978208,0.01430391,0.90864529,-0.41732376,0.98682638,-0.08009368,-0.14056533,-0.03111759,-0.17634767,-0.05326575
-0.167764782,-0.41320743,-0.895049954,0.000624263346,0.907873205,-0.419244368,0.985826766,-0.070893224,-0.152051192,-0.0218969025,-0.19047153,-0.0479975827
-0.17116026,-0.41490696,-0.89361982,-0.00528962,0.90737821,-0.42028182,0.98522901,-0.06720863,-0.15750179,-0.00808233,-0.20042753,-0.03989962
-0.177881518,-0.418063876,-0.890831334,-0.015202085,0.906328215,-0.422300887,0.98393433,-0.0615770899,-0.167574468,0.000820915215,-0.212292731,-0.0337882973
-0.18425777,-0.4207553,-0.8882647,-0.02345685,0.90536355,-0.42398896,0.98259808,-0.05728734,-0.17668987,-0.0337369,-0.21451598,-0.03197043
-0.18714147,-0.42268529,-0.88674425,-0.02707105,0.90456831,-0.42546837,0.98195996,-0.05561765,-0.18072479,-0.02709507,-0.20872605,-0.02128773
-0.19240876,-0.42764958,-0.88322963,-0.0333565,0.90237728,-0.42965401,0.98074772,-0.05320777,-0.18789018,0.01088817,-0.15840834,-0.00431757
-0.19716317,-0.43175946,-0.88017618,-0.03867487,0.90052611,-0.43307845,0.97960737,-0.05134649,-0.19424881,0.01595111,-0.1049552,-0.00376757
-0.19940467,-0.43308545,-0.8790192,-0.04082125,0.89992672,-0.43412615,0.97906659,-0.05068413,-0.19712868,0.02676688,-0.10216123,-0.00708985
-0.20367825,-0.4346572,-0.87726172,-0.0437361,0.89918981,-0.43536746,0.97806041,-0.05030691,-0.20215561,0.01444173,-0.11229789,-0.00636144
-0.20794991,-0.43640034,-0.87539224,-0.04557123,0.89830712,-0.43699838,0.97707732,-0.05098108,-0.20669018,-0.00891399,-0.0982675,0.00957071
-0.21004843,-0.437670799,-0.87425604,-0.0464543287,0.89766284,-0.438227561,0.976586579,-0.0514360955,-0.20888436,-0.00179550517,-0.0765360594,-5.80525084e-05
-0.21377251,-0.44036773,-0.87199619,-0.0478853,0.89628149,-0.4408928,0.97570903,-0.052495,-0.21268747,0.03648173,-0.04685467,-0.0111793
-0.21777997,-0.44166367,-0.87034765,-0.04865439,0.89555571,-0.44228127,0.97478438,-0.05397378,-0.21652297,0.04878351,-0.01833892,-0.02695414
-0.21989961,-0.44145569,-0.86992011,-0.04862903,0.8955998,-0.44219476,0.97430967,-0.05493509,-0.21840961,0.04343841,-0.00540149,-0.02774309
-0.223667981,-0.440106086,-0.869643177,-0.0479172328,0.896134266,-0.441188526,0.973486806,-0.0570088551,-0.221525208,0.017906554,-0.00931721926,-0.00015335856
-0.226934341,-0.438669248,-0.869522859,-0.0470503431,0.89671207,-0.440106488,0.972772828,-0.0589639461,-0.224134297,-0.000332948053,-0.0386319757,0.01112423
-0.23123792,-0.43632028,-0.86957081,-0.04628309,0.89771677,-0.4381352,0.97179559,-0.0610671,-0.2277804,0.01932707,0.00835973,-0.00109811
-0.23358088,-0.43403061,-0.87009039,-0.04602138,0.89877627,-0.43598537,0.9712476,-0.06179511,-0.22991163,,,
-0.234481708,-0.433095539,-0.870314013,-0.0460544766,0.899217653,-0.435070787,0.971028945,-0.0619343052,-0.230796075,0.000757831847,-0.00752210617,0.000450859312
-0.23600148,-0.43212509,-0.87038558,-0.04624828,0.8996661,-0.43412209,0.97065146,-0.06219965,-0.23230757,0.00182388,-0.00816125,0.01156626
-0.23737731,-0.43257714,-0.86978674,-0.0466473,0.89942194,-0.43458509,0.97029685,-0.06258745,-0.23368091,-0.01098501,-0.00794232,0.00298651
-0.23770474,-0.4333869,-0.86929399,-0.04678993,0.89901547,-0.43541,0.97020975,-0.06282486,-0.23397837,0.00121396,0.01159269,0.00423386
-0.23846113,-0.43523316,-0.86816382,-0.04684195,0.89806669,-0.43735804,0.97002173,-0.0636264,-0.23454117,0.0308211,0.035873,0.00221217
-0.23953485,-0.43617761,-0.86739393,-0.04684239,0.8975544,-0.43840837,0.96975715,-0.06438327,-0.23542716,0.02730928,0.02987045,-0.00979373
-0.24011963,-0.43573009,-0.86745698,-0.0468275,0.89775982,-0.43798912,0.96961307,-0.064549,-0.23597389,0.01145502,0.01083773,-0.00789598
-0.24106098,-0.43454497,-0.86779042,-0.04665401,0.89831409,-0.43686977,0.96938792,-0.06482637,-0.23682174,-0.0036569,-0.00510651,0.00403946
-0.24212112,-0.4342318,-0.86765196,-0.04651169,0.89842632,-0.4366541,0.96913046,-0.06536726,-0.23772484,0.00915439,0.01354152,0.00545218
-0.2427378,-0.43455576,-0.86731743,-0.04627191,0.89822588,-0.43709172,0.96898769,-0.06596628,-0.2381411,0.02127652,0.0351184,0.00951562
-0.24369896,-0.4340438,-0.86730431,-0.045769,0.89841619,-0.43675341,0.96877035,-0.0667407,-0.23880884,0.00866405,0.01907748,0.00106961
-0.24447336,-0.43267197,-0.86777159,-0.04527451,0.89904474,-0.43550977,0.96859836,-0.06718264,-0.23938149,-0.00735852,0.00369281,-0.00684476
-0.24486586,-0.43209434,-0.86794891,-0.04501215,0.89930254,-0.43500444,0.96851161,-0.06744946,-0.23965799,-0.00420038,0.00921327,-0.00622806
-0.24532228,-0.4315019,-0.86811473,-0.04470825,0.89956208,-0.43449884,0.96841017,-0.06778033,-0.23997432,0.01865081,0.03153485,-0.0041279
-0.24569854,-0.43119725,-0.86815957,-0.04448884,0.89968591,-0.43426489,0.96832477,-0.06807486,-0.24023497,0.02305399,0.03459185,-0.0077759
-0.24591899,-0.43097749,-0.86820635,-0.04442549,0.8997836,-0.43406894,0.96827178,-0.0681753,-0.24042026,0.00955645,0.02446741,-0.00824504
-0.245976032,-0.431505304,-0.867927965,-0.0449024429,0.899551052,-0.434501638,0.968235276,-0.0679049054,-0.24064364,-0.00537637342,0.0221393704,-0.000386809115
-0.24575137,-0.43205609,-0.86771746,-0.04515805,0.8993009,-0.43499267,0.96828033,-0.06771566,-0.24051523,0.00652605,0.03587192,-0.00180562
-0.24520326,-0.43259863,-0.86760222,-0.04571064,0.89908639,-0.43537821,0.96839337,-0.06709754,-0.24023326,0.0151252,0.02907425,-0.00713683
-0.24489546,-0.43203633,-0.86796942,-0.04627765,0.89941794,-0.43463289,0.96844447,-0.06627202,-0.240257,0.00769169,0.01479822,-0.0219999
-0.24477017,-0.431493296,-0.868274717,-0.0464371162,0.899704775,-0.434021778,0.9684684,-0.0659154335,-0.24025819,0.00078824861,0.00839847326,-0.0196707323
-0.24439017,-0.43055539,-0.86884708,-0.0467057,0.90020389,-0.43295671,0.96855138,-0.0652303,-0.24011036,-0.00631038,0.0032174,-0.00773391
-0.24412023,-0.43019357,-0.86910227,-0.04712631,0.90042127,-0.43245883,0.96859918,-0.06461438,-0.24008449,-0.01275093,-0.00358266,-0.00464107
-0.24387262,-0.43042857,-0.86905534,-0.04730751,0.90032458,-0.43264031,0.96865264,-0.06439633,-0.23992701,-0.0077136,-0.00910336,-0.00291445
-0.24330133,-0.43081502,-0.869024,-0.04760738,0.90017084,-0.43292723,0.96878162,-0.06395985,-0.23952273,-0.00533585,-0.02193469,-0.00936004
-0.24300423,-0.43103135,-0.86899992,-0.04751852,0.90006695,-0.43315293,0.96886061,-0.06396442,-0.23920204,-0.00512072,-0.00943524,-0.01743747
-0.242901512,-0.431164745,-0.868962502,-0.0473495675,0.899992672,-0.433325754,0.968894672,-0.0641104799,-0.239025046,-0.000198465306,0.000494778156,-0.0165949464
-0.24263929,-0.43086361,-0.86918497,-0.04658031,0.90010037,-0.4331854,0.96899754,-0.06462093,-0.23846946,-0.0102299,0.01664382,-0.00665387
-0.24213286,-0.43054649,-0.86948341,-0.04571122,0.90021709,-0.43303542,0.9691657,-0.06510696,-0.23765295,-0.01059803,0.02061719,0.00699169
-0.24194212,-0.43057958,-0.86952,-0.04528599,0.90017836,-0.43316058,0.9692332,-0.06542275,-0.23729028,-0.01275966,0.0114308,0.00801624
-0.2417664,-0.43037887,-0.86966817,-0.04477354,0.90024956,-0.43306586,0.96930079,-0.06576271,-0.23691967,-0.00357936,0.0154199,0.00230589
-0.24191741,-0.42961445,-0.87000412,-0.04404096,0.90057486,-0.43246423,0.96929672,-0.06630486,-0.23678536,-0.00683041,0.03329784,-0.00175587
-0.24206458,-0.42906051,-0.87023655,-0.04363426,0.90081714,-0.43200061,0.96927841,-0.06659995,-0.23677765,-0.00591205,0.04351121,0.00191411
-0.24237178,-0.4277174,-0.87081203,-0.04273385,0.90141011,-0.4308522,0.96924176,-0.06721329,-0.23675438,-0.01158113,0.02092141,0.00265285
-0.24281438,-0.42710655,-0.87098856,-0.04223641,0.90166228,-0.43037333,0.9691528,-0.06771343,-0.23697601,-0.01816099,0.02384859,-0.00500916
-0.24298189,-0.42711955,-0.87093549,-0.04218416,0.90164642,-0.43041169,0.96911311,-0.06784258,-0.23710142,-0.01127759,0.02536482,-0.00796331
-0.243252197,-0.427159722,-0.870840277,-0.0421213348,0.90161279,-0.430488279,0.969047991,-0.0680362956,-0.237311824,0.0009615093,0.0342772603,-0.0137193343
-0.24339558,-0.42673536,-0.87100834,-0.04212997,0.90181809,-0.43005721,0.96901169,-0.06797847,-0.23747688,0.00101621,0.03871995,-0.0097588
-0.2433712,-0.42629792,-0.87122926,-0.04219092,0.90203903,-0.4295876,0.9690151,-0.06779131,-0.23751622,-0.00371959,0.02102989,-0.00801687
-0.243241975,-0.426205694,-0.871310367,-0.0424089255,0.90210415,-0.429429345,0.969037942,-0.067503964,-0.237504509,0.000628427602,0.0102657676,-0.00641092286
-0.24341771,-0.42706187,-0.87084218,-0.04275335,0.90169965,-0.43024401,0.96897889,-0.06749757,-0.237748,0.00485054,0.02131552,-0.01001746
-0.24375245,-0.42688631,-0.87083456,-0.04287294,0.90178317,-0.43005701,0.9688894,-0.06749221,-0.23811372,0.00647801,0.02164155,-0.01595831
-0.24385955,-0.42584584,-0.87131394,-0.04292806,0.90229638,-0.4289737,0.96886007,-0.06720549,-0.23831433,-0.00601971,0.00293845,-0.01711443
-0.24378465,-0.42518766,-0.87165617,-0.04294358,0.90262371,-0.42828295,0.96887815,-0.06697677,-0.23830489,-0.01012747,0.00224084,-0.01162312
-0.243374684,-0.424583693,-0.872064929,-0.0429747004,0.902936171,-0.42762066,0.968979736,-0.0665953558,-0.237998154,-0.0110314786,-0.00357955694,0.000296987593
-0.243038245,-0.425132592,-0.871891448,-0.0430015914,0.902680025,-0.428158424,0.969063094,-0.0665661511,-0.237667148,0.00888837408,0.00643104315,0.000767904217
-0.24307468,-0.42570879,-0.87160004,-0.04299941,0.90239544,-0.4287581,0.969054,-0.06674197,-0.23765471,0.01280562,0.02176756,-0.00439848
-0.24314947,-0.42644738,-0.87121812,-0.04289402,0.90202188,-0.42955399,0.96903998,-0.06707576,-0.23761819,0.00126123,0.03221148,-0.00733415
-0.24308675,-0.42633091,-0.87129249,-0.04252036,0.90205551,-0.4295205,0.96907207,-0.06736311,-0.23740548,-0.01359936,0.01073879,-0.01240875
-0.24313903,-0.42621868,-0.87133272,-0.04237466,0.90209889,-0.42944377,0.96906525,-0.06749219,-0.23739631,-0.00937841,0.00858241,-0.01593508
-0.24321596,-0.42646343,-0.87119165,-0.04225756,0.90196742,-0.42973139,0.96905121,-0.06770311,-0.23739418,-0.00745029,0.02692109,-0.00919605
-0.24317574,-0.42679436,-0.87104089,-0.0423728,0.90181356,-0.43004286,0.96905634,-0.06766753,-0.23738365,-0.00104497,0.03105861,-0.00951404
-0.24325228,-0.42687776,-0.87097856,-0.04243508,0.90177407,-0.43011949,0.96903433,-0.06766751,-0.23747319,0.00331838,0.03143305,-0.01017652
-0.24336941,-0.42638853,-0.87118553,-0.0426511,0.90202652,-0.42956844,0.96899551,-0.06738678,-0.2377116,-0.0016146,0.01817054,-0.0173338
-0.24347222,-0.42629495,-0.87120255,-0.04277499,0.90207774,-0.42944854,0.96896418,-0.06729311,-0.23786564,-0.01443361,0.01102012,-0.01588775
-0.24349623,-0.42653089,-0.87108025,-0.04293818,0.9019719,-0.42965451,0.96895083,-0.06721669,-0.23794121,-0.00859551,0.01182717,-0.01735129
-0.24355868,-0.42684884,-0.87090707,-0.04308775,0.90182324,-0.42995148,0.96892854,-0.06719301,-0.23803883,0.00429046,0.02110761,-0.01256772
-0.24362342,-0.42679425,-0.87091585,-0.04309081,0.9018482,-0.42989884,0.96891224,-0.06720493,-0.23810226,0.00165956,0.01073343,-0.01148116
-0.24362326,-0.42671364,-0.87095528,-0.04318046,0.90189419,-0.42979333,0.96890818,-0.06709942,-0.23814809,-0.00098101,-0.00217825,-0.01354925
-0.24364744,-0.42694955,-0.87083291,-0.04334376,0.90178822,-0.42999922,0.96889484,-0.06702304,-0.23822399,-0.0046336,0.00547415,-0.00952873
-0.24389124,-0.42712644,-0.87067782,-0.04326423,0.90168698,-0.43021946,0.96883696,-0.0672576,-0.23839284,-0.00454091,0.01721317,-0.00824338
-0.24375024,-0.42721856,-0.87067218,-0.0430643,0.90163241,-0.43035388,0.96888142,-0.067404,-0.23817098,-0.00929667,0.00200015,-0.0068171
-0.24381466,-0.42732494,-0.87060183,-0.04288817,0.90156531,-0.430512,0.96887293,-0.06762667,-0.23814201,-0.00137511,0.0067932,-0.01243385
-0.24374446,-0.42608339,-0.87122992,-0.04243119,0.90214872,-0.42933353,0.96891085,-0.06768035,-0.23797297,-0.01336724,0.0080449,-0.01415689
-0.24340094,-0.42517337,-0.87177035,-0.04218413,0.90259111,-0.4284271,0.96900796,-0.0675047,-0.2376271,-0.01228828,-0.00140893,-0.00589244
-0.24319497,-0.42519932,-0.87181508,-0.04211583,0.90258064,-0.42845586,0.96906256,-0.06748114,-0.23741068,-0.01436774,-0.00315803,0.00273226
-0.24293516,-0.42579111,-0.87159867,-0.0422497,0.90230779,-0.42901702,0.96912191,-0.06739857,-0.23719183,-0.01308378,0.01286799,-0.00365337
-0.24268894,-0.42614801,-0.8714927,-0.04229639,0.9021437,-0.42935735,0.96918145,-0.06733937,-0.2369648,-0.00263628,0.01984602,-0.00828292
-0.242586186,-0.426282057,-0.871456003,-0.0421276271,0.902069452,-0.429529939,0.969214744,-0.0674856535,-0.23678784,0.00808526762,0.0309908986,0.000333471107
-0.24253726,-0.42580987,-0.87170035,-0.04180157,0.90228098,-0.42911729,0.96924104,-0.06763851,-0.23663627,-0.00496627,0.02138573,-0.00669965
-0.24269267,-0.42584607,-0.87163953,-0.0415107,0.90223747,-0.42923702,0.96921474,-0.0679903,-0.23664359,-0.01509241,0.01606411,-0.00383639
-0.24314278,-0.42644051,-0.87122326,-0.04100623,0.90189312,-0.43000846,0.9691233,-0.0688279,-0.23677551,0.00613131,0.02507907,-0.01054424
-0.24381392,-0.4259981,-0.87125206,-0.04078516,0.90207205,-0.42965402,0.96896394,-0.06922152,-0.23731211,-0.00228286,0.03730386,-0.00988223
-0.24412407,-0.42562639,-0.87134692,-0.04069656,0.90223801,-0.42931381,0.9688896,-0.06934505,-0.23757953,-0.00172901,0.03132194,-0.01490188
-0.24460262,-0.42481359,-0.87160939,-0.04049879,0.90260702,-0.4285562,0.96877725,-0.06952685,-0.23798448,-0.00982648,0.00598103,-0.00882727
-0.24504103,-0.42429136,-0.87174057,-0.04046093,0.90284542,-0.42805729,0.968668,-0.06962018,-0.23840139,-0.01764434,0.00815827,-0.00549802
-0.24531125,-0.42425067,-0.87168443,-0.04048752,0.90285778,-0.42802872,0.96859854,-0.06970793,-0.23865803,-0.01316382,0.01375192,-0.00974545
-0.245362184,-0.424511281,-0.87154325,-0.0404883398,0.902728023,-0.428302249,0.968585648,-0.0698018232,-0.238683079,-0.000469823368,0.0232492089,-0.0103999227
-0.24543899,-0.424635,-0.87146134,-0.04050586,0.90266575,-0.42843181,0.96856545,-0.06985457,-0.23874958,0.00341283,0.01474041,-0.0091967
-0.24554184,-0.42466219,-0.87141917,-0.04049529,0.90264798,-0.42847027,0.96853987,-0.06991897,-0.23883468,-0.00304312,0.01736528,-0.00610815
-0.24583646,-0.42493812,-0.87120151,-0.0405958,0.90250903,-0.42875335,0.96846086,-0.07003607,-0.23912033,-0.00278587,0.01903933,-0.00529091
-0.24611865,-0.42511585,-0.87103496,-0.04059237,0.90241121,-0.4289595,0.9683892,-0.07021761,-0.23935668,0.00100436,0.00957638,-0.01380193
-0.24625976,-0.42510411,-0.87100082,-0.04070255,0.90241994,-0.4289307,0.96834872,-0.07017646,-0.23953253,-0.00297131,0.00790972,-0.01546011
-0.24651717,-0.42492492,-0.87101541,-0.04066997,0.90249661,-0.42877244,0.96828456,-0.07027565,-0.23976258,-0.00432441,0.01218623,-0.00661028
-0.246851292,-0.424909544,-0.87092831,-0.0406103323,0.902487889,-0.42879645,0.968201964,-0.0704803091,-0.240036011,0.00114070938,0.0186446309,-0.000738549279
-0.24695392,-0.42489627,-0.87090565,-0.04064465,0.90249324,-0.42878193,0.96817432,-0.07049178,-0.240144,0.0024002,0.01172763,-0.0048419
-0.24730163,-0.42464588,-0.87092917,-0.04049742,0.90259327,-0.42858527,0.96809178,-0.07071949,-0.24040984,-0.00160763,0.01074785,-0.00822669
-0.24772709,-0.42418596,-0.87103252,-0.04017622,0.90278065,-0.42822071,0.96799651,-0.07108706,-0.24068542,-0.00457189,0.0129661,-0.01128253
-0.24798406,-0.42408677,-0.87100749,-0.04005413,0.90281113,-0.42816786,0.96793559,-0.07129141,-0.24086918,-0.00586345,0.0143587,-0.01126527
-0.248266118,-0.424384789,-0.870782047,-0.0399170039,0.902644186,-0.428532494,0.967869028,-0.071631111,-0.241036133,-0.000832684163,0.0206210017,-0.00702277012
-0.248432925,-0.42443707,-0.870708954,-0.0398202747,0.902605197,-0.428623599,0.967830179,-0.0718123792,-0.241138043,-0.00053654809,0.00619000196,-0.00731349643
-0.24844662,-0.42420222,-0.87081966,-0.03973251,0.90271378,-0.42840305,0.96783043,-0.07183541,-0.24113082,-0.00696947,0.00367504,-0.00982499
-0.248511565,-0.423733673,-0.871029083,-0.039632999,0.902934358,-0.427947149,0.967817707,-0.0718283434,-0.241183462,-0.0129047651,-0.000743091106,-0.00832016394
-0.24844742,-0.42382894,-0.8710011,-0.03958536,0.90288636,-0.42805283,0.96783619,-0.07186973,-0.24109721,-0.00651873,0.00468308,-0.00676654
-0.24829307,-0.42407572,-0.87092499,-0.03956294,0.90276901,-0.42830234,0.96787671,-0.07188815,-0.24092897,-0.00298985,0.00465292,-0.01173472
-0.24803602,-0.4244966,-0.87079315,-0.03932747,0.90255379,-0.42877734,0.96795218,-0.07210615,-0.24056022,0.00464399,-0.00165874,-0.00874965
-0.24794678,-0.42455633,-0.87078955,-0.03889284,0.9024952,-0.42894028,0.9679927,-0.07248685,-0.24028299,-0.00380454,0.00479466,-0.01232087
-0.24785725,-0.42453569,-0.87082495,-0.03854758,0.90248276,-0.42899761,0.9680293,-0.072762,-0.24005172,-0.00151326,0.00499731,-0.00236132
-0.24767865,-0.42453459,-0.87087645,-0.03781251,0.90243448,-0.42916457,0.96810414,-0.07336485,-0.23956648,0.00493639,-0.00161397,-0.00600819
-0.24753821,-0.42424208,-0.87105875,-0.03691703,0.90251567,-0.42907177,0.96817448,-0.07405478,-0.23906887,0.00255433,0.01081222,-0.0046896
-0.247577217,-0.423858707,-0.871234376,-0.0362970974,0.902655404,-0.42883067,0.96818803,-0.0745454211,-0.238861754,0.00529272668,0.0189080834,0.000636731158
-0.24766606,-0.42285625,-0.871696,-0.03496993,0.90304202,-0.42812639,0.96821404,-0.07554927,-0.2384401,-0.00768783,0.02144033,0.00310623
-0.247650749,-0.422320549,-0.87195999,-0.0336665253,0.903203182,-0.427890826,0.968264135,-0.0766116682,-0.237897,-0.000306810543,0.0230318904,-0.00412392383
-0.247675522,-0.422171715,-0.872025243,-0.0331345093,0.90323305,-0.427869341,0.968276348,-0.0770786042,-0.237697176,-0.000626367866,0.0255436301,-0.00660697836
-0.24773709,-0.42197199,-0.87210431,-0.03217451,0.90325177,-0.42790307,0.96829288,-0.07794794,-0.2373457,-0.00108107,0.03708869,-0.00625566
-0.24752862,-0.42157309,-0.87235641,-0.03145593,0.90339764,-0.42764848,0.96836982,-0.07841446,-0.23687774,-0.00186223,0.02620095,-0.00764138
-0.24733456,-0.4215257,-0.87243427,-0.0311218,0.90340149,-0.42766479,0.96843013,-0.07862458,-0.23656104,-0.00382,0.01793069,-0.00858257
-0.247000966,-0.421904664,-0.872345751,-0.0307797063,0.903201117,-0.428112557,0.968526337,-0.0788936424,-0.236077656,-0.000423267484,0.0154597163,-0.00876139197
-0.246577565,-0.42223453,-0.872305857,-0.0306858803,0.903048446,-0.428441222,0.968637127,-0.0788765196,-0.235628125,-0.000377059681,0.00744360685,-0.0133057898
-0.24629405,-0.42213818,-0.87243246,-0.03060006,0.90310009,-0.42833847,0.96871186,-0.07880077,-0.23534562,-0.00801652,-0.00162053,-0.00858794
-0.24554657,-0.42171471,-0.87284801,-0.0305111,0.9033304,-0.42785894,0.96890454,-0.07842773,-0.23467666,-0.0073606,-0.02672821,-0.00550715
-0.24409052,-0.4215638,-0.87332908,-0.03019889,0.9034367,-0.42765658,0.96928208,-0.07801337,-0.23325109,-0.00477191,-0.05539441,-0.00888282
-0.24283931,-0.42182871,-0.87354993,-0.02946316,0.90329704,-0.42800277,0.96961892,-0.07819839,-0.23178443,-0.00764148,-0.07490045,-0.00477888
-0.24123333,-0.42154587,-0.87413126,-0.02808029,0.90338733,-0.42790516,0.97006076,-0.07867915,-0.22976425,-0.00502546,-0.11196685,-0.01091682
-0.2404514,-0.42107494,-0.8745736,-0.02705972,0.90356582,-0.42759393,0.9702839,-0.07914985,-0.22865784,-0.005455,-0.12852597,-0.02056473
-0.23861452,-0.41947308,-0.8758455,-0.02430612,0.90419463,-0.42642851,0.97081008,-0.08046365,-0.22594973,-0.00484795,-0.1558634,-0.02285171
-0.23623163,-0.41717747,-0.87758629,-0.02055486,0.90509157,-0.42471963,0.97147941,-0.08229352,-0.22238628,0.00168075,-0.19651157,-0.03844678
-0.23463102,-0.41548303,-0.87881851,-0.01823974,0.90577829,-0.42335916,0.97191328,-0.08330381,-0.22010198,0.00774456,-0.21262467,-0.04859767
-0.23032592,-0.40896456,-0.88300496,-0.01250712,0.90857104,-0.41754308,0.97303307,-0.08512718,-0.21438242,0.00281411,-0.29079515,-0.08304462
-0.21980129,-0.39247205,-0.89311418,-0.00150257,0.91563831,-0.40200028,0.97554343,-0.08701824,-0.20184819,-0.06034998,-0.44322944,-0.10720191
-0.20859164,-0.37878934,-0.90166956,0.00743514,0.9213091,-0.38875988,0.97797448,-0.08779614,-0.18936102,-0.05537338,-0.45943964,-0.15149917
-0.19384551,-0.36325518,-0.91130103,0.01902616,0.92735399,-0.37370118,0.98084754,-0.08977886,-0.17285205,-0.02792551,-0.48712647,-0.13427305
-0.18617651,-0.35672656,-0.91546954,0.02609609,0.92963604,-0.36755384,0.98216969,-0.09232007,-0.16376723,-0.02753982,-0.43888283,-0.12974977
-0.17053507,-0.34383002,-0.92341691,0.04121903,0.93383494,-0.3553214,0.98448914,-0.09865709,-0.14507927,-0.00321923,-0.39801002,-0.15184274
-0.15342491,-0.32773916,-0.93222728,0.05749329,0.9388381,-0.33952546,0.98648628,-0.10568851,-0.12519834,-0.00219338,-0.44045609,-0.20306508
-0.14456112,-0.31792753,-0.93702941,0.06666759,0.94169535,-0.32979585,0.98724742,-0.11014516,-0.11493707,-0.01717383,-0.46123314,-0.23042084
-0.12603463,-0.29436889,-0.94734482,0.08747428,0.94794232,-0.30619211,0.98816167,-0.12145912,-0.09372385,-0.04761969,-0.51045978,-0.30664769
-0.10501011,-0.26310476,-0.95903541,0.11209152,0.95509017,-0.27429595,0.98813386,-0.13630355,-0.07080232,-0.0865695,-0.55108953,-0.36776042
-0.07173453,-0.2266499,-0.97133105,0.16088783,0.95845798,-0.23552796,0.98436238,-0.17317082,-0.03228933,-0.06155768,-0.50009376,-0.43114343
-0.05178201,-0.22044691,-0.97402352,0.20264499,0.95272164,-0.22639895,0.97788224,-0.20910437,-0.00466139,0.01225872,-0.31092221,-0.44914755
-0.04315327,-0.21923665,-0.97471683,0.22573931,0.94825538,-0.22327893,0.97323141,-0.22966716,0.00857002,0.03560486,-0.21561944,-0.45352843
