0,1,2,3,4,5,6,7,8,9,10,11
-0.56073589,-0.05613998,-0.8260893,-0.42313401,0.87701118,0.22761588,0.7117112,0.47717888,-0.51552638,,,
-0.56143316,-0.05641907,-0.82559646,-0.42318272,0.87692647,0.22785159,0.71113221,0.47730163,-0.51621116,,,
-0.56207661,-0.05664761,-0.82514266,-0.42313119,0.87690482,0.22803046,0.71065418,0.4773143,-0.51685704,-0.00235698,-0.00431114,0.00190701
-0.56238508,-0.05674086,-0.82492618,-0.42308769,0.87690256,0.22811986,0.71043615,0.47730739,-0.51716326,,,
-0.56299929,-0.05687439,-0.82449808,-0.42283977,0.87699194,0.22823596,0.71009739,0.47712727,-0.5177946,0.00380308,-0.00326914,0.00204279
-0.56355977,-0.05695702,-0.82410929,-0.42249188,0.87714426,0.22829488,0.70985973,0.47683732,-0.51838709,0.00480169,-0.00710607,0.00380746
-0.563814674,-0.0570326754,-0.823929609,-0.422319499,0.87723355,0.228270711,0.709759796,0.476663981,-0.518683144,0.000641072809,-0.0079985857,0.00280091818
-0.56424514,-0.05702414,-0.82363564,-0.42189693,0.87743484,0.22827852,0.70966922,0.4762944,-0.51914665,0.00416907,-0.00242323,0.0039795
-0.5646248,-0.05708429,-0.82337124,-0.4214776,0.87766223,0.22817895,0.70961641,0.47586804,-0.51960962,,,
-0.5647497,-0.0570689,-0.82328668,-0.42123064,0.87780034,0.22810374,0.7096637,0.47561509,-0.51977665,0.00272905,-0.00184,-0.00478342
-0.56499922,-0.05703797,-0.82311746,-0.42073656,0.87807638,0.22795308,0.70975801,0.47510896,-0.52011042,,,
-0.565118951,-0.056916179,-0.823043784,-0.420167716,0.878400994,0.227751575,0.709999727,0.47452317,-0.520315387,0.000496391091,-0.00243002176,-0.00512954313
-0.565116311,-0.0569297101,-0.823044586,-0.41994927,0.878551148,0.227575213,0.710130969,0.474243477,-0.520391165,-0.000489137601,-0.0045799613,-0.00443630386
-0.56510578,-0.05671722,-0.82306637,-0.41930528,0.87892399,0.22732282,0.71051966,0.4735776,-0.52046684,,,
-0.5650953,-0.05643795,-0.82309298,-0.41871874,0.87923948,0.22718396,0.71087405,0.47302504,-0.52048573,,,
-0.56514006,-0.05622939,-0.82307642,-0.41842205,0.87937102,0.22722143,0.71101302,0.47280529,-0.5204954,,,
-0.56540702,-0.05571387,-0.82292807,-0.41779653,0.87959533,0.22750405,0.71116855,0.47244894,-0.52060642,,,
-0.565747612,-0.0552517533,-0.822725267,-0.416926618,0.879982447,0.227602914,0.711408333,0.471781872,-0.520883893,-0.000840827823,-0.00588768721,0.000974347757
-0.56637943,-0.05454917,-0.82233737,-0.41526344,0.88077329,0.22758447,0.71187825,0.47038581,-0.52150415,-0.0018034,-0.00552541,-0.00805192
-0.566821451,-0.0543016433,-0.822049068,-0.414286974,0.881268545,0.227446799,0.712095248,0.469485969,-0.522018374,-0.000756497029,-0.00270664692,-0.00821701903
-0.5670423,-0.05416108,-0.8219061,-0.41381309,0.88150167,0.22740608,0.71219505,0.46906437,-0.5222613,-0.00465172,-0.00273073,-0.00893779
-0.56730626,-0.05397843,-0.8217358,-0.41289677,0.88200589,0.22711638,0.71251642,0.46813665,-0.52265497,-0.00184901,0.00271446,-0.00871249
-0.56751979,-0.05379806,-0.82160018,-0.4120412,0.88247883,0.22683286,0.71284159,0.46726531,-0.52299121,-0.00237723,0.00279194,-0.01328582
-0.56758976,-0.05369798,-0.82155843,-0.4117213,0.88264816,0.2267549,0.71297075,0.4669569,-0.52309065,-0.00271227,-0.00218964,-0.01178246
-0.56757924,-0.05353868,-0.82157608,-0.41123591,0.88292378,0.2265626,0.71325919,0.46645385,-0.52314623,-0.00201472,0.00155056,-0.01107775
-0.567441572,-0.0533424839,-0.821683818,-0.410836857,0.883155268,0.226384241,0.713598482,0.466037903,-0.523054054,-0.000282823341,-0.00292462111,-0.00736137386
-0.56738444,-0.0532055,-0.82173222,-0.41060325,0.88328033,0.22632015,0.71377842,0.4658165,-0.52300586,-0.00379579,-0.00354522,-0.01386237
-0.56704292,-0.05303333,-0.82197912,-0.4102288,0.88353841,0.2259916,0.71426503,0.46534647,-0.52275999,-0.00270997,-0.00354296,-0.00659932
-0.566654563,-0.0528834304,-0.822256487,-0.410106345,0.883646441,0.225791358,0.714643389,0.465158354,-0.522410107,-0.00592123624,0.00342410803,0.000456003472
-0.56647371,-0.05282948,-0.82238452,-0.41006299,0.88369214,0.2256912,0.71481158,0.46507765,-0.52225176,-0.01100633,0.00435656,0.00094085
-0.56626599,-0.05263337,-0.82254014,-0.41007094,0.88367024,0.22576251,0.71497159,0.4651415,-0.52197581,-0.00457941,-0.00398451,0.00134355
-0.56610809,-0.05246832,-0.82265925,-0.40998856,0.88370669,0.22576942,0.71514373,0.46509088,-0.5217849,-0.00484928,-0.001737,-0.00111872
-0.56615465,-0.05231271,-0.82263731,-0.40985239,0.88374426,0.22586965,0.71518514,0.46503705,-0.5217764,,,
-0.566193465,-0.0520180053,-0.822629477,-0.409421095,0.883936748,0.225898661,0.715401633,0.46470417,-0.521776487,-0.00811388437,-0.00300180912,-0.000650582369
-0.56635875,-0.05176021,-0.82253184,-0.40890303,0.88417279,0.22591325,0.71556695,0.46428371,-0.5219239,-0.00753557,0.00101042,-0.0042902
-0.56645502,-0.05163547,-0.82247346,-0.40867645,0.88426837,0.22594917,0.71562027,0.46411555,-0.52200046,-0.00611789,0.00223702,-0.00527044
-0.567150662,-0.0512132601,-0.822020033,-0.407946836,0.884501158,0.226356026,0.715485228,0.463718529,-0.522537685,-0.00544732483,-0.000715911388,-0.0106964856
-0.56742773,-0.0510755,-0.82183768,-0.4078216,0.88449496,0.22660587,0.71533728,0.46374559,-0.52271666,-0.00464256,0.00253743,-0.0121009
-0.56790391,-0.05082745,-0.8215239,-0.40753799,0.88452511,0.22699802,0.71512077,0.46371531,-0.52303937,-0.0010908,0.00506753,-0.01067768
-0.56833023,-0.05054865,-0.82124641,-0.40734464,0.88449694,0.22745443,0.71489242,0.46379953,-0.52327707,-0.0021452,-0.00465995,-0.00792073
-0.56855679,-0.05044687,-0.82109587,-0.40725125,0.8844886,0.22765401,0.71476551,0.46382652,-0.52342656,-0.00235025,-0.00287765,-0.00871761
-0.56903621,-0.05021879,-0.82077738,-0.40715825,0.88439918,0.22816709,0.71443655,0.4640217,-0.52370213,0.00199251,-0.00204128,-0.00729621
-0.56941607,-0.05006261,-0.82052348,-0.40712965,0.88430562,0.22858038,0.71415019,0.46421684,-0.52391979,,,
-0.56964236,-0.04989445,-0.82037676,-0.40709396,0.88424096,0.22889393,0.71399019,0.46435812,-0.52401283,,,
-0.57001767,-0.04965203,-0.8201305,-0.40693181,0.88421049,0.22929954,0.71378279,0.46444209,-0.52422057,,,
-0.57034765,-0.04956534,-0.81990666,-0.4069063,0.88414281,0.22960565,0.71353411,0.46458021,-0.52443723,,,
-0.57047396,-0.04950237,-0.81982248,-0.40690617,0.88410219,0.22976221,0.71343308,0.4646642,-0.52450009,,,
-0.57075782,-0.04950506,-0.81962479,-0.40707482,0.88394117,0.2300828,0.71310984,0.46497017,-0.52466861,,,
-0.57101469,-0.04943261,-0.81945021,-0.40723629,0.88376838,0.23046053,0.71281191,0.46530621,-0.52477548,,,
-0.5711945,-0.04942061,-0.81932534,-0.40733653,0.88366645,0.23067408,0.71261025,0.465501,-0.52487621,,,
-0.571501063,-0.0493458643,-0.81911628,-0.407436429,0.883523684,0.231044265,0.712307553,0.465779864,-0.525040026,-0.000521988492,-0.00139474869,0.00504897721
-0.57188001,-0.04919083,-0.81886119,-0.40740628,0.88342966,0.23145663,0.71202072,0.46597458,-0.52525642,-0.00181932,-0.0023821,0.00539944
-0.57200632,-0.04912811,-0.81877683,-0.40740584,0.88338886,0.2316131,0.71191963,0.46605855,-0.5253191,-0.00412937,-0.00454867,0.00705747
-0.57238449,-0.04907277,-0.81851553,-0.40728895,0.88337957,0.2318539,0.71168218,0.46608195,-0.52561956,-0.00235031,-0.00595933,0.00168882
-0.57270927,-0.04893331,-0.81829671,-0.40710033,0.88340329,0.23209467,0.71152885,0.46605165,-0.52585401,,,
-0.57288508,-0.04886804,-0.81817765,-0.40703834,0.88339273,0.23224359,0.7114229,0.46607854,-0.52597368,-0.00280132,-0.00512648,-0.00138287
-0.57319054,-0.0488933,-0.81796187,-0.40705095,0.88333472,0.23244196,0.71116925,0.46618579,-0.52622114,,,
-0.57326713,-0.04886648,-0.81790997,-0.40708293,0.88329189,0.23254872,0.7110894,0.46626976,-0.52625491,-0.0051961,0.00442857,0.00792235
-0.57336642,-0.04872877,-0.81784869,-0.40707524,0.88323926,0.23276201,0.71101387,0.46638387,-0.52625601,-0.00964105,0.00293523,0.00657912
-0.57368668,-0.04827079,-0.81765126,-0.40695484,0.88312784,0.23339447,0.71082446,0.46664243,-0.52628271,-0.00375533,-0.00362211,0.00980163
-0.57420484,-0.04773627,-0.81731878,-0.40664576,0.88308066,0.23411061,0.71058284,0.46678667,-0.52648093,-0.00173327,-0.00471908,0.00543425
-0.57449786,-0.04743497,-0.81713049,-0.40631657,0.88315537,0.23440019,0.71053441,0.46667605,-0.52664449,,,
-0.575182,-0.04679382,-0.81668597,-0.40556333,0.88333668,0.23502061,0.71041117,0.46639752,-0.52705721,0.00324692,-0.00655842,0.00273771
-0.57591901,-0.04630299,-0.81619447,-0.40482347,0.88354147,0.23552586,0.71023611,0.46605848,-0.52759287,0.00714513,-0.00768262,0.00374341
-0.57636311,-0.04611334,-0.81589151,-0.40441312,0.88367177,0.23574185,0.71010945,0.46583017,-0.52796464,0.00318801,-0.0090543,0.00239015
-0.57725098,-0.0457669,-0.81528326,-0.40356321,0.88396049,0.23611562,0.70987192,0.46531628,-0.5287369,0.00410781,-0.00367391,0.00089068
-0.57815968,-0.04547388,-0.81465547,-0.40252916,0.88438036,0.23630838,0.70971944,0.46454656,-0.52961763,0.00195958,-0.00350636,-0.00323205
-0.578575463,-0.045307521,-0.814369321,-0.402024714,0.884583167,0.236407976,0.709666324,0.464176507,-0.530012844,0.000774405664,-0.00563764572,-0.00178505701
-0.5794823,-0.04501353,-0.81374057,-0.40098957,0.88500212,0.23659794,0.70951201,0.46340588,-0.530893,0.00437118,-0.00229985,-0.00175391
-0.58021389,-0.04475123,-0.81323371,-0.40004576,0.88540292,0.23669611,0.70944706,0.46266509,-0.5316256,0.00436758,-0.00736159,0.00110763
-0.580557324,-0.0447307776,-0.812989921,-0.399613844,0.885613416,0.236638272,0.709409776,0.462264052,-0.532024406,0.00145702134,-0.00562089682,-0.000198051217
-0.58109131,-0.04464392,-0.81261286,-0.39877278,0.88603447,0.23648083,0.70944556,0.46146488,-0.5326697,0.00320257,-0.00209844,-0.00419232
-0.5815003,-0.04455338,-0.81232525,-0.39799042,0.88643923,0.23628183,0.70954981,0.46069564,-0.5331965,,,
-0.58174,-0.04441818,-0.81216093,-0.39757678,0.88662309,0.23628834,0.70958513,0.46035476,-0.53344374,,,
-0.58252928,-0.04393128,-0.81162157,-0.39620472,0.88722153,0.2363467,0.70970511,0.45924719,-0.53423829,0.00446101,-0.00224143,-0.00326544
-0.58267089,-0.0438348,-0.81152526,-0.39588574,0.88737313,0.23631212,0.70976702,0.45896345,-0.53440007,-0.00120665,-0.00478661,-0.00594219
-0.58298028,-0.043651,-0.81131261,-0.39531202,0.88763207,0.23629997,0.70983235,0.45847995,-0.53472774,0.0022646,-0.0026688,-0.00645532
-0.583116633,-0.0435655097,-0.811219423,-0.394773127,0.88792942,0.23608371,0.710020481,0.457911985,-0.534964902,0.00014473754,-0.00051766634,-0.00642195717
-0.58313316,-0.04349856,-0.81121098,-0.39448413,0.88809311,0.23595101,0.71016734,0.45760079,-0.53503602,0.00299197,-0.0021795,-0.00519449
-0.583188255,-0.0432868351,-0.811182841,-0.393837064,0.888437824,0.235734157,0.710481329,0.456951284,-0.535174458,0.000855201157,-0.00273633003,-0.00662159361
-0.583188707,-0.0430238298,-0.811196382,-0.393089014,0.8888419,0.235459302,0.710894962,0.45618966,-0.535274738,-0.000897978549,0.000737905502,-0.00709662773
-0.583227194,-0.0428789453,-0.811176742,-0.392730645,0.889022623,0.235375095,0.711061847,0.455851063,-0.535342059,0.000296304002,-0.00333708525,-0.00527338916
-0.58327041,-0.04249289,-0.81116597,-0.39181498,0.88948889,0.23513943,0.71153137,0.4549768,-0.53546191,0.00255125,-0.01362062,0.00595158
-0.58330734,-0.04208544,-0.8111605,-0.39070695,0.89007137,0.23477869,0.71210997,0.45387418,-0.53562824,-0.00664743,0.00781673,-0.01231374
-0.58358073,-0.04141068,-0.81099842,-0.38929827,0.89072204,0.23465101,0.7126571,0.45265814,-0.53592931,-0.00384117,0.00277573,0.00262161
-0.58399472,-0.04103284,-0.81071947,-0.38820324,0.89123138,0.23453112,0.71291514,0.45168895,-0.53640348,-0.00869572,-0.00567335,0.01745046
-0.58434407,-0.0407575,-0.81048156,-0.38743108,0.89157656,0.234496,0.71304887,0.45103219,-0.53677818,-0.00711709,-0.00727516,0.02573532
-0.58562885,-0.04031899,-0.80957587,-0.38521719,0.89261227,0.23420299,0.71319452,0.4490186,-0.53827106,-0.01723593,-0.01137286,0.04668174
-0.58796515,-0.03968165,-0.80791249,-0.38152695,0.89431857,0.23373383,0.7132562,0.44566768,-0.54096778,-0.02213054,-0.01358312,0.05673944
-0.58970614,-0.03926828,-0.8066629,-0.37897559,0.89547516,0.23345615,0.71317917,0.44337599,-0.54294894,-0.01766343,-0.01778895,0.05594352
-0.59403018,-0.03876785,-0.80350786,-0.37315837,0.89815246,0.23254027,0.71265746,0.43797169,-0.54799619,-0.00436709,-0.0060721,0.03161953
-0.59913203,-0.03869726,-0.79971459,-0.367363,0.90077182,0.23163454,0.71139675,0.43256521,-0.5538972,0.00516573,-0.00843817,0.005497
-0.60168579,-0.03878195,-0.79779088,-0.36448914,0.90209053,0.23104187,0.71071935,0.4298007,-0.55691066,0.00666798,-0.01054317,-0.0009604
-0.60653051,-0.03911508,-0.79409732,-0.35890311,0.90470313,0.22956654,0.70944281,0.42424315,-0.56276856,0.01124736,-0.01821762,-0.00621666
-0.610716929,-0.0393172293,-0.790872264,-0.353054966,0.907518026,0.22751532,0.708785563,0.418168847,-0.568117763,-0.000328929164,-0.0100864768,-0.0172093604
-0.612518835,-0.0393950066,-0.789473735,-0.350148787,0.908944533,0.226308786,0.708672401,0.415051651,-0.570539763,0.00317195058,5.3524971e-05,-0.0263944361
-0.61548893,-0.03936016,-0.787162,-0.34493162,0.91147594,0.22412893,0.70865747,0.40946597,-0.57457991,-0.00638428,0.01163071,-0.0360629
-0.6175712,-0.03905839,-0.78554441,-0.34064495,0.9135133,0.22238359,0.70891931,0.40492948,-0.57746454,-0.00260014,0.01079339,-0.02796823
-0.61837954,-0.03872304,-0.78492482,-0.33871373,0.91438849,0.2217356,0.70913994,0.40298163,-0.57855514,-0.00677783,0.01065844,-0.02255537
-0.61967928,-0.03753499,-0.783957,-0.33484796,0.91603187,0.2208222,0.70984104,0.39934537,-0.58021448,-0.00910947,0.00331646,-0.01758594
-0.62047604,-0.035821,-0.78340679,-0.33125895,0.9174337,0.22041533,0.71082828,0.39627297,-0.58111165,-0.01195981,0.01213259,-0.0259054
-0.6207166,-0.03497924,-0.78325412,-0.32979666,0.91797291,0.22036309,0.71129792,0.39509768,-0.58133704,-0.00938424,0.01227182,-0.02301712
-0.62088289,-0.03300745,-0.78320801,-0.32724817,0.9188032,0.22070185,0.71232921,0.39333342,-0.58127081,-0.00907175,0.00819606,-0.00326395
-0.62107677,-0.03071879,-0.78314734,-0.32469845,0.91953123,0.22143446,0.71332623,0.39181457,-0.58107382,-0.01142655,-0.0046286,-0.00536907
-0.62122465,-0.02952974,-0.78307577,-0.32332301,0.91992621,0.22180621,0.71382204,0.39097794,-0.58102847,-0.00946935,-0.00163239,-0.01051737
-0.62155322,-0.02724976,-0.78289793,-0.32077528,0.92062022,0.22262444,0.7146852,0.38950722,-0.58095552,-0.010766,0.0173586,-0.02546923
-0.62199239,-0.02526277,-0.78261545,-0.31884213,0.92103765,0.22367237,0.7151677,0.38865335,-0.58093323,-0.00117549,0.00930232,-0.02883324
-0.62224995,-0.02439883,-0.78243807,-0.31805151,0.92117983,0.22421182,0.71529565,0.38837147,-0.58096418,-0.00119135,0.00349694,-0.0277785
-0.622875453,-0.0227721978,-0.78198935,-0.316678003,0.921360177,0.225411746,0.71536072,0.388042317,-0.581104082,0.0006464459,-1.8954277e-05,-0.0248195101
-0.62354992,-0.0214592,-0.78148877,-0.31553124,0.92149687,0.22645869,0.71527983,0.38779247,-0.58137034,0.00233963,-0.0012719,-0.0235365
-0.623912339,-0.0209275581,-0.781213856,-0.315100641,0.921519058,0.22696739,0.715153576,0.387768807,-0.581541385,0.00333597185,0.000599622726,-0.0178384986
-0.624457712,-0.0200785047,-0.780800616,-0.31431945,0.921609443,0.227682513,0.7150217,0.387598887,-0.581817196,-0.00120223616,0.000876367092,-0.00695358636
-0.62509059,-0.01921799,-0.78031537,-0.31340965,0.92175086,0.22836313,0.71486768,0.38730608,-0.58220089,0.00218247,0.00282246,-0.00477839
-0.62545147,-0.0187819,-0.78003697,-0.31289056,0.92184708,0.22868637,0.71477964,0.38709844,-0.58244729,0.00739019,-0.00770599,-0.00866774
-0.62599337,-0.01802827,-0.77961975,-0.31202015,0.92201086,0.22921471,0.71468552,0.38674402,-0.58279786,0.00441948,-0.00553131,-0.00848744
-0.62629273,-0.01764505,-0.77938827,-0.31166601,0.92204209,0.22957066,0.71457801,0.38668727,-0.58296762,-0.00580207,0.00860125,-0.01612698
-0.62638165,-0.01750639,-0.77931994,-0.31165448,0.92199328,0.22978224,0.71450509,0.38680992,-0.58297561,-0.00621397,0.00601107,-0.01069004
-0.62651506,-0.01717143,-0.7792202,-0.31175356,0.92181939,0.23034481,0.71434494,0.38723915,-0.58288699,-0.00813561,0.00207645,-0.00383346
-0.626575575,-0.0167058413,-0.779181703,-0.311966288,0.921556385,0.231107923,0.714199024,0.387884972,-0.582636387,-0.00863448717,-0.00390064716,-0.0007891024
-0.62661993,-0.01647788,-0.77915079,-0.31210579,0.92140573,0.23151988,0.71409905,0.38825244,-0.58251404,-0.00741643,0.00391299,-0.00322831
-0.626562889,-0.0158876274,-0.779208683,-0.312495861,0.921026835,0.232499224,0.713978239,0.389174942,-0.582046039,-0.000514888612,-0.00757133961,-0.00276041985
-0.62639249,-0.01506865,-0.77936209,-0.31279404,0.92064703,0.23359995,0.71399735,0.39010509,-0.58139977,0.0018074,-0.0112164,-0.00174611
-0.626164916,-0.0145157382,-0.779555509,-0.312697835,0.920571052,0.23402778,0.71423915,0.390305305,-0.580968335,0.011987621,-0.0174341798,0.000312797492
-0.62527413,-0.01325134,-0.7802926,-0.31225037,0.92058169,0.2345827,0.71521455,0.39032517,-0.57975365,0.00310859,0.00293332,-0.00672878
-0.62407571,-0.01169301,-0.7812763,-0.31182917,0.92053917,0.23530875,0.71644397,0.39047524,-0.57813235,-0.00176342,0.00528783,0.00260291
-0.623482889,-0.010827005,-0.781761934,-0.31162649,0.920485951,0.235784942,0.717048029,0.390625631,-0.577281215,-0.00139150443,-0.00555950403,-0.000912692281
-0.62206352,-0.00879732,-0.78291739,-0.31089287,0.92050555,0.2366752,0.7185977,0.39063043,-0.57534795,0.00252368,-0.00456196,0.00951937
-0.62066885,-0.00673919,-0.78404375,-0.30989814,0.92065179,0.23740982,0.72023133,0.39032661,-0.57350834,0.00617634,-0.00934637,0.0139018
-0.61999822,-0.00586372,-0.7845812,-0.3093357,0.92080114,0.23756404,0.72105025,0.38998829,-0.57270892,0.00645979,-0.01433843,0.01962839
-0.61885724,-0.00452994,-0.78549046,-0.30835535,0.92111314,0.23762904,0.72244914,0.38926863,-0.57143437,0.0038344,-0.01216608,0.01758632
-0.61806519,-0.00368418,-0.78611814,-0.30746542,0.92146489,0.23741831,0.72350557,0.38844416,-0.57065813,0.00334899,-0.00778013,0.01713074
-0.61781528,-0.00353083,-0.78631527,-0.30714895,0.92162886,0.23719139,0.72385337,0.3880564,-0.57048088,0.00523005,-0.00300139,0.01160564
-0.61757733,-0.00443847,-0.78649781,-0.30680519,0.92212405,0.23570706,0.72420237,0.3868689,-0.57084467,-0.00123029,-0.00532556,0.00140452
-0.61764992,-0.00489653,-0.78643784,-0.30675412,0.9222768,0.23517525,0.72416183,0.38649905,-0.57114622,0.00174299,-0.00482547,0.00538205
-0.61797384,-0.0057583,-0.78617765,-0.30642435,0.92265827,0.23410648,0.72402526,0.38557563,-0.57194316,0.00506004,0.00677544,-0.01830649
-0.61825272,-0.00659357,-0.78595169,-0.30618862,0.92298781,0.23311377,0.72388678,0.38477269,-0.5726586,-0.0010789,0.00834221,-0.02738237
-0.618398927,-0.00699074024,-0.785833109,-0.30619968,0.9230766,0.232747366,0.723757074,0.38455261,-0.572970133,0.000276884064,0.0148577094,-0.0244893841
-0.61851441,-0.00757726,-0.78573679,-0.30632621,0.92316477,0.23223061,0.72360484,0.38432979,-0.57331181,-0.00147422,0.0078519,-0.02396897
-0.618483605,-0.00779871022,-0.785758729,-0.306411947,0.923189463,0.232019211,0.72359472,0.384266022,-0.573367149,0.000597743317,0.00450855494,-0.0183348767
-0.618439108,-0.0078684649,-0.78579315,-0.306417146,0.923214284,0.23191357,0.723630651,0.38420497,-0.57336284,-0.00114356657,0.00016528368,-0.0125752762
-0.61826369,-0.00768706,-0.785933,-0.30613183,0.92333963,0.23179132,0.72390129,0.3839073,-0.57322061,-0.00301585,-0.00819552,-0.00461727
-0.61801683,-0.00726681336,-0.786131039,-0.305330346,0.923678738,0.231497192,0.724450272,0.383098895,-0.573067771,0.000154452995,-0.0070348978,0.000857670384
-0.61784122,-0.00714997,-0.78627035,-0.30498553,0.9238539,0.23125266,0.72474548,0.38267852,-0.57297565,,,
-0.61753251,-0.00707702,-0.78651344,-0.30444336,0.92416618,0.23071868,0.72523631,0.38192511,-0.57285721,,,
-0.61737057,-0.00724086,-0.78663914,-0.30406002,0.9244408,0.23012326,0.72553502,0.38125684,-0.5729242,-0.0013026,-0.00357622,0.0035518
-0.617370645,-0.00740164812,-0.786637658,-0.303911723,0.924565697,0.229817191,0.72559717,0.380950774,-0.573049172,0.000839988585,-0.006752491,0.00448626047
-0.617295486,-0.00798276497,-0.786690853,-0.303735087,0.924839268,0.228948295,0.725734951,0.380274375,-0.573323749,-0.00540080154,0.000655114651,-0.00610669469
-0.61708546,-0.0087792,-0.78684729,-0.30393387,0.92499844,0.22803968,0.72583052,0.37986947,-0.57347139,,,
-0.616935984,-0.00910017896,-0.786960572,-0.303991161,0.925083996,0.227615824,0.725933282,0.379653494,-0.573483971,-0.0085120881,-0.000514864922,-0.00194775546
-0.61665137,-0.00976518,-0.78717568,-0.30430503,0.92515489,0.2269072,0.72604363,0.37946418,-0.57346961,-0.00689111,0.00226647,0.00552651
-0.61665137,-0.00976518,-0.78717568,-0.30430503,0.92515489,0.2269072,0.72604363,0.37946418,-0.57346961,-0.00689111,0.00226647,0.00552651
-0.61605627,-0.01023493,-0.78763551,-0.30455407,0.92524938,0.22618661,0.72644426,0.37922133,-0.57312276,-0.01300409,0.00485724,0.01114305
-0.61594023,-0.00990615,-0.7877304,-0.30419008,0.92536226,0.22621465,0.72669506,0.37895454,-0.57298118,-0.0106978,0.00199252,0.01826449
-0.61603362,-0.00933309,-0.78766449,-0.30348378,0.9255517,0.22638823,0.72691131,0.37850618,-0.5730034,-0.00642866,-0.00417483,0.01233471
-0.61613935,-0.00907736,-0.78758469,-0.30307025,0.92567759,0.22642749,0.72699413,0.37820442,-0.57309746,-0.00582788,-0.00945187,0.01179856
-0.61642581,-0.00846751,-0.78736755,-0.3019743,0.92602889,0.22645533,0.72720759,0.37735765,-0.57338508,-0.00977638,-0.01113111,0.01050204
-0.61697822,-0.00779103,-0.78694166,-0.30052153,0.92650458,0.22644222,0.72734083,0.37620282,-0.57397452,-0.00612088,-0.00488639,0.00697297
-0.61727607,-0.00749813,-0.78671082,-0.29971784,0.92679129,0.22633407,0.72741965,0.3755019,-0.5743334,-0.00486896,-0.00444353,0.00163652
-0.617988859,-0.00687639851,-0.786156724,-0.29807869,0.927351307,0.226204871,0.72748799,0.374128673,-0.575142481,-0.000901106047,0.00491422415,-0.00882493798
-0.618670148,-0.00631469294,-0.785625629,-0.296673257,0.927810678,0.226168824,0.727483665,0.372997966,-0.575882179,0.000372463837,0.0077431798,-0.0137047358
-0.61898029,-0.00601149,-0.78538345,-0.29609831,0.92797219,0.22625959,0.72745384,0.37260096,-0.57617648,-0.00244313,0.00322777,-0.01585892
-0.619393346,-0.00548412007,-0.785061583,-0.295078586,0.928281046,0.226324817,0.727516593,0.37183897,-0.576589345,0.000741316006,0.00559777021,-0.00916835759
-0.6196437,-0.00509946,-0.78486658,-0.29442716,0.92846597,0.22641462,0.72756732,0.37138245,-0.57681951,0.00410203,0.00338155,-0.01572512
-0.61974668,-0.00494463,-0.78478621,-0.29428507,0.92847864,0.22654734,0.72753704,0.37135287,-0.57687668,-0.00200019,0.0022617,-0.01579845
-0.61982045,-0.00474923,-0.78472952,-0.29410496,0.92850333,0.22668008,0.72754742,0.37129373,-0.57690213,-0.00379946,0.0043295,-0.01448597
-0.619760883,-0.00460369151,-0.784777107,-0.294088455,0.928478432,0.226803387,0.727604482,0.371357781,-0.5767885,-0.00028020516,0.00649672747,-0.016336957
-0.61968711,-0.004569,-0.78483564,-0.29411489,0.92846581,0.22682081,0.72765671,0.37138978,-0.5767021,0.00225623,0.00177264,-0.01307622
-0.619524691,-0.00448165234,-0.784964225,-0.294330036,0.928354662,0.226996566,0.727707874,0.37166857,-0.576457711,0.00201701699,0.000873684883,-0.0212637745
-0.6190527,-0.0046976,-0.78533502,-0.2951205,0.92808278,0.22708198,0.72778916,0.37234428,-0.57591848,0.00344534,0.00626057,-0.01660219
-0.618758161,-0.00482557143,-0.785566906,-0.295712551,0.927860362,0.227220709,0.727799929,0.372896604,-0.575548164,0.00163506437,0.000740885735,-0.0207308084
-0.61796005,-0.00532592,-0.78619146,-0.29723954,0.92733981,0.2273533,0.72785577,0.37418244,-0.57464203,-0.0028558,0.00494701,-0.02193085
-0.61695261,-0.00590888,-0.78697832,-0.29925797,0.92661851,0.22764627,0.72788354,0.37595644,-0.573448,-0.00340507,0.00388128,-0.01750998
-0.61640273,-0.0061894,-0.78740653,-0.30034579,0.92621928,0.22783816,0.72790092,0.37693436,-0.57278304,-0.00456398,0.00405127,-0.01430748
-0.615345873,-0.00661421827,-0.788229531,-0.302575186,0.925343526,0.228446097,0.727872103,0.379072044,-0.571407622,-0.00562820118,1.66893005e-05,-0.0131039172
-0.614240589,-0.00704270905,-0.789087398,-0.30486711,0.92443816,0.229063603,0.727849274,0.381266952,-0.569974532,-0.00410361681,0.000131547451,-0.00425555743
-0.613701863,-0.00714536601,-0.78950539,-0.305969873,0.923971535,0.229475553,0.727840817,0.382394478,-0.569229311,-0.00846336409,-0.00015860796,-0.00205123192
-0.61268149,-0.00739835,-0.79029546,-0.30827962,0.92298439,0.23035515,0.72772613,0.38476628,-0.56777622,-0.0048366,0.0023157,0.00564126
-0.61180629,-0.00772036,-0.79096984,-0.31053442,0.92201791,0.23119544,0.72750344,0.38707022,-0.56649379,-0.00753797,-0.00124151,0.00693735
-0.61145802,-0.00785392,-0.79123788,-0.31154759,0.92157143,0.23161218,0.72736316,0.38812939,-0.56594911,-0.00493964,-0.00204849,0.01275208
-0.61095383,-0.00815402,-0.79162431,-0.3134854,0.92070148,0.23245581,0.72695422,0.3901824,-0.56506227,-0.00272676,-0.00602204,0.0155178
-0.61079306,-0.00845795,-0.79174495,-0.3150103,0.91999575,0.23318728,0.7264297,0.39183704,-0.56459136,-0.00228206,-0.0104962,0.01611777
-0.61074289,-0.00866505,-0.7917814,-0.31561532,0.91973811,0.23338546,0.72620922,0.3924369,-0.56445833,-0.00379547,-0.01270801,0.01241443
-0.61071641,-0.00917978,-0.79179609,-0.31673906,0.91928588,0.23364465,0.72574216,0.3934834,-0.56433056,0.00277127,-0.00625497,0.00714796
-0.61065396,-0.01004964,-0.7918339,-0.31818729,0.91876594,0.23372205,0.72516121,0.39467475,-0.56424573,,,
-0.61052129,-0.01058485,-0.79192889,-0.31920987,0.91838794,0.23381325,0.72482305,0.39553956,-0.56407416,-0.00540183,0.00147915,0.00171454
-0.61035933,-0.01104663,-0.79204763,-0.32022409,0.91799628,0.23396446,0.72451225,0.39643513,-0.56384499,-0.00257665,0.00453216,0.00131857
-0.61021983,-0.01119549,-0.79215313,-0.32065623,0.91782625,0.23403968,0.72443874,0.39682446,-0.56366569,-0.00665203,-0.003811,0.00264353
-0.609956566,-0.011349928,-0.792353507,-0.321507388,0.917447757,0.234355731,0.724283025,0.39769434,-0.563252365,-0.00686667161,0.00210756063,0.000578613952
-0.60970943,-0.01132888,-0.79254397,-0.32237494,0.91700472,0.23489727,0.72410544,0.39871542,-0.56275856,-0.00476942,0.00585562,-0.00318814
-0.609643671,-0.0113843401,-0.792593609,-0.322898063,0.916743593,0.235197805,0.723927533,0.399313866,-0.562562896,-0.000478245784,0.00723904371,-0.00520373089
-0.60921469,-0.01148347,-0.79292211,-0.32523171,0.91555158,0.23662127,0.72324386,0.40203659,-0.56150226,,,
-0.609193972,-0.0114695006,-0.792938221,-0.325748949,0.915263052,0.237025654,0.723028487,0.402693418,-0.561308907,-0.00737454835,-0.00150126219,-0.000852415804
-0.60918121,-0.01157968,-0.79294643,-0.32673197,0.91474971,0.23765349,0.72259557,0.40385501,-0.56103178,,,
-0.60934573,-0.0117717246,-0.792817122,-0.327727477,0.914222263,0.238311439,0.722005722,0.405042057,-0.560935341,-0.00214462774,-1.48415565e-05,-0.00750127016
-0.609485682,-0.0119505485,-0.79270699,-0.328299168,0.913931379,0.238640084,0.721627912,0.405692763,-0.560951444,-0.000788660021,-0.00115054846,-0.00696184346
-0.609776326,-0.0124285288,-0.792475908,-0.329550407,0.913321064,0.239251224,0.720811392,0.40705055,-0.561017377,-0.000550896279,-0.00670856237,-0.00594615703
-0.610015129,-0.0131749649,-0.792280047,-0.33098588,0.912693302,0.239664906,0.71995111,0.408432786,-0.561117438,0.00179175602,-0.000522315502,-0.00571100973
-0.61014809,-0.01355316,-0.79217118,-0.33173617,0.91235874,0.23990129,0.71949287,0.40916723,-0.56116999,-0.00315794,-0.00275141,-0.00449197
-0.61025878,-0.01449977,-0.79206948,-0.33341075,0.91167191,0.24019079,0.71862479,0.410663,-0.56119016,,,
-0.61030952,-0.01536431,-0.79201386,-0.3350097,0.91100955,0.24047887,0.71783739,0.41209892,-0.56114498,0.00092164,-0.0014478,0.00687262
-0.610354314,-0.015651273,-0.791973633,-0.335618164,0.91073924,0.240654237,0.71751491,0.412685172,-0.561126458,0.000443006866,-0.0174797177,0.0126476213
-0.61068479,-0.01590092,-0.79171404,-0.33606934,0.91049758,0.24093889,0.71702256,0.41320856,-0.56137083,-0.00483095,-0.01648432,0.00984891
-0.61107912,-0.01580762,-0.79141169,-0.33568454,0.91062174,0.2410061,0.71686695,0.41293846,-0.56176831,-0.00348174,0.00276738,-0.01584515
-0.6112333,-0.01568256,-0.79129497,-0.33545119,0.91069097,0.24106939,0.71684459,0.41279051,-0.56190537,0.00282049,-0.01508009,0.00176902
-0.61149042,-0.01557148,-0.79109867,-0.33528624,0.91070701,0.24123824,0.71670267,0.41275935,-0.56210952,-0.00506363,0.0282802,-0.04109184
-0.611672034,-0.0155238925,-0.790959174,-0.335993704,0.910252401,0.241968599,0.716216194,0.41376271,-0.561991871,-2.2794964e-05,-0.012937367,0.000969328335
-0.61169885,-0.01563378,-0.79093609,-0.33690487,0.90975402,0.24257517,0.71576492,0.41485321,-0.56176258,0.00443453,-0.00376582,-0.00162737
-0.6116581,-0.01566871,-0.79096719,-0.33751757,0.90941657,0.24298851,0.71551136,0.41559116,-0.56154049,,,
-0.6116056,-0.01571181,-0.79100655,-0.33790573,0.90921352,0.24320871,0.71537259,0.41603353,-0.56138917,-0.00093176,-0.00525534,0.00274866
-0.611398943,-0.0158156976,-0.791164399,-0.338585075,0.908887054,0.243484014,0.715228208,0.416742344,-0.561047539,0.00257503614,-0.0071451664,0.000131239009
-0.61114605,-0.01598823,-0.79135624,-0.33926983,0.90858622,0.24365354,0.71511979,0.41739123,-0.5607032,,,
-0.610973699,-0.016127318,-0.791486472,-0.339632263,0.908448404,0.243662493,0.715094995,0.41768576,-0.56051543,-0.00397017132,-0.000403821468,-0.00797730405
-0.61055477,-0.0163683,-0.79180501,-0.34038377,0.90815873,0.24369371,0.71509578,0.41830589,-0.56005216,,,
-0.61007166,-0.01669222,-0.79217049,-0.34126981,0.90782668,0.24369171,0.71508575,0.41901325,-0.55953589,,,
-0.60982461,-0.01676192,-0.79235927,-0.34168759,0.90764777,0.24377271,0.71509703,0.41939788,-0.5592333,0.001661,-0.00516593,0.00245163
-0.609336959,-0.0167347028,-0.792734836,-0.342314836,0.907359325,0.243966422,0.715212642,0.420022632,-0.558616113,-0.00140732538,-0.0049136281,0.000247342628
-0.60884872,-0.016803535,-0.793108136,-0.342855062,0.907151315,0.243981304,0.715369332,0.420468918,-0.558079078,-0.000383414445,-0.00323611498,-0.00534007233
-0.60856235,-0.01674328,-0.7933293,-0.34309899,0.90704119,0.24404784,0.71549619,0.42070884,-0.55773572,,,
-0.60795344,-0.01677921,-0.7937953,-0.34372931,0.90679162,0.24408835,0.71571131,0.42124508,-0.55705459,-0.00164475,0.0013395,0.00636212
-0.607390381,-0.0167460401,-0.794227162,-0.344354008,0.906515538,0.244233317,0.715889329,0.421840214,-0.556375397,-0.00529390806,0.000344753265,0.00582278799
-0.60710324,-0.01671758,-0.7944472,-0.34456885,0.9064322,0.24423963,0.71602943,0.42202039,-0.55605829,-0.00744694,-0.00538027,0.00979948
-0.606741194,-0.0165554399,-0.794726813,-0.344897402,0.906254197,0.244436275,0.716177752,0.42240884,-0.555571667,-0.000378021738,-0.00401359797,0.00648308313
-0.60645388,-0.0164625,-0.79494801,-0.34517021,0.9061168,0.24456053,0.71628966,0.42270713,-0.5552004,-0.00151784,-0.0038144,0.00817284
-0.606408054,-0.0164347701,-0.794983868,-0.345262717,0.906062055,0.244632826,0.716284237,0.422825569,-0.555117649,-0.0044675027,-0.000521600246,0.00792446546
-0.60636166,-0.01637489,-0.79502024,-0.34538412,0.90598032,0.24476407,0.71626471,0.42300296,-0.55500735,-0.00266964,-0.00209171,0.00905313
-0.60652851,-0.01633878,-0.79489379,-0.34528842,0.9059954,0.2448433,0.71616968,0.42297208,-0.55515363,-0.00226727,-0.0044269,0.00552012
-0.60664932,-0.01637141,-0.79480115,-0.34519827,0.90603676,0.24481742,0.71611105,0.42288224,-0.55529798,-0.00206032,-0.00477165,0.00417262
-0.60699294,-0.01648341,-0.79453609,-0.34505661,0.90609233,0.24481137,0.71588773,0.42275876,-0.55567934,0.00601992,-0.00557703,0.00592133
-0.60739324,-0.01671087,-0.7942254,-0.34495946,0.90614696,0.24474609,0.71559501,0.42263273,-0.5561521,0.00229344,-0.0084151,0.00634455
-0.607570237,-0.0168589997,-0.794086873,-0.344913612,0.906187468,0.244660706,0.715466832,0.42253998,-0.556387423,-0.000463983044,-0.00869095325,0.0085451277
-0.607941816,-0.0171732078,-0.793795477,-0.344663936,0.906364035,0.24435829,0.715271242,0.422148414,-0.556935557,0.000482314732,-0.00516569614,0.0105603067
-0.60813677,-0.017532,-0.79363856,-0.34428648,0.90666166,0.24378565,0.7152876,0.42149408,-0.55741032,-0.00407963,-0.00370491,-0.00092976
-0.60813679,-0.01772477,-0.79363428,-0.34411273,0.90682317,0.24342999,0.71537121,0.42113842,-0.55757184,,,
-0.60786779,-0.01806817,-0.79383272,-0.34385069,0.90713088,0.24265258,0.71572589,0.4204606,-0.55762841,-0.00499924,0.00761443,-0.00794874
-0.60743931,-0.01808911,-0.79415995,-0.34364955,0.90733208,0.24218477,0.71618589,0.42002531,-0.55736548,-0.00612891,0.00292963,-0.01100164
-0.607205572,-0.0179867204,-0.794340891,-0.343505507,0.907427062,0.242033201,0.716453027,0.419824465,-0.557173286,-0.00366252754,0.000890314579,-0.00887072645
-0.60666371,-0.0177129,-0.79476123,-0.34327301,0.90757648,0.24180276,0.71702357,0.41951304,-0.55667407,-0.01139337,0.00115132,-0.00846337
-0.606053439,-0.0172365305,-0.795237003,-0.342858638,0.907782257,0.241618117,0.717737377,0.419087416,-0.556074241,-0.00667014951,-0.000890314579,-0.00189769967
-0.60580868,-0.01704693,-0.79542779,-0.3425772,0.90793233,0.24145343,0.71807857,0.41876998,-0.55587318,-0.0047372,-0.00388628,-0.00468977
-0.605427958,-0.0165485323,-0.795728043,-0.341844813,0.908274935,0.241202749,0.718748284,0.418046395,-0.555552068,-0.00637664599,-0.000410735607,-0.00579563947
-0.605028987,-0.0161613388,-0.7960395,-0.341153844,0.908629217,0.240846445,0.71941235,0.417290985,-0.555260524,-0.00735968864,-5.07235527e-05,-0.00991456769
-0.6049323,-0.016014,-0.79611583,-0.34084764,0.9087791,0.24071442,0.71963862,0.41697014,-0.55520816,-0.00653539,-0.00308985,-0.00754966
-0.60469257,-0.01575651,-0.79630296,-0.34026911,0.90907804,0.24040389,0.72011361,0.41632779,-0.55507418,-0.00455739,-0.00165325,-0.01032259
-0.60449262,-0.01556342,-0.79645879,-0.33992315,0.90925456,0.24022575,0.72044505,0.41594944,-0.55492805,-0.00311238,0.00948387,-0.01313751
-0.6043143,-0.01554536,-0.79659424,-0.33985168,0.90932135,0.24007395,0.72062811,0.41580405,-0.55479901,-0.00883189,0.01211029,-0.01307326
-0.60397546,-0.01530152,-0.79685595,-0.33975457,0.9093628,0.24005442,0.72095796,0.41572245,-0.55443157,-0.00766137,0.00232178,-0.00685828
-0.6036648,-0.01493739,-0.79709797,-0.33984078,0.90925728,0.24033187,0.72117719,0.41596639,-0.55396293,-0.01110429,-0.00192547,-0.00957822
-0.60350423,-0.01467925,-0.79722469,-0.33984454,0.90920526,0.24052336,0.72131018,0.41608931,-0.55369789,-0.00490132,-0.00261748,-0.00655801
-0.60318216,-0.01416296,-0.79747759,-0.33985211,0.90910109,0.24090607,0.7215758,0.41633472,-0.55316687,-0.00541063,-0.00526243,-0.0065572
-0.60270999,-0.01367013,-0.79784306,-0.3398252,0.90905001,0.24113669,0.72198286,0.41646272,-0.55253896,-0.00377303,-0.00787687,-0.00521672
-0.602520113,-0.0134353728,-0.797990559,-0.339733574,0.909065014,0.241209234,0.722184562,0.416437614,-0.552294399,-0.00330779608,0.000502645969,-0.00458193943
-0.601989903,-0.0129570677,-0.798398649,-0.339545013,0.909121515,0.241261813,0.722715347,0.416329428,-0.551681486,-0.00376056507,-0.00477546453,0.000243983697
-0.60168428,-0.01252462,-0.79863601,-0.33933507,0.90916493,0.24139357,0.72306849,0.41624786,-0.5512803,,,
-0.60159715,-0.01236825,-0.79870351,-0.33925358,0.90917962,0.24145267,0.7231786,0.41622039,-0.55115582,-0.00493745,0.00291783,0.00243916
-0.60156876,-0.01222961,-0.7987275,-0.33930483,0.90911322,0.24163068,0.72317869,0.41636954,-0.55104368,,,
-0.60167271,-0.01221051,-0.79864952,-0.33940313,0.90903272,0.24179546,0.72304611,0.41654583,-0.55108448,-0.00343957,0.00417346,0.00506893
-0.60177623,-0.01222386,-0.79857093,-0.339472,0.90897894,0.24190085,0.72292719,0.41666274,-0.55115156,-0.00375116,-0.00289309,0.00483508
-0.60207645,-0.01217688,-0.79834543,-0.33954127,0.9088723,0.24220418,0.72264475,0.4168967,-0.55134515,0.00515125,-0.00884026,0.00825374
-0.60238803,-0.01231442,-0.79810831,-0.33965979,0.90879107,0.24234276,0.72232939,0.41706971,-0.55162757,0.002341,-0.00234765,0.00602164
-0.60256679,-0.01236475,-0.79797253,-0.33970179,0.90875073,0.24243512,0.72216046,0.4171561,-0.55178333,,,
-0.602941586,-0.0123873334,-0.797689098,-0.339714699,0.908684308,0.242665915,0.72184158,0.417300104,-0.552091712,0.00119780586,0.000865697861,0.00487959711
-0.60342568,-0.01229039,-0.79732431,-0.33955826,0.90865999,0.24297569,0.72151043,0.41735589,-0.55248206,0.0042933,-0.00461727,0.00413033
-0.60367919,-0.01231312,-0.79713218,-0.33963195,0.90857958,0.24317335,0.7212638,0.41753027,-0.55267251,0.00652708,-0.0036391,0.00171753
-0.60418561,-0.01242351,-0.79674667,-0.33972056,0.90847239,0.24344987,0.72079785,0.41776017,-0.55310646,0.00797832,-0.00679964,0.00418124
-0.60452491,-0.0126676916,-0.796485414,-0.339816815,0.908431096,0.243469645,0.720467916,0.417842632,-0.553473915,0.000990957837,-0.00764238834,0.000805601769
-0.604657095,-0.0128198829,-0.796382685,-0.339834488,0.908443941,0.24339705,0.720348702,0.417810069,-0.553653709,-0.000459166011,-0.00844943523,-0.000523964583
-0.60493881,-0.0130781,-0.79616462,-0.33976954,0.9085106,0.24323887,0.7201429,0.4176571,-0.55403687,,,
-0.60511675,-0.01332251,-0.79602519,-0.33963605,0.90863111,0.24297501,0.72005621,0.41738712,-0.55435271,,,
-0.60514557,-0.0134285,-0.79600167,-0.33961454,0.90867085,0.24285644,0.72004232,0.41729721,-0.55443866,0.00241874,-0.00394493,-0.00290262
-0.60515661,-0.01364516,-0.79598934,-0.33963499,0.90872308,0.24263229,0.72002312,0.41717642,-0.55455414,0.00479727,-0.00152409,-0.00355346
-0.605064445,-0.0138157212,-0.796056398,-0.339616117,0.90880222,0.242362122,0.720109406,0.416998359,-0.554575937,-0.00529633835,0.000468611717,-0.0015729774
-0.60494368,-0.01388024,-0.7961471,-0.33961876,0.90884161,0.24221066,0.72020967,0.41691036,-0.55451197,,,
-0.604776792,-0.0140463336,-0.796271011,-0.339597364,0.908933856,0.241894325,0.720359947,0.416703653,-0.55447219,-0.00770238321,-0.000569403172,-0.000359686557
-0.60465612,-0.01417557,-0.7963605,-0.3395415,0.90902661,0.24162409,0.72048773,0.41649692,-0.55446169,-0.00880938,-0.00405949,0.00147286
-0.6046846,-0.01428164,-0.79633681,-0.33951988,0.90906625,0.24150524,0.72047382,0.41640673,-0.55454725,-0.00881196,-0.00567347,0.00156364
-0.60479938,-0.01457663,-0.7962445,-0.33955054,0.90911789,0.24126769,0.72036325,0.41628378,-0.55478344,-0.00859046,-0.00094396,0.00199849
-0.60504593,-0.01499134,-0.79604952,-0.33962833,0.9091554,0.24101674,0.72011956,0.41618713,-0.55517226,,,
-0.605177697,-0.0151433801,-0.79594635,-0.3396462,0.909168018,0.240943919,0.720000259,0.416154048,-0.555351597,-0.00710883923,-0.00223839283,-0.000115741976
-0.6053667,-0.0155075002,-0.795795528,-0.339621069,0.909259645,0.240633369,0.719853134,0.415940388,-0.555702178,-0.00500127394,0.000723898411,-0.00487872958
-0.605527248,-0.0157978514,-0.795667786,-0.33958824,0.909338359,0.240382152,0.719733718,0.415757357,-0.55599392,-0.00262252195,-0.000727176666,-0.00756660989
-0.605601606,-0.0158669669,-0.79560954,-0.339532373,0.90937848,0.24030923,0.719697207,0.415666931,-0.5561084,-0.00312255253,0.000128805637,-0.00718476716
-0.605573007,-0.015890107,-0.795630812,-0.33943704,0.909445495,0.240190261,0.719766198,0.415519398,-0.556129314,-0.000928545371,-0.000485956669,-0.00853444356
-0.605452334,-0.016019415,-0.79572015,-0.33938119,0.909537768,0.239919653,0.71989415,0.415312425,-0.556118439,-0.0028513975,0.000881433487,-0.00637785764
-0.605331635,-0.0160518628,-0.795811347,-0.339412857,0.909550274,0.239827431,0.719980746,0.415283785,-0.556027753,-0.000363740837,0.00113093853,-0.00782194827
-0.6050615,-0.01607522,-0.79601623,-0.33943929,0.90958898,0.23964315,0.72019527,0.41519809,-0.55581382,,,
-0.604820196,-0.0161401049,-0.796198564,-0.339502602,0.909613914,0.2394588,0.720368406,0.415140977,-0.555632479,-0.00564019522,0.00335508585,-0.000193787622
-0.60469911,-0.01617256,-0.79628961,-0.3395342,0.9096264,0.23936652,0.72045487,0.41511234,-0.5555414,-0.00778255,-0.00118035,-0.00311272
-0.60456057,-0.01625108,-0.79639314,-0.33966628,0.90959787,0.23928752,0.72050881,0.41517177,-0.55542693,,,
-0.604479485,-0.0164446719,-0.79645085,-0.339842966,0.90956826,0.23914918,0.72049368,0.415229026,-0.555403952,-0.00418577436,0.000245392323,-0.00547650177
