0,1,2,3,4,5,6,7,8,9,10,11
-0.43864439,0.32715737,-0.83699411,0.23149079,0.94108307,0.24652519,0.86833352,-0.08561953,-0.48853472,-0.002952,-0.00261962,-0.00659591
-0.43864439,0.32715737,-0.83699411,0.23149079,0.94108307,0.24652519,0.86833352,-0.08561953,-0.48853472,-0.002952,-0.00261962,-0.00659591
-0.438818916,0.327362341,-0.836822465,0.231535759,0.941023308,0.246711014,0.86823334,-0.0854928634,-0.488734916,0.00226824847,-0.000204086304,-0.00554887066
-0.43884802,0.32736736,-0.83680517,0.23161077,0.94101528,0.2466712,0.86819855,-0.08556191,-0.4887845,-0.00349209,0.00444221,-0.00777966
-0.43873287,0.32748225,-0.83682078,0.23161777,0.94097737,0.24680923,0.86825506,-0.08553926,-0.48868842,0.00213707,0.00626624,-0.00177022
-0.43867511,0.32758001,-0.83681274,0.2315794,0.94095063,0.24694714,0.86829442,-0.08545904,-0.4886324,,,
-0.4386175,0.32771819,-0.83678891,0.23149911,0.94091606,0.24715408,0.86834501,-0.0853098,-0.48856872,0.00360833,-0.00374132,0.00320422
-0.438587504,0.327524546,-0.83688037,0.231396363,0.940982459,0.246997447,0.868387474,-0.0853210843,-0.488491137,0.0040445393,0.000759959221,0.004891288
-0.43861651,0.3275699,-0.83684725,0.23142945,0.94096666,0.2470266,0.86836384,-0.08532114,-0.48853284,,,
-0.43861723,0.32775852,-0.83677303,0.23145721,0.94090825,0.247223,0.86835609,-0.08524088,-0.48856065,0.00432638,0.00345969,-0.00377706
-0.4385894,0.32800953,-0.83668925,0.23156342,0.94082282,0.24744857,0.86834183,-0.08521829,-0.48858993,0.00731082,0.00166792,-0.00181193
-0.43856023,0.32792377,-0.83673817,0.23157224,0.94084647,0.24735039,0.86835423,-0.08528728,-0.48855588,,,
-0.43855978,0.32769486,-0.83682829,0.2315864,0.94091269,0.24708511,0.86835087,-0.08543647,-0.48853614,0.00459461,0.00737453,-0.00336059
-0.43844412,0.32776923,-0.83685955,0.23163531,0.94088255,0.24715399,0.86839603,-0.08548299,-0.48844735,,,
-0.43841568,0.32787205,-0.83683424,0.23167187,0.94084776,0.24725218,0.8684007,-0.08547171,-0.48844114,,,
-0.43838705,0.32797485,-0.83680886,0.23170841,0.94081295,0.24735037,0.86840531,-0.08546043,-0.48843474,0.0049362,-0.00125891,0.00237398
-0.43841575,0.32783168,-0.83685008,0.23171378,0.94085556,0.24718321,0.86838954,-0.08554068,-0.48844902,0.00489149,0.00455153,0.00302994
-0.43853108,0.32771687,-0.83683454,0.23170677,0.94089351,0.24704529,0.8683331,-0.08556319,-0.48854526,0.00400967,0.00226104,0.00585545
-0.43896624,0.32792611,-0.83652444,0.23179872,0.94083531,0.24718066,0.86808872,-0.08540133,-0.48900779,-0.00256884,0.00170094,-0.00690499
-0.438995914,0.328200318,-0.836401219,0.231817787,0.940753218,0.24747503,0.868068523,-0.0852521449,-0.48906949,0.000937262084,-0.0036610961,-0.00602102419
-0.43893879,0.32848655,-0.83631881,0.23180729,0.94066784,0.24780919,0.86810019,-0.08509172,-0.48904118,0.00114544,-0.00684905,-0.0025391
-0.43885119,0.32826974,-0.83644978,0.23179166,0.94073103,0.24758379,0.86814854,-0.08522962,-0.48893112,,,
-0.43876404,0.32805296,-0.83658084,0.23177613,0.94079416,0.24735841,0.86819702,-0.0853675,-0.48882149,0.00115524,0.00741565,-0.00163233
-0.4386471,0.32779062,-0.83674478,0.23172752,0.94087306,0.24710369,0.8682689,-0.08550547,-0.48866934,0.00373882,0.00404346,-0.00168286
-0.43853177,0.32790543,-0.83676032,0.23173454,0.9408351,0.24724161,0.86832535,-0.08548296,-0.4885731,,,
-0.43841632,0.32797985,-0.83679163,0.23178342,0.94080494,0.24731055,0.86837058,-0.08552944,-0.48848453,,,
-0.4382716,0.32804924,-0.83684016,0.23175731,0.94078278,0.24741927,0.86845052,-0.08550698,-0.48834619,0.00444751,0.0038271,-0.00147438
-0.4381846,0.3280209,-0.83689677,0.23176958,0.94078742,0.24739013,0.86849109,-0.08556465,-0.48826383,0.00096171,0.00761437,0.00204115
-0.43812689,0.32799758,-0.83693615,0.23185693,0.94078402,0.24732122,0.86849692,-0.08569135,-0.48823128,0.00659731,0.00697434,0.00144603
-0.43806974,0.32812235,-0.83691711,0.23201387,0.94072998,0.24737958,0.86848378,-0.08580685,-0.48823428,,,
-0.438041942,0.328332941,-0.836849191,0.232162007,0.940652258,0.247536109,0.868458341,-0.0858533805,-0.488271576,0.003835788,-0.000284135342,0.00327305868
-0.43804258,0.32844069,-0.83680661,0.23227358,0.94060937,0.24759443,0.86842822,-0.08591116,-0.48831504,0.00664255,0.0037061,0.00214794
-0.438130026,0.328455677,-0.836754905,0.232498573,0.940585209,0.24747499,0.868323854,-0.0861180876,-0.488464098,0.00282387016,0.00687217712,0.000353904528
-0.43830441,0.32853952,-0.83663069,0.23266935,0.94054858,0.2474537,0.86819013,-0.08619826,-0.48868767,0.00239241,0.00967085,-0.00180075
-0.43836326,0.32873809,-0.8365219,0.23284712,0.94047391,0.24757029,0.86811281,-0.086256,-0.48881493,-0.00325092,0.01088357,-0.00103993
-0.438509597,0.329261119,-0.836239323,0.233152104,0.940292968,0.2479702,0.867956903,-0.0862336315,-0.489095413,0.00613922114,0.000123083591,-0.000604678877
-0.43882966,0.32967948,-0.83590665,0.23360029,0.94013371,0.24815218,0.8676747,-0.0863715,-0.48957178,0.00453814,-0.00130576,0.00322091
-0.43897493,0.32978529,-0.83578867,0.23389154,0.94007757,0.24809051,0.86752279,-0.08657839,-0.48980448,0.00095987,-0.00523585,-0.0025985
-0.43914894,0.32997675,-0.83562157,0.23417414,0.93999766,0.24812669,0.86735836,-0.08671638,-0.490071,,,
-0.43920705,0.33002715,-0.8355711,0.23428234,0.9399736,0.24811571,0.8672997,-0.08678537,-0.49016256,,,
-0.43926528,0.33006426,-0.83552583,0.23462769,0.93992969,0.24795567,0.86717684,-0.08711916,-0.49032069,,,
-0.439352711,0.330415685,-0.835341048,0.234950536,0.9397955,0.248158544,0.867045234,-0.087234698,-0.490533043,0.00300324149,0.00584447384,-0.000609738578
-0.43935282,0.33067131,-0.835239693,0.235132066,0.93970126,0.248343398,0.866995831,-0.0872812489,-0.490611826,0.00566109549,0.00271582603,-0.000861842826
-0.43949754,0.33104595,-0.8350151,0.23536791,0.93957038,0.24861502,0.86685845,-0.08727005,-0.49085647,,,
-0.439584341,0.331208951,-0.834904776,0.235662902,0.93949472,0.248621514,0.866734303,-0.0874659436,-0.491040829,0.00569785899,-0.000230610371,-0.00578383496
-0.43958465,0.33127635,-0.83487813,0.23581642,0.93945916,0.24861036,0.86669263,-0.08759268,-0.49109223,,,
-0.4396424,0.33146142,-0.83477428,0.2362317,0.93936374,0.24857666,0.86655026,-0.08791532,-0.49128582,0.00355265,0.00355029,-0.00358742
-0.43967085,0.33186975,-0.83459689,0.23655832,0.93920977,0.24884769,0.86644657,-0.08801976,-0.49144971,0.00414117,0.0021823,-0.0041829
-0.43964164,0.33203959,-0.83454452,0.2367486,0.93913889,0.2489342,0.86640923,-0.08813539,-0.49149447,,,
-0.439641299,0.332402569,-0.834400337,0.237042071,0.939000671,0.249176223,0.866329295,-0.0882398185,-0.491616868,0.00541838398,0.000315308571,-0.00292354566
-0.43964079,0.33257745,-0.83433096,0.2373074,0.93892137,0.2492225,0.86625696,-0.08842453,-0.49171122,,,
-0.43964078,0.332685,-0.83428829,0.23741918,0.93887783,0.24928011,0.86622652,-0.08848235,-0.49175478,0.00193766,0.00107235,-0.00452866
-0.43966893,0.33294534,-0.83416942,0.23767596,0.93877462,0.24942403,0.86614165,-0.08859802,-0.49188314,,,
-0.43966785,0.33334831,-0.83400895,0.23792775,0.93862825,0.24973464,0.86607298,-0.08863357,-0.49199748,-0.00216772,0.00597405,-0.00301192
-0.43958061,0.33361543,-0.83394822,0.23807979,0.93852999,0.24995895,0.86607557,-0.08866911,-0.49198668,,,
-0.43949254,0.3339899,-0.83384455,0.23834366,0.93838794,0.25024061,0.86604751,-0.08876266,-0.49201888,0.00628273,-0.00100517,0.00371933
-0.43937659,0.3340105,-0.83389765,0.2386714,0.93834453,0.25009102,0.86601632,-0.08914339,-0.49200537,,,
-0.43940529,0.33401556,-0.83388049,0.23874641,0.93833617,0.25005077,0.86598107,-0.08921235,-0.4920549,,,
-0.4394616,0.33432092,-0.83372835,0.23903659,0.93821639,0.25022293,0.86587237,-0.08932821,-0.49222501,0.00288795,0.007285,0.0044386
-0.439517276,0.334894506,-0.833468667,0.239271545,0.938021537,0.250728368,0.865779116,-0.089225874,-0.492407396,0.00412315596,-0.000508069992,0.00334564131
-0.43957387,0.33517278,-0.83332687,0.23936645,0.93792975,0.25098101,0.86572407,-0.08914578,-0.49251852,0.00535241,-0.00312757,0.00343965
-0.43977442,0.335489449,-0.83309372,0.239599623,0.93781654,0.251181513,0.865557818,-0.0891457291,-0.49281087,0.00559775345,0.0023983717,-0.000877548358
-0.43988794,0.33577761,-0.8329175,0.23984485,0.93770788,0.25135307,0.86543204,-0.08920377,-0.49302091,0.00555629,-0.00450289,-0.00453815
-0.439858,0.33598728,-0.83284889,0.23999359,0.93762832,0.25150787,0.86540615,-0.08925064,-0.49305811,0.00182514,-0.00525129,-0.00395459
-0.43974143,0.33616855,-0.83283736,0.24015417,0.93755336,0.25163399,0.8654209,-0.08935547,-0.49301333,-0.00187926,-0.00628859,-0.0031598
-0.43965573,0.3358723,-0.83300216,0.24022108,0.9376332,0.25127238,0.86544591,-0.08963134,-0.49291942,-0.00753252,0.00448012,-0.00506269
-0.43959856,0.33578186,-0.8330688,0.24015444,0.93766559,0.2512152,0.86549346,-0.08963133,-0.49283595,-0.00563043,0.006006,-0.0059612
-0.43948248,0.33593607,-0.8330677,0.24011969,0.93761904,0.25142206,0.86556188,-0.08954035,-0.492732,-0.00269547,-0.0013026,-0.00402015
-0.439193573,0.336073875,-0.833164554,0.240066859,0.937573881,0.251640841,0.865723239,-0.0894961476,-0.492456622,7.93848885e-05,-0.00585651398,-0.00699312659
-0.438991907,0.336012101,-0.833295816,0.240015643,0.937591536,0.251623927,0.865839789,-0.0895431609,-0.492243256,-0.000207943434,-0.00488293171,-0.00556588359
-0.43867551,0.33576942,-0.83356028,0.23983125,0.93767398,0.2514925,0.86605128,-0.08959021,-0.49186262,,,
-0.43830146,0.33539583,-0.83390731,0.23962215,0.93779658,0.25123453,0.86629844,-0.08970619,-0.49140588,0.00718811,0.00260663,0.00500447
-0.43818674,0.33521482,-0.83404037,0.23948908,0.9378613,0.25111981,0.86639327,-0.08970619,-0.49123868,,,
-0.43789853,0.33505741,-0.83425492,0.23929637,0.93791965,0.25108558,0.86659217,-0.08968416,-0.49089166,0.00815915,0.00531924,0.00381686
-0.43752348,0.33503254,-0.83446166,0.23894846,0.93795143,0.25129813,0.86687756,-0.08944449,-0.49043128,0.0106473,-0.00303239,0.00420196
-0.43740842,0.33481114,-0.83461075,0.23885734,0.9380239,0.25111417,0.86696066,-0.08951344,-0.49027165,0.00614288,0.00212252,0.0042247
-0.43740952,0.33447563,-0.83474482,0.23875943,0.93813492,0.25079234,0.86698719,-0.08960424,-0.49020836,0.00103857,0.00801206,0.00291234
-0.437467295,0.334458782,-0.834721105,0.23871416,0.938146453,0.25079228,0.866970329,-0.0895463065,-0.490248437,0.000485624798,0.0062237978,0.00486349408
-0.43749612,0.33458465,-0.8346556,0.23866369,0.93811472,0.25095895,0.86696973,-0.0894084,-0.49027475,0.00187888,0.00636613,0.00556641
-0.437553747,0.334755762,-0.834556872,0.238646477,0.938066814,0.251154347,0.866945472,-0.0892705245,-0.490342932,0.000857604144,0.00501942635,0.000369902176
-0.43755369,0.33479604,-0.8345407,0.23860462,0.938059,0.2512233,0.86695698,-0.08920158,-0.49033506,0.00597569,0.00349581,0.00134374
-0.437611691,0.334779233,-0.834517037,0.238559357,0.938070508,0.2512233,0.866940167,-0.0891435841,-0.490375339,0.00555364508,-0.00537127256,0.000450889289
-0.43769901,0.33461981,-0.83453528,0.23851926,0.93812531,0.25105669,0.86690721,-0.08916547,-0.49042979,,,
-0.437670158,0.33449399,-0.834600772,0.238569683,0.938157064,0.250890061,0.86690783,-0.0893033403,-0.490403475,0.00325809396,-0.00014102459,-0.00739956461
-0.437555164,0.334353152,-0.834717666,0.238394923,0.938213832,0.250843918,0.867014113,-0.0892344097,-0.490228401,0.000165372738,-0.00226414204,-0.00756416982
-0.43752618,0.33430785,-0.83475083,0.23836168,0.93822997,0.25081513,0.86703771,-0.08923442,-0.49018636,,,
-0.43744035,0.33402433,-0.83490941,0.23819215,0.93832991,0.25060225,0.86712772,-0.08924534,-0.49002533,,,
-0.43735432,0.33355258,-0.83514279,0.23799468,0.93848905,0.25019358,0.86722508,-0.08933627,-0.48983598,,,
-0.43726811,0.33337636,-0.83525854,0.23793702,0.9385451,0.25003813,0.86728461,-0.08940523,-0.48971842,,,
-0.437123973,0.333001926,-0.835483183,0.237701358,0.938676962,0.249767127,0.867421752,-0.0894162776,-0.489473212,0.00545367552,0.000225901604,0.000139879179
-0.43700884,0.33267282,-0.83567463,0.23749893,0.93879261,0.24952493,0.86753533,-0.08942723,-0.48927011,0.00230976,0.00154269,-0.00446882
-0.43692207,0.33249641,-0.83579021,0.23744134,0.93884853,0.2493693,0.86759481,-0.0894962,-0.48915204,0.00746195,0.00822997,-0.00324183
-0.43677739,0.33222925,-0.83597192,0.23731753,0.93893652,0.24915575,0.8677014,-0.08956518,-0.48895006,,,
-0.436661766,0.332088214,-0.836088414,0.237143111,0.938992993,0.249109013,0.86780733,-0.0894962217,-0.48877477,0.005240025,0.00314080715,0.000475828012
-0.436517182,0.332009312,-0.836195394,0.23704715,0.939021954,0.249091198,0.867906429,-0.0894851568,-0.48860108,0.00761351781,0.00575995445,0.000232163467
-0.43631416,0.33202798,-0.83629374,0.23691274,0.93902401,0.24921128,0.86804502,-0.08939423,-0.48837113,0.00320212,0.00149006,-0.00376987
-0.435937426,0.332029741,-0.836489574,0.236760888,0.939027557,0.249342191,0.868275785,-0.0893504209,-0.487968912,0.00195769197,-0.00484228134,-0.00068102323
-0.43564751,0.33197931,-0.83666058,0.23668063,0.93904195,0.24936416,0.86844313,-0.08938648,-0.48766436,,,
-0.43521232,0.33189023,-0.83692222,0.23646264,0.93907759,0.24943675,0.86872052,-0.08934288,-0.48717778,,,
-0.43492213,0.3316514,-0.83716781,0.23635496,0.93915092,0.24926267,0.86889523,-0.0894589,-0.48684497,0.0016852,0.00443411,0.00538695
-0.43474805,0.33163448,-0.83726496,0.23633761,0.9391524,0.24927353,0.8689871,-0.08950602,-0.48667237,-0.0015357,0.00825191,0.00741166
-0.43469008,0.33150322,-0.83734714,0.23631353,0.93919218,0.24914649,0.86902275,-0.08957496,-0.48659622,0.00098018,0.0120132,0.00493833
-0.43474799,0.33148655,-0.83732358,0.2362681,0.93920359,0.24914653,0.86900604,-0.0895169,-0.48663657,0.00319725,0.00676477,0.00848875
-0.43483505,0.33151522,-0.83726701,0.2362558,0.939199,0.24917552,0.86896582,-0.08945893,-0.48671903,0.00536316,0.00242674,0.00938893
-0.43503819,0.33138911,-0.83721144,0.2362786,0.93924039,0.24899781,0.86885796,-0.08949159,-0.48690559,0.00384246,0.00774086,0.00658547
-0.435386338,0.331274971,-0.837075686,0.236243736,0.939288579,0.248849083,0.868693104,-0.0894084006,-0.487215051,0.00528309401,0.000880122185,-0.00212807395
-0.43547321,0.331303631,-0.837018931,0.236231443,0.939283978,0.248878085,0.868652687,-0.089350435,-0.487297343,0.010065116,-0.00112140179,-0.000571129029
-0.43561837,0.33138266,-0.83691219,0.23632723,0.93925507,0.24889628,0.86855393,-0.08936134,-0.48747151,,,
-0.43570526,0.33141129,-0.83685552,0.23631492,0.93925047,0.24892528,0.8685136,-0.08930337,-0.4875538,-0.00103945,0.008641,0.00342519
-0.43573442,0.3314567,-0.83682248,0.236348,0.93923446,0.24895433,0.86849009,-0.08930334,-0.48759591,0.00174393,0.00660443,0.00252511
-0.43582143,0.3316737,-0.83669118,0.23636337,0.93917095,0.24917923,0.86844224,-0.08916549,-0.48770634,0.00566908,0.00396132,0.0034069
-0.43599537,0.33169055,-0.83659387,0.23638074,0.93916946,0.24916834,0.8683502,-0.08911843,-0.48787879,0.00563687,0.00204527,-0.00129869
-0.43608234,0.33163826,-0.83656916,0.23645235,0.93918034,0.24905936,0.86828692,-0.08919834,-0.4879766,0.00364743,0.0033859,-0.00443031
-0.43634343,0.33156248,-0.83646327,0.23658337,0.93919742,0.24887051,0.86812026,-0.08930029,-0.48825479,-0.00261556,0.00409472,-0.00773224
-0.436488216,0.331641378,-0.836356368,0.236679265,0.939168503,0.24888842,0.868021257,-0.0893113447,-0.488428622,-0.000125155202,0.00119245052,-0.00861714967
-0.43654611,0.33169173,-0.83630615,0.23678739,0.93914416,0.24887742,0.86796262,-0.08938028,-0.48852015,0.0048987,0.00281525,-0.00803056
-0.436546025,0.331678062,-0.836311586,0.237024775,0.939123743,0.248728453,0.867897841,-0.0896451392,-0.488586655,0.00322295679,0.000661075115,-0.00940186251
-0.43648808,0.33153314,-0.8363993,0.23723792,0.93914298,0.24845247,0.86786876,-0.08997908,-0.48857695,0.00404436,0.0022887,-0.00637237
-0.43640121,0.33150449,-0.83645602,0.23725023,0.93914754,0.24842349,0.86790912,-0.09003707,-0.48849463,,,
-0.43622726,0.3316356,-0.83649476,0.23730252,0.9390978,0.24856152,0.86798224,-0.090073,-0.48835802,0.00378491,-0.00706071,0.00389044
-0.43608227,0.33170448,-0.83654308,0.23727628,0.93907558,0.24867049,0.8680623,-0.09005103,-0.48821981,0.00613121,0.00263917,0.00526805
-0.43599541,0.33167584,-0.83659978,0.23728856,0.93908014,0.24864158,0.86810265,-0.09010897,-0.48813751,0.00501298,0.00584102,0.0038898
-0.43585044,0.33181181,-0.83662144,0.23741584,0.93902203,0.24873953,0.86814068,-0.09021395,-0.48805054,0.00696369,0.00834751,0.00583442
-0.43564714,0.3321527,-0.83659185,0.23761622,0.93889349,0.24903319,0.86818769,-0.09029718,-0.48795114,0.00917725,0.00735927,0.00968618
-0.43558884,0.33231732,-0.83655682,0.23773122,0.93883071,0.24916011,0.86818545,-0.0903443,-0.48794638,0.00512622,0.00109047,0.00820095
-0.43553055,0.33262979,-0.83646303,0.2379158,0.93871657,0.24941385,0.86816419,-0.09038041,-0.48797762,0.0072757,-0.00112545,0.00430199
-0.43553055,0.33262979,-0.83646303,0.2379158,0.93871657,0.24941385,0.86816419,-0.09038041,-0.48797762,0.0072757,-0.00112545,0.00430199
-0.43558798,0.33281406,-0.83635973,0.23833109,0.9386201,0.24938042,0.86802137,-0.0907034,-0.48817157,0.00196806,0.00650275,0.00288015
-0.435645447,0.333119648,-0.836208304,0.238620509,0.938500467,0.249553852,0.867913175,-0.0908194505,-0.488342635,-0.0002578001,0.00479483604,-0.00378294033
-0.43573148,0.33355129,-0.83599144,0.23885925,0.93834926,0.24989385,0.86780436,-0.09079767,-0.48854012,,,
-0.4357305,0.33384677,-0.83587377,0.23899858,0.93824627,0.25014716,0.86776627,-0.09077588,-0.48861142,0.00211262,-0.00545132,-0.00287501
-0.43575881,0.33410693,-0.83575533,0.23925503,0.93814243,0.25029147,0.86768164,-0.09089196,-0.48874059,-0.00099484,-0.00520891,-0.00381277
-0.43572936,0.33408804,-0.83577806,0.23941744,0.93813013,0.25018224,0.86765147,-0.09108809,-0.48875734,,,
-0.43570081,0.33389495,-0.83586998,0.2393146,0.9381978,0.25002678,0.86769406,-0.091099,-0.48867948,,,
-0.43561481,0.3336516,-0.83601206,0.23910353,0.93829002,0.24988263,0.86779552,-0.09104085,-0.4885103,,,
-0.43561524,0.33354422,-0.83605473,0.23899185,0.93833384,0.24982493,0.86782611,-0.09098272,-0.48846687,,,
-0.43555776,0.33334609,-0.83616361,0.23881399,0.93840987,0.24970941,0.86790384,-0.09092468,-0.48833941,,,
-0.43555839,0.33313132,-0.8362489,0.23859083,0.93849737,0.24959387,0.86796493,-0.0908086,-0.48825248,0.00447714,0.0044781,0.00556942
-0.43555839,0.33313132,-0.8362489,0.23859083,0.93849737,0.24959387,0.86796493,-0.0908086,-0.48825248,0.00447714,0.0044781,0.00556942
-0.43558799,0.33285449,-0.83634365,0.23828913,0.93861242,0.24944939,0.86803289,-0.09063443,-0.4881639,0.0040694,0.00521052,0.00239198
-0.43561757,0.33257759,-0.83643853,0.23798749,0.93872737,0.2493048,0.86810093,-0.09046035,-0.48807544,0.00899087,0.00792789,0.00489344
-0.43567589,0.3324131,-0.83647364,0.23787248,0.93879017,0.24917804,0.86810328,-0.0904132,-0.48808017,0.00367531,0.00560582,0.00455502
-0.435734,0.33216757,-0.83654073,0.23784135,0.93886832,0.24891317,0.86808247,-0.09050403,-0.48810003,0.01152309,0.00701737,-0.0018076
-0.43579192,0.33206998,-0.83654922,0.2378799,0.93889512,0.24877517,0.86804276,-0.09058402,-0.48815568,0.00787239,0.00339496,-0.00335752
-0.43579198,0.33198915,-0.83658132,0.23796378,0.9389104,0.24863728,0.86801978,-0.09072191,-0.48817101,0.00604591,0.00554419,-0.00806263
-0.435849936,0.33189153,-0.836589819,0.238002355,0.938937167,0.248499221,0.867980065,-0.0908019597,-0.488226669,0.000585349451,-0.00119704008,-0.00493047992
-0.43593712,0.33169142,-0.83662386,0.23800441,0.93899907,0.24826324,0.86793581,-0.09089299,-0.48828857,,,
-0.43593712,0.33169142,-0.83662386,0.23800441,0.93899907,0.24826324,0.86793581,-0.09089299,-0.48828857,,,
-0.43590812,0.33168645,-0.83664089,0.23792937,0.9390075,0.24830327,0.86797091,-0.09082402,-0.48823894,0.00201401,0.0062511,0.00186613
-0.43585015,0.33178409,-0.8366324,0.23789078,0.93898075,0.24844138,0.86801062,-0.09074391,-0.48818328,,,
-0.43579201,0.3318412,-0.83663992,0.2378942,0.93896163,0.24851036,0.86803876,-0.09073294,-0.48813507,0.00541206,0.00209987,0.00107152
-0.43576307,0.33179581,-0.83667301,0.23786112,0.93897767,0.24848141,0.86806236,-0.09073293,-0.48809311,,,
-0.43570515,0.33185297,-0.83668058,0.23786453,0.93895853,0.24855045,0.86809057,-0.09072191,-0.48804512,0.01014549,-0.00146353,-0.0009808
-0.4356762,0.33180755,-0.83671367,0.23783148,0.93897458,0.24852145,0.86811416,-0.09072196,-0.48800316,0.00931007,-0.00244755,0.00189222
-0.43576332,0.33164791,-0.83673164,0.23779154,0.93902886,0.24835454,0.86808143,-0.09074389,-0.4880574,0.01010457,0.00653207,0.00230715
-0.43579242,0.331464402,-0.836789344,0.23783899,0.939079242,0.248118514,0.868053956,-0.0908929699,-0.488078774,0.00500206975,0.0083552599,0.000904058747
-0.435821566,0.331402329,-0.836798845,0.237760522,0.939106765,0.248089558,0.868060911,-0.0908349639,-0.488077372,-7.40867399e-05,0.00713860989,0.000966772204
-0.43576307,0.3316883,-0.83671555,0.23774958,0.93902125,0.24842346,0.86809284,-0.09067498,-0.48804953,-0.00128916,-0.0039109,0.00326285
-0.43567614,0.33188843,-0.83668157,0.23774755,0.93895931,0.24865939,0.86813713,-0.09058402,-0.48798783,,,
-0.43567614,0.33188843,-0.83668157,0.23774755,0.93895931,0.24865939,0.86813713,-0.09058402,-0.48798783,,,
-0.43561828,0.33164968,-0.83680643,0.23761179,0.93904261,0.24847455,0.8682034,-0.09059501,-0.487868,,,
-0.43547345,0.33134173,-0.83700382,0.23753039,0.939138,0.2481917,0.86829837,-0.09073294,-0.4876734,,,
-0.43544436,0.33114832,-0.83709539,0.23742779,0.93920515,0.24803572,0.86834092,-0.09074394,-0.4875954,,,
-0.43538655,0.33090948,-0.83722007,0.23729217,0.93928827,0.24785069,0.86840714,-0.09075491,-0.48747571,-0.00294944,0.00577044,-0.00109296
-0.4352992,0.33085413,-0.83728712,0.23710905,0.93932108,0.24790158,0.8685007,-0.09061697,-0.48733422,0.0040801,0.00356853,0.0030666
-0.4352992,0.33085413,-0.83728712,0.23710905,0.93932108,0.24790158,0.8685007,-0.09061697,-0.48733422,0.00368738,0.0058018,0.00113558
-0.43527026,0.33080871,-0.83732018,0.23707602,0.93933708,0.24787255,0.8685243,-0.09061697,-0.48729231,0.00514314,0.01008153,0.00346241
-0.43524143,0.33095184,-0.83727873,0.23707046,0.93929438,0.24803962,0.86854038,-0.09053693,-0.48727873,0.00836645,0.0098393,0.00391218
-0.435241589,0.331099854,-0.837220236,0.237139971,0.939243283,0.248166663,0.868521428,-0.090525934,-0.487314749,0.0105259316,0.00220829248,-0.000702181133
-0.43527049,0.33118571,-0.83717115,0.23713105,0.93921965,0.2482646,0.86850929,-0.09045701,-0.48734901,0.00826048,-0.00142264,0.00659954
-0.43538633,0.33107139,-0.83715599,0.23712418,0.93925783,0.24812665,0.86845296,-0.09047895,-0.48744505,0.00242032,0.0064801,0.00117915
-0.435415369,0.33103586,-0.83715496,0.237241205,0.939257058,0.248017696,0.86840646,-0.0906169188,-0.487502304,0.000268864445,0.00719666481,0.000263397524
-0.435560478,0.331262972,-0.836989722,0.237406507,0.939176986,0.248162719,0.868288606,-0.0906169272,-0.487712362,0.0037188069,0.0033878088,-0.000734456407
-0.43564723,0.3315876,-0.83681589,0.23753331,0.93907013,0.24844559,0.86821028,-0.090537,-0.48786639,,,
-0.43570532,0.33167842,-0.83674978,0.23759946,0.93903806,0.24850356,0.86816316,-0.09053697,-0.48795049,,,
-0.43582132,0.33175257,-0.83665994,0.23762024,0.93901746,0.24856151,0.86809921,-0.09047892,-0.48807495,,,
-0.43587923,0.33180288,-0.83660982,0.2377284,0.93899303,0.24855038,0.86804053,-0.09054796,-0.48816653,,,
-0.435908206,0.331807843,-0.836592781,0.23780344,0.938984623,0.248510356,0.868005444,-0.0906169316,-0.488216149,0.00739855506,0.000102519989,-0.00391291501
-0.435908,0.33191531,-0.83655018,0.23791499,0.93894104,0.24856824,0.8679749,-0.09067493,-0.48825954,,,
-0.435849936,0.33189153,-0.836589819,0.238002355,0.938937167,0.248499221,0.867980065,-0.0908019597,-0.488226669,0.00419641705,0.0028873682,0.000203762669
-0.435878925,0.331896523,-0.836572788,0.238077417,0.93892873,0.248459201,0.867944973,-0.0908709468,-0.488276311,0.0067472714,0.000387132168,-0.00164240738
-0.435879025,0.331815609,-0.836604918,0.238161383,0.93894396,0.248321148,0.867921969,-0.0910089995,-0.488291641,0.00664869277,0.00429689884,-0.000311247655
-0.43590775,0.33196845,-0.83652927,0.23830604,0.9388843,0.24840791,0.86786779,-0.09106703,-0.48837703,0.00368407,0.0067873,-0.00232632
-0.43590702,0.33237175,-0.83636938,0.23855689,0.9387381,0.24871945,0.86779913,-0.09110311,-0.4884921,0.00874692,0.00422668,0.00289748
-0.435906552,0.3326271,-0.836268124,0.238738106,0.938643092,0.248904097,0.867749549,-0.0911501242,-0.488571437,0.00787895638,0.000599145889,0.00504485983
-0.43590617,0.33269405,-0.83624159,0.23889167,0.93860701,0.24889281,0.86770738,-0.09127721,-0.48862242,0.00727948,0.00346529,0.00390759
-0.43590578,0.33286848,-0.83617256,0.23915685,0.93852715,0.24893931,0.8676347,-0.0914623,-0.48871719,0.00730649,0.00640273,0.00575821
-0.4360497,0.33316234,-0.83598047,0.239476,0.93841048,0.24907228,0.86747435,-0.09158936,-0.488978,,,
-0.436049056,0.333377125,-0.835895293,0.239699239,0.938322869,0.249187621,0.867413121,-0.0917054407,-0.489065045,0.00546522392,0.00183641911,0.000599807536
-0.43622161,0.33379708,-0.83563776,0.23996779,0.93817463,0.24948713,0.86725222,-0.09169448,-0.4893526,,,
-0.43633486,0.3343005,-0.83537711,0.24043546,0.9379783,0.24977488,0.86706547,-0.09186879,-0.48965033,,,
-0.4363913,0.33456546,-0.83524155,0.24076708,0.93786567,0.24987835,0.86694504,-0.09205392,-0.48982877,,,
-0.43650569,0.33477339,-0.83509857,0.24109528,0.93777221,0.24991269,0.86679635,-0.09225002,-0.49005519,,,
-0.43659174,0.33486901,-0.83501519,0.2412367,0.93773127,0.24992981,0.8667136,-0.09231902,-0.49018843,,,
-0.43679269,0.3351863,-0.83478289,0.24146907,0.93761791,0.25013065,0.86654776,-0.09231901,-0.49048177,,,
-0.43699333,0.33542282,-0.83458277,0.24178527,0.93751972,0.25019324,0.86635832,-0.09245705,-0.49079016,0.00505953,0.0019207,0.00487554
-0.437137294,0.335501765,-0.834475611,0.241881502,0.937490388,0.250210133,0.866258806,-0.0924680331,-0.490963683,0.000189991435,0.0123074055,0.00637483317
-0.43754038,0.3358141,-0.83413857,0.24201139,0.93739572,0.25043909,0.8660189,-0.09229381,-0.49141932,-0.00182597,0.00192535,0.00577847
-0.437913094,0.336416394,-0.833700254,0.242206449,0.937205819,0.250960728,0.865776033,-0.0920285882,-0.49189692,0.0131014548,0.000363111496,-0.000630704686
-0.43799767,0.33665936,-0.83355762,0.24241813,0.93711285,0.25110346,0.86567389,-0.09208674,-0.49206558,0.00990438,-0.00801772,-0.00683308
-0.438284,0.33688395,-0.83331625,0.24276458,0.93701748,0.25112464,0.86543176,-0.09223574,-0.49246326,0.00762219,0.00458491,0.0035251
-0.43871356,0.33722756,-0.83295115,0.24316579,0.93688491,0.25123107,0.86510141,-0.09232673,-0.49302632,0.00860655,0.00888586,-0.00622772
-0.43882651,0.33755596,-0.8327588,0.24336919,0.93676773,0.25147098,0.8649871,-0.0923157,-0.49322923,0.0119676,-0.00283396,-0.00640245
-0.4391108,0.33796795,-0.83244173,0.24374434,0.93661236,0.25168628,0.86473711,-0.09238479,-0.49365438,0.01271282,-0.00753021,-0.00354614
-0.43930982,0.33812371,-0.83227353,0.24414481,0.93652885,0.25160886,0.86452309,-0.09266102,-0.49397748,,,
-0.439365248,0.338281136,-0.832180258,0.244365184,0.936459413,0.251653375,0.864432626,-0.0927881305,-0.494111854,-0.00195446587,-0.000719189644,-0.00486069731
-0.43933156,0.33870469,-0.83202581,0.24473791,0.93629011,0.25192099,0.86434436,-0.09295141,-0.49423568,,,
-0.43921521,0.33877827,-0.83205711,0.24478655,0.9362588,0.25199004,0.86438955,-0.09299852,-0.49414747,0.00102196,-0.00415254,-0.00671848
-0.438984222,0.338657611,-0.832228096,0.244938913,0.936271374,0.251795217,0.864463713,-0.0933109026,-0.493958787,0.00033671502,3.26633453e-05,-0.00672737556
-0.43869805,0.33825887,-0.8325414,0.24499628,0.93637633,0.25134876,0.86459301,-0.09370335,-0.49365863,-0.00304931,0.00231826,-0.00611472
-0.43855464,0.3380593,-0.83269786,0.24502508,0.93642873,0.25112536,0.86465746,-0.09389967,-0.49350817,-0.00142807,0.00802732,-0.00270331
-0.43820861,0.337944954,-0.832926445,0.245072833,0.936446666,0.251011851,0.86481938,-0.0941320917,-0.49318012,0.00587731693,0.00309050083,-0.000232196064
-0.43794752,0.33808687,-0.83300601,0.24509513,0.93639289,0.25119062,0.86494516,-0.0941574,-0.49295439,0.00820809,0.00356925,0.00730882
-0.43783118,0.33816032,-0.8330373,0.24514384,0.93636161,0.25125966,0.8649902,-0.09420463,-0.49286623,0.01205885,0.0023874,0.00513357
-0.43765694,0.3382504,-0.83309246,0.24523781,0.93631848,0.25132872,0.8650519,-0.09431001,-0.49273806,0.01026348,0.00229788,0.00541334
-0.4376286,0.33812464,-0.83315845,0.24528812,0.93634998,0.25116221,0.86505203,-0.09444811,-0.49271148,0.00891297,0.00318336,0.00658412
-0.43757008,0.3380606,-0.83321486,0.24541701,0.93635326,0.25102398,0.86504478,-0.0946445,-0.49268599,0.00329716,0.00514519,0.00672492
-0.43762702,0.33811089,-0.83316466,0.24552543,0.93632812,0.25101174,0.86498531,-0.09471358,-0.4927773,0.00227573,0.00824869,0.00309573
-0.43773918,0.33847951,-0.832956,0.24568686,0.93620302,0.25132025,0.86488268,-0.0946336,-0.49297271,0.00389578,0.00466883,0.00205573
-0.43779456,0.33875769,-0.83281386,0.24578178,0.93611048,0.25157201,0.86482773,-0.0945536,-0.49308455,,,
-0.43782011,0.33901707,-0.83269495,0.24603888,0.93600482,0.25171381,0.86474177,-0.09466996,-0.49321311,0.00794023,-0.00668305,0.00153268
-0.43796334,0.33897524,-0.83263668,0.24626075,0.93599788,0.25152256,0.8646061,-0.09488807,-0.49340906,0.00832321,-0.00114089,-0.00138899
-0.438049885,0.338963668,-0.832595902,0.246290618,0.936000971,0.251481836,0.864553778,-0.0948989698,-0.493498689,0.00651264563,-0.00176036358,0.00026745483
-0.43813463,0.33901886,-0.83252864,0.2464742,0.93596694,0.25142859,0.86445832,-0.09503724,-0.49363894,0.00686495,-0.00320917,0.00390652
-0.438249697,0.339052477,-0.832454588,0.246537384,0.935953667,0.251416092,0.864382173,-0.0950481518,-0.493770522,0.00905829482,0.00203037262,0.000270608696
-0.43830785,0.33895542,-0.83246349,0.2465757,0.93598069,0.25127789,0.86434175,-0.0951282,-0.49382586,0.00519276,0.00409949,-0.0033243
-0.43842273,0.33898913,-0.83238926,0.24663891,0.93596737,0.25126545,0.86426544,-0.09513909,-0.49395728,,,
-0.43839271,0.33905089,-0.83237977,0.24671751,0.93593907,0.25129367,0.86425809,-0.09519733,-0.49395866,0.00415964,-0.00205839,-0.0059568
-0.43836433,0.33896542,-0.83242946,0.24672593,0.935963,0.25119627,0.86427002,-0.09526643,-0.49392435,0.00274439,-0.00246829,-0.00997149
-0.43836596,0.33881811,-0.83248875,0.24665579,0.93601523,0.25107054,0.86428939,-0.09527739,-0.49388866,0.0045674,-0.00484651,-0.01114355
-0.43816473,0.33879604,-0.83260371,0.24656275,0.93602545,0.25112382,0.86441801,-0.09525546,-0.49366782,-0.00100276,-0.00439745,-0.00792341
-0.43807966,0.3387005,-0.83268727,0.246421,0.93606705,0.25110788,0.86450148,-0.09518637,-0.49353485,0.00183131,-0.00215054,-0.00972124
-0.43776481,0.33849742,-0.83293535,0.24619477,0.93614273,0.25104765,0.86472536,-0.09516449,-0.49314664,-0.00186503,0.00126708,-0.00682234
-0.4373334,0.33844819,-0.83318199,0.24593364,0.93617198,0.25119446,0.86501795,-0.09505175,-0.49265508,,,
-0.43710354,0.33838084,-0.83333004,0.24580736,0.93619855,0.25121906,0.86517009,-0.09502992,-0.4923922,,,
-0.43670283,0.33804172,-0.83367761,0.2454815,0.93632326,0.25107288,0.86546484,-0.09500818,-0.491878,0.00427168,0.00097024,0.00573055
-0.436359819,0.337564914,-0.834050252,0.245236164,0.936482327,0.250719096,0.865707294,-0.0951355332,-0.491426383,0.000836243737,0.0030105114,0.00911720656
-0.43624596,0.33734337,-0.83419952,0.24514514,0.93655514,0.25053608,0.86579053,-0.0952046,-0.49126649,0.00323695,0.00419831,0.009589
-0.43619119,0.3369174,-0.83440017,0.24498083,0.93669923,0.25015783,0.86586452,-0.09529539,-0.49111826,0.00122635,0.01194727,0.01637239
-0.43627922,0.33683909,-0.83438591,0.244857,0.93673923,0.25012929,0.86585533,-0.09517902,-0.49115727,0.00279955,0.01573217,0.01193191
-0.43639433,0.33695359,-0.83427938,0.24483619,0.93671097,0.25025545,0.86580312,-0.09505171,-0.49127379,0.0113737,0.00656569,0.01280956
-0.43662575,0.3369946,-0.8341416,0.24476673,0.9367139,0.2503124,0.86570597,-0.09487725,-0.49147847,0.00749843,0.00415206,0.00976851
-0.436944045,0.336943362,-0.833995623,0.244810747,0.936734915,0.250190687,0.865532915,-0.0948517402,-0.491788098,0.00742416177,-0.000540614128,0.00272307708
-0.437088984,0.336834537,-0.833963753,0.244879006,0.936764833,0.250011823,0.865440535,-0.0949427925,-0.491933295,0.00506174471,-0.00018620491,0.00344202458
-0.43734881,0.33671915,-0.83387407,0.24505203,0.93678896,0.24975175,0.86526022,-0.09511389,-0.49221725,0.0034544,0.00407195,-0.00424007
-0.43752087,0.33672252,-0.83378248,0.24530711,0.93676554,0.24958912,0.86510098,-0.09533231,-0.49245491,0.00750254,0.01295745,-0.00715323
-0.43754811,0.33683473,-0.83372287,0.24549398,0.93671225,0.24960542,0.8650342,-0.09545955,-0.49254757,0.00747071,0.01458037,-0.00891072
-0.43748493,0.33740086,-0.83352702,0.24586101,0.93649997,0.2500403,0.86496185,-0.09554292,-0.49265834,0.01240014,0.00703371,-0.00837292
-0.437276791,0.338075616,-0.833363096,0.246159894,0.936257376,0.250654025,0.864982357,-0.0955353924,-0.492624279,0.017089121,-0.000821590424,-0.00277983397
-0.43715891,0.33837693,-0.83330256,0.24619493,0.9361589,0.2509872,0.86503188,-0.09543358,-0.49255689,0.01252662,-0.00681645,-0.00372545
-0.43686636,0.33880839,-0.83328061,0.24628213,0.93600948,0.25145847,0.86515479,-0.09536837,-0.49235351,0.00780413,-0.00820541,-0.0058213
-0.43637229,0.33897572,-0.83347155,0.24652726,0.93591545,0.25156825,0.86533443,-0.09569605,-0.49197433,0.00260985,-0.00122273,-0.00618874
-0.43614044,0.33893453,-0.83360938,0.24659653,0.93591247,0.25151141,0.86543132,-0.09587087,-0.49176936,,,
-0.43570559,0.33893773,-0.83383553,0.2467266,0.93588252,0.25149529,0.86561335,-0.0961515,-0.4913942,-0.00172809,0.00226939,-0.00778057
-0.43530053,0.33883862,-0.83408736,0.24682007,0.93588842,0.2513816,0.8657905,-0.09644295,-0.4910249,,,
-0.43530053,0.33883862,-0.83408736,0.24682007,0.93588842,0.2513816,0.8657905,-0.09644295,-0.4910249,,,
-0.43530053,0.33883862,-0.83408736,0.24682007,0.93588842,0.2513816,0.8657905,-0.09644295,-0.4910249,,,
-0.43466465,0.33871207,-0.83447022,0.24674563,0.93591349,0.25136133,0.86613105,-0.09664398,-0.49038423,0.00623583,0.00113553,0.00671007
-0.434577959,0.338723525,-0.834510792,0.24671581,0.935910455,0.251401917,0.86618312,-0.0966332678,-0.490294504,0.00490698684,-0.000932514668,0.0120452354
-0.434492555,0.338627967,-0.834594009,0.24657424,0.935952158,0.251385549,0.866266243,-0.0965642259,-0.490161178,0.00626412407,0.000691354275,0.014354568
-0.43455242,0.33842385,-0.83464577,0.24650109,0.93602378,0.25119056,0.86625716,-0.09658563,-0.49017325,0.00876311,0.00512385,0.01097891
-0.4345522,0.33838341,-0.83466209,0.24654301,0.93603126,0.2511215,0.86624516,-0.09665469,-0.49018051,0.00700605,0.00792563,0.00749653
-0.43469751,0.33831518,-0.83461425,0.24656949,0.93605371,0.25101182,0.86616488,-0.0966762,-0.49031842,0.00970962,-0.00110561,0.00599047
-0.434872392,0.338144786,-0.834592049,0.246559294,0.936111945,0.250804568,0.866079845,-0.0967084323,-0.49046198,0.00567778759,-0.00161540508,3.20074032e-05
-0.43501734,0.33807653,-0.83454406,0.2465857,0.93613437,0.25069488,0.86599944,-0.09672999,-0.49059952,,,
-0.435452409,0.337992979,-0.83435098,0.246539172,0.936179243,0.250573033,0.865793999,-0.0965875478,-0.490990014,0.000534828054,0.00715661049,-0.00275858166
-0.43585649,0.33815884,-0.83407303,0.24659907,0.93613627,0.25067466,0.86557387,-0.09642346,-0.49141072,,,
-0.4361163,0.33824544,-0.83390191,0.24656287,0.93612296,0.25075994,0.86545313,-0.09624874,-0.49165725,,,
-0.43649284,0.3382183,-0.83371598,0.24651993,0.93614848,0.25070691,0.86527561,-0.09609583,-0.49199966,,,
-0.43681245,0.33810054,-0.83359632,0.2464104,0.9362067,0.25059714,0.86514549,-0.09594285,-0.49225823,0.00315328,-0.00568634,-0.00176619
-0.43690047,0.3379416,-0.83361466,0.24637023,0.93626186,0.25043051,0.86511249,-0.09596463,-0.492312,0.00337322,-0.0064646,-0.00671442
-0.437047855,0.337618688,-0.833668113,0.24621485,0.936380945,0.250137885,0.865082163,-0.0959392283,-0.492370017,0.00420802832,-0.000114560127,-0.00967860129
-0.43699368,0.337192775,-0.833868901,0.246050369,0.936525074,0.249759871,0.86515636,-0.0960302549,-0.492221944,0.000148342689,0.000266253948,-0.0102920337
-0.43690842,0.33705685,-0.8339686,0.24595067,0.93657401,0.24967457,0.86522784,-0.09603021,-0.49209643,0.00199638,0.00236487,-0.01002771
-0.43662239,0.33679139,-0.83422561,0.24564647,0.93667771,0.24958502,0.86545862,-0.09595017,-0.49170608,0.00398003,-0.00797808,-0.00690284
-0.43633737,0.33629758,-0.83457388,0.24535637,0.93684803,0.24923085,0.86568463,-0.09601928,-0.49129456,0.00601729,-0.00309241,-0.00153974
-0.43616592,0.33598495,-0.83478916,0.2451992,0.93695309,0.24899043,0.86581533,-0.09608847,-0.49105025,0.00681828,0.00535119,0.00212204
-0.43593862,0.33547435,-0.83511338,0.24486411,0.93713492,0.24863568,0.86602481,-0.0960994,-0.49067893,0.00718256,0.00781655,0.00252867
-0.43570992,0.33515173,-0.83536229,0.24455701,0.93725744,0.24847607,0.86622671,-0.09603021,-0.49033607,0.0059381,0.00989664,0.00736595
-0.43562408,0.33501554,-0.83546169,0.24445764,0.93730613,0.24839018,0.86629793,-0.09603025,-0.49021023,0.00324826,0.00722337,0.00328776
-0.435481,0.33495042,-0.83556244,0.24412415,0.93735769,0.24852355,0.86646395,-0.0957537,-0.48997095,0.00371888,0.00917363,0.0065038
-0.435307935,0.334866157,-0.835686232,0.243953107,0.937395963,0.248547141,0.866598928,-0.0956737006,-0.48974754,0.00699137617,0.000249385834,0.00713694561
-0.43525057,0.33477535,-0.83575245,0.24388689,0.93742839,0.2484898,0.86664634,-0.09567372,-0.48966356,0.00757795,0.00100636,0.00666182
-0.43510741,0.33442686,-0.83596665,0.24384729,0.9375316,0.24813907,0.86672952,-0.09588106,-0.48947603,0.00782715,0.0040617,0.00353725
-0.43510814,0.33427907,-0.83602531,0.24377769,0.93758318,0.24801254,0.86674867,-0.09589204,-0.48943985,0.00639013,0.00655854,0.00577055
-0.43507853,0.33438143,-0.83599969,0.24381418,0.9375478,0.24811039,0.86675318,-0.09588106,-0.48943385,0.00760697,0.00187117,0.00364389
-0.43516474,0.33463916,-0.83585182,0.24378753,0.93747703,0.24840382,0.86671753,-0.09567367,-0.4895378,0.00533275,0.00335896,-0.0020226
-0.435164881,0.334679663,-0.835835655,0.243745558,0.937469628,0.248472951,0.866729382,-0.0956045363,-0.489530541,0.00582456077,0.000762939453,0.00243274076
-0.43519406,0.33457727,-0.83586118,0.24370903,0.93750504,0.2483751,0.86672473,-0.09561553,-0.48953613,0.00536902,-0.00463516,-0.00262086
-0.43525407,0.3341844,-0.83598728,0.2436083,0.93763477,0.24798395,0.86672311,-0.09571742,-0.48951944,0.00267381,0.00670159,-0.00193465
-0.43522539,0.33413894,-0.83602039,0.24357521,0.93765097,0.2479552,0.86674681,-0.09571745,-0.48947747,,,
-0.43516723,0.3342364,-0.83601171,0.24353663,0.93762441,0.24809349,0.86678686,-0.09563732,-0.48942222,0.00567263,0.00243199,-0.00137076
-0.43508099,0.3341001,-0.83611096,0.24343738,0.93767297,0.24800732,0.86685792,-0.09563739,-0.48929614,0.00658494,0.00400186,-0.00314877
-0.43505231,0.3340547,-0.83614405,0.24340429,0.93768915,0.24797863,0.86688163,-0.09563737,-0.48925418,0.0074388,0.00372541,-0.00298011
-0.43493745,0.33395403,-0.83624402,0.24318792,0.93773911,0.24800202,0.86699999,-0.09549907,-0.48907144,0.01634238,0.00158769,0.00466978
-0.434937576,0.333994526,-0.836227887,0.243145954,0.93773172,0.248071101,0.867011803,-0.0954299905,-0.48906418,0.0129343383,-0.000125348568,0.0033292938
-0.434908,0.33425891,-0.83613752,0.24301444,0.93766671,0.2484454,0.86706341,-0.09514259,-0.48902849,0.00765723,0.00169933,0.00406765
-0.43487931,0.33421349,-0.83617063,0.24298137,0.9376829,0.24841664,0.86708709,-0.09514262,-0.48898654,0.0071874,-0.00319356,0.00259003
-0.43476442,0.33399135,-0.83631915,0.24289101,0.93775504,0.24823264,0.86717006,-0.09521169,-0.48882603,,,
-0.43470761,0.33371211,-0.83646014,0.24279733,0.93784631,0.24797934,0.86722477,-0.09529179,-0.48871334,,,
-0.43459185,0.3336377,-0.83654992,0.24277661,0.93786687,0.24792184,0.86728853,-0.09534994,-0.48858873,,,
-0.43456297,0.33359222,-0.83658296,0.24274358,0.93788304,0.24789302,0.86731215,-0.09535,-0.48854661,,,
-0.43444722,0.33351775,-0.83667283,0.24272287,0.93790361,0.24783547,0.867376,-0.0954082,-0.488422,,,
-0.434476535,0.333455875,-0.836682199,0.242644367,0.937931524,0.247806694,0.86738321,-0.0953500172,-0.488420428,0.0046791574,0.00699830055,0.000122073689
