0,1,2,3,4,5,6,7,8,9,10,11
-0.28145393,-0.04287305,-0.95861644,0.08574513,-0.9961286,0.01937559,-0.95573603,-0.07674336,0.28404057,,,
-0.28180496,-0.04301413,-0.95850701,0.08582898,-0.99611962,0.01946797,-0.95562508,-0.07678151,0.28440337,,,
-0.281908009,-0.0430310377,-0.958475844,0.0858172855,-0.996120225,0.0194804101,-0.95559563,-0.0767621173,0.284507336,0.000414686976,-0.0041111107,0.00495951157
-0.28201125,-0.04304799,-0.95844474,0.08580556,-0.99612103,0.0194929,-0.95556625,-0.07674268,0.2846113,,,
-0.28221771,-0.04303129,-0.95838478,0.08583257,-0.99611964,0.01945027,-0.95550293,-0.07677142,0.28481617,,,
-0.28231394,-0.04311969,-0.95835247,0.08588724,-0.99611361,0.01951781,-0.9554696,-0.0768001,0.28492026,0.00356283,0.00408417,-0.00326624
-0.282616498,-0.0432421006,-0.958257714,0.0859184672,-0.996109007,0.0196104514,-0.955377278,-0.0767898011,0.285232323,0.00434701471,-0.000470459432,-0.00250290474
-0.28313227,-0.04327635,-0.95810399,0.08591024,-0.99610995,0.01960542,-0.95522538,-0.07676002,0.28574877,,,
-0.28344841,-0.04325576,-0.95801136,0.08580852,-0.99611894,0.01958807,-0.95514069,-0.07665333,0.28606021,0.00251271,-0.00298005,0.0047839
-0.28329728,-0.0432198,-0.95805771,0.08576777,-0.99612274,0.01957549,-0.95518921,-0.07662479,0.28590585,,,
-0.283503452,-0.0432032484,-0.957997463,0.0857946154,-0.996121246,0.019533039,-0.955125616,-0.0766533429,0.286110551,0.0029471626,0.00469690515,0.000587620307
-0.283812757,-0.0432036648,-0.957905917,0.0858097132,-0.996120622,0.0195031366,-0.955032457,-0.0766623933,0.286419052,0.00058390171,0.00620704843,2.86052818e-06
-0.28401877,-0.04318724,-0.95784554,0.08583652,-0.99611906,0.01946081,-0.95496874,-0.07669089,0.28662368,,,
-0.28418384,-0.04313068,-0.95779919,0.08569407,-0.996132,0.01943098,-0.95493249,-0.07655574,0.28678067,,,
-0.28449303,-0.04313122,-0.95770735,0.08570892,-0.99613127,0.01940129,-0.95483907,-0.07656453,0.28708918,,,
-0.28474699,-0.04318421,-0.95762944,0.08573785,-0.99612821,0.01942652,-0.95476072,-0.07657345,0.28734717,,,
-0.28505606,-0.04318479,-0.95753753,0.08575274,-0.99612763,0.01939686,-0.95466723,-0.07658228,0.28765542,,,
-0.28532375,-0.04309484,-0.95746178,0.08564862,-0.99613811,0.01931234,-0.95459653,-0.07649502,0.28791301,,,
-0.28558474,-0.04297555,-0.95738934,0.08571143,-0.99613591,0.0191475,-0.95451286,-0.07659098,0.28816482,,,
-0.28568751,-0.0429422,-0.95736007,0.08574991,-0.9961335,0.01909259,-0.95447854,-0.07663903,0.2882655,,,
-0.28579055,-0.04300965,-0.95732636,0.08568781,-0.99613741,0.01917293,-0.95445335,-0.07655177,0.28837222,,,
-0.2862982,-0.04316645,-0.95716767,0.08569503,-0.99613458,0.01929156,-0.95430061,-0.07650137,0.28889074,,,
-0.286661828,-0.0431651591,-0.957058966,0.0856453853,-0.996139297,0.0192749359,-0.954195978,-0.0764422934,0.289251909,0.00426015351,-0.000761568488,-0.00272070547
-0.28697034,-0.04316598,-0.95696636,0.08565998,-0.99613845,0.01924562,-0.95410182,-0.0764508,0.2895599,,,
-0.28738143,-0.04323426,-0.95683978,0.08561244,-0.99614136,0.01929686,-0.95398222,-0.07637183,0.28997426,,,
-0.28764207,-0.04316561,-0.95676469,0.08562477,-0.99614237,0.01919992,-0.95390269,-0.07640005,0.2902286,,,
-0.28759413,-0.04309611,-0.95678222,0.08562254,-0.99614384,0.01913224,-0.95391733,-0.07641981,0.29017523,0.00304279,0.00447589,0.00145999
-0.28765595,-0.04302248,-0.95676699,0.08549164,-0.99615594,0.01909024,-0.95391047,-0.07630416,0.2902283,,,
-0.28771774,-0.04289843,-0.956754,0.08541099,-0.99616499,0.01898049,-0.95389908,-0.07625629,0.29027834,-0.00480121,-0.00139093,-0.00100376
-0.28782043,-0.04291557,-0.95672219,0.08539892,-0.99616555,0.01899344,-0.95386903,-0.07623635,0.29038204,,,
-0.28798497,-0.04285894,-0.95667524,0.08525614,-0.99617838,0.01896429,-0.95383217,-0.07610101,0.29053864,,,
-0.28839597,-0.04287698,-0.95655062,0.08525855,-0.99617849,0.01894819,-0.95370777,-0.07608954,0.29094973,,,
-0.28860156,-0.04286084,-0.95648943,0.08528485,-0.99617717,0.01890627,-0.95364332,-0.07611768,0.29115372,,,
-0.28880698,-0.04284473,-0.95642815,0.0853111,-0.99617572,0.01886439,-0.95357878,-0.07614577,0.29135769,,,
-0.28895745,-0.0428811,-0.95638098,0.08535157,-0.99617188,0.01887738,-0.95352949,-0.07617387,0.29151147,,,
-0.28900538,-0.04290026,-0.95636566,0.08540402,-0.99616742,0.01887732,-0.95351029,-0.07622183,0.29156177,,,
-0.28936821,-0.04289917,-0.95625601,0.08535385,-0.99617204,0.01886133,-0.95340474,-0.07616227,0.29192228,,,
-0.28947097,-0.0429163,-0.9562242,0.08534188,-0.99617293,0.01887429,-0.95337469,-0.07614241,0.29202572,,,
-0.28972411,-0.04302011,-0.95614285,0.08532012,-0.99617298,0.01896806,-0.95329972,-0.07608272,0.29228587,,,
-0.28982689,-0.04303723,-0.95611103,0.08530816,-0.99617391,0.01898103,-0.95326965,-0.07606286,0.29238928,,,
-0.2900322,-0.04302124,-0.95604954,0.08533429,-0.99617253,0.01893928,-0.95320491,-0.07609081,0.29259307,0.00357463,0.0023362,0.00264676
-0.29023036,-0.04312723,-0.95598443,0.08537696,-0.99616704,0.01902012,-0.95314058,-0.07609883,0.29280014,,,
-0.29048332,-0.04318079,-0.95590514,0.08540534,-0.99616406,0.01904615,-0.95306094,-0.07610682,0.29305713,,,
-0.29048332,-0.04318079,-0.95590514,0.08540534,-0.99616406,0.01904615,-0.95306094,-0.07610682,0.29305713,0.00301138,-0.00119382,-0.00423417
-0.29083901,-0.04330177,-0.95579152,0.08537153,-0.99616492,0.01915305,-0.95295549,-0.07602693,0.29342056,,,
-0.291146644,-0.0433030645,-0.9556978,0.0853855409,-0.996164277,0.0191245068,-0.952860299,-0.0760347418,0.293727534,0.00496869441,-0.000834822597,0.000435618451
-0.29124922,-0.04327004,-0.95566807,0.08542366,-0.99616211,0.0190698,-0.95282557,-0.07608261,0.29382785,,,
-0.29124922,-0.04327004,-0.95566807,0.08542366,-0.99616211,0.0190698,-0.95282557,-0.07608261,0.29382785,0.00545528,-0.00356889,0.0041148
-0.29156356,-0.0431997,-0.95557533,0.08537096,-0.99616811,0.01898657,-0.95273408,-0.0760426,0.29413458,,,
-0.29176869,-0.04323406,-0.95551126,0.08534689,-0.99616981,0.01901277,-0.95267353,-0.07600258,0.29434113,,,
-0.29187814,-0.0431293,-0.95548261,0.08531819,-0.99617442,0.01890332,-0.95264262,-0.07600258,0.29444125,,,
-0.29213773,-0.04311136,-0.95540406,0.0852797,-0.99617822,0.01887492,-0.95256647,-0.0759625,0.29469781,,,
-0.29224021,-0.04312855,-0.95537196,0.08526765,-0.99617903,0.01888805,-0.95253613,-0.07594247,0.29480105,,,
-0.29254744,-0.04312997,-0.95527779,0.08528146,-0.99617828,0.01885972,-0.95244051,-0.07595012,0.29510773,,,
-0.29280709,-0.04311205,-0.95519915,0.08524293,-0.99618226,0.01883139,-0.95236427,-0.07591001,0.29536417,0.00200991,0.00115091,0.00634978
-0.2929096,-0.04312935,-0.95516691,0.08523085,-0.99618301,0.01884466,-0.9523338,-0.07588991,0.29546751,,,
-0.29312123,-0.0430419,-0.9551058,0.08518988,-0.99618813,0.01874856,-0.95227222,-0.07586975,0.29567087,,,
-0.29317608,-0.04298954,-0.95509147,0.08517552,-0.9961906,0.01869387,-0.95225677,-0.07586981,0.29572088,,,
-0.29333288,-0.04295449,-0.95504476,0.08514894,-0.99619344,0.01865252,-0.95221071,-0.07584965,0.29587406,,,
-0.29384473,-0.04299048,-0.95488583,0.08513835,-0.99619445,0.01865084,-0.95205388,-0.07581695,0.29638678,,,
-0.294308671,-0.0430070947,-0.954742224,0.0850753032,-0.996199916,0.0186492887,-0.951916235,-0.0757363387,0.296849196,-0.00093360676,0.0053879614,0.00241537578
-0.2943088,-0.04295697,-0.95474453,0.08512529,-0.99619704,0.01858139,-0.95191181,-0.07580423,0.29684619,0.00270632,-0.00360918,0.00317681
-0.29456106,-0.04306109,-0.95466201,0.08510335,-0.99619711,0.01867593,-0.95183572,-0.07574373,0.29710548,,,
-0.29486789,-0.0430127,-0.95456948,0.08516675,-0.99619349,0.01858014,-0.95173505,-0.07581889,0.29740868,,,
-0.29497009,-0.04302996,-0.95453708,0.08515459,-0.99619423,0.01859345,-0.95170443,-0.07579871,0.29751173,,,
-0.29507256,-0.04309732,-0.95450252,0.08509249,-0.99619824,0.01867467,-0.95167836,-0.07571061,0.29761777,,,
-0.29552909,-0.04318585,-0.95435712,0.08509602,-0.99619671,0.01872805,-0.95153623,-0.07567731,0.29808008,,,
-0.2958358,-0.04323776,-0.95425971,0.08505951,-0.99619903,0.01876823,-0.95144415,-0.07561655,0.2983892,,,
-0.29614235,-0.04328967,-0.95416227,0.0850229,-0.99620141,0.01880849,-0.95135206,-0.07555566,0.29869811,,,
-0.29644885,-0.04329155,-0.95406702,0.08503617,-0.99620082,0.01878086,-0.95125543,-0.07556265,0.29900397,0.00217332,-0.00438493,0.00325447
-0.296550931,-0.0433088076,-0.954034471,0.0850240081,-0.996201541,0.0187942371,-0.951224654,-0.0755423887,0.299106903,0.00818694383,-0.00558578921,-0.000820322428
-0.296809917,-0.0432410781,-0.953957148,0.0850348558,-0.996202628,0.0186986279,-0.951143051,-0.0755696669,0.299359661,0.00513840374,-0.00255244947,0.00095036393
-0.29687112,-0.04311706,-0.95394361,0.08495339,-0.99621145,0.01858967,-0.95113112,-0.07552201,0.2994094,,,
-0.29687798,-0.04304527,-0.95394471,0.08488654,-0.99621817,0.01853518,-0.95113495,-0.07547438,0.29940926,-0.00366422,0.00349683,-0.00202392
-0.29698686,-0.04294077,-0.95391547,0.08485733,-0.99622259,0.01842621,-0.9511035,-0.07547438,0.29950903,,,
-0.29719136,-0.04292535,-0.95385267,0.08488276,-0.99622147,0.01838517,-0.95103755,-0.07550173,0.29971183,,,
-0.29759264,-0.04301649,-0.95372332,0.08495051,-0.99621477,0.0184257,-0.95090589,-0.07553593,0.30012048,,,
-0.298000856,-0.0430358453,-0.953594886,0.0849512084,-0.996214831,0.0184118137,-0.950777883,-0.075522306,0.300529019,0.0001002762,0.00201100088,0.00765240472
-0.298000856,-0.0430358453,-0.953594886,0.0849512084,-0.996214831,0.0184118137,-0.950777883,-0.075522306,0.300529019,0.0001002762,0.00201100088,0.00765240472
-0.29819138,-0.04321418,-0.9535274,0.08506044,-0.99620319,0.01854778,-0.95070852,-0.07557667,0.30073496,,,
-0.29844297,-0.04326855,-0.95344612,0.08508815,-0.99620018,0.01857491,-0.95062699,-0.07558341,0.3009907,0.00451652,0.00124198,0.00463277
-0.29854493,-0.04328593,-0.95341338,0.08507585,-0.99620093,0.0185885,-0.95059605,-0.07556295,0.3010935,0.00383392,-0.0012601,0.00461694
-0.2985993,-0.0432337,-0.95339868,0.08506118,-0.99620314,0.01853405,-0.95058024,-0.07556297,0.30114333,,,
-0.29870813,-0.04317928,-0.95336704,0.08498195,-0.99621063,0.01849326,-0.95055312,-0.07549491,0.30124596,,,
-0.29890539,-0.04328584,-0.9533005,0.08502429,-0.99620568,0.01857481,-0.95048744,-0.07550159,0.30145166,,,
-0.29925875,-0.04340758,-0.95318406,0.08498977,-0.99620654,0.01868367,-0.9503793,-0.07541965,0.30181285,,,
-0.29946264,-0.04339231,-0.95312073,0.08501496,-0.99620517,0.0186428,-0.95031283,-0.0754467,0.30201533,,,
-0.299768448,-0.0434445817,-0.953022256,0.0849780129,-0.996207616,0.0186838193,-0.950219759,-0.0753851186,0.30232347,0.00484613562,-0.00119590748,-0.000989418244
-0.299917879,-0.0434317038,-0.952975841,0.0850676828,-0.996201001,0.0186294207,-0.950164594,-0.0754801502,0.302473125,0.00354643725,-0.00441300822,0.000311553245
-0.29997237,-0.04342944,-0.95295887,0.08500317,-0.99620636,0.01864307,-0.95015324,-0.07541211,0.30252588,,,
-0.30018299,-0.04334246,-0.95289649,0.08496133,-0.99621168,0.018548,-0.95009045,-0.07539156,0.30272812,,,
-0.30023711,-0.04324037,-0.9528839,0.08499632,-0.99621072,0.01842561,-0.95007004,-0.07545958,0.30277491,,,
-0.30028492,-0.0433099,-0.95286589,0.08499882,-0.99620956,0.01849355,-0.95005492,-0.07543914,0.30282781,,,
-0.30059054,-0.04331221,-0.95276935,0.08501147,-0.99620888,0.01846655,-0.94995707,-0.07544545,0.30313294,,,
-0.300997759,-0.0432821646,-0.952642078,0.085061475,-0.996206008,0.0183853289,-0.949823573,-0.0754991992,0.303537495,-0.000811037375,-0.00178450334,-0.0046757618
-0.30095022,-0.0432624,-0.95265795,0.08500935,-0.99621039,0.01838527,-0.94984326,-0.07545179,0.3034876,,,
-0.30116092,-0.0431755,-0.95259545,0.08496738,-0.99621594,0.01829031,-0.94978038,-0.07543121,0.3036897,0.00439141,0.00115472,-0.00222599
-0.30131694,-0.0430909,-0.95254987,0.0849899,-0.9962159,0.01818166,-0.9497288,-0.07547867,0.30383903,,,
-0.30141873,-0.04305852,-0.95251904,0.08502727,-0.99621356,0.01812737,-0.94969307,-0.07552617,0.30393877,0.00132375,-0.00404143,-0.00376227
-0.30158166,-0.04290202,-0.95247451,0.0849827,-0.9962203,0.0179644,-0.94964531,-0.07552613,0.30408792,,,
-0.30194831,-0.0427306,-0.9523662,0.08496304,-0.99622585,0.01776091,-0.94953071,-0.07555305,0.30443916,,,
-0.30205683,-0.04262635,-0.95233643,0.08493326,-0.99623026,0.01765236,-0.94949882,-0.07555302,0.30453854,-0.00503571,0.0013513,0.00180914
-0.30205678,-0.04257652,-0.95233864,0.08498293,-0.99622719,0.01758431,-0.94949436,-0.07562107,0.30453551,-0.00235703,0.00219792,0.0052217
-0.302361828,-0.0425791228,-0.952241618,0.0849952531,-0.99622646,0.0175576496,-0.949396064,-0.0756272597,0.304840122,-0.0058429176,0.000485002965,0.00557203917
-0.30256539,-0.04256421,-0.95217772,0.08502007,-0.9962252,0.01751712,-0.94932908,-0.07565414,0.30504214,,,
-0.30272138,-0.04252952,-0.95212971,0.08499265,-0.99622828,0.01747663,-0.94928183,-0.07563348,0.30519433,-0.00402472,-0.00125587,0.007439
-0.30266707,-0.04253185,-0.95214683,0.08505721,-0.99622295,0.01746284,-0.94929333,-0.07570153,0.30514162,,,
-0.30266022,-0.04265359,-0.95214355,0.08507466,-0.9962193,0.01758518,-0.94929394,-0.07568096,0.30514481,-0.00242297,0.00166243,0.00415014
-0.30274153,-0.04293675,-0.95210507,0.08521363,-0.99620321,0.01783,-0.94925564,-0.07573445,0.30525081,,,
-0.30302592,-0.04325483,-0.95200017,0.08532772,-0.99618848,0.01810237,-0.94915461,-0.07574652,0.30556176,,,
-0.30326978,-0.04343144,-0.9519145,0.0853723,-0.99618196,0.01825246,-0.94907274,-0.07573171,0.30581967,,,
-0.30381169,-0.04373263,-0.95172783,0.08544655,-0.99617097,0.01849848,-0.94889266,-0.07570181,0.30638524,,,
-0.304055167,-0.0439591021,-0.951639535,0.0854415038,-0.996167179,0.0187168349,-0.948815027,-0.075618568,0.306645959,0.00544353435,-0.00232261396,-0.000763605116
-0.3039467,-0.04401353,-0.9516717,0.085521,-0.99615964,0.01875717,-0.94884265,-0.07568674,0.30654371,0.00628932,-0.00184119,-0.00257304
-0.3039467,-0.04401353,-0.9516717,0.085521,-0.99615964,0.01875717,-0.94884265,-0.07568674,0.30654371,0.00628932,-0.00184119,-0.00257304
-0.30393971,-0.04403578,-0.95167296,0.0856377,-0.99614997,0.01874336,-0.94883442,-0.07580224,0.30654073,,,
-0.3040413,-0.04405324,-0.9516396,0.08562524,-0.99615063,0.01875716,-0.9488029,-0.07578142,0.30664327,,,
-0.30419718,-0.04401872,-0.95159141,0.08559792,-0.99615377,0.01871681,-0.94875542,-0.07576065,0.30679529,,,
-0.30460348,-0.04403916,-0.95146052,0.08559769,-0.99615408,0.01870433,-0.94862511,-0.07574542,0.3072018,,,
-0.3047523,-0.04407662,-0.95141111,0.08563731,-0.99615039,0.01871828,-0.94857372,-0.07577185,0.30735391,,,
-0.3047523,-0.04407662,-0.95141111,0.08563731,-0.99615039,0.01871828,-0.94857372,-0.07577185,0.30735391,,,
-0.30540861,-0.04405274,-0.95120161,0.08576328,-0.99614161,0.01859744,-0.94835109,-0.07589836,0.30800878,0.00145489,0.00325435,0.00416407
-0.305510242,-0.0440703782,-0.951168251,0.0857507398,-0.99614258,0.018611478,-0.948319594,-0.0758773896,0.308111079,0.0055815978,-0.00348407007,-0.000149638392
-0.305720332,-0.0439837493,-0.951104901,0.0857083046,-0.996148205,0.0185169501,-0.948255867,-0.0758565799,0.308312508,0.00505775586,-0.000725924911,0.00229439768
-0.30578135,-0.04385969,-0.95109095,0.08562616,-0.99615718,0.01840861,-0.94824355,-0.07580926,0.30836193,,,
-0.30588989,-0.04380525,-0.95105867,0.08554658,-0.99616493,0.01836839,-0.94821584,-0.07574111,0.30846405,,,
-0.30610659,-0.04369639,-0.95099395,0.08538732,-0.99618007,0.01828808,-0.94816026,-0.07560472,0.30866829,,,
-0.30616065,-0.04359458,-0.95098105,0.08542177,-0.9961791,0.01816569,-0.94813953,-0.07567287,0.30871498,,,
-0.306262118,-0.0436121646,-0.950947595,0.0854092394,-0.996179957,0.0181797053,-0.948107912,-0.0756519595,0.30881723,0.0015612588,0.0047706957,0.000411693123
-0.30651902,-0.0435953,-0.95086553,0.08536908,-0.99618378,0.01815365,-0.94802844,-0.07561008,0.30907125,,,
-0.30687733,-0.04364574,-0.95074762,0.08526679,-0.99619149,0.01820995,-0.94792171,-0.07547898,0.30943043,,,
-0.30697893,-0.04361367,-0.95071644,0.08530377,-0.99618954,0.0181558,-0.94788563,-0.07552625,0.30952964,,,
-0.30733013,-0.04368655,-0.95059954,0.08531805,-0.99618741,0.01819817,-0.94777045,-0.07551046,0.30988585,,,
-0.30733013,-0.04368655,-0.95059954,0.08531805,-0.99618741,0.01819817,-0.94777045,-0.07551046,0.30988585,,,
-0.3073844,-0.04358475,-0.95058676,0.08535247,-0.99618684,0.01807571,-0.94774985,-0.07557873,0.30993236,,,
-0.30758704,-0.04362009,-0.95051957,0.0853273,-0.99618845,0.01810406,-0.94768635,-0.07553669,0.31013669,,,
-0.30764121,-0.04356804,-0.95050447,0.0853122,-0.99619079,0.01804992,-0.94767017,-0.07553672,0.31018619,,,
-0.30778962,-0.04360573,-0.9504546,0.08535158,-0.99618702,0.01806412,-0.94761834,-0.07556286,0.31033798,,,
-0.30813394,-0.04370108,-0.95033871,0.0854825,-0.99617538,0.01809237,-0.9474947,-0.07566246,0.31069114,,,
-0.308282462,-0.0437883895,-0.950286554,0.0854724533,-0.996174779,0.0181747615,-0.947447317,-0.0756203621,0.31084588,0.000853974954,0.000285565824,0.00527186133
-0.30863335,-0.04381185,-0.95017141,0.08553615,-0.99616955,0.01814906,-0.94732716,-0.07567261,0.31119891,,,
-0.30873481,-0.04387912,-0.95013549,0.08547408,-0.99617358,0.01823151,-0.94729985,-0.07558326,0.31130398,,,
-0.30889018,-0.04384471,-0.95008652,0.08544626,-0.99617661,0.01819157,-0.94725165,-0.07556215,0.31145564,,,
-0.30909255,-0.04388007,-0.95001901,0.08542098,-0.99617817,0.01822004,-0.94718786,-0.07551988,0.31165975,,,
-0.30909255,-0.04388007,-0.95001901,0.08542098,-0.99617817,0.01822004,-0.94718786,-0.07551988,0.31165975,,,
-0.30919374,-0.04389779,-0.94998524,0.0854083,-0.99617897,0.01823432,-0.94715595,-0.0754987,0.31176179,,,
-0.30954465,-0.04397089,-0.94986769,0.08542243,-0.99617714,0.01827701,-0.94704017,-0.07548246,0.31211745,0.00100105,-0.00137562,-0.00474807
-0.30990222,-0.04402157,-0.94974875,0.0853199,-0.99618489,0.01833411,-0.94693247,-0.07535069,0.31247585,,,
-0.30990222,-0.04402157,-0.94974875,0.0853199,-0.99618489,0.01833411,-0.94693247,-0.07535069,0.31247585,,,
-0.31015149,-0.04402748,-0.949667,0.08539603,-0.99617895,0.01829435,-0.94684389,-0.07542377,0.31272638,,,
-0.31029993,-0.04401567,-0.94961918,0.08548476,-0.99617252,0.01824025,-0.94678737,-0.07551802,0.31287492,0.00588517,-0.00108993,0.00429141
-0.31050212,-0.04400159,-0.9495537,0.08550877,-0.99617112,0.01820061,-0.94671887,-0.07554384,0.31307583,,,
-0.31071133,-0.04396486,-0.94948703,0.08541621,-0.99617961,0.0181752,-0.94665865,-0.07545435,0.31327955,,,
-0.31092735,-0.04380651,-0.94942367,0.08530572,-0.99619181,0.01802757,-0.94659772,-0.075386,0.3134801,,,
-0.31098119,-0.04375455,-0.94940833,0.08529041,-0.99619396,0.01797362,-0.94658131,-0.07538597,0.31352949,,,
-0.3109882,-0.04363284,-0.94941173,0.08527258,-0.99619782,0.01785124,-0.94658071,-0.07540726,0.31352634,,,
-0.3109882,-0.04363284,-0.94941173,0.08527258,-0.99619782,0.01785124,-0.94658071,-0.07540726,0.31352634,,,
-0.3113995,-0.04358204,-0.94927925,0.08520378,-0.99620488,0.01778637,-0.94645169,-0.07534351,0.31393092,,,
-0.31181056,-0.04358085,-0.9491443,0.08508566,-0.99621483,0.01779,-0.94632691,-0.07521146,0.31433839,-0.00502074,0.00238174,-0.00286164
-0.312113485,-0.043634085,-0.94904221,0.0850474086,-0.996217207,0.0178333283,-0.946230409,-0.075147561,0.314643913,0.00208672858,0.000602006854,-0.00528781675
-0.31236248,-0.0436897,-0.94895769,0.08507384,-0.99621438,0.01786216,-0.94614583,-0.07515201,0.31489704,,,
-0.3127595,-0.04383292,-0.94882032,0.08509009,-0.996211,0.017974,-0.94601321,-0.07511367,0.31530438,0.00396203,-0.00336087,0.00145304
-0.3127595,-0.04383292,-0.94882032,0.08509009,-0.996211,0.017974,-0.94601321,-0.07511367,0.31530438,0.00396203,-0.00336087,0.00145304
-0.31286755,-0.04377846,-0.94878737,0.08501007,-0.99621877,0.01793451,-0.94598484,-0.07504535,0.315406,,,
-0.3129753,-0.04367456,-0.94875659,0.08497932,-0.99622328,0.01782669,-0.94595193,-0.07504537,0.31550464,,,
-0.313130123,-0.0436404125,-0.948707073,0.0849511228,-0.996226392,0.017787341,-0.945903221,-0.0750239773,0.315655724,-0.00502450624,0.000610947551,-0.00388648687
-0.31302909,-0.04367209,-0.94873888,0.08491461,-0.99622843,0.01784119,-0.94593987,-0.07497698,0.31555694,,,
-0.31327786,-0.04367846,-0.9486564,0.08499032,-0.99622258,0.0178019,-0.94585063,-0.07504967,0.31580693,,,
-0.31352677,-0.04373423,-0.94857165,0.08501671,-0.99621988,0.0178309,-0.94576583,-0.07505398,0.31605985,,,
-0.31377559,-0.04374054,-0.948489,0.08509232,-0.99621402,0.0177915,-0.94567643,-0.0751266,0.31630988,,,
-0.31397747,-0.04382553,-0.94841837,0.08501747,-0.9962188,0.01788899,-0.94561626,-0.07501539,0.31651627,,,
-0.31428014,-0.04382949,-0.94831801,0.08502832,-0.99621844,0.0178643,-0.94551481,-0.07501949,0.31681834,,,
-0.31432694,-0.04384986,-0.94830133,0.08508024,-0.99621368,0.01786438,-0.94549436,-0.07506646,0.3168679,,,
-0.31426632,-0.04397398,-0.94831575,0.08516306,-0.99620477,0.01797208,-0.94550713,-0.07511345,0.31681877,,,
-0.31446802,-0.04396016,-0.94824955,0.08518673,-0.99620349,0.01793278,-0.94543795,-0.075139,0.31701912,,,
-0.314615831,-0.0439982612,-0.948198764,0.0852258406,-0.9961999,0.017947358,-0.945385265,-0.0751645167,0.317170184,0.00389850419,0.000680684985,0.00408197939
-0.3149183,-0.04405168,-0.94809591,0.08518742,-0.99620246,0.01799112,-0.94528806,-0.07510011,0.31747509,,,
-0.31496522,-0.0441214,-0.94807706,0.08519006,-0.99620096,0.01805958,-0.94527216,-0.07507861,0.31752746,,,
-0.31506586,-0.04413923,-0.94804269,0.08517723,-0.99620165,0.01807422,-0.94523968,-0.07505708,0.31762908,,,
-0.31536129,-0.04426493,-0.9479386,0.08520614,-0.9961974,0.01817194,-0.94513856,-0.07503947,0.31793402,,,
-0.31556287,-0.04425118,-0.94787221,0.08522976,-0.99619617,0.01813272,-0.9450692,-0.07506491,0.31813422,,,
-0.31571745,-0.04421718,-0.94782234,0.08520137,-0.99619934,0.01809365,-0.94502015,-0.07504328,0.31828502,,,
-0.3157713,-0.04421468,-0.94780455,0.08513662,-0.99620466,0.01810834,-0.94500802,-0.07497478,0.31833721,,,
-0.31607366,-0.0441694,-0.94770602,0.0851966,-0.99620142,0.01801531,-0.94490167,-0.07504716,0.31863592,,,
-0.3163825,-0.04410133,-0.94760604,0.08513981,-0.99620757,0.01793714,-0.94480334,-0.075004,0.31893739,,,
-0.3165976,-0.04394316,-0.94754145,0.08502833,-0.99621958,0.01779054,-0.94474123,-0.07493543,0.31913729,,,
-0.31665135,-0.04389126,-0.94752589,0.0850128,-0.99622185,0.01773674,-0.9447246,-0.07493547,0.31918648,,,
-0.31670518,-0.04379007,-0.94751263,0.08504641,-0.99622122,0.0176145,-0.94470358,-0.07500394,0.31923269,,,
-0.31696023,-0.04372461,-0.94743036,0.08505421,-0.99622219,0.01752173,-0.94461734,-0.07502925,0.31948186,,,
-0.31716155,-0.04371107,-0.94736355,0.08507764,-0.99622078,0.01748274,-0.94454759,-0.0750546,0.31968196,,,
-0.31757086,-0.0436609091,-0.94722874,0.0850076577,-0.996227872,0.0174195059,-0.944416359,-0.0749897731,0.320084642,0.000825169031,-0.0034395454,0.00541810133
-0.31757086,-0.0436609091,-0.94722874,0.0850076577,-0.996227872,0.0174195059,-0.944416359,-0.0749897731,0.320084642,-0.000947229564,-0.00309473253,0.00514638703
-0.31762454,-0.04355978,-0.94721537,0.08504117,-0.9962271,0.0172973,-0.94439526,-0.07505826,0.32013079,,,
-0.31763136,-0.04353681,-0.94721413,0.08492454,-0.99623678,0.0173121,-0.94440345,-0.07494286,0.32013365,,,
-0.31777894,-0.04357512,-0.94716295,0.08496346,-0.99623332,0.01732688,-0.94435038,-0.07496813,0.32028437,,,
-0.31807385,-0.04370109,-0.94705817,0.08499211,-0.9962292,0.01742504,-0.94424854,-0.07495002,0.32058877,-0.00358216,0.00234193,0.005211
-0.31821446,-0.04386103,-0.94700357,0.08504934,-0.99622195,0.01756212,-0.94419604,-0.07495351,0.32074258,,,
-0.31836188,-0.04389942,-0.94695227,0.0850883,-0.9962184,0.01757696,-0.94414286,-0.07497872,0.32089324,,,
-0.3185561,-0.04400753,-0.94688195,0.08512991,-0.99621339,0.01766033,-0.94407361,-0.07498217,0.32109614,,,
-0.31885072,-0.0441336,-0.94677688,0.08515855,-0.99620915,0.0177586,-0.94397153,-0.0749638,0.32140035,,,
-0.318796933,-0.0441854268,-0.946792501,0.0851742049,-0.996206751,0.0178122907,-0.943988214,-0.0749637976,0.321351238,0.00356579246,0.003886163,-0.000278051244
-0.318937466,-0.0442961565,-0.94674007,0.085280586,-0.996196529,0.0178808357,-0.943931212,-0.0750356792,0.321501981,0.00644613616,0.000944554748,2.94148922e-05
-0.31913154,-0.04440436,-0.9466695,0.08532226,-0.99619132,0.01796425,-0.94386175,-0.07503903,0.32170492,,,
-0.31918533,-0.04435253,-0.94665387,0.0853066,-0.99619373,0.01791056,-0.94384505,-0.07503904,0.32175402,,,
-0.31918533,-0.04435253,-0.94665387,0.0853066,-0.99619373,0.01791056,-0.94384505,-0.07503904,0.32175402,,,
-0.31933947,-0.04436791,-0.94660105,0.08522875,-0.9961997,0.01794039,-0.94379983,-0.07494856,0.32190754,,,
-0.31984177,-0.04445756,-0.9464273,0.08516399,-0.99620397,0.0180149,-0.94363563,-0.07483961,0.32241396,,,
-0.32039073,-0.0445186,-0.94623885,0.08520004,-0.99620095,0.018021,-0.94344625,-0.07484582,0.32296645,0.00731847,-0.00295931,-0.00106856
-0.32059126,-0.04455452,-0.94616908,0.08517405,-0.9962024,0.01805096,-0.94338031,-0.07480208,0.32316888,,,
-0.32079891,-0.04451813,-0.94610044,0.08508048,-0.99621086,0.01802739,-0.94331819,-0.07471152,0.32337115,,,
-0.32075919,-0.04437596,-0.94612068,0.08501023,-0.9962192,0.01790508,-0.94333813,-0.07468672,0.32331885,,,
-0.32076597,-0.04425435,-0.94612401,0.08499169,-0.99622288,0.01778282,-0.94333743,-0.07470855,0.32331575,,,
-0.32082633,-0.0441302,-0.94610927,0.08490837,-0.99623178,0.01767561,-0.94332433,-0.0746618,0.32336465,,,
-0.32088688,-0.04400604,-0.94609459,0.08482505,-0.99624088,0.01756841,-0.9433113,-0.07461505,0.32341355,-0.00432306,0.00169009,0.00309412
-0.32098716,-0.04402399,-0.94605969,0.08481203,-0.99624165,0.01758341,-0.9432783,-0.0745932,0.32351475,-0.00739588,0.00174111,0.00397248
-0.32114126,-0.04399015,-0.94600908,0.08478315,-0.99624496,0.01754486,-0.94322857,-0.07457125,0.32366497,,,
-0.3213888,-0.04399749,-0.94592468,0.084858,-0.99623929,0.01750627,-0.94313753,-0.07464296,0.32391365,,,
-0.32143546,-0.04406727,-0.94590552,0.08486073,-0.99623776,0.01757493,-0.94312133,-0.07462103,0.32396579,,,
-0.321783073,-0.0441417885,-0.945783848,0.0848734012,-0.996235882,0.0176201029,-0.943001639,-0.0746020427,0.324318376,-0.000758529059,0.00416904641,0.00313060451
-0.32203047,-0.0441492,-0.94569939,0.08494811,-0.99623033,0.01758159,-0.94291055,-0.07467356,0.32456681,,,
-0.32207694,-0.04421898,-0.94568014,0.08495086,-0.99622865,0.01765025,-0.94289427,-0.07465161,0.32461892,,,
-0.32201651,-0.04439229,-0.9456926,0.08498526,-0.99622258,0.01782603,-0.9429118,-0.07462966,0.32457302,,,
-0.32221716,-0.04442831,-0.94562255,0.08495924,-0.99622425,0.01785621,-0.9428456,-0.0745858,0.32477536,,,
-0.32231749,-0.04444628,-0.94558758,0.08494622,-0.99622518,0.01787127,-0.94281253,-0.07456387,0.32487644,,,
-0.322417627,-0.0444643095,-0.945552516,0.0849331366,-0.996225917,0.0178864243,-0.9427794,-0.0745418477,0.324977528,0.00426995615,0.00268381811,-0.000567340408
-0.322611375,-0.0445727618,-0.945481436,0.0849745965,-0.996221035,0.0179702641,-0.942709496,-0.0745444924,0.325179815,0.000944790256,-0.00450819684,-0.00260333112
-0.32275825,-0.04461138,-0.94542948,0.08501334,-0.99621745,0.01798534,-0.94265572,-0.0745692,0.32533,,,
-0.32300511,-0.04466804,-0.94534234,0.0850389,-0.99621451,0.01801564,-0.94256871,-0.07457174,0.32558121,0.00450157,-0.00602621,0.00123168
-0.32310547,-0.04468607,-0.94530732,0.08502584,-0.99621552,0.01803079,-0.94253561,-0.0745497,0.32568224,0.00613845,-0.00144845,-0.003385
-0.3232593,-0.04465233,-0.94525641,0.08499701,-0.9962188,0.01799239,-0.94248555,-0.07452776,0.32583223,,,
-0.32345949,-0.04463925,-0.94518844,0.08501985,-0.99621741,0.017954,-0.94241471,-0.07455238,0.3260313,,,
-0.323559708,-0.0446081895,-0.945155648,0.0850557113,-0.996215368,0.017900504,-0.942377109,-0.0745990047,0.32612936,0.00791726634,-0.000678002776,-6.83777034e-06
-0.32371341,-0.0445254,-0.94510695,0.08507567,-0.99621563,0.0177935,-0.94232255,-0.07464561,0.32627635,,,
-0.32382044,-0.0443728,-0.94507748,0.08509286,-0.9962173,0.01761775,-0.94228424,-0.07471436,0.32637127,,,
-0.323780744,-0.0441814803,-0.945100095,0.0850713857,-0.996222571,0.0174268461,-0.942299874,-0.074758494,0.326316102,-0.0043866355,-0.000744759978,0.00312772463
-0.323687377,-0.0440419588,-0.945138532,0.0850657567,-0.996225363,0.0172895349,-0.942332402,-0.0748025189,0.326211981,-0.00727029471,0.000802993716,0.00433707424
-0.323640785,-0.0439230752,-0.945160056,0.0851118301,-0.996223854,0.0171521825,-0.942344281,-0.0748931535,0.326156919,-0.00590507127,-0.000832498015,-0.00184892141
-0.32388779,-0.04393077,-0.94507505,0.08518627,-0.9962181,0.01711381,-0.94225265,-0.07496446,0.32640512,,,
-0.32408103,-0.0440393,-0.94500364,0.08522768,-0.99621296,0.01719765,-0.94218235,-0.07496703,0.32660723,-0.00526011,0.00186282,0.00243537
-0.32408103,-0.0440393,-0.94500364,0.08522768,-0.99621296,0.01719765,-0.94218235,-0.07496703,0.32660723,-0.00526011,0.00186282,0.00243537
-0.32444701,-0.04442485,-0.94485988,0.08556233,-0.99617959,0.01745728,-0.94202593,-0.07518046,0.32700895,0.00541192,0.00326723,0.00411488
-0.32454027,-0.04451537,-0.94482365,0.08561688,-0.99617378,0.01752593,-0.94198891,-0.07520499,0.32711004,,,
-0.32452632,-0.0447094,-0.94481929,0.08570331,-0.99616325,0.01770167,-0.94198586,-0.07522949,0.32711318,,,
-0.32466609,-0.04486974,-0.9447637,0.08576067,-0.99615591,0.01783904,-0.94193251,-0.07523184,0.32726629,,,
-0.32465916,-0.04494225,-0.94476264,0.08582827,-0.99614912,0.01789259,-0.94192874,-0.07527836,0.32726644,,,
-0.32469886,-0.04513355,-0.94473993,0.08584985,-0.9961439,0.01808346,-0.94191315,-0.07523411,0.32732158,0.00855503,-0.00317204,0.00171026
-0.32478515,-0.04534573,-0.94470011,0.08592315,-0.99613411,0.01827444,-0.94187672,-0.07523635,0.32742588,0.00637177,0.00267214,-0.00112773
-0.32493171,-0.04543366,-0.94464547,0.08591286,-0.99613342,0.01835839,-0.94182708,-0.07519197,0.32757878,0.00765344,0.00545233,-0.00144367
-0.32527833,-0.0456558986,-0.944515451,0.0857785658,-0.996140315,0.0186103582,-0.941719669,-0.0749656368,0.327939266,0.0105006322,-0.000418245763,0.00516828988
-0.32543188,-0.04572029,-0.94445947,0.08565172,-0.99614941,0.01870958,-0.94167819,-0.07480589,0.32809485,0.00423134,-0.00573802,-0.00460221
-0.32553868,-0.04566594,-0.94442518,0.08557091,-0.99615691,0.01867145,-0.94164851,-0.07473705,0.32819555,0.00385054,-0.00263202,-0.00556238
-0.325806211,-0.0455053752,-0.944340802,0.0853934632,-0.996174749,0.018541595,-0.94157222,-0.0745995652,0.328445805,0.00239190133,0.000636339129,-0.00628936663
-0.32586666,-0.04538114,-0.94432596,0.08530986,-0.99618395,0.01843466,-0.94155892,-0.07455307,0.32849454,,,
-0.3258734,-0.04525964,-0.94432934,0.08529102,-0.99618764,0.01831248,-0.94155817,-0.07457527,0.32849148,,,
-0.32638735,-0.0451070193,-0.944159364,0.0851876813,-0.996199883,0.0181446377,-0.941389721,-0.0745085615,0.328989352,0.0032258986,-0.000445425481,-0.00382966641
-0.32638735,-0.0451070193,-0.944159364,0.0851876813,-0.996199883,0.0181446377,-0.941389721,-0.0745085615,0.328989352,0.0032258986,-0.000445425481,-0.00382966641
-0.32638735,-0.0451070193,-0.944159364,0.0851876813,-0.996199883,0.0181446377,-0.941389721,-0.0745085615,0.328989352,0.0032258986,-0.000445425481,-0.00382966641
-0.327274236,-0.0445927703,-0.943876414,0.0849717986,-0.996227559,0.017603428,-0.941100947,-0.0744417361,0.329829116,0.000478629139,-0.00226199604,0.00501886616
-0.32748092,-0.0444585967,-0.943811114,0.084975255,-0.996230166,0.0174433383,-0.941028795,-0.0744882353,0.330024512,-0.00159540446,0.000328302354,0.00629178807
-0.327587647,-0.0443552541,-0.94377895,0.0849430904,-0.996234789,0.0173366194,-0.940994562,-0.0744882434,0.330122121,-0.00387086859,0.000557839812,0.0100032222
-0.327548083,-0.0441639468,-0.943801815,0.0849212236,-0.996240188,0.0171456713,-0.941010471,-0.0745327717,0.330066954,-0.00499278167,0.000303387613,0.0061573768
-0.327654762,-0.0441094863,-0.943767225,0.0848402042,-0.996247591,0.017107683,-0.940980532,-0.0744639932,0.330167661,-0.00486737117,0.00202935911,0.000732880901
-0.32780112,-0.04414855,-0.94371458,0.08487864,-0.99624407,0.01712321,-0.9409261,-0.07448821,0.33031731,-0.0046237,0.00161332,0.00193378
-0.328086933,-0.0442990662,-0.943608214,0.0850232795,-0.996230297,0.0172073994,-0.940813431,-0.0745831441,0.330616689,-0.00282613654,0.000897169055,0.00458394038
-0.328272752,-0.0444804712,-0.943534993,0.085132302,-0.996218516,0.0173450386,-0.940738692,-0.0746314068,0.330818324,0.00562294247,0.00259655691,0.000533238985
-0.32836591,-0.04462008,-0.94349615,0.08513807,-0.99621585,0.01748263,-0.94070582,-0.07458674,0.33092209,,,
-0.32850513,-0.04478067,-0.94343997,0.08519551,-0.99620837,0.01762032,-0.94065191,-0.07458849,0.33107476,0.00496962,-0.00304741,0.00116718
-0.32863761,-0.04501379,-0.94338277,0.08532068,-0.99619431,0.01781132,-0.94059432,-0.07463659,0.33122755,0.00661529,-0.00304371,-0.00200612
-0.32878382,-0.0450529,-0.94332997,0.08535907,-0.99619076,0.01782685,-0.94053975,-0.07466059,0.33137708,0.00858743,0.00106698,-0.00113313
-0.32897649,-0.0451129,-0.94325998,0.08544915,-0.99618283,0.01784231,-0.94046425,-0.07473106,0.3315755,0.00738088,0.00257808,0.00175856
-0.328976462,-0.045161779,-0.94325763,0.0854004144,-0.996185748,0.0179111143,-0.940468666,-0.0746622563,0.331578442,0.00719102984,-0.000783979835,-0.00196581101
-0.32887687,-0.04514358,-0.94329334,0.08541367,-0.99618504,0.01789558,-0.9405024,-0.0746847,0.33147784,,,
-0.32907606,-0.04517997,-0.94322192,0.08538716,-0.99618646,0.01792665,-0.94043492,-0.07463981,0.33167904,,,
-0.32938225,-0.04511312,-0.94311821,0.08532843,-0.99619282,0.01785109,-0.94033303,-0.07459497,0.33197784,,,
-0.32943564,-0.04506149,-0.94310209,0.08531228,-0.99619524,0.01779779,-0.94031585,-0.07459496,0.33202658,,,
-0.329535456,-0.0450796423,-0.943066425,0.0852990605,-0.9961962,0.0178132783,-0.940282153,-0.0745725717,0.332127146,0.00602805708,0.000593841018,-0.00178584456
-0.3297881,-0.0450644,-0.9429787,0.08525627,-0.99620007,0.01779113,-0.94019732,-0.07452755,0.33237713,,,
-0.329987389,-0.0450519174,-0.942909532,0.0852784597,-0.996198779,0.0177533944,-0.940125334,-0.0745514818,0.332575255,0.00531360274,0.000995993498,-0.00248201261
-0.33024702,-0.04496413,-0.94282292,0.08516788,-0.99620972,0.01767804,-0.94004429,-0.07446011,0.33282487,,,
-0.33049956,-0.04490005,-0.94273747,0.08517383,-0.99621081,0.01758708,-0.93995498,-0.07448404,0.33307163,,,
-0.33055278,-0.04484844,-0.94272124,0.0851576,-0.9962131,0.01753384,-0.93993771,-0.07448402,0.33312034,,,
-0.33065923,-0.04474519,-0.94268877,0.08512508,-0.99621769,0.01742733,-0.93990317,-0.07448396,0.33321773,,,
-0.33065923,-0.04474519,-0.94268877,0.08512508,-0.99621769,0.01742733,-0.93990317,-0.07448396,0.33321773,,,
-0.33071941,-0.04462092,-0.9426736,0.08504107,-0.99622679,0.01732076,-0.93988965,-0.07443766,0.33326627,,,
-0.330872489,-0.0445875255,-0.942621627,0.0850115296,-0.996230197,0.0172831445,-0.939838613,-0.0744151853,0.333415437,0.00106495328,0.00492900563,0.000400527089
-0.33107143,-0.04462398,-0.94254986,0.08498485,-0.99623167,0.01731448,-0.93977078,-0.07437013,0.33361637,,,
-0.33127062,-0.04461165,-0.94248048,0.08500692,-0.99623047,0.01727695,-0.93969861,-0.07439402,0.33381431,,,
-0.33151624,-0.04471796,-0.94238916,0.08498315,-0.99623087,0.01737724,-0.93961422,-0.07432637,0.33406695,,,
-0.33160878,-0.04480883,-0.94235218,0.08503766,-0.99622487,0.01744616,-0.93957653,-0.07435013,0.33416751,,,
-0.33170847,-0.04482705,-0.94231633,0.08502435,-0.99622588,0.01746184,-0.93954265,-0.07432759,0.33426792,,,
-0.3319077,-0.0448147,-0.94224677,0.08504626,-0.99622468,0.01742432,-0.93947031,-0.07435129,0.33446591,,,
-0.33200721,-0.04483295,-0.94221083,0.0850329,-0.99622553,0.01744004,-0.93943635,-0.0743287,0.3345663,0.0048292,-0.00152826,-0.00273368
-0.33209977,-0.04492382,-0.94217382,0.08508743,-0.99621958,0.01750895,-0.93939863,-0.07435244,0.33466683,,,
-0.332497891,-0.0449481028,-0.942032232,0.0850827136,-0.996220074,0.0175029872,-0.939258212,-0.0743309543,0.335065475,0.00810096692,-0.00188356626,0.000186917372
-0.33255791,-0.04482386,-0.94201694,0.08499853,-0.99622909,0.0173966,-0.93924456,-0.07428468,0.33511396,,,
-0.33271053,-0.04474178,-0.94196694,0.08501745,-0.99622931,0.01729027,-0.93918878,-0.07433098,0.33525998,,,
-0.33291621,-0.0446569,-0.94189822,0.08497139,-0.9962347,0.01719973,-0.93911999,-0.07430834,0.33545754,,,
-0.33306899,-0.04467228,-0.9418436,0.08489303,-0.99624101,0.01723123,-0.93907303,-0.07421678,0.33560942,,,
-0.33321463,-0.04476041,-0.94178784,0.08488257,-0.99624034,0.01731601,-0.93902224,-0.07417143,0.33576142,,,
-0.33351292,-0.04481525,-0.94167966,0.08484237,-0.99624297,0.01736349,-0.93891999,-0.07410339,0.33606229,,,
-0.33375819,-0.04487291,-0.94159014,0.08486714,-0.9962405,0.01739516,-0.93883073,-0.07410428,0.33631155,,,
-0.33391064,-0.0448884,-0.94153532,0.08478883,-0.99624657,0.01742687,-0.93878356,-0.07401266,0.33646332,,,
-0.33416251,-0.04487343,-0.94144668,0.0847456,-0.99625063,0.01740554,-0.93869786,-0.07396718,0.33671237,,,
-0.33426192,-0.04484294,-0.94141278,0.08478073,-0.99624848,0.01735237,-0.93865923,-0.07401343,0.3368098,,,
-0.33416252,-0.04482467,-0.94144901,0.08479421,-0.99624771,0.0173365,-0.93869347,-0.07403622,0.33670944,,,
-0.334169479,-0.0447519503,-0.941449978,0.0847262201,-0.996254391,0.0172833513,-0.93869711,-0.0739899287,0.336709436,-0.00853165239,0.000981032732,6.66175038e-05
-0.3342687,-0.04472153,-0.9414161,0.08476135,-0.99625218,0.01723027,-0.93865851,-0.07403616,0.33680672,,,
-0.33436134,-0.0448125,-0.94137897,0.0848159,-0.99624648,0.01729923,-0.93862069,-0.07405971,0.33690708,,,
-0.33460609,-0.04487025,-0.94128914,0.08484057,-0.99624366,0.01733105,-0.93853112,-0.07406043,0.3371562,0.00333929,-0.00291854,-0.0035562
-0.33499663,-0.0449674612,-0.941145681,0.0849033658,-0.996237626,0.01737875,-0.938386213,-0.0740846131,0.337554129,0.00426450279,-9.16719364e-05,0.00350417569
-0.33509586,-0.04498585,-0.94110934,0.08488995,-0.9962383,0.01739473,-0.93835186,-0.07406183,0.33765443,,,
-0.335195305,-0.044955497,-0.941075484,0.0849250368,-0.996236387,0.0173416776,-0.938313275,-0.0741080221,0.337751651,0.00513483956,-0.0025836823,0.000923124375
-0.3352876,-0.04499785,-0.9410405,0.08502809,-0.99622748,0.01734169,-0.93827088,-0.07420042,0.337849,,,
-0.33534091,-0.04494628,-0.94102413,0.08501169,-0.99623004,0.01728855,-0.93825348,-0.0742005,0.33789753,0.00522515,-0.00107115,0.00161037
-0.33545368,-0.04481923,-0.94098985,0.08486223,-0.99624413,0.01719842,-0.93822655,-0.07408523,0.33799739,,,
-0.33546045,-0.04474646,-0.94099084,0.0847942,-0.99625075,0.01714533,-0.93823022,-0.07403899,0.33799724,,,
-0.33546045,-0.04474646,-0.94099084,0.0847942,-0.99625075,0.01714533,-0.93823022,-0.07403899,0.33799724,,,
-0.33565916,-0.04473442,-0.94092069,0.08481583,-0.99624975,0.01710818,-0.93815734,-0.07406245,0.33819456,,,
-0.33580436,-0.04482264,-0.94086451,0.0848053,-0.99624893,0.01719325,-0.93810615,-0.07401674,0.33834628,,,
-0.33595672,-0.04483808,-0.94080944,0.08472688,-0.99625515,0.01722516,-0.93805875,-0.07392494,0.33849782,,,
-0.33625454,-0.04489308,-0.94070054,0.08468644,-0.99625792,0.01727318,-0.93795581,-0.07385639,0.33879808,,,
-0.33644615,-0.04495383,-0.94062916,0.08477601,-0.99625009,0.01728917,-0.93787904,-0.07392591,0.33899543,,,
-0.33644615,-0.04495383,-0.94062916,0.08477601,-0.99625009,0.01728917,-0.93787904,-0.07392591,0.33899543,,,
-0.3365916,-0.04499341,-0.94057531,0.08481412,-0.99624667,0.01730518,-0.93782348,-0.07394929,0.33914411,0.00556696,-0.00129402,0.00191528
-0.3366905,-0.04496319,-0.94054116,0.08484905,-0.99624435,0.01725225,-0.93778463,-0.07399536,0.33924123,,,
-0.33674364,-0.04491168,-0.94052469,0.08483255,-0.99624679,0.01719923,-0.93776713,-0.07399537,0.33928971,,,
-0.33674364,-0.04491168,-0.94052469,0.08483255,-0.99624679,0.01719923,-0.93776713,-0.07399537,0.33928971,,,
-0.33694205,-0.0448997,-0.94045416,0.084854,-0.99624555,0.01716218,-0.93769388,-0.07401864,0.33948698,,,
-0.33704135,-0.04491808,-0.94041781,0.08484049,-0.99624658,0.01717825,-0.93765952,-0.07399572,0.339587,,,
-0.33709409,-0.04491521,-0.94039886,0.08477545,-0.99625158,0.01719434,-0.93764626,-0.07392663,0.33963841,,,
-0.337338495,-0.0449731842,-0.940308444,0.0847999324,-0.996248938,0.017226478,-0.937556147,-0.0739269422,0.339887023,0.000888186158,0.0023822186,0.00462514814
