0,1,2,3,4,5,6,7,8,9,10,11
-0.293745849,0.167693153,0.941059282,-0.178722593,-0.976765598,0.118268728,0.93902705,-0.133447606,0.316891205,-0.000181609445,0.00682169199,-0.000814423838
-0.29395379,0.16704186,0.94111001,-0.17822123,-0.97692188,0.11773123,0.9390571,-0.13311824,0.31694042,-0.00488816,0.00327641,-0.00547938
-0.29394564,0.166747,0.94116498,-0.17782087,-0.97701547,0.11756145,0.93913568,-0.1328021,0.31684041,-0.00240553,0.00124329,-0.00640367
-0.29408868,0.16607591,0.94123879,-0.17705307,-0.97720974,0.11710279,0.9392358,-0.13221061,0.31679075,-0.00105746,-0.0065226,-0.00607324
-0.29417159,0.16540699,0.94133081,-0.17634441,-0.977394,0.11663517,0.93934329,-0.13168767,0.31669005,,,
-0.294162331,0.165062118,0.941394173,-0.175993659,-0.977485552,0.116396653,0.939411904,-0.131439894,0.316589345,-0.000908730435,0.00235539675,-0.00511320308
-0.29424409,0.16439342,0.94148576,-0.17528452,-0.97766868,0.11592939,0.93951901,-0.13091634,0.31648863,0.00308361,0.00695854,-0.0052991
-0.294229013,0.163926691,0.941571725,-0.174707827,-0.977805857,0.115641076,0.939631017,-0.13047499,0.316338143,-0.00049468514,0.00546318293,-0.00389084569
-0.29420064,0.163707198,0.941618734,-0.174368269,-0.977879354,0.115531508,0.939702928,-0.130198986,0.316238169,0.00166287972,0.000209569931,-0.00502976868
-0.29399616,0.16335442,0.941744,-0.1731677,-0.97808501,0.11559816,0.93998903,-0.12909423,0.31584077,-0.00166705,0.00226563,-0.0041368
-0.29383013,0.16336468,0.9417939,-0.17285843,-0.97812317,0.11573632,0.94009772,-0.1287902,0.31564111,-0.00263875,0.00204188,-0.0056883
-0.293503603,0.163507362,0.941870866,-0.17246566,-0.978153706,0.116062661,0.940271759,-0.128375573,0.315291292,-0.00403758371,0.000627338886,-0.00317906216
-0.293099681,0.163626214,0.941976179,-0.172294542,-0.978155853,0.116300674,0.940429291,-0.128209664,0.314888989,-0.00131992518,0.000485897064,-0.00644361274
-0.292837978,0.16373806,0.942038069,-0.172218246,-0.978147926,0.11647937,0.940524721,-0.128126561,0.314637586,-0.00639165798,-0.000587701797,-0.00574155292
-0.292314563,0.163911442,0.942170527,-0.172115871,-0.978131665,0.116767605,0.940706325,-0.128029629,0.314133824,-0.00692368392,0.000566840172,-0.0052939835
-0.29178553,0.16396344,0.94232544,-0.17178724,-0.97816094,0.11700587,0.9409306,-0.12773886,0.31358,-0.00857791,-0.00685352,-0.00575069
-0.29154159,0.1640008,0.94239435,-0.1716489,-0.97817083,0.11712508,0.94103136,-0.12761412,0.31332817,-0.00321111,-0.00360483,-0.0066463
-0.291137024,0.163969194,0.942524952,-0.171627927,-0.978170845,0.117156199,0.941160474,-0.127655097,0.312923492,-0.0102238571,-0.000443935394,-0.00705845561
-0.29081523,0.16403292,0.94261316,-0.17166113,-0.97815292,0.11725659,0.94125386,-0.12771003,0.31261998,-0.01231816,0.01239187,-0.0036801
-0.29059482,0.16406662,0.94267529,-0.1717374,-0.97813468,0.11729728,0.94130803,-0.12780662,0.31241735,-0.01375603,0.00873381,-0.00821062
-0.290291023,0.16415651,0.94275314,-0.171608133,-0.978135759,0.117476194,0.941425244,-0.127681823,0.312114902,-0.0130927311,-0.000152766705,-0.00732469233
-0.29016622,0.16403894,0.94281202,-0.17150145,-0.97816276,0.11740713,0.94148316,-0.12762605,0.31196299,-0.01349162,0.00328094,-0.0144925
-0.290858147,0.163212878,0.942742209,-0.171376799,-0.97829382,0.116494,0.941292361,-0.127680914,0.312515851,-0.0157298725,0.0334022641,0.000951883383
-0.29150777,0.16266718,0.94263598,-0.17089685,-0.97843712,0.11599584,0.94117876,-0.12727983,0.31302136,-0.02734359,0.03335923,0.00445947
-0.29186502,0.16255489,0.94254485,-0.17063919,-0.97849176,0.11591492,0.94111485,-0.12700359,0.31332567,-0.03281052,0.02080208,0.0011657
-0.29260266,0.16257845,0.94231201,-0.17008661,-0.97857539,0.11602047,0.94098577,-0.12632675,0.31398618,-0.03260607,0.0115934,-0.01460041
-0.2945874,0.1620568,0.94178326,-0.16878065,-0.97884636,0.11564025,0.94060151,-0.12488863,0.315708,-0.03009262,0.01069158,-0.018091
-0.29676363,0.16105138,0.94127229,-0.16763146,-0.97915636,0.11468261,0.94012274,-0.12375322,0.31757555,-0.02725558,-0.00839412,-0.01692379
-0.29928532,0.16015101,0.94062737,-0.16683374,-0.97941058,0.11367169,0.93946511,-0.12290811,0.31984191,-0.02197102,-0.04554892,-0.01401835
-0.30058046,0.1597718,0.94027891,-0.16667961,-0.97949702,0.11315299,0.939079,-0.12271374,0.32104829,-0.02278195,-0.05813771,-0.01616509
-0.30344366,0.15862867,0.9395525,-0.16657844,-0.97969161,0.11160633,0.93817566,-0.12264296,0.32370532,-0.01177069,-0.04453129,-0.01479269
-0.3066322,0.15650924,0.9388725,-0.16602446,-0.98006206,0.10915254,0.93723668,-0.12240612,0.32650292,0.0016284,-0.02000457,-0.00573969
-0.31200126,0.1518282,0.93787172,-0.1642337,-0.98090674,0.10415943,0.93577906,-0.12153227,0.3309795,0.02092626,-0.0300532,0.00340866
-0.31765069,0.146651,0.93679842,-0.16279961,-0.98173167,0.09848279,0.93412745,-0.12122729,0.33572271,0.03396814,-0.00517058,0.01913227
-0.32101379,0.14355203,0.93613181,-0.16173063,-0.98223576,0.095162,0.93316298,-0.12085287,0.33852818,0.040304,0.02342182,0.02815541
-0.32354793,0.14149826,0.935572,-0.16014427,-0.98268001,0.09324046,0.93256128,-0.11965874,0.34060423,0.05522066,0.02283126,0.03067827
-0.32439147,0.14086911,0.93537475,-0.15911417,-0.98288488,0.09284283,0.93244449,-0.11871396,0.34125388,0.05820845,0.01392716,0.02638343
-0.32547446,0.14032339,0.93508047,-0.15676378,-0.98324881,0.09298686,0.93246515,-0.1163219,0.34202023,0.06530659,0.00838643,0.02342101
-0.32600166,0.14036546,0.93489046,-0.15383272,-0.98361165,0.09403816,0.93276906,-0.11316015,0.34225212,0.0715665,-0.01368964,0.01471019
-0.32615731,0.14060122,0.93480089,-0.15221053,-0.98378515,0.09486172,0.93298091,-0.1113467,0.3422697,0.07108053,-0.00138086,0.01396277
-0.32609665,0.14148658,0.93468846,-0.14872132,-0.98410233,0.09708021,0.93356464,-0.10735057,0.34195455,0.06785566,0.02774757,0.01472166
-0.32557217,0.14353724,0.93455865,-0.14506937,-0.98429011,0.1006376,0.93432204,-0.10281104,0.34128028,0.06143532,0.01989251,0.01451105
-0.3251071,0.14503709,0.93448881,-0.1432378,-0.9843201,0.10293895,0.93476629,-0.10038794,0.34078454,0.05249546,0.02098948,0.0107466
-0.32405444,0.14854943,0.93430272,-0.14017001,-0.98423361,0.10787149,0.93559654,-0.09600499,0.33976766,0.05118095,0.03789085,0.01323947
-0.32269485,0.15276538,0.93409352,-0.13734316,-0.98400148,0.11348053,0.93648535,-0.09167177,0.33851357,0.03719487,0.06704301,0.01630044
-0.32196452,0.15497223,0.93398198,-0.13582278,-0.98386809,0.1164285,0.93695833,-0.08937018,0.33781948,0.03456789,0.05816895,0.01976352
-0.32049151,0.15944252,0.93373615,-0.13236748,-0.98359884,0.12252372,0.93795734,-0.08432848,0.33634015,0.03337879,0.03352207,0.00751661
-0.31912065,0.163501,0.93350373,-0.1288389,-0.98334549,0.12818676,0.9389155,-0.07936455,0.33487137,0.02559075,0.03815085,0.01223421
-0.3169263,0.16977811,0.93313077,-0.1241024,-0.98281252,0.13666759,0.94029582,-0.07249021,0.33254908,0.00941616,0.01940948,0.01555236
-0.31497954,0.17450188,0.93291843,-0.12136934,-0.98228771,0.14275867,0.9413061,-0.06826163,0.33057991,-0.00461886,-0.01833731,0.00317746
-0.31388135,0.17701347,0.93281556,-0.12004517,-0.98198171,0.14594959,0.94184277,-0.06616915,0.32947522,-0.01340919,-0.02229244,0.00284212
-0.3111962,0.18187151,0.93278052,-0.11735953,-0.98135868,0.15218944,0.94307131,-0.0621099,0.32673962,-0.01768043,-0.03220052,0.00255984
-0.30811572,0.18613624,0.93296183,-0.11423539,-0.98081578,0.15795678,0.94446533,-0.05790828,0.32346832,-0.01503881,-0.03312987,-0.00451773
-0.306520697,0.187967,0.933120299,-0.11254824,-0.980588626,0.160558009,0.945186743,-0.0558066952,0.321726042,-0.0109399362,-0.0296868086,0.000149294036
-0.29988384,0.19381609,0.93407973,-0.10668962,-0.97981535,0.16905355,0.947991,-0.04896018,0.31450902,-0.01897979,-0.03756893,0.00154181
-0.2981942,0.19496897,0.93438049,-0.1055328,-0.97964871,0.17073542,0.94865306,-0.04769545,0.31270161,-0.02223872,-0.02770936,0.00290226
-0.2947773,0.19725646,0.93498457,-0.10351067,-0.9792955,0.17397054,0.94994305,-0.04549831,0.30909232,-0.01906543,-0.0111075,0.00319705
-0.2896562,0.20053324,0.93588754,-0.10132575,-0.9787352,0.17835403,0.95175215,-0.04316815,0.30381612,-0.01919801,0.00197583,0.00710258
-0.28629763,0.20272314,0.93644905,-0.10002694,-0.97834385,0.18121164,0.95290509,-0.04178966,0.30037547,-0.01800084,-0.01735425,0.0019411
-0.28303299,0.20490003,0.93696742,-0.09874746,-0.97794702,0.18403265,0.95401305,-0.04043582,0.29702499,-0.02657076,-0.00910938,-0.00409428
-0.28139308,0.20592419,0.93723693,-0.09799643,-0.97776329,0.18540627,0.95457558,-0.03967382,0.29531576,-0.03194623,-0.00101835,-0.00478841
-0.278156588,0.207736411,0.937803068,-0.0963198588,-0.977444598,0.187948655,0.955694248,-0.0380499083,0.291891697,-0.0314458385,-0.000508725643,-0.00950453151
-0.27385935,0.21001627,0.93855964,-0.09382774,-0.97704634,0.19125053,0.95718201,-0.03568718,0.28727865,-0.03774692,-0.01518273,-0.01488313
-0.27127656,0.21150877,0.93897434,-0.09296605,-0.97675285,0.19316001,0.95800109,-0.03489293,0.28463353,-0.03951304,-0.01526833,-0.01076542
-0.26898202,0.21283941,0.93933383,-0.09244047,-0.97648008,0.19478551,0.95869882,-0.03443866,0.28233057,-0.04566683,-0.01612335,-0.01158823
-0.26796134,0.2133533,0.93950891,-0.09213869,-0.97637649,0.19544631,0.9590136,-0.03419306,0.28128934,-0.04472541,-0.01256967,-0.01069514
-0.26645704,0.21403353,0.93978206,-0.09133103,-0.97625217,0.19644437,0.95950994,-0.03348728,0.27967714,-0.04081355,-0.01147556,-0.0135887
-0.26551351,0.21373409,0.94011707,-0.09034519,-0.97634178,0.1964539,0.95986463,-0.03277388,0.27854199,-0.0312194,-0.01609302,-0.01327803
-0.26542244,0.21327399,0.94024725,-0.08983476,-0.97645451,0.19612735,0.95993771,-0.03241027,0.27833259,-0.0246297,-0.00540715,-0.01057062
-0.26596238,0.21017738,0.94079191,-0.08849114,-0.97714441,0.19328221,0.95991315,-0.03184595,0.27848255,-0.01770294,-0.00204176,-0.00911545
-0.266330801,0.209249758,0.940894358,-0.0880967404,-0.977349947,0.192420514,0.959847185,-0.0316422006,0.278732864,-0.0125584807,-7.24196434e-05,-0.0077767102
-0.267201059,0.207210364,0.941099048,-0.0872327625,-0.97779916,0.190523448,0.959684322,-0.0311865999,0.279344544,-0.00313081825,0.000642955303,-0.0130070066
-0.268436543,0.205077227,0.941214642,-0.0864348711,-0.978262381,0.188497987,0.959411634,-0.0307540088,0.280327347,-0.0007666694,-0.00474566221,-0.0107697938
-0.26906682,0.20396933,0.94127546,-0.08618217,-0.9784958,0.18739932,0.95925785,-0.03069822,0.28085934,0.00184783,-0.00406545,-0.00717573
-0.27038016,0.20192759,0.94133923,-0.08591851,-0.97891663,0.18531006,0.95891204,-0.03077428,0.28202923,,,
-0.27151024,0.20015748,0.94139208,-0.08604762,-0.97926637,0.18339297,0.95858117,-0.03121147,0.28310405,0.00542775,-0.00564319,0.00281001
-0.27201524,0.19930821,0.94142649,-0.0861376,-0.97943168,0.18246569,0.95842992,-0.03145876,0.28358838,0.00830982,-0.00467408,0.00182464
-0.272802856,0.197691643,0.941539375,-0.0863461793,-0.979741494,0.18069476,0.958187204,-0.032004268,0.284346417,0.00613603787,0.00221604109,0.000277344603
-0.27351468,0.19624516,0.94163537,-0.08658011,-0.98001442,0.17909499,0.95796306,-0.03254176,0.28503965,0.01243559,0.00733167,-0.00207894
-0.27379729,0.19547763,0.94171309,-0.08669893,-0.98015814,0.17825074,0.95787178,-0.03284095,0.28531233,0.00725365,0.00599927,-0.00298896
-0.27450801,0.19388469,0.94183554,-0.08707984,-0.98044964,0.17645337,0.95763384,-0.03357703,0.28602461,0.0072213,0.003712,-0.00316406
-0.275379502,0.192074641,0.941951907,-0.0876287523,-0.980772837,0.174372417,0.957333414,-0.0345234772,0.286916063,0.0058441991,0.00728732347,0.000801742077
-0.27596891,0.1911776,0.94196176,-0.08791136,-0.98093188,0.17333125,0.95713762,-0.03497509,0.28751372,0.00633814,0.00440937,0.00170698
-0.27711686,0.18945974,0.94197196,-0.08867206,-0.98122585,0.17126866,0.95673582,-0.03606516,0.2887141,0.0102771,0.0032708,0.00210806
-0.27823341,0.18796308,0.94194256,-0.08948092,-0.98147315,0.16942025,0.95633628,-0.0371475,0.28989799,0.0099402,0.00191551,0.00269303
-0.27879137,0.18723857,0.94192182,-0.08986057,-0.9815921,0.16852732,0.95613811,-0.03765765,0.29048513,0.01023739,-0.00212562,-0.00104301
-0.281007577,0.18416501,0.941869389,-0.0907187561,-0.982117777,0.164968812,0.955408187,-0.039087731,0.292689803,0.0120817795,-0.00405830145,-0.000165781006
-0.28157953,0.18318529,0.94188954,-0.09073162,-0.98229226,0.16391873,0.95523846,-0.03930299,0.29321431,0.01060113,-0.00365889,0.00289802
-0.28261955,0.18118616,0.94196484,-0.09078471,-0.9826433,0.16177232,0.95492634,-0.03979598,0.29416314,0.02050766,0.01515418,0.00358858
-0.28364275,0.17963392,0.94195456,-0.09100665,-0.98290644,0.16003952,0.95460176,-0.04033008,0.29514222,0.01869773,0.01749569,0.00187194
-0.28405171,0.17901224,0.94194969,-0.09119318,-0.98300687,0.15931496,0.95446236,-0.0406457,0.2955495,0.02127784,0.00972682,0.00338071
-0.284767129,0.178116309,0.941903445,-0.0916895637,-0.983141628,0.158193911,0.954201522,-0.0413142828,0.296297987,0.0143473037,0.010635674,0.000779107679
-0.28571589,0.17721613,0.94178598,-0.09242317,-0.98326718,0.15698263,0.95384713,-0.04219041,0.29731398,0.01210139,0.00686866,-0.00406082
-0.28635747,0.1768812,0.941654,-0.09255152,-0.98332187,0.15656317,0.95364219,-0.04231846,0.29795238,0.00974335,0.00826794,-0.00310073
-0.28699913,0.17678905,0.94147612,-0.09243393,-0.98334739,0.15647406,0.95346087,-0.04211642,0.29856099,0.00583245,0.00390989,0.00420682
-0.2872031,0.17686514,0.94139957,-0.09237831,-0.9833386,0.15656155,0.95340478,-0.04199994,0.29875635,0.00499958,0.00430161,0.00430737
-0.28749477,0.17718812,0.94124969,-0.09222107,-0.98329369,0.15693486,0.95333199,-0.0416851,0.29903242,,,
-0.287713529,0.177827542,0.941062308,-0.0924320215,-0.983179347,0.157526684,0.953245626,-0.0416617323,0.299310982,0.000674001058,0.00383549929,0.00397126423
-0.28780082,0.17816944,0.94097077,-0.09272167,-0.98310976,0.15778892,0.95319097,-0.04183659,0.29946031,-0.00477202,-0.00245684,0.00404416
-0.28769886,0.17846903,0.94094525,-0.09289482,-0.98305124,0.1580522,0.95320497,-0.04193749,0.29940178,-0.00210868,-0.00405324,0.00622937
-0.2876113,0.17870518,0.94092718,-0.09299446,-0.98300648,0.15827165,0.95322166,-0.04198029,0.29934261,-0.00340506,-0.00137055,0.00353921
-0.28724692,0.179183632,0.940947704,-0.0930281664,-0.982921993,0.158777659,0.953328441,-0.041926253,0.299010291,-0.00469559338,-0.00638973713,0.000407657586
-0.28689658,0.17945324,0.941003,-0.09313545,-0.98286882,0.15904175,0.95342325,-0.0420122,0.29869541,-0.00547699,-0.00828594,-0.00264617
-0.28673618,0.17942784,0.94105682,-0.09321383,-0.9828686,0.15899807,0.95346393,-0.042129,0.29854922,-0.00231401,-0.00400364,-0.00219858
-0.28670714,0.17916843,0.94111496,-0.09326464,-0.98290973,0.15871256,0.95346757,-0.04226871,0.29851763,-0.00261736,0.009332,0.00169452
-0.28669288,0.17894287,0.94116229,-0.09314362,-0.98295311,0.15851553,0.95348376,-0.04221798,0.29847323,-0.0052231,0.0108586,-0.00349224
-0.286649223,0.178940693,0.941176026,-0.0930715762,-0.982956369,0.158537829,0.953503941,-0.0421519845,0.298418111,-5.2902149e-05,0.00469309092,-0.00727442885
-0.28666397,0.17907147,0.94114673,-0.09280144,-0.98294644,0.15875828,0.95352591,-0.04182949,0.29839343,-0.00350165,-0.00345922,-0.00270636
-0.28678053,0.1792401,0.94107904,-0.09250374,-0.9829317,0.15902225,0.9535197,-0.04144884,0.29846622,,,
-0.28683896,0.17932438,0.94104524,-0.09235493,-0.98292443,0.15915423,0.95351662,-0.04125853,0.29850255,,,
-0.28697016,0.17938116,0.94099436,-0.09203285,-0.98292958,0.15930847,0.95350823,-0.04088561,0.29858055,-0.00465063,-0.00346965,-0.00231641
-0.28720342,0.17937885,0.94092354,-0.09178131,-0.98294226,0.15937444,0.95346215,-0.0405863,0.29876833,-0.00227708,0.00174612,-0.00572738
-0.28730556,0.17936834,0.94089445,-0.09180277,-0.982944,0.15935219,0.9534294,-0.04059394,0.29887193,0.00153494,0.00383943,-0.00852121
-0.28758225,0.17951171,0.94078253,-0.09196532,-0.98291472,0.15943867,0.95333027,-0.04066762,0.29917791,-0.00496116,0.00534731,-0.00402355
-0.28800454,0.17969516,0.94061833,-0.09217247,-0.98287785,0.15954644,0.95318279,-0.04074901,0.29963643,-0.00409718,0.00677544,-0.00371085
-0.28828111,0.179886896,0.940496982,-0.0922861189,-0.982842506,0.159698702,0.953088213,-0.0407566911,0.299936125,-0.00581317907,-0.00216770172,0.000366984983
-0.28884874,0.18020699,0.94026166,-0.0924401,-0.98278586,0.15995938,0.95290156,-0.04071382,0.30053467,-0.00314603,-0.00614148,0.00131503
-0.28959064,0.18048837,0.93997936,-0.09244276,-0.98274309,0.16021962,0.95267601,-0.04049618,0.30127806,,,
-0.28998327,0.18060591,0.93983569,-0.09250488,-0.9827232,0.16030542,0.95255051,-0.04045349,0.30168029,-0.0026764,0.00498837,-0.00131034
-0.29069526,0.18111008,0.93951882,-0.09255777,-0.98264021,0.16078436,0.95232848,-0.04022053,0.30241179,-0.00392835,0.00497013,0.00514977
-0.29108657,0.18170905,0.93928189,-0.09261994,-0.98253758,0.16137386,0.95220281,-0.04002247,0.30283334,-0.00634331,-0.0070383,0.00445894
-0.29120224,0.18202028,0.93918579,-0.09266559,-0.982483,0.16167983,0.95216302,-0.03994868,0.30296819,-0.00415356,-0.00193065,0.00841122
-0.29127338,0.18261774,0.93904771,-0.09283468,-0.98237333,0.16224791,0.95212476,-0.0399177,0.30309245,-0.0067947,-0.00249803,0.00976484
-0.291155797,0.1831732,0.938975982,-0.092886778,-0.982274153,0.162817557,0.95215564,-0.0398131787,0.303009168,-0.00632419623,0.00122100115,0.000217276858
-0.29102453,0.18350327,0.93895231,-0.09281695,-0.98221894,0.1631908,0.95220266,-0.03965817,0.30288184,,,
-0.29071794,0.18416093,0.93891834,-0.09260517,-0.98211065,0.16395934,0.95231674,-0.03928277,0.30257163,-0.00621773,-0.00202274,0.00325753
-0.29038293,0.1848012,0.93889617,-0.09219865,-0.98201276,0.16477246,0.95245835,-0.03871783,0.30219841,-0.00582159,-0.00131124,0.00258107
-0.290164656,0.18507843,0.938909124,-0.0920333234,-0.981969317,0.165124101,0.952540937,-0.0384977439,0.301966276,-0.00703394786,-0.00100833178,0.000863529625
-0.28978606,0.18566799,0.9389096,-0.09160336,-0.98187989,0.16589275,0.95269757,-0.03793386,0.30154311,-0.01007362,0.00112087,0.00138323
-0.289422243,0.18624242,0.93890809,-0.091050954,-0.981797461,0.166683161,0.952861146,-0.0372466566,0.301111699,-0.014777381,-0.00270152092,-0.000466675032
-0.28927715,0.18649154,0.93890346,-0.09071271,-0.98176549,0.16705641,0.95293757,-0.03684488,0.3009194,-0.00831421,-0.00589067,-0.00461826
-0.2891466,0.18672542,0.93889706,-0.09025207,-0.98174042,0.1674516,0.95302079,-0.03631934,0.30071943,-0.01658939,-0.01082891,-0.00318021
-0.28926473,0.18645946,0.93891366,-0.08990709,-0.98180192,0.16727768,0.95301768,-0.03602747,0.30076462,-0.01557166,-0.01464349,-0.00184884
-0.28989336,0.18527451,0.93895422,-0.08957343,-0.98202893,0.16611906,0.95285795,-0.03594853,0.3012795,-0.00992195,-0.00966185,-0.00495983
-0.29063717,0.18406255,0.93896252,-0.08913891,-0.98226369,0.16495961,0.95267197,-0.03575468,0.30188988,-0.00606865,-0.00116974,-0.00343516
-0.29110357,0.18333275,0.93896104,-0.08888247,-0.98240463,0.16425915,0.95255374,-0.03564075,0.30227655,-0.00262502,-0.0071559,-0.00418703
-0.29238259,0.18169678,0.93888154,-0.08816476,-0.98272435,0.16272555,0.95222857,-0.03519814,0.30335089,-0.00112485,-0.00354123,-0.00466435
-0.29389068,0.17995726,0.93874569,-0.08729386,-0.98306581,0.16112455,0.95184446,-0.03459372,0.30462322,,,
-0.29468686,0.17911261,0.93865775,-0.08690587,-0.98322959,0.16033405,0.95163389,-0.03432653,0.30531073,,,
-0.29633376,0.17745561,0.93845381,-0.08602998,-0.9835524,0.15881795,0.95120182,-0.03367203,0.30672653,0.00589964,0.0053702,-0.00315758
-0.29908542,0.17489699,0.93806123,-0.08470685,-0.98404468,0.156463,0.95045914,-0.0326644,0.30912848,0.00365055,0.00692827,-0.00100648
-0.300953577,0.173466976,0.93772923,-0.0838233745,-0.984322866,0.155183995,0.949947653,-0.031900448,0.310776118,0.00583648402,0.00536423922,-0.000638015685
-0.30258825,0.1723285,0.93741297,-0.08289792,-0.98455025,0.15423526,0.94950942,-0.0310398,0.31219917,0.00771733,0.00237948,0.00458533
-0.303404158,0.171782104,0.937249478,-0.082410861,-0.984660112,0.15379384,0.94929138,-0.0305778345,0.312906925,0.00905941706,0.00311952829,5.08851372e-06
-0.3046606,0.17080021,0.93702144,-0.08149605,-0.98485661,0.1530222,0.94896801,-0.02974371,0.31396659,0.00352808,0.00347167,0.00232109
-0.30575647,0.16993754,0.93682123,-0.08051311,-0.98503295,0.15240547,0.94869933,-0.02882742,0.31486259,0.01021724,0.0029977,0.00186572
-0.30619624,0.1695017,0.9367566,-0.0800853,-0.98511892,0.15207528,0.94859375,-0.02845555,0.31521441,0.00865207,0.00292569,0.00218063
-0.30690351,0.16871939,0.93666643,-0.07933223,-0.98527151,0.15148089,0.94842851,-0.02781782,0.31576817,,,
-0.30742544,0.16804356,0.93661675,-0.07880359,-0.98539843,0.15093007,0.94830352,-0.02740902,0.31617901,0.00378094,0.00288755,0.00237668
-0.307635699,0.167711365,0.93660719,-0.0785285877,-0.985460716,0.150665905,0.948258083,-0.027200222,0.316333179,0.00674934825,0.000904023647,-0.00035345112
-0.307959931,0.1672071,0.936590863,-0.0782980351,-0.985549894,0.150202493,0.948171966,-0.0270768739,0.316601887,0.00578599051,0.00760155916,-0.000820667134
-0.30818295,0.166810029,0.936588292,-0.0779493489,-0.985624407,0.149894439,0.948128215,-0.0268115343,0.316755426,0.00318975537,0.000433146954,-0.004130546
-0.30832281,0.1666042,0.93657879,-0.07774982,-0.98566343,0.14974034,0.94809902,-0.02665046,0.31685622,0.00539787,-0.00251812,-0.00263342
-0.308703157,0.166132761,0.936537474,-0.0774206441,-0.985749949,0.149343045,0.948002415,-0.0264046732,0.317166053,0.00185672008,0.000655114651,-0.00523408223
-0.30906978,0.165678,0.93649685,-0.07721339,-0.98582938,0.14892301,0.9478996,-0.02628248,0.31748294,0.0037122,0.00305313,-0.0021553
-0.309606993,0.165084202,0.936424488,-0.076951939,-0.985933536,0.14836988,0.947745754,-0.0261233325,0.317955362,0.00604633708,0.00310558081,0.000638093799
-0.31006072,0.1648251,0.93631986,-0.07669471,-0.98598339,0.14817031,0.94761813,-0.02586898,0.31835609,,,
-0.31018716,0.16468358,0.93630295,-0.07656874,-0.98600986,0.14805998,0.947587,-0.02576524,0.31845724,,,
-0.31039593,0.16439793,0.93628402,-0.07624532,-0.98606472,0.14786192,0.94754477,-0.02549153,0.31860497,,,
-0.31070483,0.16400458,0.93625043,-0.07603977,-0.98613341,0.14750806,0.94745993,-0.0253608,0.31886743,0.00267365,-0.003856,-0.00306052
-0.31083103,0.16381515,0.93624176,-0.07596223,-0.98616593,0.14733107,0.94742481,-0.02532394,0.31897478,0.00526041,0.00303751,0.00121461
-0.31115811,0.16350621,0.9361871,-0.076024,-0.98621419,0.1469756,0.94731247,-0.02544004,0.319299,0.00405789,0.00686556,-0.00175171
-0.311485146,0.163340396,0.936107126,-0.0759408669,-0.986243581,0.14681971,0.947211497,-0.0253566107,0.319604804,0.000289406249,0.0054795146,-0.000805425341
-0.31165505,0.16324892,0.93606658,-0.0758383,-0.98626145,0.14675317,0.94716387,-0.02525332,0.31975416,0.00234149,0.00519317,0.00236592
-0.31182483,0.16325279,0.93600934,-0.0756392,-0.9862668,0.14681973,0.9471239,-0.02501695,0.3198911,,,
-0.31185596,0.1634157,0.93597056,-0.07568792,-0.98624011,0.14697407,0.94710978,-0.02500691,0.31993372,,,
-0.311887152,0.163626218,0.935923465,-0.0756884563,-0.986207247,0.147194845,0.947099535,-0.0249304151,0.319970118,0.0039161304,0.00340276957,0.000827638549
-0.311722814,0.164058112,0.935902729,-0.0759387964,-0.986132119,0.147569946,0.947133719,-0.0250704126,0.319858159,-0.000682063284,0.00304716825,0.00533798244
-0.31151428,0.16453496,0.93588834,-0.07606914,-0.98605233,0.14803417,0.94719175,-0.02507746,0.31968553,,,
-0.310947532,0.165110003,0.93597558,-0.0761372129,-0.985957076,0.148632829,0.947372537,-0.025045559,0.319151968,-0.00383134233,-0.00514227152,0.000589986972
-0.31043729,0.16557493,0.93606288,-0.07625143,-0.98587806,0.14909832,0.94753073,-0.02509046,0.31867856,,,
-0.31031082,0.16576421,0.93607124,-0.07632904,-0.9858452,0.14927509,0.94756584,-0.02512774,0.3185711,-0.00148138,0.00512916,-0.00104653
-0.31027199,0.1660539,0.93603275,-0.07645341,-0.98579546,0.14953946,0.94756851,-0.02516499,0.3185602,-0.00307707,0.00579304,0.0033067
-0.31018935,0.166341,0.93600917,-0.07650611,-0.98574781,0.14982642,0.94759132,-0.02513586,0.31849465,,,
-0.310207172,0.166759121,0.935928849,-0.0764354896,-0.985682701,0.15029,0.947591173,-0.0249171394,0.318512253,-0.000112447888,-0.0114088058,-0.00292474311
-0.31036453,0.16678028,0.93587296,-0.07635852,-0.98568206,0.15033381,0.9475459,-0.02480359,0.31865585,,,
-0.31057845,0.16673916,0.93580925,-0.07627964,-0.98569152,0.15031115,0.94748209,-0.02469978,0.31885348,,,
-0.31089293,0.16663833,0.93572279,-0.07627055,-0.98570928,0.15019938,0.94737969,-0.02467216,0.31915976,-0.004887,0.00778705,0.00223858
-0.31118154,0.16685761,0.93558777,-0.07621595,-0.98567667,0.15044089,0.94728933,-0.02449228,0.3194417,-0.00331521,0.00340563,0.0025179
-0.31122538,0.16705069,0.9355388,-0.07609476,-0.985649,0.15068399,0.94728474,-0.02429292,0.31947065,0.00172269,-0.00541413,-0.00243639
-0.31123828,0.16727149,0.9354949,-0.0757318,-0.98562245,0.15103868,0.94730943,-0.02383769,0.31943147,-0.0015581,-0.00652754,0.00167584
-0.31137774,0.16730311,0.93544293,-0.0752913,-0.985629,0.15121688,0.94729881,-0.02334514,0.31949949,-0.00476057,-0.00283015,0.00181477
-0.3113467,0.16728325,0.93545675,-0.0750977,-0.98563676,0.15126205,0.94732432,-0.0231557,0.31943755,,,
-0.31142935,0.16728176,0.93542959,-0.07475566,-0.98564573,0.15137371,0.94732428,-0.02278644,0.31946433,,,
-0.31138562,0.16737437,0.93542761,-0.07458758,-0.98563464,0.15152907,0.94735193,-0.02258731,0.3193965,-0.00391822,0.00484484,0.00335655
-0.31137269,0.16753429,0.93540327,-0.0745649,-0.98560918,0.15170555,0.94735796,-0.02251129,0.31938399,,,
-0.31131594,0.16773926,0.93538539,-0.07442229,-0.98557901,0.151971,0.94738778,-0.02230253,0.3193101,-0.00570038,0.0039981,0.00125916
-0.31126706,0.16792012,0.93536918,-0.07367262,-0.98556668,0.15241534,0.94746241,-0.02146922,0.31914571,-0.00739597,-0.00310856,-0.00396158
-0.311406356,0.167760993,0.935351393,-0.0734251,-0.985598729,0.152327759,0.947435873,-0.021242432,0.319239678,-0.00563887646,0.000115036964,-0.00628308207
-0.31153259,0.16761912,0.93533483,-0.07329945,-0.98562515,0.15221763,0.94740414,-0.02113877,0.31934078,-0.00222187,0.00769132,-0.0040118
-0.311802825,0.167562591,0.935254796,-0.0731708569,-0.985638023,0.152195092,0.947325066,-0.020978523,0.319585661,-0.00430206396,-0.0055424571,-6.56457851e-05
-0.312060407,0.167523371,0.935175971,-0.0731640483,-0.985645573,0.15215005,0.947240835,-0.0209412472,0.319837772,-0.0063869264,-0.00426441431,-0.000253956299
-0.312117008,0.167366079,0.935185227,-0.073258313,-0.985669233,0.151951111,0.947214882,-0.0210835578,0.319905248,-0.00720897317,-0.00363749266,0.000152887776
-0.31238726,0.16707184,0.93514759,-0.07337029,-0.98571545,0.15159677,0.94711711,-0.02125514,0.32018324,,,
-0.31268311,0.16655282,0.93514133,-0.07343119,-0.98579917,0.15102203,0.94701478,-0.0214465,0.32047306,,,
-0.31280917,0.16626822,0.93514988,-0.07344984,-0.98584523,0.15071269,0.94697178,-0.0215423,0.3205938,0.00263595,0.00505179,0.00231797
-0.3131485,0.16589413,0.9351027,-0.07343793,-0.98590688,0.15031417,0.94686049,-0.02160135,0.32091828,,,
-0.3135187,0.16568256,0.93501608,-0.07347514,-0.98594126,0.15006956,0.94673502,-0.02165081,0.32128481,,,
-0.31363194,0.16555788,0.93500031,-0.07347113,-0.98596195,0.14993672,0.94669794,-0.02167059,0.32139289,,,
-0.31401496,0.16532876,0.93491228,-0.07338646,-0.98600198,0.14971462,0.94657752,-0.02159727,0.3217523,,,
-0.31435411,0.16504954,0.93484776,-0.0732782,-0.98605054,0.1494488,0.94647345,-0.02152413,0.32206337,0.0040474,0.00257784,0.00430161
-0.31473666,0.16482021,0.93475935,-0.07319347,-0.98609027,0.14922658,0.94635272,-0.0214512,0.32242261,,,
-0.31479296,0.16480531,0.93474291,-0.07314335,-0.98609383,0.14922659,0.94633776,-0.02139473,0.3224701,,,
-0.314849527,0.164742911,0.934734935,-0.0731413282,-0.986104144,0.149160104,0.94631917,-0.0214047591,0.322524089,0.00326328306,-0.00392091274,-0.000177376089
-0.31486204,0.16458281,0.93475881,-0.0731639,-0.98612905,0.1489832,0.94631315,-0.02148143,0.32253648,,,
-0.31494412,0.16429539,0.93478194,-0.07311066,-0.98617664,0.14869618,0.94629017,-0.02151154,0.32260222,,,
-0.3150567,0.16426551,0.93474905,-0.07301045,-0.98618378,0.14869613,0.94626023,-0.02139872,0.32269723,,,
-0.31522617,0.16412573,0.9347166,-0.07295621,-0.98620802,0.14856311,0.9462081,-0.02136239,0.32285266,,,
-0.31550815,0.16400352,0.93464285,-0.07275372,-0.98623291,0.14849659,0.94612965,-0.02114685,0.32309658,,,
-0.31567725,0.16386363,0.93461022,-0.07269956,-0.98625685,0.1483635,0.94607734,-0.02111076,0.32325197,,,
-0.316003117,0.163743913,0.934521195,-0.0725686383,-0.986280075,0.148274268,0.945978713,-0.0209617949,0.323550348,-0.000404313905,0.00549322367,0.00461223954
-0.31681073,0.16328683,0.93432766,-0.07247061,-0.98635741,0.14780652,0.94571601,-0.0208846,0.32432231,0.00482401,-0.00214344,-0.00585588
-0.317330282,0.162754099,0.934244458,-0.0722822502,-0.986447742,0.147296632,0.945556387,-0.0207876152,0.324793861,-0.000315610145,0.00859516859,0.00246506673
-0.31818642,0.1625571,0.93398724,-0.07136115,-0.98650104,0.14738597,0.94533833,-0.01975417,0.32549192,,,
-0.31847354,0.16240724,0.93391555,-0.07055258,-0.98654232,0.14749994,0.94530244,-0.01891531,0.3256461,,,
-0.31836693,0.1622687,0.93397602,-0.07019036,-0.9865711,0.14748058,0.94536535,-0.01860316,0.32548148,0.00340276,0.00298768,0.00572458
-0.318323284,0.162266067,0.933991474,-0.0701187474,-0.986572964,0.147503363,0.945385483,-0.0185365605,0.325426977,-0.000947393593,0.004599154,0.00252539176
-0.31811066,0.16240376,0.93403983,-0.07010138,-0.98655068,0.14765918,0.94545819,-0.01850551,0.32521723,0.0011507,0.00391489,-0.00562943
-0.31788591,0.16255933,0.93408935,-0.07020561,-0.98652341,0.1477923,0.9455261,-0.01859722,0.32501458,,,
-0.317785713,0.162571827,0.934121158,-0.0701840786,-0.986521398,0.147814979,0.945561279,-0.0185869295,0.324912663,-0.000190005638,0.00710815191,-0.00560868578
-0.31766097,0.16276222,0.9341305,-0.07026187,-0.98648943,0.14799192,0.94559749,-0.01862249,0.32480534,,,
-0.31753606,0.16309476,0.93411506,-0.07019583,-0.98643772,0.14836836,0.94564443,-0.01845867,0.32467812,,,
-0.31752371,0.16320735,0.93409964,-0.07022154,-0.98641935,0.14847868,0.94564672,-0.01844842,0.32467212,,,
-0.3176677,0.16324491,0.9340442,-0.07026672,-0.98641306,0.14849986,0.94559508,-0.01845863,0.32482202,-0.00510263,0.00131506,-0.00178471
-0.3176677,0.16324491,0.9340442,-0.07026672,-0.98641306,0.14849986,0.94559508,-0.01845863,0.32482202,-0.00456681,-0.00273305,0.00116301
-0.31771147,0.16320022,0.93403701,-0.07038636,-0.98641779,0.14841066,0.94557136,-0.01859169,0.3248833,,,
-0.31789239,0.16285242,0.93403599,-0.07040231,-0.98647301,0.14803409,0.94550921,-0.01869937,0.32505773,,,
-0.31796119,0.16262986,0.93405147,-0.0704225,-0.98650824,0.14779065,0.94548469,-0.01878655,0.3251242,,,
-0.3180298,0.16245467,0.9340586,-0.07039471,-0.9865367,0.14761374,0.94546368,-0.01880722,0.32518409,,,
-0.31831063,0.16204695,0.93403363,-0.07048023,-0.98660003,0.14714773,0.94536267,-0.01899221,0.32546669,,,
-0.31837924,0.16191908,0.93403245,-0.07040439,-0.98662195,0.14703732,0.94534524,-0.01894635,0.32552001,,,
-0.31850407,0.16187081,0.93399834,-0.07018262,-0.98663447,0.14706009,0.94531976,-0.01871121,0.32560772,,,
-0.31846021,0.16186816,0.93401373,-0.07011102,-0.98663614,0.14708286,0.94533983,-0.0186446,0.32555324,,,
-0.31864102,0.16185193,0.93395485,-0.06979131,-0.98664546,0.14717211,0.94530254,-0.01828685,0.32568176,,,
-0.3186848,0.16194937,0.93392299,-0.06976698,-0.98663066,0.14728253,0.94528954,-0.01822027,0.32572316,0.00132823,0.00370687,-0.0038168
-0.31879716,0.16196626,0.93388175,-0.06961894,-0.98663122,0.14734912,0.9452626,-0.01804137,0.32581134,,,
-0.318841166,0.162111039,0.933841723,-0.0695466962,-0.98661004,0.1475261,0.945253199,-0.017908215,0.32584614,-0.00536365202,-0.000154674053,-0.00266210712
-0.31889737,0.16214311,0.933817,-0.06944876,-0.98660704,0.14759263,0.94524148,-0.01778553,0.32588692,,,
-0.31905344,0.16220994,0.93375205,-0.06932443,-0.98659922,0.14770303,0.9451979,-0.01760667,0.32602293,,,
-0.3190658,0.16209724,0.93376742,-0.06929864,-0.98661759,0.1475926,0.94519565,-0.01761707,0.32602895,,,
-0.319065782,0.162002547,0.93378385,-0.0693944896,-0.986630743,0.147459482,0.94518861,-0.0177501823,0.326042116,-0.000381331658,0.00786191225,0.0049534752
-0.31895338,0.162127824,0.933800429,-0.0693987399,-0.986610426,0.147592609,0.945226157,-0.0177294084,0.325934265,-0.00705424044,-0.00140094757,0.000373714836
-0.31885334,0.16209304,0.93384059,-0.06942513,-0.98661507,0.14754875,0.94525793,-0.01778559,0.32583899,-0.00108562,-0.00393265,-0.00499427
-0.31889047,0.161802441,0.933878445,-0.0692998949,-0.986663605,0.147284157,0.94525473,-0.0177501695,0.325850402,-0.000668370631,-0.00348633528,-0.00737669598
-0.31920791,0.16124594,0.93386625,-0.06911629,-0.98675559,0.14675321,0.94516102,-0.01770059,0.3261248,-0.00242597,0.00404102,-0.00491058
-0.31938839,0.16099261,0.93384819,-0.06903622,-0.98679733,0.14650958,0.94510585,-0.01767589,0.32628592,-0.00164809,0.00962466,-0.00109939
-0.31973734,0.16064591,0.93378866,-0.06885397,-0.98685632,0.14619928,0.94500132,-0.0175497,0.3265956,,,
-0.31997354,0.16051917,0.93372938,-0.06858014,-0.98688166,0.1461554,0.94494112,-0.01726944,0.32678442,,,
-0.32004172,0.16043836,0.93371977,-0.06845641,-0.98689656,0.14611147,0.94492687,-0.01715732,0.32683133,,,
-0.32002224,0.16025756,0.93375754,-0.06828543,-0.98692795,0.14597988,0.94494589,-0.01704522,0.32678228,,,
-0.31973451,0.16008805,0.9338851,-0.06829108,-0.9869534,0.14580428,0.9450428,-0.01715735,0.32649593,0.00111436,0.00677103,-0.00203406
-0.31939815,0.16018006,0.93398449,-0.06859145,-0.98693267,0.1458043,0.94513485,-0.01749372,0.3262116,,,
-0.31920555,0.1603093,0.93402814,-0.06893691,-0.98690545,0.14582546,0.94517477,-0.01784071,0.3260771,,,
-0.31918121,0.16044003,0.93401406,-0.0690842,-0.98688225,0.14591326,0.94517228,-0.01795284,0.32607822,-0.00292263,0.006051,-0.00376163
-0.31919564,0.16102701,0.93390821,-0.06947766,-0.98678305,0.14639742,0.94513866,-0.01815634,0.32616453,,,
-0.31922728,0.16114241,0.93387753,-0.06957493,-0.98676325,0.14648515,0.94512087,-0.01821242,0.32621304,,,
-0.319414787,0.161229947,0.933798224,-0.0696436745,-0.986748635,0.146550086,0.945052367,-0.0182228763,0.326410726,0.00051759975,0.00191551447,0.00481722038
-0.319546173,0.161285303,0.933743649,-0.069810512,-0.986737028,0.146548254,0.944995578,-0.0183561839,0.326567544,-0.00270361989,-2.8192997e-05,0.00547471782
-0.319534,0.16135067,0.93373661,-0.06988416,-0.98672542,0.14659213,0.94499434,-0.01841223,0.32656811,-0.00495419,-0.00479871,0.00342384
-0.3195218,0.16132127,0.93374593,-0.07005373,-0.98672678,0.14650272,0.94498598,-0.01860158,0.32658167,-0.00351965,-0.00542605,0.00124979
-0.319446266,0.161013675,0.933824728,-0.0700766219,-0.986774099,0.146171339,0.945009679,-0.0187453914,0.326504652,-0.00687048165,-0.000385820866,9.88999382e-05
-0.31951464,0.16083832,0.93383154,-0.07004877,-0.98680228,0.14599423,0.94498861,-0.01876645,0.32656439,,,
-0.3198564,0.15996132,0.93386511,-0.06990942,-0.9869427,0.14510841,0.94488324,-0.01887211,0.32686296,,,
-0.31998083,0.1597706,0.93385519,-0.06983147,-0.98697434,0.1449312,0.94484693,-0.01883727,0.32697,,,
-0.32026117,0.1595045,0.93380453,-0.06977282,-0.98701757,0.14466435,0.94475624,-0.01882379,0.32723267,,,
-0.32060949,0.15915768,0.93374417,-0.06959036,-0.98707592,0.14435367,0.94465153,-0.01869843,0.32754197,,,
-0.32078975,0.15895147,0.93371753,-0.06946222,-0.98711108,0.14417635,0.94459992,-0.01860781,0.32769617,0.0012865,0.0068627,0.00461056
-0.32103794,0.158759146,0.933664831,-0.0691144669,-0.987148132,0.144088573,0.944540985,-0.0182718407,0.327884715,0.000473679043,0.00867062807,0.00464057643
-0.321218047,0.158742337,0.933605806,-0.0687946853,-0.987157478,0.144178187,0.944503161,-0.0179144802,0.328013463,-0.00301699527,-0.000716388226,0.00484171044
-0.321130302,0.158784295,0.933628855,-0.068603709,-0.987154341,0.14429061,0.944546887,-0.0177143132,0.327898402,-0.000606085057,-0.00506061316,0.00420788117
-0.32101055,0.15871065,0.93368243,-0.06831552,-0.98717056,0.14431512,0.94460835,-0.01745831,0.32773484,,,
-0.32092277,0.15865791,0.93372157,-0.06822038,-0.98718022,0.14429407,0.94464506,-0.01739157,0.32763258,,,
-0.32084702,0.15858701,0.93375974,-0.06800362,-0.98719507,0.14429575,0.94468651,-0.01720217,0.32752318,,,
-0.320783245,0.158450611,0.933804801,-0.0677133424,-0.987221202,0.144253383,0.944729011,-0.0169569709,0.327413349,-0.000248081284,-0.000527918339,-0.00601415476
-0.32076332,0.15836427,0.93382617,-0.06744657,-0.98723907,0.14425492,0.94475474,-0.01671167,0.32735154,-0.00296064,0.00149959,-0.00694521
-0.32091132,0.15818429,0.93380595,-0.06707763,-0.98727389,0.14418975,0.94473086,-0.01636536,0.32743811,,,
-0.321158704,0.157896721,0.933769529,-0.0668258502,-0.987323203,0.1439685,0.944664603,-0.016163197,0.327639202,0.00397886103,-0.000608503819,-0.00439175079
-0.32132654,0.15775561,0.93373565,-0.06677141,-0.98734633,0.14383515,0.94461138,-0.01612878,0.32779431,,,
-0.321638,0.15765185,0.93364596,-0.06676205,-0.98736333,0.14372306,0.94450607,-0.01610532,0.32809884,-0.00375745,0.00533181,0.0013715
-0.32186969,0.1577892,0.93354295,-0.06685432,-0.98734128,0.14383206,0.94442066,-0.0161162,0.32834415,,,
-0.32191365,0.15779193,0.93352736,-0.06692579,-0.98733978,0.14380931,0.94440063,-0.01618288,0.32839849,-0.00526477,-0.0027231,0.00281612
-0.32222498,0.15754612,0.93346148,-0.06706001,-0.98737616,0.14349695,0.94428496,-0.01635964,0.32872225,,,
-0.32264807,0.15726917,0.93336217,-0.06709409,-0.98741941,0.14318434,0.94413818,-0.01642495,0.32914049,0.00438746,0.0034979,0.00288695
-0.32281543,0.15708064,0.93333596,-0.06708751,-0.98744875,0.14298409,0.94408136,-0.01645772,0.3293017,-0.00117126,0.00665218,0.00521043
-0.32299465,0.15696838,0.93329276,-0.06686371,-0.98747018,0.14294012,0.94403585,-0.01623453,0.32944309,,,
-0.32301016,0.15668487,0.93333499,-0.06637602,-0.98752184,0.14281004,0.94406492,-0.01582196,0.32937979,0.00136415,-0.00468534,-0.00179162
-0.32305731,0.1564696,0.93335475,-0.06603352,-0.98756052,0.14270093,0.94407277,-0.01553212,0.32937104,,,
-0.322996261,0.155972886,0.933458983,-0.0654729648,-0.98764529,0.142371944,0.944132674,-0.015130712,0.329217943,-0.00152919407,0.000844657421,-0.00769913336
-0.32297867,0.15552612,0.93353969,-0.06493608,-0.98772193,0.14208672,0.94417585,-0.01472943,0.32911241,,,
-0.322902327,0.155360304,0.933593712,-0.0648153726,-0.987748851,0.141954607,0.944210258,-0.0146737494,0.329016182,-0.00141368143,0.00893360376,-0.000224064337
-0.322869908,0.15529185,0.933616258,-0.0646703747,-0.987761348,0.141933233,0.944231232,-0.0145513361,0.328961343,0.00086006301,0.0038767457,-0.00404519821
-0.32291396,0.15534191,0.93359271,-0.06469392,-0.9877535,0.14197728,0.94421457,-0.01455132,0.32900919,,,
-0.3229696,0.15532629,0.933576,-0.06464386,-0.98775669,0.14197728,0.94419891,-0.0144956,0.3290565,,,
-0.323101908,0.155429191,0.933513257,-0.0647623655,-0.987739755,0.142042701,0.944145683,-0.0145622626,0.329206485,0.000342052488,0.00724130869,0.00351171754
-0.32328954,0.15556364,0.9334258,-0.06478309,-0.98771927,0.14217468,0.94407994,-0.01450661,0.3293973,,,
-0.3234451,0.15558238,0.93336878,-0.06470651,-0.98771794,0.14221871,0.9440319,-0.01439508,0.32953983,,,
-0.32375577,0.15557253,0.93326253,-0.06460144,-0.9877215,0.14224,0.94393242,-0.01423907,0.32983119,,,
-0.32403448,0.15549413,0.93317907,-0.0643513,-0.98773813,0.14224005,0.94385408,-0.0139606,0.33006751,-0.00458333,-0.00308579,0.00487599
-0.32410154,0.155412612,0.933169259,-0.0642276107,-0.987752373,0.14219598,0.943839372,-0.0138492839,0.330114091,-0.000714429421,-0.0033852458,0.00504334224
-0.32421556,0.15516267,0.93317125,-0.06371382,-0.98779812,0.14210938,0.94383504,-0.01338182,0.33014576,-0.00122626,-0.00592303,0.0037888
-0.32430831,0.154731,0.9332108,-0.06302927,-0.98787364,0.14189052,0.94384924,-0.01280332,0.33012825,,,
-0.32436603,0.15440202,0.93324513,-0.06266121,-0.98792854,0.14167018,0.94385381,-0.01252526,0.3301257,,,
-0.32453649,0.15382247,0.93328158,-0.06177963,-0.98802811,0.14136268,0.94385334,-0.01178044,0.33015448,,,
-0.32486137,0.15321355,0.93326879,-0.06086965,-0.98813192,0.14103226,0.94380078,-0.0109918,0.33033201,,,
