0,1,2,3,4,5,6,7,8,9,10,11
-0.117572981,0.438210858,-0.891149715,0.982510804,0.181808936,-0.0402245417,0.144392143,-0.880293552,-0.451922716,-0.0096636219,0.00399369001,-0.000903412933
-0.11740316,0.43753944,-0.89150198,0.98247534,0.18204138,-0.04003962,0.14477135,-0.88057947,-0.45124395,-0.00698935,0.00542897,0.00284739
-0.11727513,0.43725504,-0.89165827,0.98241293,0.18244206,-0.039745,0.14529723,-0.88063775,-0.45096089,-0.00871353,0.00839478,0.00295517
-0.11716469,0.43717622,-0.89171142,0.98238267,0.1826514,-0.03953051,0.14559049,-0.88063348,-0.4508746,-0.0078674,0.00517946,-0.00258009
-0.11706127,0.43680663,-0.89190617,0.98230429,0.18313604,-0.03923592,0.14620165,-0.88071627,-0.45051516,-0.00829941,0.00335807,-0.01104458
-0.11684657,0.43605312,-0.89230294,0.9822451,0.18351552,-0.03894357,0.14676997,-0.88101062,-0.4497542,-0.00416602,0.00236148,-0.01660275
-0.11667381,0.43534342,-0.89267187,0.9822151,0.18370906,-0.03878515,0.14710696,-0.88132111,-0.44903486,-0.00834668,-0.00347567,-0.01955167
-0.11638825,0.43371001,-0.89350391,0.98211574,0.18430617,-0.0384681,0.14799423,-0.88200156,-0.44740447,-0.00673201,-0.00346327,-0.01054918
-0.11614313,0.43227276,-0.89423209,0.98202031,0.18487472,-0.03817645,0.14881827,-0.88258801,-0.44597256,,,
-0.11594314,0.43180073,-0.89448598,0.98198022,0.18514215,-0.03790943,0.14923769,-0.88276294,-0.4454857,,,
-0.11571877,0.43160553,-0.89460932,0.98192396,0.18552233,-0.03750751,0.14978156,-0.88277864,-0.44527223,0.00237086,-0.00830382,-0.00938035
-0.115626292,0.431924002,-0.894467461,0.981893479,0.185737397,-0.0372382183,0.150051919,-0.882577558,-0.44557945,-0.000981184421,-0.00369018316,-0.00749517325
-0.1156021,0.43208594,-0.89439233,0.9818965,0.18573213,-0.03718415,0.15005056,-0.88249936,-0.44573464,-0.00508155,-0.00231451,-0.00724164
-0.11560224,0.432009405,-0.894429369,0.981909398,0.185653368,-0.0372382535,0.149966516,-0.882553471,-0.445656019,-0.00843658485,0.00077933073,-0.00526958844
-0.11570675,0.43164824,-0.89459029,0.9819319,0.18548032,-0.03750752,0.14973885,-0.8827666,-0.44531051,-0.01168395,0.00458783,-0.00765703
-0.11571864,0.43141421,-0.89470153,0.9819559,0.18532555,-0.03764229,0.14957159,-0.88291343,-0.44507532,-0.01064706,0.00455183,-0.0072281
-0.11584705,0.43085269,-0.89495544,0.98198155,0.18511808,-0.03799201,0.14930341,-0.88323107,-0.44453473,-0.01106031,0.00343937,-0.0122634
-0.11597539,0.43040596,-0.89515372,0.98198797,0.18502863,-0.03826064,0.14916139,-0.88346757,-0.4441122,-0.0086803,0.00338155,-0.00568525
-0.11606781,0.43035533,-0.89516618,0.98197352,0.18508897,-0.03834096,0.14918512,-0.88347966,-0.4440804,-0.00932333,0.00408155,-0.01064616
-0.11626433,0.43028781,-0.89517316,0.98192381,0.18533051,-0.03844761,0.14935935,-0.88346193,-0.44405717,-0.00343683,0.00819808,-0.01587436
-0.11626438,0.43024955,-0.89519157,0.98193021,0.18529108,-0.03847454,0.14931737,-0.88348886,-0.44401779,-0.00482558,0.00749868,-0.02626854
-0.11616402,0.4297838,-0.89542838,0.98194858,0.18518823,-0.03850233,0.14927518,-0.88373714,-0.44353784,-0.00753557,-0.00913358,-0.02308462
-0.1159505,0.42900949,-0.89582707,0.9819738,0.18505905,-0.03847661,0.14927401,-0.88414018,-0.44273373,-0.00249432,-0.00573683,-0.02671333
-0.13576382,0.43957186,-0.88788771,0.98085732,0.18590755,-0.05794123,0.13959564,-0.87875755,-0.45639676,-0.23334883,0.03950113,0.10967767
-0.14828967,0.45556235,-0.87776588,0.97976724,0.18831026,-0.06778847,0.13441039,-0.87005865,-0.47426949,-0.2595855,0.07393569,0.04626107
-0.16327423,0.47469739,-0.86487208,0.97826543,0.19147424,-0.07958787,0.12782051,-0.85906919,-0.49564282,-0.29766914,0.09918958,-0.03203595
-0.17124595,0.48385828,-0.85822834,0.97729828,0.19372354,-0.08578568,0.12475088,-0.85343558,-0.50604822,-0.32823524,0.09706861,-0.07499698
-0.18945475,0.49908299,-0.8455902,0.97465286,0.19995008,-0.10035724,0.11898915,-0.84317018,-0.52431411,-0.34248471,0.10942739,-0.09777944
-0.21089163,0.51015033,-0.83382931,0.97089429,0.2083874,-0.11806326,0.11352949,-0.83445869,-0.53924919,-0.35145339,0.12143403,-0.01590355
-0.22248919,0.51568103,-0.82738824,0.96860647,0.21345917,-0.12742244,0.11090417,-0.82976385,-0.54698427,-0.36921281,0.14865881,0.01797223
-0.24705054,0.52942862,-0.81158567,0.96322112,0.2255291,-0.14608782,0.10569309,-0.81782756,-0.56567391,-0.35846713,0.23958653,-0.01538546
-0.2733963,0.54383453,-0.79340933,0.95667673,0.23958499,-0.16543459,0.1001199,-0.80426549,-0.58577547,-0.31588858,0.23719913,-0.05564654
-0.2874397,0.54936395,-0.78458741,0.95283243,0.24732098,-0.17590494,0.09740902,-0.79814249,-0.5945416,-0.29732266,0.21506757,-0.05759175
-0.31804783,0.55634608,-0.76767465,0.94358226,0.26448276,-0.19925171,0.09218374,-0.78773585,-0.60907641,-0.26045191,0.19472069,-0.02423792
-0.35098561,0.56070291,-0.74994748,0.93235526,0.2834501,-0.2244318,0.08673309,-0.77798986,-0.6222612,-0.23146316,0.19624299,0.03685653
-0.36815543,0.56325097,-0.73973646,0.92602289,0.29343488,-0.23743973,0.08332635,-0.77242758,-0.62961295,-0.20538908,0.20523685,0.06207229
-0.40416069,0.56981523,-0.71551702,0.91162776,0.31486858,-0.26418277,0.07475843,-0.75905752,-0.64671686,-0.12145452,0.25326294,0.05549728
-0.44235725,0.57632558,-0.68714562,0.89459312,0.3377449,-0.29262882,0.0634305,-0.74416215,-0.66498085,-0.03869344,0.2661702,0.02693887
-0.44235725,0.57632558,-0.68714562,0.89459312,0.3377449,-0.29262882,0.0634305,-0.74416215,-0.66498085,-0.03869344,0.2661702,0.02693887
-0.50070444,0.58235952,-0.64043138,0.86449534,0.37409357,-0.33571084,0.04407683,-0.72174189,-0.69075738,-0.01622117,0.25515002,0.01964817
-0.53868902,0.58635649,-0.60497951,0.84193745,0.40100332,-0.36102307,0.03091057,-0.70383407,-0.70969157,-0.00285713,0.26117224,0.04687425
-0.55737595,0.58881102,-0.58534935,0.82990729,0.415675,-0.37211324,0.02421075,-0.69319259,-0.72034584,0.01822575,0.27170533,0.04006946
-0.59423104,0.59308037,-0.54327233,0.80423139,0.44658826,-0.39213605,0.0100508,-0.66993619,-0.74235041,0.08020796,0.2425428,-0.00876571
-0.64658457,0.59297429,-0.47990589,0.76275619,0.49310316,-0.4183924,-0.01145286,-0.63657733,-0.77112768,0.11979455,0.22071141,0.00492761
-0.67991601,0.58884627,-0.43700558,0.73287991,0.52575986,-0.43181418,-0.02451223,-0.61387011,-0.78902611,0.17049241,0.20880073,0.0139343
-0.71162211,0.5816572,-0.39404115,0.70161398,0.55923471,-0.44158153,-0.03648765,-0.59070409,-0.80606257,0.16045132,0.17345589,-0.02008051
-0.72661651,0.57690831,-0.37310235,0.68575436,0.57574323,-0.44526478,-0.04206578,-0.57939327,-0.81396193,0.15324439,0.15445858,-0.03597153
-0.75504282,0.564666,-0.33326076,0.65358898,0.60765459,-0.45119548,-0.0522673,-0.55848745,-0.82786472,0.1779061,0.1637668,-0.02120577
-0.78176869,0.54911003,-0.2954926,0.62053756,0.63840813,-0.45537698,-0.06140719,-0.53936372,-0.83983089,0.18565431,0.18392485,0.01920911
-0.79474023,0.54036513,-0.276394,0.60338768,0.65413706,-0.45610092,-0.06566146,-0.52925444,-0.84591871,0.19139895,0.17324585,0.02826228
-0.84191285,0.49957326,-0.20398322,0.53373343,0.71529587,-0.45108804,-0.07944318,-0.48864952,-0.86885573,0.16279987,0.06822211,-0.11686403
-0.85267785,0.48700762,-0.18911395,0.51584834,0.72752051,-0.45234324,-0.08271033,-0.48325717,-0.87156269,0.08129291,0.0984382,-0.06803304
-0.87421933,0.45814704,-0.16075426,0.47736878,0.75058998,-0.45687388,-0.08865487,-0.47614702,-0.87488537,0.12778006,0.1629042,0.06293411
-0.90443818,0.41032575,-0.11672378,0.41596294,0.78749223,-0.45478658,-0.09469157,-0.45987909,-0.88291835,0.29709062,0.00861567,0.04673299
-0.9216802,0.37744086,-0.08968887,0.37581862,0.81130618,-0.44781989,-0.09626039,-0.44645345,-0.88961415,0.28227323,-0.05093354,-0.02612616
-0.9368125,0.34346456,-0.06643715,0.3363272,0.83200385,-0.44119561,-0.09625911,-0.4356623,-0.89494805,0.21917371,0.01824552,0.01778709
-0.95571862,0.29261542,-0.03127029,0.2778156,0.86208972,-0.42381574,-0.09705724,-0.41373604,-0.90520831,0.22014925,-0.00785202,0.03838735
-0.96578635,0.25917407,-0.00922441,0.24020898,0.88057525,-0.40851786,-0.09775446,-0.39675685,-0.91270347,0.19978867,-0.04081541,0.00923597
-0.970190139,0.242343884,0.000777489411,0.22171813,0.888903812,-0.400862928,-0.0978377906,-0.388740863,-0.916137749,0.183142424,-0.067795217,-0.0103957634
-0.977832147,0.2085235,0.0190368423,0.184985123,0.902880262,-0.388056366,-0.0981068577,-0.375932427,-0.921439097,0.196884215,-0.0241787434,3.25143337e-05
-0.98407612,0.17402119,0.03620808,0.14800791,0.91504359,-0.37521846,-0.09842793,-0.3638844,-0.92622907,0.20401879,0.040227,0.05558646
-0.98668737,0.15641958,0.04450151,0.12949952,0.92123637,-0.36681522,-0.0983735,-0.35616912,-0.92922853,0.21389663,-0.00558776,0.05064287
-0.99380465,0.08615453,0.07021155,0.05860221,0.94298681,-0.32763036,-0.09443541,-0.32148604,-0.94219352,0.1818299,-0.08510548,-0.0162316
-0.99480774,0.06859293,0.07518436,0.04125624,0.94712404,-0.31820431,-0.09303548,-0.31345027,-0.94503621,0.18275534,-0.04456162,0.00492926
-0.99588121,0.03349226,0.0842506,0.00682628,0.95432728,-0.29868517,-0.09040629,-0.29687994,-0.95062521,0.18631738,-0.01038367,0.053445
-0.99579467,-0.00145124,0.0916009,-0.02680805,0.96072339,-0.27620989,-0.08760228,-0.277504,-0.95672212,0.17346306,-0.03927797,0.06414136
-0.99538382,-0.01867199,0.09413972,-0.04301479,0.96365007,-0.26368214,-0.08579427,-0.26651435,-0.96000486,0.19742395,-0.07826036,0.02393043
-0.99390959,-0.05242674,0.09692723,-0.07434513,0.96826101,-0.23862818,-0.08134036,-0.24438094,-0.96626158,0.18074711,-0.07461429,-0.00900895
-0.99160641,-0.08593345,0.09660328,-0.10490714,0.97147712,-0.2126657,-0.07557278,-0.22101504,-0.97233797,0.14806242,-0.06777018,-0.01325203
-0.990107,-0.10276021,0.09554193,-0.12024533,0.97232173,-0.2003285,-0.0723117,-0.20983514,-0.97505899,0.14139545,-0.07217091,0.00539467
-0.98137035,-0.17143037,0.08674274,-0.18330996,0.97067167,-0.1555441,-0.05753374,-0.16854714,-0.98401329,0.19065106,-0.15508068,0.0220186
-0.97858653,-0.18872461,0.08216625,-0.1989846,0.96950557,-0.1430527,-0.05266307,-0.15633928,-0.98629839,0.16901918,-0.14916223,0.00719478
-0.97264859,-0.22157335,0.06971227,-0.22860464,0.96631162,-0.1182445,-0.04116394,-0.1309469,-0.99053434,0.09462547,-0.11984563,0.00471041
-0.96574552,-0.25333135,0.05620119,-0.25785573,0.96115632,-0.09843241,-0.02908211,-0.10955247,-0.99355535,0.09782304,-0.11601138,0.01549986
-0.96179116,-0.26923533,0.04969994,-0.27279768,0.95779953,-0.09056202,-0.02322008,-0.10065978,-0.99464989,0.12010387,-0.11121798,0.02540851
-0.95300157,-0.30073332,0.03671146,-0.30273663,0.94997549,-0.07679261,-0.0117809,-0.08429737,-0.99637112,0.18816505,-0.07278049,0.03587114
-0.943522614,-0.330694162,0.0201425709,-0.331305753,0.941604732,-0.0601415356,0.000922118593,-0.0634182715,-0.997986236,0.185304582,-0.0133814812,0.0209037662
-0.9386385,-0.34475363,0.01013539,-0.34481343,0.93732247,-0.05030188,0.00784163,-0.0507101,-0.99868264,0.17957444,-0.02028698,-0.01227672
-0.9279309,-0.37254767,-0.01234705,-0.37205306,0.92771002,-0.03050644,0.02281958,-0.02371411,-0.99945829,0.08634514,-0.09204751,-0.03216872
-0.91559656,-0.400605926,-0.0346027429,-0.400301636,0.916250332,-0.0156175824,0.0379612711,-0.000447872137,-0.999278859,0.066180259,-0.175373137,-0.0130939856
-0.90885166,-0.41464206,-0.04539119,-0.41462868,0.90993403,-0.0101539,0.04551322,0.0095921,-0.99891755,0.09893762,-0.14769971,-0.01373099
-0.894671511,-0.441566649,-0.067687199,-0.442560801,0.896738428,-0.000342601279,0.0608489933,0.0296491872,-0.997706414,0.145880148,-0.0678408742,-0.0328930132
-0.87893856,-0.46780523,-0.09287313,-0.47060573,0.88229122,0.0096157,0.07744287,0.05215824,-0.9956316,0.08643263,-0.10594434,-0.08000835
-0.87028111,-0.48088289,-0.10659225,-0.48491192,0.87444944,0.01409145,0.0864332,0.06395139,-0.99420268,0.03757985,-0.13820797,-0.0779702
-0.85157377,-0.50706036,-0.13308457,-0.51374382,0.85772592,0.01932651,0.10435037,0.08482934,-0.99091602,0.00348405,-0.18214768,-0.04962585
-0.82101925,-0.54595048,-0.16692887,-0.55602049,0.83099682,0.01689628,0.12949282,0.10668805,-0.98582404,0.09945937,-0.06055874,-0.05175479
-0.79937914,-0.57071048,-0.18783642,-0.5830692,0.81231369,0.01329573,0.14499409,0.12014996,-0.98211032,0.12266663,-0.05123448,-0.06781948
-0.79937914,-0.57071048,-0.18783642,-0.5830692,0.81231369,0.01329573,0.14499409,0.12014996,-0.98211032,0.12266663,-0.05123448,-0.06781948
-0.76398396,-0.60479917,-0.2248249,-0.62249113,0.78256107,0.01014585,0.16980301,0.14770278,-0.97434622,0.01964847,-0.13250118,-0.04521779
-0.73884649,-0.62588041,-0.24975862,-0.6475073,0.76203666,0.0058647,0.18665462,0.16605366,-0.96829025,0.06333571,-0.08006543,-0.03491931
-0.71332598,-0.64530584,-0.27339753,-0.67112167,0.7413462,0.00122008,0.20189489,0.18435333,-0.96190023,0.07443513,-0.10089391,-0.05927027
-0.70049274,-0.65434136,-0.28486364,-0.68239379,0.73098399,-0.00105721,0.20892254,0.19364861,-0.95856746,0.05778344,-0.12301242,-0.0627775
-0.6741922,-0.67126611,-0.308004,-0.70405007,0.71012019,-0.00654038,0.22311019,0.21244078,-0.95136245,-0.01185679,-0.13295263,-0.08809087
-0.64702097,-0.68737898,-0.32996039,-0.7246177,0.68899997,-0.01442959,0.23726129,0.2297589,-0.9438844,-0.05583281,-0.09262913,-0.05840939
-0.63296664,-0.69544667,-0.34015785,-0.73465784,0.67815949,-0.01943197,0.24419517,0.23759983,-0.94016768,-0.06414847,-0.07988089,-0.04334151
-0.60503576,-0.71138566,-0.35757784,-0.75370549,0.65649192,-0.03076267,0.25663108,0.25089588,-0.93337637,-0.00270418,-0.08045042,-0.03649962
-0.5779262,-0.72568157,-0.37334625,-0.77106856,0.63540106,-0.0414576,0.26730961,0.26391613,-0.92676516,0.0087257,-0.10126436,-0.06739165
-0.56460311,-0.73198532,-0.38134051,-0.77909297,0.62517925,-0.04652954,0.27246511,0.27082901,-0.92326276,-0.0093352,-0.09842652,-0.07021381
-0.51151394,-0.75471574,-0.41080102,-0.80774301,0.58539856,-0.06971163,0.29309478,0.2961632,-0.90905588,-0.05285554,-0.07264018,-0.03924413
-0.49860544,-0.76005607,-0.41678215,-0.8142105,0.57561892,-0.0756579,0.29741193,0.30162496,-0.90585236,-0.05898146,-0.08794385,-0.04313516
-0.47387098,-0.76965371,-0.4278778,-0.82614042,0.55677486,-0.08656639,0.30485774,0.31246585,-0.89968149,-0.0742243,-0.08948302,-0.06846914
-0.44981225,-0.77785394,-0.43887585,-0.8368456,0.53874714,-0.09716434,0.31202276,0.32356563,-0.89327871,-0.11173152,-0.09585279,-0.04465033
-0.43791184,-0.78169913,-0.44404913,-0.8417648,0.52996389,-0.10281181,0.3156979,0.32876242,-0.89008427,-0.1295187,-0.07988352,-0.0380018
-0.3920293,-0.7977127,-0.4582217,-0.85914029,0.49555702,-0.12767566,0.32892346,0.34362415,-0.87961999,-0.11883017,-0.06655055,-0.03250571
-0.38099901,-0.80145892,-0.46098076,-0.86296362,0.48721779,-0.13383792,0.33186362,0.34681752,-0.87725938,-0.12506263,-0.06082189,-0.0380737
-0.35978246,-0.80780704,-0.46690929,-0.86993515,0.47133142,-0.14511892,0.3372971,0.35396957,-0.87231651,-0.14848252,-0.05118757,-0.02738441
-0.33983385,-0.81375691,-0.47150042,-0.87596899,0.45635519,-0.15626345,0.34233213,0.35991614,-0.86791077,-0.15587601,-0.06981409,-0.01615081
-0.33073697,-0.81681318,-0.47268282,-0.87857997,0.44936302,-0.16177149,0.34454325,0.36178586,-0.86625666,-0.15096419,-0.07269204,-0.01238592
-0.31386618,-0.82256053,-0.47421747,-0.88315543,0.43630269,-0.17226858,0.34860369,0.36473845,-0.86338946,-0.14288178,-0.05859494,-0.02814249
-0.29814298,-0.82743666,-0.47587732,-0.88698718,0.42435527,-0.18214363,0.35265336,0.36779224,-0.86044424,-0.15815014,-0.03691041,-0.02453632
-0.29092951,-0.82957125,-0.47662502,-0.88856349,0.4189748,-0.18685549,0.35470381,0.36914983,-0.85901885,-0.15289752,-0.03260285,-0.02911177
-0.2776928,-0.83326271,-0.47807948,-0.89124308,0.40920587,-0.19554117,0.3585701,0.37178465,-0.85627315,-0.16048299,-0.05151337,-0.03222096
-0.2658758,-0.83643249,-0.47926063,-0.89341847,0.40053708,-0.20340472,0.36209597,0.3740999,-0.85377736,-0.18394242,-0.04641211,0.01071898
-0.26074851,-0.83798882,-0.47935879,-0.89427891,0.39671794,-0.20707502,0.36369677,0.37468596,-0.85283934,-0.17725235,-0.05099303,0.0156039
-0.25200797,-0.84148651,-0.47790416,-0.89562836,0.38985147,-0.21416266,0.36652662,0.37405383,-0.85190486,-0.15205711,-0.04517996,-0.02041778
-0.244626,-0.84405069,-0.47721742,-0.89658548,0.38429959,-0.22010964,0.36917815,0.37402168,-0.85077327,-0.1385663,-0.03041351,-0.03599218
-0.24150009,-0.84470168,-0.47765745,-0.89692252,0.3821902,-0.22239732,0.37041538,0.37471276,-0.84993093,-0.1471042,-0.02177113,-0.03112576
-0.2318645,-0.84506474,-0.48177186,-0.89776881,0.37657808,-0.22847312,0.37449928,0.37954496,-0.84598785,-0.11403576,-0.01252562,-0.03298052
-0.22991153,-0.84482014,-0.48313512,-0.89794652,0.37557368,-0.22942627,0.37527676,0.38108176,-0.84495202,-0.10789197,-0.01686442,-0.02834323
-0.22668363,-0.84358065,-0.486812,-0.89821676,0.37432667,-0.23040411,0.37659115,0.38503388,-0.84257201,-0.1240816,-0.04319817,0.00797826
-0.2245806,-0.84229987,-0.48999425,-0.89830955,0.37381806,-0.23086783,0.37762864,0.38831808,-0.84059829,-0.11800648,-0.01826745,-0.01287224
-0.22369818,-0.84187657,-0.49112403,-0.89834558,0.3735526,-0.23115711,0.3780664,0.38948969,-0.83985913,-0.11052603,0.00601333,-0.02155237
-0.22218746,-0.84093233,-0.49342228,-0.8982415,0.37337113,-0.23185386,0.37920304,0.39169735,-0.8383187,-0.06882081,0.01389176,-0.03397883
-0.22136049,-0.8394404,-0.49632558,-0.89802418,0.37389399,-0.23185278,0.38019973,0.39438935,-0.83660314,-0.04994133,0.0052554,-0.03362067
-0.22113708,-0.83857619,-0.49788375,-0.89790729,0.37431012,-0.23163414,0.38060579,0.39583056,-0.83573752,-0.05243848,-0.00646704,-0.02818777
-0.22096278,-0.83679335,-0.50095121,-0.89761606,0.37535546,-0.23107051,0.38139303,0.39860388,-0.83405873,-0.04039676,-0.01077366,-0.01371564
-0.2210778,-0.83533895,-0.50332207,-0.89732518,0.37638384,-0.23052668,0.38201019,0.40067926,-0.83278079,-0.0215738,0.00306231,-0.004532
-0.22133174,-0.83483003,-0.50405461,-0.89715071,0.37692163,-0.23032732,0.38227325,0.40123421,-0.83239308,-0.02014622,0.02076262,0.00616176
-0.22280307,-0.83443526,-0.50406016,-0.89668595,0.37829358,-0.22988757,0.38250903,0.400764,-0.83251135,-0.01166639,0.02845818,-0.00582637
-0.22535656,-0.83473167,-0.50243136,-0.89606309,0.38002666,-0.22945714,0.38247244,0.39850054,-0.83361374,0.01677694,0.03445476,-0.01575673
-0.22685603,-0.83476469,-0.50170136,-0.89573058,0.38107011,-0.22902468,0.38236511,0.39743362,-0.83417232,0.03102934,0.04382581,-0.0218844
-0.23057466,-0.83405674,-0.50118339,-0.89482121,0.38409265,-0.2275256,0.38227013,0.39600789,-0.83489369,0.03806242,0.04490751,-0.020331
-0.2349621,-0.83270962,-0.50138537,-0.89355681,0.3880608,-0.22575413,0.38255564,0.39497266,-0.83525293,0.02990355,0.0506019,-0.00801351
-0.23741466,-0.83207362,-0.50128584,-0.89286539,0.39019627,-0.22480685,0.3826557,0.39420836,-0.83556805,0.02759949,0.03965372,0.00231517
-0.24267485,-0.8311785,-0.50025105,-0.89156034,0.39435262,-0.22272431,0.38239897,0.39195442,-0.83674525,0.03156735,0.0245685,-0.00808532
-0.24772128,-0.82988241,-0.4999293,-0.89028867,0.3985164,-0.22038772,0.38212591,0.39048666,-0.8375559,0.05042126,0.03016013,-0.01255593
-0.25012507,-0.82884689,-0.50044996,-0.88966174,0.40069085,-0.21897209,0.38202005,0.39046077,-0.83761619,0.06029108,0.02950054,-0.01241511
-0.25430654,-0.82691846,-0.50153175,-0.88850337,0.40457117,-0.21652702,0.38195548,0.39054841,-0.83760493,0.06274299,0.02660149,-0.00655609
-0.25775519,-0.8256342,-0.50188672,-0.88753003,0.40763273,-0.21476948,0.38190647,0.3900816,-0.8378446,0.06100909,0.02200383,-0.01196
-0.25930419,-0.82514611,-0.50189178,-0.88714439,0.40891061,-0.21393223,0.38175423,0.38977695,-0.83805598,0.06415693,0.01920313,-0.01112931
-0.26199836,-0.82420858,-0.50203292,-0.88651677,0.41111746,-0.21229798,0.38137231,0.38943888,-0.83838682,0.06703672,0.01792914,-0.01449493
-0.26357817,-0.82315887,-0.50292752,-0.88609514,0.41267076,-0.21104097,0.38126373,0.39001584,-0.83816808,0.07729409,0.0351885,-0.01505429
-0.26411375,-0.82281575,-0.50320789,-0.88601281,0.41312843,-0.21049039,0.38108429,0.39025523,-0.8381382,0.08676792,0.04214507,-0.0257737
-0.26471651,-0.82216796,-0.50394927,-0.88602156,0.41364732,-0.20943167,0.38064526,0.3910699,-0.83795781,0.0894611,0.02899331,-0.03209015
-0.26468047,-0.82137368,-0.50526176,-0.88618811,0.41378932,-0.20844426,0.38028254,0.39258584,-0.83741354,0.06298869,0.02245134,-0.02374287
-0.264462,-0.82097086,-0.50603038,-0.88630785,0.41373843,-0.20803591,0.38015564,0.3934811,-0.83705101,0.05012345,0.0152517,-0.00994304
-0.26363336,-0.82067348,-0.50694418,-0.88658849,0.41321688,-0.20787648,0.3800766,0.3946477,-0.83653742,0.04275012,0.02953845,-0.02516744
-0.26192594,-0.82103476,-0.50724417,-0.88716394,0.4117419,-0.20834759,0.37991428,0.3954371,-0.83623831,0.03782995,0.03845602,-0.0193108
-0.26094303,-0.82130493,-0.50731346,-0.88745621,0.41090572,-0.20875336,0.37990817,0.39574575,-0.83609515,0.04239216,0.03232664,-0.02208676
-0.25592811,-0.82270147,-0.50760514,-0.88904279,0.40650807,-0.21060399,0.37960979,0.39738322,-0.83545365,0.03215743,0.01285499,-0.02032846
-0.2544471,-0.82303603,-0.50780729,-0.88951985,0.40522487,-0.21106202,0.37948778,0.39800056,-0.83521518,0.0304777,0.0093326,-0.01949004
-0.25121894,-0.82367166,-0.5083838,-0.89051269,0.40250414,-0.21207921,0.37931022,0.39944391,-0.83460673,0.01636,0.01478094,-0.00341307
-0.24578369,-0.82472608,-0.50933012,-0.89217124,0.39790689,-0.21377684,0.37897329,0.40186683,-0.83359592,0.00932133,0.00258356,-0.00247046
-0.2420061,-0.82507236,-0.51057695,-0.89326083,0.39491443,-0.21477378,0.37883812,0.40410181,-0.83257652,-0.00969476,0.00267214,0.01708793
-0.23865603,-0.82562795,-0.51125502,-0.89431257,0.39204666,-0.21564878,0.37848148,0.40575592,-0.83193375,-0.00767981,0.00786263,-0.00202323
-0.23711205,-0.82603611,-0.51131395,-0.89478451,0.39066833,-0.21619158,0.3783362,0.40625419,-0.83175649,-0.00286227,0.00810617,-0.00888719
-0.23427162,-0.82638188,-0.51206402,-0.89557999,0.38837236,-0.21703289,0.37822355,0.40774966,-0.83107569,-0.01073981,-0.00206751,-0.00120216
-0.23204541,-0.82655074,-0.51280469,-0.89616722,0.38664698,-0.21768864,0.37820509,0.40904512,-0.83044734,-0.0402132,-0.00304687,0.01246739
-0.23108846,-0.8267354,-0.51293925,-0.89639022,0.38588739,-0.21811804,0.37826269,0.40938917,-0.83025165,-0.04280744,-0.00310463,0.015904
-0.229658349,-0.82728653,-0.512692942,-0.896752819,0.384600504,-0.218899159,0.37827429,0.40948682,-0.830198245,-0.0238641854,-0.00739216805,0.000606374815
-0.22904087,-0.82758751,-0.51248307,-0.89697146,0.38394948,-0.21914572,0.37812986,0.40948938,-0.8302625,-0.01659033,-0.00829369,-0.00769496
-0.2287721,-0.82742373,-0.51286772,-0.89699225,0.38387253,-0.21919579,0.37824363,0.40989249,-0.830012,-0.02606312,-0.0147146,-0.00364585
-0.22843671,-0.82659075,-0.51435811,-0.89689491,0.38417826,-0.21905822,0.37867669,0.41128425,-0.82912545,-0.01918044,-0.00998515,-0.00825682
-0.228088125,-0.825440612,-0.516355929,-0.896680083,0.384739549,-0.218952573,0.379394884,0.413065608,-0.827910677,-0.0269114636,0.000251948833,0.000913665164
-0.22787427,-0.82478185,-0.51750173,-0.8965823,0.38502638,-0.21884876,0.37975429,0.4141129,-0.82722241,-0.03109206,-0.00368381,0.015134
-0.22766004,-0.82356171,-0.51953506,-0.89626851,0.38578511,-0.21879772,0.38062229,0.41583144,-0.82596028,-0.02398005,-0.00623327,0.01093528
-0.227758517,-0.822572319,-0.521057143,-0.895796607,0.386762128,-0.219005365,0.381672904,0.416880907,-0.824945859,-0.00485730544,0.00507968664,-0.000370410387
-0.22811879,-0.82207151,-0.52168962,-0.89546051,0.38750474,-0.21906725,0.38224614,0.41717911,-0.82452969,-0.00131335,0.01084274,-0.01524869
-0.22891392,-0.82134168,-0.52249026,-0.89468848,0.38901636,-0.21954202,0.38357626,0.41720981,-0.8238962,0.00180995,0.02355665,-0.01959152
-0.22996758,-0.82094175,-0.5226561,-0.89405085,0.39035775,-0.21975855,0.38443182,0.4167438,-0.8237333,-0.00251389,0.02249604,-0.01781736
-0.23038535,-0.82077132,-0.52273973,-0.89373202,0.39096507,-0.21997563,0.38492265,0.41651009,-0.82362223,-0.00139978,0.01252943,-0.00947018
-0.23140309,-0.82032493,-0.52299088,-0.89293295,0.39247864,-0.22052479,0.38616472,0.41596568,-0.82331593,0.02063337,0.01091164,-0.0161288
-0.2339284,-0.81907842,-0.52382038,-0.89175845,0.39540859,-0.22004269,0.38735528,0.41564704,-0.8229174,0.04473662,0.00753862,-0.01781183
-0.23506281,-0.81830027,-0.52452857,-0.8912082,0.39683547,-0.21970343,0.38793492,0.41582005,-0.82255717,0.04100998,0.00251275,-0.02259403
-0.236626701,-0.815529275,-0.528128301,-0.88990346,0.400088171,-0.219091624,0.389973503,0.418140299,-0.820413866,-0.00041029905,0.0379779935,-0.0118426476
-0.236980525,-0.815048257,-0.528712096,-0.889657429,0.400708597,-0.218957158,0.390320127,0.418484069,-0.82007387,0.000757684,0.0311641097,-0.0114908488
-0.23766578,-0.81452604,-0.52920919,-0.88928672,0.40162587,-0.21878257,0.39074821,0.41862157,-0.81979991,0.01011931,0.02346629,-0.02142529
-0.23953892,-0.81297419,-0.53074844,-0.88770905,0.40477924,-0.21937716,0.39318391,0.41860084,-0.81864492,-0.00193395,0.01737207,-0.01045727
-0.23987539,-0.81303661,-0.53050076,-0.88722092,0.40542008,-0.220167,0.39407948,0.41785874,-0.81859339,0.00333067,0.02770895,-0.02684595
-0.2399984,-0.8132988,-0.53004306,-0.88703884,0.40555808,-0.22064598,0.39441435,0.41721412,-0.81876091,0.01662312,0.02679807,-0.03334801
-0.241591363,-0.813318209,-0.529289244,-0.885680891,0.407679809,-0.222185806,0.3964883,0.415103197,-0.818832316,0.000225935131,0.00562518835,-0.0207458828
-0.24209607,-0.81303131,-0.52949924,-0.88508244,0.40864749,-0.22279189,0.39751531,0.41471345,-0.81853169,0.00366575,0.01558107,-0.03319334
-0.24252769,-0.8127923,-0.52966881,-0.88446323,0.40958236,-0.22353326,0.39862911,0.41425957,-0.81821996,0.00568968,0.01860636,-0.02820077
-0.24241697,-0.81276864,-0.52975585,-0.88430065,0.40971263,-0.22393743,0.39905699,0.4141772,-0.81805313,0.00218876,0.01692015,-0.02288035
-0.24203869,-0.81279502,-0.52988822,-0.8841205,0.40972221,-0.22463003,0.39968514,0.41411588,-0.81777736,-0.00155037,0.0129444,-0.01799819
-0.24164774,-0.81301573,-0.5297279,-0.88396137,0.40962129,-0.22543874,0.40027306,0.41378225,-0.81765856,0.00525489,0.01912409,-0.01770356
-0.24144021,-0.81321194,-0.52952127,-0.88398484,0.40942213,-0.22570829,0.40034639,0.41359373,-0.81771798,0.00254328,0.01351601,-0.00968862
-0.240961952,-0.813704484,-0.528982441,-0.884094262,0.40888802,-0.226247558,0.400393238,0.413153282,-0.817917922,0.000787002384,0.0144366622,-0.00576693937
-0.24044419,-0.81401741,-0.52873644,-0.8841412,0.40847684,-0.22680606,0.40060067,0.41294347,-0.81792222,-0.0077803,0.01928204,-0.00470073
-0.24001979,-0.81422187,-0.52861442,-0.88420718,0.40813327,-0.22716707,0.40070953,0.41288008,-0.81790089,-0.00271345,0.01970762,-0.00342386
-0.2395915,-0.81483404,-0.52786479,-0.8842536,0.40763194,-0.22788529,0.40086323,0.41216697,-0.81818508,0.00328236,0.01415759,-0.00805719
-0.23963876,-0.81530803,-0.52711115,-0.88421367,0.40748899,-0.22829575,0.40092336,0.41137037,-0.81855667,0.00340554,0.01628286,-0.0121715
-0.23974071,-0.81544081,-0.52685928,-0.88417211,0.40751939,-0.22840236,0.40095398,0.41107693,-0.81868901,0.00661562,0.01556367,-0.01120084
-0.2401443,-0.81529691,-0.52689842,-0.88410698,0.40782779,-0.22810408,0.40085639,0.41105666,-0.81874721,0.00697367,0.00524205,-0.0090433
-0.23995255,-0.81483774,-0.52769504,-0.88416853,0.40787799,-0.22777504,0.40083488,0.41191616,-0.81832525,-0.00945334,0.00786537,0.00701103
-0.23976962,-0.81456545,-0.52819845,-0.8842103,0.40787135,-0.22762487,0.40085237,0.41246098,-0.81804232,-0.01607708,0.00662655,0.00769618
-0.23943824,-0.81460754,-0.52828385,-0.88433645,0.40757637,-0.22766318,0.40077216,0.4126694,-0.81797651,-0.0074848,0.01034993,-0.00207809
-0.23937117,-0.8151153,-0.52753074,-0.88437975,0.40728291,-0.22802016,0.40071698,0.41195604,-0.81836325,-0.00423195,0.00849169,-0.01391473
-0.23937944,-0.81532921,-0.52719591,-0.88433902,0.40723586,-0.22826155,0.40080138,0.41157881,-0.81851133,-0.00794758,0.00893968,-0.00935414
-0.23943495,-0.81604337,-0.52606469,-0.88423778,0.40705433,-0.22897664,0.40099177,0.41034127,-0.81903941,-0.01011745,0.01203626,-0.00336029
-0.23941342,-0.81613045,-0.52593908,-0.88421743,0.40702762,-0.22910229,0.40104907,0.41019437,-0.81908464,-0.01283314,0.007222,0.00428529
