0,1,2,3,4,5,6,7,8,9,10,11
0.97567298,0.21076296,0.06034236,0.21746545,-0.96529392,-0.14462298,0.02776696,0.15422712,-0.98764486,,,
0.97567682,0.21077206,0.06024853,0.21745806,-0.96530615,-0.1445553,0.02769006,0.15414078,-0.98766092,,,
0.975680644,0.210778708,0.0601632226,0.21745178,-0.965305636,-0.144566521,0.0276043594,0.154133357,-0.98766423,0.000956565724,-0.00148504972,0.00474120444
0.97567682,0.21076961,0.06025706,0.21745917,-0.96529387,-0.14463434,0.02768125,0.15421982,-0.98764863,0.00105457,0.00519753,0.00129006
0.97566941,0.21081533,0.06021708,0.21749822,-0.96528486,-0.14463423,0.02763553,0.1542123,-0.98765087,,,
0.97566199,0.21086352,0.06016859,0.21753621,-0.96528862,-0.14455534,0.0275986,0.154126,-0.98766587,0.00424066,-0.00613791,0.00302233
0.97565075,0.21090016,0.06022246,0.21758266,-0.96526785,-0.14462305,0.02762978,0.15420495,-0.98765252,,,
0.97564333,0.21094345,0.06019104,0.21762285,-0.96524704,-0.14470212,0.02757525,0.1542766,-0.98764295,0.00312712,0.00222445,0.00808151
0.97561701,0.21101,0.06038408,0.21772202,-0.96520579,-0.14482646,0.02772324,0.15444211,-0.9876127,,,
0.97560191,0.21103748,0.06053181,0.21777589,-0.96517328,-0.14496196,0.02783129,0.15460754,-0.98758376,,,
0.97560191,0.21103504,0.06054036,0.21777702,-0.96516123,-0.14504101,0.02782247,0.15468659,-0.98757171,0.00513298,-0.00201821,0.00149183
0.97560575,0.21103684,0.06047213,0.21777298,-0.96513659,-0.14521022,0.02771916,0.15483712,-0.98755092,0.00103173,-0.00317103,0.00538681
0.97561342,0.21104531,0.06031858,0.21776259,-0.96511167,-0.14539067,0.02753016,0.15498022,-0.98753367,,,
0.97562105,0.21105629,0.06015652,0.21775111,-0.96509908,-0.14549221,0.02734997,0.15504441,-0.98752871,,,
0.97562486,0.21105812,0.06008829,0.217747,-0.96507471,-0.14566154,0.02724664,0.15519506,-0.98750815,,,
0.97562486,0.21105325,0.06010535,0.21774919,-0.96505014,-0.14581937,0.02722903,0.1553529,-0.98748358,,,
0.97562866,0.211057528,0.0600286047,0.217743957,-0.965037599,-0.145909707,0.0271345265,0.155424559,-0.987474841,-0.000818907691,-0.00420069695,0.00374404551
0.97563989,0.21101366,0.06000032,0.2177008,-0.965022,-0.14607888,0.02707698,0.1555825,-0.9874518,0.00504167,-0.0014838,-0.00184989
0.97562122,0.21109358,0.06002281,0.21778738,-0.96497994,-0.14622552,0.02705355,0.15573293,-0.98742842,,,
0.97562122,0.21109115,0.06003134,0.21778847,-0.96496766,-0.14630443,0.02704474,0.15581184,-0.98741614,0.0029743,0.00298631,-0.00511732
0.97560253,0.21117352,0.06004531,0.21787398,-0.96493836,-0.14637217,0.0270301,0.15588337,-0.98740552,,,
0.97560618,0.21111615,0.06018764,0.2178435,-0.9649228,-0.14651883,0.02714394,0.15605616,-0.98737492,,,
0.975613614,0.21106797,0.0602360909,0.217805585,-0.9649195,-0.146597716,0.0271809008,0.156142485,-0.987360383,0.00367677119,0.000432372093,0.00542847021
0.97562122,0.21107902,0.06007403,0.21779394,-0.9649067,-0.14669924,0.0270007,0.15620665,-0.98735518,,,
0.975636238,0.211041902,0.0599603931,0.217744366,-0.964890626,-0.146879531,0.0268574829,0.15635703,-0.987335446,-0.000698607415,0.0034236908,-0.00462858891
0.97564746,0.21100289,0.05991501,0.21769898,-0.96489913,-0.14689074,0.02681757,0.15635702,-0.98733651,,,
0.975654907,0.210954687,0.0599634598,0.217661045,-0.964895352,-0.146969668,0.0268545354,0.156443389,-0.987321502,0.00564245787,0.000764846802,0.00280066719
0.97565491,0.21095469,0.05996346,0.21766104,-0.96489535,-0.14696967,0.02685454,0.15644339,-0.9873215,,,
0.97566613,0.21091569,0.05991809,0.21761568,-0.96490409,-0.14698101,0.02681461,0.1564435,-0.9873228,-0.00204148,0.0028758,-0.00364464
0.9756699,0.21092002,0.05984128,0.21761036,-0.96489134,-0.14707103,0.02672012,0.15651486,-0.98731382,,,
0.97568112,0.21088103,0.05979591,0.21756499,-0.96490009,-0.14708236,0.0266802,0.15651498,-0.98731513,0.00359676,0.00183761,-0.00459105
0.975684878,0.210890197,0.0597020804,0.217557524,-0.964911921,-0.147014564,0.0266033281,0.156428525,-0.987330719,0.00649910932,0.00344538689,-0.000633569784
0.97569984,0.210860362,0.0595628501,0.217504689,-0.964932752,-0.146958046,0.0264865144,0.156342141,-0.987347849,1.81555515e-05,0.00131773949,0.00551213091
0.97571849,0.21077799,0.05954888,0.21741922,-0.96496252,-0.14689043,0.02650115,0.15627077,-0.98735896,,,
0.975714742,0.210771221,0.0596341706,0.217425579,-0.964962492,-0.146879184,0.0265868331,0.156278179,-0.987355184,0.00469856244,0.00224423409,8.151785e-05
0.97572594,0.21073221,0.05958879,0.2173802,-0.96497101,-0.14689038,0.02654692,0.15627818,-0.98735626,0.00192071,-0.00451821,-0.00347991
0.97573714,0.21069561,0.05953489,0.21733374,-0.96499182,-0.14682267,0.02651579,0.15619927,-0.98736962,,,
0.97575578,0.21061081,0.05952939,0.21724931,-0.96500883,-0.1468337,0.02652164,0.15620656,-0.98736799,0.00568676,0.00114679,-0.00178615
0.975748262,0.210602168,0.0596830046,0.217259934,-0.965034296,-0.146653564,0.0267105804,0.156063685,-0.98738595,0.0050174552,-0.000245571136,0.0029221545
0.9757557,0.21055638,0.05972293,0.21722089,-0.96504279,-0.14665353,0.02675635,0.15607108,-0.98738325,0.0063694,0.0040983,-0.00288403
0.97577066,0.21052652,0.05958372,0.21716807,-0.96506361,-0.14659704,0.0266395,0.15598477,-0.98740039,,,
0.97578559,0.21049902,0.05943599,0.21711415,-0.96509579,-0.14646136,0.02653147,0.15581928,-0.98742889,,,
0.975793027,0.210453273,0.0594759185,0.217075139,-0.965104755,-0.146461343,0.0265772287,0.155826701,-0.987426664,0.00159357022,-0.00491458178,-0.000428154919
0.97580789,0.21036416,0.05954728,0.21699601,-0.9651345,-0.14638249,0.02667751,0.15576271,-0.98743404,0.00448378,0.00206947,0.00282594
0.975815314,0.210323243,0.0595702167,0.216954847,-0.965168036,-0.146224645,0.026740819,0.155612294,-0.987456398,-0.00323492428,0.000387430191,0.00988216978
0.97581156,0.21031649,0.05965552,0.21696116,-0.96516802,-0.14621342,0.02682651,0.15561968,-0.98745261,,,
0.975818973,0.210273142,0.0596869357,0.216921031,-0.965188804,-0.14613436,0.026881044,0.155548034,-0.987462214,0.00526738027,0.00263285637,3.41243576e-05
0.97583757,0.21019077,0.05967301,0.21683554,-0.96521858,-0.14606662,0.02689564,0.15547653,-0.98747338,,,
0.97584498,0.21014501,0.05971295,0.2167965,-0.96522708,-0.1460666,0.0269414,0.15548391,-0.9874707,,,
0.97583742,0.21013642,0.05986655,0.21680698,-0.96525212,-0.14588617,0.02713033,0.15534067,-0.98748819,,,
0.97586341,0.2100083,0.05989258,0.21668243,-0.96529041,-0.14581842,0.02719066,0.15527653,-0.98749669,0.00546136,-0.00516087,-0.001733
0.9758708,0.20996253,0.05993252,0.21664337,-0.96529916,-0.14581842,0.02723641,0.15528392,-0.98749425,,,
0.97587439,0.20991494,0.0600408,0.21660845,-0.96533274,-0.14564937,0.02738537,0.15514084,-0.98751285,0.00241369,0.00856507,-0.00287178
0.97587795,0.20986735,0.06014908,0.21657349,-0.96536587,-0.14548008,0.02753435,0.1549975,-0.98753097,,,
0.97587413,0.20986553,0.06021742,0.21657756,-0.96539048,-0.14531091,0.02763757,0.1548469,-0.98755177,0.00413886,-0.00199676,-0.0078108
0.97588199,0.20995012,0.05979373,0.21658587,-0.96544116,-0.1449605,0.02729286,0.15441482,-0.98762887,,,
0.97588228,0.21008266,0.05932151,0.21663231,-0.96549507,-0.14453099,0.02691118,0.15389619,-0.98772022,-0.00177574,0.00206971,0.00666492
0.975863576,0.210122921,0.05948648,0.216683625,-0.965559772,-0.144023203,0.0271751728,0.153436743,-0.987784808,0.0080105206,-0.000985205173,0.00263853744
0.97585222,0.21011271,0.05970841,0.21669792,-0.9656087,-0.14367331,0.02746737,0.15314261,-0.98782238,0.00211409,-0.0052157,0.00334516
0.975852221,0.210115126,0.0596999112,0.216696809,-0.96562075,-0.143594248,0.027476144,0.153063546,-0.987834431,0.00093967322,0.00662684441,-0.000800523791
0.97583363,0.21020718,0.05967971,0.21677789,-0.96563942,-0.14334576,0.02749677,0.15281886,-0.98787169,,,
0.97581504,0.21030163,0.05965096,0.21685784,-0.9656699,-0.14301808,0.0275262,0.15249498,-0.98792077,,,
0.975770211,0.210472603,0.0597810323,0.21703234,-0.965707283,-0.142498362,0.027738991,0.152020076,-0.98798776,-0.00517873932,-0.000643968582,0.00721688708
0.97573629,0.21053846,0.06010203,0.21713808,-0.96572731,-0.142205,0.02810254,0.15180502,-0.9880111,0.00861311,-0.00557393,0.00476141
0.97573629,0.21054089,0.06009349,0.21713694,-0.96573913,-0.14212581,0.02811134,0.15172583,-0.98802292,-0.00496399,-0.0023455,0.00580296
0.975706426,0.210672116,0.0601184151,0.217263197,-0.965748611,-0.141865822,0.0281721122,0.151480914,-0.988058423,-0.00367635908,0.00624442101,0.000340674247
0.975687787,0.210764252,0.0600980579,0.217344212,-0.96576728,-0.14161712,0.0281929036,0.151236059,-0.988095731,0.00917186216,0.000487565994,0.000709559652
0.97568779,0.21076668,0.06008951,0.21734307,-0.9657791,-0.14153792,0.02820171,0.15115686,-0.98810755,0.00625314,-0.00757891,-0.00232297
0.975676818,0.210869376,0.0599069979,0.217412906,-0.965784655,-0.141390671,0.0280423035,0.150976156,-0.988139423,-0.000414260081,0.00319576263,0.00688000303
0.97566941,0.21091989,0.05984987,0.21744979,-0.96579976,-0.14123243,0.02801425,0.1508105,-0.98816576,-0.00386813,-0.00163215,0.01031123
0.97567323,0.21092884,0.059756,0.21744254,-0.96581129,-0.14116446,0.02793736,0.15072388,-0.98818112,-0.00099868,-0.00474972,0.00908719
0.97567682,0.21087424,0.05988992,0.21741064,-0.96580852,-0.1412324,0.02805992,0.15081789,-0.98816329,0.00701474,-0.00428683,0.00271136
0.975706694,0.210750297,0.0598394246,0.217280962,-0.965834257,-0.141254785,0.028025484,0.150825208,-0.988162977,0.0155605236,0.00470745564,0.000181979733
0.975721941,0.210776334,0.0594981255,0.217256441,-0.965833192,-0.141299678,0.0276826427,0.150795548,-0.988177153,-0.0101031,0.000168085098,0.00988700613
0.97574073,0.21074782,0.05929074,0.21720003,-0.9658294,-0.14141251,0.02746237,0.1508599,-0.98817351,-0.00981351,-0.00244224,0.00284292
0.97575936,0.2106606,0.05929405,0.21711671,-0.96583483,-0.14150287,0.02745919,0.15094648,-0.98816031,0.00594994,-0.0018397,-0.00148413
0.97577432,0.2106256,0.05917199,0.21706643,-0.9658313,-0.14160447,0.02732464,0.15101826,-0.98815313,0.00493427,0.00200737,-0.00440582
0.975811644,0.210512304,0.058959341,0.216925521,-0.965844831,-0.141728418,0.0271100019,0.151090027,-0.988148124,1.33487629e-05,0.00478053093,-0.00733577693
0.97583399,0.21043403,0.05886878,0.21683496,-0.96586188,-0.14175077,0.02702993,0.15109002,-0.98815031,0.00256811,-0.00330329,-0.00390076
0.975841423,0.210390756,0.0589002837,0.216794719,-0.965882424,-0.141671533,0.0270843758,0.151018222,-0.988159683,-0.000909305643,-0.00384098291,-0.00525154965
0.975867445,0.210262661,0.0589265645,0.21667004,-0.965920453,-0.141603572,0.0271444346,0.150953937,-0.988167944,0.00241074851,0.000798583031,-0.00467944052
0.97586735,0.21020636,0.05912876,0.21664208,-0.96594166,-0.14150207,0.0273703,0.15089703,-0.98817047,,,
0.97587098,0.21015657,0.05924562,0.21660795,-0.96596268,-0.14141178,0.02751044,0.15083273,-0.98817653,0.0022338,0.00212681,0.0090723
0.975885777,0.21007006,0.0593086838,0.21652742,-0.966003801,-0.141253344,0.0276193162,0.150689085,-0.988195298,-0.000979961245,0.00120031834,0.00579327391
0.97590414,0.20992899,0.05950566,0.21641497,-0.96604212,-0.14116291,0.02785079,0.15063939,-0.98819628,0.0023952,-0.0033074,0.00675863
0.97590771,0.20987681,0.05963104,0.21638192,-0.96605114,-0.14115172,0.02798217,0.15065413,-0.98819031,0.00803695,-0.0033806,0.00858549
0.97595599,0.209670446,0.0595668104,0.216166654,-0.966105953,-0.141106039,0.0279620918,0.150589643,-0.988200651,0.000600500731,-0.00947755575,-0.000642733416
0.97596336,0.20962477,0.05960687,0.21612749,-0.96611471,-0.14110604,0.02800776,0.15059701,-0.98819823,0.00375093,-0.00321472,0.00200648
0.97595923,0.20955718,0.0599114,0.21610784,-0.96611251,-0.14115173,0.0283018,0.15070566,-0.98817337,0.00445486,-0.00482702,0.0037059
0.97597006,0.20945934,0.06007683,0.21603564,-0.96613037,-0.14114059,0.02847883,0.15072772,-0.988165,,,
0.9759662,0.20945042,0.06017065,0.21604294,-0.96611887,-0.14120862,0.02855579,0.15081429,-0.98814964,0.00524722,-0.00156116,0.00436036
0.97596233,0.20944144,0.06026445,0.21605019,-0.96610714,-0.14127653,0.02863276,0.15090072,-0.98813404,,,
0.97597353,0.20939985,0.06022766,0.21600608,-0.96610379,-0.14136692,0.02858397,0.15097991,-0.98812336,-0.00310271,0.00670326,0.00304599
0.97598085,0.20934931,0.06028468,0.21596926,-0.96608894,-0.14152535,0.02861213,0.15114567,-0.98809732,,,
0.9759731,0.2093338,0.0604638,0.21598269,-0.96607755,-0.14158209,0.0287748,0.15123945,-0.98807818,0.00551554,-0.00490654,0.00471564
0.97598041,0.20928567,0.06051232,0.21594471,-0.96607454,-0.14166132,0.02881173,0.15132599,-0.98806396,0.00677513,-0.00370312,0.0047719
0.97599503,0.20918692,0.06061781,0.2158699,-0.96605598,-0.14189878,0.02887685,0.15157806,-0.98802299,,,
0.97601693,0.20904496,0.06075484,0.21575485,-0.96605852,-0.14205715,0.02899642,0.15175834,-0.98799194,0.0017939,0.00591183,0.00436507
0.97606171,0.20888105,0.0605990426,0.215577164,-0.966056866,-0.142339371,0.0288101267,0.15199578,-0.987961101,-0.00579440314,0.000303506851,-0.0131809572
0.97608407,0.20880035,0.06051689,0.21548774,-0.96606196,-0.14244093,0.02872135,0.15207497,-0.98795161,-0.00642819,-0.00197941,-0.00931622
0.97609866,0.20870896,0.06059693,0.21540948,-0.96607955,-0.14244101,0.02881274,0.15208963,-0.98794684,,,
0.9761244,0.20858334,0.06061476,0.21528357,-0.96612924,-0.14229387,0.02888156,0.15194588,-0.98796689,0.00194361,-0.00310779,0.00501945
0.97615791,0.20846839,0.0604704,0.21514649,-0.96616641,-0.14224819,0.02877022,0.15186669,-0.98798223,-0.00135453,-0.00860536,0.00694005
0.97622096,0.20823187,0.06026703,0.21487849,-0.9662409,-0.14214565,0.02863322,0.15171565,-0.98800918,-0.01086132,0.01313281,-0.00297378
0.97628006,0.2079888,0.06014898,0.21461667,-0.96631597,-0.14203178,0.0285819,0.15157177,-0.98803288,0.00432584,-0.00550228,0.00128142
0.976309583,0.20786968,0.0600815695,0.214484601,-0.96636533,-0.141895723,0.0285649274,0.151420725,-0.988056577,0.000874307472,-0.00470018387,0.00829456281
0.97635588,0.20748454,0.06065779,0.21418984,-0.96643554,-0.1418623,0.02918761,0.15150037,-0.9880261,0.00309114,0.00142264,0.00904777
0.97641421,0.20717776,0.06076732,0.21390345,-0.96649578,-0.14188461,0.02933602,0.15153649,-0.98801625,,,
0.97643646,0.20709945,0.06067671,0.21381284,-0.96651266,-0.14190691,0.02925596,0.15153654,-0.98801872,-0.00542828,-0.00953001,-0.00213184
0.97646525,0.20691666,0.0608368,0.21365622,-0.96654721,-0.14190686,0.02943875,0.15156528,-0.98800879,0.00554881,0.00223565,0.00657839
0.9765703,0.20633971,0.06110947,0.21312993,-0.96664681,-0.14201934,0.02976705,0.15171613,-0.98797574,0.00339143,0.00330043,-0.00179417
0.97662901,0.20609167,0.06100826,0.21287036,-0.96669746,-0.14206374,0.02969838,0.15173042,-0.98797558,,,
0.976647239,0.206004345,0.0610113236,0.212787105,-0.966702658,-0.142154067,0.0296954496,0.151816799,-0.98796255,0.00891143084,0.00609982014,-0.000870510819
0.97667656,0.20588277,0.06095235,0.21265608,-0.96673968,-0.14209698,0.02966974,0.15174468,-0.98797421,-0.00306097,0.00290287,-0.00325184
0.97670903,0.2057065,0.0610271,0.21249331,-0.96677389,-0.14210808,0.02976685,0.15176609,-0.98796804,-0.00437845,-0.00221163,0.0047076
0.97672723,0.20562412,0.06101347,0.21240764,-0.96680273,-0.14203998,0.02978115,0.15169405,-0.98797868,,,
0.97679361,0.2053916,0.06073324,0.21213453,-0.96686465,-0.14202724,0.02954962,0.15161492,-0.98799786,,,
0.97684171,0.20524392,0.06045829,0.21194588,-0.96690939,-0.1420032,0.0293124,0.15152853,-0.98801802,0.00427908,-0.00490063,-0.00514031
0.976874799,0.205126402,0.0603223155,0.211809891,-0.966934261,-0.142036255,0.0291923369,0.151528502,-0.988021512,4.48065111e-05,0.00148653984,-0.0060053179
0.97691886,0.20497706,0.06011613,0.21162509,-0.96700331,-0.14184285,0.02905796,0.15129104,-0.98806206,0.00324305,0.00104356,-0.00502724
0.976962863,0.204830067,0.0599016525,0.211439108,-0.967083966,-0.141570065,0.0289321223,0.150974248,-0.988114207,-0.00242294301,-0.000275969505,0.00513321767
0.97699521,0.20465866,0.05995984,0.2112739,-0.9671415,-0.1414225,0.02904631,0.15083705,-0.98813165,0.00814336,-0.00617516,0.00295271
0.977009437,0.204569692,0.0600316239,0.211194341,-0.967170433,-0.141343273,0.0291462705,0.150772052,-0.988138601,-0.00238132058,-0.000166893005,0.00790430792
0.977012657,0.204519931,0.0601487264,0.211160098,-0.967191393,-0.141253108,0.0292862497,0.150707085,-0.988144681,0.000913921511,0.0015296936,0.0127750235
0.97700555,0.20428109,0.06106874,0.21105719,-0.96723987,-0.14107479,0.0302492,0.15071984,-0.98811371,0.00540195,-0.00612962,0.00304443
0.977011674,0.20417418,0.0613277646,0.210992242,-0.967245678,-0.141131941,0.0305035134,0.150827236,-0.988089487,0.000617226993,-0.00843781233,0.00227479544
0.977028753,0.204025584,0.0615497601,0.210883267,-0.967247657,-0.141279311,0.030709276,0.151013765,-0.988054354,0.000981196761,-0.003908813,0.00626471033
0.97703577,0.20397739,0.06159806,0.21084534,-0.96724447,-0.14135864,0.03074642,0.15110011,-0.98804012,-0.00429326,-0.00351381,0.00498448
0.97707782,0.20369563,0.061863,0.21061397,-0.9672601,-0.14159625,0.03099508,0.15137976,-0.98798953,0.00276513,0.00684059,0.01011008
0.97712784,0.20342436,0.06196541,0.21037163,-0.9672632,-0.14193509,0.03106381,0.1517245,-0.98793452,0.00905129,0.00133657,0.0026896
0.97717193,0.20326264,0.06180057,0.21019281,-0.96727238,-0.14213756,0.03088673,0.15188287,-0.98791577,0.00851502,-0.00191408,-0.00348072
0.97726394,0.20294585,0.06138541,0.20982891,-0.96729012,-0.14255324,0.03044692,0.15219257,-0.98788166,0.0023915,-0.00179833,-0.00981685
0.97733374,0.20271247,0.0610444,0.2095531,-0.96731532,-0.14278838,0.0301042,0.15234395,-0.98786893,-0.0045967,0.00779307,-0.01331639
0.9773756,0.20243306,0.06130078,0.20932057,-0.96734239,-0.14294674,0.03036169,0.15254417,-0.98783026,0.01235944,0.00378036,0.00705312
0.97742238,0.20222409,0.06124469,0.20910617,-0.96738389,-0.14297958,0.03033321,0.15255809,-0.98782897,0.02512053,-0.01443744,0.00940408
0.97743431,0.20224135,0.06099682,0.20908879,-0.96737102,-0.14309151,0.03006754,0.1526163,-0.98782802,0.01199238,0.00110853,-0.00261817
0.97743524,0.20229534,0.0608025,0.20911795,-0.96733797,-0.1432716,0.02983339,0.15275361,-0.98781381,-0.0226153,-0.00376165,-0.0069289
0.97738332,0.20219962,0.06194477,0.20920363,-0.96729391,-0.1434459,0.03091409,0.1531607,-0.98771783,0.00380982,0.00684977,-0.0088559
0.97724878,0.20255402,0.0629022,0.2096932,-0.96722535,-0.14319063,0.03183677,0.15312304,-0.987694,-0.00844106,-0.00563514,0.00119172
0.97722533,0.20257591,0.06319534,0.20975584,-0.9672299,-0.14306728,0.03214245,0.15306457,-0.98769304,0.0027253,-0.00482166,0.00394067
0.97715749,0.20275449,0.06366989,0.20999988,-0.96720225,-0.1428998,0.03260808,0.15300628,-0.98768735,0.00278856,-0.00350565,0.00819375
0.97711582,0.20285874,0.06397656,0.21014827,-0.9671782,-0.14284435,0.0328995,0.15302004,-0.98767554,0.01263201,0.00230467,0.00297647
0.97711582,0.20286133,0.06396834,0.21014692,-0.96719002,-0.14276514,0.03290801,0.15294082,-0.98768736,0.00103008,-0.00593245,0.00897153
0.977102055,0.202950233,0.0638965781,0.210226556,-0.96716075,-0.142844238,0.032808001,0.153006157,-0.987680284,-0.00048247003,0.00217020512,0.00997017045
0.97711465,0.2029649,0.06365706,0.21021067,-0.96713634,-0.14303588,0.03253378,0.15314385,-0.98766847,0.00169726,0.00293851,0.00994282
0.97713408,0.20293638,0.06344926,0.21015423,-0.96713156,-0.14314814,0.03231382,0.15320906,-0.98766515,,,
0.9771507,0.20295511,0.06313258,0.21013327,-0.96709438,-0.14342982,0.03194536,0.15341881,-0.98764458,-0.00536686,-0.00102925,0.00437566
0.977187989,0.202834131,0.0629440273,0.209996152,-0.967070823,-0.143790546,0.0317056998,0.153728398,-0.98760438,0.005088259,-0.000864028931,0.00788622536
0.97719903,0.2027899,0.06291507,0.20995335,-0.96705482,-0.1439597,0.03164875,0.15388651,-0.98758145,0.00915811,0.00527954,0.02130679
0.97730578,0.20259397,0.06187965,0.20963229,-0.96696837,-0.14500578,0.03045836,0.15468695,-0.98749402,-0.01065344,0.00732851,0.00981115
0.97734567,0.20242334,0.06180795,0.20946066,-0.96696482,-0.14527584,0.0303589,0.15493105,-0.98745862,-0.00800112,0.00689554,-0.0056156
0.97740048,0.20221534,0.06162181,0.20923973,-0.96694489,-0.1457258,0.03011691,0.1553262,-0.98740388,-0.01222709,0.00924432,-0.01062877
0.97743332,0.20209307,0.0615019,0.2091059,-0.96694505,-0.14591666,0.02998022,0.15548422,-0.98738317,-0.01016415,0.00670767,-0.00813698
0.97747207,0.20187323,0.06160802,0.20890288,-0.96699926,-0.14584862,0.03013198,0.15543305,-0.98738666,-0.00444024,-0.00194728,-0.00440541
0.97747277,0.20170479,0.06214633,0.20881595,-0.96703814,-0.14571484,0.0307065,0.15540943,-0.98737262,0.00558521,-0.00232476,0.00656383
0.97748253,0.20160899,0.06230336,0.2087428,-0.96706751,-0.14562482,0.03089229,0.1553511,-0.98737603,0.00868814,-0.00770354,0.00943029
0.97750323,0.2014741,0.06241499,0.20862425,-0.96710528,-0.14554583,0.03103814,0.1552928,-0.98738091,0.00431287,0.00598407,0.00882585
0.97750039,0.20153163,0.06227342,0.20865454,-0.96712046,-0.14539864,0.03092348,0.15512086,-0.98741112,0.00174468,0.00554085,-0.00446996
0.97748943,0.20157075,0.06231883,0.20869996,-0.96711256,-0.1453877,0.03096341,0.15512087,-0.98741012,-0.00467135,0.00223327,0.00276742
0.97743609,0.20165716,0.06287358,0.20886639,-0.96710176,-0.1452209,0.03152031,0.15507633,-0.98739957,0.00671638,0.00251758,-0.00138157
0.977393423,0.201704509,0.0633828872,0.208987348,-0.967099131,-0.145064886,0.0320372872,0.155031686,-0.987390021,0.00721328938,0.000392913818,0.00306025147
0.977304683,0.201846559,0.0642924557,0.209264524,-0.967060424,-0.144921334,0.0329228244,0.155086429,-0.987352005,0.000732951739,0.0029065609,0.00603566458
0.97725444,0.20193191,0.06478624,0.20942848,-0.9670129,-0.14500189,0.03336862,0.15527182,-0.98730795,,,
0.97724335,0.20196841,0.06483979,0.20947523,-0.96699282,-0.14506983,0.03340008,0.15535085,-0.98729468,0.00481224,0.00230908,-0.00799974
0.97719035,0.2021088,0.06520014,0.20967069,-0.96694853,-0.14508219,0.03372279,0.15544347,-0.98726906,-0.00728867,0.00292373,-0.00529346
0.97714833,0.20221537,0.06549875,0.20981805,-0.9669367,-0.14494762,0.03402251,0.15537815,-0.98726902,,,
0.977117358,0.202280181,0.0657601315,0.209921344,-0.966920897,-0.144903017,0.0342738399,0.155391709,-0.98725812,0.00753078051,0.00136995316,-0.000238105771
0.977063973,0.202433925,0.0660795052,0.210109812,-0.966937431,-0.144519864,0.0346390207,0.155089104,-0.987293081,0.000205012388,0.000272274017,0.00705842674
0.977063973,0.202433925,0.0660795052,0.210109812,-0.966937431,-0.144519864,0.0346390207,0.155089104,-0.987293081,-8.1139442e-05,0.00514924526,-0.00439943187
0.977065371,0.202610013,0.0655167546,0.210193094,-0.966934614,-0.14441759,0.0340899649,0.154876596,-0.987345553,-0.000406175852,0.0034352541,-0.00869880524
0.977051,0.20282108,0.06507644,0.2103267,-0.96693572,-0.14421385,0.03367513,0.1545916,-0.9874042,0.00461639,-0.00206256,0.00497854
0.97705273,0.20288283,0.06485766,0.21035198,-0.9669387,-0.14415708,0.0334664,0.154492,-0.98742691,0.00401533,0.00323248,0.00629137
0.97704229,0.203102993,0.0643237029,0.210478153,-0.966951918,-0.143885226,0.0329744073,0.154120685,-0.987501659,-0.000927762943,-0.00313782692,0.00832964759
0.97704229,0.20310299,0.0643237,0.21047815,-0.96695192,-0.14388523,0.03297441,0.15412068,-0.98750166,-0.00655925,-0.00103849,0.00152248
0.97703116,0.20314214,0.06436907,0.21052353,-0.96694364,-0.14387407,0.03301438,0.15412065,-0.98750027,,,
0.97702851,0.20319196,0.064252,0.21055776,-0.96692287,-0.14396433,0.03287433,0.15418601,-0.98749485,0.00657552,0.00262046,0.00186533
0.97702584,0.20324437,0.06412672,0.21059064,-0.96691393,-0.14397538,0.03274284,0.15417216,-0.98750126,,,
0.97701203,0.20333591,0.06404681,0.21066889,-0.96689696,-0.14397542,0.03265129,0.15415839,-0.98750651,0.01074047,0.00748312,-0.00528609
0.97698709,0.20346917,0.06400402,0.21079118,-0.96688374,-0.14388523,0.03260823,0.1540655,-0.98752245,0.01029289,0.00295568,-0.01121567
0.97696214,0.20360242,0.06396121,0.21091346,-0.9668703,-0.14379492,0.03256521,0.15397248,-0.98753816,,,
0.97691069,0.20381249,0.06407792,0.21113005,-0.96686503,-0.1435132,0.03270492,0.15372836,-0.98757172,-0.00264512,-0.01167214,-0.00126926
0.9768353,0.20404186,0.06449584,0.21141052,-0.96685215,-0.14318667,0.03314187,0.1535049,-0.98759191,,,
0.97679751,0.20415527,0.06470891,0.21155138,-0.96683964,-0.14306284,0.03335611,0.15343269,-0.98759588,,,
0.97671312,0.20437158,0.0652973,0.211844,-0.96682716,-0.1427134,0.03396464,0.15322289,-0.98760766,0.00534061,0.00588942,0.00324857
0.97665007,0.20462098,0.06545906,0.21210559,-0.96681313,-0.1424199,0.03414458,0.15297863,-0.98763936,,,
0.97662324,0.20469801,0.0656184,0.21219961,-0.96682087,-0.14222783,0.03432749,0.1528272,-0.98765656,,,
0.97656694,0.20490709,0.06580346,0.21241915,-0.96683886,-0.1417758,0.03457048,0.15243148,-0.98770905,,,
0.97650176,0.20510048,0.06616728,0.21265221,-0.9668456,-0.14138001,0.03497644,0.15212845,-0.9877415,0.00295825,0.00120735,0.01203687
0.97649735,0.2050993,0.06623598,0.2126555,-0.96686986,-0.14121047,0.0350794,0.15197709,-0.98776135,0.00112819,-0.0044989,0.01032069
0.97648357,0.20519608,0.06613931,0.212731,-0.96687633,-0.14105208,0.0350052,0.15180492,-0.98779041,,,
0.97648106,0.20525369,0.06599736,0.21276124,-0.966891,-0.14090493,0.034891,0.15163268,-0.98782078,0.00469087,0.00564182,0.00170295
0.97648292,0.20531512,0.0657784,0.21278681,-0.96689352,-0.14084826,0.03468244,0.1515327,-0.98784336,0.00433322,0.00437629,0.00251358
0.97649776,0.20540142,0.06528689,0.21279135,-0.96691897,-0.14066708,0.03423392,0.15125357,-0.98790186,,,
0.97649682,0.20551764,0.06493424,0.2128487,-0.96692463,-0.14054246,0.03390257,0.15106044,-0.98794299,,,
0.976508078,0.205481081,0.0648806322,0.21280206,-0.966944699,-0.140474462,0.033871143,0.15098118,-0.987956107,-0.000312934397,-0.00284641981,0.0092826765
0.97650112,0.20552939,0.06483225,0.21283986,-0.96694775,-0.14039517,0.03383408,0.15089493,-0.98797041,-0.00207356,-0.00391573,0.00906943
0.976505414,0.20553591,0.0647469534,0.212833801,-0.966947714,-0.140406442,0.0337483509,0.150887991,-0.987974666,-0.00173872407,0.00530910492,-0.000118566793
0.9765097,0.20553978,0.06466997,0.21282908,-0.96693539,-0.14049691,0.03365399,0.15096025,-0.98796663,-0.00206531,0.00270224,-0.00558543
0.97651127,0.20560109,0.06445096,0.21285474,-0.96693795,-0.14044016,0.03344544,0.15086009,-0.98798897,0.00468051,0.00130129,-0.01012369
0.97649032,0.20574341,0.06431416,0.21296963,-0.96693582,-0.14028167,0.03332563,0.15068066,-0.98802056,,,
0.97644106,0.20590415,0.06454716,0.21315132,-0.96695003,-0.13990856,0.03360612,0.15037077,-0.98805845,,,
0.976396,0.2060688,0.06470311,0.21332821,-0.9669515,-0.13962565,0.03379229,0.15013292,-0.98808786,0.00222124,0.00469434,0.00137483
0.97637345,0.20615249,0.0647769,0.21341598,-0.96695862,-0.13944458,0.03388973,0.14997441,-0.98810896,0.00458314,-0.00164914,0.00341244
0.97635247,0.20629736,0.0646316,0.2135295,-0.96696779,-0.13920675,0.03377869,0.14971561,-0.98815197,0.00455524,0.00314403,-0.00860949
0.97632019,0.20648141,0.06453149,0.21368826,-0.96696847,-0.13895758,0.03370777,0.14945672,-0.9881935,-0.0042019,0.00266171,0.00412972
0.976304616,0.206519439,0.0646452884,0.213736769,-0.966983642,-0.138776352,0.0338509308,0.149305069,-0.988211391,0.000354765449,-0.0034404397,0.00836041477
0.97628473,0.206551041,0.064844374,0.213791234,-0.966999348,-0.138583942,0.0340798114,0.149160545,-0.988225499,0.000688885106,-0.00612396002,0.00897888932
0.97627773,0.20660194,0.06478752,0.21382769,-0.96701398,-0.13842526,0.03405152,0.14899486,-0.98825143,,,
0.97629761,0.2065782,0.0645633,0.21376913,-0.9670335,-0.13837975,0.03384864,0.14890146,-0.98827254,-0.00271338,0.00418377,-0.00245913
0.97631469,0.20660906,0.06420528,0.21374244,-0.96705566,-0.13826627,0.03352302,0.14871478,-0.98831177,-0.00302069,0.00441933,-0.00423867
0.976309118,0.206720954,0.0639293082,0.213804895,-0.967072715,-0.138050874,0.0332862759,0.148448726,-0.988359861,-0.00231320132,-0.000351071358,-0.0087308092
0.976293609,0.206758974,0.0640430505,0.213853353,-0.967087581,-0.137869632,0.0334294631,0.148297062,-0.988377524,0.00304189813,-1.03712082e-05,-0.00520748924
0.97627105,0.20684788,0.0640999,0.21393834,-0.96711736,-0.13752965,0.03354441,0.14797964,-0.98842137,,,
0.97619314,0.20702274,0.06471884,0.21418852,-0.96712297,-0.13709905,0.03420847,0.14769719,-0.98844071,,,
0.97618019,0.20701156,0.06494958,0.21420213,-0.96715862,-0.13682701,0.03449177,0.14748015,-0.9884634,-0.00430247,0.00257468,-0.02122901
0.97612259,0.2070526,0.06568036,0.21433267,-0.96720166,-0.13631648,0.03530148,0.14713905,-0.98848552,0.01503217,0.00218105,0.01037244
0.97607451,0.20728298,0.06566826,0.21453523,-0.96725113,-0.135647,0.03540038,0.14648974,-0.98857868,-0.00961136,-0.01197034,0.0167194
0.97605872,0.20732132,0.06578188,0.21458338,-0.96726578,-0.1354653,0.03554372,0.14633778,-0.9885959,0.0040671,-0.00330275,0.01539721
0.97604915,0.20743211,0.06557411,0.2146489,-0.96730519,-0.13507939,0.03541038,0.14591954,-0.98866249,-0.00205706,-0.00356823,0.02487032
0.97605967,0.20750547,0.06518429,0.2146634,-0.96730676,-0.13504546,0.03503053,0.14580511,-0.98869295,,,
0.976077063,0.207533224,0.0648346224,0.214638618,-0.96731703,-0.135011462,0.0346962686,0.145697605,-0.98872061,-0.00451723579,-0.00268387794,-0.000604932313
0.97606029,0.20767887,0.06462036,0.21474929,-0.96730197,-0.13494335,0.03448252,0.14559002,-0.98874393,-0.00672424,0.00287533,-0.01028111
0.97602727,0.20768943,0.0650836,0.21482216,-0.96730619,-0.13479561,0.03496015,0.14554559,-0.9887335,0.00414771,0.00334454,-0.00605796
0.97601417,0.20767328,0.0653311,0.21483823,-0.96731857,-0.13468207,0.03522612,0.14548723,-0.98873279,0.0068075,0.00866818,-0.00784118
0.97597035,0.20790187,0.06525859,0.21503926,-0.96733222,-0.13426183,0.03521346,0.14506872,-0.98879464,0.00281394,0.00242186,-0.00652626
0.975935213,0.208145542,0.0650068965,0.215227302,-0.967356773,-0.133784771,0.0350381506,0.144556528,-0.988876141,-0.00629486842,-0.000505924225,0.00170381833
0.97591242,0.20823213,0.06507172,0.21531324,-0.96737342,-0.13352336,0.03514481,0.14431791,-0.98890687,,,
