0,1,2,3,4,5,6,7,8,9,10,11
0.17931544,-0.75940311,-0.62542202,-0.97721771,-0.21086063,-0.02414658,-0.11353998,0.6155034,-0.77991271,-0.09546827,0.17506754,0.09493405
0.17543169,-0.77052075,-0.61279807,-0.97715825,-0.21211278,-0.01303399,-0.11993935,0.60108728,-0.79013201,-0.06761117,0.1768378,0.07967987
0.17310448,-0.77909455,-0.60253332,-0.97711088,-0.21265249,-0.00575197,-0.12364893,0.5897376,-0.79807284,-0.05640273,0.14720643,0.07426175
0.16857408,-0.80191528,-0.573162,-0.97679559,-0.21384286,0.01190138,-0.13211049,0.55785584,-0.81935568,-0.07371265,0.10906088,0.06109277
0.16316629,-0.83165814,-0.53077438,-0.97622512,-0.21390478,0.03505952,-0.14269274,0.51243477,-0.8467876,-0.06154415,0.05754149,0.03465267
0.16008648,-0.84818289,-0.50493374,-0.97582431,-0.21309134,0.04856911,-0.14879251,0.48495137,-0.86179052,-0.02194723,0.05727625,-0.02123966
0.15376584,-0.87988374,-0.44962269,-0.97469983,-0.20977182,0.07717444,-0.16222274,0.4263804,-0.88987827,0.06691112,-0.03032565,-0.05080096
0.14921954,-0.90510967,-0.39813311,-0.97273125,-0.20667128,0.10526557,-0.17755957,0.37156885,-0.91126785,0.12256073,-0.09781694,-0.04689782
0.14779564,-0.9145356,-0.37653812,-0.97155708,-0.20547597,0.11771275,-0.18502208,0.34843088,-0.91889198,0.14327292,-0.10168391,-0.04291084
0.14703317,-0.92728122,-0.34428298,-0.96906305,-0.20480036,0.13774465,-0.19823731,0.31337889,-0.92870641,0.10959899,-0.08501852,0.042771
0.14799286,-0.93514699,-0.3218665,-0.96673625,-0.205436,0.15237062,-0.20861195,0.28861029,-0.93444354,0.03605348,-0.0243879,0.11747754
0.14886626,-0.93823964,-0.31232227,-0.96581707,-0.2057374,0.15770065,-0.21221738,0.27816988,-0.93679521,-0.00729332,-0.00281221,0.16324063
0.15081669,-0.94456572,-0.29163313,-0.96426223,-0.20556925,0.16715137,-0.21783627,0.2560016,-0.94181232,-0.06021053,-0.00577831,0.18448634
0.15317299,-0.95176209,-0.26587006,-0.96292729,-0.20420882,0.17626597,-0.2220563,0.22901437,-0.94775696,-0.03174227,-0.01907718,0.13459252
0.15433084,-0.95541911,-0.25170669,-0.96246234,-0.20294723,0.18021812,-0.22326703,0.21444501,-0.95087593,-0.03408925,-0.06257343,0.12567557
0.1566359,-0.96167898,-0.22503019,-0.96187019,-0.2002573,0.18628616,-0.22421146,0.18727076,-0.95637782,0.03122145,-0.07825112,0.07997616
0.15930482,-0.96576413,-0.20474744,-0.96163875,-0.19871654,0.18910977,-0.22332216,0.16676699,-0.9603727,-0.00431686,-0.06105536,0.10922097
0.16080296,-0.96702835,-0.19748024,-0.96153649,-0.19863238,0.1897171,-0.22268781,0.15937741,-0.96177371,0.06499327,-0.08520454,0.03708945
0.16345083,-0.96849139,-0.18790499,-0.96178026,-0.19884324,0.1882555,-0.21968746,0.14995279,-0.963977,-0.00967165,-0.00889015,0.07617157
0.16472611,-0.96948252,-0.18157331,-0.96246572,-0.19824896,0.18535631,-0.21569644,0.14422508,-0.96575048,0.00624237,-0.00268358,0.06175418
0.16489495,-0.96976753,-0.17989032,-0.96299384,-0.19771999,0.18316542,-0.2131958,0.14303023,-0.96648319,0.01573448,-0.02063137,0.06784762
0.162601643,-0.970043756,-0.180487707,-0.965646218,-0.194027211,0.172860685,-0.202701955,0.146179841,-0.968268227,0.00522673922,0.013230443,-0.000617799116
0.1617264,-0.96940873,-0.18463853,-0.96647878,-0.19340047,0.16886433,-0.19940771,0.15113938,-0.96819094,0.01667306,0.00291264,-0.03456783
0.16082564,-0.96655676,-0.19975763,-0.96822419,-0.19377565,0.15809128,-0.19151237,0.16798505,-0.96700773,-0.02972325,0.02109981,-0.06473639
0.16102972,-0.96167439,-0.22192733,-0.97005059,-0.19565216,0.14395143,-0.18185498,0.19210029,-0.96437862,-0.0579653,0.00388193,-0.06899931
0.16164308,-0.9586335,-0.23429288,-0.9709183,-0.19697358,0.13608377,-0.17660402,0.20548228,-0.96259422,-0.05639028,-0.01005721,-0.07603844
0.16301699,-0.95179063,-0.25984619,-0.97249373,-0.19942227,0.12036066,-0.16637726,0.23307796,-0.95811964,-0.07091745,-0.01862746,-0.05635141
0.16361754,-0.94488658,-0.28358161,-0.97378164,-0.20073935,0.10701791,-0.15804581,0.25863659,-0.95295767,-0.03904434,-0.01625812,-0.02880226
0.16390842,-0.94153431,-0.29435864,-0.9742356,-0.20135963,0.10158278,-0.15491566,0.27012443,-0.95028078,-0.02178532,-0.0092895,-0.01371329
0.165280369,-0.934664889,-0.314775714,-0.974538876,-0.20380846,0.09346556,-0.151512985,0.291313193,-0.944552796,0.000262209214,-0.0247738361,0.00222321996
0.16692059,-0.92809537,-0.33283092,-0.97471815,-0.20618255,0.08609971,-0.14853269,0.31004454,-0.9390475,0.0088202,-0.04585201,-0.02834029
0.16763716,-0.91977435,-0.35484202,-0.97528792,-0.20726936,0.07650342,-0.14391378,0.33324834,-0.93179086,0.00165003,0.00491381,-0.00951741
0.16728317,-0.91500548,-0.36712541,-0.97569037,-0.20711668,0.07162837,-0.14157822,0.34621857,-0.92740915,0.02680047,0.03198659,-0.01907674
0.16701837,-0.91269621,-0.37294822,-0.97595869,-0.20676512,0.06893945,-0.14003349,0.35246793,-0.92528737,0.03488501,0.01552939,-0.02816757
0.16656781,-0.90754394,-0.38551141,-0.97661548,-0.2057438,0.06238199,-0.13593101,0.36610561,-0.92059175,0.0459456,0.00430441,-0.0519867
0.16573698,-0.89799728,-0.40759327,-0.97793643,-0.20295552,0.04949327,-0.12716809,0.3903974,-0.9118215,0.04086968,0.07623124,-0.03659192
0.1646496,-0.8856662,-0.43414957,-0.97976226,-0.19764911,0.03163361,-0.11382611,0.42015491,-0.90028516,0.01943563,0.08067918,-0.03415046
0.16505165,-0.88317864,-0.439037,-0.97999958,-0.19703001,0.02792956,-0.11117024,0.42564624,-0.89803482,-0.01294486,-0.00919664,-0.01091394
0.16668627,-0.87945905,-0.44583335,-0.98012502,-0.19711348,0.02238493,-0.10756642,0.43324118,-0.89483593,-0.02736353,-0.02674741,-0.02165232
0.16921549,-0.87746544,-0.44879894,-0.97996805,-0.19831674,0.01824949,-0.10501765,0.43672053,-0.89344635,-0.03771795,-0.05165344,-0.01843389
0.17358858,-0.87635034,-0.44930735,-0.97939698,-0.20142462,0.01448091,-0.10319191,0.43753654,-0.8932599,0.00273058,-0.02455074,-0.0501505
0.17632525,-0.87514904,-0.45058137,-0.97895137,-0.20370673,0.01256133,-0.10277949,0.43888237,-0.89264699,0.01262024,-0.02015221,-0.06756824
0.177445574,-0.874242961,-0.451898528,-0.978781068,-0.204587923,0.0114610253,-0.102472713,0.440276025,-0.891995678,0.000560147688,-0.0102623701,-0.0611658767
0.179569748,-0.871559238,-0.456222657,-0.978535953,-0.205911945,0.00821770449,-0.101103941,0.444954646,-0.889827597,0.0157689657,0.000557124615,-0.113842919
0.18149748,-0.86751388,-0.46311798,-0.97835447,-0.2068945,0.00413512,-0.09940385,0.45234305,-0.88628691,0.00669907,0.05337608,-0.10873039
0.18207553,-0.86508048,-0.46742299,-0.97831243,-0.20712247,0.00224822,-0.0987587,0.45687638,-0.88403092,0.01725935,0.06458247,-0.12942591
0.18190559,-0.85876342,-0.47899459,-0.97841087,-0.20666686,-0.00104501,-0.09809486,0.46884358,-0.87781733,0.02158095,0.06140578,-0.17506622
0.18025468,-0.84922657,-0.49630883,-0.97876133,-0.20494688,-0.00479529,-0.09764467,0.48663227,-0.86813277,0.00368001,0.06815147,-0.15784377
0.17925111,-0.84325851,-0.50673872,-0.97894979,-0.20398668,-0.00683653,-0.09760299,0.49729722,-0.86207258,-0.00373164,0.07043314,-0.14328659
0.17840295,-0.82931784,-0.529532,-0.97914301,-0.20280106,-0.01226609,-0.09721722,0.52067592,-0.84820106,-0.03787863,0.02979553,-0.09796841
0.18224783,-0.80717327,-0.5614774,-0.97859029,-0.20444495,-0.02372896,-0.0956379,0.55378094,-0.82715156,-0.10802035,0.0019089,-0.04682828
0.18484617,-0.79624499,-0.57604323,-0.9778863,-0.20736639,-0.02715781,-0.09782775,0.5683248,-0.81696794,-0.09287055,-0.0213725,-0.05009364
0.18508441,-0.78979456,-0.58478055,-0.97759106,-0.20870402,-0.02753775,-0.1002969,0.57677305,-0.81072396,-0.00799981,-0.03292781,-0.15110363
0.18408392,-0.78740691,-0.58830563,-0.97763333,-0.20861673,-0.02668745,-0.10171649,0.5800599,-0.80819823,-0.05468031,0.0012033,0.00801154
0.18245254,-0.78773251,-0.58837781,-0.97760503,-0.20917609,-0.02310011,-0.1048779,0.57941582,-0.80825596,-0.0169322,0.04043901,0.00145448
0.17959552,-0.79596819,-0.57808302,-0.97782568,-0.20878417,-0.01630811,-0.1077139,0.56819332,-0.81581483,0.02339545,0.06695855,-0.05300458
0.17743508,-0.80057792,-0.57235631,-0.97814994,-0.20749337,-0.01300494,-0.10834869,0.56215784,-0.81990185,0.04654616,0.05429804,-0.02925643
0.17345062,-0.81192718,-0.55739497,-0.97884827,-0.20447627,-0.00674928,-0.10849411,0.54677576,-0.83022005,-0.00487389,0.06514025,0.07820795
0.16823056,-0.82831983,-0.53440125,-0.97980532,-0.19994824,0.00147444,-0.10807391,0.52336115,-0.84522958,-0.00480029,0.01797068,0.08572903
0.16507575,-0.83830948,-0.51960285,-0.98033698,-0.19721551,0.0067318,-0.10811711,0.50827466,-0.85438128,-0.0143294,0.00273097,0.11119041
0.16014549,-0.86346275,-0.47831521,-0.98102692,-0.19286704,0.01970779,-0.1092682,0.46608401,-0.87796698,-0.14046875,-0.08719945,0.26455986
0.1570357,-0.89522581,-0.41702582,-0.98147955,-0.18837877,0.03480412,-0.10971636,0.40383683,-0.90822801,0.05406692,-0.06817997,-0.02834522
0.15423183,-0.91016075,-0.38447345,-0.98189011,-0.18452225,0.0429323,-0.11001923,0.37088918,-0.92213704,0.07306626,-0.11758906,-0.00677363
0.15128452,-0.93368052,-0.32458215,-0.98238351,-0.17845607,0.05546104,-0.10970658,0.31047377,-0.94422998,0.14716728,-0.24001276,-0.02955988
0.14744431,-0.95275068,-0.26556789,-0.98356809,-0.16952221,0.06209675,-0.10418238,0.2520483,-0.96209025,0.25996283,-0.03078765,-0.02513996
0.14451082,-0.95793638,-0.24794061,-0.9845443,-0.16425412,0.06077123,-0.09894023,0.23532641,-0.96686731,-0.00924365,-0.24533188,0.173189
0.13989236,-0.96239031,-0.23288377,-0.98555564,-0.15800636,0.06094145,-0.09544661,0.2209947,-0.97059307,-0.00726053,-0.10419905,0.14889687
0.13798486,-0.96466202,-0.2244709,-0.98600844,-0.15519521,0.06084038,-0.09352725,0.21293518,-0.97257948,0.03665613,0.04594231,0.1034276
0.13036329,-0.96953598,-0.20737697,-0.9871855,-0.1463446,0.06362235,-0.09203269,0.19642555,-0.97618983,0.07470122,0.21486366,0.06326874
0.12507885,-0.97421641,-0.18776983,-0.98806737,-0.13945776,0.06537736,-0.08987769,0.17735193,-0.98003466,0.11944833,0.34375727,0.02193662
0.1199869,-0.9765837,-0.17857051,-0.98867635,-0.1338711,0.06780576,-0.09012343,0.16841263,-0.98158798,0.01769981,-0.04271293,0.09437069
0.11174895,-0.98069576,-0.16046176,-0.98958975,-0.12455819,0.0720926,-0.09068773,0.15073504,-0.98440572,-0.08559027,0.07814801,0.08390272
0.1048959,-0.98456289,-0.14011603,-0.99007407,-0.11664126,0.07840811,-0.09354106,0.13050059,-0.98702537,-0.03712862,-0.01887619,0.01130886
0.10211444,-0.98622497,-0.13012629,-0.99025672,-0.11322741,0.08106202,-0.09467926,0.12058084,-0.98817805,-0.04533619,0.04589677,-0.01278081
0.09732188,-0.988475,-0.11595545,-0.99063247,-0.10742401,0.0843056,-0.09579037,0.10666445,-0.98967014,-0.09221052,0.05817378,0.01381529
0.09493923,-0.99033989,-0.10106096,-0.99055107,-0.10407361,0.08931467,-0.09896967,0.09162659,-0.9908629,-0.11441574,0.01493037,0.04449647
0.09519324,-0.99126536,-0.09127516,-0.99027773,-0.10364155,0.09278122,-0.10143072,0.08155562,-0.99149399,-0.11549534,-0.0033443,0.0286705
0.09741357,-0.99286587,-0.0687592,-0.9897506,-0.10389313,0.09797869,-0.10442332,0.05851002,-0.99281019,-0.09070764,-0.03126895,0.05130327
0.10060194,-0.99388183,-0.04558569,-0.98938271,-0.10476636,0.10072606,-0.10488565,0.03496846,-0.9938692,-0.01567133,-0.09261286,0.04688227
0.10235295,-0.99413215,-0.03500236,-0.98931294,-0.10540401,0.10074692,-0.10384514,0.02431654,-0.99429621,0.04238846,-0.1191237,0.05064809
0.10651093,-0.99410622,-0.02020471,-0.98926214,-0.10799343,0.09847756,-0.10007913,0.00949882,-0.99493413,0.09605011,-0.09087402,0.05889779
0.11128591,-0.99366017,-0.01596255,-0.98916271,-0.11230146,0.09458,-0.095773,0.00526415,-0.99538916,0.08125889,-0.01924348,0.08077869
0.11413104,-0.99331711,-0.01718002,-0.98911209,-0.11523098,0.0915369,-0.09290484,0.00654577,-0.99565339,0.00315716,0.11644316,0.12910268
0.12028644,-0.9924991,-0.02183233,-0.98883171,-0.12173326,0.08598127,-0.08799406,0.01124613,-0.99605745,0.05624032,0.04224885,0.09190235
0.12838913,-0.99124781,-0.03072501,-0.98835067,-0.13044415,0.0784047,-0.08172638,0.02030077,-0.99644804,0.05868462,0.03372967,0.07210371
0.13329702,-0.99037882,-0.03717041,-0.98805239,-0.13572424,0.073016,-0.07735843,0.0269935,-0.9966378,0.0438561,0.03711855,0.06967
0.14375422,-0.9882444,-0.05203478,-0.98730556,-0.14680933,0.06061864,-0.06754523,0.04266005,-0.99680365,0.03382495,0.05509996,0.03201085
0.153811747,-0.985653851,-0.069486916,-0.986455991,-0.157230816,0.0467230763,-0.0569782647,0.0613592268,-0.996488093,0.0206803232,0.000959813595,0.020534033
0.15833022,-0.98420806,-0.07915827,-0.98602578,-0.1618101,0.0396313,-0.05181405,0.07177726,-0.99607394,0.02046043,0.04686761,0.00210828
0.16573039,-0.98111768,-0.09970655,-0.98526293,-0.16906702,0.02594411,-0.04231132,0.09393745,-0.99467842,-0.00921724,0.03759944,0.00106654
0.17161567,-0.97773605,-0.12074839,-0.98452719,-0.1746175,0.01465573,-0.03541423,0.11636493,-0.99257483,-0.02912058,0.01337647,0.01028511
0.17430074,-0.9759156,-0.1311783,-0.98414668,-0.17708547,0.00978259,-0.03277677,0.12739359,-0.99131023,-0.0302982,-0.01212466,0.01170255
0.179977179,-0.971822,-0.152217555,-0.98329584,-0.18201353,-0.000565114428,-0.0271564674,0.149776599,-0.988346811,-0.0213537402,0.000748455524,0.03569315
0.18645812,-0.96738239,-0.17147807,-0.98222951,-0.18735695,-0.01107384,-0.02141497,0.17049563,-0.98512576,-0.06153836,0.12917745,0.0970071
0.19015165,-0.96547758,-0.17803167,-0.98157584,-0.19042583,-0.01570649,-0.01873757,0.17773821,-0.98389926,-0.11376031,0.12241697,0.12297082
0.19472561,-0.96434553,-0.17921921,-0.98071548,-0.19453111,-0.01883221,-0.01670297,0.17943018,-0.98362878,-0.00673291,0.06122971,0.05841869
0.19853538,-0.96500654,-0.17130658,-0.97993551,-0.19858722,-0.01700893,-0.01760558,0.17124629,-0.98507077,0.04948277,-0.06314075,-0.00191835
0.20038631,-0.96500525,-0.1691455,-0.97956729,-0.20036488,-0.0173739,-0.01712491,0.16917089,-0.98543795,0.02427044,-0.03579015,0.02101491
0.2012469,-0.96534274,-0.16617147,-0.97939669,-0.20120739,-0.01724917,-0.01678358,0.16621914,-0.98594585,-0.04334135,0.14222467,0.06234942
0.20084811,-0.9659636,-0.16301615,-0.97948177,-0.20083819,-0.01671354,-0.0165952,0.16302824,-0.98648171,0.03862391,-0.06299424,0.04295871
0.2009381,-0.96616612,-0.16170019,-0.97946114,-0.20097149,-0.016322,-0.01672736,0.16165876,-0.986705,0.00752232,-0.043769,0.04190316
0.19951537,-0.96683358,-0.15945682,-0.97973749,-0.19973941,-0.01478752,-0.01755274,0.15917616,-0.9870942,0.00571969,-0.18266773,0.03006523
0.19878319,-0.96692507,-0.15981609,-0.97987435,-0.19911818,-0.0140801,-0.01820788,0.15939857,-0.98704642,0.03891996,-0.16037118,0.03978238
0.1988927,-0.96518794,-0.16986426,-0.97988039,-0.19879252,-0.01777201,-0.01661442,0.16998139,-0.98530712,0.0776609,-0.00348467,0.04129898
0.19945412,-0.96278917,-0.18235973,-0.97980766,-0.19860202,-0.02311263,-0.01396442,0.18328737,-0.9829602,0.02606735,0.07472241,0.07418526
0.20016274,-0.96151344,-0.18821975,-0.97968125,-0.19889364,-0.02580309,-0.01262571,0.18956019,-0.98178779,-0.04809341,-0.01690948,0.08155516
0.20277972,-0.95928626,-0.19659632,-0.9791803,-0.20054513,-0.03142246,-0.00928332,0.1988751,-0.97998069,-0.04721256,0.03476632,0.05283572
0.20526317,-0.95772214,-0.20158227,-0.97868995,-0.20206926,-0.03652548,-0.00575231,0.20478387,-0.97879041,-0.02947337,0.06214273,0.02628466
0.20636804,-0.95712407,-0.20328705,-0.97846686,-0.20267781,-0.03903996,-0.00383571,0.20696625,-0.9783404,0.0183202,0.04865015,-0.01068109
0.208604178,-0.955483938,-0.208649381,-0.97799996,-0.203704361,-0.0449482086,0.000444479195,0.21343549,-0.976956832,-0.0280614849,0.04517591,-0.00789023656
0.21068461,-0.95351493,-0.21545583,-0.97754644,-0.20463187,-0.05028578,0.0038591,0.22121253,-0.97521791,-0.06664772,0.01824534,-0.00163037
0.21121336,-0.95265973,-0.21869675,-0.97742926,-0.20481047,-0.05181288,0.00456864,0.22470418,-0.97441619,-0.06266611,-0.06900454,-0.02719297
0.21162164,-0.95064409,-0.2269188,-0.97733599,-0.20451954,-0.054646,0.00553957,0.23334018,-0.97237945,-0.00912167,-0.07069361,-0.03803204
0.21137207,-0.94730496,-0.24069674,-0.97738904,-0.20342719,-0.0576862,0.00568213,0.24744764,-0.96888431,0.02641022,-0.03649783,-0.06916764
0.211711,-0.94468131,-0.25051074,-0.97731279,-0.20301469,-0.06037122,0.0061742,0.25760861,-0.96622957,0.01846442,0.0503459,-0.06521058
0.21245566,-0.93801873,-0.27383113,-0.97714328,-0.20183754,-0.06672822,0.00732293,0.28174903,-0.95946023,-0.04369269,0.04108846,-0.02057503
0.21298879,-0.93145328,-0.29500947,-0.9770235,-0.20063069,-0.07191962,0.00780181,0.30354926,-0.95278383,-0.08534583,-0.0180105,-0.0145425
0.21293442,-0.92871759,-0.30354993,-0.97703478,-0.19988802,-0.07380931,0.00787201,0.31229538,-0.94995243,-0.05599488,-0.02889478,-0.02261373
0.21305998,-0.9235833,-0.31874629,-0.97700085,-0.19851003,-0.07786469,0.00864016,0.32800527,-0.94463622,-0.03169264,-0.09702772,-0.0814206
0.2142599,-0.91718497,-0.33595299,-0.97671857,-0.19742464,-0.08393049,0.01065439,0.34611446,-0.93813178,0.00696264,-0.01288253,-0.10914774
0.21528486,-0.91320045,-0.34600222,-0.97648318,-0.19711778,-0.08732371,0.0115409,0.3566648,-0.93416136,0.02866041,0.009197,-0.12133789
0.21786104,-0.90423527,-0.36728081,-0.9758902,-0.19672763,-0.09453378,0.0132265,0.37902096,-0.92529362,-0.0086313,0.09863794,-0.07016923
0.22049757,-0.89576515,-0.38598649,-0.9752837,-0.19670329,-0.10064515,0.01422959,0.39863835,-0.91699774,-0.02067571,0.06654751,-0.0574319
0.2207881,-0.89258671,-0.39311773,-0.97522251,-0.19628758,-0.10204019,0.01391558,0.40590653,-0.91380861,-0.01315608,0.07011771,-0.01543167
0.21887741,-0.88944253,-0.40122895,-0.97568249,-0.19458146,-0.10090455,0.01167709,0.41355779,-0.91040299,-0.03218746,0.06547391,-0.05737272
0.21469306,-0.88892783,-0.4046158,-0.97664433,-0.19178397,-0.09687301,0.00851423,0.41596374,-0.909341,-0.0095878,0.0165652,-0.05103051
0.2120981,-0.88936229,-0.40502992,-0.97722896,-0.19040274,-0.09365119,0.00617106,0.41567018,-0.90949465,0.01149986,-0.03511393,-0.08425691
0.20777076,-0.89091524,-0.40385806,-0.97817568,-0.18843093,-0.08755624,0.00190584,0.41323577,-0.91062206,-0.02070673,-0.03002703,-0.01116782
0.20451612,-0.89380131,-0.39911437,-0.97885911,-0.18791409,-0.08076505,-0.00281133,0.40719451,-0.91333701,0.02148406,-0.03094631,-0.03068611
0.2027549,-0.89568437,-0.39577754,-0.97921376,-0.18774256,-0.07676584,-0.00554634,0.40311548,-0.91513219,0.03239332,-0.01822674,-0.01570892
0.19834115,-0.9005053,-0.38697675,-0.98006287,-0.18693929,-0.06730892,-0.01172911,0.39261167,-0.91962956,0.04944418,0.00279641,-0.01249858
0.19294074,-0.90892438,-0.36963538,-0.98099095,-0.18665357,-0.0530769,-0.02075088,0.37284966,-0.92765966,0.05814994,0.03250039,-0.00231873
0.18991407,-0.91516618,-0.35553285,-0.98143336,-0.18686439,-0.04324814,-0.02685717,0.35714521,-0.9336628,0.07283705,0.06451821,-0.01098261
0.18561135,-0.922117895,-0.339480561,-0.982033936,-0.186041391,-0.0315911813,-0.0340266337,0.339245107,-0.940082462,0.058988221,0.0197988749,1.82464719e-05
0.18322814,-0.9258303,-0.33055351,-0.98235141,-0.18529066,-0.02555296,-0.03759079,0.32940175,-0.94344116,0.0668966,0.01758468,0.00663517
0.17757399,-0.93343709,-0.31170917,-0.98306435,-0.1828318,-0.01252639,-0.04529777,0.30865455,-0.95009489,0.05886169,-0.0370394,0.01658996
0.171659153,-0.940672227,-0.292692358,-0.98372218,-0.17969481,0.000577714831,-0.0531387545,0.287828809,-0.956206391,0.0736906976,-0.064514339,-0.00430507865
0.16885251,-0.94385702,-0.28394134,-0.98400896,-0.17799905,0.00652722,-0.05670207,0.2782987,-0.95881936,0.02708709,-0.06173831,0.04068387
0.16399684,-0.9501376,-0.2652233,-0.98447912,-0.17467414,0.01701661,-0.0624958,0.25831616,-0.96403663,0.02696962,-0.09067225,0.02282457
0.15985306,-0.95613212,-0.2454757,-0.98485894,-0.17137215,0.0261605,-0.06708061,0.23757711,-0.96904963,0.00643332,-0.0613811,0.04672521
0.15803877,-0.9587872,-0.23611612,-0.98499839,-0.16985662,0.03044454,-0.06929573,0.22776258,-0.97124778,0.01964185,-0.03458333,0.03227747
0.15401373,-0.96226162,-0.22434863,-0.98533738,-0.16644746,0.03748887,-0.07341637,0.2152853,-0.97378754,0.03749787,-0.00440985,-0.04636722
0.14853223,-0.96160196,-0.23078076,-0.98600224,-0.16188197,0.039921,-0.07574737,0.2216208,-0.97218638,0.12900355,0.0690397,-0.17124519
0.13925022,-0.94824544,-0.28537684,-0.98723657,-0.15542785,0.03472903,-0.07728716,0.27689844,-0.95778594,-0.00903617,0.10004878,-0.13412113
0.13818426,-0.9321355,-0.33470665,-0.98751862,-0.15546397,0.02525776,-0.07557848,0.32703882,-0.94198383,-0.12642731,0.04455328,-0.02230688
0.13987371,-0.92385477,-0.35626887,-0.98737755,-0.15713738,0.0198282,-0.07430159,0.34899848,-0.93417284,-0.15711315,0.01128352,0.03037936
0.14555959,-0.91108907,-0.38565408,-0.98673919,-0.16198897,0.01026071,-0.07182014,0.37904646,-0.92258633,-0.18659301,-0.01025999,0.11283721
0.15161443,-0.90693011,-0.39305327,-0.9858511,-0.16750776,0.00622952,-0.0714892,0.38654751,-0.91949464,-0.15034118,-0.00275803,0.11952178
0.15383415,-0.90844946,-0.38865728,-0.98541962,-0.16998492,0.00728582,-0.07268472,0.38186974,-0.9213534,-0.13254935,0.0313412,0.12539214
0.15397268,-0.91730038,-0.36722243,-0.98490316,-0.17224044,0.01728696,-0.07910791,0.35901683,-0.92997237,0.03811424,-0.01510417,-0.03072834
0.15027948,-0.9257127,-0.34709079,-0.98493969,-0.17054749,0.02841277,-0.08549754,0.33759365,-0.93740097,0.1111178,-0.03496081,-0.03792191
0.14792755,-0.9288069,-0.33975763,-0.98501911,-0.16915125,0.03354542,-0.08862763,0.32970546,-0.93991467,0.17931309,-0.06226164,-0.0552662
0.14433227,-0.93141689,-0.33411182,-0.98513788,-0.16702776,0.0400625,-0.09312086,0.32336391,-0.94168155,0.16633044,-0.02738792,-0.00351902
0.14259331,-0.93018565,-0.33826278,-0.98523234,-0.16611948,0.04148999,-0.09478545,0.32735125,-0.94013651,0.09823593,0.04103684,0.05448182
0.14197757,-0.92904174,-0.34164863,-0.98530652,-0.16574165,0.04123981,-0.09493892,0.3307735,-0.93892248,0.07213014,0.05341733,0.06559571
0.1404988,-0.926814388,-0.348245591,-0.985528513,-0.164606483,0.0404722711,-0.0948338129,0.337519695,-0.936529009,0.0957819,-0.00036996603,-0.00145641156
0.1400048,-0.92293193,-0.35860189,-0.98573959,-0.16406733,0.03740832,-0.09336018,0.34825074,-0.93274076,0.07581956,-0.00794661,0.01012296
0.14026587,-0.92029278,-0.36522105,-0.98582992,-0.16408608,0.03485352,-0.0920032,0.35515714,-0.93026781,0.0551397,-0.00756419,0.01301028
0.14150183,-0.9141944,-0.37977087,-0.98594272,-0.16457968,0.02882008,-0.0888497,0.37035422,-0.92463165,0.02576604,0.00736439,0.01980652
0.1430408,-0.90833468,-0.39302335,-0.98601194,-0.16511492,0.02274615,-0.08555517,0.38427211,-0.919247,-0.03743424,0.01818359,0.040117
0.1436994,-0.90603577,-0.39805729,-0.98603417,-0.16530214,0.02029153,-0.08418459,0.38958222,-0.91713605,-0.03576513,0.02262211,0.04194155
0.14408978,-0.9027494,-0.40531659,-0.98611115,-0.16517897,0.0173366,-0.08260041,0.39718921,-0.91401185,-0.03091931,0.01020503,0.01565479
0.14400179,-0.90001428,-0.41138524,-0.98619164,-0.16488019,0.01551136,-0.08178971,0.40347101,-0.9113296,-0.03334543,0.0137682,0.00616323
0.1440671,-0.89858629,-0.41447229,-0.98621053,-0.16485,0.01460057,-0.08144565,0.40665349,-0.90994472,-0.03373171,0.01149142,0.01404506
0.14448699,-0.89603674,-0.41981167,-0.98621989,-0.16495619,0.01265013,-0.08058546,0.4121988,-0.90752328,-0.03587361,0.01258886,0.01697566
0.14575164,-0.89391857,-0.42387032,-0.98611096,-0.16575643,0.01048777,-0.07963444,0.41645456,-0.90566217,-0.03260656,0.00419712,0.01497753
0.14661796,-0.89296325,-0.42558146,-0.98601542,-0.1663866,0.00942193,-0.07922456,0.41824852,-0.90487078,-0.0222464,-0.00330067,0.0071837
0.14877077,-0.89115637,-0.42861105,-0.98573249,-0.16815295,0.00747194,-0.07873092,0.42138427,-0.90345803,-0.00750052,-0.00790513,0.00849928
0.15106482,-0.8893368,-0.43157774,-0.98540943,-0.17010753,0.00561276,-0.07840629,0.42443292,-0.90205812,0.00270631,-0.00881916,0.0177123
0.1521793,-0.8884556,-0.43299895,-0.98523525,-0.17113629,0.00488363,-0.07844073,0.42586264,-0.90138118,0.02056442,-0.01141953,0.00300272
0.15383024,-0.88668389,-0.43603661,-0.98493087,-0.17289942,0.00411662,-0.07904062,0.42883266,-0.89991949,0.02502514,-0.00683731,0.01320575
0.15469444,-0.88519804,-0.43874138,-0.98470436,-0.17418182,0.004233,-0.08016783,0.43137575,-0.89860332,0.03179886,-0.00465024,0.01433977
0.15495233,-0.88460982,-0.43983541,-0.98461421,-0.17468523,0.00445635,-0.0807749,0.43237768,-0.89806728,0.0306706,0.0055722,0.00854698
0.1553516,-0.88385323,-0.44121329,-0.98445714,-0.17555184,0.00504352,-0.08191359,0.4335721,-0.89738787,0.02231042,0.00856161,0.0125186
0.15491889,-0.88394252,-0.44118672,-0.98438885,-0.17587876,0.00672351,-0.08353858,0.4332577,-0.8973901,0.02841518,0.00383806,0.01828832
0.154403984,-0.884282068,-0.440686517,-0.984380403,-0.175872321,0.00800686113,-0.0845848932,0.432566887,-0.897625323,0.0341731086,0.000890374184,0.0121313985
0.153301191,-0.885310876,-0.439002627,-0.984383072,-0.17571912,0.0106128112,-0.086536821,0.430519822,-0.898422983,0.0463956408,-0.0204914212,-0.00019196514
0.15236992,-0.88604287,-0.43784858,-0.9843427,-0.17577365,0.01315256,-0.088616,0.42898901,-0.89895245,0.05487597,-0.02175868,-0.00438268
0.15187088,-0.88617908,-0.43774639,-0.98432826,-0.17576387,0.0143175,-0.08962786,0.42871173,-0.89898452,0.05349139,-0.01518458,-0.00514321
0.15040149,-0.88613813,-0.43833621,-0.98437826,-0.17528314,0.01659244,-0.09153613,0.4289931,-0.89865797,0.0476068,-0.00726771,-0.00748451
0.1483566,-0.88559868,-0.44011951,-0.98454569,-0.17414383,0.01853546,-0.09305911,0.43056793,-0.89774774,0.0379,-0.01032209,-0.01112515
0.14736593,-0.8850879,-0.44147769,-0.98462925,-0.17358346,0.01933499,-0.09374643,0.43184257,-0.89706371,0.02880419,-0.00541413,-0.0082085
0.14546168,-0.88384735,-0.44458375,-0.9847888,-0.17251194,0.0207503,-0.09503612,0.43480274,-0.89549684,-0.00473216,0.00650442,0.0153548
0.14369357,-0.88344485,-0.44595658,-0.98493032,-0.17149726,0.02237953,-0.09625144,0.43602038,-0.89477467,-0.00882027,0.02167952,-0.00199195
0.14294814,-0.88367063,-0.4457486,-0.98499429,-0.17102417,0.02316595,-0.09670493,0.43574836,-0.89485809,-0.01492635,0.02411997,-0.0033785
0.14201558,-0.885028427,-0.443346554,-0.985068142,-0.17039651,0.0246101628,-0.0973254278,0.433231564,-0.89601226,-0.0337823406,0.0127955675,8.24229792e-05
0.142031672,-0.887609344,-0.438151238,-0.985035386,-0.17039724,0.0258817539,-0.0976326947,0.427918485,-0.898528406,-0.0312785544,0.00125473738,0.000953676179
0.14206858,-0.88927758,-0.43474361,-0.98502275,-0.17036259,0.02658751,-0.0977077,0.42445507,-0.90016182,-0.03094482,-0.00424469,-0.00112703
0.142250409,-0.893092905,-0.426790185,-0.984983061,-0.170340125,0.0281528014,-0.0978425678,0.416376361,-0.903912334,-0.0175033659,0.00188434124,0.00053453492
0.142538131,-0.89704209,-0.418327978,-0.984886073,-0.170558154,0.0301536197,-0.0983983357,0.407707377,-0.907795296,-0.000799183268,0.00430548191,-0.010328236
0.14257031,-0.89879169,-0.41454447,-0.98484927,-0.17059059,0.03115526,-0.0987195,0.40382203,-0.90949549,0.0028501,-0.00764692,0.00156871
0.142955985,-0.901602913,-0.408259175,-0.984769261,-0.170818041,0.0324098648,-0.0989589257,0.397407957,-0.912290282,0.0009037985,0.00151211023,0.0122838244
0.14347574,-0.90384399,-0.40308879,-0.98470937,-0.17104394,0.03303323,-0.09880283,0.39218589,-0.91456429,0.01477849,0.00209236,-0.00144712
0.14418198,-0.90579005,-0.39844195,-0.98464236,-0.1713795,0.03329495,-0.09844301,0.38752228,-0.9165891,0.01928393,0.00723159,0.00539155
0.1448134,-0.90618451,-0.39731417,-0.98458079,-0.17179539,0.03296639,-0.09813043,0.38641397,-0.91709012,0.02226015,0.00918949,0.00562435
0.14532418,-0.90620184,-0.39708813,-0.98452994,-0.17216065,0.03257822,-0.09788543,0.38621078,-0.91720194,0.02643124,0.00710523,0.00456484
