0,1,2,3,4,5,6,7,8,9,10,11
0.96132641,-0.16287392,-0.22208924,-0.20654979,-0.95977277,-0.190193,-0.18217773,0.22871004,-0.95629648,0.0054188,0.00416064,0.00220087
0.96124003,-0.16307518,-0.22231527,-0.20661496,-0.95995526,-0.18919834,-0.18255918,0.22779868,-0.9564412,0.00800754,0.00129533,0.00158505
0.96117055,-0.16319469,-0.22252788,-0.20667042,-0.96006112,-0.18859936,-0.18286198,0.22726608,-0.95650999,,,
0.961118,-0.16323228,-0.22272722,-0.20671646,-0.96009101,-0.18839651,-0.18308604,0.22711266,-0.95650354,,,
0.96106539,-0.1632787,-0.22292011,-0.20675519,-0.96013738,-0.1881179,-0.1833183,0.22688349,-0.95651353,,,
0.96099652,-0.16341908,-0.2231141,-0.20687011,-0.96018544,-0.18774623,-0.1835496,0.22657911,-0.95654139,0.00311756,-0.00235003,0.00696328
0.96096245,-0.16353049,-0.22317918,-0.206932,-0.96023802,-0.18740851,-0.18365815,0.22627546,-0.95659237,0.00507131,-0.00664431,0.00904131
0.96096324,-0.16359518,-0.22312835,-0.2069555,-0.96026267,-0.18725673,-0.18362752,0.22612447,-0.95663406,0.0049627,0.00250864,0.01072223
0.96092996,-0.163744783,-0.223161933,-0.207062634,-0.960290366,-0.186994745,-0.183680886,0.225897355,-0.956677204,0.00197777431,0.0063097477,-0.000157987291
0.9608439,-0.16390571,-0.22341424,-0.20723742,-0.9602993,-0.1867577,-0.18393383,0.22574478,-0.95666513,,,
0.96082605,-0.16388787,-0.22350407,-0.20725211,-0.96028429,-0.18681654,-0.18401051,0.22581989,-0.95663226,,,
0.96072037,-0.16388375,-0.22396092,-0.20740925,-0.96019647,-0.18709375,-0.18438487,0.22619634,-0.9564713,0.00322978,-0.00538236,0.00599644
0.96059821,-0.16396451,-0.22442532,-0.20764999,-0.96009381,-0.18735361,-0.18475001,0.22657345,-0.95631163,0.00486424,0.01038444,0.00406949
0.96052807,-0.16403147,-0.22467645,-0.20774846,-0.96010072,-0.18720924,-0.1850038,0.22649592,-0.95628097,0.00279486,0.01521683,-0.00197798
0.96040808,-0.16434225,-0.2249621,-0.20802996,-0.96013686,-0.1867096,-0.18531016,0.22611627,-0.9563113,0.0041627,-0.00499457,-0.00215618
0.96035576,-0.16435585,-0.22517539,-0.20817234,-0.96002732,-0.18711356,-0.18542136,0.22657088,-0.95618211,0.00519192,-0.02445984,0.00721527
0.96037376,-0.16426675,-0.22516367,-0.20824565,-0.95984503,-0.18796557,-0.18524576,0.22740655,-0.95601782,0.00745844,-0.01117504,0.01365885
0.96026821,-0.16416615,-0.22568662,-0.20855869,-0.9594844,-0.18945492,-0.18544069,0.22899644,-0.95560064,0.00182304,0.00515008,0.00688576
0.95999875,-0.16398927,-0.22695796,-0.20885815,-0.95924542,-0.19033315,-0.18649577,0.23012161,-0.95512491,-0.0063256,0.01181054,-0.00893856
0.9598362,-0.16392716,-0.22768917,-0.20898628,-0.95920317,-0.19040495,-0.18718762,0.23034147,-0.95493645,-0.00465991,0.01010537,-0.01574051
0.95960289,-0.16397866,-0.22863354,-0.20925107,-0.95915998,-0.19033147,-0.18808585,0.23048444,-0.9547254,0.00780004,-0.0020861,0.00737455
0.95949407,-0.16388029,-0.22916014,-0.20940881,-0.95899551,-0.19098436,-0.18846503,0.23123652,-0.95446848,0.00218389,-0.00482649,0.00980351
0.95958268,-0.16361289,-0.22898011,-0.20939848,-0.9586931,-0.19250829,-0.18802485,0.23267571,-0.95420558,0.00210362,-0.0025993,0.01105299
0.9596731,-0.16343125,-0.22873077,-0.20947055,-0.95835517,-0.19410615,-0.18748233,0.23419081,-0.95394171,0.0062012,0.00301218,0.00441998
0.959674047,-0.163397103,-0.228751191,-0.20957501,-0.958194513,-0.194785794,-0.187360711,0.234871405,-0.953798355,0.00714926841,0.000918865204,-0.00426163618
0.959528749,-0.163260943,-0.229456845,-0.209763859,-0.957996921,-0.195552969,-0.187892795,0.235770449,-0.953471832,-0.000509775942,0.00250792503,-0.0109858569
0.95947181,-0.16298431,-0.2298912,-0.20983781,-0.95772897,-0.19678309,-0.18810088,0.23704769,-0.95311423,-0.00962712,-0.00117922,-0.00573668
0.95950551,-0.16274363,-0.22992102,-0.20980516,-0.9575268,-0.19779739,-0.18796532,0.23802631,-0.95289669,-0.00232817,-0.00579816,0.00567604
0.959621787,-0.161826365,-0.230083128,-0.20963719,-0.956816489,-0.201380457,-0.187558703,0.241483058,-0.952106769,0.00490453886,-0.000834226608,0.00343547063
0.95969203,-0.16165055,-0.22991369,-0.20955098,-0.95669402,-0.20205085,-0.18729546,0.24208523,-0.95200565,,,
0.95988711,-0.16132849,-0.22932479,-0.20935365,-0.95644251,-0.20344274,-0.18651485,0.24329205,-0.95185154,,,
0.960011766,-0.161146387,-0.228930672,-0.209271556,-0.956242601,-0.204464195,-0.185964584,0.24419671,-0.951727505,-0.00831959024,-0.00302231312,0.000254827552
0.9601008,-0.16103751,-0.22863372,-0.20920647,-0.95612598,-0.20507549,-0.18557778,0.24472479,-0.95166741,-0.00474115,-0.00544298,0.00789792
0.960421365,-0.160822124,-0.227435804,-0.208919703,-0.955928449,-0.206284583,-0.184237234,0.245635941,-0.951693016,-0.00366652245,-0.00710403919,0.000726776489
0.960666523,-0.160429256,-0.226676614,-0.208625537,-0.955664915,-0.207798082,-0.183289986,0.246915191,-0.951544932,-0.00265881745,0.0004799366,-0.0114609664
0.96073397,-0.16009827,-0.22662475,-0.2085123,-0.95542975,-0.20898954,-0.18306516,0.2480374,-0.95129628,0.0036367,-0.00783807,0.00736587
0.96089377,-0.15999534,-0.22601915,-0.20844024,-0.95523127,-0.20996611,-0.18230697,0.24886662,-0.95122525,-0.00522261,0.00131428,0.00453355
0.9609654,-0.15998217,-0.22572373,-0.20844922,-0.95511534,-0.21048303,-0.18191872,0.24931885,-0.95118094,-0.01312182,0.00375819,0.00356854
0.96119979,-0.16013152,-0.22461715,-0.20855036,-0.95481331,-0.21175081,-0.18055945,0.25037882,-0.95116184,-0.00521617,0.00318325,0.00990251
0.96190455,-0.16024438,-0.22149802,-0.20836403,-0.95423619,-0.21451817,-0.17698606,0.25249822,-0.95127331,0.00348419,0.00202358,0.00662808
0.962408638,-0.160445792,-0.219150077,-0.208186237,-0.953979912,-0.21582538,-0.17443652,0.253336242,-0.951521112,-0.00025384035,-0.00150811672,-0.0117722359
0.962684071,-0.160516032,-0.217885254,-0.208120101,-0.953747855,-0.216912773,-0.172989606,0.254164772,-0.951564482,0.000730252359,-0.00387018919,-0.0146954646
0.9627355,-0.16047881,-0.21768534,-0.20814763,-0.95359467,-0.21755893,-0.17266997,0.25476239,-0.95146273,0.00364208,0.00258517,-0.01289801
0.96288805,-0.16029304,-0.21714682,-0.20806346,-0.95330579,-0.21890033,-0.17191915,0.25595683,-0.95127788,-0.00108032,0.00236773,-0.01628192
0.963140051,-0.159932397,-0.216293472,-0.207738146,-0.953045026,-0.220340109,-0.170897924,0.257150791,-0.951139892,0.000665967353,0.00689816475,-0.00815341622
0.96322327,-0.1597264,-0.21607503,-0.20759751,-0.95291882,-0.22101792,-0.17059957,0.25774624,-0.95103238,-0.00096697,0.00410676,-0.00401743
0.96333901,-0.15939003,-0.21580727,-0.20733358,-0.95279406,-0.22180285,-0.1702667,0.25841542,-0.95091059,0.00121018,-0.00170112,0.00560401
0.96350652,-0.15923706,-0.21517143,-0.20714695,-0.95265732,-0.22256239,-0.16954448,0.25901242,-0.95087701,0.01281868,-0.0074774,0.00635576
0.96369109,-0.15909021,-0.21445228,-0.20710386,-0.95227598,-0.22422872,-0.16854515,0.26050111,-0.95064807,0.00125187,0.00199664,0.00776979
0.96397359,-0.15883649,-0.21336793,-0.20676574,-0.95207313,-0.22539812,-0.16734046,0.26139501,-0.9506153,-0.0071764,-0.00154328,-0.00391771
0.96413882,-0.15865442,-0.21275598,-0.20652659,-0.95198082,-0.22600691,-0.16668263,0.26184181,-0.95060802,,,
0.964613862,-0.157646589,-0.211347222,-0.205797569,-0.95124519,-0.229738614,-0.164825531,0.265103797,-0.95002758,0.000152219785,-0.0105279684,0.00993482303
0.964842133,-0.157261112,-0.210591093,-0.205414794,-0.95104036,-0.23092724,-0.163964717,0.266066853,-0.949907572,-0.000580883585,-0.00151491165,0.019169284
0.965281,-0.15685961,-0.20887235,-0.2047332,-0.95091907,-0.23202812,-0.16222488,0.26673544,-0.95001847,-0.01668474,0.01579416,-0.01493882
0.96549016,-0.15648284,-0.2081871,-0.20419557,-0.95100173,-0.23216295,-0.1616568,0.26666193,-0.95013591,0.00157457,0.0045526,-0.02253515
0.96597045,-0.15542043,-0.20675003,-0.20313248,-0.9506768,-0.23441516,-0.16011959,0.26843577,-0.94989663,0.00854054,-0.00436389,0.02031641
0.96662342,-0.15490695,-0.20406613,-0.2022222,-0.95036269,-0.23646695,-0.15730649,0.26984119,-0.94996846,-0.00814983,0.00516844,0.00879805
0.96682867,-0.154739747,-0.203218948,-0.201891511,-0.950327279,-0.23689294,-0.156467721,0.270063063,-0.950044303,-0.0153735401,0.00265979767,0.000378567725
0.967158165,-0.154125008,-0.202115236,-0.201008927,-0.95046892,-0.237074714,-0.155565091,0.269915711,-0.950234281,-0.000354391901,-0.00806576014,-0.000137943134
0.9675014,-0.1532512,-0.20113455,-0.20002869,-0.95044228,-0.23800783,-0.15469182,0.2705056,-0.95020887,0.01352648,0.00524068,-0.00243958
0.96762564,-0.15284466,-0.20084601,-0.19959285,-0.9504658,-0.23827962,-0.15447753,0.2706529,-0.95020178,0.01105888,0.0087254,-0.00577203
0.96793552,-0.15208413,-0.1999281,-0.19867513,-0.95052477,-0.23881058,-0.15371735,0.27087398,-0.95026202,-0.00151221,-0.01682562,-0.01470811
0.96844386,-0.15093333,-0.19833212,-0.19752257,-0.95009718,-0.24145458,-0.15199124,0.27301027,-0.94992851,-0.00164096,0.00540709,-0.0010645
0.968596913,-0.150346469,-0.1980302,-0.197074216,-0.949851221,-0.242784686,-0.151597408,0.274187144,-0.949652372,-0.00290631503,0.0148085356,-0.000910917122
0.968518545,-0.149404392,-0.199123463,-0.196625085,-0.949681379,-0.243810852,-0.152677444,0.275288001,-0.949160678,-0.000360387843,0.00765442848,-0.0134727042
0.96851641,-0.14868419,-0.19967219,-0.19614615,-0.94966728,-0.24425169,-0.15330577,0.2757267,-0.94893217,0.01499284,0.00182176,-0.01542797
0.96859257,-0.14838874,-0.19952245,-0.19584989,-0.94967077,-0.24447514,-0.1532033,0.27587326,-0.94890597,0.01739132,-0.00350153,-0.01140832
0.96877508,-0.14770133,-0.19914606,-0.19518108,-0.94962859,-0.24517244,-0.15290253,0.2763865,-0.94880502,,,
0.96900382,-0.14724674,-0.1983683,-0.19455018,-0.94969913,-0.24540082,-0.15225575,0.27638693,-0.94890896,,,
0.96901842,-0.14709622,-0.19840867,-0.19436945,-0.9498083,-0.24512228,-0.15239362,0.27609259,-0.94897275,0.00194586,-0.00825578,-0.01597963
0.968799673,-0.146526191,-0.199893125,-0.194163908,-0.949961717,-0.244688836,-0.154037537,0.275866499,-0.948772694,0.0162323862,0.00022315979,-0.00276974589
0.96876576,-0.14609329,-0.20037377,-0.19383557,-0.95009333,-0.24443799,-0.15466307,0.27564272,-0.94873595,0.00824364,-0.00691724,0.01292463
0.968766737,-0.14622223,-0.200274962,-0.193957799,-0.950030573,-0.244584892,-0.154503635,0.275790603,-0.948718956,0.00719285617,0.000419855118,0.00464714319
0.968502442,-0.146166611,-0.201589518,-0.194320018,-0.94989108,-0.244839187,-0.155700811,0.276300233,-0.948374926,-0.000466095109,0.0157569647,-0.00199466175
0.96845611,-0.1462287,-0.201767,-0.19442408,-0.94988167,-0.24479325,-0.15585901,0.27629989,-0.94834909,-0.0094601,0.01441836,-0.01164946
0.96841194,-0.1466421,-0.20167897,-0.19470037,-0.94998811,-0.24415971,-0.15578857,0.27571415,-0.94853109,-0.00740831,0.00145721,-0.00508608
0.96816462,-0.1470612,-0.20255929,-0.19528573,-0.94998786,-0.24369346,-0.15659102,0.27549232,-0.9484636,0.01488976,-0.00398135,0.01463347
0.96799353,-0.14726525,-0.20322764,-0.19566059,-0.9499352,-0.24359734,-0.1571797,0.27556429,-0.94834513,0.01472881,0.0048337,0.02319996
0.96773093,-0.14798573,-0.20395359,-0.19645772,-0.94995114,-0.24289351,-0.15780117,0.27512382,-0.94837004,-0.00417472,0.01192808,0.00903618
0.96761208,-0.14914363,-0.20367384,-0.19727448,-0.95015086,-0.24144596,-0.15751075,0.27380568,-0.94879969,-0.01961703,0.00542581,0.00560663
0.96755151,-0.14959439,-0.20363104,-0.19759702,-0.95024889,-0.24079521,-0.15747857,0.27321866,-0.94897415,-0.00929879,0.00747573,0.0036131
0.96723923,-0.15035355,-0.20455337,-0.19836748,-0.95044621,-0.23937938,-0.15842542,0.27211387,-0.94913411,0.00337016,0.01481175,0.00280521
0.96694146,-0.15118882,-0.20534398,-0.19907717,-0.9507972,-0.23738721,-0.15935021,0.27041883,-0.94946347,0.00881138,-0.01778346,-0.00305836
0.96694358,-0.15158057,-0.20504495,-0.19929219,-0.95088094,-0.23687106,-0.1590683,0.26990481,-0.94965705,0.01133908,-0.00833035,0.00519085
0.966808702,-0.153383137,-0.204339303,-0.200573699,-0.951049689,-0.235106189,-0.158275484,0.268287797,-0.950247741,0.00669715181,0.000432491302,-0.00576391863
0.96671466,-0.1537642,-0.20449775,-0.20087837,-0.95115421,-0.23442099,-0.15846337,0.26769738,-0.95038262,0.00677618,-0.00836831,-0.01065636
0.96669944,-0.15393706,-0.20443964,-0.20104203,-0.95110546,-0.23447918,-0.15834863,0.26777185,-0.95038094,0.02307536,-0.01067579,0.00426456
0.966509264,-0.15414863,-0.205178087,-0.201410964,-0.951092428,-0.234216037,-0.159039213,0.267697083,-0.95028687,0.00302710244,-0.00014436245,-0.0127216689
0.96635013,-0.15433438,-0.20578709,-0.20164919,-0.95120784,-0.23354067,-0.15970294,0.26717886,-0.95032122,0.00289562,-0.00141287,-0.01799757
0.96604685,-0.15482215,-0.20684189,-0.20210785,-0.9515634,-0.23168654,-0.16095305,0.26562443,-0.95054559,0.00125826,0.01006937,-0.01210157
0.965678065,-0.155476408,-0.208069601,-0.202737645,-0.951931248,-0.229617564,-0.162367853,0.263920187,-0.950780046,0.000354996533,0.0258123875,-0.00579692144
0.96550086,-0.15581439,-0.20863834,-0.2030059,-0.95218352,-0.22833019,-0.1630849,0.26280782,-0.95096524,0.00278948,0.01800728,0.00225294
0.96525792,-0.15630517,-0.20939398,-0.20323256,-0.95277587,-0.22564163,-0.16423663,0.26035805,-0.95144075,-0.01444439,-0.01690066,0.00871552
0.96514263,-0.15617478,-0.21002176,-0.20326682,-0.95277804,-0.22560325,-0.16487056,0.26042977,-0.95131186,-0.02055471,-0.00794339,0.01985433
0.965044509,-0.156181931,-0.210466876,-0.203416085,-0.952716415,-0.225729191,-0.165260394,0.260651061,-0.951183665,-0.0138959792,0.000515222549,0.0237239692
0.96489808,-0.15652912,-0.2108799,-0.20359952,-0.95304434,-0.22417296,-0.16588832,0.25923911,-0.9514599,-0.00539009,0.01706004,0.00983738
0.96495067,-0.15735155,-0.21002547,-0.20362245,-0.95379227,-0.22094916,-0.16555395,0.25597094,-0.9524028,-0.00521662,-0.00635076,0.00445155
0.965131188,-0.157549361,-0.209045429,-0.203382409,-0.954077765,-0.219934852,-0.164794988,0.254782146,-0.952852976,0.00011231075,0.00394701958,0.00849320088
0.965388276,-0.156978446,-0.208286428,-0.202546322,-0.954350496,-0.219521486,-0.164318156,0.254111123,-0.953114183,-0.00899864361,0.0100550652,6.91786408e-06
0.96528914,-0.15678965,-0.20888724,-0.20247557,-0.95442214,-0.21927593,-0.16498642,0.25395924,-0.9530394,-0.00449144,0.02413654,-0.01190547
0.96535074,-0.15642257,-0.20887777,-0.20186267,-0.95487865,-0.21784833,-0.16537656,0.25246467,-0.95336869,0.00875716,-0.00128877,-0.01467356
0.96606126,-0.15598723,-0.20589713,-0.20067103,-0.95510579,-0.21795449,-0.16265542,0.25187497,-0.95399282,0.01253972,0.00175691,0.00465972
0.96634971,-0.15592655,-0.20458533,-0.20025405,-0.95521319,-0.2178667,-0.16145142,0.25150447,-0.95429491,-0.00953183,-0.00110745,0.00421054
0.96647748,-0.15604111,-0.20389325,-0.20000694,-0.95550824,-0.21679799,-0.16099227,0.25031044,-0.9546865,-0.03225703,0.00700521,-0.01310436
0.96657121,-0.15566646,-0.20373522,-0.19947288,-0.9557845,-0.21607037,-0.16109208,0.24948705,-0.95488502,-0.01964149,-0.01330376,0.01352094
0.967609486,-0.154760289,-0.199452089,-0.197582172,-0.956027965,-0.216729851,-0.157140599,0.249118037,-0.955639602,0.0208993666,0.000811338425,0.00717520388
0.96809041,-0.15481795,-0.19705926,-0.19683462,-0.95644583,-0.21556323,-0.15510345,0.24747278,-0.95639957,0.00206914,0.0131048,-0.01960363
0.96819826,-0.15490922,-0.19645676,-0.19660664,-0.95672116,-0.21454742,-0.15471895,0.24634915,-0.95675195,-0.00512187,-0.00147927,-0.01600376
0.96824437,-0.15509462,-0.19608292,-0.19653285,-0.95696095,-0.2135442,-0.15452409,0.2452997,-0.95705324,0.0021906,0.00275922,0.00816556
0.96804413,-0.1551761,-0.19700494,-0.19670487,-0.95712022,-0.21266882,-0.1555563,0.24462463,-0.95705851,,,
0.967920368,-0.155190004,-0.197601173,-0.196775719,-0.957232985,-0.212095073,-0.156235327,0.244174254,-0.957062928,0.00761736929,-0.00761324167,0.000364238862
0.96793579,-0.1550972,-0.1975985,-0.19669803,-0.95722876,-0.21218549,-0.15623762,0.24424917,-0.95704328,0.0316916,-0.01286882,0.01381812
0.96809042,-0.15513546,-0.19680932,-0.1966593,-0.95706895,-0.21294005,-0.1553256,0.24484962,-0.95703811,0.02048092,-0.00479376,-0.00326927
0.96810584,-0.15506712,-0.19678737,-0.19663737,-0.95700346,-0.21325557,-0.15525729,0.24514971,-0.95697263,0.01199288,0.00684321,-0.00195788
0.96815201,-0.15479533,-0.19677423,-0.19632417,-0.95712439,-0.21300177,-0.15536573,0.24484963,-0.95703196,0.01256351,-0.00319952,-0.01226809
0.96824431,-0.15453685,-0.19652303,-0.19592274,-0.95731928,-0.21249383,-0.1552972,0.24424928,-0.95719623,0.0046014,0.00329518,-0.01595534
0.96827507,-0.15447721,-0.19641841,-0.19581805,-0.95736753,-0.21237471,-0.15523753,0.24409941,-0.95724454,0.01208797,-0.00858206,0.00238057
0.96841334,-0.15418076,-0.19596912,-0.195519,-0.95728104,-0.21303805,-0.15475117,0.24462457,-0.957189,0.01193012,-0.00786352,0.0114074
0.96841322,-0.15392147,-0.19617344,-0.19542358,-0.95715017,-0.21371306,-0.15487241,0.24529947,-0.95699676,0.01027683,0.00970542,0.00983147
0.96818171,-0.1536702,-0.19750858,-0.19563513,-0.95694058,-0.21445712,-0.15604829,0.24627308,-0.95655566,-0.00318405,0.01056337,-0.00713948
0.967995696,-0.153598648,-0.198473642,-0.19592726,-0.956720349,-0.215171057,-0.156833798,0.247171055,-0.956195341,-0.000649836031,-0.000184297562,-0.00740693416
0.96794923,-0.15359345,-0.19870415,-0.19608406,-0.95654672,-0.2157985,-0.1569246,0.24784471,-0.95600588,0.00491543,-0.00171649,0.00715848
0.96779396,-0.15369169,-0.1993833,-0.19646537,-0.95631737,-0.21646708,-0.15740456,0.24866745,-0.95571327,0.00963061,0.00434124,-0.00196437
0.967592283,-0.154201656,-0.199967551,-0.197049186,-0.956293772,-0.216040923,-0.15791387,0.248442974,-0.955687783,0.00434733834,-0.000107288361,-0.00682456885
0.96757729,-0.15439817,-0.19988846,-0.19726993,-0.95618432,-0.21632475,-0.15773004,0.2487429,-0.95564035,0.00647031,0.01550698,-0.00786144
0.96754732,-0.15487866,-0.19966166,-0.19779211,-0.95593057,-0.21696674,-0.1572592,0.24941709,-0.95554183,0.00210755,0.02353048,-0.00310706
0.96742315,-0.15528229,-0.19994967,-0.19838013,-0.95565032,-0.21766465,-0.15728249,0.25023986,-0.95532316,0.00219,0.00727737,0.00523682
0.96732968,-0.1554915,-0.20023902,-0.19874481,-0.95545919,-0.21816883,-0.15739686,0.25083765,-0.95514716,-0.00252363,-0.00316381,0.00399509
0.96714234,-0.15579176,-0.20090949,-0.19956677,-0.95479991,-0.22029574,-0.1575081,0.25315219,-0.95451827,0.00192208,-0.01516354,0.01210154
0.9670801,-0.15585884,-0.20115689,-0.20033852,-0.9537332,-0.2241814,-0.15690936,0.25710084,-0.95356093,0.00329544,-0.00569749,0.00337796
0.96706457,-0.155875306,-0.20121878,-0.200698703,-0.953186909,-0.22617301,-0.156544367,0.259108257,-0.953077256,-1.76583417e-05,-0.0102579594,-0.00462792721
0.96706466,-0.15574773,-0.20131713,-0.20131713,-0.95200747,-0.23055018,-0.15574773,0.26348552,-0.95200747,0.00755003,0.00331783,-0.01872314
0.967001927,-0.155688786,-0.201663744,-0.202033081,-0.950839746,-0.234703777,-0.155209207,0.267701757,-0.950918147,3.33753414e-05,0.00528490543,-0.012506485
0.96684498,-0.15571,-0.20239856,-0.20254611,-0.95029414,-0.23646608,-0.15551802,0.26962109,-0.95032557,-0.01046148,0.00809932,-0.01716386
0.96643482,-0.15555345,-0.20446726,-0.20358454,-0.94913972,-0.2401814,-0.15670696,0.27374605,-0.94894995,-0.02677245,-0.00893646,-0.03522283
0.96618043,-0.15491134,-0.20615008,-0.20431816,-0.94761794,-0.2455076,-0.15731963,0.27932485,-0.9472211,0.0043324,-0.00290012,-0.00207337
0.96608449,-0.15454654,-0.20687222,-0.20460492,-0.94687515,-0.24812096,-0.15753596,0.28203288,-0.94638238,0.01034083,-0.00778526,0.00954905
0.96592385,-0.15387636,-0.20811817,-0.20505621,-0.94560251,-0.25256225,-0.15793372,0.28663182,-0.94493332,-0.00542262,-0.01226056,0.00455266
0.96597164,-0.15326173,-0.20834981,-0.2052977,-0.9443004,-0.25719552,-0.15732658,0.29121731,-0.94363168,-0.0090376,-0.00676131,0.00556317
0.96665537,-0.1515853,-0.20639595,-0.20495367,-0.94117705,-0.26866306,-0.15352975,0.3020062,-0.94086182,0.00377151,-0.00328749,0.02248426
0.966907602,-0.151233456,-0.205470511,-0.204678372,-0.940606914,-0.270860467,-0.152303819,0.303952415,-0.940434194,0.000262505841,-0.0120253563,0.0191079229
0.96731482,-0.15041892,-0.20414747,-0.20414747,-0.93949764,-0.27507907,-0.15041892,0.30776425,-0.93949764,-0.00737535,-0.00729847,0.00334887
0.96764168,-0.14947965,-0.2032865,-0.20357302,-0.93848871,-0.27892037,-0.1490892,0.31127863,-0.93855082,-0.01542807,-0.00338858,-0.00655189
0.96810584,-0.14776823,-0.20232556,-0.20246831,-0.93708527,-0.28438966,-0.14757257,0.31628381,-0.9371161,-0.0136038,0.00541449,0.02534598
0.968551231,-0.146603367,-0.201037215,-0.201535543,-0.936082344,-0.288327967,-0.145917559,0.319776554,-0.936189494,2.61096284e-05,0.0126125813,0.0238388553
0.96878033,-0.14604897,-0.20033564,-0.20104672,-0.93563277,-0.2901224,-0.14506856,0.3213417,-0.93578528,-0.00255411,0.0090102,0.0191918
0.96926598,-0.14505099,-0.19870501,-0.20005324,-0.93480807,-0.29345007,-0.14318579,0.32418275,-0.93509559,0.00611276,-0.00784206,-0.00789532
0.96964271,-0.1441101,-0.19754819,-0.19924763,-0.93396547,-0.29666247,-0.14175116,0.32701761,-0.9343264,0.0073369,-0.005683,-0.00905122
0.96982273,-0.14368661,-0.19697218,-0.19881199,-0.93370827,-0.29776294,-0.14112999,0.32793769,-0.93409812,0.00803415,0.00679827,-0.01017379
0.97066917,-0.14233772,-0.19375589,-0.19679496,-0.93334292,-0.30023815,-0.13810545,0.32956209,-0.93397855,0.01706048,0.0018363,0.00628507
0.970816129,-0.142144795,-0.19316031,-0.196481228,-0.933247758,-0.300739087,-0.137517909,0.329914729,-0.933940761,0.016575275,0.000502705574,0.00521582365
0.97107981,-0.14169544,-0.19216245,-0.19590433,-0.93294128,-0.30206335,-0.13647527,0.33097308,-0.93371919,0.02857745,0.00327229,-0.01346053
0.97113943,-0.14117725,-0.19224254,-0.19562821,-0.93256788,-0.3033923,-0.13644712,0.33224429,-0.93327169,0.01926538,0.00298047,-0.00942756
0.97112545,-0.14095723,-0.19247444,-0.19557667,-0.93239956,-0.30394162,-0.13662035,0.33280895,-0.93304489,0.00563186,0.00762773,-0.00875148
0.9712285,-0.1404755,-0.1923066,-0.19519548,-0.93216977,-0.30489004,-0.13643285,0.33365528,-0.93277003,0.00488495,0.01752043,-0.02149069
0.97128849,-0.13973411,-0.19254361,-0.19465652,-0.9320788,-0.30551213,-0.13677538,0.33422029,-0.93251756,0.009965,0.01266801,-0.01998423
0.97087897,-0.13979782,-0.19455232,-0.19532713,-0.93211936,-0.30496038,-0.13871319,0.33408096,-0.93228138,-0.01701381,-0.00958252,-0.03942005
0.97058383,-0.14007078,-0.1958244,-0.19603566,-0.93195198,-0.30501712,-0.13977496,0.33443325,-0.9319964,-0.02396113,0.01159656,-0.01152353
0.9705246,-0.14019194,-0.19603118,-0.19617205,-0.93203474,-0.30467617,-0.13999474,0.33415155,-0.93206438,-0.02527276,0.01345563,-0.00920492
0.97056904,-0.14003699,-0.19592186,-0.19599229,-0.93205799,-0.30472058,-0.13993841,0.33415153,-0.93207279,0.00386045,0.03082359,0.02205651
0.97073169,-0.13990318,-0.19521036,-0.19542189,-0.93260743,-0.30340332,-0.13960755,0.3326716,-0.93265173,-0.00392788,-0.00903672,0.00964961
0.9708791,-0.13988747,-0.19448718,-0.19498125,-0.93308667,-0.3022104,-0.13919798,0.33133112,-0.93318977,-0.01070545,-0.02878988,-0.00312881
0.971172773,-0.139618081,-0.193210345,-0.194058511,-0.933777364,-0.300667862,-0.138436774,0.329494552,-0.933953229,-0.000794569729,-0.00473499298,-0.0128125018
0.971246273,-0.139040999,-0.193257025,-0.193257025,-0.934510158,-0.298902151,-0.139040999,0.327655878,-0.934510158,0.00344694965,0.000691413879,-0.0331216827
0.97118747,-0.13870024,-0.19379665,-0.19301779,-0.93475914,-0.2982772,-0.13978209,0.32708928,-0.93459798,0.00770231,-0.00306052,-0.02105929
0.97127363,-0.13741828,-0.1942775,-0.19201228,-0.93482493,-0.29871904,-0.14056604,0.32744159,-0.93435679,0.02666821,-0.00454783,0.02195552
0.97153415,-0.13599913,-0.19397328,-0.19064729,-0.93488458,-0.29940636,-0.14062365,0.32786398,-0.93420016,0.00121385,-0.01723909,0.01082851
0.97229072,-0.13211095,-0.19286641,-0.18671175,-0.93529687,-0.30059758,-0.14067509,0.32827866,-0.93404714,0.01334021,-0.01107764,0.00547711
0.972488755,-0.131258042,-0.19244985,-0.185727481,-0.935541637,-0.300444525,-0.140609108,0.327922149,-0.934181946,0.021039186,-0.00169014931,-0.000552366488
0.97274804,-0.12775168,-0.19349617,-0.18273979,-0.93606101,-0.30065924,-0.14271449,0.32782514,-0.93389682,-0.02416332,0.01882291,-0.0117687
0.97278244,-0.12686832,-0.19390396,-0.1821643,-0.9358862,-0.30155084,-0.14321482,0.32866574,-0.93352454,-0.01666319,0.00358462,0.00101784
0.97277672,-0.12634438,-0.19427438,-0.1819054,-0.93568554,-0.30232856,-0.14358225,0.32943775,-0.93319583,-0.00826915,-0.01135409,0.0074503
0.972788976,-0.126109815,-0.194365442,-0.181789057,-0.935543877,-0.302837453,-0.143646613,0.329930445,-0.933012155,0.000638288446,-0.0106076002,0.0190889928
0.97275784,-0.12585108,-0.1946887,-0.18184191,-0.93513019,-0.30408022,-0.14379048,0.33119898,-0.93254022,0.01339234,-0.01617414,0.02534063
0.97264044,-0.12570293,-0.19536978,-0.18218746,-0.93452507,-0.30572976,-0.14414682,0.33295905,-0.93185838,-0.00231611,-0.00535226,0.01139474
0.97236457,-0.12589217,-0.19661715,-0.18302984,-0.93387185,-0.30721938,-0.14493868,0.33471605,-0.93110593,-0.02474701,0.02034307,-0.02129095
0.97229215,-0.12597451,-0.19692232,-0.18326895,-0.93370921,-0.30756989,-0.14512225,0.33513754,-0.93092534,-0.00256868,0.01584768,-0.00897492
0.97229358,-0.12605836,-0.19686156,-0.18335039,-0.93364697,-0.30771058,-0.14500972,0.33527967,-0.93089181,0.00472746,0.00701344,-0.00616958
0.9721726,-0.12694535,-0.19688906,-0.18422433,-0.93344786,-0.30779241,-0.14471289,0.33549911,-0.93085885,0.00661434,-0.00793266,-0.00205817
0.97202656,-0.12711977,-0.19749668,-0.1846236,-0.93332382,-0.30792992,-0.14518437,0.33577861,-0.93068484,0.01306216,0.00172544,0.00652752
0.97168903,-0.12760698,-0.19883884,-0.18547123,-0.93333476,-0.3073861,-0.14635863,0.33556259,-0.93057857,0.00272521,0.0090344,0.00577709
0.97151255,-0.12800222,-0.19944623,-0.18585605,-0.93368582,-0.30608566,-0.14704047,0.33443434,-0.93087748,,,
0.971359477,-0.128035635,-0.200169018,-0.185857288,-0.934262449,-0.304319402,-0.14804671,0.332806409,-0.931301036,-0.000221916736,0.0110268593,-1.06561056e-05
0.97116097,-0.12815784,-0.20105207,-0.18594331,-0.93492537,-0.30222454,-0.14923623,0.33089297,-0.93179313,-0.00304342,0.01472485,0.01237875
0.97108452,-0.12822911,-0.20137564,-0.18597474,-0.9352163,-0.30130378,-0.14969386,0.33004222,-0.93202145,-0.00360162,0.01263475,0.01776827
0.97101039,-0.12870776,-0.20142775,-0.18591865,-0.9362926,-0.29797679,-0.15024341,0.32678774,-0.93307901,-0.01884438,-0.00318956,0.01984188
0.97102668,-0.1288469,-0.20126019,-0.18588465,-0.93652005,-0.29728314,-0.15018017,0.32608104,-0.93333662,-0.02098565,-0.00693917,0.01804338
0.97117954,-0.12905239,-0.20038905,-0.18556322,-0.93703105,-0.29586995,-0.14958805,0.32452768,-0.93397277,0.00144478,0.01421082,0.01278876
0.97137706,-0.12934644,-0.19923882,-0.1850964,-0.93784473,-0.29357476,-0.14888226,0.32205017,-0.93494241,0.00793388,0.01212239,-0.01463806
0.9714383,-0.12951365,-0.1988312,-0.18496217,-0.93818645,-0.29256675,-0.14864934,0.3209868,-0.93534538,0.00982795,0.01758695,-0.00786395
0.97151749,-0.12992768,-0.19817307,-0.18493028,-0.93861279,-0.29121629,-0.14817071,0.31956992,-0.9359063,0.00659893,0.01886344,-0.00916606
0.9714938,-0.13063946,-0.19782092,-0.18512584,-0.93930943,-0.28883554,-0.14808176,0.31722371,-0.93671803,0.01658504,0.00539446,-0.01030828
0.97132015,-0.13135447,-0.19819981,-0.18563099,-0.93981005,-0.28687648,-0.14858768,0.31544093,-0.9372399,0.00252339,-0.01784319,0.00447207
0.9712058,-0.13191182,-0.1983899,-0.18610032,-0.93997038,-0.28604512,-0.14874795,0.31472911,-0.93745351,0.00273661,-0.00785601,0.01227512
0.97113195,-0.13208714,-0.19863466,-0.18626978,-0.94008967,-0.28554314,-0.14901783,0.3142997,-0.93755495,-0.0011789,-0.00147092,0.00704668
0.97089509,-0.13264204,-0.19942117,-0.18683072,-0.94041774,-0.28409263,-0.14985659,0.31308214,-0.93782857,-0.00227076,0.00304627,-0.0093361
0.97074845,-0.13319375,-0.19976705,-0.18723574,-0.94079125,-0.2825856,-0.15030046,0.31172306,-0.93821028,0.00691283,0.00545573,0.00128561
0.97076578,-0.13342944,-0.1995254,-0.18727414,-0.94099393,-0.28188394,-0.1501406,0.31100923,-0.93847259,0.00181071,0.00504637,-0.00131338
0.97075417,-0.13381604,-0.19932289,-0.18742121,-0.94126915,-0.28086592,-0.15003212,0.3100091,-0.93882092,0.0026213,0.0023067,-0.0067467
0.97057378,-0.134056,-0.20003882,-0.18777418,-0.94140144,-0.28018672,-0.15075608,0.30950401,-0.93887182,0.00318791,0.00322902,-0.00462243
0.97043791,-0.1342298,-0.2005807,-0.18802526,-0.94151874,-0.27962297,-0.15131674,0.30907097,-0.93892407,-0.00435085,0.00276971,-0.01063048
0.97019556,-0.13458595,-0.20151229,-0.1884438,-0.94184555,-0.27823684,-0.1523467,0.30791789,-0.93913625,,,
0.970062776,-0.135138123,-0.201781802,-0.1888455,-0.942164436,-0.276881457,-0.152694417,0.306697981,-0.939478872,-0.000309227034,-0.00814533234,-0.0064732288
0.97000307,-0.13532063,-0.20194645,-0.1890068,-0.94225506,-0.27646235,-0.15287404,0.30633858,-0.93956681,,,
0.96990999,-0.13530056,-0.20240642,-0.18910666,-0.94228251,-0.27630085,-0.15334039,0.30626336,-0.93951546,0.00610605,-0.00427234,0.00600185
0.96986441,-0.13536753,-0.20257998,-0.18920762,-0.9422965,-0.27618409,-0.15350406,0.3061908,-0.93951241,0.00794828,-0.00823742,0.00995539
0.96977454,-0.1356068,-0.20285005,-0.18947561,-0.94233229,-0.27587844,-0.15374116,0.30597502,-0.93954404,-0.00225038,-0.00152338,-0.00752428
0.9696859,-0.13586601,-0.20310016,-0.18987434,-0.94213089,-0.27629176,-0.15380827,0.30647973,-0.93936852,-0.00173922,0.00746655,-0.01541926
0.9697016,-0.13566161,-0.20316183,-0.19002697,-0.94150349,-0.27831789,-0.15352053,0.30849154,-0.9387568,-0.00900954,0.01015806,-0.01125578
0.96964085,-0.1357333,-0.20340377,-0.1901992,-0.94142275,-0.27847307,-0.15369089,0.3087061,-0.93865832,-0.00827002,0.01387775,-0.01266604
0.96945682,-0.13588938,-0.2041753,-0.19061474,-0.94130745,-0.27857971,-0.15433568,0.30898982,-0.93845945,0.00451724,0.01547337,-0.01021231
0.96925704,-0.13612031,-0.2049684,-0.19104835,-0.94129863,-0.27831166,-0.1550526,0.30891441,-0.93836589,0.00404368,-0.00559181,-0.00784781
0.9692268,-0.13617653,-0.20507404,-0.19115544,-0.94124338,-0.27842489,-0.15510966,0.30905788,-0.93830919,0.00154142,-0.00639367,-0.00125027
0.96921168,-0.136095,-0.2051996,-0.19129184,-0.94090122,-0.27948554,-0.15503599,0.31013365,-0.93796631,0.00106219,-0.00552207,0.00308045
0.96908612,-0.1359323,-0.20589924,-0.19157624,-0.9404528,-0.2807974,-0.15546907,0.31156226,-0.93742116,-0.00686986,-0.01632148,0.00151149
0.969004209,-0.135343065,-0.206671467,-0.191812754,-0.939395387,-0.284154839,-0.155687855,0.314989459,-0.936238607,-0.000967046362,-0.000276088715,-0.00493478077
0.96898668,-0.13501948,-0.20696508,-0.19191328,-0.93879438,-0.286067,-0.15567304,0.31691446,-0.93559129,-0.00385655,0.0106293,-0.01106391
0.968953945,-0.134865258,-0.207218763,-0.191960925,-0.938576322,-0.286749899,-0.155818024,0.317625351,-0.935326089,0.000540249282,0.0140192509,-0.0109290872
0.96887228,-0.13455102,-0.20780403,-0.19206275,-0.9381639,-0.28802781,-0.15619984,0.31897358,-0.93480323,-0.0017794,0.00252247,0.01293609
0.968928922,-0.133989573,-0.207902726,-0.191823819,-0.9377121,-0.289654812,-0.156142152,0.320535617,-0.934278768,-0.000876031816,-0.0205005407,0.0124714551
0.96901831,-0.13355146,-0.20776794,-0.19156035,-0.93738522,-0.29088362,-0.15591069,0.32167166,-0.9339266,-0.0066891,-0.0114423,0.01888902
0.96922689,-0.13261277,-0.20739596,-0.1909308,-0.93676141,-0.29329759,-0.15538553,0.32387019,-0.93325421,-0.02194302,-0.00741285,-0.00326261
0.96951258,-0.13159826,-0.20670572,-0.19020171,-0.93599381,-0.29620758,-0.15449487,0.32649275,-0.93248798,-0.00656082,0.00845385,0.01205511
0.96981102,-0.13049388,-0.20600468,-0.18939227,-0.93520683,-0.29919674,-0.15361365,0.32917999,-0.93168842,-0.00253901,0.00199759,0.01142742
0.97014383,-0.1297825,-0.20488398,-0.18864474,-0.93473089,-0.30115003,-0.15242738,0.33080913,-0.93130619,0.00168482,-0.00926071,0.01909254
0.97034133,-0.12945303,-0.20415587,-0.18828222,-0.93439965,-0.30240193,-0.15161634,0.33187202,-0.9310603,-0.00647576,-0.0119161,0.01240906
0.97081099,-0.12873378,-0.20237003,-0.18751631,-0.9334637,-0.30574956,-0.14954481,0.33477272,-0.9303565,-0.00994365,-0.00922644,0.01946566
0.97151749,-0.12789611,-0.19949021,-0.18643451,-0.9321767,-0.31030386,-0.1462735,0.33865749,-0.92947021,-0.00159291,0.0265224,0.01715004
0.97185987,-0.12758081,-0.19801902,-0.18588872,-0.93170607,-0.31204066,-0.1446851,0.3400693,-0.92920357,-0.00341089,0.02230239,0.00640987
0.9724774,-0.1270397,-0.1953167,-0.18474078,-0.93123664,-0.31411656,-0.14198079,0.34155422,-0.92907601,-0.01560526,0.00949895,-0.01046154
0.97313273,-0.12688871,-0.19212482,-0.18365369,-0.93104596,-0.31531685,-0.13886689,0.34212958,-0.92933488,-0.01068407,0.00295866,-0.02464323
0.97343561,-0.12691628,-0.19056591,-0.18321651,-0.93093647,-0.3158929,-0.13731286,0.34241622,-0.92945986,-0.00756611,0.00449526,-0.02556729
