0,1,2,3,4,5,6,7,8,9,10,11
0.08808096,0.17196005,0.98115821,0.9831641,0.14329779,-0.1133757,-0.16009387,0.97462579,-0.15644312,0.0132139,-0.00771832,0.01479713
0.0880797812,0.172513903,0.981061016,0.983166486,0.143219725,-0.113453049,-0.160079432,0.974539321,-0.156995063,-0.000687991036,-0.00419294834,0.00511186616
0.08802471,0.17289268,0.98099929,0.98317591,0.14315736,-0.11345016,-0.1600519,0.97448137,-0.15738247,-0.0053646,-0.00675327,0.00805963
0.08803849,0.17288931,0.98099865,0.98318845,0.14307168,-0.11344957,-0.15996726,0.97449455,-0.1573869,0.00162929,-0.01117253,0.01455875
0.08796945,0.17343382,0.98090873,0.98321182,0.14291504,-0.11344462,-0.15986168,0.97442079,-0.15794998,-0.00202292,-0.01829636,0.00127187
0.0879005,0.17389724,0.98083293,0.98322201,0.14284822,-0.11344094,-0.1598373,0.97434805,-0.15842315,-0.01477219,0.00328672,-0.00627953
0.08783305,0.17376621,0.98086221,0.98322304,0.14290473,-0.11336097,-0.15986816,0.97436315,-0.15829919,-0.00844594,0.00369561,0.00366995
0.08783449,0.17329351,0.98094565,0.98323371,0.142893,-0.11328274,-0.15980139,0.97444901,-0.15783705,0.00569765,-0.01170915,0.01603599
0.08794345,0.17329262,0.98093603,0.9832504,0.14271441,-0.11336285,-0.15963859,0.97447532,-0.1578392,0.00432453,-0.02314436,0.00129905
0.08791576,0.17350245,0.98090141,0.98325842,0.14266069,-0.11336084,-0.1596044,0.97444584,-0.15805558,-0.00180468,-0.00749826,-0.0039297
0.08788819,0.17379328,0.98085239,0.98327961,0.14251704,-0.11335759,-0.15948889,0.97441502,-0.15836177,-0.00643742,-0.00203443,0.01420204
0.08781924,0.17437831,0.98075479,0.98330957,0.14231536,-0.11335167,-0.15934253,0.97434004,-0.15896983,-0.01218394,-0.01528537,0.00820827
0.08785906,0.17471893,0.98069059,0.98331653,0.14220518,-0.11342943,-0.15927753,0.9742951,-0.15930998,-0.01173581,-0.01365811,0.00324508
0.08780199,0.17565128,0.98052911,0.98332845,0.14206467,-0.11350196,-0.15923526,0.97414792,-0.16024931,-0.0076031,-0.01143348,-0.00525803
0.08765127,0.17614915,0.98045336,0.98335359,0.14196036,-0.11341531,-0.15916355,0.9740733,-0.16077392,-0.00701544,-0.0035677,0.00239983
0.0874748605,0.176303038,0.980441339,0.983383983,0.141880766,-0.113250304,-0.159072065,0.974056943,-0.160962527,-0.00056375307,-0.00366765261,0.00660706637
0.08742134,0.17645277,0.98041925,0.98344354,0.14153662,-0.1131643,-0.15873337,0.97407996,-0.16115801,-0.00436499,-0.01800883,0.01319475
0.0876930099,0.176666493,0.980356442,0.983476198,0.141118188,-0.113402385,-0.158380466,0.974101885,-0.161372167,-0.000764832133,-0.0171648264,0.00227633491
0.0879367798,0.176846255,0.980302223,0.983477435,0.140916205,-0.113642804,-0.158237739,0.974098534,-0.161532558,-8.51012301e-05,-0.00878679752,-0.00289828773
0.0886263263,0.177273849,0.980162809,0.983423831,0.140702367,-0.114368702,-0.158185706,0.974051648,-0.161865319,-0.00635830825,0.0072966814,-0.000377108983
0.0894106,0.17762261,0.98002848,0.98336067,0.14048515,-0.11517638,-0.15813732,0.97401951,-0.16210619,-0.00217217,-0.01196837,0.0039242
0.0905747,0.17761588,0.97992281,0.98325321,0.14030102,-0.11631272,-0.1581431,0.97404729,-0.16193363,0.00534809,-0.01099676,-0.00391842
0.09130679,0.17711481,0.9799456,0.98317366,0.14031408,-0.11696782,-0.15821688,0.97413667,-0.16132297,-0.00315913,-0.01350915,0.00202901
0.0915779,0.17688219,0.97996228,0.98313322,0.1403912,-0.11721462,-0.15831121,0.9741678,-0.16104199,-0.00539059,-0.01831323,-0.00670389
0.09233712,0.17613104,0.98002641,0.98303852,0.14050409,-0.11787245,-0.15845874,0.97428769,-0.16016987,-0.00690757,0.00930142,-0.0042715
0.0928253175,0.175693376,0.980058831,0.982997104,0.140449728,-0.118281792,-0.15843033,0.97437453,-0.159668794,0.000560270157,-0.0091817975,0.0010255829
0.0932045861,0.175499857,0.98005753,0.982978851,0.140303517,-0.118606732,-0.158321009,0.974430489,-0.159435736,0.00039849442,0.00467789173,-0.00584975909
0.09362501,0.17517403,0.98007568,0.98297772,0.14003579,-0.11893151,-0.15807935,0.97452756,-0.15908129,-0.00425239,-0.01855999,-0.0082792
0.09377327,0.17559374,0.97998644,0.98301311,0.13965558,-0.11908634,-0.1577714,0.97450662,-0.15951499,-0.0194234,-0.01278794,-0.00211359
0.09358374,0.17656003,0.97983094,0.98316204,0.13875852,-0.11890541,-0.15695384,0.97446019,-0.16060158,-0.03829359,0.00634998,-0.02238235
0.09267685,0.17757983,0.97973281,0.98333226,0.13825854,-0.11807713,-0.15642453,0.97434591,-0.1618066,-0.07192652,0.00327361,-0.01751207
0.09267685,0.17757983,0.97973281,0.98333226,0.13825854,-0.11807713,-0.15642453,0.97434591,-0.1618066,-0.07192652,0.00327361,-0.01751207
0.08930369,0.17978542,0.97964392,0.98377698,0.13772483,-0.11495599,-0.15558878,0.97401706,-0.16456948,-0.0928737,-0.03294879,-0.05328913
0.08670538,0.1795771,0.97991538,0.98412485,0.13745604,-0.11226768,-0.15485596,0.97409333,-0.16480808,-0.08396349,-0.02022558,-0.05583238
0.08670538,0.1795771,0.97991538,0.98412485,0.13745604,-0.11226768,-0.15485596,0.97409333,-0.16480808,-0.08396349,-0.02022558,-0.05583238
0.07743076,0.1756925,0.98139522,0.98528319,0.13696822,-0.10225797,-0.15238589,0.97487015,-0.16250129,-0.13976917,-0.04829377,-0.01144011
0.07468914,0.1756944,0.98160733,0.98560115,0.13673574,-0.09946683,-0.15169654,0.97490243,-0.16295191,-0.14432706,-0.04568231,-0.01494056
0.06831692,0.17628994,0.98196468,0.98624944,0.13652722,-0.09312543,-0.15048197,0.97482416,-0.16453873,-0.13093044,-0.04835641,-0.04684956
0.06114861,0.17419179,0.98281126,0.98689173,0.13678256,-0.08564554,-0.14935015,0.97516546,-0.16354434,-0.08645325,-0.04610085,-0.03352135
0.04787738,0.16986413,0.98430376,0.98791567,0.13737888,-0.07176091,-0.14741214,0.97584485,-0.16123408,-0.05631349,-0.04734159,-0.02221937
0.03754538,0.16673645,0.98528646,0.98854802,0.1380172,-0.06102588,-0.14616176,0.97629417,-0.15964511,-0.06328481,-0.04216957,-0.02359582
0.03176985,0.16530218,0.98573104,0.98883536,0.13845499,-0.055088,-0.14558547,0.97647593,-0.15905788,-0.0629922,-0.05389363,-0.02739274
0.01910776,0.16252502,0.98651938,0.98932795,0.13947885,-0.04214071,-0.1444475,0.97679642,-0.1581254,-0.03338658,-0.04023623,0.00134165
0.00582512506,0.159311693,0.987211046,0.989671803,0.140487313,-0.028510739,-0.143232635,0.977181111,-0.156847863,-7.48678067e-05,-0.0464978218,0.000664503954
-0.00111884,0.15817332,0.98741069,0.9897995,0.14084464,-0.02144032,-0.14246276,0.97731465,-0.15671743,-0.01770633,-0.06240785,0.01389436
-0.01620573,0.1583821,0.98724483,0.98997432,0.14110264,-0.00638627,-0.14031427,0.9772436,-0.15908084,-0.01502519,-0.07769537,0.01773272
-0.03083677,0.15970475,0.98668302,0.9900069,0.14078273,0.00815358,-0.13760572,0.97707448,-0.16245005,-0.01322598,-0.05077648,-0.00941537
-0.03794245,0.15989558,0.98640442,0.98997288,0.14042434,0.01531707,-0.13606601,0.97709484,-0.1636203,-0.04012064,-0.05261368,0.00228206
-0.06601133,0.16310524,0.98439784,0.98965278,0.13665948,0.0437206,-0.1273962,0.97709815,-0.1704386,0.00967547,-0.11090314,0.0140911
-0.07211138,0.16407005,0.98380937,0.98955711,0.13519632,0.04998601,-0.12480616,0.97714016,-0.17210585,0.0078675,-0.08572501,0.00500288
-0.08378093,0.16732246,0.98233596,0.98933822,0.13181439,0.06192605,-0.11912439,0.97705074,-0.17658203,-0.00637264,-0.08972621,0.03648949
-0.09999316,0.17799456,0.97893781,0.98900774,0.12548964,0.07820474,-0.10892651,0.97599705,-0.18858608,-0.01556867,-0.09945512,0.04179929
-0.10838769,0.18557817,0.97663346,0.98886668,0.12088335,0.08677527,-0.10195515,0.97516563,-0.19661435,-0.0093443,-0.08652151,-0.02258584
-0.11448947,0.19114466,0.974862,0.98881708,0.11632832,0.09331946,-0.09556655,0.97464428,-0.20232548,-0.01757885,-0.03685153,-0.05855437
-0.11703936,0.1929972,0.97419388,0.98879142,0.11420672,0.09616774,-0.09269932,0.97453004,-0.2042006,-0.02825912,-0.02380836,-0.02811063
-0.12324883,0.19881396,0.97225656,0.98889122,0.10663606,0.10355179,-0.0830901,0.97421858,-0.20974818,-0.01921733,-0.10296798,-0.00269262
-0.12404962,0.20141998,0.97161806,0.9889611,0.10506766,0.10448298,-0.08104066,0.97385356,-0.21223012,-0.01681365,-0.09103954,-0.06595436
-0.12519409,0.20433207,0.97086296,0.9891402,0.10164748,0.10615777,-0.07699435,0.97360989,-0.21483874,0.01347725,-0.02941954,-0.07620455
-0.12493808,0.20231971,0.97131729,0.98945231,0.09774593,0.1069108,-0.07331218,0.97442934,-0.21239792,0.04314883,-0.01249647,0.01762509
-0.12420212,0.20104861,0.97167546,0.98965017,0.09603474,0.10662927,-0.07187689,0.97486241,-0.21089548,0.01985837,-0.04464978,0.02980653
-0.1216108,0.20049831,0.97211687,0.99011264,0.09348729,0.10458039,-0.06991237,0.97522332,-0.20988496,-0.03093329,-0.05898142,-0.04219298
-0.11846534,0.19896037,0.97282104,0.99058422,0.09138693,0.10193807,-0.06862151,0.97573727,-0.20791321,-0.01803387,-0.05474651,-0.03869631
-0.11670033,0.19667181,0.97349936,0.99083391,0.09020335,0.10055508,-0.06803646,0.9763111,-0.20539577,0.00302041,-0.06002808,-0.01676753
-0.11273113,0.19121124,0.97505383,0.99136476,0.08780383,0.0973983,-0.06698982,0.97761381,-0.19945831,0.0263778,-0.06831598,-0.01156529
-0.10924797,0.1874673,0.9761767,0.99178964,0.08622769,0.09443588,-0.06646985,0.97847884,-0.19534835,0.00463029,-0.04636019,-0.04588094
-0.10786798,0.18559699,0.97668727,0.99195927,0.08550047,0.09330739,-0.06618955,0.97889899,-0.19332733,0.00248107,-0.04795814,-0.05140481
-0.10503402,0.17990951,0.97805941,0.99231128,0.08370575,0.09116736,-0.06546723,0.98011516,-0.18731811,0.0019293,-0.11215615,0.01317516
-0.102406157,0.174346387,0.97934481,0.992655755,0.0816499668,0.0892624487,-0.0644008609,0.981293315,-0.181427381,0.0282288566,-0.0999470949,-0.000982692698
-0.10150296,0.1722042,0.97981776,0.9927864,0.08071124,0.08866134,-0.06381444,0.98174915,-0.17915441,0.03017325,-0.05726278,-0.01585186
-0.10062136,0.16695652,0.98081633,0.99297513,0.07853612,0.08850025,-0.06225374,0.98283133,-0.17368601,0.05091932,-0.02233917,0.00480513
-0.10079605,0.1608907,0.98181168,0.99310714,0.07560377,0.08956648,-0.05981818,0.98407221,-0.1674022,0.07519621,-0.07107288,0.03848946
-0.10284436,0.1584106,0.98200249,0.99323796,0.06981296,0.09275937,-0.05386234,0.98490204,-0.16451919,0.0290172,0.02751279,-0.02916913
-0.10493586,0.15451502,0.98240203,0.99326187,0.06514498,0.09584958,-0.04918843,0.98584045,-0.16030999,0.07268935,-0.04231369,0.06308229
-0.1053479,0.15226726,0.98270881,0.99332479,0.06280563,0.09675438,-0.04698717,0.98634184,-0.15786732,0.06012218,-0.0481469,0.04520855
-0.10617439,0.14951494,0.9830424,0.99342976,0.05841739,0.0984113,-0.04271285,0.9870323,-0.15473505,0.05010509,0.00297844,-0.02237302
-0.10727925,0.14591284,0.98346342,0.99349108,0.05383072,0.10038659,-0.03829272,0.98783169,-0.1507379,0.05352628,0.0417428,0.0312078
-0.10755019,0.14320499,0.98383187,0.99354433,0.05140334,0.10112982,-0.03608989,0.98835718,-0.14780889,0.0720357,0.01744676,0.06238357
-0.10778585,0.13964302,0.98431813,0.99364936,0.04729904,0.10209736,-0.03230019,0.98907166,-0.14385442,0.06287182,-0.03192198,0.04401825
-0.10803583,0.13939092,0.98432641,0.99372832,0.04387487,0.10285457,-0.02885022,0.98926499,-0.14325678,0.03671091,-0.04197288,-0.03157511
-0.10821582,0.13888375,0.98437821,0.9937591,0.04206121,0.10331286,-0.02705558,0.98941498,-0.14256861,0.0360087,-0.02798384,-0.03200908
-0.10924124,0.13622271,0.98463679,0.9937331,0.03856479,0.10491513,-0.02368044,0.98992729,-0.13958183,0.04944085,-0.01902246,-0.00131015
-0.11006037,0.13227382,0.98508394,0.99369484,0.03596757,0.10619282,-0.02138455,0.99056044,-0.13539843,0.03509808,-0.0098232,0.00562288
-0.11027737,0.13023067,0.98533188,0.99369137,0.03480059,0.10661336,-0.02040581,0.99087281,-0.13324682,0.04360491,-0.00711679,0.01129365
-0.11007709,0.12577127,0.98593342,0.99375147,0.03235977,0.10682192,-0.01846949,0.99153139,-0.12854748,0.05229027,-0.04421711,0.01643914
-0.1082292,0.11968375,0.98689525,0.9939917,0.02934294,0.10544894,-0.01633788,0.99237835,-0.12214041,0.02062509,-0.04524034,-0.00963681
-0.10681181,0.11619445,0.98746649,0.99415514,0.02817183,0.10422035,-0.0157089,0.99282686,-0.11852439,0.01315415,-0.03400743,-0.0174326
-0.10406713,0.10999356,0.98846925,0.99444529,0.02726397,0.10166244,-0.01576739,0.99355831,-0.11221986,0.05296057,-0.0332979,0.00327044
-0.1021777,0.10658667,0.98903936,0.99463661,0.02698792,0.09984759,-0.01604962,0.99393702,-0.1087725,0.04431633,-0.03223097,-0.01117089
-0.09815616,0.10006537,0.99012746,0.99501497,0.02748956,0.09586246,-0.0176257,0.99460109,-0.10226485,0.03481059,-0.02609259,0.0061163
-0.0938182,0.09331566,0.99120649,0.99537841,0.02928459,0.09145613,-0.02049278,0.9952058,-0.09563182,0.05273306,-0.01894641,0.00212744
-0.0915101,0.09034916,0.99169688,0.99555065,0.03076529,0.08906293,-0.02246298,0.99543474,-0.09276241,0.0594179,-0.03501546,-0.00492054
-0.08579148,0.08434334,0.99273659,0.99595311,0.03404225,0.08317725,-0.0267795,0.99585503,-0.08692251,0.04003321,-0.03313756,-0.01870896
-0.08004198,0.07791867,0.99374127,0.99626697,0.0385874,0.07721992,-0.03232891,0.99621256,-0.0807163,0.02893167,-0.0561204,0.064693
-0.07702604,0.07441995,0.99424778,0.99639325,0.04135385,0.0740969,-0.03560168,0.99636917,-0.07733686,0.06205819,-0.02384555,0.09601285
-0.07089267,0.06966955,0.99504786,0.99657559,0.04750825,0.06767524,-0.04255801,0.99643815,-0.0727989,0.07235958,0.03739476,0.04368557
-0.06448854,0.06737619,0.99564134,0.9966941,0.05375636,0.06091898,-0.04941756,0.99627842,-0.07062011,0.03821341,0.05046117,-0.06592073
-0.06134993,0.06556143,0.99596087,0.99672939,0.05661072,0.05767065,-0.05260117,0.99624147,-0.06882014,0.05529326,0.02310443,-0.07588702
-0.05560945,0.05803506,0.9967645,0.99664386,0.06328911,0.05191784,-0.06007125,0.99630636,-0.06135973,0.0614536,-0.03894353,-0.02852818
-0.0483395,0.04659901,0.99774329,0.99591038,0.07858088,0.04458069,-0.07632606,0.99581798,-0.05020693,0.04675933,-0.02119333,0.04813311
-0.04280842,0.04250938,0.99817848,0.99513145,0.09058869,0.03881991,-0.08877342,0.99498067,-0.04618033,0.03863752,0.0284611,-0.02768648
-0.03586841,0.03677665,0.99867955,0.99414851,0.10320227,0.03190527,-0.10189259,0.99398022,-0.04026311,0.05739501,0.03839624,-0.00134739
-0.03211508,0.03306938,0.99893701,0.99356186,0.10969695,0.02831075,-0.10864417,0.99341486,-0.03637944,0.08618777,0.01465285,0.00642545
-0.02443035,0.02671927,0.99934437,0.99210766,0.1236265,0.02094809,-0.12298571,0.99196901,-0.0295286,0.04568098,-0.04910654,0.00653581
-0.01756476,0.02279215,0.99958589,0.99034197,0.13791104,0.01425776,-0.13752895,0.99018232,-0.02499438,-0.00474844,-0.0263508,0.01381179
-0.01486332,0.02210903,0.999645,0.98934818,0.14511302,0.01150085,-0.14480716,0.98916797,-0.02403032,-0.00698019,0.00935411,0.00711354
-0.00163955208,0.0133743098,0.999909083,0.985674063,0.168659456,-0.000639566104,-0.168652566,0.985583531,-0.0134591281,0.0607292391,0.0588099957,-0.0366317891
0.0023282,0.00917137,0.99995515,0.98481695,0.17355214,-0.00388465,-0.17357992,0.98478191,-0.00862799,0.06771726,0.01755178,-0.03205543
0.00976092771,0.00250844545,0.999949241,0.982914083,0.183790186,-0.010055718,-0.183806103,0.982962318,-0.000671645378,0.0428336263,-0.0658381581,-0.0135812219
0.01714293,-0.00221525,0.99985061,0.9806621,0.1950218,-0.01638186,-0.19495639,0.98079642,0.00551564,0.05687173,-0.13333011,-0.02866768
0.02128344,-0.00387021,0.99976598,0.97941191,0.20087155,-0.02007253,-0.20074684,0.97960993,0.00806578,0.04302274,-0.13225472,-0.03449754
0.0304822,-0.00674731,0.99951254,0.97669638,0.21274503,-0.02835022,-0.21245004,0.97708446,0.013075,0.05900804,-0.11956131,-0.0118217
0.0419883,-0.00928721,0.99907491,0.97356173,0.22510052,-0.03882353,-0.22453169,0.97429126,0.01849329,0.05142614,-0.10220218,-0.00982544
0.0484741,-0.01039235,0.99877038,0.97182091,0.23143213,-0.04475806,-0.23068241,0.97279554,0.02131796,0.05533557,-0.09742141,-0.01702012
0.06302942,-0.01216315,0.99793757,0.96809767,0.24372672,-0.05817416,-0.24251649,0.9697677,0.02713705,0.04228766,-0.08076084,-0.0119378
0.07943989,-0.01520944,0.99672366,0.96392919,0.25597507,-0.07292014,-0.25402736,0.96656376,0.03499543,0.04828402,-0.06857151,0.01013529
0.10715581,-0.01913482,0.99405805,0.95686112,0.27356205,-0.09788022,-0.2700636,0.96166397,0.04762316,0.06110181,-0.00315934,0.0403709
0.12654062,-0.01869294,0.99178522,0.9516681,0.28435399,-0.11606262,-0.27984848,0.95853705,0.05377185,0.04019384,0.03932536,0.03687014
0.13635486,-0.01846557,0.99048795,0.94909774,0.28900023,-0.12526911,-0.28393808,0.95715093,0.05693221,0.02939481,0.04420161,0.05515061
0.15656722,-0.01904346,0.9874838,0.943913,0.2971752,-0.14392814,-0.2907149,0.95463313,0.06450319,0.06419598,0.03385532,0.06389038
0.17807863,-0.01873871,0.98383783,0.93840793,0.30409487,-0.16406369,-0.2961057,0.95245745,0.07173734,0.01221363,0.05649769,0.03968268
0.18868179,-0.01772192,0.9818784,0.93554025,0.30725862,-0.17423159,-0.29860292,0.95146106,0.07455364,-0.0191814,0.07572091,0.04744485
0.20873755,-0.0164763,0.97783285,0.93000663,0.31263085,-0.19326028,-0.30251646,0.94973175,0.0805809,0.01202153,0.08246624,0.08019572
0.22895363,-0.01603648,0.9733052,0.92462515,0.31622829,-0.21229215,-0.3043822,0.94854755,0.08722937,0.01196201,0.0815779,0.0667161
0.23935628,-0.01531393,0.97081093,0.92188968,0.31734369,-0.22228858,-0.30467652,0.94818684,0.09007603,0.00212202,0.10594141,0.06043192
0.25827854,-0.01265649,0.96598755,0.91669189,0.31879911,-0.24092125,-0.30490673,0.94773777,0.09394109,-0.02468221,0.08677816,0.07106375
0.27479659,-0.0104979,0.96144511,0.91198315,0.31960989,-0.25716983,-0.30458765,0.9474911,0.09740159,-0.01358429,0.0926311,0.07746293
0.28276535,-0.00985403,0.95913854,0.90986402,0.31928766,-0.26495839,-0.30363023,0.94760666,0.09924928,-0.00497088,0.1065979,0.0639931
0.2984826,-0.0091381,0.95437136,0.90606173,0.31695799,-0.28033878,-0.29993389,0.94839558,0.10288611,-0.03680138,0.12830198,0.02318851
0.31304211,-0.01076902,0.94967819,0.90271733,0.31411003,-0.29400052,-0.29513735,0.9493255,0.10805105,-0.00138196,0.06714821,0.03403166
0.32008705,-0.01193828,0.94731287,0.90104513,0.31274579,-0.30051231,-0.29268047,0.94976179,0.11086283,0.01309409,0.05294204,0.02392958
0.3338147,-0.01335636,0.94254407,0.89764959,0.30972046,-0.31352579,-0.2877376,0.95073383,0.11537858,0.02044955,0.04312694,0.01322836
0.34737209,-0.01409993,0.93762132,0.89424498,0.3059282,-0.32670132,-0.28223829,0.95195012,0.11887975,0.03665656,0.04653776,-0.01971063
0.35409594,-0.01502881,0.93508827,0.89252737,0.30404643,-0.33309238,-0.27930421,0.95253859,0.12107528,0.0387735,0.03269792,-0.02155894
0.36728189,-0.01715467,0.92995146,0.88893017,0.30068156,-0.34553401,-0.27369173,0.9535703,0.1256842,0.02697482,0.02908278,-0.03162412
0.38039042,-0.01828966,0.9246451,0.88481399,0.2980989,-0.35810778,-0.26908599,0.95435972,0.12957693,0.02626359,0.01253426,-0.02527653
0.38724625,-0.01876599,0.92178526,0.88241295,0.29727939,-0.36465357,-0.26718461,0.95460603,0.13167973,0.04969967,0.00543648,-0.02138579
0.40144504,-0.0204083,0.91565571,0.87702943,0.29666876,-0.37789815,-0.26393418,0.95476234,0.13699489,0.08654852,-0.00931501,0.01039699
0.41518439,-0.02058778,0.90950421,0.87150448,0.29578301,-0.39114214,-0.26096306,0.95503318,0.14074689,0.02121163,0.00566709,0.01672648
0.4216881,-0.02047757,0.90650959,0.86884802,0.29511865,-0.39750205,-0.25938791,0.95524103,0.14223998,0.01119415,0.01152742,0.03434356
0.45709987,-0.02647145,0.88902137,0.85432535,0.29106203,-0.43059392,-0.24736193,0.9563379,0.15565964,0.00784487,0.02848649,0.05162178
0.47127752,-0.02816595,0.88153507,0.84796525,0.28938509,-0.44408453,-0.24259498,0.95679821,0.16026447,-0.00169708,0.0670855,0.02933927
0.48457022,-0.02904885,0.87426984,0.84177265,0.28733133,-0.45701133,-0.23792939,0.95739058,0.16368477,0.00923516,0.0676049,0.00329182
0.4911854,-0.02944977,0.87055704,0.83862141,0.28617296,-0.4634858,-0.2354803,0.95772526,0.1652612,0.01034519,0.06189096,0.01015917
0.51784767,-0.03056416,0.8549267,0.82479969,0.28304557,-0.48948007,-0.22702269,0.95861937,0.17178379,-0.03121856,0.07779253,-0.04329981
0.52450786,-0.03130131,0.85082998,0.821072,0.2829659,-0.49575293,-0.2252381,0.95861901,0.1741185,-0.03638179,0.08277404,-0.04387649
0.53738166,-0.03323488,0.84268399,0.81352593,0.28376357,-0.50759596,-0.22225306,0.95831807,0.17952682,-0.06350265,0.0897491,0.00522454
0.5493137,-0.03473375,0.83489398,0.80616466,0.28495171,-0.51855662,-0.21989301,0.95791231,0.18452902,-0.02049994,0.05618787,0.00378509
0.55522086,-0.03604366,0.8309216,0.80241578,0.2860016,-0.5237672,-0.21876645,0.95755105,0.18771604,-0.00297735,0.02615869,-0.00891773
0.56749981,-0.03784337,0.82250337,0.79418564,0.28877651,-0.53467486,-0.21728571,0.95664827,0.1939353,-0.04070538,0.04248917,0.0352525
0.5842568,-0.03647411,0.81074882,0.78180099,0.29337698,-0.55019739,-0.21778708,0.95530079,0.19992299,-0.082559,0.03703678,-0.00155588
0.59543412,-0.03810933,0.80249979,0.77336957,0.29775378,-0.55968048,-0.21761832,0.95388176,0.20676535,-0.04176785,0.04259181,0.02259799
0.60594535,-0.04058598,0.79447025,0.76511512,0.30314267,-0.56806984,-0.21778215,0.95208049,0.21474085,-0.04537371,0.07185996,0.11334069
0.61025729,-0.04023396,0.79118089,0.76153432,0.30498864,-0.57188049,-0.21829212,0.95150567,0.21676111,-0.04496961,0.01536882,0.10266466
0.61782621,-0.0379555,0.78539809,0.75516467,0.30699356,-0.57920746,-0.21912805,0.95095444,0.21833132,-0.08212316,0.02348912,0.07976868
0.62405239,-0.03641302,0.78053354,0.7498418,0.30885097,-0.58510525,-0.21976301,0.95041305,0.22004323,-0.14220354,0.08015025,0.1077566
0.62640259,-0.0356783,0.77868271,0.74773972,0.30974509,-0.5873186,-0.22023856,0.95014993,0.22070325,-0.19045828,0.10312712,0.14000638
0.62854316,-0.03326198,0.77706318,0.7460602,0.30817228,-0.5902746,-0.21983566,0.95074895,0.218515,-0.23324907,0.15801764,0.13518748
0.62751588,-0.03399926,0.7778611,0.74707581,0.30770805,-0.58923129,-0.2193207,0.95087319,0.21849171,-0.17330424,0.14090371,0.13535038
0.62438653,-0.03592237,0.78028909,0.7497901,0.30762089,-0.58581928,-0.21898922,0.95083069,0.21900857,-0.03235057,0.10490942,0.1040762
0.62002052,-0.03466331,0.7838195,0.75307786,0.30656146,-0.58214588,-0.22010975,0.9512195,0.21617856,0.01131114,0.03737009,0.0403613
0.61720233,-0.03223677,0.7861438,0.75502696,0.30535744,-0.58025091,-0.22134944,0.95169198,0.21280696,0.00601502,0.02762663,0.00914585
0.61123033,-0.02679458,0.790999,0.75894514,0.30333464,-0.57618588,-0.22449866,0.95250719,0.20574299,0.03652754,-0.02400827,-0.07066445
0.60614216,-0.023575,0.79500683,0.76206998,0.30335827,-0.57203413,-0.22768617,0.95258486,0.20184405,0.09489559,-0.06007767,-0.06808022
0.60407564,-0.02243437,0.79661114,0.76324974,0.3038044,-0.57022164,-0.2292214,0.95247025,0.20064387,0.10684346,-0.07532579,-0.05406564
0.60077192,-0.01977148,0.7991759,0.76496233,0.30455956,-0.56751739,-0.23217594,0.952288,0.19809529,0.12690911,-0.08413613,-0.07153009
0.60077192,-0.01977148,0.7991759,0.76496233,0.30455956,-0.56751739,-0.23217594,0.952288,0.19809529,0.12690911,-0.08413613,-0.07153009
0.59746417,-0.01689223,0.80171764,0.76632747,0.3064834,-0.56463268,-0.23617522,0.95172607,0.19605785,0.11771883,-0.07179052,-0.05093269
0.59462197,-0.01094489,0.80393096,0.76685651,0.30815031,-0.56300497,-0.24156959,0.95127478,0.19162608,0.02590047,-0.00669742,-0.01881815
0.59427426,-0.00994121,0.80420103,0.76667222,0.30912662,-0.5627206,-0.24300583,0.95096894,0.19132764,-0.01751078,-0.0127427,0.00470143
0.59331222,-0.00952931,0.80491603,0.76696144,0.31033294,-0.5616615,-0.24443972,0.95058018,0.19143293,-0.0585451,0.02339697,0.02523945
0.59284397,-0.00945727,0.80526176,0.76722137,0.3105414,-0.56119095,-0.24475973,0.95051274,0.19135844,-0.05701905,0.02527761,0.03079956
0.59256344,-0.00959718,0.80546659,0.76736802,0.3108282,-0.56083162,-0.24497931,0.95041763,0.19155001,-0.05030094,0.02038527,0.03812855
0.59189298,-0.00975917,0.80595745,0.76778326,0.3111391,-0.56009038,-0.24529882,0.95031423,0.19165399,-0.03016308,0.01404822,0.02236531
0.5912902,-0.009465,0.80640332,0.76811535,0.31126969,-0.55956232,-0.24571266,0.95027449,0.19132092,-0.03046373,0.01799417,0.00882263
0.59103912,-0.0094063,0.80658801,0.76819756,0.31158421,-0.55927426,-0.24605935,0.95017194,0.19138437,-0.03231771,0.01998818,-0.00936663
0.58916373,-0.00957554,0.80795693,0.76888467,0.31404262,-0.55695026,-0.24839981,0.94936059,0.19238501,-0.00681858,-0.01040792,0.02153955
0.58845382,-0.00914203,0.80847915,0.76913681,0.31464723,-0.55626048,-0.24930039,0.94916467,0.19218683,0.00775625,-0.02417433,0.01342172
0.58730039,-0.00872145,0.80932201,0.76949343,0.31601119,-0.5549925,-0.25091442,0.94871531,0.19230462,0.03736499,-0.03554595,0.01431671
0.58681131,-0.0090516,0.80967305,0.76956996,0.3172129,-0.55420022,-0.25182227,0.94831106,0.19310999,0.04341295,-0.04306126,0.00904094
0.58696737,-0.00904956,0.80956001,0.7694139,0.31739697,-0.55431165,-0.25193561,0.94824958,0.19326453,0.02289703,-0.02268618,-0.00488004
0.58699248,-0.008382,0.80954892,0.76925936,0.31745616,-0.55449204,-0.25234845,0.9482358,0.19279235,0.01607736,-0.02152997,0.00510503
0.5870172,-0.00771442,0.80953775,0.76910504,0.31751491,-0.55467272,-0.25276137,0.94822196,0.19231989,0.01560158,-0.03136528,-0.00460361
0.58809778,-0.00512645,0.80877356,0.76768472,0.31827453,-0.55620268,-0.25456065,0.94798469,0.19111206,-0.02303897,-0.01261902,0.04039025
0.58816387,-0.00464134,0.80872843,0.76761193,0.31804263,-0.55643575,-0.25462748,0.94806501,0.19062395,-0.04141469,0.00574839,0.06807401
0.58796113,-0.00296004,0.80888378,0.76771186,0.31703298,-0.55687397,-0.25479447,0.94840991,0.18867552,-0.0936793,0.01228333,0.11736093
0.586515404,-0.00051285761,0.80993785,0.769100763,0.313878167,-0.55674442,-0.253936211,0.949463043,0.184488853,-0.0639542416,0.0758318901,0.048267372
0.584740087,-0.000184234538,0.811220653,0.77073374,0.312098061,-0.555485573,-0.25307802,0.950049833,0.18263826,-0.0224159099,0.0355678797,0.0299525075
0.58292776,0.00125609,0.81252296,0.77239072,0.30954092,-0.55461415,-0.2522057,0.95088522,0.17946983,-0.02714313,0.03564966,0.00794413
0.58171817,0.00211273,0.81338761,0.77339176,0.30829146,-0.55391461,-0.25193066,0.95128952,0.17770481,-0.01535261,0.04917932,-0.00945979
0.57902593,0.00346988,0.81530177,0.77551916,0.30623919,-0.55207578,-0.25159302,0.95194831,0.17462946,-0.00184779,0.02549958,-0.07131132
0.5760853,0.00438576,0.81737778,0.77761859,0.30518597,-0.54970061,-0.25186306,0.95228263,0.17240272,0.0125874,0.00291294,-0.06282577
0.57177192,0.00502483,0.82039726,0.7803535,0.30532471,-0.54573374,-0.2532298,0.95223508,0.17065494,0.05421846,-0.01368904,-0.06944387
0.56939056,0.00450345,0.82205482,0.78185461,0.30596225,-0.54322233,-0.25396412,0.95203301,0.17069097,0.05243082,-0.03877407,-0.04473161
0.56830941,0.00432068,0.82280352,0.78254302,0.3061762,-0.54210919,-0.25426505,0.95196496,0.17062174,0.044545,-0.04787505,-0.02055233
0.56637646,0.00408768,0.82413647,0.78381706,0.30631519,-0.54018673,-0.25465358,0.95192131,0.17028575,0.03040178,-0.03805709,0.00186757
0.564887,0.00369771,0.82515996,0.78490848,0.30613258,-0.53870349,-0.25460029,0.95198167,0.17002797,0.0308203,-0.03714502,0.00296493
0.56436966,0.00338379,0.82551521,0.78536487,0.30589256,-0.53817435,-0.25433998,0.95205996,0.169979,0.03799826,-0.02936769,0.00907311
0.56356789,0.00277472,0.82606509,0.78614235,0.30533217,-0.53735692,-0.25371526,0.95224186,0.16989408,0.03421699,-0.03383493,0.00921502
0.56318878,0.00264105,0.82632408,0.78665023,0.3044367,-0.53712179,-0.25298199,0.95252896,0.16937773,0.02322966,-0.02861416,0.02802476
0.56307609,0.00296623,0.8263997,0.78683301,0.30381244,-0.53720735,-0.25266396,0.9527272,0.16873561,0.01356346,-0.0224762,0.01996876
0.56309394,0.00349532,0.82638554,0.78704812,0.30261227,-0.53756968,-0.25195342,0.95310739,0.16764813,0.0046202,-0.0067836,0.00209746
0.56354181,0.00354006,0.82607991,0.78693005,0.30192582,-0.53812804,-0.25131982,0.95332479,0.16736207,0.01132939,-0.00725865,0.01184118
0.56477397,0.0048159,0.82523155,0.78617228,0.30091627,-0.53979853,-0.25092518,0.95363836,0.16616357,-0.01670872,0.00953305,-0.00122039
0.56549839,0.00553542,0.82473083,0.7856201,0.30074078,-0.54069961,-0.25102321,0.95368987,0.16571969,-0.01622578,0.02353096,0.00843693
0.56575239,0.00568937,0.82455558,0.78537809,0.30092628,-0.54094794,-0.25120811,0.95363046,0.16578144,-0.01274014,0.02382731,0.01025572
0.56601748,0.00603271,0.82437114,0.78501842,0.301405,-0.54120331,-0.25173447,0.95347709,0.16586472,-0.00741305,0.02077603,0.00636573
0.56583507,0.006678,0.8244914,0.78488333,0.30194499,-0.5410983,-0.2525645,0.95330196,0.16560961,-0.00628509,0.02031732,0.00377276
0.56515709,0.00727322,0.82495121,0.78493292,0.30304111,-0.54041309,-0.25392464,0.95294968,0.16555687,0.00930641,0.01148462,0.00195275
0.56441197,0.00799631,0.82545448,0.78503558,0.30400864,-0.53972006,-0.25526101,0.95263564,0.16530876,0.00200688,0.00220311,0.01126201
0.56382293,0.00840618,0.82585286,0.78529572,0.30420585,-0.53923027,-0.25576209,0.95256916,0.16491693,-0.0037115,0.00586748,0.02135752
0.563214009,0.00862230988,0.826266053,0.785645503,0.304241759,-0.53870031,-0.256029449,0.952555791,0.164579157,0.00497243181,-0.000788092613,0.0209586434
0.56292328,0.00867984,0.82646359,0.78584516,0.30416648,-0.53845166,-0.25605623,0.95257938,0.16440137,0.00870532,-0.00343668,0.027204
0.56210755,0.00936471,0.82701109,0.78635674,0.30379285,-0.53791533,-0.25627744,0.95269204,0.16340027,0.0030472,0.00289297,0.03261905
0.56095323,0.01093133,0.82777532,0.7869841,0.30323054,-0.53731487,-0.25688032,0.95285453,0.16149537,-0.01204197,0.00548446,0.01249257
0.560219774,0.0117099176,0.828261162,0.787359721,0.303096414,-0.536839854,-0.257329255,0.952887841,0.160580731,-0.0119236922,0.000375926495,0.01121346
0.55802233,0.01408858,0.82970625,0.78832197,0.30325104,-0.53533829,-0.25915136,0.95280644,0.15811456,-0.00762707,0.01784158,0.00386421
0.55802233,0.01408858,0.82970625,0.78832197,0.30325104,-0.53533829,-0.25915136,0.95280644,0.15811456,-0.00762707,0.01784158,0.00386421
0.55504091,0.01759175,0.83163701,0.78927328,0.30452613,-0.53320871,-0.26263527,0.95234152,0.15513976,-0.0079912,0.01609337,0.00319272
0.55329563,0.01912354,0.83276543,0.78989061,0.3053505,-0.53182133,-0.26445565,0.952048,0.15384359,-0.00521703,0.03028655,0.00484676
0.552387159,0.0198220436,0.833351988,0.790183794,0.305933698,-0.531050073,-0.265476968,0.951846466,0.153330781,0.000264240196,0.0272370577,0.0126440823
0.550313074,0.0216642985,0.834677276,0.790813005,0.307222245,-0.529366836,-0.267899773,0.951391147,0.151936017,7.75171793e-05,0.0278702974,0.00621720823
0.54790799,0.02422599,0.83618771,0.79158522,0.30824886,-0.52761294,-0.27053583,0.9509972,0.1497151,0.00186362,0.01462042,-0.01792775
0.5467027,0.02564217,0.83693407,0.79192347,0.30883331,-0.52676294,-0.27198045,0.95077045,0.14853337,-0.00545889,0.00788128,-0.02447923
0.54135108,0.03071585,0.84023535,0.7933135,0.31241753,-0.52254073,-0.27855447,0.94944808,0.1447603,-0.01433589,0.01117516,-0.01324446
0.53982715,0.0318564,0.84117287,0.79372995,0.31350857,-0.52125338,-0.28032014,0.94905084,0.14395507,-0.01082056,0.00492972,-0.0085491
0.53673141,0.03428744,0.84305616,0.79451947,0.31577944,-0.51867335,-0.28400374,0.94821285,0.14224673,-0.00211054,-0.0090133,-0.0153658
0.53388081,0.03629889,0.8447802,0.79507944,0.31848357,-0.51615577,-0.28778444,0.94723306,0.14117179,0.01447675,-0.02216542,-0.00344029
0.532472,0.03749838,0.84561659,0.79529336,0.31986841,-0.51496857,-0.2897965,0.94671961,0.14049877,0.02016339,-0.01423156,-0.0051119
0.529662125,0.0402063307,0.847255181,0.795690636,0.322467343,-0.512728991,-0.293826994,0.945726206,0.138806981,0.0214685909,-0.0271123052,0.000699306605
0.52710947,0.04313352,0.848702,0.79592153,0.32488614,-0.51084037,-0.29776585,0.944769,0.13691967,0.01432347,-0.03245765,-0.00888744
0.52603654,0.04439737,0.84930228,0.7959307,0.32613704,-0.51002829,-0.2996328,0.94427931,0.13622279,0.01652296,-0.02806127,-0.00309575
0.52401573,0.0470498,0.85040796,0.79577541,0.32882281,-0.50854387,-0.30356034,0.94321879,0.1348673,-0.00201138,-0.01613045,0.00896135
