0,1,2,3,4,5,6,7,8,9,10,11
0.974270677,0.106904009,-0.198414174,0.0837762812,-0.989046768,-0.12152497,-0.209232374,0.101775815,-0.972555288,0.00408156775,-0.00376576185,-0.000779012917
0.97431443,0.10680366,-0.19825333,0.08370784,-0.98906192,-0.12144894,-0.20905598,0.1017341,-0.97259761,0.00504333,-0.00470001,-0.00467035
0.974330992,0.106609095,-0.198276622,0.0835619843,-0.989104963,-0.121197116,-0.209037108,0.101517719,-0.972624087,-0.000927787507,0.00117921829,0.00662469259
0.97434399,0.10654848,-0.19824535,0.08353847,-0.98912685,-0.12103563,-0.20898594,0.10136923,-0.9726507,0.00147106,0.0028795,0.00980092
0.974374689,0.106492432,-0.198124505,0.0835106982,-0.989138124,-0.120959492,-0.208853827,0.101314349,-0.972684404,-0.00642630272,1.31130219e-05,0.000400683843
0.97441363,0.10634324,-0.1980131,0.08340568,-0.98916692,-0.12079802,-0.20871407,0.10119182,-0.97272736,0.00120759,-0.00114155,-0.00795792
0.974434851,0.106197611,-0.197986832,0.0832962999,-0.989196386,-0.120631691,-0.20865868,0.101056152,-0.972753298,0.00364810368,0.0040204525,-0.000415354385
0.97443012,0.10614871,-0.19803632,0.0832598,-0.98920996,-0.12054609,-0.20869533,0.10097528,-0.97275391,,,
0.97442066,0.10604274,-0.19813962,0.0831954,-0.98924611,-0.12029419,-0.20876517,0.10073283,-0.97276412,0.00113352,-0.00170034,0.00635245
0.97445955,0.10589356,-0.19802813,0.08309034,-0.98927467,-0.1201326,-0.20862546,0.10061014,-0.97280689,,,
0.97449019,0.105829415,-0.197911609,0.0830710932,-0.989295212,-0.119975627,-0.20848996,0.100474338,-0.972849843,-0.00537927635,0.000126123428,0.00177441526
0.97452429,0.10564765,-0.19784081,0.08291232,-0.98931893,-0.11989008,-0.20839376,0.10043235,-0.97287481,,,
0.974544114,0.105335447,-0.197909608,0.082626863,-0.989364663,-0.119709431,-0.20841442,0.100309471,-0.972883047,0.00271382509,-0.000334978104,0.00683375634
0.97455229,0.10524223,-0.19791894,0.08254961,-0.98938122,-0.11962371,-0.2084068,0.10024143,-0.97289143,0.00351357,-0.00186598,0.00535138
0.97458491,0.10489388,-0.19794325,0.08221481,-0.98942119,-0.11952384,-0.20838661,0.10021226,-0.97289879,,,
0.97460783,0.10446397,-0.1980577,0.08178985,-0.98946962,-0.11941431,-0.20844662,0.10018301,-0.97288893,0.00417219,0.00418711,-0.00554325
0.97459344,0.1043335,-0.19819725,0.08166322,-0.9894919,-0.11931906,-0.20856353,0.10010215,-0.97287253,0.00412768,0.00194216,-0.01014719
0.97452428,0.10404689,-0.19868734,0.0813477,-0.98953257,-0.1191948,-0.20900949,0.09999547,-0.97278748,,,
0.97444993,0.10370305,-0.19923104,0.08100448,-0.98959607,-0.11890373,-0.20948892,0.09972713,-0.97271224,,,
0.97447401,0.10343144,-0.19925448,0.0807642,-0.98963675,-0.11872728,-0.2094697,0.09960402,-0.97272885,0.00454708,-0.0053609,-0.00146501
0.974483306,0.103045646,-0.199408805,0.0803801055,-0.989680938,-0.118616992,-0.209574128,0.0995617747,-0.972710365,0.0105148051,2.38418579e-05,-0.00287374202
0.97447349,0.10295585,-0.19950317,0.08029864,-0.98969873,-0.11852634,-0.20965102,0.09948094,-0.97270239,0.00555895,0.00215423,-0.00281987
0.97439237,0.10287164,-0.19994233,0.08020882,-0.98972869,-0.11833502,-0.21006202,0.0992676,-0.97263529,,,
0.974346783,0.102772205,-0.200215433,0.0801362652,-0.98976615,-0.11807251,-0.210301033,0.098999053,-0.972611245,-4.93443804e-05,0.00148820877,-0.00526179792
0.97434183,0.10272314,-0.20026472,0.08009989,-0.98977934,-0.11798666,-0.21033784,0.09891815,-0.97261152,,,
0.97429616,0.10263184,-0.20053352,0.08001872,-0.98980741,-0.11780492,-0.21058013,0.09873045,-0.97257803,,,
0.9743041,0.10252198,-0.20055114,0.07995893,-0.98984171,-0.11755721,-0.2105661,0.09850061,-0.97260438,0.00170004,0.00160551,0.01057555
0.974321981,0.102510301,-0.200470237,0.0799718083,-0.989849849,-0.117481337,-0.210478473,0.0984326824,-0.972630401,0.00077692006,-0.00409376621,0.00371325947
0.974365658,0.102410148,-0.200309083,0.0799030486,-0.989864487,-0.117405416,-0.21030233,0.0983904999,-0.972672848,0.0108703999,0.00183534622,0.000732330838
0.97437855,0.10235765,-0.20027319,0.0798709,-0.98987661,-0.11732445,-0.21025479,0.09832242,-0.97268993,,,
0.97437855,0.10235765,-0.20027319,0.0798709,-0.98987661,-0.11732445,-0.21025479,0.09832242,-0.97268993,,,
0.97433785,0.10232362,-0.20048849,0.07981748,-0.98988249,-0.11730943,-0.2104636,0.09829653,-0.97264718,,,
0.974297088,0.102297899,-0.200699576,0.0797553764,-0.989879663,-0.117375409,-0.210675722,0.0983516472,-0.972595677,-0.000600213185,-0.000371694565,0.00627993979
0.97429709,0.10228963,-0.2007038,0.07976406,-0.98988865,-0.11729453,-0.21067244,0.09827076,-0.97260467,,,
0.97428917,0.10237468,-0.20069889,0.0798499,-0.98988108,-0.11729948,-0.21067656,0.09825783,-0.97260502,,,
0.97428917,0.10237468,-0.20069889,0.0798499,-0.98988108,-0.11729948,-0.21067656,0.09825783,-0.97260502,0.00391788,-0.00126636,0.0070996
0.97426628,0.10234555,-0.20082482,0.07979199,-0.98987742,-0.11737048,-0.21080431,0.09832589,-0.97257054,,,
0.97421252,0.10236407,-0.201076,0.0797707,-0.98987134,-0.11743643,-0.21106065,0.09836806,-0.9725107,,,
0.97418958,0.10232667,-0.20120617,0.07972149,-0.98987648,-0.11742641,-0.21118512,0.09835513,-0.97248498,0.00453237,0.00207186,-0.00198294
0.97413572,0.10235349,-0.20145312,0.07969147,-0.98986128,-0.1175731,-0.21144471,0.09847806,-0.97241592,,,
0.97410983,0.10244197,-0.20153332,0.07977311,-0.98985488,-0.1175732,-0.21153319,0.09845227,-0.97239948,,,
0.97411485,0.10248278,-0.2014883,0.07981813,-0.98985063,-0.1175782,-0.21149308,0.09845225,-0.97240818,-0.0013724,-0.00575686,0.00329701
0.97409396,0.1026121,-0.20152349,0.07994481,-0.98983998,-0.11758331,-0.21154146,0.09842644,-0.97240045,0.0051453,0.00319064,0.00423678
0.97410898,0.10274286,-0.20138419,0.08007116,-0.98981824,-0.11767919,-0.21142445,0.09850729,-0.97241758,0.0020928,0.00231314,0.00576215
0.97417281,0.10282254,-0.20103449,0.08016513,-0.98979802,-0.11778506,-0.21109451,0.09862705,-0.9724771,-0.00119115,0.00239372,-0.0061883
0.97423153,0.10285309,-0.20073406,0.0802228,-0.98979113,-0.11780505,-0.21080138,0.09866595,-0.97253689,,,
0.9742365,0.1028939,-0.20068901,0.08026785,-0.98978667,-0.1178099,-0.21076125,0.09866583,-0.97254537,0.00599447,-0.00545585,-0.00151991
0.97421063,0.10298238,-0.20076922,0.08034949,-0.98977998,-0.11780987,-0.21084974,0.09863992,-0.97252875,0.00298968,-0.00115722,0.00449435
0.97420761,0.10310824,-0.20071927,0.08048035,-0.98976819,-0.1178198,-0.21081378,0.09862699,-0.97253788,,,
0.97421256,0.10314907,-0.20067423,0.08052539,-0.98976396,-0.11782477,-0.21077366,0.098627,-0.97254661,,,
0.97423541,0.10320299,-0.20053556,0.08055727,-0.98974091,-0.11799649,-0.21065587,0.09880176,-0.97255439,-0.00421336,0.00544965,0.00111809
0.97426317,0.10328944,-0.20035608,0.08064288,-0.98972265,-0.11809229,-0.21049464,0.09889567,-0.97257989,0.00469266,-0.00367445,0.00209011
0.974250232,0.103341955,-0.200391912,0.0806750113,-0.989710064,-0.1181732,-0.210542206,0.0989636446,-0.972562365,-0.00441240054,0.00354743004,0.000898699276
0.97423729,0.10339448,-0.20042776,0.08070713,-0.98969819,-0.11825419,-0.2105898,0.09903169,-0.97254556,,,
0.97427304,0.10341234,-0.20024467,0.08068959,-0.98966906,-0.11850665,-0.21043105,0.09930018,-0.97255218,,,
0.97426502,0.10351391,-0.20023119,0.08075809,-0.98964352,-0.11867335,-0.21044189,0.099449,-0.97253465,,,
0.97428289,0.10351869,-0.20014177,0.08075367,-0.98963369,-0.1187592,-0.21036086,0.09954287,-0.97254269,0.00261305,0.00513959,-0.00394405
0.97428781,0.10355948,-0.20009672,0.08079874,-0.9896295,-0.11876404,-0.21032077,0.09954279,-0.97255143,,,
0.97427978,0.10365279,-0.2000875,0.08087592,-0.98961294,-0.11884985,-0.2103283,0.09961074,-0.9725429,,,
0.97430254,0.1036901,-0.19995731,0.08092522,-0.98960793,-0.11885977,-0.21020388,0.09962379,-0.97256867,,,
0.97431235,0.10377991,-0.19986289,0.08100668,-0.98959009,-0.11895041,-0.21012702,0.09970462,-0.97257671,,,
0.97433507,0.10381723,-0.1997327,0.08105602,-0.9895851,-0.1189602,-0.21000259,0.09971756,-0.97260249,,,
0.974335074,0.103825439,-0.199728402,0.081047371,-0.98957564,-0.11904095,-0.210005904,0.0997983075,-0.972593026,-0.000417362549,0.00321960449,0.0042246324
0.97432214,0.10387796,-0.19976422,0.08107949,-0.98956374,-0.11912193,-0.21005354,0.09986636,-0.97257623,,,
0.97429625,0.10398297,-0.19983581,0.08114373,-0.98953876,-0.11928369,-0.21014876,0.10000223,-0.97254148,,,
0.97430114,0.10402374,-0.19979074,0.0811888,-0.98953434,-0.11928851,-0.21010868,0.10000216,-0.97255,,,
0.97429797,0.1041578,-0.19973638,0.08131106,-0.98951336,-0.11937912,-0.21007613,0.10007005,-0.97255003,0.00347736,0.00504303,-0.00199665
0.97433848,0.1041916,-0.19952103,0.08136472,-0.98950736,-0.11939384,-0.20986737,0.10009604,-0.97259262,0.00107627,-0.00544906,0.00234859
0.97434334,0.10423236,-0.19947596,0.08140979,-0.98950296,-0.11939864,-0.20982729,0.10009598,-0.97260115,,,
0.97435792,0.1043547,-0.19934075,0.081545,-0.98949021,-0.1194133,-0.20970706,0.10009605,-0.97262723,,,
0.97435468,0.10448871,-0.19928638,0.08166727,-0.98946901,-0.11950375,-0.20967453,0.10016386,-0.97262707,,,
0.97434173,0.1045412,-0.19932215,0.0816994,-0.98945662,-0.1195846,-0.20972217,0.10023177,-0.97260983,,,
0.97433363,0.10462627,-0.19931715,0.08178526,-0.98944905,-0.11958951,-0.20972638,0.10021887,-0.97261037,,,
0.974330349,0.104752061,-0.19926708,0.0819161751,-0.989436846,-0.119599073,-0.209690495,0.100205807,-0.972619231,-0.000458996743,0.00160109997,0.00500099314
0.974335185,0.104792844,-0.199221999,0.0819612495,-0.98943268,-0.119603987,-0.20965042,0.100205888,-0.972628023,-0.000459904084,0.003013134,0.00641217316
0.97434966,0.10492336,-0.19908245,0.08208784,-0.98941074,-0.11969934,-0.20953357,0.10028676,-0.97264495,,,
0.974372249,0.104968804,-0.198947905,0.0821286026,-0.98939638,-0.119789794,-0.209412539,0.100380537,-0.972661316,0.00715845404,-0.000271975994,-0.00213268143
0.97436076,0.10518785,-0.19888847,0.08233674,-0.98936763,-0.11988509,-0.20938426,0.1004355,-0.97266182,,,
0.97430409,0.1053406,-0.19908516,0.08243744,-0.98934016,-0.1200419,-0.20960823,0.10054524,-0.97260217,,,
0.97427332,0.10538842,-0.19921038,0.08247388,-0.98933774,-0.12003711,-0.20973687,0.1005193,-0.97257716,0.00300609,-0.0017215,0.00473519
0.97420355,0.10558546,-0.19944712,0.08261529,-0.98930672,-0.12019383,-0.21000513,0.10061587,-0.97250909,0.00190339,0.00362849,0.00977788
0.97421797,0.10571595,-0.19930751,0.0827419,-0.98928474,-0.12028916,-0.20988836,0.10069678,-0.97252611,,,
0.97424057,0.10575318,-0.19917726,0.08279132,-0.98927956,-0.12029882,-0.20976395,0.10070984,-0.97255173,,,
0.97426793,0.10584755,-0.19899319,0.08286857,-0.98925133,-0.12047478,-0.20960628,0.10088444,-0.97256727,,,
0.97425972,0.10594896,-0.19897943,0.08293713,-0.98922531,-0.12064116,-0.20961734,0.10103304,-0.97254947,0.00333566,0.00177407,0.00516485
0.97425149,0.10604222,-0.19897004,0.08301435,-0.98920876,-0.1207268,-0.20962501,0.1011009,-0.97254114,,,
0.97424327,0.10613543,-0.19896063,0.08309156,-0.98919173,-0.12081231,-0.20963266,0.10116863,-0.97253234,,,
0.974226786,0.106321862,-0.198941769,0.083245951,-0.989157672,-0.120983444,-0.209647985,0.101304214,-0.972514762,0.00700041465,3.61204147e-05,0.00158238946
0.97421377,0.10636615,-0.19898184,0.08328671,-0.98915427,-0.12098334,-0.20969228,0.10129109,-0.97250659,,,
0.97417947,0.10656437,-0.1990437,0.08342811,-0.98911198,-0.12123048,-0.2097954,0.1014944,-0.97246304,-0.00242021,0.001369,0.00683778
0.9741712,0.10666579,-0.19902986,0.08349666,-0.98908596,-0.12139685,-0.20980654,0.10164298,-0.97244529,0.00234817,0.00256181,0.00480231
0.97418071,0.10675543,-0.19893525,0.08357825,-0.98906818,-0.12148709,-0.2097299,0.10172372,-0.97245357,0.00323887,-0.00288945,0.00797223
0.97417242,0.10686502,-0.19891696,0.08363817,-0.98903247,-0.12173412,-0.20974448,0.10195297,-0.97242615,,,
0.97419494,0.10694308,-0.19876471,0.08364454,-0.98898121,-0.1221474,-0.20963735,0.1023698,-0.9724057,,,
0.97420441,0.10705719,-0.19865682,0.0837003,-0.9889353,-0.1224797,-0.20957107,0.10269263,-0.97238585,,,
0.97421858,0.10719563,-0.19851259,0.08381847,-0.98890346,-0.12265531,-0.20945791,0.10285407,-0.9723931,0.003607,0.00306225,-0.00462681
0.974228017,0.107285192,-0.198417881,0.0839001263,-0.988885243,-0.122745508,-0.209381319,0.102934827,-0.972400947,-0.000331969932,-0.00566422939,-0.0060869935
0.97420666,0.10743087,-0.19844394,0.08400942,-0.98885533,-0.12291161,-0.20943688,0.10307015,-0.97237465,,,
0.974172229,0.107620864,-0.198509989,0.0841593976,-0.988822005,-0.12307762,-0.209536779,0.103192318,-0.972340243,-0.000760141644,0.00175392628,0.00531473663
0.974146125,0.107725848,-0.198581121,0.0842235056,-0.988796249,-0.123238995,-0.209632347,0.103327589,-0.972305078,-0.000523024937,-0.000458836555,0.00501411268
0.97412471,0.10787156,-0.1986071,0.08433278,-0.98876635,-0.12340511,-0.20968795,0.10346288,-0.97227883,,,
0.97410327,0.10801723,-0.19863307,0.08444203,-0.98873645,-0.12357111,-0.20974356,0.10359804,-0.9722526,,,
0.97408181,0.10817109,-0.19865456,0.08454263,-0.98869686,-0.12381788,-0.20980267,0.10381397,-0.9722167,,,
0.974091194,0.10827694,-0.198550875,0.0846070817,-0.988659934,-0.124069252,-0.209733134,0.104055956,-0.972205931,-0.000902080908,0.00527095795,0.0029763442
0.9741454,0.10844851,-0.19819097,0.08477954,-0.98862132,-0.12425855,-0.20941148,0.10424335,-0.97225513,,,
0.97417244,0.10853428,-0.198011,0.0848658,-0.98860195,-0.12435311,-0.20925067,0.10433701,-0.97227962,,,
0.97416867,0.10867621,-0.19795171,0.08497958,-0.98857086,-0.12452374,-0.20922206,0.10448527,-0.97227002,0.00145726,0.00374889,0.00376069
0.97418259,0.10881443,-0.19780723,0.08509793,-0.98853862,-0.1246989,-0.20910912,0.10464652,-0.972277,-0.00364432,-0.00144398,0.0043263
0.97419185,0.10890385,-0.19771238,0.08517971,-0.9885202,-0.12478876,-0.20903266,0.10472711,-0.97228473,,,
0.97423185,0.10895331,-0.19748792,0.08521681,-0.9884949,-0.12496391,-0.20883102,0.10491453,-0.97230787,,,
0.97426795,0.10912833,-0.19721302,0.08538496,-0.98845703,-0.12514811,-0.2085938,0.10508876,-0.97233992,,,
0.97425488,0.10919704,-0.19723954,0.08539988,-0.98842519,-0.12538992,-0.20864872,0.10531751,-0.97230348,0.00209351,0.00248075,0.00538723
0.97425948,0.10924577,-0.19718983,0.08543651,-0.98841115,-0.12547507,-0.20861225,0.10539806,-0.97230251,,,
0.97426407,0.10929449,-0.19714015,0.08547314,-0.98839712,-0.12556021,-0.2085758,0.10547862,-0.97230154,0.00326269,0.00266695,0.0039178
0.97426866,0.10934321,-0.19709045,0.08550977,-0.98838309,-0.12564536,-0.20853936,0.10555917,-0.97230058,,,
0.97429089,0.10939626,-0.19695107,0.08554242,-0.98835852,-0.12581573,-0.20842207,0.10573345,-0.97230671,0.00347732,0.00379169,0.00605201
0.97430852,0.10939251,-0.19686592,0.08554701,-0.98835791,-0.12582039,-0.20833776,0.10574658,-0.97232374,,,
0.97437899,0.10939358,-0.19651625,0.08554829,-0.98833474,-0.12599985,-0.20800741,0.10595997,-0.97237103,,,
0.97439658,0.10939786,-0.19642657,0.08554437,-0.98832399,-0.12608484,-0.20792655,0.10605345,-0.97237789,,,
0.97439202,0.10936533,-0.19646731,0.0854906,-0.98831908,-0.12616091,-0.20797004,0.10613407,-0.97235994,,,
0.97435682,0.10938098,-0.19663314,0.08547282,-0.98831149,-0.12623232,-0.20814223,0.10618853,-0.97231713,,,
0.97435225,0.109348458,-0.196673866,0.085419044,-0.988306577,-0.126308377,-0.20818569,0.106269158,-0.972299178,0.000195630826,-0.00456160307,0.00584103866
0.97435225,0.10934846,-0.19667387,0.08541904,-0.98830658,-0.12630838,-0.20818569,0.10626916,-0.97229918,0.00338759,0.00254512,0.00293797
0.97440507,0.10934513,-0.19641386,0.08542436,-0.98829396,-0.12640256,-0.20793615,0.10638876,-0.97233938,0.00135568,0.00488651,0.00183149
0.97443568,0.10930501,-0.19628427,0.08537985,-0.98828697,-0.12648768,-0.20781092,0.10649539,-0.97235453,0.00144857,0.00298405,0.00486663
0.97449232,0.10919211,-0.1960658,0.08523709,-0.98826763,-0.12673375,-0.20760384,0.10678899,-0.97236643,0.00559381,0.0010519,-0.00188292
0.97445717,0.10919977,-0.19623615,0.08522782,-0.98826967,-0.12672468,-0.20777256,0.10676299,-0.97233332,,,
0.97443959,0.10921971,-0.19631235,0.0852061,-0.98825154,-0.1268812,-0.2078639,0.10691106,-0.97229761,,,
0.97445717,0.10922396,-0.1962227,0.08520221,-0.98824105,-0.12696633,-0.20778307,0.10700465,-0.97230471,0.00833407,0.00240314,0.00269801
0.97448321,0.1091351,-0.19614281,0.08512104,-0.98824783,-0.12696622,-0.2076942,0.10703057,-0.97232061,,,
0.97451378,0.10910296,-0.19600874,0.08506805,-0.98823094,-0.12713189,-0.20757242,0.10721769,-0.97232584,,,
0.974526783,0.109074629,-0.195959857,0.0850104308,-0.988215069,-0.127292837,-0.207534977,0.107391643,-0.972314526,-7.70776533e-05,-0.00173926353,0.00617342861
0.97454434,0.10907076,-0.19587468,0.08501508,-0.98821407,-0.12729738,-0.20745061,0.10740464,-0.97233108,,,
0.97456577,0.10895744,-0.19583115,0.08487166,-0.98820671,-0.12745396,-0.20740869,0.10759175,-0.97231984,-0.00388545,-0.00172722,0.0027236
0.97455278,0.1090099,-0.19586658,0.08490371,-0.98819326,-0.12753439,-0.20745658,0.1076592,-0.97230183,,,
0.97456121,0.10894098,-0.19586298,0.08480085,-0.98818191,-0.12769081,-0.20745905,0.10783316,-0.97228204,,,
0.97459174,0.10890874,-0.19572893,0.08474794,-0.98816505,-0.12785633,-0.2073372,0.10802009,-0.97228729,,,
0.97460472,0.1088884,-0.19567561,0.08468185,-0.98813949,-0.12809781,-0.20730319,0.10827455,-0.97226629,,,
0.97463068,0.10880753,-0.19559132,0.08459221,-0.98813686,-0.12817833,-0.20721777,0.10838103,-0.97227276,,,
0.97463908,0.10873857,-0.19558777,0.08448938,-0.98812527,-0.12833463,-0.20722016,0.10855486,-0.97225276,0.0053321,-0.00265449,-0.00719502
0.97463908,0.1087466,-0.19558331,0.08448088,-0.98811558,-0.1284151,-0.20722363,0.10863532,-0.97224307,,,
0.97463908,0.10875463,-0.19557885,0.08447237,-0.98810588,-0.12849556,-0.2072271,0.10871579,-0.97223337,-0.00349182,-0.00369865,0.00341385
0.974665717,0.108839819,-0.195398652,0.0845591278,-0.988086211,-0.12858966,-0.207066398,0.108809193,-0.972257155,-0.000634382712,0.00768446922,0.00902896281
0.97479716,0.10890147,-0.19470739,0.08467433,-0.98806057,-0.12871089,-0.2063995,0.10898029,-0.97237979,0.00634649,0.00118732,0.00184544
0.97487141,0.1089263,-0.19432137,0.08473858,-0.9880521,-0.1287334,-0.2060221,0.109032,-0.97245401,,,
0.975058592,0.109008519,-0.193333599,0.0849219089,-0.988028694,-0.128791494,-0.205058546,0.109160993,-0.972643075,0.00352096302,-0.000773906708,-0.00358074275
0.97508924,0.10913413,-0.19310807,0.08505412,-0.98800478,-0.12888983,-0.20485795,0.10925445,-0.97267513,0.00505731,0.0028224,-0.00514109
0.97505903,0.10919047,-0.19322868,0.08508148,-0.98799244,-0.12896579,-0.2049903,0.10930908,-0.97264105,,,
0.97492464,0.10927851,-0.19385599,0.08507186,-0.98797622,-0.12909543,-0.20563247,0.10936662,-0.97249889,,,
0.97475495,0.10937447,-0.19465355,0.08505264,-0.98796196,-0.12921604,-0.20644328,0.10939817,-0.97232339,-0.00388161,-0.00105935,0.00826064
0.97462414,0.10950309,-0.19523541,0.08508817,-0.98794148,-0.12934986,-0.2070454,0.10945527,-0.97218903,0.00332877,0.00216579,0.00306987
0.97460662,0.10951504,-0.19531609,0.08507492,-0.98793251,-0.12942565,-0.20713324,0.10952259,-0.97216254,,,
0.974576114,0.10957148,-0.195436662,0.0851021677,-0.987920477,-0.12950166,-0.207265576,0.10957714,-0.972128468,-0.00502148969,-0.000649809837,-0.00368606532
0.974563111,0.109623971,-0.19547205,0.0851342054,-0.987907014,-0.129581971,-0.207313541,0.109644449,-0.972110479,0.000324575813,-0.00417929888,0.00561686838
0.97455011,0.10967647,-0.19550744,0.08516623,-0.98789402,-0.12966241,-0.20736152,0.10971189,-0.97209296,0.00311846,0.00471163,0.00310604
0.97451504,0.10969238,-0.19567326,0.08514817,-0.98788606,-0.12973366,-0.20753369,0.10976618,-0.97204993,-0.00173468,-0.00288528,0.0101221
0.974479926,0.109716379,-0.195834612,0.0851215873,-0.987868678,-0.12988549,-0.207709399,0.109901052,-0.971997434,-0.00314487889,0.000867605209,0.00888993777
0.97449748,0.10972846,-0.19574045,0.08510934,-0.98784781,-0.13005069,-0.20763203,0.11007473,-0.97199412,,,
0.97450596,0.10965149,-0.19574137,0.08501499,-0.98784592,-0.13012662,-0.20763089,0.11016822,-0.97198376,-0.00155798,0.00305963,-0.0068148
0.97447084,0.10966747,-0.19590721,0.08499689,-0.98783801,-0.13019792,-0.20780307,0.11022257,-0.97194072,-0.00127796,0.006513,-0.00307972
0.9744181,0.10967937,-0.19616268,0.08498253,-0.98784085,-0.13018415,-0.20805608,0.11018339,-0.97189083,,,
0.974413535,0.109646918,-0.196203503,0.0849286872,-0.987835701,-0.130260064,-0.208099445,0.110263864,-0.971872646,-0.000253803097,-0.00304967165,0.00583124906
0.9744793,0.10958247,-0.19591265,0.08491109,-0.98784581,-0.13019327,-0.20779844,0.11023549,-0.97194006,,,
0.97453651,0.10961107,-0.19561185,0.08497076,-0.98783851,-0.13021157,-0.20750555,0.11027465,-0.97199844,,,
0.97457611,0.1096436,-0.1953962,0.08502566,-0.9878318,-0.13022507,-0.20729696,0.11030055,-0.9720398,0.00440011,0.00139928,0.002685
0.97465966,0.10974121,-0.19492409,0.08518927,-0.98782421,-0.13017627,-0.20683646,0.11027212,-0.97214118,-0.00185144,0.00150907,0.02070435
0.97495617,0.10983935,-0.19337989,0.08544743,-0.98779023,-0.13026558,-0.20532706,0.11047941,-0.97243767,0.00499364,-0.00404221,0.01042271
0.975150934,0.109835738,-0.192397413,0.0855457808,-0.987774731,-0.130318405,-0.204358933,0.110621326,-0.972625434,-0.00062516483,-0.00585573912,0.00509694405
0.97544333,0.10977507,-0.19094432,0.08561961,-0.98774792,-0.13047275,-0.20292753,0.11092019,-0.97289102,0.00571294,0.00429809,-0.01055088
0.975507514,0.109726209,-0.190644281,0.0855853643,-0.987738364,-0.130565941,-0.202633236,0.111051693,-0.972937148,0.00089996797,0.00723719597,-0.0105510177
0.975477452,0.109616618,-0.190861032,0.0854361746,-0.987743087,-0.130629123,-0.202840816,0.111119326,-0.972886332,0.000388966873,0.00118303299,-0.0113903061
0.97530143,0.10961661,-0.1917585,0.08534239,-0.98775756,-0.13058139,-0.20372482,0.11099109,-0.9727163,,,
0.97516761,0.10953126,-0.19248643,0.08516414,-0.98776811,-0.13061794,-0.20443872,0.11098144,-0.9725676,0.00339003,-0.00258934,0.01098877
0.975128652,0.10950672,-0.192697664,0.0851007406,-0.98776472,-0.130685085,-0.204650862,0.111036056,-0.972516781,0.000900507788,0.00272250175,0.00676411949
0.975015467,0.109283905,-0.193395619,0.0848045891,-0.98779662,-0.130636331,-0.205312004,0.110971606,-0.972384758,-0.000138064148,0.000204086304,-0.0070170071
0.974967359,0.10917049,-0.193701973,0.0846589625,-0.987812219,-0.13061411,-0.205600365,0.110945887,-0.972326933,0.00112049119,0.000934958458,-0.0101837674
0.97482754,0.109036593,-0.194479522,0.0844439091,-0.98783694,-0.130564596,-0.206350404,0.110855351,-0.972178127,0.0074930517,0.00356578827,0.000124669634
0.97471368,0.10897965,-0.19508122,0.08432437,-0.9878521,-0.13052847,-0.20693633,0.11077779,-0.97206259,-0.00551063,-0.00287706,0.0113026
0.97469163,0.10894314,-0.19521171,0.08427424,-0.98785754,-0.13051936,-0.20706055,0.11076481,-0.97203758,0.00101371,0.00470805,0.00890211
0.97469548,0.10881763,-0.19526247,0.08414312,-0.98786984,-0.13051021,-0.20709574,0.11077772,-0.97202852,,,
0.9746818,0.10869611,-0.19539842,0.08400718,-0.9878831,-0.13049647,-0.2072153,0.11077766,-0.97200293,0.00330138,-0.00484288,-0.00679083
0.974655128,0.108619096,-0.195574207,0.0839117342,-0.987893095,-0.130482787,-0.207379361,0.110764745,-0.971969484,0.00244084024,-0.00095140934,-0.00798499491
0.974588703,0.108501528,-0.195970083,0.0837699014,-0.987919348,-0.130374884,-0.207748547,0.110645492,-0.971904195,-0.000544321956,0.00139331818,0.00508670509
0.97453971,0.10838797,-0.19627631,0.08362437,-0.98793477,-0.13035186,-0.20803679,0.11061958,-0.97184554,-0.00453586,0.00158286,0.00306284
0.974535091,0.108347464,-0.19632163,0.0835790614,-0.987939315,-0.130347293,-0.208076658,0.110619633,-0.97183711,0.000400162768,0.00746488571,0.00417464646
0.97456103,0.10825043,-0.19624637,0.08350658,-0.98795601,-0.13026692,-0.20798424,0.1105652,-0.97186305,,,
0.97456103,0.10825043,-0.19624637,0.08350658,-0.98795601,-0.13026692,-0.20798424,0.1105652,-0.97186305,,,
0.97455178,0.1081694,-0.19633699,0.08341597,-0.98796486,-0.13025765,-0.20806395,0.11056518,-0.97184596,,,
0.974547145,0.108120828,-0.196386721,0.0833791964,-0.987979093,-0.130172623,-0.208100377,0.11048479,-0.971847229,0.00354971085,-0.00019210577,0.00414888514
0.97453787,0.10803981,-0.19647732,0.08328859,-0.98798818,-0.13016347,-0.20818009,0.11048491,-0.97183039,,,
0.97455084,0.10798725,-0.1964419,0.0832566,-0.98800137,-0.13008306,-0.20813218,0.11041747,-0.97184821,,,
0.9745638,0.10793469,-0.19640648,0.08322463,-0.98801456,-0.13000259,-0.20808427,0.11034996,-0.97186604,,,
0.97457675,0.10788215,-0.19637106,0.08319265,-0.98802799,-0.12992218,-0.20803637,0.11028251,-0.97188411,0.00474495,0.00138628,0.00296724
0.97454986,0.10779702,-0.1965512,0.08310581,-0.98804759,-0.12982793,-0.20819702,0.11018925,-0.9718602,,,
0.97449232,0.10776031,-0.19685637,0.08305476,-0.98806483,-0.12972888,-0.20848651,0.11006994,-0.97181159,,,
0.97447,0.10769949,-0.19700008,0.08303038,-0.98809981,-0.1294783,-0.2086005,0.10981573,-0.97181595,0.00743367,-0.00240463,0.00504425
0.97451825,0.10763904,-0.19679433,0.08300789,-0.98811104,-0.12940727,-0.20838393,0.10977426,-0.97186713,-0.00121331,-0.00213814,0.00470164
0.9745535,0.10763114,-0.19662402,0.08301741,-0.98810889,-0.12941653,-0.20821522,0.10980012,-0.97190024,,,
0.974584067,0.107574654,-0.196503413,0.0829901485,-0.988121256,-0.129340878,-0.208082995,0.109745712,-0.971934869,0.00443802541,-0.000342905521,-0.00618709065
0.97453588,0.10761895,-0.19671799,0.08302974,-0.98812935,-0.12925111,-0.20829275,0.1096264,-0.97190308,0.00145307,0.00769997,-0.00146157
0.97449594,0.10757824,-0.19693802,0.08298352,-0.98814601,-0.1291568,-0.20849795,0.10952017,-0.9718715,,,
0.97444766,0.10760629,-0.19716144,0.08304028,-0.98817382,-0.12890608,-0.20870088,0.10923989,-0.97185933,-0.00502419,-0.00269991,0.00993375
0.974452348,0.107646825,-0.197116155,0.0830855641,-0.988169247,-0.128910677,-0.208660985,0.109239803,-0.971867736,-0.00059849536,-0.00671213865,0.00863310881
0.97450529,0.10761891,-0.19686953,0.08311685,-0.98818583,-0.12876389,-0.20840113,0.10911792,-0.97193726,0.00655433,0.00222993,-0.00167151
0.974532241,0.107688011,-0.196698249,0.0832206421,-0.988185803,-0.128697482,-0.208233604,0.109050491,-0.97198079,-0.000129637308,0.0087184906,0.000906070811
0.97457675,0.10775324,-0.19644182,0.08332918,-0.98818476,-0.12863568,-0.20798172,0.10899601,-0.97204089,0.00336773,-0.00391942,-0.00268546
0.97461194,0.107737334,-0.196275905,0.0833471423,-0.988192381,-0.128564454,-0.207809571,0.108941414,-0.972083689,0.000553825637,-0.00188970566,-0.00529195415
0.97462952,0.10772539,-0.19619518,0.08336039,-0.98820129,-0.12848874,-0.20772182,0.10887401,-0.97211017,,,
0.97459899,0.1077657,-0.19632465,0.08340476,-0.98820851,-0.12840361,-0.20784721,0.10876762,-0.97209518,,,
0.9745814,0.10776961,-0.19640981,0.08340005,-0.98820954,-0.128399,-0.20793156,0.10875469,-0.97207863,,,
0.97454619,0.10776932,-0.19658454,0.08339916,-0.9882211,-0.12830918,-0.20809683,0.10864823,-0.97205498,,,
0.97452858,0.10775709,-0.19667855,0.08341156,-0.98824155,-0.12814364,-0.20817434,0.10847437,-0.97205782,0.00516452,0.00169802,0.00143818
0.97452858,0.10774902,-0.19668298,0.0834201,-0.98825125,-0.12806318,-0.20817092,0.10839391,-0.97206751,,,
0.97455084,0.10778569,-0.19655256,0.08347004,-0.98824587,-0.12807249,-0.20804666,0.1084069,-0.97209272,0.00447205,0.00367618,0.00303856
0.974568439,0.107781803,-0.196467389,0.0834747463,-0.988244824,-0.128077105,-0.207962301,0.108419837,-0.972109271,0.00086703198,-0.00217324495,0.00641457131
0.97458603,0.10777791,-0.19638223,0.08347944,-0.98824378,-0.12808172,-0.20787795,0.10843277,-0.97212582,,,
0.97459899,0.10774153,-0.19633792,0.08343035,-0.98823759,-0.12816222,-0.20783693,0.10852623,-0.97212426,,,
0.974608247,0.107822656,-0.196247385,0.0835208825,-0.988228757,-0.128171492,-0.207757126,0.108526237,-0.972141337,0.00620454829,0.000936388969,-0.000560871908
0.97460825,0.1078146,-0.19625181,0.08352941,-0.98823845,-0.12809103,-0.2077537,0.10844577,-0.97215103,0.00263002,0.00609756,-0.00425721
0.97459529,0.10785904,-0.19629171,0.08356997,-0.98823495,-0.12809099,-0.20779814,0.10843278,-0.9721429,-0.00318461,-0.00227678,0.00562688
0.97459992,0.10789156,-0.19625088,0.08362375,-0.98824034,-0.12801522,-0.20775482,0.10835238,-0.97216125,0.00225694,-0.00274473,0.00439008
0.974574,0.10798044,-0.19633068,0.08370488,-0.98823333,-0.12801514,-0.2078437,0.10832639,-0.972145,0.00321619,0.00305307,0.0043375
0.974538808,0.107988225,-0.196501019,0.083695494,-0.988235418,-0.128005935,-0.208012431,0.1083005,-0.972111891,-0.000123052858,-0.00303465128,0.00687729567
0.97454806,0.10806936,-0.1964105,0.08378601,-0.98822657,-0.1280152,-0.20793262,0.10830051,-0.97212899,,,
0.97454806,0.10807742,-0.19640606,0.08377747,-0.98821687,-0.12809566,-0.20793606,0.10838097,-0.97211929,,,
0.97453047,0.10808937,-0.19648678,0.08376424,-0.98820822,-0.12817152,-0.20802384,0.10844849,-0.97209304,0.00459846,-0.00116658,0.00171383
0.97451286,0.10810133,-0.19656751,0.08375101,-0.98819934,-0.12824726,-0.20811163,0.10851588,-0.97206656,,,
0.97451286,0.10810939,-0.19656307,0.08374247,-0.98818965,-0.12832772,-0.20811507,0.10859634,-0.97205686,0.00226766,0.00979066,0.00195064
0.97452584,0.10806493,-0.19652318,0.0837019,-0.98819314,-0.12832775,-0.20807062,0.10860935,-0.97206498,,,
0.97450823,0.10807691,-0.19660391,0.08368866,-0.9881845,-0.12840361,-0.20815842,0.10867686,-0.97203874,0.00844472,0.0014323,-0.00115212
0.974485968,0.108048323,-0.196729905,0.0836301321,-0.988180193,-0.128474768,-0.208286093,0.10874431,-0.972003826,0.00489762565,-0.00259053707,0.000456100912
0.97444605,0.10803173,-0.19693661,0.08355835,-0.98816705,-0.12862165,-0.20850152,0.10887915,-0.97194243,0.00286313,0.00159132,0.00599535
0.97442375,0.10801125,-0.19705817,0.08349123,-0.98815309,-0.12877324,-0.20863261,0.10902707,-0.97189783,,,
0.974432079,0.107942429,-0.197054704,0.0833882994,-0.988141503,-0.128929467,-0.208634887,0.109200952,-0.971877915,0.00561107509,0.000175058842,0.0027499292
0.97445805,0.10786966,-0.19696609,0.08329008,-0.98812882,-0.12909037,-0.20855279,0.10938783,-0.97187456,,,
0.97447569,0.10787381,-0.19687651,0.08328626,-0.9881178,-0.12917543,-0.20847186,0.10948121,-0.97188118,,,
0.97447103,0.10784135,-0.19691736,0.08323243,-0.98811243,-0.12925118,-0.20851514,0.10956162,-0.97186283,,,
0.97446636,0.10780889,-0.19695823,0.08317859,-0.98810707,-0.12932692,-0.20855844,0.10964202,-0.97184449,,,
0.97445702,0.10776013,-0.1970311,0.0830538,-0.98807648,-0.12963905,-0.20865178,0.10996349,-0.97178795,,,
0.974465325,0.107683196,-0.197032117,0.082959407,-0.988074587,-0.129714811,-0.208650575,0.110056916,-0.971777753,-0.00125692063,-0.00774544477,2.63964175e-05
0.97446532,0.10769127,-0.1970277,0.08295085,-0.98806466,-0.12979514,-0.20865397,0.11013724,-0.97176782,,,
0.974500617,0.107699512,-0.19684857,0.0829432891,-0.988043077,-0.129965311,-0.208492098,0.110324006,-0.971781537,0.000134216505,0.00269603729,0.00432489254
0.9745535,0.10770374,-0.19658428,0.08294053,-0.98802046,-0.13014018,-0.20824587,0.11052376,-0.9718118,,,
0.97453121,0.10767526,-0.19671032,0.0828819,-0.98801592,-0.13021115,-0.20837346,0.11059111,-0.97177668,,,
0.97447362,0.10765474,-0.19700665,0.08281369,-0.98801335,-0.13027272,-0.20866973,0.11063248,-0.97170822,,,
0.974460645,0.107699246,-0.197046495,0.0828541961,-0.988010114,-0.130272807,-0.208714233,0.110619593,-0.971700305,0.00049540936,0.000343322754,0.0061731576
0.974482976,0.10773579,-0.196916042,0.0829042959,-0.988004679,-0.130282166,-0.208590042,0.110632566,-0.971725498,-0.00197932543,0.0060608387,-0.000767294143
0.97451825,0.10773589,-0.19674133,0.08290532,-0.98799281,-0.13037189,-0.20842476,0.11073888,-0.97174891,,,
0.97451359,0.10770343,-0.19678221,0.08285147,-0.9879872,-0.13044749,-0.20846799,0.11081916,-0.97173033,0.00408218,-0.0036732,-0.00512026
0.97448298,0.10775195,-0.19690721,0.08288719,-0.98798505,-0.13044294,-0.20859685,0.11079334,-0.97170587,0.00288827,-0.00109351,0.00419517
0.97445235,0.10780851,-0.19702778,0.08291435,-0.98797276,-0.13051859,-0.20872909,0.11084772,-0.97167124,,,
0.97443937,0.107853,-0.19706762,0.08295486,-0.98796929,-0.13051856,-0.20877358,0.11083471,-0.9716631,,,
0.974452348,0.107800421,-0.197032197,0.0829229127,-0.98798245,-0.130438145,-0.208725677,0.110767271,-0.971680939,0.00176749553,-0.000617086887,-0.00513686286
0.97443937,0.10784493,-0.19707204,0.08296342,-0.98797922,-0.13043824,-0.20877018,0.11075438,-0.97167303,0.00348019,0.00363278,-0.00594274
0.974404027,0.107860986,-0.197237921,0.0829452728,-0.987971291,-0.130509173,-0.208942269,0.110808709,-0.971629762,-0.000371900038,-0.00262033939,0.00479400577
0.97440871,0.1079015,-0.19719262,0.08299057,-0.98796695,-0.1305139,-0.20890244,0.11080875,-0.97163841,-0.00277363,0.00147605,0.00412576
0.97448401,0.10791797,-0.19681113,0.08306361,-0.98796836,-0.13045693,-0.20852181,0.11078035,-0.97172343,,,
0.97450165,0.10791398,-0.19672599,0.08306841,-0.98796727,-0.13046156,-0.20843747,0.11079329,-0.97173998,,,
0.97452393,0.10793438,-0.19660437,0.08313561,-0.9879815,-0.13031013,-0.20830646,0.11064551,-0.9717848,,,
0.97451096,0.107970807,-0.196648644,0.0831846642,-0.987987949,-0.130229759,-0.208347536,0.110552175,-0.971786597,0.000149371568,-0.00439935923,0.00410437165
0.974485008,0.108067873,-0.19672392,0.083257152,-0.987971293,-0.130310138,-0.20843995,0.110606602,-0.971760634,-0.00179340667,-0.000399112701,0.00828204304
0.97448501,0.10806787,-0.19672392,0.08325715,-0.98797129,-0.13031014,-0.20843995,0.1106066,-0.97176063,,,
0.97448035,0.10802734,-0.19676923,0.08321184,-0.98797562,-0.13030543,-0.2084798,0.11060655,-0.97175198,0.00419,0.00140131,-0.00335987
0.974449732,0.108067744,-0.196898651,0.0832561129,-0.987983162,-0.130220447,-0.208605215,0.110500262,-0.971737225,0.00286412728,-0.000427186489,0.00554236025
0.97445905,0.10814071,-0.19681248,0.08335527,-0.9879842,-0.13014942,-0.20852209,0.11041992,-0.97176423,-0.0102004,-0.0041303,0.00822191
0.97449431,0.10813277,-0.19664219,0.08336483,-0.98798228,-0.13015878,-0.20835343,0.11044594,-0.97179757,,,
0.974507286,0.108088256,-0.196602326,0.0833243131,-0.987985523,-0.130158685,-0.208308916,0.110458832,-0.971805466,0.00887608994,-0.000740885735,-0.00383174047
0.97444973,0.10805968,-0.19690308,0.08326466,-0.98799309,-0.13014012,-0.20860181,0.11041994,-0.97174716,-0.00539456,-0.00453067,0.01140557
0.97446271,0.10802326,-0.19685881,0.0832156,-0.98798664,-0.13022048,-0.20856073,0.11051328,-0.97174536,0.00398206,0.00172758,0.00391514
0.974471033,0.107938258,-0.196864257,0.0831297925,-0.987994439,-0.130215799,-0.208556086,0.110526238,-0.971744843,0.00692304689,-0.000853061676,0.00265812315
0.9744617,0.10787337,-0.19694602,0.08302208,-0.98798348,-0.13036714,-0.20864259,0.11068691,-0.97170792,,,
0.97447362,0.10768707,-0.196989,0.08277946,-0.9879741,-0.13059427,-0.20868333,0.11095403,-0.97166897,,,
0.9744819,0.10761014,-0.19699006,0.0826851,-0.98797197,-0.13066991,-0.20868205,0.11104732,-0.97165856,,,
0.97448549,0.10749268,-0.19703643,0.0825454,-0.98797417,-0.13074081,-0.20872059,0.11114057,-0.97163952,,,
0.97445842,0.10743186,-0.1972034,0.08243285,-0.98796435,-0.13088746,-0.20889139,0.11128835,-0.97158609,,,
0.97444901,0.10735895,-0.19728962,0.08233367,-0.98796311,-0.13095831,-0.20897441,0.11136861,-0.97155892,,,
0.974439572,0.107286046,-0.197375856,0.082234456,-0.987962111,-0.131029326,-0.209057453,0.111449066,-0.97153199,0.00631896174,0.000429391861,-0.000213867286
0.974452541,0.107249593,-0.197331609,0.0821853786,-0.987955158,-0.131109556,-0.209016274,0.111542265,-0.971529758,0.00512636034,7.93337822e-05,0.000355897704
0.974470219,0.107245574,-0.197246472,0.0821902095,-0.98795403,-0.131114221,-0.208931935,0.111555172,-0.971546309,-0.000122028636,-0.00100159645,0.00622110348
0.97449613,0.10716463,-0.19716245,0.08210067,-0.98795102,-0.13119452,-0.20884628,0.11166138,-0.97155273,,,
0.97448669,0.10710789,-0.19723992,0.08198435,-0.98792991,-0.13142599,-0.208936,0.11190229,-0.97150572,0.00259643,0.00438523,0.00498939
0.974464282,0.107079543,-0.197366005,0.0819255999,-0.987925699,-0.131497013,-0.209063542,0.111969816,-0.971470868,0.00967691746,0.00248432159,-0.0007372119
0.974454811,0.107022825,-0.197443491,0.0818092376,-0.987904143,-0.131728328,-0.209153211,0.1122106,-0.971423398,-0.00203185482,0.00489342213,-3.24738212e-05
0.9744984,0.10693781,-0.19727435,0.08172455,-0.98789998,-0.13181343,-0.20898316,0.11232982,-0.97144639,0.00267243,0.00189352,-0.00636925
0.974551411,0.106917569,-0.197023313,0.0817476755,-0.987907024,-0.131747299,-0.208726782,0.11228832,-0.97150645,0.000821403693,-0.0016272068,-0.00513680559
0.97456906,0.10691351,-0.19693818,0.08175253,-0.98790592,-0.13175198,-0.20864244,0.11230121,-0.971523,0.01323184,-0.00602698,0.00113237
0.97455962,0.10684062,-0.19702446,0.08165331,-0.98790466,-0.13182281,-0.20872539,0.11238148,-0.97149588,,,
0.97448418,0.10683253,-0.19740158,0.08157142,-0.98789293,-0.13195973,-0.20910925,0.11249034,-0.97140051,-0.00118519,0.0017817,0.00455317
0.97449712,0.10678801,-0.19736179,0.08153094,-0.98789638,-0.13195979,-0.20906473,0.11250334,-0.97140871,,,
0.97454068,0.10670294,-0.19719268,0.08144628,-0.98789199,-0.1320448,-0.20889465,0.11262242,-0.97143149,0.00672606,0.00474358,-0.00184295
0.974553608,0.106658377,-0.197152865,0.0814058018,-0.987895216,-0.132044737,-0.208850083,0.112635287,-0.971439454,0.00394922309,4.07099724e-05,0.00470989151
0.97454886,0.10662599,-0.19719383,0.08135191,-0.98788963,-0.1321203,-0.20889322,0.11271559,-0.97142094,0.00158881,-0.00621492,0.00362698
0.974495812,0.106646281,-0.197444877,0.081328748,-0.987882625,-0.132186261,-0.209149571,0.112757012,-0.971360885,0.000581032364,0.00107550621,0.00798592437
0.97447335,0.10661798,-0.197571,0.08126997,-0.98787797,-0.13225698,-0.20927705,0.11282431,-0.97132559,0.00207069,0.00400734,0.00511982
0.97445903,0.10650467,-0.19770266,0.08112538,-0.98788113,-0.13232299,-0.20939976,0.11290462,-0.97128992,,,
0.97448969,0.10646415,-0.19757336,0.0810812,-0.98787347,-0.13240807,-0.20927419,0.11301081,-0.97130476,,,
0.974502619,0.106427675,-0.197529213,0.0810321749,-0.987866514,-0.132488198,-0.209232948,0.113103872,-0.971302567,0.00506078638,-0.000178813934,-0.00573787792
0.97451078,0.10635884,-0.19752606,0.08092921,-0.98785422,-0.13264399,-0.20923482,0.11327737,-0.97128212,,,
0.97447536,0.10637512,-0.19769197,0.08091087,-0.98784614,-0.13271462,-0.20940681,0.1133317,-0.97123861,,,
0.97443511,0.10635095,-0.19790322,0.08084717,-0.98784246,-0.13278046,-0.20961857,0.11338603,-0.97118655,,,
0.974412572,0.106314584,-0.198033708,0.0807969129,-0.98784803,-0.132770956,-0.209742697,0.113373176,-0.971161429,0.00186585693,-0.000177264214,0.00581364613
0.97446578,0.1063023,-0.19777832,0.08081158,-0.98784494,-0.13278537,-0.2094897,0.11341202,-0.97121155,,,
0.9744835,0.1062982,-0.1976932,0.08081648,-0.98784377,-0.13279009,-0.20940536,0.11342489,-0.9712281,,,
0.97451892,0.1062981,-0.19751857,0.08081769,-0.98783176,-0.13287997,-0.20923999,0.11353105,-0.97125151,,,
0.97450122,0.1063103,-0.19759934,0.08080421,-0.98782275,-0.1329555,-0.20932764,0.11359843,-0.97122479,,,
0.974460988,0.106278038,-0.197814945,0.0807490641,-0.987828745,-0.13294101,-0.209536065,0.113572454,-0.97118242,0.000169613631,-0.004386127,0.00621252647
0.97445619,0.1062457,-0.19785596,0.08069513,-0.98782342,-0.13301654,-0.20957917,0.11365278,-0.97116417,-0.00210247,0.00614405,0.00121134
0.97447392,0.10624968,-0.19776647,0.08069145,-0.98781184,-0.13310145,-0.20949812,0.11374582,-0.97117031,,,
0.97447871,0.10629824,-0.19771679,0.08072823,-0.98779778,-0.13318655,-0.20946168,0.11382613,-0.97116918,,,
0.97447392,0.10626589,-0.19775779,0.0806743,-0.98779198,-0.13326195,-0.20950475,0.11390632,-0.97115045,,,
0.97447392,0.10627398,-0.19775342,0.08066572,-0.98778158,-0.13334212,-0.20950803,0.1139865,-0.97114005,,,
0.97445619,0.1062781,-0.19783855,0.08066079,-0.98778276,-0.1333374,-0.20959237,0.11397364,-0.9711235,,,
0.97443365,0.10624177,-0.19796903,0.08061052,-0.98778809,-0.13332775,-0.20971646,0.11396066,-0.97109815,0.00210963,-0.00413644,0.00238325
0.97439333,0.10620955,-0.19818466,0.08055535,-0.98779464,-0.13331326,-0.2099249,0.11393472,-0.97105626,,,
0.97437075,0.10617323,-0.19831513,0.08050506,-0.98780002,-0.13330372,-0.210049,0.11392187,-0.97103092,0.00737185,-0.00320083,-0.00114908
