0,1,2,3,4,5,6,7,8,9,10,11
-0.53977224,0.009191,-0.84176091,-0.15712982,0.98126659,0.11147243,0.8270164,0.19243547,-0.52821629,-0.01230885,0.00581878,0.00762108
-0.53863568,0.01097137,-0.84246729,-0.15673552,0.9811564,0.11298715,0.82783179,0.19290347,-0.52676624,-0.01109122,0.00657195,0.00110309
-0.53768279,0.01300442,-0.84304698,-0.15615174,0.98104788,0.1147244,0.82856138,0.19332858,-0.5254619,,,
-0.537249611,0.0141214891,-0.843304875,-0.155886715,0.980970908,0.115738525,0.828891948,0.193640537,-0.524824883,-0.0065369131,0.000184714794,-0.00556591898
-0.53662988,0.01623728,-0.84366146,-0.15525243,0.98084658,0.11762938,0.82941244,0.19410394,-0.52383071,-0.0068618,-0.0106414,-0.00956029
-0.53608313,0.01817294,-0.84396957,-0.15459482,0.98074677,0.11931558,0.82988875,0.19443639,-0.52295235,-0.00383874,-0.01307708,-0.01540964
-0.53589483,0.01909541,-0.84406869,-0.15415093,0.9807262,0.12005666,0.83009281,0.19445173,-0.52262252,0.00447206,-0.01502961,-0.01937613
-0.53546509,0.0207054,-0.84430333,-0.15325424,0.9807204,0.12124613,0.83053595,0.19431617,-0.52196834,0.00219855,-0.01198006,-0.02223025
-0.535148,0.02210288,-0.84446896,-0.15237768,0.98073453,0.12223266,0.83090156,0.19409081,-0.52147013,0.00794536,-0.00958079,-0.01867299
-0.53495048,0.02279618,-0.84457576,-0.15185817,0.98076197,0.1226583,0.83112392,0.19387186,-0.52119729,0.00757919,0.00524408,-0.02459874
-0.53450908,0.02417621,-0.84481687,-0.15088577,0.98080239,0.12353197,0.83158494,0.19349981,-0.52059994,-0.00314132,0.00646251,-0.00642117
-0.53423302,0.02519949,-0.84496159,-0.15053932,0.9807423,0.12442848,0.83182511,0.19367374,-0.52015141,-0.00248625,0.00412458,-0.00908921
-0.53409778,0.02578727,-0.84502936,-0.1503667,0.98070042,0.1249662,0.83194318,0.19380844,-0.51991236,-0.00516988,-0.00252205,-0.01174709
-0.53293012,0.02752232,-0.8457115,-0.15009037,0.98054729,0.12649067,0.83274144,0.19434384,-0.51843235,-0.00856637,0.00968283,-0.00929114
-0.53262739,0.02808713,-0.84588347,-0.14988925,0.98052019,0.12693844,0.83297116,0.19439976,-0.51804195,-0.00781216,0.01530153,-0.00902843
-0.53205121,0.02959902,-0.84619462,-0.14911949,0.98049216,0.12805661,0.83347755,0.19431679,-0.51725825,-0.00914308,0.00636262,-0.01116334
-0.53166985,0.03212094,-0.84634237,-0.14748934,0.98050088,0.129865,0.83401082,0.19387179,-0.51656526,-0.00319676,0.005822,-0.01617294
-0.53200501,0.03409664,-0.84605435,-0.14609307,0.98050814,0.1313796,0.83404278,0.1934973,-0.51665396,0.0044957,0.004713,-0.02424722
-0.53285208,0.03602834,-0.84544091,-0.14422283,0.98060894,0.13268717,0.83382741,0.19263454,-0.5173234,0.01435829,0.00174981,-0.02678314
-0.53334289,0.03707918,-0.84508612,-0.14318639,0.98066488,0.13339433,0.83369243,0.19214974,-0.51772141,0.01611368,0.00320369,-0.02503061
-0.53443438,0.03851513,-0.84433193,-0.14195169,0.98068161,0.13458563,0.83320439,0.19178154,-0.51864268,0.01962641,0.00281638,-0.0193737
-0.53525501,0.03858914,-0.84380847,-0.14235017,0.98054763,0.13513983,0.83260933,0.19245058,-0.51934985,0.01471663,-0.00787884,-0.01271084
-0.53561829,0.03791921,-0.84360822,-0.14319494,0.98044577,0.13498631,0.83223068,0.1931016,-0.51971484,0.00874786,-0.01400214,-0.01044373
-0.53624353,0.03637505,-0.84327916,-0.14512846,0.98021873,0.13456955,0.831493,0.19454586,-0.5203569,0.00233982,-0.01171702,0.00831003
-0.53658203,0.03479176,-0.84313053,-0.14679042,0.98006809,0.1338623,0.83098263,0.19559161,-0.52077983,0.00324957,-0.01775771,0.00647516
-0.53633109,0.03275192,-0.84337203,-0.14813123,0.98008347,0.13226309,0.83090686,0.19586653,-0.52079766,-0.0074226,-0.00424939,0.00598282
-0.53592436,0.03144845,-0.84368006,-0.14877312,0.98015061,0.13103943,0.83105452,0.19574414,-0.52060791,-0.01498987,0.01307589,0.00578237
-0.53556328,0.03094571,-0.84392783,-0.14901093,0.98018571,0.13050563,0.83124458,0.19564851,-0.52034022,-0.01756104,0.01333636,0.00745732
-0.534795821,0.030047062,-0.844446862,-0.149664125,0.980198282,0.129661008,0.831621295,0.195725577,-0.519708976,-0.0180310681,0.0183503032,0.00085169822
-0.53397624,0.02933019,-0.84499035,-0.15071745,0.98008948,0.12926274,0.83195746,0.19637806,-0.51892392,-0.02047156,0.00479633,-0.0047258
-0.5335631,0.02893362,-0.84526517,-0.15128058,0.98003198,0.12904071,0.83212051,0.19672357,-0.51853181,-0.02030767,-0.00387412,-0.00491891
-0.5335631,0.02893362,-0.84526517,-0.15128058,0.98003198,0.12904071,0.83212051,0.19672357,-0.51853181,-0.02030767,-0.00387412,-0.00491891
-0.531526,0.02767521,-0.84658979,-0.15294366,0.97990275,0.12805794,0.8331197,0.19754666,-0.51661104,-0.02258353,-0.00344443,-0.00765328
-0.53112275,0.02735603,-0.84685299,-0.15328406,0.97988468,0.1277889,0.83331407,0.19768069,-0.5162458,-0.02280875,0.00399464,-0.00366629
-0.5302451,0.02682146,-0.84742006,-0.15376568,0.97988224,0.12722777,0.83378431,0.19776602,-0.51545354,-0.01633128,0.01130384,-0.00669635
-0.52966778,0.02655507,-0.84778925,-0.15429938,0.97981607,0.12709114,0.83405245,0.19812947,-0.51487957,-0.01901138,0.02151412,-0.00288237
-0.52944325,0.02656347,-0.84792936,-0.15467083,0.9797345,0.12726836,0.83412635,0.19853131,-0.51460522,-0.01681407,0.01511389,-0.00960514
-0.528961623,0.0263119088,-0.848237615,-0.15589218,0.979498018,0.127598035,0.834204409,0.1997281,-0.514015038,-0.0128740352,0.00088006258,-0.0117841987
-0.52824754,0.02603095,-0.84869129,-0.15759483,0.97915688,0.1281237,0.83433709,0.20143039,-0.51313487,-0.00902755,0.00531322,-0.00637188
-0.52782211,0.02590092,-0.84895994,-0.15856466,0.97895739,0.12845109,0.83442261,0.20241437,-0.51260838,-0.00831867,0.01052505,0.00555933
-0.52706661,0.02588159,-0.84942978,-0.1604463,0.97852954,0.12937124,0.83454047,0.20447512,-0.51159765,-0.0032435,-0.00958282,0.01432934
-0.5263815,0.02606077,-0.84984885,-0.16185591,0.97818118,0.13024684,0.83470048,0.20611262,-0.51067838,-0.00758281,-0.01824981,0.00963679
-0.5260717,0.02621118,-0.85003626,-0.1623617,0.97804479,0.13064101,0.83479779,0.20673986,-0.510266,-0.00423993,-0.01936293,0.00521446
-0.52547825,0.02662817,-0.85039015,-0.16289411,0.97787115,0.13127649,0.83506765,0.2075065,-0.50951245,-0.01027026,0.00285214,0.01406697
-0.525394464,0.0270733202,-0.850427886,-0.163327616,0.977697546,0.132028771,0.835035714,0.208265556,-0.509255056,-0.000883637927,0.0072298646,0.0128237754
-0.525516797,0.0273173689,-0.8503445,-0.163646713,0.977575134,0.132539084,0.834896258,0.208807607,-0.509261755,0.000807632459,0.00752753019,0.0127973044
-0.52654227,0.02790439,-0.84969078,-0.16382169,0.97739913,0.13361658,0.83421552,0.20955257,-0.51007062,0.00796121,-0.00534636,-0.00188305
-0.52675504,0.0279316,-0.84955812,-0.16378333,0.97739609,0.13368588,0.83408884,0.20956316,-0.51027358,0.00923201,0.00125879,-0.00850769
-0.52716678,0.02775718,-0.84930847,-0.16377825,0.97740853,0.1336011,0.83382973,0.2095283,-0.51071129,0.01356019,-0.01812792,-0.0128868
-0.52717111,0.02711439,-0.84932636,-0.16396408,0.97746255,0.13297649,0.83379028,0.2093604,-0.51084422,0.00482975,0.00284749,-0.02228123
-0.52694493,0.02678244,-0.84947724,-0.16399966,0.97751437,0.13255095,0.83392625,0.20916105,-0.51070393,0.00181981,0.00643355,-0.02255386
-0.52639476,0.0261441,-0.84983814,-0.16438858,0.97753766,0.13189586,0.83419708,0.20913299,-0.51027291,-0.00733598,0.02262956,-0.00995295
-0.52579853,0.02572781,-0.85021972,-0.16506721,0.9774551,0.13165996,0.83443892,0.20957005,-0.50969763,-0.00885157,0.01087266,-0.01883448
-0.52539734,0.02560126,-0.85047174,-0.16544484,0.97739541,0.13162911,0.83461704,0.20986375,-0.50928535,-0.01113218,0.00900191,-0.01988913
-0.52455525,0.02538127,-0.85099775,-0.16615604,0.97728319,0.13156643,0.83500512,0.21041232,-0.50842177,-0.01250451,0.01689273,-0.00988039
-0.52399567,0.02512272,-0.85135018,-0.16706391,0.97711583,0.13165979,0.83517539,0.21121908,-0.50780736,-0.01387297,0.00276703,-0.01979185
-0.52367027,0.02489281,-0.85155731,-0.1674911,0.977056,0.13156105,0.8352941,0.21152287,-0.50748585,-0.01243813,-0.0024609,-0.02458663
-0.52291269,0.02438323,-0.85203745,-0.16873583,0.97684846,0.13151162,0.83551815,0.21253834,-0.50669213,-0.01676108,0.0157966,-0.01427708
-0.52209325,0.02394413,-0.85255214,-0.17041595,0.97651969,0.13178659,0.83568947,0.21409339,-0.50575387,-0.01775484,0.01687819,0.00658007
-0.52182815,0.02376247,-0.85271957,-0.17133639,0.97632201,0.13205745,0.83566689,0.2150132,-0.50540094,-0.01978773,0.01073188,0.00704785
-0.52180104,0.02346296,-0.85274436,-0.17326248,0.97587155,0.13287146,0.83528652,0.21708109,-0.50514554,-0.0141059,-0.00594747,0.0084431
-0.521879218,0.0232884699,-0.852701358,-0.174871459,0.975475659,0.133668278,0.834902348,0.218871841,-0.505007984,-0.00539232837,-0.0162065029,-0.000433107489
-0.521841258,0.0232100202,-0.852726625,-0.175532637,0.975315904,0.133967072,0.834787216,0.219590934,-0.504885958,-0.00325323921,-0.00458014011,0.000761641306
-0.52146721,0.02301634,-0.85296098,-0.17687836,0.97500681,0.13444617,0.83473722,0.22097958,-0.50436299,-0.00193781,-0.0010398,0.00608432
-0.52106113,0.0230462866,-0.853207967,-0.17821885,0.97466302,0.135166689,0.834705341,0.22248789,-0.503751728,-0.000797269866,0.0107364058,0.0171862338
-0.520869886,0.0231761101,-0.85332148,-0.178780066,0.974500711,0.135595183,0.834704959,0.223184304,-0.50344465,-0.000405068044,0.00785106421,0.0106328893
-0.52049421,0.02355031,-0.8535403,-0.17986669,0.97416564,0.13656236,0.83470571,0.2246034,-0.50281165,0.00595396,-0.00915045,0.00106423
-0.51984336,0.02400442,-0.85392426,-0.18064795,0.97391026,0.13735034,0.83494262,0.22566033,-0.50194443,-0.00138726,0.00538534,0.00944997
-0.519713176,0.024292816,-0.853995392,-0.180997349,0.973774925,0.137849033,0.834948041,0.226212854,-0.501686724,0.00480475323,-0.00051599741,0.00740935095
-0.5193994,0.02497538,-0.85416649,-0.18120626,0.97362154,0.13865563,0.83509787,0.22679798,-0.50117275,0.00850451,-0.00412774,-0.00530276
-0.51939222,0.02561816,-0.85415173,-0.18116974,0.97352717,0.13936416,0.83511017,0.22713114,-0.5010012,0.01289784,-0.00373262,-0.01330555
-0.5194385,0.02573734,-0.85412024,-0.18121471,0.97349344,0.13954126,0.83507187,0.22726224,-0.50100598,0.01019641,0.00156659,-0.00477032
-0.519522609,0.0258612519,-0.854065214,-0.181339968,0.973435312,0.13978379,0.834992222,0.227497005,-0.501031974,0.00513867149,-0.00090777874,-0.00951837748
-0.51943046,0.02577475,-0.85412375,-0.18139853,0.97343761,0.13969175,0.8350367,0.22749698,-0.50095764,0.00225477,0.01257592,-0.01068118
-0.51946104,0.02570306,-0.85410741,-0.18155142,0.97340631,0.13971126,0.83498455,0.22763898,-0.50098022,0.00889428,0.00720316,-0.01708366
-0.5195279,0.02499479,-0.85408777,-0.18278187,0.97318288,0.13966338,0.83467446,0.2286708,-0.50102706,0.00824614,0.00387281,-0.0062183
-0.519618507,0.0247794412,-0.854038709,-0.183240199,0.973088337,0.139721545,0.834517325,0.22909618,-0.501094112,0.000928983092,-0.00692564249,-0.0101905465
-0.51962334,0.02410042,-0.85405523,-0.18405321,0.97297561,0.13943769,0.83433542,0.22964673,-0.50114507,-0.0016621,-0.01335567,-0.01134374
-0.5194812,0.02310134,-0.85416956,-0.18491504,0.97290729,0.13877261,0.83423363,0.23003856,-0.50113526,-0.00202261,0.00999588,-0.00310032
-0.51937822,0.02256049,-0.85424659,-0.18548842,0.97284144,0.13846871,0.83417041,0.23037049,-0.50108794,-0.00416334,0.00900167,-0.00115944
-0.519116691,0.0212830302,-0.854438282,-0.186662119,0.972734987,0.13763683,0.834071339,0.23094085,-0.500990231,-0.00687930081,-3.82065773e-05,-0.00625929423
-0.518928863,0.0199385651,-0.854584596,-0.187921459,0.972610026,0.136803709,0.833905213,0.231586233,-0.500968524,-0.012725139,0.00145101547,-0.000684053171
-0.5187774,0.01931624,-0.85469096,-0.18848608,0.97255933,0.13638674,0.83387215,0.23185174,-0.50090096,-0.01226182,0.01342493,0.00662323
-0.51859138,0.01834955,-0.8548252,-0.18930262,0.97249423,0.13571845,0.83380295,0.23220308,-0.5008535,-0.01812803,0.01755732,0.01643771
-0.51869991,0.01779513,-0.85477107,-0.18979986,0.97243879,0.13542088,0.83362237,0.23247825,-0.5010264,-0.01003146,-0.00460577,0.00393035
-0.51875837,0.01749918,-0.85474165,-0.18995673,0.9724393,0.13519705,0.83355021,0.23249856,-0.50113693,-0.00868019,-0.01539356,-0.00245004
-0.51863431,0.0168046,-0.85483094,-0.19067316,0.97235446,0.1347982,0.83346391,0.2329043,-0.5010922,-0.01293879,0.00407821,0.01010027
-0.51845425,0.01614194,-0.85495299,-0.19163872,0.97219655,0.13456769,0.83335454,0.23360929,-0.50094602,-0.00946018,0.00114846,0.01952634
-0.51841029,0.01587277,-0.85498468,-0.1921109,0.97210838,0.13453144,0.83327315,0.23399436,-0.50090166,-0.01421687,0.00409335,0.01747782
-0.518423834,0.0153834879,-0.854985268,-0.192813666,0.971987127,0.134402044,0.833102244,0.2345301,-0.500935142,-0.00734282238,0.000634372234,0.0117392093
-0.51835958,0.01530097,-0.85502584,-0.19309811,0.97192283,0.13445864,0.83307648,0.2348018,-0.50085092,-0.00693588,-0.00747508,0.01544101
-0.51835949,0.01533895,-0.85502513,-0.19313511,0.97190643,0.13452406,0.83306788,0.23486722,-0.50083443,-0.01237432,-0.00944638,0.01341885
-0.5187055,0.01583401,-0.85480634,-0.19348937,0.97171279,0.13541092,0.83277035,0.23563433,-0.50096905,-0.00751472,-0.00534874,0.01296894
-0.51883618,0.0160006,-0.85472387,-0.19358529,0.97165334,0.13570008,0.83266659,0.23586809,-0.50103142,-0.00363187,-0.0094837,0.0081516
-0.519217285,0.0164223021,-0.854484486,-0.193280541,0.971655443,0.136118815,0.832499887,0.235830464,-0.50132619,-0.00733762793,-0.0220041871,-0.000187449856
-0.51961544,0.01661806,-0.85423853,-0.19246158,0.97183796,0.13597617,0.83244108,0.23506344,-0.50178366,-0.00942988,-0.01850569,-0.00302757
-0.519685366,0.0163207649,-0.854201759,-0.190996276,0.97229401,0.134776774,0.832734913,0.233190885,-0.502169762,-0.0178672336,4.01735306e-05,-0.0110139232
-0.51959819,0.01604359,-0.85426001,-0.19005765,0.9726035,0.13386752,0.83300399,0.23191599,-0.50231381,-0.02798928,0.01989597,0.01466186
-0.51974605,0.01598414,-0.85417104,-0.18963895,0.97272281,0.13359416,0.83300703,0.23141919,-0.50253762,-0.02689574,0.0154832,0.02329918
-0.52045056,0.01614008,-0.8537393,-0.18857532,0.9729628,0.13335198,0.83280888,0.23039726,-0.50333541,-0.0259526,0.00502521,0.01751234
-0.52146065,0.01625643,-0.85312039,-0.18726718,0.9732621,0.13301082,0.83247202,0.22912138,-0.50447359,-0.02187131,-0.00944805,0.00348835
-0.52287202,0.01668555,-0.85224765,-0.18510241,0.97372832,0.13262822,0.83207064,0.22710072,-0.50604675,-0.01817534,0.00460547,0.01592646
-0.52419586,0.01752318,-0.85141729,-0.18332885,0.97402437,0.13291747,0.83163033,0.22576417,-0.50736704,-0.01088837,0.00482124,0.0151852
-0.52499416,0.01807232,-0.85091384,-0.18235361,0.9741691,0.13319808,0.83134117,0.22509544,-0.50813754,-0.00573642,-0.00851351,0.0144841
-0.52652458,0.01886147,-0.84995044,-0.18046485,0.97449054,0.13341898,0.83078513,0.2236346,-0.50968938,0.00656936,-0.02307868,-0.00181396
-0.527671162,0.0193418928,-0.849228538,-0.178326084,0.974940263,0.133008622,0.830519733,0.221624405,-0.510998698,0.00216515153,-0.00768995285,0.000626932771
-0.5281136,0.01943471,-0.8489511,-0.17717916,0.97521255,0.13254439,0.83048373,0.22041497,-0.51157958,-0.00312506,-0.00514978,-0.00385052
-0.528778155,0.0196343251,-0.848532812,-0.172661074,0.97633965,0.130188467,0.831012391,0.215349429,-0.512876993,-0.00919878017,0.000915944576,0.0100725247
-0.52888431,0.01976179,-0.84846376,-0.17152948,0.97660831,0.12966822,0.83117923,0.21411605,-0.51312308,-0.01779445,0.00729507,0.00750102
-0.52923115,0.02007112,-0.84824025,-0.16910246,0.97716901,0.12862768,0.83145579,0.21151329,-0.5137542,-0.02328324,-0.01021612,0.00280344
-0.52945374,0.02028865,-0.84809604,-0.16650361,0.97778416,0.12733686,0.83183837,0.20863005,-0.51431335,-0.02261047,0.01039773,0.01293104
-0.52957117,0.02053054,-0.84801681,-0.16518584,0.97807289,0.12683479,0.83202623,0.20724846,-0.51456784,-0.02191036,0.01222771,0.00553844
-0.52980071,0.02139165,-0.84785224,-0.1621015,0.97869844,0.12598595,0.83248671,0.20418559,-0.51504751,-0.01983805,-0.00201851,-0.00407785
-0.52995529,0.0225453084,-0.847725949,-0.159001828,0.979276407,0.125443772,0.832986191,0.201269546,-0.51538797,-0.0240135789,0.000838637352,-0.00224447716
-0.53008763,0.02305343,-0.84762943,-0.15749777,0.97955867,0.125137,0.8331876,0.19983332,-0.51562107,-0.02097785,0.00796109,-0.00549536
-0.530341972,0.0241062959,-0.847441015,-0.154672726,0.980067517,0.124675623,0.833554878,0.197196728,-0.516042353,-0.02518427,-7.4326992e-05,-0.0160631854
-0.53043694,0.02528819,-0.84734703,-0.15166868,0.9805961,0.12420906,0.83404622,0.1944011,-0.51630896,-0.02240711,-0.00964409,-0.02802195
-0.53036336,0.02591866,-0.84737408,-0.15005123,0.98088174,0.1239179,0.83438554,0.19287105,-0.51633461,-0.02302935,-0.00162649,-0.02596717
-0.53001123,0.02733887,-0.84754978,-0.14674124,0.98144489,0.12342178,0.83519761,0.18978545,-0.51616507,-0.03253445,0.00900263,-0.01103651
-0.529913095,0.0292107891,-0.847548561,-0.143587411,0.981886827,0.123615984,0.835807687,0.187203061,-0.516120383,-0.0345425606,-0.000204324722,-0.0176421087
-0.53001429,0.03028134,-0.8474479,-0.14196186,0.98209006,0.12387878,0.83602137,0.1859628,-0.51622296,-0.03302269,-0.0080443,-0.02557908
-0.5305586,0.03266032,-0.84701887,-0.1385082,0.98248643,0.12464308,0.83625543,0.18344951,-0.5167429,-0.0247159,0.01267976,-0.021479
-0.5305586,0.03266032,-0.84701887,-0.1385082,0.98248643,0.12464308,0.83625543,0.18344951,-0.5167429,-0.0247159,0.01267976,-0.021479
-0.5317338,0.03630064,-0.84613323,-0.13325494,0.98305053,0.12591577,0.83636254,0.17970511,-0.51788395,-0.01602081,-0.0086658,-0.03916233
-0.53206846,0.03838533,-0.84583065,-0.12994492,0.98343505,0.12637173,0.83667033,0.17714983,-0.51826679,-0.02020694,0.033737,-0.02523816
-0.53234571,0.04084327,-0.84554107,-0.1272251,0.98363031,0.12761346,0.83691197,0.17550854,-0.51843509,-0.0111617,0.00203794,-0.01347145
-0.53271549,0.04233442,-0.84523487,-0.12594346,0.98366095,0.12864442,0.83687062,0.17498268,-0.51867968,-0.00388714,0.00552434,-0.01481409
-0.53377218,0.04517476,-0.84442074,-0.12354501,0.98369143,0.13072028,0.8365547,0.17409883,-0.51948601,0.01161592,0.00433475,-0.02191166
-0.53377218,0.04517476,-0.84442074,-0.12354501,0.98369143,0.13072028,0.8365547,0.17409883,-0.51948601,0.01161592,0.00433475,-0.02191166
-0.53670228,0.05056122,-0.84225539,-0.11958865,0.98356817,0.13524866,0.83525393,0.17331246,-0.52183674,0.02465026,-0.01506042,-0.01001063
-0.53802374,0.05147464,-0.84135661,-0.11894845,0.98350957,0.13623579,0.83449496,0.17337615,-0.52302867,0.02678083,-0.01290506,-0.01440025
-0.53865015,0.05164248,-0.84094529,-0.11890327,0.98347062,0.136556,0.83409708,0.17354706,-0.52360614,0.02768362,-0.01069492,-0.00710548
-0.53984911,0.05159182,-0.84017936,-0.11895356,0.98342778,0.13682055,0.83331454,0.17380476,-0.52476558,0.02858819,-0.02268678,-0.00695174
-0.54100325,0.05127034,-0.83945624,-0.11880936,0.98347099,0.13663505,0.83258619,0.17365527,-0.52596961,0.0230795,-0.02851546,-0.02517215
-0.54141638,0.05099179,-0.8392068,-0.11854188,0.98355801,0.13624043,0.83235571,0.17324396,-0.52646976,0.0219338,-0.02413839,-0.03274068
-0.54167078,0.05042732,-0.83907674,-0.11768701,0.983818,0.13509959,0.83231151,0.17192795,-0.52697083,0.00230717,0.01845723,-0.00495268
-0.54209336,0.05018934,-0.83881798,-0.11700923,0.98398192,0.13449322,0.83213184,0.17105735,-0.52753745,0.00963797,-0.00409383,-0.0159788
-0.54239387,0.05023502,-0.83862109,-0.11653501,0.98406207,0.13431841,0.83200269,0.1705822,-0.5278951,0.00121143,0.00857526,-0.03126291
-0.54290813,0.05020054,-0.83829014,-0.1156098,0.98423992,0.13381391,0.83179615,0.16956324,-0.52854817,-0.00750223,0.00112897,-0.04096082
-0.54238988,0.04997482,-0.8386393,-0.11454852,0.98450785,0.13275141,0.8322812,0.1680679,-0.52826255,-0.01318624,0.01518768,-0.02869751
-0.54235308,0.05004521,-0.83865861,-0.11439221,0.98452942,0.13272619,0.83232638,0.1679205,-0.52823777,-0.01462605,0.01544267,-0.0326657
-0.54250853,0.05018049,-0.83854993,-0.11498052,0.98438399,0.13329533,0.83214395,0.1687308,-0.52826693,-0.01107745,0.02717048,-0.00617276
-0.54285884,0.05022985,-0.83832034,-0.11601355,0.98415441,0.13409303,0.83177214,0.17005013,-0.52842958,-0.00123397,0.00152302,-0.00901899
-0.54372952,0.04997599,-0.83777118,-0.11743325,0.98387462,0.134908,0.83100396,0.17173566,-0.52909283,0.00165998,0.0034005,-0.00526587
-0.54420016,0.04973964,-0.8374796,-0.11826105,0.98372543,0.13527235,0.83057838,0.17265646,-0.52946128,0.00196447,0.00358921,-0.00859495
-0.54499352,0.04867593,-0.83702612,-0.12030498,0.98344319,0.13552199,0.82976429,0.17455702,-0.53011421,-0.00440572,0.01024789,0.02053962
-0.54618628,0.04755227,-0.83631288,-0.12260064,0.98309813,0.13596746,0.82864319,0.17679607,-0.53112477,0.00629259,-0.01616192,0.03736019
-0.546927,0.0469726,-0.83586139,-0.12362226,0.98294799,0.13612782,0.82800255,0.17778307,-0.53179394,0.00724661,-0.01489282,0.03236464
-0.5486889,0.04562443,-0.83478063,-0.12556259,0.98268667,0.13623858,0.82654361,0.17956984,-0.53346054,0.00977902,-0.02685553,0.03460946
-0.5503661,0.04388893,-0.83376918,-0.12697032,0.98260297,0.13553578,0.82521259,0.18045822,-0.53521878,0.0050612,-0.02049345,0.02850501
-0.55257723,0.0417819,-0.83241372,-0.12765184,0.98271648,0.13406466,0.82362815,0.18034023,-0.53769321,-0.00511985,-0.00667083,0.02433937
-0.553619609,0.0409140096,-0.831763895,-0.127423336,0.9828692,0.133159402,0.822963198,0.179705806,-0.538922261,-0.00848817453,-0.000327110291,0.0236848593
-0.55442892,0.0407802,-0.83123124,-0.12603246,0.9831649,0.13229737,0.82263249,0.17811162,-0.53995542,-0.0107616,0.00305957,0.02994672
-0.55480008,0.04118559,-0.83096357,-0.12478625,0.98335665,0.13205339,0.82257224,0.17695607,-0.54042695,-0.00490628,-0.01198572,0.02979661
-0.55572144,0.04232867,-0.83029017,-0.1218717,0.98376642,0.13172292,0.82238724,0.17439014,-0.54154142,0.00254194,-0.01638258,0.01869485
-0.55657412,0.04325,-0.82967151,-0.11797805,0.9844091,0.13046033,0.8223786,0.17049386,-0.54279408,,,
-0.55680484,0.04350269,-0.82950338,-0.11536594,0.98489899,0.12909178,0.82259288,0.16757536,-0.5433778,-0.01022087,0.00805491,0.00661847
-0.55690591,0.04388215,-0.82941537,-0.11310198,0.98529476,0.12807096,0.82283865,0.16513202,-0.54375331,-0.01458408,0.01338416,-0.00914856
-0.5569364,0.04419939,-0.82937817,-0.11205801,0.98545373,0.12776516,0.82296096,0.16409555,-0.54388216,-0.0143376,0.00394469,-0.01549186
-0.55645917,0.04467554,-0.82967279,-0.11017925,0.98576731,0.12697771,0.82353711,0.16207067,-0.54361694,-0.0204465,0.01344162,-0.02267171
-0.555622,0.04562223,-0.83018231,-0.10838312,0.98599913,0.12672341,0.82434044,0.16038808,-0.54289812,-0.02372848,0.02174443,-0.01415402
-0.55508906,0.04638046,-0.83049672,-0.10731306,0.98610672,0.12679688,0.82483929,0.15950672,-0.54239982,-0.0252511,0.01084048,-0.02150574
-0.553819532,0.0480900664,-0.831246827,-0.105136312,0.986301172,0.127107651,0.825972335,0.157788924,-0.541176841,-0.0271818563,-0.000400364399,-0.038107235
-0.55197153,0.04989499,-0.83236887,-0.10304745,0.98647525,0.12746684,0.82747125,0.15613155,-0.53936471,-0.02189194,0.01438493,-0.02282211
-0.55102183,0.05080994,-0.83294255,-0.10212984,0.98653512,0.12774178,0.82821762,0.1554568,-0.53841317,-0.02147838,0.01815563,-0.020367
-0.54887735,0.05293897,-0.83422499,-0.10013915,0.98664103,0.12849756,0.82988313,0.15406796,-0.53624366,-0.02360622,0.00853139,-0.02929799
-0.54663523,0.05504728,-0.83555944,-0.09843365,0.98669459,0.12940092,0.83156515,0.15298228,-0.53394351,-0.01505662,0.00653952,-0.02451912
-0.54546522,0.05599732,-0.83626074,-0.09778023,0.98670059,0.12984982,0.83241021,0.15259833,-0.53273542,-0.01183251,0.01435846,-0.0221047
-0.54286819,0.05785398,-0.83782259,-0.09658127,0.98670448,0.13071465,0.83424567,0.15187882,-0.53006286,-0.01764618,0.00567418,-0.02929643
-0.54008998,0.05971685,-0.83948588,-0.09584327,0.98662602,0.13184521,0.836132,0.15166737,-0.52714337,-0.01767041,0.00667375,-0.01174069
-0.53873828,0.06071053,-0.84028277,-0.09553848,0.98656346,0.1325328,0.83703841,0.15167985,-0.5256993,-0.01005438,-0.01362938,-0.02529375
-0.53581523,0.06235815,-0.84202931,-0.09496762,0.98648979,0.13348796,0.83897739,0.15149041,-0.52265425,-0.01972374,0.01454526,-0.01923175
-0.53254311,0.06383498,-0.8439923,-0.094678,0.98640115,0.13434602,0.84109095,0.15145254,-0.51925737,-0.01779137,0.02864641,0.0170261
-0.53117477,0.06482626,-0.84477843,-0.09467661,0.98628252,0.13521514,0.84195569,0.15180366,-0.51775086,-0.01106756,0.0304113,0.02430353
-0.52910176,0.06699474,-0.84590937,-0.09486795,0.98595868,0.13742471,0.84323841,0.15296138,-0.51531681,0.00404876,-0.0069117,0.00335079
-0.52722827,0.06885704,-0.8469291,-0.09528348,0.98563423,0.13944969,0.8443644,0.15422018,-0.51309329,0.00861233,-0.01412749,-0.0022
-0.52622436,0.06953107,-0.84749803,-0.09549742,0.98551418,0.14015009,0.8449661,0.15468431,-0.51196152,0.01107381,-0.00651371,-0.00617334
-0.52391841,0.07075496,-0.84882456,-0.09587486,0.98531206,0.14130873,0.84635537,0.15541519,-0.5094395,-0.00105249,0.02112848,-0.00675421
-0.52139589,0.07209694,-0.85026366,-0.09629491,0.9850881,0.14257884,0.84786412,0.15621609,-0.50667832,-0.00292912,0.02399915,-0.01159942
-0.52008902,0.07280031,-0.85100372,-0.09661225,0.98495187,0.14330346,0.84863024,0.15674796,-0.50522925,-0.0076348,0.03114241,-0.01231375
-0.51742472,0.07443666,-0.85248493,-0.09785011,0.98452859,0.14535751,0.85011572,0.15862734,-0.50213579,-0.00576485,0.02609044,0.0055039
-0.51505014,0.07643371,-0.8537454,-0.09952515,0.98394695,0.14813216,0.85136247,0.16126463,-0.49917494,0.00219255,0.01496214,0.01040492
-0.51505014,0.07643371,-0.8537454,-0.09952515,0.98394695,0.14813216,0.85136247,0.16126463,-0.49917494,0.00219255,0.01496214,0.01040492
-0.51175834,0.07878211,-0.8555096,-0.10355629,0.98286977,0.15245692,0.8528654,0.16661451,-0.49483341,0.00544258,-0.02026302,0.00206147
-0.50943619,0.07994783,-0.85678645,-0.10663497,0.98213492,0.15504829,0.85387567,0.17035062,-0.49180984,0.0025306,-0.00125158,0.0188097
-0.5083174,0.08051635,-0.85739748,-0.10793583,0.98181175,0.15619076,0.85437883,0.1719384,-0.49038139,-0.0028922,-0.0041703,0.02029523
-0.50625577,0.08201626,-0.85847447,-0.11000665,0.98119336,0.15861312,0.85533831,0.17473671,-0.48771247,0.0022631,-0.01525307,0.03259388
-0.50419956,0.08469889,-0.85942368,-0.11221535,0.98031565,0.16244674,0.85626554,0.17834609,-0.4847702,0.01000353,-0.028225,0.02275469
-0.50330915,0.08661967,-0.85975379,-0.11271131,0.97988185,0.16470492,0.85672382,0.17980151,-0.48342048,0.01388937,-0.02060819,0.00934058
-0.50330915,0.08661967,-0.85975379,-0.11271131,0.97988185,0.16470492,0.85672382,0.17980151,-0.48342048,0.01388937,-0.02060819,0.00934058
-0.50217367,0.08927957,-0.86014565,-0.11216319,0.97952984,0.16715472,0.85746183,0.1804174,-0.48188021,0.0126221,-0.01747173,0.01601192
-0.50099927,0.09163484,-0.86058271,-0.10990489,0.97959154,0.16828944,0.85844071,0.17889515,-0.48070352,0.01193931,-0.01731038,-0.00307833
-0.50057513,0.09208603,-0.86078129,-0.10916579,0.97967426,0.16828896,0.85878233,0.17820917,-0.48034792,,,
-0.49963628,0.09286612,-0.86124282,-0.1080109,0.97979855,0.16831055,0.85947481,0.1771177,-0.47951234,0.00811693,-0.00635749,0.00439779
-0.49873342,0.09328698,-0.86172062,-0.1076109,0.97983492,0.16835503,0.86004929,0.17669482,-0.47863772,-0.00222572,0.0299564,0.00126302
-0.498300319,0.0934153061,-0.861957158,-0.107885265,0.979770836,0.168552293,0.860265849,0.176982164,-0.478141982,-1.38075557e-05,0.01497823,-0.00745523209
-0.49738436,0.09326569,-0.86250242,-0.10928786,0.97954757,0.16894591,0.860619,0.17829208,-0.47701883,0.00239845,-0.01009399,-0.00569988
-0.49667774,0.09266423,-0.86297404,-0.11105431,0.97932671,0.16907434,0.86080067,0.17981249,-0.47611901,-0.00385657,-0.00743598,-0.0063587
-0.49613469,0.09149189,-0.86341146,-0.11328763,0.97910969,0.16884942,0.86082288,0.18158592,-0.47540537,-0.00124634,-0.0193032,-0.01527162
-0.49590744,0.09075105,-0.86362026,-0.11395377,0.97912307,0.16832278,0.86086598,0.18188531,-0.47521299,-0.00330429,-0.02934045,-0.00814408
-0.49586127,0.09032535,-0.86369148,-0.11389915,0.97921933,0.16779893,0.86089989,0.18157871,-0.47526896,-0.00994643,-0.02369303,-0.02033114
-0.49564143,0.08940638,-0.86391309,-0.11335149,0.97952116,0.16640231,0.86109858,0.18040174,-0.47535692,-0.01595332,0.00689286,-0.01238019
-0.49538017,0.08859126,-0.86414688,-0.11268504,0.97982708,0.16504839,0.86133636,0.17913816,-0.475404,-0.01791318,0.0120545,-0.0158516
-0.49524965,0.08826109,-0.86425559,-0.11242893,0.97994839,0.16450191,0.861445,0.17863685,-0.475396,-0.01776711,0.00403184,-0.01737823
-0.49519683,0.0872288,-0.86439052,-0.11250978,0.98012951,0.16336367,0.86146468,0.17814959,-0.47554293,-0.02076381,0.01091152,-0.01725996
-0.49534495,0.0853739,-0.86449101,-0.11347519,0.98027292,0.16182827,0.86125304,0.17825909,-0.47588542,-0.02616712,0.01075715,-0.01541716
-0.4954111,0.08411064,-0.86457689,-0.11428959,0.98033742,0.16086151,0.86110725,0.17850472,-0.47605707,-0.02375315,0.00293726,-0.01120488
-0.49552169,0.08296566,-0.86462423,-0.11500033,0.98039818,0.15998226,0.86094906,0.17870674,-0.47626749,-0.02650624,0.00673944,-0.00761563
-0.49547091,0.08258418,-0.86468974,-0.11528598,0.98041134,0.15969579,0.86093998,0.17881123,-0.4762445,-0.02493018,0.00495309,-0.00419321
-0.49571751,0.08202888,-0.86460123,-0.1159196,0.98037257,0.15947495,0.86071289,0.17927877,-0.47647909,-0.01751863,0.00167733,-0.00520215
-0.49626605,0.08148392,-0.86433807,-0.11664123,0.98030135,0.15938657,0.86029922,0.1799156,-0.4769859,-0.00939088,-0.00163859,0.00479579
-0.49669186,0.08125379,-0.86411499,-0.11700908,0.98025033,0.15943077,0.86000335,0.1802973,-0.47737492,-0.01345939,-0.00184768,0.00350154
-0.49749859,0.08067077,-0.86370556,-0.1176966,0.98018219,0.15934359,0.85944318,0.18092843,-0.47814458,-0.01081371,-0.00535864,0.00192269
-0.498302214,0.0799733261,-0.863307113,-0.118418935,0.980127183,0.159146666,0.858878257,0.181535045,-0.47892919,-0.0134999715,0.000885009766,0.00594853424
-0.498637968,0.0795760535,-0.863149794,-0.118768223,0.980113403,0.158971138,0.858634977,0.181783842,-0.479270646,-0.013554438,0.00088006258,0.00582877221
-0.49985887,0.07853431,-0.86253886,-0.12004333,0.97998652,0.15879551,0.85774735,0.18291741,-0.48042743,-0.00258371,-0.00546366,0.01219343
-0.50020001,0.07843817,-0.86234995,-0.12024855,0.97994702,0.15888397,0.85751983,0.18317009,-0.48073744,0.00549389,-0.01098853,0.00559392
-0.50083943,0.07815991,-0.86200404,-0.12049899,0.97991956,0.15886361,0.85711139,0.18343577,-0.48136416,0.00549664,-0.0100897,0.0047389
-0.501087107,0.0776705759,-0.861904094,-0.120756591,0.979944731,0.158512354,0.85693012,0.183509134,-0.481658432,0.00806068722,-0.000779926777,0.0065277
-0.501171247,0.0774153249,-0.861878243,-0.120652118,0.98001068,0.158183851,0.856895737,0.18326465,-0.48181285,0.0046251188,-0.00998657942,0.00017906737
-0.50108713,0.07716674,-0.86194936,-0.12025565,0.98014416,0.15765786,0.85700057,0.18265464,-0.48185788,,,
-0.50087484,0.07709054,-0.86207957,-0.11995469,0.9802304,0.15735065,0.85716686,0.18222349,-0.48172537,0.00305565,-0.00442958,-0.00132394
-0.50040829,0.07700708,-0.86235812,-0.11934676,0.98039255,0.15680177,0.85752432,0.18138454,-0.48140602,0.00273512,0.00384122,0.00221706
-0.500029264,0.0771278041,-0.862566931,-0.118794995,0.980501631,0.15653848,0.857821752,0.180742492,-0.481117107,-0.00185362087,0.00502425432,8.9004403e-05
-0.49981905,0.07720341,-0.86268231,-0.11849701,0.98055868,0.15640698,0.85798578,0.18040044,-0.48095353,,,
-0.499223,0.07725206,-0.86302302,-0.1179451,0.98068829,0.15601101,0.85840874,0.1796736,-0.48047065,-0.00264242,0.00167221,-0.00725221
-0.499223,0.07725206,-0.86302302,-0.1179451,0.98068829,0.15601101,0.85840874,0.1796736,-0.48047065,-0.00264242,0.00167221,-0.00725221
-0.499223,0.07725206,-0.86302302,-0.1179451,0.98068829,0.15601101,0.85840874,0.1796736,-0.48047065,-0.00264242,0.00167221,-0.00725221
-0.49726804,0.07773992,-0.8641069,-0.1158878,0.98110084,0.15495536,0.85982222,0.17719383,-0.47886097,-0.0017539,0.00519997,-0.00316984
-0.49726804,0.07773992,-0.8641069,-0.1158878,0.98110084,0.15495536,0.85982222,0.17719383,-0.47886097,-0.0017539,0.00519997,-0.00316984
-0.49726804,0.07773992,-0.8641069,-0.1158878,0.98110084,0.15495536,0.85982222,0.17719383,-0.47886097,-0.0017539,0.00519997,-0.00316984
-0.49529663,0.07828013,-0.86518986,-0.11477317,0.98130518,0.15449033,0.86110882,0.17581911,-0.47705269,-0.00293757,0.0071221,0.0025282
-0.49486481,0.07859745,-0.86540808,-0.11493585,0.98123099,0.1548402,0.86133528,0.17609139,-0.47654302,,,
-0.49469325,0.07876127,-0.86549135,-0.11494893,0.98120528,0.15499338,0.86143216,0.17616148,-0.4763421,-0.00282744,-0.00377053,-0.00681622
-0.49378442,0.07915601,-0.86597403,-0.11510926,0.98113505,0.15531863,0.86193187,0.17637558,-0.47535761,,,
-0.49361092,0.07920613,-0.86606849,-0.11515712,0.98112264,0.15536155,0.86202499,0.17642211,-0.47517169,0.00195603,-0.00694799,-0.00286808
-0.49361092,0.07920613,-0.86606849,-0.11515712,0.98112264,0.15536155,0.86202499,0.17642211,-0.47517169,0.00195603,-0.00694799,-0.00286808
-0.49361092,0.07920613,-0.86606849,-0.11515712,0.98112264,0.15536155,0.86202499,0.17642211,-0.47517169,0.00195603,-0.00694799,-0.00286808
-0.4919371,0.07847424,-0.86708681,-0.11618295,0.9811048,0.15470903,0.86284371,0.17684783,-0.47352448,,,
-0.4919371,0.07847424,-0.86708681,-0.11618295,0.9811048,0.15470903,0.86284371,0.17684783,-0.47352448,,,
-0.4919371,0.07847424,-0.86708681,-0.11618295,0.9811048,0.15470903,0.86284371,0.17684783,-0.47352448,,,
-0.489728795,0.0772016477,-0.868450083,-0.117252555,0.981191859,0.153343968,0.863954559,0.176924955,-0.471465816,-0.000967278844,-0.00654011965,0.0104015265
-0.48862532,0.07579092,-0.86919564,-0.11679428,0.98157199,0.1512466,0.86464121,0.17541999,-0.47076898,-0.00740527,-0.00733298,0.00668509
-0.48862532,0.07579092,-0.86919564,-0.11679428,0.98157199,0.1512466,0.86464121,0.17541999,-0.47076898,-0.00740527,-0.00733298,0.00668509
-0.48822938,0.07470774,-0.86951177,-0.11593297,0.98194704,0.14946425,0.86498064,0.17377794,-0.4707543,-0.01425984,0.00162756,0.00714081
-0.4880629,0.07426673,-0.8696429,-0.11490143,0.98223461,0.14836719,0.8652121,0.17233576,-0.47085891,-0.01501552,0.00721246,0.01264229
-0.48802648,0.07416512,-0.86967211,-0.11428295,0.98237607,0.14790763,0.86531466,0.17157154,-0.47094973,-0.01338674,0.00132036,0.0072582
-0.48802648,0.07416512,-0.86967211,-0.11428295,0.98237607,0.14790763,0.86531466,0.17157154,-0.47094973,-0.01338674,0.00132036,0.0072582
-0.48802648,0.07416512,-0.86967211,-0.11428295,0.98237607,0.14790763,0.86531466,0.17157154,-0.47094973,-0.01338674,0.00132036,0.0072582
-0.48897699,0.07376814,-0.86917179,-0.11131493,0.98299433,0.1460518,0.86516491,0.16816778,-0.47245012,-0.00617701,-0.00387669,0.00331403
-0.48897699,0.07376814,-0.86917179,-0.11131493,0.98299433,0.1460518,0.86516491,0.16816778,-0.47245012,-0.00617701,-0.00387669,0.00331403
-0.48897699,0.07376814,-0.86917179,-0.11131493,0.98299433,0.1460518,0.86516491,0.16816778,-0.47245012,-0.00617701,-0.00387669,0.00331403
-0.48897699,0.07376814,-0.86917179,-0.11131493,0.98299433,0.1460518,0.86516491,0.16816778,-0.47245012,-0.00617701,-0.00387669,0.00331403
-0.49254322,0.07159098,-0.86733833,-0.10600912,0.98425419,0.14144169,0.86380733,0.16161193,-0.47719843,-0.00498105,-0.00144321,-0.02098306
-0.49276149,0.07123132,-0.86724404,-0.10557937,0.98438634,0.14084223,0.86373557,0.1609647,-0.47754712,-0.00224494,-0.00200641,-0.02127868
-0.49276149,0.07123132,-0.86724404,-0.10557937,0.98438634,0.14084223,0.86373557,0.1609647,-0.47754712,-0.00224494,-0.00200641,-0.02127868
