0,1,2,3,4,5,6,7,8,9,10,11
-0.56541006,-0.18412636,-0.80399577,0.25220473,-0.96667236,0.04401862,-0.78530535,-0.17788296,0.59300356,0.02275911,0.01173037,-0.00318
-0.565507925,-0.184309988,-0.803884666,0.252717347,-0.96654705,0.0438254552,-0.785069851,-0.17837196,0.593168406,0.012526677,-0.000915288867,-0.000300462823
-0.565260347,-0.184310388,-0.804058433,0.253059868,-0.966465793,0.0436348475,-0.785137559,-0.178809892,0.592946808,0.00820804946,-0.0221697073,-0.000786298886
-0.56495007,-0.18408856,-0.80432742,0.25323385,-0.96643445,0.04332197,-0.78530492,-0.17920819,0.59260488,0.02942234,-0.01570111,-0.0234049
-0.563113718,-0.183007012,-0.805860638,0.25328432,-0.966458313,0.0424896949,-0.786606628,-0.180185334,0.590578747,0.0246590059,-0.000289559335,-0.0155073842
-0.56024341,-0.18122695,-0.8082598,0.25342402,-0.96648405,0.0410435,-0.7886085,-0.18183811,0.5873938,0.00358029,0.00137502,-0.01451555
-0.55852271,-0.18008807,-0.80970408,0.25347273,-0.96651015,0.04012166,-0.78981263,-0.18282904,0.58546525,-0.00270726,-0.00642443,-0.00533906
-0.555039303,-0.177659772,-0.812630461,0.253638173,-0.966549596,0.0380712076,-0.792211423,-0.184983094,0.581534424,-0.00327477418,-0.00875508692,-0.000165491248
-0.55177511,-0.17527287,-0.81536706,0.25379585,-0.96658637,0.03603055,-0.79443797,-0.18705603,0.57782203,-0.0143805,0.00149721,0.01218358
-0.55042071,-0.17396315,-0.81656229,0.25383931,-0.96661931,0.03482615,-0.79536329,-0.18810657,0.57620586,-0.02409548,0.00543755,0.01636915
-0.548554183,-0.171571711,-0.818322255,0.253969398,-0.966668379,0.0324285058,-0.796610136,-0.190040025,0.57384409,-0.02550859,-0.00064468378,0.023033876
-0.54768088,-0.16973462,-0.81928961,0.2542185,-0.96667098,0.03032739,-0.79713127,-0.19166886,0.57257723,-0.01034669,0.00297874,0.02022881
-0.54749657,-0.168916079,-0.819581919,0.254317105,-0.966675408,0.029343336,-0.797226426,-0.192368343,0.572210059,-0.000183276366,0.00308352686,0.0123761864
-0.54545645,-0.16627541,-0.82148031,0.25526687,-0.96651739,0.02613711,-0.79832088,-0.19544004,0.5696376,0.02108863,0.00541574,0.01350175
-0.54431414,-0.16531431,-0.82243132,0.25537659,-0.96651167,0.02525819,-0.79906501,-0.19628132,0.56830339,0.00828728,0.00204819,0.00868058
-0.54284144,-0.1640123,-0.82366444,0.25555008,-0.96649707,0.02403192,-0.80001081,-0.19744199,0.56656805,-0.00328674,0.01147741,-0.00296508
-0.5422431,-0.16332338,-0.82419517,0.25584126,-0.96644045,0.0231913,-0.80032335,-0.19828783,0.56583073,-0.01081609,-0.01476586,0.01345983
-0.54240299,-0.16284195,-0.82418522,0.25632996,-0.96633343,0.02223466,-0.80005858,-0.19920323,0.56588363,0.00782134,-0.00503039,-0.00539041
-0.54231172,-0.16262394,-0.8242886,0.25690212,-0.96619615,0.02160117,-0.79993721,-0.20004691,0.56575769,0.01919761,0.01027411,0.00719909
-0.54176073,-0.16254237,-0.82466683,0.25713168,-0.96613712,0.02150489,-0.80023665,-0.20039746,0.56520986,0.02708331,0.00532883,0.03397729
-0.54057505,-0.162658345,-0.825421524,0.257904306,-0.965932341,0.0214439734,-0.800789484,-0.201287699,0.564109397,0.0106164329,0.000536203326,0.029540576
-0.53919143,-0.16264661,-0.82632837,0.25788024,-0.96592963,0.02185373,-0.80172955,-0.20131042,0.56276444,-0.02812045,0.00407916,0.02238053
-0.53917338,-0.16261115,-0.82634716,0.2574655,-0.9660345,0.02210868,-0.80187501,-0.20083547,0.5627269,-0.03407422,-0.00536048,0.00423265
-0.53937522,-0.16289291,-0.82615987,0.256921,-0.96616424,0.02276131,-0.80191385,-0.19998094,0.5629758,-0.00816257,0.00600856,0.00173883
-0.54015374,-0.16382812,-0.82546609,0.25686192,-0.96615819,0.02367021,-0.80140868,-0.19924525,0.56395519,-0.01007497,0.00643247,0.00319618
-0.540931151,-0.164686105,-0.82478599,0.25687781,-0.966134843,0.0244375793,-0.800879037,-0.198650174,0.564916686,-0.0202097278,0.000700712146,0.0144304987
-0.544474681,-0.168671321,-0.821642948,0.256988196,-0.966008425,0.0280101548,-0.798438611,-0.195901729,0.56931384,-0.00120386563,0.00087863201,-0.00593517208
-0.54576101,-0.16980541,-0.82055524,0.25710518,-0.9659514,0.02888994,-0.79752222,-0.19520201,0.57083661,,,
-0.547741321,-0.171920479,-0.818793495,0.257334886,-0.965836152,0.0306476098,-0.796089313,-0.193917169,0.573269513,0.0109414123,-0.000746607722,0.00440311711
-0.549431741,-0.173726369,-0.817278129,0.257304371,-0.965789628,0.0323169377,-0.794933238,-0.192533303,0.5753364,0.00530171487,0.00122010696,-0.000721431454
-0.55011723,-0.17459267,-0.81663236,0.25730349,-0.965762,0.03314573,-0.79445951,-0.19188831,0.57620565,0.01003397,-0.00154454,-0.01225605
-0.55121167,-0.17601627,-0.81558796,0.25726571,-0.96572285,0.03454571,-0.79371267,-0.19078083,0.57760091,0.00150033,-0.00658488,-0.02628386
-0.55198086,-0.17710019,-0.81483273,0.25728991,-0.96567834,0.03559344,-0.79317007,-0.19000136,0.57860233,0.00434635,-0.00991064,0.00982494
-0.55231114,-0.17755377,-0.81451008,0.25734325,-0.96564904,0.03599842,-0.79292273,-0.18972636,0.57903138,0.0375945,-0.00949687,-0.01590305
-0.55239106,-0.1781949,-0.81431607,0.25755431,-0.96557108,0.0365818,-0.79279875,-0.18952316,0.57926773,-0.00280504,0.00304872,-0.00542692
-0.5522909,-0.17866587,-0.81428084,0.25723181,-0.96562556,0.03740422,-0.79297325,-0.18880092,0.57926474,-0.01733,0.00137538,0.00207817
-0.55261333,-0.17900485,-0.81398747,0.25717097,-0.96562782,0.03775974,-0.79276821,-0.18846742,0.57965382,-0.00910273,0.00469893,-0.0145589
-0.553350885,-0.179401677,-0.813398825,0.256961015,-0.96566731,0.0381765053,-0.792321681,-0.187886794,0.580452285,-0.000699154974,-0.0108326068,0.0018708097
-0.554037843,-0.179729387,-0.812858867,0.256886449,-0.965677412,0.0384270871,-0.791865861,-0.187522362,0.581191753,0.0138030387,-0.00859242585,-0.000958188437
-0.55417351,-0.17986428,-0.81273622,0.25692368,-0.9656634,0.03852178,-0.79175852,-0.18746345,0.58135686,0.00415841,0.01045245,-0.00374048
-0.55420951,-0.18008956,-0.81266204,0.25700928,-0.9656331,0.03871653,-0.79170579,-0.18740462,0.58144772,0.0074813,-0.00983786,0.00335701
-0.55425216,-0.18000582,-0.81265126,0.25679663,-0.96568763,0.03876116,-0.7917447,-0.18720267,0.58145971,0.00310151,-0.00465184,-0.002458
-0.55430231,-0.17996066,-0.81262719,0.25677253,-0.96569618,0.03871112,-0.79171754,-0.18720268,0.58149674,-0.0072129,0.00617903,-0.01090423
-0.55465233,-0.1796825,-0.81244991,0.25656666,-0.965762,0.03843342,-0.79153913,-0.18713038,0.58176282,0.00435936,-0.00655514,-0.01389704
-0.55475229,-0.17951624,-0.81241841,0.25659236,-0.96576487,0.03818879,-0.79146074,-0.18727504,0.58182292,,,
-0.55465913,-0.17906969,-0.8125805,0.25656442,-0.96579126,0.03770474,-0.79153504,-0.18756598,0.58162808,-0.00702005,-0.00493842,0.01239552
-0.55464291,-0.17693021,-0.81306024,0.25654556,-0.96589165,0.03518095,-0.79155267,-0.18907413,0.58111561,0.01223867,-0.00470114,-0.00104245
-0.554470593,-0.176380182,-0.813297173,0.256607613,-0.965898552,0.0345310249,-0.791653202,-0.189551813,0.580822942,0.0165477991,0.000156342969,-0.00440272829
-0.55321694,-0.17532534,-0.8143782,0.25686356,-0.96586855,0.03344878,-0.79244681,-0.19067966,0.57936972,0.00158064,-0.00256717,0.0086028
-0.55141432,-0.17391954,-0.815901,0.25678747,-0.96592634,0.03235341,-0.79372705,-0.19167301,0.57728578,-0.01794228,-0.00118005,0.00362137
-0.55015495,-0.17305372,-0.81693446,0.25685973,-0.96593072,0.03163688,-0.79457698,-0.19243238,0.57586213,-0.02406896,-0.00437641,-0.0126582
-0.54801018,-0.17084926,-0.81883791,0.25706716,-0.96594329,0.02949946,-0.79599087,-0.19433032,0.57326634,-0.02459426,0.00185519,-0.00893875
-0.54648959,-0.16902033,-0.82023253,0.25759293,-0.9658649,0.02740558,-0.79686583,-0.19630923,0.57137341,,,
-0.54570703,-0.16824214,-0.82091332,0.25786989,-0.96581582,0.02651865,-0.79731249,-0.1972174,0.57043681,0.02720832,0.00229329,0.01459953
-0.543698448,-0.166972141,-0.82250365,0.258384855,-0.965712135,0.0252443576,-0.798516885,-0.198797171,0.568199309,0.0115078101,0.000677645148,0.0272990968
-0.541285192,-0.16582932,-0.824324566,0.258722037,-0.965644329,0.0243711477,-0.800045787,-0.200079189,0.565592663,-0.00593176531,-0.000683367194,0.0050255321
-0.54023581,-0.16535186,-0.82510831,0.25882069,-0.96562573,0.02404993,-0.80072268,-0.20056249,0.56446239,-0.01508154,-0.00126791,0.00422023
-0.538594295,-0.164643978,-0.826322394,0.258989071,-0.965592356,0.0235851465,-0.801773658,-0.201305635,0.562703373,-0.0143471435,-0.00379365659,-0.000660565216
-0.537341938,-0.163730673,-0.82731828,0.259185903,-0.965559268,0.0227484423,-0.802549648,-0.202205565,0.561272542,-0.000429014908,-0.000238299355,0.00730286865
-0.53680024,-0.16330089,-0.827755,0.25938118,-0.96551825,0.02227001,-0.80284926,-0.20274953,0.56064758,0.004601,0.01304799,0.00579014
-0.53574504,-0.16259107,-0.82857786,0.25970487,-0.96544797,0.02152799,-0.80344914,-0.2036522,0.55945977,-0.00742582,-0.00195253,0.0114086
-0.53485896,-0.16212789,-0.82924093,0.26003505,-0.96537039,0.02102089,-0.80393268,-0.20438849,0.55849586,0.00283185,-0.0089454,0.00353362
-0.5345065,-0.16190388,-0.8295118,0.26013062,-0.96534935,0.02079812,-0.80413603,-0.2046647,0.55810176,,,
-0.53405258,-0.1616925,-0.82984545,0.26034895,-0.96529625,0.02053531,-0.80436706,-0.20508245,0.55761533,-0.00396607,0.01494855,0.00586627
-0.53373892,-0.16173241,-0.83003949,0.26049091,-0.96525711,0.0205764,-0.80452931,-0.20523531,0.55732496,0.0021347,0.00304443,-0.00713834
-0.53363724,-0.16170632,-0.83010982,0.26065107,-0.96521611,0.02046528,-0.80454476,-0.20544798,0.55722423,0.00728779,-0.00513291,0.00115545
-0.533535675,-0.161641606,-0.830187705,0.260848653,-0.965166567,0.0202833776,-0.804548081,-0.205731442,0.55711484,-0.000556392479,0.00543969823,-0.00521642389
-0.533535675,-0.161641606,-0.830187705,0.260848653,-0.965166567,0.0202833776,-0.804548081,-0.205731442,0.55711484,-0.000556392479,0.00543969823,-0.00521642389
-0.53415139,-0.16144607,-0.82982981,0.26104669,-0.96512445,0.01973549,-0.80407523,-0.20608259,0.55766748,0.00435997,-0.00596225,-0.00797976
-0.53444119,-0.1615996,-0.82961328,0.26145676,-0.96501733,0.01954302,-0.80374933,-0.20646341,0.5579963,0.01122723,-0.00606567,-0.0022874
-0.534820238,-0.162011097,-0.829288655,0.261851801,-0.964908331,0.0196339514,-0.803368473,-0.206650096,0.558475444,0.0184163116,-0.000414311857,0.0116413943
-0.53483794,-0.16223885,-0.82923259,0.26207922,-0.96484438,0.0197355,-0.8032824,-0.20676935,0.55855505,0.02159833,0.00419325,-0.00347709
-0.5348262,-0.16223927,-0.82924036,0.26244859,-0.96474942,0.01948274,-0.80316991,-0.20721307,0.55855251,-0.00432817,0.00397652,0.00998733
-0.53499927,-0.16206386,-0.82916293,0.26227046,-0.96480042,0.01935057,-0.80311273,-0.2071124,0.55867201,-0.0102321,-0.00955903,0.00167191
-0.53518115,-0.16192523,-0.82907244,0.26228065,-0.96480189,0.01912751,-0.80298801,-0.20721299,0.55881389,-0.00599736,-0.00654048,0.00825436
-0.53609397,-0.16084843,-0.82869225,0.26210915,-0.96487542,0.01771894,-0.80243495,-0.20770882,0.55942394,0.01205895,0.00296777,-0.00864388
-0.536204359,-0.160834209,-0.828623698,0.262212012,-0.964849822,0.0175974128,-0.802327699,-0.207839278,0.559529352,0.0225056875,0.000150859341,0.00184537284
-0.536230868,-0.161214539,-0.828532468,0.26251587,-0.964762924,0.0178202881,-0.802210443,-0.207947151,0.559657312,0.0198721495,-0.000781178416,0.000755679794
-0.53590925,-0.16125555,-0.82873277,0.26243288,-0.96478198,0.01802299,-0.8024527,-0.20782804,0.55935426,0.00603984,0.00316292,0.01133878
-0.53571836,-0.16124162,-0.8288589,0.26234654,-0.96480356,0.01812448,-0.80260839,-0.20773864,0.55916407,-0.0027452,0.00350898,0.00460746
-0.53573023,-0.16112529,-0.82887368,0.26208927,-0.96487254,0.01816467,-0.80268434,-0.20750755,0.55914079,-0.01496784,0.00105685,0.0039414
-0.53608503,-0.16096548,-0.82867535,0.26177171,-0.96496014,0.01809317,-0.80255112,-0.20722429,0.55943701,-0.00158534,-0.01777941,-0.00428238
-0.536096893,-0.160656694,-0.828727585,0.261700921,-0.964985153,0.0177793881,-0.802566266,-0.207347306,0.559369684,0.00589991733,-0.0002737045,-0.00926590152
-0.53580767,-0.16015568,-0.82901172,0.26162738,-0.96501337,0.01733439,-0.80278353,-0.20760426,0.55896254,0.02304555,0.00636858,-0.00104469
-0.53531534,-0.15983387,-0.82939174,0.26165023,-0.96501143,0.0170922,-0.80310441,-0.20786082,0.55840595,0.021358,0.00522298,-0.0054478
-0.53509431,-0.15970838,-0.82955843,0.26159367,-0.96502737,0.01705205,-0.80327001,-0.20788279,0.55815947,0.01737173,-0.00146115,-0.00406708
-0.53452077,-0.159319822,-0.830002769,0.261670493,-0.965012344,0.0167195547,-0.803626751,-0.208250294,0.557508581,0.0118369535,0.000844180526,0.0114077013
-0.53390779,-0.15889859,-0.83047804,0.26147677,-0.96506794,0.01654884,-0.80409728,-0.20831516,0.55680551,0.00128698,-0.01246828,0.0042975
-0.53347638,-0.15841605,-0.83084738,0.26121845,-0.96514217,0.01629678,-0.80446748,-0.20833872,0.55626169,-0.00844774,-0.00284845,-0.00290763
-0.53270221,-0.15759329,-0.83150019,0.26079897,-0.96526269,0.01586377,-0.80511621,-0.20840374,0.55529788,-0.01196222,0.00895303,-0.01318078
-0.53225051,-0.15676766,-0.8319455,0.26042551,-0.96537274,0.01529861,-0.80553582,-0.20851714,0.55464642,-0.00269277,-0.00586563,-0.00445918
-0.53209954,-0.1565183,-0.83208881,0.26027607,-0.96541505,0.01515744,-0.80568364,-0.20850756,0.55443519,-0.00800215,-0.00582284,-0.00320813
-0.53201273,-0.155185898,-0.832393851,0.259551818,-0.965625542,0.0141358397,-0.80597459,-0.208528908,0.55400413,0.0040967376,0.00724929525,0.000912580173
-0.53186156,-0.15485926,-0.83255133,0.25947727,-0.96564973,0.01385357,-0.80609841,-0.20865998,0.5537746,,,
-0.531478,-0.15425507,-0.83290848,0.25927009,-0.96571177,0.01341034,-0.80641812,-0.20882096,0.55324825,-0.00631676,0.00113338,-0.00995897
-0.53136716,-0.153885983,-0.833047298,0.258945461,-0.965801057,0.0132382909,-0.806595279,-0.208679439,0.553043286,-0.00954336394,0.00131577242,-0.00029327115
-0.53127676,-0.15347652,-0.83318062,0.25851436,-0.96591876,0.0130862,-0.80679323,-0.20843676,0.55284609,-0.00566043,-0.00675553,-0.00545274
-0.53112491,-0.15314991,-0.83333748,0.25843992,-0.96594242,0.01280407,-0.80691701,-0.20856712,0.55261621,0.00669145,0.00843793,0.00212575
-0.53093241,-0.15302044,-0.83348393,0.25846595,-0.96593693,0.01269387,-0.80703536,-0.20868763,0.55239785,0.00703958,0.01136678,0.01181341
-0.53093241,-0.15302044,-0.83348393,0.25846595,-0.96593693,0.01269387,-0.80703536,-0.20868763,0.55239785,0.00703958,0.01136678,0.01181341
-0.529979067,-0.151564101,-0.83435622,0.258416887,-0.965966953,0.0113265348,-0.807677344,-0.209608924,0.551109196,0.00360921724,-7.62343334e-05,-0.0105483346
-0.529979067,-0.151564101,-0.83435622,0.258416887,-0.965966953,0.0113265348,-0.807677344,-0.209608924,0.551109196,0.00360921724,-7.62343334e-05,-0.0105483346
-0.529979067,-0.151564101,-0.83435622,0.258416887,-0.965966953,0.0113265348,-0.807677344,-0.209608924,0.551109196,0.00360921724,-7.62343334e-05,-0.0105483346
-0.52844472,-0.15025741,-0.83556494,0.25851854,-0.96595229,0.01020714,-0.80864963,-0.21061513,0.54929683,-0.0054231,0.00332469,-0.00352759
-0.52799633,-0.1494684,-0.83598987,0.25833514,-0.9660081,0.00955476,-0.80900113,-0.21092068,0.54866168,0.00190897,-0.00411946,-0.00632964
-0.52757789,-0.14851965,-0.83642293,0.25838446,-0.9660042,0.0085515,-0.80925822,-0.21160711,0.5480178,0.00575109,0.00309771,-0.00869414
-0.52757789,-0.14851965,-0.83642293,0.25838446,-0.9660042,0.0085515,-0.80925822,-0.21160711,0.5480178,0.00575109,0.00309771,-0.00869414
-0.5242373,-0.14554969,-0.83904147,0.25868022,-0.96594479,0.00593909,-0.81133214,-0.21392994,0.54403506,-0.01358579,-0.0021854,-0.00363114
-0.52359205,-0.14501381,-0.83953709,0.25874562,-0.9659301,0.00547451,-0.81172793,-0.21436013,0.54327484,-0.01048016,-0.00110644,0.00325435
-0.52255418,-0.14375688,-0.84039931,0.2587192,-0.96594267,0.00436233,-0.81240471,-0.21514789,0.54195013,,,
-0.52143269,-0.14227625,-0.84134749,0.25889878,-0.96590027,0.00288393,-0.81306799,-0.21632005,0.54048695,0.02068433,0.01346439,-0.00276638
-0.52091743,-0.14164555,-0.84177274,0.25899954,-0.96587468,0.00225057,-0.81336588,-0.21684641,0.5398273,0.01664269,0.01192039,-0.00148166
-0.51923974,-0.14050328,-0.84300002,0.25922469,-0.96581624,0.00130557,-0.81436648,-0.21784851,0.53791198,-0.00181908,-0.00733364,0.00446694
-0.51923974,-0.14050328,-0.84300002,0.25922469,-0.96581624,0.00130557,-0.81436648,-0.21784851,0.53791198,-0.00181908,-0.00733364,0.00446694
-0.516926304,-0.138822746,-0.844698353,0.259373459,-0.965777011,-6.099765e-06,-0.815789477,-0.219095497,0.535242609,-0.000311444979,-0.00133329618,0.0107225254
-0.51547599,-0.137730232,-0.845762854,0.259360096,-0.965780303,-0.000800177779,-0.816710941,-0.219769613,0.533558366,-0.00247559557,0.00419133855,0.00255829655
-0.514282642,-0.136875076,-0.84662752,0.259371718,-0.965776247,-0.00141702408,-0.817459024,-0.220320016,0.532183901,0.000414152979,-0.006304204,0.00204584072
-0.51349432,-0.13639317,-0.84718386,0.25944254,-0.96575692,-0.00177013,-0.81793224,-0.22070448,0.53129688,-0.00122849,-0.00571918,0.00353062
-0.51211243,-0.13555948,-0.84815354,0.25955728,-0.96572477,-0.0023691,-0.81876176,-0.22135768,0.52974517,,,
-0.51067662,-0.13484908,-0.84913174,0.25962005,-0.96570659,-0.00277609,-0.81963798,-0.22186934,0.5281737,-0.02117795,0.00132507,-0.0038326
-0.510268789,-0.134554456,-0.849423886,0.259485423,-0.965742726,-0.00289881509,-0.819934848,-0.221892286,0.527703214,-0.016349446,-0.00442546559,-0.000205077697
-0.5097258,-0.13423671,-0.84980004,0.25942953,-0.9657572,-0.00305703,-0.82029014,-0.22202147,0.52709634,0.00740284,-0.00219637,-0.01575102
-0.50869024,-0.13324138,-0.85057694,0.25959833,-0.96570859,-0.00397705,-0.82087947,-0.22283143,0.52583562,-0.00986961,0.01353329,0.00341662
-0.5081265,-0.13288397,-0.8509696,0.2597252,-0.965673,-0.00429017,-0.8211883,-0.22319821,0.52519741,-0.00781623,0.00441307,-0.00441484
-0.5069268,-0.13233167,-0.85177062,0.26003329,-0.96558776,-0.00474308,-0.82183183,-0.22389314,0.52389331,-0.01198673,-0.00649768,-0.00190412
-0.50606019,-0.13201198,-0.85233563,0.26015898,-0.96555334,-0.00491765,-0.82232627,-0.22423139,0.5229721,,,
-0.50561019,-0.13183512,-0.85262976,0.26019942,-0.9655417,-0.00500473,-0.82258997,-0.22438423,0.52249148,-0.01005952,-0.00951368,0.00947667
-0.50490939,-0.13161214,-0.85307947,0.26025281,-0.96552706,-0.00507457,-0.82300353,-0.22457854,0.52175628,-0.02102381,-0.00964326,-0.00258883
-0.50442718,-0.13124332,-0.85342161,0.26040109,-0.96548524,-0.00543681,-0.82325241,-0.22497439,0.52119287,-0.01223647,0.00565618,0.00347514
-0.50380187,-0.13088365,-0.85384594,0.26096223,-0.96533016,-0.00600499,-0.82345742,-0.22584689,0.52049109,-0.02640181,-0.00993246,0.01037035
-0.504277466,-0.131087649,-0.853533882,0.261338508,-0.965227438,-0.00615995762,-0.823046927,-0.226167613,0.521000874,-0.0200439245,-0.0101579418,0.000904524699
-0.50474035,-0.131298198,-0.853227903,0.261487209,-0.965187212,-0.0061599118,-0.822715935,-0.226217347,0.521501838,0.000709624263,0.0110802045,0.000333731237
-0.50554954,-0.13161745,-0.85269948,0.26179479,-0.96510328,-0.00624582,-0.82212107,-0.22638986,0.52236438,0.00546875,0.01311308,0.00454569
-0.50579037,-0.13234965,-0.85244339,0.26243884,-0.96493063,-0.00590164,-0.82176762,-0.22669925,0.52278624,-0.01174754,-0.01724863,-0.00247409
-0.50598168,-0.13263203,-0.85228583,0.26263077,-0.9648791,-0.0057639,-0.82158838,-0.22675292,0.52304454,-0.0049818,-0.01365638,-0.00667422
-0.50610151,-0.13295886,-0.85216374,0.26299082,-0.96478162,-0.00566064,-0.82139938,-0.22697611,0.52324455,0.00448448,0.01619798,0.00409116
-0.50648381,-0.133287382,-0.851885345,0.263602607,-0.964613946,-0.00579841412,-0.820967619,-0.227495999,0.523696232,0.0147204809,-0.00743186427,-0.000840083696
-0.50657143,-0.13358046,-0.85178735,0.26391781,-0.96452838,-0.00569517,-0.82081229,-0.22768686,0.52385674,0.01514787,0.00282508,-0.01227341
-0.50663903,-0.13395219,-0.85168876,0.26430128,-0.96442428,-0.00554028,-0.82064717,-0.22790935,0.52401867,0.00450993,0.00180787,0.005168
-0.50694845,-0.13456221,-0.85140835,0.26485277,-0.96427423,-0.00529927,-0.82027811,-0.22818433,0.5244766,-0.00376313,-0.00812274,0.00315225
-0.50694845,-0.13456221,-0.85140835,0.26485277,-0.96427423,-0.00529927,-0.82027811,-0.22818433,0.5244766,-0.00376313,-0.00812274,0.00315225
-0.50810193,-0.13553391,-0.85056635,0.26538472,-0.96413021,-0.00490278,-0.81939215,-0.22821842,0.52584493,-0.00391081,0.01687544,-0.00358139
-0.50841797,-0.13595323,-0.85031049,0.26575484,-0.9640289,-0.00476496,-0.81907605,-0.22839672,0.5262598,0.01468415,-0.00903171,-0.00974924
-0.50876519,-0.13640682,-0.85003004,0.2661695,-0.96391507,-0.00462712,-0.81872564,-0.22860619,0.52671387,0.02787069,-0.00902855,-0.01153385
-0.50882842,-0.13643574,-0.84998767,0.26629648,-0.96387981,-0.00469602,-0.81864518,-0.22873818,0.52678169,0.01373709,0.01135498,0.00278177
-0.50826901,-0.13649866,-0.85031211,0.26660352,-0.96379506,-0.00464486,-0.81889262,-0.22905704,0.52625823,-0.01117743,0.00556272,-0.00387852
-0.50799054,-0.13656421,-0.85046797,0.26701762,-0.9636799,-0.00474827,-0.81893048,-0.22950201,0.52600539,-0.00967645,-0.01262611,-0.00335412
-0.50803337,-0.13667177,-0.85042499,0.26721281,-0.96362558,-0.00476541,-0.81884012,-0.22966546,0.52607466,-0.00831742,-0.01284367,-0.00401526
-0.50872189,-0.13685329,-0.84998431,0.26756717,-0.96352628,-0.00500659,-0.81829699,-0.22997485,0.52678425,0.01262522,0.01063388,0.00404407
-0.50874431,-0.13703966,-0.84994067,0.26783059,-0.96345305,-0.00497213,-0.81819667,-0.23016967,0.52685488,0.02333006,0.00785834,0.0013526
-0.50754175,-0.13701786,-0.85066299,0.26857487,-0.96324539,-0.00509149,-0.81869955,-0.23105084,0.52568676,0.00791648,-0.00538516,-0.00132747
-0.50659407,-0.13658674,-0.85129698,0.26879317,-0.96318271,-0.00541649,-0.81921469,-0.23156678,0.5246562,-0.00794406,0.00968665,0.01565519
-0.505469557,-0.136288748,-0.852012719,0.269226371,-0.963060073,-0.00567068191,-0.819766709,-0.232250668,0.523490302,-0.00043728156,-0.00566184474,0.0115344562
-0.50485389,-0.13601245,-0.85242183,0.26933875,-0.96302757,-0.00585741,-0.82010914,-0.23254738,0.52282182,0.00933444,0.00152403,-0.0084157
-0.503831185,-0.135703837,-0.853075716,0.26964873,-0.962939297,-0.00607554625,-0.820635894,-0.233091867,0.521751641,0.00882075727,0.000325977773,-0.00586618157
-0.50281915,-0.135705016,-0.853672621,0.269881467,-0.962875419,-0.00589751897,-0.82118012,-0.233355813,0.520776575,-1.75570603e-05,0.00852364209,0.00220464473
-0.50224478,-0.13581208,-0.85399359,0.2699228,-0.96286542,-0.00561898,-0.82151789,-0.23333446,0.52025312,-0.00795715,-0.01129019,0.0189024
-0.50168781,-0.13518139,-0.85442097,0.26994493,-0.96285593,-0.00616544,-0.82185092,-0.23373975,0.51954475,-0.01808239,0.00387114,-0.00708902
-0.50169643,-0.1348718,-0.85446476,0.26987836,-0.96287247,-0.00647503,-0.82186745,-0.23385007,0.51946893,-0.02049259,-0.00139344,-0.00428367
-0.50204004,-0.13459918,-0.8543059,0.26981982,-0.96288623,-0.00685547,-0.8216768,-0.23395041,0.51972526,,,
-0.50223065,-0.13468493,-0.85418044,0.27020083,-0.96277801,-0.0070611,-0.82143518,-0.23434658,0.51992873,0.02252667,0.01265448,0.01178538
-0.5021786,-0.13468997,-0.85421017,0.27026231,-0.96276054,-0.00707762,-0.82144671,-0.23441506,0.51987961,0.0235331,0.00341386,0.00737185
-0.50166764,-0.13482539,-0.85448919,0.27043101,-0.96271493,-0.00686734,-0.82170356,-0.23452549,0.5194238,-0.00925244,-0.00480109,0.00495992
-0.50160397,-0.13479679,-0.85453099,0.270304,-0.96275097,-0.00679884,-0.82178411,-0.23439347,0.51935589,-0.01441622,-0.00223482,0.00883427
-0.50162439,-0.13475777,-0.8545252,0.27019791,-0.96278091,-0.00678232,-0.82180658,-0.2342931,0.51936565,-0.01103214,0.00720686,0.01263837
-0.5017052,-0.13424614,-0.85455823,0.27011578,-0.96279986,-0.00733283,-0.8217842,-0.23450859,0.51930379,-0.00396311,0.00224119,0.0051001
-0.502144171,-0.133957383,-0.854345755,0.270304372,-0.962742366,-0.00791870983,-0.821454074,-0.234909725,0.519644716,0.0120049054,0.000278592081,-0.00925829727
-0.5022797,-0.133863021,-0.85428075,0.270339634,-0.962730888,-0.00809108035,-0.821359477,-0.235009947,0.519748855,0.0234827232,0.00663179113,-0.000281304121
-0.502060336,-0.133849389,-0.854411851,0.270397303,-0.962714883,-0.00807218266,-0.821474631,-0.235083395,0.519533619,0.00811299309,0.0103413453,4.11015935e-05
-0.50162141,-0.13398009,-0.85464919,0.27036065,-0.9627278,-0.00776031,-0.82175484,-0.23495625,0.51914788,-0.02062879,-0.0066033,0.0062412
-0.50135836,-0.13378035,-0.8548347,0.27029925,-0.96274409,-0.00786182,-0.82193544,-0.23500279,0.51884077,-0.02048017,-0.0060907,0.00787755
-0.501563166,-0.133061834,-0.854826746,0.270139815,-0.962782252,-0.0086363899,-0.821862943,-0.235254449,0.518841587,-0.0338564515,0.000807821692,0.0131238382
-0.50181147,-0.13268739,-0.8547393,0.26994734,-0.96283284,-0.00901666,-0.82177469,-0.23525926,0.51897921,-0.0317806,0.00657958,-0.0043942
-0.5027929,-0.13249521,-0.85419221,0.26982057,-0.96286407,-0.00946975,-0.82121628,-0.23523995,0.51987113,0.00573269,-0.00430137,0.00200153
-0.503828329,-0.132720339,-0.853546789,0.269811143,-0.962865818,-0.00954444386,-0.820584399,-0.235105213,0.520928706,0.0265274234,-0.00402712775,0.000950350426
-0.50428952,-0.1330912,-0.85321656,0.26980682,-0.96286961,-0.00927231,-0.82030241,-0.2348796,0.52147429,0.01509245,-0.00290161,-0.00207616
-0.504205992,-0.133140934,-0.853258183,0.269748192,-0.962887214,-0.0091519362,-0.820373054,-0.234779336,0.521408309,0.0165049061,-0.000932216586,-0.0134660099
-0.5036929,-0.13285399,-0.85360601,0.26973835,-0.96288866,-0.0093037,-0.82069155,-0.23493649,0.52083607,-0.01519705,0.00777572,-0.00573221
-0.5036929,-0.13285399,-0.85360601,0.26973835,-0.96288866,-0.0093037,-0.82069155,-0.23493649,0.52083607,-0.01519705,0.00777572,-0.00573221
-0.5039087,-0.13224855,-0.85357265,0.26969007,-0.96289493,-0.01002577,-0.82057492,-0.23525215,0.52087733,0.00656911,-0.01020259,-0.0031352
-0.504314781,-0.132084357,-0.853358071,0.269680991,-0.962894018,-0.0103366782,-0.82032825,-0.235347416,0.521222651,0.0136814825,-0.00223982311,-0.000169741455
-0.504314781,-0.132084357,-0.853358071,0.269680991,-0.962894018,-0.0103366782,-0.82032825,-0.235347416,0.521222651,0.0136814825,-0.00223982311,-0.000169741455
-0.504314781,-0.132084357,-0.853358071,0.269680991,-0.962894018,-0.0103366782,-0.82032825,-0.235347416,0.521222651,0.0136814825,-0.00223982311,-0.000169741455
-0.50355898,-0.13116426,-0.85394615,0.26988291,-0.96282716,-0.01125769,-0.82072608,-0.2361344,0.52023952,,,
-0.50320081,-0.13054684,-0.85425192,0.26999157,-0.96278899,-0.01190623,-0.82091009,-0.23663205,0.51972287,-0.01681164,0.00103486,-0.00313983
-0.50318894,-0.13027665,-0.85430013,0.27003044,-0.96277397,-0.0122315,-0.82090455,-0.23684181,0.51963605,-0.01741729,-0.00544375,-0.00152524
-0.50346823,-0.1297793,-0.85421144,0.27003265,-0.96276502,-0.01288426,-0.82073273,-0.23715179,0.51976615,-0.00566251,-0.00273401,0.00288662
-0.503519747,-0.129380688,-0.85424128,0.270349134,-0.962666755,-0.0135508042,-0.820596656,-0.237766516,0.519700013,0.0134519711,-0.000849485339,0.00638041506
-0.503519747,-0.129380688,-0.85424128,0.270349134,-0.962666755,-0.0135508042,-0.820596656,-0.237766516,0.519700013,0.0134519711,-0.000849485339,0.00638041506
-0.503519747,-0.129380688,-0.85424128,0.270349134,-0.962666755,-0.0135508042,-0.820596656,-0.237766516,0.519700013,0.0134519711,-0.000849485339,0.00638041506
-0.50355192,-0.12898197,-0.8542829,0.27080929,-0.96252688,-0.01430196,-0.82042547,-0.23854951,0.51961161,0.00195275,0.00520247,0.0048485
-0.5037509,-0.12868117,-0.85421077,0.27119661,-0.96240774,-0.01495157,-0.82017515,-0.23919094,0.51971181,0.00532382,-0.00798547,0.00873477
-0.5038345,-0.1286711,-0.85416296,0.27121705,-0.96240115,-0.01500334,-0.82011702,-0.23922277,0.51978888,-0.00256284,-0.00429106,0.0019518
-0.50365548,-0.12830333,-0.85432394,0.271328,-0.96236325,-0.01542907,-0.82019037,-0.23957294,0.51951184,-0.01058859,-0.00433737,0.00731638
-0.50325681,-0.12788205,-0.85462181,0.27153532,-0.96229684,-0.01590355,-0.82036627,-0.2400636,0.51900726,-0.01254149,0.01090294,-0.00160229
-0.503057818,-0.127671376,-0.854770675,0.271639039,-0.962263884,-0.016140686,-0.820454215,-0.240308778,0.518754845,0.00269679003,0.0119292131,-0.00061181793
-0.50281858,-0.1275782,-0.8549253,0.27191681,-0.96218199,-0.01634222,-0.82050882,-0.24068574,0.51849364,0.01424361,0.00175613,0.00220202
-0.50272664,-0.12762211,-0.85497269,0.27222796,-0.96209186,-0.01645908,-0.82046184,-0.24102191,0.51841174,0.01488501,0.00201911,0.01222594
-0.50228793,-0.12751474,-0.85524654,0.27242076,-0.96203564,-0.01655656,-0.82066655,-0.24130309,0.51795673,-0.01331556,-0.0041942,0.00195533
-0.50229605,-0.12736301,-0.85526443,0.27220247,-0.96209688,-0.01659215,-0.82073406,-0.24113927,0.51792608,-0.02439677,-0.00670522,-0.00176121
-0.50241177,-0.12742651,-0.85518706,0.27222935,-0.96208962,-0.01657592,-0.82065438,-0.24113496,0.51805437,-0.01411426,-0.00328767,0.00118754
-0.502662918,-0.127475,-0.855032114,0.272214913,-0.962093227,-0.0165953036,-0.820505231,-0.241094354,0.518309382,0.00365894334,0.000596463622,0.00717991916
-0.50255936,-0.12756353,-0.85507998,0.27226278,-0.96208169,-0.01649163,-0.82055299,-0.24109446,0.51823383,0.00598302,0.00656575,0.00933507
-0.502527263,-0.127568672,-0.855097885,0.27218073,-0.962105852,-0.0164234767,-0.820599664,-0.240994427,0.518206345,0.0099221589,-5.18560364e-06,0.0151166413
-0.502307984,-0.127593698,-0.855223052,0.272201589,-0.962101523,-0.0163360233,-0.820727065,-0.240998794,0.518002551,0.013457749,0.000340580911,0.00852345116
-0.50190897,-0.12784126,-0.85542027,0.27176677,-0.96223576,-0.01565167,-0.82111513,-0.24033053,0.51769792,-0.01138495,0.00309008,0.00814431
-0.50174922,-0.12786743,-0.85550994,0.27135614,-0.96235696,-0.01531091,-0.82134839,-0.23983014,0.51755985,-0.00751185,-0.00252771,-0.00403085
-0.50186526,-0.12824595,-0.85538548,0.27108064,-0.96244369,-0.01474943,-0.82136876,-0.23928066,0.51778196,,,
-0.50201278,-0.12854043,-0.85525461,0.27096279,-0.96248217,-0.0143921,-0.82131739,-0.23896721,0.5180081,-0.00666887,-0.00888127,0.00208693
-0.50232787,-0.12901146,-0.85499857,0.27069696,-0.96256559,-0.01379727,-0.82121231,-0.23837628,0.51844674,0.00770668,-0.00503296,0.00379449
-0.502443445,-0.129311125,-0.854885322,0.270496993,-0.962627751,-0.013371358,-0.821207439,-0.237962285,0.518644576,6.39855862e-05,0.00387138105,-0.0121955937
-0.502579,-0.12941411,-0.85479001,0.27034242,-0.96267347,-0.01320197,-0.82117535,-0.23772107,0.51880596,-0.0037151,0.00179094,-0.00961323
-0.50268292,-0.12944354,-0.85472458,0.27018127,-0.96272024,-0.01310083,-0.82116491,-0.23751615,0.51891639,-0.00727289,-0.00196701,-0.00332116
-0.50306951,-0.1295945,-0.85447414,0.27001284,-0.96276944,-0.01295021,-0.82098347,-0.23723386,0.51933241,,,
-0.50306953,-0.12967326,-0.8544622,0.26993716,-0.96279251,-0.01281359,-0.82100836,-0.23709724,0.51935545,-0.00423728,0.0054962,0.00672216
-0.50326901,-0.13008076,-0.85428299,0.26964427,-0.96288238,-0.0122338,-0.82098258,-0.2365094,0.51966427,-0.0064108,0.00121641,-0.00607903
-0.50326901,-0.13008076,-0.85428299,0.26964427,-0.96288238,-0.0122338,-0.82098258,-0.2365094,0.51966427,-0.0064108,0.00121641,-0.00607903
-0.50388639,-0.13055483,-0.85384653,0.269341,-0.96297368,-0.01170749,-0.82070329,-0.23587512,0.52039314,0.01072334,0.00138158,-0.00454665
-0.50429257,-0.13054821,-0.85360773,0.26918015,-0.96301822,-0.01174455,-0.82050657,-0.23569695,0.52078394,-0.00579083,0.00171107,0.0023845
-0.50471868,-0.13034501,-0.85338695,0.26906438,-0.96304699,-0.01203843,-0.82028255,-0.23569205,0.52113895,-0.00392806,0.00393838,-0.00253026
-0.504937372,-0.130398106,-0.853249344,0.26896829,-0.963074324,-0.0119883832,-0.820179352,-0.235550411,0.521365314,-2.06998084e-05,0.00223654485,-0.00473781489
-0.5054902,-0.13052818,-0.8529021,0.26884099,-0.96311053,-0.01193973,-0.81988055,-0.23533046,0.52193432,0.00888738,0.00124973,0.00197546
-0.50559374,-0.13059666,-0.85283024,0.268642,-0.96316815,-0.01176925,-0.81988193,-0.23505649,0.5220556,0.00604048,0.00128943,-0.00137275
-0.50572891,-0.1306206,-0.85274643,0.26856313,-0.96319055,-0.01173575,-0.8198244,-0.23495136,0.52219325,-0.00652278,0.00477904,-0.00195531
-0.50561357,-0.13055739,-0.85282446,0.26853592,-0.96319789,-0.01175249,-0.81990442,-0.23495623,0.5220654,-0.01123861,0.01215595,-0.00442333
-0.50567722,-0.13058638,-0.85278232,0.26866258,-0.96316178,-0.011821,-0.81982371,-0.23508831,0.5221327,-0.00669297,-0.00098056,0.01245426
-0.5059275,-0.13051634,-0.8526445,0.26876195,-0.96313118,-0.01204454,-0.81963661,-0.23525208,0.52235258,-0.00625651,-0.00812805,0.00248649
-0.50614598,-0.13049081,-0.85251866,0.26874129,-0.96313578,-0.01213108,-0.81950841,-0.23524709,0.5225559,0.00343512,-0.00221986,0.00462874
-0.50622947,-0.13048061,-0.85247071,0.26876184,-0.96312947,-0.01218277,-0.81945017,-0.23527889,0.52263294,,,
-0.5063447,-0.13062244,-0.85238061,0.26871342,-0.96314498,-0.01202899,-0.81939491,-0.23513694,0.52278347,-0.00252384,-0.00644249,-0.00409583
-0.506293085,-0.130706101,-0.852398492,0.268699563,-0.963150391,-0.0119088672,-0.8194314,-0.235068482,0.522757092,0.00084293331,-0.00727033569,-0.00654341467
-0.50654334,-0.13067545,-0.85225454,0.26876107,-0.96313135,-0.01206389,-0.81925659,-0.23516372,0.52298822,-0.00213122,0.00594038,-0.0015742
-0.506896799,-0.130556094,-0.852062567,0.268774624,-0.96312419,-0.0123221823,-0.819033402,-0.235258881,0.523294856,0.00116828247,0.000578522624,-0.00554405199
-0.507011873,-0.13054089,-0.851996427,0.268877148,-0.963094028,-0.0124422586,-0.818928517,-0.235390752,0.523399693,0.00818516128,0.000696599425,-0.00597377308
-0.50751208,-0.13044075,-0.85171411,0.26903744,-0.96304454,-0.0128206,-0.81856617,-0.23564958,0.52384995,0.00463528,-0.00216585,0.00756955
-0.50748014,-0.1303281,-0.85175017,0.26906843,-0.9630338,-0.01295747,-0.81857556,-0.23575476,0.52378784,,,
-0.50729001,-0.12980883,-0.85194279,0.26910399,-0.96301644,-0.01350529,-0.81868181,-0.2361123,0.52346068,-0.00386004,0.00664324,-0.00168682
-0.5071231,-0.12967216,-0.85206277,0.269214,-0.96298305,-0.01367571,-0.81874883,-0.23632253,0.52326084,-0.0062814,-0.00859934,0.00342948
-0.50728977,-0.12957346,-0.85197856,0.26933012,-0.96294714,-0.01391589,-0.81860737,-0.23652291,0.52339161,,,
-0.50734158,-0.1293723,-0.85197845,0.26945684,-0.96290712,-0.01424115,-0.81853374,-0.23679655,0.52338313,,,
-0.50720659,-0.129309,-0.85206839,0.26957359,-0.9628729,-0.01434319,-0.81857892,-0.23697011,0.52323388,-0.00365145,0.00564641,0.00222528
-0.506765897,-0.128623789,-0.852434174,0.269736549,-0.962815964,-0.0150771262,-0.818798079,-0.237573244,0.522617056,0.00048977416,0.000695049705,-0.00907704048
-0.506996333,-0.128476175,-0.852319529,0.270054051,-0.962720032,-0.0155221444,-0.818550864,-0.238042013,0.522791048,0.00832041446,-0.00706666661,0.000491340645
-0.507111332,-0.128500403,-0.852247376,0.270118593,-0.962700993,-0.0155738129,-0.818458239,-0.238105532,0.522907084,0.00556832133,9.6440308e-05,0.00854612049
-0.507059758,-0.128387913,-0.852295056,0.270293181,-0.962648427,-0.0157954407,-0.818432597,-0.238378781,0.522822737,-0.00406689057,0.000607132853,0.00488199713
-0.50650789,-0.12825693,-0.85264294,0.27042163,-0.96261165,-0.01584377,-0.81873192,-0.23859808,0.52225378,-0.01602671,0.00257438,-0.00214988
-0.506309104,-0.128124981,-0.852780655,0.270449849,-0.962601849,-0.0159453526,-0.818845368,-0.238707696,0.522025694,-0.0121134371,-0.00304532028,-0.00026750518
-0.50639265,-0.12791892,-0.85276209,0.27065835,-0.96253678,-0.01633836,-0.81872492,-0.23908081,0.52204392,0.0087983,0.00383633,0.0035442
-0.506269375,-0.127889949,-0.852839592,0.270962971,-0.962447848,-0.0165246233,-0.818700358,-0.23945387,0.521911422,0.0210564416,-0.000548064651,0.00158629939
-0.50606268,-0.12794925,-0.85295336,0.27117205,-0.96238898,-0.01652273,-0.81875891,-0.23965866,0.52172553,0.0139446,0.00296491,0.01041365
-0.50557361,-0.127965,-0.85324083,0.27131371,-0.96235042,-0.01643369,-0.81901394,-0.23980441,0.521258,-0.01530133,-0.00916737,0.00616312
-0.505490399,-0.127935763,-0.853294869,0.27133124,-0.962345602,-0.0164502408,-0.819059858,-0.239840973,0.521169196,-0.0165400654,-0.000840485038,0.00613271911
-0.505728954,-0.12779302,-0.85317476,0.271279388,-0.962356503,-0.0166570761,-0.818929619,-0.239872692,0.521359157,-0.0139045846,0.000168979153,0.00036449777
-0.50628484,-0.12807173,-0.85280308,0.2715946,-0.96226624,-0.01672736,-0.81848142,-0.24008554,0.52196459,0.02597762,0.00406355,0.00121375
-0.50616172,-0.12823873,-0.85285125,0.27171099,-0.96223627,-0.01657234,-0.81851913,-0.24011734,0.52189092,0.01706986,0.00189465,0.0073659
-0.505736294,-0.128440583,-0.853073253,0.27182827,-0.962208191,-0.0162785944,-0.818743152,-0.240122089,0.52153723,-0.00845583901,0.000958800258,0.00773813855
