0,1,2,3,4,5,6,7,8,9,10,11,12,13,14
-0.32816623,-0.12836024,0.93585826,0.06031021,-0.9915504,-0.11485059,0.9426928,0.01875173,0.33313468,-0.04437478,0.00885594,-0.05645494,,,
-0.32542438,-0.12978913,0.93661815,0.06078992,-0.99135739,-0.11625324,0.94361187,0.0191053,0.33050193,-0.02883707,0.00214565,-0.05377446,,,
-0.32407647,-0.13043197,0.9369962,0.06074958,-0.99127489,-0.11697639,0.94407831,0.01901283,0.32917262,-0.02037704,-0.00815177,-0.05252969,,,
-0.3215005,-0.13207809,0.93765272,0.06066389,-0.99106302,-0.11880117,0.9449641,0.01868702,0.3266398,0.00420194,-0.01829123,-0.04277624,,,
-0.31732177,-0.13479451,0.93868911,0.06064198,-0.99070477,-0.12176401,0.94637696,0.0182856,0.32254648,0.02165366,0.0168215,-0.01233099,,,
-0.31366698,-0.13606714,0.93973334,0.06028007,-0.9905366,-0.12330266,0.94761771,0.01797122,0.31890077,0.02753094,0.04181421,-0.00176712,,,
-0.30912249,-0.13669489,0.94114704,0.05944622,-0.99045833,-0.12433172,0.94916247,0.0175139,0.31429898,0.04162133,0.02577102,-0.01135739,,,
-0.3065972,-0.13700481,0.94192777,0.05894386,-0.99042049,-0.12487194,0.95001256,0.01723548,0.31173566,0.04363714,0.00242889,-0.01575287,,,
-0.30142722,-0.13760969,0.94350686,0.05731588,-0.99035635,-0.12613163,0.95176495,0.01605842,0.30640759,0.0491103,0.00174463,-0.01118499,,,
-0.29640168,-0.13824286,0.94500534,0.05483483,-0.99029983,-0.1276699,0.95348798,0.01397764,0.30110691,0.03692095,0.01469374,-0.00929489,,,
-0.29396051,-0.13864321,0.94570884,0.05348206,-0.99025975,-0.12855032,0.95432008,0.01278974,0.29851225,0.04117227,0.00488305,-0.007806,,,
-0.28487832,-0.13975436,0.94832107,0.04848947,-0.99014901,-0.13135219,0.95733636,0.00856418,0.2888488,0.04075452,-0.01766837,-0.00773622,,,
-0.2828165,-0.14007437,0.94889093,0.04739045,-0.99011161,-0.13203462,0.95800259,0.0076268,0.28665809,0.04281492,-0.0329923,-0.00498621,,,
-0.279101644,-0.141172787,0.949827431,0.0453853949,-0.989967904,-0.133802625,0.959188235,0.00576374217,0.282709219,0.0538263507,-0.0547050238,0.000216987915,,,
-0.27589034,-0.14302691,0.95048815,0.04341611,-0.98971197,-0.13632717,0.96020803,0.00365515,0.27926175,0.07616022,-0.05737126,0.01042833,,,
-0.271279789,-0.147282547,0.951165081,0.0402277172,-0.989094354,-0.141682424,0.961659447,-0.000172384544,0.274246264,0.0995495617,-0.00892996788,0.0361491702,,,
-0.26815671,-0.1507334,0.95150991,0.0380247,-0.98856983,-0.14588805,0.96262443,-0.00294,0.27082354,0.11666654,-0.0102517,0.03387045,,,
-0.26659269,-0.15255499,0.95165926,0.03682342,-0.98828502,-0.14811074,0.9631056,-0.00444189,0.26908713,0.12231132,-0.02305758,0.02510191,,,
-0.26373502,-0.15623885,0.95185773,0.0341886,-0.98768907,-0.15264747,0.96398904,-0.00771581,0.2658299,0.12468719,-0.02170235,0.02411462,,,
-0.26146154,-0.15997418,0.9518646,0.03133403,-0.98705663,-0.15728174,0.96470521,-0.01129736,0.26308989,0.12574102,-0.00679922,0.02073196,,,
-0.26049035,-0.16168445,0.95184176,0.02993942,-0.98675633,-0.15942171,0.96501203,-0.01303024,0.26188143,0.12709484,-0.00239938,0.01712307,,,
-0.25924155,-0.16480444,0.95164758,0.02729925,-0.98619028,-0.16334981,0.96542652,-0.0163678,0.26016073,0.12367345,-0.00859571,0.0115332,,,
-0.25870845,-0.16705851,0.95139976,0.02510868,-0.98576155,-0.16626452,0.96562912,-0.01912564,0.25921935,0.10265059,0.01382709,0.02421886,,,
-0.25868234,-0.16779781,0.95127674,0.02401231,-0.98560956,-0.16732414,0.965664,-0.02044144,0.2589889,0.09568621,0.02184165,0.03369788,,,
-0.25838888,-0.16809065,0.95130469,0.02204168,-0.98551512,-0.16814861,0.96578944,-0.02247938,0.25835125,0.06589155,0.04928768,0.05927201,,,
-0.25766329,-0.16719231,0.95165966,0.02001073,-0.98562761,-0.16774205,0.96602741,-0.02417758,0.25730594,0.03886377,0.01770973,0.04778969,,,
-0.25714708,-0.16660911,0.9519016,0.01905169,-0.98570832,-0.1673796,0.96618439,-0.02490585,0.25664633,0.02539121,0.00113928,0.04239328,,,
-0.25581408,-0.16553011,0.95244884,0.01750616,-0.98586304,-0.16663541,0.9665674,-0.02595397,0.25509559,-0.00674506,0.07921696,0.04418551,,,
-0.254388,-0.1649327,0.95293435,0.0167036,-0.98595249,-0.16618838,0.96695795,-0.0263589,0.25356952,-0.02583614,0.04894459,0.03331052,,,
-0.25372062,-0.16479704,0.95313577,0.01658689,-0.98597619,-0.16605979,0.96713532,-0.02632324,0.25289595,-0.03019781,0.00682032,0.02359067,,,
-0.252517662,-0.164933164,0.953431497,0.0162927567,-0.985949937,-0.166243354,0.967454968,-0.0264453758,0.251657249,-0.0310833491,0.000767707825,0.0230130702,,,
-0.25161946,-0.16538632,0.95359058,0.01583638,-0.98586273,-0.16680478,0.96769666,-0.02686991,0.25068139,-0.0393968,-0.00796854,0.01047948,,,
-0.25132965,-0.16582782,0.95359044,0.0164644,-0.98580426,-0.16709035,0.9677616,-0.02629445,0.25049191,-0.04907995,0.01668692,0.00985087,,,
-0.2511142,-0.16606136,0.95360648,0.01772017,-0.98579753,-0.16700085,0.96779528,-0.02503821,0.25049035,-0.04921472,0.03403544,0.01877575,,,
-0.25094876,-0.16602217,0.95365698,0.01857045,-0.98582692,-0.16673593,0.96782237,-0.02413231,0.25047487,-0.05038391,0.02744937,0.01542622,,,
-0.25054853,-0.16568081,0.9538214,0.02073837,-0.98593924,-0.16581222,0.96788187,-0.02176331,0.25046161,-0.03793514,-0.01245838,0.00841812,,,
-0.24981082,-0.16511172,0.95411347,0.02338533,-0.98609579,-0.16452348,0.96801215,-0.0187875,0.25019875,-0.03028828,-0.01862007,0.01288223,,,
-0.24935461,-0.16479684,0.95428727,0.02483522,-0.98617839,-0.16381472,0.9680937,-0.01714803,0.25000098,-0.03151364,-0.00808209,0.01510993,,,
-0.24780269,-0.16430933,0.95477542,0.02829356,-0.98632003,-0.1623946,0.9683972,-0.01322783,0.24906181,-0.02886977,0.03186071,0.02745579,,,
-0.24538277,-0.16471435,0.95533039,0.03303263,-0.98630787,-0.16157074,0.96886315,-0.00808962,0.24746424,-0.02170519,-0.01771027,0.00635306,,,
-0.24400694,-0.16533552,0.95557557,0.03564443,-0.98622276,-0.16153633,0.96911815,-0.00535504,0.24653859,-0.01324927,-0.0217402,0.00116987,,,
-0.240889514,-0.167231541,0.956036539,0.0411884778,-0.985917602,-0.162080256,0.969678175,0.000334256523,0.244385214,-0.00718854368,-0.0159686208,-0.00997776911,,,
-0.23744969,-0.1694523,0.95650597,0.04669757,-0.98552043,-0.1629999,0.97027681,0.00596223,0.24192443,0.00559064,-0.01644909,-0.00901271,,,
-0.2356301,-0.17056489,0.95675796,0.04922812,-0.98530899,-0.16353091,0.97059506,0.00856658,0.24056532,0.00346044,-0.02185875,-0.01599402,,,
-0.23167558,-0.17262048,0.95735495,0.05414319,-0.98489267,-0.1644834,0.97128515,0.01372746,0.23752191,0.01350631,-0.01327097,-0.01978644,,,
-0.22755165,-0.17458711,0.9579872,0.0589047,-0.98446238,-0.16542036,0.97198271,0.01878826,0.23430014,0.01796023,0.00199389,-0.01765835,,,
-0.2212346,-0.17820941,0.95879952,0.06635806,-0.98363383,-0.16751376,0.97296029,0.02656423,0.22943961,0.03220224,-0.01071173,-0.02448308,,,
-0.217027819,-0.180935614,0.959250384,0.070887354,-0.982998744,-0.169376998,0.973588198,0.031239205,0.226164051,0.0479583777,0.0146285295,-0.000709841028,,,
-0.214901053,-0.182307834,0.95946923,0.0727241698,-0.982682327,-0.170429847,0.973924302,0.033151039,0.224437839,0.0456498004,0.00780308247,0.000467561185,,,
-0.21044139,-0.18512616,0.95991806,0.0760116,-0.98203234,-0.17272712,0.97464692,0.03661597,0.22073202,0.05660903,-0.00255722,-0.00729933,,,
-0.20561631,-0.18794812,0.96041504,0.07936438,-0.98135444,-0.17505465,0.97540907,0.04022864,0.21669924,0.05301079,0.01143587,-0.01927559,,,
-0.20305494,-0.18937347,0.96068013,0.08126831,-0.98099375,-0.17620044,0.97578895,0.04229448,0.21458576,0.05238538,0.01573384,-0.02150253,,,
-0.197489,-0.19193689,0.96133155,0.08562848,-0.98027454,-0.1781281,0.97655818,0.04713902,0.21002868,0.04858189,0.03461576,-0.025976,,,
-0.19154623,-0.19361125,0.9621978,0.09000568,-0.9796845,-0.17921231,0.97734789,0.05227582,0.20508111,0.04204764,0.02091444,-0.02705684,,,
-0.1883849,-0.19410159,0.96272311,0.09194104,-0.97945517,-0.1794841,0.97778221,0.05470168,0.20236039,0.04543485,0.01309741,-0.02945292,,,
-0.18224684,-0.19466176,0.96379085,0.09496877,-0.97910859,-0.17979756,0.97865568,0.05876249,0.19692631,0.04253175,0.00561321,-0.03645753,,,
-0.17636908,-0.19506819,0.96480163,0.09716143,-0.97882985,-0.18014305,0.97951695,0.06196983,0.19158858,0.04818349,-0.00572342,-0.03228299,,,
-0.17365235,-0.19519853,0.96526792,0.09782042,-0.97873098,-0.18032311,0.97993662,0.06310937,0.18905357,0.05168672,-0.00133371,-0.02308192,,,
-0.16853839,-0.19540708,0.96613194,0.09875807,-0.97856856,-0.18069446,0.98073528,0.06495937,0.18422435,0.0514546,0.00589478,-0.01970145,,,
-0.16383936,-0.19507705,0.9670065,0.09949109,-0.97852212,-0.18054341,0.98145716,0.06662841,0.1797289,0.04368204,0.03042424,-0.01064201,,,
-0.16170755,-0.19465255,0.9674507,0.0999149,-0.97854501,-0.18018416,0.98176753,0.06752559,0.17768701,0.03991995,0.02823424,-0.00858519,,,
-0.15437477,-0.19224042,0.96912943,0.10248033,-0.97871269,-0.17781708,0.98268307,0.07186622,0.17078961,0.02945727,0.00833571,-0.01140075,,,
-0.14993206,-0.18994833,0.97027825,0.10377187,-0.97897417,-0.17561538,0.9832353,0.07435721,0.16649103,0.02890979,-0.02962577,0.00738333,,,
-0.14529696,-0.18725961,0.97150529,0.10333819,-0.97942701,-0.17333143,0.98397658,0.07520906,0.16165893,0.02417525,-0.00845486,0.00696596,,,
-0.13954069,-0.18372621,0.97302259,0.10349472,-0.97996052,-0.1701941,0.98479294,0.0769537,0.15575917,0.02813648,0.00644755,-0.01432518,,,
-0.13746543,-0.17829548,0.97432733,0.10604255,-0.98066128,-0.16449328,0.98481369,0.080708,0.15371416,0.01891496,0.01861227,-0.00863511,,,
-0.13891142,-0.17388719,0.97491899,0.10806031,-0.9812467,-0.15961882,0.98439157,0.08317718,0.15509651,0.01577776,-0.00146008,-0.00281114,,,
-0.14028921,-0.17044427,0.97532947,0.10915429,-0.98172915,-0.15586214,0.98407528,0.08459561,0.15633085,0.01992053,-0.01630086,-0.00118543,,,
-0.1423464,-0.16468708,0.97602028,0.1097783,-0.98260483,-0.14978764,0.9837104,0.08582411,0.15794941,0.00165596,0.01846349,0.01385973,,,
-0.14337139,-0.16015793,0.9766239,0.11007736,-0.98327636,-0.14508917,0.98352823,0.08670255,0.1586033,-0.01743737,-0.00955856,0.01568259,,,
-0.14376744,-0.153076596,0.977700548,0.110966437,-0.9842269,-0.13778119,0.983370356,0.0886834948,0.158486263,-0.0376982614,-0.0484187603,0.000878390856,,,
-0.14287455,-0.14661863,0.97882054,0.11192597,-0.98501593,-0.13120925,0.98339171,0.09080897,0.15714433,-0.05289483,-0.03602338,0.00413567,,,
-0.13967427,-0.13924017,0.98035874,0.11348755,-0.9857908,-0.12384282,0.98367254,0.09396085,0.15349165,-0.06872364,-0.02833271,-0.01557091,,,
-0.13655252,-0.1350497,0.98138413,0.11558419,-0.98606948,-0.11961176,0.98386662,0.0970992,0.15026005,-0.08125359,0.01853263,-0.03102612,,,
-0.13473716,-0.1338957,0.98179303,0.11920886,-0.98582177,-0.11808541,0.98368433,0.10112793,0.14878867,-0.06279115,0.0045408,-0.04673815,,,
-0.1344164,-0.13427619,0.98178518,0.12165469,-0.98551774,-0.11813091,0.98342888,0.10356004,0.14880508,-0.0594654,0.00710785,-0.0488844,,,
-0.13446362,-0.13476293,0.98171194,0.1242303,-0.98518507,-0.11822406,0.9831003,0.10606153,0.14921335,-0.04448345,-0.01857251,-0.03532985,,,
-0.1345062,-0.13494396,0.98168123,0.12515978,-0.9850631,-0.11825993,0.98297657,0.10696031,0.14938683,-0.03769168,-0.01703531,-0.03671039,,,
-0.13476962,-0.13553143,0.9815643,0.12720408,-0.9847715,-0.11850904,0.98267816,0.10888757,0.14995733,-0.02898558,-0.01315445,-0.02750973,,,
-0.13496781,-0.13587329,0.98148969,0.12760055,-0.98468864,-0.11876938,0.98259944,0.10920858,0.1502389,-0.03420249,-0.00938112,-0.02411429,,,
-0.13517535,-0.1375177,0.98123208,0.1280604,-0.98443999,-0.12032558,0.98251109,0.10939192,0.1506827,-0.03330171,-0.00932544,-0.00538034,,,
-0.13522718,-0.13825011,0.98112217,0.12785369,-0.98437385,-0.12108634,0.98253104,0.10906592,0.15078969,-0.02215047,-0.01127243,-0.01271244,,,
-0.1355726,-0.14021713,0.9807951,0.12729088,-0.98419564,-0.12310821,0.98255631,0.10815617,0.15127852,-0.00284287,-0.04042947,-0.02911048,,,
-0.13773276,-0.14438574,0.97988899,0.125062,-0.9839349,-0.12740324,0.9825422,0.10499928,0.15357726,0.02676888,0.02799881,-0.00647812,,,
-0.14022121,-0.14707442,0.97913599,0.12344337,-0.98378725,-0.13009486,0.98239499,0.10262578,0.15610303,0.03346602,0.0018152,-0.00191329,,,
-0.14497009,-0.15023191,0.9779641,0.12044523,-0.98373433,-0.13326392,0.98207757,0.09847183,0.16070703,0.02703794,-0.01640779,0.01270484,,,
-0.14497009,-0.15023191,0.9779641,0.12044523,-0.98373433,-0.13326392,0.98207757,0.09847183,0.16070703,0.02703794,-0.01640779,0.01270484,,,
-0.15207984,-0.1532107,0.97642109,0.11474747,-0.98396872,-0.13652282,0.98168461,0.09127948,0.1672224,0.0143627,0.03614819,0.05137527,,,
-0.15339578,-0.1536438,0.97614717,0.11367687,-0.98402391,-0.13701994,0.98160444,0.08994707,0.16841089,0.01360566,0.00624287,0.04813945,,,
-0.15339578,-0.1536438,0.97614717,0.11367687,-0.98402391,-0.13701994,0.98160444,0.08994707,0.16841089,0.01360566,0.00624287,0.04813945,,,
-0.15523093,-0.15436542,0.97574314,0.11171715,-0.98412291,-0.13791805,0.98154095,0.0875981,0.17001158,-0.01099627,0.01931572,0.04406859,,,
-0.15478623,-0.15432431,0.97582029,0.11170715,-0.984124,-0.13791835,0.98161232,0.08765824,0.16956796,-0.01043621,-0.02262801,0.02958702,,,
-0.15338796,-0.15436681,0.97603429,0.11156855,-0.98411263,-0.13811099,0.9818475,0.08771017,0.16817359,-0.02125162,-0.03358555,0.01377856,,,
-0.15137106,-0.15482049,0.97627728,0.11146996,-0.98403152,-0.13876685,0.98217165,0.0878203,0.16621182,-0.02627462,-0.00569874,-0.00103218,,,
-0.14772028,-0.15650976,0.97656711,0.11196944,-0.98369803,-0.14071556,0.98267058,0.08855913,0.16283656,-0.02158741,-0.00393271,-0.00953851,,,
-0.14087828,-0.1603984,0.97694719,0.11025885,-0.98319173,-0.14552404,0.9838681,0.0872159,0.15619556,-0.02077611,0.0059799,-0.00914789,,,
-0.13719667,-0.16394029,0.97688317,0.10749258,-0.98284892,-0.14984485,0.98469411,0.08444948,0.15246589,-0.00365158,-0.04064846,-0.01255399,,,
-0.13370366,-0.17053238,0.97623867,0.10283737,-0.98215274,-0.15748107,0.98567119,0.07933801,0.14885463,0.0221613,-0.01261973,-0.00338559,,,
-0.13317492,-0.17234488,0.97599253,0.10159534,-0.98195049,-0.15953421,0.98587148,0.07791033,0.14828087,0.02283032,0.0277257,0.00661228,,,
-0.13213603,-0.17853356,0.9750209,0.09821449,-0.98116362,-0.1663482,0.98635384,0.07378059,0.14718173,0.02693852,-0.00233519,0.00761114,,,
-0.1325565,-0.18298601,0.9741379,0.09630584,-0.98053824,-0.1710834,0.98648554,0.07113694,0.14759958,0.04554809,-0.01762283,-0.00159468,,,
-0.13515734,-0.18988856,0.97245812,0.09316363,-0.97955122,-0.17832524,0.98643449,0.06649576,0.15008428,0.05184617,0.0362395,0.02234286,,,
-0.13608761,-0.19129944,0.97205176,0.0920452,-0.97937728,-0.17985474,0.98641157,0.06499669,0.15088936,0.03767098,0.03639305,0.02231963,,,
-0.13690706,-0.19182205,0.97183359,0.09043913,-0.97939444,-0.18057382,0.98644665,0.06316994,0.15143446,0.02874217,0.00813985,0.02134935,,,
-0.13610629,-0.19120044,0.97206854,0.08881001,-0.97960359,-0.18024763,0.98670545,0.06179657,0.15031094,0.02221484,0.02893746,0.0133296,,,
-0.1352718,-0.19074834,0.97227382,0.08909994,-0.97965934,-0.17980088,0.98679405,0.06230753,0.14951618,0.02031167,-0.00248593,-0.00702302,,,
-0.1345651,-0.18984957,0.97254776,0.08927029,-0.97980607,-0.17891472,0.98687528,0.06274393,0.14879586,0.01850004,0.00464427,-0.00817983,,,
-0.13466115,-0.1891867,0.97266369,0.08917003,-0.97993537,-0.17825587,0.9868713,0.0627283,0.14882913,0.01538195,-0.01023871,-0.01015405,,,
-0.134869231,-0.188307448,0.97280545,0.0893027682,-0.980090027,-0.177336653,0.986830864,0.0629569538,0.149000517,0.014695256,0.00494015217,0.000377050135,,,
-0.13462817,-0.18756147,0.97298305,0.08970283,-0.98019744,-0.17654032,0.98682761,0.06351204,0.14878692,0.01861861,-0.00936323,0.00805989,,,
-0.13342182,-0.186141,0.9734218,0.0902761,-0.98040256,-0.17510222,0.98693905,0.06451426,0.14761132,0.00856826,-0.00536555,-0.01478036,,,
-0.1327626,-0.18493076,0.97374262,0.09129132,-0.98054468,-0.1737757,0.98693463,0.06582334,0.14706226,0.00663833,-0.01492679,-0.02204036,,,
-0.13332441,-0.18372749,0.97389358,0.09212221,-0.98070937,-0.17240194,0.98678163,0.06673184,0.14767799,-0.0020204,0.00572383,-0.01202507,,,
-0.13403109,-0.18113381,0.97428238,0.09457448,-0.98100377,-0.1693729,0.98645389,0.06944102,0.1486157,-0.02041427,0.01075995,-0.00579396,,,
-0.13319608,-0.17880747,0.97482645,0.09721867,-0.98120415,-0.16669377,0.98630992,0.07256837,0.14807605,-0.02751534,-0.01581138,-0.02024043,,,
-0.13223127,-0.17749014,0.97519841,0.09849847,-0.98132083,-0.16524863,0.9863127,0.0742045,0.14724401,-0.02990992,0.00919759,-0.02475375,,,
-0.13176502,-0.1770744,0.97533728,0.09899227,-0.98134824,-0.16479215,0.98632585,0.07483701,0.1468362,-0.02482954,0.01846039,-0.02705122,,,
-0.13089611,-0.17634566,0.97558613,0.09981823,-0.98139649,-0.16400315,0.98635816,0.07591391,0.14606361,-0.02724548,0.00661993,-0.02676583,,,
-0.13034751,-0.17569803,0.97577638,0.09981886,-0.98149795,-0.16339412,0.9864307,0.07610286,0.14547398,-0.01996027,-0.01443541,-0.029261,,,
-0.13026548,-0.17552192,0.97581909,0.09926979,-0.98156871,-0.16330425,0.98649701,0.07559645,0.1452886,-0.0147084,-0.02354342,-0.02632278,,,
-0.13129522,-0.17516537,0.97574505,0.09492934,-0.98196388,-0.16350819,0.98678759,0.07115898,0.14555574,-0.00465226,0.01713789,0.00548228,,,
-0.13167551,-0.17501466,0.97572095,0.09382262,-0.98207302,-0.16349248,0.98684285,0.07001674,0.14573536,-0.00806026,0.00767696,0.01089212,,,
-0.132241596,-0.174882147,0.975668183,0.0916095383,-0.982256375,-0.163646325,0.986975106,0.067739661,0.145916016,-0.000110805966,-0.0361301303,0.0184574313,,,
-0.13243338,-0.1748593,0.97564624,0.08904469,-0.982435,-0.16398916,0.98718408,0.06515848,0.14567752,-0.00698877,-0.0354991,0.03537071,,,
-0.131403912,-0.175158284,0.975731709,0.0848372629,-0.982642333,-0.164973634,0.987691972,0.0611002167,0.143983215,-0.0198813118,-6.13927841e-05,0.0444361083,,,
-0.12943858,-0.17522722,0.97598208,0.0829757,-0.98272418,-0.16543313,0.98810962,0.05956937,0.14174209,-0.01624159,-0.0039469,0.0255977,,,
-0.12809784,-0.17526433,0.97615233,0.08265368,-0.98272364,-0.16559777,0.98831135,0.05946987,0.14037101,-0.01470817,-0.00944829,0.0166675,,,
-0.12508706,-0.17554404,0.97649241,0.08313041,-0.98261614,-0.16599604,0.9886569,0.06041225,0.13750571,-0.01572233,-0.01149082,0.00974853,,,
-0.12183769,-0.17595689,0.97682889,0.08448066,-0.98242786,-0.16642835,0.98894819,0.0622459,0.13456176,-0.02586328,0.05903959,0.00844315,,,
-0.120182155,-0.176198298,0.976990532,0.0856012023,-0.982297599,-0.166625386,0.989054485,0.0636061702,0.133137339,-0.0280867759,0.0456514359,-0.000288702548,,,
-0.11717727,-0.17683966,0.97723955,0.08842406,-0.98196795,-0.1670927,0.98916661,0.06683202,0.13070129,-0.02121311,0.02214158,-0.0210787,,,
-0.114446,-0.17862288,0.97723884,0.09153834,-0.98141336,-0.16866572,0.98920302,0.07015169,0.12866991,-0.00467399,-0.01209402,-0.02404361,,,
-0.11403219,-0.18045406,0.97695091,0.09164141,-0.98108341,-0.17052076,0.98924142,0.07008431,0.12841207,0.00145559,-0.03341377,-0.00758639,,,
-0.11413191,-0.18235485,0.97658615,0.09031141,-0.98084377,-0.17259533,0.98935213,0.06849823,0.12841441,0.00283723,0.01224577,0.02016989,,,
-0.11418105,-0.18321878,0.97641876,0.08950689,-0.9807467,-0.17356408,0.98941965,0.06757848,0.128382,0.00412838,0.02312362,0.02980192,,,
-0.11398953,-0.18513089,0.97608041,0.0886465,-0.98046072,-0.1756093,0.98951918,0.06650849,0.12817343,0.01014486,-0.01377642,0.01187415,,,
-0.11384787,-0.18726495,0.97568986,0.08808463,-0.98011025,-0.17783524,0.98958576,0.06569713,0.12807841,0.01932999,-0.0319261,0.01084755,,,
-0.11407895,-0.19078682,0.97498009,0.08635435,-0.97957666,-0.18158228,0.98971143,0.06347905,0.12822455,0.03256641,-0.04344058,0.03370278,,,
-0.1139819,-0.19256334,0.97464221,0.08486253,-0.97933732,-0.18356652,0.98985172,0.06178734,0.12796819,0.01478926,0.1054703,0.0434132,,,
-0.11243922,-0.19393089,0.97455029,0.08833272,-0.97883757,-0.1845926,0.98972461,0.06532923,0.12719013,0.01197657,0.01554453,-0.01620704,,,
-0.11156634,-0.19522833,0.97439144,0.09240775,-0.97830245,-0.1854314,0.98945115,0.06935341,0.12718641,0.02912748,-0.08579743,-0.04913028,,,
-0.11139386,-0.19618889,0.97421832,0.09406463,-0.97799966,-0.18619486,0.98931454,0.07089852,0.12739759,0.0369905,-0.10385293,-0.04049101,,,
-0.1113097,-0.19828978,0.97380248,0.09561083,-0.97748297,-0.18811049,0.98917576,0.07216754,0.12776202,0.02128631,0.05385721,-0.007812,,,
-0.1109469,-0.20006205,0.97348135,0.09693484,-0.97703653,-0.1897451,0.98908766,0.07331262,0.12779219,0.01603086,0.05611312,-0.03412515,,,
-0.11068753,-0.20095362,0.97332711,0.09793643,-0.97678368,-0.19052987,0.98901793,0.07423488,0.12779871,0.01586636,0.05234611,-0.03937445,,,
-0.11079045,-0.20276591,0.97293966,0.09915221,-0.97633735,-0.19218335,0.98888545,0.07517704,0.12827342,0.03381934,-0.03869569,-0.03496134,,,
-0.11228164,-0.20520727,0.97225648,0.09719806,-0.97601966,-0.19477657,0.98891114,0.0726316,0.12953498,0.06398895,-0.06301713,-0.02425861,,,
-0.11363661,-0.20671632,0.97177918,0.09506994,-0.97588901,-0.19647342,0.98896315,0.07006039,0.13054954,0.07307617,-0.08102036,-0.01929528,,,
-0.11712762,-0.20988876,0.97068414,0.08997651,-0.97563472,-0.2001022,0.98903247,0.06390127,0.13315896,0.04957615,0.07978451,0.03832778,,,
-0.12030182,-0.21176722,0.96988774,0.08634312,-0.97551297,-0.20228571,0.98897546,0.0594078,0.13564052,0.03819227,0.08803141,0.03431809,,,
-0.12158069,-0.21219999,0.96963352,0.08581284,-0.97546994,-0.20271734,0.98886509,0.05856049,0.13680792,0.03857997,0.06446195,0.0256984,,,
-0.12442717,-0.21236724,0.96923584,0.08543633,-0.97549222,-0.20277004,0.98854367,0.05757786,0.13952154,0.05551973,-0.04265273,-0.00124094,,,
-0.12825606,-0.21279354,0.96864306,0.08427115,-0.97551555,-0.20314512,0.98815426,0.05557407,0.14304805,0.06394884,-0.0904876,0.00284755,,,
-0.13040273,-0.21306329,0.96829705,0.08336527,-0.97553421,-0.20342876,0.98795008,0.05419468,0.14497439,0.06128335,-0.08256346,0.0123937,,,
-0.13449679,-0.21327348,0.96769051,0.08159503,-0.97563076,-0.20368279,0.98754886,0.05156405,0.14862137,0.02919775,0.05288279,0.04233076,,,
-0.13748769,-0.21223101,0.96749937,0.0816073,-0.97588156,-0.20247283,0.9871359,0.05111748,0.1514914,0.00433256,0.11265624,0.01882847,,,
-0.13862238,-0.21136733,0.96752658,0.08296428,-0.97600316,-0.20133243,0.9868641,0.05236097,0.15283183,0.0094982,0.04285944,-0.0090137,,,
-0.14108541,-0.21020376,0.96742398,0.08663962,-0.97607074,-0.19944736,0.98619894,0.05567813,0.15592145,0.02696002,-0.05341542,-0.04992774,,,
-0.14500599,-0.21029893,0.96682339,0.08955706,-0.97592973,-0.19884777,0.98536929,0.05775173,0.16034956,0.04225868,-0.08588582,-0.05329372,,,
-0.14752694,-0.21081606,0.96632928,0.09054838,-0.97579553,-0.19905746,0.9849044,0.05813321,0.16304529,0.04709984,-0.06932044,-0.04025856,,,
-0.15275165,-0.21186427,0.96528769,0.09188766,-0.97556376,-0.19957897,0.98398346,0.05821201,0.16848683,0.03715692,-0.0069924,-0.04595321,,,
-0.15785835,-0.21219571,0.96439282,0.09427895,-0.97541527,-0.19918878,0.98295067,0.05947832,0.17398324,0.02268863,0.06633365,-0.04465086,,,
-0.1602445,-0.21193404,0.96405675,0.09605632,-0.97539053,-0.19845924,0.9823923,0.06080173,0.17665882,0.01349926,0.07661998,-0.05684245,,,
-0.16512432,-0.2111602,0.96340292,0.10021841,-0.97534813,-0.19660125,0.98116771,0.06408705,0.18221598,0.03329343,-0.02756596,-0.08065905,,,
-0.17114958,-0.21100149,0.96238572,0.10258785,-0.9753053,-0.19558998,0.9798896,0.06525394,0.1885692,0.06048746,-0.05492955,-0.06986176,,,
-0.1746741,-0.21124438,0.96169877,0.10268239,-0.97529686,-0.19558104,0.97925739,0.06458657,0.19205043,0.06989577,-0.05602777,-0.05880347,,,
-0.18260486,-0.21248138,0.95995161,0.10115102,-0.97524702,-0.19662571,0.97796928,0.06119527,0.19957758,0.08854572,-0.03161979,-0.03434182,,,
-0.19106401,-0.21395779,0.95797528,0.09882816,-0.97518862,-0.19809143,0.97658977,0.0568268,0.20746847,0.09187928,0.00937974,-0.0078925,,,
-0.19519161,-0.2145769,0.95700419,0.09780109,-0.97516795,-0.19870191,0.97587663,0.05481111,0.21133043,0.09418548,0.04549539,-0.00370434,,,
-0.21037311,-0.21501872,0.95368247,0.09758405,-0.97525991,-0.1983575,0.97273874,0.05133512,0.22615072,0.08117713,0.02182662,-0.02720387,,,
-0.21406122,-0.21459281,0.95295731,0.09809128,-0.9753618,-0.19760392,0.97188261,0.05117746,0.22983691,0.08522314,-0.00407422,-0.03361357,,,
-0.22144359,-0.21320394,0.95158121,0.09856043,-0.97570388,-0.19567256,0.97017965,0.05045781,0.23707686,0.07673977,-0.02331901,-0.02823072,,,
-0.22896898,-0.2114018,0.95020125,0.09761299,-0.97619964,-0.19366426,0.96852715,0.04840887,0.24415507,0.06931473,-0.0126102,-0.01262942,,,
-0.23961601,-0.20803461,0.94831739,0.09472029,-0.9771225,-0.1904202,0.96623617,0.04419718,0.25383919,0.03543773,0.04994249,0.02350407,,,
-0.24545067,-0.20499373,0.94748705,0.09277005,-0.97786753,-0.18753421,0.96496003,0.04186803,0.25903535,0.03229461,0.01910818,0.02084899,,,
-0.24788541,-0.20333152,0.94721117,0.09187093,-0.97825413,-0.18595266,0.96442337,0.04092621,0.2611753,0.02298325,0.00630152,0.0098051,,,
-0.25224325,-0.20019782,0.94672822,0.090007,-0.9789774,-0.18303614,0.96346886,0.03904255,0.26495949,0.01095517,0.01982272,0.00638872,,,
-0.2562179,-0.19764109,0.94619794,0.0883872,-0.97956318,-0.1806763,0.9625696,0.03733929,0.26845041,0.01496284,0.01590276,-0.01183584,,,
-0.25823305,-0.19672349,0.94584111,0.08782795,-0.97977401,-0.17980239,0.96208201,0.03664035,0.270288,0.01617927,0.0210315,-0.01366036,,,
-0.26257614,-0.195504,0.94489782,0.08693803,-0.9800693,-0.17862209,0.96098672,0.03524565,0.27433961,0.0196652,0.05532563,-0.01253757,,,
-0.26740516,-0.19466603,0.94371577,0.08632693,-0.98028217,-0.17774777,0.95970932,0.0339374,0.27893759,0.02241393,0.04145789,-0.01063911,,,
-0.27004936,-0.1942634,0.94304553,0.08599235,-0.98038704,-0.17733093,0.95899867,0.03320659,0.28145826,0.02523313,0.03928053,-0.00697294,,,
-0.28113955,-0.1911714,0.9404328,0.08334007,-0.98111884,-0.17452781,0.95604121,0.02930905,0.29176374,0.00904563,0.02958131,0.01370525,,,
-0.28386136,-0.18991925,0.93986877,0.08239993,-0.98139408,-0.17342365,0.95531821,0.02821684,0.2942293,0.00299598,0.01755464,0.01956812,,,
-0.28886208,-0.1868801,0.93895401,0.08016306,-0.98204045,-0.17079403,0.95400875,0.02593352,0.29865502,-0.00608604,-0.01042706,0.02817314,,,
-0.29554667,-0.18187899,0.93785505,0.07615151,-0.98307097,-0.1666501,0.9522883,0.02216619,0.30439381,-0.01647941,-0.0132879,0.02080939,,,
-0.29943786,-0.17849811,0.93727028,0.07388361,-0.98373264,-0.16374238,0.95125094,0.02021825,0.3077547,-0.0193725,-0.00833344,0.02712466,,,
-0.3027137,-0.175011544,0.936875234,0.0715049962,-0.9843958,-0.160784583,0.950395328,0.0183195547,0.310504466,-0.0212343503,0.000181913376,0.0316192545,,,
-0.304139725,-0.173093426,0.936769671,0.0702216061,-0.984751936,-0.159160701,0.950035619,0.0173743639,0.311657358,-0.0247682314,0.000558018684,0.035371013,,,
-0.30659824,-0.1691653,0.93668586,0.06741996,-0.98546797,-0.15590729,0.94944818,0.01535041,0.31354809,-0.03155204,-0.00251901,0.03869477,,,
-0.30851248,-0.165104855,0.936781958,0.064339665,-0.98618787,-0.152623366,0.949041863,0.0131860242,0.314874056,-0.0325578786,-0.000839412212,0.0285301283,,,
-0.30923165,-0.16303082,0.93690806,0.06285421,-0.9865453,-0.15092279,0.94890732,0.01221852,0.31531823,-0.03496245,-0.00938106,0.02835855,,,
-0.31028476,-0.15889704,0.93727006,0.06004044,-0.98723928,-0.14749193,0.9487458,0.01050962,0.31586547,-0.0407051,-0.00521159,0.02656378,,,
-0.3109267,-0.15490753,0.93772502,0.05753242,-0.98788667,-0.14411764,0.94869098,0.00913957,0.31607258,-0.04367986,-0.01977539,0.02358307,,,
-0.31107347,-0.15295556,0.93799657,0.05643023,-0.98819517,-0.14242697,0.94870891,0.0086261,0.31603294,-0.0509837,-0.01532775,0.02274337,,,
-0.31122355,-0.14916059,0.93855804,0.05452405,-0.9887816,-0.13906233,0.94877141,0.00789452,0.31586479,-0.05834449,-0.01486284,0.0245421,,,
-0.31094706,-0.1453806,0.93924245,0.05270948,-0.98934873,-0.13568622,0.94896449,0.00731575,0.31529805,-0.06540968,-0.00107557,0.02350236,,,
-0.31074339,-0.14356042,0.9395897,0.05186714,-0.98961613,-0.13405036,0.94907755,0.00707856,0.31496288,-0.06564502,0.00368154,0.01826678,,,
-0.31021673,-0.13994645,0.94030875,0.05028793,-0.99013626,-0.13077183,0.94933486,0.00671857,0.31419447,-0.06615721,-0.00170285,0.00982551,,,
-0.30976617,-0.13685631,0.94091192,0.04909819,-0.99056908,-0.12791492,0.94954424,0.00657335,0.31356421,-0.0625248,0.00251663,0.00899013,,,
-0.3095918,-0.13550848,0.94116435,0.04862356,-0.9907545,-0.12665394,0.94962552,0.00655174,0.31331841,-0.06179187,0.00357473,0.00713303,,,
-0.30920995,-0.13286441,0.94166658,0.0480408,-0.99111013,-0.12406576,0.94977943,0.00687603,0.31284434,-0.05894259,0.00851357,0.00494342,,,
-0.30863933,-0.13025076,0.94221888,0.04790513,-0.99145128,-0.12136445,0.94997199,0.00767927,0.31224063,-0.05532283,-0.00752771,-0.00485977,,,
-0.30826518,-0.12899851,0.94251359,0.04795147,-0.99161088,-0.12003493,0.95009113,0.00819232,0.31186486,-0.05861138,-0.00774682,-0.00539177,,,
-0.30752407,-0.1263764,0.94311081,0.0480239,-0.99193944,-0.11726006,0.95032768,0.00923157,0.3111143,-0.06128731,-0.01128411,-0.01969898,,,
-0.306402268,-0.122922638,0.943931911,0.0484897108,-0.992355145,-0.113488653,0.950666175,0.0109977958,0.310020573,-0.0568689592,-8.04662704e-05,-0.0260724947,,,
-0.30571962,-0.12063919,0.9444478,0.04878605,-0.99262213,-0.1110006,0.95087085,0.01214082,0.30934963,-0.05336693,0.00652349,-0.01920598,,,
-0.30494974,-0.11789809,0.94504253,0.04848937,-0.99294269,-0.10822712,0.95113307,0.01282067,0.30851473,-0.05574642,0.00182879,-0.01755483,,,
-0.30460425,-0.11646772,0.94533136,0.04815953,-0.99310949,-0.1068362,0.95126062,0.01298395,0.30811455,-0.05413396,-0.0041517,-0.01933289,,,
-0.30376954,-0.11354757,0.94595504,0.04734217,-0.99344511,-0.1040453,0.95156855,0.01317777,0.30715403,-0.0559803,-0.01432133,-0.0093896,,,
-0.30309406,-0.11082303,0.94649475,0.04613001,-0.99375685,-0.10158473,0.95184352,0.01287208,0.30631399,-0.05561322,-0.01440156,-0.00516551,,,
-0.30269466,-0.10953225,0.94677272,0.04558875,-0.99390119,-0.10040928,0.95199662,0.01276883,0.30584206,-0.05326025,-0.0134232,-0.00704016,,,
-0.30202374,-0.1073657,0.94723502,0.04444656,-0.99414284,-0.09851085,0.95226366,0.01234872,0.30502686,-0.0482946,-0.01075429,-0.00374085,,,
-0.301253504,-0.105643259,0.947673862,0.0436214476,-0.99433012,-0.0969776271,0.952545756,0.0121240532,0.304153823,-0.0477402061,-0.000178217888,-0.00575523823,,,
-0.30080054,-0.10489622,0.94790067,0.04336974,-0.99440885,-0.09628023,0.95270035,0.01214906,0.30366818,-0.04194405,-0.00756228,-0.00446496,,,
-0.29961877,-0.10352508,0.94842568,0.04307672,-0.99454956,-0.09495127,0.9530861,0.01240589,0.30244511,-0.04485425,-0.00522429,-0.01052926,,,
-0.29834889,-0.10253189,0.94893373,0.04302747,-0.99464739,-0.0939432,0.95348658,0.01280236,0.30116356,-0.03754118,-0.00670791,-0.01239198,,,
-0.29770548,-0.10217519,0.94917417,0.04300138,-0.99468201,-0.0935867,0.95368877,0.01295452,0.30051602,-0.03766514,-0.01456571,-0.01297812,,,
-0.29641759,-0.10160912,0.94963796,0.04280178,-0.99473875,-0.09307476,0.95409888,0.0130572,0.29920706,-0.02809155,-0.01136589,-0.01599208,,,
-0.29539528,-0.10123283,0.94999652,0.04221794,-0.99478195,-0.09287783,0.95444179,0.01267122,0.29812789,-0.02399881,0.00140274,-0.01397792,,,
-0.29501708,-0.10101645,0.95013693,0.04185773,-0.99480713,-0.09276889,0.95457448,0.01240216,0.29771382,-0.01714556,0.00308645,-0.01610051,,,
-0.29435517,-0.10063782,0.95038258,0.04122761,-0.99485157,-0.0925776,0.95480642,0.01193131,0.29698878,-0.00837104,0.01220536,-0.01010147,,,
-0.29388172,-0.10021884,0.95057338,0.04092699,-0.99489551,-0.09223862,0.95496521,0.01179687,0.29648322,-0.00113516,0.00643837,-0.00955148,,,
-0.293699709,-0.099945118,0.950658368,0.0407746971,-0.994923572,-0.0920017567,0.955027635,0.011741914,0.296284117,-0.0009135406,0.00157630444,-0.0108769313,,,
-0.29344565,-0.09931881,0.95080258,0.04041657,-0.99498826,-0.09146061,0.95512107,0.01158946,0.29598899,,,,,,
-0.29312571,-0.09832244,0.95100474,0.03973131,-0.99509138,-0.09063419,0.955248,0.01121745,0.29559335,0.0025935,0.00332344,0.0111534,,,
-0.29291756,-0.09779708,0.95112285,0.03934418,-0.99514533,-0.09020676,0.95532768,0.01099799,0.29534364,0.00361957,0.0015167,0.0146142,,,
-0.29246789,-0.09651141,0.95139276,0.03845679,-0.9952764,-0.08914105,0.95550181,0.01051661,0.2947978,0.00203869,0.00487471,0.00943303,,,
-0.291858521,-0.0951032701,0.951721601,0.0377544451,-0.995414358,-0.0878914624,0.955716087,0.0102798497,0.2941107,-0.000190237304,0.00816679001,0.0107726334,,,
-0.291498317,-0.0943887238,0.951903066,0.0374807651,-0.995482609,-0.0872323635,0.955836738,0.0102499664,0.29371932,-0.000592477852,-0.0016900301,0.00938836671,,,
-0.290673999,-0.092722568,0.952318777,0.03716692,-0.99563639,-0.0855958212,0.956099967,0.0105142733,0.292851923,0.00275239395,-0.000651478767,0.00475681201,,,
-0.289799719,-0.0909528125,0.952755952,0.0368862511,-0.995796287,-0.0838418733,0.95637635,0.0108462495,0.291936198,0.00901114941,-0.000218033791,-0.00398978312,,,
-0.289334222,-0.0900495455,0.952983084,0.036798118,-0.995875703,-0.0829303284,0.956520558,0.0110734012,0.291454604,0.00428745244,8.91685486e-05,-0.00558594335,,,
-0.2877541,-0.08607495,0.9538285,0.03620047,-0.99621886,-0.07897924,0.95701997,0.01180244,0.28978189,0.01016048,0.0045656,-0.0115955,,,
-0.28740792,-0.0849564,0.95403301,0.03591943,-0.99631376,-0.07790056,0.95713445,0.01187908,0.28940017,0.00618062,-0.00174624,-0.01824663,,,
-0.286787244,-0.0824526505,0.954439345,0.0351437669,-0.996524013,-0.0755283881,0.957349371,0.0118820114,0.288688246,0.00444951653,0.000244259834,-0.0157955401,,,
-0.28622872,-0.07984803,0.95482825,0.03412669,-0.99673858,-0.07312266,0.95755317,0.01165532,0.28802058,0.00290479,0.00125873,-0.02021138,,,
-0.286053655,-0.0785492097,0.954988535,0.0335504627,-0.996844179,-0.0719423233,0.957625943,0.0114609374,0.287786509,-0.000854847953,-0.00161671638,-0.0192031637,,,
-0.285704793,-0.0760333909,0.955296695,0.0321780976,-0.997046663,-0.0697326819,0.957777334,0.0108166707,0.287307539,-0.000170162879,0.00195670128,-0.0141072273,,,
-0.285366586,-0.0735654615,0.955590855,0.0303435152,-0.997243354,-0.0677106153,0.957937905,0.0096736351,0.286812318,0.000768869999,-0.00453108549,-0.00710584922,,,
-0.28525462,-0.07234948,0.95571716,0.02920291,-0.99733994,-0.06678415,0.95800674,0.00885923,0.28660872,0.01008566,0.00129879,-0.00459794,,,
-0.28494182,-0.06970959,0.95600668,0.0265737,-0.99754325,-0.06481793,0.95817641,0.00693529,0.28609419,0.01331504,0.00411904,-0.00128526,,,
-0.284622601,-0.0670993973,0.956288303,0.0237771403,-0.997734367,-0.0629306753,0.958344559,0.00482630116,0.285573511,0.00664616423,-0.000354647636,0.00551941106,,,
-0.28445891,-0.06574267,0.9564313,0.02243111,-0.99782906,-0.06191686,0.95842567,0.00384101,0.28531625,0.00916624,-0.00105095,0.00660914,,,
-0.28411808,-0.062992761,0.956717621,0.0199143027,-0.99801168,-0.0597976876,0.958582347,0.00206275508,0.284807841,0.00098524231,-0.000535011292,0.00796399824,,,
-0.283816034,-0.060241598,0.956984561,0.017470671,-0.998183795,-0.0576537302,0.958719603,0.000356110368,0.284352985,0.00435142824,0.00421643257,0.00390842604,,,
-0.283584616,-0.0587438568,0.957146283,0.0163346757,-0.998273085,-0.0564283099,0.958808128,-0.000367524673,0.28405437,0.0,0.0,0.0,0.0,0.0,0.0
-0.28274488,-0.05252697,0.95775582,0.01160857,-0.99861369,-0.05134073,0.95912488,-0.00339815,0.28296271,0.00715631,-0.00267172,0.00306432,,,
-0.28255576,-0.05089084,0.95789988,0.01040701,-0.99869542,-0.04998841,0.95919432,-0.00415564,0.28271696,,,,,,
-0.282168015,-0.0476149349,0.958182528,0.00800821661,-0.998849478,-0.0472775209,0.959331438,-0.00566687661,0.282224957,0.00236473023,-0.000894188881,-0.00516938744,,,
-0.28192141,-0.04452621,0.95840353,0.0054956,-0.99898077,-0.04479481,0.95942155,-0.00736162,0.28187918,0.00265953,-0.0010246,-0.00695034,,,
