0,1,2,3,4,5,6,7,8,9,10,11
0.968619704,-0.14186985,-0.204080404,-0.178449986,-0.968494507,-0.173705967,-0.173007132,0.204673169,-0.963419533,0.00014416792,-0.00796127319,-0.00603265828
0.968623409,-0.142115732,-0.203891661,-0.178476167,-0.968668743,-0.172705047,-0.172959383,0.203675955,-0.96363949,0.00116302143,-0.000789642334,-0.00901956763
0.96862218,-0.14212589,-0.20389042,-0.17838929,-0.96878058,-0.17216594,-0.17305587,0.20313561,-0.96373608,,,
0.96865141,-0.14204257,-0.2038096,-0.17822522,-0.96887406,-0.17181118,-0.17306131,0.20274915,-0.9638168,0.00197815,0.00144851,0.00977681
0.968695855,-0.141896219,-0.203700287,-0.178036375,-0.968927997,-0.171702749,-0.173006916,0.2025938,-0.963859226,-0.00267231395,0.00574207306,-0.000886528869
0.96869337,-0.14181093,-0.20377149,-0.17795218,-0.96895694,-0.17162559,-0.17310742,0.20251416,-0.96385773,-0.00285358,0.00128412,-0.00442027
0.96867438,-0.14176638,-0.20389269,-0.17783335,-0.96907678,-0.17107079,-0.17333561,0.20197082,-0.96393064,-0.00616352,0.00487328,-0.00606747
0.96865789,-0.14184784,-0.20391436,-0.17776404,-0.96924139,-0.17020721,-0.17349877,0.2011212,-0.96407876,-0.00621338,0.00479972,-0.00240684
0.968689606,-0.141882218,-0.203739748,-0.177656484,-0.969364306,-0.169620505,-0.173431896,0.200505307,-0.964219425,-0.00901206397,7.85589218e-05,0.0012041172
0.96876818,-0.14191202,-0.203345,-0.17739606,-0.96961399,-0.16846129,-0.17325949,0.19927254,-0.96450581,-0.01135482,0.00508416,0.00580882
0.96886182,-0.1418946,-0.20291055,-0.17709741,-0.96985346,-0.16739366,-0.17304125,0.19811626,-0.96478316,-0.00599275,0.00131011,0.00417845
0.96889342,-0.14191233,-0.2027472,-0.1770039,-0.96994518,-0.1669602,-0.17295998,0.19765369,-0.96489254,,,
0.96897172,-0.14187648,-0.20239781,-0.17679927,-0.97007574,-0.1664175,-0.17273051,0.19703764,-0.96505961,0.0062179,-0.00129819,0.00385729
0.96900447,-0.14195681,-0.20218456,-0.17673086,-0.97018902,-0.1658289,-0.17261672,0.1964212,-0.96520565,0.00718541,0.00129056,0.00334955
0.96902085,-0.14198885,-0.20208356,-0.17670359,-0.97023107,-0.16561197,-0.17255272,0.19619035,-0.96526407,0.00873758,-0.00758326,0.00181381
0.96887949,-0.14220023,-0.20261205,-0.17691512,-0.9702952,-0.16501125,-0.17312882,0.19572115,-0.96525649,0.00395705,0.00378084,0.00839717
0.96878338,-0.14229548,-0.20300432,-0.17699029,-0.97037548,-0.16445552,-0.17358916,0.19525157,-0.96526855,-0.00551176,-0.00389671,-0.00243798
0.96879732,-0.14221011,-0.20299761,-0.17690616,-0.9703882,-0.16447081,-0.1735971,0.19525041,-0.96526733,-0.00743569,-0.00523186,-0.00585632
0.968828961,-0.14217093,-0.202874016,-0.176861236,-0.970378133,-0.164578504,-0.173466258,0.195328972,-0.965274962,-0.00583522022,-0.000850558281,-0.00265658693
0.96891597,-0.14243641,-0.2022714,-0.17694931,-0.97041494,-0.16426736,-0.17288954,0.19495306,-0.96545455,-0.00359284,-0.00539535,0.00313759
0.96904564,-0.14247597,-0.20162129,-0.17683768,-0.97045408,-0.16415624,-0.17227589,0.19472913,-0.96560941,,,
0.96914115,-0.14244536,-0.20118337,-0.1767072,-0.97048865,-0.1640921,-0.17187203,0.19457896,-0.96571161,,,
0.96917255,-0.14242233,-0.20104837,-0.1766485,-0.97050733,-0.16404488,-0.17175528,0.19450269,-0.96574775,,,
0.969222527,-0.142516152,-0.200740728,-0.176647211,-0.9705392,-0.16385784,-0.17147436,0.194274999,-0.965843536,-0.000699917786,0.00333809853,0.00370520283
0.969241086,-0.142641036,-0.200562329,-0.176697786,-0.970566538,-0.163640471,-0.171317266,0.194045989,-0.965917318,-0.00293961866,-0.00535720587,-0.000650168979
0.96924223,-0.1426956,-0.20051797,-0.17672976,-0.97057373,-0.16356297,-0.1712778,0.19396964,-0.96593961,,,
0.9693222,-0.1426796,-0.20014244,-0.17666529,-0.97055964,-0.16371584,-0.17089131,0.19405163,-0.96599153,0.00676171,-0.0020082,0.00919445
0.9693222,-0.1426796,-0.20014244,-0.17666529,-0.97055964,-0.16371584,-0.17089131,0.19405163,-0.96599153,0.00676171,-0.0020082,0.00919445
0.969400908,-0.142641079,-0.199788403,-0.176541468,-0.970595946,-0.163636239,-0.170572546,0.193900055,-0.966078658,-0.0041516074,-0.000796079636,-0.00338354148
0.96972188,-0.14275679,-0.19814131,-0.17636564,-0.97059013,-0.16385918,-0.168922,0.19384316,-0.96637987,,,
0.96975702,-0.14300689,-0.19778863,-0.1763881,-0.97073765,-0.16295892,-0.16869663,0.19291811,-0.96660437,,,
0.969805,-0.14310901,-0.19747929,-0.17630121,-0.97087559,-0.16222823,-0.16851155,0.19214559,-0.96679029,-0.0015294,0.00203013,0.00753203
0.96982098,-0.14314826,-0.19737234,-0.17626777,-0.97093101,-0.16193286,-0.16845455,0.19183627,-0.96686169,,,
0.96986887,-0.14322641,-0.1970801,-0.17620128,-0.97102593,-0.1614345,-0.16824826,0.19129606,-0.96700449,,,
0.96990175,-0.14329604,-0.19686757,-0.17622062,-0.97103038,-0.16138679,-0.16803836,0.19122146,-0.96705577,0.00759505,-0.00612092,0.00684867
0.96990175,-0.14329604,-0.19686757,-0.17622062,-0.97103038,-0.16138679,-0.16803836,0.19122146,-0.96705577,0.01145272,-0.00750905,0.00855085
0.96987186,-0.14337381,-0.19695818,-0.17631123,-0.97101898,-0.16135694,-0.16811581,0.1912215,-0.96704239,0.00400065,-0.00749952,0.005288
0.96979607,-0.14349807,-0.19724069,-0.17651909,-0.97095514,-0.16151495,-0.16833478,0.19145331,-0.96695862,,,
0.96974915,-0.14350591,-0.19746555,-0.17659075,-0.9709239,-0.1616253,-0.16852982,0.19160659,-0.96689444,-0.00321744,0.002828,0.00451832
0.96970117,-0.14341177,-0.19776931,-0.17667082,-0.97080009,-0.16227857,-0.16872183,0.19230178,-0.96672266,0.00137962,0.00894594,0.003919
0.96971717,-0.14338776,-0.19770826,-0.17669137,-0.97074215,-0.16260388,-0.16860832,0.19261312,-0.96668071,,,
0.96971717,-0.14338776,-0.19770826,-0.17669137,-0.97074215,-0.16260388,-0.16860832,0.19261312,-0.96668071,,,
0.969794071,-0.143254935,-0.197427157,-0.176569389,-0.970699639,-0.162988844,-0.168293523,0.192925208,-0.96667319,-0.000344689412,-0.00452411175,0.00235428102
0.96977709,-0.14320071,-0.19754987,-0.17653702,-0.97070805,-0.16297388,-0.16842528,0.1929232,-0.96665065,-0.00386483,-0.004942,0.00939789
0.96983795,-0.14307604,-0.1973413,-0.17640799,-0.97069546,-0.16318888,-0.16820988,0.19307935,-0.96665705,-0.00968618,-0.00147271,0.01220099
0.96997442,-0.14278013,-0.19688437,-0.17611112,-0.9706615,-0.16371093,-0.1677334,0.19346894,-0.96666199,-0.00263378,0.00358379,0.01320794
0.97003608,-0.14270216,-0.19663699,-0.17602075,-0.97064157,-0.16392554,-0.16747151,0.19362588,-0.96667588,-0.00586704,0.00238705,0.00999591
0.97015818,-0.14253116,-0.196158,-0.17577428,-0.97066593,-0.16404472,-0.16702244,0.19362886,-0.9667528,,,
0.970251274,-0.142468763,-0.195742452,-0.175670678,-0.970643288,-0.164288851,-0.166590123,0.193787681,-0.966795466,0.00702905655,0.00051009655,0.00467857206
0.97031545,-0.14251499,-0.19539037,-0.17570986,-0.97057382,-0.16465835,-0.16617451,0.19410255,-0.96680406,,,
0.970407257,-0.142367225,-0.195041862,-0.175600338,-0.970486351,-0.165289559,-0.16575366,0.194647606,-0.966766729,-0.00966623705,0.00734758377,0.000391825801
0.97045263,-0.14225847,-0.19489543,-0.17553604,-0.97042446,-0.16572129,-0.16555603,0.19503584,-0.96672245,-0.00656076,0.00364053,0.00232898
0.9704961,-0.142017625,-0.194854604,-0.175427105,-0.970304098,-0.166539848,-0.165416606,0.195809051,-0.966590086,-0.00987526216,0.00490856171,-0.000207056059
0.9705562,-0.14183913,-0.19468522,-0.17534352,-0.97018915,-0.16729552,-0.16515242,0.19650649,-0.96649366,,,
0.97057283,-0.14186253,-0.19458521,-0.17540192,-0.97012247,-0.16761961,-0.16499256,0.19681766,-0.96645747,0.00463993,-0.00548047,0.00283822
0.97065124,-0.14183215,-0.19421587,-0.17542751,-0.96998467,-0.16838954,-0.16450336,0.19751832,-0.96639809,0.00600614,-0.01245713,-0.00169109
0.97068346,-0.14180166,-0.19407709,-0.17553141,-0.96979921,-0.16934665,-0.16420217,0.19844862,-0.96625869,0.00379281,-0.00903022,-0.00112031
0.970685237,-0.141840783,-0.194039591,-0.175654647,-0.969682248,-0.169887389,-0.164059792,0.198991136,-0.966171235,0.00342397974,-0.00410455465,0.000746151432
0.97070175,-0.14177937,-0.19400185,-0.1757846,-0.9694524,-0.17106051,-0.16382272,0.20015127,-0.96597178,0.0030385,0.0067054,0.00371394
0.97071825,-0.14171038,-0.19396968,-0.17592077,-0.96920633,-0.17230983,-0.16357858,0.2013876,-0.96575607,0.0012244,0.00582862,-0.00344868
0.970718252,-0.141640797,-0.194020502,-0.175979439,-0.969072043,-0.173003852,-0.163515466,0.202081618,-0.965621786,-0.00785699673,1.97887421e-05,-0.00926917605
0.97070437,-0.14156379,-0.1941461,-0.17620035,-0.96874413,-0.17460727,-0.16335988,0.20370066,-0.96530775,-0.00184778,0.00141978,-0.005824
0.970691352,-0.141549029,-0.194221942,-0.176446598,-0.968437166,-0.176055281,-0.163171346,0.205165144,-0.965029422,0.00538974348,-0.0118466616,1.06977532e-05
0.97070781,-0.14151138,-0.19416711,-0.17655589,-0.96824652,-0.17699324,-0.16295508,0.20609007,-0.96486913,0.01179504,-0.01000369,0.00308849
0.970771,-0.14135242,-0.1939669,-0.17676608,-0.96775881,-0.17943447,-0.16234967,0.20847655,-0.9644585,0.01364974,-0.00557083,0.00287653
0.97074069,-0.14115878,-0.19425941,-0.17700609,-0.96730529,-0.18163034,-0.16226942,0.21070106,-0.96398857,0.00237233,0.0017978,-0.01014695
0.97072511,-0.14105769,-0.19441064,-0.17709075,-0.96711931,-0.18253541,-0.16227025,0.21162003,-0.96378701,-0.00503354,0.00754857,-0.01781708
0.97060277,-0.14099861,-0.1950632,-0.17737477,-0.96684287,-0.18371958,-0.16269127,0.21291802,-0.96342996,-0.00650054,0.01004076,-0.01289323
0.97051146,-0.1410336,-0.19549175,-0.1775797,-0.96672001,-0.18416681,-0.16301212,0.21345137,-0.96325755,-0.00665996,0.00811005,-0.00099414
0.9704984,-0.14115035,-0.19547234,-0.1777151,-0.96666886,-0.18430513,-0.16294232,0.21360622,-0.96323512,-0.00616101,0.00191832,-0.00308732
0.97050012,-0.14119778,-0.19542954,-0.17783053,-0.96655996,-0.1847643,-0.16280608,0.21406712,-0.96315583,-0.00292789,0.00419116,-0.00287031
0.97050436,-0.1412778,-0.19535065,-0.17815097,-0.96620727,-0.18629389,-0.16243005,0.21560095,-0.96287714,,,
0.97050602,-0.14126348,-0.19535271,-0.17831756,-0.96596965,-0.18736367,-0.16223717,0.21667239,-0.96266912,0.00167972,-0.00459951,-0.00252483
0.97047641,-0.1412239,-0.19552838,-0.17850569,-0.96571812,-0.1884796,-0.16220744,0.21781793,-0.96241593,,,
0.97046077,-0.14116087,-0.19565147,-0.17855829,-0.96560666,-0.18899904,-0.1622431,0.21835135,-0.96228883,,,
0.97043115,-0.14110559,-0.19583821,-0.17875922,-0.96532058,-0.19026613,-0.16219905,0.21964807,-0.96200108,,,
0.97041632,-0.1409888,-0.19599571,-0.17893342,-0.96498952,-0.1917755,-0.16209563,0.22117226,-0.96166918,,,
0.97043198,-0.14091255,-0.19597303,-0.17899604,-0.96480819,-0.19262799,-0.16193269,0.22201076,-0.96150351,0.00116238,0.0034548,-0.00458519
0.97047807,-0.14055979,-0.19599811,-0.17920879,-0.96410084,-0.19594252,-0.16142034,0.2252825,-0.96082827,,,
0.97043281,-0.14058027,-0.19620741,-0.17934706,-0.96399142,-0.19635377,-0.16153883,0.22573737,-0.96070155,,,
0.970400661,-0.140429505,-0.196474193,-0.179395217,-0.963818115,-0.197159327,-0.161678417,0.226570073,-0.960482115,-0.00102426368,-0.00606167316,-0.000596272876
0.97044596,-0.14025428,-0.19637559,-0.17938422,-0.96359318,-0.1982661,-0.16141852,0.22763322,-0.96027452,,,
0.97047641,-0.14016363,-0.19628981,-0.17938093,-0.96346268,-0.19890256,-0.16123899,0.22824089,-0.96016049,,,
0.97053727,-0.13999805,-0.19610698,-0.17936129,-0.96323443,-0.20002291,-0.16089416,0.22930369,-0.95996515,,,
0.97056685,-0.13980632,-0.19609737,-0.17936403,-0.96299089,-0.20118857,-0.16071257,0.23043978,-0.95972326,,,
0.970581637,-0.139698896,-0.196100737,-0.179374805,-0.962843132,-0.201884718,-0.160611207,0.231121134,-0.959576323,0.000422384619,0.00752413273,0.00188461901
0.97059642,-0.13956066,-0.19612603,-0.1794108,-0.96262671,-0.20288308,-0.16048166,0.23210472,-0.95936072,,,
0.97064156,-0.13939411,-0.19602106,-0.17939211,-0.96241325,-0.20391035,-0.16022935,0.23308849,-0.9591645,-0.00417091,0.00127077,0.00508281
0.97065714,-0.13934965,-0.19597552,-0.17942786,-0.96229136,-0.20445415,-0.16009489,0.23361834,-0.95905819,,,
0.97068747,-0.13922121,-0.19591654,-0.17945502,-0.96207069,-0.20546561,-0.15988037,0.2346011,-0.95885391,,,
0.97070222,-0.1390525,-0.19596323,-0.17951551,-0.96178096,-0.20676342,-0.15972278,0.23588415,-0.95856499,,,
0.97070222,-0.13896781,-0.19602331,-0.17958453,-0.96158955,-0.20759321,-0.1596452,0.23671394,-0.95837358,,,
0.97071616,-0.13879793,-0.19607466,-0.17956942,-0.96140967,-0.20843723,-0.15957744,0.2375424,-0.95817977,,,
0.97071534,-0.1386966,-0.19615039,-0.17957553,-0.96129402,-0.20896464,-0.15957553,0.23806899,-0.95804936,,,
0.97071203,-0.13840665,-0.19637146,-0.1795061,-0.96109382,-0.20994379,-0.15967377,0.23904484,-0.95779017,,,
0.970696448,-0.138319785,-0.196509637,-0.179577345,-0.960918739,-0.210681715,-0.159688377,0.239796674,-0.957599504,-0.00757052377,-0.000262498856,-0.0105775036
0.97068086,-0.13828686,-0.19660982,-0.17960481,-0.96086757,-0.21089282,-0.15975228,0.24002169,-0.95753274,-0.00988119,0.00854874,-0.00781867
0.97069645,-0.13828125,-0.19653676,-0.17960866,-0.96083035,-0.21105791,-0.15965316,0.24017287,-0.95751111,-0.00778482,-0.00331533,-0.00400173
0.97074236,-0.13826318,-0.19632262,-0.179545,-0.96083277,-0.21110228,-0.15944551,0.24017467,-0.95754553,0.00359258,0.00563407,-0.0014095
0.9707112,-0.13827439,-0.19646872,-0.17953727,-0.96090648,-0.2107717,-0.15964378,0.23987191,-0.95758808,,,
0.97074069,-0.13824522,-0.19634352,-0.17940703,-0.96102349,-0.21034973,-0.15961088,0.23942045,-0.95770677,0.00250533,0.00201631,0.005083
0.970771,-0.138225,-0.19620782,-0.1793458,-0.9610448,-0.21030386,-0.15949528,0.23934594,-0.95774449,,,
0.970771001,-0.138240391,-0.196196978,-0.179333282,-0.961080062,-0.210153313,-0.159509352,0.239195392,-0.957779755,-0.00348911691,-0.00510251522,0.000307452807
0.97078573,-0.13823347,-0.19612896,-0.17926193,-0.96115598,-0.20986692,-0.15949991,0.23889427,-0.95785651,-0.00737963,0.00155497,-0.00622032
0.970786564,-0.138373268,-0.196026245,-0.179224534,-0.96136004,-0.208963092,-0.159536881,0.237991273,-0.958075295,-0.007320025,0.000225782394,-0.00768304011
0.970802119,-0.138429123,-0.195909728,-0.179178392,-0.961463459,-0.208525658,-0.159494037,0.237539942,-0.958194269,-0.0053151655,0.00547027588,0.000674777897
0.970818493,-0.138586187,-0.195717452,-0.179126203,-0.961682093,-0.207560278,-0.159452989,0.236561481,-0.958443177,0.000568632968,0.0138058662,0.00644462043
0.97080294,-0.1386996,-0.19571423,-0.1790344,-0.96196195,-0.20633839,-0.15965062,0.2353535,-0.95870749,,,
0.970834844,-0.138850701,-0.195448684,-0.178986347,-0.962142513,-0.205537408,-0.159510479,0.234525524,-0.958933856,-0.00194368407,-0.00614088774,-0.000577348343
0.970865081,-0.138891538,-0.195269381,-0.178875277,-0.962301728,-0.204887049,-0.159451014,0.233846548,-0.959109405,-2.65601557e-05,-0.00469410419,0.00309165777
0.97086508,-0.13894528,-0.19523114,-0.17883138,-0.96242238,-0.20435814,-0.15950025,0.23331764,-0.95923006,,,
0.970863456,-0.138958101,-0.195230116,-0.17866777,-0.962677104,-0.203299789,-0.159693393,0.232257664,-0.959455356,-0.000760990428,0.00625407696,0.00138561125
0.97084874,-0.13908049,-0.19521611,-0.17864479,-0.96285963,-0.20245289,-0.15980848,0.23142548,-0.95963707,,,
0.97086346,-0.13907332,-0.19514803,-0.17857345,-0.96293325,-0.20216488,-0.15979883,0.23112275,-0.95971151,0.00175114,0.00300455,0.00440563
0.97087817,-0.13906612,-0.19507995,-0.17850211,-0.96300688,-0.20187684,-0.15978915,0.23082001,-0.95978595,,,
0.9709092,-0.139154,-0.19486274,-0.17842903,-0.96315698,-0.20122478,-0.15968221,0.23014016,-0.95996708,-0.00347592,-0.00381303,-0.00305114
0.970939399,-0.139156102,-0.194710701,-0.17834949,-0.96322876,-0.200951222,-0.159587397,0.229838016,-0.96005517,-0.00668426277,-0.00554692745,0.000536959735
0.97098586,-0.13926075,-0.19440397,-0.17826206,-0.96339356,-0.20023768,-0.15940231,0.22908281,-0.96026643,-0.00605023,-0.00161791,0.00140475
0.97098506,-0.13929775,-0.19438144,-0.17815499,-0.96358645,-0.19940384,-0.15952682,0.22824817,-0.96044464,,,
0.97098426,-0.13929645,-0.19438636,-0.17807927,-0.96369442,-0.19894884,-0.15961621,0.22779237,-0.96053792,,,
0.97100054,-0.13942189,-0.19421508,-0.17805254,-0.96383707,-0.19828079,-0.15954702,0.22711124,-0.96071073,-0.00232939,0.00238395,-0.00405506
0.971046915,-0.139518439,-0.19391361,-0.177971676,-0.96398316,-0.197641584,-0.159354841,0.226430383,-0.960903202,0.000171171385,-0.00461435318,-0.0053970539
0.97106236,-0.13955822,-0.19380763,-0.17793849,-0.96404866,-0.19735269,-0.1592978,0.2261276,-0.96098414,,,
0.97107702,-0.13956605,-0.19372851,-0.17785469,-0.96415436,-0.19691162,-0.15930199,0.22567188,-0.96109062,,,
0.97104613,-0.13961655,-0.19384692,-0.17781415,-0.96430714,-0.19619864,-0.15953539,0.22498666,-0.96121251,,,
0.97103146,-0.13969286,-0.1938654,-0.1778287,-0.96438452,-0.19580391,-0.15960841,0.22460659,-0.96128911,,,
0.97103146,-0.13976172,-0.19381576,-0.17777198,-0.96453348,-0.19511973,-0.15967157,0.22392241,-0.96143807,-0.00650785,0.00100684,0.00405833
0.97104613,-0.13978486,-0.19372559,-0.17767552,-0.96467142,-0.19452601,-0.15968976,0.22331403,-0.9615768,,,
0.97104613,-0.13981544,-0.19370351,-0.1776503,-0.96473732,-0.19422184,-0.15971781,0.22300985,-0.96164269,,,
0.97104613,-0.139869,-0.19366485,-0.17760613,-0.96485264,-0.19368912,-0.15976693,0.22247713,-0.96175801,-0.0051865,-0.00797307,-0.00875246
0.97106079,-0.13985384,-0.19360227,-0.1775412,-0.96490752,-0.1934755,-0.15974998,0.22224885,-0.96181368,,,
0.971060794,-0.13987678,-0.193585694,-0.177522265,-0.964956705,-0.193247124,-0.159771024,0.222020476,-0.961862867,0.00284680142,0.00555670261,0.000583762187
0.97107702,-0.13999408,-0.19341942,-0.177502,-0.96507923,-0.19265249,-0.15969487,0.22141274,-0.96201549,-0.00111755,0.0074662,-0.00221272
0.9710778,-0.140125281,-0.193320479,-0.177470719,-0.965251801,-0.1918145,-0.159724907,0.22057553,-0.962202727,-0.00178789429,0.00543284416,0.000812821032
0.97106314,-0.14020167,-0.19333876,-0.17748513,-0.96532778,-0.19141887,-0.15979804,0.22019457,-0.96227793,,,
0.97110788,-0.14020301,-0.19311293,-0.17732857,-0.96548382,-0.19077671,-0.15969993,0.2195092,-0.96245094,-0.00546482,0.00420654,-0.00487645
0.97109323,-0.14024882,-0.19315333,-0.1773682,-0.96549435,-0.19068585,-0.15974499,0.219433,-0.96246071,-0.00276624,0.00359011,-0.00679238
0.97110865,-0.14029591,-0.19304158,-0.17732886,-0.96557403,-0.19031916,-0.15969493,0.21905242,-0.96255581,-0.00163657,0.00610244,-0.00297691
0.97112483,-0.140428186,-0.192863917,-0.177296156,-0.965727223,-0.189570902,-0.159632826,0.21829104,-0.962739064,-0.000923308311,0.000763177872,-0.00523836585
0.97112483,-0.14046636,-0.19283613,-0.17726456,-0.96580797,-0.18918923,-0.15966792,0.21790936,-0.96281981,0.00209056,-0.00495279,0.00341338
0.97120028,-0.14041643,-0.19249218,-0.17714962,-0.96581467,-0.18926239,-0.15933621,0.2179116,-0.9628742,0.00552799,-0.00340754,0.01078058
0.97126026,-0.14031959,-0.19226,-0.17707379,-0.96574197,-0.18970248,-0.15905461,0.21829469,-0.96283372,0.00237245,-0.00560528,0.00428775
0.971244154,-0.140263679,-0.19238216,-0.177043338,-0.965750647,-0.189687979,-0.159186845,0.218293319,-0.962812422,0.00197796058,-0.00785064697,0.000209155667
0.971197258,-0.140197676,-0.192666806,-0.177021976,-0.96577811,-0.189567775,-0.159496415,0.218213961,-0.962779123,-0.00526001817,-0.0001475811,-0.00773741724
0.97118186,-0.14021169,-0.19273417,-0.17701071,-0.96582764,-0.18932404,-0.1596026,0.21798409,-0.96281326,-0.00795297,0.00582683,-0.00530655
0.97119649,-0.14019636,-0.19267162,-0.17694585,-0.96588186,-0.1891097,-0.15958552,0.21775512,-0.96286824,-0.00369605,0.00950074,-0.00414769
0.97119649,-0.1402726,-0.19261611,-0.17688267,-0.96604242,-0.18834623,-0.15965554,0.21699165,-0.9630288,-0.00403982,0.00844097,-0.00276247
0.97117954,-0.14023842,-0.19272642,-0.17675684,-0.96620201,-0.18764393,-0.1598978,0.21630166,-0.96314372,,,
0.97119339,-0.1401684,-0.19270758,-0.17666004,-0.96624674,-0.18750586,-0.15992068,0.21614818,-0.9631746,,,
0.9711764,-0.14009615,-0.19284573,-0.17656575,-0.96632631,-0.18718552,-0.16012789,0.21584011,-0.9632095,0.00531093,-0.00345981,0.00316394
0.97118944,-0.14000967,-0.19284288,-0.17640523,-0.96644139,-0.18674147,-0.16022571,0.21537983,-0.96329611,0.00458563,-0.00755036,0.00858684
0.97120407,-0.14000958,-0.19276924,-0.17632761,-0.96652644,-0.18637378,-0.16022246,0.21499751,-0.96338196,,,
0.97123331,-0.13998643,-0.19263869,-0.17619145,-0.96664876,-0.18586764,-0.160195,0.21446213,-0.96350588,0.00402019,0.01003051,0.00800858
0.97127794,-0.13993374,-0.19245182,-0.17607948,-0.96668999,-0.18575841,-0.1600474,0.21430986,-0.96356412,0.00407103,0.00506639,0.00557566
0.97129255,-0.13990305,-0.19240042,-0.17602729,-0.96671149,-0.18569657,-0.16001619,0.21423342,-0.96358642,0.0045768,0.00626969,0.00778993
0.97132095,-0.13980994,-0.19232472,-0.17587188,-0.96679303,-0.18541962,-0.16001468,0.21392647,-0.96365496,0.00561325,0.00290549,0.00607152
0.971320145,-0.139816304,-0.192324133,-0.175789115,-0.966910463,-0.184883916,-0.160110455,0.213389963,-0.963757793,0.00346082426,-0.000705718994,0.0103290481
0.97133634,-0.13990241,-0.19217967,-0.17579457,-0.96696508,-0.18459225,-0.16000617,0.21308531,-0.9638424,0.0037568,-0.00291657,0.00406112
0.97129413,-0.14019523,-0.1921796,-0.17593894,-0.96710771,-0.183706,-0.1601037,0.21224443,-0.96401184,0.00313037,-0.00347209,0.00355751
0.971193393,-0.140611132,-0.192384788,-0.176291868,-0.967164819,-0.183067384,-0.160326462,0.211709706,-0.964092684,-0.00119260722,0.00534725189,0.000390422181
0.97112253,-0.14093619,-0.19250459,-0.17664235,-0.96710017,-0.18307079,-0.16036991,0.21178863,-0.96406806,-0.00633348,0.00300765,-0.00423762
0.97096499,-0.14152413,-0.1928676,-0.17739528,-0.966862,-0.18359893,-0.16049269,0.21248194,-0.96389486,-0.00452313,0.00100851,-0.01273917
0.97076196,-0.14217219,-0.19341222,-0.17825366,-0.96659788,-0.1841588,-0.16076956,0.21325079,-0.96367917,0.00445317,0.00225067,-0.01529748
0.97067492,-0.14248076,-0.1936219,-0.1786179,-0.96651819,-0.1842233,-0.16089082,0.21340528,-0.96362458,0.00735115,-0.00256556,-0.01223831
0.97046787,-0.14301742,-0.19426307,-0.17925907,-0.96643895,-0.18401626,-0.16142586,0.21340529,-0.96353511,0.00643091,-0.00367856,-0.00195392
0.97027125,-0.14329646,-0.195038,-0.17964976,-0.96643225,-0.18367027,-0.16217171,0.21324851,-0.96344461,-0.00424052,-0.00548202,0.00150805
0.970178976,-0.143330943,-0.195471191,-0.179777486,-0.966410589,-0.183657508,-0.162581675,0.213321977,-0.963358908,-0.000156557915,-0.0060068965,-0.000276932871
0.97001035,-0.14343985,-0.19622672,-0.18007683,-0.96632825,-0.1837998,-0.16325518,0.2136236,-0.9631786,,,
0.96990655,-0.14374734,-0.19651458,-0.180442,-0.96626525,-0.18377164,-0.16346854,0.2137008,-0.96312506,,,
0.96987974,-0.14401178,-0.19645327,-0.18068683,-0.96622504,-0.18374176,-0.16335713,0.21370393,-0.96314312,,,
0.96985509,-0.14442489,-0.19627162,-0.18104019,-0.96617915,-0.18363531,-0.16311207,0.21363269,-0.96320048,0.00242506,0.00174928,-0.00429289
0.9698131,-0.14473548,-0.19625031,-0.18132433,-0.96614917,-0.18351386,-0.1630461,0.2135591,-0.96322819,-0.00571956,-0.00130153,-0.00706161
0.96979885,-0.14482853,-0.19625211,-0.18140194,-0.96615199,-0.18342235,-0.16304456,0.2134833,-0.96324527,-0.00440133,-0.0026229,-0.00360479
0.96978314,-0.14480434,-0.19634756,-0.18142231,-0.96612204,-0.18356049,-0.16311532,0.21363569,-0.9631996,,,
0.96969096,-0.14488566,-0.19674244,-0.1815883,-0.96609302,-0.18354693,-0.16347822,0.21370993,-0.9631212,-0.0039885,0.00410318,0.00098392
0.969645172,-0.144953679,-0.196917919,-0.181687227,-0.9660831,-0.183501957,-0.163639811,0.213709259,-0.963094044,-0.00111890549,0.00619494915,0.000481525669
0.96953994,-0.14523762,-0.19722661,-0.18199444,-0.96607429,-0.18324365,-0.16392171,0.21355619,-0.96308004,0.00226932,0.00104952,0.00657938
0.96949844,-0.14555604,-0.19719585,-0.18234929,-0.96595776,-0.18350457,-0.1637727,0.21386592,-0.96303658,-0.0095649,-0.01366669,-0.00827213
0.96948482,-0.14561787,-0.19721721,-0.18253016,-0.9657957,-0.18417826,-0.16365186,0.21455611,-0.96290393,-0.01066353,-0.01008004,-0.0109716
0.96939581,-0.14576151,-0.19754832,-0.18303052,-0.96538105,-0.18584606,-0.16362024,0.21631577,-0.96251514,-0.00707341,0.00500369,-0.009038
0.96924264,-0.14588538,-0.19820736,-0.18347112,-0.96510568,-0.18684085,-0.16403369,0.21745944,-0.96218734,,,
0.969150409,-0.145981436,-0.198587273,-0.183701971,-0.965005322,-0.187131698,-0.164320025,0.217839635,-0.962052379,0.000693810172,-0.00616669655,-0.0092835566
0.96904211,-0.1460449,-0.19906851,-0.1839601,-0.96485817,-0.18763626,-0.16466956,0.2184481,-0.96185464,0.00677953,-0.01112175,0.0019223
0.96911792,-0.14574359,-0.19892027,-0.18382219,-0.96466149,-0.18877998,-0.16437722,0.21951602,-0.96166164,0.00571834,-0.0080024,0.00494967
0.96919363,-0.145474,-0.19874865,-0.18365795,-0.96452815,-0.18961798,-0.1641142,0.22027831,-0.96153199,0.00215452,-0.00761187,0.0050457
0.96930019,-0.14507335,-0.19852167,-0.18352406,-0.96418665,-0.19147587,-0.1636339,0.2220311,-0.96121076,,,
0.96936277,-0.14495246,-0.19830429,-0.18354518,-0.96395811,-0.19260163,-0.163239,0.22309865,-0.96103042,-0.00921519,0.00691128,-0.00701543
0.96937786,-0.14489087,-0.19827558,-0.18351864,-0.96391491,-0.192845,-0.16317928,0.22332694,-0.96098795,-0.00725751,0.00341785,-0.00846108
0.969424544,-0.144870857,-0.198061814,-0.183457018,-0.963917285,-0.192890199,-0.162971071,0.223328326,-0.961022648,-0.000370121561,0.00935697556,0.00860459916
0.96949988,-0.14467259,-0.19783786,-0.18323378,-0.96392958,-0.19304156,-0.16277395,0.22340434,-0.96103852,0.00301211,0.00255108,0.00451091
0.969545038,-0.144542704,-0.19771148,-0.183108829,-0.963913931,-0.193238883,-0.162645563,0.223556517,-0.961025016,2.78130174e-05,0.0041270256,0.00463242643
0.969666,-0.14424618,-0.19733444,-0.18281139,-0.96386967,-0.19373935,-0.16225855,0.22393745,-0.96100149,,,
0.96981598,-0.14386543,-0.19687483,-0.18235178,-0.96392663,-0.19388937,-0.16187893,0.22393748,-0.96106556,0.00620096,0.00269151,0.01032013
0.9698609,-0.14379783,-0.19670285,-0.18217553,-0.96404261,-0.193478,-0.16180823,0.22348119,-0.96118368,0.00334859,-0.00482035,0.01366219
0.9699065,-0.14376953,-0.19649858,-0.18204378,-0.96413455,-0.19314248,-0.16168313,0.22310149,-0.96129271,0.00125204,-0.00482672,0.00723879
0.96992216,-0.14379411,-0.196403281,-0.182023168,-0.964165946,-0.193005298,-0.161612381,0.222950067,-0.961339771,0.00353582413,-0.000335216522,0.00786501449
0.969938516,-0.143873546,-0.196264299,-0.182034249,-0.9642067,-0.192791925,-0.161501717,0.222723139,-0.961411126,0.00070712727,0.00887548923,0.00388441538
0.96995346,-0.14386646,-0.19619563,-0.18196279,-0.96427817,-0.19250257,-0.16149249,0.22241884,-0.96148329,,,
0.9699684,-0.14384386,-0.19613831,-0.18190408,-0.96431647,-0.19236521,-0.16146887,0.22226653,-0.96152229,,,
0.96999758,-0.14374375,-0.19606738,-0.18175494,-0.96438418,-0.19216675,-0.16146153,0.2220375,-0.96157646,,,
0.97002745,-0.14370625,-0.19594709,-0.18163115,-0.96447749,-0.19181587,-0.16142142,0.22165675,-0.96167117,-0.00593973,-0.00478381,0.0013449
0.97002745,-0.14372173,-0.19593572,-0.18161838,-0.96450996,-0.19166358,-0.16143577,0.22150447,-0.96170364,-0.00115713,-0.00463641,0.00173694
0.97009058,-0.14378928,-0.19557327,-0.18163805,-0.96446419,-0.19187559,-0.16103378,0.22166025,-0.96173523,0.00182217,0.0033052,0.00694215
0.97010617,-0.14380602,-0.19548363,-0.1816239,-0.96447919,-0.19181432,-0.16095583,0.22158476,-0.96176582,0.00726028,0.00118232,0.00563697
0.97006075,-0.14389648,-0.19564237,-0.18170443,-0.96451791,-0.19154103,-0.16113856,0.22135552,-0.96178758,-0.00208932,-0.00458533,0.00130219
0.97004514,-0.14387978,-0.19573202,-0.18171861,-0.96450339,-0.19160232,-0.16121651,0.22143105,-0.96175746,,,
0.97004377,-0.14378555,-0.19580808,-0.18164233,-0.96451759,-0.19160234,-0.16131072,0.2214297,-0.96174182,,,
0.97005869,-0.14373195,-0.19577354,-0.18160918,-0.96449096,-0.19176964,-0.16125836,0.22158207,-0.96171588,,,
0.9700736,-0.14368609,-0.19573329,-0.18156963,-0.96448033,-0.19186071,-0.16121316,0.22165823,-0.96170594,,,
0.970119025,-0.143580159,-0.195585828,-0.181501779,-0.964408184,-0.192286167,-0.161016094,0.222039645,-0.961650781,-0.000352260657,0.00156331062,-0.00478420593
0.97016441,-0.143474303,-0.195438331,-0.181433831,-0.964336069,-0.19271142,-0.160819097,0.222420887,-0.961595626,-0.000165147008,0.0029784441,0.0044262358
0.97017999,-0.14346787,-0.1953657,-0.18143866,-0.96430167,-0.19287847,-0.16071962,0.22257372,-0.9615768,,,
0.97017931,-0.14341302,-0.19540935,-0.1814069,-0.96429228,-0.19295449,-0.16075958,0.22264906,-0.96155252,-0.00347503,-0.00633395,0.00461882
0.97017793,-0.14329556,-0.19550234,-0.18134976,-0.96425727,-0.19318289,-0.16083235,0.22287608,-0.96148773,0.00261026,-0.00587368,0.00531881
0.97017723,-0.14321752,-0.19556296,-0.18133709,-0.96419871,-0.19348722,-0.16085083,0.22317972,-0.96141428,0.00169723,-0.00532216,0.00140118
0.97023536,-0.14288594,-0.19551714,-0.18114688,-0.96405442,-0.19438342,-0.1607145,0.22401498,-0.96124303,0.0054268,-0.00436312,0.00389462
0.9703401,-0.1425433,-0.19524729,-0.18096426,-0.96382159,-0.1957034,-0.16028735,0.22523164,-0.96102997,,,
0.97038463,-0.14235986,-0.19515979,-0.18088306,-0.96368863,-0.1964316,-0.16010931,0.22591531,-0.96089912,-0.00188288,-0.00481176,-0.00210491
0.97047429,-0.14202516,-0.19495771,-0.18077086,-0.96338069,-0.19803859,-0.15969206,0.22743403,-0.96061019,,,
0.970486991,-0.141722437,-0.195114706,-0.180711573,-0.963138611,-0.199266733,-0.15968195,0.228645258,-0.960324377,-0.00442123273,0.00905632973,-0.000263866852
0.970486282,-0.141636726,-0.195180472,-0.180705099,-0.963061451,-0.19964579,-0.1596936,0.229023606,-0.960232407,-0.00436957832,0.00539636612,0.000459223636
0.97052855,-0.14130417,-0.19521134,-0.18051583,-0.96293019,-0.20044791,-0.15965077,0.22977915,-0.96005888,-0.0021103,0.00419962,0.00208428
0.97060106,-0.14094311,-0.19511184,-0.18027213,-0.96280248,-0.20127911,-0.15948527,0.23053495,-0.95990522,-0.00125948,-0.00349641,-0.00428493
0.97061437,-0.14075682,-0.19518009,-0.18019412,-0.96270298,-0.20182374,-0.1594924,0.23106333,-0.95977689,,,
0.97067122,-0.14030967,-0.19521932,-0.18002127,-0.96240451,-0.20339586,-0.15934155,0.23257414,-0.95943708,0.01048844,-0.00440395,0.01097743
0.97077447,-0.13984527,-0.19503904,-0.17986045,-0.96199514,-0.20546372,-0.1588935,0.23453874,-0.95903295,0.01084526,-0.01020598,0.01415894
0.97083339,-0.1395791,-0.19493639,-0.17976904,-0.961757,-0.20665503,-0.15863673,0.23567113,-0.95879781,0.01177942,-0.01235342,0.00830747
0.97096649,-0.13902665,-0.19466811,-0.17960154,-0.96120522,-0.20935084,-0.15801066,0.23823534,-0.95826745,0.00697927,-0.00302607,0.00599186
0.97105455,-0.13857144,-0.19455335,-0.17950914,-0.96070823,-0.21169723,-0.15757386,0.24049367,-0.95777494,-0.00580864,0.00615239,-0.00881773
0.97106922,-0.13846516,-0.19455587,-0.17951836,-0.96055429,-0.21238877,-0.157473,0.24117054,-0.95762174,-0.00936498,0.00564003,-0.01325094
0.97109704,-0.13818805,-0.19461399,-0.17943663,-0.96032955,-0.21347027,-0.15739453,0.24222123,-0.95736918,-0.00800842,0.00833929,-0.01003245
0.9711233,-0.13778536,-0.19476839,-0.17930431,-0.96004618,-0.21485146,-0.15738327,0.24357007,-0.95702873,0.00181237,0.00945997,0.00642311
0.971168,-0.13764396,-0.19464549,-0.17926413,-0.95987574,-0.2156459,-0.15715311,0.24432135,-0.95687523,0.00655169,0.01050997,0.01207604
0.97130334,-0.1373994,-0.19414226,-0.1791502,-0.95954577,-0.21720232,-0.15644494,0.24574996,-0.95662514,0.00744633,0.00143099,0.0095776
0.97139457,-0.13729861,-0.19375674,-0.17915039,-0.95927085,-0.21841387,-0.15587727,0.24687764,-0.9564276,,,
0.97145575,-0.13726348,-0.19347472,-0.1791751,-0.95908206,-0.21922109,-0.15546709,0.24762944,-0.95629998,0.00811618,-0.00467992,-0.00353635
0.97147313,-0.13722018,-0.19341816,-0.17943611,-0.95858304,-0.22118087,-0.15505691,0.24957748,-0.95585992,0.00580584,-0.00278455,-0.00336172
0.97145926,-0.13710134,-0.19357204,-0.17968346,-0.95807243,-0.22318379,-0.15485724,0.25159565,-0.95536318,-0.00325173,-0.00619376,-0.01716159
0.97142872,-0.1369597,-0.19382536,-0.17979866,-0.95777849,-0.22434883,-0.15491504,0.25278844,-0.95503871,,,
0.97134935,-0.13649688,-0.19454829,-0.17987138,-0.95727338,-0.22643808,-0.15532779,0.25494415,-0.95439876,0.00144833,0.00836492,0.00254463
0.97125651,-0.13621131,-0.19521084,-0.1800299,-0.9568578,-0.22806308,-0.15572421,0.25665154,-0.95387648,-0.00211177,0.00818586,-0.00097518
0.97122498,-0.13606627,-0.19546871,-0.18007223,-0.95667901,-0.2287778,-0.15587187,0.2573932,-0.9536523,-0.00341002,0.00487876,-0.00138903
0.97119182,-0.13568819,-0.19589579,-0.18014951,-0.95617142,-0.23082968,-0.1559891,0.25947043,-0.95307002,-0.00334093,-0.00241208,-0.00835741
0.971192609,-0.135682744,-0.19589566,-0.180229178,-0.956030797,-0.231349524,-0.155892141,0.259991061,-0.952944034,-0.000906437752,-0.00777041912,-0.00335970754
0.97120724,-0.13553891,-0.19592268,-0.18026721,-0.95576785,-0.23240323,-0.15575695,0.26103013,-0.95268187,0.00400426,0.00587833,0.00696857
0.97120645,-0.13541481,-0.19601238,-0.18029059,-0.95558279,-0.23314499,-0.1557348,0.26177111,-0.95248218,,,
0.97118944,-0.13527006,-0.19619656,-0.18025629,-0.95550234,-0.2335012,-0.15588056,0.26213957,-0.95235706,0.00575806,-0.00185597,0.0041406
0.97117157,-0.13505443,-0.19643338,-0.18020308,-0.95537072,-0.2340795,-0.15605326,0.26272925,-0.95216611,-0.00259202,0.00388741,0.00399648
0.97117075,-0.13494544,-0.19651232,-0.18021447,-0.95522326,-0.23467226,-0.15604521,0.2633212,-0.95200402,,,
0.97118456,-0.13476118,-0.19657053,-0.18020932,-0.95498381,-0.23564969,-0.15596522,0.26428318,-0.95175076,-0.00209484,0.00455773,0.00816484
0.97119919,-0.13467067,-0.19656026,-0.18020481,-0.95485284,-0.23618246,-0.15587929,0.26480132,-0.95162061,,,
0.97119837,-0.13459215,-0.1966181,-0.18019193,-0.95478193,-0.23647838,-0.1558993,0.26509641,-0.95153507,,,
0.9711804,-0.13439909,-0.19683881,-0.18012089,-0.95470744,-0.23683371,-0.15609324,0.26546304,-0.95140124,-0.00226515,0.00428057,0.00253342
0.97119503,-0.13435439,-0.19679713,-0.18008005,-0.95469313,-0.23692234,-0.15604931,0.26553704,-0.95138777,,,
0.97122427,-0.1342803,-0.19670337,-0.17998629,-0.95470349,-0.23695155,-0.15597548,0.265537,-0.95139981,,,
0.9712535,-0.13419857,-0.19661481,-0.17989858,-0.95469461,-0.23705485,-0.15589465,0.26561107,-0.95139261,,,
0.97129816,-0.13411256,-0.19645282,-0.17981305,-0.95464447,-0.23732039,-0.15571497,0.26583364,-0.9513596,-0.00469847,-0.00229275,-0.00435552
0.97131359,-0.1341083,-0.19637941,-0.17981529,-0.95460368,-0.23748289,-0.1556161,0.26598238,-0.95133425,,,
0.97137194,-0.13391448,-0.19622299,-0.17966387,-0.95450711,-0.23798488,-0.15542664,0.26642602,-0.95124102,,,
0.971371104,-0.133858833,-0.196265085,-0.179632865,-0.954494402,-0.238058792,-0.155467696,0.266499095,-0.951213723,-0.00245534466,0.00724840164,0.000264754402
0.97138485,-0.13380425,-0.19623432,-0.17952482,-0.95458524,-0.23777777,-0.15550667,0.26620265,-0.95129082,-0.00601793,-0.00118172,0.00119389
0.9714448,-0.13378255,-0.19595211,-0.17938715,-0.95467,-0.23754029,-0.15529086,0.26590857,-0.95140808,-0.00283121,-0.00105512,-0.00904575
0.9714448,-0.133820571,-0.195926146,-0.179357017,-0.954767652,-0.237170445,-0.15532566,0.265538725,-0.95150573,-0.00569347898,-0.000247001648,-0.0098431576
0.97146019,-0.13389991,-0.19579558,-0.17929294,-0.95494124,-0.23651915,-0.15530338,0.2648737,-0.9516947,,,
0.97152005,-0.13388559,-0.19550815,-0.17914941,-0.95504511,-0.23620714,-0.15509442,0.26450515,-0.951831,0.00509435,-0.00345927,0.00412879
0.97154995,-0.13387459,-0.19536707,-0.17908069,-0.95508781,-0.23608829,-0.15498645,0.26435804,-0.95188987,0.00292529,0.00740671,0.00164228
0.97157984,-0.13390902,-0.19519474,-0.17897587,-0.95524603,-0.23552493,-0.15492015,0.26376642,-0.95206426,-0.00097236,-0.00287938,-0.00576764
0.97157984,-0.13396208,-0.19515836,-0.17893377,-0.95538197,-0.23500651,-0.15496881,0.26324801,-0.9522002,-0.00764399,0.00404477,-0.01209609
0.971549951,-0.134026266,-0.195263036,-0.178960274,-0.955475198,-0.234607021,-0.155125477,0.262876766,-0.95227726,-0.0112506095,0.000832557678,-0.0115430169
0.97153294,-0.13400303,-0.19536357,-0.17882936,-0.95570269,-0.23377694,-0.15538274,0.26205874,-0.95246031,-0.00421529,0.00211024,0.00265058
0.97154913,-0.13416798,-0.19516977,-0.17877233,-0.95596353,-0.23275321,-0.15534716,0.26102213,-0.95275106,0.00273212,0.00220561,0.00478786
0.971564484,-0.134224238,-0.195054601,-0.178726432,-0.956076626,-0.232322351,-0.155303914,0.260577563,-0.952879507,0.000403603481,-0.00586134195,-0.000398621691
0.97157984,-0.13428802,-0.19493422,-0.17867455,-0.95620922,-0.23181738,-0.1552676,0.26005887,-0.95302745,,,
0.97156448,-0.13434558,-0.19497107,-0.17862979,-0.95638286,-0.2311345,-0.1554151,0.25938971,-0.95318574,,,
0.971563663,-0.134350797,-0.194971566,-0.178550251,-0.956523225,-0.230614511,-0.155511594,0.258868902,-0.953311576,-0.00573585043,-0.000574111938,0.00343055162
0.971547476,-0.134360572,-0.195045463,-0.178468053,-0.95670292,-0.229931023,-0.155706937,0.258198292,-0.953461374,0.00077759719,0.00609827042,0.000109150613
0.97153211,-0.13436513,-0.19511887,-0.17846546,-0.95674272,-0.22976788,-0.15580578,0.25804885,-0.9534858,0.00537498,0.00432301,0.00305107
0.97156201,-0.1343537,-0.19497779,-0.17839706,-0.95678402,-0.22964817,-0.15569761,0.2579009,-0.9535433,0.00603963,-0.00253725,0.00206175
0.9715919,-0.13432707,-0.19484718,-0.17834079,-0.95678776,-0.22967723,-0.15557554,0.25790174,-0.95356323,,,
0.97160724,-0.13435286,-0.19475285,-0.17831919,-0.95682408,-0.22954305,-0.15550445,0.25775386,-0.9536149,,,
0.97162177,-0.13433834,-0.1946904,-0.17825427,-0.95688617,-0.22933449,-0.15548813,0.25753078,-0.95367781,-0.00497283,-0.00136697,0.00236293
0.971607243,-0.134428661,-0.194700535,-0.178258637,-0.957013397,-0.2287993,-0.155573845,0.25701011,-0.953804218,-0.00447373511,-0.00236284733,-0.000642061816
0.97160642,-0.13441114,-0.19471673,-0.17819711,-0.95709577,-0.22850155,-0.15564945,0.25671153,-0.95387206,,,
0.97160642,-0.13444905,-0.19469056,-0.1781668,-0.9571902,-0.2281295,-0.15568414,0.25633948,-0.95396649,0.00312582,-0.00225168,0.00359187
0.97159107,-0.13444609,-0.19476919,-0.17817018,-0.95721071,-0.22804052,-0.15577605,0.2562642,-0.95397166,,,
0.97159024,-0.13440587,-0.19480111,-0.17812684,-0.95723671,-0.22796609,-0.15583081,0.25618894,-0.95398314,,,
0.97155781,-0.13430435,-0.19503273,-0.17805899,-0.95729175,-0.2277882,-0.15611029,0.25603674,-0.95397837,,,
0.97155524,-0.13418372,-0.19512852,-0.17792888,-0.9573691,-0.22756483,-0.15627452,0.2558108,-0.95401212,0.00462751,0.00446486,0.00116566
0.971539848,-0.13418079,-0.195207172,-0.17793219,-0.957389661,-0.227475865,-0.156366428,0.255735506,-0.954017289,0.0046784794,0.0018954277,0.000318286591
0.97152358,-0.13416052,-0.19530205,-0.17787381,-0.95749217,-0.22708892,-0.15653385,0.25536136,-0.95408985,,,
0.97150903,-0.13420544,-0.19534354,-0.17791442,-0.95750575,-0.22699991,-0.15657796,0.2552869,-0.95410256,,,
0.97150816,-0.13416524,-0.1953755,-0.17787101,-0.95753155,-0.22692548,-0.1566327,0.25521159,-0.95411381,,,
0.97149097,-0.13407439,-0.19552328,-0.17779355,-0.95758471,-0.22676199,-0.15682713,0.25506001,-0.95412247,,,
0.971518279,-0.133911788,-0.195499016,-0.177619418,-0.957627701,-0.226716552,-0.156855266,0.254983696,-0.954138148,9.67841479e-05,0.00529003143,0.00288502802
0.97153282,-0.13389733,-0.19543668,-0.1775544,-0.95768929,-0.22650759,-0.15683885,0.2547602,-0.95420063,,,
0.97156188,-0.13386835,-0.19531198,-0.17742434,-0.95781199,-0.22608949,-0.15680596,0.25431303,-0.95432512,0.00385825,0.00331616,0.00336937
0.97156099,-0.13385864,-0.19532311,-0.17735643,-0.95791274,-0.2257168,-0.15688834,0.25393945,-0.95441134,0.0042193,0.00394154,0.00610708
0.97157551,-0.13385175,-0.19525555,-0.17728528,-0.95799242,-0.22543297,-0.15687878,0.25364109,-0.95449192,,,
0.97160545,-0.13388568,-0.19508323,-0.17718039,-0.95814527,-0.22486547,-0.15681184,0.25304545,-0.95466108,,,
0.97166438,-0.13383717,-0.19482284,-0.17698835,-0.95828979,-0.22440126,-0.1566635,0.25252408,-0.95482368,,,
0.971678881,-0.133814985,-0.194765743,-0.176929474,-0.95833191,-0.224266477,-0.156640053,0.252374803,-0.95486669,-0.00696381647,-0.000305056572,-0.00400790991
0.97170609,-0.13368271,-0.19472086,-0.17673083,-0.95844916,-0.22392221,-0.15669554,0.25199976,-0.95495673,-0.00387716,0.00150955,-0.0058523
