0,1,2,3,4,5,6,7,8,9,10,11
0.14004078,-0.77671689,-0.61408432,0.9794951,0.19939478,-0.02882996,0.14483795,-0.59745518,0.7887137,-0.01760866,-0.00213385,0.01999701
0.13961096,-0.77724367,-0.61351528,0.97951473,0.1992045,-0.02946862,0.14511929,-0.59683314,0.78913281,-0.01553264,-0.00392461,0.018724
0.13848005,-0.77776372,-0.61311245,0.97954586,0.19882305,-0.03097278,0.1459904,-0.59628265,0.78938825,-0.01914438,0.00357741,0.01560621
0.13658462,-0.77795375,-0.61329654,0.97955012,0.19839129,-0.03350379,0.1477371,-0.59617858,0.78914185,-0.01603092,0.00513488,0.01748355
0.13564255,-0.77794464,-0.613517,0.97955209,0.19817272,-0.03471539,0.14858895,-0.59626302,0.78891806,-0.01390685,0.00844723,0.01486151
0.13371212,-0.7779395,-0.61394719,0.97961239,0.19748236,-0.03688148,0.14993529,-0.59649879,0.788485,-0.02149607,0.00799352,0.00716322
0.13169268,-0.77816026,-0.61410388,0.97973961,0.19647024,-0.03885468,0.15088828,-0.59654504,0.78826818,-0.02222921,0.0051685,0.00607682
0.13078081,-0.77839296,-0.61400379,0.97980762,0.1959563,-0.03972448,0.15123913,-0.59641044,0.78830279,-0.01687657,0.0020234,0.00620646
0.12949618,-0.77893914,-0.61358339,0.97990472,0.19520599,-0.04100447,0.15171514,-0.59594333,0.78856456,-0.00454419,-0.00152999,0.00222382
0.128497036,-0.779540885,-0.613028919,0.980006854,0.194499422,-0.0419103928,0.151904618,-0.595387205,0.788948064,0.000105788349,-0.00955992937,0.00654265238
0.12804926,-0.77977661,-0.6128228,0.98006169,0.19414793,-0.04225667,0.15192903,-0.59519323,0.78908972,0.00254184,-0.0096451,0.00516791
0.1269147,-0.78031018,-0.61237954,0.98022024,0.19318054,-0.04300664,0.15185833,-0.59480864,0.78939327,-0.00613869,-0.01294637,-0.00293255
0.125794817,-0.780930236,-0.611819766,0.980384375,0.192182511,-0.0437283756,0.151729816,-0.59431781,0.789787537,0.000220186033,-0.0110681653,0.00140608207
0.12525721,-0.78126674,-0.61150044,0.98046504,0.19169139,-0.04407488,0.15165357,-0.59403415,0.79001556,0.00148888,-0.01065713,0.00377791
0.12424045,-0.7818423,-0.61097205,0.98061453,0.19077481,-0.04472191,0.15152353,-0.59357183,0.79038793,0.00611585,-0.00744337,0.00105486
0.1232965,-0.78196834,-0.61100206,0.98079322,0.18979295,-0.04498137,0.1511379,-0.59372062,0.79035003,-0.00209004,-0.01280236,0.00577367
0.12283148,-0.781912631,-0.611166876,0.9808883,0.189288225,-0.0450333723,0.150898825,-0.593954964,0.790219601,-0.0011579945,-0.00670230389,0.000443511817
0.1208845,-0.782654,-0.61060588,0.98137722,0.18673097,-0.04505763,0.14928354,-0.59378797,0.79065178,0.00667083,0.01205319,-0.00219653
0.12022494,-0.78321636,-0.6100148,0.98154106,0.18584276,-0.04516182,0.1487383,-0.593325,0.79110198,0.00448047,0.01202768,0.00583412
0.118917435,-0.784634333,-0.608446823,0.981895872,0.183928952,-0.0452832337,0.147441748,-0.592046483,0.792301632,0.00860515982,0.000952541828,0.0130496882
0.118917435,-0.784634333,-0.608446823,0.981895872,0.183928952,-0.0452832337,0.147441748,-0.592046483,0.792301632,0.00860515982,0.000952541828,0.0130496882
0.11693331,-0.78697106,-0.60580771,0.98253576,0.18057019,-0.04491916,0.14474085,-0.58997525,0.79434202,0.02010187,-0.00775701,0.01733242
0.11546426,-0.78870311,-0.60383399,0.98305541,0.17786502,-0.04434152,0.14237325,-0.58848238,0.79587585,0.03442822,-0.01231605,0.02318163
0.11373186,-0.79095854,-0.60120683,0.983642,0.17472874,-0.04379817,0.13969065,-0.58639105,0.79789226,0.03821567,-0.01912123,0.02837409
0.11273187,-0.79243198,-0.59945224,0.98394886,0.17302146,-0.04368214,0.1383332,-0.58490602,0.79921765,0.04174444,-0.02185279,0.02528632
0.11052949,-0.79599729,-0.59512315,0.98459802,0.16931114,-0.04359448,0.13546208,-0.5811386,0.80245122,0.05033739,-0.02799177,0.03166389
0.10811511,-0.80030706,-0.58976237,0.98527084,0.16531823,-0.04371709,0.13248554,-0.57634921,0.80639268,0.05808268,-0.02385378,0.04126557
0.10687443,-0.80260986,-0.58685195,0.98561923,0.16322309,-0.04373671,0.13089129,-0.57373825,0.80851214,0.0687638,-0.02170908,0.04342534
0.10422177,-0.8072877,-0.58088237,0.98634076,0.15880577,-0.04373307,0.12755262,-0.56839004,0.81281183,0.08099806,-0.00637698,0.04809605
0.101130169,-0.812052132,-0.574755545,0.987125725,0.153861238,-0.043697122,0.123916919,-0.562936916,0.817157639,0.0911354199,-0.000688493252,0.0505506694
0.101130169,-0.812052132,-0.574755545,0.987125725,0.153861238,-0.043697122,0.123916919,-0.562936916,0.817157639,0.0911354199,-0.000688493252,0.0505506694
0.09620956,-0.82023805,-0.56387344,0.98829962,0.14608001,-0.04386891,0.11835358,-0.5530553,0.82469525,0.11332714,-0.00102681,0.05312311
0.09620956,-0.82023805,-0.56387344,0.98829962,0.14608001,-0.04386891,0.11835358,-0.5530553,0.82469525,0.11332714,-0.00102681,0.05312311
0.09620956,-0.82023805,-0.56387344,0.98829962,0.14608001,-0.04386891,0.11835358,-0.5530553,0.82469525,0.11332714,-0.00102681,0.05312311
0.09620956,-0.82023805,-0.56387344,0.98829962,0.14608001,-0.04386891,0.11835358,-0.5530553,0.82469525,0.11332714,-0.00102681,0.05312311
0.08504713,-0.84308969,-0.53100522,0.99082139,0.12776117,-0.04415706,0.10507016,-0.52237597,0.84621722,0.19231932,-0.0335353,0.07756402
0.08518292,-0.84731258,-0.52421884,0.99120232,0.12555664,-0.04187603,0.10130128,-0.51603978,0.85055336,0.22028816,-0.07385474,0.08822937
0.08754194,-0.85083283,-0.51809249,0.9913534,0.12544368,-0.03850009,0.09774856,-0.5102424,0.85445767,0.1840035,-0.06199026,0.06187112
0.08952829,-0.85305652,-0.51408113,0.99132773,0.12617555,-0.03673154,0.09619858,-0.50633432,0.85695473,0.15849863,-0.02701348,0.03449813
0.101732,-0.86821444,-0.48564829,0.99044021,0.1341117,-0.03228314,0.0931598,-0.47772137,0.87355798,0.28048962,0.08463651,-0.01961323
0.10580289,-0.87214278,-0.47767423,0.98998527,0.13753439,-0.03183411,0.09346051,-0.46952232,0.87796009,0.29119262,0.09874028,-0.01592411
0.1158471,-0.87822642,-0.46400191,0.98873902,0.14651747,-0.03045886,0.09473416,-0.45524824,0.88531039,0.26805574,0.09022683,0.0028059
0.12867765,-0.88147822,-0.4543546,0.98696411,0.15849166,-0.02796657,0.09666331,-0.44483304,0.8903818,0.22104102,0.10310835,0.00235348
0.13619145,-0.88230571,-0.45054245,0.98583895,0.16561556,-0.02632543,0.09784391,-0.44057701,0.89236678,0.1939337,0.11263388,-0.00688666
0.15293721,-0.88314431,-0.44347072,0.98310039,0.18165259,-0.02271361,0.10061699,-0.43250249,0.89600101,0.15986533,0.11690253,-0.02261601
0.1713255,-0.88311029,-0.43676512,0.97969489,0.19957045,-0.01922313,0.10414155,-0.42460315,0.89937017,0.15815987,0.12147874,-0.02835602
0.18103566,-0.88251136,-0.4340504,0.97774351,0.20908792,-0.01731601,0.10603626,-0.42125515,0.90072216,0.15336579,0.11331481,-0.02237549
0.18103566,-0.88251136,-0.4340504,0.97774351,0.20908792,-0.01731601,0.10603626,-0.42125515,0.90072216,0.15336579,0.11331481,-0.02237549
0.18103566,-0.88251136,-0.4340504,0.97774351,0.20908792,-0.01731601,0.10603626,-0.42125515,0.90072216,0.15336579,0.11331481,-0.02237549
0.18103566,-0.88251136,-0.4340504,0.97774351,0.20908792,-0.01731601,0.10603626,-0.42125515,0.90072216,0.15336579,0.11331481,-0.02237549
0.18103566,-0.88251136,-0.4340504,0.97774351,0.20908792,-0.01731601,0.10603626,-0.42125515,0.90072216,0.15336579,0.11331481,-0.02237549
0.28305852,-0.85992471,-0.42474391,0.95177271,0.30649534,0.01375996,0.11834951,-0.40815453,0.90520897,0.01539509,-0.06656247,0.00137103
0.295399882,-0.857276342,-0.421682647,0.947869175,0.318200164,0.017109961,0.119511538,-0.404754243,0.906582045,0.0335296802,-0.0611646771,0.000216028187
0.31956827,-0.85179399,-0.4151181,0.93967337,0.34129393,0.02307216,0.12202455,-0.39744858,0.90947492,0.06030811,-0.0565601,-0.02132634
0.34272674,-0.84529197,-0.40990234,0.93112867,0.36354967,0.02882902,0.12465093,-0.39155228,0.91167372,0.04482608,-0.05945188,-0.03825491
0.37440814,-0.83504744,-0.40313062,0.91833054,0.39412763,0.03650221,0.12840384,-0.38387389,0.91441418,0.01005008,-0.09534425,-0.06541596
0.39247273,-0.82874046,-0.39894169,0.91033021,0.41196772,0.0397689,0.13139302,-0.37877686,0.91611352,-0.01037431,-0.10202485,-0.08375778
0.40039241,-0.82584743,-0.39706648,0.90662464,0.41996625,0.04074271,0.13310723,-0.37630337,0.91688506,-0.01617768,-0.09918541,-0.08859954
0.41415727,-0.82053771,-0.39394363,0.89989559,0.43408585,0.04192093,0.13660764,-0.37187,0.91817811,-0.02645852,-0.1073156,-0.09228328
0.42501599,-0.81584107,-0.39212843,0.89428636,0.44547661,0.04245519,0.14004734,-0.36871926,0.91893027,-0.0344175,-0.10997623,-0.09413155
0.42931587,-0.81368578,-0.39192252,0.89197128,0.45007519,0.04265546,0.14168645,-0.36789632,0.91900883,-0.04879964,-0.10986215,-0.09274526
0.43574845,-0.80997487,-0.39250984,0.88831578,0.45725362,0.04259326,0.14497707,-0.36723263,0.91876103,-0.08308434,-0.10346401,-0.09749478
0.4389844,-0.80760032,-0.39379478,0.8861508,0.46155489,0.04127656,0.14842292,-0.36708135,0.91827115,-0.10847241,-0.07811278,-0.1054741
0.43938134,-0.80692867,-0.39472791,0.8856409,0.46263845,0.04007279,0.15028041,-0.36719442,0.91792377,-0.1168312,-0.04676527,-0.11580139
0.42988956,-0.80808488,-0.40273278,0.88864322,0.45758974,0.03040997,0.15971253,-0.37095871,0.91481229,-0.16700484,0.07041138,-0.14000128
0.41075711,-0.81209066,-0.41447245,0.89599021,0.44368268,0.01863524,0.16876075,-0.37901779,0.90987105,-0.1894151,0.12315363,-0.12797675
0.38249322,-0.8160114,-0.43338708,0.90658327,0.42199029,0.00556793,0.17834166,-0.39503116,0.90119068,-0.23584534,0.16174585,-0.1263365
0.31390836,-0.82058182,-0.47760545,0.93080251,0.36518683,-0.01565933,0.18726497,-0.43964077,0.87843487,-0.15145141,0.13825005,-0.04201455
0.24768422,-0.82038089,-0.51539076,0.95204003,0.30473195,-0.02753442,0.17964472,-0.48385282,0.85651282,-0.15415227,-0.2463398,0.06572831
0.24768422,-0.82038089,-0.51539076,0.95204003,0.30473195,-0.02753442,0.17964472,-0.48385282,0.85651282,-0.15415227,-0.2463398,0.06572831
0.176658188,-0.839509393,-0.513824718,0.969632082,0.23813829,-0.0557113845,0.169131565,-0.488379066,0.85608434,-0.0454513989,-0.134016693,0.000463160686
0.16499711,-0.84468344,-0.50920111,0.97172846,0.22761956,-0.06271412,0.1688777,-0.48445758,0.85835958,0.0078556,-0.05498666,-0.01783373
0.12331185,-0.85019831,-0.5118173,0.97768222,0.19248308,-0.08418823,0.17009285,-0.49001329,0.85495929,0.04468757,0.19651514,-0.06862912
0.1125354,-0.84675169,-0.51994919,0.97911784,0.18365503,-0.08717161,0.16930395,-0.4992817,0.84973756,0.04920331,0.19054121,-0.04640844
0.06279286,-0.81739687,-0.57264242,0.98517242,0.14255759,-0.09545981,0.15966306,-0.55815735,0.81422851,0.04036771,0.08182663,0.10624878
0.02816774,-0.79006252,-0.61237879,0.98860885,0.1126293,-0.09983577,0.14784829,-0.60259095,0.78423531,0.05934662,-0.02258837,0.14909118
0.00808322,-0.77377321,-0.6334111,0.99008401,0.09503063,-0.10345429,0.1402436,-0.62629398,0.76686868,0.05440889,-0.07075948,0.10737199
-0.01823482,-0.75844299,-0.65148417,0.99138606,0.07080757,-0.11018114,0.1296961,-0.64788149,0.75061872,0.08705717,-0.10832858,0.0645773
-0.0340194,-0.7546557,-0.65523849,0.99169179,0.05589187,-0.11585991,0.12405686,-0.6537361,0.74648443,0.1362149,-0.12787545,0.05324315
-0.0415137,-0.75412353,-0.65541903,0.9916987,0.04879989,-0.11896244,0.1216967,-0.65491685,0.74583763,0.16881256,-0.13393575,0.0610963
-0.05589871,-0.75412932,-0.65434259,0.99148263,0.03528655,-0.12536741,0.11763272,-0.65577722,0.74573371,0.22747971,-0.13996845,0.09346066
-0.07595828,-0.75029011,-0.65673043,0.99089428,0.01663249,-0.13361014,0.11116937,-0.66089931,0.742195,0.30717525,-0.14726859,0.15759045
-0.08851684,-0.74203716,-0.66448876,0.99035699,0.00581172,-0.13841592,0.1065715,-0.67033335,0.73436751,0.29391223,-0.1481207,0.15236337
-0.10095181,-0.73044106,-0.67547358,0.9896702,-0.00426334,-0.14329929,0.1017919,-0.68296241,0.72332617,0.25612959,-0.12927288,0.14537145
-0.10702846,-0.72465513,-0.6807495,0.98929241,-0.00928774,-0.14565127,0.09922432,-0.68904914,0.71788984,0.25555295,-0.12183172,0.14604126
-0.11861045,-0.71454421,-0.6894621,0.98847084,-0.01915912,-0.15019383,0.09411061,-0.69932779,0.70857871,0.27808696,-0.11516291,0.16230239
-0.12935932,-0.70664207,-0.69564572,0.98757034,-0.02864713,-0.15454445,0.0892793,-0.70699092,0.70156468,0.29992354,-0.09130538,0.16446924
-0.1343141,-0.70374093,-0.69764485,0.98711837,-0.03325795,-0.15649645,0.08693069,-0.70967776,0.69914269,0.30340138,-0.07093871,0.16204365
-0.1436145,-0.70021882,-0.69933416,0.98621444,-0.04257278,-0.15990132,0.08219326,-0.71265768,0.69668016,0.32395521,-0.0440585,0.16465773
-0.15194986,-0.70014111,-0.69764877,0.98531307,-0.05166487,-0.16275448,0.07790721,-0.71213292,0.69770854,0.33432975,-0.00143749,0.14233872
-0.15585262,-0.70172137,-0.69519568,0.98483676,-0.05609526,-0.16416407,0.07620024,-0.71023967,0.69982363,0.34427911,0.03010911,0.13611829
-0.1694655,-0.71672087,-0.67645591,0.98284893,-0.07225398,-0.16966819,0.07272809,-0.69360689,0.71667293,0.42823449,0.17859715,0.10157773
-0.17223601,-0.7209218,-0.67127239,0.98237825,-0.07549941,-0.17097638,0.07257996,-0.68889164,0.72122152,0.44117004,0.20910054,0.09549134
-0.17896751,-0.73214819,-0.65721333,0.98116548,-0.08345961,-0.17420824,0.0726954,-0.67601275,0.73329535,0.4111383,0.24188262,0.06294692
-0.17687065,-0.73818645,-0.65099729,0.98141647,-0.08226301,-0.17336222,0.07442063,-0.66956217,0.73901831,0.31931895,0.31340557,0.0214017
-0.16969672,-0.74486558,-0.64527374,0.9824013,-0.07600679,-0.1706182,0.07804242,-0.66287114,0.74465509,0.29968786,0.31354755,0.06123604
-0.16341633,-0.7487701,-0.64236925,0.98320971,-0.07001556,-0.16851208,0.08120092,-0.65912138,0.74763987,0.27753824,0.2941373,0.05306321
-0.1201717,-0.76742078,-0.62978093,0.98767766,-0.02835524,-0.15391148,0.10025726,-0.64051639,0.76137193,0.06857991,0.18783849,-0.02438308
-0.06961334,-0.78721725,-0.61273399,0.99070348,0.01740836,-0.13492045,0.11687839,-0.61642997,0.77868705,0.0439832,0.13474876,-0.04475916
-0.02873972,-0.80142374,-0.597406,0.99137598,0.05359322,-0.11958827,0.12785778,-0.59569092,0.79297206,0.06161704,0.1579991,-0.03443478
-0.00654885,-0.80779051,-0.58943311,0.99107359,0.07324576,-0.11139117,0.13315416,-0.58490115,0.80010035,0.06425361,0.16173345,-0.02267893
0.11686128,-0.82470479,-0.5533582,0.98081398,0.1833751,-0.06616177,0.15603601,-0.53500976,0.83031156,-0.06415452,0.06166834,-0.06554672
0.21831298,-0.82694982,-0.51816351,0.96116717,0.27405654,-0.03241396,0.16881082,-0.49096537,0.85466713,-0.07826485,0.01123434,-0.06165595
0.29191532,-0.81864486,-0.49457666,0.93988379,0.34134058,-0.01025165,0.17721155,-0.46185196,0.86907355,-0.14343148,-0.04132611,-0.10504071
0.33833744,-0.80876784,-0.48106372,0.92311847,0.38450534,0.00280624,0.18270195,-0.44502828,0.87668114,-0.21121854,-0.10411894,-0.12356621
0.40143724,-0.79154026,-0.46077338,0.89568562,0.44436294,0.01699405,0.19129913,-0.41953015,0.88735511,-0.24114719,-0.14824802,-0.12402545
0.4388455,-0.77778111,-0.44996796,0.87648573,0.48084579,0.02366624,0.19795805,-0.40477632,0.89273106,-0.26304868,-0.1653102,-0.11174041
0.48866473,-0.75280378,-0.44101392,0.84681602,0.53091998,0.03204106,0.21002248,-0.38911498,0.89692814,-0.28871641,-0.18726528,-0.11392105
0.51752238,-0.73431934,-0.43925583,0.8273465,0.56041154,0.0379034,0.21833083,-0.38303263,0.89756206,-0.32446623,-0.23447293,-0.12848416
0.53061168,-0.7249708,-0.43916806,0.8180085,0.57372602,0.04123763,0.22206606,-0.38112438,0.89745801,-0.33519417,-0.256446,-0.13272068
0.55406918,-0.7067635,-0.43987804,0.8004798,0.59740042,0.04842336,0.22855945,-0.37894338,0.89675107,-0.35537356,-0.29214984,-0.11928389
0.57369821,-0.69044331,-0.44063398,0.78502665,0.61698731,0.05531487,0.23367377,-0.3776435,0.89598099,-0.36551753,-0.31245774,-0.11532672
0.58196278,-0.68330809,-0.44091882,0.7782429,0.62526024,0.05820352,0.23591808,-0.37701421,0.89565783,-0.3595863,-0.30462503,-0.11601167
0.59540309,-0.67140581,-0.44125879,0.76671638,0.63895171,0.06234301,0.24008559,-0.37543959,0.89521171,-0.36068344,-0.28937835,-0.12740588
0.60438813,-0.6633559,-0.44121864,0.7585406,0.64846337,0.06411998,0.24357974,-0.37343563,0.89510599,-0.38079295,-0.26215982,-0.13314831
0.60694916,-0.66105505,-0.44115628,0.75597825,0.65147225,0.0638806,0.24517246,-0.37227685,0.89515384,-0.38206181,-0.23672837,-0.13899836
0.6081709,-0.6596438,-0.44158609,0.754056,0.6539047,0.06171104,0.24804792,-0.37051147,0.89509412,-0.38151541,-0.16408926,-0.14921226
0.60350083,-0.66225019,-0.44408491,0.75704935,0.65074451,0.05837674,0.2503258,-0.37142461,0.89408095,-0.37549272,-0.10288513,-0.1578019
0.59867383,-0.66502685,-0.44646268,0.76060459,0.64674738,0.05655499,0.25113798,-0.37343956,0.89301322,-0.37870434,-0.0762375,-0.15426926
0.58411679,-0.67311136,-0.45357321,0.77155248,0.63397177,0.05278786,0.2520205,-0.38078982,0.8896543,-0.36635971,-0.06475383,-0.13848966
0.56313306,-0.68479031,-0.46254002,0.78713548,0.61491403,0.04794144,0.25159249,-0.39107911,0.88530126,-0.35819232,-0.06483603,-0.11777689
0.55031411,-0.69197234,-0.46725651,0.79635044,0.60318651,0.0446318,0.25095885,-0.39666144,0.88299454,-0.35119379,-0.06861871,-0.11664297
0.52002147,-0.70905927,-0.47624848,0.81688719,0.57574853,0.03476977,0.24954554,-0.40712231,0.87862304,-0.3395133,-0.04012913,-0.12451613
0.48319426,-0.72948362,-0.48412486,0.83963582,0.54277534,0.02016313,0.24806234,-0.41623131,0.87476657,-0.31379223,0.06532818,-0.12753791
0.46248261,-0.74019624,-0.48807713,0.85140123,0.52438906,0.01148885,0.24743828,-0.42086289,0.87272487,-0.30461058,0.13517553,-0.13404907
0.41638915,-0.7606692,-0.49799827,0.87536372,0.48342126,-0.00648942,0.24567922,-0.43322755,0.86715372,-0.24591812,0.26571351,-0.1424586
0.36368935,-0.77729021,-0.51337115,0.8993913,0.43649929,-0.02374031,0.24253924,-0.45308747,0.85783824,-0.14366707,0.28224331,-0.10899808
0.33483227,-0.78340703,-0.52360357,0.9112257,0.41068201,-0.03174809,0.23990623,-0.46649077,0.85137027,-0.09824833,0.25801569,-0.05334879
0.27369172,-0.79010147,-0.54848191,0.93352674,0.35550692,-0.04628777,0.23156113,-0.49935399,0.83488024,-0.06266061,0.21193832,0.06054709
0.21140188,-0.78958696,-0.57607438,0.95260556,0.2983597,-0.05936442,0.21875075,-0.53622191,0.81523873,-0.06549933,0.1771329,0.12469364
0.18079831,-0.7871164,-0.58971149,0.96051006,0.27024746,-0.06623174,0.21150009,-0.55444927,0.80489359,-0.0836807,0.15245146,0.13334091
0.12265621,-0.78070133,-0.61274859,0.97230813,0.21828288,-0.08348304,0.19892783,-0.58554075,0.78585605,-0.16888744,0.13892978,0.10748419
0.04942093,-0.77561957,-0.62926295,0.9811262,0.15562692,-0.11476779,0.1869464,-0.61171444,0.7686719,-0.07699961,0.17076653,0.09284823
0.01275798,-0.77162742,-0.63594681,0.98367378,0.12386138,-0.1305536,0.17950799,-0.62389861,0.76060989,0.02832734,0.15662605,0.09050319
-0.01553106,-0.76270729,-0.64655722,0.98527122,0.09845596,-0.13981036,0.17029177,-0.63920567,0.74994452,0.07568959,0.07828254,0.07538991
-0.02723093,-0.75650108,-0.65342512,0.98585185,0.08782745,-0.14276654,0.16539166,-0.64806811,0.74340653,0.08675624,0.02692991,0.06754738
-0.04648881,-0.74276671,-0.66793425,0.98667179,0.07023947,-0.14678207,0.15594012,-0.6658557,0.72960181,0.10928572,-0.04802513,0.04638285
-0.06147909,-0.73000941,-0.68066627,0.98711807,0.05645239,-0.14970317,0.14770996,-0.68110159,0.71713485,0.1849554,-0.08606142,0.01943301
-0.06779662,-0.72441487,-0.68602233,0.98727088,0.05044495,-0.15083578,0.14387402,-0.68751606,0.71177378,0.23171385,-0.09528273,0.00977625
-0.07946861,-0.71442664,-0.69518279,0.98749476,0.03883456,-0.15279335,0.13615671,-0.69863172,0.70240659,0.31496102,-0.10225767,0.00707791
-0.09160183,-0.70528568,-0.70298029,0.98753203,0.02641879,-0.15518575,0.1280222,-0.70843082,0.69407213,0.38096344,-0.10548854,0.02078994
-0.11114013,-0.6929601,-0.71235819,0.98717983,0.00564886,-0.15951206,0.11455951,-0.72095382,0.6834484,0.40686017,-0.14368123,0.0440021
-0.13218096,-0.68664481,-0.71487558,0.98600385,-0.01715222,-0.16583788,0.10161001,-0.72679068,0.67930163,0.36954796,-0.19350785,0.06137218
-0.1602835,-0.69472274,-0.7011915,0.98337393,-0.05096267,-0.17429431,0.08535163,-0.71746994,0.69134071,0.35409608,-0.19447094,0.11314169
-0.16653828,-0.69963776,-0.69481781,0.98264042,-0.05934018,-0.17577362,0.08174719,-0.71202918,0.69737493,0.36881155,-0.17358357,0.12521118
-0.18424122,-0.72394236,-0.66480271,0.98028406,-0.08620793,-0.17779584,0.07140268,-0.68445282,0.7255522,0.38517556,-0.13199788,0.16450991
-0.18738039,-0.74229317,-0.64334247,0.97998614,-0.09646171,-0.17413325,0.06720003,-0.66309582,0.74551197,0.36298016,-0.08799964,0.16220957
-0.18428333,-0.75331277,-0.6313156,0.98068971,-0.09813862,-0.16916373,0.06547673,-0.65029882,0.75685152,0.34928423,-0.03990096,0.15080933
-0.18123857,-0.75833822,-0.62615942,0.98129531,-0.09743213,-0.16603129,0.06489981,-0.64453861,0.76181229,0.34394842,-0.01042241,0.13635853
-0.16077833,-0.77685529,-0.60880698,0.98478869,-0.08508752,-0.15149632,0.06588878,-0.62390363,0.77871874,0.34429353,0.11743957,0.09526041
-0.1371653,-0.78953447,-0.59818125,0.98804075,-0.06611308,-0.13929952,0.07043412,-0.61013458,0.78916082,0.3449277,0.19526261,0.0681
-0.11770762,-0.79522323,-0.59478145,0.99028597,-0.04935381,-0.12999211,0.07401803,-0.60430477,0.79330768,0.30970439,0.27590412,0.05987683
-0.10681686,-0.79676326,-0.59477598,0.99140641,-0.03991351,-0.12458019,0.07552132,-0.60297199,0.79417965,0.29225931,0.31572574,0.06091014
-0.05760955,-0.79619608,-0.60228977,0.99522747,0.00179392,-0.09756585,0.07876201,-0.60503604,0.79229284,0.14022949,0.25622517,0.05998764
-0.05760955,-0.79619608,-0.60228977,0.99522747,0.00179392,-0.09756585,0.07876201,-0.60503604,0.79229284,0.14022949,0.25622517,0.05998764
-0.05760955,-0.79619608,-0.60228977,0.99522747,0.00179392,-0.09756585,0.07876201,-0.60503604,0.79229284,0.14022949,0.25622517,0.05998764
0.02968847,-0.80899546,-0.58706463,0.99604481,0.0731512,-0.0504339,0.08374526,-0.58324539,0.80796753,0.05852709,0.24749202,-0.00633695
0.09301949,-0.8317506,-0.54730096,0.99087935,0.13115798,-0.03091468,0.09749619,-0.53943354,0.83636472,-0.09559858,0.21041757,-0.03992406
0.14499504,-0.84880045,-0.50844281,0.98304818,0.1818648,-0.02326678,0.11221667,-0.49645025,0.86078136,-0.16929084,0.19975013,-0.03490084
0.18190545,-0.85589622,-0.48409918,0.97567516,0.21835758,-0.01943983,0.12234519,-0.46878735,0.87479716,-0.21866259,0.1525082,-0.01680771
0.27916821,-0.85730218,-0.43254833,0.95012932,0.31181915,-0.00480256,0.13899409,-0.40963614,0.90159795,-0.24454398,0.03253895,-0.00893329
0.298937139,-0.855126541,-0.423550552,0.943844139,0.330389691,-0.000885217971,0.140693687,-0.399501115,0.905872028,-0.250811249,0.0404420495,-0.0168637224
0.33803167,-0.84788021,-0.40845281,0.93009867,0.36723471,0.00742255,0.1437046,-0.38241048,0.91274926,-0.23143943,-0.00179237,-0.03180953
0.37702075,-0.83667985,-0.39726843,0.91454026,0.40414751,0.0167609,0.14653154,-0.36963717,0.91754938,-0.28407744,-0.06891072,-0.05703161
0.43370285,-0.81580066,-0.38258471,0.88850908,0.45780926,0.03102012,0.14984458,-0.35338352,0.92339953,-0.33575231,-0.14993316,-0.06763681
0.4856753,-0.79256721,-0.36872299,0.86066389,0.50734451,0.04311789,0.15289575,-0.33828788,0.92853874,-0.36099935,-0.14716733,-0.07238486
0.5172044,-0.77607702,-0.36083791,0.84160465,0.53781142,0.0496027,0.15556722,-0.32933761,0.93130853,-0.35978448,-0.14734614,-0.06749313
0.55936421,-0.74907718,-0.35495782,0.81331562,0.57866974,0.06048987,0.16009177,-0.32252861,0.93292332,-0.37198716,-0.18556923,-0.07320309
0.58358663,-0.73018268,-0.35533064,0.79555422,0.60184255,0.06984986,0.16284993,-0.32344825,0.93212721,-0.37297541,-0.23344862,-0.07347522
0.6047009,-0.71165507,-0.35760858,0.77916435,0.6216347,0.08045638,0.16504471,-0.32728789,0.93039931,-0.382911,-0.27008361,-0.07157099
0.61404136,-0.70284288,-0.35911703,0.77160017,0.63030302,0.08573925,0.16609131,-0.32974222,0.92934586,-0.3845984,-0.28764927,-0.07536028
0.61404136,-0.70284288,-0.35911703,0.77160017,0.63030302,0.08573925,0.16609131,-0.32974222,0.92934586,-0.3845984,-0.28764927,-0.07536028
0.64243348,-0.67352131,-0.36557926,0.74725813,0.65635707,0.10392592,0.16995419,-0.33994759,0.9249601,-0.34506029,-0.29835814,-0.0870878
0.65286791,-0.66000526,-0.37169426,0.73749596,0.66580859,0.11313138,0.17280995,-0.34798284,0.92143621,-0.30004066,-0.27965593,-0.08499391
0.65418003,-0.65552385,-0.3772756,0.73599591,0.66664433,0.11787818,0.17423665,-0.35478688,0.91856836,-0.26928478,-0.26753634,-0.08369727
0.65291586,-0.65472629,-0.38083361,0.73694492,0.66526467,0.11972878,0.17496553,-0.35882625,0.91685918,-0.25718403,-0.2666145,-0.08882678
0.63459041,-0.66121189,-0.40011723,0.75209942,0.64750749,0.12280255,0.17788039,-0.37885727,0.90819916,-0.23749426,-0.25115716,-0.09225707
0.62665883,-0.66509833,-0.40613172,0.75852977,0.64008117,0.12218318,0.17869345,-0.38463015,0.90560936,-0.2266849,-0.23706716,-0.09030682
0.60653893,-0.67524562,-0.41970692,0.77435777,0.62139328,0.11933339,0.18022371,-0.39738365,0.89978089,-0.21103081,-0.19541675,-0.09269477
0.58039909,-0.68817496,-0.43537588,0.79374983,0.59752959,0.11366451,0.18192891,-0.4115503,0.89304436,-0.18979801,-0.14221764,-0.1036886
0.52871181,-0.7113575,-0.46307044,0.82840719,0.55132524,0.09890354,0.18494661,-0.43590239,0.88078592,-0.1496883,-0.0630936,-0.10130938
0.48590546,-0.72747762,-0.48442975,0.85373403,0.51375468,0.08481931,0.18717389,-0.45478833,0.87070862,-0.13196982,-0.01847607,-0.08111551
0.4621156,-0.73515681,-0.49597741,0.8666363,0.4930076,0.0767137,0.18812402,-0.46528264,0.86494012,-0.12439178,-0.00342709,-0.07030388
0.35329109,-0.75773381,-0.54865724,0.91583227,0.39979937,0.03757149,0.19088361,-0.51575172,0.83520272,-0.08278712,0.08383828,-0.04115701
0.19655273,-0.74552144,-0.6368397,0.96130624,0.27438858,-0.02451983,0.1930216,-0.60737854,0.77060624,-0.09163836,0.35047883,-0.05442914
0.09805587,-0.70423874,-0.70315913,0.97661106,0.20395195,-0.06807623,0.19135257,-0.68003775,0.70776609,-0.06979984,0.74607104,-0.13030417
-0.0025612,-0.6291456,-0.77728308,0.98372974,0.1380436,-0.11497626,0.17963568,-0.76493107,0.61855588,0.05658779,0.67602521,-0.03422153
-0.0025612,-0.6291456,-0.77728308,0.98372974,0.1380436,-0.11497626,0.17963568,-0.76493107,0.61855588,0.05658779,0.67602521,-0.03422153
-0.0025612,-0.6291456,-0.77728308,0.98372974,0.1380436,-0.11497626,0.17963568,-0.76493107,0.61855588,0.05658779,0.67602521,-0.03422153
-0.0025612,-0.6291456,-0.77728308,0.98372974,0.1380436,-0.11497626,0.17963568,-0.76493107,0.61855588,0.05658779,0.67602521,-0.03422153
-0.1754768,-0.42785093,-0.88665174,0.97798931,0.02751802,-0.20683214,0.11289217,-0.90343024,0.41360497,-0.10493758,0.13387603,-0.03491219
-0.23091936,-0.37415375,-0.89815655,0.96720722,0.01207195,-0.25370148,0.10576585,-0.9272881,0.35909658,0.21152654,0.15404576,0.00143256
-0.23665703,-0.33542706,-0.91185637,0.96571751,0.02185118,-0.25867379,0.10669129,-0.94181268,0.31875662,0.19028062,0.04965776,-0.05823573
-0.23766088,-0.31199469,-0.91987851,0.96534967,0.02921793,-0.25931874,0.10778296,-0.94963441,0.2942401,0.13938886,-0.02114207,-0.10469541
-0.23782255,-0.2633168,-0.93493572,0.96489229,0.04640896,-0.25851336,0.11146034,-0.96359252,0.2430352,0.09122083,-0.1289162,-0.13266483
-0.2369293,-0.21560405,-0.94730114,0.96447088,0.06510541,-0.25604148,0.11687802,-0.97430807,0.19251842,0.09542451,-0.20138228,-0.08733401
-0.23684534,-0.19236614,-0.95231265,0.96412321,0.07440821,-0.25481312,0.11987725,-0.97849812,0.16784151,0.1048205,-0.2199015,-0.06495948
-0.23512423,-0.08446211,-0.96828857,0.9621177,0.12122638,-0.24420015,0.13800778,-0.98902494,0.05275923,0.03643641,-0.16038078,-0.03628692
-0.23141163,-0.04118071,-0.97198384,0.96170838,0.14113051,-0.2349447,0.14685169,-0.98913405,0.00694469,0.02011718,-0.16326725,-0.06400854
-0.22566676,0.02153251,-0.97396652,0.96138723,0.16656214,-0.21906982,0.1575088,-0.9857958,-0.05828859,-0.04422789,-0.20718116,-0.10670375
-0.2218049,0.09790633,-0.9701633,0.96169494,0.18632031,-0.20106591,0.16107546,-0.9775986,-0.13548274,-0.13516811,-0.13999969,-0.11461259
-0.21820171,0.11606078,-0.96897785,0.96277475,0.18791968,-0.19429641,0.15953988,-0.97530313,-0.15274484,-0.15611446,-0.08140856,-0.10462287
-0.21362302,0.12980223,-0.96825434,0.96415899,0.18766464,-0.18756159,0.15736115,-0.97361865,-0.16523943,-0.15428258,-0.04604381,-0.09661591
-0.20641464,0.14941164,-0.96698972,0.96632907,0.18629501,-0.1774888,0.15362646,-0.97106658,-0.18283482,-0.14898287,-0.01402217,-0.1219461
-0.1971369,0.174062,-0.96480009,0.96852236,0.18714801,-0.16413375,0.15199088,-0.9667874,-0.20547663,-0.15358986,-0.02859968,-0.13808411
-0.18967409,0.19365256,-0.96256027,0.96985743,0.18969208,-0.15294891,0.15297106,-0.96255675,-0.223795,-0.16313159,-0.05588299,-0.15340263
-0.17720151,0.22714827,-0.9576028,0.97142523,0.19647606,-0.13315427,0.1579002,-0.95383474,-0.25547336,-0.12400987,-0.08378524,-0.12367571
-0.16867769,0.25244832,-0.95279464,0.97221341,0.20180174,-0.11864701,0.16232336,-0.94633285,-0.27947307,-0.08696195,-0.05346262,-0.07417781
-0.16126935,0.2806853,-0.94615421,0.97291341,0.20610677,-0.10468703,0.16562462,-0.93740901,-0.30632115,-0.07417719,0.01246125,-0.02414582
-0.15831164,0.29628014,-0.94188935,0.9731992,0.20796258,-0.09815756,0.16679562,-0.93218543,-0.3212625,-0.08186872,0.01305979,-0.00708827
-0.15831164,0.29628014,-0.94188935,0.9731992,0.20796258,-0.09815756,0.16679562,-0.93218543,-0.3212625,-0.08186872,0.01305979,-0.00708827
-0.15008582,0.36848395,-0.91743873,0.97322864,0.21844252,-0.07147644,0.1740697,-0.90360524,-0.39140426,-0.12063394,-0.06559241,-0.11484791
-0.14836634,0.38710387,-0.91002087,0.97307736,0.22126164,-0.06452678,0.17637413,-0.89509433,-0.40950978,-0.11172877,-0.08451039,-0.1187028
-0.14449786,0.45612356,-0.87810676,0.9721384,0.23096987,-0.03999654,0.18457278,-0.85942079,-0.47678984,-0.0786911,0.04575628,-0.03526361
-0.14471673,0.47383973,-0.86863841,0.97172747,0.23357397,-0.03447785,0.18655426,-0.84906944,-0.49424509,-0.08501047,0.06781691,-0.02982883
-0.1468036,0.51224111,-0.8462018,0.97068445,0.23919515,-0.02360496,0.19031586,-0.82486032,-0.53233915,-0.0869579,0.0570727,-0.08512354
-0.15216591,0.57304346,-0.80527429,0.96905469,0.24673097,-0.00753724,0.19436693,-0.78150176,-0.59285449,-0.07077391,-0.02167338,-0.12961961
-0.15682022,0.61097814,-0.77595936,0.96816732,0.25029962,0.00141663,0.19508781,-0.75103641,-0.63078109,-0.05811226,-0.02766228,-0.1010654
-0.16204001,0.64520894,-0.74662471,0.96771154,0.25194267,0.00769821,0.19307358,-0.72126993,-0.66520092,-0.03427148,0.05272692,-0.04412659
-0.16474383,0.66151964,-0.73160858,0.96774316,0.25175124,0.00971638,0.19061091,-0.70640853,-0.68165556,-0.02893112,0.0833202,0.00387068
-0.16474383,0.66151964,-0.73160858,0.96774316,0.25175124,0.00971638,0.19061091,-0.70640853,-0.68165556,-0.02893112,0.0833202,0.00387068
-0.16474383,0.66151964,-0.73160858,0.96774316,0.25175124,0.00971638,0.19061091,-0.70640853,-0.68165556,-0.02893112,0.0833202,0.00387068
-0.1807146,0.80899834,-0.55934242,0.97438917,0.22464149,0.01009803,0.13382081,-0.54319233,-0.82887521,-0.07196596,-0.04132646,0.01698813
-0.18106371,0.82293297,-0.53851387,0.97538776,0.22032334,0.00873509,0.12583556,-0.52367825,-0.84257131,-0.07734688,-0.04374927,0.05352061
-0.18305477,0.84910359,-0.4954937,0.97715957,0.21248387,0.00312228,0.10793555,-0.48360487,-0.86860589,-0.06595932,-0.0021767,0.13699409
-0.18622175,0.87377598,-0.44926259,0.97864734,0.20545702,-0.00605906,0.08700987,-0.44079799,-0.8933791,-0.02632545,0.04745418,0.16359667
-0.18802303,0.90769125,-0.37515872,0.9807772,0.19381665,-0.02261157,0.0521877,-0.37219859,-0.92668488,-0.04299792,0.05098993,0.18582289
-0.18802303,0.90769125,-0.37515872,0.9807772,0.19381665,-0.02261157,0.0521877,-0.37219859,-0.92668488,-0.04299792,0.05098993,0.18582289
-0.1851441,0.93723783,-0.29547712,0.98253999,0.18216003,-0.03785185,0.01834791,-0.29732616,-0.95459951,-0.10529123,-0.00252575,0.15480277
-0.18333155,0.95319219,-0.24044541,0.98304934,0.177309,-0.04664083,-0.00182456,-0.24492046,-0.96954128,-0.11504687,-0.0283854,0.14157219
-0.18316648,0.96995337,-0.16012618,0.98267662,0.17596974,-0.05814832,-0.02822381,-0.16800309,-0.98538225,-0.03465256,-0.05280739,0.1280925
-0.18447175,0.97626166,-0.11350579,0.98185629,0.17789392,-0.06566675,-0.04391593,-0.12356002,-0.99136506,-0.01717509,-0.03308719,0.15585564
-0.18970877,0.98041454,-0.05289433,0.979731,0.18549697,-0.07561723,-0.0643245,-0.06616748,-0.99573292,-0.05478499,0.04058832,0.22105378
-0.19504444,0.98070562,-0.01319087,0.9778263,0.19339124,-0.08034582,-0.0762446,-0.02856939,-0.99667964,-0.0586755,0.07376236,0.22258094
-0.20107439,0.97915747,0.02862659,0.97572478,0.20278733,-0.08269391,-0.08677548,0.01130404,-0.99616354,-0.0351995,0.08234185,0.20291208
-0.20416208,0.97766678,0.04985558,0.97465786,0.20776249,-0.08292672,-0.09143281,0.03166164,-0.99530783,-0.03811137,0.07693344,0.18763088
-0.21807987,0.96636836,0.1362839,0.97031223,0.22966296,-0.0758226,-0.10457192,0.11570255,-0.9877639,-0.04404737,0.03071028,0.12722415
-0.2218447,0.96230997,0.15730328,0.96925952,0.23523496,-0.07211391,-0.10639916,0.13646961,-0.98491373,-0.02448217,0.00222391,0.12095234
-0.23788129,0.94510524,0.22402834,0.96510465,0.25598965,-0.05515782,-0.10947889,0.20308977,-0.97302062,-0.01439537,-0.05114657,0.15548217
-0.24196826,0.94132885,0.23526841,0.96405963,0.26066265,-0.05141932,-0.10972817,0.21437094,-0.97056923,-0.04212043,-0.04807872,0.15981103
-0.25012963,0.93461177,0.25285567,0.96194485,0.26955334,-0.04475595,-0.10998753,0.23203842,-0.96646825,-0.10939658,-0.03109521,0.15672511
-0.25791504,0.92811833,0.26847018,0.9598788,0.27779779,-0.03822422,-0.11005702,0.24784023,-0.96252934,-0.13909459,-0.03738123,0.15555993
-0.26792874,0.91845221,0.29096326,0.95724424,0.28796757,-0.02753314,-0.10907585,0.271146,-0.95633788,-0.09483135,-0.1024226,0.13223723
-0.27443045,0.91085853,0.30826058,0.95560918,0.29407423,-0.01820441,-0.10723313,0.2895808,-0.9511277,-0.09995559,-0.07762939,0.15299727
