0,1,2,3,4,5,6,7,8,9,10,11
-0.00147497,-0.88657047,-0.46259121,-0.98584593,-0.07626316,0.14930411,-0.16764728,0.45626388,-0.8739094,-0.0061577,-0.00231862,-0.00473031
-0.000796376225,-0.88620258,-0.463297123,-0.985778059,-0.0771613734,0.149290327,-0.168050156,0.456827069,-0.873537596,-0.0121410368,-0.00407606363,-0.00529271178
0.000663117481,-0.885485748,-0.464666028,-0.985624783,-0.0790829893,0.149297131,-0.168947671,0.457887361,-0.872809137,-0.0143705681,-0.0034956336,-0.00373847177
0.00225731982,-0.884856706,-0.465857689,-0.985445605,-0.0811531147,0.149368646,-0.169975691,0.458740278,-0.872161327,-0.0154772587,0.000368475914,-0.00228091981
0.0030389,-0.88452806,-0.46647718,-0.98536634,-0.08214797,0.14934851,-0.17042308,0.45919703,-0.87183383,-0.01409018,0.00354421,-0.00779217
0.0043299,-0.88367116,-0.4680882,-0.98517299,-0.0840526,0.14956397,-0.17150938,0.46050025,-0.8709329,-0.01313957,0.0037303,-0.00664049
0.00496024506,-0.883160438,-0.469044566,-0.985061923,-0.08505301,0.149728891,-0.17212836,0.461295321,-0.870389579,-0.0130767487,-1.4603138e-05,-0.00315138348
0.00636149,-0.88210425,-0.47101121,-0.98484318,-0.0871704,0.14995052,-0.17333025,0.46291829,-0.86928888,-0.01894666,0.00870943,-0.0015429
0.00769429,-0.88109184,-0.47288248,-0.98463069,-0.08918862,0.15015877,-0.17447944,0.46445928,-0.8682363,-0.02582726,0.01165271,-0.0031274
0.00882936,-0.8803219,-0.47429466,-0.98442699,-0.09093168,0.15044922,-0.17557215,0.46558008,-0.8674155,-0.02949202,0.01280224,-0.00706522
0.00928228,-0.88000115,-0.47488077,-0.98432522,-0.09168336,0.15065834,-0.1761182,0.46603869,-0.86705835,-0.02310356,0.01246047,-0.00945113
0.01006284,-0.87907235,-0.47658212,-0.98414913,-0.09309735,0.15094148,-0.17705703,0.46750899,-0.8660751,-0.01254395,0.00174338,-0.01699308
0.0107468,-0.87749422,-0.47946689,-0.98396484,-0.09465376,0.15117532,-0.17803878,0.47015388,-0.86444069,-0.0063474,-0.00871849,-0.01382094
0.01107305,-0.87651896,-0.48123989,-0.98388719,-0.0954368,0.15118778,-0.17844698,0.47181168,-0.86345254,-0.00894462,-0.01054519,-0.00733347
0.011647813,-0.874440881,-0.484992358,-0.983734934,-0.0969670647,0.151205471,-0.179248492,0.475342676,-0.86134751,-0.0136955772,-0.00596249104,0.000228050631
0.01197688,-0.87258068,-0.4883231,-0.98359949,-0.09817603,0.15130579,-0.17996815,0.4785022,-0.85944576,-0.01363039,-0.00118363,-0.0043239
0.01200692,-0.87180011,-0.4897147,-0.98354354,-0.09859155,0.15139981,-0.18027208,0.47983786,-0.85863715,-0.00504972,-0.00183588,-0.00564736
0.01175668,-0.87027288,-0.49242944,-0.98344682,-0.09911425,0.15168571,-0.18081478,0.4824949,-0.85703233,0.00192389,-0.00120831,-0.00943487
0.01139776,-0.86886922,-0.49491037,-0.98334674,-0.09951855,0.15206946,-0.18138127,0.48493528,-0.85553399,-0.00163634,0.00919127,-0.00673816
0.01118971,-0.86811486,-0.49623716,-0.98331302,-0.09966957,0.15218872,-0.18157706,0.48625354,-0.85474392,-0.00269352,0.01190257,-0.00956132
0.01074702,-0.86655038,-0.49897386,-0.9832621,-0.09992154,0.15235254,-0.1818794,0.48898476,-0.85312,-0.00781409,0.0201931,-0.00833899
0.01026652,-0.86510569,-0.50148458,-0.98321449,-0.10009583,0.15254556,-0.18216453,0.49150078,-0.85161209,-0.00860097,0.0087657,-0.00986749
0.0100923307,-0.864441271,-0.502632217,-0.983181991,-0.100241767,0.152657924,-0.18234865,0.492638364,-0.850914728,-0.0058216881,0.0053101778,-0.000940740807
0.00998152,-0.86349972,-0.50425047,-0.98311495,-0.10061835,0.15284268,-0.18271649,0.49421059,-0.8499238,-0.01614521,0.00351465,-0.00103469
0.00997381,-0.86325235,-0.50467391,-0.98308191,-0.10077614,0.15295085,-0.18289432,0.49461034,-0.84965288,-0.01234883,0.00479317,-0.00173241
0.00995272,-0.86315991,-0.50483245,-0.98302664,-0.10093635,0.15320037,-0.1831924,0.49473903,-0.84951376,-0.01563253,0.00886369,-0.00493523
0.00981872,-0.86329659,-0.50460124,-0.9830023,-0.10085054,0.15341273,-0.18333005,0.49451792,-0.84961274,-0.01490827,0.00770807,-0.00743678
0.00957196,-0.86366216,-0.50397993,-0.98300892,-0.10051864,0.15358764,-0.1833073,0.49394672,-0.84994973,-0.00514971,-0.00689089,-0.01307038
0.00928024,-0.86381875,-0.5037171,-0.98308819,-0.10001779,0.15340768,-0.18289715,0.49377472,-0.85013818,-0.00201084,-0.00712574,-0.01861993
0.00847645,-0.86401871,-0.50338847,-0.98323583,-0.09889629,0.15318938,-0.18214169,0.49365104,-0.85037245,-0.00154186,-0.00587827,-0.01384689
0.00791267,-0.86367807,-0.50398163,-0.9833692,-0.09817141,0.15279823,-0.1814451,0.494391,-0.8500912,-0.00568963,0.0040375,-0.00825739
0.00776926,-0.86325424,-0.50470929,-0.9833899,-0.09812435,0.15269446,-0.18133851,0.49513979,-0.84967782,-0.01404309,0.00683784,-0.00880624
0.00729193332,-0.862342955,-0.506272073,-0.983405229,-0.0979638761,0.15269966,-0.181275866,0.496757142,-0.848746912,-0.00702790823,-0.000324845314,-0.0044602463
0.00735576747,-0.862283117,-0.50637299,-0.983448571,-0.097915625,0.152451018,-0.181037806,0.496870436,-0.848731329,-0.0080674924,0.000479698181,-0.0105456822
0.00750482,-0.86208721,-0.50670428,-0.9835295,-0.09787518,0.15195415,-0.18059153,0.49721825,-0.84862272,-0.01203181,0.00404716,-0.01016124
0.0077537,-0.86186536,-0.50707759,-0.983575,-0.09802111,0.15156441,-0.18033252,0.49757375,-0.84846921,-0.01194371,0.00648284,-0.00743682
0.00776808,-0.86168555,-0.50738299,-0.98358852,-0.09804963,0.15145859,-0.18025845,0.4978796,-0.84830566,-0.01142422,0.00839984,-0.00508381
0.00779729,-0.86132556,-0.50799347,-0.98361546,-0.09810669,0.15124675,-0.18011029,0.49849095,-0.84797809,-0.00846492,0.00903618,-0.00889291
0.00779893,-0.86088945,-0.50873211,-0.98364993,-0.09814201,0.15099924,-0.1799217,0.49923672,-0.84757924,-0.01562013,0.00239253,-0.00834495
0.00814126,-0.86060997,-0.50919953,-0.98370502,-0.09835375,0.15050223,-0.17960542,0.49967687,-0.84738706,-0.02163723,0.0058558,-0.00830541
0.00803244,-0.85999096,-0.51024607,-0.98381251,-0.09814702,0.14993377,-0.17902081,0.50078213,-0.84685822,-0.0179356,0.00569057,-0.00659766
0.00779472,-0.85963723,-0.51084554,-0.98388529,-0.09785159,0.14964929,-0.17863112,0.50144691,-0.84654716,-0.01425155,-0.00132215,-0.00312842
0.00676242,-0.85889882,-0.51210062,-0.98408454,-0.09665496,0.14911537,-0.17757209,0.50294194,-0.84588267,-0.01650442,-0.01954985,0.01183332
0.00486401,-0.8583128,-0.51310364,-0.98439909,-0.09435775,0.14850891,-0.17588245,0.50437646,-0.84538128,-0.01332536,-0.01648283,0.0378934
0.0020902,-0.85830733,-0.51313159,-0.98483885,-0.09077429,0.14782535,-0.17345878,0.50504298,-0.84548412,-0.02619536,-0.00850815,0.05183101
0.000443635596,-0.858521522,-0.512777235,-0.985114775,-0.08851999,0.147353232,-0.171896993,0.505079094,-0.845781494,-0.0231633745,-0.0120718479,0.0529660545
-0.00292828765,-0.859642646,-0.510887376,-0.985749147,-0.0834486655,0.146064719,-0.168196343,0.504034525,-0.847147639,-0.0427397601,-0.000827491283,0.0839904323
-0.00667434,-0.86293156,-0.50527664,-0.98622631,-0.07782853,0.14594618,-0.16526654,0.49929124,-0.85052634,-0.05859498,0.01422477,0.12179364
-0.00872299,-0.86583442,-0.50025471,-0.98642809,-0.07457853,0.1462798,-0.16396231,0.49474126,-0.85343286,-0.0365933,0.01852024,0.11586434
-0.01267072,-0.87317925,-0.4872345,-0.9868852,-0.06750066,0.14663312,-0.16092565,0.48270246,-0.86087239,0.01744721,0.01326621,0.11065525
-0.01617507,-0.88090105,-0.473024,-0.98733327,-0.0606067,0.14662827,-0.15783342,0.46940406,-0.8687626,-0.01700619,0.01172197,0.12167758
-0.01808633,-0.88495789,-0.4653195,-0.98754322,-0.05694371,0.146682,-0.15630447,0.46217611,-0.87290424,-0.02014343,0.02585626,0.11318399
-0.02225071,-0.89412182,-0.44727074,-0.98782003,-0.04925233,0.14760022,-0.1540017,0.44510719,-0.88213554,-0.0139097,0.02270508,0.10084096
-0.02630918,-0.90404645,-0.42662381,-0.98795003,-0.04159971,0.14907793,-0.1525208,0.42540511,-0.89205826,-0.02808468,0.01896453,0.12528652
-0.02630918,-0.90404645,-0.42662381,-0.98795003,-0.04159971,0.14907793,-0.1525208,0.42540511,-0.89205826,-0.02808468,0.01896453,0.12528652
-0.03379952,-0.92087218,-0.38839675,-0.98797282,-0.02788577,0.15209246,-0.15088846,0.38886608,-0.90885417,-0.02078209,0.01718974,0.10297902
-0.03379952,-0.92087218,-0.38839675,-0.98797282,-0.02788577,0.15209246,-0.15088846,0.38886608,-0.90885417,-0.02078209,0.01718974,0.10297902
-0.04031413,-0.93822974,-0.34365612,-0.98764351,-0.01471138,0.15602463,-0.15144265,0.34569978,-0.92604343,-0.04083062,0.00893188,0.11244385
-0.04314272,-0.94952623,-0.31070682,-0.98700108,-0.00768376,0.16053003,-0.15481485,0.31359365,-0.93685192,0.00928542,0.04911113,0.07404426
-0.04445756,-0.95441005,-0.2951692,-0.98652483,-0.00462599,0.16354582,-0.15745525,0.29846262,-0.94134355,0.045475,0.08018959,0.03596003
-0.0465872136,-0.961256901,-0.271688281,-0.985315121,-0.000505437764,0.170744217,-0.164266437,0.275653128,-0.947117399,0.028588511,0.0925481319,0.0305176117
-0.04833533,-0.96569223,-0.25515138,-0.98371443,0.00174985,0.17972996,-0.17311735,0.2596834,-0.95004996,-0.06396613,0.04653847,0.13537544
-0.04970545,-0.97113952,-0.23327496,-0.98170585,0.00452305,0.19034962,-0.18380096,0.23846884,-0.95359816,-0.05420488,0.03142762,0.16345438
-0.05027521,-0.97431881,-0.21948815,-0.98052372,0.00637515,0.19629673,-0.18985637,0.22508223,-0.95566321,-0.00934647,0.05335927,0.13129947
-0.05076075,-0.97995534,-0.19264101,-0.97773356,0.00943518,0.20963722,-0.20361757,0.19899298,-0.95861415,0.08101895,0.10178041,0.06614537
-0.04883509,-0.98364241,-0.17338604,-0.97438175,0.0087624,0.22472963,-0.21953432,0.17991889,-0.95887112,0.05823055,0.10172343,0.06951677
-0.04686705,-0.98493934,-0.16642682,-0.97248668,0.00692867,0.23285522,-0.22819516,0.17276112,-0.95816511,0.02592449,0.08054912,0.09112665
-0.04194148,-0.98719672,-0.15389411,-0.96837682,0.00225035,0.24948172,-0.24594124,0.15949115,-0.95607279,-0.01544194,0.06893516,0.08530927
-0.03507811,-0.99043587,-0.13344036,-0.9608569,-0.00329285,0.27702561,-0.2748155,0.13793462,-0.95155162,0.01890006,0.09352791,0.07879221
-0.03060956,-0.992348,-0.1196178,-0.95469251,-0.00641556,0.29752474,-0.29601551,0.12330534,-0.94719083,0.01196182,0.09416294,0.08262157
-0.02305277,-0.99461038,-0.10108861,-0.94377307,-0.01170501,0.33038694,-0.32978949,0.10302101,-0.93841667,0.06103701,0.12584114,0.04461921
-0.01789502,-0.99553825,-0.09264569,-0.93508122,-0.01614125,0.35406558,-0.35398127,0.09296728,-0.93062027,0.06419326,0.12621117,0.03166472
-0.01262809,-0.99597042,-0.08878915,-0.92543084,-0.02198922,0.37827807,-0.37870616,0.08694513,-0.92142406,-0.0031331,0.14686155,0.02525587
-0.01014956,-0.99614936,-0.08708251,-0.92019204,-0.02477737,0.39068222,-0.39133554,0.08409791,-0.91639723,-0.01611509,0.17265368,0.01859366
-0.00605503,-0.99657603,-0.08245787,-0.90881432,-0.02891462,0.41619734,-0.41715659,0.07745904,-0.90552747,0.00870542,0.17095017,-0.00131297
-0.00415706,-0.99677177,-0.08017954,-0.90266607,-0.03076321,0.42924072,-0.43032161,0.07415973,-0.89962418,0.02918395,0.14321518,0.0155318
-0.000127252171,-0.996992006,-0.0775041327,-0.889836534,-0.035250616,0.454915709,-0.456279403,0.0690239066,-0.887155423,0.0201993175,0.103201866,-0.0033192283
0.00405416,-0.99695565,-0.07786533,-0.87618696,-0.04106961,0.4802184,-0.48195434,0.0662777,-0.87368605,-0.02705001,0.12963903,-0.03467682
0.00816134,-0.99681097,-0.07938104,-0.86151651,-0.04731081,0.50552057,-0.50766401,0.06426234,-0.85915523,-0.02128712,0.10226882,-0.02114785
0.0103811,-0.99677732,-0.07954317,-0.85385255,-0.05023586,0.51808501,-0.52041134,0.06253987,-0.85162235,-0.00937256,0.07549107,-0.01242255
0.01499344,-0.99675006,-0.0791494,-0.83806448,-0.05570259,0.54272025,-0.54536523,0.05819502,-0.83617601,-0.07005534,0.09438086,-0.01548775
0.01846703,-0.99681242,-0.07761329,-0.82150425,-0.05937456,0.56710252,-0.56990314,0.05328699,-0.81998209,-0.06714569,0.14146602,-0.08858497
0.01982522,-0.99690133,-0.07612151,-0.81272878,-0.06041206,0.57950158,-0.58230462,0.05037747,-0.81140805,-0.0258634,0.12376881,-0.05969845
0.0232209008,-0.997138168,-0.0719468641,-0.794229368,-0.0621077912,0.604435628,-0.607174265,0.0431067438,-0.793398626,-0.00921074208,0.0416891575,-0.00088211312
0.0275420835,-0.997266123,-0.0685685064,-0.775089765,-0.0646220869,0.628537797,-0.631250518,0.0358355321,-0.774750582,0.000327801332,0.061624527,-0.056523554
0.02975835,-0.99726574,-0.06764105,-0.76523649,-0.06626576,0.64032943,-0.64306095,0.03270631,-0.76511607,0.01963731,0.08293164,-0.11921737
0.03466667,-0.99707171,-0.06816254,-0.74456797,-0.07126194,0.663732,-0.66664583,0.02774231,-0.74485805,0.02210985,0.06495047,-0.13236079
0.04081031,-0.99664845,-0.07089614,-0.72288168,-0.0784344,0.68650564,-0.68976553,0.02323306,-0.72365982,-0.04109992,0.02605546,-0.07002081
0.04401009,-0.99644874,-0.07178384,-0.71182252,-0.08169323,0.69759214,-0.7009791,0.02039631,-0.71288996,-0.04815879,0.02484989,-0.06901859
0.04962315,-0.99620096,-0.07156206,-0.6893602,-0.08600913,0.71929471,-0.72271709,0.01363839,-0.69100932,-0.00494504,0.02930653,-0.09899127
0.05446477,-0.99593889,-0.07168849,-0.66663961,-0.08971935,0.7399608,-0.74338762,0.00748862,-0.66881885,0.00499234,0.03066802,-0.08426492
0.0569895,-0.99573509,-0.07255189,-0.65524966,-0.09213269,0.7497729,-0.7532596,0.00481044,-0.65770567,-0.02753046,0.02319062,-0.08917732
0.061566708,-0.995307946,-0.0746426309,-0.632490248,-0.0967571838,0.768501142,-0.772117554,-0.000103304239,-0.635479567,-0.0365952179,0.0370845795,-0.124508269
0.0661759,-0.99485702,-0.07668196,-0.59797896,-0.10106239,0.79511471,-0.79877518,-0.00676318,-0.60159143,0.04192133,-0.01939106,-0.06128557
0.06950946,-0.994373,-0.07994184,-0.57485445,-0.10541867,0.81143649,-0.81529794,-0.01044756,-0.57894732,-0.00567774,-0.02698779,-0.06211637
0.07308883,-0.99392571,-0.08227782,-0.55087493,-0.10900472,0.82743863,-0.83138124,-0.01515169,-0.55549576,-0.01615588,0.01542759,-0.09587712
0.0746768,-0.99387309,-0.08148464,-0.53869038,-0.10896987,0.83542704,-0.83918778,-0.01849206,-0.54352741,0.00290346,0.00495541,-0.07673896
0.07787638,-0.99386128,-0.07858106,-0.51467469,-0.10758315,0.85060906,-0.85384143,-0.02579866,-0.51989343,0.03799061,-0.0322752,-0.08169305
0.08111562,-0.99368479,-0.0775285,-0.49034924,-0.10750587,0.8648699,-0.8677429,-0.03213836,-0.49597295,0.02279468,-0.01070696,-0.12592573
0.0829473,-0.99354711,-0.07735637,-0.4777422,-0.10776726,0.87186511,-0.87457548,-0.03536252,-0.48359842,0.02765806,0.01553702,-0.09211397
0.0876692,-0.99330713,-0.0751993,-0.45257293,-0.1069656,0.88528863,-0.88740731,-0.04357932,-0.45892147,0.03026607,-0.01263481,0.00439078
0.09322136,-0.99299796,-0.07255966,-0.4274288,-0.10573321,0.89784475,-0.89922993,-0.05268426,-0.43429255,0.01821749,-0.03063416,-0.04380676
0.09577516,-0.99281429,-0.07174082,-0.41458589,-0.10530989,0.90389611,-0.90495608,-0.05682799,-0.42169281,-0.00235271,-0.00919306,-0.08464045
0.09967545,-0.99255484,-0.06999819,-0.38876802,-0.1036048,0.91549196,-0.91592809,-0.06403904,-0.39620045,-0.06015465,0.00754321,-0.10332551
0.10231218,-0.99255999,-0.06600619,-0.36290642,-0.09902441,0.92654899,-0.92619171,-0.07084315,-0.37033777,-0.03231706,-0.00726569,-0.07061519
0.10382222,-0.99260141,-0.06295508,-0.34971268,-0.09568733,0.93195758,-0.93108644,-0.0747417,-0.35705976,-0.01631415,-0.02180862,-0.07140546
0.10683774,-0.9926907,-0.05613171,-0.32302404,-0.08804678,0.94228611,-0.94034093,-0.08253977,-0.33006964,0.00219485,-0.04940325,-0.06692101
0.10907312,-0.99278065,-0.04989558,-0.29722704,-0.08047153,0.95140966,-0.94855631,-0.08894288,-0.30385851,-0.00273121,-0.08142376,-0.09024077
0.11024254,-0.9927862,-0.04713839,-0.2845476,-0.0769683,0.95556706,-0.95230202,-0.09193098,-0.29098008,0.00151452,-0.08059138,-0.10828274
0.11311326,-0.99269886,-0.04188574,-0.25897759,-0.07015593,0.96333214,-0.95923722,-0.09811819,-0.26502235,-0.00281936,-0.12963748,-0.10898045
0.11473861,-0.99260381,-0.03965731,-0.24624831,-0.06709434,0.96688163,-0.96239119,-0.10117309,-0.25212532,0.00911273,-0.1279037,-0.09600008
0.11801391,-0.99236728,-0.03577492,-0.22182251,-0.06146151,0.97314808,-0.96791912,-0.1069093,-0.22738269,0.01676114,-0.15091336,-0.06907
0.12100597,-0.99214412,-0.03174158,-0.1991133,-0.05558645,0.97839867,-0.97247693,-0.11207188,-0.20427536,0.01061926,-0.15984917,-0.05542716
0.12373773,-0.99191919,-0.02802218,-0.17790673,-0.04995702,0.98277842,-0.97623671,-0.11662141,-0.18265064,0.01229978,-0.17795801,-0.05161281
0.12505758,-0.99178831,-0.02676883,-0.16771912,-0.04772517,0.98467895,-0.97787061,-0.11865194,-0.17231027,0.01822616,-0.17215776,-0.03355363
0.12751413,-0.99153523,-0.02444954,-0.14871382,-0.04348531,0.98792354,-0.98062434,-0.1223381,-0.15299987,-0.00669635,-0.1665659,-0.0404865
0.12886756,-0.99141799,-0.02198692,-0.13125166,-0.03902877,0.99058045,-0.98293746,-0.12476781,-0.13515476,0.01707073,-0.19402838,-0.04706697
0.12912303,-0.99140905,-0.02086668,-0.12304745,-0.03689911,0.99171462,-0.98396476,-0.12548565,-0.12675492,0.06745344,-0.17751211,-0.02734275
0.12925845,-0.99139572,-0.02065567,-0.1082513,-0.03481356,0.99351373,-0.98568443,-0.12618398,-0.11181977,0.05221244,-0.1814431,0.03528461
0.12924156,-0.99128832,-0.02537849,-0.08966098,-0.03717039,0.99527847,-0.98755126,-0.12635586,-0.09368383,-0.03015126,-0.12624156,-0.02282282
0.12908172,-0.99127203,-0.02679002,-0.07853792,-0.0371508,0.99621868,-0.98851896,-0.12648961,-0.08264795,-0.01352688,-0.13152659,-0.03239709
0.13003209,-0.99112611,-0.02758138,-0.06836547,-0.03671374,0.99698461,-0.98915007,-0.1277544,-0.07253279,0.02373214,-0.14490068,-0.01730457
0.13068682,-0.99101641,-0.02841202,-0.06380225,-0.03700507,0.99727613,-0.98936851,-0.128518,-0.06806506,0.02831287,-0.1583634,-0.00511202
0.13219491,-0.99074309,-0.0308639,-0.05573015,-0.03851675,0.99770264,-0.9896558,-0.13017113,-0.06030595,0.00891685,-0.16448855,-0.00985794
0.13403595,-0.99047938,-0.03138366,-0.04837498,-0.03817141,0.99809958,-0.98979503,-0.13226303,-0.05303076,-0.00434591,-0.14383352,0.00339129
0.1350138,-0.99039059,-0.02995952,-0.04493823,-0.0363257,0.99832899,-0.98982405,-0.13344177,-0.04941078,-0.00721357,-0.13220108,0.01035795
0.13630303,-0.99034635,-0.02520607,-0.03936832,-0.03083811,0.99874865,-0.98988453,-0.13514003,-0.04319148,-0.00827059,-0.1164481,-0.014389
0.13646287,-0.99038019,-0.02291024,-0.03716647,-0.02822863,0.99891026,-0.9899477,-0.13546262,-0.04066106,0.01046399,-0.1153357,-0.02686507
0.13606632,-0.99050022,-0.01987601,-0.03339535,-0.02463678,0.99913839,-0.9901366,-0.1352852,-0.03643023,0.04390205,-0.11621785,0.0037805
0.13608236,-0.99048924,-0.0203102,-0.03079502,-0.02472002,0.99921989,-0.99021871,-0.13535067,-0.03386602,0.02648703,-0.109465,0.06612485
0.13649219,-0.99042358,-0.02075952,-0.0291306,-0.02495932,0.99926391,-0.99021272,-0.13578695,-0.03225836,-0.06266746,-0.11462748,0.0257801
0.13632548,-0.9904884,-0.0186566,-0.02859107,-0.02275828,0.99933207,-0.99025142,-0.135701,-0.03142164,-0.05979827,-0.1049965,-0.0164417
0.133924146,-0.990991523,-0.000269968035,-0.0284849776,-0.00412178288,0.999585693,-0.99058209,-0.133860944,-0.0287803524,0.140045404,-0.0690908432,0.0263846442
0.1339747,-0.99098363,0.00152258,-0.02899103,-0.00238367,0.99957688,-0.99056065,-0.1339622,-0.02904904,0.13263498,-0.06771326,0.00462654
0.134868962,-0.990863428,-0.000202980553,-0.0299005121,-0.00427460119,0.999543746,-0.990412204,-0.134801364,-0.0302038407,0.0426139794,-0.0508010387,0.00862476882
0.13560539,-0.99076119,-0.00182735,-0.03043034,-0.00600844,0.99951877,-0.99029545,-0.13548448,-0.03096393,-0.01243854,-0.03336251,0.02831304
0.136460518,-0.990639105,0.00356369995,-0.0325953939,-0.000894559005,0.999468234,-0.990109124,-0.136504118,-0.0324123485,0.0330045484,-0.00869727135,-0.0334767215
0.13555358,-0.9907334,0.00851107,-0.03370493,0.00397424,0.99942386,-0.99019649,-0.1357623,-0.03285382,0.09857564,-0.00999868,-0.00112607
0.13521536,-0.99077748,0.00876468,-0.03436442,0.0041511,0.99940077,-0.99022014,-0.13543555,-0.03348622,0.0953998,-0.01408529,0.01196894
0.13503349,-0.990833282,0.00390052238,-0.0360049695,-0.000972713618,0.999351051,-0.990186573,-0.135086224,-0.0358061994,-0.00347970123,-0.0024805069,-0.0125163607
0.13461642,-0.99089687,-0.00137116,-0.03740595,-0.00646452,0.99927928,-0.99019154,-0.13446814,-0.0379357,-0.0337148,0.02558184,0.02560053
0.1344544,-0.99091803,-0.00185032,-0.03797407,-0.00701843,0.99925405,-0.99019187,-0.13428381,-0.03857282,-0.02450872,0.0141331,0.04269189
0.134570928,-0.990903942,-0.000153236464,-0.038944978,-0.00544348267,0.999226518,-0.990138341,-0.134460863,-0.0393232576,0.0182067584,0.00485479832,-0.00793075003
0.13462405,-0.990896183,0.000950685374,-0.0394049119,-0.00439479145,0.999213534,-0.990112823,-0.134555526,-0.0396377174,0.0107460786,-0.00201922655,-0.0170078762
0.1342625,-0.99094317,0.00228792,-0.04026735,-0.00314888,0.99918399,-0.99012734,-0.13424508,-0.04032544,0.01224027,0.00785232,0.04917556
0.13415235,-0.99095668,0.00282611,-0.04128926,-0.00274013,0.99914347,-0.99010016,-0.13415413,-0.04128346,0.02683808,0.01217198,0.07215133
0.134457238,-0.990914752,0.00304552853,-0.0419029175,-0.00261510832,0.999118306,-0.990033064,-0.13446634,-0.0418738731,-0.000308051705,0.0169812441,0.0309536327
0.13505655,-0.99082925,0.00411604,-0.042959,-0.00170519,0.99907527,-0.98990609,-0.13510838,-0.04279524,-0.04563663,0.011343,-0.01912568
0.13465008,-0.99086645,0.00728923,-0.04373138,0.00140661,0.99904239,-0.98992778,-0.13483995,-0.0431426,-0.00698983,0.01868963,0.00929594
0.13427171,-0.99090029,0.00936583,-0.04412874,0.00346293,0.99901984,-0.98996149,-0.1345534,-0.0432622,0.02945771,0.01620448,0.00935762
0.13431023,-0.99088122,0.01072224,-0.04452006,0.00477566,0.99899695,-0.98993864,-0.13465276,-0.04347257,0.04821659,0.00878692,-0.02550889
0.13558585,-0.99073459,0.00782743,-0.04440971,0.00181529,0.99901165,-0.98976971,-0.13579937,-0.04375202,-0.00667088,-0.00388098,-0.02102379
0.136349214,-0.990641103,0.0062419712,-0.0441720601,0.000215146565,0.999023837,-0.989675495,-0.136491769,-0.0437292594,-0.029927738,-0.00701630116,-0.0032314416
0.137757958,-0.990453127,0.0050136173,-0.0433143431,-0.000967091676,0.999060902,-0.989518267,-0.137845645,-0.04303395,-0.00789558887,-0.00610756874,-0.0103053953
0.139135076,-0.990258708,0.00539574751,-0.0422252055,-0.000488829441,0.999107994,-0.989372758,-0.139238799,-0.0418818867,0.000303696841,-0.0198151469,-0.0118385367
0.1411451,-0.989967099,0.00656787825,-0.0406353365,0.000835393653,0.999173656,-0.98915457,-0.141295321,-0.0401097027,-0.010582245,-0.00120174885,0.0220877659
0.14231716,-0.98978271,0.00871656,-0.03980346,0.00307635,0.99920277,-0.98902046,-0.14255063,-0.03895894,0.02817157,-0.01367593,-0.00961221
0.14286865,-0.98969627,0.00947148,-0.03942969,0.00387074,0.99921477,-0.98895587,-0.14312986,-0.03847035,0.04300707,-0.01138854,-0.01771957
0.14384468,-0.98955486,0.00947423,-0.03861732,0.00395357,0.99924617,-0.98884644,-0.14410205,-0.03764519,0.01644309,-0.01107776,0.0047424
0.14460299,-0.98945267,0.00855874,-0.03760979,0.00314743,0.99928746,-0.98877467,-0.14482177,-0.03675791,0.00804904,-0.005602,0.01385627
0.14485532,-0.98941608,0.00851944,-0.03700788,0.0031866,0.99930979,-0.98876042,-0.14507054,-0.03615451,0.01495869,-0.00975668,0.007038
0.14513077,-0.98938322,0.00760062,-0.03608507,0.00238398,0.9993458,-0.98875416,-0.14531003,-0.03535591,0.01389829,-0.01031792,-0.01218855
0.145429488,-0.989354392,0.00531072223,-0.0351472518,0.000198071325,0.999382156,-0.988744146,-0.145526319,-0.0347443077,-0.0070732017,-0.0110989809,0.00972637907
0.145534884,-0.989343899,0.00425410522,-0.0347275808,-0.000811090891,0.999396399,-0.988743366,-0.1455947,-0.0344754908,-0.0114757549,-0.00435048342,0.0197795108
0.146439877,-0.989209753,0.00439496868,-0.0329391972,-0.000435662859,0.999457197,-0.988670956,-0.1465051,-0.0326475197,0.0163721535,-0.0328567028,-0.0155300405
0.146676015,-0.989172283,0.00492995161,-0.0325931197,0.000148331661,0.99946867,-0.988647459,-0.146758746,-0.032218436,-0.00057651801,-0.030700922,-0.0203105286
0.146910581,-0.989132961,0.00575014305,-0.0320545077,0.00104956547,0.999485452,-0.988630157,-0.147019204,-0.0315518799,0.00396059826,-0.019441843,0.00067964138
0.14746392,-0.98904528,0.00661504,-0.03147642,0.00199198,0.99950247,-0.98856642,-0.14759874,-0.03083783,0.01405535,-0.01295674,0.01898593
0.14801848,-0.98895985,0.00699502,-0.03129072,0.00238633,0.99950746,-0.98848945,-0.14816445,-0.03059203,0.00595362,-0.02177095,0.00458054
0.14895851,-0.98881469,0.00755189,-0.03167475,0.00286177,0.99949422,-0.98833609,-0.14912245,-0.03089424,-0.00915004,-0.0248422,-0.02119257
0.14916342,-0.9887726,0.00888516,-0.03228807,0.00411045,0.99947011,-0.98828522,-0.14937123,-0.0313124,0.00308776,-0.01578689,-0.0130969
0.14902709,-0.98876211,0.0118432,-0.03238148,0.00709075,0.99945034,-0.98830269,-0.1493286,-0.03096079,0.03810753,-0.01839662,0.00499705
0.14943565,-0.98870744,0.0112535,-0.03242361,0.00647519,0.99945328,-0.98823973,-0.14971886,-0.03108986,0.00103958,-0.0173589,0.00580846
0.14969004,-0.98867735,0.01048274,-0.0323662,0.00569674,0.99945978,-0.98820303,-0.14994841,-0.03114693,-0.01313413,-0.01678371,0.01663513
0.14977989,-0.98866699,0.01016661,-0.03212861,0.00541043,0.99946898,-0.98819711,-0.15002689,-0.03095403,0.0070859,-0.01448834,0.01510778
0.1495117,-0.98868828,0.01190446,-0.03195953,0.00720122,0.99946321,-0.9882433,-0.1498119,-0.03052134,0.02227033,-0.00382507,-0.00229765
0.14935078,-0.98871492,0.01170945,-0.03224389,0.00696607,0.99945573,-0.98825838,-0.14964703,-0.0308396,-0.00943929,0.00523055,0.00806534
0.14933109,-0.98870665,0.0126162,-0.03235482,0.0078666,0.99944536,-0.98825764,-0.14965634,-0.03081459,0.01185254,0.01774931,0.02402619
0.14939422,-0.98868809,0.01331235,-0.03249277,0.00854729,0.99943542,-0.98824369,-0.14974243,-0.0308483,0.02176649,0.01608849,0.0246704
0.14992879,-0.98859654,0.01407509,-0.03285146,0.00924703,0.99941739,-0.98815081,-0.15030376,-0.03109039,0.01370577,-0.00874943,-0.00714871
0.15009364,-0.98858224,0.0133022,-0.03334976,0.00838454,0.99940851,-0.98810909,-0.15044843,-0.03171046,-0.01644027,-0.00938427,-0.02205602
0.149949338,-0.988613706,0.0125714705,-0.0333368777,0.00765246157,0.999414819,-0.988131445,-0.150280636,-0.0318097674,-0.02177714,-0.0021224618,0.000729674939
0.14988262,-0.98862249,0.01268408,-0.03257534,0.0078841,0.99943826,-0.98816708,-0.15021168,-0.03102308,0.01061055,0.00758052,0.02869713
0.150519066,-0.98851875,0.0132112096,-0.0320609556,0.00847556033,0.999449888,-0.988087016,-0.15085975,-0.0304170481,0.0136603508,-0.00367754698,0.000578788109
0.151005221,-0.98844712,0.0130268618,-0.0317918069,0.00831517075,0.999459915,-0.988021604,-0.151337805,-0.0301688785,-0.000292874582,-0.013204217,-0.00190906052
0.15198922,-0.98831056,0.01189665,-0.03136618,0.0072074,0.99948199,-0.98788434,-0.15228366,-0.02990409,-0.0182835,-0.01448214,0.01198894
0.15272493,-0.98820359,0.01135164,-0.03081296,0.0067193,0.99950264,-0.98778831,-0.15299879,-0.02942332,-0.00420007,-0.02564263,0.03483191
0.15361857,-0.98806756,0.0111262,-0.0299424,0.00660004,0.99952981,-0.98767644,-0.15387946,-0.0285712,-0.01223656,-0.01913118,0.01258007
0.15433792,-0.98795419,0.01123559,-0.02956773,0.00674834,0.99953995,-0.98757555,-0.15459909,-0.02816999,-0.02373479,-0.00616688,0.00991586
0.15480572,-0.98787267,0.01195034,-0.02932515,0.00749604,0.99954184,-0.98750963,-0.15508527,-0.0278091,-0.01744101,-0.00435185,0.01505247
0.15610248,-0.98762293,0.01526381,-0.02881978,0.01089253,0.99952529,-0.98732034,-0.15646828,-0.02676273,0.01036767,-0.01756454,0.01471052
0.15811134,-0.9872458,0.01861096,-0.02811231,0.0143398,0.99950182,-0.98702094,-0.15855569,-0.0254864,-0.00621605,-0.02260798,-0.00897152
0.15896316,-0.98708195,0.01999681,-0.02767309,0.0157917,0.99949224,-0.98689657,-0.15943578,-0.02480528,-0.01887697,-0.03060633,-0.02523624
0.16018987,-0.98682191,0.02284001,-0.02671479,0.01879611,0.99946633,-0.98672461,-0.16071452,-0.02335176,-0.0135425,-0.01446599,0.0014895
0.16069048,-0.98666882,0.02575458,-0.02622884,0.02181564,0.99941794,-0.98665632,-0.16127251,-0.02237365,0.00405547,-0.00927615,0.0122099
0.16090658,-0.98660525,0.02681479,-0.02610351,0.02290527,0.99939673,-0.98662433,-0.16150941,-0.0220682,0.01632157,-0.01959944,-0.00141458
0.1608938,-0.98659316,0.02733082,-0.02614514,0.02342149,0.99938365,-0.98662529,-0.16150912,-0.02202616,-0.01126586,-0.01556617,-0.01741282
0.16058405,-0.98666375,0.02659495,-0.02659495,0.02260961,0.99939051,-0.98666375,-0.16119341,-0.02260948,-0.01070914,-0.00583851,0.01899969
0.16051138,-0.98667616,0.02657322,-0.02633607,0.02263156,0.99939687,-0.98668252,-0.16111435,-0.0223525,0.0015941,-0.00926375,0.02818693
0.16074426,-0.98663677,0.02662933,-0.02647125,0.0226609,0.99939267,-0.98664102,-0.16135153,-0.02247488,0.01295241,-0.02549058,-0.01147155
0.16098773,-0.98661019,0.02613698,-0.02669017,0.02212076,0.99939889,-0.98659538,-0.16158848,-0.02277156,-0.01441948,-0.02407748,-0.02933998
0.1609087,-0.98662635,0.02601753,-0.02680784,0.02198221,0.99939892,-0.98660519,-0.16150949,-0.02291222,-0.02231025,-0.01457548,-0.01682445
0.16065239,-0.98664415,0.02690729,-0.02674921,0.02289919,0.99937979,-0.98664845,-0.16127244,-0.02271308,0.0204719,-0.00150412,0.00964951
0.1609534,-0.98657511,0.02763137,-0.02668304,0.02363644,0.99936442,-0.98660121,-0.16158835,-0.02252042,0.01255627,-0.00892711,-0.0088273
0.16119491,-0.98655022,0.02710654,-0.02702752,0.02304272,0.99936901,-0.98655239,-0.16182577,-0.02294959,-0.00671026,-0.01947689,-0.02142572
0.16161782,-0.98652434,0.02547966,-0.02745482,0.02131442,0.99939567,-0.98647135,-0.16221959,-0.02363997,-0.01653741,-0.01804948,0.00650573
0.16147037,-0.98656561,0.02481081,-0.02765521,0.02060743,0.99940506,-0.98648998,-0.16206043,-0.02395617,0.01834844,-0.00965607,0.01688349
0.16177269,-0.98659535,0.02142962,-0.02806576,0.01710708,0.99945969,-0.98642887,-0.16228673,-0.02492209,-0.0227058,-0.0137459,-0.0020788
0.16283178,-0.98641639,0.02164496,-0.03001364,0.0169755,0.99940533,-0.98619723,-0.16338459,-0.0268418,-0.00952607,-0.02895296,-0.00754834
0.1622597,-0.98637486,0.02713683,-0.03195384,0.0222344,0.999242,-0.98623056,-0.16300383,-0.02791072,-0.01096537,-0.01388907,0.01232354
0.16384433,-0.98595055,0.03250094,-0.03510402,0.02709822,0.99901608,-0.9858613,-0.16482392,-0.03017083,0.07163737,-0.03687841,-0.00819733
