0,1,2,3,4,5,6,7,8,9,10,11
0.03139616,-0.29714677,0.95431539,-0.97754199,0.18993589,0.09130081,-0.2083884,-0.93574995,-0.28451014,-0.0040294,0.005041,0.00125817
0.03168946,-0.2966319,0.95446595,-0.97751803,0.18996695,0.09149331,-0.2084568,-0.93590707,-0.28394307,-0.00335579,-0.00230741,-0.00889047
0.03175389,-0.2964272,0.95452742,-0.97752454,0.18992966,0.09150132,-0.20841655,-0.9359795,-0.28373385,,,
0.03208982,-0.29582983,0.95470159,-0.97751669,0.18987775,0.09169352,-0.20840233,-0.93617909,-0.2830855,,,
0.03221854,-0.29533912,0.95484905,-0.97751186,0.18989067,0.09171723,-0.20840459,-0.93633129,-0.28257948,,,
0.03226132,-0.29513494,0.95491079,-0.97750148,0.18993861,0.09172902,-0.20844688,-0.93638599,-0.28236717,,,
0.03234348,-0.295143,0.95490546,-0.97749615,0.18992613,0.09181112,-0.20845887,-0.93638593,-0.28235825,-0.00510959,0.00134325,-0.00443802
0.0323863,-0.29493882,0.95496717,-0.97748578,0.1899741,0.09182298,-0.20850122,-0.9364406,-0.28214596,,,
0.03228273,-0.29493132,0.95497296,-0.97747408,0.19007194,0.09174471,-0.20857196,-0.93642308,-0.28215168,,,
0.03221854,-0.29505488,0.95493687,-0.97744974,0.19019673,0.09174468,-0.20869553,-0.93635874,-0.28227342,,,
0.03227928,-0.29510415,0.9549196,-0.97743638,0.19022574,0.09182684,-0.20874871,-0.93633733,-0.28230515,,,
0.03236143,-0.29515286,0.95490185,-0.97744005,0.19016939,0.09190516,-0.20871918,-0.93633349,-0.28234008,-0.00421058,-0.00913882,-0.00718876
0.0323648912,-0.294939385,0.954967632,-0.97746875,0.190059465,0.0918268069,-0.208583942,-0.936423024,-0.282142753,-0.00947546493,-0.000509142817,-0.00314487121
0.03235033,-0.29439121,0.95513724,-0.97748264,0.190056,0.0916859,-0.20852103,-0.93659619,-0.28161389,-0.00843369,0.00124991,-0.00554671
0.0323536569,-0.294096523,0.955227912,-0.977493644,0.190033421,0.0916154016,-0.208468956,-0.936693355,-0.281329177,-0.00578788249,5.31673395e-05,-0.00101192121
0.0323388863,-0.293507559,0.955409591,-0.977498751,0.190073416,0.0914782432,-0.208447513,-0.936869997,-0.280756504,0.00299353898,5.10215723e-05,0.00454720808
0.0324637316,-0.29335197,0.955453058,-0.977491842,0.190065358,0.0915680366,-0.208460121,-0.93692029,-0.28057888,0.0101927193,-0.000725626887,0.00199153135
0.03256405,-0.293573,0.95538179,-0.97747481,0.19007758,0.09172471,-0.20852452,-0.93684861,-0.28077049,0.00505227,-0.00506234,0.00703513
0.0327218929,-0.294259896,0.955165003,-0.977459868,0.190010274,0.0920224292,-0.208569595,-0.936646697,-0.28140969,-0.0124397138,-0.00110292423,-0.000797022367
0.03286141,-0.29477436,0.95500155,-0.97746562,0.18987433,0.09224155,-0.20852063,-0.93651248,-0.2818922,-0.01587768,-0.00291157,-0.00751898
0.03294354,-0.29490423,0.95495878,-0.97748702,0.18973046,0.09231209,-0.20840802,-0.93650088,-0.28201468,-0.00875462,-0.00377798,-0.00799935
0.03284343,-0.29476448,0.95500532,-0.9775218,0.18963094,0.09214776,-0.20826042,-0.93656498,-0.28191056,,,
0.03263956,-0.29461731,0.95505773,-0.97754499,0.18962918,0.09190508,-0.20818363,-0.93661165,-0.28181226,0.00240892,0.00108051,0.00620323
0.0325393484,-0.29447759,0.955104246,-0.977579749,0.18952955,0.091740772,-0.208036072,-0.936675762,-0.281708155,0.00308780838,0.000581622066,0.00626250776
0.03260338,-0.29451638,0.95509011,-0.97763928,0.18922994,0.09172502,-0.20774616,-0.93672415,-0.28176125,,,
0.0328105265,-0.294693572,0.955028354,-0.977697707,0.188859382,0.0918657708,-0.207438313,-0.936743201,-0.281924651,-0.00627452368,0.000437855691,-0.000496441033
0.03289272,-0.2948234,0.9549854,-0.97771879,0.18871576,0.09193604,-0.20732565,-0.93673125,-0.28204697,-0.00744841,-0.00529981,-0.00608168
0.033142354,-0.29479634,0.954985093,-0.977766612,0.188393304,0.0920883783,-0.207060046,-0.936804641,-0.281998176,9.0343412e-05,-0.00973296072,-0.00211417722
0.03333109,-0.29459822,0.95503971,-0.97780134,0.18817296,0.09217057,-0.2068659,-0.93691129,-0.2817865,-0.00882329,-0.00126672,0.00415354
0.03341626,-0.29431147,0.95512517,-0.97780698,0.18813793,0.09218246,-0.20682562,-0.93700846,-0.28149294,-0.0093429,0.00147128,0.00423006
0.033607866,-0.293656057,0.955320084,-0.977817353,0.188070137,0.0922101198,-0.206745175,-0.937227615,-0.28082131,-0.000464750337,0.00665855361,0.00493925903
0.03358949,-0.29336194,0.95541108,-0.97781152,0.18813294,0.0921437,-0.20677568,-0.9373071,-0.28053334,0.00602672,0.00497508,0.00179076
0.03365038,-0.2934112,0.95539388,-0.97779825,0.18816195,0.09222591,-0.20682887,-0.93728592,-0.28056522,0.00511061,0.00332105,-0.00240451
0.0338755219,-0.293476447,0.955365916,-0.977774213,0.188166054,0.0924723418,-0.206905893,-0.937264701,-0.280579481,0.00297725271,5.60283625e-05,-0.0105195604
0.03410062,-0.29346051,0.95536286,-0.97773254,0.18825767,0.0927266,-0.20706602,-0.93725134,-0.28050621,-0.00174479,0.00247514,-0.00442049
0.03428611,-0.29331349,0.95540134,-0.97770333,0.1883225,0.09290254,-0.20717316,-0.93728431,-0.28031674,-0.00760671,-0.00313759,-0.00537435
0.0345749646,-0.293011441,0.955483555,-0.977650202,0.188464801,0.093172232,-0.207375531,-0.937350136,-0.27994652,-0.00839925557,-0.00501608802,-0.000245521078
0.03455674,-0.29259545,0.95561163,-0.97761793,0.18865905,0.0931173,-0.20753042,-0.93744096,-0.27952708,-0.01011249,-0.00594544,-0.00332448
0.03447446,-0.29250631,0.955642,-0.97760582,0.18875895,0.09304284,-0.20760162,-0.93744875,-0.27944852,-0.01042226,-0.00128531,0.00332858
0.03319665,-0.29450137,0.95507422,-0.97752836,0.18947314,0.09240189,-0.20817333,-0.93667964,-0.28159352,0.00634227,0.01305485,0.02187217
0.03246802,-0.29683562,0.95437654,-0.97745811,0.18988011,0.09231095,-0.20861836,-0.93586018,-0.28397939,0.02050595,0.01663744,0.03940714
0.02893435,-0.30936209,0.95050392,-0.97715105,0.19155857,0.09209227,-0.21056696,-0.93145062,-0.29675082,0.07801181,0.0233438,0.10227168
0.01981506,-0.33557571,0.94180487,-0.97685446,0.19417141,0.08973802,-0.21298551,-0.92178441,-0.32396114,0.11174155,0.06043863,0.07376289
0.01302272,-0.35216136,0.93584865,-0.97672352,0.19592497,0.08731833,-0.21410623,-0.91520255,-0.34141278,0.11526591,0.04745483,0.00404682
-0.0044063,-0.38583861,0.92255581,-0.97624171,0.20152582,0.07962107,-0.21663973,-0.9002866,-0.37755974,0.20148773,0.03470754,-0.0511156
-0.03391418,-0.44304201,0.8958591,-0.97420181,0.21476505,0.06933081,-0.22311566,-0.87039628,-0.4388959,0.50314087,-0.01604593,0.13437378
-0.07652303,-0.53405067,0.84198213,-0.96829432,0.24120972,0.06499099,-0.23780269,-0.81031328,-0.5355763,0.42138186,0.06698965,0.01627369
-0.0889872475,-0.555303622,0.826873056,-0.965861705,0.250888674,0.0645442974,-0.243294738,-0.792901436,-0.558672383,0.330418587,0.108296387,-9.36314464e-05
-0.11691304,-0.59245319,0.79707612,-0.95960661,0.2741897,0.06304779,-0.25590287,-0.75750848,-0.60057832,0.18004157,0.15716515,-0.02091697
-0.14834981,-0.61979937,0.77061083,-0.95147308,0.30189612,0.0596464,-0.26961321,-0.72436693,-0.63450865,0.13665797,0.16711341,0.01070695
-0.16509849,-0.62953415,0.75922924,-0.94650209,0.31753827,0.05747273,-0.27726534,-0.70912346,-0.64828046,0.15055437,0.1768416,0.03903503
-0.19996003,-0.64374458,0.73865353,-0.93485359,0.3510719,0.05288997,-0.29336815,-0.67995699,-0.67200729,0.17527093,0.1752746,0.08950816
-0.23576659,-0.65379424,0.71900422,-0.92101515,0.38638938,0.04933832,-0.31007269,-0.65058148,-0.6932521,0.19050673,0.19478224,0.10229325
-0.25424166,-0.65842037,0.70840918,-0.913154,0.40472572,0.04844337,-0.31860748,-0.63457041,-0.70413732,0.1866883,0.21195363,0.09800866
-0.29260567,-0.66701829,0.68517751,-0.89543285,0.44255444,0.04842978,-0.33553185,-0.59935969,-0.72676401,0.14910915,0.21551441,0.05154749
-0.33285366,-0.67326367,0.66024568,-0.87501454,0.48151928,0.04988686,-0.35150802,-0.56111956,-0.74939095,0.06732865,0.21514414,0.00181579
-0.35316768,-0.67509816,0.64769979,-0.86385027,0.50112962,0.05130101,-0.35921476,-0.54139779,-0.76016651,0.04326131,0.21248935,-0.01103238
-0.39365405,-0.6761961,0.62273209,-0.83956678,0.54035962,0.05602757,-0.37438489,-0.5007697,-0.78042653,0.01636856,0.21849535,-0.0089288
-0.43374624,-0.67418202,0.59778148,-0.81272511,0.57917751,0.06349233,-0.38902697,-0.45829248,-0.79914072,-0.02644465,0.25913724,-0.01560235
-0.45343351,-0.67217085,0.58530696,-0.79841187,0.59820696,0.06846065,-0.39615194,-0.4362737,-0.80791627,-0.04083178,0.26872048,-0.02798512
-0.49192786,-0.66606179,0.56068602,-0.76814277,0.63518321,0.08061644,-0.40983389,-0.39102942,-0.82409487,-0.0895541,0.26707193,-0.04183896
-0.52903073,-0.65698771,0.53711595,-0.7357094,0.67052551,0.09553635,-0.42291615,-0.34461959,-0.83808064,-0.11468478,0.28085443,-0.06953979
-0.54687563,-0.65159896,0.5256862,-0.71878463,0.68737164,0.10425404,-0.42927361,-0.32084115,-0.84426612,-0.11375208,0.29796788,-0.07502455
-0.58138634,-0.63924065,0.50335002,-0.68360841,0.71926337,0.1238537,-0.44121355,-0.27208746,-0.85516018,-0.11513619,0.30712041,-0.02299035
-0.61406791,-0.62383319,0.48347954,-0.64693702,0.74874156,0.14442484,-0.45209823,-0.22409416,-0.86335895,-0.19370519,0.21711515,-0.03944997
-0.65805884,-0.59287447,0.46417507,-0.5874838,0.78986612,0.17599516,-0.4709792,-0.15688016,-0.86808253,-0.21362071,0.16043185,-0.08798607
-0.68475547,-0.56890569,0.45547334,-0.54556878,0.81453767,0.19718786,-0.4831815,-0.11346656,-0.86813631,-0.2176929,0.1470059,-0.07576407
-0.69749634,-0.55640818,0.45156241,-0.52437717,0.82579896,0.20756838,-0.48839251,-0.09201083,-0.8677595,-0.23577975,0.11843669,-0.05789634
-0.72138097,-0.52990684,0.44587877,-0.48160773,0.84651571,0.22685923,-0.49765765,-0.05108671,-0.86586756,-0.26228678,0.04417359,-0.05863196
-0.74274234,-0.50154826,0.44360239,-0.43776875,0.865044,0.24506609,-0.50664806,-0.01217429,-0.86206696,-0.26587451,0.04527425,-0.0757763
-0.75248678,-0.48714235,0.44323323,-0.41542589,0.87329124,0.25452646,-0.51106232,0.00739726,-0.85951165,-0.25522238,0.0489937,-0.08861744
-0.77031996,-0.4594073,0.44221255,-0.37085076,0.88691976,0.27539616,-0.51872605,0.04814831,-0.85358354,-0.22876415,0.02810621,-0.09664455
-0.78601267,-0.43379671,0.44045921,-0.32779091,0.89651886,0.2980051,-0.52415363,0.08985728,-0.8468698,-0.23100278,-0.04104387,-0.08564354
-0.79307984,-0.42158752,0.43964517,-0.30689983,0.90003138,0.30944463,-0.52615245,0.11048732,-0.84318188,-0.236368,-0.04697758,-0.08836796
-0.80585038,-0.39774475,0.43863867,-0.26554569,0.90488397,0.33267171,-0.52923554,0.15160507,-0.83482048,-0.24351102,-0.05656594,-0.07731427
-0.8169367,-0.37438438,0.43869175,-0.22425423,0.90700626,0.35644027,-0.53134184,0.1928107,-0.82492398,-0.22058564,-0.11168926,-0.06304464
-0.82193085,-0.36298858,0.43894074,-0.20400807,0.90711321,0.368139,-0.5317992,0.21303735,-0.81963693,-0.19430462,-0.11709964,-0.06347754
-0.83090194,-0.34111075,0.43959678,-0.16516175,0.90563925,0.39056259,-0.5313412,0.25191466,-0.80883586,-0.17968503,-0.10271864,-0.0428746
-0.84192724,-0.30936145,0.44210146,-0.10979455,0.90040503,0.42097021,-0.52830234,0.30588602,-0.79204171,-0.18081057,-0.03333205,-0.05593888
-0.84768041,-0.2886309,0.4451184,-0.0736903,0.89497093,0.43999635,-0.52536456,0.34017533,-0.77991864,-0.14260262,-0.02531177,-0.04592861
-0.8521054,-0.26768782,0.44973244,-0.03795151,0.88864254,0.45702745,-0.52199206,0.37236761,-0.76737624,-0.1411617,-0.00563049,-0.03265702
-0.85651237,-0.23380482,0.46013236,0.01620782,0.87888701,0.47675458,-0.51587188,0.41580395,-0.74898813,-0.17508385,0.02538883,0.03215678
-0.85816143,-0.20799821,0.4693564,0.05332711,0.87318645,0.48446015,-0.51060249,0.4407745,-0.73824297,-0.1728878,0.02388692,0.02406214
-0.85845349,-0.19385504,0.47484501,0.07234406,0.87079743,0.48629021,-0.50776363,0.45180976,-0.73351483,-0.17418472,0.024194,0.02756241
-0.85764564,-0.16283511,0.48777899,0.1119359,0.8666835,0.48613787,-0.50191032,0.4715341,-0.72508021,-0.18842158,0.08663177,-0.01976798
-0.85503072,-0.13034721,0.50192775,0.15345425,0.8609502,0.48499124,-0.49535205,0.49170552,-0.71613649,-0.22405562,0.13856302,-0.0570702
-0.84678085,-0.08206502,0.52557319,0.21856821,0.84709432,0.48441627,-0.48496369,0.5250681,-0.69936642,-0.23434126,0.02427971,-0.06771444
-0.83767869,-0.05040719,0.54383184,0.26459873,0.83361963,0.48483584,-0.4777881,0.55003399,-0.68496768,-0.25825506,0.023597,-0.06581837
-0.83211233,-0.03520182,0.55348861,0.28786922,0.8256059,0.48528979,-0.47404655,0.56314803,-0.6768633,-0.25140744,0.01109111,-0.07323404
-0.81939636,-0.00718301,0.57318257,0.33377123,0.80695558,0.4872571,-0.46603286,0.59056847,-0.658819,-0.23914418,-0.03554076,-0.09087754
-0.80441653,0.01731387,0.59381333,0.37900628,0.78467717,0.49054661,-0.4574585,0.61966279,-0.63776935,-0.20616907,-0.05577981,-0.06501653
-0.79621885,0.02839214,0.60434202,0.40135665,0.7722372,0.49250636,-0.45271207,0.63469959,-0.62626517,-0.20645237,-0.08691221,-0.0493487
-0.77874165,0.04789609,0.6255138,0.44517114,0.74472643,0.49719736,-0.44202286,0.66564895,-0.60127146,-0.21530049,-0.08260285,-0.01942383
-0.76012671,0.06244779,0.64676681,0.48660139,0.71434917,0.50291579,-0.43061133,0.69699747,-0.57338303,-0.18916568,-0.09545808,0.02111286
-0.75013372,0.06818832,0.65776114,0.50666366,0.6984653,0.50540889,-0.42496035,0.71238793,-0.55849091,-0.18585414,-0.10613298,0.04732065
-0.70356269,0.08821623,0.70513638,0.58476313,0.63569422,0.50392947,-0.40379635,0.76688378,-0.49883632,-0.14614207,-0.23198722,-0.03298567
-0.69049774,0.0908448,0.71760712,0.60323869,0.61976419,0.50199143,-0.39914387,0.77951237,-0.48274685,-0.1568218,-0.1063677,-0.12443754
-0.66317479,0.08877298,0.74318128,0.63804106,0.58614385,0.49933852,-0.39128336,0.80532894,-0.44535661,-0.19491871,-0.0935142,-0.12304926
-0.63306165,0.07757295,0.77020465,0.67235424,0.54818844,0.49742251,-0.38363074,0.83274956,-0.39919354,-0.23998325,-0.33702597,-0.06716191
-0.54039403,0.03159251,0.84081881,0.75937464,0.44869753,0.47119073,-0.36238723,0.89312511,-0.26646404,0.03809254,-0.32645741,0.03262763
-0.52036899,0.02040954,0.85369751,0.77529212,0.43036198,0.46228848,-0.35796384,0.9024256,-0.23977035,0.08642017,-0.30949375,0.05769562
-0.44108658,-0.02621388,0.89708142,0.83040882,0.3671938,0.41903429,-0.34038717,0.92977491,-0.14019589,0.11299777,-0.2984893,0.07144908
-0.42148097,-0.03877617,0.90600767,0.84209674,0.35398555,0.40689946,-0.33649157,0.93444663,-0.11654478,0.11604539,-0.26688108,0.069549
-0.34673363,-0.085706,0.9340396,0.88171595,0.30987594,0.3557439,-0.31992571,0.94690614,-0.03187595,0.08703434,-0.24715374,0.06487451
-0.32857909,-0.09687676,0.93949495,0.89016428,0.30069283,0.34233232,-0.31566346,0.94878805,-0.01256518,0.12763818,-0.18214588,0.00933729
-0.29348279,-0.11869689,0.94856665,0.90534957,0.28407956,0.31565936,-0.30693612,0.95142511,0.0240898,0.17569612,-0.13894998,-0.02532455
-0.24312974,-0.14449615,0.95917088,0.9248922,0.26348597,0.27413417,-0.2923394,0.95377985,0.06958209,0.13301657,-0.13940893,0.10714877
-0.21229931,-0.15638743,0.96460975,0.9356251,0.25234816,0.24683209,-0.28201893,0.95491538,0.09274666,0.08083873,-0.06414878,-0.00896684
-0.182992,-0.1668,0.96886104,0.94489701,0.24226602,0.22017456,-0.27144724,0.95576407,0.11327606,0.04168753,-0.04482197,-0.03488242
-0.13917376,-0.18330118,0.97315536,0.95677117,0.22854454,0.17987869,-0.25538132,0.95612138,0.14356987,0.10796636,-0.02485281,0.01755915
-0.1133024,-0.19105689,0.97501785,0.96296529,0.22053724,0.15511659,-0.24466383,0.95648344,0.15899377,0.0884275,-0.04570305,0.06746759
-0.10164047,-0.19401283,0.97571927,0.96561431,0.21667353,0.14367144,-0.23928659,0.95677139,0.16531883,0.07089865,-0.04437863,0.02976491
-0.07966244,-0.19761394,0.97703768,0.97012351,0.20995823,0.12156448,-0.22915994,0.95753134,0.17498414,0.07395177,-0.09849405,0.03890301
-0.05684833,-0.20056735,0.97802913,0.97417595,0.20326495,0.09830852,-0.21851651,0.95836114,0.18383263,0.07898391,-0.13098298,-0.05459813
-0.04447549,-0.20263023,0.97824474,0.976051,0.19991309,0.08578511,-0.21294653,0.95863217,0.18888628,0.12573668,-0.11538564,-0.07133297
-0.01884857,-0.20873423,0.97779066,0.97931651,0.19319564,0.06012057,-0.20145405,0.95869981,0.2007755,0.12106816,-0.04289102,0.02838571
0.00596734,-0.21490359,0.97661699,0.98167135,0.18729938,0.03521685,-0.19048796,0.95850682,0.21208242,0.0504305,-0.04094499,0.05212445
0.01804319,-0.21723185,0.97595323,0.98244669,0.18511511,0.0230405,-0.1856688,0.95840632,0.21675881,0.05521688,-0.06788742,0.07842201
0.04218463,-0.2192202,0.97476296,0.98346458,0.181091,-0.00183453,-0.17611859,0.9587223,0.22323462,0.07077791,-0.05674696,0.03351568
0.06650647,-0.22056767,0.97310164,0.98389566,0.17666193,-0.02720119,-0.16591031,0.95923953,0.22876473,0.04188194,0.00673652,-0.0563312
0.07838315,-0.22189321,0.97191532,0.98387686,0.17442463,-0.03952576,-0.16075543,0.9593432,0.2319876,0.02522646,0.00747895,-0.06653234
0.10067991,-0.22597316,0.96891671,0.98337686,0.17051153,-0.06241529,-0.15110725,0.95909429,0.23938392,0.06157217,-0.0050776,-0.01644961
0.12010951,-0.23258053,0.96513204,0.98255637,0.16687873,-0.08206293,-0.14197369,0.95815324,0.24856729,0.09205669,-0.04146093,-0.00808189
0.12919732,-0.23648729,0.96300657,0.98204002,0.16517198,-0.0911892,-0.13749654,0.95749247,0.25357984,0.11579239,-0.01617586,0.00587407
0.14678932,-0.24493262,0.9583636,0.98077653,0.16196889,-0.10882717,-0.1285697,0.95591526,0.26399953,0.14201954,-0.04140985,0.04449903
0.16221459,-0.25198487,0.9540388,0.97940478,0.15890917,-0.12455576,-0.12021933,0.95459493,0.27257258,0.18132757,-0.02613568,0.06299543
0.16911596,-0.25428988,0.95222706,0.97868286,0.15755837,-0.13173892,-0.11653144,0.9542075,0.27551482,0.19394931,-0.01486647,0.05293199
0.18212425,-0.25599992,0.94936548,0.97719214,0.15435824,-0.1458392,-0.10920756,0.95427333,0.27827348,0.18743992,-0.00107956,-0.02487203
0.19412129,-0.25781046,0.94649376,0.97557548,0.15185216,-0.15872348,-0.10280641,0.95418783,0.28099145,0.15744038,-0.01690841,-0.00721391
0.1995935,-0.25880448,0.94508343,0.97476414,0.15085757,-0.16455052,-0.09998658,0.95407664,0.28238351,0.1354714,0.00230694,0.02409745
0.20898566,-0.26075453,0.94251369,0.97328114,0.1492116,-0.17452712,-0.09512523,0.95380447,0.28497056,0.08016986,-0.01026183,0.02757718
0.21605186,-0.2621668,0.94052652,0.97209947,0.14787781,-0.18208442,-0.09134649,0.95362503,0.2868015,0.10120801,-0.02962994,0.0353988
0.21864628,-0.26282135,0.9397439,0.97165953,0.14730616,-0.18487428,-0.08984108,0.95353326,0.2875809,0.10282198,0.02582097,0.04086025
0.22200558,-0.26424396,0.93855669,0.9710469,0.14700282,-0.1883032,-0.0882125,0.95318692,0.28922872,0.10738982,0.02692461,0.03815104
0.22376801,-0.26429129,0.93812473,0.97071841,0.14671955,-0.19020822,-0.08737088,0.95321745,0.28938355,0.09989478,-0.04635745,0.0130386
0.2243667,-0.26406818,0.93804454,0.97061338,0.14649266,-0.19091765,-0.08700136,0.95331415,0.2891762,0.08790807,-0.02431923,0.020889
0.22509526,-0.26397384,0.93789649,0.97049221,0.14617114,-0.19177787,-0.08646899,0.95338958,0.28908705,0.03884292,0.00737798,0.01028999
0.224338586,-0.263064501,0.938333149,0.970745904,0.144886166,-0.191468542,-0.0855828238,0.953836926,0.287872444,0.0384352058,0.000427484483,0.0459674895
0.22344542,-0.26193639,0.93886173,0.97093961,0.14452479,-0.19075828,-0.08572219,0.95420217,0.28661789,0.01002184,0.00983095,-0.0115282
0.22163428,-0.26215336,0.93923034,0.97122107,0.14549872,-0.18857227,-0.08722183,0.95399449,0.2868565,-0.0168307,0.02422023,-0.04918262
0.22072397,-0.26281956,0.93925864,0.97136048,0.14609897,-0.18738701,-0.08797574,0.95371954,0.28754008,-0.01785023,0.0334121,-0.03134948
0.21792021,-0.26506336,0.93928269,0.97184996,0.14723648,-0.18392615,-0.08954447,0.95292318,0.28968775,-0.03365519,-0.01460701,0.01286094
0.21425322,-0.26633586,0.93976631,0.97253606,0.14773527,-0.1798551,-0.09093475,0.95249118,0.29067401,-0.01112985,-0.02171773,0.01310445
0.21218766,-0.2670286,0.94003836,0.97291648,0.14799567,-0.17756913,-0.09170556,0.95225679,0.29119939,0.01001913,-0.03561395,0.00183506
0.20814585,-0.26834718,0.94056632,0.97362261,0.14872828,-0.17302837,-0.09345709,0.95177182,0.29222611,0.0496767,-0.01330644,0.02428907
0.20527138,-0.2697346,0.94080115,0.97402723,0.15017533,-0.16946448,-0.09557463,0.9511522,0.29355561,0.02662282,0.00319016,0.05113818
0.20403069,-0.27006106,0.94097736,0.97416153,0.15110469,-0.16785878,-0.09685392,0.95091234,0.29391315,-0.00130305,-0.00607318,0.05493117
0.20180601,-0.26863428,0.94186515,0.97432857,0.15304237,-0.16511167,-0.09979061,0.95100665,0.29262292,-0.01711896,-0.02927768,0.01821313
0.19939977,-0.2657759,0.94318763,0.97446532,0.15518064,-0.16228466,-0.1032331,0.95146316,0.28993238,-0.02684632,-0.00882363,-0.02488886
0.19815019,-0.26440882,0.943835,0.97452964,0.15631406,-0.16080398,-0.1050167,0.95165851,0.28864788,-0.03733682,-0.02532989,-0.03643164
0.1947657,-0.26196406,0.94522018,0.97454902,0.16073801,-0.15626111,-0.11099804,0.95159769,0.28660305,-0.02253614,0.00639343,0.00109539
0.1939475,-0.26155434,0.9455018,0.97456082,0.16171827,-0.15517211,-0.11231896,0.95154427,0.28626549,-0.03648827,0.01067376,-0.00113741
0.19208557,-0.26039897,0.9462005,0.97463901,0.16341521,-0.15288608,-0.11481212,0.95157119,0.28518476,-0.03467135,-0.0047105,-0.0161279
0.19011518,-0.25936189,0.94688307,0.97475889,0.16485747,-0.15055573,-0.11705228,0.95160566,0.28415726,-0.0244653,-0.00283104,-0.02407033
0.18746723,-0.25815888,0.94773946,0.97495965,0.16640437,-0.14752392,-0.1196234,0.95166361,0.28288984,-0.02121643,0.01233613,-0.00870472
0.18569813,-0.2575773,0.94824577,0.97516322,0.16686818,-0.14564208,-0.12071791,0.95173991,0.28216707,-0.0185695,-0.01641178,-0.01051826
0.18463214,-0.25744958,0.94848864,0.975328,0.16683581,-0.1445722,-0.12102182,0.95178019,0.28190103,-0.02376532,-0.02369505,-0.00825659
0.18257561,-0.25714938,0.94896803,0.97564588,0.16673759,-0.14252605,-0.12157814,0.95187854,0.28132896,-0.00811168,0.01724005,-0.00704337
0.18024785,-0.25666336,0.94954434,0.97593764,0.16709142,-0.14009281,-0.12270393,0.95194758,0.28060541,0.00761158,0.01305461,-0.01253235
0.17904855,-0.25639769,0.94984306,0.9760786,0.16732507,-0.13882683,-0.12333768,0.95197823,0.28022361,0.01047792,0.00369966,-0.01207268
0.1768648,-0.25606171,0.95034264,0.97632756,0.16779412,-0.13649001,-0.12451199,0.95198604,0.27967704,0.02887119,-0.02682876,-0.00550831
0.17453523,-0.25636011,0.95069281,0.97665521,0.16786588,-0.13403549,-0.12522747,0.95189307,0.27967403,0.01729444,-0.02346384,0.0154247
0.17329355,-0.25641635,0.95090486,0.97683625,0.1678226,-0.1327651,-0.12554021,0.95188565,0.27955933,0.00432725,-0.02877486,0.01797609
0.1707763,-0.25585423,0.95151136,0.97718018,0.16777517,-0.13026975,-0.12630982,0.95204512,0.27866781,0.00418219,-0.0018357,0.02302323
0.1681441,-0.2550509,0.95219568,0.97745995,0.16824208,-0.12754084,-0.12766998,0.95217838,0.27759095,0.00459436,-0.00360417,0.01324819
0.16680691,-0.25445158,0.95259103,0.9775779,0.16860865,-0.12614431,-0.12851738,0.95227377,0.27687143,0.00817527,-0.00567347,-0.00704701
0.16136347,-0.25293821,0.95393074,0.97810603,0.16970214,-0.12045563,-0.13141614,0.95248266,0.27478424,-0.00499993,-0.01851839,-0.00138892
0.15981962,-0.25287554,0.9542072,0.97827023,0.16990663,-0.11882265,-0.13207866,0.95246283,0.27453518,-0.00268198,-0.00277966,0.00734247
0.15668178,-0.25267587,0.95478039,0.97852036,0.17084778,-0.11536385,-0.13397239,0.95234753,0.27401729,0.01245319,0.0104295,0.01087738
0.15334099,-0.25185872,0.95553839,0.97876064,0.17185754,-0.11176971,-0.13606624,0.9523823,0.27286227,-0.00797661,-0.01224703,0.00280058
0.15159664,-0.25121164,0.95598699,0.9788947,0.17225897,-0.1099635,-0.1370532,0.95248071,0.27202365,0.00167673,-0.00730938,0.00369662
0.148187559,-0.24958705,0.956946548,0.979161801,0.172894886,-0.1065339,-0.138861656,0.952792532,0.270007008,-0.015691366,0.0179791432,0.000254598446
0.14448238,-0.247435664,0.958071149,0.979428858,0.173600412,-0.102868386,-0.140868187,0.953225254,0.26742789,-0.0304145887,0.000824451388,-0.0168976355
0.14258383,-0.24638454,0.95862637,0.97955905,0.17397265,-0.10098316,-0.14189409,0.9534297,0.26615388,-0.02633889,0.00347614,-0.02152085
0.13834529,-0.24479492,0.95965408,0.97988287,0.17456308,-0.09673277,-0.14384045,0.95373115,0.26402037,-0.02219531,-0.00847965,-0.03150202
0.13403364,-0.2439978,0.96046857,0.9802649,0.17476569,-0.0923986,-0.14531181,0.95389824,0.26260706,-0.01665955,-0.00926834,-0.02362529
0.13181854,-0.24372128,0.96084529,0.98048483,0.17467794,-0.09020525,-0.14585347,0.95398502,0.26199089,-0.01351471,-0.01177144,-0.0191658
0.12775343,-0.24324771,0.96151417,0.98094692,0.17405441,-0.08630236,-0.14636287,0.95421984,0.26084921,-0.01821029,-0.00946289,-0.02797872
0.12775343,-0.24324771,0.96151417,0.98094692,0.17405441,-0.08630236,-0.14636287,0.95421984,0.26084921,-0.01821029,-0.00946289,-0.02797872
0.12291981,-0.24327592,0.96213696,0.98151558,0.17310172,-0.08162687,-0.14668971,0.95438599,0.26005674,-0.00776808,-0.01251459,-0.00862644
0.12023326,-0.2431362,0.96251169,0.98191982,0.17191881,-0.07922993,-0.1462102,0.95463538,0.25941062,-0.01245862,-0.01739335,0.02270636
0.11758299,-0.24186588,0.96315883,0.98234888,0.17041485,-0.07713151,-0.145481,0.95522745,0.25763468,-0.01958455,-0.01587027,0.01778499
0.11405992,-0.23947753,0.96417893,0.98295456,0.16806072,-0.07453909,-0.14419024,0.95624592,0.25456444,-0.01773238,-0.00744724,-0.02246365
0.11215673,-0.23931564,0.96444224,0.98330432,0.16668926,-0.07298812,-0.14329495,0.95652635,0.25401545,-0.02195983,0.01194346,-0.006327
0.111316054,-0.239415405,0.964514823,0.983471516,0.166001799,-0.0722982302,-0.142801814,0.956620886,0.253936982,-0.0212702118,0.00144505489,0.000568243209
0.10936856,-0.23993704,0.96460804,0.98384838,0.16447666,-0.07063803,-0.1417068,0.95675367,0.25405027,-0.0272527,-0.01119161,0.01223699
0.107495,-0.24073576,0.96461972,0.98418452,0.16317633,-0.06895212,-0.14080391,0.95677576,0.254469,-0.01809564,-0.01906586,0.01336585
0.10664278,-0.241204,0.96459731,0.98431917,0.16270544,-0.0681376,-0.14051018,0.956738,0.25477307,-0.00401533,-0.00912762,0.0246237
0.10511625,-0.24186764,0.96459875,0.98455643,0.16186155,-0.06670531,-0.13999765,0.95671365,0.25514655,-0.00729261,-0.01999456,0.02792837
0.10353639,-0.24222624,0.9646796,0.98475083,0.16129505,-0.06519022,-0.13980729,0.95671856,0.25523237,-0.00676684,-0.03515076,0.03177696
0.102797389,-0.242331373,0.964732135,0.984820805,0.161162584,-0.0644554168,-0.139859103,0.956714181,0.255220132,-0.000605488662,-0.0423341952,0.0215800181
0.10171415,-0.24268131,0.96475898,0.98493917,0.16086695,-0.06337625,-0.13981755,0.95667523,0.25538884,0.00231922,-0.01952112,0.00100365
0.10125804,-0.24376871,0.96453279,0.98496573,0.16096021,-0.0627232,-0.13996139,0.95638304,0.25640241,,,
0.10115889,-0.24419539,0.96443532,0.98496445,0.16104102,-0.06253653,-0.14004251,0.95626063,0.25681452,-0.00446594,0.00788021,0.01260604
0.10090927,-0.24474511,0.96432205,0.98492113,0.16148135,-0.06208076,-0.14052601,0.95604576,0.25734967,-0.02362371,0.01685142,0.02136325
0.100165632,-0.244100086,0.964563079,0.984867909,0.162123692,-0.0612458484,-0.141428383,0.956101982,0.256645597,-0.0408017747,-0.00237846351,-0.000203124247
0.09956275,-0.24382537,0.96469496,0.98481032,0.16275092,-0.06050367,-0.14225262,0.95606551,0.25632571,-0.04061034,-0.00825572,-0.01467589
0.09819523,-0.2434495,0.96493005,0.98466838,0.16423956,-0.05876663,-0.14417296,0.95590673,0.25584459,-0.02281961,-0.01128197,-0.01522251
0.09713142,-0.24339114,0.96505246,0.98451169,0.1656901,-0.05730208,-0.14595282,0.95567125,0.25571513,-0.01820201,0.00808632,-0.01729155
0.09682814,-0.24351862,0.96505076,0.9844404,0.16628032,-0.05681481,-0.14663347,0.95553624,0.2558302,-0.01768829,0.01702189,-0.01670508
0.09660268,-0.24408918,0.96492916,0.9843071,0.16726468,-0.05623124,-0.14767308,0.95521877,0.25641699,-0.01919481,0.00575554,-0.00981183
0.09515947,-0.24439003,0.96499638,0.98428415,0.16796336,-0.05452385,-0.14875887,0.95501919,0.25653264,-0.01972357,-0.00681829,0.00566243
0.09388682,-0.24389897,0.96524537,0.9843386,0.16804324,-0.0532827,-0.14920739,0.95513079,0.25585618,-0.01382483,-0.0036459,-0.00703923
0.09297679,-0.24314515,0.96552356,0.98427775,0.16870769,-0.05229757,-0.15017535,0.95520582,0.25500826,-0.00758439,-0.00246286,-0.0232431
0.09260131,-0.24290553,0.96561994,0.98422519,0.16915686,-0.05183343,-0.1507506,0.95518733,0.2547379,-0.01701643,-0.00533616,-0.02705524
0.09216632,-0.24273395,0.96570462,0.98408411,0.17018403,-0.05114389,-0.15193307,0.95504841,0.25455596,-0.00544095,-0.0134176,-0.00145613
0.09215482,-0.24274429,0.96570318,0.98412486,0.16993233,-0.05119764,-0.15167623,0.95509065,0.25455081,-0.00568156,-0.00975692,0.00986553
0.09172085,-0.24255637,0.96579172,0.98427438,0.16912356,-0.05100112,-0.15096746,0.95528194,0.25425421,-0.00704241,-0.00906074,0.00902099
