0,1,2,3,4,5,6,7,8,9,10,11,12
0.465497,0.14090133,-0.8737616,0.04338696,-0.98969198,-0.13648165,-0.88398534,0.02562194,-0.4668119,0.00208644,0.00546974,0.00397123,
0.46555532,0.14097412,-0.87371874,0.04309439,-0.98967165,-0.13672052,-0.8839689,0.02599858,-0.46682199,0.00253769,0.01333982,0.02013106,
0.46651934,0.14114272,-0.87317714,0.04246474,-0.98962178,-0.1372772,-0.88349099,0.02696322,-0.46767118,-0.00929652,0.00162488,-0.00711742,
0.46546117,0.14124963,-0.87372441,0.04147399,-0.98957937,-0.13788468,-0.88409598,0.02794311,-0.46646885,0.11754813,-0.02950448,0.00692924,
0.46431575,0.14132966,-0.87432074,0.04117325,-0.98956305,-0.13809261,-0.88471216,0.02811995,-0.46528866,0.23080072,-0.06256276,0.07504659,
0.46692654,0.1408982,-0.87299898,0.04117862,-0.98961808,-0.1376955,-0.88333676,0.02834478,-0.46788086,0.05379511,-0.05375445,0.04810229,
0.47322945,0.14184449,-0.86944462,0.04016524,-0.98939952,-0.1395529,-0.88002304,0.03111908,-0.47391012,0.02587572,0.09627885,-0.01370951,
0.47626067,0.14246581,-0.86768611,0.03979784,-0.98926839,-0.14058401,-0.87840299,0.03242259,-0.47681938,-0.0566983,0.09182221,-0.00661304,
0.4790017,0.14377032,-0.86596045,0.03901893,-0.98900875,-0.14261617,-0.87694637,0.03452454,-0.47934668,-0.11345967,0.0140819,-0.081592,
0.47539724,0.14427759,-0.86786027,0.03694191,-0.98886489,-0.14415796,-0.87899531,0.03647188,-0.47543353,-0.07837941,0.0395965,0.01028983,
0.47260331,0.14416079,-0.86940424,0.0357727,-0.9888547,-0.14452171,-0.88054891,0.0372005,-0.47249299,-0.07779586,0.02354389,0.03420215,
0.4682403,0.14384424,-0.87181406,0.03344967,-0.98883842,-0.1451872,-0.88296774,0.0388206,-0.46782544,-0.0337844,0.00846142,-0.00594766,
0.46404268,0.14362818,-0.87409116,0.03089334,-0.98879115,-0.14607451,-0.88527398,0.04078122,-0.46327848,0.02856477,-0.02168888,-0.05253016,
0.45386027,0.14403714,-0.87935437,0.02676765,-0.98860742,-0.14811711,-0.8906707,0.04368622,-0.45254511,0.07628581,-0.01607543,0.00438091,
0.44705117,0.14475677,-0.88271772,0.02423787,-0.9884166,-0.14981511,-0.89417986,0.04557981,-0.44538123,0.05068911,-0.0346086,0.04878454,
0.44203207,0.1461883,-0.88500652,0.0208019,-0.98803538,-0.15281709,-0.89675796,0.04914023,-0.43978424,0.04097797,-0.018197,0.04729434,
0.44299756,0.14767605,-0.88427656,0.01912907,-0.9876728,-0.1553603,-0.89631876,0.05190885,-0.44036164,0.04106566,-0.01399779,0.00980292,
0.44429939,0.14858162,-0.8834713,0.01850716,-0.98746271,-0.15676354,-0.89568718,0.0532994,-0.44147888,-0.00414062,-0.00482178,-0.00634838,
0.44691332,0.15076627,-0.8817812,0.01740101,-0.98697465,-0.1599328,-0.89440805,0.05613222,-0.44371568,-0.0126992,0.01243216,-0.0356363,
0.44824889,0.15306473,-0.88070653,0.01625298,-0.98646339,-0.16317285,-0.89376096,0.05882793,-0.44466876,-0.01548685,-0.00623167,-0.03020141,
0.44853467,0.1541804,-0.8803664,0.01565378,-0.98621236,-0.16474204,-0.89362831,0.06011145,-0.44476388,-0.022827,-0.00492597,-0.02664571,
0.447891597,0.156319078,-0.880316674,0.014403814,-0.985731239,-0.167709255,-0.893971829,0.062435647,-0.443752313,0.00645745406,0.0254405141,0.000591821969,
0.45027986,0.15679405,-0.87901287,0.01332345,-0.98553118,-0.16896926,-0.89278804,0.06437196,-0.44585383,-0.08182222,0.01578838,-0.00920624,
0.45206776,0.15604124,-0.87822881,0.01286278,-0.98561756,-0.16850067,-0.89189084,0.06487726,-0.44757302,-0.0765958,0.01836687,-0.06655633,
0.45211419,0.15451693,-0.87847441,0.01204936,-0.98584905,-0.167202,-0.89187868,0.06500934,-0.44757819,-0.02686378,-0.00622106,-0.06178495,
0.45162501,0.15379501,-0.87885263,0.01186803,-0.98597966,-0.16644298,-0.89212891,0.06473957,-0.44711832,-0.03060509,-0.04010606,-0.03599109,
0.45150466,0.15231811,-0.87917153,0.01151402,-0.98623382,-0.16495378,-0.89219438,0.06435459,-0.44704281,0.00637721,0.00695473,0.07420272,
0.45505187,0.15068828,-0.87762225,0.01181466,-0.98651248,-0.16325884,-0.89038654,0.06392243,-0.45069465,0.00647975,-0.02230924,0.05545982,
0.45760277,0.14995787,-0.87642019,0.01195763,-0.98662446,-0.16257071,-0.88907634,0.0639129,-0.45327524,0.01395889,-0.0442276,-0.01431892,
0.46056172,0.14889731,-0.87504996,0.01141964,-0.98674225,-0.16189227,-0.88755419,0.06456862,-0.45615601,0.05356377,0.03077918,-0.03228338,
0.46069135,0.14812092,-0.87511347,0.01065886,-0.98682831,-0.16141848,-0.88749635,0.06503637,-0.45620196,0.01913966,-0.00763851,-0.02430197,
0.45991944,0.14801181,-0.87553793,0.01013547,-0.98682071,-0.16150027,-0.88790283,0.06540313,-0.45535824,0.00272288,-0.01086611,-0.02323697,
0.45819487,0.14791494,-0.87645801,0.00895659,-0.9867747,-0.16185015,-0.88880664,0.06630883,-0.45345992,0.04174418,-0.00646096,0.02760477,
0.45867398,0.14782165,-0.8762231,0.00848492,-0.98674992,-0.1620263,-0.8885641,0.06688256,-0.45385074,-0.01004333,-0.00355059,0.00189492,
0.45949471,0.14775081,-0.87580494,0.00830445,-0.98673797,-0.16210857,-0.88814168,0.06721495,-0.45462786,-0.02152251,0.01576,-0.02705419,
0.46012681,0.1473878,-0.87553422,0.00774377,-0.9867537,-0.16204088,-0.88781945,0.06777942,-0.45517319,-0.02584586,-0.00402731,-0.03351128,
0.45919849,0.14702295,-0.87608269,0.00702847,-0.98677931,-0.16191594,-0.88830582,0.06819403,-0.45416079,-0.00481059,-0.01756948,0.00577238,
0.45881552,0.14687154,-0.87630868,0.00679184,-0.98679445,-0.16183321,-0.8885055,0.06829982,-0.45375398,0.01410759,-0.03181571,0.00549228,
0.45875716,0.1467713,-0.87635608,0.00629849,-0.98677592,-0.16196717,-0.88853932,0.06878387,-0.45361489,0.02942925,-0.0154615,-0.00625498,
0.45847308,0.14742494,-0.87639504,0.00591689,-0.9866292,-0.16287293,-0.88868856,0.06948731,-0.45321517,0.043745,-0.05701566,-0.05061634,
0.45812479,0.148163,-0.87645265,0.00581593,-0.98648868,-0.16372444,-0.88886878,0.06990883,-0.45279647,0.05858209,-0.04369438,-0.02511043,
0.4582819,0.1498892,-0.87607699,0.00533108,-0.9861233,-0.16592846,-0.88879089,0.07137157,-0.45272149,0.11078778,0.00389713,0.0570621,
0.46202848,0.15198244,-0.87374544,0.00518334,-0.98565273,-0.16870708,-0.88684998,0.07341856,-0.45618748,0.05217871,-0.01579386,-0.02415102,
0.46311524,0.15371105,-0.87286725,0.00482082,-0.9852685,-0.17094702,-0.88628499,0.07496024,-0.45703391,0.07083829,-0.02827394,-0.03914126,
0.46112913,0.15873546,-0.87301943,0.00331365,-0.98417007,-0.177195,-0.88732682,0.07881689,-0.45435542,0.09278964,-0.03669584,0.05899706,
0.45802673,0.16569045,-0.87336023,0.00117609,-0.98258748,-0.18579584,-0.88893759,0.0840723,-0.45024609,0.16345742,-0.06287587,0.08577235,
0.458499182,0.169413944,-0.872397507,7.70556165e-05,-0.981669079,-0.190593279,-0.888694824,0.0873196389,-0.45010752,0.247086048,0.0302321315,0.0331132561,
0.46377091,0.1752215,-0.86845492,-0.00190396,-0.98004763,-0.19875346,-0.8859531,0.09382957,-0.45418395,-0.04153764,0.09418875,-0.01351453,
0.46628351,0.182159,-0.86567763,-0.00334331,-0.97820015,-0.20763722,-0.88462901,0.09971204,-0.45550957,-0.06932463,-0.0037151,-0.05058046,
0.46642198,0.18562195,-0.86486706,-0.00479478,-0.97718953,-0.21231496,-0.88454935,0.10317521,-0.45489266,-0.00861073,0.01080793,-0.01559632,
0.46509029,0.1929832,-0.86397248,-0.00743481,-0.97506381,-0.22179966,-0.885232,0.10958034,-0.45205786,0.06658798,-0.01835638,0.00377117,
0.46082208,0.20134204,-0.864352,-0.01145277,-0.9724957,-0.23263897,-0.88741863,0.1171044,-0.44584156,0.15622257,0.0092085,0.06127994,
0.45883391,0.20626009,-0.86425002,-0.01351843,-0.97094943,-0.23890176,-0.88841915,0.12129952,-0.4427161,0.22411448,0.0037871,0.04110555,
0.45453732,0.21816026,-0.8635982,-0.01805151,-0.96708694,-0.25380442,-0.89054471,0.13095282,-0.4356389,0.23368718,-0.09863138,-0.05323939,
0.44511665,0.23551422,-0.86394685,-0.02370143,-0.96135766,-0.27427997,-0.89515884,0.14256335,-0.42233423,0.32605013,-0.09698915,-0.13164786,
0.43755699,0.24672422,-0.8646797,-0.02688735,-0.95759994,-0.28684362,-0.89878858,0.14875937,-0.41237074,0.38843539,-0.02524847,-0.16199005,
0.41889038,0.27266763,-0.8661311,-0.03396145,-0.9484782,-0.31501635,-0.90740142,0.16137237,-0.38804807,0.35307398,0.05999821,-0.14513212,
0.39894827,0.30135248,-0.86604095,-0.04081072,-0.93768484,-0.34508187,-0.9160648,0.17301357,-0.3617893,0.27341437,0.19461924,-0.07031471,
0.38858996,0.31604686,-0.86551268,-0.04353386,-0.93198774,-0.35986605,-0.92038178,0.17751944,-0.34840232,0.30511239,0.25464791,0.00141685,
0.36618962,0.3450871,-0.86418743,-0.04729299,-0.92059221,-0.38765055,-0.92933761,0.18282359,-0.32079098,0.30138403,0.24842077,0.12644343,
0.32767352,0.3857521,-0.86245315,-0.0512948,-0.9042408,-0.42393111,-0.94339756,0.18315037,-0.27650874,0.25989586,0.18199283,0.19515806,
0.30314435,0.40425979,-0.86294693,-0.0532155,-0.89696363,-0.4388895,-0.95145756,0.178969,-0.25039644,0.36009681,0.14993531,0.00662899,
0.27583169,0.41141948,-0.86870648,-0.05545623,-0.89545036,-0.44169383,-0.95960489,0.17000836,-0.22417788,0.34604925,0.02473563,0.00338417,
0.23226929,0.40050174,-0.88636858,-0.0556517,-0.90432588,-0.42319899,-0.97105807,0.14762403,-0.18775846,0.2617884,-0.03050721,-0.01369822,
0.20344949,0.37868084,-0.90288931,-0.05324153,-0.91653276,-0.39640004,-0.97763676,0.12871859,-0.16630656,0.19443959,-0.0187816,0.10838468,
0.17229048,0.28458165,-0.94304248,-0.02589132,-0.95571946,-0.29313746,-0.98470578,0.07492139,-0.15729301,0.13480005,0.01392823,0.1248427,
0.17570162,0.26058347,-0.94932879,-0.01802279,-0.96331733,-0.26775888,-0.98427846,0.06415521,-0.16455994,0.08405054,0.02441376,0.07663708,
0.18721893,0.20839706,-0.95995827,-0.0036518,-0.97708326,-0.2128269,-0.98231149,0.04335082,-0.18216758,0.05419971,0.01212877,0.02237841,
0.20131496,0.15352104,-0.96742101,0.008188,-0.98787055,-0.15506234,-0.97949225,0.02329511,-0.20012998,-0.02211975,0.00678271,0.05249856,
0.209333293,0.125907546,-0.969704468,0.0132684766,-0.991950049,-0.125931637,-0.97775427,0.0134951757,-0.209318665,-0.0601150617,-0.000514447689,0.0824602991,
0.22827711,0.0716203,-0.9709583,0.02149428,-0.99741818,-0.06851864,-0.97335887,-0.00522881,-0.22922709,-0.02299978,0.01585513,0.08204566,
0.25373877,0.01691866,-0.96712474,0.02640923,-0.9995953,-0.01055786,-0.96691213,-0.02286209,-0.25408277,-0.0922616,0.01921219,0.03423939,
0.26702145,-0.01049863,-0.96363333,0.02719015,-0.9994603,0.01842331,-0.96330686,-0.03112075,-0.26659174,-0.1142392,-0.00552893,0.0091425,
0.3197117,-0.11315074,-0.94073441,0.0213205,-0.99173337,0.1265307,-0.94727491,-0.06051027,-0.31465621,-0.24255714,-0.09453243,-0.01617973,
0.33281607,-0.13588276,-0.93315024,0.01839363,-0.98843981,0.15049412,-0.94281237,-0.06725088,-0.32646929,-0.16554987,-0.12365997,-0.06402664,
0.35534974,-0.1755965,-0.91809174,0.01322011,-0.98115397,0.19277482,-0.93463993,-0.08063976,-0.3463314,-0.16694149,-0.2058,-0.19610694,
0.36548909,-0.20705014,-0.90749547,0.01265452,-0.97375122,0.22726329,-0.93072963,-0.09454618,-0.35327538,-0.19415936,-0.26121485,-0.1860839,
0.36536684,-0.22036301,-0.90440427,0.01479111,-0.97007836,0.24234028,-0.93074603,-0.10192023,-0.35117493,-0.18885574,-0.24303192,-0.14169392,
0.35925849,-0.2428435,-0.9010884,0.02291014,-0.96296435,0.26865322,-0.9329568,-0.11716,-0.34038946,-0.18191358,-0.24995446,-0.08472755,
0.34614032,-0.25835526,-0.90190876,0.03527989,-0.95707148,0.28769679,-0.93751916,-0.1314027,-0.32216626,-0.16839854,-0.26780051,-0.05568661,
0.33736608,-0.26325782,-0.90381385,0.04259163,-0.95484947,0.29402133,-0.94040954,-0.13768774,-0.31092127,-0.15398659,-0.26580727,0.01315273,
0.32004661,-0.26733767,-0.9089008,0.05629398,-0.95230014,0.29992537,-0.94572781,-0.14715573,-0.28973085,-0.11792906,-0.24929756,0.2043494,
0.31526685,-0.26341447,-0.91171249,0.06313732,-0.95275508,0.29710526,-0.94690049,-0.15123052,-0.28374084,-0.16785406,-0.29723644,0.27074948,
0.32032663,-0.25767092,-0.91159009,0.06270731,-0.95441793,0.29181161,-0.94522938,-0.15063838,-0.28956756,-0.25975016,-0.31406856,0.23593017,
0.33880381,-0.23974697,-0.90979859,0.05861509,-0.95973238,0.27473325,-0.93902948,-0.14640861,-0.31110831,-0.18390967,-0.08112413,0.44521478,
0.37549876,-0.21739084,-0.90096719,0.05002459,-0.96593205,0.25391486,-0.92547188,-0.14041522,-0.35183138,0.1325416,0.33604902,0.06917609,
0.39941369,-0.2100142,-0.89239153,0.04398985,-0.96789574,0.24747211,-0.91571475,-0.13809991,-0.37735223,0.04705408,0.41184443,-0.15256169,
0.45039585,-0.19883847,-0.87040615,0.03001518,-0.97096254,0.2373414,-0.89232432,-0.13302298,-0.43134936,-0.02153866,0.13758045,-0.59553254,
0.48346082,-0.18373312,-0.85586666,0.02244202,-0.9748014,0.22194245,-0.87507826,-0.12650785,-0.46715491,0.08522967,-0.00763637,-0.74403071,
0.49021089,-0.1735663,-0.85414756,0.02246719,-0.97713036,0.21145123,-0.87131426,-0.122846,-0.47510043,-0.08172372,0.009978,-0.61771524,
0.49199449,-0.14835194,-0.85786545,0.02715622,-0.98228,0.1854415,-0.87017467,-0.11453258,-0.47924767,-0.08970578,0.18198782,0.00702593,
0.49541479,-0.11962538,-0.8603801,0.03256095,-0.98721863,0.15600963,-0.86804605,-0.10530427,-0.48518755,-0.1266107,0.04009944,0.33410794,
0.5018802,-0.10428084,-0.85862786,0.03464427,-0.98948525,0.14042361,-0.86424306,-0.10022237,-0.49299034,-0.3106491,-0.07941478,0.40467519,
0.51631546,-0.06933201,-0.85358739,0.04023047,-0.99365362,0.10504327,-0.85545302,-0.08857568,-0.51024949,-0.36413124,0.18227655,-0.11514563,
0.52311561,-0.03541557,-0.8515256,0.04715267,-0.99640328,0.07040832,-0.85095636,-0.0769834,-0.51956422,-0.31391379,-0.04944557,-0.50290781,
0.51564261,-0.01930836,-0.85658619,0.05196645,-0.99720075,0.05376042,-0.8552264,-0.0722349,-0.51319581,-0.32493621,-0.04778832,-0.43019569,
0.48370952,0.01116765,-0.87515733,0.06255124,-0.99780272,0.02184009,-0.8729905,-0.06530643,-0.48334521,-0.23406753,0.02307683,0.0705535,
0.46208744,0.03786818,-0.8860255,0.0704544,-0.99749759,-0.00588846,-0.88403131,-0.05970341,-0.46359908,-0.14916466,0.01100606,0.17496519,
0.46011435,0.04991168,-0.88645562,0.0731697,-0.99715398,-0.01816583,-0.8848395,-0.05650333,-0.46245683,-0.15909062,0.00749761,0.0773658,
0.46223589,0.07138067,-0.88387937,0.07814818,-0.9961557,-0.03957935,-0.88330674,-0.05077857,-0.46603715,-0.16729625,0.08491033,-0.00128086,
0.46372594,0.08970825,-0.88142538,0.0837482,-0.99484446,-0.05719093,-0.88201163,-0.04729687,-0.4688481,-0.14128792,0.05115002,-0.07331815,
0.46137821,0.09815718,-0.88175696,0.08659368,-0.99409787,-0.06535293,-0.88296755,-0.04620216,-0.4671549,-0.13484672,0.04447669,-0.08717699,
0.44629387,0.11274658,-0.88775557,0.08945878,-0.99268314,-0.08109972,-0.89040377,-0.04322323,-0.45311453,-0.13367832,0.02933317,0.01326452,
0.43136907,0.12660312,-0.89324819,0.09169223,-0.99113001,-0.09619607,-0.89750388,-0.04040792,-0.43915131,-0.05162015,-0.01103097,0.09003781,
0.427576282,0.133522236,-0.894063927,0.0932189097,-0.990271343,-0.10330923,-0.899160012,-0.039171092,-0.435863306,0.000354027376,0.0110576749,0.0678085685,
0.42476255,0.14676495,-0.89332906,0.09552029,-0.98852912,-0.11698711,-0.90025143,-0.0356393,-0.43390916,0.03731072,0.04008263,-0.02896436,
0.418494238,0.159872616,-0.894037629,0.097159474,-0.986616725,-0.130947872,-0.903007515,-0.0320633011,-0.428426517,0.0339846388,0.000664770603,-0.0742546096,
0.41138316,0.16634752,-0.89615417,0.09747167,-0.98559539,-0.13820521,-0.90623566,-0.03049436,-0.42167143,-0.00525391,-0.01628119,0.02192993,
0.39498801,0.17926671,-0.90102599,0.09719797,-0.9834264,-0.15305175,-0.91352994,-0.02712431,-0.40586593,0.0279732,-0.00298989,0.15005593,
0.38568991,0.19178591,-0.90247516,0.09679282,-0.9811698,-0.16714315,-0.91753714,-0.0228877,-0.39699074,0.06674305,-0.07430404,0.05508446,
0.38409598,0.19844676,-0.90171454,0.0969365,-0.97989847,-0.17436202,-0.91819036,-0.02043731,-0.39561174,0.09612821,-0.07427037,0.00258128,
0.38333333,0.21297614,-0.89871951,0.09730368,-0.9769482,-0.19001135,-0.91847024,-0.01461102,-0.3952202,0.10392331,-0.01743644,-0.01622361,
0.38100898,0.22951943,-0.89562991,0.09791209,-0.97326657,-0.2077624,-0.91937224,-0.00853367,-0.39329597,0.07921971,-0.05076277,-0.02942264,
0.37804934,0.23840794,-0.89456152,0.09776642,-0.97115096,-0.21750274,-0.92060871,-0.00523132,-0.39045124,0.0552811,-0.04203814,0.00579334,
0.37051067,0.25699488,-0.89256677,0.09704278,-0.96641146,-0.23797371,-0.92374483,0.00155463,-0.38300523,0.06765361,-0.02288717,0.02914085,
0.3651593,0.27642255,-0.88895962,0.09657421,-0.96099598,-0.25915239,-0.92592227,0.00878132,-0.37761185,0.09791569,-0.03095245,-0.05306775,
0.362852457,0.286401551,-0.886742402,0.0964134392,-0.958028311,-0.269973544,-0.926845394,0.0124666467,-0.375235732,0.0949400142,-0.0144360065,3.72193754e-05,
0.36033211,0.30733148,-0.88074293,0.09641171,-0.95138173,-0.29253635,-0.92782839,0.0204963,-0.37244372,0.12693995,-0.01225954,0.05314523,
0.3606888,0.32913437,-0.87268221,0.09693694,-0.9438271,-0.31590175,-0.92763512,0.0293471,-0.37233323,0.12490519,0.01997358,0.01869826,
0.3604214,0.34008377,-0.8685847,0.09695101,-0.93978344,-0.32773072,-0.9277375,0.03391099,-0.37168947,0.04471486,0.01050001,-0.008514,
0.35513902,0.36275432,-0.86156,0.09491644,-0.9308681,-0.35281103,-0.92998237,0.04352076,-0.36501898,0.13209803,-0.0031606,0.01948327,
0.34958747,0.38573347,-0.85381394,0.09184719,-0.92103457,-0.3784961,-0.93239083,0.05389707,-0.35741064,0.19907908,0.03033155,0.11903906,
0.34974087,0.39733073,-0.84841592,0.09072144,-0.91571598,-0.39145083,-0.93244351,0.05993683,-0.35630968,0.27389669,0.01295167,0.03881849,
0.3555261,0.42224115,-0.8338546,0.08962117,-0.90343097,-0.41926147,-0.93035968,0.07432734,-0.35903493,0.24400115,0.02564412,-0.01250963,
0.36051465,0.44994627,-0.81705411,0.08770472,-0.88843033,-0.45055417,-0.92862099,0.09077184,-0.35975445,0.301902,0.17067617,-0.10790122,
0.35980446,0.46457565,-0.8091416,0.08517976,-0.8799555,-0.46735687,-0.92913135,0.09923457,-0.35618427,0.35060534,0.18224901,-0.11086874,
0.35270641,0.49498164,-0.79409787,0.07608901,-0.86099727,-0.50288603,-0.93263536,0.11694903,-0.34134198,0.47538719,0.18431836,-0.14228323,
0.34294797,0.5271072,-0.7775247,0.0638093,-0.83888278,-0.54055891,-0.93718463,0.13577026,-0.32132745,0.60014552,0.1588605,-0.25283679,
0.33676309,0.54378139,-0.76869525,0.05615544,-0.82652626,-0.56009002,-0.93991338,0.14545122,-0.30887979,0.62829852,0.13943511,-0.29392439,
0.31877961,0.57837569,-0.7509069,0.03558313,-0.79898319,-0.60029979,-0.94716073,0.16464373,-0.27528001,0.81093127,0.06455201,-0.34486142,
0.28970306,0.61405669,-0.73417061,0.00517898,-0.76805945,-0.64035754,-0.95710255,0.18171127,-0.22568933,0.83539671,0.06416208,-0.39826837,
0.27082618,0.63190586,-0.72618743,-0.01333722,-0.75184438,-0.65920575,-0.96253588,0.1882155,-0.19519129,0.73750931,0.07041544,-0.46717784,
0.21877136,0.66870022,-0.71061884,-0.06218859,-0.71722455,-0.69406166,-0.97379243,0.19603321,-0.1153227,1.05431843,-0.32442302,-0.06517372,
0.16527176,0.70969579,-0.68484823,-0.11648773,-0.67549009,-0.72810966,-0.97934459,0.20011237,-0.02896856,0.97427511,-0.03759617,0.53944981,
0.12295967,0.76366493,-0.63379545,-0.17487496,-0.61197544,-0.77130058,-0.97688257,0.20567377,0.05829768,1.10527933,0.18709701,0.2378976,
0.11395658,0.78775568,-0.60535527,-0.19231516,-0.58030815,-0.79136435,-0.97469426,0.20660021,0.08536732,0.79752833,0.06437021,0.18683568,
0.11337832,0.79612472,-0.59441619,-0.19350687,-0.5691231,-0.7991581,-0.97452567,0.20563076,0.08952953,0.21747136,0.37068862,0.42525402,
0.1110018,0.81052183,-0.57509375,-0.19421618,-0.54982083,-0.81238961,-0.97465816,0.20186917,0.09638548,0.2203763,0.31656474,0.32160693,
0.10250451,0.81856377,-0.56519574,-0.19776394,-0.54007651,-0.81805065,-0.97487553,0.19562923,0.10652208,0.52181846,0.05825144,-0.10925563,
0.09370397,0.81822341,-0.56721247,-0.20438918,-0.54177503,-0.81529432,-0.97439448,0.19232839,0.11646957,0.57624662,-0.082398,-0.08498186,
0.0775886,0.80996555,-0.58132244,-0.21262564,-0.55622238,-0.80337223,-0.97404841,0.18593657,0.12906296,0.31952822,-0.13609332,0.19334209,
0.07170175,0.79175723,-0.60661303,-0.19921151,-0.58455701,-0.78651631,-0.97732986,0.1772389,0.11581337,0.0317416,-0.04749495,0.29946056,
0.07256678,0.77799358,-0.62406731,-0.18697359,-0.60401171,-0.77473264,-0.97968102,0.17290395,0.1016331,-0.05214032,-0.08358437,0.26386669,
0.0773672,0.74076333,-0.66729598,-0.16127851,-0.65118842,-0.74158126,-0.98387168,0.16499454,0.06908864,0.00134866,-0.06735557,-0.0079599,
0.08590595,0.68978169,-0.71890291,-0.13516437,-0.7068303,-0.69434971,-0.98709207,0.15681883,0.03251297,0.02749621,-0.04635042,-0.02384128,
0.09179147,0.65988138,-0.74574175,-0.1215898,-0.73587196,-0.66611419,-0.98832692,0.15181815,0.0126882,-0.16378878,-0.00740296,0.1391813,
0.10658249,0.59116856,-0.79947471,-0.09232051,-0.79469749,-0.59994386,-0.99000859,0.1377514,-0.03012377,-0.19043052,-0.15155405,0.08698826,
0.12550429,0.50836499,-0.85194693,-0.06035879,-0.8532334,-0.51802442,-0.9902552,0.11643674,-0.07640003,-0.30508906,-0.00370163,0.06247161,
0.13694749,0.46193151,-0.87627885,-0.04411029,-0.88089212,-0.47125711,-0.98959569,0.10319039,-0.10025999,-0.38232625,0.05830353,0.03261995,
0.16178567,0.36126892,-0.91831914,-0.01434039,-0.92961962,-0.36824101,-0.98672166,0.07274515,-0.14521827,-0.44146124,0.13827652,-0.05881821,
0.18451248,0.25246366,-0.9498512,0.009391,-0.9668537,-0.25515855,-0.98278534,0.03815989,-0.18076752,-0.51706862,0.14891332,-0.22156708,
0.19125006,0.19622064,-0.96172795,0.01858774,-0.98036215,-0.19632622,-0.98136521,0.01967102,-0.19114139,-0.52772975,0.13123876,-0.21328169,
0.19592625,0.08273825,-0.97712187,0.03510213,-0.99638716,-0.0773311,-0.9799901,-0.01914787,-0.19812255,-0.55371523,0.13228458,-0.01530206,
0.197921,-0.02927798,-0.97978061,0.05003661,-0.99794887,0.03992855,-0.97894003,-0.0569276,-0.19605002,-0.50184625,0.13857681,0.12318126,
0.21387079,-0.1845431,-0.95927223,0.0660377,-0.97701594,0.20267977,-0.97462731,-0.10669542,-0.19676845,-0.71562397,-0.02561396,0.21225631,
0.23892505,-0.27343912,-0.9317434,0.06857336,-0.95238652,0.29708141,-0.96861366,-0.13487296,-0.20879826,-0.52131647,-0.32198852,-0.02793525,
0.25374839,-0.31185423,-0.91561927,0.06753485,-0.93857917,0.33839038,-0.96490971,-0.14770222,-0.21710188,-0.55357838,-0.47742063,-0.17299633,
0.27657588,-0.3680699,-0.88771068,0.06772261,-0.91398216,0.40006253,-0.95860281,-0.17076572,-0.22785868,-0.23989984,-0.77383554,-0.37879825,
0.27231315,-0.38496838,-0.88184181,0.07929584,-0.90438079,0.41929436,-0.95893576,-0.18410576,-0.21574847,-0.15907814,-0.81957108,0.19692658,
0.26731581,-0.38068835,-0.88522241,0.08412342,-0.90592628,0.41499524,-0.95992999,-0.18540274,-0.2101437,-0.48283488,-0.68051457,0.42831531,
0.27202687,-0.35646711,-0.8938303,0.08423863,-0.91647073,0.39113335,-0.95859546,-0.18169382,-0.21927638,-0.7773357,-0.53532499,0.45694837,
0.29262183,-0.31679013,-0.90222862,0.07675669,-0.93270223,0.35238468,-0.95314263,-0.17236753,-0.24861328,-0.26306441,-0.03229445,0.37956583,
0.30657683,-0.29629029,-0.90455659,0.0714187,-0.94047904,0.33226239,-0.94916275,-0.16646619,-0.26716833,-0.10801856,0.69506139,0.32200068,
0.35902551,-0.27214745,-0.89276891,0.05231774,-0.94917146,0.31038045,-0.93186019,-0.15814214,-0.32653851,-0.10452984,0.93856353,-0.25631309,
0.42596976,-0.25313795,-0.86860287,0.02752747,-0.95599004,0.29210498,-0.90431854,-0.14833832,-0.40025461,-0.15935652,-0.32170486,-0.71914172,
0.44974822,-0.23905102,-0.86057016,0.01970804,-0.96062583,0.27714449,-0.89293784,-0.14160538,-0.42732838,-0.2901023,-0.32902449,-0.67435056,
0.4810328,-0.20584576,-0.85219423,0.01142879,-0.97048992,0.24087097,-0.87662812,-0.12560638,-0.46448495,-0.6157192,0.3881281,-0.55552316,
0.49790371,-0.1702859,-0.85034965,0.01198869,-0.97908739,0.20308588,-0.8671494,-0.11131178,-0.48544967,-0.39155194,0.21167606,0.21582714,
0.50751122,-0.15191938,-0.84814667,0.01370365,-0.98278634,0.18423589,-0.86153612,-0.10512447,-0.49669316,-0.34959424,0.00995392,0.33044511,
0.53853259,-0.11483576,-0.83474269,0.01702193,-0.98898451,0.14703652,-0.84243271,-0.09339289,-0.53064563,-0.39161408,-0.150756,-0.28541011,
0.54631493,-0.07632562,-0.83409496,0.02534067,-0.99387728,0.10754446,-0.83719642,-0.07988967,-0.54103586,-0.5940907,0.18349475,-0.15852973,
0.54181607,-0.05676372,-0.83857807,0.03194017,-0.99560551,0.08802993,-0.83988995,-0.07448035,-0.53762198,-0.48644835,0.17828244,-0.19660604,
0.52392703,-0.02118995,-0.85149951,0.04535767,-0.9975779,0.05273372,-0.85055459,-0.06625066,-0.52169686,-0.43037373,-0.08829302,0.09837193,
0.50819855,0.00905013,-0.86119239,0.05464057,-0.99826911,0.02175332,-0.85950488,-0.05811105,-0.50781342,-0.3117134,0.0421527,0.09178123,
0.50576574,0.02220583,-0.86238503,0.05731728,-0.99832474,0.00790886,-0.86076464,-0.05342959,-0.50619125,-0.25795928,0.09056717,-0.00548205,
0.50955626,0.04662548,-0.8591731,0.06225584,-0.99791131,-0.01723198,-0.85818212,-0.04470789,-0.5113946,-0.1307666,0.07427365,-0.24691746,
0.50726662,0.07043583,-0.85890582,0.06908994,-0.99676979,-0.04093733,-0.85901513,-0.03857563,-0.51049427,-0.15820809,0.03447384,-0.23752522,
0.50171043,0.08180595,-0.86115879,0.07301795,-0.99597037,-0.0520722,-0.86194841,-0.03675488,-0.50566205,-0.16253373,0.00794619,-0.16118374,
0.4839225,0.10290129,-0.86903982,0.07939022,-0.99412964,-0.07350472,-0.87150219,-0.03342269,-0.48925092,-0.15899917,0.02098113,-0.03383821,
0.45935857,0.1213022,-0.87992925,0.08288945,-0.99216261,-0.09350244,-0.88437495,-0.0299857,-0.46581308,-0.06452551,0.04506153,0.14340284,
0.44798396,0.12970678,-0.88458264,0.08416792,-0.99114424,-0.10270636,-0.89007082,-0.02844269,-0.4549338,-0.03268224,0.03283376,0.17078598,
0.43193662,0.14655449,-0.88991713,0.08762043,-0.98886067,-0.12032077,-0.89763766,-0.02600398,-0.43996627,-0.00717593,-0.01423496,0.1324933,
0.42858661,0.1634461,-0.88859377,0.09138479,-0.98629926,-0.13734112,-0.89886725,-0.02234139,-0.43765114,0.0255146,-0.00702882,0.04729674,
0.4284278,0.17182019,-0.88708935,0.09271917,-0.9849314,-0.14599162,-0.89880635,-0.01970331,-0.43790309,0.01680833,0.00312561,-0.01589317,
0.4284278,0.17182019,-0.88708935,0.09271917,-0.9849314,-0.14599162,-0.89880635,-0.01970331,-0.43790309,0.01680833,0.00312561,-0.01589317,
0.40551771,0.20642626,-0.89047379,0.09451636,-0.97841464,-0.18377006,-0.90918757,-0.00964232,-0.41627512,0.13209428,-0.07116538,0.03983742,
0.39628839,0.21521011,-0.89254689,0.09363828,-0.97654422,-0.19388838,-0.9133385,-0.00674087,-0.40714488,0.14519218,-0.03262347,0.15068844,
0.385620669,0.233342728,-0.89266333,0.0922096536,-0.972394411,-0.214350946,-0.918038142,0.000345970079,-0.396491787,0.16239664,-0.0254141092,0.213041604,
0.38607746,0.26407195,-0.88386099,0.09296362,-0.96440999,-0.24753039,-0.91777013,0.01339899,-0.39688608,0.13226041,-0.08641094,-0.09413655,
0.38121826,0.28730104,-0.87870961,0.09215643,-0.95756068,-0.27310105,-0.91988024,0.02313233,-0.39151608,0.14068681,-0.06724066,-0.06607407,
0.37411154,0.31251321,-0.87314146,0.09044742,-0.94931738,-0.30102431,-0.9229625,0.03364326,-0.38341656,0.13987686,0.01409513,0.07802954,
0.37411154,0.31251321,-0.87314146,0.09044742,-0.94931738,-0.30102431,-0.9229625,0.03364326,-0.38341656,0.13987686,0.01409513,0.07802954,
0.36863991,0.35155763,-0.86052993,0.08810493,-0.93477322,-0.34414573,-0.92538751,0.0510489,-0.37556859,0.14575605,-0.0048331,-0.063477,
0.3602957,0.37897555,-0.85238757,0.08420012,-0.92323935,-0.37488602,-0.92903034,0.06329869,-0.36454898,0.26757646,-0.10086513,-0.08334799,
0.35568339,0.39339706,-0.84777831,0.08139261,-0.91668847,-0.39122557,-0.93105561,0.07014955,-0.35807046,0.27479628,0.01034385,0.03586829,
0.36357917,0.4563357,-0.8121378,0.07479071,-0.88328568,-0.46283092,-0.9285561,0.10753529,-0.35527385,0.35279557,0.16900879,-0.08300789,
0.36404241,0.4734607,-0.80206487,0.0722175,-0.87291169,-0.48250358,-0.92857833,0.11772864,-0.35196899,0.34071836,0.22790843,-0.17059861,
0.33712797,0.54371017,-0.7685857,0.04326769,-0.82446272,-0.5642598,-0.94046405,0.15697283,-0.30147453,0.63381743,0.196706,-0.29277512,
0.32784924,0.56133021,-0.75988369,0.03261552,-0.81058511,-0.5847118,-0.94416686,0.1669133,-0.28405775,0.74409634,0.12192923,-0.35745105,
0.30490066,0.59730496,-0.74179669,0.00607884,-0.78008855,-0.62563953,-0.95236474,0.18624863,-0.24148041,0.96550226,0.08283597,-0.39475295,
0.26992689,0.63377772,-0.72488994,-0.03051693,-0.74682554,-0.66431971,-0.96239718,0.20143921,-0.18224747,0.88291979,0.04285532,-0.42160222,
0.18794607,0.69315013,-0.69585858,-0.10916327,-0.68935271,-0.71615375,-0.97609407,0.21056047,-0.05389458,0.88362777,-0.12697524,0.50654924,
0.13982477,0.73624746,-0.66210912,-0.16038294,-0.64300805,-0.74887751,-0.97710088,0.21090256,0.02817328,1.16492105,0.12006229,0.50663912,
0.12569502,0.75475475,-0.6438524,-0.17945103,-0.62099616,-0.76299466,-0.97570383,0.21144456,0.05738551,1.23817635,0.18970269,0.43230268,
0.10998441,0.7844194,-0.61040106,-0.20519786,-0.5829766,-0.78614998,-0.97252099,0.21171717,0.096843,1.12388468,0.10961848,0.25834811,
0.11130416,0.80388925,-0.58427185,-0.20788107,-0.55608465,-0.80470837,-0.9718009,0.21102649,0.1052187,0.13163838,0.59602052,0.59863973,
0.1077048,0.82260705,-0.55831641,-0.20553781,-0.53102648,-0.82204922,-0.97270437,0.20329375,0.11188283,0.45126134,0.16103929,-0.06033149,
0.08946961,0.82283625,-0.56119128,-0.21615762,-0.53397962,-0.81739927,-0.97225049,0.19443815,0.13008743,0.51509589,-0.05313331,-0.08174978,
0.07931503,0.81896267,-0.56833905,-0.221739,-0.54135681,-0.81102689,-0.97187496,0.19034955,0.13865824,0.38235107,-0.13137704,0.07553995,
0.06260915,0.7792333,-0.62359878,-0.19620435,-0.60302166,-0.77321958,-0.97856212,0.17076337,0.1151344,0.02774709,-0.16288918,0.24288352,
0.06586767,0.7614175,-0.64490682,-0.18054198,-0.6265489,-0.75818269,-0.98135926,0.16637247,0.09619855,0.00573756,-0.14402944,0.16873412,
0.07687032,0.71578002,-0.69408207,-0.14659305,-0.68046262,-0.71797013,-0.98620557,0.1569382,0.05262099,0.01115286,-0.02653021,-0.02107028,
0.09197347,0.65821313,-0.74719225,-0.11090177,-0.73893324,-0.66458881,-0.98956636,0.14398945,0.00503483,-0.11016802,-0.05421764,-0.08003089,
0.10064211,0.62507409,-0.77404999,-0.09293529,-0.76869217,-0.63283098,-0.99057258,0.13562596,-0.0192712,-0.16003987,-0.06833464,-0.01967128,
0.14407398,0.4574546,-0.87748388,-0.0242535,-0.8848365,-0.4652699,-0.98926965,0.08831533,-0.11638702,-0.33557621,-0.02144384,-0.15339833,
0.15353438,0.40752496,-0.90019476,-0.0099739,-0.91031064,-0.41380561,-0.98809298,0.07251184,-0.13569938,-0.35780692,0.05850238,-0.17816138,
0.16969285,0.29899566,-0.9390452,0.01618786,-0.95358169,-0.30069887,-0.98536401,0.03582531,-0.16665605,-0.51983219,0.13778919,-0.0626345,
0.16969285,0.29899566,-0.9390452,0.01618786,-0.95358169,-0.30069887,-0.98536401,0.03582531,-0.16665605,-0.51983219,0.13778919,-0.0626345,
0.16969285,0.29899566,-0.9390452,0.01618786,-0.95358169,-0.30069887,-0.98536401,0.03582531,-0.16665605,-0.51983219,0.13778919,-0.0626345,
0.16969285,0.29899566,-0.9390452,0.01618786,-0.95358169,-0.30069887,-0.98536401,0.03582531,-0.16665605,-0.51983219,0.13778919,-0.0626345,
0.22209322,-0.15865609,-0.96203053,0.0764714,-0.98079844,0.17940536,-0.97202193,-0.11341253,-0.20569593,-0.63456243,0.04871172,0.15439428,
0.27918683,-0.33193105,-0.90104182,0.08000935,-0.92704934,0.36630269,-0.95689763,-0.17435863,-0.23226224,-0.58882165,-0.55636638,-0.32338071,
0.28923235,-0.36033269,-0.88685118,0.08099291,-0.91391489,0.39774336,-0.95382641,-0.18686891,-0.23514938,-0.38663021,-0.78727579,-0.51148868,
0.28392291,-0.38733076,-0.87713314,0.09542422,-0.89882338,0.42779718,-0.95408694,-0.20516115,-0.2182357,-0.20328838,-0.94388151,0.01980254,
0.26621303,-0.38009113,-0.88581114,0.10952967,-0.90109282,0.41956529,-0.95767108,-0.20871636,-0.19825142,-0.7469821,-0.62915152,0.52610976,
0.26502924,-0.36831318,-0.8911256,0.11149406,-0.90626917,0.40773161,-0.95777268,-0.207416,-0.19912302,-0.83586425,-0.62989223,0.54212439,
0.28042268,-0.33307385,-0.90023596,0.10639817,-0.92130081,0.3740105,-0.95396142,-0.20066447,-0.22291505,-0.83600289,-0.621252,0.16484658,
0.30365358,-0.29106349,-0.90723572,0.09658211,-0.9378881,0.33322373,-0.94787472,-0.18880733,-0.25668164,-0.19399883,0.76524872,0.04396918,
0.31694937,-0.27737623,-0.90697602,0.09275608,-0.94263002,0.32069442,-0.94389586,-0.18577143,-0.27303764,0.26342511,1.41315961,0.12598178,
0.45827034,-0.22782986,-0.85911689,0.04082655,-0.96017311,0.27640675,-0.88787469,-0.16174379,-0.43071732,-0.44603193,0.22765023,-1.18812716,
0.45827034,-0.22782986,-0.85911689,0.04082655,-0.96017311,0.27640675,-0.88787469,-0.16174379,-0.43071732,-0.44603193,0.22765023,-1.18812716,
0.50991169,-0.09538062,-0.85492261,0.05406301,-0.98831615,0.1425083,-0.85852625,-0.11888634,-0.49879746,-0.46892917,-0.03373021,-0.63293535,
0.504497,-0.05928721,-0.86137553,0.06257304,-0.99250584,0.10496097,-0.86114307,-0.10685138,-0.49700645,-0.66658103,0.11346072,-0.0693012,
0.48873089,-0.04107547,-0.87146714,0.06954058,-0.99387878,0.08584451,-0.86965871,-0.10255719,-0.4828829,-0.57825559,0.14355928,0.11205244,
0.46569075,0.01731458,-0.88477812,0.08517271,-0.99604397,0.02533749,-0.88083922,-0.08715839,-0.46532318,-0.29032096,0.04723948,-0.08147158,
0.46877558,0.02865584,-0.88285237,0.08667546,-0.99614255,0.01368977,-0.87905451,-0.08293906,-0.46945107,-0.25294045,0.08840412,-0.24531966,
0.45034023,0.07067961,-0.89005503,0.09894769,-0.99467201,-0.02892284,-0.88735727,-0.07504378,-0.4549343,-0.20704788,0.03147882,-0.19279589,
0.43485113,0.08122667,-0.89683143,0.10197748,-0.99395861,-0.04057723,-0.89470944,-0.07381157,-0.44050722,-0.16629434,0.04151386,-0.02388018,
0.40349659,0.10061337,-0.90943239,0.10669217,-0.99232884,-0.06244735,-0.90873929,-0.07183204,-0.41113579,-0.04635967,0.00785643,0.26331568,
0.37720568,0.12549831,-0.91758706,0.10986098,-0.98984393,-0.09021875,-0.91959034,-0.06677599,-0.38716208,-0.01146328,0.01407856,0.20876488,
0.37417322,0.14134809,-0.91652337,0.11276155,-0.98791705,-0.10632335,-0.9204777,-0.06356525,-0.38559071,0.04706715,-0.03705537,-0.0168563,
0.36905331,0.15729768,-0.91600058,0.11421956,-0.98577909,-0.12326156,-0.92236301,-0.0591351,-0.38177149,0.06773519,-0.02960819,-0.07738916,
0.36490652,0.16580562,-0.91616134,0.11446398,-0.98453927,-0.13258966,-0.92398111,-0.05648466,-0.37824345,0.10507534,-0.06038636,-0.05976721,
0.3533313,0.18436567,-0.91715111,0.11484553,-0.98152046,-0.15306113,-0.92842198,-0.05124943,-0.36797535,0.10413219,-0.06850952,0.0376232,
0.328414,0.23676174,-0.91437846,0.11228755,-0.97099503,-0.21109171,-0.93783559,-0.03334788,-0.34547361,0.06564411,-0.05008185,-0.0480117,
0.31841524,0.25939366,-0.91177124,0.11064038,-0.96542915,-0.23602037,-0.94147255,-0.02572621,-0.33610689,0.0698812,-0.05197781,0.02636585,
0.30685251,0.29531167,-0.90478312,0.10843978,-0.95530232,-0.27502384,-0.94555925,-0.01372274,-0.32516039,0.10723841,-0.07718962,0.00158065,
0.30276342,0.32044585,-0.89757935,0.10645288,-0.94725815,-0.30227403,-0.94710191,-0.0040324,-0.32090743,0.17232631,0.06569487,0.14599614,
0.30114562,0.35723174,-0.88413613,0.1043682,-0.9339548,-0.34181196,-0.9478494,0.01065945,-0.31853993,0.05165133,0.02783471,-0.18750364,
0.29149181,0.38258465,-0.87673341,0.09978276,-0.92369646,-0.36990291,-0.95135477,0.02034079,-0.30742528,0.1439153,0.01892501,-0.02625726,
0.28589076,0.39549148,-0.87284188,0.09684952,-0.9181203,-0.38428538,-0.95335546,0.02532932,-0.30078526,0.20279646,0.05859178,0.03656548,
0.28297617,0.4221783,-0.86121414,0.09211458,-0.90572638,-0.41373201,-0.95469326,0.03774588,-0.2951876,0.23398988,0.00872451,0.00887357,
0.2816774,0.49639577,-0.82112663,0.07902147,-0.86487182,-0.49573378,-0.95624961,0.07475033,-0.28284065,0.2869491,0.09031266,-0.21590583,
0.26765746,0.52801958,-0.80594958,0.06523071,-0.84448004,-0.53159969,-0.96130347,0.08971393,-0.2604744,0.46518296,0.10049397,-0.11099607,
0.26013977,0.54413513,-0.79764916,0.05678316,-0.83328204,-0.5499241,-0.96389984,0.09776407,-0.24766743,0.50120497,0.12100774,-0.10949002,
0.24678359,0.57677308,-0.77873663,0.03887463,-0.80883659,-0.58674719,-0.9682906,0.1145265,-0.22202949,0.61815435,0.11749548,-0.28374133,
0.22759417,0.61015218,-0.7588907,0.01502733,-0.78145165,-0.62378461,-0.97364006,0.13056561,-0.1870227,0.78441066,0.03236741,-0.53455448,
0.16937369,0.66191147,-0.7301956,-0.04773243,-0.73452128,-0.67690457,-0.98439526,0.14950378,-0.09281381,0.78866482,-0.10221237,-0.45538902,
0.109226522,0.700866609,-0.704879797,-0.108436351,-0.696489098,-0.709326742,-0.988084556,0.153911875,-7.56330631e-05,1.09113061,0.0,-0.149460018,0.212314636
0.08190398,0.72204765,-0.68697808,-0.13838782,-0.67437727,-0.7253027,-0.98698556,0.15447456,0.04468846,1.20204782,0.09406763,0.57284725,
0.03937953,0.79215253,-0.60905133,-0.20694062,-0.58984384,-0.78055087,-0.97756061,0.15677516,0.14070085,1.26490986,0.09804362,0.12060156,
0.04233976,0.80426502,-0.59276061,-0.20893095,-0.57304776,-0.7924419,-0.97701342,0.15739785,0.14377313,1.01429701,0.05486912,0.1630207,
0.05503812,0.82114436,-0.56806034,-0.19902444,-0.54848399,-0.81212945,-0.97844768,0.15775589,0.13324045,0.21450134,0.54063803,0.5598281,
0.06278863,0.83265622,-0.55021906,-0.19187386,-0.53095122,-0.82539379,-0.97940891,0.15739793,0.12642743,0.36986256,0.39441878,0.05300215,
0.06226994,0.8348841,-0.54689206,-0.19228693,-0.52765413,-0.82740965,-0.97936107,0.15668291,0.12768038,0.4177438,0.12908143,-0.17795299,
0.0365042,0.82127268,-0.56936676,-0.20980504,-0.55075029,-0.80787114,-0.9770615,0.14894666,0.15220255,0.15470146,-0.11804253,0.18407436,
0.03041657,0.81223039,-0.58254323,-0.2091371,-0.56474112,-0.79832896,-0.97741317,0.14611383,0.15269003,0.04852094,-0.05856436,0.28120145,
0.02154557,0.78604468,-0.61779392,-0.20039955,-0.60200056,-0.77293919,-0.9794772,0.14045897,0.14455275,-0.0177785,-0.15044451,0.25505215,
0.02098215,0.74695453,-0.66454392,-0.18471176,-0.65035143,-0.73683409,-0.9825687,0.13820942,0.12432557,-0.01270353,-0.08499295,0.00215158,
0.03105945,0.66305994,-0.74792158,-0.15289018,-0.73632487,-0.65912824,-0.98775491,0.13482199,0.07850563,-0.15841025,-0.00469893,0.13300556,
0.04224284,0.54928323,-0.83456779,-0.11576263,-0.82699653,-0.5501596,-0.99237819,0.11985205,0.02865186,-0.25012884,-0.01664621,0.19983783,
0.05472124,0.45691714,-0.88782439,-0.0866688,-0.88362725,-0.46009897,-0.9947331,0.10212383,-0.00875255,-0.29580492,0.12498397,0.29646569,
0.08408575,0.35439948,-0.93130577,-0.05458371,-0.93157417,-0.3594299,-0.99496233,0.08105703,-0.05898752,-0.55957627,0.22966403,0.14615841,
0.10346485,0.30058214,-0.94812727,-0.04099075,-0.95114472,-0.30601191,-0.99378806,0.07052591,-0.08608888,-0.62734324,0.27047616,0.00341761,
0.13701728,0.19000091,-0.97217575,-0.02313467,-0.98055032,-0.19489822,-0.99029835,0.04919537,-0.1299565,-0.57953602,0.20432431,-0.05184232,
0.25966511,-0.17147916,-0.95035198,-0.00472867,-0.98432209,0.17631663,-0.96568713,-0.04128937,-0.25640493,-0.68928456,-0.03385741,0.15586203,
0.25966511,-0.17147916,-0.95035198,-0.00472867,-0.98432209,0.17631663,-0.96568713,-0.04128937,-0.25640493,-0.68928456,-0.03385741,0.15586203,
0.33303884,-0.28705113,-0.89815744,-0.01922667,-0.954404,0.29789824,-0.94271707,-0.08194311,-0.32337265,-0.51084501,-0.19433576,-0.24090068,
0.33303884,-0.28705113,-0.89815744,-0.01922667,-0.954404,0.29789824,-0.94271707,-0.08194311,-0.32337265,-0.51084501,-0.19433576,-0.24090068,
0.37254527,-0.38164805,-0.84590467,-0.00626309,-0.91253461,0.40895127,-0.92799285,-0.14705487,-0.34235067,-0.26335064,-0.55225331,0.08281454,
0.36661474,-0.38182272,-0.84841325,0.00971405,-0.91028607,0.41386579,-0.93032213,-0.15997083,-0.33001523,-0.41314149,-0.57443148,0.3484723,
0.3684643,-0.37626213,-0.85009464,0.01358324,-0.91215576,0.40961863,-0.92954267,-0.16247688,-0.330986,-0.44314343,-0.52736539,0.39941812,
0.420433723,-0.33487206,-0.843265179,-0.00029834129,-0.929449786,0.368948401,-0.90732319,-0.154866764,-0.390871915,-0.628289819,-0.537491083,0.0286988616,
0.44052541,-0.32149462,-0.83819956,-0.00795237,-0.93503799,0.35445794,-0.89770488,-0.14948204,-0.41446456,-0.57598662,-0.49978566,-0.02158694,
0.53200319,-0.27355822,-0.80133538,-0.03968544,-0.95338985,0.29911931,-0.84581177,-0.12733105,-0.51806261,0.03172619,0.91031688,-0.1014671,
0.56477711,-0.27078607,-0.77955221,-0.05247181,-0.95450468,0.29354252,-0.82357359,-0.12488157,-0.55329096,-0.06238497,0.67111307,-0.35239708,
0.62800373,-0.26050472,-0.73331336,-0.07487061,-0.9581613,0.27626195,-0.77460027,-0.11858989,-0.6212329,0.22608763,0.19348055,-1.24661398,
