0,1,2,3,4,5,6,7,8,9,10,11
-0.335979518,0.069356424,-0.939312234,0.0268720767,-0.996173292,-0.083166684,-0.941485888,-0.0531835717,0.332830049,-0.017587781,4.48822975e-05,0.0261935331
-0.33600746,0.06993908,-0.93925896,0.02611538,-0.99616386,-0.08351877,-0.94149714,-0.05259204,0.33289211,-0.02835431,0.00402498,0.0077702
-0.33650769,0.0708039,-0.9390151,0.02422242,-0.99618853,-0.08379532,-0.94136912,-0.05094299,0.33351008,-0.02639153,-0.00792235,0.00628874
-0.3382122,0.07105178,-0.93838375,0.02253489,-0.99624826,-0.08355514,-0.94079998,-0.04940575,0.33534226,0.02654292,-0.00198048,0.02081377
-0.33918366,0.07115986,-0.93802483,0.02149541,-0.99628818,-0.0833524,-0.94047449,-0.04843501,0.33639519,0.08964899,-0.03800875,0.09859792
-0.34274107,0.07288643,-0.9365981,0.01764331,-0.99631033,-0.08398969,-0.93926416,-0.04531141,0.34019063,0.04663491,-0.08583933,-0.08497325
-0.34874886,0.07845357,-0.9339268,0.01168779,-0.99604867,-0.08803653,-0.93714333,-0.04161818,0.3464539,0.08123113,0.0424403,-0.06949921
-0.35220765,0.08109482,-0.93240178,0.00921074,-0.99589026,-0.09009597,-0.93587639,-0.04032062,0.35001354,0.04679523,0.10247886,-0.10825422
-0.35528809,0.08498902,-0.93088508,0.00571394,-0.99564189,-0.0930821,-0.93473928,-0.03838999,0.35325429,0.06827406,-0.03480506,0.08302037
-0.35504322,0.08971736,-0.93053462,0.00250493,-0.99528905,-0.09691641,-0.9348463,-0.03674046,0.35314633,0.04502436,0.05506754,0.06536776
-0.354277928,0.091800112,-0.930623288,0.000711077368,-0.995143063,-0.0984352865,-0.935139807,-0.0355352037,0.352492131,-0.0596494414,0.0402486324,0.0415357053
-0.35460191,0.09546484,-0.93013117,-0.00315613,-0.99489076,-0.10090825,-0.93501207,-0.03284664,0.35309142,-0.12226097,0.00241661,-0.01397286
-0.36068328,0.09866255,-0.92745528,-0.00729245,-0.99465718,-0.10297547,-0.93265986,-0.03037811,0.35947568,0.0897661,0.06007206,0.04951279
-0.36336904,0.10435079,-0.92578267,-0.01331185,-0.99418729,-0.10683622,-0.93155001,-0.02649711,0.36264629,-0.01820134,-0.00565076,0.03501274
-0.36200135,0.10806839,-0.92589201,-0.01729099,-0.99386466,-0.10924168,-0.93201707,-0.02353605,0.36164918,-0.08833821,0.0210712,-0.00491912
-0.36061405,0.11186514,-0.92598247,-0.0221094,-0.9935279,-0.11141483,-0.93245296,-0.01970484,0.36075354,-0.08395379,-0.01758927,-0.02448545
-0.36309268,0.11339295,-0.92482732,-0.02462149,-0.99338803,-0.11213264,-0.93142756,-0.01794393,0.36348401,-0.01989625,0.00171041,0.02599613
-0.36442437,0.11391066,-0.92423975,-0.02566839,-0.99334195,-0.11230641,-0.9308791,-0.01720345,0.36492203,0.01005709,0.01013947,0.03051133
-0.36440377,0.11467015,-0.92415406,-0.02718935,-0.99327679,-0.11252592,-0.93084409,-0.01587772,0.36507153,0.00999776,0.0011189,0.03924496
-0.36187816,0.11525521,-0.92507305,-0.02832511,-0.99322887,-0.11266631,-0.93179483,-0.01456869,0.36269273,0.03324846,0.03516293,0.01073884
-0.36026141,0.11563241,-0.92565692,-0.02900165,-0.99319632,-0.11278208,-0.93240039,-0.01378546,0.36116396,-0.00695975,0.01690018,-0.01008914
-0.35746338,0.116300234,-0.926657476,-0.0303900182,-0.993139043,-0.112920891,-0.93343252,-0.0122039509,0.358545315,-0.0349166319,-0.0186570287,-0.00047710631
-0.35617776,0.11644261,-0.92713459,-0.03138856,-0.99313619,-0.11267346,-0.93389088,-0.01103036,0.35738797,-0.02951229,0.02948081,0.01300866
-0.3553824,0.11558883,-0.92754649,-0.03156389,-0.99324251,-0.11168227,-0.93418788,-0.01041294,0.35662941,-0.05085236,-0.00249076,0.01073383
-0.35481252,0.11429097,-0.92792535,-0.03162921,-0.9933991,-0.11026115,-0.9344022,-0.00977249,0.35608557,-0.03389068,-0.00752622,0.00808674
-0.35476071,0.11347664,-0.92804527,-0.03159178,-0.99349541,-0.10940306,-0.93442332,-0.0094933,0.35603793,-0.03780669,0.01168609,0.00858896
-0.3548815,0.11149697,-0.92823886,-0.03131232,-0.99372347,-0.10739154,-0.93438669,-0.00904596,0.35614547,0.06567112,0.01289129,0.02296446
-0.35307415,0.10976815,-0.92913365,-0.0310357,-0.99392104,-0.10562848,-0.9350803,-0.00845838,0.35433481,0.01567588,-0.01169854,-0.02277547
-0.35227506,0.10909591,-0.92951612,-0.03103031,-0.99399801,-0.10490396,-0.93538187,-0.00811188,0.35354614,0.00142545,-0.01192528,-0.02937647
-0.35127172,0.10819245,-0.93000142,-0.03138954,-0.99410346,-0.10379364,-0.93574727,-0.00726745,0.35259647,-0.00233297,-0.02667761,-0.01607533
-0.35158785,0.10742658,-0.92997081,-0.0317497,-0.99419105,-0.10284164,-0.93561644,-0.00663157,0.35295606,-0.02147009,0.01354659,-0.02285978
-0.35231752,0.10658409,-0.9297914,-0.03178138,-0.99428323,-0.1019343,-0.93534067,-0.0063632,0.35369093,-0.02295876,0.03860486,-0.04365058
-0.35451948,0.10489498,-0.92914635,-0.0316711,-0.99446463,-0.10018478,-0.93451209,-0.00609037,0.35587926,0.03189952,-0.0070768,0.02740694
-0.35543263,0.10348821,-0.92895515,-0.03149419,-0.9946134,-0.09875256,-0.93417108,-0.0058432,0.35677749,0.03336227,-0.00833476,0.02194685
-0.35526523,0.10286856,-0.92908797,-0.03153932,-0.99467938,-0.09807082,-0.9342332,-0.00553836,0.35661962,-0.01750649,-0.01791549,-0.01037154
-0.3555868,0.1019393,-0.92906742,-0.03191994,-0.99477888,-0.09693242,-0.93409796,-0.00481212,0.35698427,-0.0263084,0.00640845,-0.02539216
-0.35685337,0.10090825,-0.92869431,-0.03209313,-0.99488608,-0.09576851,-0.93360893,-0.00437061,0.35826699,-0.00578841,-0.00496143,-0.01019358
-0.35775968,0.10035867,-0.92840506,-0.03211996,-0.99494219,-0.09517382,-0.93326101,-0.00422903,0.35917391,0.00471845,-0.01055187,0.00286821
-0.35921182,0.09950617,-0.92793595,-0.03226352,-0.99502909,-0.09421136,-0.93269806,-0.00390337,0.3606369,0.03616212,-0.01877558,-0.0119686
-0.3602873,0.09947566,-0.92752221,-0.03327354,-0.99503553,-0.0937916,-0.93224768,-0.00292998,0.36180877,0.080993,-0.02592814,-0.01521509
-0.36080178,0.10002587,-0.9272631,-0.03417242,-0.99498228,-0.09403426,-0.93201624,-0.00224091,0.36240955,0.0745471,-0.0367974,-0.03114551
-0.362062828,0.102420469,-0.92650995,-0.0367522875,-0.994741134,-0.0956009302,-0.931428961,-0.000562178526,0.363922844,0.0570298098,-0.00630587339,-0.0346937962
-0.36355057,0.10585055,-0.92554125,-0.04023602,-0.99438067,-0.09791883,-0.93070512,0.00164165,0.36576669,0.05352754,-0.00292099,0.02440792
-0.36392412,0.10775111,-0.92517525,-0.04220237,-0.99417376,-0.09918646,-0.93047219,0.00294825,0.36635085,0.02604831,-0.01617509,0.00236381
-0.36501654,0.11197412,-0.92424274,-0.0461627,-0.99369652,-0.1021573,-0.92985582,0.00537644,0.36788478,0.00563396,0.02221894,0.00336711
-0.365713,0.11611225,-0.92345637,-0.04990459,-0.9932065,-0.10511887,-0.92938865,0.00764136,0.36902334,-0.00755377,0.02453828,0.0257636
-0.36585453,0.11814857,-0.92314209,-0.05186857,-0.99295592,-0.10652745,-0.92922551,0.00890851,0.36940568,-0.00369167,0.00597465,0.06469854
-0.36682458,0.12163173,-0.92230457,-0.05600692,-0.9925052,-0.10861423,-0.92860283,0.01181308,0.37088725,-0.04136452,-0.01373798,0.04658904
-0.37018849,0.12417755,-0.92061949,-0.06046879,-0.99214453,-0.10951021,-0.92698642,0.01512932,0.37478953,-0.08211196,0.00534916,0.00392133
-0.37316172,0.12517916,-0.9192826,-0.06267349,-0.99199356,-0.10963937,-0.92564699,0.01670144,0.37801945,-0.03047251,0.0244205,0.00491775
-0.37896289,0.12620603,-0.9167656,-0.06692443,-0.99180048,-0.10887115,-0.92298875,0.02009589,0.38430185,0.0579019,-0.02279544,0.0274338
-0.37857429,0.1271735,-0.91679236,-0.07073837,-0.99159386,-0.1083394,-0.9228637,0.02383788,0.38438817,0.04113617,-0.02588969,0.05167415
-0.37657888,0.12771462,-0.91753857,-0.07249172,-0.99147647,-0.10825398,-0.92354372,0.02574778,0.38262765,0.00401074,-0.00399649,0.02084984
-0.37433457,0.12856015,-0.91833856,-0.07592577,-0.99126672,-0.10782054,-0.92418001,0.0293646,0.38082664,-0.10907858,0.05891633,-0.05221374
-0.37693245,0.12833565,-0.91730685,-0.07878695,-0.99120776,-0.10630023,-0.9228838,0.0322038,0.38372958,0.00655604,-0.00469261,-0.03773866
-0.37778235,0.1282291,-0.91697202,-0.07974826,-0.99118945,-0.10575224,-0.92245358,0.03317559,0.38468003,0.01854918,0.00111365,0.02050736
-0.38029543,0.12816472,-0.9159417,-0.08215984,-0.99111785,-0.10457143,-0.92120853,0.03548559,0.38744757,-0.02681264,-0.02362597,0.01986072
-0.38398325,0.12831021,-0.9143813,-0.08517427,-0.99099725,-0.10329343,-0.91940308,0.03821881,0.39145526,0.02841965,-0.00764722,-0.00260559
-0.3851732,0.12830833,-0.9138811,-0.08649224,-0.9909476,-0.10267456,-0.91878223,0.03949614,0.39278405,0.03734026,-0.00248492,0.00898518
-0.38752409,0.12876581,-0.91282231,-0.0889535,-0.99079923,-0.10200171,-0.91755789,0.04167062,0.39541261,0.01055623,0.02517295,-0.02679709
-0.38952124,0.1298797,-0.91181375,-0.09210131,-0.99053747,-0.10174808,-0.91640079,0.0443462,0.39779762,0.05119137,0.00457609,0.01799321
-0.38782729,0.13083011,-0.91239983,-0.09382122,-0.99033726,-0.10212573,-0.91694468,0.04599532,0.39635448,0.04788688,0.00221395,0.02085848
-0.38646714,0.13257042,-0.9127258,-0.09585162,-0.99003018,-0.10321305,-0.91730899,0.04759779,0.39532107,-0.03101598,0.01565826,-0.05525482
-0.38870845,0.13624243,-0.9112318,-0.09955522,-0.9894267,-0.10546597,-0.91596624,0.04972237,0.39816251,0.12433829,-0.0300734,-0.00743057
-0.3867022,0.13967809,-0.91156544,-0.1021989,-0.98886562,-0.10816812,-0.91652436,0.05133213,0.39667134,0.10134991,-0.04402608,-0.00315274
-0.37634144,0.15216419,-0.9138999,-0.11005565,-0.9867785,-0.11897786,-0.91992104,0.05580355,0.38811232,-0.04149321,-0.02593917,0.01660936
-0.37551993,0.1546491,-0.91382073,-0.11156845,-0.98635325,-0.12107677,-0.92007453,0.05648682,0.38764938,0.01691488,-0.01949859,0.02266809
-0.37397562,0.16020904,-0.91349612,-0.11522168,-0.98536174,-0.12564231,-0.92025326,0.0582674,0.38696097,0.05864725,-0.0091908,0.02500135
-0.37023137,0.16629834,-0.91393315,-0.11917662,-0.98421855,-0.13080934,-0.92126319,0.06048975,0.38420725,0.01076906,0.00346315,0.00647462
-0.36871223,0.16956292,-0.91394714,-0.12153207,-0.98357521,-0.1334514,-0.92156438,0.06186872,0.38326387,0.00831723,-0.00445378,0.00119783
-0.3666351,0.17623158,-0.91352132,-0.12626028,-0.98223676,-0.13881415,-0.92175762,0.06444732,0.38237346,0.04076816,-0.0191496,0.01355149
-0.36463101,0.18404272,-0.91278284,-0.13125659,-0.98064363,-0.14529206,-0.92185462,0.06683077,0.38172989,0.07176796,0.0047195,0.0060489
-0.36343658,0.18851281,-0.91234685,-0.13397716,-0.97970958,-0.1490613,-0.92193491,0.06805931,0.38131871,0.08724693,-0.01128113,-0.01598955
-0.35443242,0.21032151,-0.9111217,-0.1464732,-0.97483593,-0.16805012,-0.92353857,0.07389251,0.37631969,0.11278787,-0.08794743,0.02271861
-0.35135012,0.21680987,-0.91079454,-0.15033821,-0.97325863,-0.17368432,-0.92409504,0.07590322,0.37454922,0.05929182,-0.0589723,-0.03151915
-0.34694033,0.23136723,-0.90890142,-0.15927489,-0.9695527,-0.18600899,-0.92426409,0.08023116,0.37322774,0.11605617,-0.0074935,-0.08761398
-0.34246529,0.24680409,-0.90653487,-0.16842684,-0.96537733,-0.19919666,-0.92431062,0.08446687,0.37217646,0.10496254,0.02353096,-0.02299289
-0.33952753,0.25487096,-0.9054068,-0.17299645,-0.96308825,-0.20623457,-0.92455011,0.08660983,0.37108712,0.12847836,0.01540744,0.06820574
-0.33175454,0.27256521,-0.90313179,-0.18246013,-0.95781257,-0.22204335,-0.92555234,0.09112165,0.36749105,0.12281628,-0.01798618,0.04765148
-0.32307763,0.2923935,-0.90007048,-0.19263736,-0.95148087,-0.23994788,-0.92655906,0.09586541,0.3637281,0.082607,0.01389527,-0.07968196
-0.31927788,0.30288545,-0.89795426,-0.19802872,-0.94795278,-0.24933889,-0.92673949,0.09821233,0.36264056,0.10681579,0.06663311,-0.08052137
-0.31211093,0.32478715,-0.89280451,-0.20911851,-0.94018696,-0.26891943,-0.92674486,0.10276924,0.36136182,0.2205302,0.04319811,0.01900639
-0.30360146,0.34964936,-0.8863247,-0.22047961,-0.93076548,-0.29165793,-0.92693845,0.10686875,0.35967232,0.27619022,0.00247443,0.10415479
-0.29880334,0.36313177,-0.8825257,-0.22629575,-0.92535939,-0.30413786,-0.92709575,0.10883439,0.35867592,0.20176092,0.12304091,0.02273961
-0.29000574,0.39222853,-0.87295676,-0.23910024,-0.91292513,-0.33075502,-0.92667568,0.11280332,0.3585354,0.29472694,0.11741126,0.07341356
-0.27843194,0.42464962,-0.86148012,-0.251535,-0.89788304,-0.36129718,-0.92693335,0.1160957,0.35681392,0.40766883,0.05253386,0.1005722
-0.27095061,0.4420303,-0.8550994,-0.25752801,-0.88923499,-0.37807468,-0.92750477,0.11777248,0.35477395,0.45939448,0.08002937,0.07639663
-0.25584221,0.4782005,-0.84016001,-0.26983097,-0.86986786,-0.41294171,-0.92829726,0.12105325,0.35158242,0.41131964,0.27664936,-0.0881722
-0.24138226,0.51467653,-0.82270441,-0.28241932,-0.84833429,-0.44784827,-0.92842544,0.12424498,0.35012757,0.61047298,0.07443583,0.14498287
-0.23223263,0.53319809,-0.81349106,-0.28821935,-0.83651832,-0.46601132,-0.92897659,0.12624082,0.34794496,0.67002743,0.04801035,0.16925442
-0.2083466,0.57098464,-0.79408321,-0.29756749,-0.81041723,-0.5046557,-0.93168943,0.13115003,0.33875422,0.79128963,-0.04891491,0.18284714
-0.17578314,0.60948915,-0.77306084,-0.30298304,-0.78066589,-0.54659101,-0.93664367,0.1381428,0.32189298,0.89407992,-0.15904999,0.13480726
-0.15706171,0.62859229,-0.76171077,-0.30457287,-0.76451868,-0.56810779,-0.93945033,0.14276844,0.31152883,1.02291334,-0.21504962,0.08214089
-0.12003906,0.66632835,-0.7359328,-0.30934423,-0.72949188,-0.61003905,-0.94334337,0.15442803,0.29369242,0.91676491,-0.00793791,-0.2868396
-0.09150532,0.70051654,-0.70774517,-0.32010391,-0.69369782,-0.64522603,-0.94295289,0.16751036,0.28771524,0.90778011,0.12947619,-0.31249571
-0.078208,0.71537466,-0.69435043,-0.3254821,-0.67664088,-0.66046831,-0.94230824,0.17434471,0.28576046,0.92909569,0.0545795,-0.17059372
-0.04680782,0.74145326,-0.66936987,-0.32730445,-0.64449517,-0.69101206,-0.94375885,0.18674296,0.27284843,0.74445128,-0.04859805,0.06780064
-0.00887038,0.7638625,-0.645318,-0.31087818,-0.61547045,-0.72425875,-0.95040833,0.19419081,0.24292771,0.19593228,0.23948336,-0.52972251
0.00767149,0.77130236,-0.63642258,-0.30048254,-0.60524976,-0.73714503,-0.95375641,0.19688884,0.22711982,0.12126545,0.24391031,-0.37219995
0.03208297,0.78195779,-0.62250515,-0.28586665,-0.58962843,-0.75539295,-0.95773217,0.2021887,0.20461865,0.3406772,0.38556504,-0.2820791
0.03077622,0.78122225,-0.62349388,-0.29634004,-0.58861143,-0.75214303,-0.9545865,0.20791432,0.21339221,0.34540945,-0.11282712,-0.20675543
0.02406153,0.77684324,-0.62923418,-0.30359361,-0.59401327,-0.74496925,-0.95249776,0.20895658,0.22155175,0.34622893,-0.22578931,-0.21332467
0.00962149,0.76001164,-0.64983822,-0.30469526,-0.61673577,-0.72580833,-0.95240128,0.20498597,0.22563805,0.15141141,-0.28754163,-0.17816791
-0.00132609,0.73430224,-0.67882142,-0.28548599,-0.65084937,-0.70348628,-0.958382,0.19286113,0.21049603,-0.07653372,-0.07313436,-0.19494507
-0.00931764,0.71856369,-0.69539868,-0.27401463,-0.67064408,-0.68931297,-0.96168034,0.18412662,0.20314586,-0.12000446,0.10923719,-0.17580585
-0.04267137,0.67722802,-0.73453479,-0.26058428,-0.71730093,-0.64620057,-0.96450763,0.16383396,0.2070832,-0.11266212,-0.0270595,-0.03272295
-0.09258296,0.62380448,-0.77607747,-0.24968472,-0.76906641,-0.58838268,-0.96389097,0.13930045,0.22695702,-0.09795317,-0.16751993,-0.07608127
-0.11792623,0.5916616,-0.79751486,-0.23871432,-0.79645863,-0.55558,-0.96390294,0.12486077,0.23516146,-0.17254037,-0.14096212,-0.1021861
-0.16747453,0.51591796,-0.84010772,-0.20370448,-0.85186301,-0.48252872,-0.96460189,0.09032244,0.24776011,-0.23701806,-0.10546625,-0.15865958
-0.21067412,0.42975179,-0.87802617,-0.15532069,-0.90149044,-0.40396867,-0.96513835,0.05126991,0.25666991,-0.31786478,0.01938128,-0.08108231
-0.2309172,0.38224435,-0.89474388,-0.12826932,-0.92353092,-0.36143849,-0.96448138,0.03130584,0.2622893,-0.32192627,0.04053116,-0.01079001
-0.26899769,0.27937198,-0.9217327,-0.06688458,-0.96011522,-0.271486,-0.96081545,-0.01137944,0.27695481,-0.33691055,0.11871529,0.05443835
-0.29625019,0.1682178,-0.94017995,0.00287768,-0.98420613,-0.17700177,-0.9551059,-0.05514237,0.29108743,-0.39635599,0.18582189,0.10595272
-0.30483839,0.11107389,-0.94590497,0.03885966,-0.99089849,-0.12888067,-0.95161103,-0.07604531,0.29774753,-0.39148092,0.16871047,0.08822463
-0.31270439,-0.00296231,-0.9498458,0.1094474,-0.99344674,-0.03293355,-0.94352376,-0.11425662,0.31097952,-0.41618407,0.1652813,-0.01235023
-0.30848731,-0.11177568,-0.94463842,0.17556768,-0.98270109,0.05894496,-0.93488584,-0.1476642,0.32277505,-0.66853017,0.21213591,0.0156281
-0.30400896,-0.16374283,-0.93849171,0.20674335,-0.97298065,0.10278916,-0.92996537,-0.16277809,0.32964773,-0.73148078,0.12841117,0.0240697
-0.29692356,-0.26161089,-0.91836599,0.26588684,-0.94635534,0.18361829,-0.91713714,-0.18966083,0.35055415,-0.41109326,0.02645385,0.15968378
-0.27521404,-0.34500551,-0.89734526,0.31145303,-0.91504795,0.25628969,-0.90953523,-0.20894638,0.35928696,-0.34653047,-0.20036519,0.18593702
-0.26119095,-0.37840389,-0.8880258,0.32634559,-0.90040625,0.28769289,-0.90844806,-0.21466053,0.35866836,-0.26114973,-0.29750174,0.17136416
-0.23974293,-0.42002426,-0.87527301,0.33980373,-0.8808419,0.32962221,-0.90942654,-0.21839644,0.35390154,-0.19535774,-0.68109393,0.02648135
-0.23157229,-0.42470327,-0.87521492,0.33617484,-0.87918066,0.3376795,-0.91288581,-0.21602801,0.34636869,-0.8172949,-0.67075479,-0.11434892
-0.2361576,-0.41833279,-0.87705583,0.3319419,-0.88301983,0.33179822,-0.91326,-0.21277489,0.34739435,-0.96053529,-0.55068004,-0.10215765
-0.26263465,-0.39572692,-0.8800133,0.3224943,-0.89558184,0.30648135,-0.90940674,-0.20330666,0.36283035,-0.81220925,-0.47253585,0.11857976
-0.29871811,-0.36207217,-0.8829899,0.30772491,-0.91235925,0.27001089,-0.90336748,-0.19106084,0.38395692,-0.48336089,0.01305628,0.22242801
-0.29871811,-0.36207217,-0.8829899,0.30772491,-0.91235925,0.27001089,-0.90336748,-0.19106084,0.38395692,-0.48336089,0.01305628,0.22242801
-0.35808624,-0.31671704,-0.87833052,0.28264277,-0.93334287,0.22132341,-0.88988047,-0.1690009,0.42373509,0.19810858,0.75123084,-0.14077249
-0.36263828,-0.30302976,-0.88128679,0.26460954,-0.94021815,0.21440981,-0.89357441,-0.15544369,0.42114369,-0.2420238,-0.19199479,0.49051493
-0.36263828,-0.30302976,-0.88128679,0.26460954,-0.94021815,0.21440981,-0.89357441,-0.15544369,0.42114369,-0.2420238,-0.19199479,0.49051493
-0.39276679,-0.26735886,-0.87991681,0.24813618,-0.95213017,0.17854049,-0.88552966,-0.14821442,0.44030642,-0.53752166,0.28672028,0.47831979
-0.43578377,-0.24184339,-0.8669512,0.23557804,-0.96029325,0.14946572,-0.86867462,-0.13909993,0.4754531,-0.40866417,0.23866642,0.24921888
-0.45732873,-0.22922942,-0.85924632,0.22708019,-0.96427842,0.13638777,-0.85981681,-0.13274377,0.49304576,-0.51084042,0.22622454,0.05107753
-0.50818899,-0.20279341,-0.83702979,0.20826454,-0.97197509,0.10904319,-0.8356853,-0.11890908,0.53618163,-0.39006466,0.09403515,-0.0596264
-0.54415277,-0.17836367,-0.81980733,0.18833862,-0.97817088,0.08780742,-0.81757337,-0.10662073,0.56586727,0.16264392,0.01683295,-0.08955339
-0.53590153,-0.14386974,-0.83193215,0.15317091,-0.98558972,0.0717751,-0.83027001,-0.08896342,0.55021564,-0.11691473,0.04045939,0.04478506
-0.52222656,-0.12203713,-0.84402969,0.12947671,-0.98958079,0.06297104,-0.8429205,-0.07639704,0.53258657,-0.403855,-0.04629672,-0.05529714
-0.5191323,-0.11250646,-0.84725674,0.1192683,-0.99113516,0.05853371,-0.84633135,-0.07066413,0.52794871,-0.4214156,-0.07661211,-0.08187988
-0.52402147,-0.09719708,-0.8461408,0.10322914,-0.99339097,0.05018126,-0.84542609,-0.06105033,0.53059174,-0.26929188,-0.0108583,-0.03099579
-0.53783507,-0.08390684,-0.83886406,0.09055583,-0.99502758,0.04146741,-0.83817236,-0.05366141,0.54275915,0.00915282,0.05939007,0.04472745
-0.54391142,-0.07717537,-0.83558622,0.08428388,-0.9957507,0.03710505,-0.83489916,-0.05024459,0.54810481,0.08789347,0.07251132,0.08752406
-0.5471022,-0.06141613,-0.83480958,0.06908403,-0.99721519,0.02808912,-0.83421003,-0.04230439,0.54982171,0.18593298,0.04543853,0.0724143
-0.53599502,-0.04347411,-0.84310096,0.05221439,-0.99846831,0.01829066,-0.84260482,-0.0342183,0.53744413,0.03384677,-0.03526348,-0.00456636
-0.52834844,-0.03447836,-0.84832723,0.04399414,-0.99894453,0.01319978,-0.847887,-0.03034735,0.52930771,-0.0891335,-0.03473413,-0.0321079
-0.51810302,-0.01716002,-0.85514608,0.02863715,-0.99958622,0.00270822,-0.8548387,-0.0230858,0.51838003,-0.13574217,-0.02300668,-0.05826977
-0.517265311,-0.000894432563,-0.855824544,0.0144420784,-0.999866085,-0.00768390448,-0.855703147,-0.0163345036,0.517209107,-0.0271618776,0.00245320797,-0.017791234
-0.51793996,0.00709728,-0.85538753,0.00732289,-0.99989216,-0.01273029,-0.85538563,-0.01285744,0.51783212,0.0939351,-0.01921993,0.01584545
-0.51519784,0.02373313,-0.85674246,-0.00676826,-0.99969784,-0.02362317,-0.8570444,-0.00637195,0.51520308,0.15409853,-0.03078938,0.00570982
-0.505313808,0.0415433525,-0.861935121,-0.0207562784,-0.99913669,-0.0359876893,-0.862686026,-0.000294510447,0.505739804,0.0964565948,-0.00413489342,-0.0571908206
-0.49898182,0.05095984,-0.86511273,-0.02794506,-0.99869647,-0.04271044,-0.86616166,0.00286389,0.49975565,0.00753553,-0.00959456,-0.07858714
-0.48837559,0.06834377,-0.86995298,-0.04125141,-0.9976218,-0.0552157,-0.87165784,0.00892078,0.49003363,-0.07109551,0.00361907,-0.03648257
-0.48253939,0.08564544,-0.87167675,-0.05449247,-0.99621523,-0.06771608,-0.87417737,0.01482414,0.48538036,-0.05100212,-0.01658338,0.05488285
-0.48180919,0.09483149,-0.87112971,-0.06161144,-0.99533272,-0.07427587,-0.87410755,0.01788476,0.48540308,-0.00951374,0.00895381,0.05966033
-0.48180919,0.09483149,-0.87112971,-0.06161144,-0.99533272,-0.07427587,-0.87410755,0.01788476,0.48540308,-0.00951374,0.00895381,0.05966033
-0.4803308,0.13374754,-0.86682975,-0.09216337,-0.9905301,-0.10176399,-0.8722317,0.03100957,0.48810883,0.160853,-0.06042624,-0.00703277
-0.47363627,0.16782308,-0.86458313,-0.11716438,-0.98495806,-0.12700386,-0.87289237,0.04114471,0.48617486,0.21525456,-0.05569708,-0.0845242
-0.46915487,0.19519154,-0.8612748,-0.13619465,-0.97959243,-0.14781782,-0.87255088,0.04795158,0.4861643,0.27973121,-0.03074837,-0.11503802
-0.46915487,0.19519154,-0.8612748,-0.13619465,-0.97959243,-0.14781782,-0.87255088,0.04795158,0.4861643,0.27973121,-0.03074837,-0.11503802
-0.45871959,0.24227069,-0.85491587,-0.1681751,-0.96839573,-0.18419204,-0.87252127,0.05928306,0.48496609,0.32345358,-0.05452096,0.02583571
-0.44623129,0.27745345,-0.85082148,-0.1905418,-0.95838246,-0.21259549,-0.87439775,0.0672503,0.48052675,0.21957405,0.09233975,-0.04326808
-0.43962408,0.29591166,-0.8480371,-0.20213887,-0.9525455,-0.22758934,-0.87514028,0.0713675,0.47857722,0.28404653,0.01775718,0.02015452
-0.4269311,0.33653529,-0.83932929,-0.22625377,-0.93840154,-0.26117339,-0.87552207,0.07839836,0.47677535,0.25288835,0.03696632,-0.02682713
-0.41295215,0.38305929,-0.82627845,-0.25191055,-0.91989365,-0.30056067,-0.87522087,0.08403109,0.47636876,0.56502432,0.13186538,0.03851694
-0.40330228,0.40798309,-0.81908309,-0.26471029,-0.90885288,-0.32235843,-0.87594279,0.08681184,0.47453972,0.58925599,0.20219421,0.01383649
-0.37878807,0.45896845,-0.8036588,-0.28843477,-0.88366172,-0.36871021,-0.87938893,0.0921401,0.46710307,0.67363942,0.16845798,0.11610003
-0.37878807,0.45896845,-0.8036588,-0.28843477,-0.88366172,-0.36871021,-0.87938893,0.0921401,0.46710307,0.67363942,0.16845798,0.11610003
-0.33001874,0.53903993,-0.77493445,-0.31825075,-0.83640039,-0.44626293,-0.88870913,0.09934831,0.44757785,0.98064941,0.08697796,0.20034167
-0.28816266,0.59284157,-0.75199802,-0.33241767,-0.79840413,-0.50204496,-0.89803154,0.1053068,0.4271414,1.2135427,0.0483669,0.38373017
-0.23198012,0.64411003,-0.72890828,-0.33651443,-0.7562215,-0.56114773,-0.91265714,0.115113,0.39218088,1.3666718,-0.2650032,0.12948856
-0.20226304,0.66843466,-0.71574074,-0.33802717,-0.73358166,-0.58957242,-0.91914489,0.12269112,0.3743255,1.28703475,-0.27174246,-0.2002838
-0.14843079,0.71252103,-0.68577103,-0.34444256,-0.68727938,-0.63953585,-0.92699916,0.14128187,0.34743617,1.04640007,0.16243279,-0.61334157
-0.10171946,0.74779271,-0.65609373,-0.35100148,-0.6440771,-0.67967808,-0.93083343,0.16115333,0.32799174,1.11150479,0.02021861,-0.29859233
-0.07758899,0.76283839,-0.64191703,-0.34837991,-0.62401471,-0.69945479,-0.93413668,0.16936099,0.3141743,0.96810704,0.01096332,-0.05542788
-0.02881082,0.78935752,-0.61325729,-0.32342256,-0.58787173,-0.74148801,-0.94581586,0.17697833,0.27223322,0.31196964,0.30468464,-0.58107388
0.01390422,0.80662585,-0.5908987,-0.28417205,-0.56340005,-0.77577472,-0.95867241,0.17870339,0.221387,0.24129033,0.56861973,-0.25334668
0.03066688,0.81307725,-0.58134754,-0.26742931,-0.55374218,-0.78857542,-0.96308937,0.17965252,0.20045912,0.44470108,0.60112429,-0.17576621
0.04303055,0.81463552,-0.57837462,-0.26166013,-0.54951417,-0.79345317,-0.9642003,0.18548026,0.18951186,0.27783316,0.15072227,-0.15265381
0.03859235,0.80068773,-0.59783753,-0.26880077,-0.56791194,-0.77796018,-0.9624223,0.19072247,0.1933085,0.21449049,-0.17578089,-0.24178371
0.03859235,0.80068773,-0.59783753,-0.26880077,-0.56791194,-0.77796018,-0.9624223,0.19072247,0.1933085,0.21449049,-0.17578089,-0.24178371
0.02480628,0.75400615,-0.65639875,-0.24990825,-0.6310763,-0.73436264,-0.96795169,0.18225625,0.17277775,-0.190375,-0.17087913,-0.18372737
0.00274061,0.70858543,-0.70561957,-0.23297406,-0.68575291,-0.6895402,-0.97247898,0.16628077,0.16320283,-0.3512724,-0.00291079,-0.12151055
0.00274061,0.70858543,-0.70561957,-0.23297406,-0.68575291,-0.6895402,-0.97247898,0.16628077,0.16320283,-0.3512724,-0.00291079,-0.12151055
-0.08038752,0.61438509,-0.78490052,-0.23407963,-0.77706339,-0.58427669,-0.96888833,0.13676067,0.20628121,-0.39875501,-0.15031356,0.04102071
-0.16005293,0.53179671,-0.83161007,-0.23141825,-0.83920671,-0.4921155,-0.95959817,0.11368522,0.25738497,-0.25738919,-0.35966313,0.17841141
-0.20232504,0.48450445,-0.85106986,-0.22083361,-0.86923149,-0.44234484,-0.95409485,0.09844737,0.28286227,-0.14856388,-0.57221198,0.06497236
-0.20232504,0.48450445,-0.85106986,-0.22083361,-0.86923149,-0.44234484,-0.95409485,0.09844737,0.28286227,-0.14856388,-0.57221198,0.06497236
-0.27936186,0.27468866,-0.92005587,-0.08152017,-0.96153146,-0.26231905,-0.95671894,0.00172115,0.29100816,-0.27093184,0.20828629,0.24110956
-0.28714439,0.21655342,-0.93308766,-0.04097093,-0.97599516,-0.21390329,-0.95701063,-0.02319167,0.28912407,-0.34343913,0.38432837,0.19724019
-0.28779701,0.09823506,-0.95263978,0.04055225,-0.99258294,-0.11460499,-0.95683237,-0.07161468,0.28167896,-0.65780866,0.2654891,0.0894002
-0.26460155,-0.07763083,-0.96122811,0.15151389,-0.98772202,0.03806263,-0.952381,-0.13556798,0.27311492,-0.72159952,0.01899135,-0.05200082
-0.25209477,-0.18931972,-0.94900271,0.21781806,-0.96661156,0.13497099,-0.94286976,-0.17268445,0.28491511,-0.70674729,-0.01225853,0.05916198
-0.25209477,-0.18931972,-0.94900271,0.21781806,-0.96661156,0.13497099,-0.94286976,-0.17268445,0.28491511,-0.70674729,-0.01225853,0.05916198
-0.25209477,-0.18931972,-0.94900271,0.21781806,-0.96661156,0.13497099,-0.94286976,-0.17268445,0.28491511,-0.70674729,-0.01225853,0.05916198
-0.25209477,-0.18931972,-0.94900271,0.21781806,-0.96661156,0.13497099,-0.94286976,-0.17268445,0.28491511,-0.70674729,-0.01225853,0.05916198
-0.21562505,-0.43930963,-0.87207386,0.37000378,-0.86324387,0.34337603,-0.90366086,-0.24863015,0.34868331,-0.25897452,-0.68064529,-0.01724462
-0.21562505,-0.43930963,-0.87207386,0.37000378,-0.86324387,0.34337603,-0.90366086,-0.24863015,0.34868331,-0.25897452,-0.68064529,-0.01724462
-0.26784861,-0.38956569,-0.88118983,0.34577394,-0.89254641,0.28948404,-0.899276,-0.22715457,0.37376916,-0.86456388,-0.49117208,0.16334127
-0.28770474,-0.36760859,-0.88435855,0.33464616,-0.90378241,0.26681361,-0.89735058,-0.21918366,0.38304115,-0.63299519,-0.04864919,0.14297001
-0.33710732,-0.32719612,-0.88278046,0.31468562,-0.92289512,0.22189534,-0.88731708,-0.20299577,0.41407863,0.37100539,1.3004508,0.01514626
-0.33755148,-0.30350751,-0.8910343,0.28552554,-0.93500829,0.21032016,-0.89695825,-0.18341917,0.40227264,-0.24559174,-0.27632129,0.71069348
-0.33983568,-0.27105871,-0.90057688,0.26643689,-0.94608457,0.18421493,-0.90195506,-0.17734409,0.3937335,-0.73605728,0.12379706,0.36654121
-0.37594034,-0.23605262,-0.89607364,0.24834457,-0.9573002,0.14799061,-0.89274508,-0.16689938,0.4185102,-0.53491616,0.39648628,0.26331466
-0.44142402,-0.19183997,-0.87655123,0.2160616,-0.9708599,0.10367329,-0.87089725,-0.14362519,0.47001033,-0.69795543,-0.05904412,-0.16769208
-0.44142402,-0.19183997,-0.87655123,0.2160616,-0.9708599,0.10367329,-0.87089725,-0.14362519,0.47001033,-0.69795543,-0.05904412,-0.16769208
-0.44142402,-0.19183997,-0.87655123,0.2160616,-0.9708599,0.10367329,-0.87089725,-0.14362519,0.47001033,-0.69795543,-0.05904412,-0.16769208
-0.44142402,-0.19183997,-0.87655123,0.2160616,-0.9708599,0.10367329,-0.87089725,-0.14362519,0.47001033,-0.69795543,-0.05904412,-0.16769208
-0.50144126,-0.09949611,-0.85945169,0.13364784,-0.9903501,0.03667389,-0.85480696,-0.09647406,0.50989982,-0.18708636,-0.06694549,0.07947703
-0.48421294,-0.06503394,-0.87252979,0.10193686,-0.99463567,0.01756493,-0.86899167,-0.08043778,0.488245,-0.46228123,0.00178993,-0.06761096
-0.49395717,-0.0470185,-0.86821402,0.08477157,-0.99638394,0.0057301,-0.86534392,-0.07076944,0.49615682,-0.26167333,0.04782569,0.07702824
-0.51680706,-0.02211328,-0.85581607,0.05920169,-0.99819616,-0.00995829,-0.85405229,-0.05581228,0.51718428,0.31127524,0.03925455,0.13758448
-0.50985109,-0.00390263,-0.86025377,0.04175981,-0.99892303,-0.02021829,-0.85924845,-0.04623235,0.50946506,0.0743854,-0.00323421,0.02058541
-0.50278913,0.0059208,-0.86438874,0.03262559,-0.99913394,-0.0258211,-0.8637931,-0.04118377,0.50216067,-0.00637252,-0.00987536,-0.01803128
-0.48829034,0.02364339,-0.8723608,0.01605041,-0.99922041,-0.0360656,-0.87253353,-0.03161224,0.48753036,-0.11644857,-0.05473346,-0.08945096
-0.48829034,0.02364339,-0.8723608,0.01605041,-0.99922041,-0.0360656,-0.87253353,-0.03161224,0.48753036,-0.11644857,-0.05473346,-0.08945096
-0.47906923,0.04755519,-0.87648801,-0.00468647,-0.99865573,-0.05162206,-0.87776464,-0.0206229,0.47864805,-0.10723259,0.02916396,-0.09803542
-0.47744438,0.08088218,-0.87493138,-0.03243431,-0.99669792,-0.07443958,-0.87806313,-0.00716296,0.4784912,0.22346084,-0.02955496,0.03641862
-0.47285863,0.09051699,-0.87647656,-0.03964894,-0.99588763,-0.08145843,-0.88024567,-0.00376696,0.47450319,0.14964199,-0.0262816,-0.01563264
-0.46080366,0.10988997,-0.8806725,-0.05372153,-0.99393879,-0.09591401,-0.88587463,0.00311355,0.46391422,-0.04216568,-0.02104896,-0.08894999
-0.46080366,0.10988997,-0.8806725,-0.05372153,-0.99393879,-0.09591401,-0.88587463,0.00311355,0.46391422,-0.04216568,-0.02104896,-0.08894999
-0.44691551,0.16106124,-0.87995779,-0.09152153,-0.98672947,-0.13412176,-0.88988215,0.02059399,0.45572537,0.10858482,-0.0634563,-0.01724634
-0.442462823,0.184440571,-0.87761496,-0.109024756,-0.982425846,-0.151501281,-0.890134791,0.0286480593,0.454795808,0.130290881,-0.000809073448,-0.0704835281
-0.43975435,0.19660449,-0.87633474,-0.11792506,-0.97993777,-0.16067161,-0.8903424,0.03268578,0.4541167,0.19482385,0.02728844,-0.0194251
-0.4196434,0.25023885,-0.87251362,-0.15445021,-0.9669149,-0.2030291,-0.89445214,0.04956009,0.44440882,0.2248906,-0.02053601,-0.07711072
-0.41423569,0.26604717,-0.87041793,-0.16482987,-0.96244004,-0.2157309,-0.89511987,0.05410742,0.44252987,0.31934616,-0.06130266,-0.05592287
-0.403867179,0.300817931,-0.863944261,-0.187616435,-0.951551615,-0.243617193,-0.895372094,0.0637011416,0.440739041,0.311141044,-0.108795762,-0.000810682774
-0.403867179,0.300817931,-0.863944261,-0.187616435,-0.951551615,-0.243617193,-0.895372094,0.0637011416,0.440739041,0.311141044,-0.108795762,-0.000810682774
-0.403867179,0.300817931,-0.863944261,-0.187616435,-0.951551615,-0.243617193,-0.895372094,0.0637011416,0.440739041,0.311141044,-0.108795762,-0.000810682774
-0.37949216,0.40620607,-0.83125342,-0.25100699,-0.90996868,-0.33007939,-0.89049487,0.08338787,0.44728661,0.50684619,0.07036817,-0.01424019
-0.35956981,0.45576075,-0.81424296,-0.27546711,-0.8855602,-0.37403324,-0.89153089,0.08980608,0.44396791,0.6259076,0.07770669,0.05541746
-0.3471735,0.4820141,-0.80444581,-0.2874637,-0.87120425,-0.39795465,-0.8926563,0.09308967,0.4410205,0.72382569,0.14932227,0.08637664
-0.26067396,0.61358707,-0.74535894,-0.3331005,-0.78180336,-0.52709344,-0.90614188,0.11087989,0.40818198,1.31298232,-0.15786302,0.39308265
-0.20055928,0.66333453,-0.72094606,-0.33531188,-0.73793107,-0.58568218,-0.92051174,0.12427778,0.37042292,1.40822423,-0.46390045,0.01068872
-0.06649285,0.76720674,-0.63794383,-0.33847131,-0.61879217,-0.70889571,-0.93862435,0.16878914,0.30082291,1.08960533,0.17531669,-0.40080264
-0.02172962,0.79716002,-0.60337702,-0.32233421,-0.57687772,-0.75054173,-0.94637655,0.17818009,0.26948719,0.72976041,0.2414571,-0.25974977
-0.0028536,0.80774978,-0.58951849,-0.30760146,-0.56164689,-0.76807159,-0.95151096,0.17914495,0.25006781,0.23212096,0.48931742,-0.71872437
0.0323194,0.81993693,-0.57154063,-0.28465603,-0.54060561,-0.79165409,-0.95808465,0.18827821,0.21592813,0.35616577,0.3786,-0.15900056
0.02411045,0.81556062,-0.57816915,-0.29843425,-0.54609517,-0.78276246,-0.95412561,0.19141823,0.23022462,0.07003763,0.0923326,-0.24102229
-0.02124165,0.77488731,-0.63174231,-0.31876914,-0.6041549,-0.73033071,-0.94759429,0.1858665,0.2598435,-0.17455786,-0.21094823,-0.20750438
-0.03620112,0.75857053,-0.65058452,-0.31160019,-0.627124,-0.71387729,-0.94952345,0.17687909,0.25907333,-0.32564294,-0.14551854,-0.19416504
-0.08041195,0.71805624,-0.69132422,-0.30116755,-0.67865656,-0.66986819,-0.95017474,0.15433902,0.27082732,-0.29834202,-0.02375031,-0.00775918
-0.19067173,0.6297665,-0.75301952,-0.29895775,-0.76790702,-0.5665183,-0.93502326,0.11710199,0.33469179,-0.18049309,-0.35871631,0.11164817
-0.270198,0.55013046,-0.79015796,-0.27324802,-0.83075439,-0.48495647,-0.92321646,0.08487484,0.37479016,0.10499286,-0.55459177,0.04919957
-0.31505161,0.46024884,-0.8300082,-0.20782182,-0.88677568,-0.41284276,-0.92604141,0.04242706,0.37502974,-0.01960935,-0.0715524,0.25789201
-0.3313942,0.41012629,-0.84969062,-0.17042357,-0.91178708,-0.37363069,-0.9279728,0.02098824,0.3720563,-0.13539806,0.13090909,0.11682166
-0.35688626,0.30401286,-0.88329403,-0.09323189,-0.95243208,-0.29013942,-0.92948371,-0.02119561,0.36825366,-0.35241124,0.33557999,0.01073273
-0.38352666,0.02180072,-0.92327256,0.09087872,-0.99397852,-0.0612212,-0.91904763,-0.10738578,0.37923585,-0.57047778,0.14205635,0.07580797
-0.38296348,-0.08824914,-0.91953836,0.15577023,-0.98734103,0.02988204,-0.91053519,-0.13179298,0.39186242,-0.54366714,0.03429496,0.12358693
-0.37076358,-0.2416159,-0.89674749,0.24845134,-0.95617788,0.15490545,-0.89487778,-0.16536481,0.4145458,-0.50069493,0.09294093,0.11034263
-0.37076358,-0.2416159,-0.89674749,0.24845134,-0.95617788,0.15490545,-0.89487778,-0.16536481,0.4145458,-0.50069493,0.09294093,0.11034263
-0.30349157,-0.42961532,-0.8504843,0.34995824,-0.88045933,0.31987591,-0.88624043,-0.20055435,0.4175594,-0.3523472,-0.31976557,0.1552439
-0.30349157,-0.42961532,-0.8504843,0.34995824,-0.88045933,0.31987591,-0.88624043,-0.20055435,0.4175594,-0.3523472,-0.31976557,0.1552439
-0.30349157,-0.42961532,-0.8504843,0.34995824,-0.88045933,0.31987591,-0.88624043,-0.20055435,0.4175594,-0.3523472,-0.31976557,0.1552439
-0.252241,-0.4648152,-0.84871745,0.34146204,-0.86341229,0.37137971,-0.90541601,-0.1961276,0.37650473,-0.78002429,-0.63025683,0.03154016
-0.27730059,-0.38419393,-0.88062444,0.27994105,-0.909109,0.30847014,-0.91909596,-0.16098398,0.35964811,-0.79411685,-0.35737038,-0.08021116
-0.32010992,-0.34664712,-0.88168324,0.26279054,-0.92662336,0.26890549,-0.91020366,-0.1456187,0.38771699,0.20867579,1.13822985,0.01790019
-0.34387302,-0.34338627,-0.87397767,0.26529899,-0.92834624,0.26036386,-0.90075942,-0.14233328,0.41033351,0.32751977,1.18008327,-0.55083078
-0.34387302,-0.34338627,-0.87397767,0.26529899,-0.92834624,0.26036386,-0.90075942,-0.14233328,0.41033351,0.32751977,1.18008327,-0.55083078
-0.34387302,-0.34338627,-0.87397767,0.26529899,-0.92834624,0.26036386,-0.90075942,-0.14233328,0.41033351,0.32751977,1.18008327,-0.55083078
-0.42388665,-0.28617941,-0.85931444,0.23646123,-0.95083121,0.20001474,-0.87430318,-0.11841097,0.47071514,-0.38386327,0.27317572,0.08838505
-0.46586873,-0.25134272,-0.84840619,0.21238887,-0.96254254,0.16853098,-0.85898614,-0.10167872,0.50180097,-0.9831537,0.00545883,-0.22887015
-0.49529688,-0.23514436,-0.83629418,0.20258373,-0.96739234,0.15202517,-0.84477255,-0.094122,0.52678301,-0.63933998,-0.0915153,-0.12004876
-0.53434755,-0.18159353,-0.82552797,0.16078773,-0.98065448,0.11164246,-0.82983128,-0.07307889,0.55320838,0.29373842,0.12842631,0.20060225
-0.52279355,-0.166603,-0.83602071,0.14534035,-0.98377721,0.10516155,-0.8399782,-0.06652977,0.53852623,-0.10875647,0.07295489,0.07689111
-0.49685517,-0.13543318,-0.85720052,0.11395887,-0.98937653,0.09026284,-0.8603187,-0.05283804,0.50701071,-0.63336033,-0.10101664,-0.14243779
-0.48962763,-0.11005139,-0.86495868,0.09129303,-0.9930209,0.07466684,-0.86713921,-0.04240575,0.49625735,-0.46771064,-0.09920645,-0.1286324
-0.49489112,-0.10032204,-0.86314431,0.08272378,-0.99424092,0.06812883,-0.86500832,-0.03768621,0.50034019,-0.22891045,-0.02898514,-0.12245154
-0.50825392,-0.08292382,-0.85720564,0.06803569,-0.99610875,0.05602126,-0.85851559,-0.02984755,0.51191804,0.06188295,0.03247476,0.09008847
-0.51544706,-0.05674711,-0.85504023,0.0443838,-0.99823338,0.03949447,-0.85577106,-0.01759262,0.51705541,0.18003573,0.00228262,0.07218426
-0.50509157,-0.03703505,-0.86227085,0.0256375,-0.99928191,0.0279021,-0.86268495,-0.00801335,0.50567825,-0.08063455,-0.02923226,0.05976324
-0.50509157,-0.03703505,-0.86227085,0.0256375,-0.99928191,0.0279021,-0.86268495,-0.00801335,0.50567825,-0.08063455,-0.02923226,0.05976324
-0.50509157,-0.03703505,-0.86227085,0.0256375,-0.99928191,0.0279021,-0.86268495,-0.00801335,0.50567825,-0.08063455,-0.02923226,0.05976324
-0.49410042,0.0389299,-0.86853278,-0.03791358,-0.99901142,-0.02320961,-0.86857774,0.02146131,0.49508798,0.17735457,-0.03937602,0.03904208
-0.48407697,0.05791449,-0.87310672,-0.05324534,-0.99790783,-0.03667189,-0.8734039,0.02873685,0.48614793,0.14762455,-0.01159418,0.10751842
-0.46866632,0.07796034,-0.87992832,-0.06871544,-0.99629713,-0.05167131,-0.8806985,0.03624806,0.47228821,-0.14015765,-0.02186579,-0.04889823
-0.46276541,0.0878758,-0.88211438,-0.07592446,-0.99534701,-0.0593253,-0.88322331,0.03952035,0.46728433,-0.12670107,-0.02590758,-0.07941066
-0.45836844,0.10707859,-0.88228835,-0.08941673,-0.99323494,-0.07408959,-0.88425291,0.04493101,0.46484198,-0.00735193,0.00331664,-0.11192776
-0.43527412,0.18198521,-0.88171301,-0.14178829,-0.98099193,-0.13247989,-0.88906272,0.06735151,0.45280376,0.0359633,0.00934827,-0.01503632
-0.43527412,0.18198521,-0.88171301,-0.14178829,-0.98099193,-0.13247989,-0.88906272,0.06735151,0.45280376,0.0359633,0.00934827,-0.01503632
-0.43527412,0.18198521,-0.88171301,-0.14178829,-0.98099193,-0.13247989,-0.88906272,0.06735151,0.45280376,0.0359633,0.00934827,-0.01503632
-0.40963619,0.24359892,-0.87912309,-0.18348686,-0.96599439,-0.18217282,-0.89360529,0.08668294,0.44040381,0.14035913,-0.0285005,0.03349812
-0.40252269,0.2568335,-0.87864221,-0.19159501,-0.96221291,-0.1934885,-0.89513515,0.09045995,0.43652044,0.16379327,-0.04062814,0.08429158
-0.40252269,0.2568335,-0.87864221,-0.19159501,-0.96221291,-0.1934885,-0.89513515,0.09045995,0.43652044,0.16379327,-0.04062814,0.08429158
-0.36421579,0.32928121,-0.87116053,-0.23169734,-0.93803614,-0.25769057,-0.90203277,0.1079906,0.41794124,0.15665296,-0.02179861,-0.05741936
-0.33610369,0.39433047,-0.85529984,-0.26458542,-0.9110917,-0.31607989,-0.9038965,0.12006425,0.41055536,0.24447484,0.03470302,0.02986987
-0.33610369,0.39433047,-0.85529984,-0.26458542,-0.9110917,-0.31607989,-0.9038965,0.12006425,0.41055536,0.24447484,0.03470302,0.02986987
-0.28680638,0.48490733,-0.82620032,-0.3052881,-0.86373158,-0.40095749,-0.90804255,0.13723196,0.39576018,0.42847052,0.01145577,0.09463152
-0.28680638,0.48490733,-0.82620032,-0.3052881,-0.86373158,-0.40095749,-0.90804255,0.13723196,0.39576018,0.42847052,0.01145577,0.09463152
-0.24542076,0.54429949,-0.80218865,-0.32721376,-0.82544387,-0.45997114,-0.91252382,0.14960068,0.38068343,0.70201147,0.01311207,0.09274325
