0,1,2,3,4,5,6,7,8,9,10,11,12,13,14
0.93499356,-0.0202392,0.35408673,0.0290477,-0.99064633,-0.13332696,0.35347315,0.13494526,-0.92566005,-0.00591026,-0.00872856,-0.00442677,,,
0.93460377,-0.02048565,0.35510015,0.02937756,-0.99048316,-0.13446084,0.3544753,0.13609959,-0.92510747,-0.00908332,-0.00480545,-0.00606131,,,
0.934400527,-0.0206108345,0.355627393,0.0295867168,-0.990384943,-0.135137237,0.354993345,0.136794153,-0.924806398,-0.00699195871,0.000488162012,-0.00657127518,,,
0.93410339,-0.02091893,0.35638917,0.02980909,-0.99022527,-0.13625335,0.3557559,0.13789835,-0.9243492,,,,,,
0.93383698,-0.02116572,0.35707211,0.02997037,-0.99010766,-0.13706973,0.3564411,0.13870236,-0.92396479,,,,,,
0.933664384,-0.0213440711,0.357512578,0.0300634691,-0.990028842,-0.137618755,0.356885136,0.139237799,-0.923712987,0.00170089037,-0.00515532447,-0.000386741944,,,
0.933334071,-0.0216132874,0.358357893,0.0302469871,-0.989903177,-0.138480571,0.357732628,0.140087881,-0.923256627,-0.000831742247,-0.0109204045,-0.00533873495,,,
0.93312848,-0.02165577,0.3588903,0.03054272,-0.98980169,-0.13913778,0.35824344,0.14079491,-0.92295071,0.0033196,-0.01150745,0.00400666,,,
0.93304894,-0.02161106,0.35909977,0.03075158,-0.98974926,-0.13946614,0.35843273,0.14117162,-0.92281992,0.00646124,-0.00721186,0.00825493,,,
0.9328585,-0.02163949,0.35959249,0.03111777,-0.98962283,-0.14027936,0.35889652,0.14205051,-0.92250469,0.00557801,-0.00338656,0.00490393,,,
0.93263607,-0.02171609,0.36016436,0.03153193,-0.98946294,-0.1413107,0.35943802,0.14314813,-0.92212408,-0.00223271,0.00556588,0.00349759,,,
0.932509296,-0.0218336862,0.360485362,0.0316489871,-0.989389882,-0.141794946,0.359756512,0.143634102,-0.921924241,-0.0053854771,0.00694990112,0.000128912507,,,
0.93230281,-0.02197714,0.36101033,0.03187628,-0.9892748,-0.14254376,0.36027123,0.14440161,-0.92160311,,,,,,
0.932128669,-0.0222718672,0.361441695,0.0319164479,-0.989169862,-0.143262097,0.360718,0.145074643,-0.921322738,0.00914912671,-0.0046552415,0.000725617399,,,
0.9319551,-0.022825,0.36185457,0.03187655,-0.98899413,-0.14448154,0.36116976,0.14618499,-0.92097056,0.01349968,0.0088551,0.00656644,,,
0.93192326,-0.0228879,0.36193256,0.03193927,-0.9889484,-0.14477807,0.36124634,0.14648191,-0.92089298,0.00793775,0.00359929,0.00169677,,,
0.93189141,-0.02290637,0.36201338,0.03195764,-0.98893866,-0.14484008,0.36132685,0.14654432,-0.92085139,,,,,,
0.931795398,-0.0228327402,0.36226508,0.0320529574,-0.988945013,-0.144775538,0.361565942,0.146512847,-0.920762541,-0.000279176718,-0.0126720062,0.00146914693,,,
0.93181114,-0.02281825,0.36222553,0.03212305,-0.98892019,-0.14493194,0.36151918,0.14668498,-0.92075387,-0.00253983,-0.01289052,0.00520928,,,
0.93189101,-0.02298474,0.36200946,0.03220485,-0.98880688,-0.1456837,0.36130596,0.1474198,-0.92072002,0.00839909,0.005548,-0.00225859,,,
0.93198693,-0.02322103,0.36174737,0.03227189,-0.98866837,-0.14660751,0.36105249,0.14831056,-0.92067662,0.00973719,0.01659679,-0.00777536,,,
0.93211461,-0.02333497,0.36141091,0.03221686,-0.98862333,-0.14692223,0.36072766,0.14859188,-0.92075847,0.00866645,0.01578462,-0.01502053,,,
0.93240091,-0.02337088,0.36066928,0.0320842,-0.988615,-0.14700486,0.35999879,0.14863925,-0.92103567,0.0022975,0.00160861,-0.01802308,,,
0.93268623,-0.02321904,0.35994064,0.03193319,-0.98869141,-0.14652445,0.35927241,0.14815539,-0.9213974,0.01383768,-0.01389819,-0.01768249,,,
0.93286085,-0.02328115,0.35948382,0.03174192,-0.98871575,-0.14640224,0.35883572,0.14798363,-0.92159523,0.01993676,-0.01493019,-0.01700872,,,
0.93339889,-0.02357004,0.35806558,0.03135493,-0.98866668,-0.14681547,0.35746801,0.14826452,-0.92208133,0.04631398,-0.01646161,-0.02435681,,,
0.93401351,-0.02413595,0.35642142,0.0309908,-0.98847946,-0.14814969,0.35589091,0.1494196,-0.9225052,0.04527025,0.0038681,-0.03144955,,,
0.93431122,-0.02424302,0.35563299,0.03101359,-0.98837266,-0.14885424,0.35510661,0.15010564,-0.9226958,0.03192761,0.00794625,-0.02094495,,,
0.93499675,-0.02403225,0.35384111,0.03131158,-0.98821197,-0.14985589,0.35327138,0.15119409,-0.9232225,0.01823398,0.00113571,-0.00833074,,,
0.93563017,-0.0231869,0.35221947,0.03190661,-0.98819985,-0.14981021,0.35153685,0.15140508,-0.92384978,0.0100308,-0.01253021,-0.0062615,,,
0.9358295,-0.02273645,0.35171891,0.03221863,-0.98822039,-0.14960745,0.35097735,0.15133896,-0.92407326,0.00399126,-0.01683187,-0.01271467,,,
0.93610439,-0.0221787,0.35102232,0.03284668,-0.9881358,-0.15002889,0.35018518,0.15197262,-0.92426976,0.00109769,-0.0121451,-0.02449973,,,
0.93636263,-0.02172297,0.35036142,0.03366112,-0.98792761,-0.15121454,0.34941657,0.15338521,-0.92432728,0.00407985,-0.00810808,-0.01768354,,,
0.93651377,-0.021407,0.3499767,0.03419192,-0.98780182,-0.15191605,0.34895969,0.15423785,-0.92435806,0.01306875,-0.00811154,-0.01379138,,,
0.93687689,-0.02089257,0.34903463,0.03520177,-0.98750583,-0.15359869,0.34788289,0.1561897,-0.92443593,0.02722757,-0.00501066,-0.03302291,,,
0.93720982,-0.02073352,0.34814922,0.03605858,-0.98712152,-0.15585547,0.34689701,0.15862304,-0.92439236,0.02758821,0.00720692,-0.03724103,,,
0.93739181,-0.02076368,0.34765712,0.03642725,-0.98690099,-0.15716144,0.34636637,0.15998604,-0.92435654,0.0247146,0.00582886,-0.03719927,,,
0.93783134,-0.02079588,0.34646776,0.0370523,-0.98650109,-0.1595068,0.34510796,0.1624279,-0.9244011,0.02408915,0.00844407,-0.03196306,,,
0.9383594,-0.02065545,0.34504345,0.03767472,-0.9861545,-0.16149239,0.34360187,0.16453731,-0.92458915,0.02459737,0.01355004,-0.03060961,,,
0.93865973,-0.02047944,0.34423614,0.03800746,-0.98600953,-0.16229847,0.34274387,0.16542658,-0.92474907,0.02598126,0.01019478,-0.02909126,,,
0.93919696,-0.02000806,0.34279548,0.03872298,-0.98576142,-0.16363017,0.3411885,0.16695502,-0.92504936,0.0191857,0.00837731,-0.02250274,,,
0.93968515,-0.01937282,0.34149159,0.03952888,-0.98555415,-0.16468241,0.33974885,0.1682484,-0.92534481,0.01639247,0.00173151,-0.00900202,,,
0.9402216,-0.01793493,0.34009069,0.04105726,-0.98535943,-0.16547137,0.33807934,0.16954295,-0.92571985,0.03520416,0.00155759,-0.00400488,,,
0.94068625,-0.01692148,0.33885549,0.04190991,-0.98531082,-0.16554844,0.33667929,0.16993054,-0.92615916,0.055244,-0.00195694,-0.00997343,,,
0.94097965,-0.01660262,0.33805567,0.04210116,-0.9852972,-0.16557878,0.33583445,0.1700388,-0.92644561,0.06712191,0.00252533,-0.01452472,,,
0.94165587,-0.01617634,0.33618826,0.04218773,-0.98529411,-0.16557619,0.33392277,0.17009881,-0.92712553,0.07902109,0.01042175,-0.02186358,,,
0.94242881,-0.01550984,0.33404695,0.04228976,-0.98537609,-0.16506096,0.33172201,0.16968497,-0.9279909,0.07235829,0.01892006,-0.02591151,,,
0.94281906,-0.01502232,0.33296628,0.04239888,-0.98546252,-0.16451638,0.33059726,0.16922657,-0.9284759,0.06148557,0.01976394,-0.02600612,,,
0.94354731,-0.01366537,0.3309558,0.04282942,-0.98572803,-0.16280702,0.32845719,0.16779077,-0.92949575,0.03502136,0.02605724,-0.03096741,,,
0.94412038,-0.01196985,0.3293834,0.04359976,-0.98602274,-0.16080337,0.3267044,0.16617878,-0.93040226,0.0150527,0.02677798,-0.02490231,,,
0.94430768,-0.010859,0.3288846,0.04418832,-0.98621843,-0.15943804,0.32608341,0.16509143,-0.9308138,-0.00191615,0.02181697,-0.02470822,,,
0.94434147,-0.00819247,0.32886481,0.04568311,-0.98673783,-0.15576088,0.32577943,0.16211502,-0.93144319,-0.04251916,0.00360918,-0.02827462,,,
0.94404313,-0.00499992,0.32978411,0.0476683,-0.9873187,-0.15142463,0.32635915,0.15867163,-0.9318331,-0.0582048,0.02059126,-0.0141082,,,
0.943764,-0.00323011,0.33060409,0.04886797,-0.98760584,-0.1491509,0.32698841,0.1569192,-0.93190897,-0.06399515,0.01672625,-0.01291249,,,
0.942857539,0.000518160136,0.333195744,0.0514790002,-0.988218219,-0.144135433,0.329195359,0.153051763,-0.931775682,-0.0634436235,-0.0104110828,-0.0170021374,,,
0.94155729,0.00357236,0.33683394,0.05350519,-0.98883514,-0.13907665,0.3325764,0.14897099,-0.93123608,-0.06295608,-0.02603751,-0.01388546,,,
0.94077835,0.00463661,0.33899054,0.05421448,-0.98909591,-0.13692934,0.33465934,0.14719836,-0.93077137,-0.05190577,-0.01521403,-0.00735966,,,
0.93888689,0.0063269,0.34416764,0.05521714,-0.98965185,-0.132439,0.33976825,0.1433492,-0.9295205,-0.04088352,-0.00248289,-0.00799428,,,
0.93686788,0.00753156,0.34960241,0.05610564,-0.99005301,-0.12902347,0.3451532,0.14049261,-0.92797142,-0.01962489,0.05026483,-0.0237495,,,
0.93577167,0.00814458,0.35251249,0.0568319,-0.99014604,-0.12798797,0.34799644,0.13980147,-0.92701348,-0.00298025,0.0742216,-0.03761634,,,
0.93342628,0.01015963,0.35862538,0.05918328,-0.99026481,-0.12598801,0.3538541,0.13882514,-0.92494048,0.00470034,0.08690798,-0.06624129,,,
0.92959019,0.0163586,0.36823154,0.06544306,-0.9904673,-0.12120787,0.36273858,0.13677184,-0.92179922,-0.03229757,0.00653458,-0.01618245,,,
0.92683938,0.02311074,0.3747461,0.0709913,-0.99088664,-0.11447056,0.36868548,0.13269954,-0.92003341,-0.06172781,-0.0150916,0.0259022,,,
0.92393449,0.03020265,0.38135661,0.0763546,-0.99137966,-0.10647348,0.37485336,0.12749285,-0.91827598,-0.0700312,-0.02246529,0.03787374,,,
0.92255115,0.0334516,0.38442214,0.07873781,-0.9915942,-0.10267165,0.3777562,0.12498841,-0.91743028,-0.07570159,-0.0350517,0.04281262,,,
0.92000645,0.03923919,0.38993386,0.08302639,-0.99190521,-0.09607591,0.3830075,0.12076525,-0.91581707,-0.05584279,-0.05707043,0.06533144,,,
0.9162355,0.0455831736,0.398038533,0.0888074522,-0.991898467,-0.0908320437,0.390673439,0.118572332,-0.912860705,0.0355258882,-0.0306291562,5.15691936e-05,,,
0.91363096,0.04740664,0.40377107,0.09152675,-0.99166609,-0.09067047,0.39610771,0.1197952,-0.91035581,0.01824667,0.01792025,-0.00176417,,,
0.91138511,0.04860885,0.40867389,0.093276,-0.99155705,-0.09007645,0.40084505,0.1202138,-0.90822435,-0.02971751,0.02406144,0.03889422,,,
0.9103804,0.0493373,0.41082037,0.09394509,-0.99158251,-0.0890992,0.40296633,0.11970872,-0.90735228,-0.04161821,0.02573025,0.06790033,,,
0.90859907,0.0519794,0.41442232,0.09529381,-0.99185433,-0.08452215,0.40665318,0.11628863,-0.90615124,-0.02624722,0.02345764,0.09151756,,,
0.90687994,0.05513863,0.41776608,0.0963835,-0.99226238,-0.07826453,0.41021821,0.11124229,-0.9051773,-0.00667441,0.00591505,0.0151122,,,
0.90573851,0.05618219,0.42009679,0.09673362,-0.99241684,-0.07583779,0.41265041,0.10932669,-0.90430485,0.00468644,-0.00589645,-0.0269885,,,
0.90326709,0.0573329,0.42523111,0.09742654,-0.99255251,-0.07312796,0.41787155,0.10748287,-0.90212577,0.02816875,-0.02169585,-0.02743208,,,
0.90115989,0.0589711,0.42945693,0.09856856,-0.99262759,-0.07053019,0.4221316,0.10588993,-0.90032885,0.01617335,-0.04511773,0.03653534,,,
0.90032057,0.06031514,0.43102778,0.09963086,-0.99261472,-0.0692067,0.42367034,0.10525188,-0.8996807,0.02191794,-0.02842557,0.0828577,,,
0.89916516,0.06419266,0.43287565,0.10227084,-0.99261518,-0.06523762,0.42549113,0.10292995,-0.89909004,0.03745807,0.01955616,0.08513078,,,
0.89884114,0.06844995,0.43289627,0.10482011,-0.99263769,-0.06068569,0.42555531,0.09992303,-0.89939851,0.06182837,0.0641266,0.06422868,,,
0.89895164,0.07096495,0.43226138,0.10610181,-0.99268045,-0.05768468,0.42500392,0.09771946,-0.89990121,0.06378131,0.07242095,0.06999907,,,
0.89943507,0.07722287,0.43017805,0.10880436,-0.99284148,-0.04926418,0.42329439,0.09111519,-0.90139861,0.09588603,0.03457939,0.05443057,,,
0.90097307,0.08338215,0.42578745,0.11074066,-0.99304974,-0.03985965,0.41950451,0.08306445,-0.90394487,0.1050802,-0.02069056,0.00157741,,,
0.90220596,0.08584625,0.4226758,0.11121332,-0.99315605,-0.03567416,0.41672054,0.07919261,-0.90557855,0.08399824,-0.01924634,-0.01136507,,,
0.90550175,0.0906168,0.41455416,0.11185979,-0.9933515,-0.02719759,0.40933354,0.07099941,-0.90961787,0.02186663,-0.01460767,0.02839511,,,
0.91056406,0.1019885,0.40058888,0.11496882,-0.99333342,-0.00843235,0.39705827,0.05373342,-0.91621922,-0.0465725,0.05125618,0.0547278,,,
0.91266771,0.11115542,0.39329649,0.11893801,-0.99289104,0.00461314,0.39101331,0.04256764,-0.9194002,-0.08024356,0.08573114,0.05866317,,,
0.91420842,0.12483227,0.38553841,0.1253786,-0.99182262,0.02383498,0.38536109,0.02654813,-0.92238388,-0.06126741,-0.00437438,0.02182907,,,
0.91458787,0.13460759,0.3813264,0.12938793,-0.99080993,0.0394253,0.38312895,0.01328113,-0.92359933,-0.08336164,-0.01949251,0.0058924,,,
0.91488057,0.14504588,0.37676946,0.13330075,-0.98942255,0.05721646,0.38108325,-0.00212257,-0.92453819,-0.07523797,0.00193262,0.02903267,,,
0.91506218,0.15082639,0.37404892,0.13544695,-0.9885005,0.06723613,0.37988856,-0.01086145,-0.92496839,-0.04159476,0.01832449,0.03605218,,,
0.9142791,0.16997701,0.36769764,0.1426037,-0.98465462,0.10059638,0.37915422,-0.03953813,-0.9244885,0.01761893,-0.03317117,-0.02552644,,,
0.91371584,0.17345272,0.36747454,0.14428485,-0.98388085,0.10564388,0.37987533,-0.04350748,-0.92401412,0.028405,-0.06710093,-0.02959934,,,
0.9125313,0.17957995,0.36747473,0.14754003,-0.98249292,0.11375239,0.38146896,-0.04958538,-0.92305077,0.02219469,-0.06556826,-0.02196398,,,
0.91157559,0.18599779,0.36665348,0.15101425,-0.98095314,0.12217044,0.38239331,-0.05599769,-0.92230125,-0.00507329,-0.06061989,-0.01447286,,,
0.91122184,0.18885822,0.36607012,0.15281949,-0.98027441,0.12533234,0.38251923,-0.05826291,-0.92210866,-0.0224258,-0.0656656,-0.0146031,,,
0.91029186,0.19359735,0.36590816,0.15639752,-0.979231,0.12901923,0.38328649,-0.06021802,-0.92166413,-0.00974615,-0.07207053,0.03103593,,,
0.909004628,0.196959581,0.367311192,0.160001472,-0.97867501,0.12882084,0.384850772,-0.0583284091,-0.921133939,-0.0516424626,-0.0562308989,2.25584954e-05,,,
0.90794175,0.19779721,0.36948344,0.16169904,-0.97868832,0.12657822,0.38664605,-0.05518052,-0.92057559,-0.06648736,-0.06209737,-0.01683068,,,
0.90490241,0.1976594,0.37693817,0.16448738,-0.97922227,0.11860688,0.39255002,-0.04532608,-0.91861307,-0.06300125,-0.05482971,-0.01415418,,,
0.90077385,0.1954709,0.38781129,0.16680074,-0.9802079,0.10663017,0.40097879,-0.03136246,-0.91555033,-0.04189531,-0.08764958,-0.03592337,,,
0.89859552,0.19319395,0.3939571,0.16740777,-0.98088714,0.0991722,0.40558691,-0.02316421,-0.91376296,-0.0500462,-0.10643279,-0.06192854,,,
0.894115,0.18783005,0.40654427,0.16831672,-0.9821813,0.08360376,0.41500344,-0.00632318,-0.90979798,-0.08300465,-0.0472657,-0.04151859,,,
0.88962828,0.18394889,0.41800036,0.1710795,-0.98287801,0.06842624,0.42343039,0.01063738,-0.90586594,-0.08030616,0.00170231,-0.00131783,,,
0.88728307,0.1826984,0.42349738,0.17288212,-0.98299806,0.06185826,0.42759854,0.01832934,-0.90378282,-0.10848187,0.01705265,-0.00561164,,,
0.8818782,0.1787927,0.43626136,0.175462,-0.98330039,0.04829874,0.43761158,0.0339537,-0.89852247,-0.01485945,-0.07998925,-0.03050168,,,
0.87592342,0.17235547,0.45061267,0.17640523,-0.98375188,0.0333713,0.44904274,0.05025972,-0.89209573,0.02886232,-0.05260026,0.02415273,,,
0.87336879,0.1696125,0.45657258,0.17664819,-0.98388682,0.02759808,0.45389683,0.05654943,-0.88925776,0.01761052,-0.04540223,0.01828296,,,
0.86595303,0.16231715,0.4730523,0.17805107,-0.98395177,0.01168664,0.46735762,0.07410739,-0.88095675,-0.00160458,-0.03285181,0.05954976,,,
0.86483582,0.16111437,0.47550097,0.1782271,-0.98394617,0.00923378,0.469355,0.07676145,-0.87966685,0.00210115,-0.04289853,0.06118304,,,
0.86310219,0.159428,0.47920487,0.17899002,-0.98383841,0.00493469,0.47224693,0.08151375,-0.87768909,0.00732148,-0.0694375,0.02461269,,,
0.861926749,0.157918038,0.481813422,0.179462882,-0.983763769,0.00139096329,0.474210243,0.0852687165,-0.876272735,0.000242389127,-0.0476083718,-0.00117450231,,,
0.861474403,0.157030027,0.482911398,0.179387915,-0.98377838,-0.00011461082,0.475059811,0.0867272048,-0.875669178,0.0025458117,-0.0231015068,0.00265467213,,,
0.861080656,0.155654859,0.484057491,0.17913693,-0.983821358,-0.00230293682,0.475867681,0.0886955912,-0.875033063,-0.00271858904,-0.00701582385,0.000756670954,,,
0.86154182,0.15532478,0.48334242,0.17867683,-0.983905,-0.00230214,0.4752055,0.08834549,-0.87542823,-0.03514758,-0.01056015,-0.00449346,,,
0.86168541,0.15527805,0.4831014,0.17857031,-0.98392445,-0.0022553,0.47498514,0.08821093,-0.87556137,-0.06584851,-0.02644652,-0.02683136,,,
0.86057465,0.15365289,0.48559453,0.17808955,-0.984005,-0.00425071,0.47717436,0.09013737,-0.87417372,-0.09066095,0.01089978,-0.02074484,,,
0.85806365,0.15192775,0.49055551,0.17906925,-0.98379926,-0.00853395,0.4813117,0.09516609,-0.87136795,-0.06686392,0.04356825,0.00721982,,,
0.85649127,0.1512863,0.4934928,0.17980818,-0.98364531,-0.01052105,0.48383025,0.09774524,-0.86968612,-0.0431811,0.01519036,-0.00401011,,,
0.85330379,0.14866288,0.49977193,0.1800454,-0.98354626,-0.01483996,0.4893427,0.10264463,-0.8660298,-0.01727775,-0.01782161,-0.02998304,,,
0.849990264,0.144279791,0.506655576,0.179369432,-0.983561076,-0.0208312366,0.495321246,0.108584877,-0.861896704,0.0184683222,-0.00351375318,0.000109359622,,,
0.84808567,0.14200079,0.51047669,0.17922138,-0.9835118,-0.02416488,0.49862849,0.11198223,-0.85955182,0.05712929,0.01793372,0.03632351,,,
0.8445937,0.13706196,0.51756692,0.17957334,-0.98320223,-0.03266614,0.50439559,0.12053083,-0.85501911,0.04774287,0.0281887,0.03437822,,,
0.84139266,0.12920772,0.52475111,0.17870897,-0.98289367,-0.04452957,0.51002105,0.13124459,-0.85009009,0.02126911,-0.08236121,-0.03623167,,,
0.83985981,0.12385079,0.52848506,0.17784087,-0.98266658,-0.05233327,0.51284316,0.13793886,-0.84732788,-0.02639314,-0.10133045,-0.04054029,,,
0.83615862,0.11329503,0.53665912,0.17729535,-0.98173704,-0.06898442,0.51904251,0.15282908,-0.84097458,-0.07463244,-0.04447025,0.0259855,,,
0.83209565,0.10607471,0.54439412,0.17959116,-0.98018993,-0.08351235,0.5247512,0.16725864,-0.83466182,-0.04067902,0.05853331,0.1179987,,,
0.83026376,0.10426229,0.54753214,0.18168888,-0.97931797,-0.08902444,0.5269262,0.17339427,-0.83203551,-0.03347314,0.11695456,0.12115154,,,
0.82673686,0.10154293,0.55334905,0.18598271,-0.97760583,-0.09847269,0.53095816,0.18432436,-0.82710797,-0.01238491,0.03316033,-0.03246124,,,
0.82244193,0.0924359,0.5612886,0.18684636,-0.97586034,-0.11307153,0.53728737,0.1978695,-0.81985979,-0.02388776,0.05149102,0.0365185,,,
0.82001538,0.0873563,0.56563561,0.18672555,-0.97504135,-0.12011587,0.54102526,0.20411548,-0.81586055,-0.02619825,0.0932964,0.11768511,,,
0.81656598,0.08156795,0.57146011,0.18626065,-0.97424581,-0.12709,0.5463762,0.2102179,-0.81072886,0.03316109,0.13416027,0.18272118,,,
0.81637381,0.07786664,0.57225045,0.18354225,-0.97447848,-0.12924362,0.54758199,0.21054324,-0.80983053,0.10097961,-0.05310082,-0.02555266,,,
0.8155936,0.06966477,0.57441611,0.17885111,-0.97446424,-0.13576217,0.55029022,0.21346172,-0.80722639,0.1205494,-0.11602377,0.09993969,,,
0.81553502,0.06512544,0.57503155,0.17518668,-0.9748077,-0.13805515,0.55155438,0.21332668,-0.80639889,0.09088676,-0.04679089,0.18782455,,,
0.81651298,0.06497008,0.57365966,0.17419094,-0.9750643,-0.13750162,0.55042168,0.21219818,-0.80746982,0.07258333,-0.01443314,0.19126593,,,
0.81971826,0.06471999,0.56909866,0.17277331,-0.9752533,-0.13794978,0.5460873,0.21140501,-0.81061481,0.00244056,-0.00422895,0.00603423,,,
0.82269589,0.0587588,0.56543689,0.16951062,-0.97475255,-0.14533964,0.54262107,0.21541788,-0.81188515,0.03360092,-0.02269697,0.01604297,,,
0.82390924,0.05510253,0.56403657,0.16706219,-0.97465039,-0.14881724,0.54153834,0.21684109,-0.81222899,0.00800234,-0.04643106,0.05716483,,,
0.82594733,0.0505119,0.56147978,0.16329997,-0.97471405,-0.15252999,0.53957772,0.21767137,-0.81331104,-0.04832138,-0.04638093,0.06846765,,,
0.82924346,0.04849417,0.55677967,0.16146467,-0.97453482,-0.15559882,0.53505555,0.21892955,-0.81595671,-0.07642774,0.07153618,0.04226331,,,
0.83142265,0.04782743,0.55357827,0.16084566,-0.97434878,-0.1573944,0.53185057,0.21990193,-0.81778847,-0.05260331,0.13813184,0.03728449,,,
0.83605291,0.04563709,0.54674745,0.15793978,-0.97437005,-0.16018107,0.52542416,0.22027303,-0.82183283,0.00259054,0.12812696,0.07152732,,,
0.84076326,0.04159498,0.53980269,0.15107054,-0.97546637,-0.16013263,0.51989882,0.21618193,-0.82642002,0.03996554,-0.01602709,0.15750805,,,
0.84327454,0.03999628,0.53599284,0.14633297,-0.97664135,-0.15734695,0.51717955,0.2111201,-0.82942955,0.03392069,-0.08315938,0.15342399,,,
0.85022254,0.03745543,0.52508926,0.13488162,-0.97966791,-0.14851859,0.50885026,0.19709875,-0.83798779,-0.00727609,-0.17239283,0.07419984,,,
0.85921382,0.0331087,0.51054424,0.12191758,-0.98240629,-0.14147074,0.49687796,0.18379793,-0.8481336,0.00624374,-0.1351019,0.05705167,,,
0.864006541,0.0299604611,0.50258837,0.115085605,-0.983552205,-0.139213405,0.490150999,0.178121979,-0.853243557,0.000143282115,-0.103721611,0.0443230309,,,
0.87290112,0.02112368,0.48743962,0.10074847,-0.98533382,-0.13771872,0.47738176,0.16932363,-0.86222714,-0.01773527,-0.02705866,0.07368286,,,
0.87968533,0.00992138,0.4754527,0.08657832,-0.98641498,-0.13960393,0.4676087,0.16397143,-0.86859373,-0.14717351,-0.08944868,0.00459742,,,
0.8822853,0.00356701,0.47070154,0.07989315,-0.98659762,-0.14227562,0.46388549,0.16313352,-0.87074556,-0.19418254,-0.05060476,0.00375233,,,
0.88657578,-0.00758097,0.46252124,0.06807225,-0.98684209,-0.14665795,0.45754731,0.16150825,-0.87439422,-0.20486049,0.05420684,0.02314435,,,
0.88962246,-0.01416191,0.45647703,0.05957114,-0.98738082,-0.14673031,0.45279479,0.15772744,-0.87755248,-0.07202764,0.19629644,-0.05559758,,,
0.88915032,-0.02451543,0.45695813,0.05426953,-0.98586842,-0.15848883,0.45438591,0.16571929,-0.8752548,0.06571858,0.35804173,-0.29077792,,,
0.88611681,-0.03013709,0.46248109,0.05192899,-0.98514379,-0.16369213,0.46054357,0.16906652,-0.87138749,-0.05058976,0.13308476,-0.2037517,,,
0.88407621,-0.03073049,0.46633132,0.05126036,-0.98543893,-0.16211882,0.46452302,0.1672297,-0.86962786,-0.10514614,0.04721903,-0.16489199,,,
0.88047475,-0.0261304,0.47337238,0.05331983,-0.98668713,-0.15364076,0.47108513,0.16051694,-0.86735983,-0.11293066,-0.03343504,-0.0836736,,,
0.87924085,-0.01537924,0.47612918,0.05900495,-0.98826635,-0.14088267,0.47270914,0.15196378,-0.86801669,0.01744713,-0.12423723,0.02780703,,,
0.87972894,-0.00977646,0.475375,0.06159548,-0.98902056,-0.13432857,0.47146895,0.14745368,-0.86946781,0.12988123,-0.14749698,0.07716022,,,
0.88288537,-0.0037218,0.4695738,0.06220261,-0.99022994,-0.12480085,0.46545058,0.13939356,-0.87402801,0.34170112,-0.11038774,0.10408982,,,
0.88820337,-0.00696599,0.45939767,0.05541413,-0.99096148,-0.12216439,0.4560965,0.13396395,-0.87978928,0.35392153,-0.05712485,0.04277548,,,
0.89100029,-0.01086498,0.45387267,0.0505573,-0.9911209,-0.12297518,0.45117891,0.1325175,-0.88253969,0.31897199,-0.05092543,0.0201024,,,
0.8966147,-0.01972451,0.44237204,0.04110818,-0.99098553,-0.12750558,0.4408993,0.13250848,-0.88772134,0.20596316,-0.04186481,-0.01129689,,,
0.90215927,-0.0256483,0.43064,0.03547249,-0.99044047,-0.13330149,0.42994226,0.13553504,-0.89262523,0.05201808,0.02458858,-0.05339348,,,
0.90481901,-0.02692833,0.42494402,0.034406,-0.99011097,-0.136002,0.42440403,0.13767782,-0.89494474,-0.01780541,0.06733309,-0.06161625,,,
0.90985071,-0.02608431,0.41411508,0.03483295,-0.98969786,-0.1388705,0.41347111,0.14077627,-0.89956871,-0.10901459,0.10867953,-0.03731743,,,
0.91366049,-0.02236697,0.40586231,0.03626213,-0.99001863,-0.13619149,0.40485745,0.13915022,-0.90372984,-0.13532206,0.04480564,-0.03328137,,,
0.91498969,-0.02032979,0.40296471,0.03684281,-0.99034741,-0.13362049,0.40179157,0.13710772,-0.90540866,-0.12813357,-0.00204658,-0.03090709,,,
0.91686446,-0.01725445,0.39882559,0.03757172,-0.99090089,-0.12924351,0.39742664,0.13348334,-0.90787354,-0.10344177,-0.07685076,-0.04379719,,,
0.91837813,-0.01573598,0.39539092,0.03783385,-0.99113937,-0.12732294,0.3938911,0.13188976,-0.90964536,-0.06579293,-0.07586937,-0.01613284,,,
0.91919186,-0.01521958,0.39351581,0.03791304,-0.99119148,-0.12689419,0.39198077,0.13155949,-0.91051812,-0.02895425,-0.05499285,-0.00541676,,,
0.92082851,-0.01469558,0.38969075,0.03782088,-0.99121339,-0.12674924,0.38812939,0.13145276,-0.91218175,0.05079453,0.0016669,0.01186017,,,
0.92226892,-0.01499429,0.38625795,0.0372835,-0.9911378,-0.12749722,0.38474663,0.13198777,-0.91353654,0.10908945,0.04648471,-0.01976337,,,
0.92291971,-0.01540388,0.3846842,0.0366835,-0.99113461,-0.1276976,0.38324083,0.13196619,-0.9141726,0.11569046,0.04631912,-0.04030126,,,
0.92411493,-0.01641084,0.38176205,0.03499457,-0.99124374,-0.1273205,0.38050881,0.13101838,-0.91544882,0.10966222,0.04196047,-0.06218075,,,
0.92533248,-0.01726067,0.37876361,0.03314721,-0.99145581,-0.1261615,0.377705,0.1292963,-0.91685412,0.04826141,0.03310322,-0.05643126,,,
0.92586716,-0.01719152,0.37745786,0.03257381,-0.99161368,-0.12506395,0.37644247,0.12808785,-0.91754254,0.01043226,0.02141142,-0.04931831,,,
0.926739835,-0.0158669982,0.375368508,0.0325223959,-0.991969458,-0.122224898,0.374293431,0.125478565,-0.918781581,-0.0152483992,0.000639080943,-0.0253565349,,,
0.92746188,-0.01303221,0.37369055,0.03366763,-0.99242254,-0.1181697,0.37239892,0.12217917,-0.91999532,-0.00707866,-0.03640622,-0.02013987,,,
0.9277618,-0.01153367,0.37299465,0.03428664,-0.9926599,-0.11597713,0.37159449,0.12038789,-0.92055649,0.00892155,-0.05893415,-0.02707545,,,
0.92841041,-0.00913316,0.37144409,0.03536089,-0.99298856,-0.11279906,0.36986989,0.11785841,-0.92157797,0.02795861,-0.05634909,-0.03039778,,,
0.929345597,-0.00833706485,0.369116859,0.0357561685,-0.993013414,-0.112453968,0.367475521,0.117706804,-0.922554545,0.00967124943,-0.000467300386,-0.0289513767,,,
0.929912491,-0.00840091752,0.367684883,0.0357389313,-0.992943409,-0.113074304,0.366040267,0.118289873,-0.923050227,-3.0587893e-05,0.029747365,-0.0233425722,,,
0.93115091,-0.00824757,0.36454075,0.0355097,-0.99294109,-0.11316771,0.36290087,0.11832095,-0.92428512,-0.01467015,0.04318034,-0.01220426,,,
0.9322019,-0.00751346,0.36186069,0.03495456,-0.99324222,-0.11067075,0.36024685,0.11581616,-0.92563966,0.0029477,0.01103508,-0.02927884,,,
0.93264705,-0.00722149,0.36071779,0.03449768,-0.99343371,-0.10908313,0.359137,0.11417998,-0.92627388,0.00428659,0.00232434,-0.03524436,,,
0.93353527,-0.0067973,0.3584211,0.03340461,-0.99382046,-0.10585223,0.35692579,0.11078971,-0.92753938,0.00807456,-0.00949037,-0.05216387,,,
0.93445105,-0.00672584,0.35602806,0.03232413,-0.99409138,-0.10361937,0.35462145,0.10833553,-0.92871231,-0.0072644,-0.01803309,-0.02628776,,,
0.93479414,-0.00654066,0.35512974,0.03214176,-0.99417067,-0.1029158,0.35373269,0.10761958,-0.9291347,-0.01095239,-0.01483208,-0.0098149,,,
0.93514847,-0.00518786,0.35421806,0.03350399,-0.99411585,-0.10301152,0.35266816,0.10819879,-0.92947211,-0.01093863,-0.02007794,-0.01295118,,,
0.93506767,-0.00521695,0.35443086,0.03395537,-0.99397505,-0.10421238,0.35283917,0.10948046,-0.92925677,-0.00981573,-0.01391065,-0.01207334,,,
0.934800031,-0.00553988407,0.355131267,0.034697856,-0.993671242,-0.10683481,0.353475552,0.112191477,-0.928691691,0.000535986619,0.0111571541,-0.00992431771,,,
0.93452198,-0.00608455,0.35585339,0.03489987,-0.9934684,-0.10863886,0.35419014,0.11394465,-0.92820571,-0.00837164,0.01683605,0.00111375,,,
0.93441335,-0.00620897,0.3561364,0.03493844,-0.99342856,-0.10898947,0.35447284,0.11428406,-0.92805596,-0.0049763,0.00992012,-0.00581746,,,
0.934129361,-0.00604502657,0.356883416,0.0351115225,-0.993450646,-0.108730563,0.355203457,0.114099133,-0.927799146,-0.007304525,-0.000373721094,-0.00777392043,,,
0.93374272,-0.00539347,0.35790425,0.03581295,-0.9934617,-0.1084041,0.35614881,0.11403915,-0.92744448,-0.01249908,-0.00253189,-0.00900206,,,
0.93350097,-0.00507326,0.35853897,0.03625328,-0.99344085,-0.10844695,0.35673748,0.11423355,-0.92719406,-0.00926467,0.00653946,-0.0095925,,,
0.93306808,-0.00468179051,0.359669321,0.0367901724,-0.993428938,-0.108373873,0.357813391,0.114352499,-0.926764571,-0.00756474212,-0.000588297786,-0.00769769633,,,
0.93281545,-0.00462479,0.36032478,0.03673157,-0.99348922,-0.10784285,0.35847752,0.11383277,-0.92657222,-0.00427508,0.00182843,-0.00221552,,,
0.93267383,-0.00457211,0.36069185,0.0365936,-0.99356181,-0.10721773,0.35885989,0.11319818,-0.92650179,,,,,,
0.932310149,-0.00445882847,0.361632286,0.0363936751,-0.993691752,-0.106077074,0.359823973,0.112057861,-0.926266637,-0.00322806579,-0.00571149541,-0.000599554507,,,
0.93187761,-0.00412403,0.36274939,0.03647975,-0.99380163,-0.10501224,0.36093401,0.11109156,-0.92595104,0.00467312,-0.00144267,0.00422498,,,
0.93165176,-0.00386276,0.3633319,0.03655596,-0.99387348,-0.10430276,0.36150886,0.11045579,-0.92580277,0.0051699,-0.0014503,-0.00113422,,,
0.93053495,-0.00295052,0.3661912,0.03707556,-0.9940702,-0.10222289,0.36432143,0.10869871,-0.92490766,0.00834587,-0.01151544,0.00299764,,,
0.93022552,-0.00275634,0.36697803,0.03730211,-0.99408256,-0.10202082,0.36508769,0.10859143,-0.92461815,0.00858953,-0.01081389,0.00313054,,,
0.92957371,-0.00256173,0.36862739,0.03777867,-0.99404867,-0.10217508,0.36669536,0.10890552,-0.92394471,0.01066505,-0.00137138,-0.01012553,,,
0.92905192,-0.00256048,0.3699405,0.03811074,-0.99399356,-0.10258937,0.36798112,0.10940955,-0.92337405,0.01487028,0.00414371,-0.00967508,,,
0.92890491,-0.00255731,0.3703095,0.03819074,-0.99398268,-0.1026641,0.36834377,0.10950758,-0.92321772,0.01643222,0.00435495,-0.00974753,,,
0.928745382,-0.00273608653,0.370708141,0.0380295777,-0.99399407,-0.102612927,0.368762475,0.109399156,-0.923063345,0.0114042442,-0.00061786169,-0.00292132515,,,
0.928570124,-0.00288067425,0.371145821,0.0377498915,-0.994051158,-0.102161887,0.369232263,0.108875191,-0.922937455,0.00570900785,0.000427246065,0.00482497644,,,
0.9281443,-0.00264836,0.37221114,0.03768403,-0.99416805,-0.10104247,0.37030806,0.10780841,-0.9226316,-0.00516612,-0.00341338,-0.00309046,,,
0.92787791,-0.00236128,0.37287666,0.03790259,-0.99420328,-0.10061389,0.37095279,0.1074904,-0.92240976,-0.00316601,-0.00711971,0.00331464,,,
0.92776091,-0.00220896,0.37316859,0.03800329,-0.99422419,-0.10036795,0.371235,0.10729909,-0.92231839,-0.00139425,-0.00697601,-0.00125296,,,
0.92752657,-0.00190414,0.37375236,0.03820443,-0.99426609,-0.09987586,0.37179951,0.10691651,-0.92213546,0.00590334,-0.00638509,0.00455778,,,
0.92734513,-0.00180843,0.37420281,0.03819203,-0.99430908,-0.0994523,0.37225312,0.10651817,-0.92199861,0.00912446,-0.00730485,0.00248254,,,
0.92726373,-0.00180799,0.37440448,0.03810649,-0.99433986,-0.09917756,0.3724646,0.106231,-0.92194639,0.00982966,-0.00293928,0.00488897,,,
0.92708675,-0.00195049,0.37484177,0.03782475,-0.99439554,-0.09872535,0.37293356,0.10570526,-0.92181715,-0.00223013,-0.00632536,0.00301401,,,
0.9268388,-0.00182591,0.37545508,0.03778305,-0.99445855,-0.09810651,0.3735536,0.10511476,-0.92163379,-0.01147521,-0.01000565,-0.00187175,,,
0.92668953,-0.00179054,0.3758235,0.03783097,-0.99446495,-0.0980199,0.37391888,0.10505178,-0.9214925,-0.010977,-0.00598884,-0.00301451,,,
0.92638731,-0.00159754,0.3765687,0.03814259,-0.99444972,-0.09805243,0.3746354,0.10519783,-0.92118464,,,,,,
0.9261507,-0.00140148,0.37715104,0.03845168,-0.99443145,-0.09811911,0.37518841,0.10537518,-0.92093949,0.00227631,0.00963855,0.00101912,,,
0.925761769,-0.00099047824,0.378106018,0.0387986125,-0.994469052,-0.0976003263,0.376111432,0.10502464,-0.920602994,0.0,0.0,0.0,0.0,0.0,0.0
0.925539818,-0.000592841018,0.37864983,0.0389915284,-0.994533508,-0.0968647271,0.376637367,0.104416297,-0.920457247,-0.00220211479,-0.0114946952,0.00186415587,,,
0.925469868,-0.000347053786,0.378821063,0.0390838305,-0.994575531,-0.0963939988,0.376799645,0.10401552,-0.920436115,-0.00380110694,-0.011664032,0.00620183768,,,
0.925368278,-0.000171493219,0.379069284,0.0390769395,-0.994629155,-0.0958429879,0.37704979,0.103502928,-0.920391569,-0.000627821311,-0.011337637,0.0112547521,,,
0.925238417,-0.000346647104,0.379386031,0.0389125533,-0.994639082,-0.0958079039,0.377385338,0.103408032,-0.920264811,0.0,0.0,0.0,0.0,0.0,0.0
0.925173437,-0.000465999219,0.379544313,0.0388619876,-0.994627034,-0.0959507765,0.377549796,0.103520956,-0.920184392,0.0,0.0,0.0,0.0,0.0,0.0
0.925060865,-0.000794115452,0.379818079,0.0387655919,-0.994578425,-0.0964944692,0.377835458,0.103987129,-0.9200148,0.0,0.0,0.0,0.0,0.0,0.0
0.92493064,-0.00106477,0.38013441,0.03869627,-0.99453749,-0.09694024,0.37816121,0.10437278,-0.91983698,0.00171177,-0.00767875,-0.00582393,,,
0.924847929,-0.00119035885,0.380335242,0.0387360921,-0.994500505,-0.0973057563,0.378359391,0.104725728,-0.919715628,-2.04955577e-05,-0.00495964242,-0.00258680433,,,
0.92469993,-0.00146737,0.38069394,0.03875731,-0.99443376,-0.09797392,0.37871876,0.10535115,-0.91949594,-0.00597826,0.00372851,-0.00335686,,,
0.92463463,-0.00168251,0.38085163,0.03880208,-0.99437061,-0.09859689,0.37887358,0.10594393,-0.91936421,-0.0079824,0.00780725,0.00616033,,,
0.92458524,-0.00175899,0.38097118,0.03879341,-0.99435682,-0.09873942,0.37899499,0.10607218,-0.9192994,-0.00936524,0.0019021,0.00932351,,,
0.92440015,-0.00175688,0.38142005,0.03887397,-0.99434796,-0.09879409,0.37943794,0.10615258,-0.91910708,-0.00435357,-0.00547302,0.00303091,,,
0.92418776,-0.00217492,0.38193224,0.03869768,-0.99430447,-0.09930151,0.37997296,0.10655313,-0.91883985,0.00151061,-0.00626725,-0.00996019,,,
0.92419256,-0.00250884,0.38191859,0.03852397,-0.99426594,-0.09975429,0.37997896,0.1069052,-0.91879652,0.00539037,-0.00883752,-0.01445501,,,
0.92447182,-0.00329642,0.38123612,0.03812932,-0.99414963,-0.10105708,0.3793389,0.1079607,-0.91893762,0.01265677,-0.00100684,-0.01047491,,,
0.924866548,-0.00392365698,0.380271582,0.0376603199,-0.994086531,-0.101851484,0.378422477,0.10852018,-0.919249614,0.00646171067,-0.000241518006,0.006014999,,,
0.92505398,-0.00412633,0.37981324,0.03744176,-0.99408029,-0.10199104,0.37798576,0.10856809,-0.91942342,0.00607497,-0.0025984,0.00760897,,,
0.92530781,-0.00434147,0.37919207,0.03723608,-0.99406227,-0.1022451,0.37738435,0.10872781,-0.91965194,-0.00399254,-0.0065515,0.00641489,,,
0.92553948,-0.00429243,0.37862678,0.03735784,-0.99402208,-0.10258897,0.37680374,0.10909482,-0.91984633,-0.00560279,-0.01150054,-0.00169622,,,
0.92560457,-0.00425175,0.3784681,0.03748661,-0.99399057,-0.10284613,0.37663103,0.10938233,-0.91988282,-0.003916,-0.01113725,0.00163724,,,
0.92576784,-0.00423154,0.37806878,0.03780524,-0.99389023,-0.10369691,0.37619765,0.11029225,-0.91995164,,,,,,
0.92591803,-0.00443927,0.37769841,0.03792876,-0.99378423,-0.10466182,0.37581539,0.1112339,-0.91999435,,,,,,
0.92597001,-0.00467382,0.37756813,0.03790947,-0.99372044,-0.10527239,0.37568924,0.11179248,-0.91997813,,,,,,
0.926058017,-0.00520157023,0.377345305,0.0378448238,-0.993584247,-0.106572673,0.375478767,0.112973045,-0.919919791,-0.00916119758,0.000397086114,0.000182085205,,,
0.926010407,-0.00553586174,0.377457372,0.0379240221,-0.993469563,-0.107608831,0.375588181,0.1139616,-0.9197532,-0.0120397182,-0.000649213733,0.00489436509,,,
0.92594262,-0.00554942,0.37762345,0.03810568,-0.99341656,-0.10803501,0.3757369,0.11442381,-0.91963527,-0.0112042,-0.0041815,0.00375326,,,
0.92574192,-0.00566532,0.37811346,0.03838814,-0.9933143,-0.10886932,0.37620239,0.11529997,-0.91933518,-0.00813398,0.00438952,0.00839468,,,
0.92530781,-0.0058115,0.37917237,0.03869886,-0.99321543,-0.10966102,0.37723714,0.11614374,-0.9188051,,,,,,
0.92495816,-0.00601712,0.3800213,0.03881639,-0.99315063,-0.11020287,0.37808158,0.1166841,-0.9183892,0.00650762,-0.00355715,0.00622234,,,
0.924590219,-0.00618182859,0.380912986,0.0389774079,-0.993086163,-0.110726644,0.378963956,0.117223773,-0.917956791,0.00952587649,-0.0084558716,-0.000750295352,,,
0.92442267,-0.00628711,0.38131772,0.03908085,-0.99303869,-0.1111162,0.37936185,0.11762056,-0.91774177,0.01176313,-0.00540829,-0.00185409,,,
0.92418924,-0.00657655,0.38187824,0.03919842,-0.99293857,-0.11196467,0.37991805,0.11844556,-0.91740534,0.01874435,0.00220621,0.003466,,,
0.9239919,-0.00701771,0.38234765,0.03913006,-0.99284864,-0.11278579,0.3804048,0.11917444,-0.91710951,0.01304346,0.00245213,0.00375776,,,
0.923893811,-0.00725684356,0.382580143,0.0390300572,-0.992818368,-0.113085734,0.380653231,0.119411334,-0.916975512,0.00856298208,0.00039446351,0.00184620987,,,
0.923695963,-0.00763470307,0.383050197,0.0388988162,-0.992765744,-0.113588627,0.38114646,0.119821556,-0.916716702,-7.85350567e-05,-0.00560510112,0.00558971893,,,
0.92351124,-0.00778418,0.38349237,0.03896195,-0.99271916,-0.113977,0.38158742,0.12020065,-0.91648403,-0.00504193,-0.0069859,-0.00185543,,,
0.92340862,-0.00776972,0.38373968,0.03911534,-0.99268458,-0.1142241,0.38181999,0.12048562,-0.91634958,-0.00399851,-0.00375199,0.00202472,,,
0.923185579,-0.00773160521,0.384276738,0.0394971372,-0.992596343,-0.114858764,0.382319716,0.121213785,-0.916045255,-0.00322563201,-0.000414013834,-0.00699397456,,,
0.923015083,-0.00786540115,0.384683355,0.0397974749,-0.992476788,-0.115783268,0.382700025,0.122179129,-0.915758013,0.000876141014,0.00279843784,-0.0113432454,,,
0.92291492,-0.00808444,0.38491908,0.03984612,-0.99240499,-0.11638191,0.38293647,0.12274813,-0.91558324,-0.00122088,0.00374091,-0.01592364,,,
0.92271439,-0.00852276,0.38539007,0.03994369,-0.99225997,-0.11757805,0.38340924,0.12388486,-0.91523212,-0.00516097,0.00123835,-0.01106859,,,
0.92247686,-0.00876263,0.38595292,0.04018057,-0.99213333,-0.11856197,0.38395568,0.12487848,-0.91486795,-0.0114554,-0.0054059,-0.00412571,,,
0.92232326,-0.00884278,0.38631799,0.0403434,-0.99207092,-0.11902713,0.38430742,0.12536688,-0.91465333,-0.00999707,-0.00615883,-0.00587751,,,
0.92187934,-0.0090289,0.38737184,0.04069373,-0.99194362,-0.11996449,0.38533425,0.12635639,-0.91408489,-0.00939498,-0.00245261,0.00489797,,,
0.921350744,-0.00936482202,0.388619497,0.0409397669,-0.991812686,-0.120961598,0.386570497,0.12735805,-0.913423969,0.000224661315,0.0102422228,0.00807348266,,,
0.92106182,-0.00962454,0.38929745,0.0409434,-0.99176022,-0.12138954,0.38725802,0.12774643,-0.91307841,-0.00399228,0.01122808,0.00564293,,,
0.920619803,-0.0100542233,0.390330746,0.0408624792,-0.991698294,-0.121921125,0.388316155,0.128192884,-0.912566248,0.00030827662,0.00953149702,0.000843977847,,,
0.92023582,-0.00977444,0.39124221,0.04125482,-0.99169538,-0.12181054,0.38918382,0.12823505,-0.91219035,-0.00764761,-0.02184069,0.00790784,,,
0.920004,-0.00929233,0.39179878,0.04169941,-0.9917227,-0.12143741,0.38968422,0.12806068,-0.91200135,-0.01059298,-0.02802324,0.01076064,,,
0.91949803,-0.00804069,0.39301234,0.04297535,-0.99174158,-0.12083598,0.39073837,0.12799829,-0.91155887,0.00439916,-0.03023261,0.00847703,,,
0.9190318,-0.00745407,0.39411293,0.04407081,-0.99160984,-0.12152356,0.39171204,0.12905289,-0.91099248,0.02263281,-0.00964671,0.00683148,,,
0.91882186,-0.00757976513,0.394599724,0.044362121,-0.991496105,-0.122342192,0.392171388,0.129915961,-0.910672046,0.0234764162,0.000415682764,-0.00212098239,,,
0.91848049,-0.00843253,0.39537638,0.04453398,-0.99120781,-0.12459518,0.39295078,0.13204592,-0.91002951,0.01227816,0.01730227,-0.00738673,,,
0.91824603,-0.00946427,0.39589729,0.04454846,-0.99090004,-0.12701426,0.39349672,0.13426695,-0.90946841,0.00408864,0.00905514,-0.00729169,,,
0.918279337,-0.00934454102,0.395822855,0.0445978693,-0.990917827,-0.126857184,0.393413374,0.134143187,-0.909522612,-0.00574237294,-0.00499808742,-0.000854455284,,,
0.91825641,-0.00896826,0.39588471,0.04481225,-0.9909674,-0.12639131,0.39344249,0.13380011,-0.90956026,-0.0103872,-0.01319057,-0.00320765,,,
