0,1,2,3,4,5,6,7,8,9,10,11
0.925586994,-0.072581064,0.371511376,-0.0281142645,-0.991915846,-0.123743485,0.377489472,0.10409059,-0.920144966,-0.0053422926,-0.00214314461,0.000797077431
0.92553866,-0.07226333,0.37169369,-0.0277542,-0.99192676,-0.12373723,0.3776346,0.10420753,-0.92007217,,,
0.92552876,-0.07215344,0.37173969,-0.02760997,-0.99192457,-0.12378809,0.37766944,0.10430572,-0.92004688,0.00377743,0.00152069,-0.00308222
0.92550887,-0.07190273,0.37183773,-0.0273529,-0.99193847,-0.12373072,0.37773684,0.10434304,-0.92001458,-0.003187,0.01394767,-0.00562026
0.92540415,-0.07169805,0.37213781,-0.02713231,-0.99195555,-0.12364485,0.37800925,0.1043245,-0.91990512,0.00583808,0.00207764,-0.00934883
0.92534672,-0.07151752,0.37231531,-0.02697352,-0.99197685,-0.12350786,0.37816118,0.10424493,-0.91985159,0.00351123,0.00352222,-0.009749
0.92532662,-0.07123583,0.37241924,-0.02674799,-0.99200993,-0.12329123,0.37822636,0.10412319,-0.91983861,,,
0.92533954,-0.07095259,0.37244123,-0.02652477,-0.99204122,-0.12308912,0.3782105,0.10402032,-0.91985698,0.0071194,-0.00423282,0.00526726
0.92537691,-0.07085143,0.37236759,-0.02645796,-0.99205251,-0.12300952,0.37812369,0.10397808,-0.91989705,0.00563013,-0.00103515,0.00487712
0.92530491,-0.07062957,0.37258862,-0.02625565,-0.99207683,-0.12285796,0.37831397,0.10389851,-0.91982798,-0.00123052,0.0094896,-0.00612407
0.925166582,-0.0704107306,0.372973324,-0.0260487085,-0.992104377,-0.122677444,0.378666392,0.103781596,-0.919695902,0.00833329372,-0.000981986523,-0.00337260077
0.925137707,-0.0703126652,0.373063449,-0.0259772678,-0.992119752,-0.12256908,0.378741851,0.103702106,-0.919673909,0.00519787939,0.000387489796,-0.00324799679
0.925183537,-0.0700277774,0.3730034,-0.0257564445,-0.992148966,-0.122381047,0.378644994,0.103617688,-0.91972356,-0.00012306287,-0.00249457359,0.0108236615
0.92521063,-0.06981675,0.37297573,-0.02554542,-0.99215785,-0.12235207,0.37859306,0.10367362,-0.91973848,-0.00215136,-0.00103784,0.01052398
0.92499537,-0.06953765,0.37356133,-0.02514246,-0.99215823,-0.12243155,0.37914563,0.10385637,-0.9194901,0.0065321,0.00453502,-0.01101398
0.92498502,-0.0693967,0.37361315,-0.02502979,-0.99217436,-0.12232294,0.37917832,0.10379543,-0.91948338,0.00924035,0.00513774,-0.01552887
0.92503687,-0.06933682,0.37349587,-0.02500657,-0.99218296,-0.12225791,0.37905334,0.10375322,-0.91953968,0.00789426,-0.0034551,-0.00802122
0.92532262,-0.06885747,0.37287625,-0.02464783,-0.99221633,-0.12206276,0.37837882,0.10375684,-0.91981741,0.0011173,0.00360292,0.01294943
0.92532674,-0.06877333,0.37288155,-0.02456296,-0.99222007,-0.12204818,0.37837426,0.10377537,-0.91981703,0.0023262,-0.0014534,0.01425507
0.925221091,-0.0685994845,0.373175628,-0.0243112395,-0.992217582,-0.122120354,0.378648784,0.103915966,-0.919688378,-0.00379769783,0.0193788409,-0.000196579378
0.92500124,-0.06842007,0.37375311,-0.02397749,-0.99220426,-0.12229326,0.37920677,0.10415976,-0.91943071,0.00561637,0.00127107,-0.00907811
0.92497213,-0.06835304,0.37383742,-0.02387458,-0.99220055,-0.12234358,0.37928427,0.10423919,-0.91938975,0.00256636,-0.00141138,-0.0117571
0.92498429,-0.06811626,0.37385053,-0.0236042,-0.99220242,-0.12237943,0.37927152,0.1043746,-0.91937946,0.00144929,0.00321966,0.01419909
0.92507732,-0.06794872,0.3736508,-0.02335046,-0.99217924,-0.12261803,0.37906029,0.10470624,-0.91942916,-0.01252065,-0.01250774,0.03170735
0.92501096,-0.06799849,0.373806,-0.02329853,-0.99215454,-0.1228274,0.37922539,0.10490756,-0.91933809,-0.00740081,-0.02262986,0.02908524
0.92408419,-0.06781458,0.37612441,-0.02252861,-0.99208589,-0.12352181,0.38152438,0.105671,-0.91829864,-0.0271138,0.01281995,-0.02723042
0.92315198,-0.0671915477,0.37851778,-0.021438643,-0.992073056,-0.123819291,0.383836943,0.106189115,-0.917274693,0.000396282412,0.00116354227,-0.0295900553
0.92253143,-0.06686349,0.38008555,-0.02090748,-0.9920893,-0.12377938,0.3853552,0.10624374,-0.91663149,0.03615054,0.00441033,-0.04418801
0.921448,-0.06615622,0.38282756,-0.02007119,-0.99218516,-0.12314857,0.3879829,0.1057912,-0.91557485,0.04395527,0.03468937,-0.06021632
0.92094771,-0.06460119,0.38429415,-0.01883143,-0.99238889,-0.12169517,0.38923089,0.10483808,-0.91515482,0.04940668,0.00323862,-0.04638036
0.92091228,-0.06370325,0.38452887,-0.01821042,-0.99250823,-0.12081227,0.38934424,0.10425507,-0.91517308,0.03572844,0.01074129,-0.04893899
0.921001862,-0.0615942644,0.38465791,-0.01686341,-0.992799071,-0.11859759,0.389192994,0.102741956,-0.915408473,0.0218002908,-0.000545501709,-0.0239100717
0.920999052,-0.0591354892,0.385050313,-0.0151883121,-0.993110716,-0.116191738,0.389268628,0.101164217,-0.9155522,0.0143592078,-0.00184762478,-0.000371505972
0.92096954,-0.05793545,0.38530325,-0.01436287,-0.99325952,-0.11501894,0.38936977,0.10039488,-0.91559388,0.01058172,0.00238329,0.01641142
0.92076072,-0.05536092,0.38617982,-0.01246094,-0.99354859,-0.11272006,0.38992872,0.09897604,-0.91551036,-0.00999292,-0.00805932,0.03465678
0.9203458,-0.0527028,0.38753842,-0.01030081,-0.99380195,-0.11068797,0.39096995,0.09787925,-0.91518435,-0.01433528,-0.00509042,0.0172453
0.92003755,-0.05150498,0.38843034,-0.00929911,-0.99391384,-0.10976484,0.39171982,0.09737571,-0.91491698,-0.01095574,0.00267631,0.02647677
0.9193273,-0.04923325,0.39040158,-0.00725508,-0.99409389,-0.10827999,0.39342683,0.09671236,-0.91425483,0.01037115,-0.00689948,0.01330577
0.9187659,-0.04692949,0.39200363,-0.0051618,-0.99425301,-0.10693089,0.39476902,0.09622101,-0.913728,0.02828013,-0.00504065,0.00455538
0.918658435,-0.0456720908,0.392403806,-0.00405449897,-0.994332456,-0.106238879,0.395031958,0.0960062419,-0.913637083,0.0259678774,-0.00563681126,-0.000116107054
0.91870254,-0.04305666,0.39259619,-0.00169009,-0.99445921,-0.10510904,0.39494656,0.09590042,-0.91368497,0.01198038,-0.01131779,-0.0040515
0.918688899,-0.040432442,0.392906993,0.000750989684,-0.994566041,-0.104102663,0.394981169,0.0959330289,-0.913666398,0.0187836979,-0.00760340691,0.00834609568
0.91855979,-0.03605738,0.39363405,0.00498829,-0.99469406,-0.10275563,0.39525057,0.09635075,-0.91350611,0.02103102,-0.0080989,0.00647485
0.91860541,-0.03298776,0.39379678,0.00816614,-0.99471227,-0.1023746,0.39509165,0.09725766,-0.91347867,0.01432933,-0.01933706,0.01057439
0.9186597,-0.03145073,0.3937959,0.00983725,-0.99469563,-0.10239056,0.39492732,0.09793595,-0.9134774,0.00675192,-0.03837299,0.01745136
0.91872535,-0.02854178,0.3938643,0.01334518,-0.99457082,-0.10320148,0.39467154,0.10007,-0.91335652,0.0040356,-0.03778774,0.04846716
0.91834501,-0.02581803,0.39493779,0.01712361,-0.99434374,-0.10482,0.39541018,0.10302369,-0.91270852,-0.00708965,0.00104362,0.06024096
0.91782717,-0.02442927,0.39622783,0.01911222,-0.99422804,-0.10557052,0.39651986,0.10446829,-0.9120626,-0.00708961,0.0269559,0.0458273
0.91624835,-0.02164058,0.40002583,0.02324337,-0.99398628,-0.10701093,0.3999359,0.10734654,-0.9102353,0.03325381,-0.03006142,0.00123632
0.91474811,-0.01875544,0.40358905,0.02760883,-0.99368518,-0.1087545,0.40308019,0.11062559,-0.90845383,0.03057401,-0.00608772,0.00197143
0.91421987,-0.01721469,0.40485264,0.0298601,-0.99351877,-0.109674,0.40411679,0.11235509,-0.90778056,0.02206986,0.00192577,0.00148996
0.91274675,-0.01381794,0.40829209,0.03488361,-0.99314136,-0.11159431,0.40703379,0.11610005,-0.90600453,0.09186578,-0.0526517,0.01849949
0.91172974,-0.01028432,0.41066181,0.04018628,-0.99265879,-0.11407892,0.4088202,0.12051211,-0.90462327,0.02615064,-0.00896031,0.01497221
0.91205792,-0.00863533,0.40997049,0.0425811,-0.99237909,-0.1156326,0.4078446,0.12292062,-0.90473952,-0.07953161,0.03237563,0.05953
0.91086599,-0.00535457,0.41266748,0.04778928,-0.99182067,-0.11835289,0.40992597,0.12752471,-0.9031598,-0.1521982,0.04126841,0.06693393
0.90591964,-0.00214977,0.42344421,0.05377337,-0.99130736,-0.1200759,0.42002148,0.13154914,-0.8979292,0.05905327,-0.04044777,-0.00297156
0.904304012,-0.000712512935,0.426888448,0.0564288622,-0.991024006,-0.121190827,0.423143047,0.133682181,-0.896146779,0.00892140809,0.00030618906,0.00455964915
0.90112079,0.00200439,0.4335635,0.06163402,-0.99042597,-0.12352171,0.42916497,0.13803024,-0.89261697,-0.09171247,0.01489645,0.01863415
0.89411102,0.00447776,0.447823,0.06774876,-0.98979435,-0.12536841,0.4426913,0.14243273,-0.8852894,-0.07168311,-0.00270313,-0.02604414
0.89001684,0.00547466,0.45589481,0.07060323,-0.98952098,-0.12595181,0.45042784,0.14428688,-0.88107689,0.01002337,-0.00176895,-0.04062255
0.88362011,0.00751507,0.46814424,0.07586034,-0.98895772,-0.12731043,0.46201809,0.14800763,-0.87443303,0.15544719,0.00342768,-0.01563657
0.88097797,0.01192008,0.4730071,0.08257128,-0.98821575,-0.12888573,0.46589676,0.15260229,-0.87158056,0.04838056,0.05280644,-0.10970557
0.88167801,0.01653834,0.47156162,0.0870696,-0.98792577,-0.12814589,0.4637486,0.1540421,-0.87247239,-0.06065262,0.02779895,-0.15250668
0.8810014,0.02092937,0.47265049,0.09092959,-0.98788662,-0.12574461,0.46429337,0.15375909,-0.87223259,0.03915171,0.01255232,-0.07552561
0.88143786,0.02299323,0.47173996,0.09238927,-0.98791186,-0.12447559,0.46317546,0.15330121,-0.87290724,0.00673691,0.00741452,-0.02016572
0.88202983,0.02710567,0.4704133,0.09523571,-0.98799515,-0.12163872,0.4614689,0.15208912,-0.87402264,-0.18649173,0.0391286,-0.03299509
0.87777354,0.03341833,0.47790879,0.10048419,-0.98821674,-0.11545677,0.46841917,0.14936718,-0.87078849,-0.0771596,-0.00340694,0.03610777
0.87417993,0.0364985,0.48422858,0.10304117,-0.98840571,-0.11152006,0.47454397,0.14738408,-0.86780528,-0.05461596,-0.02838373,0.0281479
0.86982318,0.0387708,0.49183781,0.10552731,-0.9884564,-0.10870829,0.48194563,0.14645931,-0.86387364,-0.03242762,-0.00932211,0.05000471
0.86765842,0.03943239,0.49559456,0.10644904,-0.98846645,-0.10771672,0.48563101,0.14621689,-0.86184879,-0.00852883,-0.00338256,0.03946977
0.86308523,0.04008913,0.50346473,0.10810772,-0.98840457,-0.10662491,0.4933524,0.14645481,-0.85741131,0.05176809,-0.02449173,0.06291398
0.86061415,0.04028608,0.50766159,0.10954977,-0.98817293,-0.10729678,0.497335,0.14795534,-0.8548489,0.08669123,-0.01812518,0.03646365
0.8605872,0.04032305,0.50770436,0.11017015,-0.98799743,-0.10827551,0.49724461,0.14911438,-0.85470034,0.02488593,-0.01527774,0.05689589
0.86097655,0.04044901,0.50703376,0.11154068,-0.98758396,-0.1106181,0.49626408,0.15179449,-0.85479833,-0.106415,0.00988632,-0.00953187
0.85848772,0.04006118,0.51126698,0.11297543,-0.9872258,-0.11234557,0.50023532,0.1542079,-0.85204714,-0.00486094,0.01479596,-0.02248738
0.85662553,0.03973399,0.51440639,0.11363483,-0.98707699,-0.1129885,0.50326916,0.15524332,-0.85007053,0.05879738,0.02571326,-0.01471356
0.85466353,0.03966737,0.51766468,0.11501876,-0.9867674,-0.1142822,0.50628145,0.15721398,-0.84791658,0.10291345,-0.02623117,-0.03271367
0.85424481,0.04008245,0.51832346,0.11631785,-0.98648332,-0.11541685,0.5066912,0.15888451,-0.84736058,0.10385571,0.02174312,-0.01482585
0.85465748,0.04025606,0.51762926,0.11673782,-0.98636103,-0.11603643,0.5058981,0.15959831,-0.84770026,0.09265359,0.0197137,0.00225666
0.85665819,0.04059927,0.51428439,0.11738209,-0.98608935,-0.11768159,0.50235264,0.16118068,-0.84950713,0.06169901,0.00529748,0.00748979
0.85937058,0.04167052,0.50965262,0.1183279,-0.98582802,-0.11891935,0.49747435,0.16250191,-0.8521224,-0.08447162,-0.00619465,-0.03388399
0.86041468,0.04239906,0.5078276,0.11905192,-0.98568064,-0.11941468,0.49549288,0.163204,-0.85314175,-0.02747952,0.00768965,0.00228535
0.86140572,0.04333794,0.50606524,0.12014332,-0.98546385,-0.12011134,0.49350358,0.16426495,-0.85409097,0.03043251,-0.01711243,0.01573167
0.86332781,0.04421288,0.50270298,0.12133546,-0.98511808,-0.12173661,0.48983954,0.1660943,-0.8558444,-0.03381602,-0.00504798,0.03987049
0.86499164,0.04432872,0.49982439,0.12178181,-0.98485495,-0.12340912,0.48678398,0.16761738,-0.85728972,-0.07161281,-0.01315153,0.04740866
0.86646992,0.04303982,0.49737055,0.12162003,-0.98445917,-0.12668456,0.48418845,0.17025859,-0.85823879,-0.02796224,0.00695688,0.02948263
0.86594154,0.04180581,0.49839497,0.12181641,-0.98412081,-0.12910231,0.48508353,0.17250773,-0.85728375,0.00461866,-0.00736696,0.02880283
0.86398987,0.04003654,0.50191491,0.12206867,-0.98375096,-0.131656,0.48848822,0.17501753,-0.85483807,0.03709627,-0.00150675,0.00428563
0.863295663,0.0390797919,0.503183233,0.122071829,-0.983563495,-0.133046211,0.489713248,0.176282715,-0.85387664,0.0255569033,-0.000735342503,-0.0112474244
0.86454119,0.03596385,0.50127349,0.12105654,-0.98296932,-0.13826183,0.48776411,0.18021548,-0.8541711,0.02242224,0.00253779,0.00474689
0.86519679,0.03547772,0.5001758,0.120735,-0.98288649,-0.13912898,0.48668014,0.18076267,-0.85467362,-0.03131716,0.02648896,-0.02773168
0.86537148,0.03473531,0.49992563,0.12048093,-0.98275554,-0.14026974,0.48643244,0.18161694,-0.85463354,0.04716173,-0.02454776,-0.02954035
0.866120079,0.0340697084,0.498673469,0.120173101,-0.982603749,-0.141590233,0.485174608,0.182561286,-0.855147067,0.0356597044,0.0275312066,0.000397548079
0.86675783,0.03377473,0.49758426,0.11999183,-0.98251948,-0.14232665,0.48407932,0.18306879,-0.85565911,-0.04472803,0.03018159,-0.01422381
0.86656309,0.03355617,0.49793812,0.12011544,-0.98243131,-0.14283092,0.48439722,0.18358206,-0.85536931,0.03006624,-0.00180835,-0.04947422
0.8666581,0.03341644,0.49778212,0.12009094,-0.98239,-0.14313448,0.48423328,0.18382778,-0.85540923,0.06533036,-0.04264796,-0.02325533
0.86763205,0.03347679,0.49607851,0.11990378,-0.98237179,-0.14341618,0.48253256,0.18391417,-0.85635121,-0.02209097,-0.00751376,0.05448195
0.86876777,0.03304601,0.49411587,0.11938039,-0.98232066,-0.14420108,0.48061508,0.18426501,-0.85735354,-0.14462116,0.02627403,0.06200113
0.86653171,0.03225747,0.49807858,0.11949358,-0.98229689,-0.14427155,0.48460716,0.18453307,-0.85504597,0.06619346,-0.03856689,-0.0109872
0.86557389,0.03182239,0.49976909,0.11955488,-0.98225278,-0.14451861,0.48630077,0.18484138,-0.85401685,0.18559545,-0.05413663,0.00442325
0.86814746,0.03175878,0.49528917,0.11921712,-0.98207603,-0.14599249,0.48177511,0.18578996,-0.856373,0.14018239,-0.04507875,-0.05257452
0.87126648,0.03256198,0.48972892,0.11944848,-0.98186383,-0.14722432,0.47605331,0.18676899,-0.85935448,-0.17002936,0.07735306,-0.06886236
0.86960583,0.03297662,0.49264414,0.12029745,-0.98185034,-0.14662361,0.47886766,0.18676858,-0.85778978,-0.1039581,0.08109313,-0.0949145
0.86393562,0.0337459,0.50247038,0.1222908,-0.98194602,-0.14431645,0.48852863,0.18612762,-0.85246497,0.0989929,-0.00354552,-0.06218689
0.86173809,0.03508098,0.50613909,0.12320131,-0.98221578,-0.14168073,0.49216754,0.18444869,-0.85073477,0.03563142,-0.00264031,-0.07193758
0.86159846,0.03595421,0.50631552,0.12349208,-0.98236506,-0.14038762,0.49233912,0.18348371,-0.85084428,-0.0234565,0.01659995,-0.03551668
0.85389298,0.03945535,0.5189509,0.12591503,-0.98316129,-0.13243445,0.50498729,0.17842857,-0.84448252,0.18708295,-0.07383901,0.03241324
0.85260618,0.04032908,0.52099544,0.12640109,-0.98332617,-0.13073762,0.50703595,0.1773221,-0.84348761,0.13488111,-0.00971699,0.03700935
0.85306305,0.042656,0.52006145,0.12725886,-0.98356654,-0.12807105,0.50605201,0.17543511,-0.84447263,-0.07903218,0.02314383,-0.0047795
0.852755058,0.0446142448,0.520402106,0.127954004,-0.983829484,-0.125327313,0.506395651,0.173461037,-0.844674112,-0.0547929145,5.41806221e-05,0.0389617458
0.85206871,0.04524681,0.52147064,0.12812604,-0.98397834,-0.12397689,0.50750628,0.1724508,-0.84421444,0.01645937,-0.02899283,0.05413954
0.85066813,0.04622095,0.52366719,0.12826117,-0.9842723,-0.12147729,0.50981641,0.17050303,-0.8432174,0.03935372,-0.02634251,0.01944633
0.85101995,0.04715212,0.52301216,0.12826813,-0.98445793,-0.11995793,0.50922719,0.16917238,-0.84384146,-0.02560072,0.02128762,-0.045685
0.85094187,0.0477253,0.52308722,0.12836011,-0.98456429,-0.11898277,0.50933449,0.16839095,-0.84393301,-0.00987926,0.01034719,-0.03770603
0.84968376,0.04869486,0.52503933,0.12834096,-0.98488075,-0.11635432,0.51143532,0.16624843,-0.84308671,0.03329289,0.04288238,-0.02403504
0.848205455,0.0498179948,0.527319305,0.128243126,-0.985260901,-0.11320045,0.513907757,0.16364232,-0.842092463,-8.5725449e-05,-0.0224224925,-0.0223606396
0.84798574,0.05052374,0.52760546,0.1281989,-0.98544026,-0.11167948,0.51428125,0.16234105,-0.84211636,-0.00517763,-0.05153996,-0.02225835
0.84767029,0.05215177,0.52795383,0.12823135,-0.98579029,-0.10850794,0.51479295,0.15967919,-0.84231262,-0.00444588,0.02463061,0.03637042
0.84672302,0.05379715,0.5293071,0.12813582,-0.98621031,-0.1047412,0.51637327,0.15650998,-0.84194034,0.01216107,0.06755847,-0.04184966
0.84605796,0.05450435,0.53029726,0.12798722,-0.98643259,-0.10280975,0.51749897,0.15485428,-0.841555,-0.00279905,0.04005557,-0.04644182
0.84678756,0.05674703,0.52889561,0.12771201,-0.98689923,-0.09858528,0.51637238,0.15102711,-0.84294124,0.06411176,-0.06345558,-0.00614799
0.85168793,0.05933507,0.52067939,0.12721552,-0.98725878,-0.09558445,0.50837377,0.14764662,-0.84838473,0.03467026,-0.0133763,0.13785772
0.85458445,0.06080356,0.51574056,0.12731157,-0.98734564,-0.09455208,0.50346515,0.14646249,-0.85151122,-0.01025289,-0.02296841,0.17805818
0.85697774,0.06384028,0.51138396,0.12880688,-0.98733691,-0.09259725,0.49899691,0.14522356,-0.85434879,-0.0475359,-0.0017404,0.10970715
0.85433206,0.06472422,0.51568155,0.13002768,-0.98727886,-0.09150206,0.50319925,0.14522603,-0.85187988,-0.19918208,-0.01374656,0.05027569
0.85223783,0.06446039,0.51916811,0.13026375,-0.98727097,-0.09125332,0.50667743,0.14539832,-0.8497865,-0.13495308,-0.09821749,0.0140058
0.85029951,0.06318,0.52249307,0.13002629,-0.98721155,-0.09222946,0.5099842,0.1463605,-0.84764055,-0.00438614,-0.00262541,0.05399981
0.84875289,0.06133449,0.5252205,0.12929748,-0.98717218,-0.09366331,0.51273839,0.14740669,-0.84579561,0.12816183,0.02420098,-0.005234
0.84779223,0.06034562,0.52688397,0.12890766,-0.98715695,-0.09435912,0.5144231,0.14791631,-0.84468298,0.03316905,0.05744797,-0.01338835
0.84543098,0.05813229,0.53091154,0.12793068,-0.98716177,-0.09562904,0.51853656,0.14876764,-0.84201401,-0.06060253,-0.04859382,-0.04471717
0.84424162,0.05508551,0.53312443,0.12627355,-0.98714617,-0.09796575,0.52087528,0.15002628,-0.84034572,-0.00838496,0.08178669,0.00134792
0.84193645,0.05314259,0.53695329,0.12504304,-0.98726379,-0.09835588,0.52488781,0.14995168,-0.83785843,0.02903727,0.0460481,-0.06250213
0.83519705,0.05125406,0.54755721,0.1243804,-0.98745347,-0.09728871,0.53570084,0.14936063,-0.83109322,0.16813922,0.04917699,-0.03676104
0.83345314,0.05034714,0.55029175,0.123721,-0.9875617,-0.09702986,0.53856194,0.14895249,-0.82931537,0.17324072,-0.0360108,0.01079622
0.83385719,0.04834029,0.54985942,0.12186903,-0.98769799,-0.09798094,0.53835871,0.14871295,-0.82949023,-0.0536401,-0.11060405,0.04945241
0.83606002,0.04679546,0.54663867,0.12037552,-0.98772402,-0.09955418,0.53526945,0.14903519,-0.83142959,-0.15814325,0.09087294,0.01535882
0.83560482,0.04576395,0.54742145,0.11957011,-0.98778298,-0.09993856,0.53616002,0.14896439,-0.83086821,-0.13352387,0.05540723,-0.01447242
0.83059606,0.04326841,0.55519187,0.11805097,-0.98799862,-0.09961156,0.54421883,0.14827792,-0.82573562,0.06669173,0.03028148,0.00756277
0.82709096,0.04029323,0.56062198,0.11585056,-0.98823117,-0.09988893,0.54999927,0.1475656,-0.82202506,0.20019482,-0.03693789,0.06246397
0.82834868,0.03845112,0.55889174,0.11412034,-0.98830455,-0.10114664,0.54846605,0.1475656,-0.82304882,0.19980377,-0.07076198,0.03622337
0.83662966,0.03387106,0.54672074,0.10954044,-0.9882713,-0.10639982,0.53670449,0.14890528,-0.83052736,-0.19936527,-0.00755441,0.1601693
0.84438228,0.02984744,0.53490906,0.10574614,-0.9880893,-0.11179139,0.52520123,0.15095924,-0.83748134,-0.24766889,0.0695768,-0.04947336
0.84385728,0.02736934,0.5358692,0.10422974,-0.98803583,-0.11367164,0.52634688,0.15177615,-0.83661391,0.03459682,0.01259357,-0.02683459
0.84475247,0.02170166,0.53471702,0.09991244,-0.98800483,-0.11774439,0.5257478,0.15288975,-0.83678777,0.32798517,-0.07529151,0.02394363
0.85314228,0.01534213,0.52145265,0.09385295,-0.98777222,-0.12448951,0.51316651,0.15514714,-0.84415015,-0.12733117,0.02624816,0.01243088
0.85680303,0.01234429,0.51549606,0.09106212,-0.98762321,-0.12770378,0.50753942,0.15635916,-0.84732267,-0.21270102,0.04658705,-0.00596189
0.86029637,0.00579892,0.50976124,0.08565572,-0.98736401,-0.13332449,0.50254676,0.15836254,-0.84992239,-0.13072896,0.0352419,0.00722696
0.861207423,3.49552358e-05,0.50825365,0.0805624061,-0.987367029,-0.136440591,0.501828131,0.158449786,-0.85033063,0.218901664,-0.0750524998,-0.102204658
0.86226632,-0.00258574,0.50644847,0.07805607,-0.98736002,-0.13793736,0.50040383,0.15847012,-0.85116541,0.22333956,-0.02666569,0.0038065
0.86982301,-0.00761961,0.49330506,0.07117879,-0.98748189,-0.14075911,0.48820233,0.15754838,-0.85839211,-0.20139232,0.11261135,-0.08631441
0.87460972,-0.01267339,0.48466195,0.06390621,-0.98792233,-0.14115676,0.48059736,0.15442998,-0.86323655,-0.17347179,0.09409982,-0.13597474
0.87617632,-0.02006054,0.48157308,0.05257252,-0.98919478,-0.13685685,0.479115,0.14522825,-0.8656544,0.28253511,0.03560513,-0.08383115
0.88550486,-0.02316517,0.4640523,0.0438123,-0.99014327,-0.13302992,0.46255988,0.13812984,-0.87576177,0.01465097,0.00743848,-0.02023227
0.89045139,-0.02426984,0.45443073,0.03984009,-0.99058531,-0.13097048,0.45333109,0.13472741,-0.88110114,-0.04377594,-0.02212012,-0.00655444
0.89725778,-0.02650345,0.44071083,0.03279449,-0.99143815,-0.12639046,0.44028739,0.12785771,-0.8887064,-0.01279641,-0.06752944,0.03112477
0.90247609,-0.02907081,0.42975784,0.02613035,-0.99218746,-0.12198895,0.42994664,0.12132184,-0.89466583,-0.00510404,-0.0299387,0.03503337
0.90510075,-0.03052071,0.42410035,0.02278552,-0.9925057,-0.12005453,0.4245862,0.11832479,-0.89762221,-0.02606243,-0.01117414,0.02141196
0.90956755,-0.03328658,0.41422084,0.01661687,-0.99307639,-0.11629128,0.41522377,0.11265783,-0.90271696,-0.00772291,0.01232368,-0.00611775
0.91405084,-0.03577507,0.40401881,0.01065275,-0.99364142,-0.11208574,0.40545971,0.10675598,-0.90785767,0.01489593,-0.017937,0.01507736
0.916978329,-0.0371925063,0.397199518,0.00740852735,-0.993885344,-0.110167674,0.398868215,0.103964033,-0.911095775,0.000404067338,-0.0249192715,0.0463506989
0.923109774,-0.0405974698,0.382387464,0.000704608652,-0.994230849,-0.107256897,0.384535864,0.0992793223,-0.917755591,-0.0399632715,-0.0536139607,0.122334719
0.92790128,-0.04440431,0.37017222,-0.00527312,-0.99434586,-0.10605958,0.3727887,0.09646086,-0.92288895,0.01874793,-0.04442316,0.1488096
0.92975132,-0.04657706,0.36523015,-0.00803535,-0.99429675,-0.10634538,0.36810042,0.09594001,-0.92482297,0.05770046,-0.04093206,0.11828799
0.93359704,-0.05086378,0.35469628,-0.01320991,-0.99408671,-0.10778315,0.3580811,0.09594052,-0.92874832,0.04384556,0.01714939,0.03435573
0.93703739,-0.05453521,0.34494468,-0.01773821,-0.99388918,-0.10894672,0.34877826,0.09596845,-0.93227867,-0.05069221,0.07069832,-0.10725933
0.93813816,-0.05607595,0.34169033,-0.0196974,-0.99384403,-0.10902233,0.34570046,0.09554759,-0.93346756,-0.05796145,0.04533285,-0.14308204
0.93936856,-0.05930945,0.33774115,-0.02379054,-0.99382753,-0.10835308,0.34208289,0.09374843,-0.93498132,0.00454752,0.00773817,-0.13070619
0.9406363,-0.06209688,0.33368745,-0.02799986,-0.9939672,-0.10604111,0.33825929,0.09040292,-0.93670032,0.00728987,-0.0310964,-0.00855173
0.94120213,-0.06313957,0.33189147,-0.02977684,-0.99406138,-0.10466848,0.33652919,0.08863152,-0.93749279,0.02998121,-0.03112227,0.03015986
0.94216424,-0.06521023,0.32874636,-0.0330881,-0.9941948,-0.10238059,0.3335142,0.08558173,-0.93885246,0.03822814,-0.02530462,0.08686972
0.94283722,-0.06743673,0.32635911,-0.03615166,-0.99422929,-0.10100054,0.33128694,0.08342865,-0.93983433,0.00247042,-0.01039869,0.08851839
0.94293367,-0.06848893,0.32586095,-0.03739764,-0.99420911,-0.1007449,0.33087385,0.08280933,-0.94003457,-0.01172851,-0.0237425,0.08793437
0.94239466,-0.07071796,0.32694229,-0.03948715,-0.99408186,-0.10120126,0.3321642,0.08246151,-0.93960988,-0.01508623,-0.0140515,0.0320557
0.941626991,-0.072952008,0.328658825,-0.0412214457,-0.993877849,-0.102507977,0.334124843,0.0829764871,-0.938869403,0.0257601626,-0.0245589018,-0.000337970443
0.94145006,-0.07409456,0.32890999,-0.04211052,-0.99375507,-0.10333189,0.33451232,0.08343124,-0.93869092,0.03976449,-0.01693892,-0.01518263
0.94170187,-0.07609951,0.32772925,-0.04376199,-0.99351421,-0.10495001,0.33359029,0.08448954,-0.93892446,0.0097316,-0.00479525,-0.03705034
0.94211607,-0.07789984,0.32611183,-0.04536962,-0.99330852,-0.10620629,0.33220311,0.08526308,-0.93934621,-0.00717203,0.01574069,-0.03510802
0.94217085,-0.07862613,0.3257791,-0.04608897,-0.99325165,-0.1064275,0.33194864,0.08525806,-0.93943654,-0.01287694,0.0431338,-0.03546595
0.9418159,-0.07962603,0.32656164,-0.04711747,-0.99321826,-0.10628941,0.33281038,0.0847183,-0.93918053,0.05056574,0.01428944,-0.05823691
0.941927672,-0.0804371497,0.326040081,-0.0481809044,-0.993215249,-0.105841181,0.332341496,0.0839858329,-0.93941247,0.0437277369,-0.00932300091,0.000258810818
0.94223372,-0.08074679,0.32507778,-0.04864661,-0.9932071,-0.10570332,0.33140476,0.0837833,-0.93976129,0.00507267,-0.0169124,0.02373453
0.94264772,-0.08135934,0.323722,-0.04940753,-0.99316592,-0.10573712,0.33011236,0.08367855,-0.94022535,-0.03172325,-0.01889414,0.04597187
0.94234898,-0.08229492,0.32435463,-0.05007419,-0.99305337,-0.10647575,0.33086395,0.08409552,-0.93992367,-0.00756981,0.01157767,0.00905151
0.94221635,-0.08284537,0.32459974,-0.05045233,-0.99297984,-0.10698339,0.3311841,0.08442469,-0.93978158,0.01084749,0.01980585,-0.01082678
0.94253616,-0.08387779,0.32340392,-0.05138288,-0.99284882,-0.10775301,0.33012934,0.08494368,-0.94010579,0.01519363,0.00345927,-0.02420862
0.94336721,-0.08457828,0.32078782,-0.05223993,-0.99276396,-0.10812388,0.32761151,0.08524259,-0.94095933,0.01164877,0.00522214,-0.01848676
0.9437515,-0.08492286,0.31956408,-0.05267344,-0.99272654,-0.10825543,0.32643315,0.08533368,-0.94136033,0.01117985,-0.00399095,-0.00850498
0.94409262,-0.08572756,0.31833928,-0.05340872,-0.99261513,-0.10891434,0.32532541,0.08582313,-0.94169921,-0.01853774,0.00835711,0.00621792
0.94377574,-0.08586897,0.31923952,-0.05342561,-0.99260006,-0.10904587,0.3262408,0.08585928,-0.94137947,-0.01260349,0.01385099,0.00794518
0.94295717,-0.08613277,0.3215788,-0.05338664,-0.99257315,-0.1093099,0.32860561,0.08590654,-0.94055232,0.00146376,0.00452787,-0.01879041
0.942259603,-0.0862081961,0.323596972,-0.0532006366,-0.992560836,-0.109512936,0.330630527,0.085974053,-0.939836321,0.0080457963,0.000100135803,-0.0116838552
0.941954908,-0.0862929825,0.324460269,-0.0531897533,-0.992555793,-0.109561202,0.331499314,0.0859437491,-0.939532699,0.0186061412,0.00084143877,-0.0182284769
0.94185019,-0.08656398,0.32469199,-0.05342454,-0.9925342,-0.10964181,0.33175899,0.08591964,-0.93944315,0.00926101,-0.00911218,0.00949884
0.94210285,-0.08666208,0.32393195,-0.05350446,-0.99249971,-0.10991624,0.33102794,0.0862206,-0.93967361,-0.00435953,-0.00428236,0.02657171
0.94217155,-0.08672753,0.32371455,-0.05352572,-0.99247697,-0.11011138,0.33082892,0.08641676,-0.93972572,-0.00807439,-0.00303054,0.02718445
0.942039225,-0.0868846467,0.324057318,-0.0534465944,-0.992414285,-0.110711245,0.331218279,0.0869745734,-0.939536863,-0.0095422389,0.00566869974,0.000554521102
0.94175666,-0.08716109,0.32480353,-0.05341224,-0.99233615,-0.11142669,0.33202639,0.08758834,-0.93919464,0.00738353,-0.00208938,-0.00575898
0.94164652,-0.08736078,0.32506909,-0.05346204,-0.99229063,-0.11180683,0.3323306,0.08790366,-0.9390575,0.01068906,-0.00661618,-0.00317124
0.9414899,-0.08764576,0.32544584,-0.05350893,-0.9922193,-0.11241716,0.33276654,0.08842536,-0.93885427,-0.00982278,0.00685865,-0.00176283
0.94118944,-0.08775608,0.32628411,-0.05330024,-0.99215339,-0.11309732,0.33364882,0.08905499,-0.93848172,-0.01549107,-0.00259024,0.00168952
0.94089957,-0.08785369,0.32709283,-0.05319074,-0.99211698,-0.11346623,0.33448279,0.08936202,-0.93815545,,,
0.93976735,-0.08830142,0.33021233,-0.05295257,-0.99200288,-0.11456925,0.33768825,0.09018285,-0.93692769,0.00968314,0.00145561,-0.01313837
0.939638477,-0.0883077219,0.330577166,-0.0528559811,-0.991986663,-0.114752597,0.338061772,0.0903529712,-0.936776412,-0.00335332379,0.000806868076,-0.00427963771
0.93933923,-0.08828076,0.33143373,-0.05261607,-0.99195993,-0.11509581,0.33892973,0.09067527,-0.93643186,0.00624091,0.00403839,0.00762311
0.93916256,-0.08835938,0.33191309,-0.05252977,-0.99192584,-0.1154277,0.33943232,0.09097005,-0.9362211,0.00322018,-0.0026511,0.00713318
0.93909197,-0.08836277,0.33211189,-0.05243815,-0.99190692,-0.11563387,0.33964176,0.09117551,-0.93612541,,,
0.938909416,-0.0883576041,0.332628999,-0.052179891,-0.991856346,-0.116183047,0.340185797,0.0917288131,-0.93587376,0.00819365308,0.00790935755,-0.000542267226
0.938791211,-0.0884333909,0.332942335,-0.0520984763,-0.991818905,-0.116537648,0.340524319,0.0920587316,-0.935718116,0.00291068899,0.000607550144,-0.0110394889
0.93872653,-0.08842205,0.33312764,-0.05185043,-0.99176157,-0.11713298,0.3407404,0.09268302,-0.93557761,0.01325292,-0.00575739,0.0011975
0.93880968,-0.08834702,0.33291317,-0.05167251,-0.99173171,-0.11746574,0.34053829,0.09307552,-0.93561245,-0.00835098,-0.00620079,0.00925944
0.93877455,-0.08825089,0.33303771,-0.05151221,-0.99172496,-0.11759111,0.3406594,0.09323603,-0.93555214,-0.01389744,-0.00159252,0.00782258
0.93844926,-0.08817066,0.33397441,-0.05115448,-0.9916868,-0.11806834,0.34160824,0.09371686,-0.93515806,0.00260663,0.00675589,-0.00184918
0.93817632,-0.08815775,0.33474378,-0.0509013,-0.99164831,-0.11849992,0.34239487,0.09413493,-0.93482829,0.01451536,0.00438935,-0.01006326
0.9381645,-0.08815828,0.33477675,-0.05081457,-0.99162545,-0.11872862,0.34244012,0.09437543,-0.93478751,0.009122,0.00147229,-0.010093
0.93827194,-0.08795613,0.33452874,-0.05051004,-0.9916026,-0.11904923,0.34219073,0.09480349,-0.93483556,-0.00725207,-0.00189269,0.00364565
0.938141481,-0.0877677832,0.33494382,-0.0501836296,-0.99159191,-0.119275217,0.34259619,0.0950883294,-0.934657993,1.85957178e-05,-0.00519418716,0.0111484043
0.93793911,-0.08775146,0.33551437,-0.05002215,-0.99157303,-0.11950087,0.34317342,0.09530139,-0.93442463,0.00599822,0.00259882,0.00406906
0.93756313,-0.08771738,0.33657247,-0.04970168,-0.99153324,-0.11996302,0.34424571,0.09574469,-0.93398469,0.01127055,0.00664729,-0.00464075
0.93736571,-0.08763119,0.33714433,-0.04944032,-0.99151099,-0.12025599,0.3448205,0.09605531,-0.93374092,0.00493575,0.00361305,-0.01196254
0.93722186,-0.0872346,0.33764671,-0.04881205,-0.99149145,-0.12067245,0.34530068,0.09661563,-0.93350556,-0.01823971,-0.00502461,0.00625188
0.93692141,-0.08711285,0.33851087,-0.04849815,-0.99147697,-0.12091621,0.34615919,0.09687184,-0.93316079,-0.00335067,0.00320154,0.0026813
0.93680105,-0.08714805,0.3388348,-0.04845829,-0.99146569,-0.12102807,0.34649041,0.09695987,-0.93302914,0.00643256,0.00291902,0.0063816
0.93675886,-0.08716496,0.33894705,-0.0483539,-0.99143448,-0.12132397,0.346619,0.09726189,-0.9329498,0.0029925,-0.00274104,0.00347765
0.936807,-0.08717654,0.338811,-0.04825784,-0.99139846,-0.12165605,0.34650228,0.09761795,-0.93295596,0.00397877,-0.00279182,0.00645735
0.93679492,-0.0871635,0.33884775,-0.04818505,-0.99138376,-0.12180389,0.34654505,0.09777786,-0.93292324,-0.00438968,-0.00238216,0.00442843
0.93648728,-0.08715478,0.33969931,-0.04792693,-0.99134545,-0.12221846,0.34741127,0.09817529,-0.93255947,-0.00859561,0.00134712,-0.00283463
0.93600336,-0.0872967,0.34099411,-0.04776642,-0.99129796,-0.12266347,0.34873495,0.09852535,-0.93202806,0.00589519,0.00370032,-0.00265984
0.93585174,-0.08734822,0.34139685,-0.04770892,-0.99127863,-0.12284225,0.34914951,0.09867445,-0.9318571,0.01376062,0.00571376,-0.00610417
0.93580325,-0.08743556,0.34150737,-0.04770378,-0.99125061,-0.12306972,0.34928014,0.09887785,-0.93178654,0.01840242,0.00707024,-0.01506702
0.93616696,-0.08741377,0.3405147,-0.04773762,-0.99123115,-0.12321601,0.34829951,0.0990954,-0.93213079,-0.012199,-0.00267595,-0.00435315
0.93629389,-0.08732223,0.34018904,-0.04766377,-0.99123007,-0.12325242,0.34796827,0.0991858,-0.93224477,-0.01170273,-0.00394845,0.00781515
0.936136372,-0.0872201946,0.340648388,-0.0475059324,-0.991238157,-0.123247204,0.348413365,0.0991933702,-0.932077562,-0.00632641325,0.00661677122,-4.56366688e-05
0.93589984,-0.08716476,0.34131187,-0.04738366,-0.99124782,-0.12321727,0.34906486,0.09914642,-0.93183887,-0.00855716,0.004031,-0.00569861
0.935741752,-0.0870768747,0.341767434,-0.0472113534,-0.991246636,-0.123291553,0.349511729,0.0992337482,-0.931661869,-0.00469286833,-0.00183022022,-0.000903551118
0.93548623,-0.08706439,0.3424694,-0.04713034,-0.99125432,-0.12326117,0.35020598,0.09916842,-0.93140813,0.0129207,0.00443798,-0.01168821
0.93558977,-0.08707172,0.34218457,-0.04721183,-0.9912642,-0.12315046,0.34991829,0.09906315,-0.93152746,0.00349699,0.00200182,-0.01504729
0.93571138,-0.08703608,0.34186099,-0.04725211,-0.99127608,-0.12303964,0.34958755,0.09897594,-0.93166093,-0.00277557,0.00167233,-0.01264549
0.93590575,-0.08700969,0.34133522,-0.04737099,-0.99129934,-0.1228056,0.34905072,0.09876508,-0.93188448,0.00714388,-0.0013479,-0.00517812
0.93615448,-0.08703565,0.34064583,-0.04760948,-0.99133215,-0.12244807,0.34835057,0.09841233,-0.93218374,0.00552602,-0.0015406,0.0014179
0.93631789,-0.08701128,0.34020264,-0.04772534,-0.99135712,-0.1222012,0.34789523,0.09818288,-0.93237804,,,
0.93672237,-0.08694444,0.33910451,-0.04789224,-0.99138721,-0.12189127,0.34678168,0.09793781,-0.93281853,-0.00584132,0.00159425,0.00754905
0.937065412,-0.0868954461,0.338167998,-0.04803897,-0.991411552,-0.121636265,0.3458333,0.0977358943,-0.933191842,-0.00554260891,-0.000291526318,0.00483423192
0.937167557,-0.0869171974,0.337879237,-0.0481057229,-0.99141233,-0.121604544,0.345547127,0.0977099099,-0.933300693,-0.00187576562,0.000372767448,0.00664168876
0.9372096,-0.08692854,0.33775968,-0.04818125,-0.99142541,-0.12146869,0.34542255,0.09756794,-0.93336176,0.00496659,-0.00165504,0.00142318
0.93726366,-0.0870091367,0.337588877,-0.04827205,-0.991416492,-0.121504733,0.345263159,0.0975858649,-0.933418767,0.00138422474,-0.000612735748,0.0057372069
0.93725163,-0.08696792,0.33763285,-0.04822805,-0.99141977,-0.12149265,0.34530192,0.09758581,-0.93340408,-0.00253868,0.00583106,0.00600676
0.93711362,-0.08701811,0.33800279,-0.04825809,-0.9914241,-0.12144445,0.34567209,0.09749587,-0.93327633,0.00347501,0.01521474,-0.00998882
0.93677075,-0.08699655,0.33895745,-0.0481835,-0.99144572,-0.1212998,0.34661059,0.09729795,-0.93294915,,,
0.93640855,-0.08679391,0.34000861,-0.04795048,-0.9914892,-0.12103803,0.34762017,0.09703748,-0.93260078,-0.00865497,-0.00570953,0.00914548
0.93585729,-0.0867279271,0.341539745,-0.0477432208,-0.991509249,-0.120954304,0.349129941,0.0968897597,-0.932051828,-0.000898834784,-0.00573527813,0.0137870377
0.93561429,-0.08677007,0.34219418,-0.04769246,-0.99150402,-0.12101648,0.34978755,0.09690467,-0.93180359,0.00328166,-0.00465906,0.01449192
0.93526708,-0.08680456,0.3431333,-0.04756046,-0.99148935,-0.12118924,0.3507328,0.09702472,-0.93143581,0.00943812,0.00228673,0.00435961
0.93512683,-0.08689713,0.34349193,-0.04754711,-0.99146672,-0.12137995,0.35110837,0.0971736,-0.93127884,0.00476753,0.01108676,-0.00839913
0.935078082,-0.0869560416,0.343609701,-0.0475710335,-0.991457255,-0.121447582,0.351234931,0.0972171032,-0.931226537,0.0119294655,-0.000569581985,-0.0130863329
0.9351027,-0.08706708,0.34351459,-0.0476297,-0.99143188,-0.12163213,0.35116145,0.09737704,-0.9312376,0.01119612,0.0023399,-0.00881375
0.93520655,-0.0871031643,0.343222582,-0.047681825,-0.991423168,-0.121681235,0.350877679,0.0974316073,-0.931338672,-0.00526427804,-0.00344264507,0.00049856538
0.93519426,-0.08707621,0.34326292,-0.04762327,-0.99141781,-0.12174896,0.3509184,0.09751163,-0.93131511,-0.00612541,0.00220972,0.00229059
0.93496228,-0.08713111,0.34388034,-0.04764548,-0.99142721,-0.12166275,0.35153297,0.09736574,-0.93109844,0.00289822,0.01039821,-0.00514295
0.934901142,-0.0871201938,0.344049306,-0.0476546717,-0.99143965,-0.121558186,0.351694306,0.0972493297,-0.931049743,0.0084912153,-0.00411945581,0.000557567691
0.93493172,-0.08711852,0.34396663,-0.04765739,-0.9914381,-0.12157057,0.35161265,0.09726763,-0.93107878,0.00681633,-0.01198572,0.0038762
0.93506624,-0.08719579,0.34358115,-0.04766836,-0.99140036,-0.12187185,0.35125324,0.0975803,-0.93118148,-0.00849882,-0.01575226,0.02322138
0.93503571,-0.08732609,0.34363114,-0.04753417,-0.99131945,-0.12257889,0.35135268,0.09828141,-0.93107003,-0.0023814,-0.01431477,0.03781541
0.93490753,-0.08753159,0.34392747,-0.04749139,-0.9912469,-0.12318113,0.35169938,0.09882937,-0.93088117,-0.01090869,-0.00784665,0.04458518
0.9342029,-0.08808286,0.34569693,-0.04733368,-0.99107615,-0.12461077,0.35358801,0.10004864,-0.9300355,-0.0065343,0.0377242,0.0081713
0.93349443,-0.0886361,0.34746481,-0.04717363,-0.99090329,-0.12603718,0.35547546,0.10126383,-0.92918399,0.02558914,0.00204688,-0.05084841
0.93352533,-0.08872081,0.34736015,-0.04708794,-0.99084478,-0.12652797,0.35540566,0.10176059,-0.92915638,0.00237888,-0.01552874,-0.07217367
0.93387123,-0.08888315,0.34638751,-0.04718996,-0.99077846,-0.1270085,0.3544822,0.10226357,-0.92945389,-0.0375089,0.01721579,-0.05003503
0.93363093,-0.08896573,0.34701353,-0.04735489,-0.99082093,-0.12661501,0.35509268,0.1017789,-0.92927402,0.01746313,0.00249106,-0.01806159
0.9334211,-0.08906059,0.34755322,-0.04750818,-0.99085185,-0.12631369,0.3556234,0.10139224,-0.92911312,0.04121114,-0.00386268,0.0023534
0.933365704,-0.0890595543,0.347702259,-0.0477645384,-0.990930998,-0.125596214,0.355734471,0.100619362,-0.929154901,0.0040952079,0.000724256039,0.0266412776
0.93321049,-0.08880123,0.34818461,-0.04759538,-0.99099195,-0.1251773,0.35616409,0.10024479,-0.9290306,-0.01558341,-0.00642902,0.02944342
0.932887868,-0.08879211,0.349050406,-0.0475086787,-0.991003548,-0.125119539,0.357019818,0.100139576,-0.928713584,0.00764322653,6.36577606e-05,0.0113870986
0.93246501,-0.08891571,0.35014707,-0.0474543,-0.99098611,-0.12527531,0.35812995,0.10019886,-0.92827929,0.0278433,-0.00514215,-0.00454244
0.93272053,-0.08908512,0.34942274,-0.04754623,-0.99092561,-0.12571991,0.35745177,0.1006478,-0.92849231,-0.01363809,0.00285178,-0.00908015
0.93257755,-0.08916413,0.34978402,-0.04754648,-0.99091164,-0.1258291,0.35782459,0.10071439,-0.92834137,0.01038581,0.00602013,-0.01606631
0.932409802,-0.0893119639,0.350193277,-0.0477324962,-0.990927903,-0.125631976,0.358236747,0.100424886,-0.928213969,0.0214082412,-0.000662326813,-0.00652617589
