0,1,2,3,4,5,6,7,8,9,10,11
0.778696542,0.125358904,-0.614749429,-0.219143415,0.972466162,-0.0792825973,0.587884239,0.196455369,0.784727614,-0.039703317,0.00159680832,0.000476738438
0.776821324,0.123233387,-0.617545285,-0.218151964,0.972603042,-0.0803308449,0.590726982,0.197121426,0.782422387,-0.0215883348,0.000148892388,0.00549834315
0.77594638,0.12222728,-0.61884381,-0.21776741,0.97263822,-0.08094595,0.59201733,0.19757374,0.78133223,-0.01983136,0.0056259,0.01088862
0.77434001,0.12040311,-0.62120903,-0.21699161,0.97272783,-0.08194638,0.59440072,0.1982515,0.77934855,-0.01934096,0.00885743,0.01048195
0.77434001,0.12040311,-0.62120903,-0.21699161,0.97272783,-0.08194638,0.59440072,0.1982515,0.77934855,-0.01934096,0.00885743,0.01048195
0.77166601,0.11692829,-0.62518745,-0.21469394,0.97314923,-0.08298846,0.59869699,0.19826334,0.77604998,-0.00475115,0.00915903,0.01520445
0.77101945,0.11620302,-0.62611967,-0.21414377,0.97326334,-0.08307177,0.59972613,0.19812958,0.77528911,-0.00436245,0.00826007,0.01896228
0.76961348,0.1149587,-0.62807606,-0.21307499,0.97351195,-0.08290669,0.60190871,0.19763342,0.77372275,0.00120075,0.00741166,0.02345325
0.768910628,0.11441281,-0.629035898,-0.212586898,0.973630392,-0.0827687862,0.602978659,0.197366588,0.77295742,-0.000204209704,0.00731807901,0.0234620366
0.76744282,0.11337725,-0.63101278,-0.2115524,0.97389482,-0.08230712,0.60520832,0.19665828,0.77139381,0.0025849,-0.01006311,0.02348197
0.76744282,0.11337725,-0.63101278,-0.2115524,0.97389482,-0.08230712,0.60520832,0.19665828,0.77139381,0.0025849,-0.01006311,0.02348197
0.765546075,0.111247908,-0.633690097,-0.209315061,0.974420542,-0.0818035234,0.608380178,0.19526524,0.769249682,0.00345711759,-0.000139772877,0.0123092383
0.764536303,0.10966286,-0.635183657,-0.207425185,0.974861781,-0.081359065,0.610294202,0.193955051,0.768064063,-0.0032349804,-0.00702440692,-0.00025584572
0.76400149,0.10784072,-0.63613844,-0.20524982,0.97533857,-0.08116151,0.61169784,0.19257481,0.76729441,-0.01358306,-0.0146997,-0.00116455
0.76394403,0.10693441,-0.63636039,-0.20421483,0.97555046,-0.08122565,0.61211585,0.19200608,0.76710354,-0.01406319,-0.0117088,0.00182576
0.76417849,0.10526785,-0.63635674,-0.20227081,0.97593602,-0.08145795,0.61246856,0.19096481,0.76708193,-0.01489668,0.00813109,0.0037211
0.76417849,0.10526785,-0.63635674,-0.20227081,0.97593602,-0.08145795,0.61246856,0.19096481,0.76708193,-0.01489668,0.00813109,0.0037211
0.76616725,0.10385452,-0.63419392,-0.19951026,0.97653288,-0.0811122,0.61088735,0.18867371,0.76890756,-0.00610373,0.00263232,0.00565233
0.767660757,0.103755392,-0.632401539,-0.198694186,0.976713025,-0.0809461513,0.609276217,0.18779371,0.770399858,-0.000431552413,-0.00133877981,0.00804969296
0.768537636,0.103723284,-0.631340906,-0.198239748,0.976814324,-0.0808379559,0.608318059,0.187283883,0.771280652,-0.000304011861,0.0020946858,0.0112272566
0.77058428,0.1036785,-0.62884866,-0.19717567,0.97705515,-0.08052948,0.60607064,0.1860484,0.77334622,0.00138493,-0.00296342,0.01096245
0.77301002,0.103528878,-0.62588915,-0.196002406,0.977300328,-0.0804184048,0.603356042,0.184840024,0.775754859,0.00553227309,-0.000342726678,0.0143064884
0.77434137,0.10348547,-0.62424853,-0.19543385,0.97741642,-0.08039125,0.60183144,0.18424956,0.77707853,0.00526807,-0.00456047,0.01702973
0.77730086,0.10355844,-0.62054734,-0.19448286,0.97759994,-0.080466,0.59831411,0.18323212,0.78002961,0.00654556,-0.01278311,0.01881675
0.77730086,0.10355844,-0.62054734,-0.19448286,0.97759994,-0.080466,0.59831411,0.18323212,0.78002961,0.00654556,-0.01278311,0.01881675
0.78221649,0.10416104,-0.61423759,-0.19373105,0.97771227,-0.08091347,0.5921196,0.18228875,0.78496189,0.01173714,-0.01839256,0.03297379
0.78221649,0.10416104,-0.61423759,-0.19373105,0.97771227,-0.08091347,0.5921196,0.18228875,0.78496189,0.01173714,-0.01839256,0.03297379
0.789315519,0.105824464,-0.604799311,-0.193643775,0.977667919,-0.0816549485,0.582651793,0.181567137,0.792180709,0.0149820726,-0.000917613448,0.0377800092
0.79120527,0.10630595,-0.6022402,-0.193728,0.97762689,-0.0819458,0.58005489,0.18150674,0.79409799,0.01302845,-0.00213832,0.03790652
0.79533248,0.10699161,-0.59665652,-0.19355154,0.97759841,-0.08269915,0.57444235,0.18125712,0.79822416,0.00787568,-0.00987196,0.03467122
0.79995218,0.10745185,-0.5903648,-0.19322988,0.97755935,-0.08390423,0.56810097,0.18119549,0.80276364,0.01498147,0.01347715,0.03505673
0.80242207,0.10763645,-0.58696953,-0.19300452,0.97754479,-0.0845898,0.56468407,0.18116449,0.80517784,0.019892,0.01946014,0.0398392
0.80770332,0.10792435,-0.5796272,-0.19233581,0.97755347,-0.08600088,0.55733499,0.18094626,0.8103309,0.02241469,0.00948077,0.0407963
0.80770332,0.10792435,-0.5796272,-0.19233581,0.97755347,-0.08600088,0.55733499,0.18094626,0.8103309,0.02241469,0.00948077,0.0407963
0.82263838,0.10956714,-0.55790782,-0.19142373,0.97734336,-0.09031562,0.53537188,0.1810939,0.82497391,0.01587597,-0.07169997,0.03565932
0.82910114,0.11149667,-0.54786839,-0.1922411,0.9770173,-0.09208987,0.52500918,0.18167464,0.83148041,0.02387026,-0.08235519,0.03116825
0.83236431,0.1129059,-0.54260657,-0.19307493,0.97677316,-0.09293145,0.51951103,0.18211656,0.83483042,0.02804164,-0.06195783,0.03599458
0.83890181,0.11668485,-0.5316281,-0.1956083,0.97612602,-0.09442136,0.50791848,0.18320111,0.84169841,0.06705865,0.01085859,0.04235048
0.84513027,0.12221486,-0.5204021,-0.19953129,0.97527575,-0.09499719,0.49592548,0.18412151,0.84862075,0.07995129,0.03203934,0.03191835
0.84810791,0.12578649,-0.51467538,-0.20217654,0.97473725,-0.0949312,0.4897322,0.18456719,0.85211345,0.08306799,0.00458699,0.02071782
0.85918664,0.14309942,-0.49124421,-0.21483287,0.97225826,-0.09252413,0.46437609,0.1850309,0.86609377,0.10700879,0.01948446,0.00361023
0.86179916,0.14742585,-0.4853533,-0.2178289,0.9716758,-0.09163354,0.4580969,0.18469368,0.869503,0.11257187,0.02999586,0.00121646
0.8668087,0.15541918,-0.47380117,-0.2230799,0.97066278,-0.08971692,0.44595743,0.18346292,0.87604984,0.13148715,0.08413928,-0.00204211
0.87145535,0.1622693,-0.46285444,-0.22690375,0.97001091,-0.08714077,0.43483359,0.1809627,0.88214072,0.13718918,0.07119601,-0.00915295
0.87365838,0.16517039,-0.45764593,-0.22817607,0.96985302,-0.08556165,0.42971704,0.17917549,0.88500815,0.13905056,0.05553346,-0.01414287
0.87787578,0.16967636,-0.44782143,-0.22950992,0.96980686,-0.08246122,0.42030857,0.17517018,0.89031236,0.13733836,0.0222947,-0.01792867
0.88195171,0.17283099,-0.43850953,-0.22976488,0.9699676,-0.07981823,0.41154497,0.17114992,0.89517508,0.11614282,0.01176411,-0.02523744
0.8839646,0.1741423,-0.43391361,-0.22977769,0.97004848,-0.07879188,0.40719624,0.16935291,0.89750253,0.11047334,-0.01027548,-0.03111884
0.88792777,0.17680581,-0.42464568,-0.23016738,0.97006995,-0.07737745,0.39825523,0.16644518,0.90204698,0.11267368,-0.06243646,-0.03583888
0.8914639,0.18033719,-0.41565683,-0.23197734,0.96968329,-0.07681689,0.38920254,0.16490245,0.90627179,0.13482809,-0.03597515,-0.02039181
0.89294364,0.1827913,-0.41138666,-0.2337123,0.96928315,-0.07660767,0.38474694,0.16455246,0.9082358,0.14434479,-0.03458911,-0.0178063
0.89518373,0.18894657,-0.40366481,-0.23862793,0.96813017,-0.07603081,0.37643432,0.16438724,0.91174231,0.16113369,-0.04326105,-0.01294854
0.89660238,0.19655121,-0.39682714,-0.24511547,0.96658347,-0.07506533,0.36881237,0.16457223,0.91481878,0.15694444,-0.06921225,-0.01876646
0.89701328,0.20090165,-0.39370764,-0.24895407,0.96564895,-0.07445789,0.36522466,0.16480484,0.91621521,0.15388975,-0.07744657,-0.02491956
0.89741837,0.2104924,-0.38772829,-0.25754219,0.9635039,-0.07302238,0.35820706,0.16538801,0.91887677,0.16882758,-0.06189811,-0.03402377
0.89695447,0.2265516,-0.37966704,-0.27206591,0.95972401,-0.0700712,0.34850083,0.16614513,0.9224657,0.20022413,-0.04319751,-0.03615448
0.89583099,0.2377301,-0.37546137,-0.28231089,0.95693261,-0.06767982,0.3432017,0.16662651,0.92436368,0.20281085,-0.05717897,-0.05066366
0.8942348,0.24858301,-0.37222388,-0.29254179,0.9539932,-0.0656985,0.33876752,0.16764092,0.92581483,0.16942687,-0.09141438,-0.07729529
0.89340913,0.25360926,-0.37081325,-0.29745176,0.95250713,-0.06521205,0.33666389,0.16856009,0.92641509,0.15771148,-0.08485769,-0.08350879
0.89200652,0.26252707,-0.36797267,-0.30648438,0.94962277,-0.06545153,0.33225243,0.17116108,0.92753016,0.15909509,-0.04601371,-0.09196823
0.89094609,0.26980051,-0.36527077,-0.3143261,0.94692986,-0.06725271,0.32774098,0.17473268,0.92846881,0.16408499,-0.01486194,-0.09418479
0.89048522,0.27289381,-0.36409477,-0.3178272,0.94566842,-0.06853533,0.32561005,0.17674894,0.92883684,0.16545853,0.0019266,-0.093127
0.88960912,0.2782128,-0.36220604,-0.32417827,0.94327699,-0.07167247,0.32172042,0.18117982,0.92933838,0.1598604,0.07062881,-0.09510848
0.88850171,0.28329654,-0.36098168,-0.33045819,0.94083519,-0.0750102,0.31837414,0.18593605,0.92955134,0.14947248,0.12514667,-0.09808203
0.88784414,0.28586778,-0.36057228,-0.33367063,0.93956416,-0.07670136,0.31685434,0.18841125,0.92957222,0.14828373,0.13668077,-0.10191374
0.88319193,0.29956793,-0.36087539,-0.35108243,0.93246258,-0.0851742,0.31098733,0.20192219,0.92871648,0.12178164,0.23015647,-0.07993954
0.87950545,0.30839147,-0.36244287,-0.36343789,0.92694356,-0.09321225,0.30721822,0.21370616,0.92733307,0.09709283,0.26060632,-0.04017586
0.87847603,0.3094699,-0.36401681,-0.36925077,0.92324046,-0.10621163,0.30320574,0.22771787,0.92531662,-0.06622049,-0.09128194,0.08200587
0.88164997,0.30257246,-0.36213704,-0.36538038,0.92333882,-0.11807877,0.29864781,0.23642192,0.92461568,-0.07745692,-0.165161,0.12236185
0.88384029,0.29764935,-0.36087561,-0.36185363,0.92392668,-0.12418306,0.2964596,0.24034215,0.92430912,-0.03463251,-0.04766851,0.12267039
0.88431078,0.29618082,-0.3609312,-0.36123169,0.92378936,-0.1269837,0.29581426,0.24267285,0.92390681,0.00454798,-0.02446782,0.11045881
0.88120088,0.3026716,-0.36314583,-0.3676526,0.92166512,-0.12395551,0.29718102,0.24274122,0.92345012,0.00119965,-0.06486099,0.09684093
0.88120088,0.3026716,-0.36314583,-0.3676526,0.92166512,-0.12395551,0.29718102,0.24274122,0.92345012,0.00119965,-0.06486099,0.09684093
0.88120088,0.3026716,-0.36314583,-0.3676526,0.92166512,-0.12395551,0.29718102,0.24274122,0.92345012,0.00119965,-0.06486099,0.09684093
0.87030632,0.32765139,-0.36771111,-0.39395024,0.91120161,-0.12047748,0.29558434,0.2497122,0.92210287,0.03152027,0.02223915,0.08094626
0.8670415,0.33384358,-0.36984796,-0.40018808,0.90882864,-0.11781346,0.29679716,0.2501579,0.92159236,0.03244467,-0.06176805,0.07860726
0.86542418,0.33611561,-0.37157405,-0.40237329,0.90813732,-0.11568205,0.29855772,0.24962552,0.92116795,0.04099261,-0.08432572,0.07739139
0.86318139,0.33855486,-0.37456444,-0.40478215,0.90745338,-0.11260458,0.30177694,0.24881517,0.92033782,0.04253618,-0.11407536,0.08085971
0.86318139,0.33855486,-0.37456444,-0.40478215,0.90745338,-0.11260458,0.30177694,0.24881517,0.92033782,0.04253618,-0.11407536,0.08085971
0.86318139,0.33855486,-0.37456444,-0.40478215,0.90745338,-0.11260458,0.30177694,0.24881517,0.92033782,0.04253618,-0.11407536,0.08085971
0.86318139,0.33855486,-0.37456444,-0.40478215,0.90745338,-0.11260458,0.30177694,0.24881517,0.92033782,0.04253618,-0.11407536,0.08085971
0.86318139,0.33855486,-0.37456444,-0.40478215,0.90745338,-0.11260458,0.30177694,0.24881517,0.92033782,0.04253618,-0.11407536,0.08085971
0.86318139,0.33855486,-0.37456444,-0.40478215,0.90745338,-0.11260458,0.30177694,0.24881517,0.92033782,0.04253618,-0.11407536,0.08085971
0.86318139,0.33855486,-0.37456444,-0.40478215,0.90745338,-0.11260458,0.30177694,0.24881517,0.92033782,0.04253618,-0.11407536,0.08085971
0.84609016,0.36577952,-0.3877329,-0.43281089,0.89601272,-0.09917636,0.31113694,0.25172715,0.9164209,0.04072978,-0.11317687,0.12168472
0.84485489,0.36792083,-0.38839985,-0.43509879,0.8949607,-0.09866289,0.31130246,0.25234815,0.91619385,0.03723143,-0.10707276,0.12463926
0.84256775,0.37199042,-0.38949026,-0.43949616,0.89288513,-0.09797566,0.31132404,0.25373063,0.91580461,0.02543943,-0.07053059,0.13809635
0.84058551,0.37592505,-0.38999531,-0.4437428,0.8908055,-0.09776441,0.31065787,0.25523697,0.91561223,0.01246009,0.01352924,0.1503523
0.83960576,0.37808585,-0.39001695,-0.44603845,0.88965841,-0.0977629,0.31001909,0.25604487,0.91560318,0.0111945,0.04947954,0.15350376
0.83755044,0.38315222,-0.38949149,-0.45110855,0.88714436,-0.09734443,0.30823744,0.25723383,0.9158714,0.01267386,0.13319974,0.16310409
0.83510225,0.38974654,-0.38820335,-0.45722199,0.88416778,-0.09589247,0.30586313,0.25757514,0.91657121,0.01263727,0.22724347,0.1609592
0.83029976,0.40331792,-0.38462572,-0.468604,0.87880442,-0.09007254,0.30168291,0.25502437,0.9186675,0.01836927,0.27705601,0.14479394
0.82670732,0.41353364,-0.38150351,-0.4764761,0.87517955,-0.0838527,0.29920815,0.25109895,0.92055624,0.01845048,0.32404938,0.12872778
0.822670082,0.426990084,-0.375357657,-0.485446951,0.871222396,-0.0728887561,0.295897213,0.242179645,0.924009656,0.000903278589,0.193558976,0.0624459237
0.82234025,0.43480556,-0.36701581,-0.48834268,0.87037097,-0.06305368,0.29202381,0.23108108,0.92807522,-0.03685313,0.31461087,-0.00906399
0.82400183,0.43772935,-0.35974161,-0.48770164,0.87114068,-0.05710544,0.28838883,0.22250156,0.93130282,-0.02840306,0.18695323,-0.05171532
0.82691203,0.43898508,-0.35143793,-0.4848909,0.87312786,-0.05028488,0.28477594,0.21199022,0.93485979,-0.01671004,0.07416313,-0.11668941
0.83164743,0.44049125,-0.33812716,-0.47893755,0.87713903,-0.03529769,0.2810362,0.19129705,0.94043824,0.00107604,-0.0089094,-0.19377662
0.835295,0.44378014,-0.32456344,-0.47472523,0.87993749,-0.01859986,0.27734128,0.16961483,0.94568103,0.01570321,-0.10819303,-0.23029453
0.83712244,0.44642427,-0.31611924,-0.47367979,0.88063174,-0.01073202,0.2735936,0.15872332,0.94865876,0.01945964,-0.14595453,-0.23601224
0.8403102,0.44837975,-0.30468727,-0.47266976,0.88121341,-0.00679706,0.26544684,0.14972811,0.95242819,0.02053877,-0.15288584,-0.18504222
0.84671628,0.44442005,-0.29251041,-0.4683206,0.88345757,-0.01336164,0.25248235,0.14830218,0.95616898,0.02182095,-0.15230583,-0.11409578
0.84869868,0.44229644,-0.28997312,-0.4664217,0.88441538,-0.01613155,0.24932176,0.14894058,0.95689883,0.01416166,-0.15534507,-0.09821871
0.85967152,0.42807896,-0.27877098,-0.45421511,0.89025701,-0.03363154,0.23378086,0.15553408,0.95976854,-0.00154358,-0.12191128,-0.03459492
0.86411814,0.42169688,-0.2747209,-0.44878531,0.89268198,-0.04135952,0.22779721,0.15903022,0.96063407,0.00541416,-0.0777412,-0.02338269
0.86936847,0.41453869,-0.26899092,-0.44228725,0.89551235,-0.04939227,0.22040968,0.16191135,0.9618754,0.01649671,-0.08254402,-0.02497859
0.871262956,0.412728649,-0.265623708,-0.440487563,0.896237191,-0.0522458426,0.216498495,0.162523794,0.962660078,-0.00095802173,-0.137805209,-0.0309306234
0.87275841,0.41242931,-0.26114135,-0.4400052,0.89631161,-0.0549628,0.21139575,0.1628728,0.96373455,0.00795224,-0.1102128,-0.03526142
0.8726808,0.41399103,-0.25892013,-0.4414137,0.89556468,-0.05583774,0.2087634,0.16301942,0.96428342,0.02066378,-0.10224944,-0.06323233
0.87208029,0.41622177,-0.25736237,-0.44338806,0.89460171,-0.05563079,0.20708206,0.16262593,0.9647123,0.03598212,-0.09244245,-0.08216272
0.87158621,0.4174778,-0.25700151,-0.44452749,0.89406115,-0.05522671,0.20671914,0.16237907,0.96483172,0.04020657,-0.08552485,-0.09787787
0.87035232,0.42018602,-0.25676944,-0.44705179,0.89286283,-0.05422797,0.20647405,0.16198668,0.96495015,0.04829818,-0.08959817,-0.1146864
0.86879999,0.42316508,-0.25713392,-0.44997012,0.89145223,-0.05328963,0.20667229,0.16200062,0.96490536,0.07492036,-0.07914614,-0.13797
0.86781452,0.42483008,-0.25771559,-0.45173382,0.89057238,-0.05307879,0.20696491,0.16248141,0.96476179,0.08319992,-0.05102855,-0.14272004
0.86528989,0.42879413,-0.25963243,-0.45613499,0.88832651,-0.05307428,0.20788043,0.16435208,0.96424796,0.10168847,0.03860491,-0.15834312
0.86207967,0.43341168,-0.26262702,-0.46158292,0.88545864,-0.05389063,0.20918854,0.16768217,0.96339132,0.11993712,0.09460156,-0.16801032
0.86023027,0.43594557,-0.26449067,-0.46470433,0.88377279,-0.05473122,0.20988982,0.16999143,0.96283393,0.12365992,0.10734563,-0.17019215
0.85637709,0.44076627,-0.26896722,-0.47116727,0.88014502,-0.05784574,0.2112337,0.17626632,0.96141068,0.1240925,0.08782666,-0.16147029
0.8527376,0.44457433,-0.27421199,-0.47725987,0.87649141,-0.06313311,0.21227709,0.18470637,0.9595947,0.1176942,0.08029442,-0.14973332
0.85120695,0.44570381,-0.2771188,-0.47981956,0.87481946,-0.06681386,0.21264972,0.18983945,0.95850982,0.1010276,0.10454684,-0.1263539
0.84905554,0.44608724,-0.28303868,-0.48341017,0.87212299,-0.07560503,0.2131181,0.20101663,0.95612394,0.07752933,0.13078062,-0.09331945
0.84820074,0.44371871,-0.28925623,-0.48455618,0.87057943,-0.08542088,0.21391767,0.21261497,0.95343279,0.03986098,0.31386533,-0.05892354
0.84793374,0.44214793,-0.29242699,-0.4846238,0.87011953,-0.08962005,0.2148211,0.21770896,0.95207914,0.02767144,0.2731978,-0.04950069
0.84793374,0.44214793,-0.29242699,-0.4846238,0.87011953,-0.08962005,0.2148211,0.21770896,0.95207914,0.02767144,0.2731978,-0.04950069
0.84683757,0.43569159,-0.30502286,-0.48388805,0.86917722,-0.1018985,0.22072259,0.2338884,0.94687789,-0.01848485,0.22188489,-0.00582775
0.84683757,0.43569159,-0.30502286,-0.48388805,0.86917722,-0.1018985,0.22072259,0.2338884,0.94687789,-0.01848485,0.22188489,-0.00582775
0.84520452,0.43361263,-0.31242508,-0.48559387,0.86722889,-0.11005754,0.22322172,0.24473282,0.9435454,-0.04078211,-0.06367796,0.05450696
0.84515961,0.43109167,-0.31601459,-0.48580269,0.86610021,-0.11775476,0.22293721,0.2530423,0.9414184,-0.08454668,-0.0727201,0.11711977
0.84567404,0.42903398,-0.31743538,-0.48533061,0.8656358,-0.12299927,0.22201255,0.25807841,0.94026908,-0.10375252,-0.01066023,0.13310972
0.84762951,0.42395471,-0.31904012,-0.48330628,0.86505246,-0.13453352,0.21895032,0.26822868,0.93814398,-0.09228767,0.06079238,0.15902127
0.85040622,0.41809396,-0.31938485,-0.47978326,0.86538036,-0.14465421,0.21591032,0.27625035,0.93651934,-0.0739516,0.08390027,0.16000119
0.85177232,0.41533505,-0.31934419,-0.47789386,0.86574132,-0.1486924,0.2147123,0.2792647,0.93590056,-0.06522621,0.07892054,0.16042669
0.8557744,0.40756234,-0.31865826,-0.47191712,0.86737018,-0.15799736,0.21200089,0.2855904,0.93460887,-0.04059249,0.05928641,0.14935803
0.85646424,0.4062317,-0.31850397,-0.47066701,0.86793158,-0.15864211,0.21199419,0.28578062,0.93455224,-0.03007829,0.03587407,0.13929151
0.85783406,0.4033446,-0.31848684,-0.46752001,0.86980271,-0.15769682,0.21341456,0.28417668,0.93471806,-0.01895281,-0.01728028,0.1190386
0.859134949,0.400139364,-0.319022941,-0.463575647,0.872575992,-0.153976511,0.216759699,0.280177865,0.935155389,-0.000649129972,-0.0934084579,0.0952880755
0.85980329,0.39824725,-0.31958948,-0.46122546,0.87426962,-0.1514058,0.21911043,0.27758201,0.93538166,0.00504297,-0.11138564,0.08268224
0.86110522,0.39415479,-0.3211539,-0.456106,0.87796412,-0.14541782,0.22464448,0.27170025,0.93579583,0.01605379,-0.12247919,0.06716051
0.86214436,0.38998448,-0.32344895,-0.45098695,0.88162209,-0.13911601,0.23090666,0.26580934,0.93596342,0.00539344,-0.12605934,0.05208458
0.86262516,0.38787351,-0.32470289,-0.44839565,0.88344014,-0.13592223,0.23413494,0.2628453,0.93599849,-0.00279891,-0.14200966,0.04640591
0.86364777,0.38369715,-0.32693884,-0.44323242,0.88693981,-0.1299338,0.24011984,0.25712694,0.93607061,-0.02102053,-0.14383893,0.0428062
0.86577362,0.37719593,-0.32887577,-0.43500314,0.892133,-0.12194666,0.24740314,0.24864019,0.93646663,-0.01680205,-0.11640894,0.04085476
0.86927393,0.36817133,-0.3298677,-0.42289454,0.89940719,-0.11057539,0.2559747,0.23561955,0.93752887,-0.00869561,-0.13354491,0.03214632
0.87205339,0.36137006,-0.33005234,-0.4138179,0.90450951,-0.10304016,0.26129985,0.2264381,0.93832199,-0.0133853,-0.14174841,0.04218892
0.87357227,0.35764434,-0.33009391,-0.40901632,0.90706858,-0.09966062,0.26377476,0.22207455,0.93867234,-0.01765304,-0.12599276,0.0521127
0.87503546,0.35420039,-0.32993185,-0.40463422,0.90932525,-0.09694709,0.26567666,0.21833385,0.93901344,-0.01753481,-0.12124562,0.07456455
0.87574098,0.35302857,-0.32931532,-0.40321889,0.90997216,-0.09677393,0.26550382,0.21753505,0.93924769,-0.02523091,-0.06520724,0.10729472
0.87594715,0.35338067,-0.32838804,-0.40363136,0.90968688,-0.09773187,0.26419374,0.21815566,0.93947314,-0.02322495,0.01904243,0.120573
0.87591396,0.35501254,-0.32671215,-0.4050619,0.90899669,-0.09823372,0.26210606,0.21838294,0.94000495,-0.02353916,0.13148336,0.12887193
0.87545693,0.36018897,-0.32224067,-0.40878332,0.907553,-0.09614432,0.25782035,0.21589684,0.94176282,-0.00379788,0.17828743,0.12466945
0.87425979,0.36881416,-0.31566745,-0.41460503,0.90550913,-0.09030998,0.25253216,0.20983169,0.94456242,0.00917001,0.13956825,0.09086995
0.8733239,0.37521497,-0.31067516,-0.41868295,0.90414939,-0.08496152,0.24901792,0.20427333,0.9467114,0.003778,0.25678959,0.05989143
0.87271956,0.38110522,-0.30515467,-0.42210197,0.90306947,-0.07934388,0.2453375,0.19805135,0.94899166,-0.02859885,0.25396493,0.02744344
0.87396162,0.38586917,-0.29545905,-0.42298082,0.90331843,-0.07143549,0.23932886,0.18740539,0.95268091,-0.04726338,0.16348951,-0.02726718
0.87579917,0.38710441,-0.28831575,-0.42203199,0.90401055,-0.06821961,0.23423237,0.18142516,0.95510214,-0.05254161,0.09390598,-0.04773368
0.87685164,0.38751172,-0.28454502,-0.42148653,0.90433644,-0.06726596,0.23125809,0.17891416,0.95629986,-0.0566446,0.18710987,-0.04669996
0.88064487,0.3906689,-0.26803434,-0.42076811,0.90494481,-0.063475,0.21775858,0.16867924,0.96131603,-0.0595127,0.0893672,-0.06810813
0.88178707,0.39554747,-0.25689252,-0.4216936,0.90514169,-0.05378692,0.21124884,0.15575855,0.96494207,-0.04182243,0.15205042,-0.11034605
0.88209658,0.40056776,-0.2478933,-0.42189374,0.90587069,-0.03746948,0.20955021,0.13763633,0.96806247,-0.05000892,-0.04788607,-0.1285457
0.88280148,0.40197873,-0.24305279,-0.42066075,0.90677967,-0.02819874,0.20906003,0.12713666,0.9696031,-0.03577001,-0.13122575,-0.12434226
0.88782431,0.3951964,-0.23577063,-0.41087553,0.91148542,-0.01938126,0.20724209,0.11407954,0.97161545,-0.01195135,-0.10423284,-0.08835366
0.89063225,0.38943005,-0.23477311,-0.4048424,0.91418049,-0.01940746,0.20706715,0.11233102,0.97185644,-0.02757337,-0.14067201,-0.07416473
0.89220885,0.38595924,-0.23451833,-0.40134556,0.91571145,-0.0198567,0.20708725,0.11183921,0.97190888,-0.04058973,-0.17844157,-0.0687751
0.89583831,0.37772814,-0.23408367,-0.39334965,0.91912055,-0.02221422,0.20676018,0.11197708,0.97196263,-0.06165073,-0.17333977,-0.06380129
0.9019869,0.36351864,-0.2329674,-0.37998037,0.92455474,-0.02852087,0.20502324,0.11424849,0.97206623,-0.04532002,-0.10356336,-0.05635343
0.90787702,0.34924951,-0.231914,-0.36700174,0.92948599,-0.036953,0.202655,0.11866162,0.97203414,-0.00980121,-0.08693879,-0.04455768
0.90787702,0.34924951,-0.231914,-0.36700174,0.92948599,-0.036953,0.202655,0.11866162,0.97203414,-0.00980121,-0.08693879,-0.04455768
0.90833579,0.34679794,-0.23378892,-0.36606843,0.9295771,-0.04336232,0.20228686,0.1249703,0.97131995,0.0109478,-0.10416161,-0.04083828
0.90788588,0.34752581,-0.23445479,-0.3671688,0.92908228,-0.04464528,0.2023124,0.1266173,0.97110131,0.02104091,-0.08999395,-0.03525629
0.90673898,0.34929319,-0.23625976,-0.36968512,0.92797435,-0.04686701,0.20287267,0.12983787,0.97055902,0.04493396,-0.04693454,-0.04541446
0.90673898,0.34929319,-0.23625976,-0.36968512,0.92797435,-0.04686701,0.20287267,0.12983787,0.97055902,0.04493396,-0.04693454,-0.04541446
0.90477721,0.35140997,-0.24060183,-0.37278723,0.92665163,-0.04844003,0.20593177,0.13352072,0.96941442,0.06634159,-0.04433894,-0.0573836
0.90344038,0.35192982,-0.24482829,-0.37392934,0.92618927,-0.04847989,0.20969581,0.13534716,0.96835366,0.07793574,-0.04655975,-0.07298519
0.90098464,0.35234838,-0.25313492,-0.37561022,0.92549868,-0.04867397,0.21712584,0.13893456,0.96620575,0.10584571,-0.03704136,-0.07954268
0.89856029,0.3533239,-0.26029138,-0.37782241,0.92456614,-0.04927129,0.22324787,0.14261716,0.96427212,0.11666461,-0.05018264,-0.07864323
0.89527998,0.35545172,-0.26856621,-0.38162252,0.92292964,-0.050647,0.22986515,0.14783416,0.96192883,0.134231,-0.06820612,-0.08483471
0.88837159,0.36174043,-0.28273623,-0.39148127,0.91855077,-0.05483512,0.2398715,0.1593999,0.95762901,0.1691903,-0.06727272,-0.07223772
0.88234516,0.368052,-0.29326567,-0.40107769,0.9141097,-0.05949915,0.24617822,0.1701211,0.95417771,0.19544691,-0.0091173,-0.05243963
0.87892198,0.37164696,-0.29895597,-0.40659811,0.91148195,-0.06227848,0.24934736,0.17629286,0.95223249,0.20725095,0.0029164,-0.03898789
0.87158989,0.37897681,-0.31097853,-0.4182087,0.9057803,-0.06829009,0.25579786,0.18957488,0.94796035,0.22029117,-0.02150971,-0.02885239
0.86062384,0.3875643,-0.33033396,-0.43422949,0.89737935,-0.07845409,0.26602887,0.21096021,0.94059791,0.22631261,0.00787729,0.00541442
0.85414194,0.38994558,-0.34406974,-0.44217225,0.89281483,-0.08582174,0.27372476,0.22544204,0.93501371,0.21448782,0.01157325,0.02665795
0.84857732,0.38928541,-0.35829231,-0.44741611,0.88944909,-0.0932691,0.28237447,0.23945181,0.9289389,0.18952796,0.00502688,0.04678153
0.84119861,0.38472557,-0.379962,-0.45215527,0.88584647,-0.10407512,0.29654763,0.25934967,0.91912852,0.1475912,-0.03415984,0.05801339
0.82777517,0.37438284,-0.41788245,-0.45790584,0.88118868,-0.11759567,0.32420747,0.2886936,0.90085821,0.0828594,0.26750305,0.10315825
0.81733919,0.3691156,-0.44239161,-0.4621325,0.87854705,-0.12078348,0.34407879,0.3031646,0.88865124,-0.0609329,0.57983804,0.10528862
0.804534,0.36590435,-0.46780232,-0.4662264,0.87705196,-0.11581355,0.36791025,0.31127775,0.87621241,-0.18380658,-0.12188088,0.13913646
0.80275002,0.36287716,-0.47319397,-0.46482069,0.87785974,-0.11534288,0.37354263,0.31254186,0.87337475,-0.27302611,0.07950347,0.12201527
0.80193612,0.35249323,-0.48233496,-0.45745831,0.88159263,-0.11630282,0.38422699,0.31391555,0.86823192,-0.30003738,0.28432384,0.07811588
0.80451424,0.33584427,-0.48986274,-0.44230295,0.88923327,-0.11675746,0.39638993,0.31060076,0.86394573,-0.33641627,0.22660629,0.03874157
0.80634047,0.32637551,-0.49324845,-0.43304158,0.89381456,-0.11649253,0.40285233,0.30752975,0.86205303,-0.35128868,0.21036284,0.01594698
0.81299074,0.28819259,-0.50595567,-0.39235074,0.91317858,-0.11029866,0.43024063,0.28818385,0.85547829,-0.29892954,0.0306564,-0.01846211
0.81433271,0.27749718,-0.50976223,-0.37999325,0.9187949,-0.10686932,0.438711,0.2807334,0.8536518,-0.27746794,-0.06674724,-0.03344634
0.81551364,0.26745035,-0.51323271,-0.36821966,0.92394718,-0.10361413,0.44648829,0.27348111,0.85197201,-0.20919268,-0.14131586,-0.02941226
0.81583234,0.26275699,-0.51514689,-0.36275453,0.92628253,-0.10202849,0.45036286,0.27011002,0.85100754,-0.19600129,-0.1639974,-0.03022839
0.81583234,0.26275699,-0.51514689,-0.36275453,0.92628253,-0.10202849,0.45036286,0.27011002,0.85100754,-0.19600129,-0.1639974,-0.03022839
0.81534807,0.24528979,-0.52444296,-0.34450855,0.9335518,-0.09896912,0.46531856,0.26136937,0.8456741,-0.16524446,-0.17656206,-0.04968719
0.81237613,0.2174017,-0.54109289,-0.31986723,0.94198137,-0.1017647,0.4875756,0.2557491,0.83478286,-0.15027194,-0.12272727,-0.05527012
0.81066636,0.21082838,-0.54623385,-0.31434198,0.94378771,-0.10224417,0.49397281,0.25459015,0.83136917,-0.14955787,-0.12728815,-0.05891811
0.79841607,0.18325435,-0.5735413,-0.29304303,0.95039596,-0.10427509,0.52598248,0.25132719,0.81251282,-0.14708824,-0.13933812,-0.05472288
0.76739926,0.14373542,-0.62485073,-0.26838585,0.9570728,-0.10945627,0.58229489,0.25169778,0.77303352,-0.14968714,-0.06237912,-0.01357132
0.75857364,0.13427927,-0.63760107,-0.26315616,0.95831592,-0.11126294,0.59608295,0.25218978,0.76228961,-0.14668635,-0.05325669,0.00172225
0.75857364,0.13427927,-0.63760107,-0.26315616,0.95831592,-0.11126294,0.59608295,0.25218978,0.76228961,-0.14668635,-0.05325669,0.00172225
0.69382158,0.07996499,-0.71569353,-0.23950639,0.96286563,-0.12460524,0.67915264,0.25786698,0.68720907,-0.17371124,-0.05988419,0.10823328
0.61050698,0.02749809,-0.79153334,-0.22709341,0.96351145,-0.14168369,0.7587554,0.2662509,0.5944751,-0.22036417,0.01685649,0.16628864
0.58441301,0.01308377,-0.81135087,-0.22430379,0.96351634,-0.14602761,0.77983923,0.26732952,0.56602622,-0.22365944,0.05179172,0.18455599
0.45387479,-0.04655815,-0.88984829,-0.21635694,0.96299137,-0.16073981,0.86439998,0.2654806,0.42700433,-0.3404879,-0.01172036,0.16458946
0.41480989,-0.06195311,-0.90779659,-0.21569733,0.96254683,-0.16425064,0.88397257,0.26394208,0.38591082,-0.37273991,-0.03217429,0.13571918
0.33106132,-0.09313491,-0.93900173,-0.21608152,0.96119195,-0.17151912,0.91853532,0.25968427,0.29808875,-0.41353822,-0.02926677,0.08948318
0.24123789,-0.12452202,-0.96244397,-0.218023,0.95942889,-0.17877966,0.94565856,0.25296335,0.20430194,-0.43515113,-0.03047103,0.07279745
0.19425206,-0.1402183,-0.9708784,-0.2192294,0.9584925,-0.18229259,0.95614042,0.24825581,0.15544917,-0.44829658,-0.02148443,0.06386423
0.09686574,-0.1713325,-0.98043973,-0.22208809,0.95651478,-0.18909349,0.97020295,0.23606067,0.05460261,-0.47056496,0.01634878,0.00896885
-0.00284223,-0.20090634,-0.97960624,-0.2252022,0.9545745,-0.19511917,0.97430781,0.22005491,-0.04795767,-0.46711326,0.03209585,-0.06273845
-0.15109227,-0.23976181,-0.9590022,-0.23003861,0.95203383,-0.20177666,0.96138088,0.19012064,-0.19899942,-0.42518497,0.0699523,-0.13313669
-0.24680437,-0.26091404,-0.9332799,-0.23381845,0.95065155,-0.20393764,0.94043417,0.16788536,-0.29563147,-0.40350944,0.02501935,-0.19489367
-0.2930062,-0.26999134,-0.91719786,-0.23622108,0.95000412,-0.20418562,0.9264701,0.15683382,-0.34213474,-0.37213552,0.02674359,-0.21458936
-0.46327191,-0.29746202,-0.83480252,-0.24806734,0.94785551,-0.20008127,0.85078875,0.1143952,-0.51290544,-0.23553044,0.06698232,-0.22750716
-0.50164848,-0.30217135,-0.81058065,-0.25118273,0.9475202,-0.1977693,0.82780176,0.10439318,-0.55122229,-0.19754697,0.07749563,-0.22554688
-0.50164848,-0.30217135,-0.81058065,-0.25118273,0.9475202,-0.1977693,0.82780176,0.10439318,-0.55122229,-0.19754697,0.07749563,-0.22554688
-0.63542389,-0.31484078,-0.70506152,-0.2624504,0.94679862,-0.1862583,0.72619298,0.0666907,-0.68424856,-0.06141897,-0.04913503,-0.27118361
-0.71448328,-0.31803776,-0.62318973,-0.26623944,0.947292,-0.17819769,0.64701624,0.03859841,-0.76149849,0.04114294,-0.06308787,-0.28005737
-0.71448328,-0.31803776,-0.62318973,-0.26623944,0.947292,-0.17819769,0.64701624,0.03859841,-0.76149849,0.04114294,-0.06308787,-0.28005737
-0.80729392,-0.31439709,-0.49943055,-0.2640383,0.9492726,-0.17077851,0.52778801,-0.00599967,-0.84935487,0.14390424,0.0450539,-0.19913301
-0.83228202,-0.3132819,-0.45734181,-0.26486509,0.9494699,-0.16838467,0.48698415,-0.01900963,-0.87320417,0.1232753,0.08289497,-0.13973081
-0.84262621,-0.31343601,-0.43787972,-0.26631856,0.94930275,-0.16702904,0.46803335,-0.02412756,-0.88338121,0.11421227,0.11632746,-0.10128026
-0.85988034,-0.31497383,-0.40174205,-0.2712159,0.9485816,-0.1632019,0.43248945,-0.03137531,-0.90109258,0.0900979,0.08686572,-0.06133223
-0.87916065,-0.31876476,-0.35421062,-0.28076522,0.94710266,-0.15545878,0.38502861,-0.03722324,-0.92215345,0.05026639,0.02170735,-0.0049942
-0.87916065,-0.31876476,-0.35421062,-0.28076522,0.94710266,-0.15545878,0.38502861,-0.03722324,-0.92215345,0.05026639,0.02170735,-0.0049942
-0.87916065,-0.31876476,-0.35421062,-0.28076522,0.94710266,-0.15545878,0.38502861,-0.03722324,-0.92215345,0.05026639,0.02170735,-0.0049942
-0.87916065,-0.31876476,-0.35421062,-0.28076522,0.94710266,-0.15545878,0.38502861,-0.03722324,-0.92215345,0.05026639,0.02170735,-0.0049942
-0.91226866,-0.32655621,-0.24723847,-0.30188275,0.94402436,-0.13298427,0.27682597,-0.04668035,-0.95978552,-0.03478084,-0.04571962,0.05313667
-0.91472914,-0.32655315,-0.23797713,-0.30288816,0.94396806,-0.13108417,0.26744876,-0.04782608,-0.96238416,-0.0395996,-0.01937204,0.05804439
-0.92328272,-0.3260064,-0.20314792,-0.30659231,0.94404716,-0.12155708,0.2314096,-0.04994795,-0.97157348,-0.01302371,-0.02355695,0.0522264
-0.92511341,-0.32575128,-0.19506698,-0.30733505,0.94412116,-0.11908149,0.22295781,-0.05021297,-0.97353393,-0.01051569,-0.02238041,0.05632981
-0.92851973,-0.32481887,-0.17984397,-0.30817865,0.94440123,-0.11459594,0.20706779,-0.05098051,-0.97699742,-0.01462507,-0.00547111,0.06058184
-0.93170806,-0.32324181,-0.16563394,-0.30818494,0.94489519,-0.1104315,0.19220279,-0.05184404,-0.97998473,-0.02508182,-0.00508881,0.05884182
-0.93620171,-0.31990213,-0.14556536,-0.3069431,0.94594485,-0.1047582,0.17120917,-0.05339451,-0.98378694,-0.04063165,-0.04045617,0.0658213
-0.93875261,-0.3180998,-0.13250035,-0.30636856,0.94647069,-0.1016442,0.1577407,-0.0548248,-0.98595761,-0.03897618,-0.05057346,0.06131868
-0.94112382,-0.31824383,-0.11404888,-0.30805563,0.94626418,-0.09841663,0.13924086,-0.05748883,-0.98858856,-0.05209487,-0.05301231,0.05920319
-0.94170003,-0.32047373,-0.10245708,-0.3111851,0.94539364,-0.09692625,0.12792459,-0.05939234,-0.99000387,-0.07569089,-0.03644883,0.06099232
-0.94173862,-0.32208389,-0.09690019,-0.31323513,0.94479508,-0.09615605,0.12252114,-0.06020135,-0.99063801,-0.07731328,-0.04443103,0.06424251
-0.94169709,-0.32525029,-0.08613282,-0.31728883,0.94362606,-0.09432744,0.1119572,-0.0614989,-0.99180819,-0.08053781,-0.06047058,0.06684694
-0.94193199,-0.32826971,-0.07073342,-0.3215317,0.94241972,-0.09199146,0.09685858,-0.06390666,-0.9932444,-0.08108278,-0.0300923,0.07748239
-0.94341326,-0.3275897,-0.05153784,-0.32226791,0.94231741,-0.09045044,0.07819564,-0.06872317,-0.99456639,-0.07921162,-0.04009223,0.08130437
