0,1,2,3,4,5,6,7,8,9,10,11
0.19751703,0.18386322,-0.96290249,0.97399333,0.07442679,0.21400352,0.11101305,-0.98013,-0.16438094,-0.00467175,-0.00326538,-0.00308677
0.19751703,0.18386322,-0.96290249,0.97399333,0.07442679,0.21400352,0.11101305,-0.98013,-0.16438094,-0.00467175,-0.00326538,-0.00308677
0.19751703,0.18386322,-0.96290249,0.97399333,0.07442679,0.21400352,0.11101305,-0.98013,-0.16438094,-0.00467175,-0.00326538,-0.00308677
0.19751703,0.18386322,-0.96290249,0.97399333,0.07442679,0.21400352,0.11101305,-0.98013,-0.16438094,-0.00467175,-0.00326538,-0.00308677
0.19751703,0.18386322,-0.96290249,0.97399333,0.07442679,0.21400352,0.11101305,-0.98013,-0.16438094,-0.00467175,-0.00326538,-0.00308677
0.200918362,0.178254486,-0.963253386,0.972549277,0.0815331188,0.217945359,0.117386756,-0.98060064,-0.156979748,-0.0170101896,-0.000796735287,0.0201577172
0.200918362,0.178254486,-0.963253386,0.972549277,0.0815331188,0.217945359,0.117386756,-0.98060064,-0.156979748,-0.0170101896,-0.000796735287,0.0201577172
0.200918362,0.178254486,-0.963253386,0.972549277,0.0815331188,0.217945359,0.117386756,-0.98060064,-0.156979748,-0.0170101896,-0.000796735287,0.0201577172
0.200918362,0.178254486,-0.963253386,0.972549277,0.0815331188,0.217945359,0.117386756,-0.98060064,-0.156979748,-0.0170101896,-0.000796735287,0.0201577172
0.200918362,0.178254486,-0.963253386,0.972549277,0.0815331188,0.217945359,0.117386756,-0.98060064,-0.156979748,-0.0170101896,-0.000796735287,0.0201577172
0.200918362,0.178254486,-0.963253386,0.972549277,0.0815331188,0.217945359,0.117386756,-0.98060064,-0.156979748,-0.0170101896,-0.000796735287,0.0201577172
0.200918362,0.178254486,-0.963253386,0.972549277,0.0815331188,0.217945359,0.117386756,-0.98060064,-0.156979748,-0.0170101896,-0.000796735287,0.0201577172
0.200918362,0.178254486,-0.963253386,0.972549277,0.0815331188,0.217945359,0.117386756,-0.98060064,-0.156979748,-0.0170101896,-0.000796735287,0.0201577172
0.19790311,0.17454691,-0.96455571,0.97325272,0.08213891,0.21455144,0.11667683,-0.98121687,-0.15362271,-0.00432828,0.00251645,-0.0114909
0.197784622,0.174400875,-0.964606457,0.973295007,0.0820374363,0.214398538,0.116525154,-0.981251363,-0.153517771,-0.000676830299,-0.00326734781,-0.0120223965
0.19764708,0.17405708,-0.96469665,0.97337409,0.08170376,0.21416636,0.11609645,-0.98134014,-0.1532741,-0.00123787,-0.00662118,-0.01727466
0.197489624,0.173287238,-0.964867539,0.973462672,0.0814204609,0.213871735,0.115621195,-0.981499988,-0.152608957,-0.000972562237,-0.00152271986,-0.0157064144
0.197362579,0.172706664,-0.964997643,0.973522039,0.0812838561,0.213653481,0.115338126,-0.98161366,-0.152091363,0.000283763278,0.00569742918,-0.00910306349
0.197362579,0.172706664,-0.964997643,0.973522039,0.0812838561,0.213653481,0.115338126,-0.98161366,-0.152091363,0.000283763278,0.00569742918,-0.00910306349
0.19653088,0.1689344,-0.96583476,0.97402197,0.07938675,0.21208239,0.11250249,-0.98242501,-0.14894387,-0.00328219,0.00698167,-0.00765287
0.19653088,0.1689344,-0.96583476,0.97402197,0.07938675,0.21208239,0.11250249,-0.98242501,-0.14894387,-0.00328219,0.00698167,-0.00765287
0.19653088,0.1689344,-0.96583476,0.97402197,0.07938675,0.21208239,0.11250249,-0.98242501,-0.14894387,-0.00328219,0.00698167,-0.00765287
0.19653088,0.1689344,-0.96583476,0.97402197,0.07938675,0.21208239,0.11250249,-0.98242501,-0.14894387,-0.00328219,0.00698167,-0.00765287
0.19653088,0.1689344,-0.96583476,0.97402197,0.07938675,0.21208239,0.11250249,-0.98242501,-0.14894387,-0.00328219,0.00698167,-0.00765287
0.19653088,0.1689344,-0.96583476,0.97402197,0.07938675,0.21208239,0.11250249,-0.98242501,-0.14894387,-0.00328219,0.00698167,-0.00765287
0.19805989,0.15103762,-0.96848331,0.9746591,0.07446802,0.21093636,0.10398036,-0.9857191,-0.13246106,-0.0184263,-0.00456184,-0.00313131
0.19805989,0.15103762,-0.96848331,0.9746591,0.07446802,0.21093636,0.10398036,-0.9857191,-0.13246106,-0.0184263,-0.00456184,-0.00313131
0.19805989,0.15103762,-0.96848331,0.9746591,0.07446802,0.21093636,0.10398036,-0.9857191,-0.13246106,-0.0184263,-0.00456184,-0.00313131
0.19805989,0.15103762,-0.96848331,0.9746591,0.07446802,0.21093636,0.10398036,-0.9857191,-0.13246106,-0.0184263,-0.00456184,-0.00313131
0.19805989,0.15103762,-0.96848331,0.9746591,0.07446802,0.21093636,0.10398036,-0.9857191,-0.13246106,-0.0184263,-0.00456184,-0.00313131
0.20607859,0.11353035,-0.97192718,0.97409551,0.07070916,0.21479782,0.0931102,-0.99101515,-0.09601774,-0.05179125,0.02969915,-0.01023741
0.20734377,0.10751538,-0.97234197,0.97398325,0.07023824,0.21546019,0.09146082,-0.99171917,-0.09015468,-0.0559568,0.03244859,-0.01290412
0.21012985,0.0932299,-0.97321817,0.97370177,0.06967948,0.21690924,0.08803576,-0.99320337,-0.07613638,-0.06288148,0.04048067,-0.00317946
0.21012985,0.0932299,-0.97321817,0.97370177,0.06967948,0.21690924,0.08803576,-0.99320337,-0.07613638,-0.06288148,0.04048067,-0.00317946
0.21468107,0.0672972,-0.97436291,0.9732151,0.0692693,0.21921243,0.0822458,-0.99532548,-0.05062383,-0.06625921,0.02788454,0.00318502
0.21468107,0.0672972,-0.97436291,0.9732151,0.0692693,0.21921243,0.0822458,-0.99532548,-0.05062383,-0.06625921,0.02788454,0.00318502
0.21468107,0.0672972,-0.97436291,0.9732151,0.0692693,0.21921243,0.0822458,-0.99532548,-0.05062383,-0.06625921,0.02788454,0.00318502
0.22672779,0.00584788,-0.97394062,0.97149275,0.06974842,0.22657675,0.06925582,-0.99754748,0.01013273,-0.05287775,-0.06691831,0.01250517
0.22970884,-0.00852381,-0.97322207,0.97102489,0.06972841,0.22857954,0.06591285,-0.9975296,0.02429406,-0.0565289,-0.04576916,0.00986739
0.23088469,-0.01562521,-0.97285571,0.97086499,0.06960906,0.22929432,0.06413687,-0.99745204,0.03124158,-0.06022936,-0.02251863,0.00783506
0.23172925,-0.04725965,-0.9716317,0.97121839,0.06781885,0.22833205,0.0551041,-0.99657775,0.06161502,-0.05820143,-0.00556797,-0.01717012
0.23083028,-0.05652299,-0.97135083,0.97158134,0.06716541,0.22697663,0.05241172,-0.99613947,0.07042054,-0.05173445,-0.02184373,-0.01384373
0.2271673,-0.07637215,-0.97085653,0.97273572,0.06559425,0.22244711,0.04669389,-0.99491949,0.08919074,-0.02606846,-0.04350555,-0.00387545
0.22056942,-0.0958871,-0.97064658,0.97450922,0.06349508,0.21517469,0.0409988,-0.993365,0.10744794,0.01321413,-0.03895789,0.01776156
0.22056942,-0.0958871,-0.97064658,0.97450922,0.06349508,0.21517469,0.0409988,-0.993365,0.10744794,0.01321413,-0.03895789,0.01776156
0.20425516,-0.12032847,-0.9714941,0.97839031,0.05766321,0.1985629,0.03212664,-0.99105797,0.12950627,0.08119106,-0.0276897,0.0221253
0.188945379,-0.13223388,-0.973043631,0.98165472,0.0512343604,0.183654907,0.0255679044,-0.989893588,0.139488473,0.117791072,-0.0188046098,-1.4545396e-05
0.18012141,-0.13719331,-0.9740299,0.98339719,0.04731416,0.17518938,0.02205058,-0.98941363,0.14343783,0.12407494,-0.01456755,-0.0172196
0.1603017,-0.14656269,-0.97612639,0.98696943,0.03777938,0.1564099,0.01395359,-0.98847969,0.15070899,0.14547125,-0.01916987,-0.0381811
0.1603017,-0.14656269,-0.97612639,0.98696943,0.03777938,0.1564099,0.01395359,-0.98847969,0.15070899,0.14547125,-0.01916987,-0.0381811
0.1603017,-0.14656269,-0.97612639,0.98696943,0.03777938,0.1564099,0.01395359,-0.98847969,0.15070899,0.14547125,-0.01916987,-0.0381811
0.10110431,-0.17283682,-0.9797475,0.99479942,0.00536602,0.10171088,-0.01232215,-0.98493575,0.17248061,0.22038372,-0.05101573,-0.04789319
0.07515906,-0.18317522,-0.98020305,0.99687455,-0.01018873,0.07834143,-0.0243372,-0.98302751,0.1818369,0.23535764,-0.03592443,-0.07994202
0.07515906,-0.18317522,-0.98020305,0.99687455,-0.01018873,0.07834143,-0.0243372,-0.98302751,0.1818369,0.23535764,-0.03592443,-0.07994202
0.03641614,-0.20025285,-0.97906713,0.99842597,-0.03452435,0.0441975,-0.04265245,-0.97913565,0.19868054,0.27906403,-0.01347083,-0.10164326
0.000106932862,-0.219081222,-0.975706569,0.99823233,-0.0579643067,0.0131244341,-0.0594315229,-0.973983292,0.218687823,0.322504729,-0.0371519923,-0.078752473
-0.02241805,-0.23042401,-0.97283205,0.99734805,-0.07254814,-0.00579932,-0.06924085,-0.97038216,0.23143933,0.35151324,-0.0420841,-0.07318994
-0.04305375,-0.23972825,-0.96988481,0.99601358,-0.08620966,-0.02290509,-0.07812254,-0.96700468,0.24248437,0.3781485,-0.02777743,-0.0534838
-0.05246856,-0.24329403,-0.96853241,0.99522628,-0.09266012,-0.03063857,-0.08229016,-0.96551648,0.24699438,0.38684735,-0.02280498,-0.04652072
-0.06942045,-0.24848053,-0.96614601,0.99352151,-0.10457186,-0.04449294,-0.08997611,-0.96297561,0.25413025,0.40681836,-0.0315575,-0.04058459
-0.08395216,-0.25189851,-0.96410542,0.99177376,-0.11494303,-0.05632946,-0.09662784,-0.9609034,0.25947598,0.41635409,-0.05047268,-0.03441351
-0.09034955,-0.25318509,-0.96318955,0.99092111,-0.11953815,-0.06152896,-0.09955976,-0.96000405,0.26168678,0.42641592,-0.05435151,-0.03483541
-0.10179494,-0.25551761,-0.96143054,0.98930216,-0.12751812,-0.07085565,-0.10449488,-0.95835799,0.26576473,0.44863537,-0.03858602,-0.03499967
-0.11113793,-0.25784419,-0.95977328,0.98787275,-0.13402683,-0.07838527,-0.10842417,-0.95684544,0.2696127,0.46855503,-0.00767523,-0.01596287
-0.11499076,-0.25886542,-0.95904415,0.98727387,-0.13654601,-0.08151906,-0.10985125,-0.95621323,0.27127269,0.47377235,0.01545054,-0.00688269
-0.12439486,-0.26079331,-0.95734668,0.98591931,-0.14115599,-0.08965486,-0.11175388,-0.95501923,0.27468031,0.47480869,0.1243903,0.01090062
-0.1161111,-0.26070374,-0.95841087,0.98759915,-0.13296124,-0.0834797,-0.1056682,-0.95621885,0.27290932,0.45117152,0.27742463,0.01961368
-0.07973638,-0.26775761,-0.96018126,0.99265611,-0.10923807,-0.05197087,-0.09097271,-0.95727373,0.27450143,0.35504308,0.19969863,0.03637262
-0.04291498,-0.27299007,-0.9610591,0.99610936,-0.08580003,-0.02010854,-0.07696953,-0.95818299,0.27561016,0.26201531,0.02260321,0.00183182
-0.01159963,-0.275136,-0.96133528,0.9978871,-0.06464865,0.00646185,-0.06392697,-0.95922918,0.27530464,0.21626884,-0.03726232,-0.03992014
0.04425772,-0.27818597,-0.95950714,0.99825062,-0.02537733,0.05340237,-0.03920545,-0.96019201,0.27657609,0.21604134,0.00584239,-0.01590241
0.10628703,-0.27119045,-0.95663929,0.99426042,0.017167,0.10560034,-0.01221522,-0.96237257,0.2714586,0.20287986,0.14374357,0.09462659
0.14918349,-0.25313612,-0.95585888,0.98879854,0.04272885,0.14300868,0.00464198,-0.96648649,0.25667519,0.13833827,0.2159217,0.13066317
0.14918349,-0.25313612,-0.95585888,0.98879854,0.04272885,0.14300868,0.00464198,-0.96648649,0.25667519,0.13833827,0.2159217,0.13066317
0.2534022,-0.17163579,-0.95201287,0.9665158,0.08605173,0.24174851,0.04042967,-0.98139507,0.18769439,-0.10490046,0.17135078,0.00825153
0.31046972,-0.13062394,-0.94156562,0.94866673,0.10544277,0.29818302,0.06033137,-0.98580884,0.15665544,-0.16132005,0.07929736,0.00612314
0.34589726,-0.10978641,-0.93182725,0.9353726,0.11836776,0.3332674,0.07371007,-0.98688197,0.14363428,-0.18817531,0.03021365,0.0434095
0.39566848,-0.08096894,-0.91481719,0.91359491,0.13639437,0.3830678,0.09375933,-0.98734018,0.12793975,-0.22421128,-0.03454787,0.06600521
0.42671611,-0.06150644,-0.90229167,0.89801135,0.14706007,0.41466715,0.10718633,-0.98721335,0.11798642,-0.25192195,-0.08317184,0.05628339
0.45606161,-0.04223195,-0.88894559,0.881733,0.15685135,0.4449096,0.12064291,-0.98671886,0.10877119,-0.26965952,-0.13981557,0.05308592
0.47012631,-0.03293849,-0.88198423,0.87336081,0.16156847,0.45949572,0.12736566,-0.98631155,0.10472483,-0.27012408,-0.17271185,0.05620314
0.49659404,-0.01491209,-0.86785483,0.85646997,0.17072791,0.48714597,0.14090269,-0.98520538,0.09755421,-0.25831652,-0.23022008,0.05881699
0.49659404,-0.01491209,-0.86785483,0.85646997,0.17072791,0.48714597,0.14090269,-0.98520538,0.09755421,-0.25831652,-0.23022008,0.05881699
0.55234594,0.02566765,-0.8332197,0.81559315,0.19007245,0.54651639,0.17239986,-0.98143442,0.08405141,-0.28963408,-0.27238548,0.08095665
0.57083222,0.04102734,-0.82004107,0.80038287,0.19495972,0.56690213,0.18313348,-0.97995281,0.0784517,-0.29921019,-0.29564369,0.09430679
0.57920426,0.0487288,-0.8137247,0.79322269,0.19644304,0.57637473,0.18793657,-0.97930361,0.07512787,-0.30436674,-0.30193681,0.08886262
0.59394894,0.06322426,-0.80201452,0.78018327,0.19799652,0.59338969,0.19631267,-0.97816152,0.06827333,-0.32392544,-0.30546409,0.07888406
0.60544942,0.0749499,-0.79234681,0.76955753,0.1988083,0.60684132,0.20300779,-0.9771682,0.06269013,-0.34083459,-0.2840668,0.08026484
0.6098112,0.07939594,-0.78855985,0.76541023,0.19913256,0.61195877,0.20561502,-0.97675106,0.06066278,-0.35115236,-0.27110904,0.08893529
0.61534827,0.08535041,-0.78362095,0.76003396,0.19938251,0.61854259,0.20903316,-0.97619766,0.05782048,-0.37270454,-0.2292524,0.08643047
0.61666223,0.08744384,-0.78235621,0.75872367,0.19898849,0.62027565,0.20991914,-0.97609276,0.05636299,-0.40340596,-0.17537278,0.07615863
0.60941974,0.08406234,-0.78837877,0.76532875,0.19733329,0.61264298,0.20707356,-0.97672568,0.05592348,-0.40989023,-0.11077487,0.07196052
0.5975837,0.07809246,-0.79799448,0.77592288,0.19451259,0.60009027,0.20208242,-0.97778639,0.05564386,-0.39856732,-0.05123419,0.05012222
0.58945159,0.07448084,-0.80436267,0.78295776,0.19238192,0.59157934,0.19880607,-0.97848943,0.05508452,-0.401068,0.00153142,0.04083489
0.52748329,0.0621147,-0.84729164,0.83169268,0.16573927,0.52992241,0.17334546,-0.98421148,0.03576436,-0.32718071,0.11415869,-0.02437953
0.494595,0.0599649,-0.86705252,0.85481233,0.14673181,0.49776077,0.15707241,-0.98735714,0.02131405,-0.30257925,0.17346805,-0.08633964
0.4572945,0.05480737,-0.88762489,0.87875994,0.12547442,0.46047499,0.13661168,-0.99058185,0.00921622,-0.2435362,0.16530043,-0.15968016
0.3935955,0.03371431,-0.91866532,0.91360516,0.09655804,0.39497115,0.10202073,-0.99475623,0.00720323,-0.09771296,0.10363775,-0.25059164
0.32484368,-0.003381,-0.94576157,0.94341099,0.07170821,0.32377982,0.06672404,-0.99741978,0.02648373,-0.01675801,0.08973879,-0.19454975
0.28139308,-0.02593049,-0.95924212,0.95863216,0.05230831,0.27980007,0.04292092,-0.9982942,0.03957705,-0.01113246,0.10793239,-0.13209809
0.2258245,-0.04734511,-0.97301683,0.97413123,0.01965423,0.22512681,0.00846526,-0.99868522,0.05055875,-0.057879,0.11203891,-0.14819841
0.1688279,-0.08185991,-0.98224031,0.98523079,-0.01488993,0.17058279,-0.02858943,-0.99653256,0.07813711,-0.05412357,0.0715639,-0.15983143
0.13710762,-0.12932997,-0.98207698,0.98934366,-0.03115991,0.14222554,-0.04899549,-0.99111187,0.12367957,0.04386798,0.04435784,-0.05705296
0.1208016,-0.16749898,-0.97844322,0.99089085,-0.03875049,0.12897213,-0.05951781,-0.98511044,0.16129203,0.121044,0.01177293,0.0096254
0.10138729,-0.22496672,-0.96907714,0.99223953,-0.0476126,0.1148636,-0.07198082,-0.9732024,0.21839362,0.21649162,-0.02810848,0.06732489
0.08480198,-0.2764252,-0.95728656,0.99305234,-0.05521515,0.10391412,-0.0815813,-0.95944786,0.26982245,0.29028571,-0.08385575,0.04772106
0.07381734,-0.30743674,-0.94870099,0.99347836,-0.06022442,0.09681776,-0.08690034,-0.94966077,0.3009862,0.34037554,-0.12068957,0.0536763
0.0558171,-0.34398756,-0.93731363,0.9940441,-0.06885916,0.08446617,-0.09359803,-0.93644582,0.33809541,0.3859348,-0.16161609,0.05056503
0.0558171,-0.34398756,-0.93731363,0.9940441,-0.06885916,0.08446617,-0.09359803,-0.93644582,0.33809541,0.3859348,-0.16161609,0.05056503
0.02833415,-0.37085867,-0.92825696,0.99460588,-0.08223731,0.06321495,-0.09978118,-0.92504099,0.36652812,0.37536156,-0.18861681,-0.02760831
0.02833415,-0.37085867,-0.92825696,0.99460588,-0.08223731,0.06321495,-0.09978118,-0.92504099,0.36652812,0.37536156,-0.18861681,-0.02760831
0.00616243,-0.38367195,-0.92344885,0.99471524,-0.09229293,0.0449836,-0.10248679,-0.91884589,0.38107564,0.38460967,-0.16276878,-0.0563551
-0.00864847,-0.39052843,-0.92055018,0.99463351,-0.09827388,0.03234658,-0.10309836,-0.91533035,0.38928267,0.39515626,-0.125552,-0.07457483
-0.0157731,-0.39345049,-0.91921039,0.99454515,-0.10097385,0.02615408,-0.10310664,-0.91378378,0.39289708,0.40020692,-0.10327965,-0.08954199
-0.02909866,-0.39884758,-0.91655548,0.9943172,-0.1054886,0.01433694,-0.10240437,-0.91092966,0.39965053,0.4129214,-0.05302685,-0.09195355
-0.04042253,-0.40301942,-0.91429828,0.99408337,-0.10854969,0.00389836,-0.10081792,-0.90873115,0.40502277,0.43016583,0.02642518,-0.07746913
-0.045301235,-0.404318045,-0.913495824,0.994001591,-0.109361527,-0.000889646487,-0.0995416447,-0.908056646,0.406847064,0.440201014,0.0818988681,-0.0744533539
-0.05272363,-0.40447528,-0.91302799,0.99393159,-0.10964633,-0.00882165,-0.09654196,-0.90795241,0.40780161,0.45241797,0.1582709,-0.06139592
-0.05703941,-0.40067925,-0.91444118,0.99403809,-0.10804305,-0.01466331,-0.09292372,-0.90982573,0.40445313,0.44829497,0.20570189,-0.06382963
-0.05776215,-0.39747942,-0.91579117,0.99418691,-0.10639058,-0.01653036,-0.09086116,-0.9114225,0.40131431,0.43418309,0.21035546,-0.07106447
-0.05608181,-0.38900304,-0.91952788,0.99474268,-0.10080797,-0.01802267,-0.08568484,-0.91570435,0.39261137,0.40963706,0.18504614,-0.09290721
-0.05029011,-0.3790317,-0.92401614,0.9956271,-0.09195332,-0.01646831,-0.07872436,-0.92080373,0.38199861,0.40454966,0.18439823,-0.11502672
-0.04600994,-0.37376701,-0.92638065,0.99615294,-0.0864033,-0.01461418,-0.07458014,-0.9234893,0.37630466,0.41100174,0.18970126,-0.12141125
-0.03498207,-0.36312914,-0.93108194,0.99720971,-0.07416134,-0.00854305,-0.06594801,-0.92878276,0.36471015,0.41250622,0.23164123,-0.12203901
-0.02039535,-0.35286164,-0.93545317,0.99813757,-0.06098998,0.00124393,-0.05749224,-0.93368561,0.35344841,0.40095568,0.28833729,-0.06592773
-0.01178001,-0.34742158,-0.937635,0.9984885,-0.05442913,0.00762304,-0.05368311,-0.936128,0.34753768,0.38494378,0.33195716,-0.02680121
0.00871712,-0.33462408,-0.94231125,0.99885723,-0.04136795,0.02393029,-0.04698927,-0.94144312,0.33388124,0.29957759,0.302836,0.00220789
0.03413243,-0.319019,-0.94713355,0.99856558,-0.02823245,0.04549538,-0.04125373,-0.94732778,0.31759767,0.21111132,0.24161381,-0.00547599
0.0490705582,-0.310419607,-0.949332209,0.998059646,-0.0212327422,0.0585320553,-0.0383264784,-0.950362418,0.308775452,0.157416791,0.240444958,-0.000754028559
0.0835808877,-0.291746955,-0.95283678,0.996001558,-0.00581121712,0.0891465289,-0.0315453806,-0.956477873,0.290094729,0.0628033653,0.269412935,0.000248661265
0.12376122,-0.27232213,-0.95421364,0.9920472,0.01174356,0.12531667,-0.02292072,-0.96213438,0.27160991,-0.00982643,0.27967161,0.01213439
0.14552491,-0.26239253,-0.95392487,0.98919418,0.02122753,0.1450664,-0.01781487,-0.9647277,0.2626463,-0.0358688,0.27604479,0.0390452
0.23725993,-0.21467221,-0.94742995,0.97140996,0.06084878,0.22947774,0.00838742,-0.97478879,0.22297174,-0.1227726,0.23630756,0.08246718
0.23725993,-0.21467221,-0.94742995,0.97140996,0.06084878,0.22947774,0.00838742,-0.97478879,0.22297174,-0.1227726,0.23630756,0.08246718
0.30458993,-0.17030271,-0.93713496,0.95192633,0.08807836,0.29339122,0.03257596,-0.98144747,0.18894344,-0.1925081,0.15846139,-0.02287822
0.34842921,-0.14454358,-0.92612319,0.93601456,0.10608188,0.33559392,0.04973689,-0.98379555,0.17225696,-0.19717857,0.0479762,-0.02141578
0.36987001,-0.13306276,-0.91950552,0.92722707,0.11539929,0.35627637,0.05870311,-0.98436639,0.16606217,-0.19498202,-0.00281852,0.01157758
0.41151694,-0.10914401,-0.90484326,0.90809055,0.13365731,0.39687172,0.07762269,-0.98499908,0.15411493,-0.20192017,-0.07512212,0.08276373
0.45050989,-0.0806546,-0.88912072,0.8874977,0.14854849,0.43621226,0.096895,-0.98561054,0.13850335,-0.23333418,-0.12093133,0.10757
0.46884301,-0.06459169,-0.88091665,0.87685639,0.15411013,0.45538218,0.10634427,-0.98594014,0.1288911,-0.24946669,-0.13499743,0.11275501
0.50284868,-0.03046227,-0.86383752,0.85539623,0.16120487,0.49225021,0.12425976,-0.98645073,0.10711897,-0.28799573,-0.15601164,0.10095936
0.54800136,0.0188711,-0.83626449,0.82336638,0.16414489,0.54325324,0.14752025,-0.98625563,0.07441383,-0.34192109,-0.20935971,0.05769383
0.5981744,0.06641917,-0.79860868,0.78244689,0.16685747,0.59994611,0.1731017,-0.98374131,0.04784041,-0.37320367,-0.30010384,0.05694023
0.62867565,0.08957381,-0.77249168,0.75435767,0.1711424,0.63376229,0.18897453,-0.98116597,0.04002239,-0.37741467,-0.33837014,0.06338299
0.6456656,0.10045968,-0.75698335,0.7374486,0.17527393,0.65226423,0.19820571,-0.97938088,0.03908449,-0.37932542,-0.35972124,0.06262627
0.66574255,0.11044058,-0.73796321,0.71586498,0.18450811,0.67341962,0.21053301,-0.97660613,0.04377436,-0.37673196,-0.37813705,0.08109872
0.67916455,0.11504477,-0.7249139,0.69994812,0.1957585,0.68684139,0.22092552,-0.97388047,0.05242688,-0.37245628,-0.3734712,0.09484889
0.68409816,0.11641593,-0.72003959,0.69320861,0.20328711,0.69147385,0.22687331,-0.97217365,0.05836783,-0.36642948,-0.35867697,0.0829011
0.68542589,0.11600835,-0.71884171,0.69026955,0.21072037,0.69218844,0.23177422,-0.97063842,0.06435617,-0.3624464,-0.32733983,0.07081041
0.67930501,0.10984854,-0.72558803,0.69487589,0.22167302,0.68411147,0.23599191,-0.96891399,0.0742525,-0.32710436,-0.27051198,0.06447133
0.66146508,0.09949153,-0.74334742,0.71189828,0.22851362,0.66406506,0.23593388,-0.9684436,0.08032592,-0.22484265,-0.21503878,0.03885805
0.64251212,0.09317701,-0.76058939,0.73007736,0.22703058,0.64454959,0.23273425,-0.96942001,0.07784347,-0.21931019,-0.12384242,0.00763772
0.617955933,0.0857388228,-0.78152374,0.753516119,0.219097173,0.619846725,0.224374598,-0.97192868,0.0707868017,-0.243894041,-0.000262916088,-0.0207497589
0.57145476,0.06749763,-0.81785296,0.79669665,0.19332011,0.57262698,0.19675834,-0.97881115,0.05669859,-0.22780564,0.1278705,-0.06405201
0.53382141,0.0501307,-0.84410997,0.82851584,0.16862222,0.53397388,0.1691042,-0.98440516,0.04848006,-0.19602214,0.16214818,-0.08544461
0.5125708,0.04034469,-0.8576966,0.84483261,0.15475015,0.51216228,0.15339169,-0.9871295,0.04523591,-0.19528058,0.19351667,-0.10106541
0.41010887,-0.00898857,-0.91199226,0.90819567,0.09569881,0.40745837,0.08361408,-0.99536973,0.04741033,-0.24610603,0.31645995,-0.26392621
0.32158725,-0.06372718,-0.94473304,0.94631144,0.05620018,0.31833356,0.03280769,-0.99638368,0.078379,-0.1430704,0.38052732,-0.28020021
0.24120514,-0.11901987,-0.96314814,0.97042631,0.01972646,0.24059016,-0.00963552,-0.99269588,0.12025815,-0.03353491,0.3194527,-0.17570198
0.19915605,-0.14319761,-0.96944893,0.97944678,-0.00316697,0.20167769,-0.03195003,-0.989689,0.13962376,0.0013141,0.23118383,-0.11292461
0.14085797,-0.17426772,-0.97457154,0.98785223,-0.04051314,0.15002176,-0.06562696,-0.98386449,0.16644422,-0.01952901,0.05657417,-0.0655534
0.14085797,-0.17426772,-0.97457154,0.98785223,-0.04051314,0.15002176,-0.06562696,-0.98386449,0.16644422,-0.01952901,0.05657417,-0.0655534
0.13170361,-0.20293093,-0.97029538,0.98846316,-0.04697192,0.14399346,-0.07479741,-0.97806573,0.19440343,0.00767643,0.02540642,-0.02090528
0.13253125,-0.23323242,-0.96334738,0.98809673,-0.04549877,0.14695168,-0.07810498,-0.97135605,0.22442614,0.07578257,-0.03356117,0.114981
0.13835999,-0.28064829,-0.94978577,0.98708489,-0.03911089,0.15535024,-0.08074577,-0.95901346,0.27161234,0.15574197,-0.06435472,0.1059358
0.14711263,-0.35000999,-0.92512196,0.98572845,-0.02550373,0.16639922,-0.08183559,-0.93639857,0.34126305,0.26748714,-0.08616441,0.08678684
0.14822727,-0.36821103,-0.91785032,0.98554182,-0.02202435,0.16799443,-0.08207251,-0.92948128,0.35962283,0.30134797,-0.0982393,0.08711818
0.14608083,-0.43222886,-0.88985313,0.98574029,-0.01234873,0.16782009,-0.08352525,-0.90167939,0.42426149,0.38301471,-0.18155533,0.06624747
0.14322952,-0.44434503,-0.88433186,0.98613466,-0.01159093,0.1655419,-0.08380794,-0.89578077,0.43652385,0.3956829,-0.19653773,0.05794734
0.1344969,-0.46204538,-0.87659831,0.98735683,-0.01240152,0.15802732,-0.08388698,-0.88676954,0.45453573,0.40299886,-0.18537861,0.03975697
0.1344969,-0.46204538,-0.87659831,0.98735683,-0.01240152,0.15802732,-0.08388698,-0.88676954,0.45453573,0.40299886,-0.18537861,0.03975697
0.11532515,-0.47082479,-0.87465662,0.98981795,-0.01948693,0.14099917,-0.08343024,-0.88201154,0.46378344,0.36069596,-0.14211726,-0.03926319
0.10037024,-0.4678195,-0.87810625,0.99148133,-0.02660319,0.12750242,-0.08300863,-0.88342346,0.46116425,0.33932108,-0.10773391,-0.05515596
0.07770728,-0.45375099,-0.88773402,0.99364761,-0.03745259,0.10612168,-0.08140071,-0.89034118,0.4479582,0.29923189,-0.037938,-0.0920587
0.06382042,-0.44131931,-0.89507773,0.99478441,-0.04337677,0.09231661,-0.07956673,-0.89630109,0.4362493,0.28453365,0.00796777,-0.10607529
0.05155274,-0.42853674,-0.90205245,0.99567304,-0.04787239,0.07964589,-0.07731458,-0.90225525,0.4242145,0.28724703,0.04789406,-0.09928286
0.03837768,-0.40708032,-0.91258579,0.99649993,-0.05228093,0.06522774,-0.07426373,-0.91189494,0.40364904,0.28601626,0.04975373,-0.08061406
0.03837768,-0.40708032,-0.91258579,0.99649993,-0.05228093,0.06522774,-0.07426373,-0.91189494,0.40364904,0.28601626,0.04975373,-0.08061406
0.03200891,-0.38190447,-0.92364724,0.99701491,-0.052762,0.05636714,-0.07026043,-0.9226944,0.37907572,0.28758791,0.04990405,-0.05322716
0.03200891,-0.38190447,-0.92364724,0.99701491,-0.052762,0.05636714,-0.07026043,-0.9226944,0.37907572,0.28758791,0.04990405,-0.05322716
0.03200891,-0.38190447,-0.92364724,0.99701491,-0.052762,0.05636714,-0.07026043,-0.9226944,0.37907572,0.28758791,0.04990405,-0.05322716
0.03200891,-0.38190447,-0.92364724,0.99701491,-0.052762,0.05636714,-0.07026043,-0.9226944,0.37907572,0.28758791,0.04990405,-0.05322716
0.0370131,-0.26796484,-0.96271734,0.99790999,-0.04115089,0.04982009,-0.05296681,-0.96254934,0.2658818,0.34331554,-0.02228552,-0.01739443
0.0370131,-0.26796484,-0.96271734,0.99790999,-0.04115089,0.04982009,-0.05296681,-0.96254934,0.2658818,0.34331554,-0.02228552,-0.01739443
0.03538831,-0.13488098,-0.99022962,0.99839198,-0.03913433,0.04101054,-0.04428356,-0.99008865,0.13327924,0.37022325,0.10637456,0.12995419
0.03236051,-0.06911715,-0.99708352,0.99837084,-0.04467011,0.03549875,-0.04699344,-0.9966079,0.06755905,0.32312259,0.474361,0.22533923
0.03729772,0.03150683,-0.99880746,0.99751956,-0.0608829,0.03532918,-0.05969711,-0.9976476,-0.03369954,0.15214229,0.44881684,0.1128177
0.03729772,0.03150683,-0.99880746,0.99751956,-0.0608829,0.03532918,-0.05969711,-0.9976476,-0.03369954,0.15214229,0.44881684,0.1128177
0.0588292294,0.100094458,-0.993237252,0.996181467,-0.0701832803,0.0519308354,-0.0645106502,-0.992499585,-0.103841081,-0.000940520316,0.249844253,0.140804872
0.08151117,0.14840137,-0.98556224,0.99486347,-0.07166519,0.0714894,-0.0600214,-0.98632707,-0.1534806,-0.08313338,0.27095419,0.18602645
0.09521458,0.17474952,-0.97999841,0.9938828,-0.07202848,0.08371979,-0.05595774,-0.98197486,-0.18053874,-0.11688435,0.29400033,0.19650212
0.18173895,0.30476668,-0.93492671,0.98313347,-0.07611101,0.16629896,-0.02047599,-0.94938087,-0.31345857,-0.27551669,0.30361789,0.14953783
0.21929759,0.34364221,-0.91313657,0.97565646,-0.07562381,0.20585246,0.00168461,-0.93605064,-0.3518608,-0.30226982,0.18945056,0.12147993
0.25603923,0.3736791,-0.89152002,0.96626231,-0.07226869,0.24721358,0.02794963,-0.92473852,-0.37957569,-0.33005705,0.06435496,0.13163275
0.25603923,0.3736791,-0.89152002,0.96626231,-0.07226869,0.24721358,0.02794963,-0.92473852,-0.37957569,-0.33005705,0.06435496,0.13163275
0.30922994,0.40939183,-0.85835617,0.94819077,-0.06355966,0.31127907,0.07287836,-0.91014214,-0.40783614,-0.39070722,-0.07940239,0.14785017
0.34193094,0.42918238,-0.83599381,0.93378435,-0.05530319,0.35353674,0.10549858,-0.90152312,-0.41967364,-0.41632906,-0.15412384,0.18930849
0.40428217,0.47689419,-0.78046646,0.89483573,-0.02964719,0.44541005,0.18927484,-0.87846061,-0.4387278,-0.54854894,-0.23702222,0.30809689
0.41357042,0.48828157,-0.7684664,0.88705961,-0.02591706,0.46092682,0.20514567,-0.87230121,-0.44385338,-0.59017944,-0.25788659,0.30400658
0.44079706,0.53928155,-0.71754675,0.85822954,-0.01903654,0.51291289,0.26294484,-0.84191031,-0.4712186,-0.64709711,-0.30478948,0.21520954
0.45038978,0.57659939,-0.68167599,0.84038229,-0.01594728,0.54175939,0.30150725,-0.81687134,-0.49174641,-0.67049456,-0.28470796,0.15112428
0.45038978,0.57659939,-0.68167599,0.84038229,-0.01594728,0.54175939,0.30150725,-0.81687134,-0.49174641,-0.67049456,-0.28470796,0.15112428
0.45038978,0.57659939,-0.68167599,0.84038229,-0.01594728,0.54175939,0.30150725,-0.81687134,-0.49174641,-0.67049456,-0.28470796,0.15112428
0.43274489,0.67547393,-0.59704839,0.8083491,0.00247591,0.58869815,0.39912848,-0.73737965,-0.5449473,-0.74204278,-0.23580188,-0.10650054
0.41865031,0.69674479,-0.58247627,0.80311552,0.01537553,0.59562492,0.42395444,-0.71715429,-0.55312959,-0.71827823,-0.23805386,-0.12435704
0.38981935,0.72718242,-0.56501907,0.79721041,0.04065098,0.60233128,0.46097329,-0.68523948,-0.56387086,-0.67653799,-0.22583854,-0.12366062
0.33705547,0.76926736,-0.54279027,0.79517217,0.07607448,0.60159273,0.50407814,-0.63438184,-0.58605868,-0.62465888,-0.17995459,-0.15080579
0.3213686,0.78028082,-0.53654845,0.79587571,0.08447197,0.59953863,0.5131318,-0.61969877,-0.59385991,-0.61931306,-0.16213185,-0.16045386
0.28704263,0.80324468,-0.52192373,0.79876369,0.10004631,0.59326817,0.52875605,-0.58718697,-0.61288513,-0.59605432,-0.13435799,-0.19384341
0.28704263,0.80324468,-0.52192373,0.79876369,0.10004631,0.59326817,0.52875605,-0.58718697,-0.61288513,-0.59605432,-0.13435799,-0.19384341
0.22890365,0.83979471,-0.49228841,0.80714409,0.1189632,0.57824395,0.54417042,-0.52970983,-0.65060423,-0.54076731,-0.08966351,-0.21868092
0.18655431,0.86474579,-0.46627473,0.81544138,0.12841741,0.56441496,0.54795326,-0.48551375,-0.68119268,-0.49677479,-0.067388,-0.23943435
0.14227394,0.88951837,-0.43418315,0.82544644,0.13545275,0.54798771,0.54625645,-0.4363593,-0.71497838,-0.46854198,-0.04566735,-0.24669424
0.07397575,0.92550614,-0.3714375,0.84290685,0.14101978,0.51925074,0.53294979,-0.35149916,-0.76968342,-0.42763785,0.02876347,-0.30127284
0.02880389,0.94742872,-0.31866787,0.85550279,0.14152117,0.49808312,0.5169965,-0.28696799,-0.80645156,-0.36119136,0.07309872,-0.3504535
0.00666251,0.95719469,-0.28936795,0.8618106,0.14127383,0.4871592,0.50718634,-0.25262605,-0.82397928,-0.31829816,0.08612472,-0.35824072
-0.077514,0.98418261,-0.15929811,0.8849903,0.14150016,0.44358724,0.4591116,-0.10659302,-0.8819603,-0.13619927,0.11865479,-0.36094168
-0.09726408,0.98741706,-0.1246878,0.88988029,0.14238541,0.43340432,0.44570457,-0.06880251,-0.89253197,-0.10309868,0.13238865,-0.35085365
-0.13472117,0.9894427,-0.05341544,0.89853365,0.1447127,0.41436144,0.41771682,0.00782771,-0.90854342,-0.0541365,0.18107527,-0.34645301
-0.16948689,0.98528731,0.02198249,0.90549344,0.14687823,0.39813127,0.38904492,0.08738301,-0.91706513,0.01395518,0.20735496,-0.34058842
-0.21697337,0.96619008,0.13928083,0.91190742,0.14969921,0.38211896,0.34834935,0.20992089,-0.91355664,0.18414581,0.13252813,-0.28690583
-0.24634968,0.94582675,0.21147985,0.91306428,0.15332126,0.37789721,0.3250009,0.28618952,-0.90137128,0.24545994,0.06646067,-0.24813373
-0.28878469,0.90775263,0.30428357,0.91108757,0.16291986,0.37865091,0.29414754,0.38657759,-0.8740909,0.32716301,0.04442853,-0.1882199
-0.31462884,0.88057548,0.35439409,0.90851297,0.17120534,0.38117279,0.27497734,0.44189969,-0.85388035,0.36522546,0.05387145,-0.13479438
-0.3263506,0.86728429,0.37591653,0.90713123,0.17556219,0.38247985,0.26572204,0.46582816,-0.84403549,0.36905479,0.07732922,-0.10106985
-0.3470613,0.84229047,0.41242576,0.90456185,0.18452908,0.38433937,0.24762089,0.506454,-0.82594671,0.38477466,0.10880047,-0.04001029
-0.37047018,0.81147051,0.45195962,0.90231257,0.19894293,0.3824314,0.22041762,0.54948826,-0.80590247,0.36562842,0.11167544,0.05885612
-0.3813099,0.7954457,0.47102945,0.90216535,0.20899785,0.37738242,0.20174312,0.56884616,-0.79731647,0.30579165,0.0922361,0.08450423
-0.38916887,0.77963538,0.49062828,0.90275736,0.21684494,0.37149339,0.18323917,0.587492,-0.78821086,0.23368864,0.04704219,0.08418664
-0.39220672,0.77081674,0.50201122,0.90324282,0.21939444,0.3688067,0.17414395,0.59808656,-0.78228264,0.19610877,0.02394527,0.06217382
-0.39876775,0.72149016,0.56607075,0.90621403,0.21540348,0.36383706,0.14057128,0.65806779,-0.73972045,0.21050423,-0.04720914,0.07569934
-0.3989952,0.70590345,0.58523745,0.90726431,0.21138066,0.3635788,0.13294372,0.67603134,-0.72478083,0.21966605,-0.059762,0.08407652
-0.39297244,0.63868235,0.66155687,0.91365888,0.18988668,0.35940296,0.10392349,0.74567278,-0.65815803,0.20370889,-0.09482282,0.12872104
-0.38943996,0.6223437,0.67898806,0.91590267,0.18382735,0.35683298,0.09725619,0.76085202,-0.64159597,0.18501402,-0.09271258,0.13715678
-0.38943996,0.6223437,0.67898806,0.91590267,0.18382735,0.35683298,0.09725619,0.76085202,-0.64159597,0.18501402,-0.09271258,0.13715678
-0.38943996,0.6223437,0.67898806,0.91590267,0.18382735,0.35683298,0.09725619,0.76085202,-0.64159597,0.18501402,-0.09271258,0.13715678
-0.33746345,0.53166611,0.77681997,0.9390349,0.13243566,0.31729175,0.0658147,0.83653556,-0.54394516,0.06269408,-0.07528853,0.06673301
-0.33746345,0.53166611,0.77681997,0.9390349,0.13243566,0.31729175,0.0658147,0.83653556,-0.54394516,0.06269408,-0.07528853,0.06673301
-0.33746345,0.53166611,0.77681997,0.9390349,0.13243566,0.31729175,0.0658147,0.83653556,-0.54394516,0.06269408,-0.07528853,0.06673301
-0.25512643,0.48010833,0.83928926,0.96452079,0.06541449,0.25577443,0.06789777,0.87476677,-0.47976342,0.03555267,-0.03106278,0.01398092
-0.242544,0.47648918,0.84506221,0.96760301,0.05585795,0.2462195,0.07011761,0.87740395,-0.47460028,0.01997885,-0.02639014,0.01102781
-0.21743668,0.47132601,0.85473564,0.97319332,0.03745339,0.22691836,0.07493981,0.88116342,-0.46683504,-0.01349004,-0.0163613,0.01481725
-0.18102297,0.46673965,0.86567006,0.9799105,0.01068553,0.19915097,0.08370156,0.88433015,-0.45929737,-0.05513182,-0.02818334,0.02654452
-0.13726936,0.4637284,0.87527872,0.98588191,-0.02157454,0.16604571,0.09588396,0.88571456,-0.45421984,-0.10307839,0.01080376,0.00661717
