0,1,2,3,4,5,6,7,8,9,10,11
0.47461811,-0.09349297,0.87521239,-0.11784838,0.97864017,0.16844934,-0.87226683,-0.18309147,0.45346235,-0.00601121,-0.0050385,-0.00138555
0.47448603,-0.09358728,0.87527393,-0.11786777,0.97862328,0.16853387,-0.87233607,-0.18313355,0.45331215,-0.0055153,-0.00429618,0.00142699
0.47431029,-0.0936717,0.87536012,-0.11780361,0.97862759,0.16855369,-0.87244027,-0.18306733,0.45313827,,,
0.4741333,-0.09368222,0.87545482,-0.11781269,0.97863081,0.16852863,-0.87253519,-0.18304472,0.4529645,-0.00220864,-0.00414872,-0.00226174
0.47404479,-0.09370725,0.87550011,-0.11783693,0.97862448,0.16854845,-0.87258005,-0.18306577,0.45286966,,,
0.47391128,-0.09372755,0.87557024,-0.11792963,0.97860652,0.16858793,-0.87264008,-0.1831514,0.45271941,-0.00466092,-0.00138557,0.00133281
0.47355823,-0.09374333,0.87575956,-0.1177956,0.97864584,0.16845331,-0.87284982,-0.18293307,0.45240324,,,
0.47324886,-0.09380842,0.87591979,-0.1177846,0.97864809,0.1684479,-0.87301906,-0.18288764,0.45209491,,,
0.47316028,-0.09383346,0.87596497,-0.11780885,0.97864177,0.16846771,-0.87306381,-0.18290866,0.452,0.00136745,-0.00352412,0.0047162
0.473116595,-0.0938630593,0.875985384,-0.117764597,0.978647103,0.168467642,-0.873093446,-0.182864903,0.451960439,-0.000892895507,-0.00646495819,0.00161546352
0.4728957,-0.09394268,0.87609614,-0.11776881,0.9786398,0.16850709,-0.87321256,-0.18286308,0.45173104,-0.00266697,-0.00296539,0.00307757
0.47276339,-0.09403689,0.87615741,-0.11778826,0.97862294,0.16859143,-0.87328155,-0.18290491,0.45158065,0.00404778,-0.00206363,0.0028284
0.47276339,-0.09399732,0.87616164,-0.11774882,0.97863881,0.16852683,-0.87328686,-0.18284032,0.45159652,,,
0.47262985,-0.09397805,0.8762358,-0.11780207,0.97863674,0.16850162,-0.873352,-0.18286129,0.45146212,,,
0.47240764,-0.09394427,0.87635924,-0.11783995,0.97864425,0.16843152,-0.87346711,-0.18283846,0.45124864,0.00133319,-0.0026384,-0.00537522
0.47231899,-0.09396923,0.87640426,-0.11786413,0.97863796,0.16845114,-0.8735117,-0.1828593,0.45115369,,,
0.47209793,-0.09404884,0.87651485,-0.11786834,0.97863067,0.16849054,-0.87363065,-0.18285738,0.45092414,0.00198444,-0.00384408,-0.00454238
0.4720542,-0.09411804,0.87653099,-0.11786358,0.97862012,0.16855513,-0.87365495,-0.18287824,0.45086865,-0.00648777,-0.00359321,-0.00207592
0.4720542,-0.09411804,0.87653099,-0.11786358,0.97862012,0.16855513,-0.87365495,-0.18287824,0.45086865,-0.00524078,-0.00804597,0.00283963
0.47201046,-0.09414764,0.87655138,-0.11781936,0.97862544,0.16855514,-0.87368455,-0.18283451,0.45082903,-0.00125554,-0.0063802,0.00924429
0.47143434,-0.09408935,0.87686763,-0.11768328,0.97868823,0.16828546,-0.8740139,-0.18252821,0.4503145,0.01035655,-0.00245094,0.00266735
0.4711206,-0.09393264,0.87705303,-0.11789157,0.97868735,0.16814472,-0.87415498,-0.1826136,0.45000591,0.0070748,-0.00301993,-0.01114647
0.471164372,-0.0939823868,0.877024184,-0.118014858,0.978650288,0.168273901,-0.874114753,-0.182786552,0.45001383,0.00682196394,0.000262260437,-0.00940677058
0.47107683,-0.09412082,0.87705637,-0.11800541,0.97862921,0.16840308,-0.87416322,-0.18282819,0.44990278,,,
0.47112788,-0.09461341,0.8769759,-0.11768969,0.97859847,0.16880214,-0.87417822,-0.18273842,0.44991,-0.00749769,-0.00339574,0.00387263
0.47103899,-0.09463835,0.877021,-0.11771398,0.97859217,0.16882175,-0.8742229,-0.18275926,0.44981482,-0.00236073,-0.00564849,0.00431191
0.470683878,-0.0946192834,0.877213678,-0.117692165,0.978614675,0.168706462,-0.874417063,-0.182648589,0.449482202,-0.00104281341,-0.00562161207,-0.000186021076
0.47023982,-0.09458533,0.87745545,-0.11765493,0.97864679,0.16854605,-0.87466095,-0.18249403,0.44907026,0.00470789,-0.00373715,-0.00296298
0.470239815,-0.0946250242,0.877451188,-0.1176945,0.978630909,0.16861064,-0.874655639,-0.182558616,0.449054373,0.00310593843,0.000376939774,-0.00848515145
0.470195983,-0.0946941853,0.877467206,-0.117689763,0.978620363,0.168675137,-0.874679831,-0.18257928,0.448998827,-0.000776687928,-0.00633120537,-0.0037749561
0.47010946,-0.0948667,0.87749497,-0.1175677,0.97861614,0.16878475,-0.87474279,-0.18251238,0.44890345,-0.00566344,-0.00737906,0.0068442
0.47002176,-0.09492571,0.87753553,-0.11747919,0.97862677,0.16878474,-0.87480177,-0.18242467,0.44882408,-0.00172946,-0.0064044,0.00517467
0.46988791,-0.09486674,0.87761361,-0.11749264,0.97864067,0.16869476,-0.87487189,-0.18238077,0.44870527,,,
0.4698429,-0.09482247,0.87764248,-0.11752151,0.97864496,0.16864974,-0.87489217,-0.18238075,0.44866571,,,
0.469707737,-0.0947293325,0.87772491,-0.117647755,0.978641947,0.1685792,-0.87494781,-0.182445319,0.448531001,0.00432541268,-0.000201106071,-0.00290094456
0.46953113,-0.09485294,0.87780598,-0.11762298,0.97863044,0.16866324,-0.87504586,-0.1824428,0.44834057,,,
0.46939836,-0.09494707,0.87786682,-0.11764249,0.9786136,0.16874732,-0.87511448,-0.18248416,0.44818981,-0.00474912,-0.00279176,0.00238623
0.46908773,-0.09497189,0.87803016,-0.11759158,0.97863189,0.16867675,-0.87528786,-0.18237315,0.44789632,-0.00433133,-0.00699693,-0.00138347
0.46868793,-0.09502161,0.87823829,-0.11756474,0.97864392,0.16862564,-0.87550564,-0.18228266,0.4475074,,,
0.46850999,-0.09499195,0.87833647,-0.11753384,0.97866315,0.16853554,-0.87560506,-0.18219484,0.4473487,0.00544696,-0.00423717,-0.0052485
0.46846493,-0.09498739,0.87836096,-0.11760236,0.97865157,0.168555,-0.87561993,-0.18225943,0.4472932,,,
0.4682881,-0.09507119,0.87844625,-0.11753799,0.97865595,0.16857451,-0.87572322,-0.18219224,0.44711846,,,
0.4681563,-0.09523894,0.87849821,-0.11748434,0.97864017,0.16870343,-0.87580077,-0.18218936,0.44696747,-0.00100527,-0.00491375,0.00607606
0.46820136,-0.09528324,0.87846944,-0.11745554,0.97863585,0.16874854,-0.87578059,-0.1821894,0.4470071,,,
0.46775626,-0.095368,0.87869732,-0.11753667,0.97862048,0.16878119,-0.87600752,-0.18222762,0.44654662,0.00226179,-0.0038749,-0.00456456
0.46762213,-0.0953088,0.87877513,-0.11754996,0.97863444,0.16869097,-0.87607734,-0.18218361,0.44642757,,,
0.46757816,-0.09533823,0.87879529,-0.11750569,0.97863975,0.168691,-0.87610671,-0.18213967,0.44638779,,,
0.46748911,-0.09536312,0.87883998,-0.11752985,0.9786335,0.1687104,-0.87615099,-0.18216021,0.44629249,,,
0.46744514,-0.09543231,0.8788559,-0.11752523,0.97862293,0.16877493,-0.87617512,-0.18218076,0.44623683,-0.00208707,-0.00471807,0.0027786
0.467356066,-0.0954572052,0.878900579,-0.117549393,0.978616684,0.168794331,-0.876219405,-0.182201284,0.446141507,-0.0071565141,-0.00797915459,-0.000542292953
0.46713392,-0.09549655,0.87901437,-0.11751372,0.97862541,0.16876856,-0.87634261,-0.18213377,0.44592697,,,
0.467088813,-0.095452255,0.879043112,-0.117542499,0.978629734,0.168723441,-0.87636276,-0.182133757,0.445887304,-0.00218284712,-0.0051228404,0.000679956924
0.46691048,-0.09546217,0.87913683,-0.11755118,0.97863314,0.16869765,-0.87645668,-0.18211027,0.44571238,,,
0.46686536,-0.09541784,0.87916557,-0.11757992,0.97863747,0.16865248,-0.87647682,-0.18211022,0.44567272,,,
0.466687,-0.09538806,0.87926355,-0.11754882,0.97865675,0.16856229,-0.87657603,-0.18202222,0.44551363,0.0028211,-0.00551611,-0.00281433
0.46650873,-0.09543783,0.87935276,-0.11759713,0.97864427,0.16860103,-0.87666445,-0.18206321,0.44532288,,,
0.46650873,-0.09543783,0.87935276,-0.11759713,0.97864427,0.16860103,-0.87666445,-0.18206321,0.44532288,,,
0.46646471,-0.09550703,0.87936859,-0.11759254,0.97863371,0.16866554,-0.87668849,-0.18208371,0.44526718,,,
0.46628752,-0.09563039,0.87944912,-0.11756773,0.97862225,0.16874926,-0.87678604,-0.18208051,0.4450763,,,
0.46610918,-0.09564027,0.87954258,-0.11757628,0.97862569,0.16872339,-0.87687972,-0.18205687,0.44490139,,,
0.466109181,-0.0956402739,0.879542583,-0.117576281,0.978625686,0.168723394,-0.876879716,-0.182056869,0.444901389,-0.00205496349,-0.00543147326,0.000969478511
0.46588566,-0.09560586,0.87966475,-0.11761358,0.97863344,0.1686524,-0.8769935,-0.18203325,0.44468674,,,
0.4656632,-0.09568492,0.87977392,-0.11761754,0.97862631,0.16869099,-0.8771111,-0.18203004,0.44445603,,,
0.46557398,-0.09566991,0.87982275,-0.11760193,0.97863598,0.16864579,-0.87716053,-0.18198595,0.44437648,,,
0.4656632,-0.09564509,0.87977823,-0.11757783,0.97864219,0.16862656,-0.8771164,-0.1819656,0.44447191,0.00102272,-0.00664103,0.00269556
0.4656632,-0.09564509,0.87977823,-0.11757783,0.97864219,0.16862656,-0.8771164,-0.1819656,0.44447191,0.00268651,-0.00534362,0.00408076
0.46557398,-0.09563007,0.87982712,-0.11756222,0.97865185,0.16858137,-0.87716589,-0.18192153,0.44439235,,,
0.465351457,-0.0957090649,0.879936197,-0.117566121,0.978644749,0.168619865,-0.877283388,-0.181918186,0.444161617,-0.00044012873,-0.00354915857,-0.004480334
0.46530628,-0.09570461,0.87996059,-0.11763458,0.9786332,0.16863915,-0.87729819,-0.18198265,0.444106,,,
0.46539663,-0.09579327,0.87990318,-0.11757717,0.97862452,0.16872953,-0.87725798,-0.18198268,0.44418545,-0.0055368,-0.00383329,0.00173409
0.46539663,-0.09583311,0.87989887,-0.11761689,0.97860864,0.16879396,-0.87725268,-0.18204711,0.44416957,-0.00392927,-0.00548702,0.00456641
0.46512889,-0.09582794,0.88004093,-0.1176098,0.97862175,0.16872284,-0.87739556,-0.1819793,0.44391494,,,
0.46481588,-0.09573853,0.88021601,-0.11759161,0.97865509,0.16854207,-0.87756385,-0.18184705,0.44363638,,,
0.46454774,-0.09577318,0.88035388,-0.11762422,0.97865233,0.16853532,-0.87770154,-0.18184364,0.44336548,0.00305262,-0.00344944,-0.00344364
0.46437022,-0.09585657,0.88043846,-0.11755965,0.97865678,0.16855453,-0.87780413,-0.18177574,0.4431902,,,
0.46445953,-0.09587164,0.88038969,-0.11757533,0.97864711,0.16859976,-0.87775476,-0.18181987,0.44326984,,,
0.46428308,-0.09610837,0.88045689,-0.11751727,0.97862078,0.16879294,-0.87785582,-0.1818366,0.44306268,-0.0032065,-0.00389737,0.00485976
0.46414962,-0.09612257,0.88052575,-0.11745728,0.97863578,0.16874775,-0.87793446,-0.18174837,0.44294313,-0.00335798,-0.00486249,0.00157944
0.46405919,-0.09607377,0.88057871,-0.11755438,0.97862861,0.16872168,-0.87796925,-0.18181273,0.4428477,,,
0.463924607,-0.0960542522,0.88065175,-0.11760715,0.978626762,0.168695634,-0.878033304,-0.181832999,0.442712369,-0.000801302202,-0.00225698948,-0.00590501586
0.46383524,-0.09603917,0.8807005,-0.11759147,0.97863644,0.16865041,-0.87808265,-0.18178887,0.44263268,,,
0.46379001,-0.0960347399,0.88072478,-0.117659921,0.97862491,0.168669583,-0.878097348,-0.181853275,0.442577016,0.00185980659,-0.00687301159,0.000429628679
0.46374587,-0.09606398,0.88074485,-0.11761557,0.97863024,0.16866957,-0.87812662,-0.18180913,0.44253711,,,
0.46365649,-0.0960888,0.88078921,-0.11763968,0.97862404,0.16868873,-0.87817059,-0.18182938,0.44244154,,,
0.46334416,-0.09611269,0.88095095,-0.11758798,0.97864255,0.16861742,-0.87834235,-0.18171714,0.44214661,,,
0.46325474,-0.09613746,0.88099528,-0.11761214,0.97863635,0.16863655,-0.8783863,-0.18173742,0.442051,,,
0.46325474,-0.09617738,0.88099089,-0.11765194,0.97862047,0.16870091,-0.87838093,-0.18180178,0.44203512,,,
0.46321058,-0.09620661,0.88101089,-0.11760759,0.9786258,0.16870091,-0.87841013,-0.18175762,0.44199519,,,
0.462988629,-0.0963989352,0.881106471,-0.117578263,0.978603823,0.168848758,-0.878531001,-0.181774025,0.441748023,-1.18762355e-05,-0.00626391172,-9.49057066e-05
0.46222962,-0.09654031,0.88148951,-0.11749432,0.97862416,0.16878934,-0.87894191,-0.18158945,0.44100613,,,
0.46231911,-0.09655546,0.8814409,-0.11751006,0.97861446,0.16883459,-0.87889271,-0.18163363,0.44108593,-0.00110417,-0.00332606,0.00422595
0.46223068,-0.09665379,0.88147651,-0.11746119,0.97860922,0.16889895,-0.87894577,-0.18160955,0.44099014,-0.00197758,-0.00457054,0.00811368
0.462185397,-0.0966094361,0.881505082,-0.117489793,0.978613604,0.168853663,-0.878965723,-0.181609547,0.440950294,-6.63961982e-05,-0.0081512332,0.00389609649
0.46209589,-0.09659425,0.88155369,-0.11747403,0.97862331,0.16880837,-0.87901491,-0.18156531,0.44087049,,,
0.46196001,-0.0964612,0.88163952,-0.11755985,0.97863642,0.16867257,-0.8790749,-0.18156539,0.44075093,0.00378152,-0.00131345,-0.00331199
0.46191458,-0.09645671,0.88166372,-0.1176283,0.97862494,0.16869147,-0.87908953,-0.18162965,0.44069509,0.00328152,0.00157022,-0.0083708
0.46187036,-0.09648593,0.88168376,-0.11758399,0.97863025,0.16869157,-0.87911876,-0.18158553,0.4406551,,,
0.46187155,-0.0965594648,0.881674995,-0.117510927,0.978631219,0.168736817,-0.879127812,-0.181541183,0.440655126,0.00411333935,-0.0042386651,0.000697362819
0.46178308,-0.09665779,0.88171059,-0.11746207,0.97862598,0.1688012,-0.87918084,-0.18151709,0.44055929,,,
0.46173871,-0.09668701,0.88173071,-0.11741766,0.97863131,0.16880123,-0.87921017,-0.18147282,0.4405192,-0.00561389,-0.00436741,0.00201035
0.46160491,-0.09674086,0.8817948,-0.1173974,0.97863047,0.16882019,-0.87928307,-0.18144864,0.44038351,0.00103171,-0.00398946,0.00333484
0.461291955,-0.0968043499,0.881951669,-0.117385423,0.978633146,0.16881301,-0.87944897,-0.181400352,0.440072177,0.000607348513,-0.00486946106,-0.00173898193
0.46102422,-0.09691216,0.88207975,-0.11734484,0.97863145,0.16885106,-0.8795947,-0.18135194,0.43980066,0.00139342,-0.00118369,-0.00519005
0.46102422,-0.09691216,0.88207975,-0.11734484,0.97863145,0.16885106,-0.8795947,-0.18135194,0.43980066,0.00294944,-0.00292027,-0.00345301
0.46089033,-0.09696602,0.88214378,-0.11732452,0.97863061,0.16887002,-0.87966756,-0.18132765,0.4396649,,,
0.46084604,-0.09703521,0.88215935,-0.11731999,0.97862004,0.1689344,-0.87969141,-0.18134768,0.439609,-0.00442098,-0.00902575,0.00370326
0.46084604,-0.09707521,0.88215492,-0.11735989,0.97860416,0.16899871,-0.87968606,-0.18141199,0.43959311,-0.002828,-0.00518578,0.00337376
0.46080071,-0.09703079,0.88218341,-0.1173884,0.97860857,0.16895329,-0.87970592,-0.1814119,0.43955324,,,
0.46066576,-0.09701119,0.88225613,-0.11744105,0.9786068,0.168927,-0.87976966,-0.18143197,0.43941755,,,
0.46053078,-0.09699156,0.88232873,-0.11749367,0.97860504,0.16890062,-0.87983327,-0.18145197,0.43928185,,,
0.46039566,-0.09693187,0.88240584,-0.11750644,0.97861916,0.1688099,-0.87990232,-0.18140771,0.43916189,0.00394177,0.00145209,-0.00350021
0.46035031,-0.09688748,0.88243437,-0.11753497,0.97862356,0.16876454,-0.87992223,-0.1814077,0.43912199,,,
0.46035031,-0.09692751,0.88242995,-0.11757488,0.97860767,0.16882884,-0.87991687,-0.181472,0.4391061,,,
0.460306001,-0.0969565705,0.88244982,-0.11753045,0.978613018,0.16882876,-0.879945938,-0.181427617,0.439066095,-0.0028477048,-0.00466167927,4.74348199e-05
0.46003698,-0.09695077,0.88259077,-0.11752282,0.97862631,0.16875704,-0.88008767,-0.18135903,0.43881036,,,
0.460036982,-0.0969507674,0.882590768,-0.117522819,0.978626306,0.168757036,-0.880087667,-0.181359034,0.438810365,0.00269601773,-0.00467932224,8.55873805e-06
0.45994729,-0.0969755,0.88263479,-0.11754687,0.97862015,0.16877596,-0.88013133,-0.181379,0.43871452,,,
0.45985864,-0.09711376,0.88266578,-0.11753794,0.97859904,0.16890453,-0.88017884,-0.18141892,0.43860268,0.00230974,-0.00551403,0.0026165
0.45985864,-0.09711376,0.88266578,-0.11753794,0.97859904,0.16890453,-0.88017884,-0.18141892,0.43860268,,,
0.459724603,-0.0971675784,0.882729711,-0.117517605,0.978598221,0.168923454,-0.880251608,-0.18139455,0.438466778,-0.00301167788,-0.00612276793,6.68789726e-05
0.45963477,-0.09719238,0.88277375,-0.11754163,0.97859207,0.16894239,-0.8802953,-0.18141446,0.43837078,,,
0.4595007,-0.09720615,0.88284203,-0.11748136,0.97860713,0.16889703,-0.88037334,-0.18132579,0.43825075,-0.00391779,-0.00347477,0.00138254
0.45936661,-0.09729999,0.88290144,-0.11750095,0.97859043,0.16898018,-0.88044066,-0.18136561,0.43809892,,,
0.45918712,-0.09730939,0.88299377,-0.11750912,0.97859402,0.16895368,-0.88053321,-0.18134117,0.43792303,,,
0.45918712,-0.09730939,0.88299377,-0.11750912,0.97859402,0.16895368,-0.88053321,-0.18134117,0.43792303,,,
0.45909736,-0.09729404,0.88304212,-0.1174932,0.97860377,0.16890826,-0.88058212,-0.18129679,0.43784302,,,
0.45909736,-0.09729404,0.88304212,-0.1174932,0.97860377,0.16890826,-0.88058212,-0.18129679,0.43784302,,,
0.45905196,-0.0972496,0.88307063,-0.11752176,0.97860818,0.16886286,-0.88060199,-0.18129684,0.43780306,-0.00145768,-0.00440574,0.00197366
0.45896219,-0.09727432,0.8831146,-0.1175458,0.97860204,0.16888173,-0.8806456,-0.18131674,0.43770715,,,
0.45896219,-0.09727432,0.8831146,-0.1175458,0.97860204,0.16888173,-0.8806456,-0.18131674,0.43770715,0.00398731,0.002267,-0.00386134
0.45887241,-0.09725896,0.88316294,-0.11752987,0.97861179,0.16883631,-0.88069451,-0.18127236,0.43762712,,,
0.45869283,-0.09730837,0.88325073,-0.11757793,0.97859951,0.16887397,-0.88078158,-0.18131207,0.43743527,,,
0.45869283,-0.09730837,0.88325073,-0.11757793,0.97859951,0.16887397,-0.88078158,-0.18131207,0.43743527,,,
0.45869283,-0.09730837,0.88325073,-0.11757793,0.97859951,0.16887397,-0.88078158,-0.18131207,0.43743527,,,
0.45864845,-0.09733739,0.88327056,-0.11753351,0.97860485,0.16887394,-0.88081061,-0.18126766,0.43739519,,,
0.45846884,-0.09738686,0.88335838,-0.11758153,0.97859258,0.16891163,-0.88089773,-0.18130735,0.43720331,-0.00492087,-0.00364131,-0.00286928
0.458379019,-0.0973714926,0.883406692,-0.117565599,0.978602331,0.168866229,-0.880946605,-0.181262975,0.437123239,0.000441156619,-0.0047262311,-0.00387008302
0.45797526,-0.09741914,0.88361084,-0.11753735,0.97861491,0.16881302,-0.88116036,-0.18116946,0.43673103,,,
0.4578854,-0.09744384,0.88365469,-0.11756137,0.97860878,0.16883182,-0.88120386,-0.18118928,0.43663504,,,
0.45779655,-0.09754193,0.88368987,-0.11751251,0.97860357,0.168896,-0.8812565,-0.18116462,0.43653894,-0.00409876,-0.00392681,0.00284326
0.45766212,-0.0975956257,0.883753626,-0.117492221,0.978602759,0.168914822,-0.881329084,-0.181140092,0.436402687,-0.000311576761,-0.00524526834,0.00316459476
0.45757211,-0.09762039,0.88379749,-0.11751622,0.97859663,0.16893364,-0.88137261,-0.18115986,0.43630655,-0.00174628,-0.00494373,0.00411467
0.45743676,-0.09760065,0.88386972,-0.11756867,0.97859494,0.16890693,-0.88143586,-0.18117962,0.43617052,,,
0.45730139,-0.09758091,0.88394193,-0.11762111,0.97859325,0.16888022,-0.88149909,-0.18119939,0.43603448,,,
0.45721148,-0.09760562,0.88398581,-0.11764515,0.97858712,0.16889902,-0.88154261,-0.18121921,0.43593843,,,
0.45703163,-0.09761484,0.88407774,-0.11765315,0.97859077,0.16887225,-0.88163476,-0.18119449,0.43576224,,,
0.457077101,-0.0976994054,0.88404489,-0.117664753,0.978570443,0.168981937,-0.881609634,-0.181258697,0.435786365,0.00167389319,-0.00561028719,-0.000749593601
0.4570771,-0.09769941,0.88404489,-0.11766475,0.97857044,0.16898194,-0.88160963,-0.1812587,0.43578636,,,
0.45703264,-0.09772836,0.88406462,-0.11762031,0.97857579,0.16898189,-0.88163856,-0.18121419,0.43574624,,,
0.45685276,-0.09773758,0.8841566,-0.11762831,0.97857945,0.16895514,-0.88173074,-0.18118947,0.43557002,,,
0.456672848,-0.0977468026,0.884248556,-0.117636309,0.978583108,0.16892839,-0.88182291,-0.181164745,0.435393762,-0.000422791723,-0.00499093533,0.00178919989
0.456537386,-0.0976868316,0.884325115,-0.117648714,0.978597327,0.168837352,-0.881891381,-0.181120276,0.435273536,0.00436172076,-0.00505059958,-0.000492610387
0.45635844,-0.09780962,0.88440385,-0.11762385,0.978586,0.16892028,-0.88198726,-0.18111518,0.43508123,,,
0.456314945,-0.0979521093,0.884410565,-0.11754665,0.978576337,0.169029989,-0.882020095,-0.181090409,0.435025066,-0.00348103978,-0.00675648451,-9.52318078e-05
0.45631495,-0.09795211,0.88441056,-0.11754665,0.97857634,0.16902999,-0.88202009,-0.18109041,0.43502507,-0.00672452,-0.00527155,0.00278426
0.45608944,-0.09791684,0.88453072,-0.117583,0.97858446,0.16895766,-0.88213182,-0.18106558,0.43480868,-0.00290586,-0.00406939,-0.00186289
0.455774851,-0.0979795714,0.884685916,-0.117570498,0.978587373,0.168949478,-0.882296064,-0.181015888,0.434496007,-0.000217409106,-0.00610506535,-0.00395361893
0.45563929,-0.09791959,0.88476235,-0.11758278,0.97860161,0.16885842,-0.88236441,-0.18097135,0.43437568,,,
0.45563929,-0.09791959,0.88476235,-0.11758278,0.97860161,0.16885842,-0.88236441,-0.18097135,0.43437568,0.0024322,-0.00394458,-0.00424544
0.45559376,-0.09791537,0.88478637,-0.11765127,0.97859015,0.16887716,-0.8823789,-0.18103562,0.4343197,,,
0.455549232,-0.0979040602,0.884810471,-0.117566701,0.978611399,0.168812904,-0.882413081,-0.180926838,0.434295414,-0.000303982524,-0.00496816635,0.00607139338
0.45559376,-0.09787518,0.88479077,-0.11761118,0.97860605,0.16881295,-0.8823842,-0.18097141,0.43433559,0.00131267,-0.00727189,0.00194254
0.45554823,-0.09783073,0.88481913,-0.11763954,0.97861049,0.16876742,-0.88240392,-0.18097141,0.43429551,,,
0.45541263,-0.09777071,0.88489554,-0.11765177,0.97862473,0.16867631,-0.88247226,-0.18092685,0.43417516,,,
0.455322431,-0.0977953095,0.884939294,-0.117675803,0.978618637,0.168694898,-0.882515655,-0.180946514,0.434078875,0.000846426876,-0.00369697809,-0.00453840476
0.45527777,-0.09786449,0.88495462,-0.11767142,0.97860809,0.16875912,-0.88253928,-0.18096614,0.43402266,,,
0.455323442,-0.0979089781,0.88492622,-0.117643004,0.978603647,0.168804699,-0.882519522,-0.180966115,0.434062874,-0.00184002309,-0.00476908684,-7.69805629e-05
0.45514415,-0.09799136,0.88500935,-0.11757813,0.97860824,0.16882326,-0.88262066,-0.18089666,0.43388618,,,
0.45460348,-0.09805874,0.88527969,-0.11764178,0.97860348,0.16880652,-0.88289074,-0.18088591,0.43334074,0.00379423,-0.00224006,-0.00361843
0.454513339,-0.0980431545,0.8853277,-0.117625643,0.978613277,0.168760958,-0.882939298,-0.180841346,0.433260399,0.000875047408,-0.00461405516,-0.00190033508
0.454424188,-0.0981411891,0.88536263,-0.117576808,0.978608069,0.168825185,-0.882991718,-0.180816359,0.433164049,0.00204322906,-0.0050047636,-0.000420928496
0.454335021,-0.0982391405,0.885397497,-0.117528,0.978602864,0.168889323,-0.883044068,-0.180791331,0.433067703,-0.000319246203,-0.00658214092,0.00531921349
0.45429043,-0.09830824,0.88541275,-0.11752367,0.97859231,0.16895349,-0.88306763,-0.18081091,0.43301158,-0.00100542,-0.00633126,0.00440261
0.45429043,-0.09830824,0.88541275,-0.11752367,0.97859231,0.16895349,-0.88306763,-0.18081091,0.43301158,-0.00358405,-0.00580466,0.00175596
0.45383855,-0.0982775,0.88564781,-0.11763609,0.9785928,0.16887236,-0.88328492,-0.18082493,0.43256216,0.00127629,-0.00268465,-0.0048509
0.45379296,-0.09823302,0.88567606,-0.11766438,0.97859727,0.16882674,-0.88330454,-0.18082492,0.43252202,,,
0.45365814,-0.09832672,0.88573479,-0.11768402,0.97858065,0.16890941,-0.88337124,-0.18086396,0.43236959,,,
0.45365814,-0.09832672,0.88573479,-0.11768402,0.97858065,0.16890941,-0.88337124,-0.18086396,0.43236959,,,
0.45370374,-0.0983712,0.88570647,-0.11765573,0.97857618,0.16895501,-0.88335156,-0.18086396,0.43240973,-0.00172168,-0.00530052,-0.00136529
0.45361352,-0.09835553,0.88575438,-0.11763952,0.978586,0.16890935,-0.88340001,-0.18081929,0.43232935,,,
0.45356792,-0.09831105,0.88578264,-0.11766781,0.97859048,0.16886373,-0.88341962,-0.18081927,0.4322892,,,
0.45352232,-0.09826658,0.88581095,-0.11769609,0.97859494,0.16881813,-0.8834393,-0.18081928,0.43224905,,,
0.45343209,-0.09829121,0.88585443,-0.11772007,0.97858886,0.16883668,-0.88348244,-0.18083881,0.43215274,,,
0.453342716,-0.0983891849,0.885889336,-0.117671235,0.978583665,0.168900825,-0.883534848,-0.180813652,0.4320562,-0.0029553608,-0.00480175018,-0.000340645376
0.45325247,-0.09837351,0.88593723,-0.11765501,0.97859349,0.16885517,-0.88358328,-0.18076898,0.43197578,,,
0.45289143,-0.0983914,0.88611991,-0.11767053,0.97860098,0.16880097,-0.88376637,-0.18071871,0.43162222,,,
0.452801146,-0.0983756811,0.886167713,-0.117654267,0.978610816,0.168755264,-0.883814722,-0.180673991,0.431541781,-0.00012957037,-0.00551253557,-0.00478434796
0.452710859,-0.0984002877,0.886211154,-0.117678225,0.978604747,0.16877376,-0.883857828,-0.18069347,0.431445424,0.000397182477,-0.00400942564,-0.00367586524
0.45262044,-0.09838452,0.88625912,-0.11766202,0.97861458,0.16872804,-0.88390633,-0.18064879,0.43136484,,,
0.45253112,-0.09840186,0.88630282,-0.1175329,0.97864113,0.16866403,-0.88396924,-0.18049547,0.43130011,,,
0.45253221,-0.09851543,0.88628962,-0.11750026,0.97862613,0.16877375,-0.88397301,-0.18051482,0.43128426,,,
0.452532213,-0.0984751549,0.886294055,-0.117460082,0.978642005,0.168709669,-0.883978302,-0.180450733,0.431300132,-0.00465464965,-0.000463724136,0.00486218231
0.45248754,-0.09854421,0.88630919,-0.11745576,0.97863148,0.16877374,-0.88400175,-0.18047013,0.43124397,-0.00169515,-0.00717503,0.00379408
0.45244178,-0.09849969,0.88633752,-0.11748407,0.97863595,0.16872808,-0.88402143,-0.18047018,0.43120364,,,
0.45235146,-0.09852431,0.88638088,-0.11750796,0.9786299,0.16874655,-0.88406446,-0.18048955,0.43110727,-0.0024806,-0.00385636,-0.0022989
0.4521708,-0.09853313,0.88647207,-0.11751561,0.97863368,0.16871932,-0.88415587,-0.18046425,0.43093039,,,
0.45212612,-0.09856193,0.8864917,-0.11747114,0.97863901,0.16871937,-0.88418466,-0.18041962,0.43089007,,,
0.451991081,-0.0986152646,0.886554597,-0.117450578,0.978638295,0.168737809,-0.884256403,-0.180394334,0.430753361,-7.3210671e-05,-0.00908458233,-0.0013539202
0.45185603,-0.0986686,0.88661749,-0.11743002,0.97863758,0.16875625,-0.88432813,-0.18036904,0.43061663,,,
0.45181132,-0.09873766,0.8866326,-0.11742572,0.97862705,0.16882032,-0.88435157,-0.18038841,0.43056044,,,
0.45167624,-0.0988313273,0.886691028,-0.11744541,0.978610439,0.16890289,-0.884417993,-0.180427213,0.430407798,-0.000948505476,-0.00643950701,0.00178284722
0.45154114,-0.09888463,0.88675389,-0.11742484,0.97860973,0.16892129,-0.8844897,-0.18040185,0.43027104,0.00409598,-0.00330055,0.00117098
0.45140508,-0.09882437,0.88682984,-0.11743667,0.97862408,0.16882992,-0.88455754,-0.18035703,0.43015027,,,
0.45122426,-0.09887351,0.88691637,-0.11748456,0.97861198,0.16886673,-0.88464343,-0.18039574,0.42995736,,,
0.45113384,-0.09885767,0.88696404,-0.1174682,0.97862184,0.16882095,-0.88469163,-0.18035091,0.4298768,,,
0.45113384,-0.09885767,0.88696404,-0.1174682,0.97862184,0.16882095,-0.88469163,-0.18035091,0.4298768,,,
0.450908115,-0.0989354831,0.887070245,-0.117471625,0.978615086,0.168857722,-0.884806344,-0.1803449,0.429643372,0.000476433488,-0.0065022707,0.000902448548
0.450817671,-0.0989196709,0.887117967,-0.11745529,0.978624932,0.168812012,-0.884854589,-0.180300136,0.429562774,-0.00230367039,-0.00724297762,7.50364852e-05
0.45050058,-0.09890846,0.88728032,-0.117515,0.97862719,0.16875737,-0.88500818,-0.18029404,0.42924889,,,
0.45041011,-0.09893296,0.88732351,-0.11753887,0.97862117,0.16877563,-0.88505105,-0.18031326,0.4291524,,,
0.45013945,-0.0990395,0.88744894,-0.11749764,0.97861979,0.16881234,-0.88519418,-0.18026224,0.42887847,,,
0.44991364,-0.09915766,0.88755025,-0.11754125,0.97859718,0.16891304,-0.8853032,-0.18032004,0.4286291,,,
0.44959816,-0.09929263,0.88769501,-0.1174555,0.97860118,0.16894953,-0.88547482,-0.18022405,0.42831483,0.00250703,-0.00596988,-0.00258745
0.44959816,-0.09929263,0.88769501,-0.1174555,0.97860118,0.16894953,-0.88547482,-0.18022405,0.42831483,,,
0.44964297,-0.09926396,0.8876755,-0.11750001,0.97859584,0.16894951,-0.88544615,-0.18026884,0.42835522,-0.00466258,-0.00206172,0.0026865
0.44946187,-0.09927263,0.8877663,-0.11750756,0.97859966,0.16892209,-0.88553715,-0.18024328,0.42817795,-0.00459856,-0.00312215,-0.00173104
0.44941705,-0.0993013,0.8877858,-0.11746304,0.97860501,0.16892211,-0.88556581,-0.18019849,0.42813754,,,
0.44950761,-0.09931714,0.88773814,-0.11747939,0.97859515,0.16896779,-0.88551764,-0.18024325,0.42821825,0.00141103,-0.00724643,0.00334173
0.44941705,-0.0993013,0.8877858,-0.11746304,0.97860501,0.16892211,-0.88556581,-0.18019849,0.42813754,,,
0.44932555,-0.09921218,0.88784199,-0.11751926,0.97861406,0.16883052,-0.8856047,-0.1801984,0.42805696,-0.00369201,-0.00129843,-0.00785831
0.44932555,-0.09921218,0.88784199,-0.11751926,0.97861406,0.16883052,-0.8856047,-0.1801984,0.42805696,0.00157537,0.00402558,-0.00357001
0.44932649,-0.09928544,0.88783332,-0.11744656,0.97861488,0.16887634,-0.88561386,-0.18015358,0.42805685,,,
0.44923683,-0.09938316,0.88786785,-0.11739782,0.97860967,0.16894041,-0.8856659,-0.180128,0.42796015,0.00272262,-0.00201821,0.00372451
0.44923683,-0.09938316,0.88786785,-0.11739782,0.97860967,0.16894041,-0.8856659,-0.180128,0.42796015,,,
0.44928258,-0.09946807,0.88783509,-0.11740996,0.97858927,0.1690501,-0.88564098,-0.18019195,0.42798457,,,
0.449192916,-0.0995657551,0.887869545,-0.117361198,0.978584061,0.169114111,-0.885692959,-0.180166295,0.427887872,-0.00358030503,-0.0058169961,0.000334557466
0.449057488,-0.0995785261,0.887936621,-0.117300296,0.978599259,0.169068417,-0.885769703,-0.180076668,0.427766735,-0.00078872568,-0.00570744276,0.000241287198
0.448831434,-0.0996157339,0.888046787,-0.11726324,0.978608453,0.16904091,-0.885889227,-0.180006117,0.427548972,0.000436059083,-0.00498718023,0.000858701125
0.44878568,-0.0996116,0.88807033,-0.11733167,0.9785971,0.16905912,-0.8859033,-0.18007009,0.42749277,,,
0.44860443,-0.099620159,0.88816092,-0.117339127,0.97860097,0.169031556,-0.885994088,-0.180044333,0.427315388,-0.00510821166,-0.00470048189,0.000819321489
0.44855866,-0.09961607,0.88818446,-0.11740759,0.9785896,0.16904981,-0.88600816,-0.18010836,0.42725916,,,
0.448512887,-0.0996119482,0.888208063,-0.117476026,0.978578246,0.169068022,-0.886022283,-0.180172341,0.427202938,-0.000634972763,-0.00555741787,0.00403192453
0.44833055,-0.09954733,0.88830733,-0.11755619,0.9785813,0.16899462,-0.8861039,-0.18019148,0.42702549,,,
0.44814819,-0.09948278,0.88840663,-0.11763622,0.97858435,0.16892123,-0.88618558,-0.18021054,0.42684802,0.00254763,-0.00135946,-0.00487353
0.44810239,-0.09943827,0.88843476,-0.11766435,0.97858886,0.16887551,-0.88620505,-0.18021061,0.42680767,0.00262334,-0.00315124,-0.00783388
0.44796684,-0.09949135,0.88849715,-0.11764366,0.97858822,0.16889365,-0.88627631,-0.18018481,0.42667054,0.00218974,-0.0018785,-0.00603544
0.447923789,-0.0997471228,0.888490201,-0.117534528,0.97856342,0.169113183,-0.886312564,-0.180178093,0.426598104,-2.06598197e-05,-0.00632464886,0.00212642481
0.447834,-0.09984477,0.88852451,-0.1174858,0.97855821,0.16917718,-0.88636441,-0.1801523,0.4265013,-0.00186483,-0.00453943,0.00511961
0.44774331,-0.09982879,0.88857197,-0.11746932,0.97856811,0.16913135,-0.88641237,-0.18010738,0.4264205,,,
0.4476984,-0.09989781,0.88858681,-0.11746511,0.97855756,0.16919527,-0.88643558,-0.1801264,0.42636415,,,
0.44751698,-0.09990634,0.88867723,-0.11747254,0.97856145,0.16916765,-0.88652619,-0.18010057,0.42618661,,,
0.44756189,-0.09987775,0.88865784,-0.11751708,0.9785561,0.16916763,-0.88649763,-0.18014546,0.42622708,,,
0.44751608,-0.09983318,0.8886859,-0.11754514,0.97856066,0.16912179,-0.88651702,-0.18014543,0.42618672,-0.00369578,-0.00448972,-0.00466151
0.44747026,-0.09978867,0.88871402,-0.11757326,0.97856518,0.16907605,-0.88653647,-0.18014551,0.42614634,,,
0.44737954,-0.09977269,0.88876146,-0.11755677,0.97857508,0.16903023,-0.88658441,-0.18010059,0.42606551,0.00314875,-0.00511616,0.00107565
0.44733462,-0.09984171,0.88877629,-0.11755257,0.97856454,0.16909415,-0.88660761,-0.18011961,0.42600915,,,
0.44719897,-0.09985432,0.88884316,-0.11749146,0.97857979,0.16904836,-0.88668417,-0.18002973,0.42588784,,,
0.44719897,-0.09985432,0.88884316,-0.11749146,0.97857979,0.16904836,-0.88668417,-0.18002973,0.42588784,,,
0.44706329,-0.09990735,0.88890542,-0.11747077,0.97857915,0.16906647,-0.88675529,-0.18000382,0.42575062,,,
0.44697342,-0.10004546,0.88893507,-0.11746245,0.97855803,0.16919443,-0.88680168,-0.18004191,0.42563784,,,
0.44674693,-0.10004192,0.88904934,-0.11738492,0.97858318,0.16910274,-0.8869261,-0.17990711,0.42543562,,,
0.44670198,-0.10007045,0.88906871,-0.11734035,0.97858853,0.16910273,-0.88695463,-0.17986216,0.42539513,,,
0.44661119,-0.10009487,0.88911156,-0.11736418,0.97858255,0.16912077,-0.88699718,-0.17988108,0.42529837,,,
0.44656623,-0.10012343,0.88913093,-0.11731964,0.97858788,0.16912082,-0.88702571,-0.17983617,0.42525786,,,
0.44647543,-0.10014788,0.88917377,-0.11734351,0.9785819,0.16913891,-0.88706826,-0.17985514,0.42516107,,,
0.44647618,-0.10022102,0.8891652,-0.11727084,0.97858269,0.16918474,-0.88707754,-0.17981011,0.42516086,,,
0.44643121,-0.10020905,0.88918914,-0.11718587,0.97860391,0.16912082,-0.8871114,-0.17970122,0.42513625,-0.00315754,-0.00231034,0.00449919
0.446385373,-0.100205,0.889212602,-0.117254338,0.978592578,0.169138955,-0.887125421,-0.17976519,0.425079942,-0.00232979865,-0.0060775876,-0.000748087012
0.446203732,-0.100172858,0.889307391,-0.117221228,0.978612394,0.16904723,-0.887221179,-0.179675209,0.424918117,0.00456116255,-0.000457048416,-0.00468788762
0.4461129,-0.1001568,0.88935478,-0.11720468,0.97862229,0.1690014,-0.88726905,-0.17963025,0.42483718,0.00579703,-0.0047915,-0.00365291
0.44593122,-0.10016515,0.88944491,-0.11721197,0.97862622,0.1689736,-0.88735938,-0.17960419,0.42465943,,,
0.445841229,-0.100303171,0.889474487,-0.117203644,0.978605135,0.169101436,-0.887405711,-0.179642044,0.424546619,-0.000154803594,-0.00631940365,-0.00281275273
0.445977938,-0.100404359,0.889394515,-0.117232619,0.978574755,0.169257086,-0.887333168,-0.179750975,0.424652086,-0.000130354441,-0.00810736418,0.000807200326
0.44584123,-0.10038424,0.88946534,-0.11728453,0.97857334,0.16922932,-0.88739503,-0.17976993,0.42451482,,,
0.4457045,-0.10036409,0.88953616,-0.1173364,0.97857193,0.1692015,-0.88745687,-0.17978884,0.42437755,,,
0.44543086,-0.10024268,0.88968689,-0.11735929,0.97860091,0.16901792,-0.88759121,-0.17969881,0.42413464,0.002589,-0.00392771,-0.00774937
0.44533909,-0.10019403,0.88973827,-0.11745571,0.97859416,0.16899003,-0.88762446,-0.1797627,0.42403787,0.00178689,-0.00495845,-0.00519043
0.445384979,-0.100238638,0.889710325,-0.117427732,0.978589583,0.169035961,-0.887605191,-0.179762743,0.424078305,0.00161280192,-0.000887274742,-0.00552696502
0.44547687,-0.10024676,0.88966334,-0.11729078,0.97861223,0.1689999,-0.88757712,-0.17963485,0.4241911,-0.00467822,-0.00599235,0.00225681
0.44547687,-0.10020626,0.88966797,-0.11725037,0.9786281,0.16893605,-0.88758253,-0.179571,0.42420696,,,
0.445385854,-0.100149538,0.889719942,-0.117193364,0.978653892,0.168826175,-0.887635748,-0.179462062,0.424141738,-0.0060173138,-0.00168436766,-0.000444525038
0.44524907,-0.10000774,0.8898043,-0.11712375,0.97870009,0.16860654,-0.8877135,-0.17928912,0.42405202,0.00471977,-0.00480473,-0.00629555
0.44515816,-0.09999158,0.88985158,-0.1171071,0.97870999,0.16856061,-0.88776127,-0.17924407,0.42397101,0.0051343,-0.00204867,-0.00840724
0.44493216,-0.09993907,0.8899705,-0.11683521,0.97878339,0.16832291,-0.88791038,-0.17887216,0.4238158,0.00965864,0.00145197,-0.00661915
0.44447996,-0.10003661,0.89018549,-0.11649348,0.9788509,0.16816713,-0.88818173,-0.17844773,0.423426,0.00874788,-0.00265324,-0.00871742
0.44425377,-0.10010554,0.89029061,-0.11634283,0.97887671,0.16812117,-0.88831461,-0.1782674,0.42322311,0.00472965,0.00260663,-0.01507415
0.44443819,-0.10023537,0.89018395,-0.11603701,0.97890654,0.16815886,-0.88826236,-0.17803051,0.42343243,-0.00656158,0.0023948,-0.01344115
0.44457897,-0.10041789,0.8900931,-0.11541967,0.97899027,0.16809622,-0.88827235,-0.1774663,0.42364829,-0.01127178,-0.01415724,-0.00914637
0.44476389,-0.10062079,0.88997781,-0.11504111,0.97902055,0.16817941,-0.8882289,-0.17718416,0.42385746,-0.01333027,-0.01539516,-0.01400116
0.445040295,-0.100669503,0.889834145,-0.114363274,0.979135914,0.167969948,-0.88817802,-0.176517741,0.424242042,-0.0137395747,0.00369942188,-0.000883806963
0.44535883,-0.10047887,0.88969625,-0.11410179,0.97921187,0.16770479,-0.88805192,-0.17620475,0.42463584,-0.02268898,-0.00503236,-0.0062254
0.44594929,-0.10030488,0.88942008,-0.11400353,0.97924207,0.1675952,-0.88776818,-0.17613599,0.4252572,-0.0329349,-0.00854445,-0.00352272
0.45061093,-0.09838592,0.88728235,-0.11364109,0.97950078,0.16632473,-0.88545777,-0.17577948,0.43019308,-0.05127001,-0.01313472,-0.00808487
0.45205193,-0.0974431,0.88665323,-0.11372897,0.97960622,0.1656423,-0.88471172,-0.17571708,0.43175079,-0.04912875,-0.0101608,-0.0125013
0.45509659,-0.09445707,0.88541796,-0.11441797,0.97991129,0.16334747,-0.88306038,-0.17564661,0.4351467,-0.03331014,0.00981736,-0.02294482
0.45839771,-0.091433,0.88403142,-0.11507961,0.98021352,0.1610532,-0.88126513,-0.17556041,0.43880556,-0.05087735,0.00278199,-0.0505803
0.460311706,-0.089764862,0.883207364,-0.115260543,0.980411062,0.159715846,-0.88024314,-0.175318036,0.440948342,-0.0415450707,-0.000468730927,-0.061631389
0.46474037,-0.08521428,0.881337,-0.11545212,0.98102913,0.15573266,-0.87788792,-0.17412748,0.44608567,-0.02009999,0.02904344,-0.05301826
0.46829152,-0.08065236,0.87988534,-0.11615182,0.98156424,0.15179066,-0.87590625,-0.17328256,0.45029029,-0.00374909,0.01644051,-0.08788279
0.47008559,-0.07906024,0.8790728,-0.11686287,0.98163607,0.15077697,-0.87485004,-0.17360905,0.45221376,-0.00367076,0.03623712,-0.1243196
