0,1,2,3,4,5,6,7,8,9,10,11
0.12124229,-0.06044349,-0.99078087,0.3966299,0.91794825,-0.00746453,0.90993674,-0.39206834,0.13526785,-0.01064355,-0.08099221,-0.00900685
0.13933216,-0.06003077,-0.98842437,0.38634822,0.92235168,-0.00155679,0.91176833,-0.38165911,0.15170603,-0.01820091,-0.11472624,-0.05849138
0.148291142,-0.0602207279,-0.98710855,0.381771211,0.924256359,0.000966372951,0.912283163,-0.376992911,0.160049567,-0.038491454,-0.121898763,-0.0971477926
0.16593239,-0.06176943,-0.98420066,0.37324249,0.9277219,0.00470245,0.91277404,-0.3681258,0.1769941,-0.06155338,-0.0958299,-0.11412818
0.17473723,-0.0629423,-0.98260118,0.36918858,0.92933433,0.00612307,0.91277961,-0.36383508,0.18562689,-0.05191243,-0.06448763,-0.08688416
0.19217812,-0.06481051,-0.9792176,0.36231312,0.93200883,0.00942045,0.91202889,-0.3565938,0.20259341,-0.05442769,-0.02668625,-0.06339445
0.20910021,-0.06573884,-0.97568203,0.35754363,0.9337958,0.01370916,0.91018656,-0.35171551,0.2187614,-0.07422122,-0.04488724,-0.11330568
0.2262476,-0.06619873,-0.97181767,0.3569311,0.93392759,0.01947891,0.90631785,-0.35127905,0.23492727,-0.08810093,-0.06379347,-0.13655949
0.23496038,-0.06648815,-0.96972827,0.35698783,0.93383876,0.02246895,0.90407592,-0.35146051,0.24315057,-0.08209424,-0.06732505,-0.11390041
0.26615249,-0.06544023,-0.96170692,0.35482094,0.934293,0.03462186,0.89625037,-0.35044849,0.27188398,-0.03801864,-0.07437985,-0.04217339
0.27244011,-0.06486576,-0.95998375,0.35443953,0.93432844,0.03745648,0.89451047,-0.35046084,0.27753953,-0.04329354,-0.09649932,-0.04703395
0.28368646,-0.06357694,-0.95680714,0.35350015,0.93445855,0.04271831,0.89138072,-0.35035009,0.2875677,-0.01958654,-0.11178642,-0.03760963
0.29304731,-0.06142653,-0.95412268,0.35065391,0.93530052,0.04748439,0.88947464,-0.34848201,0.29562676,0.00246891,-0.14530258,-0.04058571
0.29698365,-0.05983983,-0.95300564,0.3483513,0.93604121,0.04978151,0.88907363,-0.34676509,0.29883423,0.01430934,-0.12758325,-0.03545073
0.30335498,-0.05567606,-0.95124957,0.34294655,0.9377738,0.05447882,0.88902375,-0.34275422,0.30357228,0.0461552,-0.07049196,-0.0491788
0.30744966,-0.04995095,-0.95025241,0.33756241,0.93939941,0.05983627,0.88967767,-0.33916613,0.30567959,0.08303649,0.03078037,-0.08445545
0.30872192,-0.04665054,-0.95000765,0.33489316,0.94017022,0.06266204,0.89024568,-0.3374962,0.3058741,0.08803377,0.04481524,-0.11480455
0.31250385,-0.0340559,-0.94930582,0.32214961,0.94393264,0.07218593,0.89362239,-0.32837688,0.30595368,0.08026542,0.04137879,-0.23716804
0.31366132,-0.03192806,-0.94899798,0.31860315,0.94503354,0.07350953,0.8944879,-0.32541084,0.30659284,0.08757345,0.04498106,-0.20281339
0.31546106,-0.02900109,-0.94849527,0.31037272,0.94771077,0.0742501,0.89674585,-0.31781006,0.30796699,0.12075131,0.06707137,-0.10048642
0.31546755,-0.02813235,-0.94851925,0.30560925,0.94931698,0.07348642,0.89837808,-0.31305885,0.30807621,0.12273917,0.06216865,-0.05142254
0.31296411,-0.02729666,-0.94937259,0.29558849,0.95274377,0.07004822,0.90259673,-0.3025462,0.30624319,0.09003539,0.01168102,0.01725983
0.30611359,-0.02744225,-0.95159934,0.28561209,0.95618563,0.0643021,0.90814102,-0.29147204,0.30053926,0.06747895,-0.04416412,0.18086411
0.29078317,-0.02627441,-0.9564281,0.2780392,0.95880541,0.05819262,0.91549946,-0.28284595,0.2861098,0.04680958,-0.02856666,0.47107697
0.27791699,-0.0239551,-0.96030628,0.27605146,0.95951269,0.05595522,0.92008564,-0.28064488,0.27327772,0.01486453,-0.0630952,0.57012522
0.24056353,-0.01591048,-0.970503,0.27731984,0.95931395,0.05301364,0.9301736,-0.28189288,0.23518825,-0.15405719,-0.20360337,0.39736918
0.19379897,-0.00670455,-0.98101828,0.28545755,0.95709398,0.04985072,0.93859246,-0.28970011,0.18739769,-0.23443475,-0.29405293,0.15041615
0.17001454,-0.00280659,-0.98543757,0.29088758,0.95557917,0.0474644,0.9415304,-0.29472119,0.16327875,-0.21227296,-0.30188563,0.00533901
0.12703711,0.00185974,-0.99189617,0.30070472,0.95286548,0.0402993,0.94521857,-0.30338738,0.12049005,-0.11309944,-0.07425617,-0.14809293
0.09422055,0.00305925,-0.99554666,0.30670492,0.95126824,0.03195037,0.94712966,-0.30834943,0.08869073,0.00203257,0.08340614,-0.15737438
0.08185304,0.00284607,-0.99664034,0.30825565,0.95089045,0.02803214,0.94777556,-0.30951453,0.07695596,0.05002924,0.08004456,-0.13778368
0.06394383,0.0013999,-0.99795251,0.30999149,0.95050303,0.02119604,0.94858655,-0.31071214,0.06034485,0.05385419,0.02597719,-0.11010776
0.04996892,-0.00542349,-0.998736,0.31194529,0.95004261,0.01044821,0.94878509,-0.31207309,0.04916443,0.00784842,-0.03860598,0.01839
0.04438816,-0.01257158,-0.99893532,0.3130415,0.94973743,0.00195774,0.94870166,-0.31279509,0.04609252,-0.01965345,0.00966447,0.17200348
0.03694295,-0.01939793,-0.99912904,0.31332872,0.94962001,-0.00685136,0.94892582,-0.31280273,0.0411597,-0.05706019,0.01471001,0.2450386
0.03198905,-0.02250244,-0.99923483,0.31336947,0.94956343,-0.01135181,0.94909229,-0.31276657,0.03742721,-0.08042538,0.01134056,0.2581014
0.01992351,-0.02819445,-0.99940383,0.31380448,0.94926577,-0.02052419,0.94927852,-0.3132085,0.02776025,-0.09524103,-0.04107833,0.27965277
0.0129195,-0.03107181,-0.99943365,0.31433078,0.94897259,-0.02543971,0.9492256,-0.31382409,0.02202708,-0.09557794,-0.05522656,0.29223296
-0.00295594,-0.03665296,-0.99932362,0.31609661,0.9480548,-0.03570755,0.94872233,-0.31598838,0.00878349,-0.09711588,-0.08728152,0.33106744
-0.02123,-0.04189366,-0.99889645,0.31969402,0.94637984,-0.04648573,0.94728292,-0.32032813,-0.00669848,-0.09934098,-0.13067286,0.33563611
-0.0416162,-0.04630376,-0.99806009,0.32619093,0.94356102,-0.05737657,0.94438734,-0.32794596,-0.02416355,-0.09826967,-0.19488554,0.29506737
-0.05248082,-0.04830385,-0.99745293,0.33062646,0.94165675,-0.06299768,0.94230131,-0.33309053,-0.03344838,-0.09258132,-0.19525735,0.27854595
-0.07495208,-0.05155633,-0.99585348,0.34242452,0.93660595,-0.07426132,0.93655094,-0.34657068,-0.05254642,-0.07818201,-0.21016698,0.24180548
-0.09819866,-0.05414036,-0.993693,0.35796299,0.92976395,-0.08603185,0.92855773,-0.36415355,-0.07192133,-0.0613408,-0.12802981,0.20050746
-0.10987653,-0.05460539,-0.99244407,0.36721005,0.92561829,-0.09158354,0.92362533,-0.37449836,-0.08165207,-0.05049689,-0.12025934,0.17564172
-0.13306989,-0.05347917,-0.98966283,0.38855637,0.9157917,-0.10173254,0.91176559,-0.39807731,-0.10108463,-0.04223955,-0.11925244,0.10845188
-0.15532389,-0.04892924,-0.98665111,0.41294747,0.90410655,-0.10984415,0.89741231,-0.4244965,-0.12022414,-0.03533666,-0.12812947,0.02601435
-0.16564105,-0.04553636,-0.98513418,0.42578686,0.89772857,-0.11308824,0.88953273,-0.43818927,-0.12931191,-0.02643105,-0.14492981,-0.01946066
-0.18416314,-0.03733316,-0.98218637,0.4523709,0.8839329,-0.11841955,0.87260782,-0.46612108,-0.14589942,-0.00503917,-0.10050272,-0.07316889
-0.19970043,-0.02891027,-0.9794304,0.47936328,0.86889955,-0.12338721,0.85459379,-0.49414346,-0.15966109,0.02650854,0.0738899,-0.1520386
-0.20609676,-0.02510532,-0.97820953,0.49242362,0.86120887,-0.12585016,0.84560223,-0.50763077,-0.16512991,0.04456212,0.14011876,-0.19322698
-0.21611327,-0.01906251,-0.97618222,0.51584795,0.84664595,-0.13073458,0.82897286,-0.53181506,-0.17313808,0.07975642,0.25267175,-0.24882197
-0.2225015,-0.0149452,-0.97481786,0.53418691,0.83456226,-0.13472267,0.81555966,-0.55071089,-0.17770783,0.09364617,0.30340365,-0.27404681
-0.22443516,-0.0133818,-0.97439713,0.54115765,0.82984383,-0.1360427,0.81041794,-0.55783523,-0.17900446,0.08944221,0.30834416,-0.27776366
-0.22601675,-0.01103448,-0.97406094,0.55124578,0.8229797,-0.13723158,0.80314667,-0.56796361,-0.17992449,0.07191321,0.27692452,-0.28667638
-0.22584341,-0.01018469,-0.97411033,0.55458593,0.82074458,-0.13715965,0.80089269,-0.57120451,-0.17971146,0.07052082,0.2553902,-0.28588995
-0.22390874,-0.00893233,-0.9745691,0.55858984,0.81824557,-0.13583647,0.79865017,-0.57479942,-0.17822281,0.04945157,0.19198672,-0.27367166
-0.22050144,-0.00817653,-0.97535238,0.55998635,0.81768307,-0.1334529,0.79862031,-0.57561058,-0.17572155,0.03855418,0.13553421,-0.27202219
-0.21625081,-0.00802126,-0.97630483,0.55950978,0.81846071,-0.13065546,0.80011515,-0.57450649,-0.17250481,0.02346352,0.10496192,-0.25908279
-0.21397115,-0.00816077,-0.97680586,0.55884064,0.81913939,-0.12925864,0.801195,-0.57353645,-0.17071162,0.02003158,0.09612434,-0.25892258
-0.20916862,-0.0087526,-0.97784046,0.55667174,0.82105604,-0.12642616,0.80396837,-0.57078051,-0.16686684,0.00840484,0.08353107,-0.22740377
-0.204779912,-0.00936790432,-0.978763137,0.553965996,0.823285845,-0.123782354,0.806961407,-0.567549679,-0.163402889,0.000290576369,0.0765153691,-0.196092874
-0.20286786,-0.00968683,-0.9791581,0.55247456,0.82446092,-0.12262145,0.80846539,-0.56583595,-0.16190488,-0.00172451,0.07037347,-0.18403815
-0.19978838,-0.01019761,-0.9797859,0.5492408,0.8269157,-0.12060241,0.81143018,-0.56223341,-0.15960719,-0.00712208,0.06356972,-0.17361206
-0.19777616,-0.01068543,-0.98018896,0.54509169,0.82988339,-0.11903195,0.81471444,-0.55783455,-0.15830661,-0.00887911,0.04019636,-0.17837889
-0.19716589,-0.01079008,-0.98031082,0.54245322,0.83172114,-0.11825595,0.81662122,-0.55508877,-0.15813394,-0.00880354,0.01836699,-0.17676632
-0.19673556,-0.01098933,-0.98039487,0.53544531,0.83645116,-0.11682357,0.82133622,-0.54793126,-0.15867548,-0.01317604,-0.02279675,-0.15411375
-0.1969282,-0.010404,-0.98036281,0.52757311,0.84170239,-0.11490751,0.82636923,-0.53984153,-0.16026608,-0.01537273,-0.06135892,-0.10811438
-0.19719,-0.00960942,-0.98031815,0.52407968,0.8440466,-0.11369175,0.82852671,-0.53618372,-0.16140144,-0.01786663,-0.07013034,-0.08103593
-0.19833488,-0.00655675,-0.9801124,0.51906416,0.84753542,-0.1107073,0.83140586,-0.53069833,-0.16469246,-0.01995407,-0.08134132,-0.04767464
-0.20007222,-0.00132642,-0.9797802,0.51701513,0.84929685,-0.10672487,0.8322658,-0.5279139,-0.16923492,-0.02865258,-0.09811466,-0.06049749
-0.20096478,0.00196492,-0.9795966,0.517283,0.84942063,-0.10441705,0.8318844,-0.52771277,-0.17172007,-0.02430685,-0.1055451,-0.06891578
-0.20227497,0.00920029,-0.97928554,0.51996357,0.84838174,-0.0994299,0.82989319,-0.529305,-0.17639021,-0.01376325,-0.09992682,-0.08771372
-0.2026812,0.01264227,-0.97916314,0.52179449,0.84753097,-0.09706577,0.82864395,-0.53059535,-0.17837526,-0.00416882,-0.07162666,-0.08890563
-0.202985093,0.0189451188,-0.978998567,0.52526432,0.845892419,-0.092538727,0.826374313,-0.533016984,-0.18165475,0.012360882,0.00011456012,-0.0301999208
-0.20319067,0.02467406,-0.97882814,0.52843765,0.84435596,-0.0884118,0.82429788,-0.53521415,-0.18460394,0.02535016,0.05242699,0.00819678
-0.20372557,0.02985161,-0.97857281,0.53138021,0.84286691,-0.08491428,0.82227181,-0.53729345,-0.1875761,0.03858728,0.07772081,0.00169919
-0.20405951,0.03218173,-0.97842924,0.53261319,0.84224175,-0.08337859,0.82139067,-0.53813858,-0.18900784,0.04830518,0.08311861,-0.00278615
-0.20464887,0.03602604,-0.9781722,0.53392578,0.84167075,-0.08070692,0.82039137,-0.53878796,-0.19148219,0.05701798,0.09331983,0.01377006
-0.20532888,0.03892573,-0.97791859,0.53328387,0.84229143,-0.07844394,0.82063896,-0.53761503,-0.19370522,0.0708779,0.105156,0.06855528
-0.2058473,0.04018582,-0.97775867,0.53233348,0.84298659,-0.07742534,0.82112604,-0.53643147,-0.19491877,0.07682942,0.09026747,0.06910508
-0.20717761,0.04217612,-0.97739371,0.52969532,0.84479193,-0.07582512,0.8224963,-0.53343018,-0.19736246,0.07479181,0.03651684,0.05215292
-0.20783969,0.0432972,-0.97720413,0.52687448,0.84666764,-0.07454646,0.82413946,-0.53035766,-0.19878333,0.06890127,-0.02895534,0.0715705
-0.20775801,0.0434738,-0.97721351,0.52587847,0.8473251,-0.07410777,0.82479576,-0.52929212,-0.19890048,0.06586926,-0.05707126,0.09763808
-0.2070354,0.04370291,-0.97735674,0.52571353,0.84748321,-0.07346742,0.82508268,-0.52902007,-0.19843422,0.05550477,-0.11045604,0.15038803
-0.2056799,0.04442553,-0.97761041,0.52914701,0.84539193,-0.07291036,0.82322487,-0.53229583,-0.19738777,0.04876969,-0.15910392,0.15910123
-0.20486208,0.04497387,-0.97775709,0.53235678,0.84338846,-0.07274738,0.82135731,-0.53541878,-0.19672046,0.04569146,-0.16651468,0.15325913
-0.20239485,0.0465048,-0.97819908,0.5419136,0.83731699,-0.07231791,0.81569957,-0.5447362,-0.19467021,0.03494032,-0.19323497,0.15518619
-0.19884009,0.04886287,-0.97881302,0.5559501,0.82812636,-0.0715975,0.8070824,-0.55840768,-0.19183003,0.03162081,-0.21702169,0.1538526
-0.19658477,0.05030065,-0.9791956,0.56487418,0.82210179,-0.07117421,0.80141833,-0.56711414,-0.19002621,0.0262634,-0.22611283,0.15287571
-0.19109113,0.05401821,-0.98008474,0.58719909,0.80640636,-0.07004287,0.78656296,-0.58888947,-0.18581654,0.02071533,-0.24873893,0.12707248
-0.18794576,0.05620546,-0.98056985,0.60038024,0.7966969,-0.06940886,0.77731579,-0.6017599,-0.18348044,0.01438908,-0.2469788,0.11038179
-0.18112699,0.06098419,-0.98156715,0.62913477,0.77431742,-0.06798529,0.75589853,-0.62985196,-0.17861707,0.00823983,-0.2342649,0.07240701
-0.17396713,0.06645296,-0.98250661,0.6592285,0.74903488,-0.06606425,0.73154154,-0.65918943,-0.17411511,-0.00309142,-0.23669706,0.0219522
-0.16642132,0.07228896,-0.98340138,0.69040126,0.720602,-0.063866,0.70402419,-0.68957021,-0.16983192,-0.00725367,-0.19863097,-0.01326068
-0.16250612,0.07523884,-0.9838347,0.70594424,0.70549083,-0.06265281,0.68937241,-0.70471396,-0.16776098,-0.00904739,-0.20533608,-0.04055507
-0.16210762,-0.14326295,-0.97631791,-0.08052812,0.98802532,-0.13160998,0.98348165,0.05728606,-0.17170313,0.00688471,-0.0029071,-0.00667224
-0.16215674,-0.14342431,-0.97628604,-0.08043632,0.98800928,-0.13178642,0.98348104,0.05715879,-0.17174888,0.01089019,-0.00192374,-0.00659964
-0.16202052,-0.14387083,-0.97624305,-0.08023731,0.98795936,-0.13228103,0.98351985,0.05689887,-0.1716135,0.00873778,-0.00183296,-0.01219036
-0.16118853,-0.14671459,-0.97595753,-0.07900681,0.98763306,-0.13542105,0.98375616,0.05527897,-0.17078657,0.00730613,-0.00632912,-0.01298915
-0.16058197,-0.14815563,-0.97583983,-0.07802264,0.98748188,-0.13708394,0.98393391,0.05412439,-0.17013128,0.00498987,-0.00485289,-0.01275075
-0.16028473,-0.14887246,-0.97577955,-0.07746874,0.98740887,-0.13792144,0.98402608,0.05348571,-0.16979953,0.00485533,-0.00456852,-0.01343911
-0.15978888,-0.15051978,-0.97560816,-0.07628634,0.98723404,-0.13981898,0.98419911,0.05208406,-0.16923162,0.00474891,-0.00353122,-0.01821369
-0.15931591,-0.15223234,-0.97541968,-0.07536948,0.98703131,-0.14173438,0.98434632,0.05093633,-0.16872347,-0.00515177,0.00950271,-0.00848803
-0.15910399,-0.15306171,-0.97532451,-0.07497325,0.98692921,-0.14265254,0.98441089,0.05042666,-0.16849991,-0.00352969,0.01623493,-0.00940687
-0.15908827,-0.15453127,-0.9750953,-0.07421397,0.98675141,-0.14427037,0.98447095,0.04941397,-0.16844896,-0.00231837,0.01059884,-0.00606803
-0.15946796,-0.15560536,-0.97486246,-0.07382682,0.98661397,-0.14540451,0.98443865,0.04878363,-0.16882117,-0.00544275,-0.00189263,-0.01194774
-0.1597263,-0.15613262,-0.97473588,-0.07351807,0.9865523,-0.14597823,0.9844199,0.04834413,-0.16905691,-0.00130052,0.00128824,-0.01501697
-0.16047805,-0.15732712,-0.97442027,-0.07265024,0.98642016,-0.14729975,0.98436204,0.04715349,-0.16972863,-0.00358742,0.00233418,-0.01729902
-0.16124256,-0.15840673,-0.97411916,-0.07176772,0.98630349,-0.14850863,0.9843019,0.0459644,-0.17040259,-0.00203389,0.00484365,-0.01887471
-0.161624386,-0.158919192,-0.973972296,-0.071353933,0.986247122,-0.149081282,0.984269252,0.0454015737,-0.170741095,0.000804387964,0.003662884,-0.019977117
-0.162437315,-0.159943289,-0.973669533,-0.070598056,0.986129905,-0.150212271,0.984190088,0.0443391026,-0.17147598,0.000246996759,0.00729292585,-0.0143068107
-0.163399576,-0.16077979,-0.973370505,-0.0696499234,0.98604915,-0.151181874,0.98409815,0.043092113,-0.172318313,-0.000652284827,0.00548607064,-0.018326642
-0.163820257,-0.16110996,-0.973245227,-0.0690273063,0.986027661,-0.151606994,0.984072112,0.0423441887,-0.172652291,-0.000530151417,0.0033150313,-0.0178001709
-0.16451458,-0.1616085,-0.97304555,-0.06773208,0.98600915,-0.15230998,0.9840464,0.04084919,-0.17315896,0.00205576,0.00323921,-0.02076947
-0.16500952,-0.16208018,-0.9728832,-0.06677458,0.98597754,-0.15293609,0.9840289,0.03972795,-0.17351852,0.00122871,0.00247306,-0.01678191
-0.16525714,-0.16226311,-0.97281079,-0.06634927,0.98596738,-0.15318647,0.98401622,0.03923013,-0.17370419,0.00194601,0.00817495,-0.02215028
-0.165504495,-0.162603168,-0.972711938,-0.0657649223,0.98593839,-0.153624432,0.984013861,0.0385447929,-0.173870821,0.000773920678,0.00763684465,-0.0087465886
-0.166009262,-0.163096034,-0.972543303,-0.0652496903,0.985883502,-0.154195318,0.983963043,0.0378602917,-0.174307758,0.000550337369,0.0102507463,-0.00814451743
-0.16632835,-0.16339948,-0.97243779,-0.06510649,0.98584277,-0.15451592,0.98391858,0.03761162,-0.17461197,-0.00179993,0.007047,-0.00671328
-0.16686595,-0.16445478,-0.97216774,-0.06482015,0.98568859,-0.15561604,0.98384645,0.03704903,-0.17513785,-0.00522318,0.00648671,-0.00698258
-0.16738672,-0.16570532,-0.9718659,-0.06506353,0.9854816,-0.15682077,0.98374199,0.03698331,-0.1757379,-0.00616354,0.01533741,-0.00263217
-0.1676531,-0.16609117,-0.97175408,-0.06536211,0.98540964,-0.15714846,0.98367681,0.03716946,-0.17606305,-0.00358,0.02247876,0.00138268
-0.16852091,-0.16628946,-0.97157018,-0.06597704,0.98535952,-0.15720573,0.98348758,0.03760888,-0.17702497,-0.00180614,0.01734513,-0.00485756
-0.16962581,-0.16612176,-0.97140643,-0.06625713,0.98538275,-0.15694211,0.98327864,0.03774115,-0.1781531,0.00267861,-0.00221604,-0.01527968
-0.17008079,-0.16593188,-0.9713594,-0.06636199,0.9854122,-0.15671274,0.98319304,0.03780752,-0.17861126,0.00540861,-0.0088672,-0.0221433
-0.17091533,-0.16588013,-0.97122179,-0.06643135,0.98542305,-0.15661507,0.98304367,0.03775166,-0.17944354,0.00558731,-0.00179964,-0.0266028
-0.17156805,-0.1659735,-0.97109063,-0.06593721,0.98543082,-0.15677493,0.98296312,0.03713343,-0.18001227,0.00373838,0.00231951,-0.02508703
-0.17186355,-0.16604966,-0.97102541,-0.06569037,0.9854296,-0.15688618,0.98292808,0.036824,-0.18026729,0.00203273,0.00581747,-0.02158115
-0.172366462,-0.166224894,-0.970906237,-0.0654964648,0.985411539,-0.157080584,0.982852914,0.0365154932,-0.180739043,0.000910811592,0.000913321914,-0.0237150379
-0.17270257,-0.16657607,-0.9707863,-0.06623701,0.98532897,-0.15728787,0.98274426,0.03713796,-0.18120235,0.0032255,-0.00440371,-0.02467739
-0.172782406,-0.166774976,-0.970737973,-0.0669070206,0.985271697,-0.157363057,0.982684871,0.037759611,-0.181396031,0.00131625962,-0.000687241496,-0.0191654544
-0.17283943,-0.16730771,-0.9706362,-0.06856518,0.9851206,-0.15759509,0.98256059,0.0393132,-0.18173917,-0.00172994,0.00326139,-0.00753008
-0.17290784,-0.16757092,-0.97057868,-0.07036475,0.98500473,-0.15752617,0.98242139,0.04105702,-0.18210612,,,
-0.1728754,-0.16756647,-0.97058516,-0.07122939,0.98496871,-0.15736271,0.98236472,0.04193005,-0.18221251,0.00225113,0.00414592,-0.00257954
-0.172885217,-0.167280947,-0.970632656,-0.0730468904,0.984935658,-0.156735133,0.982229515,0.0438045082,-0.182500167,-0.00488724513,0.00780719472,0.00096216111
-0.172996843,-0.166807391,-0.970694274,-0.0746003008,0.984942181,-0.155960555,0.982093109,0.0454334005,-0.18283577,0.000208850543,0.00480121328,-0.00178545085
-0.17300429,-0.16646484,-0.9707518,-0.07541248,0.98495925,-0.15546137,0.98202981,0.04631132,-0.1829557,-0.00233608,0.00865394,0.0013574
-0.173170013,-0.165540571,-0.970880244,-0.0768958862,0.985036746,-0.15423888,0.981885508,0.0479471471,-0.183308214,0.000461765449,0.00901311543,0.00291534071
-0.173500312,-0.164264573,-0.971037933,-0.078220423,0.985175297,-0.152680049,0.981722508,0.0494649562,-0.183777066,0.006534243,0.00792783406,-0.000263847993
-0.17367237,-0.16362236,-0.97111563,-0.07882109,0.9852469,-0.15190712,0.98164407,0.05016232,-0.18400706,0.00682449,0.0057953,-0.00364998
-0.17402994,-0.16217188,-0.97129478,-0.08005839,0.98541122,-0.15018448,0.98148048,0.05162369,-0.18447427,0.00920153,-0.00762135,-0.00389867
-0.17423664,-0.16090549,-0.97146845,-0.08149209,0.98553108,-0.14861877,0.98132592,0.05327215,-0.18482815,0.0108199,-0.01298779,-0.00175472
-0.17425741,-0.16034175,-0.97155798,-0.08239579,0.98556775,-0.14787545,0.98124682,0.0542839,-0.18495397,0.01058029,-0.0162124,-0.00188359
-0.17411321,-0.1594955,-0.97172297,-0.08409869,0.98559894,-0.14670424,0.9811278,0.05617747,-0.18501916,0.01326896,-0.01065165,0.0012657
-0.17376921,-0.15904287,-0.97185884,-0.08571484,0.98557009,-0.1459608,0.98104903,0.05793924,-0.18489407,0.00832221,-0.00629902,0.00533594
-0.172942417,-0.158419089,-0.972108156,-0.0878506003,0.985527254,-0.144976903,0.981006191,0.0603276273,-0.184356678,0.0117800552,-0.000627696456,0.0123875262
-0.17237641,-0.15813107,-0.97225558,-0.08927569,0.9854761,-0.14445314,0.98097716,0.06189847,-0.18399009,0.00613308,-0.00164676,0.01051391
-0.17208635,-0.15812228,-0.97230848,-0.08991726,0.98543396,-0.14434261,0.98096958,0.06258793,-0.18379766,0.00685553,-0.0045681,0.01158042
-0.1715192,-0.158043656,-0.972421373,-0.0911299407,0.985362015,-0.144073012,0.980956909,0.063905413,-0.183411013,0.0065942728,0.000215888009,0.013618595
-0.17099949,-0.15807049,-0.97250851,-0.09230697,0.98527555,-0.14391497,0.98093756,0.06515992,-0.18307263,0.00322113,0.00321788,0.01547193
-0.17078458,-0.1580476,-0.97254996,-0.09277106,0.98524587,-0.14381971,0.98093119,0.0656623,-0.18292705,0.0031583,0.00207084,0.01339845
-0.17041684,-0.1580486,-0.97261434,-0.0935921,0.98518673,-0.14369282,0.98091719,0.06654134,-0.18268451,0.00594979,-0.00386912,0.01670705
-0.1702977,-0.15792013,-0.97265606,-0.09430519,0.98515584,-0.14343813,0.98086957,0.06729933,-0.18266246,0.00667934,-0.00922745,0.01819265
-0.17031721,-0.15793343,-0.97265058,-0.0946253,0.98513206,-0.14339063,0.98083544,0.06761546,-0.18272944,0.0022254,-0.01530373,0.01518691
-0.17032752,-0.15813202,-0.97261643,-0.09535393,0.9850524,-0.14345524,0.98076301,0.06830842,-0.18286004,0.00506604,-0.00185853,0.01895934
-0.17038528,-0.15827788,-0.97258254,-0.09620719,0.98497169,-0.14343967,0.9806696,0.06912942,-0.18305215,0.00483038,0.00331742,0.01982237
-0.17046673,-0.15823226,-0.97257567,-0.09652722,0.98495665,-0.14332788,0.98062397,0.06944739,-0.18317606,0.00849348,0.00383192,0.02004962
-0.17073517,-0.1579039,-0.97258198,-0.09695378,0.98497747,-0.14289628,0.98053522,0.06989808,-0.18347968,0.01069178,0.00232547,0.01576191
-0.17123358,-0.1575403,-0.9725534,-0.09684453,0.98504381,-0.14251254,0.98045918,0.06978354,-0.18392949,0.0076848,-0.0041554,0.00704894
-0.17148258,-0.15746477,-0.97252173,-0.09668256,0.98506898,-0.14244852,0.98043162,0.06959845,-0.18414627,0.00846998,-0.00768083,0.01267729
-0.17210507,-0.15756827,-0.97239508,-0.09598288,0.98510963,-0.14264047,0.98039137,0.06878414,-0.18466621,0.01216359,-0.00653189,0.0077364
-0.17298113,-0.15782736,-0.97219757,-0.09535239,0.98512453,-0.14296008,0.98029868,0.06797196,-0.18545717,0.01492996,-0.00824332,0.00721289
-0.1735597,-0.15805453,-0.97205737,-0.09492047,0.9851268,-0.14323163,0.98023817,0.06740889,-0.18598092,0.00816914,-0.00546467,0.00565385
-0.17482681,-0.15866109,-0.97173151,-0.09391455,0.98511843,-0.14395043,0.98010996,0.06609333,-0.1871257,0.00934409,-0.00623578,-0.00286698
-0.17603096,-0.15948234,-0.97137958,-0.09275098,0.98508585,-0.14492454,0.98000518,0.0645852,-0.18819775,,,
-0.17654672,-0.15987098,-0.97122213,-0.09221504,0.98506796,-0.14538744,0.97996303,0.06389361,-0.18865303,0.00278561,0.00157118,-0.00413206
-0.177501425,-0.160764919,-0.970900497,-0.0912161518,0.98500735,-0.146424498,0.979884048,0.0625712461,-0.189504565,0.00162155728,0.000149011597,-0.00590493018
-0.17825052,-0.16155496,-0.97063212,-0.09016652,0.98496127,-0.14738143,0.97984525,0.06124771,-0.19013671,-0.00267337,0.00272864,-0.0042242
-0.17853177,-0.16195869,-0.97051306,-0.08972259,0.98493015,-0.14785957,0.97983471,0.06067931,-0.19037268,-0.00284245,0.0017336,-0.00491022
-0.17902746,-0.16259124,-0.97031605,-0.08860462,0.98490662,-0.14868818,0.97984609,0.05935522,-0.19073167,0.00124639,0.01014501,-0.00416643
-0.17951702,-0.1630417,-0.97014996,-0.08720359,0.98492566,-0.14938867,0.97988217,0.05778274,-0.19102874,-0.00674422,0.00652915,-0.00514535
-0.1797926,-0.16321041,-0.97007058,-0.08652997,0.98494161,-0.14967496,0.97989139,0.05702973,-0.1912078,-0.00301811,0.00798148,-0.00469908
-0.18043886,-0.16360053,-0.96988485,-0.0852721,0.98495931,-0.15027914,0.97988286,0.05558792,-0.19167549,-0.00306138,0.00564355,-0.0086203
-0.18172798,-0.16422192,-0.96953903,-0.08398111,0.98494613,-0.15109037,0.97975606,0.05396561,-0.19278381,-0.00274974,0.00102103,-0.01306873
-0.18263212,-0.16473281,-0.96928251,-0.08329342,0.9849116,-0.15169489,0.97964672,0.0530305,-0.19359765,-0.00568558,0.00676471,-0.01254475
-0.183426083,-0.165143896,-0.96906263,-0.0826947897,0.984886003,-0.152187822,0.97954911,0.0522212149,-0.194310322,-0.000316394144,0.00613313867,-0.0108016776
-0.18379609,-0.16520581,-0.96898202,-0.08227093,0.98490185,-0.15231495,0.97951549,0.05172416,-0.19461275,-0.00221527,0.01117045,-0.0188273
-0.184610965,-0.165156872,-0.968835333,-0.0814050194,0.984961535,-0.152394212,0.979434489,0.0507344123,-0.195279298,0.00275280047,-0.000371932954,-0.0198193435
-0.18525437,-0.1651203,-0.96871879,-0.08057468,0.98501511,-0.15248922,0.97938171,0.04980491,-0.19578286,-0.00156885,-0.00356865,-0.01814081
-0.185500434,-0.165091024,-0.968676538,-0.0803628073,0.985032426,-0.152489132,0.979352389,0.0495587524,-0.19599112,-0.000176349655,-0.00101155031,-0.0174329933
-0.18584225,-0.16516774,-0.96859807,-0.08018737,0.98503192,-0.15258474,0.97930209,0.04931264,-0.19630491,0.00291891,0.00232214,-0.0163705
-0.18604708,-0.16531925,-0.96853294,-0.080189,0.98500958,-0.15272802,0.97926311,0.04925109,-0.19651494,-0.00192203,0.00317186,-0.00947922
-0.1860945,-0.16532007,-0.9685235,-0.08025987,0.98500626,-0.15271219,0.9792481,0.04931465,-0.19657282,0.00277875,0.00162137,-0.0075694
-0.18607446,-0.16519863,-0.96854817,-0.08004673,0.98503596,-0.1526325,0.97926946,0.0491281,-0.19651364,0.00264331,0.00296491,-0.00917434
-0.18593854,-0.16490182,-0.96862497,-0.07953146,0.98510737,-0.15244088,0.97933737,0.04869153,-0.19628431,0.00410471,0.00423354,-0.01123794
-0.18588394,-0.164719,-0.96866649,-0.07917649,0.9851533,-0.15232882,0.97937643,0.04838013,-0.19616605,0.00378908,0.00461942,-0.01261816
-0.18561742,-0.16425492,-0.96879637,-0.07848328,0.98525818,-0.15200885,0.97948275,0.04781882,-0.19577235,0.00231644,0.00389177,-0.01697124
-0.185240772,-0.163693066,-0.968963505,-0.0778779021,0.985372755,-0.151576925,0.979602331,0.0473826112,-0.195279282,0.00562694669,0.00068998331,-0.012269537
-0.1850149,-0.16347201,-0.96904412,-0.07761104,0.98541849,-0.15141639,0.97966634,0.04719423,-0.19500434,0.00262286,0.00177628,-0.01617984
-0.18450093,-0.1628809,-0.96924151,-0.07728867,0.98552234,-0.15090452,0.97978863,0.04706936,-0.19441864,0.00587895,0.00665694,-0.00970102
-0.18397323,-0.16240219,-0.96942217,-0.07698514,0.98560739,-0.15050366,0.97991178,0.04694245,-0.19382793,0.00289707,0.00458211,-0.01234686
-0.18374663,-0.16212876,-0.96951091,-0.07677148,0.98565835,-0.15027893,0.97997106,0.04681754,-0.19355826,0.00302785,0.0086531,-0.01318279
-0.18337567,-0.16169624,-0.96965334,-0.07650415,0.98573532,-0.14990995,0.98006142,0.04669266,-0.19313031,-0.00121533,0.00728244,-0.00952058
-0.18310049,-0.16126537,-0.969777,-0.07637844,0.9858058,-0.14951002,0.98012259,0.04669469,-0.19281872,0.00153863,0.00364453,-0.00869264
-0.18306582,-0.16104756,-0.96981979,-0.07639507,0.98583831,-0.14928703,0.98012782,0.04676009,-0.19277654,0.0039722,0.00313324,-0.00701722
-0.18307917,-0.16072609,-0.96987061,-0.07658796,0.9858786,-0.14892166,0.98011028,0.04701595,-0.19280351,0.00461165,0.00365037,-0.01118345
-0.18327668,-0.1603825,-0.96989024,-0.0766216,0.98593114,-0.14855614,0.98007079,0.04708767,-0.19298695,0.00684428,0.01127833,-0.01308248
-0.18335147,-0.1602103,-0.96990462,-0.07660311,0.98595893,-0.14838108,0.9800583,0.04709183,-0.19304962,0.00308751,0.00921088,-0.01770793
-0.1836585,-0.16001689,-0.96987841,-0.07649591,0.9859959,-0.14819061,0.98000914,0.04697526,-0.19332716,0.00344458,0.01102835,-0.01554448
-0.18409633,-0.15972982,-0.96984272,-0.07682998,0.98602685,-0.14781136,0.97990085,0.04730147,-0.19379597,0.00252714,0.00717765,-0.01238193
-0.18524665,-0.159273474,-0.969698637,-0.0779401764,0.986050586,-0.147069946,0.979596251,0.0483342599,-0.195076371,0.00660674972,-6.55054973e-05,-0.0144983875
-0.18615085,-0.15910795,-0.96955267,-0.07899926,0.9860297,-0.1466443,0.97934,0.04929598,-0.19611968,0.00909316,0.00656491,-0.01980882
-0.18664398,-0.15916084,-0.96944931,-0.0795297,0.98599865,-0.14656634,0.97920333,0.04974429,-0.19668872,0.01095989,0.00811392,-0.02197346
-0.1876768,-0.15931973,-0.9692238,-0.08060896,0.98592731,-0.14645663,0.97891764,0.05064162,-0.19787828,0.01077627,0.00576991,-0.02139414
-0.18861342,-0.15984992,-0.96895443,-0.08223982,0.98576902,-0.14661529,0.9786017,0.05203302,-0.19907529,0.00765952,0.00343984,-0.02082136
-0.18911844,-0.16026759,-0.9687871,-0.0833401,0.98565084,-0.14678842,0.97841125,0.05297842,-0.19976147,0.00697323,0.01195532,-0.00768777
-0.190008126,-0.16109033,-0.968476622,-0.0861441143,0.985378083,-0.147000775,0.977996039,0.0554972248,-0.201106827,0.00409489917,-0.000781476439,-0.00276332023
-0.19100553,-0.16198313,-0.96813127,-0.08935975,0.98506399,-0.14718616,0.97751293,0.05839859,-0.20262744,0.00354267,0.00273603,-0.0119254
-0.19149425,-0.16248538,-0.9679506,-0.09097831,0.98489418,-0.14733094,0.97726804,0.05984948,-0.20338422,0.00239677,0.00396281,-0.01291235
-0.192352673,-0.163365452,-0.967632144,-0.0938620968,0.984587807,-0.147569492,0.976826568,0.0624385883,-0.20472192,-0.000238733366,0.0077388878,-0.0141746653
-0.193429612,-0.163600499,-0.967377829,-0.0963524198,0.984400537,-0.14721343,0.976371445,0.0647337582,-0.206175518,0.000422702404,0.00953227188,-0.0117332088
-0.19405902,-0.16368134,-0.96723816,-0.09754493,0.9843149,-0.14700054,0.97612818,0.0658224,-0.20698147,-0.00142154,0.01671713,-0.02024377
-0.195159477,-0.163691364,-0.967014954,-0.100000301,0.984156329,-0.146411269,0.975660147,0.0681282401,-0.208436621,0.000264201313,0.0120421043,-0.0186303686
-0.19599496,-0.16368363,-0.96684734,-0.10284787,0.98396359,-0.1457325,0.97519661,0.07087535,-0.20968642,-0.00107031,-0.00615513,-0.02993699
-0.19624961,-0.16375243,-0.96678411,-0.10441518,0.9838409,-0.14544605,0.97497889,0.07240321,-0.21017663,-0.00212574,-0.00966036,-0.02548362
-0.19643097,-0.163876,-0.96672604,-0.10799636,0.98355188,-0.14478423,0.97455188,0.07596278,-0.21089806,0.0042569,0.01030952,-0.00871167
-0.19679214,-0.16376606,-0.9666712,-0.1116327,0.9832823,-0.14385429,0.97406913,0.07960272,-0.21178387,0.0081077,0.01109069,-0.00786638
-0.19707148,-0.16355386,-0.96665037,-0.11321884,0.98318629,-0.14326969,0.97382971,0.08120866,-0.21227536,0.00748914,0.00901002,-0.01242676
-0.197612073,-0.163112577,-0.966614679,-0.116071484,0.983016036,-0.142150927,0.973384334,0.0841056654,-0.213188555,0.00923775788,-0.000399768323,-0.0176765267
-0.19802664,-0.16260687,-0.96661486,-0.11863957,0.98287001,-0.14103611,0.97299021,0.08674986,-0.21392605,0.01229197,-0.00212663,-0.01491908
-0.198179158,-0.162329486,-0.966630115,-0.119941834,0.982795373,-0.140453571,0.972799361,0.0881044096,-0.214239655,0.0126985973,-0.000100374215,-0.0105756372
-0.19845131,-0.16189211,-0.96664773,-0.12269228,0.98260914,-0.13937673,0.9724009,0.09094071,-0.21486298,0.00870371,-0.00202024,-0.0179886
-0.198142238,-0.161444944,-0.966786015,-0.127057262,0.982250488,-0.137987067,0.971903349,0.0954961181,-0.215138063,0.000517414883,-0.00685524894,-0.0224322956
-0.19766489,-0.16125815,-0.96691488,-0.12979866,0.98199684,-0.13723892,0.97163825,0.09837694,-0.21503738,-0.00256674,0.02217895,-0.00114482
-0.197607114,-0.160644519,-0.967028771,-0.132215519,0.981834762,-0.136086573,0.971324026,0.100964535,-0.215257232,-0.000234494335,0.0125611415,0.00796865951
-0.19784979,-0.16023622,-0.96704699,-0.13332472,0.98177966,-0.13540025,0.97112309,0.10214236,-0.21560835,-0.00147318,0.01621526,0.01300442
-0.19896924,-0.15927264,-0.96697647,-0.13543391,0.98170608,-0.13383133,0.97060235,0.10433309,-0.21690023,0.00301681,-0.00833839,0.00628559
-0.20135773,-0.15845954,-0.96661547,-0.13862106,0.9815059,-0.13202409,0.96965927,0.10740919,-0.21959963,0.00612582,0.00128055,0.00888618
-0.20348352,-0.15822178,-0.96620919,-0.14066479,0.98134221,-0.13107589,0.96892092,0.10923983,-0.2219432,0.0071846,0.00819498,0.01521224
-0.20599451,-0.15762745,-0.96577433,-0.14257948,0.98124331,-0.12974078,0.9681103,0.11097372,-0.22460517,0.00970821,-0.00678945,0.01617849
-0.20732407,-0.15743491,-0.9655209,-0.14347517,0.98118658,-0.12918117,0.96769377,0.11174591,-0.22601159,0.0091451,-0.01029175,0.00470457
-0.20968134,-0.15724934,-0.96504197,-0.14570217,0.98098838,-0.12818997,0.96685275,0.11372966,-0.22860653,0.00906555,-0.00977486,0.01006662
-0.21158235,-0.15737357,-0.96460683,-0.14816925,0.9807087,-0.12750026,0.96606348,0.11594826,-0.23081857,0.01001605,-0.00181246,0.01383161
-0.21239281,-0.15733637,-0.96443476,-0.14951923,0.98056357,-0.12703969,0.96567756,0.11721923,-0.23178946,0.00886932,-0.00806469,0.01810671
-0.21425474,-0.15753492,-0.96399037,-0.1550735,0.97987782,-0.12566486,0.96438939,0.12256507,-0.23437296,,,
-0.21446367,-0.15752324,-0.96394583,-0.15639031,0.97971455,-0.12530553,0.96413028,0.1238783,-0.23474828,0.00105813,0.00859159,0.00977824
-0.21476292,-0.15702787,-0.96396002,-0.15914418,0.97942561,-0.12409106,0.96361289,0.12675847,-0.23533438,0.00457525,-0.00390804,0.00407998
-0.21497101,-0.1565106,-0.96399785,-0.16177307,0.97914574,-0.12289463,0.96312871,0.12953011,-0.23580715,0.00754571,-0.00527656,0.00688087
-0.21500803,-0.15642661,-0.96400338,-0.16320661,0.97896315,-0.12245309,0.96287871,0.13100333,-0.2360148,0.00794483,-0.00777078,0.00140529
-0.21487443,-0.15633724,-0.96404756,-0.16630344,0.97854556,-0.12162135,0.9623784,0.13419111,-0.23626384,0.00639554,-0.01530564,0.01068696
-0.21463886,-0.15655781,-0.96406421,-0.16941192,0.97807499,-0.12111527,0.96188863,0.13732793,-0.23645566,0.00858989,-0.00229216,0.00661578
-0.21463494,-0.156625,-0.96405414,-0.17095682,0.97784465,-0.12080401,0.96161611,0.13888287,-0.23665574,0.00805012,0.00299293,0.01082097
-0.21485549,-0.15683274,-0.96397123,-0.17386965,0.97739752,-0.12026404,0.96104442,0.14176595,-0.23726768,0.01584582,-0.00526607,0.01064579
-0.21572182,-0.15746703,-0.96367436,-0.1790652,0.97655437,-0.11948731,0.95989572,0.14678452,-0.23886095,0.00437546,-0.01651418,-0.01225088
-0.21599121,-0.15867579,-0.96341547,-0.18320418,0.975768,-0.11963707,0.95905349,0.15066119,-0.23982738,-0.00426219,-0.00411713,-0.01334493
-0.21585255,-0.16018027,-0.96319763,-0.18752801,0.9748894,-0.12009956,0.95824874,0.15470274,-0.24047065,-0.00270332,0.02137714,0.00151745
-0.21589174,-0.16072943,-0.96309754,-0.18967197,0.97447322,-0.12011028,0.95781803,0.15674179,-0.24086659,-0.00177528,0.02383333,0.00479301
-0.21610581,-0.1615493,-0.96291218,-0.19398729,0.97365963,-0.11981593,0.9569049,0.16089981,-0.24175201,-0.00956408,-0.00138527,-0.00177483
-0.21622576,-0.16250439,-0.96272457,-0.19835516,0.97279903,-0.11965478,0.95598196,0.16508894,-0.24257779,-0.01711124,-0.01503318,-0.01276813
-0.21606016,-0.16311757,-0.96265813,-0.2006051,0.97232805,-0.11973204,0.9555499,0.1672448,-0.24280357,-0.01891866,-0.00507277,-0.00912205
-0.2155264,-0.16444302,-0.96255226,-0.20483981,0.97140072,-0.12008873,0.95477171,0.17128673,-0.24304697,-0.01149443,0.01436621,-0.0036815
-0.21505844,-0.16502543,-0.96255722,-0.2082772,0.97069453,-0.11988638,0.95413332,0.17469615,-0.24312709,-0.00694107,0.0195052,0.0104358
-0.215259608,-0.164250086,-0.962645034,-0.211888254,0.970126263,-0.118145707,0.953292673,0.178541171,-0.243631664,-0.000487193232,-0.0205696803,-0.0147610297
-0.21545427,-0.16384489,-0.96267039,-0.21379179,0.96982167,-0.1172135,0.95282343,0.18055688,-0.24398091,0.00907937,-0.01692641,-0.00760551
-0.21558342,-0.16377921,-0.96265271,-0.21474665,0.96965118,-0.11687797,0.95257952,0.18152949,-0.24421176,0.01728611,0.00586849,0.00626724
-0.21656099,-0.16339147,-0.96249909,-0.21682096,0.96932297,-0.11576545,0.95188757,0.1836197,-0.24534424,0.02316364,-0.01491743,0.00385398
-0.21834125,-0.16327481,-0.96211654,-0.21902063,0.96895143,-0.11473048,0.95097679,0.18567298,-0.24732262,0.01750944,-0.01713252,-0.0269267
-0.21927222,-0.16348069,-0.96187001,-0.22010077,0.96873714,-0.1144727,0.95051328,0.18660764,-0.24839937,0.01540461,-0.01714867,-0.02903837
-0.2209595,-0.16431923,-0.96134085,-0.22255105,0.96819306,-0.11433821,0.94955151,0.1886833,-0.25050088,0.01579782,0.01295406,-0.01708609
-0.22286849,-0.16507936,-0.96076968,-0.22598863,0.96745916,-0.11380645,0.94829252,0.19175916,-0.25292222,0.01273302,0.02001792,-0.01858714
-0.22382818,-0.16536643,-0.96049716,-0.22806991,0.96702514,-0.11334236,0.94756793,0.19369129,-0.25416258,0.00689933,0.00557286,-0.02277263
-0.225711565,-0.166112814,-0.959927489,-0.23286476,0.965990953,-0.112407657,0.945953622,0.198161577,-0.25671715,0.000965406653,-0.0152531257,-0.0326867029
-0.22817284,-0.16781048,-0.95904995,-0.24017541,0.96429465,-0.11158673,0.94353217,0.20487915,-0.2603298,0.00866658,0.02699226,0.00341034
-0.23093268,-0.16805129,-0.95834681,-0.24421678,0.96345043,-0.11009732,0.94182164,0.20861931,-0.26353313,0.00861708,-0.02617478,-0.00129243
-0.23420584,-0.16861121,-0.95745377,-0.24770073,0.96269196,-0.10894278,0.94010203,0.21164697,-0.2672332,0.00897236,-0.03303969,-0.02139727
-0.23571559,-0.16921104,-0.95697739,-0.24951288,0.96225295,-0.10868568,0.93924513,0.21315927,-0.26903836,0.00229179,-0.01507831,-0.01648101
-0.2386631,-0.17076915,-0.95596955,-0.25372096,0.96118889,-0.10835865,0.93737163,0.21668831,-0.27272803,0.00223113,0.00987261,-0.01925697
-0.24168557,-0.17194569,-0.95499884,-0.25866183,0.95998081,-0.10738205,0.93524444,0.22106906,-0.27648929,0.01099863,0.02759939,-0.00429421
-0.24334685,-0.17221912,-0.95452752,-0.26130181,0.95936657,-0.106476,0.934079,0.22350917,-0.27846,0.01682636,0.02614409,-0.00465984
-0.24674783,-0.17229345,-0.95364065,-0.26652537,0.95818393,-0.10415272,0.93170798,0.22846997,-0.28235038,0.01363443,-0.02440965,-0.01508643
-0.24953958,-0.17294765,-0.95279533,-0.27148722,0.95695765,-0.10259993,0.92952919,0.23306901,-0.28575188,0.00258106,-0.00716811,-0.01463757
-0.25065851,-0.1733834,-0.95242228,-0.27388336,0.95633715,-0.10201539,0.92852459,0.2352816,-0.28720088,0.00360558,0.01362866,-0.00216271
-0.25276629,-0.17399806,-0.951753,-0.27870467,0.95509436,-0.10059059,0.92651649,0.2398321,-0.28990973,0.0077739,0.03595358,0.01881633
-0.25499278,-0.17374065,-0.95120584,-0.28338978,0.95395623,-0.09827376,0.92448288,0.24450293,-0.29248828,0.00854689,-0.00411206,0.00684583
-0.25599817,-0.1734809,-0.95098331,-0.28557182,0.95343033,-0.09705331,0.92353322,0.24672857,-0.29361768,0.00770335,-0.01521033,0.00683289
-0.25757928,-0.17311259,-0.9506234,-0.28951044,0.95244882,-0.09499973,0.92186578,0.25074544,-0.29544898,0.01783211,-0.00229967,0.02430197
-0.25916474,-0.17259682,-0.9502862,-0.29271857,0.95166374,-0.09301596,0.92040717,0.25405996,-0.29715998,0.01919625,-0.00132662,0.03358803
-0.26013369,-0.17221731,-0.95009035,-0.29406881,0.95135289,-0.09193045,0.91970322,0.25547773,-0.29812268,0.01833087,-0.00943512,0.02288716
-0.26194067,-0.17152754,-0.94971854,-0.29627495,0.95085126,-0.09001688,0.91848143,0.25779874,-0.29988593,0.01704688,0.00301176,0.01490096
-0.26357917,-0.17096458,-0.94936677,-0.29839519,0.95034947,-0.08829608,0.91732571,0.26001346,-0.30150733,0.02115348,-0.01205379,0.02412957
-0.26432725,-0.17077976,-0.94919188,-0.29931528,0.95012494,-0.08759545,0.9168104,0.26095378,-0.30226091,0.02562777,-0.01888913,0.02028608
-0.26557978,-0.17080588,-0.94883744,-0.30120042,0.94961666,-0.08664005,0.91583046,0.26278041,-0.30364579,0.02083388,-0.01530719,0.01485889
-0.266684458,-0.171524769,-0.948397917,-0.303938519,0.948790297,-0.0861298274,0.91460414,0.265285176,-0.30516061,0.0131754894,0.000946998538,0.0116926022
-0.26713196,-0.17202343,-0.94818164,-0.30542364,0.94832485,-0.08600217,0.9139786,0.26662316,-0.3058679,0.01574357,0.01320881,0.01487151
-0.26731439,-0.17228576,-0.94808248,-0.30661713,0.94795693,-0.08581138,0.91352543,0.26775973,-0.30622829,0.0096261,-0.00214052,0.01399556
