0,1,2,3,4,5,6,7,8,9,10,11
-0.78690699,-0.10003156,-0.60890969,-0.11633751,-0.94502781,0.30559442,-0.6060057,0.31131343,0.73201163,0.09830824,-0.01272672,-0.05054274
-0.78436476,-0.0957815,-0.61286029,-0.11714678,-0.94735414,0.29798768,-0.60913748,0.30552566,0.7318508,0.10426293,-0.00934595,-0.04852682
-0.78134639,-0.09113288,-0.61740781,-0.11723629,-0.95023703,0.28862608,-0.61298716,0.29789958,0.7317804,0.0532814,-0.01866966,-0.06191849
-0.77977719,-0.08801057,-0.61983992,-0.11732842,-0.95198356,0.28277407,-0.61496458,0.29322563,0.73200907,0.01821056,-0.03327787,-0.06625879
-0.77698247,-0.08074906,-0.62432198,-0.11706755,-0.9559065,0.26932894,-0.61854146,0.28235169,0.73326939,0.01444715,-0.04654377,-0.10171473
-0.77462384,-0.07292705,-0.62820291,-0.11593859,-0.96011871,0.25442011,-0.62170371,0.26991294,0.73527642,0.01291328,-0.07315492,-0.09728318
-0.77356505,-0.06865994,-0.62998661,-0.11514462,-0.96233764,0.24626855,-0.62316854,0.26304428,0.73652474,0.04179135,-0.060386,-0.11750769
-0.77169744,-0.06001224,-0.63315175,-0.11305126,-0.96673959,0.22941987,-0.62586103,0.24862139,0.73924645,0.06301315,-0.0708565,-0.10843699
-0.77049309,-0.0507795,-0.63542237,-0.10983349,-0.9713381,0.21080469,-0.6279146,0.23221425,0.74283225,0.05989262,-0.06581461,-0.03665876
-0.76964043,-0.03905937,-0.63728151,-0.10184141,-0.97783758,0.18292544,-0.63030285,0.20568849,0.74860572,0.02191408,-0.03923994,-0.00804197
-0.76984457,-0.03386638,-0.63733205,-0.0950991,-0.98135647,0.16701894,-0.63110635,0.18918836,0.75227156,0.03907862,-0.05038201,-0.06041073
-0.76984457,-0.03386638,-0.63733205,-0.0950991,-0.98135647,0.16701894,-0.63110635,0.18918836,0.75227156,0.03907862,-0.05038201,-0.06041073
-0.76984457,-0.03386638,-0.63733205,-0.0950991,-0.98135647,0.16701894,-0.63110635,0.18918836,0.75227156,0.03907862,-0.05038201,-0.06041073
-0.7771073,-0.02559447,-0.62884752,-0.07555287,-0.9881534,0.13358397,-0.62481681,0.15132031,0.76596744,-0.01422314,-0.07509088,-0.1267235
-0.77940196,-0.02391293,-0.6260676,-0.07205144,-0.98922033,0.12748174,-0.6223673,0.14446859,0.76927742,-0.03275882,-0.07334661,-0.14552435
-0.78495207,-0.01962592,-0.61924521,-0.06575149,-0.99121447,0.11476111,-0.61605726,0.1307983,0.77676586,-0.01491607,-0.0130325,-0.16498297
-0.79099956,-0.01483961,-0.61163639,-0.06033209,-0.9929411,0.10211544,-0.6088344,0.1176746,0.78452107,-0.02209156,0.04369926,-0.15014975
-0.80204142,-0.00578788,-0.59724017,-0.05480289,-0.99502149,0.0832383,-0.59474866,0.09949107,0.79773149,-0.01583895,0.11811494,-0.11158909
-0.80919418,0.00223525,-0.58753705,-0.05410972,-0.99602652,0.07073409,-0.58504437,0.08902908,0.80609981,0.04184967,0.1289234,-0.07981867
-0.81207927,0.00687597,-0.58350644,-0.05477522,-0.99641379,0.06449032,-0.5809705,0.08433295,0.80954383,0.04641575,0.14510022,-0.10014318
-0.81654202,0.01605539,-0.57706248,-0.0570299,-0.99696674,0.05295895,-0.57446189,0.07615303,0.81498112,-0.00829516,0.15492092,-0.14173317
-0.82029237,0.02494103,-0.57140026,-0.06065842,-0.99720788,0.04355309,-0.56871862,0.07038651,0.81951502,-0.06459053,0.07571685,-0.17067561
-0.82233505,0.02964727,-0.5682304,-0.06292337,-0.9972547,0.03903032,-0.5655134,0.06785098,0.82194331,-0.08215754,0.02941823,-0.15133543
-0.82643961,0.04117086,-0.56151787,-0.0688326,-0.99722975,0.02818998,-0.55880178,0.06194806,0.82698427,-0.04306971,-0.01134974,-0.07866234
-0.82911661,0.05510083,-0.55635341,-0.07612521,-0.99698958,0.014706,-0.55386836,0.05454552,0.83081561,-0.02141774,0.00144291,-0.02190389
-0.82996254,0.06248829,-0.55430787,-0.08024988,-0.99674422,0.0077927,-0.55201626,0.05095079,0.83227522,-0.03044652,0.00621557,-0.02678663
-0.831654543,0.0777830953,-0.54981839,-0.0896457595,-0.995959471,-0.00530085309,-0.548009224,0.0448804113,0.835267392,0.0143588251,-0.000904321612,-0.0506728068
-0.83272527,0.09238416,-0.54592475,-0.09955717,-0.99489502,-0.01650186,-0.54466231,0.04060921,0.83767169,0.07507384,-0.0190053,-0.04755666
-0.83309389,0.09943005,-0.54412162,-0.10434968,-0.99429901,-0.02192547,-0.54319961,0.03851294,0.83871983,0.11338384,-0.00227916,-0.06157473
-0.83351709,0.11267151,-0.5408828,-0.11311768,-0.99304836,-0.03254446,-0.54078967,0.03405704,0.8404681,0.10691441,0.03513014,-0.02298863
-0.83415911,0.12394607,-0.5374158,-0.12031461,-0.99184665,-0.04200464,-0.53824043,0.02962042,0.84227065,0.03656743,0.03224527,0.01319708
-0.83470954,0.12858623,-0.53546743,-0.12331538,-0.99130897,-0.04582196,-0.5367058,0.02778334,0.8433119,0.02630215,0.04118394,0.01897185
-0.8363218,0.13903963,-0.53031484,-0.12793151,-0.9900953,-0.05783465,-0.53310354,0.0194756,0.84582582,0.03425383,0.13546394,-0.00345189
-0.83602821,0.13955322,-0.53064286,-0.12780836,-0.99004203,-0.05900797,-0.53359345,0.01848827,0.84553901,0.03458292,0.11461102,0.00516222
-0.83478529,0.14025971,-0.53241053,-0.12725579,-0.98997567,-0.06127309,-0.53566755,0.01660246,0.84426575,0.02376209,0.11758494,-0.00372183
-0.83338001,0.14055452,-0.53452969,-0.12660788,-0.98995549,-0.06291557,-0.53800373,0.01524309,0.84280462,0.01041526,0.13966821,-0.0235455
-0.83262329,0.1404086,-0.53574583,-0.12611929,-0.98998377,-0.06344871,-0.53928851,0.01473901,0.84199207,-0.00155586,0.16277002,-0.03988321
-0.83136916,0.13902562,-0.53804953,-0.12460276,-0.99018415,-0.06332144,-0.5415714,0.01439896,0.84053144,-0.00368834,0.17796575,-0.04943783
-0.83046543,0.13584919,-0.54025181,-0.12259852,-0.99060221,-0.06063593,-0.54341202,0.01587802,0.83931594,0.00622598,0.16194402,-0.06639241
-0.83032458,0.133618,-0.54102432,-0.12160304,-0.99087741,-0.05809179,-0.54385089,0.01755516,0.83899823,0.01067589,0.13131975,-0.07165851
-0.83038725,0.1287356,-0.54211056,-0.11989117,-0.99143502,-0.05179181,-0.54413493,0.021987,0.83870956,0.00380031,0.08748697,-0.0691658
-0.83134965,0.12354285,-0.54184389,-0.11846448,-0.99196449,-0.04441264,-0.5429768,0.02726683,0.8393049,-0.00359547,0.08978771,-0.07704449
-0.83202777,0.12065244,-0.54145373,-0.11776654,-0.99222968,-0.0401325,-0.54208873,0.03037377,0.8397721,-0.00361844,0.08771407,-0.05678442
-0.83359987,0.11401056,-0.54047451,-0.11632885,-0.99275755,-0.02999797,-0.53998028,0.03786648,0.84082543,0.00981717,0.0806483,-0.06050384
-0.83487055,0.10626407,-0.5400915,-0.11455867,-0.99324704,-0.01833914,-0.53839316,0.04656136,0.84140646,-0.00513897,0.06530189,-0.07061074
-0.8354379,0.10188224,-0.54005887,-0.11351112,-0.9934664,-0.01182296,-0.53773488,0.05142534,0.8415442,-0.00350396,0.06116104,-0.06433389
-0.83629171,0.0922638,-0.540466,-0.11116817,-0.99379877,0.00236345,-0.5368964,0.06205915,0.84136253,-0.0098691,0.06458842,-0.03211918
-0.83714355,0.08240186,-0.54074074,-0.1088074,-0.99391763,0.0169892,-0.53605183,0.073059,0.84101773,0.02538066,0.05548095,-0.04039462
-0.83744538,0.077282,-0.54102927,-0.10755686,-0.99389665,0.02451377,-0.53583272,0.07872035,0.84064642,0.03913835,0.05776894,-0.04802792
-0.83753307,0.06642247,-0.54233403,-0.10506319,-0.99363819,0.04055433,-0.53619015,0.09094494,0.83918361,0.04878293,0.04365015,-0.06937705
-0.83718233,0.05500511,-0.54415049,-0.10252376,-0.99307574,0.05734966,-0.53722826,0.1038005,0.83702522,0.03314433,0.02346647,-0.07379665
-0.83711178,0.04919687,-0.54481505,-0.10127514,-0.99266861,0.06597179,-0.53757522,0.11040199,0.8359571,0.02252063,0.01709413,-0.07466935
-0.83737448,0.03731641,-0.54535396,-0.09889033,-0.99154672,0.08399552,-0.53760968,0.12426597,0.83398667,0.00891889,-0.01217514,-0.03855005
-0.83807627,0.02540788,-0.544961,-0.09638483,-0.99009724,0.10206523,-0.53697116,0.13806443,0.83222604,0.01021536,-0.02598214,-0.0056539
-0.838267133,0.0193146879,-0.544917447,-0.0950188294,-0.989255564,0.111106742,-0.536916663,0.144914557,0.831095816,-0.00339351641,-0.0210053902,0.000212313404
-0.83814603,0.00559596,-0.5454171,-0.09174212,-0.98714784,0.13085262,-0.5376751,0.15971133,0.82788753,-0.00424613,-0.03744739,-0.00608822
-0.83749984,-0.01020418,-0.54634205,-0.08733428,-0.98447353,0.15226396,-0.53941309,0.17523546,0.8236055,0.00231759,-0.08577596,-0.00450297
-0.83707522,-0.018582,-0.54677225,-0.08479528,-0.98293876,0.16322151,-0.54047659,0.18299238,0.82121791,-0.00873706,-0.10908001,-0.00477992
-0.83622909,-0.03549769,-0.54723006,-0.07941987,-0.97954231,0.18490338,-0.54259866,0.19808253,0.81630263,0.00410392,-0.14168118,-0.01585862
-0.83561459,-0.05221944,-0.54682815,-0.07382416,-0.97576469,0.20599241,-0.54433252,0.21249944,0.81150851,0.01618882,-0.14857571,-0.02520965
-0.83549012,-0.06029265,-0.54618754,-0.07096547,-0.97379976,0.21605019,-0.5449036,0.21926828,0.80932161,0.02596474,-0.14903156,-0.02679539
-0.83519526,-0.07541506,-0.54475789,-0.06557482,-0.96982986,0.2347971,-0.54602979,0.23182386,0.80505226,0.05767548,-0.14337264,-0.01601803
-0.83440649,-0.08895129,-0.54392387,-0.06110665,-0.96587506,0.25169631,-0.5477513,0.24325444,0.8004972,0.07788731,-0.12573098,-0.01069488
-0.83368766,-0.09531016,-0.54394904,-0.05930265,-0.96384642,0.25977481,-0.5490426,0.24882872,0.79789502,0.0940335,-0.09744471,-0.02069868
-0.83129916,-0.10691935,-0.54544505,-0.05700593,-0.95974908,0.27501343,-0.55289454,0.25971198,0.79174323,0.10331764,-0.05894911,-0.04779982
-0.8273761,-0.11711896,-0.54930112,-0.05630855,-0.95579166,0.28860253,-0.55881832,0.26971322,0.78420459,0.11349367,-0.0412836,-0.08741736
-0.82467598,-0.12180779,-0.55233339,-0.05643301,-0.95394209,0.29463462,-0.56278293,0.27414797,0.77981937,0.09889148,-0.04668331,-0.10547092
-0.81838908,-0.13060876,-0.5596255,-0.05712786,-0.95051538,0.30538002,-0.57181794,0.28188988,0.77042998,0.08823372,-0.05479979,-0.15306407
-0.8118483,-0.13827531,-0.56725819,-0.05802269,-0.94763571,0.31403737,-0.58097786,0.28786462,0.76131375,0.07168072,-0.0555579,-0.16254757
-0.80897464,-0.1412993,-0.57060877,-0.05838473,-0.94656894,0.31717231,-0.58493682,0.28989923,0.75750071,0.06910969,-0.04826337,-0.14421746
-0.80469451,-0.14503219,-0.57570168,-0.05893296,-0.94539937,0.32054165,-0.59075686,0.29186591,0.75221049,0.06821428,-0.03674245,-0.10854238
-0.80195408,-0.14617684,-0.57922533,-0.05958486,-0.94519228,0.32103145,-0.59440667,0.29196555,0.74929088,0.05687977,-0.04593914,-0.07681985
-0.80108084,-0.1457867,-0.58053024,-0.06009948,-0.94539224,0.32034538,-0.595531,0.29151218,0.74857426,0.04704099,-0.04469716,-0.05836065
-0.79989762,-0.14336431,-0.58276102,-0.06163961,-0.94628591,0.31740113,-0.59696256,0.28980958,0.74809498,0.02187959,-0.04002219,-0.03482913
-0.79867937,-0.140184402,-0.585200299,-0.0637102127,-0.947321967,0.313881944,-0.598374519,0.287974304,0.747675535,-0.0106080687,0.000156283364,-0.0269428492
-0.79804254,-0.13891695,-0.58637013,-0.06462683,-0.9477228,0.31248135,-0.59912538,0.2872687,0.74734559,-0.02591851,0.00585866,-0.02743854
-0.79753284,-0.1368318,-0.58755288,-0.06568442,-0.94845229,0.31003833,-0.59968899,0.28585883,0.74743417,-0.05115823,0.00340319,-0.01332427
-0.79874706,-0.13473023,-0.58638768,-0.06539621,-0.9493905,0.30721426,-0.59810206,0.28373408,0.7495124,-0.05005305,0.02059066,0.02244153
-0.79973658,-0.1338508,-0.58523976,-0.06481054,-0.94988324,0.30581309,-0.5968427,0.28249959,0.75098123,-0.04343085,0.02627396,0.03689917
-0.80188631,-0.13247442,-0.58260518,-0.0634563,-0.95071111,0.30351541,-0.59409727,0.28035483,0.75395596,-0.04796049,0.02374613,0.0470525
-0.80392953,-0.13193178,-0.57990663,-0.06221901,-0.95107554,0.30262935,-0.59146131,0.27937383,0.75638868,-0.04613151,0.02742851,0.04455298
-0.80504459,-0.13210908,-0.57831677,-0.06156609,-0.95101556,0.30295031,-0.59001077,0.27949323,0.75747661,-0.0397526,0.02834344,0.03927125
-0.8075054,-0.13360022,-0.57453123,-0.06010705,-0.95030518,0.3054625,-0.58678983,0.28119598,0.75934613,-0.02190861,0.0287292,0.0483585
-0.81004233,-0.13642786,-0.57027923,-0.05829149,-0.94900344,0.30982911,-0.58346643,0.2842172,0.76078082,-0.01638904,0.04428208,0.05217496
-0.81109351,-0.1382559,-0.56834203,-0.05735991,-0.94817931,0.31251539,-0.58209724,0.28607925,0.76113171,-0.016317,0.05328512,0.03952991
-0.81251879,-0.14301842,-0.56511815,-0.05549572,-0.94605548,0.3192159,-0.58028701,0.29073063,0.76075136,-0.00330483,0.06225383,0.01661407
-0.81289203,-0.14911485,-0.56300204,-0.05371527,-0.9433541,0.32741058,-0.57993207,0.29639126,0.7588353,0.0053972,0.07199513,-0.00498102
-0.8129045,-0.15252109,-0.56207074,-0.05287374,-0.94178622,0.33202861,-0.57999187,0.29962634,0.75751797,0.00470581,0.07520436,-0.00768184
-0.81283228,-0.15958303,-0.56021136,-0.0513816,-0.93834818,0.34185148,-0.58022706,0.3066525,0.75452023,0.01774561,0.08808505,-0.02164192
-0.81252655,-0.16655107,-0.5586247,-0.05055744,-0.93456847,0.35217316,-0.58072778,0.31439264,0.7509411,0.03997298,0.08975159,-0.03122503
-0.81209118,-0.16999724,-0.55821922,-0.05053205,-0.9325429,0.35750536,-0.58133834,0.31853494,0.74871971,0.05401893,0.07557773,-0.034032
-0.81040564,-0.17697352,-0.55850048,-0.05101716,-0.92834737,0.36819576,-0.58364344,0.32688108,0.74330953,0.04714462,0.05438804,-0.03701043
-0.80798916,-0.18374934,-0.55981212,-0.05215864,-0.92408977,0.37859935,-0.58688407,0.33510323,0.73707049,0.04157997,0.03279793,-0.05563168
-0.80655965,-0.18699691,-0.56079704,-0.05296721,-0.92197456,0.3836105,-0.5887747,0.33910868,0.73372312,0.03472184,0.01772451,-0.05417669
-0.80370041,-0.19311271,-0.56282548,-0.05469633,-0.9178906,0.39304518,-0.59251443,0.34667518,0.72714708,0.03691265,-0.02395952,-0.05065819
-0.80090637,-0.19818433,-0.56504121,-0.05690427,-0.91417741,0.40129933,-0.59607928,0.35355653,0.72089335,0.04167384,-0.05376392,-0.03991591
-0.741765395,0.127070062,-0.658511306,-0.0459546109,-0.989208755,-0.139118768,-0.66908304,-0.0729318665,0.739600436,-0.000794109306,-0.00129812944,-0.00914560445
-0.74117123,0.12745258,-0.65910606,-0.0463471,-0.98918422,-0.13916266,-0.66971405,-0.07259572,0.73906219,-0.00545399,0.00158131,-0.00296474
-0.7406113,0.12774157,-0.65967941,-0.04675503,-0.98918018,-0.13905562,-0.67030501,-0.07214283,0.73857064,-0.00192447,0.0089829,-0.0065655
-0.73952403,0.1283115,-0.66078742,-0.04749907,-0.98916408,-0.13891673,-0.67145193,-0.07134549,0.73760563,0.00584434,-0.00667745,0.00342118
-0.73943796,0.12856864,-0.66083399,-0.04771946,-0.98913551,-0.13904585,-0.67153132,-0.07128114,0.73753961,0.00462841,-0.00689489,0.00204162
-0.73931045,0.12927676,-0.66083836,-0.04828934,-0.98904948,-0.13945968,-0.67163082,-0.07119257,0.73745754,0.0069656,-0.00610614,-0.00318979
-0.739077298,0.130091071,-0.660939157,-0.0489888913,-0.988956492,-0.139873454,-0.671836546,-0.0709986479,0.737288799,-0.000200659619,-0.00177383411,-0.0084895175
-0.739027457,0.130678349,-0.660879236,-0.0493612984,-0.988872653,-0.140335618,-0.671864315,-0.0710900311,0.737254716,-0.00358972372,-0.00019216536,-0.00469597429
-0.73910375,0.13198356,-0.66053454,-0.05014435,-0.98867573,-0.14144161,-0.67172248,-0.07141796,0.73735227,-0.00686183,0.00456178,-0.00239167
-0.7396894,0.13299118,-0.65967623,-0.05093245,-0.98852973,-0.14217814,-0.67101808,-0.07156875,0.73797874,-0.00346752,-0.00229901,-0.00442669
-0.73998163,0.13349478,-0.65924667,-0.0513269,-0.98845641,-0.14254574,-0.67066577,-0.07164415,0.73829162,,,
-0.74076717,0.13478982,-0.6581,-0.05207706,-0.98823715,-0.14378869,-0.66974016,-0.07224204,0.7390732,0.00221931,-0.00475889,0.00190668
-0.74146222,0.13654065,-0.65695537,-0.0528458,-0.98791872,-0.14568403,-0.66891033,-0.07330188,0.73972008,0.00141122,0.00290203,0.00759613
-0.74183072,0.13734369,-0.65637191,-0.05318348,-0.9877683,-0.14657941,-0.66847505,-0.07382895,0.74006109,0.0050097,0.01024365,0.00478723
-0.74267036,0.13869851,-0.65513623,-0.05387737,-0.98752005,-0.14799127,-0.66748632,-0.07461171,0.74087455,,,
-0.74353322,0.14000892,-0.65387759,-0.05469979,-0.98729291,-0.14920025,-0.66645806,-0.07516837,0.74174348,-0.0043363,0.00291681,0.00420812
-0.74393294,0.14060299,-0.6532952,-0.05517186,-0.98720006,-0.14964003,-0.66597288,-0.07527864,0.74216794,-0.00664103,0.00587165,0.00755119
-0.74484453,0.14149148,-0.65206359,-0.056022236,-0.987068588,-0.150190776,-0.66488215,-0.0753387083,0.74313917,-0.00674853241,-0.000436902017,0.00483954977
-0.74578995,0.14200833,-0.65086933,-0.05660424,-0.98699044,-0.15048489,-0.66377195,-0.07538816,0.74412593,,,
-0.74625814,0.14216653,-0.65029789,-0.05679419,-0.98696311,-0.15059252,-0.66322929,-0.07544776,0.74460361,0.00201889,0.00137424,0.00556239
-0.74719295,0.14253895,-0.64914182,-0.05711713,-0.9868887,-0.1509571,-0.66214808,-0.07571698,0.74553794,0.00280034,0.00234401,0.00793737
-0.74810944,0.14273287,-0.64804268,-0.05737749,-0.9868489,-0.15111835,-0.66108986,-0.07587002,0.74646091,,,
-0.74858446,0.14275552,-0.64748895,-0.0575438,-0.98685002,-0.15104798,-0.6605375,-0.07581321,0.74695551,-0.00371219,0.01078451,0.00246347
-0.749707047,0.142481212,-0.646249254,-0.0578055154,-0.986913894,-0.150529371,-0.659240105,-0.0754961816,0.748132849,0.0111368122,0.012276887,-0.000286617782
-0.75081086,0.14205745,-0.64505991,-0.05797439,-0.98700237,-0.14988259,-0.65796776,-0.07513654,0.74928824,0.01023994,0.01731622,0.00274644
-0.75121624,0.1417328,-0.64465953,-0.05808409,-0.98707969,-0.14933132,-0.6574955,-0.07473566,0.74974278,0.00658709,0.01443052,-0.00486632
-0.75169277,0.14074956,-0.64431956,-0.05813669,-0.98730005,-0.14784762,-0.65694616,-0.07367737,0.75032887,0.00497197,-0.00894815,0.00587142
-0.75193524,0.14030253,-0.64413406,-0.05803618,-0.98738494,-0.14731895,-0.65667746,-0.07339122,0.75059207,0.00267971,-0.01042896,0.01362276
-0.75198587,0.140528258,-0.644025334,-0.0579716589,-0.987324406,-0.14774748,-0.656624786,-0.0737688277,0.750601086,0.0136028286,0.000626683177,0.00625244761
-0.751840365,0.140639205,-0.644171191,-0.057768973,-0.987280021,-0.148124034,-0.656809451,-0.0741525294,0.750401709,0.00302128936,0.00521659805,-0.00073905912
-0.75197688,0.14085881,-0.64396387,-0.05779692,-0.98722909,-0.14845238,-0.65665073,-0.07441363,0.75051477,0.0053041,0.00314784,0.00300917
-0.75201879,0.14107923,-0.64386693,-0.05790009,-0.98718905,-0.14867965,-0.6565939,-0.07452992,0.75055298,0.00139656,-0.00177884,0.00764135
-0.75212049,0.141306646,-0.64369813,-0.0579995457,-0.987145019,-0.148932394,-0.656468509,-0.0746809006,0.750647635,-0.00446584728,-0.00471848203,0.00044084547
-0.75240432,0.14124768,-0.64337896,-0.05783132,-0.98713175,-0.14908407,-0.65615771,-0.07496407,0.75089108,,,
-0.75247361,0.14114793,-0.6433199,-0.05777408,-0.98714655,-0.14900865,-0.65608337,-0.07495787,0.75095665,-0.00213751,0.0013988,-0.0044838
-0.75290494,0.14069876,-0.6429135,-0.0575233,-0.98721043,-0.14868206,-0.65561038,-0.07496097,0.75136931,0.00333089,0.00101113,-0.00583849
-0.753524929,0.1401078,-0.642316251,-0.057264534,-0.987301221,-0.148179878,-0.654920709,-0.0748752799,0.751979111,0.000956094824,-0.00943338778,-0.0179625936
-0.753868047,0.139943787,-0.641949328,-0.0572063825,-0.987323383,-0.148054838,-0.65453085,-0.0748901977,0.752316993,0.000107733533,-0.00778442575,-0.0219239984
-0.75479966,0.13992706,-0.6408572,-0.05719343,-0.98730096,-0.14820858,-0.6534573,-0.07521496,0.75321728,0.0075924,-0.00487566,-0.0185345
-0.755738438,0.139830762,-0.639770663,-0.0570990727,-0.987287073,-0.148336195,-0.652379367,-0.07557307,0.754115266,0.00065597333,-0.0108678332,-0.0155075016
-0.75622452,0.13980582,-0.63920157,-0.05698826,-0.98726696,-0.14851302,-0.65182564,-0.07588222,0.75456293,0.00936758,-0.00650501,-0.02044804
-0.75721125,0.13990447,-0.63801091,-0.05686048,-0.98720226,-0.14899213,-0.65069045,-0.0765409,0.75547563,0.00371553,0.00216043,-0.01094669
-0.758314503,0.140070038,-0.636662863,-0.0566707535,-0.987110409,-0.149671579,-0.649421006,-0.077417958,0.756477912,0.00568943424,0.00635647727,-0.000204713491
-0.758848098,0.140128826,-0.636013785,-0.0566400586,-0.987077868,-0.149897475,-0.648800067,-0.0777255521,0.756979009,0.00189280324,0.0155411949,0.000124680722
-0.760056509,0.140108772,-0.634573309,-0.0568085652,-0.987068359,-0.149894777,-0.647368936,-0.0778793245,0.758187459,0.000961504003,0.00643241359,-0.00299651502
-0.761380031,0.139991189,-0.633011019,-0.0570828676,-0.987091742,-0.149637822,-0.645787914,-0.0777971628,0.759543005,-0.00188786443,0.000633716525,-0.00711568026
-0.762027856,0.139924537,-0.632245747,-0.0571864588,-0.987101513,-0.149533702,-0.645014163,-0.0777929503,0.760200624,-0.00676964363,0.000645279826,-0.00091694633
-0.763262084,0.139866442,-0.630768014,-0.0573135169,-0.987095244,-0.149526077,-0.643541817,-0.0779760575,0.761428692,0.000713379821,-0.00505989743,-0.00185287988
-0.76433565,0.13960335,-0.62952528,-0.05731405,-0.98712695,-0.14931736,-0.64226651,-0.07804792,0.76249739,0.00790374,0.00125337,-0.00367305
-0.764821782,0.13935898,-0.628988386,-0.057263084,-0.987164399,-0.149087296,-0.641691713,-0.0780074178,0.762985285,0.00855020992,-0.000923633517,-0.00215180591
-0.766102923,0.138905578,-0.627527969,-0.0568146611,-0.987180148,-0.149155034,-0.640201691,-0.0786153317,0.76417367,0.00431759702,0.000746011676,-0.00277444907
-0.76625319,0.1389356,-0.62733774,-0.05671046,-0.98715573,-0.14935576,-0.64003099,-0.07886773,0.76429063,0.00332563,0.00784492,0.00444479
-0.766455089,0.13871638,-0.627139514,-0.0564545166,-0.987170362,-0.149355693,-0.639811763,-0.0790695983,0.764453304,0.00344516337,0.00708222343,-8.84195906e-05
-0.76640799,0.13837791,-0.62727185,-0.05606142,-0.98720371,-0.1492834,-0.63990276,-0.07924626,0.76435884,-0.0047966,0.00904488,0.0023419
-0.76642607,0.13821951,-0.62728497,-0.05589698,-0.9872207,-0.14923402,-0.63989577,-0.07931351,0.76435775,-0.00192467,0.01072073,-0.0016789
-0.76661189,0.13774281,-0.62716267,-0.05565747,-0.98729877,-0.1488061,-0.63969395,-0.07917024,0.7645415,0.00249897,0.00525451,-0.00547187
-0.76686451,0.13716584,-0.62697999,-0.05536013,-0.98739109,-0.14830236,-0.63941664,-0.07901815,0.76478915,0.00503135,-0.00503105,-0.00323786
-0.76690714,0.13702295,-0.6269594,-0.05526283,-0.98741183,-0.14820198,-0.63937422,-0.07900961,0.76482552,0.00649333,-0.00908959,0.00220462
-0.766666924,0.136824443,-0.627296369,-0.0550437326,-0.987438608,-0.148104686,-0.639681054,-0.0790182413,0.764568012,9.2133414e-06,-0.00721073104,0.00586836413
-0.76632597,0.1368169,-0.62771471,-0.05486973,-0.987429,-0.14823433,-0.64010463,-0.07915327,0.76419947,0.00510652,-0.00464904,0.0076547
-0.76603413,0.13692192,-0.62804793,-0.0547471,-0.98739753,-0.14848901,-0.64046434,-0.07936384,0.76387619,-0.0023068,-0.00436532,0.01098143
-0.765274559,0.137113656,-0.628931519,-0.0545111109,-0.987345217,-0.148923276,-0.641391884,-0.0796834284,0.763064233,-0.00672059087,0.0110087385,-0.000810728874
-0.76452219,0.13709027,-0.62985051,-0.0543315,-0.98735022,-0.14895357,-0.64230328,-0.07965761,0.76229988,-0.00832934,0.00563526,0.00951767
-0.76414578,0.13706489,-0.63031277,-0.05425567,-0.98735795,-0.14893062,-0.64275757,-0.07960668,0.7619222,-0.00741611,0.00900745,0.00749741
-0.7633656,0.13730589,-0.63120533,-0.05429502,-0.98732889,-0.14911015,-0.64368092,-0.07955425,0.76114783,-0.01170271,0.00297105,0.00606781
-0.76249102,0.13760413,-0.6321964,-0.0543525,-0.98729082,-0.14933968,-0.64471155,-0.07950873,0.76027978,-0.01225321,0.00375187,0.00314077
-0.76209538,0.13776396,-0.63263869,-0.05441331,-0.98727224,-0.14944138,-0.64517425,-0.07946462,0.75989181,-0.00937285,-0.00163943,0.00657142
-0.761463406,0.137898394,-0.633369909,-0.054487234,-0.987267889,-0.149442879,-0.645913733,-0.0792847142,0.759282144,-0.00896534603,0.001271963,-0.000415206421
-0.76074635,0.13795597,-0.63421824,-0.05455327,-0.98728293,-0.14931828,-0.64675232,-0.07899468,0.7585982,-0.00599,0.00426435,0.00329382
-0.76039205,0.1378901,-0.6346574,-0.05460148,-0.98731452,-0.14909205,-0.64716487,-0.07871519,0.75827535,-0.00539628,-0.00195491,0.00157623
-0.75982588,0.13784095,-0.63534576,-0.0547027,-0.98735442,-0.14879039,-0.64782095,-0.07829968,0.75775797,-0.00232573,-0.00479436,-0.00267365
-0.75906368,0.13795743,-0.63623111,-0.05495087,-0.98737864,-0.14853881,-0.64869306,-0.07778896,0.75706419,,,
-0.75873305,0.13796099,-0.63662437,-0.05501098,-0.98739407,-0.14841283,-0.64907443,-0.07758441,0.75675822,-0.00344442,0.00390458,0.00154734
-0.75800332,0.13804011,-0.63747616,-0.05521709,-0.9874206,-0.14816069,-0.64990922,-0.07710672,0.75609031,-0.00948839,0.00275278,0.00271637
-0.75734066,0.13810158,-0.63824987,-0.05528171,-0.9874321,-0.14805934,-0.6506757,-0.07684782,0.75545716,-0.00565878,0.00462675,0.00623835
-0.75703441,0.13817495,-0.63859742,-0.05535336,-0.98743207,-0.14803376,-0.6510261,-0.07671814,0.75516843,,,
-0.75634499,0.13816518,-0.63941564,-0.05540741,-0.98745924,-0.14783088,-0.65182206,-0.07638279,0.75451549,-0.00586649,0.01111388,-0.00255785
-0.75557894,0.13791532,-0.64037498,-0.05545765,-0.98754363,-0.14724928,-0.65270606,-0.07574475,0.75381534,-0.00555577,0.00463676,-0.00427096
-0.754383318,0.137834576,-0.641799825,-0.0554751515,-0.987595442,-0.146892032,-0.65408554,-0.0752089828,0.752672343,0.000837909058,-0.0105764857,0.00468598446
-0.75338188,0.13806249,-0.6429265,-0.05543288,-0.987565,-0.14711411,-0.65524265,-0.07519384,0.75166678,-0.01313362,-0.00202811,0.00859185
-0.75286755,0.13815491,-0.64350899,-0.05539222,-0.98755278,-0.14721202,-0.6558371,-0.07518576,0.751149,-0.00823034,0.00098896,-0.00200843
-0.75197396,0.13841899,-0.64449614,-0.05548143,-0.98752585,-0.14735813,-0.65685379,-0.07505192,0.75027348,-0.00707956,0.00482559,-0.00446064
-0.7514671,0.13840424,-0.6450903,-0.05538743,-0.98753177,-0.14735419,-0.6574416,-0.07500193,0.74976346,-0.00777191,0.00344944,-0.00657752
-0.75135554,0.138311451,-0.64523997,-0.0553132489,-0.987547289,-0.147277279,-0.657575183,-0.0749672913,0.749649758,-0.00318813417,0.000823140086,-0.00972196646
-0.7511927,0.13807672,-0.64547969,-0.05521811,-0.98759411,-0.14699816,-0.65776908,-0.0747818,0.74949815,0.00127439,-0.01051325,-0.00615975
-0.75107223,0.13817487,-0.64559885,-0.05511155,-0.98756274,-0.14724872,-0.65791556,-0.0750145,0.74934631,0.00232962,-0.0104655,-0.00475044
-0.75094285,0.13835189,-0.64571156,-0.05508688,-0.98752298,-0.14752496,-0.65806542,-0.07521259,0.74919486,-0.00103493,-0.01033318,-0.0077786
-0.75062344,0.13878305,-0.64599021,-0.05495547,-0.98741744,-0.14827771,-0.65844057,-0.07580006,0.74880593,0.00206443,0.00126708,-0.00526433
-0.750269521,0.139278324,-0.646294972,-0.0548381225,-0.987299531,-0.149105372,-0.658853871,-0.0764276131,0.748378512,-0.00062703155,0.00752806617,-0.00399242062
-0.75007958,0.1395326,-0.64646072,-0.05473117,-0.98723356,-0.14958145,-0.65907913,-0.07681643,0.74814033,-0.00310953,0.00588596,-0.00196817
-0.74958737,0.13989259,-0.6469535,-0.05449999,-0.98713629,-0.15030531,-0.65965788,-0.07740801,0.74756905,-0.0015637,0.00414312,-0.00588514
-0.74919902,0.13997658,-0.64738515,-0.0543118,-0.98710535,-0.15057695,-0.66011454,-0.07765144,0.7471406,-0.00249371,0.00405002,-0.00811032
-0.74908702,0.13991205,-0.64752863,-0.05420883,-0.98711127,-0.15057501,-0.66025004,-0.07769201,0.74701663,-0.0013684,0.00286245,-0.01094665
-0.74903527,0.13991066,-0.64758847,-0.05404479,-0.98709343,-0.1507492,-0.66032187,-0.0779177,0.74692958,,,
-0.7489235,0.13993048,-0.64771377,-0.05385579,-0.98706981,-0.15097299,-0.6604644,-0.07818408,0.74677576,,,
-0.7489232,0.13995855,-0.64770765,-0.05382715,-0.98705958,-0.15104813,-0.66046668,-0.07825922,0.74676582,,,
-0.74902747,0.13987896,-0.64760439,-0.05367002,-0.98705671,-0.15112336,-0.66036134,-0.07843862,0.74684017,,,
-0.74926165,0.13965016,-0.64738305,-0.05350937,-0.98708466,-0.15099873,-0.66010887,-0.0784965,0.74705728,,,
-0.74942619,0.13946505,-0.64723244,-0.053463,-0.98711771,-0.15079876,-0.65992579,-0.07840956,0.74722814,0.00321241,0.00337553,-0.00312709
-0.7497639,0.1390161,-0.64693773,-0.05328836,-0.98719204,-0.1503729,-0.6595561,-0.07826993,0.74756909,0.00313383,0.00544906,-0.00162816
-0.75031712,0.13843964,-0.64641982,-0.05317371,-0.98729705,-0.149723,-0.65893601,-0.0779672,0.74814733,0.00903323,-0.00306874,-0.00432533
-0.75045555,0.13821167,-0.64630791,-0.05308811,-0.98733592,-0.14949697,-0.65878527,-0.07787957,0.7482892,-0.00141014,-0.00603092,0.00281157
-0.7506888,0.13792664,-0.64609797,-0.05298437,-0.98738323,-0.14922144,-0.65852791,-0.07778577,0.74852547,,,
-0.75088726,0.13767751,-0.6459204,-0.05292347,-0.98742808,-0.14894573,-0.65830644,-0.07765711,0.7487336,-0.00271072,0.01077938,0.00462623
-0.750990995,0.137485566,-0.645840835,-0.0528805866,-0.987464553,-0.148719731,-0.658191695,-0.0775347277,0.748847166,0.000779361697,0.00753402663,-0.0030523825
-0.75175743,0.13655773,-0.64514526,-0.05305331,-0.98767663,-0.14724075,-0.65730188,-0.07646226,0.74973843,-0.00442984,-0.00165272,-0.00740713
-0.75175743,0.13655773,-0.64514526,-0.05305331,-0.98767663,-0.14724075,-0.65730188,-0.07646226,0.74973843,-0.00442984,-0.00165272,-0.00740713
-0.75235092,0.13600632,-0.64456991,-0.05323974,-0.98780827,-0.14628855,-0.65660766,-0.07574359,0.75041941,-0.00356502,-0.00273234,-0.00368145
-0.752737111,0.135894913,-0.644142292,-0.0534551273,-0.987848185,-0.14593963,-0.656147292,-0.0754214748,0.75085439,-0.0104840491,0.000392675371,-0.00252023991
-0.753071889,0.135753766,-0.643780904,-0.05353531,-0.987880841,-0.145690252,-0.655756744,-0.0752502103,0.751212705,-0.0123229874,-0.000569343509,-0.00166348647
-0.75369769,0.13530676,-0.64314195,-0.05353546,-0.98796536,-0.14511392,-0.65503697,-0.07494115,0.75187123,-0.00541893,0.00511813,-0.00239499
-0.75433189,0.13478086,-0.64250888,-0.0534532,-0.98805837,-0.14451147,-0.6543136,-0.07466545,0.75252827,-0.01076644,0.00663614,-0.00484617
-0.75476799,0.134475999,-0.642060157,-0.053461007,-0.988116368,-0.144109993,-0.653809575,-0.0744444423,0.752988068,-0.0060683284,0.000741243304,-0.00337535888
-0.75569928,0.13390112,-0.6410843,-0.05344391,-0.98821965,-0.14340734,-0.65273451,-0.07411077,0.75395309,,,
-0.75652648,0.13309883,-0.64027499,-0.0533266,-0.98836426,-0.14244996,-0.65178496,-0.0736235,0.75482177,0.00966855,0.01292038,-0.01372454
-0.7568674,0.13248768,-0.63999879,-0.0531519,-0.98847172,-0.14176806,-0.65140334,-0.07328249,0.7551843,0.01120467,0.00819421,-0.0113364
-0.75738649,0.13100301,-0.63969023,-0.05273451,-0.9887392,-0.14004813,-0.65083365,-0.07233683,0.75576643,0.01681274,0.0048089,-0.01166542
-0.75764075,0.12953077,-0.63968906,-0.05220867,-0.98899552,-0.13842654,-0.65058018,-0.07148029,0.75606612,0.00522373,-0.01605606,-0.00403736
-0.75785262,0.12904034,-0.63953704,-0.05206657,-0.98908073,-0.13786932,-0.65034461,-0.07118615,0.75629648,0.00658111,-0.01237613,-0.00438056
-0.75830234,0.12849432,-0.63911404,-0.0519929,-0.98917979,-0.13718624,-0.64982635,-0.07079925,0.75677816,0.01393204,-0.00321811,-0.00222889
-0.75853107,0.12812615,-0.63891649,-0.05197145,-0.98925102,-0.13667977,-0.64956105,-0.07047044,0.75703656,0.01160336,0.00621462,0.00149019
-0.75850545,0.12797181,-0.63897774,-0.05204561,-0.98929255,-0.1363501,-0.64958494,-0.07016632,0.7570443,0.0057262,0.00720787,-0.00226813
-0.75843709,0.12756855,-0.63913954,-0.05204472,-0.98937988,-0.13571546,-0.64966486,-0.0696678,0.75702177,-0.00234759,0.01237392,-0.0083368
-0.75847843,0.12683863,-0.63923578,-0.0519742,-0.98952584,-0.13467456,-0.64962228,-0.06892398,0.75712639,-0.00116006,0.00680995,0.00609622
-0.75852872,0.12647708,-0.63924774,-0.0519368,-0.98959679,-0.13416669,-0.64956654,-0.06856881,0.75720646,0.00782647,0.00466275,0.00511925
-0.75847656,0.12577565,-0.63944803,-0.05191387,-0.98974216,-0.13309918,-0.64962932,-0.06775638,0.75722574,,,
-0.75810129,0.12505058,-0.640035,-0.05181741,-0.98989048,-0.13202956,-0.65007492,-0.06692682,0.75691704,-0.0013141,0.00265646,-0.00818673
-0.757438261,0.125218112,-0.640786645,-0.0517771326,-0.989865739,-0.132229881,-0.650850388,-0.0669778862,0.7562458,0.00967245176,-0.0007360577,0.0211970657
-0.75644347,0.12583388,-0.64184041,-0.05191609,-0.98977406,-0.13286095,-0.6519954,-0.06717995,0.75524092,0.00994461,0.00709414,0.01722268
-0.75581234,0.12585321,-0.64257975,-0.05194636,-0.98978662,-0.1327557,-0.65272455,-0.06695871,0.75463051,0.00305241,0.00463366,0.00925184
-0.754503831,0.125697072,-0.644145966,-0.0518767968,-0.989839082,-0.132390236,-0.654241987,-0.0664727216,0.75335833,-0.000920745661,0.00124526012,0.00580431707
-0.75333784,0.12571028,-0.64550647,-0.0517238,-0.989845,-0.13240487,-0.65559616,-0.06635757,0.75219033,-0.00932227,0.00532222,0.01601034
-0.75155872,0.12558524,-0.6476017,-0.05184317,-0.98991934,-0.13180334,-0.65762596,-0.06548422,0.75049313,-0.0070908,-0.00116795,0.00796161
-0.75046419,0.125413881,-0.648902994,-0.0521248533,-0.990003885,-0.131055627,-0.658852592,-0.064528568,0.749499407,-0.0121357916,0.000252723665,0.00216602371
-0.74996411,0.12545353,-0.64947324,-0.0523844,-0.99003104,-0.13074667,-0.65940121,-0.06403303,0.74905931,-0.00568542,0.00412202,0.00408904
-0.74914417,0.12555482,-0.65039918,-0.05289008,-0.99007521,-0.13020683,-0.66029216,-0.06314402,0.74834959,-0.00400519,0.00196266,0.0073718
-0.748555917,0.125313693,-0.651122516,-0.053348676,-0.990177777,-0.129235842,-0.660922061,-0.0620037296,0.747888741,-0.0104717212,-0.000622034015,0.00754044112
-0.74830489,0.1252469,-0.65142373,-0.05356619,-0.9902159,-0.12885258,-0.66118857,-0.06152674,0.74769253,-0.01163801,0.00244307,-0.00353872
-0.7480619,0.12490083,-0.65176886,-0.05390512,-0.99031955,-0.12790943,-0.66143563,-0.06055052,0.74755365,-0.02291578,0.00448894,-0.00452181
-0.74803582,0.1243712,-0.65190025,-0.05436007,-0.99046475,-0.12658687,-0.66142808,-0.05925418,0.74766422,-0.01003074,0.00148439,0.01052398
-0.74833797,0.12378791,-0.65166467,-0.05439893,-0.99057605,-0.1256974,-0.66108323,-0.05861427,0.7480196,-0.00512327,0.00175023,0.00692399
-0.74895927,0.12305855,-0.65108872,-0.05427712,-0.99069493,-0.12480962,-0.66038922,-0.05813811,0.7486695,-0.01048147,-0.00662601,0.00730795
-0.74933907,0.12280611,-0.65069912,-0.05422751,-0.99073241,-0.12453252,-0.65996217,-0.0580313,0.74905424,-0.01396755,-0.00743246,0.00834344
-0.750289149,0.122669301,-0.649629141,-0.0541702112,-0.990737441,-0.124516821,-0.658886459,-0.0582330939,0.749984988,-0.00812190026,-0.000589191855,0.0035975785
-0.751350251,0.122740662,-0.648388507,-0.054069669,-0.99069699,-0.124884296,-0.657684877,-0.0587736887,0.750996854,-0.000109838787,0.00949311163,0.0162442941
-0.75174616,0.12275256,-0.64792712,-0.05399615,-0.99068121,-0.1250407,-0.65723828,-0.0590133,0.75136893,0.00586797,0.00293469,0.01018231
-0.7519871,0.122954476,-0.647608971,-0.0538033492,-0.990620399,-0.12560325,-0.656978221,-0.0596085037,0.751549342,0.000788126141,-0.00242477632,0.0122860437
-0.75206374,0.1230314,-0.64750549,-0.05340409,-0.99056774,-0.12618836,-0.6569232,-0.06032225,0.75154051,-0.00233951,0.00467479,0.00129568
-0.7522653,0.12254024,-0.6473645,-0.05228728,-0.99055649,-0.12674332,-0.65678227,-0.06149568,0.75156858,0.01699553,0.00864124,0.0199342
-0.75184545,0.12167868,-0.64801439,-0.05127182,-0.99063726,-0.12652644,-0.6573428,-0.06190345,0.75104487,0.01989374,0.02485072,0.02084566
-0.7515132,0.12097841,-0.64853071,-0.05074742,-0.99073043,-0.12600735,-0.6577633,-0.06178493,0.75068639,0.0133518,0.01341414,0.00971078
-0.75049935,0.11957142,-0.64996416,-0.04936422,-0.99089123,-0.12529069,-0.65902497,-0.0619456,0.74956576,0.01088446,0.02886975,-0.00368862
-0.74948472,0.11806107,-0.65140933,-0.04735681,-0.99101026,-0.12512336,-0.66032558,-0.06292938,0.74833816,-0.00900624,0.0131216,0.00801062
-0.74905676,0.11722797,-0.65205196,-0.04631487,-0.99107851,-0.12497416,-0.66088508,-0.06341303,0.74780326,-0.00238568,-0.00508624,0.00829659
-0.74776692,0.11615344,-0.65372209,-0.04434311,-0.99111713,-0.12537953,-0.66247859,-0.06476661,0.74627565,0.00669212,0.00281429,0.01374083
-0.74582818,0.11493678,-0.6561476,-0.0418404,-0.99114001,-0.12605806,-0.66482292,-0.06656418,0.74402934,-0.00148465,0.02687692,0.01759005
-0.74474653,0.11404806,-0.6575298,-0.04018116,-0.99116437,-0.12640582,-0.66613653,-0.06772,0.74274901,0.029024,0.01879191,0.0240573
-0.74050585,0.10892289,-0.66316404,-0.03191842,-0.99136472,-0.12718805,-0.67129126,-0.07301637,0.73758837,-0.00623441,-0.00845098,-0.01014186
-0.73969396,0.10787708,-0.66424053,-0.03003379,-0.991376,-0.12756062,-0.67227295,-0.07440616,0.73655469,-0.00709036,-0.00439823,0.00337386
-0.73857971,0.10639041,-0.66571848,-0.02664561,-0.99130457,-0.12886138,-0.67363938,-0.07743592,0.73499228,-0.02123724,-0.02025807,-0.02105888
-0.73807413,0.10603487,-0.66633567,-0.02391608,-0.99106496,-0.13121854,-0.67429566,-0.08091287,0.73401531,-0.01917067,-0.00853228,-0.03122506
-0.73824613,0.10602806,-0.66614571,-0.02263654,-0.99090642,-0.13263248,-0.67415106,-0.08283621,0.73393353,-0.01335601,-0.00353771,-0.02654601
-0.73864569,0.10612676,-0.66568713,-0.02012715,-0.99056088,-0.13558651,-0.6737931,-0.08675203,0.73380985,0.00532092,-0.00410986,-0.00306372
-0.7387331,0.10566001,-0.66566437,-0.01729002,-0.99028138,-0.13799813,-0.67377603,-0.09043446,0.73338081,0.00969248,0.01142859,-0.01752078
-0.73867684,0.10530404,-0.66578334,-0.01570941,-0.9901428,-0.13917721,-0.67387655,-0.09234792,0.73304995,0.00656495,0.01175797,-0.02450376
-0.73857167,0.10463496,-0.66600548,-0.01218262,-0.9897924,-0.14199456,-0.6740648,-0.09675947,0.73230747,0.00147283,0.02033639,-0.00142724
-0.7382228,0.10369283,-0.66653939,-0.00860241,-0.9894812,-0.14440498,-0.67450201,-0.10086921,0.73134973,0.00925918,0.00260794,0.01153205
-0.73697095,0.10340639,-0.66796756,-0.00409111,-0.98889263,-0.14857427,-0.67591183,-0.10676222,0.72920846,-0.00438504,-0.00161171,-0.01608733
-0.73608901,0.10345443,-0.66893191,-0.00119249,-0.98844761,-0.15155729,-0.67688352,-0.11076198,0.72770904,-0.00685357,-0.01894545,-0.0171303
-0.735651516,0.103615858,-0.669388271,3.21425342e-05,-0.98822551,-0.15300459,-0.677360245,-0.11257957,0.726986209,-0.00626383349,-0.0196211915,-0.00658220612
-0.73443674,0.10424915,-0.67062272,0.00199808,-0.98779572,-0.15574231,-0.67867424,-0.11572283,0.72526513,0.01484745,-0.0086388,0.00710156
-0.73256944,0.10474223,-0.67258519,0.00424242,-0.98736826,-0.15838445,-0.6806789,-0.11888102,0.7228717,0.01894535,-0.00190437,-0.00222735
-0.73140465,0.10485967,-0.67383356,0.00552142,-0.98716433,-0.15961229,-0.68192136,-0.12046169,0.72143762,0.00246179,-0.0101015,-0.01836464
-0.72926235,0.10561331,-0.67603404,0.00771165,-0.9866843,-0.16246344,-0.68419057,-0.12369182,0.71873748,-0.01271404,-0.01343608,-0.03031344
-0.728007381,0.106773921,-0.677203228,0.00940341081,-0.986148971,-0.16559395,-0.685504528,-0.126921669,0.716920059,-0.00790186692,0.000619769038,-0.017665714
-0.72746967,0.10738471,-0.67768442,0.01011671,-0.98589088,-0.1670825,-0.68606509,-0.12840341,0.71611956,-0.00232699,0.01409376,-0.01060808
-0.72628309,0.10822265,-0.67882272,0.01180119,-0.98541989,-0.16972881,-0.68729409,-0.13128212,0.71441708,0.013245,0.02149916,-0.00722113
-0.72491558,0.1087813,-0.68019394,0.01368919,-0.98498173,-0.17211431,-0.68870152,-0.13407967,0.7125397,0.00267847,0.01286578,-0.03261025
-0.72432379,0.109124,-0.68076906,0.01461414,-0.98474299,-0.17339871,-0.68930471,-0.13554571,0.7116785,-0.01278532,0.0118221,-0.02314365
-0.72362456,0.11023965,-0.68133285,0.01592297,-0.98423257,-0.17616018,-0.69000992,-0.1383227,0.71045977,-0.0066637,-0.00581688,-0.01085202
-0.7233507,0.11149549,-0.68141928,0.01655979,-0.98379145,-0.17854919,-0.69028201,-0.14043787,0.70978018,-0.00801184,-0.00733197,-0.00516981
-0.72337164,0.11207351,-0.68130225,0.01674333,-0.983601,-0.17957855,-0.69025566,-0.14130932,0.70963283,-0.01009131,-0.01282209,-0.01964074
-0.72369939,0.11323247,-0.68076251,0.01702563,-0.98321772,-0.18163986,-0.68990529,-0.14304307,0.70962622,-0.00905189,-0.00903344,-0.03130296
-0.72429146,0.11404834,-0.67999637,0.01727448,-0.98291409,-0.18325315,-0.68927765,-0.14447525,0.70994596,-0.00850566,-0.01500976,-0.0119957
-0.72469989,0.11437185,-0.67950642,0.01735047,-0.98278735,-0.18392335,-0.68884603,-0.145079,0.71024165,0.00104794,-0.00927305,-0.00784136
-0.7254865,0.11491779,-0.6785742,0.01748102,-0.98256611,-0.18508894,-0.68801414,-0.14614173,0.71082986,0.00791064,-0.00360054,-0.00595166
-0.72604685,0.11531226,-0.67790787,0.01738368,-0.98244659,-0.18573246,-0.68742549,-0.14663499,0.71129767,0.00565685,-0.00361347,-0.00490014
-0.72619022,0.11600362,-0.67763641,0.01751831,-0.98221936,-0.18691826,-0.68727073,-0.14760924,0.71124573,-0.00180409,0.00741637,-0.00782968
-0.72628786,0.11608629,-0.67751734,0.01767987,-0.98215578,-0.18723581,-0.68716315,-0.14796553,0.7112756,-0.00222608,-0.00288284,-0.00616672
