0,1,2,3,4,5,6,7,8,9,10,11
-0.18570335,0.24534003,0.95148423,0.94181826,-0.23165129,0.24354822,0.28016483,0.94135309,-0.18804715,0.03450552,0.03317946,-0.19542409
-0.18498847,0.24264679,0.95231384,0.94396644,-0.22564091,0.2408597,0.27332487,0.94350865,-0.18730939,0.04898978,0.05789846,-0.16826917
-0.1853902,0.23969976,0.952982,0.94721951,-0.21452861,0.23822861,0.26154515,0.94684829,-0.18727688,-0.02019874,0.05271095,-0.04944411
-0.18618313,0.2348177,0.95404225,0.94966351,-0.20598605,0.23602773,0.25194282,0.94996343,-0.18464674,0.04415196,0.03782541,0.00450821
-0.18663529,0.23390168,0.9541787,0.95076521,-0.20159177,0.23538477,0.24741161,0.95113116,-0.1847613,0.06344505,0.00447887,0.00681759
-0.187355334,0.241133976,0.952235353,0.952862428,-0.190897893,0.235819784,0.238643994,0.951531493,-0.194001659,0.0361780301,-0.000210821629,-0.0649200156
-0.18888719,0.25413017,0.94854594,0.95444154,-0.17971487,0.23820965,0.23100411,0.95032644,-0.20860651,-0.03506825,0.02999097,-0.02831204
-0.18987505,0.25961407,0.94686211,0.95500228,-0.17497968,0.23948405,0.22785513,0.94972759,-0.21470768,-0.06058865,0.02573341,-0.01911138
-0.19112928,0.2630386,0.94566394,0.95617336,-0.16782248,0.23993356,0.22181545,0.950077,-0.21943471,-0.07457367,0.02997392,0.02530506
-0.19171129,0.26325141,0.94548682,0.9580171,-0.15906467,0.23854037,0.21318971,0.9515235,-0.22170479,-0.0459996,-0.0051977,-0.02176907
-0.1901294,0.26753379,0.94460369,0.95952219,-0.15298153,0.23646032,0.20776821,0.95132644,-0.22761816,-0.06671724,-0.00531864,-0.07351516
-0.18707378,0.26989207,0.94454313,0.96089076,-0.14958339,0.23305322,0.20418716,0.95120089,-0.23135369,0.00497698,-0.00215691,-0.11259812
-0.18529773,0.270334,0.94476682,0.96144603,-0.14891978,0.23118065,0.20319042,0.95117953,-0.23231709,0.05292619,-0.06167406,-0.10092039
-0.18238601,0.27323223,0.94449959,0.96238823,-0.14711496,0.22839894,0.20135597,0.95063207,-0.23612377,0.1011564,-0.00739771,-0.00218163
-0.18081169,0.28045793,0.94268259,0.96296633,-0.14443337,0.22767266,0.20000743,0.94893748,-0.2439563,0.04458464,0.01376992,-0.01976426
-0.18073108,0.28317485,0.94188552,0.96308934,-0.14328513,0.2278779,0.19948746,0.9483045,-0.24682663,0.06099892,0.00817662,-0.0255284
-0.181921928,0.284954992,0.941119028,0.963092508,-0.141460704,0.229001426,0.198386479,0.948045085,-0.248703196,0.0826829746,0.000657141209,-0.0131596997
-0.18646063,0.2851455,0.94017261,0.96238429,-0.13946627,0.23316455,0.19760815,0.94828333,-0.24841462,0.03280941,0.02443308,-0.02605841
-0.19061537,0.28811715,0.93843176,0.9615699,-0.13763356,0.23757151,0.19760818,0.94765258,-0.25080965,-0.09085843,0.03726536,-0.07379693
-0.19325592,0.28945158,0.93748067,0.96083908,-0.13757058,0.24054663,0.19859632,0.94725508,-0.25153009,-0.0690007,0.03446978,-0.03574609
-0.19383954,0.29101867,0.93687462,0.96047567,-0.13818013,0.24164527,0.19978089,0.94668584,-0.25273143,-0.03670691,0.00335079,-0.06724759
-0.1943625,0.29644592,0.93506301,0.95967335,-0.13990292,0.24383198,0.20310114,0.94474695,-0.25729927,0.02830379,-0.02217072,-0.08522739
-0.19494207,0.30534987,0.93207234,0.95856354,-0.14195861,0.24698889,0.20773381,0.94159918,-0.26502345,0.01691435,-0.02675802,-0.06724174
-0.195350094,0.311030741,0.930106554,0.957943327,-0.142748892,0.248932362,0.210197305,0.939618335,-0.270063806,0.0523348004,-0.000139772892,-0.0228095967
-0.19654007,0.32445919,0.92525581,0.95648491,-0.14411201,0.25370934,0.21565876,0.93485723,-0.28201657,0.00722262,0.00633353,-0.03881508
-0.19837157,0.33829642,0.91989357,0.95476628,-0.1454222,0.25937168,0.22151749,0.92973536,-0.29414636,0.05404912,-0.02544731,-0.05911341
-0.19980107,0.34533267,0.9169651,0.9537374,-0.14601322,0.26280262,0.2246433,0.9270521,-0.30018314,0.05078336,-0.04239625,-0.04282349
-0.20257517,0.36053819,0.91048099,0.95157064,-0.14708605,0.26996133,0.23125036,0.92107438,-0.31328162,0.00532686,-0.00104469,0.02535526
-0.20572481,0.37616563,0.90342493,0.94922444,-0.1478259,0.27770554,0.23801293,0.914684,-0.32665411,-0.00583918,-0.05045944,-0.03641691
-0.20719951,0.38271793,0.90033068,0.94814781,-0.14815904,0.28118433,0.24100642,0.91190782,-0.33217469,0.07997153,-0.00998425,0.02551221
-0.21118005,0.39299445,0.89496285,0.94568134,-0.14937982,0.28874315,0.24716378,0.90732639,-0.34010154,0.00550175,-0.00213033,0.00508292
-0.21584555,0.39784336,0.8917012,0.9435626,-0.1499525,0.29530247,0.2511971,0.90511579,-0.3430234,0.01428543,0.02123553,0.14864986
-0.22146254,0.39987395,0.88941265,0.94177048,-0.14894967,0.30146653,0.25302648,0.90438627,-0.34360259,-0.10451841,0.04079682,0.13025466
-0.22160978,0.3972849,0.89053565,0.94224808,-0.14793224,0.30047385,0.25111269,0.90569349,-0.34155767,-0.13186477,0.05022746,0.03912942
-0.22071575,0.39399289,0.89221867,0.94281791,-0.14806363,0.29861602,0.24975773,0.90710901,-0.33878357,-0.09029617,0.01797777,0.02090918
-0.21719005,0.38401351,0.89741966,0.94452743,-0.14936227,0.29250432,0.24636628,0.91116655,-0.33027127,-0.00560672,0.01290673,0.01306626
-0.21279016,0.37441734,0.90251423,0.94658729,-0.15002468,0.2854208,0.24226594,0.91504327,-0.32249488,0.0631283,0.01313895,0.00205006
-0.21057768,0.37125352,0.90433843,0.9476919,-0.1494622,0.28203055,0.23986918,0.91642348,-0.3203606,0.0536592,0.00426227,-0.01914187
-0.20643053,0.36750882,0.90682056,0.94982624,-0.14730468,0.27591897,0.23498165,0.91828015,-0.31866126,0.02344059,-0.00819749,-0.0311647
-0.20220535,0.3656971,0.90850358,0.95195059,-0.14447653,0.27003095,0.23000693,0.91945216,-0.31891169,-0.01591368,-0.00865155,-0.00926369
-0.19982159,0.36484882,0.90937146,0.95307992,-0.14301542,0.26680524,0.22739782,0.92001724,-0.31915242,-0.02126726,0.01630896,-0.00650679
-0.19453929,0.36346702,0.91106859,0.95539168,-0.14020787,0.25993901,0.22221834,0.92099581,-0.31997734,0.01124269,0.00155705,0.01566845
-0.18839472,0.36482765,0.91181587,0.95794093,-0.13637459,0.25248985,0.21646381,0.92103351,-0.32379108,-0.01046355,-0.00278229,0.01625827
-0.18492557,0.36582202,0.9121276,0.9593462,-0.13416065,0.2483058,0.21320737,0.92096425,-0.32614023,-0.0211473,-0.00184876,0.01231638
-0.17765926,0.36578691,0.91358475,0.96217281,-0.13028072,0.23927054,0.20654452,0.92153504,-0.32880463,0.01878967,0.00849646,0.03571621
-0.16983134,0.36439944,0.91562555,0.9651331,-0.12629401,0.22927651,0.19918636,0.92263897,-0.3302452,0.02943769,-0.00422347,0.02147996
-0.16582683,0.3635727,0.91668773,0.96663097,-0.12412654,0.22409196,0.19525898,0.92325919,-0.33085713,0.03055324,-0.01004654,-0.00679304
-0.15803128,0.36284795,0.91835028,0.96951315,-0.11936743,0.2139987,0.18727022,0.92417128,-0.33292198,0.01416365,-0.00863338,-0.02936603
-0.15027951,0.3627731,0.91968032,0.97228248,-0.11430589,0.20396343,0.17911725,0.92484052,-0.33554016,0.02812898,-0.00130033,-0.02975241
-0.14649237,0.36321519,0.92011671,0.97362754,-0.11151504,0.19903229,0.17489839,0.92500766,-0.33730022,0.01997965,0.00105077,-0.028986
-0.139255946,0.364047031,0.92091125,0.976138524,-0.106009537,0.189513981,0.166617383,0.925327902,-0.340597868,0.0210095122,0.000179350376,-0.0288402587
-0.13302775,0.363113,0.92219976,0.97835627,-0.1006925,0.18077578,0.15850071,0.92628819,-0.34185892,0.05528389,-0.01172763,-0.01160277
-0.13024213,0.36212152,0.9229868,0.97938838,-0.09796646,0.17663699,0.15438598,0.9269683,-0.34189811,0.06024736,-0.00447661,-0.01597511
-0.12564309,0.35974961,0.9245507,0.98126214,-0.09215695,0.16920895,0.14607665,0.92848655,-0.34142977,0.04413866,-0.00874889,-0.01660095
-0.1217438,0.35694664,0.92615746,0.9829538,-0.08615783,0.16241538,0.1377693,0.93014301,-0.34037291,0.03273924,0.00142664,-0.03922845
-0.12003471,0.35518481,0.92705735,0.98372021,-0.08324267,0.15926432,0.13373904,0.93108234,-0.33941043,-0.00223754,0.00326055,-0.04522649
-0.11675863,0.35110169,0.92902892,0.98511668,-0.07786863,0.15323619,0.12614383,0.93309367,-0.33678419,0.01328877,-0.00447243,-0.04680903
-0.11365144,0.34705246,0.93093388,0.98632857,-0.07312749,0.14767619,0.11932827,0.93499032,-0.33399669,0.01342319,0.00397354,-0.03287063
-0.11207861,0.34522006,0.93180553,0.98687229,-0.07106114,0.14502916,0.11628211,0.9358277,-0.33272369,0.00191871,0.00578851,-0.03422423
-0.10878589,0.34172997,0.93348068,0.98785711,-0.06762054,0.13987748,0.11092283,0.93736226,-0.33022419,-0.00995801,0.00512427,-0.04392605
-0.10494578,0.33889317,0.93495339,0.98871412,-0.06551804,0.13472862,0.10691491,0.9385408,-0.32819263,-0.00585804,0.00361043,-0.06660946
-0.102882427,0.337821649,0.935570304,0.989073707,-0.0650962901,0.132271414,0.105586278,0.938956367,-0.327433267,0.00303137675,0.000905275345,-0.0783143342
-0.09885446,0.33632588,0.9365429,0.98963954,-0.06524899,0.12789084,0.10412152,0.93948251,-0.3263912,0.01670866,0.0017153,-0.08409101
-0.09500474,0.33590685,0.93709157,0.99000468,-0.066685,0.12427296,0.10423413,0.9395316,-0.32621392,0.01592648,-0.00696778,-0.06301551
-0.09312149,0.33597011,0.93725788,0.99012467,-0.06782831,0.12268795,0.10479217,0.9394271,-0.32633597,0.01597143,0.00124425,-0.06561784
-0.09010788,0.33528972,0.93779596,0.9901969,-0.07074602,0.12043668,0.10672657,0.939455,-0.32562803,0.00789879,-0.00991398,-0.0303017
-0.08724307,0.33333811,0.93876213,0.99013302,-0.07471853,0.11854843,0.10965964,0.93984192,-0.32353039,0.01746165,0.00804836,-0.01073854
-0.08579687,0.33247702,0.93920075,0.99005864,-0.07700658,0.11770303,0.11145813,0.93996231,-0.32256486,0.01568126,0.00670463,-0.03835599
-0.08335787,0.33116037,0.93988528,0.98978819,-0.08192762,0.11665017,0.11563245,0.94001103,-0.32094933,0.0253063,0.00788146,-0.08691099
-0.08158098,0.32905066,0.94078168,0.98928879,-0.08790639,0.11653376,0.12104625,0.94021173,-0.31835462,0.01849189,-0.00133258,-0.07754723
-0.08088715,0.32802024,0.94120124,0.98895764,-0.09123236,0.11678709,0.12417664,0.94025484,-0.31701851,0.02084421,-0.00363564,-0.05733372
-0.07981753,0.32708074,0.94161945,0.988132,-0.09840884,0.1179436,0.13124084,0.93985835,-0.31534413,0.02417313,0.00427419,-0.04338375
-0.0786350967,0.328572208,0.941199651,0.987138199,-0.106159702,0.119533471,0.139192872,0.938493675,-0.315998282,-0.000472540967,-6.60419464e-05,-0.0335769989
-0.07786168,0.33035008,0.94064139,0.986602,-0.11014698,0.12034942,0.14336632,0.93740936,-0.31734776,0.00321643,0.00360471,-0.03413419
-0.07603659,0.33551106,0.93896249,0.98544318,-0.11831579,0.12207743,0.15205252,0.93457663,-0.32163067,0.00989903,0.0020436,-0.04499154
-0.07383589,0.34213456,0.93674544,0.98418737,-0.12665072,0.12383306,0.16100714,0.93107645,-0.32737307,0.01029642,-0.00774592,-0.02486078
-0.07264455,0.34578254,0.93549847,0.98353714,-0.13077389,0.12471194,0.16546189,0.92915704,-0.33059003,0.0146497,-0.0051924,-0.00643655
-0.06989046,0.3538365,0.93269237,0.98227879,-0.13858732,0.12618218,0.17390719,0.92498286,-0.33788017,-0.02131189,0.00531,-0.00127696
-0.06617078,0.36164498,0.92996464,0.9811129,-0.14619747,0.12666359,0.18176578,0.92078178,-0.34514051,-0.02853831,0.01558656,0.03027136
-0.06384931,0.36563787,0.92856462,0.98056749,-0.1499692,0.12647796,0.1855012,0.91859579,-0.34895719,-0.02619967,0.00395495,0.03773471
-0.05825062,0.37498899,0.92519737,0.97966031,-0.1567916,0.12522832,0.19202239,0.91367374,-0.35822864,-0.00576952,0.008596,0.02290228
-0.0519754435,0.385049749,0.921431025,0.978889329,-0.162990496,0.123327439,0.197671758,0.90838905,-0.368449542,0.0492635779,0.000855088234,0.00534364022
-0.0487283713,0.389667892,0.919665339,0.978547428,-0.165908022,0.122144589,0.200175758,0.905888129,-0.373224029,0.0218911078,0.00623720884,0.000152274035
-0.0429793626,0.396152193,0.917178359,0.977819569,-0.171682317,0.119974959,0.204991688,0.901991431,-0.379986541,0.0618819073,-0.00907438993,0.000841806643
-0.03791894,0.39964407,0.91588576,0.97705038,-0.17742393,0.11786968,0.20960599,0.89933605,-0.38374465,0.03097439,-0.012155,0.00386268
-0.03577563,0.40019473,0.91573143,0.9766387,-0.18028078,0.11694197,0.21188847,0.89852254,-0.3843959,0.03868413,-0.01210088,0.00359359
-0.03189005,0.3998522,0.91602464,0.97578796,-0.18595688,0.1151424,0.21638109,0.89751776,-0.38424074,0.05583664,-0.01569331,-0.00185893
-0.0287355,0.39861466,0.91666816,0.9749429,-0.19119942,0.11370574,0.22059126,0.89696656,-0.38313227,0.05221096,0.0097037,-0.02033052
-0.0276104351,0.397526798,0.917175074,0.97448555,-0.193748538,0.113311192,0.222745561,0.896902424,-0.382034642,0.054288175,0.000362873077,-0.0297891721
-0.02632673,0.39531684,0.91816741,0.9735123,-0.19853413,0.11339256,0.22711361,0.89683258,-0.37961901,0.05846641,-0.01072055,-0.0349658
-0.02611798,0.39320344,0.91908046,0.97252037,-0.20277838,0.11438981,0.23134813,0.89681211,-0.37710218,0.04213211,-0.01397556,-0.03114056
-0.02609337,0.39216978,0.91952269,0.97204763,-0.20474389,0.11490568,0.2333292,0.89681814,-0.37586523,0.00493559,0.00342971,-0.02167201
-0.02631022,0.38894997,0.92088296,0.9710498,-0.20884631,0.11595336,0.23742321,0.89727411,-0.37219489,-0.01988159,0.01687747,-0.01963404
-0.02663052,0.38358198,0.92312272,0.96995248,-0.2134842,0.11668992,0.24183233,0.89849274,-0.36637104,-0.00388919,0.02195543,0.01983045
-0.02695169,0.38078955,0.92426875,0.96938551,-0.21578464,0.11716857,0.24405968,0.89913073,-0.36331602,0.02834007,0.00911623,0.00287571
-0.02726974,0.3753185,0.9264947,0.96830449,-0.22028323,0.11773598,0.24827972,0.90033958,-0.35741553,0.00888618,0.00937551,0.02176413
-0.11185205,0.99083073,-0.07578572,0.97178682,0.12500072,0.20001277,0.20765207,-0.05127572,-0.97685783,0.00803599,0.01163322,-0.03973592
-0.11172283,0.990957278,-0.074306995,0.971658074,0.12461013,0.200880021,0.208322932,-0.0497580969,-0.976793436,0.000188927166,0.00401121378,-0.0439656153
-0.111284706,0.991222059,-0.0713753588,0.971512321,0.123630868,0.202185899,0.209235327,-0.0468418352,-0.976742668,0.000249505974,-0.00436598063,-0.0438027158
-0.10939032,0.9918077,-0.0659646,0.97167548,0.12068323,0.20318069,0.20947699,-0.04187019,-0.97691679,-0.00430797,-0.013533,-0.04280271
-0.10853866,0.99193056,-0.06552117,0.97200001,0.11971401,0.20219909,0.20841126,-0.04174016,-0.97715011,-0.01828571,-0.00978142,-0.0486842
-0.10809641,0.9919639,-0.06574624,0.9722301,0.11929082,0.20134088,0.20756583,-0.04215623,-0.97731207,-0.02283989,-0.00982344,-0.0449102
-0.10758565,0.99198089,-0.0663271,0.97271748,0.11881927,0.1992554,0.20553849,-0.04308051,-0.9777004,-0.03025892,-0.01167834,-0.042256
-0.10717006,0.99200326,-0.06666446,0.97320352,0.1183864,0.19712838,0.20344416,-0.04375183,-0.97810855,-0.03100462,-0.00634289,-0.03806457
-0.10724342,0.99199815,-0.06661991,0.97350152,0.11838354,0.19565245,0.20197359,-0.04387213,-0.97840757,-0.03179191,-0.00232488,-0.03711369
-0.10765589,0.99201543,-0.06569162,0.97414649,0.11845578,0.19237119,0.19861675,-0.04328335,-0.97912081,-0.02468413,0.00216615,-0.03375963
-0.10699369,0.99213241,-0.06500319,0.97471571,0.11756547,0.19001962,0.19616677,-0.04302871,-0.97962581,-0.00917851,0.00702506,-0.03537776
-0.10668762,0.99217284,-0.06488936,0.9749888,0.1171908,0.18884651,0.19497283,-0.0431188,-0.97986022,-0.00749265,0.0095132,-0.03148647
-0.10641637,0.99220994,-0.06476862,0.97550591,0.11679297,0.18640711,0.19251951,-0.04334541,-0.98033534,-0.01166829,0.00723892,-0.02827466
-0.1065497,0.99221404,-0.06448429,0.97594431,0.11676834,0.18411323,0.19020947,-0.04331585,-0.98078727,-0.00844345,0.00553077,-0.02280415
-0.1067123,0.99221106,-0.06426242,0.97615226,0.1168353,0.18296514,0.18904816,-0.04320527,-0.98101683,-0.00784917,0.0076676,-0.01984589
-0.10718412,0.99219613,-0.06370418,0.97648647,0.11710812,0.18099644,0.18704425,-0.04280631,-0.98141823,-0.00218429,0.01299435,-0.01728588
-0.107709789,0.992149181,-0.0635492382,0.97678837,0.117513672,0.179094781,0.18515665,-0.0427838897,-0.981777154,0.000775130698,0.0168655515,-0.014249119
-0.1080251,0.99211523,-0.06354529,0.9768907,0.11779093,0.1783533,0.18443208,-0.04281018,-0.98191252,0.00206773,0.02016038,-0.02268989
-0.10866198,0.99202129,-0.06392434,0.97708047,0.11842385,0.1768885,0.18304733,-0.04323817,-0.9821528,0.00630436,0.02145332,-0.02616908
-0.10941157,0.9918169,-0.06578904,0.97714606,0.11945633,0.17582848,0.18224858,-0.04504783,-0.98221988,0.00274796,0.01880318,-0.03385433
-0.109939699,0.991702916,-0.0666219619,0.977157558,0.120105308,0.175321818,0.181868814,-0.0458253196,-0.98225434,-0.000918937847,0.0180802941,-0.0470873378
-0.11124868,0.99136769,-0.06938099,0.9770137,0.12187836,0.1748994,0.18184566,-0.04832885,-0.98213863,0.01991057,0.05181497,-0.07674161
-0.11320822,0.99062878,-0.07640996,0.97669455,0.12506999,0.1744283,0.18235029,-0.05488247,-0.98170068,0.01753734,0.0246318,-0.08577621
-0.1143913,0.99010019,-0.0813408,0.97652056,0.12711108,0.17392653,0.182544,-0.05953528,-0.98139359,0.01416598,0.00993854,-0.07652809
-0.11717543,0.98877757,-0.09267456,0.97620959,0.13182184,0.17215585,0.18244038,-0.07029735,-0.98070043,0.01674466,-0.02420998,-0.05582639
-0.12008987,0.98714213,-0.10549209,0.97600917,0.1368344,0.16935835,0.18161572,-0.08262302,-0.9798922,0.05391544,-0.04683143,-0.05942566
-0.12098196,0.98619155,-0.11309042,0.97604521,0.138937,0.16742801,0.18082853,-0.09012559,-0.97937641,0.07094184,-0.0492546,-0.06281973
-0.12110854,0.98394819,-0.13106683,0.97647648,0.1418239,0.16241776,0.17839907,-0.10831349,-0.97797835,0.0582048,-0.04064238,-0.05471567
-0.11864839,0.98134142,-0.15129929,0.97745701,0.14223561,0.15603446,0.17464322,-0.12937531,-0.97609507,0.04661315,-0.02513736,-0.04837893
-0.11697555,0.9799194,-0.16147639,0.97805877,0.14188977,0.15253945,0.17238821,-0.14009001,-0.97501639,0.04470082,-0.02655041,-0.05150918
-0.11261373,0.97692902,-0.18145986,0.97938388,0.13995443,0.14567036,0.16770571,-0.16131438,-0.97254932,0.05524829,-0.00901729,-0.05749756
-0.10610903,0.97374843,-0.20138235,0.9809169,0.13568872,0.13925013,0.16291991,-0.18276366,-0.96956408,0.07451695,0.00795561,-0.06210523
-0.10253904,0.97184467,-0.21214087,0.98169324,0.13328021,0.13606918,0.16051229,-0.19430486,-0.96771977,0.05757783,0.01894659,-0.0549498
-0.09551363,0.96761845,-0.2336487,0.9831455,0.12845873,0.13008963,0.15589134,-0.21728533,-0.96357928,0.00306271,0.04347247,-0.0042457
-0.08944735,0.96416054,-0.24978665,0.98434853,0.12381148,0.12541324,0.15184494,-0.23465925,-0.96014462,-0.02576459,0.04487818,0.02101519
-0.08683923,0.96313145,-0.25463047,0.98486298,0.12148555,0.12363694,0.15001254,-0.24003959,-0.95910222,-0.01586031,0.03939277,0.02509735
-0.08253475,0.96239347,-0.25881784,0.98574985,0.11703337,0.12083167,0.14657792,-0.24515684,-0.95833854,0.00360309,0.03764421,0.02897033
-0.07894883,0.96282768,-0.2583214,0.98650119,0.11275112,0.11875435,0.143466,-0.24545885,-0.95873223,0.01253029,0.02432352,0.02996808
-0.07738568,0.96325251,-0.2572076,0.98684628,0.11073165,0.11778228,0.14193508,-0.24470972,-0.9591512,0.01281479,0.0214861,0.02882455
-0.07401097,0.96415281,-0.25481689,0.98756652,0.10639384,0.11572658,0.13868905,-0.2430836,-0.96003935,0.0200917,0.01627082,0.02510681
-0.06992486,0.96470262,-0.25388832,0.98833191,0.10152127,0.11354908,0.13531616,-0.24298603,-0.96054525,0.04249508,0.01305777,0.03039441
-0.06761933,0.96466419,-0.25465786,0.98871584,0.0989875,0.11243866,0.13367349,-0.24418123,-0.96047224,0.03169826,0.01057726,0.03523839
-0.06262841,0.96412029,-0.25797206,0.98944975,0.09381379,0.11039942,0.13063965,-0.24833626,-0.95982398,0.00285818,0.00180906,0.0398838
-0.05763041,0.96330298,-0.26215647,0.99007579,0.08886147,0.10887374,0.128174,-0.25328034,-0.95886408,-0.01996005,-0.00387341,0.04593248
-0.05525957,0.96295159,-0.26395179,0.99033729,0.08653557,0.10836785,0.12719421,-0.25541294,-0.95842879,-0.0249226,-0.00258249,0.04458658
-0.05092051,0.96242208,-0.26674125,0.99072756,0.08236499,0.10805075,0.12596057,-0.25876591,-0.95769215,-0.02747944,0.00509232,0.04161418
-0.04767674,0.96198563,-0.26890593,0.99094527,0.07938161,0.10828609,0.12551583,-0.26130834,-0.95705977,-0.03972663,0.01011902,0.03398977
-0.04642833,0.96179429,-0.26980707,0.99099664,0.07830332,0.10860015,0.12557777,-0.2623358,-0.9567704,-0.04677866,0.00612241,0.04624139
-0.04526206,0.96160576,-0.27067625,0.99087243,0.07765575,0.11018779,0.12697677,-0.26321832,-0.95634349,-0.05029486,0.00641447,0.05244638
-0.0460222666,0.961627558,-0.270470486,0.990457698,0.0791372517,0.112830625,0.129905322,-0.262696861,-0.956093492,-0.0555220991,-0.00091278553,0.0548066944
-0.04775749,0.96220411,-0.2681089,0.98976613,0.08172122,0.11698108,0.13446985,-0.25977839,-0.95625984,-0.06070098,-0.00179273,0.04220896
-0.04866889,0.96272218,-0.2660771,0.98935032,0.08305178,0.11953265,0.13717489,-0.25742596,-0.95651153,-0.05187913,0.01163644,0.03325785
-0.04933691,0.96290863,-0.26527873,0.98913722,0.08392782,0.12067996,0.13846804,-0.25644309,-0.95658951,-0.05484782,0.00758857,0.02844775
-0.0510945,0.96300976,-0.26457811,0.98863206,0.08628366,0.12313321,0.14140725,-0.25527897,-0.95647094,-0.03819323,0.00444311,0.02150548
-0.05363711,0.96262571,-0.26547064,0.98802506,0.08967792,0.12555563,0.14466993,-0.25555722,-0.95590839,-0.02547521,-0.00735778,0.00244943
-0.05506422,0.96218094,-0.26678771,0.98770785,0.09163705,0.12663245,0.14629097,-0.25653541,-0.9553996,-0.0317991,-0.01059633,0.00368108
-0.0584459,0.96115476,-0.26975056,0.98702475,0.09611714,0.12862134,0.14955265,-0.2587331,-0.95430119,-0.05600149,-0.00527459,0.01387664
-0.0622714134,0.96053609,-0.271095319,0.986244594,0.10089087,0.130929816,0.153113855,-0.259213109,-0.953606144,-0.05077013,0.000659763813,0.0113191428
-0.0644049213,0.960462491,-0.270857416,0.985813905,0.103390963,0.132216467,0.154993163,-0.25849962,-0.953496165,-0.0453595892,-0.000900328159,0.0113837132
-0.0687632415,0.960764354,-0.268706977,0.984908317,0.108259076,0.135039076,0.158830698,-0.255366014,-0.953709047,-0.0188779719,0.0026949048,0.000472919084
-0.0733290731,0.96137335,-0.265300073,0.983956432,0.11312295,0.137959914,0.162642511,-0.25092724,-0.954244692,-0.000770743878,0.00303077698,-0.00830133166
-0.0756597,0.96167562,-0.26354415,0.98347848,0.11556087,0.13934018,0.16445544,-0.24864756,-0.95453057,0.00885074,0.0057047,-0.01059217
-0.08017531,0.96223911,-0.26013047,0.98254528,0.1202394,0.14194114,0.16785925,-0.24420979,-0.95508372,0.01653712,0.00522929,-0.01769526
-0.0845880881,0.962906119,-0.256235245,0.98163916,0.124654396,0.144380438,0.170965651,-0.239317693,-0.955770631,0.0270607956,0.000759422779,-0.0128497686
-0.08670645,0.96328439,-0.25409672,0.98119423,0.1267246,0.14559783,0.17245242,-0.23669396,-0.95615693,0.02904693,0.00302035,-0.01692865
-0.0907877712,0.964056318,-0.249705291,0.980354209,0.130607306,0.147807802,0.175108372,-0.231380502,-0.956974216,0.037022505,0.000181436539,-0.0203310214
-0.0943028593,0.964729322,-0.245772717,0.979634514,0.133881701,0.149639062,0.177265657,-0.226656048,-0.957707568,0.0279058442,-0.000793635845,-0.0232942309
-0.0958483,0.96511111,-0.24366701,0.97932248,0.13524544,0.15045303,0.17815874,-0.22420791,-0.95811805,0.01883325,-0.00525033,-0.0183224
-0.09842266,0.96613474,-0.23852994,0.97879244,0.1372573,0.15207142,0.17966145,-0.21850403,-0.95915461,0.02129848,-0.00548947,-0.02116613
-0.10047981,0.96755636,-0.23181558,0.97839601,0.13840118,0.15357841,0.18067932,-0.21137591,-0.96055981,0.03554871,-0.00567698,-0.03056566
-0.10133168,0.96830647,-0.22828621,0.97825823,0.13871944,0.15416826,0.18094986,-0.20770073,-0.96131044,0.03544552,-0.00447983,-0.03257592
-0.1026247,0.96974044,-0.22152093,0.97806519,0.13895365,0.15517816,0.18126368,-0.2007368,-0.96272944,0.03261223,-0.00144327,-0.03638311
-0.10364403,0.97102758,-0.21532167,0.97795292,0.13895058,0.15588736,0.18129,-0.19441766,-0.96402066,0.02132897,0.00406009,-0.0378052
-0.10410327,0.97163243,-0.21235064,0.97793032,0.13889004,0.15608246,0.18114817,-0.19141544,-0.96464773,0.0184539,0.00277632,-0.03773648
-0.10472147,0.97278115,-0.20671306,0.97793438,0.13850969,0.15639515,0.18077002,-0.18577388,-0.96582107,0.02028748,0.00889367,-0.04871863
-0.10504975,0.97372757,-0.20203754,0.97801076,0.13796318,0.15640047,0.18016519,-0.18116506,-0.96680904,0.03114583,0.01051396,-0.05282231
-0.10503438,0.97405576,-0.20045746,0.97807456,0.13763231,0.15629308,0.17982759,-0.17964619,-0.96715528,0.02583189,0.01128513,-0.05418521
-0.10451587,0.97447856,-0.19866552,0.97837746,0.13659555,0.15530365,0.1784769,-0.17813817,-0.96768426,0.02177227,-0.00128049,-0.05228605
-0.10282537,0.97474044,-0.19826213,0.9792183,0.1342225,0.15203859,0.1748094,-0.17850848,-0.96828516,-0.01037282,-0.00453621,-0.02915659
-0.10380684,0.97474612,-0.19772198,0.97946125,0.13473684,0.15000504,0.17285726,-0.17808948,-0.96871266,-0.01799265,0.00218821,-0.02685495
-0.10439656,0.97499274,-0.19618987,0.97981654,0.13464395,0.14775151,0.17047243,-0.17680533,-0.96937037,-0.0094927,0.0033589,-0.0355441
-0.104401655,0.975142517,-0.195441487,0.980005652,0.134338855,0.146771937,0.169378941,-0.176210529,-0.969670377,-0.00696203439,-0.000370919704,-0.0376454741
-0.10435948,0.97529343,-0.19470993,0.98038096,0.13380067,0.14474344,0.16721965,-0.17578455,-0.97012248,-0.00517681,-0.00316626,-0.02766997
-0.10445613,0.97527611,-0.19474442,0.9807024,0.13354879,0.14278477,0.16526245,-0.17607157,-0.97040561,-0.00206962,-0.00394309,-0.0211051
-0.10453714,0.97522093,-0.19497727,0.98081701,0.13352989,0.14201326,0.1645296,-0.17639136,-0.97047211,-0.00659819,-0.00260752,-0.0163537
-0.10520513,0.97508811,-0.19528178,0.98093995,0.1340149,0.14070098,0.16336652,-0.17675724,-0.97060193,-0.01227059,0.00397569,-0.00917048
-0.10553117,0.97515908,-0.19475075,0.98103999,0.13410955,0.13991102,0.16255343,-0.1762933,-0.97082279,0.0036661,0.01436442,-0.00285441
-0.10552906,0.97524603,-0.19431628,0.98109377,0.13398712,0.13965126,0.16223022,-0.17590523,-0.97094733,0.01176791,0.0144785,-0.00421413
-0.1055859,0.97539148,-0.19355378,0.98114831,0.13386769,0.13938227,0.16186288,-0.17518816,-0.97113824,0.02215915,0.01483423,-0.00201264
-0.10559217,0.97535757,-0.19372108,0.9811762,0.13386676,0.13918664,0.16168955,-0.17537749,-0.97113291,0.02320765,0.01788265,-0.0037933
-0.1056616,0.97529528,-0.19399691,0.98116978,0.13397254,0.13913044,0.16168352,-0.17564316,-0.97108601,0.02297936,0.01764303,-0.00521243
-0.10567229,0.97514142,-0.19476273,0.9811354,0.13412843,0.13922232,0.16188467,-0.17637667,-0.97091943,0.01894305,0.01448029,-0.00658801
-0.10502432,0.97516052,-0.19501752,0.9811081,0.13363948,0.13988341,0.16247082,-0.17664211,-0.97077328,0.0208103,0.00338978,-0.0123411
-0.10411782,0.97529451,-0.19483295,0.98116258,0.13277636,0.14032198,0.16272446,-0.17655279,-0.97074686,0.03022349,0.00137705,-0.01686317
-0.10226428,0.97539929,-0.19528992,0.98133418,0.13106335,0.14073218,0.16286542,-0.1772528,-0.97059576,0.02993226,-0.0016641,-0.02748137
-0.10096443,0.97510857,-0.19740725,0.98150772,0.13006095,0.14045241,0.16263133,-0.17957604,-0.97020812,0.02792422,0.0074392,-0.0334392
-0.10036387,0.97481579,-0.19915145,0.98160202,0.12969147,0.14013431,0.16243338,-0.18142304,-0.96989749,0.03067757,0.00630862,-0.03823023
-0.09901457,0.97391722,-0.20416012,0.98180722,0.1290207,0.13931345,0.16202065,-0.18665182,-0.96897388,0.02686822,0.00151533,-0.04185701
-0.09734064,0.97272226,-0.21056167,0.98205803,0.12821007,0.13829031,0.16151419,-0.19332251,-0.96774975,0.02381811,-0.00609726,-0.04413409
-0.096359,0.97210036,-0.21385887,0.98220483,0.12766534,0.13774998,0.16120917,-0.19677977,-0.96710338,0.02785648,-0.00621796,-0.04008801
-0.09413397,0.97067749,-0.22118689,0.9825606,0.12636836,0.13640168,0.16035305,-0.2044895,-0.96564501,0.05674621,-0.00237989,-0.0491848
-0.09127685,0.96875381,-0.23061754,0.98300178,0.12469773,0.13475107,0.1592981,-0.2143978,-0.96366874,0.05785108,0.00232458,-0.03923064
-0.08959848,0.96774323,-0.23546819,0.98326378,0.12360242,0.13384646,0.15863345,-0.2195349,-0.96262146,0.0595685,0.00354844,-0.03795921
-0.08544611,0.96588477,-0.24446976,0.98388609,0.12047668,0.1321115,0.15705739,-0.22924199,-0.96061486,0.08066578,0.01332718,-0.03488665
-0.079842,0.96433027,-0.25237309,0.98460897,0.11578321,0.13091695,0.15546774,-0.23803615,-0.9587326,0.12681733,0.00956255,-0.05022446
-0.06769843,0.9612118,-0.26737358,0.98570952,0.10587075,0.13102672,0.15425146,-0.25468239,-0.95464291,0.21364853,-0.00921959,-0.06361092
-0.05727647,0.9567878,-0.2850906,0.9864017,0.09829661,0.13171784,0.15404947,-0.27366951,-0.9494072,0.19539817,0.01062638,-0.06247924
-0.05144897,0.95387892,-0.29574967,0.98674159,0.09419912,0.13216444,0.15392822,-0.28502878,-0.94607845,0.1776934,0.03316075,-0.04683258
-0.03823028,0.94722819,-0.318272,0.98741409,0.08472484,0.13354773,0.1534657,-0.3091607,-0.93854551,0.1912225,0.07834333,-0.0251889
-0.02208635,0.93987599,-0.34080102,0.98796141,0.07272602,0.13654002,0.15311579,-0.33368258,-0.93016746,0.21743822,0.10565859,-0.00276408
-0.0128759827,0.936030334,-0.351683579,0.988130903,0.0657536207,0.138829764,0.153073331,-0.345721851,-0.925767141,0.227042422,0.108125269,0.000342387706
0.0075304,0.92800672,-0.37248718,0.98814183,0.05022173,0.14509787,0.15335873,-0.36916282,-0.91662407,0.26381829,0.15348536,-0.0076661
0.03008301,0.91914275,-0.39277422,0.9875562,0.03335328,0.15368895,0.15436239,-0.39251005,-0.90670175,0.2843101,0.19105405,-0.0366356
0.04213357,0.91419496,-0.40307857,0.98699124,0.02456602,0.15888613,0.15515493,-0.40452946,-0.90126736,0.28465527,0.18532139,-0.03712962
0.06746469,0.90315601,-0.42397844,0.98520604,0.00679302,0.17123924,0.15753584,-0.42925872,-0.88933647,0.29714018,0.20470589,-0.03459309
0.09450846,0.89049741,-0.44506452,0.98239016,-0.01104242,0.18651419,0.1611758,-0.45485419,-0.8758595,0.29476881,0.21286088,0.00352633
0.10861678,0.88363636,-0.45539999,0.98053568,-0.01985824,0.19533409,0.16356086,-0.4677525,-0.86859392,0.29910946,0.24231011,0.03063296
0.13879559,0.86921994,-0.47454445,0.97575788,-0.03815618,0.21550082,0.16921079,-0.49295105,-0.85344411,0.30730551,0.25937647,0.05989085
0.17142084,0.85385272,-0.49147764,0.96940197,-0.05721231,0.23871817,0.17571156,-0.51736069,-0.83753389,0.27082109,0.28223175,0.08587781
0.18880002,0.84606793,-0.49852136,0.96552489,-0.06728922,0.25146322,0.17920984,-0.52881106,-0.82960385,0.24383846,0.29471737,0.09637762
0.22520724,0.83054177,-0.5093938,0.95625407,-0.08822854,0.27891551,0.18670791,-0.54992369,-0.81407866,0.22307628,0.32190222,0.09283045
0.26378058,0.81386037,-0.51773644,0.94467677,-0.1094892,0.30918892,0.19495005,-0.57065164,-0.79771611,0.20252961,0.33587772,0.08403675
0.28390905,0.80440323,-0.52185342,0.93788536,-0.11978079,0.32561243,0.19941566,-0.58188301,-0.78844486,0.16712053,0.33945805,0.08507876
0.32536589,0.78326516,-0.52974756,0.92225563,-0.13917742,0.36065741,0.20876142,-0.60590833,-0.76765428,0.08438051,0.33366197,0.07497332
0.36827086,0.75959241,-0.53609321,0.90361314,-0.15675152,0.39863796,0.21876894,-0.63122761,-0.7441047,0.01543509,0.31304938,0.06357359
0.38988242,0.74674658,-0.53885177,0.89320837,-0.16433593,0.41853612,0.2239877,-0.64448679,-0.73107199,-0.03141396,0.29105908,0.08132516
0.43229018,0.72010939,-0.5427408,0.87058247,-0.17645584,0.45929218,0.2349708,-0.67104814,-0.70319473,-0.14100672,0.25041348,0.12674904
0.49382771,0.68151692,-0.54006384,0.83201957,-0.18981013,0.52126356,0.25274036,-0.70675806,-0.66076892,-0.20410953,0.19561833,0.15416576
0.53298906,0.65928953,-0.53033948,0.80349107,-0.1979296,0.56144985,0.26518813,-0.72536967,-0.63522756,-0.20328236,0.2008242,0.113961
0.57018733,0.63854715,-0.51685966,0.77298973,-0.20398846,0.60072915,0.27816048,-0.74205537,-0.60990203,-0.16380875,0.22353202,-0.00448547
0.58798817,0.62725962,-0.51070067,0.75700475,-0.20428854,0.62065262,0.28498001,-0.75153925,-0.59495776,-0.17070727,0.21427816,-0.02246008
0.6216633,0.60256865,-0.50044556,0.72393933,-0.19805324,0.66082277,0.29907622,-0.77310148,-0.55934558,-0.25056288,0.15246373,0.08272851
0.66674416,0.5726725,-0.47696798,0.672278,-0.18588453,0.71658168,0.32170566,-0.79843173,-0.50893254,-0.24261637,0.1068185,0.04490598
0.69467324,0.55752041,-0.45453285,0.63556735,-0.17979672,0.75081785,0.33687277,-0.81045931,-0.47924174,-0.23169374,0.08852702,-0.02224839
0.7205642,0.54405248,-0.42987684,0.5977204,-0.17313414,0.78278653,0.35145059,-0.82099411,-0.44994552,-0.22930609,0.04641265,0.01038937
0.73272339,0.53834257,-0.41629764,0.57845941,-0.17046782,0.79770012,0.35847058,-0.82530482,-0.43631508,-0.22938688,0.05320042,-0.00952179
0.75586409,0.52786672,-0.38733213,0.53888698,-0.16559405,0.82594146,0.37184712,-0.83302773,-0.40962709,-0.1994029,0.05347019,-0.11393988
0.77704102,0.51671502,-0.3594619,0.49863928,-0.15679455,0.85251064,0.38414338,-0.84167756,-0.3794902,-0.31138569,-0.08451158,-0.05619912
0.78673444,0.51079834,-0.34660344,0.47854658,-0.15000793,0.86515349,0.38992571,-0.84651193,-0.3624572,-0.24438682,-0.00886297,-0.06333417
0.81941284,0.4972472,-0.28514518,0.39920773,-0.13807874,0.90640345,0.4113341,-0.85655078,-0.31164842,-0.21484137,-0.00467306,-0.08982386
0.826585,0.49418499,-0.26932964,0.37903076,-0.13504241,0.91547768,0.4160444,-0.85880434,-0.29893534,-0.20263979,-0.03938824,-0.05514624
0.83954428,0.48807536,-0.23863748,0.3389118,-0.12718961,0.93218111,0.42462242,-0.86348438,-0.2721958,-0.20733672,-0.05609947,-0.01055324
0.85070624,0.48289144,-0.20764085,0.29933083,-0.12032481,0.94653196,0.43208786,-0.86737394,-0.24690536,-0.20020504,-0.0521906,-0.00494494
0.85571308,0.48052359,-0.19196917,0.27962439,-0.11726071,0.95292172,0.43539096,-0.86910683,-0.23470764,-0.16854486,-0.05063152,-0.021297
0.86481598,0.47548442,-0.16126955,0.2402485,-0.10984595,0.96447621,0.44087863,-0.87283919,-0.20923095,-0.16648719,-0.0409047,-0.02335855
0.87267111,0.47023215,-0.13163157,0.20121657,-0.10067241,0.97435982,0.44492363,-0.87678212,-0.18247241,-0.17017882,-0.06723052,0.0187875
0.87614453,0.46773584,-0.11659312,0.18177176,-0.09655361,0.97858899,0.44646365,-0.87857872,-0.16961608,-0.16922036,-0.06191045,0.01936047
0.88196462,0.46337464,-0.08615298,0.14335512,-0.08960607,0.98560639,0.44898519,-0.88162043,-0.14545651,-0.19575822,-0.06503063,-0.01036486
0.88781749,0.45809585,-0.04391212,0.08663834,-0.07266718,0.99358601,0.45196668,-0.88592751,-0.10420385,-0.14997202,-0.0613448,-0.07240735
0.88977426,0.45595113,-0.02025662,0.04971537,-0.05270755,0.99737168,0.45368508,-0.88844271,-0.0695656,-0.15810855,-0.07334876,0.03292394
0.89043899,0.45508773,0.00367936,0.01329078,-0.03408459,0.99933048,0.45490849,-0.88979391,-0.03639871,-0.19350015,-0.09671086,0.05220819
0.89030513,0.45506503,0.01651034,-0.00484951,-0.02678004,0.99962954,0.45533861,-0.89005537,-0.02163556,-0.17408265,-0.10394275,0.02689045
0.88895593,0.4560202,0.04246059,-0.04105704,-0.01298898,0.99907223,0.45614871,-0.88987447,0.00717622,-0.14146966,-0.10546213,0.00602138
0.886092801,0.458493393,0.0679952697,-0.0768577127,0.000673810401,0.997041842,0.457091282,-0.888697559,0.0358358123,-0.130236,-0.109418452,0.0140344193
0.88410268,0.46026489,0.08073841,-0.09459295,0.00707311,0.99549096,0.45761844,-0.88775352,0.04979116,-0.13023372,-0.10500914,0.01470782
0.87890753,0.46515771,0.10559295,-0.13001259,0.02062735,0.9912978,0.45893169,-0.88498751,0.07860588,-0.12695444,-0.13714254,-0.01387484
0.87172144,0.47295598,0.12811847,-0.16545676,0.03800242,0.9854845,0.46122203,-0.88026602,0.11138131,-0.11413743,-0.14514959,0.01287951
0.85756254,0.48936059,0.15846982,-0.21704835,0.06494863,0.97399774,0.46634374,-0.86965959,0.16191244,-0.13562164,-0.13246715,0.08840658
0.84666724,0.50049833,0.18070974,-0.25042028,0.0751217,0.96521834,0.46951494,-0.86247213,0.18893801,-0.0823909,-0.11622065,0.04967536
0.84095489,0.50598981,0.19175282,-0.26669755,0.07924843,0.96051647,0.47081551,-0.85889102,0.20159063,-0.0808428,-0.12000948,0.03006263
0.82886104,0.51772286,0.21201982,-0.29848826,0.08870912,0.95028173,0.47317452,-0.85093692,0.22806174,-0.08788501,-0.12494642,0.0280217
0.81559522,0.53062769,0.23073503,-0.32938791,0.09792812,0.93910251,0.47571842,-0.84192884,0.25465209,-0.08089982,-0.10465437,0.06894284
0.8085388,0.53726045,0.24003379,-0.34436641,0.10124634,0.93336004,0.47715489,-0.83731738,0.26687604,-0.077969,-0.09256029,0.07830494
0.79372629,0.55007781,0.25964003,-0.37359138,0.10399883,0.92174487,0.48002919,-0.82861241,0.28805096,-0.07221844,-0.08943641,0.00234767
0.79372629,0.55007781,0.25964003,-0.37359138,0.10399883,0.92174487,0.48002919,-0.82861241,0.28805096,-0.07221844,-0.08943641,0.00234767
0.76928179,0.57111969,0.2864051,-0.41739334,0.10985077,0.90206196,0.48372345,-0.81348342,0.32288771,-0.08154982,-0.13161618,-0.01034294
0.75061739,0.58762656,0.30210682,-0.44744773,0.11563998,0.88680201,0.48617284,-0.80082601,0.34973358,-0.05860722,-0.13500899,0.00215054
0.71839175,0.61516515,0.32478466,-0.49374063,0.12201168,0.86100705,0.4900341,-0.77889973,0.39138427,-0.07118295,-0.15602469,0.01840427
0.69392669,0.63472209,0.33999054,-0.52533125,0.12336219,0.84190777,0.49243555,-0.76282992,0.41904372,-0.02640465,-0.17275298,-0.00835446
0.66692024,0.65570393,0.35393463,-0.55706456,0.12329209,0.82126614,0.49487012,-0.74488346,0.44749543,-0.00086263,-0.14856517,0.01778584
0.65276118,0.66657652,0.35997019,-0.5726643,0.12310569,0.81049396,0.49594193,-0.73520107,0.46208324,-0.02810205,-0.14695263,0.02442678
0.62383125,0.68866875,0.36955361,-0.60248924,0.12255363,0.78866165,0.49783656,-0.71464385,0.49136835,-0.05017223,-0.1057331,0.07989259
0.59501253,0.70889643,0.37871616,-0.62979802,0.11850875,0.76766537,0.49931407,-0.6952852,0.51697576,-0.06122296,-0.07517159,0.06729636
0.58093473,0.71808259,0.38323906,-0.64241599,0.11537935,0.75762073,0.49981644,-0.6863271,0.52833567,-0.03289246,-0.08682793,0.03636388
0.55335662,0.73511583,0.39166462,-0.66608963,0.10820611,0.73798108,0.50012105,-0.66925046,0.54952959,-0.006257,-0.0945152,0.02174278
0.52559643,0.75094523,0.39978695,-0.6882364,0.09909222,0.7186872,0.50007899,-0.65288735,0.56891041,-0.02111404,-0.0870015,0.03490052
0.51157229,0.75845077,0.4037898,-0.69876636,0.09375715,0.7091792,0.50001935,-0.64495116,0.57794346,-0.01124809,-0.10084867,0.02232888
0.48284182,0.77331587,0.4109092,-0.71907553,0.08231585,0.69003951,0.49979414,-0.62865468,0.59581803,-0.00764702,-0.13262439,-0.00616387
0.45288696,0.78833468,0.41643935,-0.73869638,0.07024744,0.67036764,0.49922035,-0.611223,0.61415423,-0.00991313,-0.11551845,0.02804227
0.43738451,0.79557499,0.41923166,-0.74830419,0.06344048,0.66031513,0.49873398,-0.60252442,0.62308002,-0.01198039,-0.1202929,0.04071595
0.40565878,0.80882424,0.42572792,-0.76690903,0.04778346,0.63997439,0.49728407,-0.58610581,0.63967843,0.00124075,-0.1232627,0.02311168
0.37308209,0.8210781,0.4320191,-0.78455946,0.03063939,0.6192961,0.49525367,-0.56999296,0.65561561,0.01011066,-0.12301171,0.02661422
0.35646751,0.82698493,0.43477212,-0.79293113,0.02165704,0.60892621,0.49415696,-0.56180676,0.66346217,0.01308134,-0.12069106,0.02152051
0.32306684,0.83762353,0.44047093,-0.80845347,0.00231955,0.58855552,0.49196626,-0.54624302,0.67792902,0.0056659,-0.11380965,0.03965983
0.28974085,0.8460283,0.44753354,-0.82229596,-0.01923708,0.5687347,0.48977495,-0.53279069,0.69011198,0.05084583,-0.13195878,0.00331234
0.27313594,0.84941635,0.45154015,-0.8286825,-0.03062566,0.55888034,0.48855088,-0.52683372,0.69553161,0.06303827,-0.12902075,0.0012306
0.24001064,0.854724,0.46026268,-0.84037979,-0.05440513,0.53926044,0.48595952,-0.5162237,0.70523501,0.08366466,-0.11412299,0.02725623
0.19120533,0.85915361,0.47465316,-0.85522686,-0.09148945,0.51011443,0.48169239,-0.50347273,0.71727795,0.16116238,-0.12066096,-0.04806108
0.16024006,0.86132256,0.48212708,-0.86349735,-0.1143202,0.49122617,0.47822107,-0.49502957,0.72543112,0.17435728,-0.11750603,-0.03818278
0.13067501,0.86249613,0.48890133,-0.87066101,-0.13603466,0.47269866,0.47420827,-0.48743722,0.73316539,0.20122765,-0.11546177,-0.02657923
0.11650966,0.86278055,0.49197049,-0.87379946,-0.14642165,0.46371851,0.47212259,-0.48391124,0.73683791,0.2242853,-0.11118996,-0.02475997
0.08990236,0.86288174,0.4973454,-0.87900805,-0.16603699,0.4469634,0.46825441,-0.47735368,0.7435531,0.25569117,-0.08463252,-0.00666147
0.05524774,0.86251497,0.50300668,-0.88413652,-0.19182502,0.42603509,0.46395085,-0.46826405,0.75198299,0.24890876,-0.0368275,0.0163275
0.03717079,0.86142203,0.50652753,-0.8858701,-0.2061589,0.41561079,0.46244158,-0.46416619,0.75544521,0.24147227,-0.04427832,0.02928828
0.02307344,0.85944574,0.5107059,-0.88674755,-0.2183132,0.40745303,0.46167767,-0.46226855,0.75707429,0.2360861,-0.04583853,0.03064171
