0,1,2,3,4,5,6,7,8,9,10,11
-0.05723151,-0.12921825,0.98996314,0.25057489,-0.96170741,-0.11104389,0.96640395,0.2417047,0.087419,0.07198449,-0.05281329,0.15311012
-0.05040878,-0.12448849,0.99093956,0.27740271,-0.95490462,-0.10585012,0.95943022,0.26955357,0.08266937,0.12291349,0.07080733,0.04630521
-0.04709077,-0.11918301,0.99175478,0.30521634,-0.94708888,-0.09932294,0.95111783,0.29802261,0.08097606,0.06100938,0.05916357,0.0395632
-0.04766195,-0.11625871,0.99207469,0.31947913,-0.94280543,-0.09513633,0.94639388,0.31241278,0.08207823,0.07324381,0.03710246,0.05384151
-0.05510233,-0.10954895,0.99245299,0.34947493,-0.93320824,-0.08360609,0.9353241,0.34223053,0.08970639,0.09127738,0.01104212,0.09703567
-0.06701519,-0.10225842,0.99249794,0.38065,-0.92211841,-0.06930497,0.92228765,0.37314986,0.10072064,0.07828425,0.07210612,0.05372237
-0.07462095,-0.09872556,0.99231295,0.39651109,-0.91598011,-0.06131394,0.91499217,0.38888779,0.10749708,0.06420881,0.11406755,0.044898
-0.095835,-0.09190521,0.99114541,0.42890828,-0.9023619,-0.04220103,0.89825023,0.42106611,0.12589663,0.07178664,0.12744819,0.13757063
-0.12404162,-0.08557814,0.98857981,0.4620979,-0.88663023,-0.01877116,0.87811115,0.45449225,0.14952454,0.07944419,0.09467887,0.27300575
-0.1663353,-0.07880736,0.98291504,0.51153325,-0.85908144,0.01768627,0.84301026,0.50573558,0.18320815,-0.0521563,0.03841042,0.2552892
-0.18577182,-0.07750703,0.97953118,0.54506322,-0.83757357,0.03709895,0.81755412,0.5407984,0.19784395,0.00329373,0.06962644,0.32764813
-0.19369709,-0.07759358,0.97798812,0.56204116,-0.82584065,0.0457938,0.80410898,0.55853968,0.20357364,0.02824344,0.09911918,0.28198284
-0.20996035,-0.07971884,0.97445449,0.59532748,-0.80102983,0.06274074,0.7755655,0.5932926,0.21564332,0.06863474,0.17441796,0.20434956
-0.22838475,-0.08440759,0.96990494,0.62747832,-0.77447666,0.08035304,0.74438645,0.62694578,0.22984275,0.07176787,0.21535085,0.18817294
-0.23889156,-0.08752816,0.96709332,0.64277122,-0.76076191,0.08992365,0.72785701,0.6431018,0.23800032,0.08819415,0.16387914,0.20480619
-0.25947191,-0.0941882,0.96114666,0.67156806,-0.73280924,0.10948492,0.69402497,0.67388366,0.25339721,0.1049425,-0.01512027,0.17378157
-0.27779733,-0.10025608,0.95539377,0.69696226,-0.70547823,0.1286232,0.66111431,0.70160462,0.26585478,-0.03008088,-0.04740125,-0.02970095
-0.30195838,-0.10815408,0.94716604,0.72655536,-0.66935123,0.15519612,0.61720185,0.73503144,0.28069641,-0.03593352,0.03134358,-0.1928952
-0.31409208,-0.11182993,0.94278309,0.74131984,-0.64927538,0.16995886,0.59311953,0.75228664,0.28683424,-0.00974118,-0.04888665,-0.09471275
-0.31893123,-0.11292427,0.94102651,0.74745197,-0.64044789,0.17647079,0.58275066,0.7596542,0.28866437,-0.01818889,-0.10868471,-0.05920289
-0.32521818,-0.11288578,0.93887697,0.75783183,-0.62496891,0.18736277,0.56561831,0.77244462,0.28879967,-0.05399856,-0.19113873,-0.07490918
-0.32702232,-0.11081569,0.93849666,0.76675564,-0.61161749,0.19496017,0.5523965,0.78335405,0.28498137,-0.07367133,-0.13269614,-0.10386852
-0.32658621,-0.10933747,0.93882192,0.77100977,-0.6053553,0.19770862,0.54670395,0.78840984,0.28200109,-0.08907057,-0.08472549,-0.11155532
-0.3246628,-0.1057344,0.93990104,0.77847396,-0.59426731,0.20205013,0.537189,0.79728678,0.27524824,-0.09710434,-0.03518945,-0.12402634
-0.32338871,-0.10122199,0.94083661,0.78386764,-0.58560867,0.20643069,0.53006693,0.80424885,0.26872414,-0.10360193,-0.04102838,-0.14867279
-0.32331904,-0.09857178,0.94114203,0.78584855,-0.5820281,0.20901019,0.52716864,0.8071721,0.26564332,-0.11190487,-0.05468011,-0.14136249
-0.32387102,-0.09246411,0.94157199,0.78852638,-0.57633272,0.21463127,0.52281313,0.81196725,0.25956797,-0.14240229,-0.11227595,-0.15864795
-0.32454307,-0.08559512,0.94199,0.79035854,-0.57164266,0.2203586,0.51962011,0.81602574,0.25317359,-0.16599467,-0.09330373,-0.21119919
-0.32485181,-0.08242298,0.94216656,0.79116584,-0.5695112,0.2229657,0.51819687,0.81784078,0.25021693,-0.17546003,-0.08190321,-0.24120708
-0.32653286,-0.07695747,0.94204757,0.79231887,-0.56573468,0.22841808,0.51537062,0.82098816,0.245706,-0.1658237,-0.03667402,-0.23831439
-0.33042424,-0.07258737,0.94103719,0.79270014,-0.56251721,0.23494892,0.51229524,0.82359309,0.24340926,-0.18101653,-0.03587484,-0.21725607
-0.33042424,-0.07258737,0.94103719,0.79270014,-0.56251721,0.23494892,0.51229524,0.82359309,0.24340926,-0.18101653,-0.03587484,-0.21725607
-0.33042424,-0.07258737,0.94103719,0.79270014,-0.56251721,0.23494892,0.51229524,0.82359309,0.24340926,-0.18101653,-0.03587484,-0.21725607
-0.33042424,-0.07258737,0.94103719,0.79270014,-0.56251721,0.23494892,0.51229524,0.82359309,0.24340926,-0.18101653,-0.03587484,-0.21725607
-0.33042424,-0.07258737,0.94103719,0.79270014,-0.56251721,0.23494892,0.51229524,0.82359309,0.24340926,-0.18101653,-0.03587484,-0.21725607
-0.33042424,-0.07258737,0.94103719,0.79270014,-0.56251721,0.23494892,0.51229524,0.82359309,0.24340926,-0.18101653,-0.03587484,-0.21725607
-0.33042424,-0.07258737,0.94103719,0.79270014,-0.56251721,0.23494892,0.51229524,0.82359309,0.24340926,-0.18101653,-0.03587484,-0.21725607
-0.36921578,-0.0847181,0.92547429,0.78845782,-0.55570227,0.26368426,0.49194928,0.82705378,0.2719706,-0.12988377,0.0401498,-0.31654483
-0.36921578,-0.0847181,0.92547429,0.78845782,-0.55570227,0.26368426,0.49194928,0.82705378,0.2719706,-0.12988377,0.0401498,-0.31654483
-0.36921578,-0.0847181,0.92547429,0.78845782,-0.55570227,0.26368426,0.49194928,0.82705378,0.2719706,-0.12988377,0.0401498,-0.31654483
-0.36921578,-0.0847181,0.92547429,0.78845782,-0.55570227,0.26368426,0.49194928,0.82705378,0.2719706,-0.12988377,0.0401498,-0.31654483
-0.36921578,-0.0847181,0.92547429,0.78845782,-0.55570227,0.26368426,0.49194928,0.82705378,0.2719706,-0.12988377,0.0401498,-0.31654483
-0.36921578,-0.0847181,0.92547429,0.78845782,-0.55570227,0.26368426,0.49194928,0.82705378,0.2719706,-0.12988377,0.0401498,-0.31654483
-0.37032328,-0.09306813,0.92422886,0.78399443,-0.56495893,0.25724334,0.49821019,0.81985348,0.28218235,-0.25283545,-0.08943211,-0.39481935
-0.35870689,-0.09366375,0.92873907,0.78535943,-0.56804373,0.24604196,0.5045193,0.81765101,0.27732108,-0.18650728,-0.07512271,-0.40393212
-0.35085327,-0.09425279,0.93167506,0.78627804,-0.57001423,0.23843375,0.50859498,0.81621089,0.27410023,-0.15739673,-0.11486255,-0.3601464
-0.33155182,-0.09471351,0.9386707,0.78773299,-0.57532084,0.22018763,0.5191821,0.81242551,0.26535768,-0.13808495,-0.16807626,-0.28676644
-0.30936366,-0.09359263,0.94632683,0.78783844,-0.58252424,0.19994004,0.53254544,0.80740686,0.25394776,-0.08639728,-0.11934649,-0.26714838
-0.29783896,-0.09253169,0.95012096,0.78718748,-0.58684191,0.18961126,0.54002576,0.80439694,0.24762418,-0.05641009,-0.08588134,-0.26695284
-0.27676183,-0.08947357,0.95676394,0.78372942,-0.5971372,0.17086601,0.55603143,0.79713329,0.23538796,-0.05239367,-0.06045222,-0.23680635
-0.25982823,-0.08396413,0.96199747,0.77660458,-0.61024191,0.15649253,0.57391153,0.78775288,0.22376515,-0.0510724,-0.07651018,-0.20310883
-0.25262832,-0.08036779,0.96421982,0.77175148,-0.61780823,0.15070674,0.58359103,0.7822109,0.21809989,-0.02666971,-0.09252726,-0.18576789
-0.238387,-0.07303768,0.96841995,0.7598944,-0.63497497,0.13916673,0.60475797,0.76907241,0.20687065,0.01253149,-0.12733136,-0.17496933
-0.22401153,-0.06694013,0.97228485,0.74468367,-0.65532847,0.12645468,0.62870107,0.75237197,0.19665037,0.0266787,-0.13705407,-0.10315454
-0.21640712,-0.06432306,0.97418194,0.7358272,-0.66655123,0.11944755,0.64165897,0.74267888,0.19157713,0.03289668,-0.10609227,-0.04084083
-0.19803576,-0.05966035,0.97837746,0.71601035,-0.69047531,0.102825,0.66941092,0.72089142,0.17945626,0.07891832,-0.08091658,0.04874671
-0.17426563,-0.05621279,0.98309293,0.69342459,-0.71584967,0.08198628,0.69913799,0.69598817,0.16372724,0.14102718,-0.04151463,0.06318533
-0.1615566,-0.05520187,0.98531833,0.68093273,-0.72891451,0.07081136,0.71430391,0.68237554,0.15534972,0.14707375,0.00685823,0.0904995
-0.14170905,-0.05257172,0.98851134,0.6535705,-0.75496936,0.05354196,0.74348104,0.65364926,0.14134539,0.20749068,0.15418123,0.10260141
-0.12797262,-0.05164654,0.99043199,0.62338161,-0.78090274,0.03982594,0.77137427,0.62251376,0.13212977,0.23907897,0.2177497,0.06258546
-0.12446426,-0.05269328,0.9908239,0.60739525,-0.79366788,0.03409088,0.7845888,0.60606485,0.130789,0.26130226,0.2384709,0.0938571
-0.12428146,-0.05722837,0.9905953,0.57519028,-0.81763977,0.02492773,0.80852352,0.57287883,0.13453464,0.24883004,0.1867895,0.2697106
-0.13003055,-0.06356685,0.98947016,0.54368679,-0.83910476,0.01754138,0.82915416,0.5402428,0.14366981,0.0455559,0.14308737,0.3925615
-0.13372514,-0.06649586,0.98878498,0.52788636,-0.84919474,0.01428397,0.8387213,0.52387626,0.14866109,0.0248559,0.13773106,0.37187099
-0.13870634,-0.07267506,0.98766339,0.49757992,-0.8673971,0.00605402,0.85625631,0.49228118,0.15647504,-0.04689239,0.08400046,0.35106742
-0.14431193,-0.07984393,0.98630572,0.47088064,-0.88219329,-0.00251857,0.87031341,0.46406882,0.16490802,-0.04845373,-0.03550791,0.31009954
-0.147157,-0.083698,0.98556551,0.45877714,-0.88852406,-0.00695581,0.87628093,0.45113134,0.16915135,-0.0518305,0.00682712,0.33435327
-0.15336005,-0.08978112,0.98408336,0.43737733,-0.89917109,-0.0138732,0.88610484,0.42828815,0.17716513,-0.01887023,-0.0017274,0.3117727
-0.16125378,-0.09278504,0.98254161,0.41900584,-0.90782496,-0.01696242,0.89354977,0.40895544,0.18526781,0.03686111,-0.10915231,0.39421922
-0.16337907,-0.09381624,0.98209241,0.41133,-0.91129592,-0.01862514,0.89672438,0.40092117,0.1874764,0.05859452,-0.1426786,0.41287208
-0.16063847,-0.09574644,0.9823582,0.39913519,-0.91657594,-0.02406697,0.90271043,0.38822769,0.18545338,0.11242839,-0.0646398,0.31346175
-0.152155656,-0.0974971625,0.983535968,0.390402971,-0.920128257,-0.0308152221,0.9079836,0.379286647,0.178065861,0.117386855,0.000174045548,0.0970581323
-0.14795755,-0.09838963,0.98408741,0.38680645,-0.92153468,-0.03397921,0.91021389,0.37562387,0.17440577,0.11081156,0.01202774,0.03685059
-0.14312127,-0.10011931,0.984628,0.38019277,-0.9240971,-0.03870119,0.91376672,0.3688095,0.17032272,0.07536167,-0.00439072,0.0250074
-0.14083821,-0.10194046,0.98477049,0.3742499,-0.92635959,-0.04237013,0.91657067,0.36258289,0.16861786,0.03253816,-0.03181994,0.01978555
-0.139465125,-0.102817272,0.984874573,0.371416739,-0.927412335,-0.0442232002,0.917931872,0.359631331,0.167529893,0.000450661872,-0.0301170927,0.0257086009
-0.13597957,-0.10417739,0.98521907,0.36602972,-0.92937713,-0.04775336,0.9206149,0.35412598,0.16450833,-0.02005295,-0.02524054,0.01467385
-0.13116618,-0.1055459,0.98572578,0.36055692,-0.93130087,-0.05174065,0.92346844,0.34862365,0.16021066,-0.05161659,0.00600576,-0.02584861
-0.12870889,-0.1063258,0.98596596,0.35765865,-0.93229856,-0.05384927,0.92494019,0.34570837,0.15802342,-0.06213431,0.01880956,-0.0341119
-0.12438393,-0.10816947,0.98632039,0.35146231,-0.93439415,-0.05815215,0.92790237,0.33942126,0.1542412,-0.06456237,0.02202654,-0.0229668
-0.12051974,-0.11028937,0.9865654,0.34465785,-0.93663853,-0.06260427,0.93095972,0.33248245,0.15089549,-0.0617362,0.02230716,-0.00358921
-0.12051974,-0.11028937,0.9865654,0.34465785,-0.93663853,-0.06260427,0.93095972,0.33248245,0.15089549,-0.0617362,0.02230716,-0.00358921
-0.11364688,-0.11402849,0.98695589,0.33317442,-0.94024328,-0.07026686,0.93599104,0.32084284,0.14484706,-0.05150406,0.00773644,0.01094558
-0.10790115,-0.1165934,0.98730104,0.32488717,-0.94270864,-0.07582075,0.9395774,0.31258029,0.13959902,-0.02568272,-0.0034104,0.00600416
-0.10485772,-0.11789162,0.98747466,0.32063275,-0.94393276,-0.07864599,0.94138158,0.3083701,0.13677878,-0.01193145,0.00926566,0.00712668
-0.09884203,-0.12038399,0.9877944,0.31173912,-0.94643396,-0.08414965,0.94501259,0.29961665,0.13107603,0.0085365,0.02346158,0.00794995
-0.0928384855,-0.12267682,0.988094687,0.302481138,-0.948953529,-0.089396985,0.948623146,0.290580553,0.125207133,0.0100965649,0.0564651452,0.00068692374
-0.08973282,-0.12390233,0.98822874,0.29768246,-0.95021121,-0.09210568,0.95043831,0.28591347,0.12214888,0.00538376,0.0728383,-0.00292663
-0.0840570806,-0.126336411,0.988419629,0.287897152,-0.952706629,-0.0972883656,0.953965136,0.276385433,0.116453786,-0.00052379939,0.0823810026,0.00192141626
-0.08019768,-0.12866162,0.98844041,0.27781251,-0.95522631,-0.10179778,0.95728181,0.26643717,0.11235081,0.01381583,0.04199171,0.03611846
-0.07879951,-0.12971236,0.98841545,0.27284543,-0.95644541,-0.10376475,0.9588252,0.26150804,0.11075909,0.02438605,0.02083158,0.05149008
-0.07670224,-0.1315786,0.98833385,0.26343798,-0.9587027,-0.10718895,0.96162214,0.25214305,0.10819749,0.03245148,0.00382292,0.06108401
-0.07496033,-0.13303346,0.98827272,0.25486754,-0.96070004,-0.10999018,0.96406608,0.24363374,0.10592038,0.03274785,-0.01104313,0.03769587
-0.07426435,-0.13363196,0.9882444,0.25083038,-0.96162461,-0.11118304,0.96517803,0.2396248,0.10493368,0.02885785,-0.0081073,0.02473874
-0.07359091,-0.13465519,0.98815605,0.24332178,-0.96332318,-0.11315035,0.96714989,0.23211305,0.10365635,0.02381903,0.00123548,0.00355661
-0.0743212324,-0.135506644,0.987984933,0.236178832,-0.964930714,-0.114578081,0.968863167,0.224825547,0.103718717,0.00342879631,3.45706903e-05,-0.011864176
-0.169264883,-0.0933325332,0.981141359,-0.039270345,-0.994076633,-0.10133788,0.98478788,-0.0556827088,0.164597136,-0.0114067439,3.1948086e-05,0.0113675771
-0.169941266,-0.0935389093,0.981004855,-0.0398577484,-0.99401801,-0.10168434,0.984647863,-0.0563810044,0.165196342,-0.00456270389,-0.000731289329,0.00775569305
-0.17022348,-0.09369938,0.98094048,-0.04021031,-0.9939792,-0.10192258,0.98458465,-0.05679355,0.16543108,-0.00198998,0.00227058,0.00712374
-0.172130226,-0.0946215328,0.980519181,-0.0418849068,-0.993772729,-0.103253424,0.984183292,-0.0588419957,0.167095197,-0.000252714963,-0.00349867321,0.00564728025
-0.17240918,-0.09479352,0.98045352,-0.04211731,-0.99373885,-0.10348417,0.98412451,-0.05913569,0.1673374,-0.00162421,-0.00301456,0.00980152
-0.17302121,-0.09503413,0.98032251,-0.04241114,-0.99369196,-0.1038155,0.98400457,-0.05953887,0.16789924,-0.00453103,-0.00101471,0.00269647
-0.1737978,-0.09536686,0.98015276,-0.04272771,-0.99363232,-0.10425475,0.98385396,-0.05999893,0.16861635,-0.00938656,-0.00110978,0.00780533
-0.174076497,-0.095434653,0.980096688,-0.0428555959,-0.993615465,-0.104362667,0.98379911,-0.0601697208,0.168875272,-0.0114742238,-0.000238060937,0.0116557432
-0.17440617,-0.09587792,0.97999482,-0.04316097,-0.99354726,-0.10488503,0.98372738,-0.06059013,0.16914265,-0.00596926,0.00520623,0.00632405
-0.174400273,-0.0962658298,0.979957886,-0.0432861088,-0.993498053,-0.105299446,0.98372297,-0.060782814,0.169099334,-0.00783519819,0.000635623874,0.00667801639
-0.17439721,-0.09648555,0.97993678,-0.04337455,-0.99346889,-0.10553722,0.98371958,-0.06090972,0.16907324,,,
-0.17438819,-0.09704136,0.97988342,-0.04353606,-0.99339876,-0.10612789,0.98371396,-0.06116773,0.16901244,-0.00522063,-0.00327182,0.00225135
-0.17421131,-0.09756953,0.97986255,-0.04360761,-0.99333836,-0.10666445,0.98374225,-0.06131161,0.16879599,-0.0025514,0.0076381,0.00178958
-0.17426213,-0.0977898,0.97983153,-0.0436293,-0.99331262,-0.10689468,0.98373226,-0.06137706,0.16883031,,,
-0.174474502,-0.0982701611,0.979745587,-0.0437100961,-0.993253433,-0.107408991,0.983690941,-0.0615649189,0.169002207,-0.00526596233,-0.000508308352,-0.000509978971
-0.17463331,-0.09874973,0.97966914,-0.04385731,-0.99319051,-0.10793057,0.98365627,-0.06181393,0.16911333,,,
-0.17473775,-0.09902211,0.9796229,-0.04386393,-0.99315913,-0.10821451,0.98363731,-0.0618793,0.1691992,,,
-0.174950252,-0.0995020307,0.979536474,-0.0439441734,-0.993099666,-0.108728448,0.98359609,-0.0620669939,0.169370554,-0.00664832909,0.000611543597,0.00484241825
-0.175168796,-0.0996978166,0.979477539,-0.0440033694,-0.993072691,-0.108951141,0.983554577,-0.0621851514,0.169568297,-0.00135386363,0.000947833003,0.0118757877
-0.175656187,-0.100206181,0.979338295,-0.0440392977,-0.99301016,-0.109504079,0.983465971,-0.0623644492,0.170015497,-0.00497343531,0.000303506822,0.00129545562
-0.17597582,-0.10073857,0.97922634,-0.04403708,-0.99294842,-0.1100641,0.98340898,-0.06249089,0.17029871,-0.00963266,-0.00137156,0.00255932
-0.17596315,-0.10115182,0.97918613,-0.04392327,-0.99290941,-0.11046261,0.98341645,-0.0624464,0.17027236,-0.00324551,0.00373065,-0.00122023
-0.17595643,-0.1014355,0.97915784,-0.04394378,-0.99287586,-0.11075339,0.98341659,-0.06251567,0.17024553,0.00365837,0.00750732,-0.00169694
-0.17572516,-0.10180762,0.97916076,-0.04392627,-0.9928365,-0.11111278,0.98345873,-0.0625362,0.1699944,0.00379274,0.00311363,0.00639691
-0.17577239,-0.10209198,0.9791227,-0.04388003,-0.99280682,-0.11139617,0.98345238,-0.0625443,0.17002826,,,
-0.17593341,-0.10224847,0.97907734,-0.04383471,-0.99279054,-0.1115574,0.9834255,-0.06254426,0.17018323,,,
-0.176312934,-0.102343165,0.978999296,-0.0435896248,-0.992792766,-0.111635391,0.983368542,-0.0623569757,0.17058111,-0.00400501909,0.00304055191,-0.0004912609
-0.17674917,-0.10247661,0.97890669,-0.0434481,-0.99278339,-0.11177418,0.98329651,-0.06228763,0.17102119,,,
-0.17680303,-0.10247741,0.9788969,-0.0433813,-0.99278716,-0.11176683,0.98328979,-0.06222652,0.17108211,-0.00132931,0.0038712,-0.00910791
-0.17702422,-0.10245367,0.97885921,-0.04335199,-0.9927898,-0.11175186,0.98325109,-0.0622183,0.17130659,,,
-0.17719195,-0.10242929,0.97883144,-0.04338947,-0.99278905,-0.11174443,0.98321926,-0.06227121,0.17147013,-0.00254167,0.00114083,-0.00461954
-0.17724564,-0.10248143,0.97881628,-0.04337431,-0.9927837,-0.11179811,0.98321026,-0.06227122,0.17152175,,,
-0.17747373,-0.10232838,0.97879104,-0.0434796,-0.99279297,-0.11167591,0.98316454,-0.06237699,0.17174556,,,
-0.177758494,-0.102162565,0.97875662,-0.0436369177,-0.992799711,-0.111553585,0.983106062,-0.0625395347,0.172020728,-0.0036969881,0.000869989337,0.0091358535
-0.17792941,-0.1020733,0.9787349,-0.04374171,-0.99280201,-0.11149242,0.98307051,-0.06264933,0.17218398,-0.00563838,-0.00103265,0.01087979
-0.177878859,-0.102007799,0.978750816,-0.0438757572,-0.992801116,-0.111446189,0.983073583,-0.0627673808,0.172123019,-0.00308513036,0.000874996127,0.0157154389
-0.177714612,-0.101967602,0.978784874,-0.0439056285,-0.992805034,-0.111400004,0.983101988,-0.0627715953,0.171959302,-0.00196369318,0.000653982104,0.0209616143
-0.17738262,-0.10195184,0.97884679,-0.04389798,-0.99280982,-0.11136119,0.98316234,-0.06272295,0.17163191,-0.00247227,0.00600493,0.02130153
-0.176708774,-0.102011461,0.9789625,-0.043577484,-0.992828373,-0.111322346,0.98329798,-0.0623323649,0.170996175,0.000628549373,0.00112652767,0.0100283381
-0.17586327,-0.10205665,0.97911005,-0.04304849,-0.99286269,-0.11122232,0.98347286,-0.06170913,0.17021476,-0.00407758,0.00543165,0.00934923
-0.175410277,-0.102091767,0.979187711,-0.0426982422,-0.992883933,-0.111168656,0.983569094,-0.0613097137,0.169802839,-0.0107967611,-3.93390619e-05,0.00971419271
-0.17449978,-0.10217404,0.97934161,-0.04187828,-0.99293139,-0.11105378,0.98376609,-0.06039202,0.16898774,-0.00445429,0.00133228,0.00756538
-0.17358893,-0.10220343,0.97950059,-0.04100587,-0.99298779,-0.11087785,0.98396416,-0.05941244,0.16818068,,,
-0.17307387,-0.10231357,0.97958016,-0.04053519,-0.99300699,-0.11087779,0.98407431,-0.05889752,0.16771634,-0.00549744,-0.00581068,-0.00543597
-0.17210427,-0.10240439,0.97974151,-0.03966111,-0.99305514,-0.11076294,0.98427998,-0.05792042,0.1668476,-0.00825471,0.0030396,-0.02202551
-0.17152023,-0.10251193,0.97983248,-0.03872811,-0.99310094,-0.11067951,0.98441888,-0.05693086,0.16636723,-0.00957314,0.00119674,-0.01956461
-0.171233677,-0.102468692,0.979887184,-0.0383623092,-0.993128861,-0.110557169,0.984483144,-0.0565218671,0.16612647,-0.00770205073,0.000435471506,-0.018462155
-0.17077844,-0.10239685,0.9799742,-0.03790638,-0.99316606,-0.11038115,0.98457994,-0.05599801,0.16573002,-0.00972102,-0.00168633,-0.01340483
-0.17038427,-0.10230002,0.98005302,-0.03762192,-0.99319576,-0.11021254,0.98465924,-0.05564996,0.16537619,-0.00530066,-0.00619793,-0.00547346
-0.17021922,-0.10220699,0.98009138,-0.03759911,-0.99320851,-0.11010498,0.98468863,-0.05559255,0.16522032,-0.00937099,0.00147939,-0.00288759
-0.169505839,-0.101834289,0.980253787,-0.0375742127,-0.993256183,-0.109682401,0.984812616,-0.055424076,0.16453644,-0.00404660637,0.00285601593,0.000709137821
-0.169340874,-0.101793003,0.980286579,-0.0376032495,-0.993260193,-0.10963601,0.984839879,-0.0554278241,0.164371878,-0.006671221,0.00327002979,-0.000162101118
-0.16901452,-0.10154241,0.98036888,-0.03762443,-0.99328902,-0.10936704,0.98489512,-0.05537044,0.16405989,-0.00308879,-0.00237489,-0.00670519
-0.1688494,-0.10150104,0.98040155,-0.03765336,-0.99329293,-0.10932054,0.98492227,-0.05537413,0.16389529,-0.00325971,0.0032717,-0.00568731
-0.16863798,-0.10122676,0.98046643,-0.03777935,-0.99331795,-0.10905155,0.9849538,-0.05543162,0.16368681,,,
-0.16859481,-0.1009293,0.98050456,-0.03794351,-0.99334209,-0.10877501,0.98495493,-0.05554268,0.16364258,,,
-0.168723489,-0.100440694,0.980532336,-0.0381089325,-0.993385592,-0.108314871,0.984926243,-0.0556423309,0.163780182,-0.00076627743,0.000511884631,0.00617023185
-0.16878804,-0.10019641,0.9805463,-0.03819165,-0.99340761,-0.10808483,0.98491206,-0.05569212,0.16384888,-0.00509633,-0.00319415,0.00616597
-0.1688594,-0.0997196,0.98058265,-0.0383045,-0.99345327,-0.10762464,0.98489547,-0.05573417,0.16393439,-0.00915879,0.00341594,0.00568925
-0.16887675,-0.09918999,0.98063341,-0.03843193,-0.993504,-0.10711028,0.98488757,-0.05577608,0.16396777,-0.00795529,0.00150335,0.00396283
-0.16888368,-0.09900928,0.98065052,-0.0385141,-0.99351909,-0.10694127,0.98488321,-0.05582951,0.16397594,-0.00402921,0.00169122,0.00424662
-0.16889719,-0.09864783,0.98068454,-0.03867845,-0.99354891,-0.10660323,0.98487438,-0.05593636,0.16399225,-0.00465315,-0.0032205,0.00881845
-0.169187,-0.09826444,0.98067305,-0.03874787,-0.99358473,-0.10624305,0.98482188,-0.05597395,0.16429432,-0.00154221,-0.00175703,0.00523844
-0.1693589,-0.09812495,0.98065738,-0.03880133,-0.99359579,-0.10612054,0.98479026,-0.05602328,0.16446708,,,
-0.16958795,-0.09781787,0.98064846,-0.03875108,-0.99363041,-0.10581421,0.98475281,-0.05594601,0.16471738,-0.01230367,-0.00166321,-0.00100145
-0.17009335,-0.09754083,0.98058863,-0.03865819,-0.99366263,-0.10554699,0.9846694,-0.05586062,0.16524463,-0.00502063,-0.00221539,-0.00572756
-0.170318881,-0.0974019079,0.98056325,-0.0386450147,-0.993676871,-0.105416965,0.984630886,-0.055848385,0.165477894,-0.00669814926,-0.001292467,0.000686373794
-0.170824114,-0.0971766227,0.980497865,-0.0386041579,-0.993700564,-0.105210807,0.984545113,-0.0558238209,0.16599636,-0.00963923987,-0.000707447471,-0.0015614368
-0.17138935,-0.09697823,0.98041874,-0.03878708,-0.9937078,-0.10507318,0.98443956,-0.05603601,0.16654943,-0.00875928,-0.00432134,-0.00248555
-0.171672,-0.09687894,0.98037917,-0.03887848,-0.99371161,-0.10500434,0.98438677,-0.05614195,0.16682583,-0.0066261,-0.00290024,-0.00419824
-0.172179813,-0.0966923171,0.980308472,-0.0390087792,-0.993720927,-0.104866689,0.984292853,-0.0562965642,0.167326842,-0.0053079538,0.000188350663,0.00695461221
-0.172462152,-0.0966447045,0.980263517,-0.0391522015,-0.993716042,-0.104859221,0.984237708,-0.0564637248,0.167594599,-0.009987236,0.00013685225,0.00554838777
-0.17280487,-0.0965720086,0.98021037,-0.039467303,-0.993703655,-0.104859223,0.984165055,-0.0568064409,0.167905348,-0.00823971163,6.15119861e-05,0.00397486566
-0.17336606,-0.09654085,0.98011436,-0.03968668,-0.99369085,-0.10489804,0.98405755,-0.05708324,0.16844081,,,
-0.17381287,-0.0966890211,0.980020488,-0.0399569082,-0.993656255,-0.10512095,0.983967666,-0.057429974,0.168847014,-4.46398044e-05,0.00401020003,-0.00434877537
-0.174091597,-0.0967572664,0.97996422,-0.0400847942,-0.993639612,-0.105228632,0.983913132,-0.0576011038,0.169106084,0.00532555301,0.000888824405,-0.00639708992
-0.17459539,-0.0968411266,0.979866376,-0.0403551783,-0.993611667,-0.105390196,0.983812878,-0.0579433337,0.169572105,0.00045296899,0.00499486877,-0.00832417235
-0.175434732,-0.0967217697,0.979728306,-0.04054585,-0.993608029,-0.105352348,0.983655777,-0.0582063779,0.170391693,-0.00039718044,-0.000768840255,0.0108610867
-0.17683329,-0.0965690675,0.979491959,-0.040954799,-0.993591276,-0.105352932,0.983388421,-0.0587447953,0.171744954,-0.0122591686,5.01871073e-05,0.0069861901
-0.17750678,-0.09640777,0.97938588,-0.0411741,-0.99359092,-0.10526859,0.98325778,-0.05901124,0.1723998,-0.00677503,0.00174618,0.01106105
-0.17767747,-0.09637038,0.97935864,-0.04133116,-0.99358445,-0.10526862,0.98322039,-0.0591819,0.17255459,-0.01079166,0.00345898,0.00870524
-0.17768353,-0.09634386,0.97936007,-0.04156918,-0.99357277,-0.10528386,0.98320918,-0.05941842,0.17253685,,,
-0.17757909,-0.09638064,0.97937542,-0.04187348,-0.99355111,-0.10536813,0.98321516,-0.05972105,0.17239833,,,
-0.17752549,-0.09637993,0.97938532,-0.0419402,-0.99354767,-0.1053758,0.98322211,-0.05978251,0.17233784,0.0018611,0.00219798,0.00849852
-0.17752845,-0.0964698,0.97937588,-0.04216273,-0.99352431,-0.10550615,0.983212,-0.06002351,0.17231152,-0.00211328,0.00133908,0.01037637
-0.17763905,-0.09650962,0.97935187,-0.04220015,-0.99351695,-0.10555996,0.98319038,-0.06008038,0.17241487,-0.00549947,-0.00305945,0.00658141
-0.17774969,-0.09649788,0.97933295,-0.04218582,-0.99351837,-0.1055524,0.983171,-0.06007588,0.17252692,-0.00490468,0.0034852,0.01017806
-0.1779143,-0.09648685,0.97930426,-0.04210476,-0.99352361,-0.10553717,0.98314482,-0.06000994,0.17269945,-0.00410718,-0.00117731,0.00713209
-0.17780057,-0.09651189,0.97932243,-0.04200012,-0.99352802,-0.10553716,0.98316985,-0.05989623,0.17259632,-0.00542958,0.00352681,0.0050113
-0.17790497,-0.09662984,0.9792918,-0.04185122,-0.99352361,-0.10563712,0.98315728,-0.05977793,0.17270878,,,
-0.177952384,-0.096708693,0.97927531,-0.0415981833,-0.993529992,-0.105675591,0.983159343,-0.0595413145,0.172778369,-0.0067016813,0.00101721275,-0.000953102252
-0.17783561,-0.0967469,0.9792928,-0.04137447,-0.99354023,-0.10566788,0.98318996,-0.05930924,0.17268413,-0.00477408,-0.0014087,0.0018074
-0.17761127,-0.09678362,0.97932992,-0.04128422,-0.99354323,-0.10567558,0.98323434,-0.05920005,0.17246892,-0.00432992,0.00304806,0.00140095
-0.17721599,-0.0969091902,0.979389024,-0.0410886843,-0.993543853,-0.105744616,0.983313771,-0.0589814601,0.172090226,-0.00216531591,0.000375747652,-0.00700120954
-0.17698839,-0.09701057,0.97942028,-0.04093106,-0.99354404,-0.10580605,0.98336147,-0.05881515,0.171875,-0.00571062,-0.00169283,-0.00524403
-0.176874364,-0.0970353734,0.979438315,-0.0408263276,-0.993548182,-0.10580601,0.983386235,-0.058701253,0.171771787,-0.004945633,-0.00148302305,-7.55446963e-05
-0.176817641,-0.0970994443,0.979442333,-0.0408258366,-0.993541865,-0.105867476,0.983396582,-0.0587057854,0.171711498,-0.00500857597,0.000516056956,0.00133309839
-0.17681433,-0.09716419,0.97943643,-0.04075857,-0.99353876,-0.10592121,0.98339989,-0.05864882,0.17171171,-0.00190856,-0.0017634,-0.00562944
-0.176814328,-0.0971641873,0.979436429,-0.0407585708,-0.993538764,-0.10592121,0.983399887,-0.0586488232,0.17171171,-0.00664417166,0.00027704236,-0.00106216071
-0.17686813,-0.09726817,0.97941642,-0.0407955,-0.99352501,-0.10603639,0.98338871,-0.05871025,0.17175485,,,
-0.1768113,-0.09728058,0.97942552,-0.04074316,-0.99352727,-0.1060364,0.98340117,-0.05865332,0.17170324,-0.0053106,-0.00219291,0.00182014
-0.17681122,-0.09733216,0.97942036,-0.04079495,-0.99351851,-0.10609776,0.98339898,-0.05871468,0.17169456,,,
-0.17680803,-0.09744855,0.97940936,-0.04077954,-0.99350684,-0.10621294,0.9834002,-0.05871916,0.17168608,-0.00177552,0.00423193,-0.00344901
-0.176586462,-0.0974718818,0.979446917,-0.0408083006,-0.993503863,-0.106228213,0.983438719,-0.0587280419,0.17146186,-0.000765355653,0.00435519172,-0.0031396281
-0.17664035,-0.0975242464,0.979432067,-0.040793411,-0.993498856,-0.106281993,0.983429738,-0.0587280657,0.171513674,-0.000821933849,0.0054764743,0.00251583615
-0.176975543,-0.0975276752,0.979371159,-0.0409211337,-0.993488577,-0.106328105,0.983364111,-0.0588944624,0.17183238,-0.0046251677,-3.7312504e-05,0.0049051689
-0.17697554,-0.09752768,0.97937116,-0.04092113,-0.99348858,-0.10632811,0.98336411,-0.05889446,0.17183238,-0.00930904,-0.00452465,0.00356225
-0.176918601,-0.0976432784,0.979369927,-0.0409724004,-0.993473315,-0.106450869,0.983372221,-0.0589602858,0.171763374,-0.0106925871,-0.00108516205,-0.000623450615
-0.17686168,-0.09775892,0.97936869,-0.04102371,-0.99345806,-0.10657367,0.98338034,-0.05902615,0.17169434,-0.00996516,-0.00113475,-0.0064585
-0.176751052,-0.0978221819,0.979382381,-0.0410898969,-0.993447986,-0.106642652,0.983397503,-0.0590919247,0.17157351,-0.0107469074,8.23736118e-05,-0.00374379335
-0.176586497,-0.0979878743,0.979395444,-0.0413264031,-0.99341667,-0.106841912,0.983417098,-0.0593417404,0.171374632,-0.00599352643,0.000195026383,0.0076521663
-0.17631132,-0.09821693,0.97942219,-0.04162909,-0.99337534,-0.10711005,0.98345381,-0.05965717,0.17105457,-0.00456302,-0.00331414,0.00654165
-0.17620064,-0.09833176,0.97943062,-0.04174706,-0.9933564,-0.1072402,0.98346868,-0.05978413,0.17092484,-0.00666188,-0.0010733,0.00664062
-0.17586508,-0.09868943,0.97945487,-0.04198208,-0.99330497,-0.10762302,0.98351866,-0.06004669,0.17054448,-0.00189532,0.00689816,0.00708386
-0.17547248,-0.09905944,0.97948789,-0.04216469,-0.99325563,-0.10800552,0.98358092,-0.06025181,0.17011233,-0.00222534,-0.00546193,0.01315436
-0.17519373,-0.09919843,0.97952362,-0.0422448,-0.99323712,-0.10814298,0.98362708,-0.06032577,0.16981859,0.00221703,-0.00361568,0.01677487
-0.17468375,-0.09955467,0.97957857,-0.04215211,-0.99320687,-0.10845653,0.98372176,-0.06023691,0.16930094,0.00249789,-0.00616497,0.01076002
-0.174005559,-0.0998315572,0.979671178,-0.0419179026,-0.993195244,-0.108655011,0.983852044,-0.0599723448,0.168636873,0.00065686414,0.00487112952,-0.00154565787
-0.173663,-0.10006021,0.97970861,-0.04175948,-0.99318178,-0.10883855,0.98391928,-0.05981336,0.16830061,-0.00280469,0.00122344,-0.004412
-0.1734278,-0.10029021,0.97972677,-0.04146758,-0.99317552,-0.10900735,0.98397312,-0.05953181,0.16808559,-0.00467185,0.00419187,-0.0051923
-0.17341457,-0.10049696,0.97970799,-0.04114692,-0.99317206,-0.10916135,0.98398899,-0.05924213,0.16809536,-0.00133354,-0.00300193,-0.00383768
-0.173464887,-0.100510669,0.979697527,-0.0409610737,-0.99318111,-0.109146569,0.983987718,-0.0590625809,0.168165317,-0.000930892071,0.0059949155,-0.00927091856
-0.173623,-0.10062904,0.97965748,-0.04074551,-0.99317996,-0.10923931,0.98396889,-0.0588831,0.16833879,-0.00541654,-0.00393307,-0.01265471
-0.1736767,-0.10068134,0.97964255,-0.04073058,-0.99317461,-0.10929304,0.98396,-0.05888307,0.16839063,-0.00905167,0.00103366,-0.00340265
-0.17389506,-0.10082606,0.9795889,-0.04073817,-0.99315649,-0.10945432,0.98392109,-0.05894024,0.16859774,,,
-0.17395218,-0.10091694,0.97956939,-0.04089409,-0.99313658,-0.10957665,0.98390452,-0.05911971,0.16863158,-0.00883808,0.00188422,-0.00116805
-0.17434218,-0.10097317,0.97949441,-0.04100671,-0.99312114,-0.10967677,0.98383095,-0.05928712,0.16900224,-0.01080316,0.00395286,-0.00848364
-0.174849318,-0.101094566,0.97939135,-0.0414463029,-0.993077249,-0.10990661,0.983722386,-0.0598092599,0.16944907,-0.00431949459,-0.00635009957,0.000154720503
-0.1751348,-0.10113583,0.97933611,-0.04181114,-0.99304846,-0.110029,0.98365619,-0.06021708,0.16968886,,,
-0.175417,-0.10113853,0.97928544,-0.04200514,-0.9930345,-0.11008278,0.98359776,-0.06044541,0.16994669,,,
-0.17587344,-0.10109057,0.97920856,-0.04247476,-0.99300781,-0.11014395,0.98349612,-0.06096303,0.17034972,-0.00366752,0.00224709,-0.0055471
-0.17638638,-0.10108114,0.97911706,-0.04304803,-0.9929692,-0.11026624,0.98337911,-0.06159854,0.17079513,-0.0078554,0.0033586,-0.00209909
-0.17729478,-0.10094502,0.97896701,-0.04381555,-0.99292963,-0.11031994,0.98318182,-0.06245315,0.17161855,-0.00135066,0.00625694,0.01207442
-0.17769342,-0.10095958,0.9788933,-0.04428385,-0.99289538,-0.11044233,0.98308895,-0.06297405,0.17196021,-0.00456006,0.00215983,0.01817798
-0.177864112,-0.100921589,0.978866196,-0.0444402617,-0.992888359,-0.110442274,0.983050995,-0.0631447988,0.172114385,-0.000170990825,-0.00174570072,0.0180425048
-0.17809168,-0.10092234,0.97882473,-0.04470036,-0.99286985,-0.11050346,0.98299799,-0.06343358,0.17231078,-0.00169956,0.00445509,0.00809598
-0.17792743,-0.10093361,0.97885349,-0.04478179,-0.99286461,-0.11051841,0.98302408,-0.06349908,0.17213794,-0.00229898,-0.00287479,0.01188971
-0.17787039,-0.10094622,0.97886247,-0.04472963,-0.99286683,-0.11051833,0.98303669,-0.06344211,0.17208657,0.00425741,-0.00273681,0.01590976
-0.17775338,-0.10108769,0.97886911,-0.04460973,-0.99285941,-0.11063319,0.98306329,-0.06333253,0.1719749,0.00191118,0.00690615,0.01001531
-0.17757307,-0.10121715,0.97888849,-0.04414831,-0.99287575,-0.11067208,0.98311674,-0.06286866,0.17183964,-0.00307007,0.00458538,0.01008822
-0.17733564,-0.10135899,0.97891689,-0.04363469,-0.99289419,-0.11071087,0.98318256,-0.06234773,0.1716529,-0.00606844,0.00161099,0.00476601
-0.176876507,-0.101524243,0.978982884,-0.043150124,-0.992909464,-0.11076458,0.983286696,-0.0618348879,0.171241616,-0.00332243089,0.000973939837,0.00636226218
-0.17659146,-0.10153547,0.97903324,-0.04283755,-0.99292993,-0.11070344,0.98335166,-0.06148866,0.17099333,-0.00524364,0.00385141,0.00363031
-0.175907059,-0.101633715,0.979146239,-0.0421595412,-0.992965745,-0.110642262,0.983503606,-0.0607431065,0.17038479,0.000577868428,-0.00158077467,0.00640215771
-0.17544346,-0.10175929,0.97921622,-0.04150367,-0.99299479,-0.11062726,0.98361415,-0.06004991,0.1699913,-0.0031032,-0.00324911,-0.00268589
-0.17521185,-0.10182197,0.97925129,-0.04117568,-0.99300947,-0.11061987,0.98366934,-0.05970325,0.16979443,,,
-0.17474768,-0.10189517,0.97932647,-0.04046764,-0.99304682,-0.11054365,0.98378114,-0.0589483,0.16940946,-0.00766845,0.00273192,-0.00589014
-0.17428701,-0.10185164,0.97941317,-0.03977475,-0.99309621,-0.11035251,0.98389119,-0.05818894,0.16903277,-0.00593949,0.00225115,-0.01233999
-0.17404756,-0.10173292,0.97946811,-0.03900066,-0.99315665,-0.11008495,0.98396459,-0.05735993,0.16888891,-0.00165837,0.00509906,-0.00366887
-0.17404058,-0.1016039,0.97948282,-0.0386068,-0.99319418,-0.1098861,0.98398143,-0.05693933,0.16893342,,,
-0.17414782,-0.10155369,0.97946893,-0.03842126,-0.99320977,-0.10980961,0.98396968,-0.05675553,0.1690635,-0.00101574,-0.00395501,-0.00307081
-0.174526953,-0.101494334,0.979407558,-0.0380207168,-0.993236945,-0.109702611,0.983918029,-0.0563838455,0.169487809,0.00022115832,0.00673627807,-0.00252301409
-0.17490939,-0.10137033,0.97935213,-0.0376874,-0.99326735,-0.10954153,0.9838629,-0.05606909,0.16991156,,,
-0.17518471,-0.10129649,0.97931063,-0.0375397,-0.99328238,-0.109457,0.98381963,-0.05593822,0.17020527,,,
-0.17590298,-0.10107371,0.97920494,-0.03723015,-0.99332034,-0.10921867,0.98370327,-0.05566783,0.17096496,,,
-0.176235035,-0.100936077,0.979159337,-0.0370828742,-0.993341766,-0.109072471,0.983649307,-0.0555324413,0.171318734,-0.000740397722,0.00206804252,0.00788903143
-0.17667806,-0.1007353,0.9791002,-0.03686924,-0.99337341,-0.10885684,0.98357788,-0.0553313,0.17179332,0.00174105,0.00167859,0.0126889
-0.1776169,-0.10007657,0.9789978,-0.03611573,-0.99348256,-0.10810965,0.98343667,-0.05455934,0.17284517,,,
-0.177948778,-0.0998872922,0.97895688,-0.0359165789,-0.993512465,-0.107901169,0.983383976,-0.0543616762,0.173206907,-0.000462009571,-0.00227272487,0.00696720462
-0.178166426,-0.0995676299,0.978949893,-0.0354570944,-0.99357166,-0.107507899,0.983361276,-0.053865025,0.173490852,-0.00675928593,0.000348091096,0.0171450917
-0.178323356,-0.0994280908,0.978935567,-0.0349813643,-0.993612081,-0.107290969,0.983349935,-0.0533769868,0.173706102,-0.012296265,-0.000704109611,0.022669185
-0.17826262,-0.09929838,0.9789598,-0.03465401,-0.99364437,-0.10709816,0.98337255,-0.05301648,0.17368854,-0.00568113,0.00551093,0.01539701
-0.17818716,-0.09922033,0.97898144,-0.03384905,-0.99369637,-0.10687266,0.98341425,-0.05218092,0.17370542,-0.0033878,0.00167632,0.009842
-0.177997201,-0.0991662185,0.979021504,-0.0329386996,-0.993751264,-0.106646839,0.983479581,-0.0512305308,0.173618489,0.000333405798,0.00181329239,0.0116941221
-0.177928754,-0.0991652359,0.979034023,-0.0324759767,-0.993775712,-0.106560559,0.983507333,-0.0507552733,0.173600782,0.00369157013,0.000315189332,0.00431581773
-0.17772663,-0.09930396,0.97905657,-0.03136243,-0.9938184,-0.10649441,0.98357992,-0.0496325,0.17351377,-0.00421848,0.00444639,0.0136314
-0.17741328,-0.09929789,0.97911398,-0.03010692,-0.99388321,-0.10625104,0.98367567,-0.04832847,0.1733388,,,
-0.17701791,-0.0994819633,0.979166803,-0.0281841471,-0.993957779,-0.106079975,0.983803813,-0.0463750607,0.173144883,-0.00560165476,-0.00082087511,-0.00869061705
-0.17720284,-0.09952144,0.97912941,-0.02702582,-0.99400662,-0.10592475,0.98380309,-0.04523195,0.17345138,-0.0063278,-0.00446796,-0.01718228
-0.17746506,-0.09948603,0.97908551,-0.02651845,-0.99403234,-0.10581143,0.98376963,-0.04474168,0.17376804,-0.00212769,-0.00403207,-0.01779633
-0.17815718,-0.09944454,0.97896409,-0.02559377,-0.99407522,-0.10563725,0.98366909,-0.04387542,0.17455658,-0.00689957,0.00306416,-0.01437187
-0.178476315,-0.0993974671,0.978910725,-0.02513871,-0.994098942,-0.105522992,0.983622951,-0.0434419165,0.174924531,-0.00667615887,-0.000565290393,-0.00965774897
-0.17918022,-0.09926665,0.97879541,-0.0245209,-0.99413683,-0.10531138,0.98351058,-0.04287067,0.17569567,-0.01269423,-0.00218326,-0.00441819
-0.17977322,-0.09925044,0.97868839,-0.0240216,-0.99415759,-0.10523167,0.98341476,-0.04242749,0.17633873,-0.00909171,0.00218999,0.00408253
-0.17987506,-0.09916093,0.97867858,-0.02366303,-0.99418185,-0.10508087,0.98340466,-0.04205995,0.17648238,,,
-0.179981239,-0.0991625634,0.978658885,-0.023528627,-0.994186912,-0.105063013,0.983388444,-0.0419358914,0.176602158,-0.00091678102,0.00648069335,0.00427998044
-0.18007906,-0.09918936,0.97863829,-0.02315446,-0.99419966,-0.10502723,0.98337953,-0.04157305,0.17673797,0.00443415,-0.00345427,0.01127002
-0.18045053,-0.09919516,0.97856927,-0.02268384,-0.99421716,-0.10496431,0.9833224,-0.04113858,0.17715699,0.00148185,0.00303531,0.00561217
-0.180552423,-0.099157543,0.978554359,-0.0223773682,-0.994233625,-0.104875165,0.983310787,-0.0408329346,0.177292377,-0.00975404866,0.00176954258,0.000176223228
-0.180477568,-0.0992194355,0.978561814,-0.0218449214,-0.994249156,-0.104838921,0.983336422,-0.0402976872,0.177272355,-0.0100926282,0.005647182,0.000432960922
-0.18029668,-0.09922771,0.97859434,-0.02139471,-0.99426743,-0.10475871,0.98337952,-0.0398244,0.17714027,,,
-0.18017737,-0.09926344,0.97861262,-0.02116921,-0.99427311,-0.10474951,0.9834062,-0.03958996,0.17704441,0.00428867,-0.00337666,0.00169992
-0.18010239,-0.09937692,0.97861496,-0.02068862,-0.99428061,-0.10477524,0.98343022,-0.03911647,0.17701646,-0.00356742,-0.00348753,0.00233761
-0.179974172,-0.0994375133,0.97863239,-0.0202230409,-0.994293067,-0.104747873,0.983463371,-0.0386428421,0.176936266,-0.00952745695,-0.000924587192,0.00731774047
-0.179907658,-0.099577773,0.978630284,-0.0200345698,-0.994285591,-0.104853828,0.983479324,-0.0384704597,0.176884863,-0.00617512828,-0.000328302354,0.00429781154
-0.179500852,-0.0997230691,0.97869029,-0.0195973282,-0.994288885,-0.104906814,0.983562565,-0.0380105815,0.176521466,-0.00959556829,-0.00439667655,0.000387718435
-0.17909387,-0.0999200107,0.978744809,-0.0192122878,-0.994284324,-0.105021964,0.983644396,-0.0376127154,0.176150511,-0.00713421172,-0.000925838889,0.00355836423
-0.17817746,-0.10024709,0.97887857,-0.0186443,-0.9942744,-0.10521746,0.9838217,-0.03699789,0.1752883,0.00198494,0.00248528,-0.00639208
-0.17783654,-0.10040739,0.97892414,-0.01855202,-0.994262,-0.10535084,0.98388512,-0.03689625,0.17495341,0.00327654,0.0026226,-0.01167298
-0.177490902,-0.100527768,0.978974505,-0.0182874127,-0.994260308,-0.105412983,0.98395248,-0.0366127602,0.174633832,-0.00122556812,-5.14984094e-05,-0.00674623484
-0.17753442,-0.10065694,0.97895324,-0.01808436,-0.99425358,-0.10550977,0.98394828,-0.03643537,0.17469419,-0.00486167,0.0012722,-0.01120886
