0,1,2,3,4,5,6,7,8,9,10,11
-0.14550717,0.21726785,-0.96520587,-0.21379882,-0.95944244,-0.18373981,-0.96598021,0.17962442,0.18605734,-0.04954924,-0.02962744,-0.10705464
-0.16117733,0.22491648,-0.96095499,-0.21990594,-0.95739136,-0.1871984,-0.96211397,0.18114757,0.2037702,-0.07315156,-0.04968762,-0.15117644
-0.17682861,0.23372809,-0.95608713,-0.22592049,-0.95509681,-0.19170193,-0.95796208,0.18210129,0.22169264,-0.06380533,-0.02874374,-0.18821429
-0.18538074,0.23826645,-0.95334312,-0.22875346,-0.95396996,-0.19394124,-0.95567037,0.18212757,0.23135192,-0.02494583,-0.00103116,-0.20093417
-0.20276553,0.24556493,-0.94793666,-0.23403457,-0.95214406,-0.19659441,-0.95084902,0.18198737,0.25053277,0.07380139,0.04796278,-0.18079069
-0.21861007,0.24859003,-0.94361678,-0.2371902,-0.95154169,-0.19572735,-0.94654658,0.18102869,0.26697973,0.17404476,0.05794561,-0.10507615
-0.22482863,0.24915561,-0.94200504,-0.23779495,-0.95155501,-0.19492694,-0.94493681,0.18017888,0.27318483,0.20824526,0.05127382,-0.06997626
-0.22482863,0.24915561,-0.94200504,-0.23779495,-0.95155501,-0.19492694,-0.94493681,0.18017888,0.27318483,0.20824526,0.05127382,-0.06997626
-0.23890026,0.25465077,-0.9370591,-0.23799979,-0.95092309,-0.19774108,-0.94142597,0.17577947,0.2877825,0.25038144,0.07234263,0.02605195
-0.24042185,0.25709159,-0.93600275,-0.23932538,-0.95021778,-0.19952286,-0.94070218,0.17603956,0.28998176,0.23327951,0.09404707,0.00153546
-0.24138277,0.26103503,-0.93466317,-0.24380356,-0.94856461,-0.20195362,-0.93930525,0.17912608,0.29260826,0.16130176,0.09113443,-0.07504702
-0.24137129,0.26154322,-0.93452389,-0.24962828,-0.94732498,-0.20065118,-0.93777688,0.18485216,0.29394577,0.06294706,-0.00324136,-0.16183275
-0.24185505,0.26060156,-0.93466196,-0.25230731,-0.94701439,-0.1987581,-0.93693499,0.18775139,0.29479188,0.02246951,-0.07055497,-0.19643603
-0.24476826,0.25763481,-0.93472594,-0.2561525,-0.94698162,-0.19393645,-0.93513324,0.1919629,0.29778507,-0.01363797,-0.17644328,-0.22656924
-0.24988551,0.25585431,-0.9338606,-0.25769148,-0.9472479,-0.19056816,-0.93335532,0.1930277,0.30263519,-0.0166053,-0.22210211,-0.22786008
-0.25283864,0.25622926,-0.93296253,-0.25792289,-0.94724815,-0.19025396,-0.93249574,0.19252884,0.30558843,0.00132614,-0.20997792,-0.21769147
-0.25877962,0.25987004,-0.93032264,-0.25844434,-0.94664366,-0.19253987,-0.93071971,0.19061123,0.31213448,0.05698533,-0.13550454,-0.17464665
-0.26413637,0.26437687,-0.92754339,-0.25942942,-0.94572958,-0.1956828,-0.92893931,0.1889451,0.31838883,0.09665881,-0.05495346,-0.11175807
-0.26642742,0.26637506,-0.92631568,-0.25996501,-0.94529614,-0.19706188,-0.92813502,0.18830697,0.32110102,0.11119715,-0.02352047,-0.0888477
-0.26989353,0.26966764,-0.92435763,-0.26075946,-0.94458039,-0.1994309,-0.92691002,0.18720989,0.32525433,0.14843221,0.01140332,-0.04963807
-0.27147508,0.27062082,-0.92361563,-0.26047877,-0.94449973,-0.20017829,-0.926527,0.18623885,0.32689893,0.1758509,0.00419092,-0.06213694
-0.27136842,0.27018644,-0.92377397,-0.25972038,-0.94474114,-0.20002332,-0.92677095,0.18564291,0.32654595,0.17618628,-0.00667089,-0.08053354
-0.26913177,0.26899213,-0.92477636,-0.25673237,-0.9454981,-0.20030433,-0.92825459,0.18351177,0.32352256,0.16098428,-0.01042855,-0.130309
-0.26510315,0.26762904,-0.92633428,-0.25265536,-0.94642156,-0.20112627,-0.93052983,0.18072411,0.31851707,0.12087864,0.00315976,-0.17678186
-0.26257537,0.26672703,-0.92731378,-0.25035954,-0.94695495,-0.20148545,-0.93186601,0.17925673,0.31542473,0.09417585,0.00100279,-0.20509417
-0.25728782,0.26492783,-0.92930952,-0.2457296,-0.9480092,-0.20222626,-0.93456937,0.1763285,0.30901186,0.09497301,0.00810862,-0.2207588
-0.25190257,0.26261011,-0.93144017,-0.24114145,-0.94915191,-0.20238845,-0.93722765,0.17362666,0.30242022,0.11971799,-0.01160872,-0.19853485
-0.24943362,0.26113038,-0.93251999,-0.23891569,-0.94978473,-0.20205899,-0.93845719,0.17239335,0.29929666,0.12279263,-0.02035809,-0.1847242
-0.24541806,0.25761053,-0.93456223,-0.23454543,-0.95118234,-0.2005997,-0.94061586,0.16996651,0.29385893,0.13514847,-0.01339746,-0.16971819
-0.24167336,0.25405669,-0.93650903,-0.22973819,-0.95265878,-0.1991521,-0.9427695,0.16702213,0.2885988,0.1405707,0.06200027,-0.2111938
-0.24008315,0.25215207,-0.93743222,-0.22704872,-0.95347684,-0.19831897,-0.94382663,0.16522974,0.28616477,0.15166357,0.10768032,-0.24723673
-0.23660868,0.24718472,-0.93963611,-0.22143369,-0.95536486,-0.19556343,-0.94603564,0.16179509,0.28078267,0.17935185,0.16112363,-0.30444095
-0.23267694,0.24090111,-0.94224622,-0.21586188,-0.95746338,-0.19148701,-0.94829581,0.15884042,0.27478117,0.20787132,0.18672895,-0.28948867
-0.23014198,0.23694975,-0.94386941,-0.21305192,-0.9586434,-0.18871056,-0.94954912,0.15766297,0.27110671,0.2038808,0.16164267,-0.27400509
-0.22403434,0.22738583,-0.94768365,-0.20698974,-0.96131759,-0.18172434,-0.9523465,0.15544829,0.26243469,0.11041921,0.1083734,-0.23015799
-0.21554927,0.21797934,-0.95185262,-0.20056229,-0.9638672,-0.17531294,-0.9556742,0.15311717,0.25147941,-0.07299276,0.12240291,-0.22667383
-0.19362428,0.21399255,-0.95745337,-0.19648978,-0.96460707,-0.17585559,-0.96119797,0.15407989,0.22881856,-0.17791176,0.30544519,-0.01991637
-0.19377972,0.21515388,-0.95716147,-0.19849092,-0.96407507,-0.17652297,-0.96075524,0.15578129,0.22952444,-0.12799577,0.29255044,0.05464591
-0.19839935,0.21388717,-0.95649866,-0.20230241,-0.96382021,-0.1735623,-0.95901572,0.15906734,0.23449148,-0.08293448,0.18465555,0.22261806
-0.20777843,0.2053313,-0.95638217,-0.20343576,-0.96541218,-0.16307266,-0.95678718,0.16067936,0.24236387,-0.04711033,-0.09137422,0.38044888
-0.21245114,0.20013713,-0.95645671,-0.20243038,-0.96658214,-0.15729139,-0.95597398,0.16019916,0.24586552,-0.02507332,-0.21107858,0.40995392
-0.21786225,0.19352531,-0.95660025,-0.19720868,-0.96865502,-0.15105049,-0.95584769,0.15574167,0.2491982,0.04260494,-0.26299441,0.39870557
-0.21700586,0.19038604,-0.95742445,-0.18990933,-0.9702908,-0.14990048,-0.95751912,0.14929455,0.24671491,0.09365234,-0.20733297,0.2779417
-0.21355855,0.18913907,-0.95844622,-0.18617926,-0.97097828,-0.15012815,-0.95902556,0.14638165,0.24257449,0.07516187,-0.12206727,0.20352758
-0.20267123,0.18757527,-0.96111388,-0.18023009,-0.97186115,-0.15166742,-0.9625183,0.14248302,0.23077501,-0.03155314,0.11266398,0.0390778
-0.1934649,0.18529381,-0.96345078,-0.17703302,-0.97247758,-0.15148091,-0.96500286,0.14125637,0.22094352,-0.14236769,0.24217963,-0.11905553
-0.19223481,0.18387811,-0.96396816,-0.17606303,-0.97281301,-0.15045474,-0.96542611,0.14079652,0.21938268,-0.16196689,0.22996068,-0.15151049
-0.1988352,0.18270066,-0.96285253,-0.17369022,-0.97348613,-0.14885024,-0.96451865,0.1376414,0.22529668,-0.11774901,0.11000037,-0.11264512
-0.1988352,0.18270066,-0.96285253,-0.17369022,-0.97348613,-0.14885024,-0.96451865,0.1376414,0.22529668,-0.11774901,0.11000037,-0.11264512
-0.21917986,0.17965671,-0.95900127,-0.16794925,-0.9751767,-0.14430215,-0.96112071,0.12943542,0.24391252,0.02867883,-0.20790839,0.03616302
-0.24155808,0.17410581,-0.95463944,-0.16430035,-0.97690691,-0.13659303,-0.95637581,0.12385244,0.26458579,0.1783649,-0.45359385,0.175578
-0.24450523,0.17347668,-0.95400346,-0.16403747,-0.97708493,-0.13563204,-0.95567173,0.12332957,0.26735949,0.18673186,-0.46008033,0.1635966
-0.24751963,0.17134907,-0.95361067,-0.16357538,-0.97749928,-0.13318378,-0.95497483,0.12302163,0.26997896,0.16844708,-0.45952815,0.08665623
-0.24720742,0.1734574,-0.95331046,-0.16374117,-0.97717543,-0.1353392,-0.95502729,0.12263932,0.26996733,0.14789534,-0.32745278,0.0250533
-0.24625817,0.17699306,-0.95290627,-0.16436671,-0.97656913,-0.13891116,-0.95516517,0.12241807,0.2695799,0.14163572,-0.23899585,0.01216602
-0.2435623,0.18774301,-0.95154093,-0.16691436,-0.97456219,-0.14956077,-0.95541467,0.12239849,0.26870343,0.15591075,-0.02017909,-0.01303842
-0.24103391,0.20029795,-0.9496226,-0.17056522,-0.97198413,-0.16172154,-0.95541083,0.1229922,0.26844531,0.16867383,0.15383673,-0.02214498
-0.2402605,0.20618866,-0.94855745,-0.17242953,-0.97070565,-0.16732828,-0.95527119,0.12335694,0.26877513,0.16781692,0.21600533,-0.03588481
-0.24082321,0.21560237,-0.946319,-0.17524305,-0.96864894,-0.17609328,-0.95461715,0.12342848,0.27105612,0.15924466,0.2450633,-0.0598885
-0.24308046,0.21997408,-0.94473455,-0.1769974,-0.9676544,-0.17976931,-0.95372107,0.12351716,0.27415264,0.15444981,0.13599408,-0.08783108
-0.2445056,0.22046434,-0.94425225,-0.17789364,-0.96747975,-0.17982355,-0.95318975,0.1240086,0.27577359,0.14971381,0.06511092,-0.09136093
-0.24833424,0.21910845,-0.94356851,-0.18090389,-0.96743517,-0.17703918,-0.95163219,0.12673032,0.27988491,0.14860936,-0.06469971,-0.09512447
-0.25532388,0.21660334,-0.94228059,-0.18606073,-0.96737406,-0.17195589,-0.94878402,0.13141697,0.28729508,0.16298306,-0.16196978,-0.10677972
-0.26002247,0.21535818,-0.94128052,-0.18923733,-0.96727347,-0.16902963,-0.94687771,0.13417391,0.2922668,0.17251781,-0.19767368,-0.10375922
-0.26997963,0.2142775,-0.93872049,-0.19585332,-0.96676285,-0.16435043,-0.9427367,0.13948026,0.30297323,0.16581009,-0.24207497,-0.07273393
-0.27800426,0.21804159,-0.93550597,-0.202427,-0.96532489,-0.16483637,-0.93900845,0.14354645,0.31250202,0.17402416,-0.16947937,-0.03075328
-0.28047538,0.22209093,-0.9338143,-0.20582717,-0.96414941,-0.16748446,-0.93753331,0.14522909,0.31613255,0.18989158,-0.09020627,-0.00652249
-0.28264627,0.23297336,-0.93050232,-0.21271668,-0.96112757,-0.17602701,-0.93534098,0.14817999,0.32121638,0.25618285,0.09577429,0.07195845
-0.28296245,0.24337571,-0.92773939,-0.21957188,-0.95802048,-0.18434953,-0.93365963,0.15154148,0.32452242,0.33893341,0.30555797,0.1176036
-0.28275914,0.24693911,-0.92685934,-0.22260573,-0.95680463,-0.18700646,-0.9330026,0.15344641,0.32551543,0.34704214,0.38582027,0.11972051
-0.28295,0.24929967,-0.92616901,-0.22713052,-0.95557992,-0.1878266,-0.93185358,0.15721572,0.32700484,0.27929044,0.39389396,0.11208856
-0.28636988,0.24739696,-0.92562793,-0.23065149,-0.95547785,-0.18401635,-0.92994205,0.16080072,0.33068252,0.14486854,0.30312383,0.20396709
-0.28905676,0.246871,-0.92493294,-0.23279083,-0.95530219,-0.18222579,-0.92857669,0.16264231,0.33360581,0.10646884,0.30593991,0.29750147
-0.29343454,0.24690657,-0.92354387,-0.23676873,-0.95474259,-0.18001971,-0.92619474,0.16584231,0.33861425,0.0440464,0.33961129,0.2627739
-0.29337767,0.24902042,-0.92299404,-0.23547143,-0.9545559,-0.18269008,-0.92654324,0.16374154,0.33868295,-0.04232473,0.38990581,0.09424647
-0.29337767,0.24902042,-0.92299404,-0.23547143,-0.9545559,-0.18269008,-0.92654324,0.16374154,0.33868295,-0.04232473,0.38990581,0.09424647
-0.28476706,0.2461155,-0.92646369,-0.22047178,-0.95738519,-0.18656342,-0.93289871,0.15113198,0.3268932,-0.25636882,0.31147361,-0.02723386
-0.27577626,0.2339792,-0.93230949,-0.21029939,-0.96111005,-0.17900084,-0.93793465,0.14669993,0.31425723,-0.41694599,0.05276239,-0.04315934
-0.27078956,0.22764954,-0.93533347,-0.20799669,-0.96251978,-0.174049,-0.93989915,0.14741561,0.30799065,-0.47019657,-0.09613824,-0.04389258
-0.27078956,0.22764954,-0.93533347,-0.20799669,-0.96251978,-0.174049,-0.93989915,0.14741561,0.30799065,-0.47019657,-0.09613824,-0.04389258
-0.26015513,0.21976707,-0.94022429,-0.21811861,-0.96195924,-0.1644951,-0.94060807,0.16228617,0.29819395,-0.27661136,-0.16720736,-0.12524989
-0.26263979,0.22091865,-0.93926313,-0.22247368,-0.96107332,-0.16383969,-0.93889602,0.1659305,0.30156474,-0.16346942,-0.14935189,-0.10009564
-0.27030501,0.2248181,-0.93615814,-0.22775985,-0.95968624,-0.1647053,-0.93544679,0.16869857,0.3106125,-0.00992345,-0.07806987,0.01440171
-0.27030501,0.2248181,-0.93615814,-0.22775985,-0.95968624,-0.1647053,-0.93544679,0.16869857,0.3106125,-0.00992345,-0.07806987,0.01440171
-0.27030501,0.2248181,-0.93615814,-0.22775985,-0.95968624,-0.1647053,-0.93544679,0.16869857,0.3106125,-0.00992345,-0.07806987,0.01440171
-0.27030501,0.2248181,-0.93615814,-0.22775985,-0.95968624,-0.1647053,-0.93544679,0.16869857,0.3106125,-0.00992345,-0.07806987,0.01440171
-0.2511068,0.23036541,-0.94014732,-0.21480533,-0.96031149,-0.17793326,-0.94382407,0.1572684,0.29062463,-0.03717042,-0.06455773,0.18272197
-0.2511068,0.23036541,-0.94014732,-0.21480533,-0.96031149,-0.17793326,-0.94382407,0.1572684,0.29062463,-0.03717042,-0.06455773,0.18272197
-0.2511068,0.23036541,-0.94014732,-0.21480533,-0.96031149,-0.17793326,-0.94382407,0.1572684,0.29062463,-0.03717042,-0.06455773,0.18272197
-0.21309217,0.21606474,-0.95284175,-0.22022056,-0.96076654,-0.16861194,-0.95188984,0.17390546,0.25231408,-0.09104572,-0.46172291,-0.11247022
-0.21309217,0.21606474,-0.95284175,-0.22022056,-0.96076654,-0.16861194,-0.95188984,0.17390546,0.25231408,-0.09104572,-0.46172291,-0.11247022
-0.20297735,0.21319511,-0.95569244,-0.22273592,-0.96047616,-0.16695589,-0.95351398,0.17897877,0.24244111,-0.05248614,-0.4675746,-0.15788518
-0.20297735,0.21319511,-0.95569244,-0.22273592,-0.96047616,-0.16695589,-0.95351398,0.17897877,0.24244111,-0.05248614,-0.4675746,-0.15788518
-0.19524734,0.21583507,-0.95670986,-0.21756397,-0.9607112,-0.17233687,-0.95631817,0.17449728,0.23453419,-0.02447705,-0.29607797,-0.14979571
-0.19524734,0.21583507,-0.95670986,-0.21756397,-0.9607112,-0.17233687,-0.95631817,0.17449728,0.23453419,-0.02447705,-0.29607797,-0.14979571
-0.17826807,0.2286443,-0.95704864,-0.2043472,-0.96002567,-0.19129207,-0.96252924,0.16146894,0.21786492,-0.01711782,-0.00848174,-0.12330396
-0.17342747,0.23026977,-0.95754831,-0.20168605,-0.95997931,-0.19432577,-0.9639739,0.15942271,0.21292896,-0.0131828,0.02527189,-0.11339001
-0.16277473,0.23121531,-0.95918913,-0.19790305,-0.96004907,-0.19783839,-0.96661196,0.15762337,0.20203003,0.06975493,0.0690558,-0.11630996
-0.15176588,0.23078447,-0.96109604,-0.19593094,-0.9600883,-0.1996032,-0.96880242,0.15801549,0.19092652,0.16138527,0.05131364,-0.10527977
-0.14646576,0.22990643,-0.96212811,-0.19499061,-0.96024424,-0.19977265,-0.96980726,0.15834609,0.18547282,0.16509135,0.03146052,-0.08364534
-0.13525941,0.22741432,-0.96435859,-0.19202382,-0.96086598,-0.19965774,-0.9720245,0.15817423,0.17363526,0.14264831,0.02224076,-0.08998878
-0.12286113,0.22455972,-0.96668397,-0.18653209,-0.96192844,-0.19974764,-0.97473624,0.15577636,0.16007139,0.11263911,0.03932011,-0.13183513
-0.11670079,0.22304442,-0.96779746,-0.18317764,-0.96257198,-0.19975185,-0.97612842,0.15396766,0.15318985,0.10004944,0.04971337,-0.15333512
-0.106707,0.22095703,-0.96942836,-0.17647387,-0.96372384,-0.20023199,-0.97850412,0.14971261,0.14182949,0.07041012,0.10614598,-0.19949475
-0.10138246,0.22082025,-0.97003103,-0.17158605,-0.96432406,-0.20158784,-0.97993878,0.14600633,0.13565503,0.06706067,0.18256402,-0.27090403
-0.09895093,0.22292687,-0.9698001,-0.17142088,-0.96383213,-0.20406456,-0.98021605,0.14605161,0.1335865,0.1453508,0.31363094,-0.31200293
-0.10098822,0.22007759,-0.9702408,-0.17595506,-0.96380413,-0.20030316,-0.97920435,0.15049051,0.13605666,0.15544146,0.31951213,-0.2421881
-0.10258835,0.21719702,-0.97072183,-0.17849546,-0.96405023,-0.19684041,-0.97857794,0.15307591,0.13766922,0.10427396,0.30356181,-0.1844558
-0.10413454,0.211141,-0.97189272,-0.18180606,-0.96478098,-0.19011618,-0.97780495,0.15689833,0.13885376,-0.05361245,0.35608399,-0.05878845
-0.10149334,0.20627285,-0.97321671,-0.18187327,-0.96562869,-0.18569765,-0.97807022,0.15815503,0.13552025,-0.10887052,0.37220311,0.10853937
-0.09949206,0.20512251,-0.97366621,-0.18188586,-0.96578359,-0.18487625,-0.97827331,0.15870239,0.13339688,-0.18304762,0.35536206,0.12182595
-0.09884293,0.19920999,-0.97495917,-0.19119914,-0.9653036,-0.17785302,-0.97656177,0.16883184,0.1335023,-0.11060888,0.17334127,0.26597881
-0.10004275,0.19380976,-0.97592481,-0.19664858,-0.96534947,-0.17155101,-0.97535675,0.17475179,0.13468863,-0.10280553,0.02964675,0.30913731
-0.10567029,0.17871335,-0.97821026,-0.20781578,-0.96596492,-0.15402708,-0.9724435,0.18701144,0.13921327,-0.1378403,-0.373384,0.35639381
-0.10982853,0.16511114,-0.98014079,-0.21338936,-0.96702964,-0.13899138,-0.97077425,0.1938864,0.14144043,-0.09948891,-0.5200299,0.35504037
-0.1092745,0.16129614,-0.98083761,-0.21266611,-0.96769228,-0.13544143,-0.97099536,0.19379063,0.14004654,-0.05484596,-0.48646396,0.30121768
-0.1092745,0.16129614,-0.98083761,-0.21266611,-0.96769228,-0.13544143,-0.97099536,0.19379063,0.14004654,-0.05484596,-0.48646396,0.30121768
-0.09551937,0.16387064,-0.98184636,-0.19105821,-0.97103561,-0.14347913,-0.97691997,0.17388477,0.12406173,-0.03888039,-0.04972184,0.00436369
-0.09092656,0.1671106,-0.98173648,-0.18440931,-0.97159613,-0.14830488,-0.97863459,0.16755649,0.11916054,-0.10486711,0.14457262,-0.06826043
-0.08295591,0.17167164,-0.98165532,-0.17581545,-0.97212058,-0.15514672,-0.98092163,0.15971984,0.11082567,-0.18873248,0.40133965,-0.08686823
-0.08060814,0.17189243,-0.98181222,-0.17644465,-0.9719221,-0.15567455,-0.98100435,0.16068688,0.10867442,-0.19954684,0.31920147,-0.01263343
-0.08272334,0.16986071,-0.98198977,-0.17952928,-0.97178612,-0.15297208,-0.98026823,0.16364155,0.11088465,-0.18833826,0.18130875,0.02473878
-0.09251069,0.16452172,-0.98202557,-0.18661342,-0.97164362,-0.14520268,-0.97806802,0.16982635,0.12058954,-0.07705393,-0.12623644,0.14456801
-0.1018757,0.15774104,-0.98221136,-0.18997601,-0.97226214,-0.13643876,-0.97648887,0.1726968,0.12901684,0.01124968,-0.39176875,0.19899651
-0.10477219,0.15368071,-0.98255034,-0.1897437,-0.97292789,-0.13194275,-0.97622756,0.1726088,0.1310956,0.03697348,-0.49998212,0.19761956
-0.10645224,0.14965956,-0.98299028,-0.18628095,-0.97410528,-0.12813366,-0.97671249,0.16947225,0.13157445,0.10855651,-0.60414672,0.15410982
-0.10386852,0.15253457,-0.98282472,-0.18146927,-0.9744887,-0.13206248,-0.97789577,0.16463535,0.12889913,0.10666856,-0.52315027,0.10712536
-0.10174635,0.15511771,-0.98264241,-0.17940959,-0.97443358,-0.13524516,-0.97849875,0.16253477,0.12697474,0.08247728,-0.44514823,0.08518879
-0.09772911,0.16259885,-0.98184041,-0.17659521,-0.97374031,-0.14367973,-0.97941979,0.15934662,0.12387699,0.06417398,-0.26045448,0.05125989
-0.09569282,0.17405652,-0.98007496,-0.17611345,-0.972021,-0.15543076,-0.97970743,0.15773077,0.12366941,0.07245465,-0.03181988,0.00805049
-0.09582395,0.18076546,-0.97884707,-0.17676895,-0.97083211,-0.16198058,-0.97957669,0.15750815,0.12498271,0.06835058,0.09017849,-0.01394373
-0.09582395,0.18076546,-0.97884707,-0.17676895,-0.97083211,-0.16198058,-0.97957669,0.15750815,0.12498271,0.06835058,0.09017849,-0.01394373
-0.10499258,0.19951496,-0.97425378,-0.18274191,-0.96685693,-0.17830659,-0.97753877,0.15931613,0.13797245,0.13562974,0.20903134,-0.11252809
-0.10916498,0.20095738,-0.97349824,-0.18439852,-0.96644641,-0.17882382,-0.97677012,0.15999033,0.14255867,0.15251786,0.16905355,-0.11352649
-0.12015314,0.20054595,-0.9722882,-0.1876323,-0.96631923,-0.17612761,-0.97486263,0.16127039,0.15373538,0.16891973,0.05439055,-0.09887186
-0.13495641,0.19713661,-0.97104264,-0.19106889,-0.96679262,-0.16971886,-0.97225476,0.16263139,0.16814165,0.20138712,-0.04596394,-0.03976391
-0.1434808,0.19524594,-0.97020204,-0.19291957,-0.96705644,-0.16608251,-0.97066731,0.16334131,0.17642107,0.22552747,-0.07187623,-0.0014081
-0.16087152,0.19278536,-0.96796396,-0.19724547,-0.96723297,-0.1598584,-0.96706496,0.16520985,0.19362621,0.2708849,-0.09353769,0.07760857
-0.17464112,0.19236815,-0.96565779,-0.20148705,-0.96695827,-0.15618789,-0.96379637,0.16729071,0.20763038,0.29714593,-0.04735577,0.12181078
-0.17941224,0.19208696,-0.96483871,-0.20322803,-0.96683401,-0.15469384,-0.96255364,0.1683283,0.21249941,0.31675741,-0.00352895,0.12715456
-0.18530106,0.18909955,-0.96431569,-0.20559843,-0.96705243,-0.15012881,-0.96093323,0.17044277,0.21807455,0.33353537,0.04174411,0.10772047
-0.18868055,0.18489802,-0.96447519,-0.20589493,-0.96773528,-0.14524372,-0.96021193,0.17117589,0.22066237,0.33965829,0.10677624,0.05544511
-0.19533529,0.17740704,-0.96455736,-0.2045874,-0.96923678,-0.13683613,-0.95916013,0.17060736,0.22562135,0.19322762,0.14320028,0.10129187
-0.20161514,0.17630743,-0.96346605,-0.20527896,-0.9694255,-0.13444124,-0.9577117,0.17067393,0.23164325,-0.14994043,0.35794008,0.28292659
-0.2036686,0.17891865,-0.96255243,-0.20587855,-0.96900288,-0.13655536,-0.95714841,0.17035685,0.23419102,-0.20084456,0.576684,0.23501424
-0.20378819,0.18558066,-0.96126493,-0.20481213,-0.9682245,-0.14350409,-0.95735179,0.16763428,0.23532181,-0.21141906,0.5633117,0.08290648
-0.19847591,0.19217678,-0.96108038,-0.20044332,-0.96782174,-0.15213057,-0.95939037,0.16244789,0.23060976,-0.36203766,0.62041521,-0.02148867
-0.19145831,0.18310311,-0.96427006,-0.19017897,-0.97074618,-0.14657232,-0.9628995,0.15532139,0.22068001,-0.36821187,0.22432303,-0.09455587
-0.18558056,0.15674224,-0.97004732,-0.18534484,-0.97505926,-0.12209361,-0.96499079,0.15713506,0.21000334,-0.35523152,-0.21485448,-0.21177915
-0.18568569,0.1509104,-0.97095146,-0.18665237,-0.97556168,-0.11593136,-0.9647184,0.1597036,0.20931576,-0.26620078,-0.26551229,-0.22882567
-0.19330887,0.15182829,-0.9693191,-0.19027493,-0.97499863,-0.11477184,-0.96251068,0.16225071,0.21736533,-0.16021363,-0.24771452,-0.13526237
-0.19859519,0.15465527,-0.96780248,-0.19228279,-0.97442879,-0.11625731,-0.96103445,0.16300362,0.22325449,-0.10416988,-0.1719799,-0.05211758
-0.20660624,0.16353637,-0.96466044,-0.19503625,-0.9730297,-0.12318328,-0.95878817,0.16269332,0.23292949,0.00264575,0.01321054,0.1421382
-0.20968482,0.17086935,-0.96272313,-0.19576357,-0.97201215,-0.12987995,-0.95797118,0.16123227,0.2372663,0.02311913,0.03907382,0.23331062
-0.20916771,0.17305096,-0.9624459,-0.19585734,-0.97168762,-0.13214711,-0.95806505,0.16086118,0.23713911,0.0071341,-0.00875801,0.26034144
-0.20200301,0.17334401,-0.96392244,-0.1969437,-0.97129701,-0.13339797,-0.95937886,0.16289166,0.23034409,-0.05121274,-0.12220079,0.22771081
-0.18137121,0.1636214,-0.96970738,-0.2009135,-0.97142854,-0.12633354,-0.96267239,0.17191404,0.20906303,-0.063725,-0.38875508,0.05544405
-0.16915158,0.1552416,-0.97328705,-0.20392548,-0.97166051,-0.11954111,-0.96426243,0.17825747,0.19601573,-0.05838514,-0.46933204,-0.07986709
-0.16174453,0.14933265,-0.97546829,-0.20582864,-0.97184871,-0.11464964,-0.96512859,0.18223536,0.18792823,-0.01775689,-0.50582135,-0.18458931
-0.15937458,0.14766936,-0.97611131,-0.20606825,-0.97194519,-0.11339329,-0.96547159,0.18307355,0.18533355,-0.01630668,-0.49002749,-0.20765904
-0.15492936,0.14867157,-0.97667481,-0.20498877,-0.97193362,-0.1154326,-0.96642461,0.18232347,0.18105703,-0.01311772,-0.35068452,-0.18008462
-0.143361,0.16023464,-0.97661267,-0.20092102,-0.97096789,-0.12981446,-0.96906047,0.17761169,0.17139361,-0.02003194,-0.07456023,-0.1490878
-0.13336655,0.16875557,-0.97659343,-0.19717945,-0.9702145,-0.14072587,-0.97125354,0.17379603,0.16266947,0.01005286,0.07240081,-0.13945234
-0.12319123,0.17351429,-0.97709589,-0.19317314,-0.96995452,-0.14789104,-0.97340008,0.17052981,0.15300853,0.0371947,0.13621843,-0.12489554
-0.11015524,0.17536702,-0.97832111,-0.1873115,-0.97033639,-0.15284517,-0.9761046,0.16641409,0.13973593,0.07583597,0.12725353,-0.07787918
-0.10314618,0.17281712,-0.97953828,-0.18316722,-0.9712495,-0.15206709,-0.97765575,0.16373416,0.13183498,0.13742855,0.04151392,-0.06144062
-0.08799232,0.16545373,-0.98228432,-0.17332291,-0.97361028,-0.14846655,-0.98092639,0.15718846,0.11434708,0.12733136,-0.02050865,-0.10677963
-0.08799232,0.16545373,-0.98228432,-0.17332291,-0.97361028,-0.14846655,-0.98092639,0.15718846,0.11434708,0.12733136,-0.02050865,-0.10677963
-0.07154864,0.16209412,-0.98417794,-0.16139772,-0.97558491,-0.14894541,-0.98429238,0.14818723,0.09596346,0.05796619,0.07936096,-0.1845672
-0.06505987,0.16163577,-0.9847036,-0.15586762,-0.97632814,-0.14996271,-0.98563309,0.14372685,0.08871348,0.05145871,0.18243134,-0.26195413
-0.06253901,0.15841539,-0.98538989,-0.15357076,-0.97709166,-0.14733477,-0.98615653,0.1421129,0.08543452,0.10598592,0.21616149,-0.30781916
-0.06601721,0.145935,-0.98708893,-0.15479852,-0.97876798,-0.13435177,-0.9857378,0.14393037,0.0872062,0.20685723,0.11493933,-0.25332701
-0.07307178,0.12921504,-0.98892058,-0.15591013,-0.98086016,-0.11664158,-0.98506471,0.14565953,0.0918192,0.14345409,0.04344404,-0.15237977
-0.0753979,0.12786997,-0.9889208,-0.15766724,-0.98079671,-0.11479854,-0.98460963,0.14726485,0.094111,-0.2011001,0.48939657,0.04291712
-0.07882179,0.13543559,-0.98764587,-0.1721885,-0.97768726,-0.12032799,-0.98190544,0.16057679,0.10038347,-0.27829772,0.40658343,0.18120074
-0.07882179,0.13543559,-0.98764587,-0.1721885,-0.97768726,-0.12032799,-0.98190544,0.16057679,0.10038347,-0.27829772,0.40658343,0.18120074
-0.08240395,0.12995197,-0.98809015,-0.18904905,-0.97549866,-0.1125298,-0.97850402,0.1775246,0.10495217,-0.19627751,0.07009363,0.39013559
-0.08413332,0.11931855,-0.98928487,-0.19252799,-0.97604372,-0.10134806,-0.97767809,0.18193828,0.10509007,-0.09083904,-0.2034322,0.45578575
-0.0849158,0.11285832,-0.98997573,-0.18811932,-0.9775112,-0.09530128,-0.97846823,0.17814099,0.10423733,-0.03860248,-0.22554624,0.336564
-0.08448612,0.11128381,-0.99019078,-0.18388176,-0.97841709,-0.09427124,-0.97931066,0.17411342,0.10312596,-0.01966093,-0.22091675,0.23420146
-0.07964474,0.11102626,-0.99062094,-0.17500056,-0.97990087,-0.09575494,-0.98134167,0.16573285,0.09747365,-0.03968398,-0.13711351,0.03188836
-0.07229952,0.11591409,-0.99062447,-0.17031111,-0.98007114,-0.10224929,-0.98273447,0.16132177,0.0906,-0.16656046,0.04843414,-0.20108007
-0.07263081,0.12346623,-0.98968727,-0.17165567,-0.97904803,-0.10954155,-0.98247602,0.16192933,0.09230269,-0.35569692,0.04832697,-0.26041722
-0.0854921,0.12629466,-0.98830193,-0.17148329,-0.97899621,-0.11027149,-0.98147059,0.16004993,0.10535392,-0.26383102,-0.10788018,-0.13762331
-0.09390565,0.12759928,-0.9873703,-0.17022342,-0.97920668,-0.11035487,-0.98092083,0.15771061,0.11367347,-0.18192719,-0.16953492,-0.04087112
-0.1121089,0.12830191,-0.98537815,-0.16560276,-0.98017433,-0.1087833,-0.97979957,0.15098577,0.13113353,-0.0399677,-0.25667369,0.14247075
-0.12731631,0.12609911,-0.9838138,-0.15996867,-0.98151087,-0.10510224,-0.97887722,0.14399815,0.14513423,0.07999325,-0.35982358,0.24612114
-0.13236313,0.12476414,-0.98331773,-0.15720619,-0.98213215,-0.10345238,-0.97865523,0.14089035,0.14961193,0.12055337,-0.39829057,0.24842429
-0.13767744,0.12468352,-0.98259802,-0.15359423,-0.98273225,-0.10317958,-0.97849562,0.13671589,0.1544508,0.15991703,-0.38863647,0.22486866
-0.14020814,0.12834825,-0.98176785,-0.15382987,-0.98234576,-0.10645506,-0.97809905,0.13609936,0.15747696,0.14035961,-0.32556415,0.14867559
-0.14197525,0.13144957,-0.98110347,-0.15518951,-0.9818428,-0.10909119,-0.97762939,0.13676872,0.15979699,0.11034289,-0.28139174,0.10474227
-0.14774586,0.14144871,-0.97885825,-0.15926162,-0.98020655,-0.11760509,-0.97611831,0.13851888,0.16734876,0.05060154,-0.17749596,0.03529408
-0.15592257,0.1558827,-0.97539145,-0.16395248,-0.97785559,-0.13006765,-0.97406749,0.13963737,0.17802737,0.01277904,-0.03219676,-0.01699094
-0.16036984,0.16334591,-0.97344725,-0.16598224,-0.97663086,-0.13653551,-0.9730012,0.13967878,0.18373472,0.01929388,0.02036464,-0.03481959
-0.16902498,0.17602544,-0.96976572,-0.16917704,-0.97450129,-0.14739836,-0.97098385,0.13914809,0.19449458,0.07854562,0.06246948,-0.05118983
-0.17715457,0.18457396,-0.96672049,-0.17175429,-0.97298161,-0.15429487,-0.96908024,0.13870435,0.20406971,0.11820651,0.04686821,-0.04504951
-0.18105268,0.18813374,-0.96531115,-0.17282672,-0.97234451,-0.15708932,-0.96816881,0.13839012,0.20856013,0.13996781,0.04199696,-0.04014344
-0.18848432,0.19435148,-0.96265318,-0.17538834,-0.97112565,-0.16172154,-0.96628804,0.13835617,0.21712896,0.17475292,0.0526942,-0.0278784
-0.19779728,0.19898865,-0.95983317,-0.1797443,-0.96993908,-0.16404302,-0.96362243,0.14007728,0.22761842,0.18716614,0.08544779,0.00522801
-0.20336962,0.20064125,-0.95832342,-0.18299159,-0.96932024,-0.16411025,-0.96184966,0.14199009,0.23384605,0.18436031,0.09152031,0.01157582
-0.22568197,0.20435612,-0.95252615,-0.2008069,-0.9665127,-0.15977965,-0.95328069,0.15521444,0.25916077,0.19577862,0.04747474,0.01799175
-0.23050691,0.20464152,-0.9513087,-0.20511044,-0.9658885,-0.15807857,-0.9512077,0.15868514,0.26461826,0.20150736,0.03586543,0.00991835
-0.24228682,0.20434596,-0.94844072,-0.21327643,-0.96487334,-0.15340326,-0.94647252,0.16511246,0.2773583,0.24284708,-0.00450313,-0.06607949
-0.24228682,0.20434596,-0.94844072,-0.21327643,-0.96487334,-0.15340326,-0.94647252,0.16511246,0.2773583,0.24284708,-0.00450313,-0.06607949
-0.24993892,0.20016492,-0.94734601,-0.2122554,-0.96592774,-0.14809157,-0.94471059,0.16406546,0.28390911,0.14095761,-0.03339279,-0.08745182
-0.24993892,0.20016492,-0.94734601,-0.2122554,-0.96592774,-0.14809157,-0.94471059,0.16406546,0.28390911,0.14095761,-0.03339279,-0.08745182
-0.24993892,0.20016492,-0.94734601,-0.2122554,-0.96592774,-0.14809157,-0.94471059,0.16406546,0.28390911,0.14095761,-0.03339279,-0.08745182
-0.24993892,0.20016492,-0.94734601,-0.2122554,-0.96592774,-0.14809157,-0.94471059,0.16406546,0.28390911,0.14095761,-0.03339279,-0.08745182
-0.24993892,0.20016492,-0.94734601,-0.2122554,-0.96592774,-0.14809157,-0.94471059,0.16406546,0.28390911,0.14095761,-0.03339279,-0.08745182
-0.27965398,0.22582195,-0.93316554,-0.21688348,-0.96168043,-0.1677261,-0.9352834,0.15548291,0.31791499,-0.40060085,-0.03481334,-0.04683889
-0.27682575,0.22236232,-0.93483809,-0.21012497,-0.96332062,-0.16691469,-0.93766452,0.15022654,0.31339607,-0.38272026,-0.14690381,-0.14332892
-0.27655256,0.22502325,-0.93428217,-0.21611104,-0.96185977,-0.16769532,-0.93638381,0.15553212,0.31463485,-0.29070979,-0.09275961,-0.14718527
-0.28419594,0.22843601,-0.93115496,-0.23041413,-0.95901101,-0.16494558,-0.93066744,0.1676744,0.32518202,-0.06473902,0.09984779,0.12339675
-0.29136236,0.23092347,-0.92832235,-0.23246521,-0.95842887,-0.16545127,-0.92793748,0.16759638,0.3329317,0.00632068,0.06602573,0.32196882
-0.29136236,0.23092347,-0.92832235,-0.23246521,-0.95842887,-0.16545127,-0.92793748,0.16759638,0.3329317,0.00632068,0.06602573,0.32196882
-0.26146667,0.22558021,-0.93848225,-0.22020939,-0.96060512,-0.16954619,-0.93975698,0.16233193,0.30084092,-0.21057414,-0.29140037,0.12692562
-0.24765728,0.22089248,-0.94333046,-0.22020231,-0.96101382,-0.16722243,-0.94349181,0.1663097,0.28664313,-0.25880674,-0.4171887,-0.02041778
-0.24765728,0.22089248,-0.94333046,-0.22020231,-0.96101382,-0.16722243,-0.94349181,0.1663097,0.28664313,-0.25880674,-0.4171887,-0.02041778
-0.24765728,0.22089248,-0.94333046,-0.22020231,-0.96101382,-0.16722243,-0.94349181,0.1663097,0.28664313,-0.25880674,-0.4171887,-0.02041778
-0.23239272,0.22411412,-0.9464494,-0.22768924,-0.95858691,-0.17108103,-0.94559569,0.17573836,0.27379701,-0.17112878,-0.17413092,-0.21194105
-0.2241113,0.22951677,-0.94715145,-0.22887022,-0.95708711,-0.17777002,-0.94730788,0.17693449,0.26702391,-0.07485382,0.04046202,-0.06069382
-0.21659981,0.23247795,-0.94817641,-0.22739374,-0.95653335,-0.1825815,-0.94940855,0.17606226,0.260049,-0.02758627,0.10924435,0.05209845
-0.20360598,0.23124461,-0.95135196,-0.22207645,-0.95728692,-0.18515897,-0.95353379,0.1735734,0.2462633,-0.02461446,0.08022749,0.12974033
-0.19346045,0.22635328,-0.95463982,-0.21731876,-0.95873831,-0.1832848,-0.95673693,0.17200278,0.23466882,-0.03794801,-0.04139805,0.04602849
-0.18225283,0.22169344,-0.95793318,-0.2132547,-0.95997228,-0.1815923,-0.95984707,0.17118805,0.22223477,-0.04123598,-0.12555486,-0.05941459
-0.17612798,0.22004382,-0.95945795,-0.21159184,-0.96037412,-0.18141196,-0.96135724,0.17106175,0.21570832,-0.02589077,-0.14086902,-0.10317957
-0.15101598,0.21256604,-0.96540663,-0.2048152,-0.96214329,-0.17980882,-0.96708067,0.17057595,0.18883566,0.04753579,-0.03371489,-0.08751482
-0.14454014,0.20963788,-0.96703678,-0.20234942,-0.96290865,-0.1784984,-0.96858809,0.16987914,0.18159904,0.05023255,0.01266086,-0.07106731
-0.14454014,0.20963788,-0.96703678,-0.20234942,-0.96290865,-0.1784984,-0.96858809,0.16987914,0.18159904,0.05023255,0.01266086,-0.07106731
-0.11000459,0.19290526,-0.9750314,-0.18470816,-0.96786441,-0.17064824,-0.97661741,0.16132417,0.14210102,-0.03995095,0.02012622,-0.08703418
-0.09635205,0.18645567,-0.97772715,-0.17778553,-0.96972474,-0.16740936,-0.9793408,0.15769551,0.12658427,-0.06457478,-0.02050108,-0.14812112
-0.0835388957,0.180032789,-0.980106829,-0.172499147,-0.971309273,-0.163713919,-0.981460771,0.155391112,0.112197658,-0.0441044867,-9.27448273e-05,-0.189503595
-0.07775911,0.17670834,-0.98118683,-0.17070572,-0.97199248,-0.16152403,-0.98224894,0.15493423,0.10574649,-0.00500675,0.04731655,-0.18333781
-0.06668903,0.16876088,-0.98339822,-0.16812157,-0.97340101,-0.15564412,-0.98350771,0.15495069,0.0932878,0.04354538,0.14432001,-0.1673823
-0.05570224,0.15818718,-0.98583678,-0.16591239,-0.9751089,-0.14709132,-0.98456611,0.15536922,0.08056088,-0.01416795,0.16276276,-0.10109906
-0.04952355,0.1530763,-0.98697258,-0.1647669,-0.97589777,-0.14309108,-0.98508837,0.15553404,0.07355201,-0.08088371,0.19592214,-0.05856485
-0.04952355,0.1530763,-0.98697258,-0.1647669,-0.97589777,-0.14309108,-0.98508837,0.15553404,0.07355201,-0.08088371,0.19592214,-0.05856485
-0.01581612,0.14059065,-0.98994136,-0.16297409,-0.9771874,-0.13617554,-0.98650345,0.15918103,0.03836818,-0.07786137,0.231879,0.09388877
-0.00676688,0.13860403,-0.99032476,-0.16385797,-0.97711491,-0.13563556,-0.98646073,0.16135478,0.02932341,-0.06398714,0.19603133,0.08664156
0.01895769,0.12015119,-0.99257456,-0.16904339,-0.97807549,-0.12162472,-0.98542625,0.1700939,0.00176876,-0.05528054,-0.00484335,0.05841989
0.02316912,0.1113261,-0.99351375,-0.16988287,-0.97888889,-0.11364908,-0.9851918,0.17141412,-0.00376748,-0.07771116,-0.11534375,0.03688454
0.02853338,0.09470209,-0.99509671,-0.16967831,-0.98059609,-0.09818744,-0.9850864,0.17164794,-0.01191093,-0.14819537,-0.31057507,0.02428542
0.03189125,0.08638595,-0.9957512,-0.16640036,-0.98189528,-0.09051325,-0.98554244,0.16857993,-0.01693924,-0.13486695,-0.3439495,0.04825942
0.03429486,0.08544125,-0.9957528,-0.16390342,-0.98236796,-0.08993777,-0.98588007,0.16629169,-0.01968604,-0.10838681,-0.31364644,0.06793415
0.04216031,0.08723614,-0.99529513,-0.15865476,-0.98295621,-0.0928752,-0.98643358,0.16182396,-0.02760134,-0.05658421,-0.17219418,0.09926153
0.05246522,0.09074942,-0.99449082,-0.15512542,-0.98303317,-0.09788766,-0.98650066,0.1594065,-0.03749756,-0.06627095,0.03569603,0.1049723
0.05246522,0.09074942,-0.99449082,-0.15512542,-0.98303317,-0.09788766,-0.98650066,0.1594065,-0.03749756,-0.06627095,0.03569603,0.1049723
0.05379039,0.09146679,-0.99435422,-0.15525803,-0.9829194,-0.09881375,-0.98640835,0.15969671,-0.03867055,-0.12620103,0.243716,0.11202089
0.04991985,0.0907119,-0.9946252,-0.1547017,-0.98314534,-0.09742933,-0.98669921,0.15873386,-0.03504511,-0.10160784,0.20270133,0.10936294
0.04255125,0.08817058,-0.99519609,-0.15134028,-0.98403514,-0.09365256,-0.98756541,0.15459829,-0.02852809,-0.04221211,0.03075576,0.14689364
0.03872177,0.08491526,-0.99563543,-0.14620881,-0.98517762,-0.08970962,-0.98849557,0.14904439,-0.02573235,-0.00754026,-0.11754984,0.17536142
0.03858074,0.08357817,-0.99575406,-0.14358393,-0.98569124,-0.08829675,-0.9888858,0.14638084,-0.02602815,0.00333602,-0.16636306,0.16623801
0.0411624,0.08198385,-0.99578319,-0.13960739,-0.98637917,-0.08698051,-0.98935094,0.14259902,-0.02915604,0.0277162,-0.2125746,0.13814369
0.04902864,0.0818246,-0.99544,-0.13762172,-0.98657895,-0.08787454,-0.9892706,0.14130254,-0.03710964,0.03363464,-0.15551054,0.08489167
0.04902864,0.0818246,-0.99544,-0.13762172,-0.98657895,-0.08787454,-0.9892706,0.14130254,-0.03710964,0.03363464,-0.15551054,0.08489167
0.0571875558,0.0809129478,-0.995079191,-0.138174931,-0.986476718,-0.0881544143,-0.988755374,0.142536336,-0.0452339696,0.0125999078,0.000709295273,0.038931638
0.05599866,0.080823,-0.99515411,-0.13600252,-0.98681031,-0.08779839,-0.98912455,0.14026007,-0.04426784,-0.00700202,0.04135346,0.01447345
0.05106703,0.07954038,-0.99552277,-0.13478523,-0.98715448,-0.08578581,-0.98955809,0.13856259,-0.03969029,-0.02325766,0.03481293,0.01967091
0.04752213,0.0781892,-0.99580522,-0.13464966,-0.98733065,-0.08394958,-0.98975303,0.1380743,-0.03639184,-0.02523537,0.02903271,-0.00304086
0.03163926,0.07084248,-0.99698563,-0.13988746,-0.98735345,-0.07459737,-0.98966181,0.14182599,-0.0213292,-0.03087483,-0.02776366,0.00796636
0.02592713,0.06869126,-0.99730096,-0.1427063,-0.98716431,-0.07170305,-0.98942539,0.14418019,-0.01579157,-0.06037766,-0.02372128,0.04522322
-0.00165434,0.06205258,-0.99807153,-0.15269646,-0.98638429,-0.06107286,-0.98827177,0.15230095,0.01110699,-0.09887454,0.10599041,0.01625254
-0.00754127,0.06186588,-0.99805591,-0.15398958,-0.98625071,-0.05997058,-0.98804362,0.15323796,0.01696442,-0.10148877,0.11853325,0.00645822
-0.01709724,0.06155209,-0.9979574,-0.15551076,-0.98612067,-0.05815777,-0.9876862,0.15419878,0.026432,-0.08931427,0.08035934,-0.00480505
-0.02398381,0.06069892,-0.99786782,-0.15660408,-0.98606003,-0.05621667,-0.98737009,0.15492189,0.03315541,-0.09885287,0.06250513,0.03561546
-0.02751363,0.05989016,-0.9978257,-0.15705956,-0.98606455,-0.05485355,-0.98720578,0.15520885,0.03653658,-0.08704064,0.03937638,0.05473089
-0.03510537,0.05794461,-0.99770237,-0.15671289,-0.98628656,-0.05176747,-0.9870201,0.15453551,0.04370463,-0.05394311,-0.0439806,0.07934969
-0.04277755,0.05757481,-0.99742422,-0.15412432,-0.98676761,-0.05034958,-0.98712493,0.15157351,0.05108533,-0.02959004,-0.10292906,0.09215798
-0.05140578,0.06010686,-0.99686741,-0.14902074,-0.98747346,-0.05185585,-0.98749698,0.14588823,0.05971899,-0.00829648,-0.124201,0.10802869
-0.05499776,0.0620118,-0.99655893,-0.14811904,-0.98753344,-0.05327583,-0.98743907,0.14467931,0.06349733,-0.02206038,-0.06175107,0.12084907
-0.05618276,0.06258204,-0.99645725,-0.14879413,-0.98741321,-0.05362465,-0.98727092,0.14525421,0.06478737,-0.03424346,-0.01386392,0.10171816
-0.05853497,0.06277557,-0.99630953,-0.15120928,-0.98706306,-0.05330914,-0.98676704,0.1475308,0.06727017,-0.0366203,0.07559597,0.03024028
-0.05853497,0.06277557,-0.99630953,-0.15120928,-0.98706306,-0.05330914,-0.98676704,0.1475308,0.06727017,-0.0366203,0.07559597,0.03024028
-0.06251192,0.06293743,-0.99605782,-0.15282443,-0.98684382,-0.05276407,-0.9862743,0.14892358,0.07130783,-0.07806437,0.07569289,-0.07266335
-0.06251192,0.06293743,-0.99605782,-0.15282443,-0.98684382,-0.05276407,-0.9862743,0.14892358,0.07130783,-0.07806437,0.07569289,-0.07266335
-0.06860816,0.0656731,-0.99547981,-0.1490358,-0.98730876,-0.05486255,-0.98644885,0.14459811,0.077525,-0.07355078,-0.01612687,-0.02448059
-0.07027096,0.0658799,-0.99535007,-0.1481807,-0.98743553,-0.0548946,-0.98646054,0.14363417,0.07915024,-0.05865812,-0.03520012,0.00327348
-0.07676197,0.06748389,-0.99476307,-0.14773995,-0.98746287,-0.05558813,-0.98604287,0.14269919,0.08576963,-0.03511393,-0.02723169,0.03657477
-0.07826649,0.06857232,-0.9945713,-0.14807158,-0.98736569,-0.05642321,-0.98587476,0.1428517,0.08743138,-0.02847648,-0.01431084,0.03035968
-0.08265079,0.07200907,-0.99397359,-0.14946222,-0.98700102,-0.05907587,-0.98530698,0.14367883,0.09233909,-0.03751861,-0.01406759,-0.01786992
-0.08335973,0.07293072,-0.99384724,-0.14963197,-0.98692741,-0.05987243,-0.98522155,0.14372037,0.09318269,-0.0456492,-0.01390076,-0.02526434
-0.08450453,0.07483607,-0.99360871,-0.14969401,-0.98681179,-0.06159294,-0.98511441,0.1435324,0.09459285,-0.04430744,-0.00818968,-0.02537835
-0.08551778,0.07679846,-0.99337238,-0.14981428,-0.98668036,-0.06338383,-0.98500882,0.14340093,0.09588423,-0.03001755,-0.00975728,-0.02540625
-0.08639106,0.07985118,-0.99305599,-0.15067625,-0.98636366,-0.06620495,-0.98480104,0.14391044,0.09724485,-0.02704696,-0.00809443,-0.0018019
-0.0865657,0.08225772,-0.99284432,-0.15153739,-0.98607602,-0.06848447,-0.98465354,0.14452464,0.09782569,-0.03607141,-0.01253796,0.00760211
