0,1,2,3,4,5,6,7,8,9,10,11
-0.91065798,-0.10940207,0.39841351,0.18714543,-0.96893281,0.16169689,0.36834593,0.22181182,0.9028404,0.68971819,0.15606003,-0.12051849
-0.91868862,-0.08655715,0.38538159,0.16994059,-0.96738723,0.18783515,0.35655477,0.238054,0.90343732,0.44832113,0.13697474,-0.214523
-0.92753204,-0.06148063,0.36865151,0.14862638,-0.96570489,0.21289374,0.34291982,0.25225717,0.90486037,0.14447577,0.16296117,-0.05573488
-0.932222,-0.04894985,0.35856118,0.1366483,-0.9650726,0.22352223,0.33509618,0.2573691,0.90635076,0.10171533,0.17467766,0.02390325
-0.94124285,-0.0247663,0.33682106,0.11138914,-0.96426807,0.24037357,0.31883265,0.26376813,0.91036922,0.06708758,0.15198462,0.09793539
-0.94661043,-0.00143562,0.3223762,0.08791428,-0.96323779,0.25385787,0.31016053,0.26864601,0.91193737,0.10861114,-0.14575236,-0.06248116
-0.94821493,0.00803878,0.31752727,0.07841934,-0.96280817,0.25855478,0.30779636,0.27006582,0.91231894,0.09828229,-0.38059202,-0.2046417
-0.95286983,0.01463893,0.30302649,0.06770389,-0.96338442,0.25943575,0.29572882,0.26772453,0.91698858,0.14724541,-0.59827191,-0.1239305
-0.95935731,0.004048,0.28216473,0.06709818,-0.96794841,0.24201957,0.27410063,0.25111601,0.928337,0.28233728,-0.39829955,0.31919518
-0.96119388,-0.00539975,0.27582061,0.07097192,-0.97099639,0.22831739,0.26658798,0.23903281,0.93369918,0.24195458,-0.33724836,0.48373574
-0.95701332,-0.02990677,0.28849727,0.09171948,-0.97483167,0.20320021,0.27515927,0.22092618,0.93567034,0.04730594,-0.27470544,0.40220761
-0.94472164,-0.06215458,0.32192822,0.12402076,-0.976657,0.17538502,0.30351247,0.20561581,0.93037751,0.17335199,-0.14824109,0.17634866
-0.93655554,-0.08138093,0.34094112,0.14290172,-0.97681905,0.15938516,0.32006687,0.19799413,0.92647478,0.22372356,-0.12093263,-0.01639429
-0.93655554,-0.08138093,0.34094112,0.14290172,-0.97681905,0.15938516,0.32006687,0.19799413,0.92647478,0.22372356,-0.12093263,-0.01639429
-0.89942471,-0.16599238,0.4043286,0.21678485,-0.97269238,0.08290813,0.37952526,0.16222194,0.9108483,0.33261579,-0.05897432,-0.42257828
-0.89121146,-0.18773774,0.41291239,0.23238539,-0.9707591,0.06019777,0.38953708,0.14960375,0.90877917,0.30783296,-0.03205794,-0.35473597
-0.87672204,-0.23253504,0.42105309,0.26189681,-0.96501643,0.01237509,0.40344555,0.12112199,0.90695156,0.18690409,0.03540295,-0.12076419
-0.86319335,-0.27892522,0.42083026,0.29153194,-0.95589898,-0.03558655,0.41219717,0.09196739,0.90644112,0.14224261,0.06792407,0.05067651
-0.85638332,-0.30224873,0.41863253,0.30672238,-0.95000311,-0.058441,0.41536595,0.07835607,0.90627338,0.13105726,0.1120184,0.06931403
-0.84064902,-0.34590588,0.41672331,0.3359598,-0.93658503,-0.09969684,0.42478255,0.05619223,0.90354979,0.04493301,0.06782811,-0.00692671
-0.82136472,-0.38451313,0.42131895,0.36092026,-0.92231159,-0.13812278,0.44169737,0.03861336,0.89633277,0.03820857,-0.042916,-0.04960471
-0.81157379,-0.40289634,0.42310993,0.37220432,-0.91475461,-0.15712233,0.45034589,0.02996696,0.89235113,-0.02007216,-0.00602251,-0.04590038
-0.79296969,-0.43549201,0.42608218,0.39156757,-0.90006407,-0.19120607,0.46676991,0.01521936,0.88424784,-0.11852589,0.02488082,-0.0283859
-0.77469572,-0.46196621,0.43177944,0.40576744,-0.8868879,-0.22086726,0.48497324,0.00409711,0.87451938,-0.13927975,-0.05344671,0.02605597
-0.76605685,-0.47407889,0.4340575,0.41159917,-0.88048089,-0.23524313,0.49370319,-0.00155192,0.86962908,-0.14750876,-0.06629967,0.07720713
-0.74987755,-0.49472412,0.43923949,0.42022973,-0.86897538,-0.26132042,0.51096992,-0.01137685,0.85952328,-0.19051217,0.01932782,0.08531125
-0.73496549,-0.50715497,0.45013294,0.42157222,-0.8616699,-0.28249241,0.53113341,-0.01785862,0.84709998,-0.18588808,-0.01565331,-0.12749514
-0.72924424,-0.51085279,0.45522775,0.42052639,-0.85942103,-0.29078014,0.53977814,-0.02061446,0.84155488,-0.16133255,0.04590648,-0.21213347
-0.725243,-0.51277593,0.4594382,0.41786421,-0.85817913,-0.29819138,0.54718564,-0.02427843,0.83665909,-0.18498886,0.25935295,-0.27789065
-0.73145876,-0.50238949,0.46105605,0.4101533,-0.8643131,-0.29109605,0.54474044,-0.02382111,0.8382663,-0.21971136,0.09071725,-0.25472003
-0.73796573,-0.49388662,0.45987207,0.40479331,-0.86921196,-0.28392368,0.53995249,-0.02337283,0.8413709,-0.21984482,-0.00344509,-0.22589163
-0.75641411,-0.47220093,0.45261906,0.39271928,-0.88123544,-0.26305078,0.52307676,-0.02122309,0.85202129,-0.45425493,-0.02962166,-0.09078136
-0.78008037,-0.44076908,0.44406921,0.37397299,-0.89747162,-0.23385711,0.50161643,-0.01635743,0.86493549,-0.49635604,-0.13619308,0.08320633
-0.79494635,-0.42383071,0.43408253,0.3625493,-0.90556837,-0.22023563,0.48643408,-0.01769921,0.87353798,-0.14432131,-0.17595582,0.26953936
-0.82354715,-0.40406111,0.39812663,0.34759732,-0.91411832,-0.20871971,0.44827034,-0.03350277,0.89326999,0.72903967,0.31176487,0.39110732
-0.83187387,-0.40056146,0.38410463,0.34264122,-0.91516436,-0.2122997,0.43655795,-0.0449965,0.89855021,0.10527712,1.04761517,-0.46538109
-0.85271084,-0.31301459,0.41821767,0.27048228,-0.9494797,-0.15914637,0.44690434,-0.02258537,0.8942966,-0.48394114,-0.35088643,-0.45517731
-0.86573264,-0.30135937,0.39961162,0.26448426,-0.95328733,-0.14591521,0.42491763,-0.02063258,0.90499685,-0.60650456,-0.21773641,-0.17119542
-0.88146822,-0.27489742,0.38398549,0.24753296,-0.96141305,-0.12005017,0.40217021,-0.01077136,0.91550155,-0.52210605,-0.04465228,0.40779579
-0.89808654,-0.24364346,0.36616685,0.22124218,-0.96980021,-0.10266046,0.38012129,-0.01118643,0.92486899,-0.08466935,-0.07073372,1.35905623
-0.90359135,-0.23174244,0.36030254,0.21119997,-0.97271899,-0.09597993,0.37271578,-0.01063075,0.92788465,-0.3536557,-0.12361484,1.02966785
-0.90098375,-0.21194226,0.37856158,0.19662253,-0.97727734,-0.07917514,0.38674019,0.00309822,0.92218351,-0.58575428,0.06323784,0.63525891
-0.89107696,-0.18954925,0.41237429,0.17745238,-0.98178848,-0.06783532,0.41772254,0.01273031,0.90848544,-0.24918261,-0.0121038,-0.34013423
-0.88595692,-0.1800521,0.42738945,0.17029152,-0.98348404,-0.06131975,0.43137142,0.01845415,0.90198567,0.15451282,-0.01870817,-0.65053296
-0.88180331,-0.16479819,0.44188722,0.16081401,-0.98587618,-0.04676372,0.4433527,0.02982526,0.8958509,0.14099103,0.08245199,-0.69148016
-0.88992584,-0.14984339,0.4307883,0.14987532,-0.98811687,-0.03408834,0.43077719,0.03422844,0.90180896,0.02006643,-0.04874718,0.01733484
-0.8955624,-0.1435402,0.42114615,0.14486017,-0.98902558,-0.02904836,0.42069395,0.03499269,0.9065275,-0.05762099,-0.08565497,0.38328999
-0.90153057,-0.13317311,0.411713,0.13716181,-0.99034686,-0.01999452,0.4104014,0.03844563,0.91109419,-0.26987529,-0.03613537,0.57177085
-0.89783841,-0.12206011,0.42306927,0.13009424,-0.99145167,-0.00995842,0.42066824,0.04609782,0.90604262,-0.04458837,-0.07748067,0.13291553
-0.89492755,-0.11660974,0.4307048,0.12677559,-0.99191801,-0.00513655,0.42782287,0.05000601,0.90247824,0.11271204,-0.06740474,-0.12174487
-0.89228513,-0.09494271,0.44137615,0.11273221,-0.99352401,0.01418611,0.43717099,0.06241537,0.89721003,0.12483893,-0.05777186,-0.00372354
-0.89341881,-0.08979927,0.44015791,0.10877942,-0.99390251,0.01802504,0.4358554,0.06398403,0.89773945,0.10615496,-0.07723504,0.12469466
-0.8945069,-0.07926218,0.43997183,0.10029824,-0.99465026,0.02472732,0.43565809,0.06624715,0.89767108,0.15686364,-0.0142265,0.17793885
-0.8945069,-0.07926218,0.43997183,0.10029824,-0.99465026,0.02472732,0.43565809,0.06624715,0.89767108,0.15686364,-0.0142265,0.17793885
-0.89289196,-0.06202503,0.44597861,0.0880553,-0.99539591,0.03785924,0.44157704,0.07307499,0.89424256,-0.04163583,0.14971595,0.02358867
-0.89013642,-0.0490103,0.4530504,0.08038836,-0.99549579,0.05025283,0.44854697,0.08115187,0.89006739,0.02856408,0.08434241,-0.14982258
-0.8877186,-0.03637412,0.45894688,0.07380772,-0.99522392,0.06388559,0.45443122,0.09058626,0.88616385,0.11618528,0.0610649,-0.18760127
-0.88769666,-0.02981194,0.4594624,0.07021727,-0.99499435,0.07110251,0.45504283,0.09537966,0.88534667,0.16331565,0.09636932,-0.06796467
-0.88777458,-0.01549646,0.46001737,0.06222465,-0.99429871,0.08659098,0.45605287,0.1054977,0.88367755,0.07505611,0.02334601,0.15862635
-0.886407204,-0.000293978148,0.462906058,0.0538526984,-0.993275106,0.102490387,0.459762974,0.115776967,0.880462203,0.187293679,0.019802032,0.113072693
-0.88506744,0.00809727,0.46539192,0.04924837,-0.99260711,0.11092918,0.46284966,0.12109962,0.87812587,0.20855957,0.05049663,0.07532236
-0.88506744,0.00809727,0.46539192,0.04924837,-0.99260711,0.11092918,0.46284966,0.12109962,0.87812587,0.20855957,0.05049663,0.07532236
-0.88506744,0.00809727,0.46539192,0.04924837,-0.99260711,0.11092918,0.46284966,0.12109962,0.87812587,0.20855957,0.05049663,0.07532236
-0.87677952,0.05747293,0.47744633,0.02289403,-0.98671854,0.16081936,0.48034779,0.15193375,0.86381837,0.32396019,0.09017604,-0.04992119
-0.87677952,0.05747293,0.47744633,0.02289403,-0.98671854,0.16081936,0.48034779,0.15193375,0.86381837,0.32396019,0.09017604,-0.04992119
-0.86871884,0.11330538,0.48217135,-0.00755515,-0.97640105,0.2158324,0.49524766,0.18385482,0.84907428,0.48329264,0.13658123,-0.08774261
-0.86715972,0.12933553,0.48094314,-0.01741091,-0.97297335,0.23026003,0.49772567,0.19129857,0.84597518,0.56995851,0.20593731,-0.15953675
-0.86552745,0.16396627,0.47326203,-0.04012915,-0.96456066,0.26079115,0.49925098,0.20673034,0.84143389,0.58922052,0.06669848,-0.1393341
-0.8645603,0.20205754,0.46011723,-0.06646506,-0.95353713,0.29385192,0.49811396,0.22347104,0.83782048,0.69145918,0.00761038,-0.17239083
-0.86377594,0.22209738,0.45228735,-0.08087454,-0.94708822,0.31061742,0.49734335,0.23172533,0.83603407,0.72778535,0.0116058,-0.07895142
-0.86055527,0.26486436,0.43507599,-0.11241965,-0.9318678,0.34494034,0.4967958,0.2479292,0.83170007,0.82939619,0.13455264,-0.20757644
-0.85567293,0.31037658,0.41411359,-0.14798916,-0.91352837,0.37889967,0.49590614,0.2629299,0.82761401,0.90111613,0.1122865,-0.35872
-0.85308618,0.33353652,0.40124484,-0.16757777,-0.9034094,0.3946761,0.49412724,0.269453,0.82657931,0.95054716,0.113406,-0.37044126
-0.84582343,0.38051382,0.37388776,-0.20940014,-0.8814369,0.42334463,0.49064693,0.27978264,0.82521954,0.92732835,0.055036,-0.14713079
-0.8327161,0.42795681,0.35133634,-0.25087524,-0.85726822,0.44961449,0.49360498,0.28625956,0.82122447,0.93681091,0.1415848,0.01152545
-0.82326057,0.45124034,0.34441871,-0.26838077,-0.84403417,0.46430394,0.50021381,0.28980775,0.81596422,1.04013705,0.17350046,0.11050174
-0.8052515,0.49325613,0.32904107,-0.30024414,-0.81774048,0.49107389,0.5112955,0.29664542,0.80658438,1.19307947,-0.01627761,0.12572479
-0.78414617,0.53235705,0.31892093,-0.32079814,-0.78765002,0.52601883,0.53122795,0.31016645,0.78841208,0.57482076,0.39144424,0.23184703
-0.77328999,0.55148897,0.31286139,-0.33029571,-0.77156741,0.54368026,0.54122738,0.31708579,0.77880003,0.62838489,0.22566943,0.19424915
-0.75059013,0.58727193,0.30286362,-0.34710306,-0.74044864,0.575548,0.56225808,0.3268757,0.75961711,0.27489191,-0.01810068,0.18112385
-0.72604002,0.61595865,0.30571361,-0.353962,-0.71591335,0.60181306,0.58955642,0.32872937,0.73780772,-0.06518932,-0.22394787,0.17329071
-0.71688804,0.62532442,0.30828682,-0.35142384,-0.706009,0.61485968,0.60214008,0.33244625,0.72588345,-0.20278898,-0.27300575,0.16896369
-0.71284844,0.63232532,0.30333456,-0.34283405,-0.69150835,0.63583102,0.61181042,0.34925772,0.70972324,-0.40894103,-0.48923972,0.30793235
-0.72379572,0.61957306,0.30372473,-0.32150559,-0.69228854,0.64604216,0.61053554,0.36995343,0.70027193,-0.45405188,-0.85580868,0.00760575
-0.72379572,0.61957306,0.30372473,-0.32150559,-0.69228854,0.64604216,0.61053554,0.36995343,0.70027193,-0.45405188,-0.85580868,0.00760575
-0.7626575,0.56543066,0.31407277,-0.28296699,-0.72831992,0.62408315,0.5816212,0.38708947,0.71545686,-0.42135364,-0.70164388,-0.40162933
-0.78418673,0.52106606,0.33695892,-0.25852238,-0.76799328,0.58596286,0.56410755,0.37239288,0.7369574,-0.06570333,-0.6841951,-0.36560515
-0.78418673,0.52106606,0.33695892,-0.25852238,-0.76799328,0.58596286,0.56410755,0.37239288,0.7369574,-0.06570333,-0.6841951,-0.36560515
-0.81469788,0.45224365,0.36296418,-0.24123549,-0.8335087,0.49705999,0.52732603,0.31739389,0.78815504,0.08468583,-0.57251602,-0.23442723
-0.84534641,0.3932505,0.36158476,-0.22661321,-0.87690157,0.42389873,0.48377263,0.27640138,0.83040131,-0.00737271,-0.496663,-0.04444003
-0.86327054,0.35712919,0.35668284,-0.21267655,-0.89823788,0.38462621,0.4577473,0.25617841,0.85137537,-0.03509188,-0.45226613,0.0981034
-0.89887933,0.2735659,0.3423117,-0.16924017,-0.93730495,0.30465856,0.40419471,0.21591844,0.88882273,0.03414574,-0.30033848,0.43947318
-0.89887933,0.2735659,0.3423117,-0.16924017,-0.93730495,0.30465856,0.40419471,0.21591844,0.88882273,0.03414574,-0.30033848,0.43947318
-0.89887933,0.2735659,0.3423117,-0.16924017,-0.93730495,0.30465856,0.40419471,0.21591844,0.88882273,0.03414574,-0.30033848,0.43947318
-0.89887933,0.2735659,0.3423117,-0.16924017,-0.93730495,0.30465856,0.40419471,0.21591844,0.88882273,0.03414574,-0.30033848,0.43947318
-0.92258132,-0.08114319,0.37717242,0.10763169,-0.9929499,0.04965333,0.37048437,0.08640496,0.92481106,-0.21142375,0.13359384,0.40676582
-0.92258132,-0.08114319,0.37717242,0.10763169,-0.9929499,0.04965333,0.37048437,0.08640496,0.92481106,-0.21142375,0.13359384,0.40676582
-0.87491342,-0.24275873,0.41904015,0.23501308,-0.96940207,-0.07091138,0.42343276,0.03643859,0.90519441,-0.43968278,0.39372984,0.01955983
-0.83115167,-0.34050233,0.43959632,0.30393942,-0.94022487,-0.15361595,0.46562602,0.00593249,0.8849617,-0.19765826,0.51033843,-0.23918727
-0.81454031,-0.38320271,0.43552253,0.33305801,-0.92361538,-0.18975537,0.47497005,-0.00950913,0.87995059,-0.14765476,0.37598076,-0.34270203
-0.78245509,-0.45419963,0.42598916,0.37742825,-0.8900325,-0.2557149,0.4952898,-0.03930508,0.86783819,-0.93014288,0.17444877,-0.44929278
-0.78245509,-0.45419963,0.42598916,0.37742825,-0.8900325,-0.2557149,0.4952898,-0.03930508,0.86783819,-0.93014288,0.17444877,-0.44929278
-0.7343551,-0.52287092,0.43281462,0.40800866,-0.84963147,-0.33414848,0.54244947,-0.06879154,0.83726715,-0.62308234,0.32180265,0.72425365
-0.7343551,-0.52287092,0.43281462,0.40800866,-0.84963147,-0.33414848,0.54244947,-0.06879154,0.83726715,-0.62308234,0.32180265,0.72425365
-0.72421917,-0.53489735,0.43519106,0.40094925,-0.84009967,-0.3653383,0.5610224,-0.0900955,0.82288313,-0.5470922,0.22582094,-0.45009759
-0.75583888,-0.48092202,0.4443217,0.35790052,-0.87171511,-0.33469413,0.54828367,-0.09395185,0.83099825,-0.41322386,0.54815924,-0.91362756
-0.81280523,-0.4314472,0.39140902,0.33400674,-0.89565463,-0.29367044,0.47727058,-0.10796362,0.872099,1.41318953,-0.37997821,-0.5487994
-0.8454041,-0.42684227,0.32108773,0.34366257,-0.89487481,-0.28477158,0.40888592,-0.13040126,0.9032208,1.03630984,1.09934819,0.22600105
-0.8454041,-0.42684227,0.32108773,0.34366257,-0.89487481,-0.28477158,0.40888592,-0.13040126,0.9032208,1.03630984,1.09934819,0.22600105
-0.87241674,-0.37012553,0.31921198,0.30632498,-0.92297393,-0.23298991,0.38085982,-0.10548168,0.91859644,-0.82709408,-0.22759925,-0.50012559
-0.87363352,-0.33775755,0.35026282,0.27864592,-0.93739418,-0.20892184,0.39889931,-0.08492184,0.913054,-0.67067271,-0.11408382,-0.66558594
-0.91672959,-0.24876524,0.31260597,0.22703895,-0.96824068,-0.10470464,0.32872473,-0.02501212,0.94409451,-0.62769777,-0.43672302,0.30044216
-0.92543401,-0.23323665,0.29861703,0.21500986,-0.9721742,-0.09299273,0.31199715,-0.02185304,0.94983168,-0.7584241,-0.43379959,0.41668534
-0.93587965,-0.20192328,0.28871456,0.19025256,-0.97936048,-0.06824102,0.2965351,-0.0089367,0.95498014,-0.57071596,-0.01405913,0.69696188
-0.93569177,-0.17586637,0.30586242,0.16998757,-0.98437309,-0.04597543,0.30916828,0.00897397,0.950965,-0.61956245,0.1058039,0.04424767
-0.93372841,-0.16362663,0.31839849,0.16110107,-0.98633676,-0.0344421,0.31968378,0.01913477,0.94733106,-0.22891557,0.01597041,-0.07972424
-0.932645,-0.14315852,0.33117842,0.1466878,-0.98907732,-0.01445506,0.32963039,0.03509839,0.94345742,0.1571198,-0.08468848,-0.58990777
-0.93929734,-0.12659701,0.31889384,0.13305457,-0.99110728,-0.00154728,0.31625396,0.04097693,0.94778917,-0.08435179,0.1109864,0.02587149
-0.94302549,-0.11918765,0.31064005,0.12667092,-0.99193693,0.00395079,0.30766445,0.04307476,0.95051941,-0.236321,0.13279574,0.23637535
-0.94713689,-0.10618045,0.30274983,0.11641744,-0.99307287,0.01591521,0.29896275,0.05031924,0.95293717,-0.23209167,-0.07569992,0.23384134
-0.94721925,-0.09377066,0.30656623,0.10735122,-0.9938352,0.02770222,0.30207864,0.05915033,0.95144613,-0.13564515,-0.03645134,0.10125067
-0.94702679,-0.08740068,0.30903264,0.10263114,-0.99416039,0.03334323,0.30431382,0.06329331,0.95046676,-0.10697231,-0.03988874,0.0839653
-0.94678531,-0.07477101,0.31306079,0.09317728,-0.99466673,0.0442299,0.30808401,0.07104637,0.94870262,-0.02691377,-0.04827171,-0.01637182
-0.94700719,-0.06325077,0.31492311,0.08442664,-0.9949628,0.05404643,0.30991833,0.07777026,0.94757713,-0.02613211,-0.04185295,-0.02318101
-0.94730127,-0.05802225,0.31504527,0.08054777,-0.99500618,0.0589455,0.31005187,0.08121535,0.94724437,-0.03558791,-0.05715996,0.00524804
-0.94761216,-0.04759323,0.31585796,0.07300599,-0.99493416,0.06911093,0.31096864,0.08854987,0.94628613,-0.00829873,-0.0089069,0.06146622
-0.94730963,-0.03651417,0.31823145,0.06524655,-0.99464927,0.0800986,0.31360393,0.09664168,0.94462318,-0.00692815,-0.00782794,0.14214514
-0.94660264,-0.03046607,0.32095985,0.06114168,-0.99442312,0.08593198,0.3165519,0.10096747,0.94318634,0.01153821,-0.01680219,0.14099637
-0.94364217,-0.01776284,0.33049014,0.05327035,-0.99369089,0.09869393,0.32665199,0.11073709,0.93863505,0.1165402,0.02427906,0.06188028
-0.94054279,-0.00529699,0.3396335,0.04621834,-0.9925748,0.11251149,0.33651573,0.12151919,0.93380418,0.1831222,0.05148011,-0.00219505
-0.939692341,0.00087126536,0.342020402,0.0426090211,-0.991908348,0.119593981,0.339357018,0.126954677,0.932051146,0.140784472,0.047479447,0.0245761536
-0.939692341,0.00087126536,0.342020402,0.0426090211,-0.991908348,0.119593981,0.339357018,0.126954677,0.932051146,0.140784472,0.047479447,0.0245761536
-0.93647301,0.02677615,0.34971554,0.02821559,-0.98809863,0.1512104,0.34960235,0.15147192,0.92457257,0.11779007,0.11840563,0.08126339
-0.93647301,0.02677615,0.34971554,0.02821559,-0.98809863,0.1512104,0.34960235,0.15147192,0.92457257,0.11779007,0.11840563,0.08126339
-0.93647301,0.02677615,0.34971554,0.02821559,-0.98809863,0.1512104,0.34960235,0.15147192,0.92457257,0.11779007,0.11840563,0.08126339
-0.93647301,0.02677615,0.34971554,0.02821559,-0.98809863,0.1512104,0.34960235,0.15147192,0.92457257,0.11779007,0.11840563,0.08126339
-0.93647301,0.02677615,0.34971554,0.02821559,-0.98809863,0.1512104,0.34960235,0.15147192,0.92457257,0.11779007,0.11840563,0.08126339
-0.93647301,0.02677615,0.34971554,0.02821559,-0.98809863,0.1512104,0.34960235,0.15147192,0.92457257,0.11779007,0.11840563,0.08126339
-0.9189744,0.11864678,0.37604371,-0.01697833,-0.96467971,0.26287766,0.39395135,0.23519327,0.8885305,0.60333496,0.01076966,-0.05350462
-0.9189744,0.11864678,0.37604371,-0.01697833,-0.96467971,0.26287766,0.39395135,0.23519327,0.8885305,0.60333496,0.01076966,-0.05350462
-0.91970304,0.16194801,0.35765761,-0.04840644,-0.95078633,0.30604244,0.38961896,0.26415526,0.8822806,0.6379298,0.03545183,0.02504185
-0.91908896,0.19543328,0.34217133,-0.07378285,-0.93833824,0.33775338,0.38708071,0.28517904,0.87683603,0.7374711,0.07255321,-0.00669247
-0.91541944,0.25312551,0.31294559,-0.12018535,-0.91393048,0.38766838,0.38413923,0.31726765,0.8670515,1.117944,0.13319127,-0.1335108
-0.91185627,0.29468421,0.28579589,-0.15769589,-0.89423326,0.4189019,0.37901198,0.3369095,0.86188277,1.12156224,0.06726878,-0.12049678
-0.90877708,0.3168492,0.27153367,-0.17836824,-0.88323964,0.43367297,0.37723829,0.34567913,0.85918403,1.05184579,0.02801651,-0.02437362
-0.89709711,0.36452476,0.24967692,-0.22028717,-0.85885891,0.46242299,0.38300187,0.35983769,0.85077989,0.84916997,0.04517716,0.09288171
-0.89709711,0.36452476,0.24967692,-0.22028717,-0.85885891,0.46242299,0.38300187,0.35983769,0.85077989,0.84916997,0.04517716,0.09288171
-0.84406959,0.47896488,0.24112062,-0.29175369,-0.78747128,0.54292611,0.4499181,0.38791959,0.80442034,0.6525836,0.23268239,0.08606625
-0.80978886,0.53171803,0.24802792,-0.30325735,-0.74120479,0.59887425,0.50227173,0.40974543,0.76146686,0.36281583,-0.12963538,-0.06885708
-0.79360688,0.55494408,0.24944891,-0.30218895,-0.71535455,0.63003913,0.52808099,0.42462281,0.73540865,0.01621292,-0.38127592,-0.21329983
-0.79118779,0.56473984,0.23471312,-0.30837157,-0.69981482,0.64433351,0.52813664,0.43741011,0.72783515,-0.26163977,-0.39628085,-0.26319149
-0.79446592,0.56427018,0.22454949,-0.31272764,-0.69706614,0.64521289,0.52060037,0.442377,0.7302587,-0.35206753,-0.52111328,-0.21545824
-0.79446592,0.56427018,0.22454949,-0.31272764,-0.69706614,0.64521289,0.52060037,0.442377,0.7302587,-0.35206753,-0.52111328,-0.21545824
-0.81990659,0.53746081,0.19720255,-0.33652138,-0.73112411,0.59347342,0.46314828,0.42022995,0.78032072,-0.39596599,-0.64695454,0.15878123
-0.82551995,0.52763047,0.2003063,-0.33751109,-0.74600255,0.57407856,0.45233041,0.40630778,0.79392138,-0.29557616,-0.69458395,0.2041803
-0.83653356,0.50162987,0.2204064,-0.32745864,-0.78023501,0.53292032,0.43929756,0.37363178,0.8169559,-0.12530591,-0.67665648,0.13685627
-0.86132166,0.43718912,0.25882464,-0.28955013,-0.84101221,0.45701064,0.41747485,0.31869055,0.85097065,-0.03166344,-0.45267013,-0.04253932
-0.88193977,0.37831379,0.28117798,-0.25008296,-0.88119088,0.40119981,0.39955087,0.28351622,0.87176698,0.02567229,-0.38865647,-0.16448133
-0.90384434,0.31073222,0.29412688,-0.20492883,-0.91785179,0.3399294,0.37559194,0.24696823,0.8932734,0.02431944,-0.34770867,-0.16338226
-0.9144224,0.27389773,0.29801232,-0.17965196,-0.93441535,0.30755935,0.36270716,0.22770071,0.90365695,-0.03232991,-0.34810439,-0.10004157
-0.93295401,0.19365577,0.30347024,-0.12245234,-0.96342931,0.23834706,0.33852942,0.18520621,0.92254891,-0.10002354,-0.35765925,0.04034222
-0.95082342,0.05555622,0.30471079,-0.02078968,-0.993011,0.11617777,0.30903551,0.10412969,0.94533278,-0.15614508,0.04516595,0.26427886
-0.95088466,-0.047022,0.30595315,0.05934863,-0.99775253,0.03110732,0.30380279,0.04773738,0.95153823,-0.23189639,0.39483896,0.37710232
-0.93752474,-0.14843385,0.31466581,0.14176616,-0.98891688,-0.04410856,0.31772556,0.00325609,0.94817712,-0.38566905,0.45060566,0.29324746
-0.89009934,-0.29255329,0.34947912,0.25281757,-0.95493898,-0.15548222,0.37921809,-0.05004016,0.92395326,-0.39535499,0.3822985,-0.23415019
-0.85595203,-0.37941577,0.35126832,0.31346567,-0.92106557,-0.23103487,0.4111995,-0.08764424,0.90732213,-0.47459823,0.47881165,-0.55414963
-0.81793394,-0.46198955,0.34285489,0.36388294,-0.87703484,-0.31368588,0.44561534,-0.13181532,0.88546693,-0.80251312,-0.00253123,-0.22450334
-0.79931525,-0.49691978,0.3378843,0.3819012,-0.85420652,-0.35282095,0.4639467,-0.15297675,0.87255462,-0.41056842,0.4736965,0.63867021
-0.79342099,-0.50897359,0.33380991,0.38811947,-0.84551882,-0.36668956,0.46887786,-0.16138106,0.86839491,-0.27937004,0.69367123,0.60118455
-0.78881508,-0.51270746,0.33897178,0.38404262,-0.84173708,-0.37946011,0.47987714,-0.16914424,0.86087639,-0.37853444,0.32074729,-0.26535866
-0.79805399,-0.49146808,0.34866694,0.36480344,-0.85458357,-0.3696012,0.47961231,-0.16776687,0.86129338,-0.57359338,0.06202942,-0.68802243
-0.83909485,-0.42853941,0.33507295,0.32736597,-0.88973465,-0.31812551,0.43445532,-0.15724599,0.88686091,-0.22980538,0.32953516,-0.18821231
-0.89359187,-0.38292807,0.23422093,0.31259384,-0.9053265,-0.28752181,0.32214662,-0.18371116,0.92869357,0.81772578,1.56246626,-0.0843026
-0.90167302,-0.32262005,0.28792655,0.25727083,-0.93542547,-0.2424676,0.34755879,-0.14455143,0.926449,-1.00226402,-0.26447013,-0.37423193
-0.93298064,-0.23824091,0.26979341,0.19660724,-0.96520176,-0.17242747,0.30148434,-0.10782815,0.94735436,-0.56357354,0.02432436,0.97269666
-0.94927431,-0.20615153,0.23744476,0.17762177,-0.97464435,-0.13608486,0.25947827,-0.08700649,0.96182166,-1.04876649,-0.13612406,0.05064872
-0.95209532,-0.19266274,0.23747668,0.16768119,-0.97833244,-0.12144238,0.25572861,-0.07580437,0.96377205,-0.86228526,-0.1939017,-0.01862958
-0.95351125,-0.16309536,0.25340936,0.14353815,-0.98517368,-0.09396661,0.26497774,-0.0532243,0.96278449,-0.46671027,-0.11074924,0.06918368
-0.9537944,-0.14157375,0.26501463,0.12602932,-0.98919793,-0.07485777,0.27274987,-0.03799932,0.96133426,-0.38395613,0.04070562,0.04216063
-0.95259674,-0.13350972,0.2733762,0.12023326,-0.99062621,-0.06483524,0.27946977,-0.02889293,0.95971967,-0.20503119,-0.10174232,-0.13075793
-0.95338426,-0.11793139,0.27776024,0.10783387,-0.99283883,-0.05141033,0.28183403,-0.01906184,0.9592738,0.01711789,0.07817297,0.00427497
-0.95421828,-0.10321298,0.28073866,0.09600016,-0.9946025,-0.03936324,0.28328622,-0.01061017,0.95897671,-0.1718352,0.13184766,0.14918891
-0.95210825,-0.08362658,0.29410244,0.08138325,-0.99648446,-0.01988054,0.29473109,0.00500658,0.95556712,-0.06411657,-0.06418895,0.17077011
-0.94893311,-0.07227681,0.30708647,0.07334283,-0.99727407,-0.00808353,0.30683361,0.01485186,0.95164729,0.05276642,-0.0600512,-0.00282858
-0.94761025,-0.06674978,0.3123772,0.06936463,-0.99758771,-0.00274706,0.31180698,0.01906478,0.94995418,0.01341855,-0.07969707,-0.07304557
-0.94642747,-0.05672264,0.31789551,0.0620614,-0.99804994,0.00668328,0.31689651,0.02605428,0.9481022,-0.00219535,-0.0539782,-0.04201043
-0.94627818,-0.04677062,0.31995362,0.05463483,-0.99838398,0.01564197,0.31870495,0.03228226,0.94730408,-0.02539258,-0.07644134,0.04148914
-0.94621464,-0.04206982,0.32079284,0.05124302,-0.99848188,0.0202029,0.31945589,0.03555467,0.94693389,-0.02863037,-0.07039123,0.03739435
-0.94517808,-0.03235769,0.3249482,0.04449717,-0.99855911,0.0299946,0.32350943,0.04280951,0.94525604,-0.02980799,-0.0543583,0.07990606
-0.94303219,-0.02171091,0.33199177,0.03748697,-0.99844772,0.04118841,0.33058225,0.05128737,0.9423826,0.09319999,-0.06030464,0.04719929
-0.94203534,-0.01625693,0.33511925,0.03399394,-0.99831007,0.04712961,0.33378678,0.05578978,0.94099622,0.09257729,-0.03951543,0.03697112
-0.94048748,-0.0050262,0.33979055,0.02684089,-0.99786532,0.05953095,0.33876606,0.06510841,0.93861517,0.12193409,0.004255,0.01482625
-0.93907116,0.00667918,0.3436577,0.01933388,-0.99720179,0.07221247,0.34317842,0.07445689,0.93631445,0.07543255,-0.00662321,0.05354619
-0.93816832,0.01269345,0.34594611,0.01558007,-0.99676654,0.0788248,0.34582813,0.07934081,0.93493739,0.09007132,0.02520793,0.06173856
-0.93520886,0.02608793,0.35313412,0.00776898,-0.9955305,0.09411989,0.3540112,0.09076525,0.93082637,0.13327532,0.09681111,0.00266121
-0.931287112,0.0407954293,0.361995016,-2.40297128e-05,-0.993716703,0.111926174,0.364286506,0.104226686,0.925436196,0.220134303,0.129735991,-0.0538778417
-0.9296205,0.04842427,0.36532286,-0.00396122,-0.99258484,0.12148914,0.36849696,0.11149168,0.92291906,0.22576682,0.13651793,-0.02792825
-0.92667556,0.06422494,0.37033397,-0.0120908,-0.9898765,0.1414143,0.37566728,0.12656756,0.9180712,0.21576546,0.16919057,0.01854456
-0.92287884,0.08184642,0.37629129,-0.02091139,-0.98636187,0.16325522,0.38452137,0.14279606,0.9120047,0.23104832,0.09024339,0.03926288
-0.92040337,0.09143047,0.38012887,-0.02554172,-0.98425582,0.17489408,0.39013473,0.15126397,0.90824782,0.28992748,0.05261498,-0.03706281
-0.91178812,0.13615813,0.38743132,-0.04924328,-0.97287787,0.22601632,0.40769739,0.18700065,0.89376371,0.49488866,-0.00101072,-0.16275668
-0.91077927,0.1492578,0.38497151,-0.05741884,-0.96910098,0.23988786,0.40888144,0.19638029,0.89120746,0.53187072,-0.02118736,-0.14284405
-0.90760821,0.21016924,0.363423,-0.10037652,-0.94919654,0.29824575,0.40764193,0.23421115,0.88259458,0.492605,0.09227055,-0.0118309
-0.90570384,0.22800269,0.35737276,-0.11348702,-0.94267866,0.31381139,0.40843753,0.24366302,0.87966307,0.53483582,0.11162703,0.03087263
-0.89932811,0.26636304,0.34678446,-0.14107417,-0.92739172,0.34647145,0.41389227,0.26266922,0.8716066,0.66514134,0.14219789,-0.06055158
-0.89121897,0.30624024,0.33458268,-0.17032857,-0.90963578,0.37888103,0.42037701,0.28067698,0.86284622,0.83317745,0.17086427,-0.32518271
-0.88667974,0.3268593,0.32705012,-0.18625273,-0.89987093,0.39438808,0.42321236,0.28878199,0.85877602,0.8364886,0.16263346,-0.31070873
-0.85728424,0.4167991,0.3022287,-0.25456336,-0.85341148,0.45484753,0.4475055,0.31299728,0.83771805,0.67839772,0.05049759,-0.22996354
-0.83048298,0.47991045,0.28281455,-0.3015062,-0.81417171,0.49620411,0.46839312,0.32681871,0.82085165,0.54782426,0.15038125,0.1301602
-0.80230245,0.53678894,0.26109001,-0.3437216,-0.77305445,0.53314339,0.48802236,0.33800008,0.80472982,0.20239779,-0.00836021,0.26959479
-0.7838828,0.56656742,0.25402545,-0.36224044,-0.74957507,0.55400262,0.50429102,0.34225488,0.7928128,-0.15504609,-0.15049534,0.28159899
-0.77213203,0.58182791,0.25551547,-0.36438702,-0.73480706,0.57208429,0.52060923,0.34861815,0.77937884,-0.3442128,-0.44449255,0.35021603
-0.77995393,0.5690684,0.26044758,-0.345707,-0.73866299,0.57867399,0.52168808,0.36130052,0.7728541,-0.51373774,-0.82575029,-0.01204985
-0.79895401,0.52262726,0.29754497,-0.29088086,-0.7688623,0.56941975,0.52636545,0.36839012,0.7663081,-0.0423532,-0.63592696,-0.55759454
-0.79895401,0.52262726,0.29754497,-0.29088086,-0.7688623,0.56941975,0.52636545,0.36839012,0.7663081,-0.0423532,-0.63592696,-0.55759454
-0.84696147,0.43126096,0.31091814,-0.2537082,-0.84178223,0.47648155,0.46721329,0.32467907,0.82237171,0.21919754,-0.24480836,-0.29569811
-0.8840788,0.38046395,0.27138883,-0.2469433,-0.87333232,0.41989249,0.39676658,0.30420039,0.86604758,-0.09532455,-0.37959388,0.40281337
-0.92125211,0.31540829,0.22762283,-0.22392068,-0.90855608,0.3526831,0.31804728,0.27394059,0.90763565,-0.21176395,0.20015471,0.97014171
-0.93405774,0.280264,0.22133255,-0.20021509,-0.9241717,0.32530055,0.29571933,0.2595354,0.91934294,-0.25131428,0.32999769,1.0534761
-0.9438621,0.21058735,0.25451294,-0.13202891,-0.94673264,0.29370939,0.30280725,0.24361816,0.92138914,-0.35874414,0.0280897,0.79022968
-0.93536067,0.10565293,0.33754677,-0.02257104,-0.97022828,0.24113812,0.35297437,0.21793234,0.90989812,-0.22725838,-0.15655594,-0.12447353
-0.92554139,0.03077736,0.37739323,0.04426179,-0.9810639,0.18855843,0.37605025,0.19122276,0.90665322,-0.09428546,-0.0727002,-0.51352262
-0.90900781,-0.07765933,0.40948028,0.12853953,-0.98683162,0.09818971,0.39646268,0.1418896,0.90701968,-0.19812979,0.20671694,-0.22480169
-0.9009906,-0.14829948,0.40770502,0.17815736,-0.98334231,0.03602839,0.39557056,0.10509688,0.91240264,-0.18873452,0.22015123,-0.02336556
-0.89478255,-0.22092405,0.38801643,0.23045702,-0.97282348,-0.02245056,0.38243136,0.06933274,0.92137898,-0.28891504,0.2667003,-0.09033753
-0.89129057,-0.25507695,0.37488249,0.25610566,-0.96545546,-0.0480174,0.37418048,0.05321207,0.92582798,-0.35324806,0.22956507,-0.15322536
-0.87072156,-0.36174356,0.33314437,0.3342717,-0.9322309,-0.13859143,0.3607021,-0.00931383,0.93263456,-0.67538077,0.01699942,-0.01402098
-0.86458914,-0.38109308,0.32749617,0.34825287,-0.92429865,-0.15617943,0.36222316,-0.02097956,0.93185527,-0.50968248,0.07934051,0.11711197
-0.85409902,-0.41071756,0.3191016,0.37057289,-0.91104658,-0.18074773,0.36495271,-0.03612607,0.9303249,-0.30939764,0.14597325,0.11405741
-0.84656051,-0.42616012,0.31894033,0.3797798,-0.90340563,-0.1990619,0.37296472,-0.04739084,0.92663446,-0.36802924,0.22779886,-0.04141648
-0.85266466,-0.41837046,0.31293631,0.37174331,-0.90669435,-0.19927938,0.36711019,-0.05358651,0.92863265,-0.36222959,0.04989355,-0.04465948
-0.86321713,-0.40692998,0.29877106,0.36375896,-0.91173891,-0.19081811,0.35005082,-0.05603682,0.9350531,-0.5930602,0.0961942,0.16624425
-0.86667328,-0.39727981,0.30173893,0.35623756,-0.91626464,-0.18317779,0.34924552,-0.05126455,0.93562788,-0.86122668,0.07104581,0.11046019
-0.87752347,-0.3637493,0.31247234,0.32787795,-0.93062917,-0.16255876,0.34992652,-0.04019634,0.93591436,-0.51294827,0.13122348,0.4052237
-0.89452076,-0.32948666,0.3021113,0.2971741,-0.94316859,-0.14873017,0.33394648,-0.04326257,0.94159869,0.37287432,0.23392479,-0.02139613
-0.89942607,-0.32241014,0.29510017,0.29112923,-0.94552314,-0.1457032,0.32600028,-0.04513699,0.94429151,0.44886068,0.3389093,-0.47641361
-0.90188598,-0.31365638,0.2970204,0.28308558,-0.94851432,-0.14206653,0.32628821,-0.04404563,0.9442436,-0.20529202,0.3386772,-0.72675335
-0.90383953,-0.302182,0.30291849,0.27290349,-0.95240688,-0.13580967,0.32954098,-0.04008266,0.94329004,-0.39927733,0.13317029,-0.49131769
-0.9166876,-0.27316355,0.29166005,0.2487026,-0.9612852,-0.11865011,0.31277936,-0.03622847,0.94913464,-0.52877271,-0.29107288,-0.47700471
-0.9393175,-0.23592708,0.24904033,0.22490416,-0.97169844,-0.07225159,0.2590382,-0.01185698,0.9657943,-0.1215889,-0.09406786,0.59874898
-0.94300156,-0.22848526,0.24195488,0.21816082,-0.97346958,-0.06901062,0.25130367,-0.01229205,0.96783023,-0.30459911,-0.10409039,0.60981894
-0.94589843,-0.21618549,0.24195012,0.20663152,-0.97629003,-0.06450632,0.25015884,-0.01102191,0.96814207,-0.5084039,-0.01934761,0.58007509
-0.94207826,-0.20369125,0.26645479,0.19449086,-0.97902,-0.06076902,0.27324272,-0.00542616,0.96192981,-0.06401716,-0.0274539,0.11146749
-0.94019996,-0.19791443,0.27722509,0.18886031,-0.98021342,-0.05927288,0.28347074,-0.00337155,0.95897496,0.08430948,-0.02447462,-0.14186399
-0.93824971,-0.19046984,0.28880567,0.18158717,-0.98169188,-0.05750781,0.29447168,-0.00151328,0.95565901,0.19567528,0.11769288,-0.23594534
-0.94157155,-0.18193656,0.28344656,0.17309045,-0.98330274,-0.05617169,0.28893348,-0.00382777,0.95734152,-0.0348639,0.04122966,0.03412306
-0.94643247,-0.17087617,0.27398248,0.16237313,-0.98527251,-0.05359609,0.27910577,-0.00623769,0.9602401,-0.18215644,0.05781549,0.23988058
-0.94552919,-0.16407704,0.28116355,0.15607704,-0.98643872,-0.05077665,0.28568194,-0.00412763,0.9583156,-0.07029134,0.01391905,0.03554684
-0.94463588,-0.1606419,0.28610641,0.15305985,-0.98700982,-0.04882558,0.29023332,-0.002331,0.95695307,0.04718559,0.03621858,-0.03273145
-0.94365352,-0.15405405,0.29289185,0.14749382,-0.98806181,-0.04449377,0.29624966,0.00121303,0.95510977,0.10152534,0.018565,-0.12394099
-0.94444523,-0.14870287,0.29310544,0.1428679,-0.98887795,-0.04134376,0.29599342,0.00282844,0.95518579,-0.04694039,-0.00545645,-0.04283424
-0.94519804,-0.14609076,0.29198978,0.14060089,-0.98926522,-0.03981926,0.29467258,0.00341694,0.95559217,-0.09759236,-0.00689554,0.01120891
-0.94645309,-0.14121057,0.29031997,0.13637999,-0.9899684,-0.03691357,0.29262025,0.00465686,0.95621739,-0.14252391,-0.06923192,0.05387282
-0.94681054,-0.13587179,0.29169875,0.13152711,-0.99071004,-0.03455036,0.29368337,0.00565365,0.95588603,-0.03066311,-0.0194692,0.00792269
-0.94705766,-0.13285874,0.29228516,0.12885219,-0.99111445,-0.03300805,0.29407341,0.00640106,0.9557614,-0.04391851,-0.03060108,0.01786685
-0.94871071,-0.12927251,0.28850724,0.12547832,-0.99159002,-0.03168968,0.29017754,0.00613707,0.95695315,-0.0473695,-0.03156602,0.09291552
-0.94929396,-0.12695728,0.28761618,0.12331571,-0.99188887,-0.03082111,0.28919622,0.0062093,0.95724971,-0.11082181,0.04926425,0.05354344
-0.94869386,-0.12590544,0.29004779,0.12262602,-0.99201347,-0.02953078,0.29144941,0.00755173,0.95655643,-0.0578441,0.03628355,-0.0077284
-0.94813622,-0.12567835,0.29196339,0.12256241,-0.99203653,-0.02901614,0.29328506,0.00827248,0.95598925,-0.04374871,0.03422933,-0.03430248
-0.94544725,-0.12631169,0.300291,0.12422851,-0.99191016,-0.02610248,0.30115876,0.01262619,0.95349042,0.05887381,0.06642645,-0.0035293
-0.94485029,-0.12675867,0.30197716,0.12502034,-0.99183509,-0.0251615,0.30270098,0.01397944,0.95298305,0.0242068,0.08774918,-0.03664454
-0.94217323,-0.12780289,0.30980028,0.12848194,-0.99154306,-0.01830154,0.30951928,0.02256053,0.9506255,0.08618394,-0.03398507,-0.03551827
-0.94163887,-0.1277853,0.31142803,0.12914419,-0.99149122,-0.01634667,0.31086698,0.02482646,0.95012914,0.13563491,-0.07769626,-0.01869111
-0.94068822,-0.12708405,0.31457146,0.12986567,-0.99145658,-0.01219185,0.31343335,0.02938331,0.9491555,0.0819836,-0.0222522,0.07389788
-0.9407667,-0.12581317,0.31484706,0.12994832,-0.99148899,-0.0079128,0.31316299,0.03346975,0.94910943,0.13389941,-0.0081234,0.06415266
-0.94111765,-0.12466239,0.31425572,0.12933493,-0.99158256,-0.00602587,0.31236172,0.03497319,0.94931924,0.12805605,0.00759417,0.08921103
-0.941596284,-0.121242867,0.31416013,0.127507451,-0.991837414,-0.000613285307,0.31167013,0.0394802903,0.94936981,0.0165432896,-0.0320250355,-0.0197558049
-0.94176728,-0.1194981,0.31431628,0.12679243,-0.99192542,0.00278622,0.31144534,0.04247689,0.94931424,-0.00276689,-0.03345096,0.00272679
-0.94152711,-0.112397,0.3176376,0.12398985,-0.99214713,0.01645097,0.31329419,0.05487287,0.94806947,-0.05439737,0.00243932,-0.11505492
-0.94095711,-0.10943925,0.32034752,0.12324151,-0.99210847,0.02306672,0.31529512,0.06118491,0.94701921,0.01560964,-0.00375485,-0.14631599
-0.9409562,-0.10813041,0.32079467,0.12292703,-0.99207052,0.02617236,0.31542091,0.06406138,0.94678709,0.04483489,-0.01622408,-0.0962595
-0.94190597,-0.10580083,0.31877733,0.12215227,-0.99200525,0.03168661,0.31287637,0.06878519,0.94729983,0.00162319,-0.03077304,0.01600081
-0.94308805,-0.10339524,0.31606041,0.12087267,-0.9920096,0.03614658,0.3097976,0.07229248,0.94805023,-0.09871221,0.0177682,0.05688055
-0.94343317,-0.10216481,0.3154296,0.12016116,-0.99202328,0.03808825,0.30902229,0.07383611,0.94818429,-0.08092993,0.0195772,0.08673535
-0.94283673,-0.10031991,0.31779682,0.11966317,-0.99193043,0.04188983,0.31102995,0.07752385,0.94723304,-0.07253267,0.02158218,0.02253243
-0.94126521,-0.09893163,0.3228501,0.12001171,-0.99170603,0.046002,0.31562137,0.08204588,0.94533149,0.04259638,-0.00297952,-0.03606349
-0.940666834,-0.0983183586,0.324775401,0.12024303,-0.99157888,0.048089308,0.317312424,0.0842880073,0.94456781,0.0527333617,-0.000500857772,-0.0616165102
-0.94024427,-0.09678288,0.32645604,0.12121547,-0.99108464,0.05529728,0.31819377,0.09156448,0.94359348,0.01536898,-0.03343832,-0.02295179
-0.94043329,-0.09623164,0.32607507,0.12117555,-0.99099218,0.05701974,0.3176507,0.09313558,0.9436227,0.00424185,-0.0272336,-0.02207285
-0.94147496,-0.09373395,0.3237879,0.1203916,-0.99070876,0.06325941,0.31485,0.0985385,0.94401252,-0.00888995,-0.01444632,-0.07633591
-0.94211754,-0.09328593,0.32204399,0.1201058,-0.99067042,0.06439546,0.31303226,0.09934744,0.9445321,-0.00771857,-0.01676768,-0.06357616
-0.94380387,-0.09243369,0.31731766,0.11925939,-0.99065784,0.06613976,0.30823965,0.10026606,0.94601006,-0.05376088,-0.02027106,-0.00381234
-0.94454211,-0.09196403,0.31525009,0.1187469,-0.99067569,0.06678798,0.30616854,0.10051904,0.94665556,-0.07470492,-0.01838904,0.01413588
-0.94588991,-0.08902982,0.31203528,0.11629901,-0.9907542,0.06986194,0.30293046,0.1023711,0.94749844,-0.02543496,-0.00925565,-0.00390588
-0.94591668,-0.08834421,0.3121486,0.11596029,-0.9907123,0.07100811,0.30297634,0.10336461,0.9473759,-0.0040819,-0.00606811,-0.01186446
