0,1,2,3,4,5,6,7,8,9,10,11,12,13
-0.99397827,-0.02103857,-0.10753814,0.03096161,-0.99532771,-0.09145496,-0.10511162,-0.0942338,0.98998563,-0.02834479,0.02994895,-0.04168306,,
-0.99374595,-0.02101531,-0.10966907,0.03098356,-0.99545996,-0.08999695,-0.10727986,-0.09283205,0.98988547,-0.05705839,0.05125939,0.02654471,,
-0.99336892,-0.02088,-0.11305789,0.03077369,-0.9957777,-0.0864848,-0.11077473,-0.08939053,0.9898173,0.02524975,0.07739567,-0.0023393,,
-0.99297824,-0.01962718,-0.11665708,0.02944273,-0.99611262,-0.08302206,-0.11457411,-0.0858738,0.98969615,0.20386527,-0.01697415,-0.04306595,,
-0.99301711,-0.01917741,-0.11640274,0.02877557,-0.99627073,-0.08134464,-0.11440864,-0.08412616,0.98986537,0.15640067,-0.00364393,-0.11500987,,
-0.99284133,-0.01754102,-0.11814466,0.0268834,-0.99659443,-0.07795244,-0.11637496,-0.08057054,0.98993194,0.13330723,-0.0015986,-0.07209998,,
-0.9920904,-0.01420491,-0.12471922,0.0235861,-0.99697431,-0.07406729,-0.12328973,-0.07642308,0.98942365,0.03286096,0.01503336,-0.01812629,,
-0.99172391,-0.0122156,-0.12780701,0.02161354,-0.99714112,-0.07240591,-0.12655713,-0.07456903,0.98915254,-0.00943669,0.06052076,-0.02187683,,
-0.99155293,-0.00777398,-0.12946828,0.01684522,-0.99746607,-0.06911848,-0.12860291,-0.07071557,0.98917167,-0.04841546,0.03651905,-0.09526298,,
-0.99141646,-0.00299175,-0.13070534,0.01172845,-0.99774218,-0.06612415,-0.13021244,-0.06708956,0.98921368,0.07947168,-0.04810792,-0.05234297,,
-0.99118839,-0.000302932142,-0.132457572,0.00899370757,-0.997843296,-0.0650184103,-0.132152236,-0.0656367937,0.989053889,0.122437149,-0.0296981316,-0.0652648658,,
-0.99034915,0.00522349,-0.13849515,0.00358826,-0.99798797,-0.06329909,-0.13854716,-0.06318517,0.98833816,0.02207682,-0.01781618,-0.03028915,,
-0.99034915,0.00522349,-0.13849515,0.00358826,-0.99798797,-0.06329909,-0.13854716,-0.06318517,0.98833816,0.02207682,-0.01781618,-0.03028915,,
-0.99034915,0.00522349,-0.13849515,0.00358826,-0.99798797,-0.06329909,-0.13854716,-0.06318517,0.98833816,0.02207682,-0.01781618,-0.03028915,,
-0.98816481,0.02065027,-0.15199783,-0.01160842,-0.99812245,-0.0601355,-0.15295431,-0.05765934,0.98654973,0.0817546,-0.02710616,-0.04287679,,
-0.98770849,0.02759481,-0.15385276,-0.01859506,-0.99804737,-0.0596312,-0.15519783,-0.05603733,0.98629278,0.09830336,-0.02298057,0.01584499,,
-0.98739323,0.03155133,-0.15510915,-0.02254797,-0.99797549,-0.05946613,-0.15667138,-0.05521907,0.98610594,0.07441914,-0.01977408,-0.0406403,,
-0.98668904,0.04003249,-0.15761456,-0.03108523,-0.99778408,-0.05882916,-0.15962036,-0.0531466,0.98574681,0.09344755,-0.0141257,-0.05913138,,
-0.98606685,0.04899798,-0.1589692,-0.04025292,-0.99751777,-0.057774,-0.16140543,-0.05057006,0.98559168,0.05861006,-0.00916886,-0.02448082,,
-0.985778578,0.0538398546,-0.15918968,-0.0452070656,-0.997328974,-0.0573648443,-0.161853037,-0.0493525501,0.98557999,0.0383905359,0.000647306384,0.0169371329,,
-0.98541275,0.06408905,-0.15765197,-0.05575585,-0.99683144,-0.0567291,-0.16078816,-0.04711156,0.98586392,0.0305116,0.07359087,-0.00895588,,
-0.98497603,0.0746058,-0.15574287,-0.06663373,-0.99621568,-0.05580252,-0.15931671,-0.04458642,0.98622018,0.10129479,0.05096006,-0.03531771,,
-0.98439504,0.0802543,-0.15660563,-0.07239813,-0.99584419,-0.05524969,-0.16038886,-0.04304957,0.98611467,0.08305594,0.0447849,-0.00634073,,
-0.98239626,0.09259832,-0.16224422,-0.08463573,-0.99487428,-0.05533549,-0.16653657,-0.04062972,0.98519785,0.04353338,0.03094029,-0.01307423,,
-0.98004318,0.10603059,-0.16814586,-0.09780116,-0.99360013,-0.05651428,-0.17306198,-0.03894157,0.9841408,0.06833283,0.00159717,-0.02690256,,
-0.97887532,0.11312724,-0.17030894,-0.1047203,-0.99283267,-0.05759123,-0.17560344,-0.03853983,0.98370631,0.103754,-0.01084912,-0.05449927,,
-0.97640876,0.12865766,-0.17341508,-0.11967075,-0.99091531,-0.061363,-0.17973451,-0.03916267,0.98293529,0.24065502,0.06725239,-0.1523142,,
-0.97347845,0.14556848,-0.17649039,-0.13582141,-0.98852085,-0.06616942,-0.18409667,-0.04044335,0.98207573,0.29754633,0.08964764,-0.03789278,,
-0.971618047,0.154770545,-0.178898997,-0.144556105,-0.987097382,-0.0688672293,-0.187249313,-0.0410516894,0.981454256,0.26857084,0.062885873,-0.000826857984,,
-0.96680493,0.17600497,-0.1852307,-0.16451782,-0.98345872,-0.07578107,-0.1955046,-0.04279176,0.97976876,0.26042476,0.08712875,0.06814364,,
-0.96157384,0.19982251,-0.18827274,-0.18739104,-0.97886942,-0.08184842,-0.2006496,-0.04342268,0.97870026,0.36982656,0.09501301,0.07915206,,
-0.95892082,0.21277005,-0.18761473,-0.20021861,-0.97616821,-0.08371177,-0.20095493,-0.04270901,0.97866902,0.44588536,0.06464588,0.03511471,,
-0.95325375,0.24051164,-0.1829231,-0.22832425,-0.96983928,-0.08531831,-0.19792611,-0.03956424,0.97941815,0.51913571,0.03624224,-0.07678871,,
-0.94617746,0.27075411,-0.17731383,-0.25955729,-0.96206654,-0.08401046,-0.19333391,-0.03346571,0.98056211,0.55393809,0.08467709,-0.01092456,,
-0.94219853,0.28689004,-0.1730778,-0.27639848,-0.95749773,-0.08247341,-0.18938242,-0.02986789,0.98144904,0.60959679,0.15246306,0.03371689,,
-0.93388778,0.32019699,-0.1591468,-0.31186339,-0.9471205,-0.07552605,-0.17491439,-0.02090079,0.98436178,0.63653326,0.2438253,0.09165692,,
-0.9067749,0.40795396,-0.10645516,-0.40695048,-0.91289009,-0.03198194,-0.11022903,0.01432156,0.99380303,1.10735059,0.06995391,-0.00794235,,
-0.88949469,0.44581987,-0.10021893,-0.4465988,-0.89459522,-0.01577619,-0.09668872,0.03072482,0.99484033,1.11112213,-0.04541337,-0.23348045,,
-0.87938446,0.46493173,-0.1025739,-0.46649255,-0.88447214,-0.00967954,-0.09522408,0.03933793,0.99467829,1.01342463,-0.08499955,-0.30535805,,
-0.85567136,0.50511536,-0.11262701,-0.50790567,-0.86140087,-0.00449699,-0.09928851,0.05335595,0.99362716,0.89456522,-0.18574487,-0.64800096,,
-0.830833468,0.542818577,-0.122733235,-0.546887073,-0.837205961,-0.000642569309,-0.103101812,0.0665873567,0.992439489,0.402011991,0.227890119,-0.399128318,,
-0.82098236,0.55691327,-0.125839,-0.56188676,-0.82719938,0.00493341,-0.10134647,0.07475752,0.99203841,0.22810677,0.3162913,-0.36999351,,
-0.80314371,0.58208087,-0.12705107,-0.58886776,-0.8079608,0.0208335,-0.09052551,0.09154857,0.99167736,0.07794489,0.18517731,-0.25152019,,
-0.79195739,0.59856346,-0.12051925,-0.6068649,-0.79338713,0.04744973,-0.06721677,0.11071708,0.99157634,-0.15909255,0.07556783,0.27395868,,
-0.78951155,0.60332458,-0.11256642,-0.61139478,-0.78916261,0.05847248,-0.05355532,0.11498721,0.99192226,-0.01037009,-0.0091598,0.30208525,,
-0.79367798,0.60043008,-0.09776824,-0.60753771,-0.79057075,0.07678196,-0.03119053,0.12033806,0.99224286,0.16371962,-0.09204506,0.02338456,,
-0.81450471,0.57453181,-0.08059428,-0.58014892,-0.8073329,0.10789342,-0.0030782,0.13463637,0.99089029,0.1557216,-0.37560788,-0.295647,,
-0.82768593,0.55668765,-0.07095464,-0.56104009,-0.81788721,0.12764885,0.01302764,0.14546158,0.98927812,0.09238026,-0.58537894,-0.28920636,,
-0.85435864,0.51792177,-0.0427601,-0.51734018,-0.83981595,0.16452474,0.04930033,0.16268464,0.98544568,0.1982339,-0.71095318,-0.26631427,,
-0.87953749,0.47564628,-0.01321544,-0.46951397,-0.86301813,0.18643114,0.07727011,0.17017799,0.98237915,0.23987404,-0.74040419,-0.25025991,,
-0.91730025,0.3976136,0.02152436,-0.38697709,-0.90289372,0.18716646,0.09385415,0.16335844,0.98209237,0.14722088,-0.65185267,-0.14965828,,
-0.94188184,0.33403808,0.03573134,-0.32401574,-0.93137688,0.16598337,0.08872412,0.14475924,0.98548099,0.14325887,-0.43968078,-0.03700215,,
-0.95315845,0.30009658,0.03782993,-0.29153547,-0.9448094,0.14947361,0.08059859,0.13144326,0.98804177,0.14255327,-0.38913479,0.01971685,,
-0.97296598,0.22848517,0.03363599,-0.22373,-0.96863462,0.10812729,0.05728648,0.09767881,0.99356787,0.02749149,-0.20048581,0.13052233,,
-0.98850372,0.14818716,0.03001621,-0.14592506,-0.98701448,0.0671439,0.0395763,0.06199187,0.99729169,-0.18617639,-0.03383302,0.24860375,,
-0.9939405,0.10497614,0.03258512,-0.10336618,-0.99349931,0.04768689,0.03737929,0.04402974,0.99833069,-0.24794252,0.03558755,0.28034577,,
-0.99906623,0.01529185,0.04040172,-0.01491163,-0.99984155,0.00969566,0.04054359,0.00908415,0.99913647,-0.2838527,-0.0841025,0.30414176,,
-0.99595276,-0.07643205,0.04728811,0.07488115,-0.99662131,-0.03374479,0.04970752,-0.03006723,0.99831114,-0.17102024,-0.10459124,0.27973789,,
-0.99124537,-0.12221409,0.04995966,0.11919098,-0.99108185,-0.05958122,0.05679579,-0.05310488,0.99697247,-0.18064097,0.04241526,0.21905881,,
-0.97674564,-0.20824825,0.05099607,0.20140809,-0.9727629,-0.11474793,0.07350314,-0.10180852,0.99208483,-0.14281963,0.13105939,-0.01120285,,
-0.95802135,-0.28458759,0.0347113,0.27458019,-0.94560927,-0.17443824,0.08246629,-0.15758453,0.98405611,-0.44848442,0.2216277,-0.06618896,,
-0.94702939,-0.32044504,0.02121624,0.30959145,-0.92852192,-0.20493899,0.08537143,-0.1875149,0.97854478,-0.61230415,0.34153518,-0.00903881,,
-0.92330277,-0.38369481,-0.01702415,0.37505503,-0.89119079,-0.25517102,0.08273603,-0.24198516,0.96674605,-0.67172551,0.33322522,0.27506706,,
-0.89718323,-0.4382578,-0.05470535,0.43452636,-0.85372638,-0.28694674,0.07905324,-0.28121468,0.95638324,-0.52376336,0.54176873,0.35454896,,
-0.88474894,-0.46155849,-0.06467766,0.45855006,-0.83722984,-0.29795665,0.08337435,-0.29327475,0.95238576,-0.53315091,0.60123175,0.10322832,,
-0.86542211,-0.49553032,-0.07412139,0.49259284,-0.81441004,-0.30673817,0.09163286,-0.30196971,0.94890342,-0.61072147,-0.00256503,-0.20674457,,
-0.85471265,-0.50786268,-0.10743011,0.51532531,-0.80521146,-0.29338336,0.0624945,-0.30612001,0.94993945,-0.8189286,-0.12454056,0.06649235,,
-0.85376447,-0.50551074,-0.12467925,0.51888764,-0.80636649,-0.28377545,0.04291437,-0.30697195,0.95075053,-0.92275554,-0.06709456,0.1999689,,
-0.86168416,-0.48905934,-0.13535468,0.50704388,-0.81921171,-0.26795189,0.02016022,-0.29952074,0.95387676,-1.20019066,-0.20085679,0.45145905,,
-0.88168915,-0.45786862,-0.11393134,0.47132629,-0.84352468,-0.25752169,0.02180719,-0.28075295,0.95953229,-0.51918936,0.43786964,0.36560321,,
-0.89334489,-0.43606629,-0.10854064,0.44912519,-0.85841995,-0.24779372,0.01488104,-0.27011359,0.96271346,0.87742591,0.47522041,0.36797953,,
-0.90120254,-0.41020812,-0.13986788,0.43256935,-0.87129709,-0.23178631,-0.02678586,-0.269389,0.96265886,0.21560325,1.09051001,0.0189168,,
-0.91370634,-0.3968729,-0.08736382,0.40598142,-0.88201989,-0.23920661,0.01787799,-0.25403271,0.96703038,-0.32808104,0.64044815,0.19280711,,
-0.92171331,-0.38701627,-0.02573722,0.38144372,-0.89241218,-0.24104072,0.07031847,-0.23198781,0.97017368,-0.76210326,0.33118138,0.22245488,,
-0.93569446,-0.34594062,0.06928651,0.32267791,-0.91852737,-0.22844275,0.1426692,-0.19139542,0.97108871,-1.45295,-0.30364022,0.51460767,,
-0.94731158,-0.30361357,0.1020755,0.28052367,-0.94020987,-0.19316241,0.15461913,-0.15435041,0.97584265,-0.7508207,-0.71599287,-0.48113275,,
-0.94996255,-0.29236192,0.10998011,0.27067339,-0.94619786,-0.17732875,0.15590712,-0.13868698,0.97798716,-0.26602146,-0.41735092,-0.50233543,,
-0.94996255,-0.29236192,0.10998011,0.27067339,-0.94619786,-0.17732875,0.15590712,-0.13868698,0.97798716,-0.26602146,-0.41735092,-0.50233543,,
-0.96355883,-0.24676136,0.10326084,0.22931787,-0.9607568,-0.1560746,0.13772176,-0.12670753,0.98233289,0.10133074,0.04758465,0.44339219,,
-0.96355883,-0.24676136,0.10326084,0.22931787,-0.9607568,-0.1560746,0.13772176,-0.12670753,0.98233289,0.10133074,0.04758465,0.44339219,,
-0.96355883,-0.24676136,0.10326084,0.22931787,-0.9607568,-0.1560746,0.13772176,-0.12670753,0.98233289,0.10133074,0.04758465,0.44339219,,
-0.97588702,-0.19956654,0.0884176,0.18781267,-0.97412219,-0.12574703,0.11122444,-0.10610895,0.98811437,-0.43641698,-0.19062041,0.24665432,,
-0.97686131,-0.1947224,0.08845923,0.18298498,-0.97505439,-0.12563958,0.1107174,-0.10654575,0.98812431,-0.22337866,0.11389779,0.13436718,,
-0.97686131,-0.1947224,0.08845923,0.18298498,-0.97505439,-0.12563958,0.1107174,-0.10654575,0.98812431,-0.22337866,0.11389779,0.13436718,,
-0.97686131,-0.1947224,0.08845923,0.18298498,-0.97505439,-0.12563958,0.1107174,-0.10654575,0.98812431,-0.22337866,0.11389779,0.13436718,,
-0.98128299,-0.16322768,0.10217921,0.15218822,-0.98244668,-0.10787702,0.11799413,-0.09030741,0.98889937,0.15418963,-0.0959205,-0.08828712,,
-0.98465075,-0.15136737,0.08689705,0.14227147,-0.9844785,-0.10276765,0.10110394,-0.08882726,0.99090247,-0.15811351,-0.04692006,0.11183439,,
-0.98465075,-0.15136737,0.08689705,0.14227147,-0.9844785,-0.10276765,0.10110394,-0.08882726,0.99090247,-0.15811351,-0.04692006,0.11183439,,
-0.98830846,-0.13326803,0.07406578,0.12594369,-0.98737593,-0.09605558,0.08593191,-0.08560444,0.99261653,-0.0889679,0.0304966,0.02794918,,
-0.98830846,-0.13326803,0.07406578,0.12594369,-0.98737593,-0.09605558,0.08593191,-0.08560444,0.99261653,-0.0889679,0.0304966,0.02794918,,
-0.98830846,-0.13326803,0.07406578,0.12594369,-0.98737593,-0.09605558,0.08593191,-0.08560444,0.99261653,-0.0889679,0.0304966,0.02794918,,
-0.99280146,-0.10175929,0.06316873,0.09697317,-0.99247952,-0.07470334,0.07029543,-0.06803991,0.99520306,0.22315195,-0.06327336,-0.1288158,,
-0.99280146,-0.10175929,0.06316873,0.09697317,-0.99247952,-0.07470334,0.07029543,-0.06803991,0.99520306,0.22315195,-0.06327336,-0.1288158,,
-0.99669943,-0.07320389,0.03508489,0.07102286,-0.99567853,-0.05982911,0.03931301,-0.05713982,0.99759186,0.02471748,-0.01334035,-0.02487152,,
-0.99669943,-0.07320389,0.03508489,0.07102286,-0.99567853,-0.05982911,0.03931301,-0.05713982,0.99759186,0.02471748,-0.01334035,-0.02487152,,
-0.99835148,-0.05066321,0.02695971,0.04930771,-0.99759192,-0.04876866,0.02936558,-0.04735896,0.99844619,0.08017898,0.0595746,-0.07879835,,
-0.99835148,-0.05066321,0.02695971,0.04930771,-0.99759192,-0.04876866,0.02936558,-0.04735896,0.99844619,0.08017898,0.0595746,-0.07879835,,
-0.999462912,-0.0261243865,0.0197686842,0.0253913388,-0.999011986,-0.0364654462,0.020701796,-0.0359439187,0.999139365,0.177425951,-0.000514984073,-0.0432327203,,
-0.99990135,-0.00785314,0.01162499,0.00750921,-0.99954108,-0.02933876,0.01185006,-0.02924857,0.99950192,0.1916173,0.04759836,-0.10382944,,
-0.99992158,0.01195896,0.003668,-0.01203523,-0.99969561,-0.02152835,0.00340943,-0.02157081,0.99976151,0.23108536,0.10496091,-0.1182127,,
-0.999747122,0.0224858241,-0.000115549385,-0.0224808118,-0.999609535,-0.0165929084,-0.000488609496,-0.0165861153,0.999862322,0.326169699,0.107910506,-0.141185209,,
-0.998891,0.04550403,-0.01206322,-0.04544836,-0.99895461,-0.00484954,-0.01227129,-0.00429591,0.99991548,0.40777096,0.0490899,0.14015742,,
-0.99706588,0.07210538,-0.02569509,-0.07228195,-0.99736604,0.00600921,-0.02519412,0.00784887,0.99965177,0.29416209,0.10560297,0.22125271,,
-0.99580667,0.08668943,-0.02922027,-0.08705288,-0.99613834,0.01140182,-0.02811901,0.01389772,0.99950797,0.29640692,0.13768815,0.20858392,,
-0.99261468,0.11781024,-0.02892481,-0.11850037,-0.99267749,0.02342755,-0.02595301,0.02668213,0.99930701,0.47074383,0.1825323,0.07540056,,
-0.9851071,0.17095051,-0.01843625,-0.17163945,-0.98406139,0.04650865,-0.01019172,0.04898039,0.99874774,0.80895299,0.11102962,-0.07150581,,
-0.977262958,0.211559227,-0.0141167166,-0.212028728,-0.975290391,0.0620640784,-0.000637671556,0.063646091,0.997972328,0.919271111,0.12005996,-0.0867471099,,
-0.96659224,0.25601299,-0.01252574,-0.25620502,-0.96354863,0.07702689,0.00765072,0.07766275,0.99695033,1.04918504,0.19492017,0.08612937,,
-0.96026304,0.2788428,-0.01188748,-0.27881284,-0.95649965,0.08585776,0.01257045,0.08576043,0.99623648,1.09013987,0.18240021,0.15454754,,
-0.94575788,0.3246008,-0.01327463,-0.32414718,-0.94013112,0.10527085,0.02169111,0.10386367,0.99435498,1.15289867,0.03662109,0.2448152,,
-0.92848065,0.37052364,-0.02521321,-0.37081093,-0.92115923,0.11817245,0.0205603,0.11907018,0.99267294,1.10785294,-0.05297017,0.15055308,,
-0.89729467,0.43642367,-0.06630677,-0.44134137,-0.88997579,0.11472069,-0.0089446,0.13220219,0.99118241,0.74068105,0.17442928,-0.04736224,,
-0.87407691,0.47710335,-0.09144311,-0.48535252,-0.8656466,0.12283639,-0.02055177,0.15175061,0.98820513,0.89069426,0.02894223,-0.45073882,,
-0.86083158,0.49739021,-0.10757184,-0.50806423,-0.85204953,0.12602409,-0.0289734,0.16313894,0.98617758,0.80974174,0.09049212,-0.37846231,,
-0.83566383,0.53201674,-0.1364711,-0.5476806,-0.82587531,0.13407512,-0.0413779,0.18678428,0.98152917,0.39720002,0.14993165,-0.25824076,,
-0.81671575,0.55309276,-0.16451018,-0.57518324,-0.8031553,0.15525988,-0.04625411,0.22142671,0.97407945,0.15311387,-0.38967571,0.01326925,,
-0.80885016,0.55939522,-0.18121383,-0.58566672,-0.79392317,0.1633418,-0.05249723,0.23824994,0.969784,0.10394005,-0.64559883,0.32847548,,
-0.79483126,0.57025656,-0.20748608,-0.60236951,-0.78281782,0.15603514,-0.07344375,0.24900493,0.9657135,0.03575817,-0.78868204,0.29947829,,
-0.79043874,0.56106845,-0.24578216,-0.59964337,-0.79067915,0.12350866,-0.12503801,0.24500767,0.96142433,-0.13115302,-0.42718038,0.27752993,,
-0.79690771,0.54435071,-0.26195485,-0.58528474,-0.80310363,0.1116524,-0.14959883,0.24229484,0.95859971,-0.16673714,-0.18507855,0.07212807,,
-0.82294822,0.49749813,-0.27431988,-0.53963559,-0.83549229,0.10366111,-0.17762099,0.23334054,0.95603502,-0.17401601,-0.03168738,0.14676717,,
-0.85477061,0.44477762,-0.26746892,-0.48536374,-0.86756202,0.10843313,-0.1838173,0.22250521,0.95744588,-0.19032428,0.06796002,0.23499864,,
-0.87188613,0.41580844,-0.25868554,-0.45558946,-0.88245592,0.1170901,-0.1795915,0.21994362,0.95883873,-0.24223486,-0.10968166,0.2721082,,
-0.90777938,0.35155742,-0.22878721,-0.38826356,-0.91066539,0.14120755,-0.15870607,0.21701508,0.96318058,-0.2543076,-0.60465962,0.29526085,,
-0.94259774,0.27792203,-0.18511945,-0.30757425,-0.9384462,0.15721699,-0.13003055,0.20513032,0.97005856,-0.01952257,-0.74526,0.1266284,,
-0.9570072,0.23962554,-0.16345305,-0.26492493,-0.9515444,0.15613489,-0.11811892,0.19272499,0.97411755,0.16525422,-0.79717141,-0.05892349,,
-0.97708988,0.16521028,-0.13416756,-0.18251801,-0.97470559,0.12898141,-0.10946482,0.15051442,0.98252881,0.43102682,-0.6952917,-0.39292741,,
-0.98804531,0.09216438,-0.12357883,-0.10215781,-0.99177415,0.07711915,-0.11545468,0.08882177,0.98933357,0.33469006,-0.29718372,-0.33425948,,
-0.99067412,0.05438486,-0.12492677,-0.06054329,-0.99710312,0.04603786,-0.12206114,0.053172,0.99109728,0.17324191,-0.10238003,-0.23047875,,
-0.98976562,-0.02509784,-0.14047589,0.02802027,-0.99942901,-0.01886439,-0.13992227,-0.02260751,0.98990437,-0.38512707,0.07044827,0.0835513,,
-0.98152929,-0.10585768,-0.1593563,0.12053495,-0.98902705,-0.08542163,-0.14856515,-0.10305183,0.98351854,-0.68485272,0.30856165,0.23504421,,
-0.98152929,-0.10585768,-0.1593563,0.12053495,-0.98902705,-0.08542163,-0.14856515,-0.10305183,0.98351854,-0.68485272,0.30856165,0.23504421,,
-0.96286821,-0.21489419,-0.16341717,0.24282435,-0.95390561,-0.17635277,-0.11798738,-0.20948615,0.97066705,-0.48939431,0.23940633,-0.05110836,,
-0.94545383,-0.27844282,-0.16907586,0.31318728,-0.91973658,-0.23663969,-0.08961463,-0.27668431,0.95677323,-0.56010807,0.42860851,0.01590696,,
-0.94545383,-0.27844282,-0.16907586,0.31318728,-0.91973658,-0.23663969,-0.08961463,-0.27668431,0.95677323,-0.56010807,0.42860851,0.01590696,,
-0.91175612,-0.35926717,-0.19906721,0.40559548,-0.86394866,-0.29847091,-0.06475306,-0.35287346,0.93342775,-0.81428313,0.33978018,-0.05801234,,
-0.89220564,-0.40026657,-0.2091784,0.44926168,-0.83395477,-0.32044224,-0.04618301,-0.37987625,0.92388374,-0.81194532,0.23469971,-0.29599538,,
-0.88462716,-0.41630926,-0.2100512,0.46480656,-0.82327568,-0.32584066,-0.03727955,-0.38588065,0.92179518,-0.84775603,0.13854216,-0.34689027,,
-0.87515847,-0.43390514,-0.21406524,0.48264483,-0.81394144,-0.32334694,-0.03393468,-0.38629731,0.92174987,-0.80399656,-0.12764643,-0.26245987,,
-0.8754366,-0.43047141,-0.21978377,0.48094441,-0.82098812,-0.30768615,-0.04798979,-0.37506354,0.92575608,-0.9148497,-0.09590852,-0.11798602,,
-0.8754366,-0.43047141,-0.21978377,0.48094441,-0.82098812,-0.30768615,-0.04798979,-0.37506354,0.92575608,-0.9148497,-0.09590852,-0.11798602,,
-0.89542996,-0.39784062,-0.19982009,0.44125428,-0.85271741,-0.27958493,-0.05915983,-0.33852018,0.93909755,-0.93974531,0.10569357,0.47805339,,
-0.91325225,-0.35524124,-0.1994335,0.39928567,-0.87767448,-0.26506261,-0.08087654,-0.32170001,0.9433812,0.40855381,1.09885633,0.44819993,,
-0.92505533,-0.35402866,-0.13760847,0.37916409,-0.88217269,-0.27929497,-0.02251602,-0.31053953,0.95029376,0.04169262,0.742863,0.01268176,,
-0.94278255,-0.33108001,-0.03933264,0.32886896,-0.9040526,-0.27300928,0.05482914,-0.27032367,0.96120699,-0.9721356,-0.04918527,0.73765981,,
-0.95080702,-0.30928661,-0.01754862,0.30264666,-0.915319,-0.26569957,0.06611473,-0.25794003,0.96389615,-1.40131974,0.14362226,0.51822746,,
-0.96215043,-0.27251308,-0.00169884,0.2654935,-0.93592398,-0.23142868,0.06147736,-0.22312027,0.97285039,-0.81590998,-0.45922932,-1.19277382,,
-0.96961253,-0.24434931,-0.01201938,0.24168757,-0.94911969,-0.2018872,0.03792317,-0.19865734,0.97933502,-0.5459258,-0.02514553,-0.12368861,,
-0.98063435,-0.1950766,-0.01735561,0.19504585,-0.96477187,-0.17655648,0.01769783,-0.17652251,0.98413749,-0.62527621,0.06302439,0.20040601,,
-0.98157596,-0.18912228,-0.02722331,0.19096918,-0.96637754,-0.17217705,0.00625452,-0.17420369,0.98468978,-0.58561271,0.01634204,0.16110227,,
-0.98352673,-0.17961636,-0.0203246,0.18048326,-0.96953086,-0.16563715,0.01004582,-0.16657682,0.9859773,-0.27743393,0.0883479,-0.11383829,,
-0.98577641,-0.16755338,-0.01306655,0.16755338,-0.97377277,-0.15392353,0.01306655,-0.15392353,0.98799636,0.05507241,-0.03224092,-0.08811569,,
-0.98681224,-0.16165413,-0.00835478,0.16108666,-0.97565723,-0.14880963,0.01590428,-0.14819298,0.98883057,0.04288846,-0.08088379,-0.24646726,,
-0.9883683,-0.1517351,-0.01021736,0.15164938,-0.9783065,-0.14113361,0.01141921,-0.14104146,0.98993783,0.20085251,-0.03489375,-0.19707017,,
-0.98967057,-0.14190722,-0.0203548,0.14335588,-0.98064227,-0.13337784,-0.0010335,-0.13491811,0.99085621,0.05950839,-0.1034513,-0.02960671,,
-0.990210384,-0.137054464,-0.0264466889,0.139342997,-0.981705101,-0.129763559,-0.00817817483,-0.132178387,0.991192207,-0.0470495187,-0.113380007,9.70251858e-05,,
-0.99237388,-0.11852644,-0.03384279,0.12174271,-0.98545901,-0.11852854,-0.01930192,-0.12174476,0.99237374,-0.13776404,-0.06211936,-0.06467907,,
-0.99296634,-0.11413602,-0.03148291,0.11706553,-0.98622997,-0.11681814,-0.01771623,-0.11968202,0.99265419,-0.01336443,-0.08769905,-0.12888773,,
-0.99409065,-0.10491817,-0.02785342,0.10743831,-0.98761559,-0.11433421,-0.01551274,-0.1166511,0.9930518,0.27231109,-0.02997404,-0.02524112,,
-0.99509633,-0.09506022,-0.02732902,0.09749799,-0.98923034,-0.10916734,-0.01665723,-0.11129654,0.99364763,0.18848875,0.02051139,0.04708518,,
-0.9955136,-0.08942204,-0.03091567,0.09223611,-0.99002647,-0.1064871,-0.02108505,-0.10886093,0.99383334,0.09300439,0.02520752,0.07299506,,
-0.99705822,-0.06442311,-0.04152389,0.06792516,-0.99368339,-0.08932618,-0.03550694,-0.09188393,0.99513647,0.12877665,-0.04123586,-0.00106375,,
-0.99752877,-0.05781391,-0.03992063,0.06103307,-0.99452812,-0.08478523,-0.03480042,-0.08701219,0.99559922,0.2164353,-0.03544181,-0.07398911,,
-0.99841073,-0.04296941,-0.03646312,0.04566241,-0.99601905,-0.07655666,-0.03302837,-0.07809999,0.99639827,0.2854268,0.03333664,-0.10253419,,
-0.99896941,-0.01597759,-0.04247897,0.01869459,-0.99775188,-0.06435314,-0.04135527,-0.06508096,0.99702267,0.20987892,0.10884248,-0.06653824,,
-0.99864512,0.00453561,-0.05183984,-0.00167473,-0.99847958,-0.0550976,-0.05201092,-0.05493613,0.99713434,0.21738173,0.1451876,-0.00608155,,
-0.99714088,0.03944656,-0.06445084,-0.0370487,-0.99859118,-0.03798563,-0.06585845,-0.0354892,0.99719766,0.26763871,0.03986108,0.06045904,,
-0.99714088,0.03944656,-0.06445084,-0.0370487,-0.99859118,-0.03798563,-0.06585845,-0.0354892,0.99719766,0.26763871,0.03986108,0.06045904,,
-0.99265482,0.09477224,-0.07519526,-0.09391094,-0.9954687,-0.01491651,-0.07626821,-0.00774528,0.99705726,0.39741993,0.05267417,0.05192414,,
-0.990868072,0.110537577,-0.0772138264,-0.11018602,-0.993871954,-0.00881174209,-0.0777146826,-0.000223389531,0.996975616,0.428972214,0.0445579253,0.0728740841,,
-0.98638601,0.14403086,-0.07935646,-0.14482886,-0.98944695,0.00436338,-0.07789056,0.01579709,0.99683675,0.54222012,0.02251553,0.06002238,,
-0.97632614,0.20059697,-0.08092121,-0.20330799,-0.97875083,0.02669826,-0.07384611,0.04251813,0.99636287,0.66291302,0.0598644,0.07379958,,
-0.95429199,0.28631513,-0.08573207,-0.29158077,-0.95486389,0.05670238,-0.06562772,0.07910847,0.9947034,0.94302535,0.17408763,0.29844868,,
-0.93107866,0.353497,-0.0901803,-0.36044784,-0.92952444,0.07785721,-0.0563025,0.10499647,0.99287752,1.22777438,0.04964697,0.31987822,,
-0.89829845,0.42270404,-0.11992042,-0.43320079,-0.89766151,0.08087406,-0.07346217,0.12459867,0.98948395,1.07679248,0.09433102,-0.01228073,,
-0.87427726,0.46361541,-0.14387421,-0.47793282,-0.87398164,0.08795491,-0.08496618,0.1456592,0.98567953,0.87408507,0.19439493,-0.3145743,,
-0.84857052,0.50225727,-0.16632933,-0.52157992,-0.84687813,0.1036897,-0.08878178,0.17474208,0.98060338,0.77850819,0.21871935,-0.39932621,,
-0.83636159,0.52033421,-0.17248596,-0.54154334,-0.83307804,0.11274568,-0.08502885,0.1877048,0.9785382,0.71028817,0.33856592,-0.36929348,,
-0.81717366,0.54633923,-0.18368627,-0.57176116,-0.80865829,0.13842301,-0.0729135,0.21814031,0.97318982,0.26465625,0.12442564,-0.08830242,,
-0.80306397,0.56214741,-0.19768308,-0.59287622,-0.78708952,0.17025835,-0.05988398,0.25392994,0.96536703,-0.19902006,-0.51186007,-0.03946693,,
-0.79778135,0.56829768,-0.201452,-0.60036567,-0.77959996,0.17828408,-0.05573353,0.26317655,0.96313648,-0.08671286,-0.69720441,0.09925562,,
-0.78662847,0.57775178,-0.21775733,-0.61275355,-0.77381936,0.16042574,-0.0758186,0.25962706,0.96272806,-0.0966204,-0.71610481,0.0687022,,
-0.79150963,0.5483016,-0.26995838,-0.58992182,-0.8008586,0.1030409,-0.15970104,0.24081224,0.9573427,-0.18863782,-0.36047211,0.02496807,,
-0.81752651,0.50600415,-0.27497311,-0.54609646,-0.83274355,0.0911967,-0.18283617,0.22471756,0.957117,-0.19292624,-0.20696364,0.06743185,,
-0.85154771,0.45731956,-0.25637014,-0.49272754,-0.86516575,0.09331736,-0.17912677,0.20578479,0.96206353,-0.24173845,-0.03100097,0.0694564,,
-0.85154771,0.45731956,-0.25637014,-0.49272754,-0.86516575,0.09331736,-0.17912677,0.20578479,0.96206353,-0.24173845,-0.03100097,0.0694564,,
-0.90564769,0.36855859,-0.20968222,-0.39716626,-0.91051144,0.11501165,-0.14852955,0.18743875,0.97098181,-0.19559285,-0.53381652,0.11509605,,
-0.93931407,0.29952916,-0.16724738,-0.32172162,-0.93836849,0.12633332,-0.11909913,0.17247374,0.97778741,-0.0697545,-0.80166948,0.02047054,,
-0.95418678,0.2614514,-0.1454994,-0.28005342,-0.95159242,0.12665417,-0.10534226,0.16159939,0.98121794,-0.00506002,-0.83861107,-0.0745097,,
-0.97807231,0.18166888,-0.10183619,-0.1926826,-0.97491572,0.11141096,-0.07904181,0.12859005,0.98854286,0.24447668,-0.75058478,-0.28832364,,
-0.99297506,0.09787367,-0.06649328,-0.10273935,-0.99193791,0.07418817,-0.05869613,0.08049848,0.995025,0.15896872,-0.45002881,-0.27071717,,
-0.99676784,0.05415702,-0.05933773,-0.05698234,-0.99726814,0.04700367,-0.05663004,0.05023295,0.99713073,0.12956768,-0.29508302,-0.22030894,,
-0.99751254,-0.03339102,-0.06207876,0.03500969,-0.99906991,-0.02517193,-0.06118051,-0.02728268,0.99775378,-0.21900475,0.04677415,-0.22900593,,
-0.99084618,-0.11613387,-0.06882306,0.12269089,-0.98736617,-0.10027374,-0.05630839,-0.10779983,0.99257673,-0.1631851,0.47891948,-0.23112269,,
-0.98519822,-0.15481211,-0.07360197,0.16361561,-0.97732654,-0.1343962,-0.05112701,-0.14444936,0.98819047,-0.23124959,0.50873965,-0.26748487,,
-0.96962683,-0.22682611,-0.09150704,0.24092951,-0.95023039,-0.1975221,-0.0421496,-0.21356949,0.97601818,-0.48383957,0.45962533,-0.17725743,,
-0.94722892,-0.2908113,-0.13485542,0.31657134,-0.91478257,-0.25090885,-0.05039627,-0.2803595,0.95857121,-0.69143939,0.4561083,0.10129906,,
-0.93367506,-0.32064324,-0.15949451,0.35378116,-0.89495884,-0.27182214,-0.05558311,-0.31021975,0.94903857,-0.94002503,0.36213216,0.18547505,,
-0.90689711,-0.37681265,-0.18854615,0.41868866,-0.85613898,-0.30286242,-0.04729933,-0.35360723,0.93419735,-1.01262128,0.39154539,0.05278501,,
-0.88580269,-0.42320214,-0.19040338,0.46356221,-0.82597577,-0.32073979,-0.02153082,-0.37237599,0.92783217,-0.6763624,0.2178254,-0.24254598,,
-0.85979099,-0.46543278,-0.21007545,0.5102645,-0.79897828,-0.3182197,-0.01973585,-0.38079649,0.92444823,-0.686535,0.09692966,-0.20516276,,
-0.85445392,-0.46890975,-0.22367826,0.51809454,-0.80102851,-0.29988534,-0.03855351,-0.37212472,0.9273817,-0.97836322,-0.27685794,0.26194894,,
-0.87285487,-0.45017308,-0.18833053,0.48697529,-0.82832173,-0.27701625,-0.03129302,-0.33350733,0.942228,-1.26702368,-0.27143511,0.46210501,,
-0.87285487,-0.45017308,-0.18833053,0.48697529,-0.82832173,-0.27701625,-0.03129302,-0.33350733,0.942228,-1.26702368,-0.27143511,0.46210501,,
-0.90695085,-0.40089213,-0.12932775,0.42121423,-0.86625779,-0.26865597,-0.00432911,-0.29813244,0.9545147,1.87019563,0.62524515,0.50577015,,
-0.90651849,-0.3992353,-0.13724113,0.42210183,-0.86280831,-0.27819345,-0.00734816,-0.31011728,0.9506699,0.03679309,1.28340662,0.19452505,,
-0.92183663,-0.3826396,-0.06167633,0.38337745,-0.87685915,-0.29006825,0.05691014,-0.29104088,0.95501646,-0.62171555,0.57421201,0.512622,,
-0.947723051,-0.319092214,0.000988437387,0.307803744,-0.915003533,-0.260816396,0.0841289092,-0.246877492,0.965387915,-1.42302978,0.0,-0.245333537,-1.02682233,0.0
-0.95633434,-0.28971771,0.03857329,0.27318652,-0.93297152,-0.23437767,0.10389116,-0.21360575,0.97138005,-0.16395631,-0.26303437,-0.53837699,,
-0.96947548,-0.23934367,0.05321617,0.22349384,-0.95189017,-0.20965607,0.1008358,-0.19136293,0.97632596,-0.48697358,-0.02872562,0.38357687,,
-0.97181851,-0.23056464,0.0490752,0.21620492,-0.95475586,-0.20419675,0.0939354,-0.18783192,0.97769899,-0.55097038,0.03843152,0.09077156,,
-0.97447051,-0.21831928,0.05237661,0.20467926,-0.95973931,-0.1923701,0.09226601,-0.17673864,0.97992369,-0.44307128,0.04754567,0.16714297,,
-0.97750295,-0.20053036,0.06538914,0.1868325,-0.96707615,-0.17279332,0.09788658,-0.15668915,0.98278519,-0.146005,-0.04052561,-0.00470721,,
-0.98142437,-0.18169543,0.06158588,0.17051801,-0.97324659,-0.15399521,0.08791848,-0.14063316,0.98615042,0.14026314,-0.10190534,-0.13481829,,
-0.98249481,-0.17739379,0.05688095,0.16724542,-0.97442077,-0.15011056,0.08205466,-0.13796976,0.9870316,0.08776119,-0.12703668,0.00963128,,
-0.98621956,-0.16040124,0.04052223,0.1530301,-0.97752723,-0.14498943,0.06286808,-0.13679032,0.98860306,0.00441894,-0.02310312,-0.06577644,,
-0.98700548,-0.15585208,0.03911883,0.14881844,-0.9784277,-0.1432909,0.06060713,-0.1356073,0.98890719,0.18770574,-0.0037328,-0.18470109,,
-0.98877177,-0.14626328,0.03062092,0.14072443,-0.98031757,-0.13847122,0.05027148,-0.1326073,0.98989297,0.09374599,-0.04743117,-0.09829167,,
-0.99049636,-0.13649605,0.01690094,0.13303456,-0.98198931,-0.13415909,0.03490874,-0.13063569,0.99081567,0.13843732,-0.04012775,-0.14350817,,
-0.99137141,-0.13085177,0.00777152,0.12869815,-0.98288387,-0.13181778,0.02488709,-0.12968021,0.9912435,0.14589044,-0.06522488,-0.15741408,,
-0.99373054,-0.10712919,-0.03198528,0.11030351,-0.98611745,-0.12411943,-0.01824443,-0.12686935,0.99175164,-0.05115953,-0.01426375,0.02894505,,
-0.99413785,-0.10106531,-0.03841329,0.10504767,-0.98696253,-0.12194177,-0.0255884,-0.12526216,0.99179364,-0.00692271,0.01237154,0.06425676,,
-0.99552894,-0.07720513,-0.05441623,0.08290309,-0.99027858,-0.11169168,-0.04526406,-0.1157036,0.9922519,-0.02067885,0.01258433,0.06475005,,
-0.99590372,-0.07117198,-0.05577121,0.0769123,-0.99110224,-0.10863208,-0.04754341,-0.11247658,0.99251632,-0.02418019,-0.00763941,0.0545473,,
-0.99658442,-0.05868183,-0.05810625,0.06439308,-0.99271221,-0.10186462,-0.05170517,-0.10525831,0.99309983,0.13017675,-0.07451921,0.0238531,,
-0.99725215,-0.04605833,-0.05802217,0.05155232,-0.99394295,-0.09705444,-0.05320057,-0.09977893,0.99358636,0.08328383,-0.00509053,-0.00330342,,
-0.99805654,-0.02677028,-0.05626983,0.03175024,-0.99547535,-0.08955748,-0.05361775,-0.09117002,0.99439085,0.06781664,0.04150712,-0.02549471,,
-0.99823301,-0.01254798,-0.05808114,0.01736442,-0.99638332,-0.08317914,-0.05682734,-0.0840407,0.9948406,0.0054944,-0.02278828,-0.02834814,,
-0.99824694,-0.00508814,-0.0589661,0.00982596,-0.99671907,-0.08033916,-0.05836387,-0.08077772,0.99502192,-0.01671266,-0.02148247,-0.01395685,,
-0.9978435,0.02536941,-0.06053597,-0.02110212,-0.99731537,-0.07011852,-0.06215233,-0.06868988,0.99570015,0.10563742,-0.04745823,-0.06946751,,
-0.99758831,0.03372005,-0.06066497,-0.02956235,-0.99723523,-0.06817391,-0.06279608,-0.06621611,0.99582733,0.11819726,0.00238407,-0.09412739,,
-0.99681811,0.05132677,-0.06098383,-0.04737808,-0.99679095,-0.06452084,-0.06409979,-0.06142625,0.99605122,0.1249845,0.0700879,-0.0677004,,
-0.99561895,0.06980384,-0.06221098,-0.06611227,-0.99603384,-0.05954514,-0.06612072,-0.05517136,0.99628519,0.23939368,0.08550977,-0.00445452,,
-0.99477904,0.07985124,-0.06354809,-0.07629312,-0.99547887,-0.05657818,-0.06777862,-0.05143451,0.9963737,0.2815156,0.12802134,-0.02165678,,
-0.99237453,0.10248973,-0.06847253,-0.09922472,-0.99383287,-0.04950268,-0.07312378,-0.04233104,0.9964241,0.46113163,0.2284026,0.03419137,,
-0.98920374,0.12852574,-0.07040617,-0.12607275,-0.99128289,-0.0382599,-0.07470982,-0.02897054,0.99678441,0.5571329,0.212759,0.1315864,,
-0.98920374,0.12852574,-0.07040617,-0.12607275,-0.99128289,-0.0382599,-0.07470982,-0.02897054,0.99678441,0.5571329,0.212759,0.1315864,,
-0.98406047,0.16930111,-0.05442229,-0.16891099,-0.98556141,-0.01172341,-0.0556213,-0.00234402,0.99844919,0.40471005,0.37548861,0.18671981,,
-0.98406047,0.16930111,-0.05442229,-0.16891099,-0.98556141,-0.01172341,-0.0556213,-0.00234402,0.99844919,0.40471005,0.37548861,0.18671981,,
-0.96829173,0.24198239,-0.06209683,-0.24475929,-0.96868377,0.04177325,-0.05004379,0.05564746,0.99719556,0.42849502,0.02270996,0.11841182,,
-0.95882466,0.27164259,-0.08285968,-0.27655778,-0.95942797,0.05489912,-0.06458495,0.07555411,0.99504792,0.13773264,-0.08447414,0.07317676,,
-0.95406955,0.28524897,-0.09156471,-0.29120821,-0.95478463,0.0598654,-0.07034804,0.08378016,0.99399801,0.03954031,0.04412055,-0.06019167,,
-0.9457124,0.30855647,-0.10208293,-0.31655465,-0.9456645,0.07424123,-0.07362859,0.10252568,0.99200167,-0.05800473,-0.02552438,-0.1698415,,
-0.93645951,0.33176294,-0.11391656,-0.34206789,-0.93562614,0.08713968,-0.07767359,0.12056997,0.9896614,0.12621343,-0.21532546,-0.41409969,,
-0.93138244,0.34232454,-0.12385817,-0.35420852,-0.93070539,0.09123583,-0.08404319,0.12884706,0.98809675,0.10566029,-0.32138821,-0.4333722,,
-0.9212679,0.3583955,-0.15105703,-0.37428369,-0.92255297,0.0938501,-0.10572265,0.14299926,0.98405992,0.11503965,-0.46681306,-0.16080242,,
-0.90481266,0.36870152,-0.21300917,-0.39115344,-0.91737561,0.07362505,-0.16826378,0.14993616,0.97427226,-0.07101715,-0.49519828,-0.01986869,,
-0.90481266,0.36870152,-0.21300917,-0.39115344,-0.91737561,0.07362505,-0.16826378,0.14993616,0.97427226,-0.07101715,-0.49519828,-0.01986869,,
-0.90481266,0.36870152,-0.21300917,-0.39115344,-0.91737561,0.07362505,-0.16826378,0.14993616,0.97427226,-0.07101715,-0.49519828,-0.01986869,,
-0.90963192,0.32724281,-0.25589376,-0.35034949,-0.93532125,0.0492858,-0.22321448,0.1344842,0.96544771,-0.41512409,0.0072608,0.18862972,,
-0.92068976,0.29810007,-0.25192657,-0.31968723,-0.94627517,0.04861756,-0.22389893,0.12529938,0.96652436,-0.4525483,-0.27096006,0.17990161,,
-0.93718813,0.26094937,-0.23148153,-0.27945338,-0.95882917,0.05052033,-0.20876801,0.11203536,0.97152663,-0.32652652,-0.35186884,0.11089085,,
-0.94660072,0.23984509,-0.21545664,-0.25622461,-0.96526092,0.05119038,-0.1956941,0.10366213,0.97517075,-0.25141618,-0.36599758,0.06322769,,
-0.97741401,0.15143215,-0.14741169,-0.15781587,-0.98693198,0.03254971,-0.14055623,0.05507845,0.98853948,0.52473629,-0.55672663,-0.21877176,,
-0.98136136,0.12996241,-0.14156123,-0.13385268,-0.99083271,0.01827363,-0.13788862,0.03688139,0.98976083,0.447557,-0.40423843,-0.43424511,,
-0.98553947,0.08757149,-0.1450615,-0.08546429,-0.99612586,-0.02070703,-0.14631288,-0.00801002,0.98920593,0.00711495,0.06525158,-0.29631341,,
-0.98325363,0.03117394,-0.17955613,-0.01580068,-0.9961334,-0.0864205,-0.18155593,-0.08213616,0.97994443,-0.40964514,0.18323468,0.22962271,,
-0.98162029,-0.0020424,-0.19083354,0.02753316,-0.99099726,-0.13102046,-0.18884792,-0.13386659,0.97283925,-0.52806342,0.29525504,0.29666534,,
-0.98126542,-0.0322039,-0.18994981,0.06559778,-0.98286863,-0.17223828,-0.18114898,-0.18147177,0.96656766,-0.51076788,0.12855814,0.0769622,,
-0.98453576,-0.0745501,-0.15852961,0.1087478,-0.96954854,-0.21943008,-0.13734361,-0.2332765,0.96266235,-1.08079243,0.99230498,-0.42486176,,
-0.98551171,-0.06861502,-0.1551095,0.10272731,-0.96916765,-0.22396761,-0.13495955,-0.23665664,0.96217439,-1.45845175,0.26985654,0.34936523,,
-0.98349053,-0.03611975,-0.17731798,0.07557371,-0.97231703,-0.22110662,-0.16442298,-0.23085685,0.95899437,0.30309182,-0.69332629,0.43338001,,
-0.9847743,-0.05110974,-0.1661541,0.08923199,-0.96889351,-0.23083073,-0.14918795,-0.24214246,0.95870224,-0.17793123,0.66867298,0.10067453,,
-0.98737468,-0.05327112,-0.14917659,0.0874107,-0.96862202,-0.23266065,-0.13210162,-0.24276284,0.9610491,0.10641438,0.66363937,-0.48779631,,
-0.99095696,-0.04759894,-0.12545292,0.07499472,-0.97177331,-0.22367885,-0.11126494,-0.23106445,0.96655539,0.25383657,-0.24776642,-0.32465911,,
-0.99197146,-0.04762168,-0.11715287,0.07279986,-0.97253155,-0.22109402,-0.10340599,-0.22784767,0.96819039,0.29840836,-0.15395276,-0.28406861,,
-0.99169802,-0.04766659,-0.11942505,0.07342669,-0.97236265,-0.22162764,-0.10556026,-0.22855674,0.9677907,0.15836379,-0.17510264,-0.17911425,,
-0.99050361,-0.04578906,-0.12963758,0.07430307,-0.97163042,-0.2245291,-0.11567884,-0.23202936,0.96580577,-0.26486343,-0.0129987,0.1137619,,
-0.98963977,-0.04444204,-0.13652065,0.07475823,-0.97131789,-0.22572687,-0.1225732,-0.23359434,0.96457736,-0.19797739,0.12789355,0.2173973,,
-0.99087823,-0.04588515,-0.12670772,0.07370617,-0.97167833,-0.22451855,-0.11281708,-0.23180968,0.96619696,0.04478408,0.04539013,0.10241112,,
-0.99197277,-0.04822789,-0.11689216,0.07338811,-0.97237146,-0.2216024,-0.1029752,-0.22840207,0.96810567,0.15263003,-0.01133817,0.00558437,,
-0.9921606,-0.04886908,-0.11501947,0.0734472,-0.97266438,-0.22029486,-0.10110972,-0.22701571,0.96862826,0.13434695,-0.02387994,-0.03816283,,
-0.9921606,-0.04886908,-0.11501947,0.0734472,-0.97266438,-0.22029486,-0.10110972,-0.22701571,0.96862826,0.13434695,-0.02387994,-0.03816283,,
-0.99110567,-0.04900443,-0.12372653,0.07526489,-0.97316199,-0.21746514,-0.10974919,-0.22484318,0.96819454,-0.00548353,-0.0142163,-0.0062464,,
-0.99095392,-0.04909526,-0.12489781,0.07559823,-0.97318072,-0.21726407,-0.11088154,-0.22474079,0.96808928,-0.04949569,0.02650034,-0.01038658,,
-0.99125405,-0.0493472758,-0.122393403,0.075190685,-0.973380542,-0.216509984,-0.108451185,-0.223819255,0.968577968,-0.0510554872,0.0124535551,-0.000818029046,,
-0.99201148,-0.04970478,-0.11594113,0.07392764,-0.97379786,-0.21506307,-0.10221358,-0.22191632,0.96969352,0.03130374,-0.0201016,-0.03940968,,
-0.99180637,-0.04910961,-0.11793419,0.07358749,-0.97424005,-0.21316965,-0.10442753,-0.22010149,0.96987124,0.00634879,-0.01850068,0.00945493,,
-0.99107954,-0.04865042,-0.12407284,0.07437292,-0.97443661,-0.21199421,-0.11058754,-0.21933083,0.96936287,-0.02917078,-0.03119361,0.07072929,,
-0.99129224,-0.04689823,-0.12304365,0.07220707,-0.97500837,-0.21010546,-0.11011504,-0.21716059,0.96990512,-0.04323027,0.00772679,0.00508098,,
-0.99153748,-0.04675241,-0.12111185,0.07143119,-0.97546421,-0.20824884,-0.10840412,-0.21513765,0.97054848,0.02757505,-0.01223528,-0.02095487,,
-0.99163605,-0.04707094,-0.12017366,0.07146289,-0.97560985,-0.20755218,-0.10747296,-0.21440424,0.97081428,0.05454146,-0.02263987,-0.03620677,,
-0.99176842,-0.04753869,-0.11889186,0.07152063,-0.97584637,-0.20641818,-0.10620735,-0.21322228,0.97121381,0.05852162,-0.01375729,-0.00474985,,
