0,1,2,3,4,5,6,7,8,9,10,11
0.49719633,0.0978205,-0.86210609,-0.26373897,-0.92956682,-0.25757936,-0.82658183,0.35543849,-0.4363781,0.00185736,0.00439298,0.00160093
0.497282461,0.0977874783,-0.862060078,-0.26371158,-0.929577111,-0.257569188,-0.826538669,0.355419883,-0.43647452,0.000641469436,0.00605678512,-0.0010790301
0.49741587,0.09779354,-0.86198251,-0.26365249,-0.92958389,-0.25760642,-0.82647734,0.35540137,-0.43660625,,,
0.4974547,0.09772149,-0.86196826,-0.26365681,-0.92959853,-0.25754901,-0.82645258,0.35538277,-0.43666818,0.00323386,0.00694728,-0.00161255
0.4974547,0.0976853,-0.86197239,-0.26362212,-0.92962435,-0.25749165,-0.82646367,0.35532542,-0.436694,0.00624719,0.00467288,-0.00239928
0.49732975,0.09768165,-0.86204487,-0.26354097,-0.92967626,-0.25738691,-0.82656471,0.35519031,-0.4366125,0.00107714,0.00155759,0.00560489
0.49728246,0.0976426,-0.86207659,-0.26357268,-0.92968039,-0.25733963,-0.82658307,0.35519033,-0.4365778,0.00291068,0.00160217,0.00501853
0.49724363,0.09767842,-0.8620949,-0.26353357,-0.92969138,-0.2573396,-0.82661886,0.35515143,-0.43654149,0.00245372,0.00509691,-0.00295181
0.4971575,0.09771141,-0.86214086,-0.26356096,-0.92968089,-0.25734975,-0.82666196,0.35517004,-0.43644487,0.0050344,0.00581503,0.00354341
0.497110195,0.0977085583,-0.862168441,-0.263627384,-0.929659213,-0.257359815,-0.826669211,0.355227405,-0.43638435,1.98862399e-05,0.00868415739,0.00305545353
0.49697674,0.09770251,-0.8622461,-0.26368649,-0.92965289,-0.25732267,-0.82673064,0.35524603,-0.43625303,-0.00093773,0.00302446,0.00417329
0.49692943,0.0976996957,-0.862273684,-0.263752944,-0.929631219,-0.257332782,-0.826737879,0.355303456,-0.436192523,-0.000326988753,0.00683569862,0.0018194142
0.49688211,0.09769687,-0.8623012,-0.26381936,-0.92960935,-0.25734282,-0.82674506,0.35536081,-0.43613181,0.00788165,0.00361967,-0.00264591
0.49683479,0.09769403,-0.86232884,-0.26388579,-0.92958789,-0.25735289,-0.82675235,0.3554182,-0.43607151,0.00408392,0.00624025,-0.00319336
0.496614996,0.0977209311,-0.862452464,-0.263972308,-0.929571108,-0.25732569,-0.826856852,0.355455355,-0.435843419,0.00043569511,0.00531411124,-0.00105347799
0.496489954,0.0977534602,-0.862520687,-0.263925836,-0.929597136,-0.257278298,-0.82694669,0.355377589,-0.435735925,0.00210992759,0.0051056142,0.000759565213
0.49627021,0.09774408,-0.86264815,-0.26397739,-0.92960574,-0.25719357,-0.82706207,0.35535713,-0.43553326,,,
0.49623134,0.09777991,-0.8626665,-0.26393837,-0.92961699,-0.25719366,-0.8270979,0.35531835,-0.43549716,0.00365169,0.00276422,0.00278467
0.496278686,0.0978189546,-0.862634869,-0.26390669,-0.929613003,-0.257240978,-0.827079636,0.355318327,-0.435532042,0.00327400793,0.00382184959,0.000633989344
0.496028488,0.0979565151,-0.862763119,-0.263883259,-0.929613975,-0.257261054,-0.827237151,0.355277561,-0.43526587,-0.00240019639,0.00758862449,-0.000612647389
0.49590336,0.09802524,-0.86282729,-0.26387154,-0.9296147,-0.25727106,-0.82731595,0.35525715,-0.435133,-0.00232469,0.0051614,-0.00206477
0.49576975,0.09801917,-0.86290473,-0.26393057,-0.92960818,-0.25723374,-0.82737717,0.35527565,-0.43500134,,,
0.495730852,0.0980186284,-0.862927085,-0.263856671,-0.929644861,-0.257176291,-0.827423992,0.355179301,-0.434990655,0.00183365715,0.00539529277,0.000705529237
0.49577821,0.09805773,-0.86289547,-0.26382506,-0.92964084,-0.25722371,-0.82740574,0.35517936,-0.43502554,0.00420466,0.00449777,-0.00294578
0.49578667,0.09813254,-0.86288207,-0.26375429,-0.9296477,-0.257271,-0.82742319,0.3551404,-0.43502394,-0.00256029,0.00423717,0.00319697
0.49579512,0.0982074,-0.86286879,-0.2636836,-0.92965496,-0.25731844,-0.82744075,0.35510157,-0.43502275,0.00275204,0.00401998,0.00344308
0.4958035,0.098246,-0.86285959,-0.26357807,-0.92968768,-0.25730842,-0.82746936,0.35500527,-0.43504697,0.00341079,0.00566888,0.00186427
0.49589819,0.09832417,-0.86279622,-0.26351476,-0.92967925,-0.25740311,-0.82743274,0.35500527,-0.43511636,,,
0.495867697,0.0984347418,-0.862801165,-0.263404921,-0.929697377,-0.257450413,-0.827486009,0.354927415,-0.435078723,0.00183667883,0.00939798262,-0.000469642924
0.495915031,0.0984738037,-0.862769417,-0.263373227,-0.929692963,-0.257497681,-0.827467643,0.354927348,-0.435113227,-0.00034830044,0.0076029296,-0.000705372076
0.49574252,0.09850346,-0.8628652,-0.26339321,-0.92969773,-0.25746042,-0.82756468,0.35490692,-0.43494548,,,
0.49561726,0.0985359367,-0.862933554,-0.263346731,-0.929724373,-0.257413176,-0.827654607,0.354829132,-0.434838447,-0.00273681828,0.00519764377,0.00014501519
0.49549204,0.09856832,-0.86300173,-0.26330019,-0.92975057,-0.25736578,-0.82774435,0.35475121,-0.43473102,0.00254173,0.00433946,0.00230003
0.49541415,0.09863982,-0.8630383,-0.26322203,-0.92977276,-0.25736581,-0.82781585,0.35467335,-0.43465851,,,
0.49515524,0.09862976,-0.86318802,-0.26319966,-0.92981839,-0.25722377,-0.82797785,0.35455648,-0.43444523,,,
0.49510788,0.09855432,-0.86322367,-0.2631964,-0.92984785,-0.2571189,-0.82800707,0.35449897,-0.43443572,,,
0.49511628,0.09862917,-0.86321041,-0.26312572,-0.9298551,-0.25716636,-0.82802462,0.35446011,-0.43443458,,,
0.49511628,0.0986291737,-0.863210407,-0.263125724,-0.929855103,-0.25716636,-0.828024621,0.35446011,-0.434434577,0.00178123266,0.00504040672,0.000331786112
0.49512467,0.0986677,-0.8632012,-0.26302019,-0.92988776,-0.25715637,-0.82805314,0.3543638,-0.43445884,,,
0.49504673,0.09873912,-0.86323764,-0.26294195,-0.92990958,-0.25715629,-0.82812449,0.35428578,-0.43438595,,,
0.4949604,0.09873571,-0.86328758,-0.26293447,-0.92992495,-0.25710893,-0.82817852,0.3542468,-0.434315,,,
0.49488244,0.09880718,-0.86332414,-0.26285628,-0.92994719,-0.25710903,-0.82824997,0.35416891,-0.43424252,,,
0.49476547,0.09895057,-0.86337474,-0.26277376,-0.92995457,-0.25716635,-0.828346,0.35410925,-0.43410782,0.00180727,0.00763869,0.00327337
0.49464011,0.09901916,-0.86343869,-0.262762,-0.92995511,-0.25717634,-0.82842459,0.35408861,-0.43397464,-0.00268859,0.00485563,0.00280514
0.494475724,0.0991597859,-0.863516655,-0.262745943,-0.929940826,-0.25724369,-0.828527758,0.354086266,-0.43377925,-0.000418014708,0.00583052589,-7.07179061e-05
0.494475724,0.0991597859,-0.863516655,-0.262745943,-0.929940826,-0.25724369,-0.828527758,0.354086266,-0.43377925,0.00324114389,0.0105090132,-0.000821498921
0.49444505,0.09930657,-0.86351741,-0.26267096,-0.92993323,-0.25734842,-0.8285699,0.3540656,-0.43371594,-0.00306075,0.01023126,-0.01010467
0.49410767,0.09944029,-0.86369509,-0.26264,-0.92994946,-0.25732099,-0.82878091,0.35398515,-0.43337812,-0.00392149,0.01521969,-0.00556859
0.493675391,0.0994594128,-0.863940104,-0.262637271,-0.930000102,-0.257141475,-0.829039409,0.353847283,-0.432996483,0.000379853882,0.00823223498,-0.00736357411
0.49271564,0.09941881,-0.86449242,-0.26269443,-0.93010923,-0.25668703,-0.829592,0.35357106,-0.43216254,0.00412159,-0.0014739,0.00579867
0.49197555,0.09938765,-0.86491741,-0.26269982,-0.93020973,-0.25631723,-0.83002941,0.35331546,-0.43153129,0.00686694,-0.00135177,0.01288411
0.49162911,0.09933688,-0.86512022,-0.26263419,-0.93029641,-0.25607003,-0.83025544,0.35310163,-0.43127152,0.00276713,0.00201762,0.0066712
0.49184982,0.09934685,-0.86499364,-0.26258314,-0.93028748,-0.25615518,-0.83014089,0.35312262,-0.43147496,,,
0.49188895,0.09931121,-0.8649754,-0.26262223,-0.93027619,-0.25615505,-0.83010525,0.35316162,-0.43151115,,,
0.49188895,0.09931121,-0.8649754,-0.26262223,-0.93027619,-0.25615505,-0.83010525,0.35316162,-0.43151115,,,
0.49188895,0.09931121,-0.8649754,-0.26262223,-0.93027619,-0.25615505,-0.83010525,0.35316162,-0.43151115,,,
0.49162076,0.09937139,-0.86512096,-0.26280967,-0.93021244,-0.25619444,-0.83020481,0.35331267,-0.4311959,,,
0.49170738,0.0994478413,-0.865062981,-0.26288728,-0.930145953,-0.256356618,-0.830128973,0.353466497,-0.431216039,-0.000787190453,0.00848817732,0.00100541417
0.4918806,0.099455,-0.86496369,-0.26290261,-0.9301155,-0.25645161,-0.83002151,0.35354479,-0.4313588,0.00192585,0.00949609,-0.00303241
0.49191972,0.09941938,-0.86494553,-0.26294179,-0.93010441,-0.25645159,-0.82998591,0.35358392,-0.4313952,0.00607909,0.00863135,-0.00157033
0.49191972,0.09941938,-0.86494553,-0.26294179,-0.93010441,-0.25645159,-0.82998591,0.35358392,-0.4313952,0.00640892,0.0041883,0.00217505
0.49191972,0.09941938,-0.86494553,-0.26294179,-0.93010441,-0.25645159,-0.82998591,0.35358392,-0.4313952,,,
0.4919672,0.0994221357,-0.864918233,-0.262875363,-0.930125957,-0.25644178,-0.829978828,0.353526635,-0.431455868,0.00445172284,0.00478136493,0.000817988417
0.4919672,0.0994221357,-0.864918233,-0.262875363,-0.930125957,-0.25644178,-0.829978828,0.353526635,-0.431455868,0.0031615647,0.00583100272,-0.000716066803
0.49192808,0.09942132,-0.86494055,-0.26280122,-0.93016261,-0.25638443,-0.83002546,0.35343013,-0.43144505,0.00187757,0.00488234,-0.00107465
0.49193642,0.09949605,-0.8649272,-0.26273055,-0.93016946,-0.25643188,-0.83004288,0.35339098,-0.43144355,,,
0.491992228,0.0995736034,-0.864886544,-0.262593403,-0.930197848,-0.256469551,-0.830053216,0.353294527,-0.431502731,-0.000239581219,0.00704479171,0.00247415504
0.492087146,0.0996155222,-0.864827729,-0.262495454,-0.930215169,-0.256507167,-0.830027946,0.353237226,-0.431598319,-0.000427959778,0.00629305793,0.000827400072
0.49209546,0.09969026,-0.86481438,-0.26242478,-0.93022202,-0.25655462,-0.83004536,0.35319809,-0.43159685,,,
0.492056324,0.0997257968,-0.864832493,-0.262385566,-0.930232888,-0.256554511,-0.830080894,0.353158842,-0.431560269,0.00285740406,0.00790345576,0.000824477465
0.49206463,0.09980054,-0.86481915,-0.26231489,-0.93023974,-0.25660196,-0.83009831,0.3531197,-0.43155881,0.00505557,0.00447035,0.0025905
0.49211208,0.09983974,-0.86478769,-0.26228343,-0.93023571,-0.25664952,-0.83008019,0.35311981,-0.43159393,-0.00139199,0.00623131,0.00322225
0.49203378,0.09994732,-0.8648198,-0.26224002,-0.93023208,-0.25670683,-0.8301403,0.3530988,-0.43149541,0.0030538,0.01073003,-0.00315751
0.49176566,0.09989826,-0.86497799,-0.26232273,-0.93024542,-0.25657441,-0.83027307,0.35307787,-0.43125723,-0.00147898,0.00482106,-0.00128191
0.49167904,0.09985818,-0.86503179,-0.26228005,-0.93028614,-0.25646951,-0.83033778,0.35298126,-0.43121132,,,
0.49145818,0.09984823,-0.86515853,-0.26233127,-0.93029545,-0.25638448,-0.83045244,0.35296038,-0.43100808,,,
0.49137153,0.09980816,-0.86521231,-0.26228854,-0.93033619,-0.2562796,-0.83051714,0.35286377,-0.43096217,,,
0.49141901,0.09981092,-0.86518504,-0.2622221,-0.9303577,-0.25626979,-0.83051005,0.35280649,-0.43102285,,,
0.49141901,0.09981092,-0.86518504,-0.2622221,-0.9303577,-0.25626979,-0.83051005,0.35280649,-0.43102285,,,
0.49156154,0.09985559,-0.86509884,-0.26205759,-0.93039615,-0.2562975,-0.83047755,0.35269172,-0.43117894,,,
0.491609,0.09985836,-0.86507158,-0.26199116,-0.93041767,-0.25628768,-0.83047045,0.35263444,-0.43123963,0.00291874,0.00394309,-0.00378594
0.49153064,0.09992944,-0.86510788,-0.26191278,-0.93043967,-0.25628764,-0.83054153,0.35255604,-0.43116672,,,
0.49153064,0.09992944,-0.86510788,-0.26191278,-0.93043967,-0.25628764,-0.83054153,0.35255604,-0.43116672,,,
0.49166473,0.09997226,-0.86502674,-0.26188898,-0.93042027,-0.25638258,-0.83046968,0.35259525,-0.43127313,0.00406935,0.00344181,0.00422398
0.491625552,0.100007831,-0.865044926,-0.261849825,-0.930431363,-0.256382619,-0.830505243,0.352556112,-0.431236773,-0.000118716911,0.00495016528,0.00241752109
0.491673001,0.100046999,-0.865013414,-0.261818314,-0.930427112,-0.256430045,-0.830487074,0.352556088,-0.431271704,-0.000216618879,0.00698244525,0.00189292722
0.491633817,0.100118955,-0.86502734,-0.261814088,-0.930412435,-0.256487345,-0.830511582,0.352574205,-0.431209579,0.000451371539,0.00834989455,-0.0035351254
0.49160288,0.10026564,-0.86502793,-0.2617392,-0.93040461,-0.25659212,-0.83055349,0.35255315,-0.43114605,,,
0.49160288,0.10026564,-0.86502793,-0.2617392,-0.93040461,-0.25659212,-0.83055349,0.35255315,-0.43114605,0.00240777,0.00447917,0.00141398
0.491611014,0.100340423,-0.865014688,-0.261668533,-0.930411573,-0.2566396,-0.830571002,0.352513979,-0.431144646,0.000321641826,0.00563192321,0.00250690756
0.491524373,0.100336764,-0.865064317,-0.261660833,-0.930426732,-0.256592107,-0.830624673,0.352474729,-0.431073164,0.00161681033,0.00676321937,0.000503037823
0.49157182,0.10037599,-0.86503287,-0.26162938,-0.93042267,-0.25663965,-0.83060657,0.35247483,-0.43110831,,,
0.49157182,0.10037599,-0.86503287,-0.26162938,-0.93042267,-0.25663965,-0.83060657,0.35247483,-0.43110831,,,
0.49144596,0.10044428,-0.86509641,-0.26161747,-0.93042317,-0.25664947,-0.83068475,0.35245368,-0.43097472,0.00480543,0.0056951,0.00161321
0.49135107,0.10040234,-0.86515516,-0.26171543,-0.93040594,-0.25661187,-0.83071001,0.35251098,-0.43087906,0.00268685,0.0057776,0.00206572
0.491398518,0.100441561,-0.865123715,-0.261683988,-0.930401869,-0.256659417,-0.830691905,0.352511076,-0.430914205,-5.82348439e-05,0.00701880408,0.0025686631
0.491485171,0.100408719,-0.865078229,-0.261656619,-0.930412065,-0.256649413,-0.830649184,0.352492832,-0.431011053,-0.000305913971,0.00507080508,-0.00503115356
0.49148517,0.10040872,-0.86507823,-0.26165662,-0.93041207,-0.25664941,-0.83064918,0.35249283,-0.43101105,-0.00138828,0.00632405,0.00154757
0.49148517,0.10040872,-0.86507823,-0.26165662,-0.93041207,-0.25664941,-0.83064918,0.35249283,-0.43101105,0.00225684,0.00568402,0.00343676
0.49144596,0.10044428,-0.86509641,-0.26161747,-0.93042317,-0.25664947,-0.83068475,0.35245368,-0.43097472,,,
0.49139852,0.10044156,-0.86512372,-0.26168399,-0.93040187,-0.25665942,-0.8306919,0.35251108,-0.4309142,0.00505959,0.00428009,0.00263771
0.49148517,0.10040872,-0.86507823,-0.26165662,-0.93041207,-0.25664941,-0.83064918,0.35249283,-0.43101105,,,
0.491619254,0.100487987,-0.864992881,-0.261667798,-0.930367072,-0.256801701,-0.830566363,0.352589442,-0.431091906,0.000722665514,0.00437509967,-0.00344312144
0.49161925,0.10048799,-0.86499288,-0.2616678,-0.93036707,-0.2568017,-0.83056636,0.35258944,-0.43109191,,,
0.491571815,0.100448821,-0.865024399,-0.261699316,-0.930371329,-0.256754279,-0.83058452,0.352589458,-0.431056962,0.00138432696,0.00549244834,-0.000891548465
0.49148517,0.10044517,-0.86507403,-0.26169162,-0.93038649,-0.25670679,-0.83063819,0.35255021,-0.43098548,,,
0.491532613,0.100484387,-0.865042576,-0.261660171,-0.930382434,-0.256754332,-0.830620085,0.352550308,-0.431020626,-0.000619859202,0.00569450809,-0.00259537552
0.491580051,0.100523499,-0.865010994,-0.261628588,-0.930377974,-0.256801631,-0.830601875,0.35255017,-0.431055371,-0.000820414745,0.00455915881,-0.00298632192
0.49162749,0.10059916,-0.86497533,-0.26163213,-0.93034835,-0.25690655,-0.83057278,0.35260765,-0.43106495,-0.00105398,0.00503635,0.00226895
0.49154084,0.10059551,-0.86502496,-0.26162445,-0.93036351,-0.25685906,-0.83062645,0.35256839,-0.43099347,-0.00136133,0.00894618,0.00250377
0.49154084,0.10059551,-0.86502496,-0.26162445,-0.93036351,-0.25685906,-0.83062645,0.35256839,-0.43099347,0.0013355,0.00665331,-0.00117687
0.491493406,0.100556342,-0.865056482,-0.261655963,-0.930367768,-0.256811636,-0.830644601,0.352568407,-0.430958521,0.00380670838,0.00622653915,3.88314947e-05
0.491493406,0.100556342,-0.865056482,-0.261655963,-0.930367768,-0.256811636,-0.830644601,0.352568407,-0.430958521,0.00380670838,0.00622653915,3.88314947e-05
0.491311859,0.100474352,-0.865169131,-0.261711293,-0.930391482,-0.256669298,-0.830734566,0.352529196,-0.430817159,-0.000156842943,0.00564134074,-0.00116461597
0.49126441,0.10047159,-0.86519637,-0.26177775,-0.93036999,-0.25667912,-0.83074166,0.35258647,-0.43075645,0.0020981,0.00830901,-0.00116788
0.490996118,0.100422343,-0.865354404,-0.261860407,-0.930383398,-0.256546607,-0.83087425,0.352565437,-0.43051808,0.00449127145,0.00875449087,-0.000190800987
0.49076699,0.10033757,-0.86549415,-0.26198205,-0.93038555,-0.25641394,-0.83097122,0.35258343,-0.43031587,,,
0.49076699,0.100301095,-0.86549835,-0.261947023,-0.930411116,-0.256356579,-0.830982227,0.352526068,-0.430341433,0.00181493105,0.00718355132,-6.73878822e-05
0.490806208,0.100265576,-0.86548026,-0.261986263,-0.930400172,-0.256356619,-0.830946727,0.352565359,-0.430377977,0.000459992443,0.00480222655,-0.00226519094
0.49089291,0.10026924,-0.86543067,-0.26199398,-0.93038494,-0.25640411,-0.83089308,0.35260459,-0.43044944,-0.0026329,0.00602806,0.00259687
0.490940388,0.100308407,-0.865399173,-0.261962487,-0.930380643,-0.256451551,-0.830874936,0.352604546,-0.430484363,-0.000170422893,0.0065569873,0.000905547349
0.490940388,0.100308407,-0.865399173,-0.261962487,-0.930380643,-0.256451551,-0.830874936,0.352604546,-0.430484363,-0.000170422893,0.0065569873,0.000905547349
0.49084543,0.10023003,-0.8654621,-0.26202541,-0.93038903,-0.25635655,-0.83091118,0.35260451,-0.43041432,0.00187284,0.00801182,-0.00258433
0.49079794,0.10019086,-0.86549359,-0.2620569,-0.93039333,-0.25630911,-0.83092932,0.35260456,-0.4303794,,,
0.49092385,0.10008609,-0.86543429,-0.26203381,-0.93041829,-0.25624195,-0.83086221,0.35256833,-0.43053855,-0.00139225,0.00440848,-0.00710975
0.49097133,0.10012526,-0.86540279,-0.26200231,-0.930414,-0.25628939,-0.83084406,0.35256829,-0.43057347,0.00476532,0.0081054,-0.0017117
0.49088464,0.10008517,-0.86545665,-0.26195964,-0.93045499,-0.25618465,-0.83090878,0.35247182,-0.43052777,0.00343207,0.00162256,-0.00358032
0.490585293,0.100109646,-0.865623501,-0.261897182,-0.930511676,-0.256042133,-0.8311052,0.352314868,-0.430276828,0.00475870632,0.000607490481,0.00410406059
0.490498567,0.100142441,-0.865668883,-0.261924471,-0.930501379,-0.256052004,-0.831147817,0.352333008,-0.430179804,0.00372546609,0.000510573329,0.00595464837
0.49054606,0.10018161,-0.8656374,-0.26189299,-0.93049707,-0.25609944,-0.83112967,0.35233295,-0.43021472,0.00324415,0.00453019,0.00280015
0.490641049,0.100296487,-0.865570299,-0.261865118,-0.930463082,-0.256251803,-0.831082419,0.352390325,-0.430259198,0.000184956589,0.00807535555,-0.000252230762
0.49077525,0.10037581,-0.86548502,-0.26187638,-0.93041796,-0.25640409,-0.83099963,0.35248687,-0.43034002,,,
0.49077525,0.10037581,-0.86548502,-0.26187638,-0.93041796,-0.25640409,-0.83099963,0.35248687,-0.43034002,,,
0.49082273,0.10041503,-0.86545359,-0.26184495,-0.93041386,-0.25645164,-0.83098154,0.35248695,-0.43037515,,,
0.49082273,0.10045145,-0.86544932,-0.26187991,-0.93038809,-0.25650888,-0.83097048,0.35254418,-0.43034938,0.00229105,0.00648439,0.00183527
0.4908702,0.10049061,-0.86541783,-0.26184841,-0.9303838,-0.25655632,-0.83095234,0.35254414,-0.43038431,0.00264434,0.0075202,0.001647
0.490909428,0.100491528,-0.865395461,-0.26192258,-0.93034709,-0.256613608,-0.830905779,0.352640659,-0.430395076,0.000452819717,0.00512695266,-0.00146908185
0.490909428,0.100527996,-0.865391259,-0.2619576,-0.930321524,-0.256670966,-0.830894774,0.352698017,-0.43036951,-0.000249653123,0.00731253577,-0.00278337696
0.490909428,0.100527996,-0.865391259,-0.2619576,-0.930321524,-0.256670966,-0.830894774,0.352698017,-0.43036951,-0.000249653123,0.00731253577,-0.00278337696
0.490870203,0.10063641,-0.865400881,-0.261988403,-0.930281132,-0.256785552,-0.830908207,0.352773378,-0.430281644,-0.00245123287,0.00718235923,0.000882429478
0.490822727,0.100597253,-0.865432383,-0.262019905,-0.930285431,-0.256738114,-0.830926342,0.352773416,-0.430246717,-0.000852828671,0.00973284151,-0.00243109372
0.49082273,0.10059725,-0.86543238,-0.26201991,-0.93028543,-0.25673811,-0.83092634,0.35277342,-0.43024672,,,
0.49068854,0.10055444,-0.86551341,-0.26204369,-0.93030479,-0.25664316,-0.83099805,0.3527342,-0.43014013,0.00265967,0.00420237,-0.00242192
0.49068854,0.10055444,-0.86551341,-0.26204369,-0.93030479,-0.25664316,-0.83099805,0.3527342,-0.43014013,,,
0.490554326,0.100511563,-0.865594416,-0.262067408,-0.93032416,-0.256548105,-0.831069758,0.352694885,-0.430033554,0.000116346811,0.00703167869,-0.0013737079
0.4904201,0.10046873,-0.86567554,-0.26209118,-0.93034396,-0.25645319,-0.83114157,0.35265573,-0.42992738,-0.00225869,0.00842988,-0.00249539
0.490285851,0.100389373,-0.865760788,-0.262079871,-0.930389138,-0.256300858,-0.831224343,0.352559161,-0.42984658,0.00029236509,0.00782096293,0.000704845355
0.490285851,0.100389373,-0.865760788,-0.262079871,-0.930389138,-0.256300858,-0.831224343,0.352559161,-0.42984658,0.00029236509,0.00782096293,0.000704845355
0.48979609,0.10025696,-0.86605332,-0.26214316,-0.93046298,-0.25596818,-0.8314931,0.35240217,-0.42945548,0.00217041,0.00662994,0.00445455
0.48930621,0.10016095,-0.86634122,-0.2622412,-0.93051083,-0.25569264,-0.83175049,0.35230237,-0.42903829,,,
0.48930621,0.10016095,-0.86634122,-0.2622412,-0.93051083,-0.25569264,-0.83175049,0.35230237,-0.42903829,,,
0.48872078,0.10009588,-0.86667921,-0.26250708,-0.93049085,-0.25549357,-0.83201086,0.35237444,-0.42847439,,,
0.488364899,0.100079193,-0.866881643,-0.262616308,-0.930493651,-0.255370069,-0.832185257,0.352371043,-0.428137914,-5.60613116e-05,0.00621521426,0.00230992888
0.48819106,0.10018116,-0.86696779,-0.26270582,-0.93044744,-0.25544654,-0.83225902,0.35246421,-0.42791788,0.00357973,0.00329006,-0.00152479
0.48819106,0.10018116,-0.86696779,-0.26270582,-0.93044744,-0.25544654,-0.83225902,0.35246421,-0.42791788,0.00357973,0.00329006,-0.00152479
0.488104133,0.100177443,-0.867017188,-0.262698008,-0.930462771,-0.255399043,-0.83231249,0.35242502,-0.427846278,0.000780139177,0.00447714282,0.00234639551
0.48815175,0.10018009,-0.86699004,-0.26263155,-0.93048407,-0.25538934,-0.8323055,0.3523677,-0.42790688,,,
0.488064822,0.100176306,-0.867039426,-0.262623675,-0.9304994,-0.255341743,-0.832358976,0.352328409,-0.427835284,0.000712198496,0.00615644408,0.00194517372
0.48806482,0.10013973,-0.86704368,-0.26258857,-0.93052514,-0.25528446,-0.83237009,0.35227112,-0.42786103,0.00412345,0.00549126,-0.00247443
0.488064822,0.100139729,-0.867043685,-0.262588567,-0.930525143,-0.255284456,-0.832370087,0.352271122,-0.427861028,0.000339853461,0.00386571861,0.00351818767
0.48811244,0.10014238,-0.86701654,-0.26252211,-0.93054644,-0.25527475,-0.83236309,0.3522138,-0.42792164,0.00324886,0.00666881,0.00250779
0.488255289,0.100223597,-0.866926684,-0.262392955,-0.930559257,-0.255360376,-0.832319999,0.35215652,-0.428052385,0.00012790272,0.00744819595,-0.0042629838
0.488294599,0.100151649,-0.866912961,-0.262397143,-0.930574128,-0.255303196,-0.832295725,0.352138651,-0.428114864,0.00173921173,0.00625514938,-0.000121315476
0.488294599,0.100151649,-0.866912961,-0.262397143,-0.930574128,-0.255303196,-0.832295725,0.352138651,-0.428114864,0.00173921173,0.00625514938,-0.000121315476
0.48838151,0.10008232,-0.86687196,-0.26233481,-0.93060991,-0.25523615,-0.83226433,0.35206331,-0.42823756,0.00168867,0.00680041,-0.00107988
0.48838151,0.10004581,-0.86687622,-0.26229977,-0.93063566,-0.25517895,-0.83227543,0.35200611,-0.42826331,0.0046637,0.00538981,0.00195299
0.48860291,0.10005608,-0.86675024,-0.26224906,-0.93062641,-0.25526441,-0.83216142,0.35202737,-0.42846716,-0.00171597,0.00584459,0.00172672
0.48873738,0.10006252,-0.86667365,-0.26219045,-0.93063248,-0.25530222,-0.8321009,0.3520093,-0.42859941,0.00142525,0.00526667,-0.00352265
0.48873738,0.10006252,-0.86667365,-0.26219045,-0.93063248,-0.25530222,-0.8321009,0.3520093,-0.42859941,0.00142525,0.00526667,-0.00352265
0.48895041,0.09996155,-0.86656513,-0.26217527,-0.93064204,-0.25528273,-0.8319805,0.35201255,-0.42883029,,,
0.48895041,0.09996155,-0.86656513,-0.26217527,-0.93064204,-0.25528273,-0.8319805,0.35201255,-0.42883029,,,
0.48895041,0.09996155,-0.86656513,-0.26217527,-0.93064204,-0.25528273,-0.8319805,0.35201255,-0.42883029,,,
0.48895041,0.09996155,-0.86656513,-0.26217527,-0.93064204,-0.25528273,-0.8319805,0.35201255,-0.42883029,,,
0.48895041,0.09996155,-0.86656513,-0.26217527,-0.93064204,-0.25528273,-0.8319805,0.35201255,-0.42883029,,,
0.48895041,0.09996155,-0.86656513,-0.26217527,-0.93064204,-0.25528273,-0.8319805,0.35201255,-0.42883029,,,
0.48891941,0.0999621,-0.86658258,-0.26196024,-0.93073677,-0.25515843,-0.83206648,0.35176209,-0.42886916,,,
0.48901455,0.10007712,-0.86651565,-0.2619326,-0.93070283,-0.25531093,-0.8320193,0.35181945,-0.4289138,,,
0.489109807,0.10015557,-0.86645273,-0.261869722,-0.930694123,-0.255406004,-0.831983005,0.351819329,-0.428983788,0.000369685469,0.00616586162,-0.00254415395
0.48920492,0.10027057,-0.86638577,-0.26184205,-0.93066019,-0.2555585,-0.83193584,0.35187671,-0.42902844,,,
0.489450754,0.100504916,-0.866219811,-0.261579392,-0.930671614,-0.255786473,-0.831873921,0.35178013,-0.429227948,0.00576802436,0.00573515845,-0.000807193224
0.489450754,0.100504916,-0.866219811,-0.261579392,-0.930671614,-0.255786473,-0.831873921,0.35178013,-0.429227948,0.00576802436,0.00573515845,-0.000807193224
0.48945075,0.10050492,-0.86621981,-0.26157939,-0.93067161,-0.25578647,-0.83187392,0.35178013,-0.42922795,,,
0.48945075,0.1004684,-0.86622403,-0.26154432,-0.93069717,-0.25572913,-0.83188493,0.35172279,-0.4292535,0.00417354,0.00901306,-0.00182133
0.489490163,0.100396383,-0.866210065,-0.261548476,-0.930711594,-0.255671785,-0.831860388,0.351704753,-0.42931558,-8.61473382e-06,0.00369405723,-0.00442568026
0.48949016,0.10035992,-0.86621435,-0.26151347,-0.93073735,-0.25561456,-0.83187145,0.35164753,-0.42934134,0.0038185,0.00321281,0.00163162
0.489403223,0.10039269,-0.866259699,-0.261540692,-0.930727101,-0.255624343,-0.831914073,0.351665532,-0.429244141,0.00286424393,0.00465130759,0.000308433489
0.48940322,0.10042916,-0.86625542,-0.2615757,-0.93070134,-0.25568156,-0.83190301,0.35172275,-0.42921838,-0.00360584,0.0045023,-0.00441077
0.48940322,0.10042916,-0.86625542,-0.2615757,-0.93070134,-0.25568156,-0.83190301,0.35172275,-0.42921838,,,
0.48941146,0.10050385,-0.86624212,-0.26150509,-0.93070819,-0.25572913,-0.83192038,0.35168349,-0.42921699,,,
0.489372159,0.100575813,-0.866255984,-0.261500942,-0.930693648,-0.255786466,-0.831944818,0.351701528,-0.429154922,-0.000300460262,0.00420927955,-0.00413614791
0.48928532,0.10057202,-0.86630545,-0.2614931,-0.93070885,-0.2557389,-0.83199833,0.35166219,-0.42908329,0.00328807,0.00557864,-0.00197976
0.489159171,0.100603658,-0.866373003,-0.261446028,-0.930735088,-0.255691338,-0.832087285,0.351583546,-0.428975149,0.0023990653,0.00568270637,0.000653533905
0.48900189,0.10078196,-0.8664411,-0.26132419,-0.93075367,-0.25574873,-0.83221803,0.35148363,-0.42880358,0.00318349,0.00598574,0.00154611
0.4890101,0.10085659,-0.86642774,-0.26125352,-0.93076031,-0.25579619,-0.83223535,0.35144422,-0.42880202,,,
0.48893143,0.10096399,-0.86645967,-0.26121017,-0.93075685,-0.25585356,-0.83229522,0.35142292,-0.42870348,0.00317564,0.00378871,0.00184839
0.48889209,0.10103593,-0.86647344,-0.26120596,-0.93074214,-0.25591081,-0.8323196,0.3514408,-0.42864124,,,
0.48889209,0.10103593,-0.86647344,-0.26120596,-0.93074214,-0.25591081,-0.8323196,0.3514408,-0.42864124,,,
0.48885275,0.10125402,-0.86647023,-0.26134221,-0.93062524,-0.25619739,-0.8323,0.35168804,-0.4284768,0.00425889,0.00361013,-0.00196639
0.48890028,0.10129327,-0.86643879,-0.26131082,-0.93062083,-0.25624494,-0.8322819,0.35168806,-0.42851174,,,
0.48886093,0.10136518,-0.86645261,-0.26130665,-0.93060633,-0.25630218,-0.83230634,0.35170595,-0.42844971,0.00261371,0.00532603,0.00122547
0.488860932,0.101292164,-0.866461107,-0.26123651,-0.930657424,-0.256187636,-0.832328323,0.351591406,-0.428500808,0.00477012014,0.00311279274,0.000731409178
0.48890846,0.10133135,-0.86642966,-0.26120506,-0.93065301,-0.25623508,-0.83231022,0.35159132,-0.42853575,0.00503819,0.0046196,-0.00166973
0.48894781,0.10125943,-0.86641596,-0.26120924,-0.93066792,-0.25617787,-0.8322859,0.35157346,-0.42859818,-0.00103869,0.00989365,0.00239544
0.48894781,0.10125943,-0.86641596,-0.26120924,-0.93066792,-0.25617787,-0.8322859,0.35157346,-0.42859818,-0.00103869,0.00989365,0.00239544
0.48894781,0.10125943,-0.86641596,-0.26120924,-0.93066792,-0.25617787,-0.8322859,0.35157346,-0.42859818,-0.00103869,0.00989365,0.00239544
0.48894781,0.10125943,-0.86641596,-0.26120924,-0.93066792,-0.25617787,-0.8322859,0.35157346,-0.42859818,-0.00103869,0.00989365,0.00239544
0.48897896,0.10103971,-0.86642398,-0.26121383,-0.93072689,-0.25595833,-0.83226611,0.35148017,-0.42871287,0.00503173,0.00429535,-0.0025259
0.489074014,0.101118205,-0.866361218,-0.261151061,-0.930718492,-0.256053461,-0.832230002,0.351480242,-0.428783145,0.00326282461,0.00468623592,0.000760971627
0.489034676,0.101117134,-0.866383541,-0.261076722,-0.930755083,-0.255996163,-0.832276433,0.351383573,-0.428772211,-0.000695281546,0.00690138293,0.00382272247
0.48916918,0.10116014,-0.86630252,-0.26105306,-0.93073534,-0.25609116,-0.83220474,0.35142283,-0.42887878,0.0012772,0.00895047,-0.00219604
0.48913789,0.10127031,-0.8663074,-0.26094323,-0.93075333,-0.25613877,-0.83225766,0.35134422,-0.42884097,0.00104408,0.00807822,-0.00182836
0.48902798,0.10130511,-0.86636533,-0.26061451,-0.93089529,-0.25595696,-0.83242519,0.3509575,-0.42883225,0.00398504,0.00174284,0.00391866
0.48913112,0.10149474,-0.86628488,-0.26051611,-0.93086779,-0.25615674,-0.83239536,0.3509754,-0.42887533,,,
0.48917862,0.10157052,-0.86624922,-0.26051981,-0.93083804,-0.25626162,-0.83236634,0.35103279,-0.42888494,,,
0.48918675,0.1016817,-0.86623159,-0.26048421,-0.93081912,-0.25636643,-0.8323727,0.35105071,-0.4288579,-0.00216372,0.0092361,0.00146082
0.489234233,0.101757426,-0.866195856,-0.260487851,-0.930789178,-0.256471188,-0.832343628,0.351107985,-0.428867326,-0.000816091138,0.0048656459,-0.00126541744
0.489194862,0.1018659,-0.866205402,-0.260518838,-0.930749105,-0.25658589,-0.832357132,0.351183317,-0.428779768,3.40706611e-05,0.00674724532,-0.00105207204
0.48915549,0.10193783,-0.86621915,-0.2605147,-0.93073439,-0.25664319,-0.83238154,0.35120124,-0.42871757,-0.00459053,0.00756574,0.00129978
0.489108002,0.101898585,-0.866250491,-0.260546087,-0.930738384,-0.256595618,-0.832399526,0.351201158,-0.428682186,0.00313573773,0.00920033362,-0.00021381554
0.48914738,0.10182665,-0.8662368,-0.26055024,-0.9307533,-0.25653834,-0.83237518,0.35118326,-0.42874459,,,
0.489321079,0.101797741,-0.8661421,-0.260530784,-0.930748406,-0.256576022,-0.832279177,0.351204733,-0.428913406,-0.000632888754,0.00694513274,0.000424592989
0.489321079,0.101761223,-0.866146371,-0.26049569,-0.93077396,-0.256518685,-0.832290141,0.351147396,-0.42893896,0.000305137015,0.0100722304,0.00299501116
0.48921798,0.10153509,-0.86623113,-0.26055903,-0.93082701,-0.25626159,-0.83233091,0.35107212,-0.4289214,0.00860341,0.00318301,0.00135154
0.48943916,0.10147245,-0.86611355,-0.26043801,-0.93086907,-0.25623214,-0.83223877,0.35097893,-0.42917651,0.00098269,0.00846672,-0.00175685
0.4893998,0.10150788,-0.86613165,-0.26039879,-0.93088009,-0.25623217,-0.83227421,0.3509396,-0.42914005,0.00388153,0.00463963,-0.00250388
0.489329195,0.101689868,-0.866150154,-0.260284676,-0.93088302,-0.256336915,-0.832351372,0.35087875,-0.429039905,-0.00200367812,0.00774848415,0.000870895339
0.48937667,0.10176565,-0.86611448,-0.26028837,-0.93085328,-0.2564418,-0.83232236,0.35093615,-0.42904953,0.0014866,0.00493634,-0.00329979
0.489432366,0.101879519,-0.866069541,-0.260186155,-0.930855419,-0.256536694,-0.832321482,0.350896672,-0.429083057,0.00364836631,0.00691652251,0.0004301226
0.489432366,0.101916032,-0.866065261,-0.260221248,-0.930829863,-0.256594036,-0.832310529,0.350954013,-0.429057501,0.00421517435,0.00669097854,7.88643956e-06
0.48935361,0.10198689,-0.86610146,-0.26014283,-0.93085191,-0.25659411,-0.83238139,0.35087533,-0.42898462,,,
0.489266639,0.102019493,-0.866146724,-0.260170121,-0.930841493,-0.256603791,-0.83242395,0.350893176,-0.428887234,0.00423753727,0.00701832725,0.000563842827
0.489266639,0.102019493,-0.866146724,-0.260170121,-0.930841493,-0.256603791,-0.83242395,0.350893176,-0.428887234,0.00423753727,0.00701832725,0.000563842827
0.489266639,0.102019493,-0.866146724,-0.260170121,-0.930841493,-0.256603791,-0.83242395,0.350893176,-0.428887234,0.00423753727,0.00701832725,0.000563842827
0.489266639,0.102019493,-0.866146724,-0.260170121,-0.930841493,-0.256603791,-0.83242395,0.350893176,-0.428887234,0.00423753727,0.00701832725,0.000563842827
0.489219167,0.102053272,-0.866169558,-0.260271722,-0.930794577,-0.256670926,-0.832420089,0.351007782,-0.428800935,0.000768892874,0.0041521783,-0.00342529803
0.489219167,0.102053272,-0.866169558,-0.260271722,-0.930794577,-0.256670926,-0.832420089,0.351007782,-0.428800935,0.000768892874,0.0041521783,-0.00342529803
0.489219167,0.102053272,-0.866169558,-0.260271722,-0.930794577,-0.256670926,-0.832420089,0.351007782,-0.428800935,0.000768892874,0.0041521783,-0.00342529803
0.489219167,0.102053272,-0.866169558,-0.260271722,-0.930794577,-0.256670926,-0.832420089,0.351007782,-0.428800935,0.000768892874,0.0041521783,-0.00342529803
0.489219167,0.102053272,-0.866169558,-0.260271722,-0.930794577,-0.256670926,-0.832420089,0.351007782,-0.428800935,0.000768892874,0.0041521783,-0.00342529803
0.489314233,0.102022267,-0.866119497,-0.26010355,-0.930862738,-0.256594024,-0.832416764,0.350835869,-0.428947977,-0.000808748184,0.00603175117,0.00381189142
0.489322312,0.102060387,-0.866110418,-0.259997773,-0.930894933,-0.256584137,-0.832445035,0.350739132,-0.428972093,0.0021764487,0.00710177375,0.000746147591
0.489322312,0.102023871,-0.866114706,-0.259962674,-0.930920488,-0.256526796,-0.832455982,0.350681791,-0.428997648,-0.000873298733,0.00516128493,0.00392515399
0.48940916,0.1019912,-0.86606949,-0.25993539,-0.93093083,-0.25651694,-0.83241345,0.35066386,-0.42909484,0.00106935,0.00635433,0.00127487
0.48945662,0.10199396,-0.86604237,-0.25986889,-0.93095221,-0.25650713,-0.83240634,0.35060659,-0.4291556,0.00351188,0.00346279,-0.00372633
0.489496,0.10192202,-0.86602855,-0.25987302,-0.93096675,-0.25644974,-0.83238186,0.35058858,-0.42921759,0.0023886,0.00450528,-0.00134695
0.489496,0.10192202,-0.86602855,-0.25987302,-0.93096675,-0.25644974,-0.83238186,0.35058858,-0.42921759,0.00322484,0.00163853,0.00371985
0.489496,0.10192202,-0.86602855,-0.25987302,-0.93096675,-0.25644974,-0.83238186,0.35058858,-0.42921759,0.00322484,0.00163853,0.00371985
0.48963028,0.10192863,-0.86595192,-0.25981434,-0.93097295,-0.25648741,-0.83232126,0.35057072,-0.42935,0.00290659,0.00725651,-0.00131875
0.48967772,0.10196785,-0.86592044,-0.25978286,-0.93096858,-0.25653481,-0.83230314,0.35057068,-0.429385,0.00175712,0.00566411,-0.0012566
0.48963835,0.10200328,-0.86593856,-0.25974365,-0.93097959,-0.25653485,-0.83233857,0.35053134,-0.42934857,,,
0.489638345,0.102003278,-0.865938561,-0.259743648,-0.930979587,-0.256534845,-0.832338571,0.35053134,-0.42934857,0.000722321915,0.00551998569,0.00231750752
0.48968579,0.1020425,-0.86590709,-0.25971217,-0.93097522,-0.25658225,-0.83232046,0.3505313,-0.42938358,0.00646972,0.00298977,-0.00520868
0.489685787,0.102042497,-0.865907088,-0.259712175,-0.930975219,-0.256582245,-0.832320456,0.350531299,-0.429383581,0.00317831244,0.00842928793,-0.000273759651
0.48986747,0.10212477,-0.8657946,-0.25965702,-0.93095133,-0.25672453,-0.83223073,0.35057065,-0.42952526,0.00100853,0.0093745,-0.00569182
0.48986747,0.10212477,-0.8657946,-0.25965702,-0.93095133,-0.25672453,-0.83223073,0.35057065,-0.42952526,0.00100853,0.0093745,-0.00569182
0.48986747,0.10212477,-0.8657946,-0.25965702,-0.93095133,-0.25672453,-0.83223073,0.35057065,-0.42952526,0.00100853,0.0093745,-0.00569182
0.48987552,0.10208997,-0.86579419,-0.25948111,-0.93103485,-0.25659996,-0.8322809,0.35035928,-0.42960073,0.00495221,0.00247657,0.0013162
0.49000974,0.10209654,-0.86571739,-0.25942224,-0.93104071,-0.25663738,-0.83222017,0.35034118,-0.42973276,0.0011987,0.00730431,-0.00621258
0.49005716,0.10213582,-0.86568603,-0.25939083,-0.93103677,-0.25668491,-0.83220216,0.35034129,-0.4297682,0.00352735,0.00618458,-0.00270777
0.49009653,0.1020639,-0.8656722,-0.25939497,-0.93105134,-0.25662752,-0.83217765,0.35032327,-0.42983018,,,
0.490412413,0.102079792,-0.865491355,-0.259210891,-0.931084484,-0.256692493,-0.832048847,0.350229979,-0.4301551,0.0018014696,0.00535917236,0.000900660874
0.49041241,0.10204331,-0.86549571,-0.25917583,-0.93111025,-0.25663514,-0.83205983,0.35017263,-0.43018087,0.00340412,0.00556564,-0.00338969
0.490499169,0.102083576,-0.86544178,-0.259218625,-0.931069393,-0.256739868,-0.831995334,0.350269323,-0.430226766,0.00231610471,0.0103313914,-0.000200640701
0.49068069,0.10212941,-0.86533345,-0.25912835,-0.93107105,-0.2568247,-0.8319164,0.35025136,-0.43039389,0.00748016,0.00254238,0.00330434
0.49068069,0.10212941,-0.86533345,-0.25912835,-0.93107105,-0.2568247,-0.8319164,0.35025136,-0.43039389,,,
0.49068069,0.10212941,-0.86533345,-0.25912835,-0.93107105,-0.2568247,-0.8319164,0.35025136,-0.43039389,0.00234447,0.00607943,-0.00248951
0.490641328,0.102201262,-0.865347288,-0.259124133,-0.931056438,-0.256882001,-0.83194093,0.350269297,-0.430331894,0.00489343889,0.00120067585,-0.000454102526
0.49068069,0.10216582,-0.86532908,-0.25916335,-0.93104528,-0.25688196,-0.83190543,0.35030861,-0.43036812,,,
0.49068069,0.10216582,-0.86532908,-0.25916335,-0.93104528,-0.25688196,-0.83190543,0.35030861,-0.43036812,,,
0.49068069,0.10216582,-0.86532908,-0.25916335,-0.93104528,-0.25688196,-0.83190543,0.35030861,-0.43036812,,,
0.49068069,0.10216582,-0.86532908,-0.25916335,-0.93104528,-0.25688196,-0.83190543,0.35030861,-0.43036812,,,
0.49068069,0.10216582,-0.86532908,-0.25916335,-0.93104528,-0.25688196,-0.83190543,0.35030861,-0.43036812,,,
0.4905151,0.10226944,-0.86541081,-0.25911225,-0.93105703,-0.25689204,-0.83201908,0.35024797,-0.43019823,0.00148525,0.00638127,-0.00441241
0.49056248,0.10230867,-0.86537931,-0.25908075,-0.93105271,-0.25693941,-0.83200095,0.35024796,-0.43023328,,,
0.49056248,0.10227219,-0.86538367,-0.25904569,-0.93107848,-0.25688206,-0.83201192,0.35019061,-0.43025905,-0.00322774,0.00567865,-0.00308783
0.49056248,0.10223573,-0.86538792,-0.25901062,-0.93110385,-0.25682467,-0.83202277,0.35013322,-0.43028442,0.00451891,0.00607061,-0.00164265
0.49056248,0.10223573,-0.86538792,-0.25901062,-0.93110385,-0.25682467,-0.83202277,0.35013322,-0.43028442,,,
0.49060986,0.102238489,-0.865360787,-0.25894407,-0.931125296,-0.25681469,-0.832015606,0.35007586,-0.430345236,0.00597041706,0.00337314582,-0.000855569728
0.49061787,0.10231317,-0.86534738,-0.25887334,-0.93113174,-0.25686207,-0.83203285,0.35003649,-0.43034367,0.00377828,0.00640953,0.00098783
0.49061787,0.1022767,-0.86535175,-0.25883829,-0.93115751,-0.25680472,-0.83204382,0.34997914,-0.43036944,0.0019702,0.00325251,0.00383518
0.4907521,0.10231977,-0.86527042,-0.25881443,-0.93113761,-0.25689944,-0.83197195,0.35001842,-0.43047577,,,
0.490799464,0.102359001,-0.865238918,-0.258782926,-0.931133299,-0.256946805,-0.831953813,0.350018426,-0.430510827,-0.00266331807,0.00816440489,1.31390407e-05
0.49093354,0.10232909,-0.86516644,-0.25868905,-0.93116509,-0.25692675,-0.83190395,0.34994305,-0.43066871,,,
0.491059618,0.102224598,-0.865107229,-0.258665952,-0.93119006,-0.256859399,-0.83183671,0.349907069,-0.430827748,0.00573454052,0.00651359512,-8.05889722e-05
0.49123302,0.102159205,-0.865016482,-0.258611202,-0.931210773,-0.256839151,-0.831751323,0.349870834,-0.431021863,0.00604849728,0.00043129918,-0.00509230187
0.49123302,0.102122816,-0.865020855,-0.258576226,-0.931236549,-0.256781882,-0.831762277,0.349813565,-0.431047638,0.00891467556,0.000840306224,-0.00518570654
0.491280361,0.102162006,-0.864989278,-0.258544649,-0.931232069,-0.256829116,-0.831744066,0.349813458,-0.431082508,0.00222216779,0.00539755775,0.000808107026
0.49141438,0.10216861,-0.86491238,-0.25848581,-0.93123818,-0.25686642,-0.8316832,0.34979543,-0.43121465,0.00180752,0.0060153,0.00160143
