0,1,2,3,4,5,6,7,8,9,10,11
-0.118348521,0.14828498,-0.981837533,0.53663819,0.841501648,0.0624050718,0.83547162,-0.51950602,-0.179165848,-0.00785340555,-0.000415921211,-0.0103862491
-0.11828186,0.14831843,-0.98184068,0.53647512,0.84159828,0.06250433,0.83558598,-0.51933995,-0.17911496,-0.00845889,-0.00100917,-0.00424745
-0.11825544,0.14828002,-0.98184968,0.53626833,0.84172817,0.06252979,0.83572247,-0.51914038,-0.17905682,-0.00215776,0.00985688,-0.00700347
-0.118295846,0.148208084,-0.981855687,0.536224691,0.841761458,0.0624559606,0.835744762,-0.519106954,-0.179049724,-0.000904746295,0.0146172643,-0.00672101742
-0.11822892,0.14819384,-0.98186586,0.53610212,0.84183583,0.06250561,0.83583282,-0.51899039,-0.17897637,-0.00405517,0.02212554,-0.00476238
-0.11820804,0.14883691,-0.98177112,0.53607133,0.841813,0.06307471,0.83585554,-0.5188434,-0.17929627,-0.00374122,0.00744623,-0.00576407
-0.11808674,0.14924389,-0.98172385,0.53603948,0.84180167,0.06349502,0.83589301,-0.51874484,-0.17940623,-0.00295039,0.00160819,-0.01015462
-0.11799865,0.14977732,-0.98165312,0.53596716,0.84180834,0.0640148,0.83595173,-0.51858022,-0.17960796,-0.00537399,0.00144631,-0.00872189
-0.11807968,0.14977678,-0.98164352,0.5357579,0.84194144,0.06401624,0.8360745,-0.51836427,-0.17966027,-0.0034799,0.00295287,-0.00756758
-0.11807968,0.14977678,-0.98164352,0.5357579,0.84194144,0.06401624,0.8360745,-0.51836427,-0.17966027,-0.0034799,0.00295287,-0.00756758
-0.11814116,0.14934825,-0.9817015,0.53550117,0.84213092,0.06367116,0.83623037,-0.51818011,-0.17946649,-0.00478598,0.01189631,-0.00296335
-0.11806723,0.149437,-0.98169683,0.5354631,0.84214577,0.06379473,0.83626512,-0.51813037,-0.17944781,-0.00158224,0.01205748,-0.00574217
-0.1180267,0.14955672,-0.98168341,0.535466,0.84213454,0.06391831,0.83626891,-0.51811406,-0.17947689,-0.00120072,0.01005203,-0.00935795
-0.11798636,0.14967647,-0.98167006,0.53546893,0.8421233,0.06404188,0.83627279,-0.51809776,-0.17950616,-0.0026957,0.00754887,-0.01141825
-0.11791956,0.14961454,-0.98168755,0.53538697,0.84217542,0.06404185,0.83633471,-0.51803094,-0.17941063,-0.00329328,0.0060454,-0.01011173
-0.11788615,0.14958362,-0.98169629,0.53534595,0.84220149,0.06404188,0.83636569,-0.51799748,-0.17936287,-0.00597414,0.00551826,-0.01088317
-0.11785264,0.1496004,-0.98169771,0.53526426,0.84224963,0.06409157,0.83642265,-0.51791435,-0.17933709,-0.00421907,0.00240213,-0.00642467
-0.11788615,0.14987039,-0.98165254,0.5351016,0.84233402,0.06434034,0.83652204,-0.51769901,-0.1794954,-0.00673481,0.00362474,-0.0059511
-0.11791961,0.15004471,-0.98162192,0.53502044,0.84237416,0.06448959,0.83656926,-0.51758319,-0.17960942,-0.00275696,0.00612706,-0.0096661
-0.11812012,0.15085188,-0.98147402,0.53473686,0.8425044,0.06513688,0.83672219,-0.51713638,-0.18018278,-0.00382211,0.01191539,-0.01088685
-0.11812012,0.15085188,-0.98147402,0.53473686,0.8425044,0.06513688,0.83672219,-0.51713638,-0.18018278,-0.00382211,0.01191539,-0.01088685
-0.11812012,0.15085188,-0.98147402,0.53473686,0.8425044,0.06513688,0.83672219,-0.51713638,-0.18018278,-0.00382211,0.01191539,-0.01088685
-0.11829407,0.15166858,-0.98132714,0.53420511,0.84278542,0.06586051,0.83703716,-0.5164391,-0.18071864,-0.00748974,0.00568098,-0.00826616
-0.11829407,0.15166858,-0.98132714,0.53420511,0.84278542,0.06586051,0.83703716,-0.5164391,-0.18071864,-0.00748974,0.00568098,-0.00826616
-0.1186968,0.15182896,-0.98125381,0.53394785,0.84295001,0.06584059,0.83714442,-0.51612329,-0.18112422,-0.00318652,0.01297885,-0.00425786
-0.118944415,0.152174214,-0.981170141,0.533780292,0.843040311,0.0660422595,0.837215884,-0.515874004,-0.181502516,-1.37456809e-05,0.00980907679,-0.00466335891
-0.118970847,0.152451599,-0.981124058,0.533783806,0.843020563,0.0662659443,0.837210102,-0.515824424,-0.181671064,-4.78142174e-05,0.00669044256,-0.00518380059
-0.118970847,0.152451599,-0.981124058,0.533783806,0.843020563,0.0662659443,0.837210102,-0.515824424,-0.181671064,-4.78142174e-05,0.00669044256,-0.00518380059
-0.11909219,0.15247456,-0.98110567,0.53344874,0.84323039,0.06629412,0.83740627,-0.51547452,-0.1817595,-0.0057015,0.00716323,-0.0040191
-0.1191731,0.15228276,-0.98112567,0.53340219,0.84327536,0.06609659,0.83742446,-0.51545767,-0.18172369,-0.00396441,0.01386815,-0.00313922
-0.11928726,0.15221744,-0.98112191,0.53331511,0.84333807,0.06599894,0.83746364,-0.51537434,-0.18177934,-0.0036666,0.01018578,-0.00472467
-0.119166036,0.152720401,-0.981058488,0.533201244,0.843369125,0.06652013,0.837553408,-0.515174702,-0.181931656,0.000477692927,0.000778675079,-0.00878287479
-0.119232638,0.152877905,-0.98102578,0.53320174,0.843360902,0.066620158,0.837543515,-0.515141424,-0.182070895,-0.000758885755,-0.00360906124,-0.00741951074
-0.11952805,0.152809126,-0.981000673,0.533109844,0.843434416,0.0664248946,0.837560054,-0.515041497,-0.182278116,0.000393812545,0.00341051817,-0.00895507168
-0.120132274,0.152369891,-0.980995185,0.53283762,0.843656397,0.0657870794,0.837646828,-0.514808009,-0.182538768,0.000127222564,0.0196358562,-0.00306119118
-0.12033961,0.15273927,-0.98091237,0.53275456,0.84369119,0.06601333,0.83766995,-0.51464152,-0.18290201,-0.00344451,0.00928193,-0.0071361
-0.120358919,0.15331083,-0.98082084,0.532679621,0.843699407,0.0665111407,0.837714839,-0.514458064,-0.183212303,-0.00559256785,-0.000473737717,-0.0106314421
-0.120425639,0.153468328,-0.980788031,0.532680186,0.843691153,0.0666112597,0.837704906,-0.514424643,-0.183351585,-0.00832900871,-0.000684857368,-0.00913075358
-0.12064694,0.15344056,-0.9807652,0.53259067,0.84375723,0.06649009,0.83773001,-0.51432456,-0.18351774,-0.00336797,0.00917476,-0.00480342
-0.1209084,0.15334073,-0.98074854,0.53245727,0.84385673,0.06629531,0.83777702,-0.51419105,-0.18367675,-0.00453971,0.01404923,-0.00729868
-0.12090842,0.15338851,-0.98074108,0.53241646,0.84387855,0.06634536,0.83780297,-0.51414099,-0.18369859,-0.0015687,0.0088101,-0.00796422
-0.12104888,0.1535049,-0.98070557,0.5324144,0.84387777,0.06637181,0.83778403,-0.51410754,-0.18387868,-0.00827868,0.00941211,-0.00944098
-0.12115589,0.15368588,-0.98066398,0.53228954,0.84394656,0.06649845,0.83784786,-0.51394051,-0.18405448,-0.00553007,0.01086384,-0.00799545
-0.1213298,0.15388096,-0.98061189,0.53228774,0.84394167,0.06657494,0.83782385,-0.51389017,-0.18430422,-0.00483117,0.011033,-0.00591639
-0.121436788,0.153966331,-0.980585219,0.532244545,0.843966812,0.0666014259,0.837835752,-0.513823291,-0.184436354,-0.00530345552,0.0127814412,0.00036548503
-0.12150337,0.154076057,-0.980559712,0.532285962,0.843936728,0.0666515851,0.837799758,-0.513839807,-0.184553673,-0.00724840863,0.00781303644,-0.000562305562
-0.12171737,0.1541035,-0.98052883,0.53232202,0.84392166,0.06655427,0.83774575,-0.51385632,-0.1847526,-0.00700748,0.00822848,-0.00345179
-0.12175789,0.15403142,-0.9805352,0.53227825,0.84395509,0.06648053,0.83776776,-0.51382304,-0.18474577,-0.00637835,-0.00217515,-0.0089472
-0.12172457,0.1540483,-0.98053668,0.53219625,0.84400285,0.06653073,0.83782469,-0.51373953,-0.1847198,-0.00599214,-0.00364226,-0.01490462
-0.121838754,0.154030613,-0.980525332,0.532068145,0.844087339,0.0664835266,0.837889519,-0.513606017,-0.184797334,0.000547930831,0.00447374582,-0.0173144974
-0.12210015,0.15393067,-0.98050848,0.5319345,0.84418686,0.06628904,0.83793629,-0.51347239,-0.18495638,0.00250689,0.0191192,-0.00578181
-0.1224212,0.154330123,-0.980405597,0.531682229,0.844327639,0.0665193808,0.838049479,-0.513120876,-0.185418181,-0.00187649322,0.00673133135,0.000850886398
-0.12250691,0.15510696,-0.98027229,0.53156729,0.8443486,0.06716873,0.83810987,-0.51285208,-0.18588832,-0.00573294,0.00230759,-0.00210122
-0.122614048,0.155192347,-0.980245487,0.531524083,0.844373692,0.0671954547,0.838121726,-0.51278496,-0.18602055,-0.00601774221,0.00681740046,-0.000163733144
-0.12284206,0.15501353,-0.98024517,0.53139003,0.84447747,0.06695098,0.83817326,-0.51266812,-0.18610999,-0.00832277,0.01047808,-0.00450989
-0.12295599,0.15480469,-0.98026383,0.53142511,0.84447499,0.06670321,0.83813425,-0.51273529,-0.18610035,-0.00658487,0.00980562,-0.0055831
-0.12291559,0.15492461,-0.98024994,0.53142811,0.8444633,0.06682713,0.83813825,-0.51271832,-0.18612899,-0.00195003,0.01022214,-0.00995332
-0.12290157,0.15522631,-0.98020406,0.53151653,0.84438803,0.06707484,0.83808436,-0.51275105,-0.18628196,0.00235401,0.00428277,-0.01011405
-0.12289434,0.15542498,-0.98017343,0.53151983,0.84437209,0.06724902,0.83808326,-0.51271711,-0.18638001,0.00138644,0.00452465,-0.01191501
-0.12289434,0.15542498,-0.98017343,0.53151983,0.84437209,0.06724902,0.83808326,-0.51271711,-0.18638001,0.00138644,0.00452465,-0.01191501
-0.12289434,0.15542498,-0.98017343,0.53151983,0.84437209,0.06724902,0.83808326,-0.51271711,-0.18638001,0.00138644,0.00452465,-0.01191501
-0.12288715,0.15562359,-0.9801428,0.53152315,0.84435611,0.06742315,0.83808218,-0.51268318,-0.18647805,-0.00301712,0.00880975,-0.00257465
-0.12299417,0.15566119,-0.98012345,0.53152077,0.84435949,0.06739971,0.83806805,-0.51266621,-0.18658845,-0.00208677,0.01195115,-0.00701414
-0.12287997,0.15591784,-0.98009693,0.53144477,0.84438346,0.06769788,0.83813294,-0.5125487,-0.18661953,-0.00796147,0.00338989,-0.00863643
-0.12269931,0.15601698,-0.98010376,0.53136809,0.84441585,0.06789552,0.83820799,-0.51246517,-0.18651168,-0.00341157,-0.00237113,-0.01062881
-0.12273982,0.15594487,-0.98011022,0.53132427,0.84444935,0.06782183,0.8382299,-0.51243192,-0.18650485,0.00319297,0.00352544,-0.00712249
-0.122720819,0.155659863,-0.980157873,0.531153891,0.844572376,0.0676241403,0.838340619,-0.512315808,-0.186325949,-0.000530806836,0.010495007,-0.00818326604
-0.12265418,0.15569354,-0.98016082,0.53098976,0.84466751,0.06772469,0.83845428,-0.51214869,-0.18627366,-0.00105291,0.01231593,-0.0103756
-0.12265421,0.15578917,-0.98014564,0.53090797,0.84471086,0.06782527,0.8385061,-0.51204811,-0.18631705,-0.00465667,0.00770563,-0.00620349
-0.12254009,0.15609367,-0.98011145,0.53079097,0.84475633,0.06817375,0.83859682,-0.51188034,-0.18636962,-0.00497007,0.00731713,-0.00570029
-0.12254009,0.15609367,-0.98011145,0.53079097,0.84475633,0.06817375,0.83859682,-0.51188034,-0.18636962,-0.00497007,0.00731713,-0.00570029
-0.12272783,0.15617807,-0.9800745,0.53053728,0.84491322,0.06820415,0.83872988,-0.51159556,-0.18655264,-0.00791402,0.0110274,-0.00434535
-0.12286107,0.15649308,-0.98000764,0.53053849,0.8448962,0.06840544,0.83870971,-0.51152742,-0.18683046,-0.00779217,0.0086512,-0.00786246
-0.12276123,0.15625681,-0.98005784,0.53053761,0.84490896,0.06825443,0.83872487,-0.51157857,-0.18662218,0.0015302,0.01072747,-0.00717831
-0.12270169,0.15594848,-0.98011437,0.53049279,0.84495521,0.06802987,0.83876188,-0.51159627,-0.18640697,-0.00350023,0.0124678,-0.00724953
-0.12262812,0.15589407,-0.98013228,0.5305773,0.84490432,0.06800291,0.83871925,-0.51169689,-0.18632288,-0.00105984,0.00504452,-0.00937103
-0.12262805,0.15584629,-0.98013985,0.53061817,0.8448827,0.06795266,0.83869336,-0.51174714,-0.18630119,0.00235179,0.00793535,-0.01408241
-0.12256148,0.1556888,-0.98017323,0.53061761,0.84489114,0.06785205,0.83870347,-0.51178115,-0.18616232,-0.0049597,0.00406247,-0.00766092
-0.122568623,0.155585787,-0.980188741,0.530532529,0.844950483,0.0677784119,0.838756305,-0.511714511,-0.186107737,-0.00731206033,0.00617927313,-0.000796454027
-0.12284916,0.15586607,-0.98010909,0.53048749,0.8449704,0.06788251,0.83874375,-0.51159631,-0.18648891,-0.00299251,0.01351207,-0.00980745
-0.12288241,0.1560882,-0.98006955,0.53036509,0.84503104,0.06808376,0.83881626,-0.5114284,-0.18662319,-0.00456401,0.00208169,-0.00749763
-0.12302268,0.15620447,-0.98003345,0.53036302,0.84503017,0.06811074,0.83879704,-0.51139434,-0.18680295,-0.00755177,0.01086277,-0.00381673
-0.12306298,0.15613234,-0.98003985,0.5303191,0.84506366,0.06803712,0.83881885,-0.51136102,-0.18679602,-0.00493224,0.01542908,-0.00723633
-0.12309641,0.15630665,-0.98000795,0.53023763,0.84510263,0.06818805,0.83886554,-0.51124337,-0.18690877,-0.00455674,0.00766212,-0.00732377
-0.12326969,0.15645381,-0.97996256,0.53027673,0.8450759,0.0682151,0.83881524,-0.51124252,-0.18713605,-0.0062859,0.00644201,-0.0105241
-0.12326976,0.15640604,-0.97997022,0.53031764,0.84505429,0.06816477,0.83878942,-0.51129285,-0.18711452,-0.00748441,0.00697762,-0.01006116
-0.12327683,0.15625517,-0.97999339,0.53027342,0.84509203,0.06804081,0.83881632,-0.51127661,-0.18703822,-0.00507211,0.00688857,-0.00657847
-0.12329102,0.15585779,-0.98005491,0.53026683,0.84512416,0.06769216,0.83881844,-0.51134479,-0.18684243,-0.00133398,0.0081225,-0.00461621
-0.12325755,0.15573126,-0.98007914,0.53030739,0.84510675,0.06759156,0.8387976,-0.51141209,-0.18675121,-0.00162021,0.00278395,-0.00529984
-0.12325763,0.15577903,-0.98007158,0.53026654,0.84512837,0.06764183,0.83882347,-0.51136182,-0.18677292,0.00161153,0.01151496,-0.00701005
-0.12333139,0.15583345,-0.98005373,0.53018201,0.84517925,0.06766886,0.83886615,-0.51126116,-0.18685723,-0.0051814,0.00862712,-0.00126465
-0.12333139,0.15583345,-0.98005373,0.53018201,0.84517925,0.06766886,0.83886615,-0.51126116,-0.18685723,-0.0051814,0.00862712,-0.00126465
-0.12333139,0.15583345,-0.98005373,0.53018201,0.84517925,0.06766886,0.83886615,-0.51126116,-0.18685723,-0.0051814,0.00862712,-0.00126465
-0.12371859,0.1565335,-0.97989327,0.52980715,0.84537539,0.06815285,0.83904585,-0.51072271,-0.18752121,-0.00737825,0.00241512,-0.00891801
-0.12390625,0.15647446,-0.97987905,0.52967596,0.84546728,0.06803274,0.83910105,-0.5105887,-0.18763943,-0.0028122,0.01712388,-0.00593115
-0.124126988,0.156350767,-0.979870814,0.529667751,0.845490153,0.0678119352,0.839073565,-0.510588702,-0.187762101,0.00210335292,0.0220153928,-2.6633963e-05
-0.1242673,0.15656252,-0.97981931,0.52958386,0.84553245,0.06793983,0.83910585,-0.51045378,-0.18798503,0.00225955,0.01379567,-0.00124434
-0.1242673,0.15656252,-0.97981931,0.52958386,0.84553245,0.06793983,0.83910585,-0.51045378,-0.18798503,0.00225955,0.01379567,-0.00124434
-0.124231879,0.157603822,-0.979656771,0.529559635,0.845472971,0.0688624415,0.8391263,-0.510231789,-0.188495315,-0.00785729475,-0.000736117363,-0.00826988183
-0.12437199,0.15772004,-0.9796203,0.52955756,0.84547205,0.06888969,0.83910687,-0.5101974,-0.18867487,-0.00611092,0.00174671,-0.00884971
-0.12457384,0.15721578,-0.97967574,0.52946053,0.84557498,0.06837038,0.8391382,-0.51018247,-0.18857607,-0.00918092,0.01253575,-0.00490218
-0.12458083,0.15701709,-0.97970667,0.52945714,0.84559118,0.06819595,0.83913924,-0.5102168,-0.18847826,-0.00620987,0.01081055,-0.00559948
-0.12460717,0.15724671,-0.97966659,0.5295018,0.84554914,0.06837034,0.83910726,-0.51021577,-0.18862391,-0.00205625,0.00750941,-0.00816567
-0.12468063,0.15734879,-0.97964078,0.52937627,0.84562144,0.06844808,0.83917547,-0.51006444,-0.18872933,-0.00281428,0.01046866,-0.00756847
-0.12482771,0.1573141,-0.97962757,0.52932981,0.84565833,0.0683514,0.83918285,-0.51001396,-0.18883263,-0.00377947,0.01287621,-0.00375125
-0.124861108,0.157488353,-0.979595413,0.529248377,0.845697076,0.0685026849,0.839229354,-0.509895952,-0.188945131,-0.000830594392,0.0105224252,-0.00349109224
-0.1250011,0.15770015,-0.97954335,0.52916426,0.84573929,0.06863099,0.8392614,-0.50976042,-0.18916761,-0.00234446,0.00462788,-0.00717798
-0.12496089,0.15786792,-0.97952163,0.52912648,0.84574877,0.06880555,0.83929141,-0.50969281,-0.18921762,-0.00729801,-0.00178593,-0.0112029
-0.12496077,0.15791565,-0.97951388,0.52908555,0.84577026,0.06885601,0.83931715,-0.50964234,-0.18923899,-0.00531135,0.00171775,-0.00745984
-0.12507467,0.15780221,-0.97951752,0.52903872,0.8458115,0.06870884,0.83932958,-0.509609,-0.18927307,-0.00305618,0.01036519,-0.00686652
-0.12526204,0.1576475,-0.97951844,0.52898918,0.84586038,0.06848816,0.8393328,-0.50957575,-0.18934801,-0.0028489,0.01896363,-0.00272007
-0.12529546,0.15777401,-0.97949389,0.5289486,0.84587759,0.0685891,0.83935351,-0.50950804,-0.18943896,-0.00161869,0.0127874,-0.00612801
-0.12521487,0.15806171,-0.97945786,0.52891384,0.84587507,0.06888767,0.83938748,-0.50942307,-0.18951716,-0.00494197,0.00237077,-0.00958308
-0.12524793,0.15818828,-0.9794331,0.52887311,0.84589228,0.0689888,0.8394081,-0.50935517,-0.18960777,-0.00434481,-0.00115615,-0.01129504
-0.125321743,0.158146998,-0.979430467,0.528870456,0.845899966,0.068915141,0.839398924,-0.509355262,-0.189648935,-0.00507963635,0.000392854214,-0.00970821362
-0.125475765,0.157961328,-0.9794406,0.5287796,0.845974689,0.0686945294,0.839433026,-0.509288742,-0.189676043,0.000706620514,0.0166361928,-0.0058020181
-0.125656221,0.157957545,-0.979418149,0.528774402,0.84598579,0.0685979119,0.839409393,-0.509271495,-0.189827283,0.000562472327,0.0175219178,-0.00265269889
-0.12568933,0.15808402,-0.97939343,0.52873376,0.84600298,0.06869896,0.83942996,-0.50920367,-0.1899179,-0.00287598,0.00915235,-0.00252421
-0.12574861,0.15834465,-0.97934369,0.52881971,0.84593506,0.06887356,0.83936691,-0.50923553,-0.19011092,-0.00812807,0.00629717,-0.00934694
-0.12574869,0.15829694,-0.97935144,0.52886063,0.84591359,0.06882307,0.83934117,-0.50928603,-0.19008954,-0.00653497,0.00134999,-0.01047106
-0.1258957,0.15816664,-0.97935356,0.528896,0.84590753,0.06862543,0.83929679,-0.50933658,-0.19014981,-0.0012471,0.00481564,-0.01320602
-0.12597656,0.15792669,-0.97938201,0.52888983,0.8459315,0.06837726,0.83928869,-0.50937124,-0.19009336,-0.00218639,0.00897902,-0.00940234
-0.1260168,0.15780674,-0.97939613,0.52888666,0.84594349,0.06825325,0.8392846,-0.5093885,-0.19006497,0.00584191,0.0048241,-0.00760515
-0.12612359,0.15779642,-0.97938405,0.52892506,0.84592542,0.06817966,0.83924437,-0.5094217,-0.19015363,0.00166944,0.01036268,-0.00527967
-0.12623038,0.1577862,-0.97937197,0.52896346,0.84590734,0.06810615,0.83920414,-0.50945491,-0.19024233,-0.00167633,0.00680989,-0.00493884
-0.12630383,0.15774498,-0.9793691,0.52896059,0.84591504,0.06803267,0.83919486,-0.50945487,-0.19028319,-0.00187203,0.01042253,-0.00613062
-0.12641066,0.15773468,-0.97935703,0.52899905,0.84589691,0.06795906,0.83915459,-0.50948817,-0.19037189,-0.00567558,0.01018244,-0.005134
-0.12641066,0.15773468,-0.97935703,0.52899905,0.84589691,0.06795906,0.83915459,-0.50948817,-0.19037189,-0.00266405,0.00684839,-0.01287673
-0.12645095,0.1576147,-0.97937114,0.52899589,0.84590884,0.06783502,0.83915051,-0.50950549,-0.19034351,-0.00654386,0.0022139,-0.00862045
-0.12652423,0.1575735,-0.97936818,0.52899295,0.84591655,0.06776159,0.83914116,-0.50950541,-0.1903842,-0.00356238,0.00254148,-0.00889206
-0.12670454,0.15756982,-0.97934551,0.52898753,0.84592767,0.06766511,0.83911744,-0.5094881,-0.19053534,-0.00417169,0.00396103,-0.00250064
-0.12677811,0.15762403,-0.97932731,0.5289029,0.84597839,0.06769259,0.83915972,-0.50938712,-0.19061935,-0.00157764,0.00450474,-0.00414989
-0.12688485,0.15770924,-0.97929978,0.52885948,0.84600334,0.06772012,0.83917097,-0.50931931,-0.19075103,-0.00187899,0.00878829,-0.00323632
-0.12703161,0.1576268,-0.97929391,0.52885362,0.84601872,0.06757321,0.83915232,-0.50931924,-0.19083262,-0.00147374,0.01106614,-0.00731816
-0.12720497,0.15786949,-0.97923247,0.52881094,0.84603515,0.0677018,0.83915315,-0.50921681,-0.191103,-0.0032399,0.00963503,-0.00844193
-0.12723808,0.15799592,-0.97920773,0.52877037,0.8460524,0.06780288,0.83917363,-0.50914892,-0.19119364,-0.00345233,0.01110595,-0.00899909
-0.12730455,0.15815335,-0.97917373,0.52877108,0.84604386,0.06790393,0.83916316,-0.50911425,-0.19133215,-0.00797444,0.00115901,-0.00686633
-0.12737801,0.15811214,-0.97917072,0.52876809,0.84605161,0.06783043,0.83915377,-0.50911414,-0.19137302,-0.0097347,0.00315934,-0.00609036
-0.12737801,0.15811214,-0.97917072,0.52876809,0.84605161,0.06783043,0.83915377,-0.50911414,-0.19137302,-0.0097347,0.00315934,-0.00609036
-0.12767895,0.15770085,-0.97919784,0.5287937,0.84607705,0.06731143,0.83909188,-0.50919942,-0.19141744,-0.00886988,0.01269788,-0.00563263
-0.1278189,0.15781706,-0.97916092,0.5287915,0.84607624,0.06733901,0.83907204,-0.50916477,-0.19159685,-0.00178869,0.01152271,-0.00910116
-0.12781179,0.15796803,-0.9791375,0.52883599,0.84603856,0.06746302,0.83904507,-0.50918058,-0.19167288,-0.00403032,0.00416821,-0.00486328
-0.127804837,0.158119092,-0.979114122,0.528880492,0.84600085,0.0675870739,0.839018198,-0.509196367,-0.191749111,-0.00520069618,0.000602483749,-0.00840608776
-0.127918367,0.15805331,-0.979109794,0.528792482,0.846063533,0.0674907502,0.839056225,-0.509112602,-0.191804466,-0.00399042666,-0.000286519527,-0.00424160622
-0.1279585,0.15798107,-0.97911612,0.52874823,0.84609703,0.06741735,0.83907789,-0.50907933,-0.19179751,-0.0029326,0.00142103,-0.01106755
-0.12821929,0.15788055,-0.97909833,0.52861349,0.84619656,0.06722464,0.8391231,-0.50894509,-0.19195651,-0.00333612,0.01333219,-0.01327336
-0.128366182,0.157845777,-0.9790846,0.528566622,0.846233477,0.0671282612,0.839130067,-0.508894476,-0.192059763,-0.000263936177,0.0148465037,-0.00536912028
-0.12850599,0.15796203,-0.97904753,0.52856436,0.84623269,0.06715599,0.83911012,-0.50885972,-0.19223906,-0.00378011,0.01621765,-0.00373035
-0.128565209,0.158365833,-0.97897451,0.528527852,0.846229532,0.067482352,0.83912403,-0.508739443,-0.192496424,-0.00431699865,0.00557309389,-0.00059135817
-0.12866483,0.15869747,-0.97890782,0.52844716,0.84625973,0.06773542,0.8391597,-0.50858588,-0.1927471,-0.00356016,0.00380582,-0.00557735
-0.12863162,0.15871408,-0.97890945,0.52836502,0.84630695,0.06778601,0.83921646,-0.5085021,-0.1927208,-0.00593792,0.00216991,-0.00511365
-0.12877841,0.15863164,-0.97890347,0.52835905,0.84632242,0.06763919,0.83919766,-0.50850207,-0.19280251,-0.0061523,0.00712389,-0.00662614
-0.12877836,0.1586793,-0.97889572,0.52831817,0.84634389,0.0676898,0.83922337,-0.50845145,-0.19282392,-0.00381964,0.01353723,-0.01346699
-0.12863848,0.15870618,-0.97890968,0.52819772,0.84640912,0.06781392,0.83932054,-0.50833445,-0.19270901,-0.00494416,0.00815147,-0.00740029
-0.128491645,0.158836404,-0.978907954,0.528162784,0.846415084,0.0680114913,0.839365153,-0.508283864,-0.19264874,-0.00508870604,0.000222325325,-0.00719246315
-0.128491645,0.158836404,-0.978907954,0.528162784,0.846415084,0.0680114913,0.839365153,-0.508283864,-0.19264874,-0.00508870604,0.000222325325,-0.00719246315
-0.12841826,0.15902074,-0.97888768,0.52804304,0.84647167,0.0682368,0.83945175,-0.50813199,-0.19267221,-0.00726996,0.01102847,-0.00680433
-0.12841821,0.15911616,-0.97887216,0.52796119,0.84651454,0.06833812,0.83950321,-0.50803067,-0.19271504,-0.00112047,0.00886434,-0.00746588
-0.12837804,0.15928389,-0.97885021,0.52792354,0.84652391,0.06851287,0.8395331,-0.50796251,-0.1927648,-0.0060591,0.00636071,-0.00992574
-0.12818363,0.1599715,-0.97876343,0.52769051,0.84660815,0.06926273,0.83970915,-0.50760587,-0.19293674,-0.00716606,0.0056091,-0.00484723
-0.12829756,0.15985794,-0.97876716,0.52764353,0.84664946,0.06911578,0.83972139,-0.50757278,-0.19297106,-0.00537977,0.00966352,-0.00709151
-0.12830459,0.15980233,-0.97877533,0.5275171,0.8467301,0.06909305,0.83979976,-0.50745577,-0.19293781,-0.00580832,0.00939947,-0.00594182
-0.12823819,0.15978805,-0.97878632,0.52739357,0.8468029,0.06914375,0.83988743,-0.50733876,-0.19286365,-0.00319298,0.0068894,-0.00320337
-0.12819811,0.15990811,-0.97877208,0.52739679,0.84679076,0.0692679,0.83989166,-0.50732122,-0.192892,-0.00852325,0.00948054,-0.01105004
-0.12815779,0.16012363,-0.97874211,0.52731804,0.84682132,0.06949351,0.83994725,-0.50720221,-0.19296284,-0.002743,0.00147396,-0.00697521
-0.12812455,0.1601404,-0.97874367,0.52723573,0.8468684,0.06954427,0.84000393,-0.5071183,-0.19293637,-0.00502927,0.00421911,-0.01213242
-0.12819804,0.16024226,-0.9787174,0.52711,0.8469402,0.06962292,0.84007165,-0.5069662,-0.19304138,0.00346713,0.01278216,-0.00488164
-0.128124547,0.160426806,-0.978696763,0.526989891,0.846996359,0.0698485848,0.840158181,-0.50681398,-0.19306433,-0.000414135662,0.0127628446,-0.00394134223
-0.12808411,0.160594587,-0.978674458,0.526952035,0.847005452,0.0700235541,0.840187996,-0.506745621,-0.193113578,-0.000837986358,0.0113409162,-0.0100215236
-0.12793736,0.1607728,-0.97866449,0.52687568,0.84703239,0.07027199,0.84025834,-0.5066441,-0.19307437,-0.01129167,0.00868589,-0.00221433
-0.1277169,0.16099237,-0.97865716,0.52680202,0.84705143,0.07059396,0.84033803,-0.50654253,-0.19299389,-0.00801812,0.00159603,-0.00718889
-0.1277169,0.16099237,-0.97865716,0.52680202,0.84705143,0.07059396,0.84033803,-0.50654253,-0.19299389,-0.00608451,0.0013935,-0.00944511
-0.1277169,0.16099237,-0.97865716,0.52680202,0.84705143,0.07059396,0.84033803,-0.50654253,-0.19299389,-0.00608451,0.0013935,-0.00944511
-0.127524785,0.160464506,-0.978768758,0.526673549,0.8471585,0.0702667002,0.840447567,-0.506530926,-0.192546105,-0.000766528829,0.0122291446,-0.00204423768
-0.127532005,0.160313514,-0.978792635,0.526629114,0.84719643,0.0701424635,0.840474402,-0.506515317,-0.192470418,0.000277779327,0.0166497827,-0.00171776593
-0.12753201,0.16031351,-0.97879263,0.52662911,0.84719643,0.07014246,0.8404744,-0.50651532,-0.19247042,-0.00155444,0.01081389,-0.00407788
-0.12734487,0.16056405,-0.97877598,0.5265968,0.84718981,0.07046435,0.84052308,-0.50644704,-0.19243779,-0.00282504,0.00625962,-0.00657829
-0.12730454,0.160684179,-0.978761596,0.526599912,0.84717754,0.0705886937,0.840527334,-0.506429488,-0.192465826,-0.00599770155,2.40802765e-05,-0.0102502555
-0.12733783,0.16071513,-0.97875224,0.52664129,0.84715183,0.07058868,0.84049644,-0.50646269,-0.1925137,-0.00222883,0.00181943,-0.01133103
-0.12713858,0.16014725,-0.97887116,0.52672137,0.84713576,0.07018277,0.84047634,-0.5066694,-0.19205662,-0.00167248,0.01088125,-0.00823419
-0.12692512,0.16012033,-0.97890322,0.52668521,0.84715025,0.07027906,0.84053122,-0.50665367,-0.19185766,-0.00648393,-0.00199956,-0.00792478
-0.12696538,0.15995247,-0.97892543,0.52672316,0.84714115,0.07010413,0.84050134,-0.5067219,-0.19180826,-0.00571376,0.01100892,-0.0056036
-0.12696538,0.15995247,-0.97892543,0.52672316,0.84714115,0.07010413,0.84050134,-0.5067219,-0.19180826,-0.00571376,0.01100892,-0.0056036
-0.12711938,0.15971877,-0.97894351,0.52667307,0.84719467,0.06983292,0.84050934,-0.50670611,-0.19181443,-0.00512716,0.00939482,-0.00813922
-0.12718579,0.15978064,-0.97892477,0.52675574,0.84714327,0.06983293,0.84044747,-0.50677253,-0.19190995,-0.00370677,0.00718921,-0.00575894
-0.1274062,0.15941777,-0.97895527,0.52695236,0.84705992,0.06935899,0.84029081,-0.50702607,-0.19192625,-0.0015417,0.01025802,-0.00892838
-0.12736587,0.15944227,-0.97895648,0.5270375,0.84700508,0.06938177,0.84024348,-0.50710996,-0.19191158,-0.00344219,-0.0054037,-0.01067558
-0.12732576,0.15951458,-0.97895001,0.52708166,0.84697159,0.06945524,0.84022196,-0.50714318,-0.1919185,-0.00531296,-0.00548035,-0.0157352
-0.12725941,0.15935714,-0.97898432,0.52708104,0.8469803,0.06935384,0.84023245,-0.50717815,-0.19178034,-0.00399769,-0.00386208,-0.00992072
-0.12742024,0.15892478,-0.97903368,0.52702733,0.8470501,0.06890803,0.84024177,-0.50719724,-0.19168902,-0.001201,0.00903195,-0.00645782
-0.127500822,0.158780212,-0.979046731,0.526939055,0.847116973,0.0687610548,0.840285006,-0.507130845,-0.19167561,-0.000356632285,0.0192911029,-0.0100207115
-0.12768086,0.15882402,-0.97901612,0.52689266,0.84714952,0.06871551,0.84028671,-0.50706274,-0.19184799,0.0045802,0.02074772,-0.00458118
-0.127659982,0.15937251,-0.978929693,0.526944239,0.847078875,0.0691892367,0.840257526,-0.507008663,-0.192118501,-0.0135354251,0.000449001789,-0.00222092029
-0.12768608,0.15960218,-0.97888883,0.52698907,0.84703668,0.06936407,0.8402254,-0.5070069,-0.1922634,-0.00750946,-0.00197744,-0.00691791
-0.12765998,0.15937251,-0.97892969,0.52694424,0.84707887,0.06918924,0.84025753,-0.50700866,-0.1921185,-0.00494378,0.00179082,-0.00910014
-0.12765998,0.15937251,-0.97892969,0.52694424,0.84707887,0.06918924,0.84025753,-0.50700866,-0.1921185,-0.00494378,0.00179082,-0.00910014
-0.12768086,0.15882402,-0.97901612,0.52689266,0.84714952,0.06871551,0.84028671,-0.50706274,-0.19184799,-0.00474597,0.01351792,-0.00677901
-0.12757408,0.15878665,-0.97903603,0.52689514,0.84714611,0.06873833,0.84030129,-0.50708012,-0.1917378,0.00123174,0.01178032,-0.00620589
-0.12750066,0.15882796,-0.97903892,0.52689802,0.84713836,0.06881176,0.84031065,-0.50708014,-0.19169684,0.00386887,0.00244635,-0.01359917
-0.12746768,0.15874927,-0.97905612,0.52689776,0.84714267,0.06876104,0.840316,-0.50709762,-0.19162796,-0.00378085,0.00959557,-0.00639192
-0.12750066,0.15882796,-0.97903892,0.52689802,0.84713836,0.06881176,0.84031065,-0.50708014,-0.19169684,-0.00996803,0.00393933,-0.00204912
-0.12746063,0.15899576,-0.979017,0.52686026,0.84714765,0.06898653,0.84034053,-0.50701206,-0.19174653,-0.00766635,0.00288945,-0.00432433
-0.12746063,0.15899576,-0.979017,0.52686026,0.84714765,0.06898653,0.84034053,-0.50701206,-0.19174653,-0.00759378,0.0054093,-0.00420183
-0.12748138,0.15849509,-0.9790954,0.52676765,0.84723957,0.06856353,0.84039535,-0.50701521,-0.19149736,-0.00791041,0.01131707,-0.00925199
-0.12748138,0.15849509,-0.9790954,0.52676765,0.84723957,0.06856353,0.84039535,-0.50701521,-0.19149736,-0.00333838,0.00846702,-0.01072533
-0.12736779,0.15875193,-0.9790686,0.52669175,0.84726252,0.06886239,0.84046017,-0.50689649,-0.19152729,-0.00397329,0.00214213,-0.01268992
-0.12751461,0.15886031,-0.97903186,0.52652201,0.84736347,0.06891825,0.84054421,-0.50669375,-0.19169467,0.0010211,0.00530046,-0.00548355
-0.12762822,0.15884222,-0.97901999,0.52639294,0.84744735,0.06887276,0.8406078,-0.50655911,-0.19177161,-0.00146693,0.01023382,-0.00501184
-0.1276615,0.159112,-0.97897186,0.52622919,0.8475284,0.06912632,0.84070528,-0.5063388,-0.19192612,-0.00191761,0.00625724,-0.00390761
-0.12754102,0.15956766,-0.97891346,0.52615674,0.84753461,0.06960021,0.84076898,-0.50618501,-0.19205303,-0.00406638,0.00512737,-0.00600066
-0.12751466,0.15943353,-0.9789387,0.52602978,0.84761943,0.06952678,0.84085237,-0.50608522,-0.19195069,-0.00398834,0.00813228,-0.00774282
-0.12700176,0.15874622,-0.97911704,0.52594974,0.84769443,0.06921721,0.84098004,-0.50617564,-0.19115122,-0.00653256,0.00514632,-0.00148349
-0.126901786,0.15851015,-0.979168196,0.525948721,0.847707459,0.0690651213,0.8409957,-0.506227795,-0.190943797,0.000124972546,0.00470179319,-0.00849475432
-0.12686153,0.1585824,-0.97916165,0.52599288,0.84767406,0.06913859,0.84097408,-0.50626108,-0.19095044,-0.00404218,0.0031957,-0.01055545
-0.12679514,0.15842507,-0.97919584,0.52599228,0.84768272,0.06903719,0.84098462,-0.50629587,-0.19081241,-0.00327199,0.00412327,-0.01060421
-0.12679514,0.15842507,-0.97919584,0.52599228,0.84768272,0.06903719,0.84098462,-0.50629587,-0.19081241,-0.00327199,0.00412327,-0.01060421
-0.12681549,0.1578767,-0.97928172,0.52594073,0.84775314,0.06856353,0.84101373,-0.50634924,-0.19054201,-0.0033383,0.00904101,-0.00847631
-0.12684886,0.15795537,-0.97926474,0.52594108,0.84774883,0.06861417,0.84100851,-0.50633193,-0.19061118,-0.0010932,0.00840074,-0.00584963
-0.12687516,0.15818497,-0.97922415,0.5259859,0.84770683,0.06878901,0.84097637,-0.50633054,-0.19075599,-0.00177929,0.00763255,-0.00967897
-0.12690854,0.15826364,-0.97920715,0.52598626,0.8477025,0.06883964,0.84097115,-0.50631321,-0.19082517,-0.00296514,0.00962645,-0.01066924
-0.1270153,0.15830095,-0.97918728,0.52598376,0.8477059,0.06881687,0.8409566,-0.50629585,-0.19093534,-0.00457137,0.00612658,-0.00613045
-0.12701543,0.15825318,-0.97919506,0.52602483,0.84768455,0.06876617,0.84093098,-0.50634656,-0.19091412,-0.01029236,0.00424749,-0.00775593
-0.1275227,0.15811462,-0.97915155,0.5260493,0.84770091,0.06837622,0.84083894,-0.50636246,-0.19127719,-0.00164834,0.01081902,-0.01338357
-0.12787617,0.15840084,-0.97905923,0.52595997,0.84774957,0.06846014,0.84084119,-0.50619152,-0.19171947,-0.00205618,0.00559133,-0.01066638
-0.12794952,0.15845501,-0.97904085,0.52587502,0.8478,0.06848817,0.84088313,-0.50609009,-0.19180314,-0.00364227,0.00516218,-0.00375123
-0.12830971,0.15863797,-0.9789641,0.5257,0.84790768,0.06849891,0.84093771,-0.50585233,-0.19219078,-0.00100455,0.00920743,-0.00419868
-0.12842312,0.15857204,-0.97895977,0.52561171,0.84797014,0.06840281,0.84097542,-0.50576825,-0.19224628,0.00186879,0.01541597,-0.00293139
-0.128643176,0.158447953,-0.978950927,0.525602889,0.847993331,0.0681826852,0.840947248,-0.505768249,-0.192369247,0.00168381247,0.018609345,0.000196581386
-0.12874325,0.15858854,-0.97891515,0.52568601,0.84793775,0.06823339,0.84088014,-0.50581741,-0.19253404,-0.00149511,0.00894123,-0.00664746
-0.12851616,0.15895912,-0.97888483,0.52565741,0.84791948,0.06867922,0.8409327,-0.5057317,-0.19252939,-0.00441848,-0.0018099,-0.00856509
-0.12856309,0.15864028,-0.97893036,0.52565049,0.84794793,0.06838015,0.84092981,-0.50578409,-0.19240414,-0.00645032,0.00451988,-0.00510801
-0.128570045,0.158441579,-0.978961704,0.525646902,0.847964254,0.068205275,0.840931083,-0.50581903,-0.192307128,-0.000317309285,0.0109736323,-0.00292115891
-0.12869022,0.15803376,-0.9790118,0.525678,0.84797889,0.06778228,0.84089322,-0.50592206,-0.19220146,-0.00416738,0.01943785,-0.00488451
-0.12869022,0.15803376,-0.9790118,0.525678,0.84797889,0.06778228,0.84089322,-0.50592206,-0.19220146,-0.00416738,0.01943785,-0.00488451
-0.12846337,0.15826104,-0.9790049,0.52577251,0.84789678,0.06807577,0.84086885,-0.50598863,-0.19213298,-0.00835082,0.00506657,-0.01715506
-0.12846337,0.15826104,-0.9790049,0.52577251,0.84789678,0.06807577,0.84086885,-0.50598863,-0.19213298,-0.00835082,0.00506657,-0.01715506
-0.12843673,0.15788811,-0.97906852,0.52585053,0.84787458,0.06774882,0.84082403,-0.5061423,-0.19192378,-0.00452655,0.00931257,-0.01063944
-0.12844363,0.15773716,-0.97909202,0.52580591,0.84791216,0.06762472,0.84085096,-0.50612642,-0.19184805,-0.00857559,0.00798434,-0.0029384
-0.12851688,0.15769582,-0.979089,0.52580292,0.84791986,0.06755138,0.84084156,-0.50612639,-0.19188893,,,
-0.128550089,0.157822274,-0.979064211,0.525762195,0.847937008,0.0676528522,0.840861887,-0.506058222,-0.191979352,-0.000254242565,0.00944381952,-0.0091943955
-0.12859017,0.15770219,-0.97907831,0.52575894,0.84794892,0.06752871,0.84085781,-0.5060757,-0.19195123,-0.00327669,0.00957245,-0.00692617
-0.128590174,0.157702192,-0.97907831,0.525758945,0.847948921,0.0675287089,0.840857806,-0.506075699,-0.191951228,-7.87696335e-05,0.00900870562,-0.00804115832
-0.12859017,0.15770219,-0.97907831,0.52575894,0.84794892,0.06752871,0.84085781,-0.5060757,-0.19195123,-0.00191625,0.00288922,-0.01085825
-0.1285235,0.15768813,-0.9790893,0.52563518,0.84802159,0.06757951,0.84094533,-0.50595829,-0.19187712,-0.00145912,0.00571889,-0.01272809
-0.12852361,0.15778358,-0.97907397,0.52555323,0.84806431,0.06768086,0.84099661,-0.50585694,-0.19191995,0.00168311,0.00281888,-0.00647562
-0.12849034,0.15780038,-0.97907565,0.52547089,0.84811129,0.06773154,0.84105317,-0.50577293,-0.19189361,-0.00403228,0.00752109,-0.00447022
-0.12849034,0.15780038,-0.97907565,0.52547089,0.84811129,0.06773154,0.84105317,-0.50577293,-0.19189361,-0.00403228,0.00752109,-0.00447022
-0.12867028,0.15808279,-0.97900641,0.52521918,0.84825052,0.06793994,0.84118282,-0.50545114,-0.19217274,-0.00185231,0.01619703,-0.00183271
-0.128670537,0.158226094,-0.978983373,0.525096114,0.848314525,0.0680921776,0.841259777,-0.505298898,-0.192236995,0.000169720966,0.0114815831,-0.00760086114
-0.12859023,0.15860941,-0.97893178,0.52497954,0.84835441,0.06849271,0.84134467,-0.5051117,-0.19235678,-0.00713016,0.00441748,-0.00994464
-0.12865681,0.15891004,-0.97887426,0.52485705,0.84840966,0.06874664,0.8414109,-0.50492437,-0.19255873,-0.00583122,0.00630754,-0.0115839
-0.12884371,0.15894601,-0.97884391,0.52464266,0.84854363,0.06872975,0.84151608,-0.50468789,-0.19271936,-0.00634649,0.00876063,-0.00426222
-0.128876987,0.159072428,-0.978818981,0.524601942,0.848560566,0.0688313637,0.841536355,-0.504619577,-0.19280963,-0.000597057515,0.00887745619,-0.00486817909
-0.12898368,0.15939627,-0.97875228,0.52435299,0.84869148,0.06911379,0.8416752,-0.50429714,-0.19304727,-0.00458896,0.00395066,-0.01284527
-0.12898353,0.159444,-0.97874444,0.5243119,0.84871271,0.06916463,0.84170071,-0.5042463,-0.19306834,-0.00183156,0.00977963,-0.01089752
-0.12902381,0.15946724,-0.97873547,0.52418541,0.84878855,0.06919294,0.84177346,-0.50411131,-0.19310433,-0.00167959,0.01122755,-0.0087283
-0.129016977,0.159713783,-0.978696132,0.524147918,0.848793247,0.0694188887,0.841797821,-0.504025326,-0.193222385,-0.000638889731,0.0087017417,-0.00178151869
-0.12897685,0.15988162,-0.97867398,0.52411007,0.84880228,0.06959396,0.84182749,-0.50395689,-0.1932714,-0.00305316,0.00506073,-0.00450175
-0.12898371,0.15973068,-0.97869777,0.52406538,0.84884005,0.06946977,0.84185432,-0.50394115,-0.19319586,-0.00295407,0.00460321,-0.00799949
-0.12891706,0.15962109,-0.97872439,0.52402359,0.84887,0.06941889,0.84189049,-0.5039254,-0.19307904,-0.00333207,0.0070588,-0.00880891
-0.12863712,0.16020176,-0.97866635,0.52332898,0.84923196,0.0702271,0.84236524,-0.50313066,-0.19308097,-0.00526502,0.00518686,-0.01037918
-0.1287105,0.1603993,-0.97862436,0.52312039,0.84934546,0.07040834,0.84248361,-0.50287607,-0.19322782,0.00644306,0.00941008,-0.01303209
-0.12892381,0.16071265,-0.97854486,0.52290956,0.84945786,0.07061824,0.84258186,-0.5025861,-0.19355352,0.00244725,0.01345617,-0.00252383
-0.12909694,0.1611939,-0.97844281,0.5226607,0.84957887,0.07100362,0.84270967,-0.50222729,-0.19392774,-0.0130727,0.0062446,-0.00145017
-0.12909027,0.16167966,-0.97836359,0.52241709,0.84968834,0.07148502,0.8428618,-0.50188585,-0.19415071,-0.00506908,0.00491911,-0.01220215
-0.12910375,0.16147326,-0.97839589,0.52224531,0.84980625,0.07133833,0.84296616,-0.50175264,-0.19404182,0.00179712,0.01105374,-0.00818996
-0.12899722,0.16162743,-0.97838455,0.52208301,0.84988695,0.0715647,0.84308308,-0.5015663,-0.19401599,-0.00244615,0.00544661,-0.0089889
-0.12903026,0.16175388,-0.97835914,0.52204207,0.84990347,0.07166681,0.8431032,-0.50149749,-0.19410559,-0.00345588,0.00393993,-0.01133351
-0.12903026,0.16175388,-0.97835914,0.52204207,0.84990347,0.07166681,0.8431032,-0.50149749,-0.19410559,-0.00345588,0.00393993,-0.01133351
-0.12903026,0.16175388,-0.97835914,0.52204207,0.84990347,0.07166681,0.8431032,-0.50149749,-0.19410559,-0.00345588,0.00393993,-0.01133351
-0.12903026,0.16175388,-0.97835914,0.52204207,0.84990347,0.07166681,0.8431032,-0.50149749,-0.19410559,-0.00345588,0.00393993,-0.01133351
-0.12903026,0.16175388,-0.97835914,0.52204207,0.84990347,0.07166681,0.8431032,-0.50149749,-0.19410559,-0.00345588,0.00393993,-0.01133351
-0.128830456,0.161903894,-0.978360785,0.521504085,0.850203507,0.0720241908,0.843466766,-0.50094024,-0.193965647,2.46743439e-05,-0.00139302015,-0.00942405872
-0.12879714,0.16192094,-0.97836236,0.52142127,0.85024997,0.07207524,0.84352306,-0.50085586,-0.19393879,-0.00238136,0.00374109,-0.01110369
-0.12877061,0.161787,-0.97838809,0.5212938,0.85033436,0.07200187,0.84360599,-0.50075589,-0.19383664,-0.00462652,0.01205093,-0.01147576
-0.12874372,0.161653,-0.97841356,0.52116615,0.85041878,0.07192848,0.84368871,-0.50065574,-0.19373414,-0.00185973,0.00963551,-0.00696961
-0.12867047,0.16169466,-0.97841646,0.52116897,0.85041086,0.0720019,0.84369831,-0.50065577,-0.193693,-0.00557343,0.00964683,-0.0050177
-0.12859692,0.16187979,-0.9783954,0.52104789,0.85046582,0.07222847,0.84378416,-0.50050254,-0.1937144,-0.00467791,0.00762898,-0.00501711
-0.1285238,0.16206498,-0.97837447,0.52092686,0.85052071,0.07245501,0.84387017,-0.50034935,-0.19373615,0.00331414,0.00353807,-0.0144445
-0.128523756,0.162112881,-0.978366519,0.520885534,0.850541661,0.0725061508,0.843895665,-0.500298206,-0.193757064,-0.000727322651,0.00551205873,-0.0101783331
-0.12859731,0.16221484,-0.97834008,0.52075901,0.85061234,0.07258602,0.84396268,-0.500145,-0.19386131,-0.00134087,0.00690407,-0.00657602
-0.12859711,0.16226272,-0.97833205,0.52071765,0.85063327,0.07263718,0.8439881,-0.50009384,-0.19388204,-0.00354827,0.00676602,-0.00428523
-0.12867051,0.16226895,-0.9783214,0.52067365,0.85066211,0.07261492,0.8440041,-0.50004276,-0.1939443,-0.00170035,0.00909799,-0.00187853
-0.12855705,0.16262232,-0.97827756,0.52051417,0.85072526,0.07301724,0.84411966,-0.49982047,-0.19401394,-0.00711006,0.00202185,-0.01064341
-0.12852368,0.16268736,-0.97827112,0.52038988,0.85079251,0.07311954,0.84420136,-0.49968482,-0.19400783,-0.00554202,0.0030449,-0.00854164
-0.12849701,0.16260139,-0.97828895,0.52022093,0.85089774,0.07309733,0.84430958,-0.49953361,-0.19392646,-0.00126,0.0109002,-0.01221989
