0,1,2,3,4,5,6,7,8,9,10,11
0.4044816,0.064568,0.91226402,-0.0663717,-0.99280188,0.09969632,0.91213457,-0.10087385,-0.39728465,0.0078446,0.00147551,0.00228876
0.404481403,0.064291794,0.912283593,-0.0663840742,-0.992830579,0.099401089,0.912133731,-0.100766994,-0.397313549,0.00572319282,0.00311464071,-0.000619638129
0.40457523,0.06357114,0.91229248,-0.06609655,-0.99293927,0.09850274,0.91211299,-0.10015116,-0.39751679,-0.0018321,-0.00120121,-0.00851567
0.40523389,0.06256748,0.91206948,-0.06567104,-0.99308571,0.09730289,0.91185127,-0.09932699,-0.39832305,-0.00604106,-0.00460821,-0.00566892
0.405468769,0.0620059487,0.912003484,-0.0654707407,-0.993164611,0.0966317082,0.911761303,-0.0988906833,-0.398637672,0.000221342547,-0.00179898739,-0.00722856633
0.405702839,0.0606711822,0.911989106,-0.0650750011,-0.993344756,0.0950323995,0.911685454,-0.0979026066,-0.399054526,-0.00179356697,0.000928580761,-0.007994093
0.40570036,0.05909576,0.91209369,-0.06479941,-0.99353692,0.09319543,0.91170623,-0.09691256,-0.39924891,-0.00364838,0.00687975,-0.00833859
0.40574614,0.05829739,0.91212465,-0.06465118,-0.99363313,0.0922661,0.91169632,-0.09640655,-0.3993937,-0.00338798,0.00239366,-0.00585485
0.40578933,0.05666779,0.91220816,-0.06453848,-0.99380787,0.09044638,0.91168512,-0.09557471,-0.39961933,-0.00585946,0.00494379,-0.00158576
0.405832049,0.0552419944,0.912276647,-0.0644852205,-0.993953227,0.0888744967,0.911669905,-0.0948964798,-0.399815794,-0.000988650834,0.00166708231,0.00643643504
0.405877,0.05461907,0.91229409,-0.0645126,-0.99401018,0.08821288,0.91164789,-0.09465805,-0.39992214,-0.00338025,0.00249714,0.00528107
0.40620276,0.05374628,0.91220093,-0.06458007,-0.9940839,0.08732825,0.91149801,-0.09438298,-0.40032857,-0.00393446,0.00442821,0.01017933
0.40681076,0.05314991,0.91196501,-0.06478086,-0.99411437,0.08683517,0.91121267,-0.09440337,-0.40097341,0.00581713,0.00184101,0.00596065
0.40680955,0.05287251,0.91198167,-0.06479261,-0.99413951,0.08653782,0.91121237,-0.09429408,-0.40099977,0.00517114,0.00116032,0.00208461
0.40755766,0.05218704,0.91168702,-0.06497767,-0.99417768,0.0859564,0.91086476,-0.09427149,-0.4017937,0.00473946,-0.00191718,0.00114015
0.40825843,0.05139317,0.91141849,-0.06498245,-0.99424474,0.08517165,0.91055049,-0.09399825,-0.402569,,,
0.40863251,0.05103447,0.91127105,-0.0649149,-0.99428176,0.08479254,0.91038756,-0.09380405,-0.40298293,,,
0.40895916,0.0504951,0.91115455,-0.06473905,-0.9943467,0.08416274,0.91025338,-0.0934064,-0.40337815,-0.00166231,0.00623125,-0.00213565
0.409286429,0.0500282359,0.911033346,-0.0644910005,-0.994411991,0.083579782,0.910123889,-0.0929615228,-0.403772925,0.00117279566,-0.000789523125,-0.00728670042
0.40923915,0.04980337,0.91106695,-0.06433849,-0.99444871,0.08326142,0.91015599,-0.09269051,-0.40376311,-0.00578188,-0.00182635,-0.00356124
0.409098049,0.0495545888,0.911143838,-0.0641614985,-0.994490564,0.0828957089,0.910231867,-0.0923728271,-0.403664617,-0.0108323898,0.000907599926,-0.0174037255
0.40877,0.0494186586,0.911298447,-0.0639517539,-0.994527194,0.0826181129,0.910394001,-0.0920509402,-0.403372447,-0.0171403121,0.000466227531,-0.0196499527
0.40839455,0.04936714,0.91146952,-0.06389826,-0.99454059,0.0824968,0.91056621,-0.09193256,-0.40301039,-0.01272058,0.00616068,-0.01623129
0.40721985,0.04929615,0.91199885,-0.06389354,-0.99455837,0.08228806,0.91109255,-0.09178016,-0.40185422,-0.01799082,0.0051704,-0.00495308
0.4058576,0.04963133,0.91258772,-0.0640048,-0.99452924,0.08255277,0.91169238,-0.09191467,-0.4004606,0.00163108,-0.00708503,-0.00538753
0.40510446,0.0497041,0.91291832,-0.06407367,-0.99452256,0.08257954,0.91202244,-0.09194737,-0.39970079,,,
0.40359802,0.04987726,0.91357588,-0.06409475,-0.99451851,0.08261204,0.9126886,-0.09189747,-0.39818882,,,
0.40223132,0.05007781,0.91416749,-0.06407194,-0.99451515,0.08267071,0.91329336,-0.09182524,-0.39681658,,,
0.40157057,0.05012966,0.91445506,-0.06412046,-0.9945115,0.08267592,0.91358065,-0.0918355,-0.39615217,0.00667214,-0.00537443,0.00669008
0.400389859,0.0502166444,0.914967909,-0.0641294612,-0.994513564,0.0826454342,0.914098134,-0.0917667925,-0.394972805,0.00827151723,0.000761449337,0.00691937003
0.39963353,0.05033266,0.91529212,-0.06424163,-0.99449863,0.08273739,0.91442116,-0.09186449,-0.39420154,0.00932846,0.00155717,0.00980743
0.39934978,0.05043733,0.91541015,-0.0643448,-0.99448122,0.08286456,0.91453781,-0.09199383,-0.39390038,0.01343968,0.00266379,0.00427679
0.39915985,0.05049423,0.9154899,-0.06454473,-0.99445786,0.08299168,0.9146067,-0.09221699,-0.39368854,0.00611854,0.00192446,0.00316924
0.39972664,0.05047962,0.91524333,-0.06467701,-0.99444049,0.08309495,0.91434973,-0.09241047,-0.39423942,0.00326489,0.00221044,-0.00393655
0.399915754,0.0505284335,0.915158038,-0.064726733,-0.994429349,0.0831902185,0.914263533,-0.0925042692,-0.39441739,0.0029070077,-0.000769257545,-0.0044165221
0.40015174,0.05055331,0.91505357,-0.06482481,-0.99441518,0.08328554,0.91415339,-0.09264503,-0.39463993,,,
0.40086039,0.05056646,0.91474257,-0.06491359,-0.99439827,0.08341636,0.91383651,-0.09281754,-0.39533243,0.00283808,-0.00496626,0.00666211
0.40090726,0.0505868997,0.914720881,-0.0650063024,-0.994386482,0.083483857,0.913809337,-0.0929319069,-0.395368247,0.00288967672,0.000651240349,0.0063019623
0.40114229,0.05058364,0.91461796,-0.06522043,-0.99436262,0.083599,0.91369088,-0.09318687,-0.39558167,,,
0.40142485,0.05062855,0.91449157,-0.06541099,-0.99433662,0.08376176,0.91355322,-0.09344185,-0.39583975,-0.00300379,-0.00359267,-0.01169658
0.401471681,0.0506933085,0.91446738,-0.0655479892,-0.994316099,0.0838967411,0.913522776,-0.0936236644,-0.395866823,0.000228879042,-0.00194633007,-0.0167953484
0.40137648,0.05077443,0.91450465,-0.06577265,-0.99428644,0.08407165,0.91354845,-0.09389377,-0.39574351,-0.0064226,0.00275367,-0.01280101
0.40123286,0.05086807,0.91456249,-0.06622581,-0.99423253,0.08435362,0.91357881,-0.09441308,-0.39554989,-0.0060069,-0.00105768,-0.0075447
0.40085342,0.05084865,0.91472992,-0.06649252,-0.99421029,0.08440524,0.91372598,-0.09465683,-0.39515142,-0.00543209,-0.00232542,-0.00348029
0.40032901,0.05076183,0.91496439,-0.0671953,-0.99415035,0.08455533,0.91390448,-0.09533126,-0.39457618,-0.003966,0.00230759,0.00268137
0.39961679,0.05077146,0.91527517,-0.06770482,-0.99410313,0.08470463,0.91417856,-0.09581794,-0.39382278,,,
0.39928442,0.05080046,0.91541865,-0.06794778,-0.99407833,0.08480287,0.9143058,-0.09606113,-0.39346826,,,
0.39862027,0.05084187,0.91570566,-0.0682731,-0.99404645,0.0849118,0.91457123,-0.09636563,-0.3927758,,,
0.39786075,0.05085915,0.91603501,-0.0685735,-0.99402077,0.08497247,0.91487949,-0.09662293,-0.39199424,,,
0.39748186,0.05098455,0.91619253,-0.06869635,-0.9939999,0.08511769,0.91503497,-0.09677182,-0.39159448,-0.00649474,0.00294882,0.00687999
0.39700715,0.05114693,0.91638925,-0.0689994,-0.99395727,0.08536887,0.9152182,-0.09712236,-0.39107898,-0.0048419,0.00153059,0.00488623
0.39710192,0.05143815,0.91633194,-0.06929084,-0.99389829,0.08582023,0.91515512,-0.09757279,-0.39111477,-0.00159171,0.00170892,0.00847449
0.397007149,0.0517253503,0.916356792,-0.0695770753,-0.993841551,0.0862430428,0.915174471,-0.0979965305,-0.39096326,0.000400012243,0.00403517485,0.00474248594
0.396392323,0.0523879528,0.91658524,-0.0700191857,-0.993737499,0.0870785777,0.915407184,-0.0986958331,-0.390241628,0.00390789704,-0.000230848789,0.00549329678
0.396059935,0.0528898127,0.916700074,-0.0705902113,-0.993631166,0.0878268918,0.915507171,-0.0994947666,-0.389803821,0.000820211135,0.00470989943,0.00662983349
0.39596508,0.0531769,0.91672443,-0.07087633,-0.99357339,0.08824866,0.91552608,-0.09991746,-0.38965119,-0.0070702,0.01085514,0.01400007
0.39544539,0.05438041,0.91687822,-0.0717155,-0.99337007,0.08984774,0.91568542,-0.10128425,-0.38892364,0.00479759,-0.00104845,0.00154305
0.395022958,0.0562234964,0.916949143,-0.0727630421,-0.993074818,0.0922376236,0.915785101,-0.103155988,-0.388196309,-0.000707463594,0.00347691774,0.00972758234
0.39469443,0.05748488,0.91701241,-0.07337428,-0.99288141,0.09382216,0.91587799,-0.10431621,-0.38766681,0.0045277,-0.01133281,-0.00435771
0.39422435,0.05939416,0.91709295,-0.07441652,-0.99256939,0.09627119,0.91599636,-0.10619932,-0.3868751,0.01209684,-0.00898868,-0.00679609
0.39370292,0.06061175,0.91723724,-0.07541434,-0.9923303,0.09794382,0.91613897,-0.10773361,-0.38611226,-0.0125893,0.01941127,0.02115512
0.39332485,0.06166263,0.91732945,-0.07603131,-0.99214939,0.09929208,0.91625042,-0.1087998,-0.38554875,0.00356171,-0.00368202,0.00983907
0.39275852,0.06367802,0.91743443,-0.07718007,-0.99179826,0.10188072,0.91639732,-0.11082218,-0.38462261,0.01354505,-0.01188689,-0.0020655
0.39214048,0.06466598,0.91762964,-0.07809209,-0.99158518,0.10324961,0.91658468,-0.11214797,-0.3837908,0.00258296,-0.00649446,0.00611808
0.39180633,0.06496181,0.91775146,-0.0786012,-0.99149392,0.10373799,0.91668404,-0.11278157,-0.38336749,0.00264384,-0.00241095,0.01218974
0.39113695,0.06526071,0.91801567,-0.07947033,-0.99136183,0.10433456,0.91689487,-0.11376411,-0.38257181,0.01223565,-0.00483322,0.01266352
0.39065753,0.06525331,0.91822038,-0.08003421,-0.99129952,0.10449729,0.91705027,-0.1143117,-0.38203609,0.00404374,0.00730461,0.01910061
0.39065829,0.06554611,0.91819916,-0.08018325,-0.9912474,0.10487557,0.91703688,-0.1145947,-0.3819832,0.00341061,0.00109881,0.01258202
0.39113769,0.06639221,0.91793421,-0.08045702,-0.99110891,0.10596803,0.91680849,-0.11530235,-0.38231815,0.01133305,-0.00348419,-0.00712208
0.39180703,0.06697532,0.91760643,-0.08046889,-0.99103037,0.10669373,0.91652169,-0.11564212,-0.38290324,0.00199662,0.00579494,-0.0039904
0.3920953,0.06750914,0.91744418,-0.08042963,-0.99096888,0.10729322,0.91640187,-0.11585886,-0.38312453,-0.01562133,0.01693159,0.00636173
0.39239567,0.07142948,0.91701877,-0.08061668,-0.99047248,0.11164719,0.91625681,-0.11773688,-0.38289866,0.01707358,-0.00518781,-0.01020857
0.392397517,0.072024739,0.916971439,-0.0806374694,-0.990397142,0.112299069,0.916254212,-0.118008132,-0.382821482,0.0186882988,0.000865161419,-0.011178121
0.392113368,0.0724789593,0.917057145,-0.0806600925,-0.990342825,0.112759513,0.916373808,-0.118184427,-0.3824804,0.000361658982,0.0081153512,0.00409213919
0.39216239,0.07282998,0.9170084,-0.08050878,-0.99031844,0.11308226,0.91636617,-0.11817384,-0.38250215,0.00510469,-0.01022172,-0.00675138
0.39216278,0.07277009,0.91701297,-0.08030547,-0.99035194,0.11293277,0.91638382,-0.11792918,-0.38253526,0.00415756,-0.0080806,-0.00365903
0.39206723,0.07236754,0.91708569,-0.0800464,-0.9904362,0.11237663,0.91644738,-0.1174686,-0.38252475,0.00403097,0.00307316,-0.00618053
0.39182784,0.07170654,0.91723996,-0.07988732,-0.99054113,0.11156334,0.91656368,-0.11698947,-0.38239318,,,
0.391826979,0.071342818,0.917268691,-0.0798108752,-0.990595048,0.111138533,0.916570713,-0.116755092,-0.382447963,0.00948554836,0.000852763653,-0.00240197917
0.39191939,0.07036251,0.91730492,-0.0796925,-0.99072684,0.11004308,0.91654149,-0.11623034,-0.38267771,0.00995869,-0.00123584,0.00135644
0.39248781,0.06934953,0.91713902,-0.07939985,-0.99087619,0.10890418,0.91632363,-0.11556426,-0.38340051,,,
0.39296192,0.06876527,0.91697997,-0.07924849,-0.99095733,0.108274,0.91613351,-0.11521683,-0.38395895,,,
0.393813629,0.0674574199,0.916711648,-0.0789501455,-0.991135508,0.106850488,0.915793439,-0.114453697,-0.384996821,-0.00662180595,-0.000845611095,-0.00626761047
0.39461643,0.06605764,0.91646834,-0.07863231,-0.99132557,0.10531104,0.91547517,-0.11362149,-0.38599905,-0.01686612,0.00424927,-0.00119166
0.39494644,0.06549037,0.91636688,-0.07856996,-0.99139359,0.10471533,0.91533819,-0.11335586,-0.38640172,-0.00609343,0.00154144,-0.00478221
0.39555896,0.06437995,0.91618136,-0.07839761,-0.9915325,0.10352284,0.91508846,-0.11277582,-0.38716229,-0.00613151,0.00139517,-0.00482805
0.39598024,0.06319478,0.91608187,-0.07829369,-0.9916725,0.10225208,0.91491512,-0.11221323,-0.38773488,-0.00273669,0.00526112,-0.00193235
0.39687256,0.06160048,0.91580423,-0.07821575,-0.99184637,0.10061091,0.91453502,-0.11156002,-0.38881832,-0.00959437,0.01000887,0.00501812
0.39786449,0.0610191616,0.915412738,-0.0781443649,-0.991905741,0.100081767,0.914110101,-0.111353328,-0.389875738,-0.000879956293,0.00586742163,-0.000881613931
0.39819459,0.06081594,0.91528272,-0.07815915,-0.99192174,0.09991142,0.91396509,-0.11132191,-0.39022451,,,
0.39857158,0.0604119678,0.915145365,-0.0780458401,-0.991974508,0.0994748906,0.913810424,-0.111071154,-0.390657893,-0.00240568793,0.000262200832,-0.00591096003
0.39899607,0.06001173,0.91498672,-0.07786462,-0.99203437,0.09901933,0.91364064,-0.11075341,-0.39114499,-0.00404472,-0.00475538,-0.00445719
0.39908975,0.05978648,0.91496054,-0.07778426,-0.99206701,0.098753,0.91360649,-0.11058084,-0.39127318,-0.00642739,-0.00423235,-0.00616314
0.39908788,0.05933366,0.91499089,-0.07761982,-0.99213581,0.09819133,0.91362136,-0.11020839,-0.39134386,-0.00489964,-0.00112152,-0.00222897
0.39885085,0.05919535,0.91510324,-0.0775521,-0.99216199,0.0979814,0.91373065,-0.11004814,-0.39113396,,,
0.39866252,0.05935333,0.91517497,-0.07756468,-0.99214567,0.09813345,0.91381167,-0.11010738,-0.39092742,,,
0.39875903,0.05974136,0.91510774,-0.07766507,-0.9920908,0.0986097,0.91376109,-0.11039342,-0.39096531,0.00825249,-0.00328666,-0.00469124
0.39861936,0.06001924,0.91515035,-0.07758206,-0.99207251,0.09885714,0.91382903,-0.11040562,-0.39080277,0.00123844,0.00289065,0.00440333
0.39880955,0.06018204,0.91505687,-0.07760197,-0.99205024,0.09906708,0.91374443,-0.11051911,-0.39096887,0.00106089,0.00571531,0.00318978
0.398575171,0.0605688012,0.915133398,-0.0776271414,-0.992008106,0.0994663636,0.913844485,-0.110684014,-0.390687901,0.00720439199,-0.00266313553,-0.000469317194
0.39833882,0.06072306,0.91522614,-0.07770774,-0.99198487,0.09963697,0.91394075,-0.11080943,-0.39042743,,,
0.39819637,0.06069614,0.91528993,-0.07775191,-0.99198435,0.09960795,0.91399908,-0.11082906,-0.39028535,,,
0.39800699,0.06064963,0.91537536,-0.07770432,-0.99199762,0.09951235,0.91408559,-0.11073523,-0.39010923,,,
0.39781669,0.06044276,0.91547172,-0.07764038,-0.99203021,0.09923592,0.91417382,-0.11055528,-0.3899533,,,
0.39776889,0.06030684,0.91550146,-0.07757627,-0.99205332,0.09905503,0.91420007,-0.1104222,-0.3899295,0.00260058,0.0042606,0.00355953
0.39748277,0.06000427,0.91564564,-0.07756004,-0.99209179,0.09868285,0.91432592,-0.11024224,-0.38968545,0.00684731,0.00456423,0.00480325
0.39752968,0.05975934,0.91564133,-0.07738765,-0.99213842,0.09835011,0.91432017,-0.10995641,-0.38977991,0.0049147,-0.00143546,0.00419476
0.39752968,0.05975934,0.91564133,-0.07738765,-0.99213842,0.09835011,0.91432017,-0.10995641,-0.38977991,0.0049147,-0.00143546,0.00419476
0.39752968,0.05975934,0.91564133,-0.07738765,-0.99213842,0.09835011,0.91432017,-0.10995641,-0.38977991,0.0049147,-0.00143546,0.00419476
0.3977173,0.05891167,0.91561475,-0.07682997,-0.99229321,0.09721802,0.91428557,-0.10901194,-0.39012599,-0.00482192,-0.00184506,0.0031053
0.39771637,0.0586629,0.9156311,-0.07672537,-0.99233197,0.09690366,0.91429474,-0.1087923,-0.39016569,,,
0.39771461,0.05812109,0.91566638,-0.07647205,-0.9924191,0.09620811,0.91431669,-0.10828626,-0.39025483,,,
0.39776054,0.05775955,0.91566935,-0.07632705,-0.99247372,0.09576024,0.91430887,-0.10797999,-0.39035824,,,
0.39790212,0.05758195,0.91561901,-0.07622256,-0.99250281,0.09554123,0.91425596,-0.10780689,-0.39052988,,,
0.398327738,0.0573423341,0.915448969,-0.0760580396,-0.992541927,0.0952654925,0.914084313,-0.107574143,-0.39099558,-0.000847612158,0.00190800428,-0.00588476658
0.39842058,0.05700041,0.91542992,-0.07600504,-0.99258253,0.09488392,0.91404826,-0.107381,-0.39113294,-0.00177549,0.00307983,-0.00814091
0.3984196,0.05688394,0.91543756,-0.0760326,-0.99259128,0.09476931,0.91404636,-0.10736104,-0.39114267,-0.00235441,0.00312346,-0.00373256
0.39836875,0.05657507,0.91547886,-0.07622732,-0.99260104,0.09451125,0.91405234,-0.10743483,-0.39110861,,,
0.39860075,0.05622012,0.91539976,-0.07652189,-0.99260022,0.09428207,0.91392659,-0.10762903,-0.39134909,,,
0.39859863,0.05611953,0.91540678,-0.07670935,-0.99258829,0.09425299,0.91391173,-0.10778938,-0.39133927,,,
0.39869005,0.05592604,0.91537883,-0.07694841,-0.99257895,0.09415727,0.91385178,-0.10797651,-0.39142781,,,
0.39873462,0.0557128,0.91537242,-0.0770955,-0.99258294,0.09399477,0.91381993,-0.10805007,-0.39148186,,,
0.39878027,0.05557187,0.9153611,-0.07717094,-0.99258792,0.09388013,0.91379364,-0.10807682,-0.39153583,,,
0.39877915,0.05545541,0.91536867,-0.07719853,-0.99259667,0.09376552,0.91379182,-0.10805685,-0.3915457,,,
0.39892053,0.05545439,0.91530714,-0.07727053,-0.99258658,0.09381341,0.91372404,-0.10815037,-0.39167812,,,
0.39878139,0.05608571,0.91532929,-0.07754006,-0.99249127,0.09459558,0.91376193,-0.10869765,-0.39143807,0.01016182,-0.01141107,-0.01364092
0.398590989,0.0562314544,0.915403304,-0.0778279393,-0.992444321,0.0948522928,0.91382055,-0.109051222,-0.391202949,0.00866113044,-6.56843185e-05,-0.00184274232
0.398590989,0.0562314544,0.915403304,-0.0778279393,-0.992444321,0.0948522928,0.91382055,-0.109051222,-0.391202949,0.00866113044,-6.56843185e-05,-0.00184274232
0.39840499,0.05701944,0.91543554,-0.07818167,-0.99232227,0.09583375,0.91387148,-0.10975092,-0.39088826,0.00816934,-0.00480968,-0.00341541
0.39836238,0.05799473,0.91539284,-0.07850771,-0.99218086,0.09702477,0.91386213,-0.11051641,-0.39069454,0.01010374,-0.00683093,-0.00669195
0.39851326,0.05961334,0.91522311,-0.07890221,-0.99195742,0.09896764,0.91376229,-0.11165305,-0.39060447,0.0015362,-0.00442743,-0.00960706
0.39847227,0.06099592,0.91514984,-0.07934737,-0.99175249,0.10065081,0.91374161,-0.11272129,-0.39034587,-0.0047068,0.00103098,-0.00375174
0.39823688,0.06153037,0.91521657,-0.07966388,-0.99165774,0.10133357,0.91381674,-0.11326447,-0.39001291,,,
0.39776419,0.06227903,0.91537157,-0.0802645,-0.99150654,0.10233704,0.91397013,-0.11417785,-0.38938715,,,
0.39729418,0.06368361,0.915479,-0.08108903,-0.99125103,0.10414509,0.91410173,-0.11561154,-0.3886543,-0.01662727,0.01053661,0.01641798
0.39816642,0.0679022,0.91479652,-0.08185654,-0.99064782,0.10916055,0.9136536,-0.11834614,-0.38888434,0.02205239,-0.0025419,-0.00739898
0.398784899,0.0685930426,0.914475546,-0.0819025631,-0.990549523,0.110015309,0.913379713,-0.118770336,-0.389398172,0.00774754258,0.0100235343,0.000825985102
0.3994988,0.0697560438,0.914075967,-0.0821325561,-0.990367586,0.111474305,0.913047109,-0.119609246,-0.389921491,0.00501202699,-0.000806808472,0.00809938088
0.40063649,0.07082283,0.91349577,-0.08248369,-0.99017188,0.11294278,0.91251676,-0.1205975,-0.39085725,0.0073737,-0.00226945,0.012373
0.40139526,0.0717111,0.91309328,-0.08265462,-0.99002629,0.11408806,0.91216777,-0.12126579,-0.39146458,0.01393481,-0.0074895,0.00667464
0.402293973,0.0722622116,0.912654251,-0.0827047399,-0.989935623,0.114837088,0.911767259,-0.121679101,-0.392268758,0.0087937424,-0.0013949275,-0.000439572148
0.40267136,0.07226402,0.91248767,-0.08270794,-0.98992865,0.11489508,0.91160037,-0.12173493,-0.39263918,,,
0.40337971,0.07245157,0.91215977,-0.08268191,-0.98989622,0.11519006,0.9112894,-0.12188445,-0.39331349,-0.00385571,-0.00438863,-0.00633602
0.40361617,0.07248481,0.91205257,-0.08249994,-0.98991249,0.11518188,0.91120124,-0.12173356,-0.39356465,-0.00873431,0.0017702,-0.00350553
0.403429518,0.0728597642,0.912105257,-0.082297752,-0.989895178,0.11547447,0.911302159,-0.121650022,-0.393356661,0.00362289883,-0.00377619267,0.000849418691
0.402818705,0.0734317106,0.912329352,-0.0822192589,-0.98984353,0.115972766,0.911579429,-0.121727043,-0.392689959,0.0155779216,-0.00388425589,-0.000136184506
0.402536906,0.073799074,0.912424081,-0.0821534483,-0.989810342,0.116302149,0.911709832,-0.121774692,-0.392372312,0.0129941227,-0.00123286247,0.000563611742
0.4026812,0.0742578,0.91232317,-0.0816763,-0.98981293,0.1166153,0.91168897,-0.12147397,-0.39251389,0.00738722,-0.00382149,-0.00462174
0.40291794,0.07445014,0.91220295,-0.08150913,-0.98980651,0.11678621,0.91159931,-0.12140813,-0.39274234,-0.00436881,0.00298089,0.00313045
0.40461965,0.07616146,0.91130803,-0.08077394,-0.98965446,0.1185727,0.91091079,-0.12158679,-0.39428174,0.01087419,-0.0016042,-0.00158091
0.40631627,0.07742313,0.91044643,-0.08030754,-0.98952189,0.11998744,0.91019654,-0.12186856,-0.39584114,,,
0.40744507,0.07791695,0.90989966,-0.08008107,-0.98946692,0.12059009,0.90971175,-0.12199957,-0.39691367,0.0024487,-0.00431347,-0.0060069
0.40786785,0.07792166,0.9097099,-0.08001396,-0.98946804,0.12062759,0.90952826,-0.12198961,-0.39733746,,,
0.40904127,0.07769711,0.90920203,-0.08000681,-0.98947766,0.12055148,0.9090017,-0.12205289,-0.39852084,0.00496405,-0.00312293,0.00622107
0.40927564,0.07747045,0.90911598,-0.079997,-0.9895051,0.12033473,0.90889715,-0.12197662,-0.39878301,0.00673068,-0.00743622,0.00416936
0.409557036,0.077233487,0.909009322,-0.0797603447,-0.989562876,0.120013953,0.908791091,-0.121655456,-0.399122195,0.0085202679,-0.00703823566,0.000803416595
0.40988519,0.07684183,0.90889464,-0.07944127,-0.98965146,0.11949507,0.90867113,-0.121183,-0.39953906,0.00370246,0.00356144,0.00226583
0.409978946,0.0766477572,0.908868728,-0.0792473225,-0.989701107,0.11921205,0.908645754,-0.120899844,-0.399682467,0.00396060245,0.000476777554,-0.00341101596
0.4101663,0.07610085,0.90883016,-0.07884513,-0.98982278,0.11846655,0.9085962,-0.12024781,-0.39999177,-0.00844288,0.00285095,-0.01065164
0.41040038,0.07536988,0.90878538,-0.07847572,-0.98996236,0.11754129,0.90852245,-0.11955658,-0.40036619,,,
0.41021259,0.07500865,0.90890006,-0.07840321,-0.99002174,0.11708897,0.90861353,-0.11929205,-0.40023845,,,
0.4098374,0.07489195,0.90907891,-0.07843048,-0.99003948,0.11692025,0.90878046,-0.11921779,-0.39988136,0.01258211,-0.00534415,0.00464954
0.40899269,0.07450647,0.90949094,-0.07833279,-0.99011597,0.11633715,0.90916937,-0.118824,-0.3991139,0.0132605,-0.00133818,0.00753365
0.408569629,0.0739811903,0.909723894,-0.0783123816,-0.990192542,0.115696294,0.909361287,-0.118512637,-0.398768876,0.00929049402,-0.000502407551,0.0116395354
0.408428476,0.0737097393,0.909809285,-0.0782573077,-0.990236451,0.115356685,0.909429412,-0.11831418,-0.398672319,0.000546968076,0.00266879797,0.0120207816
0.408662539,0.0730642947,0.909756271,-0.0779733545,-0.990351114,0.114562656,0.909348678,-0.117754214,-0.399022266,0.0057826885,0.000722110271,-0.000295289909
0.40889678,0.07279434,0.90967266,-0.07792055,-0.99038809,0.11427858,0.9092479,-0.11761034,-0.39929426,0.00359085,0.00431448,-0.00293929
0.40908303,0.07204367,0.90964872,-0.07789239,-0.99048282,0.1134751,0.90916658,-0.11727545,-0.39957807,,,
0.40950159,0.07038649,0.90959014,-0.07775327,-0.99069918,0.11166779,0.90899005,-0.11645174,-0.40022015,0.00196692,-0.0055297,-0.00271769
0.40987298,0.06891277,0.90953574,-0.07758129,-0.99089506,0.11003834,0.90883738,-0.1156647,-0.40079487,,,
0.41052507,0.0672879,0.90936318,-0.0772599,-0.99112051,0.10821588,0.90857029,-0.11468264,-0.40168106,0.00401226,-0.00622022,-0.00266436
0.41126597,0.06455463,0.90922658,-0.07669931,-0.99150059,0.10508907,0.90828272,-0.11295661,-0.40281914,-0.00813858,0.00674003,0.00169676
0.41163527,0.06315093,0.90915808,-0.07645488,-0.99168679,0.10349956,0.90813606,-0.11211364,-0.40338512,,,
0.41204825,0.06111213,0.9091103,-0.07608278,-0.99195613,0.1011652,0.90797998,-0.11085258,-0.4040842,-0.0030121,0.00164479,-0.00687849
0.41204254,0.05986372,0.90919594,-0.07584782,-0.99212267,0.09969763,0.90800222,-0.1100402,-0.40425618,-0.00863681,-0.00118762,-0.00133852
0.41190007,0.05934338,0.90929462,-0.07568871,-0.99220073,0.0990402,0.90808015,-0.109618,-0.40419594,-0.00985181,0.00101084,-0.00291511
0.41118582,0.05697154,0.90976942,-0.0752672,-0.99251481,0.09617151,0.90843877,-0.10802016,-0.40381985,-0.01171769,-0.00564444,-0.00458698
0.41099467,0.05632978,0.90989578,-0.07520315,-0.99259248,0.09541819,0.90853061,-0.1076434,-0.40371403,-0.00301146,-0.00542015,0.00479094
0.41013578,0.05389713,0.91043051,-0.07493571,-0.99288552,0.09253589,0.90894073,-0.10617604,-0.40317903,-0.0011422,0.00506753,0.00276636
0.40975736,0.05332446,0.91063464,-0.07479461,-0.99296452,0.09180075,0.90912305,-0.1057266,-0.40288618,0.00253393,-0.00148588,0.00443311
0.409378881,0.0525759543,0.91084837,-0.074477776,-0.993080683,0.0907964452,0.90931955,-0.105008107,-0.402630571,0.00257636514,-0.000385224819,0.00437274575
0.40933142,0.0521331,0.91089511,-0.07410751,-0.99316771,0.09014369,0.90937112,-0.10440282,-0.40267127,,,
0.409521252,0.0517537954,0.910831449,-0.0734414125,-0.993279233,0.089458692,0.909339729,-0.103527983,-0.402968123,-0.00744939409,0.000823438168,-0.0032342202
0.40924318,0.05159452,0.91096539,-0.07284695,-0.99336514,0.08898726,0.90951265,-0.10277848,-0.40276932,-0.00559656,0.00185484,-0.00194283
0.40910301,0.05159608,0.91102827,-0.07277514,-0.99337468,0.08893991,0.90958147,-0.1026858,-0.4026376,-0.00932274,0.00492567,-0.00108696
0.40872767,0.05167885,0.91119203,-0.07285508,-0.99336171,0.0890193,0.90974379,-0.10276962,-0.40224929,,,
0.40802414,0.05180451,0.91150016,-0.0729031,-0.9933518,0.08909086,0.91005571,-0.10280241,-0.40153476,-0.00385223,0.00523466,0.00393616
0.40755318,0.05183541,0.91170914,-0.0730748,-0.99333475,0.08914223,0.91025301,-0.10295316,-0.40104892,0.00646768,0.00155133,0.00885159
0.40741389,0.05195334,0.91176466,-0.07297498,-0.99333599,0.08920957,0.91032335,-0.10288122,-0.40090761,0.00153494,0.00110799,0.00676919
0.40783942,0.05215165,0.91156304,-0.0728151,-0.99332981,0.08940759,0.91014555,-0.1028395,-0.40132158,,,
0.40807366,0.05212956,0.91145947,-0.07286695,-0.99332354,0.08943524,0.91003641,-0.10291144,-0.40155063,-0.00261778,-0.00297934,-0.00352571
0.40858852,0.05210456,0.9112302,-0.07306246,-0.99329808,0.08955787,0.90978967,-0.10316904,-0.40204325,,,
0.40887007,0.05234996,0.91108985,-0.07330945,-0.99324271,0.08996945,0.90964331,-0.10357731,-0.40226942,-0.02317477,0.02076644,0.0124131
0.40812753,0.0545018,0.91129655,-0.07429736,-0.99292203,0.09265792,0.90989656,-0.10552318,-0.4011894,0.01003124,-0.01131207,-0.01583772
0.40784871,0.05513296,0.91138343,-0.07449246,-0.99283832,0.09339623,0.91000565,-0.10598273,-0.40082081,,,
0.40757277,0.05615696,0.91144438,-0.07464705,-0.99271809,0.09454459,0.91011663,-0.10657043,-0.40041294,,,
0.407673203,0.0572575055,0.911330969,-0.0747361266,-0.992591437,0.0957953024,0.910064321,-0.107162524,-0.400373723,0.000942682149,-0.000837445259,0.00646296376
0.40767933,0.0585097,0.91124866,-0.07497631,-0.99243025,0.09726553,0.91004179,-0.10797521,-0.40020641,,,
0.40786887,0.05883176,0.91114306,-0.07501037,-0.99238922,0.0976558,0.90995401,-0.10817594,-0.40035155,-0.0149856,0.01984233,0.00916726
0.40764164,0.06033829,0.91114635,-0.07514239,-0.99221391,0.09932505,0.91004505,-0.10895473,-0.39993382,0.00899675,0.00245756,-0.00682372
0.407597294,0.0608428249,0.911132519,-0.0751409545,-0.992159149,0.0998680342,0.910064917,-0.109169309,-0.399829467,0.00550636929,0.00113171339,-0.000538437744
0.407692563,0.061229192,0.911064116,-0.0752385967,-0.992104036,0.100344141,0.91001428,-0.109456745,-0.399866702,0.0050780829,-0.00889229774,-0.000554146012
0.40806777,0.06129157,0.91089184,-0.0754471,-0.99206681,0.10055295,0.90982874,-0.10975657,-0.40020614,0.00477992,0.0071153,0.00514796
0.40844478,0.06178945,0.9106892,-0.07565755,-0.99198112,0.1012375,0.90964207,-0.11025044,-0.40049456,0.0078621,-0.00764823,-0.00883287
0.40868051,0.06212947,0.91056032,-0.07578178,-0.99192502,0.10169377,0.90952586,-0.11056414,-0.40067206,-0.00324921,0.00969595,0.00393589
0.40943841,0.06393575,0.91009475,-0.07600107,-0.99168403,0.10385932,0.90916669,-0.11169217,-0.40117439,0.00503994,-0.00246757,-0.00162315
0.40962661,0.06414036,0.90999565,-0.07606186,-0.99165052,0.10413433,0.90907682,-0.11187216,-0.40132784,0.00203918,-0.00198907,-0.00429169
0.4102346,0.0639747,0.90973335,-0.07626012,-0.99163634,0.10412301,0.90878596,-0.11209124,-0.40192477,,,
0.41140549,0.06395762,0.90920565,-0.07632037,-0.99161432,0.10428874,0.90825145,-0.11229588,-0.40307428,0.00565541,0.00167769,-0.0042808
0.41159276,0.06400242,0.90911777,-0.07636583,-0.99160099,0.10438305,0.90816281,-0.11238884,-0.40324822,0.0025068,0.00444812,-0.00239783
0.41187296,0.06377964,0.90900653,-0.07628903,-0.99163211,0.10414373,0.90804223,-0.11224121,-0.40356082,,,
0.41229259,0.0634815,0.90883705,-0.07635451,-0.99165187,0.10390415,0.90784617,-0.11223273,-0.40400348,-0.00501905,0.00324863,0.00108388
0.41275901,0.06340463,0.90863071,-0.07656898,-0.99162762,0.10397879,0.90761617,-0.11249111,-0.40444832,0.00298158,0.00156897,-0.00537866
0.41289758,0.06321329,0.9085811,-0.07673992,-0.99162638,0.10386491,0.90753872,-0.11261001,-0.4045891,-0.00236951,0.0022406,-0.0046688
0.41280206,0.0629299,0.90864418,-0.07689021,-0.99164146,0.10360968,0.90756945,-0.11263613,-0.4045129,,,
0.41247122,0.06243842,0.90882833,-0.07704827,-0.99168249,0.10309899,0.90770648,-0.11254902,-0.40422972,,,
0.41237615,0.06222753,0.9088859,-0.07712624,-0.99169794,0.10289073,0.90774302,-0.11252864,-0.40415313,-0.00468145,0.00545603,0.0014868
0.41199778,0.0619059,0.9090795,-0.07752575,-0.99169025,0.1026664,0.90788085,-0.11277539,-0.40377493,,,
0.41180646,0.06136794,0.90920259,-0.07770999,-0.99173044,0.10213558,0.90795183,-0.11271422,-0.40363204,-0.00342808,0.00118738,-0.00449
0.41161405,0.06053956,0.90934526,-0.07774875,-0.991821,0.10122326,0.90803578,-0.11236537,-0.40354056,,,
0.41137953,0.0603601789,0.909463309,-0.077640448,-0.991857557,0.100947877,0.908151321,-0.112139029,-0.403343482,0.00731142983,-0.00734496117,0.000184711069
0.411285886,0.0602941813,0.909510022,-0.0775739771,-0.991874314,0.100833777,0.908199398,-0.112025819,-0.403266595,0.00769960508,-0.0013436079,-0.000807811972
0.4110513,0.06020176,0.90962219,-0.0775526,-0.99189039,0.10069197,0.90830742,-0.11193313,-0.40304897,0.00340178,-0.00234914,-0.00324114
0.41062928,0.06015146,0.90981608,-0.07757203,-0.99189923,0.10058905,0.9084966,-0.11188108,-0.4026367,-0.0087472,0.01120919,0.0112182
0.410164087,0.0610701728,0.909964749,-0.0779087862,-0.991762055,0.101676978,0.908677958,-0.112598494,-0.402027263,0.00516802398,-0.000528872013,0.000579564134
0.41002391,0.06120351,0.91001895,-0.0779689,-0.99174158,0.10182994,0.90873605,-0.11270588,-0.40186574,,,
0.41002801,0.06230658,0.90994226,-0.07834832,-0.99157006,0.10320034,0.90870158,-0.11360748,-0.40168986,0.00319978,-0.00225043,-0.0048996
0.410548855,0.063466523,0.909627237,-0.0785707541,-0.991402338,0.104634063,0.908447218,-0.114427492,-0.402032555,0.000440817792,0.00676554441,0.0041208053
0.41126341,0.06617582,0.90911121,-0.07889674,-0.99103379,0.10783039,0.90809566,-0.11607261,-0.4023549,0.02505146,-0.02432281,-0.01628383
0.41169457,0.06898772,0.90870687,-0.07932351,-0.9906332,0.11114539,0.90786302,-0.11783977,-0.40236586,0.00737407,-0.00243229,-0.00680839
0.41188284,0.06943624,0.90858744,-0.07948333,-0.99055459,0.1117319,0.9077637,-0.11823801,-0.40247342,,,
0.41178871,0.06921202,0.90864723,-0.07940347,-0.99059409,0.1114387,0.90781341,-0.11803894,-0.40241983,-0.0040719,0.00634593,-0.00937619
0.411600412,0.0689366283,0.908753445,-0.0794165911,-0.990629,0.111117625,0.907897619,-0.117906161,-0.402268573,-0.000568599673,-0.000329494476,-0.00520011503
0.41136605,0.06906196,0.90884997,-0.07961327,-0.99059159,0.11130814,0.90798653,-0.11814491,-0.40199735,0.0045497,-0.00436985,-0.00365892
0.411036872,0.0690205688,0.90900206,-0.0799317862,-0.990560507,0.111357239,0.908107644,-0.11843009,-0.40163985,-0.000998142874,-0.00041103363,0.00804294739
0.41042512,0.06894177,0.90928449,-0.08050052,-0.99050589,0.11143561,0.90833415,-0.11893385,-0.4009787,,,
0.41000043,0.06873363,0.90949182,-0.08094064,-0.99048048,0.11134241,0.90848682,-0.11926529,-0.40053411,,,
0.40957556,0.06839553,0.9097087,-0.08125064,-0.99048789,0.11105008,0.90865076,-0.11939782,-0.40012247,,,
0.40976191,0.06829461,0.90963229,-0.08143948,-0.99047216,0.11105005,0.90854976,-0.11958406,-0.40029577,,,
0.40966881,0.06860515,0.90965087,-0.08160488,-0.99041393,0.11144766,0.90857692,-0.11988858,-0.40014308,,,
0.4095263,0.06852116,0.90972141,-0.08188127,-0.99039016,0.11145744,0.90861634,-0.1201339,-0.39998021,,,
0.40886606,0.06817872,0.91004404,-0.08225762,-0.99039288,0.11115513,0.90887963,-0.12030562,-0.39932976,,,
0.40839455,0.06802514,0.91026718,-0.08253471,-0.9903824,0.11104171,0.90906643,-0.12047746,-0.3988522,,,
0.40834494,0.06784735,0.91030273,-0.08286201,-0.99036155,0.11098471,0.90905897,-0.12074956,-0.39878707,0.00398457,0.00558609,-0.00290775
0.40857766,0.06772128,0.91020771,-0.08309801,-0.99034181,0.11098478,0.90893287,-0.12098235,-0.39900398,-0.00549222,0.00131112,0.00224697
0.40858001,0.06815537,0.91017423,-0.08309862,-0.99028857,0.11145769,0.90893173,-0.12117361,-0.39894839,0.00440941,-0.00783473,-0.00243372
0.40862732,0.06820254,0.91014945,-0.08307384,-0.99028531,0.111505,0.90891272,-0.1211736,-0.39899168,0.00428918,-0.00305581,0.00176714
0.40853346,0.06818064,0.91019326,-0.08305148,-0.99029264,0.11145775,0.908957,-0.12112712,-0.39890514,,,
0.40825027,0.0681,0.91032635,-0.08325806,-0.99027958,0.11141956,0.90906533,-0.12127907,-0.398612,0.00609615,-0.00313532,-0.00216146
0.40834337,0.06817968,0.91027863,-0.08348238,-0.99023833,0.11161814,0.90900294,-0.12157075,-0.39866542,0.00530253,-0.00165242,0.00100631
0.40829604,0.06817586,0.91030007,-0.08355044,-0.99023025,0.11163694,0.90901788,-0.12163689,-0.39861079,0.00957081,-0.00456941,0.00352642
0.40820135,0.0680815188,0.910349623,-0.0835999521,-0.990236811,0.111542242,0.909055871,-0.12163688,-0.398524262,0.00587903149,-0.000651478767,0.00117428962
0.40801111,0.0677336,0.91046082,-0.08368418,-0.9902711,0.11117304,0.90913349,-0.12155101,-0.39837319,-0.00330978,0.00188512,0.00435245
0.40767848,0.06715724,0.91065253,-0.08375586,-0.99033722,0.11052928,0.90927613,-0.1213329,-0.39811423,0.00167505,-0.00102794,0.00575919
0.40781455,0.06631433,0.91065347,-0.08370826,-0.99044352,0.10961145,0.90921958,-0.12093036,-0.39836625,0.00433861,0.00184351,0.00268569
0.40795037,0.06542766,0.91065675,-0.08361728,-0.99055962,0.10862676,0.909167,-0.12046097,-0.39862828,-0.00246253,0.00408143,0.0029384
0.40808886,0.06501892,0.91062394,-0.08357069,-0.99061216,0.10818164,0.9091091,-0.1202492,-0.39882405,-0.00548011,0.00402588,0.00440627
0.40836578,0.0642013,0.91055785,-0.08347762,-0.990717,0.10729106,0.90899334,-0.1198252,-0.39921556,,,
0.40845459,0.06351316,0.91056621,-0.08351256,-0.99079163,0.10657039,0.90895016,-0.11957288,-0.39938914,,,
0.408403994,0.0629874659,0.910625392,-0.0834924477,-0.99085632,0.105982302,0.908974717,-0.11931394,-0.399410547,-0.00307631725,0.000258803368,0.00423272653
0.40830798,0.06268982,0.91068898,-0.08348325,-0.99089356,0.10564069,0.90901869,-0.11916121,-0.39935604,0.00490625,-0.00627923,-0.00298727
0.40825942,0.06248298,0.91072508,-0.08349281,-0.99091737,0.10541293,0.90903974,-0.11907482,-0.39933453,,,
0.40769145,0.06184224,0.91102315,-0.08342605,-0.99100836,0.10460575,0.90930068,-0.11864994,-0.39886633,,,
0.40759739,0.06182007,0.9110668,-0.08340312,-0.99101549,0.10455825,0.90934501,-0.11860348,-0.3987794,,,
0.40736196,0.06172824,0.91117829,-0.08338177,-0.99103224,0.10441561,0.90945243,-0.11851061,-0.39856184,,,
0.40703251,0.06161413,0.91133327,-0.08333747,-0.99105612,0.10422545,0.90960404,-0.11837135,-0.39825739,,,
0.40689096,0.06154447,0.91140116,-0.08333894,-0.99106594,0.10413031,0.90966721,-0.11832489,-0.39812678,-0.00341547,0.00430256,0.00111743
0.40670408,0.06165954,0.91147674,-0.08330819,-0.9910594,0.10421554,0.90975354,-0.11831836,-0.39793111,0.00382988,-0.00573772,-0.0052048
0.4065625,0.061677,0.91153877,-0.08339672,-0.99104814,0.10425322,0.90980876,-0.11840479,-0.3977794,0.00216781,0.00392109,0.00232407
0.40646959,0.0619016,0.91156496,-0.08347602,-0.99101341,0.10451891,0.90984297,-0.11857757,-0.39764953,,,
0.406376671,0.0621261306,0.91159111,-0.0835551732,-0.990978698,0.10478442,0.909877212,-0.118750097,-0.397519671,0.00294657936,0.000965893269,-0.00544770993
0.40670408,0.06200818,0.9114531,-0.08365617,-0.99097409,0.10474681,0.90972161,-0.11884963,-0.39784581,,,
0.40670296,0.06189205,0.91146146,-0.08368452,-0.99098366,0.10463279,0.90971948,-0.11882968,-0.3978565,,,
0.406794698,0.0616386243,0.911437703,-0.0837206247,-0.991006652,0.104386061,0.909675142,-0.118769831,-0.397975762,0.000362238381,0.00338310003,-0.00399012072
0.40688755,0.06145768,0.91140855,-0.08368493,-0.99103086,0.10418688,0.90963697,-0.1186635,-0.39809511,,,
0.406886401,0.061341599,0.911416877,-0.0837132441,-0.991040425,0.104072887,0.909634876,-0.118643505,-0.398105826,-0.00387776899,-0.000738203526,-0.00364833372
0.40650569,0.06065727,0.91163244,-0.0836039,-0.99113781,0.1032271,0.90981503,-0.11817843,-0.39783185,-0.00473449,-0.00165564,-0.00248273
0.40617596,0.06049921,0.91178989,-0.08351566,-0.99117196,0.10297018,0.90997038,-0.11797275,-0.39753747,-0.00449916,-0.00229502,-0.00146185
0.40499408,0.05980567,0.91236128,-0.08346232,-0.99127425,0.10202709,0.91050199,-0.11746816,-0.39646871,,,
0.40466269,0.05957462,0.91252341,-0.08344508,-0.99130698,0.10172215,0.91065088,-0.11730875,-0.39617374,-0.00689961,0.00211996,0.00484336
0.4036704,0.0592882,0.91298139,-0.08351105,-0.99134437,0.10130104,0.91108507,-0.11713626,-0.39522505,,,
0.40296132,0.05905399,0.91330979,-0.08348723,-0.99138357,0.10093758,0.91140113,-0.11692365,-0.39455895,,,
0.402159973,0.0590729934,0.913661769,-0.0834274139,-0.991400686,0.10082087,0.911760557,-0.116770556,-0.393773457,-0.000608610455,0.00157111883,0.00754999788
0.40216372,0.05950939,0.91363174,-0.08343091,-0.99135173,0.10129642,0.91175852,-0.11696288,-0.39372075,0.0068348,-0.00451541,0.00268325
0.402499445,0.0601771767,0.91344015,-0.0834523651,-0.991269878,0.102077135,0.911608415,-0.117314731,-0.393963651,0.00804460235,-0.00286310911,-0.000213097082
0.402879269,0.0604123748,0.913257103,-0.0834021585,-0.991244367,0.102363754,0.911445155,-0.117407849,-0.39431318,-0.00901715178,0.000867545605,0.0058176741
0.40283623,0.06091705,0.91324259,-0.08340157,-0.99118841,0.10290524,0.91146425,-0.11761983,-0.39420595,-0.00263765,-0.00473291,-0.00471181
0.40279647,0.06203239,0.91318507,-0.08357864,-0.99103971,0.1041867,0.91146564,-0.1182888,-0.39400269,0.00330648,-0.00369412,-0.00667178
0.40251774,0.06295387,0.91324492,-0.08392038,-0.99089372,0.10529491,0.91155737,-0.11902293,-0.3935692,-0.03571582,0.04150659,0.03133976
0.40224106,0.06410716,0.91328657,-0.08420572,-0.99072665,0.10662992,0.91165316,-0.11979488,-0.3931127,0.01310949,-0.0196287,-0.00908712
0.402160514,0.0664505488,0.913154489,-0.0845293748,-0.990407967,0.109299718,0.911658698,-0.12114441,-0.392685829,0.0076945927,-0.000742614269,-0.0051828865
0.40235017,0.06661106,0.91305931,-0.0845469,-0.99038358,0.10950872,0.91157345,-0.12125719,-0.39284923,,,
0.403106875,0.0669337853,0.912701772,-0.0845859588,-0.990327156,0.109985021,0.911235355,-0.121537475,-0.393545836,-0.0007867862,0.00128644705,0.00963271782
0.40339064,0.06711632,0.91256307,-0.08462599,-0.99029547,0.1102415,0.91110614,-0.12169694,-0.39379609,0.00613373,0.005449,0.00646979
0.40476591,0.06837096,0.91186065,-0.08437443,-0.99015398,0.11169433,0.91051929,-0.12214778,-0.39501169,,,
0.405851428,0.0687039436,0.911352984,-0.0842086706,-0.990117466,0.112142259,0.910051314,-0.12225692,-0.396054996,-0.00392113579,0.00309592485,-0.000541706919
0.40627669,0.0690707055,0.91113576,-0.0842168036,-0.990064106,0.112606434,0.909860794,-0.122482312,-0.396422939,0.000531078898,-0.00396823883,-0.00327952928
0.40651217,0.06916181,0.91102386,-0.08423697,-0.99004637,0.1127487,0.9097538,-0.12257561,-0.3966399,,,
0.40684161,0.0692314,0.91087149,-0.08423612,-0.99003232,0.11287221,0.90960658,-0.12264939,-0.39695452,,,
0.40726415,0.06920704,0.91068449,-0.08428622,-0.99002148,0.11292958,0.90941282,-0.12275032,-0.397367,0.0026133,-0.00369388,-0.00311609
