0,1,2,3,4,5,6,7,8,9,10,11
-0.45394667,-0.20806213,0.86639626,0.15096779,-0.97625633,-0.15534537,0.87814637,0.06027941,0.47457909,-0.00538497,0.00243914,0.0091648
-0.45376999,-0.20804745,0.86649235,0.15096075,-0.97625729,-0.1553463,0.87823891,0.06031484,0.47440333,0.00670746,0.00355315,0.00243071
-0.453222617,-0.207888255,0.866816944,0.150832054,-0.976287881,-0.155278793,0.878543586,0.0603679155,0.473832079,0.0058278162,0.000454187393,-0.00230325386
-0.45249792,-0.20771423,0.86723699,0.15069653,-0.97631922,-0.15521194,0.87894013,0.06045651,0.47308466,-0.00563574,-0.00585073,-0.00875391
-0.452374405,-0.207637664,0.867319858,0.150684808,-0.976332324,-0.155141632,0.879005816,0.0605098146,0.472955857,-0.000549820252,0.00176858902,-0.0111888833
-0.452357453,-0.207480085,0.867366463,0.150620405,-0.976364788,-0.155000217,0.879025632,0.0605275797,0.47291679,0.00165332248,-3.69548798e-06,0.0125705115
-0.45212829,-0.2072597,0.86753876,0.15051933,-0.97640846,-0.15482429,0.87916097,0.06058092,0.4726584,0.00725276,-0.00132269,0.02029167
-0.45184546,-0.20710102,0.86772382,0.15042312,-0.97643971,-0.15471935,0.87932266,0.06061648,0.47235285,0.00323126,-0.00146341,0.01319686
-0.451119919,-0.206883812,0.86815322,0.150331608,-0.976476033,-0.154580432,0.879710937,0.060776561,0.471608859,-0.00613480108,0.000187397003,0.00728117628
-0.450198,-0.20663287,0.86869113,0.15039781,-0.97650441,-0.15433462,0.88017153,0.06116809,0.4706978,-0.00827985,-0.00116009,0.00591893
-0.44977268,-0.2065068,0.86894153,0.15032512,-0.97652677,-0.15426502,0.8804015,0.06123955,0.47025831,-0.00680077,-0.0026958,0.01015584
-0.4487256,-0.20630622,0.86953035,0.15025105,-0.97655461,-0.15416115,0.8809483,0.06147179,0.46920282,-0.00364121,-0.00473064,-0.00479185
-0.44764125,-0.20623893,0.87010505,0.15033286,-0.97654739,-0.15412725,0.88148586,0.06181166,0.4681474,-0.01165066,0.00263929,-0.02371554
-0.4472673,-0.2062324,0.87029869,0.15044091,-0.97653608,-0.15409203,0.88165705,0.06200819,0.46779879,-0.0105748,0.00315714,-0.01992707
-0.446875325,-0.206207073,0.870506012,0.150713372,-0.976516426,-0.15395013,0.88180925,0.0624003703,0.467459629,-0.00691529224,0.000556230545,-0.00160080497
-0.44648351,-0.20622448,0.87070327,0.15094262,-0.9764926,-0.15387938,0.88196885,0.06272164,0.46711565,,,
-0.44616269,-0.20624146,0.87086346,0.15095945,-0.9764841,-0.1539151,0.88212808,0.06279389,0.46680501,,,
-0.44534311,-0.20617395,0.87129887,0.15107372,-0.97647758,-0.15384458,0.88252261,0.06311674,0.46601511,-0.00940102,0.00129652,-0.01348314
-0.44498689,-0.20609978,0.87149851,0.15110461,-0.9764841,-0.15377374,0.8826971,0.06326015,0.46566514,-0.00158474,0.00365663,-0.01657813
-0.44495138,-0.20605168,0.87152799,0.15107513,-0.97649421,-0.15373824,0.88272002,0.06326017,0.46562167,-0.00584146,-0.00133306,-0.01284834
-0.44500488,-0.20594704,0.87152531,0.15111396,-0.97651043,-0.15359621,0.88268631,0.06334857,0.46567349,,,
-0.4447914,-0.20584032,0.87165968,0.15112171,-0.9765262,-0.15348975,0.88279276,0.06345578,0.46545718,-0.00845711,-0.00394017,-0.00141782
-0.44470201,-0.20581093,0.87171201,0.15114037,-0.97652864,-0.15345417,0.88283438,0.06350949,0.46537075,-0.00854278,-0.00379264,-0.00235977
-0.44461287,-0.20573865,0.87177453,0.15120252,-0.97653575,-0.15334763,0.88286863,0.06363417,0.46528874,-0.00103434,-0.00551796,-0.01248941
-0.44480929,-0.2056016,0.87170669,0.15121812,-0.97656124,-0.15317002,0.88276704,0.06368639,0.46547432,0.00294627,0.001755,-0.02704474
-0.44521939,-0.2055713,0.87150451,0.15122593,-0.97657126,-0.15309882,0.882559,0.06363152,0.4658762,0.00234178,0.00717068,-0.01840568
-0.446537572,-0.205509115,0.870844428,0.151230867,-0.976598392,-0.152920093,0.881891852,0.0634139851,0.46716738,-0.00741928956,0.000461339951,0.00246171933
-0.447819059,-0.20531227,0.870232625,0.151293385,-0.976644629,-0.152562733,0.881231106,0.0633399359,0.468422607,-0.000114521943,-0.00511419773,0.0012397368
-0.44835223,-0.20527293,0.86996738,0.15139918,-0.97665069,-0.15241927,0.88094182,0.06337483,0.46896174,-0.00830291,0.00170755,0.00292327
-0.44922294,-0.205149159,0.869547208,0.151410527,-0.9766824,-0.152203922,0.880496097,0.0632851007,0.469810107,-0.00949966628,-0.000152945518,0.00826046616
-0.44973821,-0.20499447,0.86931738,0.15140912,-0.97671612,-0.15198929,0.88023333,0.06326718,0.4703047,-0.00385949,-0.00791889,0.0083514
-0.44984486,-0.20495636,0.86927106,0.15131296,-0.97673088,-0.15198925,0.88019525,0.06316039,0.47039024,-0.00123733,-0.00352865,0.00661902
-0.4498457,-0.20477415,0.86931361,0.15112802,-0.97677605,-0.15188329,0.88022663,0.06305359,0.47034586,0.00139635,-0.00387454,0.00903827
-0.4495975,-0.20470547,0.86945812,0.1510191,-0.97679268,-0.15188426,0.88037207,0.06301799,0.47007832,0.00573775,0.00140142,0.00348439
-0.44943839,-0.20466593,0.86954997,0.15089173,-0.97680706,-0.15192064,0.88047543,0.06292893,0.46989683,,,
-0.449207255,-0.20466961,0.869668462,0.150933464,-0.976800458,-0.151921068,0.880586153,0.0630180294,0.469677305,-0.00318973814,-0.000654935837,-0.00924933702
-0.448941013,-0.204625198,0.869816469,0.150945616,-0.976804121,-0.151886128,0.880719923,0.0631070765,0.469414514,-0.00259959488,0.000648140907,-0.00910952874
-0.4488875,-0.20464415,0.86983955,0.15099371,-0.97679659,-0.15188608,0.88073887,0.06316054,0.46937171,,,
-0.448781305,-0.204499935,0.869928223,0.150905001,-0.976826761,-0.151779955,0.880808161,0.0631605127,0.469241656,-0.00462155091,0.00276517868,0.000130901812
-0.44867512,-0.20435567,0.87001689,0.15081631,-0.97685695,-0.15167375,0.88087744,0.0631605,0.46911159,,,
-0.448586082,-0.204326508,0.870069471,0.150834866,-0.976859373,-0.151638292,0.880919435,0.0632139747,0.4690254,-0.00179082807,-0.000940203667,0.00635125395
-0.44848012,-0.20418228,0.87015817,0.15074618,-0.9768898,-0.15153213,0.88098878,0.06321388,0.46889529,0.00184877,-0.00335556,0.00568537
-0.44821346,-0.20409483,0.87031598,0.1508019,-0.97689758,-0.15142581,0.88111485,0.06337421,0.46863663,,,
-0.44812453,-0.20410853,0.8703585,0.15077708,-0.9768958,-0.15146157,0.88116428,0.06335646,0.46854605,,,
-0.44778697,-0.20396772,0.8705653,0.15073042,-0.97691952,-0.1513556,0.88134393,0.06344561,0.46819602,-0.00800883,0.00199485,-0.00446452
-0.447378365,-0.203816303,0.870810802,0.150538026,-0.976954567,-0.15132083,0.881584279,0.0633924721,0.467750502,-0.00498668943,-0.000108599663,-0.0148138944
-0.44725387,-0.203738945,0.870892789,0.150527196,-0.976967155,-0.151249834,0.881649234,0.0634459706,0.467620761,-0.00580962561,-0.000805556774,-0.017315628
-0.44736089,-0.20361537,0.87086681,0.15051778,-0.97699072,-0.15110756,0.88159663,0.06348132,0.46771519,-0.00483992,-0.00346661,-0.00840306
-0.44773461,-0.20353638,0.87069323,0.15049587,-0.97701071,-0.15100038,0.88141066,0.06342764,0.46807286,-0.00356706,-0.00317293,-0.00630204
-0.44796575,-0.20349005,0.87058508,0.15049731,-0.97702143,-0.15092897,0.88129289,0.0634097,0.46829694,-0.0059049,-0.0033958,-0.00106793
-0.448428194,-0.203483095,0.870348609,0.150413454,-0.977034434,-0.15092844,0.881071997,0.0632315706,0.468736465,-0.00931816362,-0.000482439995,0.00394456228
-0.44880143,-0.20340396,0.87017464,0.15039156,-0.97705429,-0.15082118,0.88088561,0.06317816,0.46909379,-0.00494394,-0.00412923,0.00381163
-0.4490325,-0.20340034,0.87005633,0.15034969,-0.97706085,-0.15082083,0.88077505,0.06308924,0.46931336,-0.00370397,-0.00354165,0.00718617
-0.4490325,-0.20340034,0.87005633,0.15034969,-0.97706085,-0.15082083,0.88077505,0.06308924,0.46931336,-0.00370397,-0.00354165,0.00718617
-0.44960071,-0.20340884,0.86976094,0.1504847,-0.97705687,-0.15071266,0.88046216,0.0631252,0.46989532,-0.00383261,0.00113475,0.00457315
-0.44954736,-0.203385052,0.869794089,0.150576131,-0.977053773,-0.150641435,0.880473773,0.0632497709,0.469856814,0.00145530119,-0.000753641129,0.00670941034
-0.449635486,-0.203510837,0.869718925,0.150829129,-0.977014657,-0.150640561,0.880385281,0.0634455981,0.469996082,-0.00771419145,-0.00376236439,-0.000323587796
-0.44997205,-0.20366258,0.86950949,0.1512342,-0.97696354,-0.15056736,0.88014398,0.06374847,0.47040699,,,
-0.45020213,-0.20375562,0.86936857,0.15146399,-0.97693363,-0.15053029,0.87998677,0.06390898,0.47067923,,,
-0.45055535,-0.20406538,0.86911278,0.15193311,-0.97685015,-0.15059843,0.87972498,0.06419407,0.47112952,-0.00672793,0.00269127,0.00167043
-0.450500217,-0.204363406,0.869071263,0.152437753,-0.976760766,-0.150667646,0.879665842,0.0646034544,0.471183927,0.00503237452,-0.000934481621,0.00789899658
-0.45032217,-0.2044875,0.8691345,0.1526597,-0.97672084,-0.15070297,0.87971867,0.06481692,0.47105607,,,
-0.450196065,-0.204689127,0.869152203,0.153105314,-0.976651126,-0.150701409,0.879705606,0.0652266305,0.471023799,-0.00754712336,-0.000536203384,-0.0181781426
-0.450212339,-0.204858139,0.86910415,0.153527556,-0.976590873,-0.150663862,0.87962388,0.0656007077,0.471124599,-0.0116605815,0.00563192368,-0.000359754544
-0.450140567,-0.204901275,0.869131009,0.153696695,-0.976569657,-0.150627758,0.879630928,0.0657788925,0.471086494,-5.48139215e-05,-0.00139683485,-0.00967205595
-0.44957203,-0.20498865,0.8694047,0.15383324,-0.976537,-0.15070068,0.87989785,0.06599253,0.47055789,-0.00379771,0.00202012,-0.03640411
-0.44948227,-0.20522724,0.86939492,0.15395003,-0.97648579,-0.15091378,0.87992337,0.06601031,0.47050773,-0.00879772,0.0047797,-0.02279684
-0.449641284,-0.20530986,0.869293037,0.154034032,-0.976467041,-0.150948241,0.879827278,0.0660281448,0.470684793,-0.0126073239,-0.000837445259,-0.0019776742
-0.4499779,-0.20540805,0.86909564,0.15412441,-0.97644759,-0.1509818,0.87963934,0.06601037,0.47103843,-0.01126596,-0.00204527,-0.00249267
-0.450314284,-0.205548902,0.868888077,0.154171452,-0.97642396,-0.151086513,0.879458927,0.0659213152,0.471387634,0.00176559389,-3.93390656e-05,0.01070577
-0.450349525,-0.205639821,0.868848339,0.154157777,-0.976409678,-0.151193052,0.879443319,0.0658500054,0.471426746,0.000373438001,-0.00400620699,0.0167065598
-0.45065073,-0.20586087,0.86863992,0.15404547,-0.97638364,-0.15147643,0.87930882,0.06554708,0.47171984,-0.02193206,0.00654423,-0.04993585
-0.451252607,-0.205917777,0.868313958,0.154210787,-0.97636927,-0.15140119,0.878971156,0.0655832025,0.472343746,-0.000764312223,0.0112842321,-0.050349392
-0.45342921,-0.20595442,0.86717051,0.15437091,-0.97637909,-0.15117362,0.87782205,0.06531936,0.4745122,0.01995621,0.01112056,-0.00291116
-0.45538993,-0.20592582,0.86614911,0.15449579,-0.97640001,-0.15090953,0.87678434,0.0650937,0.47645769,0.01346048,-0.00364071,0.01210698
-0.45618384,-0.20588704,0.86574063,0.15463379,-0.97640699,-0.15072425,0.87634736,0.06511479,0.47725817,0.0162269,-0.00519681,0.01890549
-0.456819,-0.20576587,0.86543446,0.15468731,-0.9764323,-0.15050515,0.87600699,0.06511812,0.4778822,-0.00274927,-0.003353,0.02914112
-0.456645715,-0.20542847,0.865606097,0.154266483,-0.976519984,-0.150368484,0.876171572,0.0648688868,0.477614314,0.00667893933,-0.000595569611,0.015883781
-0.45629444,-0.20525863,0.86583146,0.15402446,-0.9765627,-0.15033806,0.87639699,0.0647608,0.47721514,-0.00296523,-0.00416911,0.00698639
-0.455450259,-0.204951917,0.866348558,0.153563829,-0.976639257,-0.150312942,0.876916908,0.0645797351,0.476283753,0.000689267064,-0.00508624315,0.0017261575
-0.454463388,-0.204678065,0.866931319,0.153126782,-0.976706268,-0.150323134,0.877505106,0.0644340419,0.47521894,-0.00292738364,-0.00818103552,0.000475983019
-0.45391611,-0.2045601,0.86724561,0.15295645,-0.976732,-0.15032766,0.87781781,0.06441465,0.47464356,-0.00618811,-0.00552237,-0.00610611
-0.45301518,-0.20441189,0.86775171,0.1527733,-0.97675993,-0.15033415,0.87831518,0.06446564,0.47371575,,,
-0.45232541,-0.20424108,0.86815157,0.15271298,-0.97678505,-0.15023146,0.878681,0.0646245,0.47301513,,,
-0.452024469,-0.20419146,0.868319923,0.152652209,-0.976794223,-0.150233233,0.878846371,0.0646418501,0.472705406,0.00436405186,-0.000394105911,0.00257268455
-0.45142273,-0.20404933,0.86866644,0.1525738,-0.97681707,-0.15016534,0.87916935,0.06474769,0.47209002,,,
-0.45105124,-0.20390339,0.86889372,0.15245384,-0.97684648,-0.15009639,0.87938087,0.06476503,0.47169357,,,
-0.45002323,-0.20363384,0.86948966,0.15230422,-0.97689083,-0.14995877,0.8799332,0.06494202,0.47063793,-0.00606524,-0.00851619,-0.00548874
-0.44949092,-0.20354453,0.869786,0.15232902,-0.97689777,-0.14988938,0.88020108,0.06511974,0.47011226,-0.01615296,-0.00224477,-0.01070745
-0.44940218,-0.20351533,0.86983869,0.15234763,-0.9769003,-0.14985403,0.88024317,0.06517314,0.47002604,-0.01271142,-0.00224024,-0.01384699
-0.44954425,-0.20339695,0.8697928,0.15241096,-0.97691759,-0.1496754,0.88015949,0.06528024,0.47016775,-0.00338753,-0.0036962,-0.0039645
-0.44956231,-0.20328702,0.86980918,0.15237666,-0.9769393,-0.14956875,0.88015622,0.06529814,0.47017139,,,
-0.44934945,-0.20322337,0.86993415,0.15234107,-0.97695031,-0.14953403,0.88027119,0.06533366,0.46995126,,,
-0.44890613,-0.20302348,0.87020958,0.15211929,-0.97699535,-0.14946482,0.88053561,0.06527998,0.46946304,-0.00202183,-0.00361544,-0.00964049
-0.44879997,-0.20292189,0.87028806,0.15198743,-0.97702126,-0.14942989,0.88061252,0.06520872,0.46932868,-0.00645309,0.00373745,-0.01828478
-0.448942145,-0.202846457,0.870232282,0.15200739,-0.977034502,-0.149322735,0.880536576,0.0652444682,0.469466167,-0.0135468636,0.000708580017,-0.0106419092
-0.44958175,-0.20276949,0.86992001,0.15201612,-0.97705524,-0.14917845,0.88020872,0.06517395,0.4700904,-0.0053628,-0.00291508,0.0022168
-0.450043267,-0.202676944,0.869702811,0.152018756,-0.977076647,-0.149034695,0.879972284,0.0651390746,0.470537597,-0.000352695119,0.00148904324,0.00800627843
-0.45000806,-0.20267165,0.86972239,0.15194584,-0.97708265,-0.14907067,0.88000301,0.0650677,0.4704901,-0.00487293,0.00456727,0.00249597
-0.4500259,-0.20264732,0.8697187,0.15182477,-0.97709584,-0.14910658,0.88001466,0.06494302,0.47048545,-0.00536921,-0.00349045,-0.01945717
-0.45039868,-0.20261116,0.86953405,0.15175938,-0.97711148,-0.14907003,0.87983512,0.06481899,0.47083815,-0.00308046,-0.00145251,0.00388887
-0.45059408,-0.20255945,0.86944492,0.15168786,-0.97712814,-0.14903404,0.87974746,0.06473038,0.47101414,-0.0010954,0.00308824,0.00800577
-0.45071879,-0.20236865,0.86942483,0.15160059,-0.97716897,-0.14885603,0.87969874,0.06471311,0.47110758,0.004717,-0.00205088,0.00442472
-0.45077197,-0.20230679,0.86941156,0.15159579,-0.97718046,-0.14878467,0.87967222,0.06473117,0.47115456,,,
-0.45077197,-0.20230679,0.86941156,0.15159579,-0.97718046,-0.14878467,0.87967222,0.06473117,0.47115456,-0.00483363,-0.00353724,0.00261795
-0.45075448,-0.20210574,0.86946732,0.15157519,-0.97721606,-0.14857117,0.87968466,0.06482055,0.47111898,,,
-0.450683959,-0.202052333,0.869516472,0.151472782,-0.977232062,-0.148571841,0.879738619,0.0647491355,0.471028172,-0.00961658545,-0.000293731689,-0.00288868393
-0.45061296,-0.20195598,0.86957545,0.15141377,-0.97725173,-0.14850101,0.87978495,0.06474921,0.47094149,-0.00412062,0.00178838,-0.00503775
-0.4504182,-0.2018253,0.86970687,0.15130052,-0.97728015,-0.14843088,0.87990434,0.06473114,0.47072099,,,
-0.44985035,-0.20177353,0.87001263,0.15120953,-0.97728843,-0.14846829,0.88021033,0.06476568,0.47014374,-0.00208792,-0.00453913,-0.01194085
-0.449584098,-0.201771693,0.870150694,0.151178831,-0.977287682,-0.148504615,0.880351639,0.0647830488,0.469876702,-0.00584988389,0.00018286705,-0.0147605622
-0.44963754,-0.20175277,0.87012756,0.15113064,-0.97729524,-0.14850467,0.88033271,0.06472966,0.46991958,-0.00328742,0.00224471,-0.0058545
-0.449779433,-0.201720063,0.870061647,0.151107191,-0.977304133,-0.148468731,0.880264091,0.0646943834,0.470052859,-0.00488082692,0.000497937202,0.00747770816
-0.44985076,-0.20159108,0.87005477,0.15102476,-0.97733321,-0.14836198,0.88024189,0.06465906,0.47009936,0.00245926,-0.00511026,0.0093584
-0.44983322,-0.20147575,0.87009067,0.1509176,-0.97736066,-0.14829111,0.88026935,0.06460573,0.47005536,-0.00631626,-0.00204456,0.00483089
-0.44976225,-0.20137941,0.87014959,0.15085865,-0.97738043,-0.14822023,0.88031565,0.06460573,0.46996859,-0.00127409,-0.00133967,0.00600039
-0.44969127,-0.20128308,0.87020851,0.1507997,-0.97740021,-0.14814934,0.88036195,0.06460571,0.46988181,-0.00492186,-0.00433946,0.00891243
-0.44944298,-0.2012141,0.87035288,0.1506914,-0.97741699,-0.14815012,0.88050744,0.06456967,0.4696142,,,
-0.449052179,-0.201134826,0.870572809,0.150650038,-0.977428533,-0.148115341,0.880713801,0.0646403131,0.469217289,0.00621588901,-0.00102466345,0.000929869246
-0.448838746,-0.20107101,0.870697381,0.150614722,-0.977439045,-0.148080081,0.880828409,0.0646757573,0.468997068,-0.000598828075,-0.00300836563,-0.00602828478
-0.448323366,-0.201000097,0.870979317,0.150476002,-0.977454956,-0.148116762,0.881114625,0.0646572755,0.468461737,-0.0151316104,0.000689744949,-0.0187146123
-0.448270219,-0.201062009,0.87099256,0.150480731,-0.97744363,-0.148188117,0.881141033,0.0646392821,0.468414669,-0.0108244717,7.5340271e-05,-0.0131225828
-0.448447936,-0.201077625,0.870897425,0.150486595,-0.977442711,-0.148187893,0.881049557,0.0646038359,0.468591566,-0.00815731287,0.00210666656,-0.000951541821
-0.4487323,-0.20105526,0.87075594,0.15039608,-0.9774565,-0.14818755,0.88092006,0.06446173,0.46885442,-0.00291844,-0.00668883,0.0034213
-0.448732303,-0.201055258,0.870755942,0.150396078,-0.977456498,-0.148187554,0.880920057,0.0644617307,0.46885442,0.000586810987,0.00181174278,-0.00565910153
-0.44883891,-0.20110318,0.87068987,0.15021288,-0.97746298,-0.14833012,0.88089695,0.06421249,0.46893199,-0.00766889,-0.00308925,-0.00979959
-0.44938984,-0.2011255,0.87040064,0.15010969,-0.9774737,-0.14836514,0.88063376,0.06398178,0.46945766,0.006276,0.00272822,-0.01993991
-0.44978052,-0.20120453,0.87018049,0.15015109,-0.97746197,-0.14839995,0.88042717,0.06391114,0.46985457,0.0021532,0.00737882,-0.01668503
-0.450756593,-0.201310524,0.869650826,0.150162731,-0.977455209,-0.148433343,0.879925929,0.0636818347,0.470823726,-0.00434106681,-5.34057617e-05,-0.0132829612
-0.45226347,-0.20137594,0.86885299,0.15027973,-0.97745422,-0.14832168,0.87913241,0.06349052,0.47232951,-0.00641848,-0.01106215,0.01323886
-0.45357356,-0.20135265,0.86817514,0.15024063,-0.97747705,-0.14821021,0.87846384,0.06321095,0.47360916,-0.00384052,-0.00860274,0.03016054
-0.453432239,-0.201245712,0.868273749,0.150035763,-0.977508303,-0.148211671,0.878571801,0.0630681629,0.473427897,0.00122934999,-0.000344634056,0.01321619
-0.45311395,-0.20112368,0.86846822,0.14982468,-0.97754044,-0.14821369,0.87877207,0.06296028,0.47307047,-0.00116164,-0.00231886,0.01099558
-0.45247642,-0.201105092,0.868804837,0.149544296,-0.97755587,-0.148394886,0.879148228,0.0627796211,0.472395086,0.0049579395,-0.000213503838,-0.00262699812
-0.451767722,-0.201258387,0.869138037,0.149303184,-0.977538158,-0.14875358,0.879553537,0.0625630087,0.471668765,-0.000852699392,-0.00783407688,0.0262430012
-0.449886997,-0.201766471,0.869995229,0.149447639,-0.977417644,-0.14939802,0.880492369,0.0628064976,0.469881293,-0.00442280807,-0.000885367393,0.00949359871
-0.44882104,-0.20194252,0.87050476,0.14950913,-0.97736988,-0.14964846,0.88102573,0.06298302,0.46885676,-0.00237735,0.00890625,-0.00959162
-0.4469358,-0.2021797,0.8714195,0.14955611,-0.97730285,-0.15004118,0.88197593,0.06326734,0.46702866,0.01226845,0.01326036,-0.04232035
-0.44631224,-0.20250073,0.87166431,0.14952412,-0.97724185,-0.15046818,0.88229686,0.06317904,0.46643392,-0.00922524,0.00441694,-0.02605851
-0.4467572,-0.20265757,0.87139989,0.14978894,-0.97720132,-0.15046819,0.88202672,0.06330331,0.46692772,-0.02340014,-0.00155157,-0.01371462
-0.44716649,-0.2027232,0.87117468,0.15006784,-0.97717504,-0.15036105,0.88177189,0.06349888,0.46738227,-0.00736816,0.00439894,-0.00932742
-0.44725563,-0.20270958,0.87113224,0.15009254,-0.97717689,-0.15032549,0.88172262,0.06351654,0.46747292,,,
-0.44714872,-0.20252209,0.87123056,0.15004769,-0.97721093,-0.15014759,0.88178431,0.06358783,0.46734672,-0.00441351,-0.00612921,-0.01282328
-0.44734497,-0.20228835,0.8711843,0.14979147,-0.97727229,-0.15000538,0.88172851,0.06339183,0.46747874,-0.00161573,0.00395036,-0.02035274
-0.448074616,-0.20200431,0.870875082,0.149281801,-0.977366563,-0.149898504,0.881444322,0.0628400864,0.468088703,-0.0145374164,-0.00492858887,-0.000959994737
-0.44880367,-0.20190209,0.87052328,0.14895695,-0.97741613,-0.14989827,0.88112829,0.0623956,0.46874269,-0.0084984,-0.00345367,-0.01997767
-0.449212324,-0.201913679,0.870309783,0.148921044,-0.977421651,-0.149897928,0.880926089,0.0622714434,0.469139084,-0.00914120674,0.000918388367,-0.0272293761
-0.45208651,-0.20216152,0.86876261,0.14909342,-0.9774017,-0.14985668,0.87942533,0.0617786,0.47201111,0.0075761,-0.00210738,0.01619058
-0.452724092,-0.202168018,0.868428951,0.14901635,-0.97741362,-0.149855074,0.879110276,0.0615671055,0.47262518,0.000145244412,-0.00283122063,0.0203760676
-0.45385731,-0.20179325,0.86792441,0.14820111,-0.97754851,-0.14978325,0.87866361,0.06064713,0.47357376,-0.00109294,-0.00372684,0.02104638
-0.45329126,-0.20154866,0.86827708,0.14756629,-0.97762776,-0.14989347,0.87906265,0.06018302,0.47289198,,,
-0.452582686,-0.201434799,0.868673048,0.147226202,-0.977662305,-0.15000256,0.879484672,0.06000287,0.472129582,0.00598738994,-9.27448273e-05,-0.00310673914
-0.45210434,-0.201371,0.86893691,0.14715911,-0.97767229,-0.1500035,0.87974191,0.06005475,0.47164349,0.00753683,0.00395846,-0.00375301
-0.450844693,-0.20091418,0.86969688,0.146508609,-0.977780694,-0.149934279,0.880496677,0.0598210096,0.470262787,-0.000849273754,-0.00264549255,-0.00911570154
-0.45082666,-0.20084152,0.86972294,0.14635817,-0.97780313,-0.1499343,0.88053086,0.05969668,0.47021454,,,
-0.45020441,-0.20044519,0.87013658,0.14594541,-0.97789207,-0.14975636,0.88091763,0.05957147,0.46950543,-0.00605595,0.00611305,0.00989569
-0.44929751,-0.20015777,0.87067129,0.14553638,-0.97795856,-0.14971996,0.88144812,0.05944554,0.4685247,0.00157016,0.00557899,-0.00670186
-0.44876345,-0.19992996,0.87099903,0.14533371,-0.97800522,-0.14961221,0.8817536,0.05944503,0.46794962,-0.00267166,-0.00116563,-0.00589082
-0.44794359,-0.19962821,0.87148994,0.14495013,-0.97807314,-0.14953875,0.8822333,0.05933765,0.46705814,,,
-0.44730167,-0.19929867,0.87189526,0.14461633,-0.97814502,-0.14939395,0.88261397,0.05926613,0.46634766,-0.0075252,-0.00411916,-0.00644228
-0.447639397,-0.199127743,0.871760908,0.144608037,-0.97817865,-0.149181102,0.882444023,0.059284294,0.466666804,0.000702963909,0.00358486176,-0.00883922726
-0.44808432,-0.19901542,0.87155789,0.14477484,-0.97819167,-0.14893318,0.88219076,0.05944503,0.46712493,-0.01162272,-0.00265735,-0.0053082
-0.44900971,-0.19892465,0.87110229,0.14505085,-0.97819926,-0.14861482,0.88167481,0.05962463,0.46807522,0.0027866,0.00792062,-0.01694608
-0.45000476,-0.19891864,0.87059002,0.14502775,-0.97821328,-0.14854486,0.88117113,0.05941381,0.46904946,-0.0036521,0.00408435,0.02078293
-0.45019986,-0.19882347,0.87051092,0.14499952,-0.9782337,-0.14843818,0.88107614,0.05939681,0.46923004,-0.00393164,-0.00713867,0.01739095
-0.44984351,-0.19843925,0.8707826,0.14497643,-0.97829638,-0.14804579,0.88126177,0.05964551,0.46884964,-0.00550489,-0.00190753,0.02032355
-0.44948825,-0.19840914,0.87097303,0.1449646,-0.97829837,-0.14804529,0.8814451,0.05971564,0.46849603,0.00816489,-0.00303066,0.0139838
-0.44843836,-0.1982082,0.87155973,0.14489532,-0.97832506,-0.14793643,0.88199104,0.05994455,0.46743811,0.00531489,0.00165868,0.00873888
-0.446496758,-0.19788709,0.872628948,0.144841662,-0.978360785,-0.147753105,0.882984413,0.0604217427,0.465497278,-0.00266223238,0.000861167908,-0.0113130808
-0.4458008,-0.19758604,0.87305289,0.14491584,-0.97839853,-0.14743013,0.88332383,0.06079472,0.46480425,-0.00100863,0.00275016,-0.01713723
-0.44553311,-0.19732602,0.87324825,0.14514711,-0.97842319,-0.14703781,0.88342083,0.06123925,0.46456142,0.00282172,0.00133276,-0.01014412
-0.445140488,-0.19690182,0.873544329,0.145455697,-0.978468543,-0.146431053,0.883568142,0.0618796113,0.464196381,-1.99330971e-05,-0.00194883347,0.00869687833
-0.44440754,-0.19655101,0.87399633,0.14550207,-0.9785153,-0.1460715,0.88392932,0.062253,0.46345821,-0.00536886,-0.00169021,-0.00494861
-0.443638235,-0.19610819,0.874486603,0.145563572,-0.978575878,-0.14560449,0.884305653,0.062697678,0.46267976,-0.00851631444,0.000949859619,0.00188816036
-0.44329789,-0.19587963,0.87471026,0.1456068,-0.97860664,-0.14535318,0.88446907,0.062929,0.46233578,-0.00202616,-0.00525814,0.00513914
-0.4430297,-0.1957909,0.87486603,0.14566465,-0.97861413,-0.14524507,0.88459395,0.06308918,0.46207498,,,
-0.441759666,-0.19557289,0.875556935,0.145881564,-0.978619901,-0.144989916,0.885193352,0.0636769272,0.460844976,-0.000446979422,-0.00445193052,-0.00760663021
-0.44149085,-0.19552703,0.87570258,0.14589591,-0.97862305,-0.14495281,0.88532492,0.06376608,0.46057971,-0.00347444,0.00308871,-0.00283405
-0.44066574,-0.19488344,0.87626139,0.14622746,-0.97869525,-0.1441283,0.88568116,0.06462107,0.4597749,-0.00810036,-0.00347358,-0.00484374
-0.440253533,-0.19473921,0.876500601,0.146397884,-0.978701504,-0.143912479,0.885857959,0.0649598518,0.459386366,-0.00498039974,0.000392436981,-0.0137176849
-0.43984141,-0.19450782,0.87675891,0.14665626,-0.97871552,-0.14355409,0.88601998,0.06544115,0.45900547,-0.01401671,0.00502086,-0.01403285
-0.43980523,-0.1943725,0.87680706,0.14671512,-0.97873287,-0.14337553,0.88602819,0.06558354,0.4589693,-0.00793483,-0.00846529,-0.0033696
-0.43966069,-0.19417857,0.87692264,0.14659957,-0.97877153,-0.14323086,0.88611918,0.06558351,0.4587937,,,
-0.43955176,-0.19381568,0.87705721,0.14673251,-0.97881915,-0.14276603,0.88615092,0.06593974,0.45868111,-0.00353507,-0.00406045,-0.00154271
-0.439874702,-0.193756808,0.876908564,0.146756818,-0.978831146,-0.142660923,0.885986888,0.0659393816,0.458998108,-8.74631805e-05,-0.00345414877,-0.00413241563
-0.440502186,-0.193749198,0.876594956,0.146838939,-0.978833563,-0.142557688,0.885661219,0.0659212903,0.459628606,-0.0137101747,-0.000459671021,-0.00102749048
-0.44104009,-0.1937117,0.8763329,0.14694072,-0.9788388,-0.14241823,0.88537676,0.06595684,0.46017135,-0.00596648,-0.00661385,-0.00313471
-0.44243936,-0.19402923,0.87555688,0.14744878,-0.97876613,-0.14239178,0.88459372,0.06610006,0.46165425,-0.01248637,0.00754976,-0.02377409
-0.44533619,-0.19430295,0.87402626,0.1479587,-0.97871876,-0.14218862,0.88305366,0.06599805,0.46460784,-0.00194231,-0.00847214,0.02518767
-0.446871648,-0.194499928,0.87319841,0.148532344,-0.978662531,-0.141977925,0.88218129,0.066252296,0.466226113,-0.00213270984,-0.000921487808,0.00852692686
-0.44706834,-0.19463145,0.87306839,0.14864407,-0.97863513,-0.14204971,0.88206279,0.06627051,0.46644767,-0.00263246,-0.01120025,0.01162298
-0.44690931,-0.19500039,0.87306743,0.14884263,-0.97855809,-0.14237165,0.88210984,0.06632243,0.46635127,-0.01029944,0.0014112,-0.01986434
-0.44760519,-0.19535733,0.87263101,0.14908146,-0.97849038,-0.14258677,0.88171656,0.06627052,0.46710176,-0.00146046,-0.0021975,-0.004622
-0.44897699,-0.19578259,0.87183074,0.14962772,-0.97839677,-0.14265803,0.88092633,0.06639987,0.46857214,-0.00101998,0.00204897,-0.00819702
-0.45002653,-0.19608431,0.87122174,0.14996539,-0.97833504,-0.142728,0.88033333,0.06642173,0.46968232,-0.00465604,0.00133765,0.01436768
-0.45041718,-0.19620701,0.87099212,0.14996206,-0.9783199,-0.14283451,0.880134,0.06628065,0.47007559,0.00110675,-0.00658184,-0.00520546
-0.45015081,-0.19633408,0.87110116,0.14980173,-0.97830778,-0.14308532,0.88029753,0.06608249,0.46979717,-0.01249624,-0.0032056,-0.00741231
-0.45007954,-0.19653861,0.87109185,0.14943879,-0.97830038,-0.14351467,0.88039564,0.06558189,0.46968345,-0.00495977,-0.00448459,-0.00144068
-0.44993742,-0.19670023,0.87112866,0.14933222,-0.97827976,-0.14376487,0.88048624,0.06540237,0.46953854,,,
-0.45052395,-0.19695394,0.87076826,0.14944162,-0.97823709,-0.14394256,0.88016784,0.06527945,0.4701523,-0.00251403,0.00163174,-0.02815384
-0.451783857,-0.197177976,0.870064355,0.149587883,-0.978204458,-0.144011172,0.879496789,0.0650891564,0.471432629,0.00425548665,0.000648260117,0.0142823355
-0.452935654,-0.197299383,0.869437764,0.149603252,-0.978197303,-0.144043755,0.878901553,0.0648281587,0.472577285,0.00199463521,-0.000319480896,0.00796420686
-0.45366176,-0.19747614,0.8690188,0.14973346,-0.97816708,-0.14411233,0.87850463,0.06474292,0.47332629,,,
-0.45412216,-0.1976513,0.86873864,0.14983354,-0.97813649,-0.14421739,0.87824984,0.06467387,0.47380844,-0.01080165,-0.00995755,0.01420626
-0.45424611,-0.19768567,0.86866609,0.14988763,-0.9781284,-0.14421663,0.87817658,0.06469246,0.47394173,-0.00142682,-0.00436914,0.01201938
-0.454246329,-0.197997142,0.86859505,0.149942659,-0.978072601,-0.144537639,0.878167085,0.0645837583,0.473974149,-0.00209734496,0.00515532494,-0.00030714419
-0.45428171,-0.19808811,0.86855578,0.14992891,-0.97805887,-0.14464457,0.87815111,0.06451223,0.47401347,-0.01278914,0.00222445,-0.00149687
-0.45348539,-0.198298,0.86892392,0.14962105,-0.97803667,-0.14511254,0.87861506,0.06420289,0.47319502,,,
-0.45309599,-0.19834785,0.86911574,0.14944984,-0.97803618,-0.14529279,0.87884514,0.06405763,0.47278731,0.00429507,-0.00570285,-0.0017354
-0.45306063,-0.19834249,0.86913548,0.14937706,-0.97804205,-0.14532881,0.87887582,0.06398615,0.47274001,,,
-0.452617678,-0.198411427,0.869350338,0.149254074,-0.978033869,-0.145508733,0.87912475,0.0638942513,0.472289266,-0.0048517636,-0.000938057899,0.00286541414
-0.45185576,-0.19845524,0.86973671,0.14919216,-0.9780219,-0.14565354,0.87952722,0.06394351,0.47153273,,,
-0.451341224,-0.198427683,0.870009944,0.1490103,-0.978033246,-0.145761994,0.879822016,0.0638520387,0.470994741,0.00155238505,-6.77108765e-05,-0.00622498337
-0.45135876,-0.19836033,0.87001614,0.14893266,-0.9780503,-0.14572641,0.8798261,0.06379892,0.47099426,,,
-0.45176676,-0.19832901,0.86981169,0.14893949,-0.97806023,-0.14565429,0.87961571,0.06374754,0.47139415,-0.00227958,-0.00539619,-0.00142129
-0.45164251,-0.1982946,0.869884,0.14888545,-0.97806834,-0.14565468,0.8796886,0.06372922,0.47126055,-0.00645004,-0.00503993,0.0020651
-0.4513055,-0.19823955,0.8700715,0.14875279,-0.97808315,-0.14569126,0.87988405,0.06367429,0.470903,-0.00824347,-0.00574416,0.00328622
-0.450488843,-0.198162221,0.870512278,0.148511283,-0.978103744,-0.145799819,0.88034328,0.0635997061,0.47005406,-0.00115352124,-0.000497341156,-0.00622276124
-0.45048884,-0.19816222,0.87051228,0.14851128,-0.97810374,-0.14579982,0.88034328,0.06359971,0.47005406,,,
-0.45048884,-0.19820513,0.87050251,0.14846789,-0.97809968,-0.1458712,0.8803506,0.06352832,0.47005,,,
-0.4501332,-0.19803445,0.87072523,0.14822839,-0.97814117,-0.14583605,0.88057278,0.06342055,0.46964817,-0.00752601,-0.00248808,-0.01298983
-0.45009751,-0.19798624,0.87075459,0.148199,-0.97815086,-0.14580045,0.88059591,0.06342053,0.46960476,-0.0085032,0.00109303,-0.01285599
-0.45002655,-0.19793276,0.87080366,0.14809682,-0.97816661,-0.14580062,0.88064961,0.06334911,0.46951387,,,
-0.45009713,-0.19793222,0.8707672,0.14788416,-0.97818268,-0.14590769,0.88064916,0.06310004,0.46954816,-0.00328231,-0.00334662,-0.01075823
-0.45103778,-0.198075398,0.870247585,0.147778067,-0.978177319,-0.146049672,0.880185416,0.0627295806,0.470466324,-0.00715402933,-0.000194191933,0.0136900721
-0.45114428,-0.19803719,0.87020129,0.14768165,-0.97819213,-0.14604975,0.88014723,0.06262326,0.47055207,0.00456115,-0.0031203,0.00750073
-0.45116168,-0.19801271,0.87019774,0.14756068,-0.97820492,-0.14608551,0.8801585,0.06249879,0.47054746,-0.00804905,-0.00495255,-0.00205027
-0.45155214,-0.19809129,0.86997727,0.14760175,-0.97819343,-0.14612074,0.87995133,0.06242903,0.47094401,0.00522087,-0.00483638,0.00484737
-0.45174698,-0.1980391,0.86988798,0.14752999,-0.97820958,-0.14608493,0.87986334,0.06234114,0.47112001,-0.00977333,-0.00462705,0.01109388
-0.45066416,-0.19804675,0.87044765,0.14717112,-0.97822073,-0.14637146,0.88047844,0.06214038,0.46999598,0.00484038,0.00605488,-0.00261548
-0.449633475,-0.198120933,0.870963684,0.146677368,-0.978230829,-0.146799406,0.881087619,0.0617447308,0.468905279,0.0168384239,-0.000195503235,-0.00653914176
-0.449526391,-0.19827674,0.870983482,0.146285339,-0.978230606,-0.147191377,0.881207406,0.0612457014,0.468745585,-0.000927401707,-0.00454992056,0.00404986506
-0.45021972,-0.19840476,0.87059628,0.14638629,-0.97821028,-0.14722735,0.88083676,0.06115871,0.46945316,-0.00101716,0.00436473,0.00449857
-0.4504329,-0.1984681,0.87047153,0.14642161,-0.97819957,-0.14726306,0.88072185,0.06112371,0.46967322,-0.00367638,0.00566208,-0.00240098
-0.45082337,-0.19850361,0.87026099,0.14650626,-0.97819193,-0.14722733,0.88050769,0.06112515,0.47007422,-0.00138242,0.00275075,-0.0040234
-0.4513203,-0.19845786,0.87001398,0.14653786,-0.97820351,-0.14712024,0.88024797,0.06109164,0.47056484,-0.00351122,-0.00198627,0.00624555
-0.4514092,-0.19840116,0.86998086,0.1466059,-0.97820949,-0.14701317,0.88019113,0.06118122,0.47065957,,,
-0.451089171,-0.198193423,0.870194158,0.146482165,-0.978249396,-0.146870762,0.880375762,0.0612161119,0.470309565,-0.00555077335,-0.0020943284,0.000458173687
-0.450875338,-0.197947297,0.870360984,0.146262179,-0.978303693,-0.146728271,0.880521863,0.0611447333,0.470045265,-0.00884470716,0.00038599968,-0.00545356609
-0.45119446,-0.19784356,0.87021904,0.14633122,-0.97831993,-0.14654985,0.88034676,0.06121773,0.47036354,,,
-0.451194729,-0.197800754,0.870228853,0.146374563,-0.978324397,-0.146478561,0.88033964,0.0612890159,0.470367732,0.00160366017,-0.000539541245,0.00840621255
-0.450466231,-0.197667614,0.870636323,0.146200854,-0.97835025,-0.146478626,0.880741394,0.061304097,0.469613005,-0.00142306869,0.000362157822,-0.00568043534
-0.450075379,-0.197631963,0.870846564,0.146116453,-0.978357586,-0.146514114,0.880955228,0.0613026147,0.469211964,-0.000959554221,-0.00240963697,-0.00971536152
-0.44989749,-0.19765962,0.87093201,0.1460673,-0.97835404,-0.14658524,0.88105405,0.06126635,0.46903099,-0.00645496,-0.00215703,-0.00656591
-0.449933273,-0.197664935,0.870912384,0.14614006,-0.978348579,-0.146549686,0.881023774,0.0613376014,0.469078586,-0.000972248847,0.00262856483,-0.00695209019
-0.45030607,-0.19762796,0.87072817,0.14607407,-0.97836386,-0.14651417,0.88084432,0.06121458,0.4694316,,,
-0.45044704,-0.19749772,0.87068473,0.14577915,-0.97840779,-0.14651402,0.88082103,0.06093086,0.46951215,,,
-0.450286901,-0.197458111,0.870776593,0.145652357,-0.97842141,-0.146549527,0.880923931,0.0608413271,0.469330709,-0.000264490256,-0.00435370207,-0.00534184463
-0.45023289,-0.19720863,0.87086108,0.14560278,-0.97846619,-0.14629981,0.88095975,0.0609308,0.46925187,,,
-0.45035523,-0.19683412,0.87088237,0.14533109,-0.97854902,-0.14601424,0.88094191,0.060808,0.46930118,-0.00495099,0.0030756,-0.00200506
-0.45040857,-0.19677208,0.87086902,0.14532628,-0.97856063,-0.14594296,0.88091565,0.0608262,0.46934826,,,
-0.4505321,-0.19662338,0.87083876,0.14519576,-0.97859603,-0.14583585,0.88087405,0.06073837,0.46943774,,,
-0.45063818,-0.19649922,0.87081186,0.14518611,-0.97861866,-0.14569324,0.88082134,0.06077485,0.46953188,,,
-0.450353284,-0.196382365,0.870985545,0.145048911,-0.978644332,-0.145657109,0.880989594,0.0607383458,0.469220804,-0.000954225892,-0.00183093548,0.0046903966
-0.44964253,-0.19636468,0.8713567,0.14498273,-0.9786437,-0.14572752,0.88136349,0.06080638,0.46850932,,,
-0.44919799,-0.1963052,0.87159942,0.14499038,-0.97864806,-0.14569114,0.88158894,0.06092937,0.468069,,,
-0.44893108,-0.19626083,0.87174681,0.14500369,-0.97865134,-0.14565498,0.8817226,0.06101745,0.46780563,,,
-0.44857516,-0.19614425,0.87195625,0.14507945,-0.97866145,-0.14551163,0.88189127,0.06123003,0.46745978,-0.00300725,-0.001212,-0.00387766
-0.44841449,-0.19593261,0.87208644,0.14512683,-0.97869155,-0.14526154,0.88196517,0.06142576,0.46729464,-0.00564016,0.00274348,-0.01658468
-0.44855679,-0.19581375,0.87204011,0.14519002,-0.97870878,-0.14508354,0.88188255,0.06153332,0.46743649,-0.00582816,0.00308752,-0.00526254
-0.448734819,-0.195743087,0.871964462,0.145282525,-0.97871623,-0.144941231,0.881776823,0.0616410311,0.467621785,-0.0119785797,0.000673055649,-3.78442928e-05
-0.44873457,-0.19570003,0.87197405,0.14532603,-0.97872008,-0.14486984,0.88176957,0.06171242,0.46762589,-0.00980432,0.00219488,-0.00153021
-0.44855676,-0.1955987,0.87208836,0.14540748,-0.97872926,-0.14472692,0.88184671,0.06188994,0.46745701,-0.005371,-0.00119209,-0.00324595
-0.44855653,-0.19555564,0.87209795,0.145451,-0.97873312,-0.14465553,0.88183947,0.06196133,0.4674611,-0.00173806,-0.00407636,-0.00408232
-0.44923244,-0.19556891,0.87174704,0.14544367,-0.97873935,-0.14462106,0.88149659,0.06182161,0.46812585,,,
-0.4493745,-0.19549293,0.87169089,0.14546332,-0.97875226,-0.14451413,0.88142096,0.06185809,0.46826343,-0.00719754,-0.00321829,0.00294643
-0.44932129,-0.19551203,0.87171394,0.14551158,-0.97874498,-0.14451412,0.88144003,0.06191119,0.46822045,,,
-0.449321288,-0.195512031,0.871713942,0.145511576,-0.97874498,-0.144514121,0.881440033,0.061911192,0.468220449,-0.00478101755,6.6280365e-05,-0.00750269508
-0.44967682,-0.1954997,0.87153322,0.1455661,-0.97874717,-0.14444325,0.88124957,0.06191289,0.46857851,,,
-0.44967682,-0.1954997,0.87153322,0.1455661,-0.97874717,-0.14444325,0.88124957,0.06191289,0.46857851,-0.00543566,-0.00224578,0.00148447
-0.44962401,-0.19547585,0.87156605,0.14565783,-0.97874434,-0.14437188,0.88126159,0.06203735,0.4685396,-0.00456264,0.00184822,0.00307148
-0.44969559,-0.19548642,0.87152675,0.14580331,-0.97873317,-0.14430073,0.88120101,0.06218008,0.46863462,-0.00439011,-0.00208467,-0.00161021
-0.449731284,-0.195491678,0.871507079,0.145876072,-0.978727489,-0.144265093,0.881170674,0.0622514985,0.468682116,-0.00552193914,-0.000960230827,-0.00172658334
-0.4496424,-0.19546252,0.87155947,0.14589505,-0.97872993,-0.14422931,0.88121288,0.06230459,0.46859569,,,
-0.44939414,-0.19549064,0.87168126,0.1460589,-0.97871083,-0.14419353,0.88131243,0.06251708,0.46838016,,,
-0.449252059,-0.195523529,0.871747066,0.146082687,-0.978701971,-0.144229127,0.881380874,0.0625519166,0.468246668,-0.00465096394,0.000609278679,-0.00586221367
-0.44873679,-0.19559283,0.87199674,0.14617307,-0.97867786,-0.14430002,0.88162821,0.0627097,0.4677596,,,
-0.448701129,-0.195544573,0.872026033,0.146143813,-0.978687653,-0.144264236,0.88165133,0.0627096775,0.467716099,-0.00402326323,0.000465869904,-0.00440666033
-0.44862939,-0.19544797,0.87208451,0.14608534,-0.97870684,-0.14419255,0.88169744,0.06270973,0.46762911,-0.00597917,-0.00562733,-0.00388621
-0.448593692,-0.195442718,0.872104149,0.14601259,-0.978712578,-0.144228099,0.881727751,0.0626383644,0.467581582,-0.00786822755,-0.000554561615,-0.00744365528
-0.448807287,-0.195506466,0.871979846,0.146047248,-0.978701948,-0.144264225,0.881613198,0.06260341,0.467802137,-0.00258254958,0.00429797173,0.000607915863
-0.448985423,-0.19552187,0.871884896,0.146052757,-0.978701358,-0.144264412,0.881521789,0.0625685742,0.467979168,-0.0057894988,0.000431418419,0.00491023203
-0.44911014,-0.19564244,0.87179361,0.14601951,-0.97868522,-0.14440748,0.88146376,0.06244401,0.46810509,-0.00771635,-0.0024004,-0.0020169
-0.44900375,-0.19572355,0.87183009,0.14607257,-0.97866663,-0.14447882,0.88150906,0.06247893,0.46801505,,,
-0.448933433,-0.195939002,0.871818041,0.146067914,-0.978630563,-0.144728738,0.881545775,0.0623710736,0.467960363,-0.00613379292,0.00258386135,-0.000427465886
-0.448880242,-0.196001044,0.871831442,0.146072713,-0.978619247,-0.144800054,0.881572025,0.0623528987,0.467913304,-0.004953661,-0.000525474548,-0.00475988025
-0.44882707,-0.19610609,0.87183517,0.14603403,-0.97860388,-0.14494271,0.88160548,0.06226339,0.46786217,-0.00520868,-0.00273538,-0.00658741
-0.449290101,-0.196367569,0.871537791,0.146046107,-0.978564963,-0.145193192,0.881367618,0.0620508359,0.468338331,-0.000956744654,-0.000786185265,0.00635866309
-0.44930857,-0.19656909,0.8714829,0.14606606,-0.97853025,-0.14540741,0.88135496,0.06196128,0.46837405,,,
-0.4492554,-0.19663113,0.87149629,0.14607085,-0.97851891,-0.14547872,0.88138124,0.0619431,0.46832698,-0.01065755,-0.01076227,-0.00557914
-0.4504645,-0.19695859,0.87079787,0.14617879,-0.9784707,-0.1456938,0.88074592,0.06166229,0.46955761,0.00323963,0.00694895,0.01781636
-0.4504645,-0.19695859,0.87079787,0.14617879,-0.9784707,-0.1456938,0.88074592,0.06166229,0.46955761,0.00323963,0.00694895,0.01781636
