0,1,2,3,4,5,6,7,8,9,10,11
-0.379238169,0.0885298643,0.921054203,-0.0591845579,-0.995694942,0.0713353186,0.923404337,-0.0274591097,0.382845157,0.000179351307,0.00625520945,-0.00292618154
-0.37971308,0.08792809,0.92091612,-0.05809071,-0.99577444,0.07112346,0.92327857,-0.02649016,0.38321651,-0.00111911,0.00488323,-0.00150289
-0.380836146,0.0868781426,0.920551844,-0.0560433841,-0.995914305,0.0708051834,0.922942387,-0.0246256621,0.38414943,0.000595699996,-0.00161391497,-0.00787070394
-0.38208048,0.08590507,0.92012764,-0.05428179,-0.9960372,0.07045178,0.9225335,-0.02302793,0.3852294,0.00310933,0.00848645,-0.00151253
-0.38276395,0.0855279,0.91987861,-0.05347303,-0.9960871,0.07036329,0.9222973,-0.02225617,0.38583975,0.00458121,0.00639635,-0.00106151
-0.38410685,0.08483821,0.91938269,-0.05221918,-0.99617181,0.07010758,0.92181084,-0.02108061,0.38706646,0.00549467,0.00314718,0.00527282
-0.38527917,0.08438708,0.91893349,-0.05121932,-0.99623041,0.07001076,0.92137751,-0.02009346,0.3881491,0.00580381,0.01265115,0.00604413
-0.38574012,0.08426619,0.91875107,-0.05071568,-0.99625107,0.07008124,0.92121237,-0.01956194,0.38856787,0.00220625,0.01295286,0.00748754
-0.3863614,0.08425317,0.91849129,-0.04975173,-0.99627311,0.07046013,0.92100468,-0.01847345,0.38911323,0.00217594,0.01384121,0.00622299
-0.38656595,0.08464549,0.91836912,-0.04908042,-0.99625627,0.07116505,0.92095484,-0.01756395,0.38927325,0.00722385,0.00552768,0.00369765
-0.386521638,0.0848750426,0.918366508,-0.0487761236,-0.996244,0.0715435797,0.920989526,-0.0171412126,0.389209945,0.00559717929,0.00429230928,0.000871683471
-0.38619123,0.08533576,0.91846274,-0.04822619,-0.99621736,0.07228213,0.921157,-0.01637922,0.38884617,,,
-0.38572142,0.08580736,0.91861639,-0.04758657,-0.99619072,0.07307222,0.92138726,-0.01552828,0.38833539,0.00173609,-0.00344539,-0.00395688
-0.38543497,0.08603859,0.91871485,-0.04734083,-0.99617582,0.07343166,0.92151965,-0.01518959,0.3880344,,,
-0.38485541,0.08657069,0.918908,-0.04692308,-0.99613931,0.07419444,0.92178339,-0.01456386,0.38743169,0.00205978,0.00914413,-0.00242177
-0.38393978,0.08786613,0.91916785,-0.04672969,-0.99603526,0.07569497,0.92217478,-0.01389011,0.38652377,-0.00101393,0.01072294,0.00329306
-0.38326598,0.08911262,0.91932905,-0.0465245,-0.99593384,0.07714215,0.92246541,-0.01320536,0.38585372,-0.0072574,0.00590473,0.00295318
-0.38243715,0.0905548,0.91953325,-0.0463303,-0.99581325,0.07879785,0.92281909,-0.01246702,0.38503168,-0.00599039,-0.00245887,0.00159411
-0.381981952,0.0911206448,0.919666727,-0.0462428167,-0.995765447,0.0794536379,0.923012168,-0.012178126,0.384578032,-0.00673254626,-0.00491285324,-0.000893226126
-0.37992136,0.09312911,0.92031874,-0.04606313,-0.99558934,0.08173036,0.9238711,-0.01134165,0.38253562,-0.00894992,-0.00272328,0.00138899
-0.37942021,0.09350415,0.92048746,-0.04609218,-0.99555508,0.08213064,0.92407559,-0.01126524,0.38204364,-0.00950778,-0.00872374,-0.00300114
-0.37851338,0.09423893,0.92078586,-0.0461699,-0.99548734,0.08290499,0.92444358,-0.01113194,0.38115632,-0.00991393,-0.00233996,-0.00507563
-0.37772359,0.09475142,0.92105762,-0.0460456,-0.99544175,0.0835203,0.92477282,-0.01086306,0.38036464,-0.01037944,-0.00629002,-0.00231979
-0.377339313,0.0948573398,0.92120407,-0.0459195922,-0.995433004,0.0836914048,0.924935805,-0.010721253,0.379972006,-0.00767616741,-0.00521093607,-0.000775679946
-0.376674202,0.0949854759,0.921463028,-0.0456134497,-0.995424148,0.0839636835,0.925222009,-0.0104041489,0.379283404,-0.00572657771,-0.00850832462,0.000170465908
-0.37606039,0.09490815,0.92172173,-0.04544458,-0.99543253,0.08395674,0.92548003,-0.01031445,0.37865589,-0.00737058,0.00103599,-0.00302178
-0.37582369,0.09484057,0.92182523,-0.04542864,-0.99543864,0.08389313,0.92557697,-0.01034824,0.37841797,-0.00416753,0.00496346,-0.00221205
-0.37520926,0.09476309,0.9220833,-0.04525991,-0.99544673,0.08388578,0.92583432,-0.01025868,0.37779016,-0.00370857,0.00471264,-0.00129781
-0.37469093,0.09476436,0.92229399,-0.0450173,-0.99544887,0.0839922,0.92605612,-0.01004806,0.37725191,-0.00677327,0.00487953,0.00212455
-0.37446143,0.09472122,0.92239189,-0.04483383,-0.9954549,0.08402302,0.92615811,-0.00989098,0.37700591,,,
-0.37389688,0.0942545,0.92266853,-0.04405555,-0.99550469,0.08384221,0.92642336,-0.00930033,0.37636853,0.00470104,-0.00249487,0.00264176
-0.37376318,0.09410304,0.92273814,-0.04398594,-0.995519,0.08370852,0.92648059,-0.00930034,0.37622759,-0.00187812,0.00236815,0.00618716
-0.373540231,0.0938505139,0.922854069,-0.0438699614,-0.995542754,0.0834855789,0.926575943,-0.00930034601,0.375992633,0.000270879478,0.00733429193,0.0011911582
-0.3732727,0.09359431,0.92298835,-0.04368396,-0.99556755,0.08328755,0.92669256,-0.00923081,0.37570686,-0.00200682,0.0029462,0.00353445
-0.373138855,0.0935364447,0.923048329,-0.0435204652,-0.995574263,0.0832928245,0.926754149,-0.00909170048,0.375558302,-0.00231589563,-0.000856101513,0.00581946038
-0.37267093,0.09356609,0.92323427,-0.04318075,-0.99557435,0.08346721,0.92695823,-0.00876014,0.37506212,-0.0011852,-0.00118279,0.00616724
-0.37177965,0.09344177,0.92360628,-0.04275985,-0.99558895,0.08351215,0.92733571,-0.00844514,0.37413524,-0.00304615,-0.00635242,0.00242412
-0.37125933,0.09344313,0.92381527,-0.04251797,-0.99559039,0.08361616,0.92755512,-0.00823547,0.37359547,,,
-0.37062602,0.09308608,0.92410567,-0.04198615,-0.99562692,0.08345133,0.92783267,-0.0078704,0.37291362,,,
-0.370140152,0.092695778,0.924339538,-0.041423772,-0.995666315,0.0832610341,0.928051809,-0.00747137351,0.372376069,-0.00207854761,-0.00636804104,8.35995888e-05
-0.36991606,0.09249,0.92444995,-0.04126157,-0.9956861,0.08310639,0.92814848,-0.00740187,0.37213656,,,
-0.36952618,0.09203787,0.92465087,-0.0407663,-0.99573012,0.08282118,0.92832554,-0.00708999,0.37170059,,,
-0.369491767,0.0915728677,0.924710943,-0.0399438859,-0.995777886,0.0826499335,0.928375142,-0.00639808077,0.371589422,0.00248891138,0.000437319279,-0.00730550755
-0.36952589,0.09132174,0.92472207,-0.03948212,-0.99580333,0.08256409,0.92838124,-0.00600042,0.37158074,,,
-0.36975546,0.09074177,0.92468727,-0.0382867,-0.99586205,0.0824166,0.92833978,-0.00492922,0.37169991,,,
-0.37017764,0.09036564,0.92455534,-0.0368954,-0.99590235,0.08256672,0.92822802,-0.00354748,0.37199485,,,
-0.37036553,0.09015179,0.92450092,-0.03618844,-0.99592389,0.08261903,0.92818086,-0.002857,0.3721184,,,
-0.37079857,0.0896822,0.924373,-0.03460442,-0.99596951,0.08274741,0.92806835,-0.00130477,0.37240756,0.00252523,-0.00661236,-0.00122713
-0.371467396,0.0886961388,0.924199583,-0.0325464112,-0.996058494,0.0825109806,0.927875317,0.000570762469,0.372890096,-0.000966706662,-0.00448912382,-0.00239999942
-0.37203165,0.08790671,0.92404802,-0.0315024,-0.99612761,0.08208059,0.92768526,0.00142685,0.37336038,,,
-0.37257614,0.08723068,0.92389276,-0.03077238,-0.99618616,0.08164686,0.92749129,0.0019893,0.37383948,0.00306122,0.01312047,0.0034392
-0.372838609,0.087066565,0.923802207,-0.030447141,-0.996199652,0.0816016861,0.927396396,0.00229713126,0.374072888,8.71247612e-05,0.0162653327,0.00271342625
-0.373203807,0.0870510584,0.923656186,-0.0298336618,-0.996199175,0.0818336557,0.927269427,0.00298459429,0.374382658,0.00567929028,0.0130203366,-0.000255617546
-0.37348463,0.08709845,0.92353844,-0.02886688,-0.99619151,0.08227638,0.92718719,0.00406929,0.37457633,0.00457968,0.00618535,-0.00273375
-0.37411935,0.08675407,0.92331375,-0.02673157,-0.99620981,0.08277193,0.92699513,0.00628496,0.3750206,0.00488335,0.00364739,0.00460995
-0.37450088,0.08666759,0.92316727,-0.02575926,-0.9962103,0.08307517,0.92686868,0.00733162,0.37531414,0.00297157,0.01811653,0.00888288
-0.37464832,0.08681894,0.92309321,-0.02554168,-0.99619478,0.08332791,0.9268151,0.00764131,0.37544023,0.00320098,0.02065772,0.01270039
-0.37481145,0.0876934,0.92294418,-0.02538695,-0.99611372,0.08433586,0.92675325,0.00817932,0.37558139,-0.0027694,0.01599509,0.0183668
-0.3743668,0.089055,0.92299427,-0.02543462,-0.99598905,0.08578161,0.92693165,0.00863779,0.3751306,-0.00118903,0.00306255,0.01107563
-0.37404811,0.0898209,0.9230495,-0.02536872,-0.9959175,0.08663142,0.92706235,0.00898773,0.37479953,-0.00475337,-0.00823087,0.00485271
-0.373137858,0.0910978011,0.923292607,-0.0250508684,-0.99579411,0.0881272395,0.9274376,0.00975433108,0.373850652,0.000973040704,-0.0153185129,-0.00834924355
-0.37248939,0.09183701,0.92348118,-0.02478215,-0.99572094,0.08902504,0.92770543,0.01027504,0.37317154,0.00299026,-0.00823236,-0.00485685
-0.3723416,0.09201129,0.92352343,-0.0246724,-0.99570306,0.0892553,0.92776769,0.01044793,0.37301194,,,
-0.37199468,0.09237902,0.92362655,-0.02450301,-0.99566592,0.08971555,0.92791136,0.01074208,0.37264606,,,
-0.371632767,0.0926752445,0.923742532,-0.0236172386,-0.995626685,0.0903855858,0.928079302,0.0117740021,0.372196354,0.000684087165,-0.0234788656,-0.0194396358
-0.37156051,0.09269221,0.92376998,-0.02302431,-0.9956175,0.0906406,0.92812321,0.0124093,0.37206629,0.00213771,-0.02597827,-0.02711177
-0.371659761,0.0923501787,0.923764263,-0.0221549705,-0.995638861,0.0906219481,0.928104588,0.0132145636,0.37208497,0.000217320863,0.00329905748,-0.00835172553
-0.37175028,0.0924502,0.92371778,-0.02220145,-0.99562951,0.0907125,0.92806717,0.01321453,0.37217823,-0.00536409,0.02894443,0.00815391
-0.37157845,0.09280917,0.92375092,-0.022478,-0.99559836,0.09098591,0.92812933,0.01304433,0.37202921,-0.00449262,0.01176113,-0.00175602
-0.3710862,0.09360803,0.92386817,-0.02301473,-0.99552751,0.09162446,0.92831309,0.012738,0.37158105,0.01183435,-0.04203653,-0.03974164
-0.37125512,0.09366825,0.92379419,-0.02353418,-0.9955283,0.09148381,0.92823251,0.0122231,0.37179957,0.01630273,-0.01382661,-0.03116988
-0.371629169,0.093465611,0.923664298,-0.0240401649,-0.995554333,0.0910677968,0.928069839,0.0116384153,0.372224162,0.0135161467,-0.000327765942,-0.0195194576
-0.372557637,0.0931215974,0.923325061,-0.02528522,-0.995601859,0.0902085704,0.927664518,0.0102614148,0.373273683,0.000480408169,0.0292648673,0.00103331264
-0.373125555,0.0934696729,0.923060347,-0.026321161,-0.995577978,0.0901731492,0.927407235,0.00934989854,0.373936152,-0.000913519645,0.0168226361,0.00665002223
-0.37329502,0.09513503,0.9228217,-0.02845264,-0.99543397,0.09111123,0.92727612,0.00775466,0.37429766,0.00234271,-0.00348055,0.00431425
-0.373259734,0.0964809858,0.922696261,-0.0310394193,-0.995319374,0.0915183439,0.92720738,0.00552016362,0.374507558,0.00508931885,0.000719726086,0.00159437733
-0.37323095,0.09692009,0.92266184,-0.0322449,-0.99528223,0.09150487,0.92717778,0.00440132,0.37459559,,,
-0.37292975,0.09754519,0.92271795,-0.03389523,-0.99522707,0.09151125,0.92724031,0.00285152,0.37445602,,,
-0.372313023,0.0980969244,0.922908393,-0.0351020768,-0.995175312,0.0916176298,0.927443126,0.00171443899,0.373960239,-0.00458445121,0.00905138254,-0.00026984443
-0.37184056,0.09838198,0.92306858,-0.03558052,-0.99514793,0.09173136,0.92761449,0.00126618,0.37353683,-0.001399,0.00524336,-0.00332136
-0.370991029,0.0991222912,0.923331077,-0.0363702616,-0.995074952,0.0922107724,0.927923871,0.000627581545,0.372769133,-0.00330786919,0.0111570954,-0.00260732882
-0.370302908,0.099689853,0.923546215,-0.0369827272,-0.995018494,0.0925762418,0.928174529,0.000125996483,0.372145123,0.00117824459,-0.0282251239,-0.0164540783
-0.370088399,0.0998334354,0.923616772,-0.0372571479,-0.995004213,0.0926209347,0.928249192,-0.000133395926,0.371958946,0.00156562077,-0.022010386,-0.0135378968
-0.36977113,0.10015116,0.92370929,-0.03842499,-0.99497124,0.09249564,0.92832786,-0.00129129,0.37176015,-0.00253346,-0.00444609,-0.00726338
-0.369624528,0.100597977,0.923719415,-0.0399008652,-0.994923324,0.0923862142,0.928323991,-0.00270898655,0.371762208,-0.0005228027,0.0156214833,-0.00466740597
-0.369565787,0.100914937,0.923708458,-0.0407244714,-0.994889013,0.0923979746,0.928311724,-0.00347040886,0.371786638,-0.000537577551,0.0103057027,-0.0094387345
-0.36965632,0.10292415,0.92345023,-0.04522301,-0.99466078,0.09275828,0.92806713,-0.0074725,0.37233767,-0.00240585,0.01465183,0.00244364
-0.36970934,0.10375625,0.92333602,-0.04696628,-0.99456186,0.0929544,0.92795955,-0.00899954,0.37257209,-0.00268438,0.03571612,0.00408375
-0.36962944,0.10625768,0.92308352,-0.05103301,-0.9942617,0.09401603,0.92777664,-0.01235664,0.37293125,-0.00241657,0.02934307,0.00776888
-0.36917535,0.10962338,0.9228716,-0.05535345,-0.99384936,0.09591151,0.92770969,-0.01567595,0.37297301,-0.00178112,0.00805384,0.00620688
-0.368878825,0.111458909,0.922770407,-0.05756967,-0.993617655,0.097002796,0.927692861,-0.0173413075,0.372941266,-0.000219514943,-0.00716525316,0.000436169852
-0.3683612,0.11545188,0.92248619,-0.0624681,-0.99309031,0.09934384,0.92758161,-0.02103155,0.37302811,-0.00245284,-0.0064705,0.00728144
-0.36712868,0.12209021,0.92212275,-0.07037716,-0.99215277,0.10334272,0.92750388,-0.0269563,0.37284024,-0.01145954,0.0309754,0.01888759
-0.36582724,0.1270417,0.92197117,-0.07531639,-0.99143155,0.10672825,0.92763025,-0.03039544,0.37226098,-0.01098814,0.0167349,0.00851303
-0.36436989,0.13249731,0.92178026,-0.08001253,-0.9906205,0.11076436,0.92781053,-0.03339477,0.37155392,-0.01407316,-0.02378255,0.00973127
-0.36360967,0.13527127,0.92167755,-0.08252177,-0.99018819,0.11277079,0.927889,-0.03505391,0.371205,-0.01610483,-0.01145345,0.01021266
-0.36188889,0.14112269,0.92147739,-0.08806604,-0.9892297,0.11691295,0.92805203,-0.03884136,0.37041958,-0.02124752,0.02009827,0.01869567
-0.36005125,0.14707755,0.92126594,-0.09369516,-0.98820263,0.12114566,0.92821547,-0.04269951,0.3695844,-0.01354483,-0.00410539,0.00507139
-0.35916668,0.14990403,0.92115572,-0.09633753,-0.98769829,0.12316998,0.92828776,-0.0445033,0.36918992,-0.00561485,-0.01957536,-0.00209142
-0.35771961,0.15478222,0.92091217,-0.10120958,-0.98678488,0.12653987,0.92832827,-0.04793934,0.36865767,-0.00951474,-0.03529859,-0.00986735
-0.35656856,0.1592663,0.92059375,-0.10606928,-0.98589243,0.12948,0.92822838,-0.05147822,0.36843175,-0.01628485,0.00986594,0.02296304
-0.35582781,0.16170021,0.92045611,-0.10860717,-0.9853988,0.13112385,0.92821921,-0.05331062,0.36819425,-0.01778473,0.0222705,0.03823039
-0.35366228,0.16709151,0.92032789,-0.1137885,-0.98429316,0.13497834,0.92842618,-0.05698598,0.36712045,-0.01835548,0.01056224,0.0355449
-0.35089537,0.17254764,0.92038006,-0.11903535,-0.98312216,0.13892789,0.92881792,-0.06080859,0.36551258,-0.010126,-0.02339566,0.01520517
-0.34963378,0.17485091,0.92042565,-0.12148725,-0.98259702,0.14051318,0.92897635,-0.06269183,0.36479127,-0.0084987,-0.05374211,0.00811987
-0.34773683,0.17788059,0.92056376,-0.12611853,-0.98178922,0.14207075,0.92907118,-0.06669692,0.36383827,-0.00461522,-0.06231898,0.00125474
-0.34686435,0.1789172,0.92069188,-0.13009494,-0.98132542,0.14168769,0.92884886,-0.07063094,0.36366325,-0.01056571,-0.01837689,0.01874778
-0.34670921,0.17893806,0.92074627,-0.13183389,-0.98118641,0.14104165,0.92866159,-0.07248512,0.36377667,-0.01026924,-0.00850928,0.02088154
-0.34674746,0.17822622,0.92086991,-0.13433357,-0.98109615,0.13930006,0.928289,-0.0754018,0.36413458,-0.003328,-0.01471114,0.01630966
-0.34750287,0.17632343,0.9209515,-0.13527252,-0.98131369,0.13683783,0.92787012,-0.07702789,0.36486118,0.0024609,-0.0431816,0.0030819
-0.34830634,0.17484198,0.92093043,-0.13536464,-0.98153468,0.13515148,0.92755538,-0.0775873,0.36554229,0.00951873,-0.05293494,-0.0049866
-0.35063743,0.17080254,0.9208038,-0.13543077,-0.98214028,0.13060867,0.92666696,-0.07890888,0.3675073,0.01160278,-0.02437168,-0.01169117
-0.35385196,0.165827089,0.920483624,-0.135032365,-0.982904037,0.125163171,0.925502559,-0.0800058459,0.370194608,0.0113769956,0.000671267509,-0.0161389578
-0.35577723,0.16319152,0.92021252,-0.13447638,-0.9833291,0.12239275,0.92484521,-0.08020229,0.37179151,0.01411305,0.0154894,-0.01860193
-0.35986308,0.15824172,0.91948795,-0.13247983,-0.98419315,0.11752826,0.92355164,-0.07951952,0.37513865,0.01275879,0.0164997,-0.00478022
-0.36373474,0.15434062,0.91862724,-0.13024114,-0.98491729,0.11390857,0.92235258,-0.07821056,0.37835014,0.00317043,0.0577119,0.01516192
-0.36541452,0.153168157,0.918156838,-0.129307266,-0.985158582,0.11288286,0.92181999,-0.0774753178,0.379796771,0.000807594974,0.0533109307,0.01749954
-0.367942847,0.15222686,0.917303208,-0.127867903,-0.985419653,0.112241249,0.921014654,-0.0759952748,0.382042911,0.000377599616,0.0317569375,0.0136923734
-0.369854783,0.152260052,0.916528237,-0.126670539,-0.985532239,0.112606992,0.920413878,-0.074448887,0.383790983,0.00961347576,-0.0122532845,0.000336145516
-0.37275963,0.15151369,0.91547461,-0.12406164,-0.98585956,0.11264764,0.91959712,-0.07158479,0.38628578,0.00926133,-0.0059678,-0.01036217
-0.37486596,0.1503901,0.91479955,-0.12102715,-0.98624877,0.1125417,0.91914516,-0.06852753,0.38791249,0.00185485,0.0198521,0.00258258
-0.37581401,0.1498852,0.91449339,-0.11926037,-0.98644952,0.11266836,0.91898895,-0.06672047,0.38859702,0.00368659,0.0222612,0.0055842
-0.377279913,0.149441652,0.913962222,-0.11554175,-0.986779098,0.113652749,0.918863349,-0.062721893,0.389558799,0.000414531911,0.0107629895,0.00656695897
-0.37797637,0.14943023,0.91367634,-0.11181311,-0.98703255,0.11517184,0.91903845,-0.05862876,0.38978326,-0.00757311,-0.01318568,0.01425553
-0.3779616,0.1495203,0.9136676,-0.10985307,-0.98714363,0.11610105,0.91928076,-0.05648744,0.38952787,-0.00796541,-0.00865018,0.02256817
-0.37711102,0.14972248,0.91398593,-0.10590572,-0.98734473,0.11804283,0.92009297,-0.05228108,0.38819522,-0.0139968,0.01735455,0.00727815
-0.37535324,0.15003515,0.91465801,-0.10169342,-0.98752068,0.12025463,0.9212862,-0.04787673,0.3859268,-0.0134197,0.00856596,-0.00123322
-0.37422531,0.15018788,0.91509493,-0.09964136,-0.98759708,0.1213391,0.92196894,-0.04577313,0.38454904,-0.01313141,0.00143665,-0.00725434
-0.37174171,0.15031171,0.9160864,-0.09548824,-0.9877616,0.12332371,0.9234121,-0.0416309,0.38154538,-0.0128015,-0.01483846,-0.02575217
-0.36948493,0.1496629,0.91710519,-0.0910651,-0.9880258,0.12454801,0.92476379,-0.03749767,0.37868968,-0.0085098,-0.02134192,-0.03523547
-0.368496891,0.148942887,0.917619615,-0.0886941715,-0.98821154,0.124783252,0.925388073,-0.0354052611,0.377363546,-0.000902185217,-0.0172137618,-0.043370679
-0.367224492,0.146845133,0.918467587,-0.0836076498,-0.988673018,0.124641353,0.926367078,-0.0310195597,0.375342294,0.000245349482,-0.00229942799,-0.0462165214
-0.366845676,0.144307943,0.919020989,-0.0784713756,-0.989174573,0.12400028,0.926966345,-0.0266278787,0.374198346,-0.000581177883,0.0065343976,-0.0446872152
-0.366941274,0.143075029,0.919175462,-0.0761417032,-0.989405252,0.123610408,0.927122665,-0.0246298207,0.373947707,-0.00264596473,-0.000888228416,-0.0402724035
-0.366941274,0.143075029,0.919175462,-0.0761417032,-0.989405252,0.123610408,0.927122665,-0.0246298207,0.373947707,-0.00264596473,-0.000888228416,-0.0402724035
-0.3685085,0.13875309,0.919211,-0.0691615,-0.99015002,0.1217346,0.92704798,-0.01871377,0.37447528,0.00156457,-0.00556302,-0.02271147
-0.3685085,0.13875309,0.919211,-0.0691615,-0.99015002,0.1217346,0.92704798,-0.01871377,0.37447528,0.00156457,-0.00556302,-0.02271147
-0.37020959,0.13559918,0.9189982,-0.06580403,-0.99063173,0.11966026,0.92661463,-0.01617441,0.37566436,,,
-0.371058088,0.133708361,0.918933067,-0.0640439883,-0.990907988,0.118320525,0.926398551,-0.0149483513,0.376247627,1.68557744e-06,0.00575810671,0.0029548353
-0.371310372,0.132952734,0.918940815,-0.0633180484,-0.991017118,0.117796255,0.926347384,-0.0144465694,0.3763932,-0.000974046765,0.00204139948,0.00637289975
-0.371310372,0.132952734,0.918940815,-0.0633180484,-0.991017118,0.117796255,0.926347384,-0.0144465694,0.3763932,-0.000974046765,0.00204139948,0.00637289975
-0.371023282,0.130382201,0.919424935,-0.0610845789,-0.991376629,0.115935583,0.926612326,-0.0131478848,0.375788148,-8.69272044e-05,-0.0101482868,-0.00384929264
-0.370551238,0.129215922,0.919779918,-0.0600047339,-0.991537338,0.115122736,0.926871773,-0.0125322795,0.375168884,0.00331000774,-0.00775688887,-1.53490109e-05
-0.369942568,0.127763243,0.920227686,-0.0583450614,-0.991738791,0.114236342,0.927220736,-0.0114298532,0.374340806,0.00339369383,-0.00574672222,4.44318866e-05
-0.369942568,0.127763243,0.920227686,-0.0583450614,-0.991738791,0.114236342,0.927220736,-0.0114298532,0.374340806,0.00339369383,-0.00574672222,4.44318866e-05
-0.368370539,0.125241705,0.921204366,-0.0546914397,-0.992087517,0.113008607,0.928068863,-0.00875294484,0.372305641,6.54566102e-05,0.00194174051,-0.0082044173
-0.36706854,0.12359455,0.92194633,-0.05175594,-0.99231181,0.11242125,0.92875291,-0.00644989,0.37064324,-0.00342058,-0.00353354,-0.0176463
-0.366440335,0.122761744,0.922307274,-0.050264721,-0.992421923,0.112123623,0.929082672,-0.00527288702,0.369834334,-0.000363457482,-0.00417178869,-0.0168948267
-0.36518606,0.12107427,0.92302779,-0.04716477,-0.99263961,0.11154507,0.92973909,-0.0027997,0.36820844,0.00375612,0.00507456,-0.01600847
-0.363868584,0.119451022,0.923759052,-0.0440722115,-0.992839809,0.111023806,0.930406886,-0.000314016369,0.366528006,-0.00162840961,0.00701254606,-0.00485103438
-0.36318407,0.118660888,0.924130328,-0.0424688784,-0.992934294,0.110805201,0.93074898,0.000995907838,0.365657374,0.000634349592,0.00907999277,-0.000428296335
-0.36158851,0.11731508,0.92492754,-0.03944506,-0.99308865,0.1105399,0.93150301,0.00348613,0.36371692,-0.00212654,0.01555306,-0.00198495
-0.35976478,0.11606512,0.92579594,-0.0367453,-0.99322554,0.11023939,0.93231916,0.0056416,0.36159248,0.00109742,0.0067938,-0.0124142
-0.35897599,0.11549549,0.92617333,-0.03570512,-0.99328721,0.11002575,0.9326636,0.00642747,0.36069004,0.00218609,0.01385075,-0.00968972
-0.35733156,0.11485623,0.92688842,-0.03426121,-0.99335371,0.10988405,0.93334896,0.00750873,0.3588918,-0.00374005,0.02641886,0.00196745
-0.355357551,0.114947818,0.927635677,-0.0335616606,-0.993338957,0.11023267,0.934127703,0.00803902064,0.3568484,0.000183608849,0.0221919417,0.0188552625
-0.354033879,0.115160424,0.928115194,-0.0333461225,-0.993313001,0.110530136,0.934637776,0.00818238185,0.355506884,0.000246876385,0.00849586725,0.0200175848
-0.35052224,0.1158788,0.92935795,-0.03306963,-0.99322859,0.1113699,0.93597034,0.0083041,0.35198085,0.00182058,-0.01214623,0.04926054
-0.34489686,0.11636202,0.93139991,-0.03269783,-0.99317313,0.11197151,0.93807077,0.00816388,0.34634732,0.00208749,-0.01435876,0.06824534
-0.34105023,0.11646244,0.93280295,-0.03238306,-0.99316259,0.11215861,0.93948719,0.0080447,0.34248964,0.00396321,-0.01833862,0.07202629
-0.33073788,0.11608898,0.93655518,-0.03126729,-0.99320819,0.11206948,0.94320444,0.00778209,0.33212155,0.00772638,-0.01969892,0.11401238
-0.31588289,0.11504517,0.94179739,-0.02945697,-0.99333199,0.11146039,0.94834066,0.00746594,0.31716574,0.01355067,-0.03375,0.15344712
-0.30622148,0.1140804,0.94509993,-0.0282878,-0.99344543,0.11075053,0.95153981,0.0071794,0.3074416,0.01690211,-0.03688794,0.14114566
-0.28298484,0.11115185,0.95266204,-0.02573492,-0.9937846,0.10830536,0.95877912,0.00613208,0.28408635,0.01967051,-0.05408853,0.09628082
-0.25584524,0.10629391,0.96085636,-0.02272168,-0.99432346,0.10394612,0.96645076,0.00476184,0.25680796,0.0234736,-0.04726171,0.05711338
-0.2413131,0.10324752,0.96493939,-0.02115192,-0.99464774,0.10113659,0.97021682,0.00399526,0.24220533,0.03091122,-0.04133117,0.04458353
-0.21126099,0.09622744,0.97268134,-0.0177411,-0.99535555,0.09461733,0.97726862,0.00273252,0.21198707,0.03215512,-0.00787461,0.04505649
-0.16430106,0.08587175,0.98266527,-0.01258461,-0.99630478,0.08495953,0.98632987,0.00159249,0.16477477,0.02947956,0.01500827,-0.00561684
-0.13318765,0.07982396,0.98787098,-0.00932709,-0.99680796,0.0792886,0.99104689,0.0013463,0.13350716,0.02031313,0.01580077,-0.04975803
-0.10402829,0.07459747,0.99177278,-0.006481,-0.9972128,0.07432685,0.99455318,0.00130442,0.10422189,0.01483596,0.03161019,-0.06866873
-0.09040374,0.07240121,0.99326998,-0.00518305,-0.99737465,0.07222866,0.99589172,0.00138158,0.09054163,0.00951524,0.03292662,-0.0761032
-0.06549621,0.06920071,0.99545031,-0.00295998,-0.99760133,0.06915549,0.99784834,0.00158292,0.06554413,0.00236765,0.0697158,-0.07692727
-0.0435201206,0.0684395371,0.996705524,-0.00216306509,-0.997654806,0.0684102763,0.999050145,0.000821288778,0.0435662239,0.000303538516,0.0790507197,-0.0674207062
-0.0334827177,0.0691707214,0.99704276,-0.00251751828,-0.997604765,0.0691251695,0.999436099,-0.000195573016,0.0335767118,0.000946925953,0.0801004767,-0.0620887652
0.00181334491,0.0778680947,0.996962109,-0.00755617928,-0.996934306,0.0778796608,0.999969895,-0.00767445324,-0.00121957448,-0.00082660839,0.0137048364,-0.0628906563
0.00951009133,0.0806702773,0.996695379,-0.00929944711,-0.99669012,0.0807585902,0.999911442,-0.0100367309,-0.00872823936,0.000921845436,-0.00498467684,-0.0568236895
0.02374533,0.0858494,0.99602503,-0.01288179,-0.99619687,0.08617132,0.99963496,-0.01487674,-0.02254895,-0.00837648,-0.02809393,-0.04446189
0.036715,0.08972386,0.9952896,-0.0161851,-0.99577694,0.09036485,0.99919457,-0.0194266,-0.03510751,-0.00761454,-0.02826273,-0.03108379
0.04275378,0.09113628,0.99492028,-0.01745117,-0.99561083,0.09194945,0.99893326,-0.02129371,-0.04097577,-0.00838446,-0.0349865,-0.02689967
0.05437038,0.09303962,0.99417682,-0.0193913,-0.99536343,0.09421115,0.99833256,-0.02440068,-0.05231418,-0.0116649,-0.03257084,-0.01754297
0.06538784,0.0939776,0.99342465,-0.02045309,-0.99521978,0.09549366,0.99765024,-0.02656273,-0.06315304,-0.01195871,-0.02271467,-0.01874421
0.08061701,0.09423982,0.99228004,-0.0207632,-0.99514546,0.09619885,0.99652883,-0.02835817,-0.07826885,-0.02457837,-0.01421416,-0.0322948
0.08931687,0.09382933,0.99157378,-0.02024658,-0.99517599,0.09599393,0.99579746,-0.02864986,-0.08698628,-0.03133693,-0.02045637,-0.04560854
0.09309838,0.09350731,0.99125629,-0.01985924,-0.9952077,0.09574523,0.99545882,-0.02859932,-0.0907952,-0.03321653,-0.01495558,-0.04567506
0.09913342,0.09260703,0.99075546,-0.01887987,-0.99530559,0.09492143,0.99489497,-0.02811522,-0.09691952,-0.02821925,0.0032118,-0.03376196
0.10381016,0.09206662,0.99032669,-0.01798787,-0.99536958,0.09442101,0.99443434,-0.02761572,-0.10167316,-0.0240387,0.01526219,-0.03518921
0.10569939,0.09208675,0.990125,-0.01749508,-0.99537638,0.09444282,0.99424414,-0.02730486,-0.10359946,-0.02791574,0.0077737,-0.04235516
0.10819161,0.09233488,0.98983268,-0.01637438,-0.99537658,0.09464181,0.99399514,-0.02644734,-0.10617935,-0.02926502,0.00488383,-0.04804681
0.10888907,0.0928134,0.98971147,-0.0153517,-0.99535581,0.09503173,0.99393534,-0.02554167,-0.10695848,-0.02669436,0.00729626,-0.03831939
0.10851653,0.09309864,0.98972557,-0.01487965,-0.99534125,0.09525834,0.99398322,-0.02506387,-0.10662559,-0.02103902,0.00663465,-0.03028654
0.10698215,0.09385017,0.9898216,-0.01466052,-0.99527779,0.09595205,0.99415276,-0.02477645,-0.1051009,-0.01294501,0.0177061,-0.00769658
0.10517375,0.09497295,0.98990841,-0.01527507,-0.99515751,0.09709947,0.99433656,-0.02533324,-0.10321377,-0.00718127,0.01317161,-0.00423524
0.10412586,0.09564967,0.98995405,-0.015736,-0.99508173,0.09780026,0.99443967,-0.02576146,-0.10210868,-0.00916325,0.00482064,-0.01241685
0.101736579,0.0970228286,0.990068813,-0.0166251885,-0.994927906,0.0992073556,0.994672452,-0.0265530982,-0.0996075546,-0.0104748532,-0.000447511673,-0.0184402987
0.0987049686,0.0981618913,0.990263354,-0.0172402514,-0.994804719,0.100330496,0.994967357,-0.0269755052,-0.0964997711,-0.0118305665,-0.000537574291,-0.0156542528
0.09689749,0.09866487,0.99039189,-0.01749252,-0.99475181,0.10081064,0.99514062,-0.02709275,-0.09466303,-0.00527061,0.00495762,-0.01812725
0.09287275,0.09985009,0.99065871,-0.01825811,-0.99462089,0.10196111,0.9955106,-0.02755696,-0.09055017,-0.00279312,0.01086217,-0.00882636
0.08841948,0.10145151,0.99090339,-0.01914212,-0.9944429,0.10352197,0.99589935,-0.02812135,-0.08598608,-0.00835307,0.0120185,-0.01219218
0.08606974,0.10231365,0.99102156,-0.01958847,-0.99434664,0.10435819,0.99609643,-0.02839467,-0.0835788,-0.01091029,0.00483447,-0.01424889
0.0808272217,0.104067962,0.991280403,-0.0203457746,-0.994154919,0.106028696,0.99652046,-0.0287383733,-0.0782374544,-0.0115691759,0.000694155693,-0.0212507732
0.0748045,0.10574077,0.99157613,-0.02099525,-0.99397472,0.10758043,0.9969772,-0.02886589,-0.07213377,-0.01372051,-0.00162828,-0.02112017
0.07143562,0.10652977,0.99174012,-0.02135276,-0.99388917,0.10829866,0.99721669,-0.02891277,-0.06872449,-0.01401399,0.00467545,-0.02398021
0.06392,0.10822905,0.99206891,-0.0224164,-0.99369529,0.10985079,0.99770324,-0.02926028,-0.0610909,-0.01044884,0.00971287,-0.02024865
0.05544655,0.11025614,0.99235541,-0.02435919,-0.99343915,0.11173759,0.99816447,-0.03036843,-0.05239703,-0.01407587,0.01678997,-0.02898943
0.05075123,0.11144284,0.99247401,-0.02555684,-0.99328422,0.1128407,0.99838421,-0.0310913,-0.04756213,-0.01434014,0.01231652,-0.0319672
0.04043238,0.11399043,0.99265871,-0.02823225,-0.99294406,0.11517314,0.9987833,-0.03268171,-0.0369288,-0.01751884,0.0066095,-0.04403195
0.02819773,0.11683606,0.99275085,-0.03135508,-0.99255367,0.11770345,0.99911049,-0.03444675,-0.02432437,-0.0204323,0.00260335,-0.06228261
0.02108117,0.11838095,0.99274436,-0.03296039,-0.99234288,0.119033,0.99923422,-0.03523059,-0.01701769,-0.01417004,0.01194268,-0.04388358
0.0058823,0.12201166,0.9925112,-0.03590834,-0.99186244,0.12214473,0.99933774,-0.03635792,-0.00145313,-0.00736989,0.0024175,-0.02146043
-0.00989220607,0.125958598,0.991986168,-0.0385586224,-0.991344938,0.125492666,0.999207365,-0.0370082199,0.0146633968,0.000938832702,-0.0108421445,-0.00180541619
-0.01779424,0.12786262,0.99163219,-0.03985957,-0.99109145,0.12707765,0.99904678,-0.03726478,0.02273238,0.00454789,-0.01182514,-0.00609024
-0.03378757,0.13147285,0.99074373,-0.04289969,-0.99058679,0.12998901,0.99850782,-0.03811058,0.03910981,-0.01757232,-0.01213509,-0.04888258
-0.0517764,0.13479247,0.98952012,-0.04611573,-0.9901148,0.13246049,0.99759331,-0.0387741,0.05748077,-0.01142966,-0.00773185,-0.04631199
-0.06131683,0.13630901,0.98876695,-0.04774223,-0.98989761,0.13350422,0.99697588,-0.03901988,0.0672051,-0.00249561,-0.0018484,-0.01801698
-0.0807146,0.13960615,0.9869119,-0.05068111,-0.98943645,0.13581832,0.99544784,-0.03905526,0.08693754,0.01345045,-0.00212318,0.005481
-0.09983201,0.14278142,0.98470649,-0.05314213,-0.98900303,0.13801674,0.99358408,-0.0385509,0.10632203,0.00810259,-0.01759988,-0.02419939
-0.10950414,0.14429333,0.98345728,-0.05422142,-0.98880119,0.13904005,0.99250634,-0.03809899,0.11610166,0.00542386,-0.01352537,-0.01749468
-0.129243653,0.146981,0.980659299,-0.0562030243,-0.98844982,0.140741498,0.990018836,-0.036926073,0.136011645,0.00815820973,-0.0151481628,5.13668638e-05
-0.14879416,0.14927531,0.97753619,-0.0574836,-0.98817442,0.14215006,0.9871959,-0.03504119,0.15561565,0.00841201,-0.01104909,0.02403766
-0.15835181,0.15028638,0.9758784,-0.0578519,-0.98806288,0.14277541,0.98568647,-0.03384767,0.16515595,0.01363951,-0.01101494,0.03101828
-0.17621022,0.15193344,0.97255646,-0.05812508,-0.98789835,0.14379892,0.98263489,-0.03119108,0.18290905,0.01671295,-0.01314747,0.04435604
-0.19212753,0.15304434,0.96936285,-0.05755517,-0.98782192,0.14455127,0.97968072,-0.02801956,0.19859639,0.01218569,-0.00458091,0.05766493
-0.19910412,0.15341336,0.96789557,-0.05706184,-0.98780952,0.14483167,0.97831562,-0.02639332,0.20543104,0.0126668,-0.00284368,0.06246605
-0.21103718,0.15401128,0.96526871,-0.05528067,-0.98780931,0.14552166,0.97591352,-0.02265021,0.2169785,0.00943109,-0.00833714,0.0530169
-0.22048697,0.15419898,0.96312423,-0.05286203,-0.98786276,0.14605804,0.97395647,-0.01870881,0.22596203,0.00726254,-0.01620716,0.04658193
-0.22439266,0.1540538,0.96224496,-0.05144212,-0.98792132,0.14616839,0.9731401,-0.01670081,0.22960714,0.0017288,-0.01584536,0.0399669
-0.230998812,0.153427096,0.960780728,-0.0482115062,-0.98808022,0.146195148,0.971758783,-0.0125497769,0.235642375,0.00291305501,-0.000681936741,0.0308597665
