0,1,2,3,4,5,6,7,8,9,10,11
0.39858272,0.05393749,0.91554489,-0.11223541,-0.98789706,0.10706169,0.91023893,-0.1454295,-0.38770487,,,
0.398372154,0.0529072796,0.915696687,-0.112210357,-0.988024936,0.105903181,0.910334246,-0.144939531,-0.387664853,-0.0023258212,-0.000192821026,-0.00452076364
0.39845752,0.0524489,0.9156859,-0.11218645,-0.98808003,0.10541305,0.91029982,-0.14473017,-0.38782382,-0.01484246,0.0070197,0.0061802
0.39835046,0.05178828,0.91577006,-0.11210089,-0.98817127,0.1046454,0.91035719,-0.14434418,-0.38783288,,,
0.398334737,0.0511628707,0.915812075,-0.112195606,-0.98822786,0.104008215,0.910352428,-0.144180177,-0.387905195,-0.0200550761,0.00939947367,0.000572073739
0.39809658,0.05116063,0.91591574,-0.11225981,-0.9882222,0.10399243,0.91044868,-0.14421956,-0.38766454,-0.0061159,-0.00766706,-0.00828843
0.397430595,0.0512442903,0.916200284,-0.112471998,-0.98819118,0.104059092,0.91071345,-0.144403143,-0.386973877,-0.0113723259,-0.000110208988,-0.000893918099
0.3963852,0.05137377,0.91664581,-0.11272133,-0.98815577,0.10412567,0.91113813,-0.14459941,-0.38589943,,,
0.395813224,0.0513913533,0.916891924,-0.112869605,-0.988140475,0.104109497,0.91136838,-0.144697146,-0.385318526,-0.000318835024,-0.00199282169,0.00999587309
0.394769613,0.0517242884,0.917322995,-0.113177855,-0.988072403,0.104419618,0.911782678,-0.145042344,-0.384206842,0.00261177355,-0.000689446926,0.0130054969
0.394160404,0.0522913706,0.917552852,-0.113370532,-0.987988268,0.105006962,0.912022339,-0.14541304,-0.383497603,0.0152827492,-0.000124633312,0.00917265937
0.39397365,0.05249604,0.91762133,-0.11342684,-0.98795913,0.10521892,0.91209598,-0.14553638,-0.38327538,0.00918307,0.00222045,0.01317882
0.39369503,0.05283943,0.91772114,-0.11347602,-0.9879168,0.10556137,0.91221012,-0.14569833,-0.38294181,0.01078671,-0.0030188,0.0109234
0.39355726,0.05296014,0.91777331,-0.11337835,-0.98792114,0.10562664,0.91228175,-0.14562575,-0.38279895,0.00122272,-0.00387472,0.00587165
0.39356039,0.05298911,0.91777031,-0.11326415,-0.98793601,0.10561045,0.91229459,-0.14551456,-0.38281068,-0.00528356,0.004255,0.01239466
0.39452247,0.05318758,0.91734572,-0.11290949,-0.98795218,0.10584027,0.91192299,-0.1453334,-0.38376402,-0.0042311,0.00351781,-0.00171874
0.39476453,0.0533063,0.91723459,-0.11281781,-0.98794833,0.10597108,0.91182948,-0.14531403,-0.38399295,,,
0.39462371,0.05339796,0.9172899,-0.11283441,-0.98793783,0.10605261,0.91188843,-0.14535274,-0.38383853,,,
0.39438793,0.053468233,0.917387183,-0.112827755,-0.987935044,0.106085025,0.911991224,-0.145345392,-0.38359689,-0.000902241794,0.00586289167,-0.0011692635
0.39434494,0.0537849,0.91738721,-0.1129269,-0.98788352,0.10646036,0.9119976,-0.14557979,-0.38349315,,,
0.39425,0.05385085,0.91742414,-0.11299048,-0.98786744,0.10654178,0.91203076,-0.14566429,-0.38338213,-0.00183169,0.00146478,0.00973325
0.39420406,0.05392016,0.91743973,-0.11298686,-0.9878606,0.10660698,0.912051,-0.14568354,-0.38332628,,,
0.39411827,0.05429142,0.91745476,-0.11292486,-0.98782908,0.10696592,0.91209581,-0.14576067,-0.38319064,0.00109538,-0.00454873,0.00255273
0.394222319,0.0546179105,0.917390639,-0.112822295,-0.987805291,0.107292271,0.912063502,-0.145799127,-0.383252712,-0.000698863179,0.00388044119,0.00421587145
0.39436926,0.0547588411,0.917319078,-0.112750765,-0.987797477,0.107439254,0.912008819,-0.145799169,-0.383382793,0.00580388447,0.000176727772,-0.00698239636
0.3943263,0.05485717,0.91733171,-0.11263298,-0.9878057,0.10748824,0.91204199,-0.14570724,-0.38333904,-0.00368692,0.00170022,0.00613842
0.39409639,0.05516001,0.91741231,-0.11257153,-0.98778419,0.10774896,0.9121489,-0.14573799,-0.38307267,,,
0.394053367,0.0553019362,0.917422221,-0.112497119,-0.987780132,0.107863114,0.912176646,-0.145711183,-0.38301667,-0.00181010878,0.00556129217,0.000634197437
0.39396136,0.05548416,0.91745085,-0.11253335,-0.98775498,0.10805871,0.91221203,-0.14581477,-0.38289359,0.00365082,-0.00232679,-0.00581703
0.39391239,0.05548077,0.91747202,-0.11260053,-0.98774539,0.10807481,0.91222483,-0.14587985,-0.38283798,-0.00843954,0.00463408,0.00564214
0.39390942,0.05549542,0.91747239,-0.11275813,-0.98771843,0.10815621,0.91220663,-0.14605622,-0.382814,0.00308154,0.00314802,0.00828611
0.39409639,0.05546532,0.91739392,-0.11287509,-0.98769975,0.10820515,0.91211141,-0.14619418,-0.38298823,0.00786342,-0.00399256,0.00194291
0.39423733,0.05541732,0.91733626,-0.11290177,-0.98769844,0.108189,0.91204719,-0.14622104,-0.38313085,0.00610277,-0.0033828,0.00114573
0.394565263,0.0551211469,0.917213059,-0.112828653,-0.987738722,0.107895926,0.911914378,-0.146059902,-0.383508028,0.000422653276,0.00420802832,0.00581827154
0.39513168,0.0546964,0.91699466,-0.11256107,-0.98782084,0.10742341,0.9117022,-0.14566429,-0.38416256,,,
0.39527249,0.05451761,0.91694468,-0.11245777,-0.98785582,0.10721149,0.91165397,-0.1454953,-0.38434135,-0.00828157,0.00824255,0.00266577
0.39546821,0.05448748,0.91686207,-0.11214547,-0.98790547,0.10708094,0.91160755,-0.14516904,-0.38457473,-0.00852986,0.00580591,-0.00466314
0.3953304,0.05447735,0.91692203,-0.11191783,-0.98794522,0.10695037,0.91169523,-0.14490066,-0.38446772,,,
0.39514065,0.05443478,0.91700642,-0.11187166,-0.98796124,0.10685258,0.91178322,-0.14480882,-0.38429399,0.00154516,-0.0041194,-0.00489529
0.39499385,0.05416295,0.91708574,-0.11181313,-0.98800482,0.10650995,0.91185399,-0.144613,-0.38419971,-0.00260025,0.00322455,0.0045658
0.39484701,0.05389102,0.91716495,-0.11175449,-0.98804821,0.10616721,0.91192473,-0.14441711,-0.38410526,0.00223628,-0.00289327,0.00665836
0.394844,0.0537747,0.91717305,-0.11178193,-0.98805733,0.10605295,0.91192266,-0.14439775,-0.38411738,,,
0.39488693,0.05350177,0.91717055,-0.11172618,-0.98809694,0.10574275,0.91191092,-0.1442284,-0.38420896,,,
0.394831769,0.0531347504,0.917215666,-0.111718125,-0.988141542,0.105334572,0.911935821,-0.144059049,-0.384213564,-0.00212379266,-0.000878930092,0.00768251857
0.395113529,0.0529515312,0.917104875,-0.111685066,-0.988162536,0.105171173,0.911817779,-0.143981474,-0.384522409,0.000888804207,-0.00327122211,0.00503735384
0.39534626,0.05250308,0.9170303,-0.11145871,-0.98824514,0.10463197,0.91174453,-0.14357688,-0.3848469,-0.00506655,0.00604576,0.00539413
0.3952023,0.05221624,0.91710878,-0.11124222,-0.98831459,0.10420711,0.91183343,-0.14320411,-0.38477544,,,
0.39510742,0.05215116,0.91715334,-0.11117553,-0.98833409,0.10409277,0.91188267,-0.14309284,-0.38470007,,,
0.39538589,0.05158957,0.91706519,-0.11090938,-0.98843468,0.10342223,0.91179447,-0.14260282,-0.38509141,-0.00966061,0.00309914,0.00538863
0.39543178,0.05152026,0.91704927,-0.11091303,-0.98844101,0.10335679,0.91177409,-0.14258328,-0.38514671,,,
0.39542869,0.05127271,0.91706442,-0.11081005,-0.98848485,0.10304594,0.9117879,-0.14236728,-0.38519363,,,
0.3954747,0.05102857,0.91705823,-0.11063998,-0.98853807,0.10271866,0.91178863,-0.14208594,-0.38529595,-0.00237166,0.00342745,0.00634713
0.39556955,0.05100638,0.91701855,-0.11061993,-0.98854202,0.1027022,0.91174992,-0.14206639,-0.38539475,,,
0.39571335,0.05090021,0.91696234,-0.11044568,-0.98857831,0.1025382,0.91170857,-0.14185027,-0.38557175,,,
0.39590609,0.05071002,0.91688974,-0.11011739,-0.98864739,0.10222654,0.91166466,-0.14143761,-0.38582739,-0.01749038,0.01328593,-0.00532859
0.39634343,0.05106133,0.9166813,-0.10997446,-0.98862281,0.10261805,0.9114919,-0.14148352,-0.38621868,-0.0094723,-0.00607562,-0.01307758
0.39578069,0.05133996,0.91690885,-0.10995323,-0.9886047,0.10281534,0.91173896,-0.14150941,-0.38562564,,,
0.39545026,0.05147584,0.91704375,-0.11000987,-0.98858629,0.10293046,0.91187545,-0.14158775,-0.38527376,0.00475229,-0.00249249,-0.00330983
0.39483177,0.05156181,0.91730543,-0.11015416,-0.98856515,0.1029805,0.91212605,-0.14170498,-0.38463717,,,
0.39473686,0.05162773,0.91734259,-0.11021773,-0.98854959,0.10306245,0.91215947,-0.14178997,-0.3845267,0.00316768,0.00108212,0.00376701
0.3947399,0.05170041,0.91733718,-0.11014689,-0.98855236,0.10311142,0.91216671,-0.14174403,-0.38452644,,,
0.395266594,0.0516656141,0.917112275,-0.109908356,-0.988583988,0.103061425,0.911967332,-0.141535043,-0.385075684,-0.00596678723,0.00437515974,4.17234842e-05
0.394850005,0.0518230772,0.917282822,-0.109555079,-0.988628288,0.103012482,0.912190271,-0.141167473,-0.384682336,-0.00504808594,-8.43405724e-05,-0.0014419381
0.39461721,0.05192188,0.91737743,-0.1094338,-0.98864007,0.10302903,0.91230558,-0.14104913,-0.38445235,,,
0.39428928,0.05186775,0.91752146,-0.10915844,-0.98869424,0.10280015,0.91248031,-0.14068821,-0.38416965,-0.00314531,0.00128669,0.00959388
0.39429816,0.05191068,0.91751526,-0.10877178,-0.98874897,0.1026851,0.9125227,-0.14028831,-0.3842155,-0.00570107,-0.00518894,0.00640532
0.39435005,0.05194292,0.91749111,-0.1085901,-0.98877229,0.10265193,0.91252188,-0.14011125,-0.38428188,-0.00610702,-0.00184178,0.01076569
0.39474159,0.05214525,0.91731127,-0.10822627,-0.98879881,0.10278144,0.91239584,-0.13984928,-0.38467655,,,
0.39489121,0.05218441,0.9172446,-0.10791013,-0.98884012,0.10271502,0.91236849,-0.13954124,-0.38485297,0.00777115,0.00681788,-0.00377166
0.39498899,0.05214747,0.91720459,-0.10773207,-0.98886979,0.10261618,0.9123472,-0.13934462,-0.38497465,0.00286561,0.00859123,0.00508253
0.3953254,0.05211358,0.91706161,-0.10749011,-0.98890489,0.10253285,0.91223007,-0.13910889,-0.38533753,-0.00331554,-0.00526935,0.01179206
0.39575667,0.05214515,0.91687374,-0.10731495,-0.98892057,0.10256376,0.91206364,-0.13898455,-0.38577586,0.00286644,-0.00732303,0.00955152
0.396043996,0.052151681,0.916749295,-0.107183755,-0.98893493,0.102562498,0.911954336,-0.138879896,-0.386071843,0.00691931415,-0.000894904137,0.0112727247
0.39689986,0.05189456,0.91639371,-0.10680129,-0.9890074,0.10226338,0.9116271,-0.13846035,-0.38699448,-0.00190169,0.00495869,0.00169364
0.39842644,0.051788578,0.915737055,-0.10615167,-0.989091986,0.102122439,0.9110369,-0.137895296,-0.388582993,-0.00605654716,-0.00036418438,-0.00353462808
0.39891347,0.0519546,0.91551561,-0.10560888,-0.98914733,0.10214961,0.91088686,-0.13743543,-0.38909739,,,
0.39896769,0.05192895,0.9154934,-0.10522562,-0.98920692,0.10196698,0.91090744,-0.13701489,-0.38919735,0.00521431,0.00771588,0.00152046
0.398921774,0.0518671653,0.915516923,-0.10509154,-0.98923474,0.101835481,0.910943032,-0.136837474,-0.389176498,0.00107221561,0.00634771585,0.000906611327
0.39897045,0.05173969,0.91550289,-0.10489387,-0.98927764,0.10162116,0.91094446,-0.13657448,-0.38926532,0.00276432,-0.01075971,0.01225809
0.39911369,0.05150282,0.91545382,-0.10458913,-0.98934717,0.10125811,0.91091676,-0.13616002,-0.38947534,0.00643357,-0.00297028,0.00526875
0.39920826,0.0513061,0.91542368,-0.10439516,-0.98939645,0.10097782,0.91089762,-0.13587698,-0.38961919,0.00745323,0.00455111,0.01146718
0.39925692,0.050829,0.91542906,-0.10384956,-0.98952919,0.10023654,0.91093865,-0.13508704,-0.38979784,0.00428129,0.00417191,0.00148948
0.39920826,0.05025718,0.91548182,-0.10335138,-0.9896659,0.09939743,0.9110166,-0.13429659,-0.38988864,,,
0.399113692,0.0500167076,0.915536196,-0.103110306,-0.989728872,0.0990192546,0.911085321,-0.133921159,-0.389857043,0.000936771045,-0.00742077827,0.00808546133
0.3990136,0.04932434,0.91561739,-0.10270646,-0.98986419,0.09808209,0.91117478,-0.13317591,-0.38990329,0.00141614,-0.00460154,0.00810251
0.39914574,0.04857714,0.91559977,-0.10246785,-0.98997669,0.09719295,0.91114379,-0.13261369,-0.39016738,-0.00482881,0.00606602,0.00273677
0.39963893,0.04739312,0.91544665,-0.10266294,-0.99006566,0.09607376,0.91090559,-0.13237726,-0.39080322,0.00717349,-0.00584304,-0.00287321
0.400228893,0.0464785446,0.915235747,-0.102985143,-0.990105369,0.0953156404,0.910610119,-0.132403761,-0.391482072,0.00521906419,-0.00412851572,-0.000872593373
0.40050055,0.04594638,0.91514378,-0.10303549,-0.99014924,0.09480427,0.91048498,-0.13226146,-0.39182112,0.00320139,0.00366813,-0.00284502
0.400948883,0.0448597886,0.915001408,-0.103112596,-0.990243422,0.0937320853,0.910278952,-0.131929946,-0.392411368,0.00594308507,0.000887095928,0.00414940435
0.40115903,0.04363785,0.91496839,-0.10312243,-0.99036323,0.09244671,0.91018525,-0.1314396,-0.39279309,-0.00440789,-0.00220662,0.00648579
0.401335453,0.0429957606,0.914921425,-0.103062001,-0.990434032,0.0917531242,0.910114319,-0.131117415,-0.393065057,-0.00860899035,-0.000270009041,0.0106375022
0.402767862,0.0414594843,0.914362702,-0.102929781,-0.990585397,0.0902551765,0.909496289,-0.130467037,-0.394708536,0.0110622393,0.0116500258,0.000317414291
0.403089937,0.0410908813,0.91423742,-0.102929483,-0.990617251,0.0899057223,0.909353639,-0.130342076,-0.395078398,0.000840796391,0.0156030059,0.00504351454
0.40350596,0.04087548,0.9140635,-0.10308371,-0.99061031,0.089804,0.9091516,-0.13046151,-0.39550351,,,
0.40398014,0.04123274,0.91383801,-0.10330575,-0.99053658,0.09036175,0.90891582,-0.13090908,-0.39589754,0.01081914,-0.01521522,-0.00730088
0.40422036,0.04144053,0.91372236,-0.10330198,-0.99051304,0.09062287,0.90880942,-0.13102094,-0.39610462,0.00978281,-0.00652045,-0.00327227
0.40517456,0.0418192,0.91328232,-0.10312382,-0.99048722,0.09110494,0.9084046,-0.13109457,-0.39700753,-0.00615989,0.01633376,-0.00257238
0.40576712,0.04304348,0.91296234,-0.10305943,-0.99036494,0.09249766,0.90814742,-0.13162189,-0.39742143,0.00288923,-0.0062626,-0.01777991
0.40592204,0.0435355,0.91287013,-0.10290466,-0.99033507,0.09298804,0.90809572,-0.13168449,-0.39751874,-0.018928,0.00617331,0.00553419
0.40618288,0.04464645,0.91270046,-0.10279199,-0.99023373,0.09418508,0.90799187,-0.13207467,-0.39762665,-0.02512332,0.01160389,0.01386508
0.40645773,0.04642665,0.91248928,-0.10262579,-0.99006827,0.09608727,0.90788769,-0.13270035,-0.39765634,-0.00340838,0.01130575,-0.01177552
0.406526283,0.0473766845,0.912409944,-0.102493012,-0.989986208,0.0970708084,0.907872039,-0.132977476,-0.397599709,0.000169804785,0.010700047,-0.0202118792
0.40614376,0.04938226,0.91247386,-0.10239466,-0.98979077,0.09914263,0.90805423,-0.13369862,-0.39694077,-0.00518674,0.00383872,-0.01236418
0.40514405,0.05139889,0.9128069,-0.1025131,-0.98956824,0.10122106,0.9084874,-0.13458377,-0.39564861,-0.02612637,0.01701325,0.01447025
0.40464584,0.05269711,0.91295384,-0.10271765,-0.98940111,0.102637,0.90868629,-0.13530811,-0.39494408,0.01608645,-0.02887881,-0.0113471
0.40377273,0.05433009,0.9132447,-0.10310562,-0.98917294,0.10443323,0.90903073,-0.13632795,-0.39379937,0.00809824,-0.01371187,0.01153427
0.40350257,0.0551948,0.91331219,-0.10324307,-0.98905744,0.10538529,0.90913502,-0.13681639,-0.39338868,0.01292234,0.00772542,0.00558306
0.40364763,0.05533593,0.91323956,-0.10317042,-0.98904961,0.10553033,0.90907889,-0.13681637,-0.39351848,0.00224595,0.00933069,0.00806349
0.40426855,0.05564235,0.91294623,-0.1029826,-0.98903153,0.1058821,0.90882422,-0.13682239,-0.39410409,-0.00152674,0.00696367,0.00696013
0.405034,0.05600294,0.91258487,-0.10263517,-0.98902866,0.10624683,0.9085227,-0.13669689,-0.39484238,0.00339106,-0.00365448,0.00357024
0.40550943,0.05612467,0.91236619,-0.10247638,-0.9890299,0.10638723,0.90832848,-0.13663701,-0.39530943,,,
0.40664024,0.05588852,0.91187727,-0.10211578,-0.98909183,0.10615821,0.90786345,-0.13628526,-0.39649739,,,
0.407953237,0.0553757754,0.911321869,-0.101770556,-0.989180144,0.105664358,0.907312945,-0.135851853,-0.397903488,-0.0166454408,0.00565904379,-0.000760916155
0.40870169,0.055169,0.91099905,-0.10172098,-0.98919869,0.10553977,0.90698166,-0.135802,-0.39867529,-0.01260755,-0.00613451,-0.01029574
0.41000741,0.05468324,0.91044147,-0.10169091,-0.98923687,0.10521127,0.90639555,-0.13572102,-0.40003367,-0.00803566,-0.00855118,-0.01970822
0.41102581,0.05416083,0.91001341,-0.10190845,-0.98924697,0.10490553,0.90590975,-0.13585694,-0.40108661,-0.01521703,0.00392622,-0.02358493
0.41139537,0.05392612,0.90986036,-0.10196918,-0.98925857,0.10473753,0.90573517,-0.13586625,-0.40147766,-0.01341332,0.01440138,-0.03608244
0.41175741,0.05338596,0.90972838,-0.10215848,-0.98928579,0.10429319,0.90554924,-0.13587996,-0.40189186,-0.01771496,0.00789684,-0.02977042
0.41019568,0.05269437,0.91047388,-0.10238008,-0.9893581,0.10338513,0.9062327,-0.13562252,-0.40043545,-0.01468746,-0.00540596,-0.01415733
0.40840599,0.05263708,0.91128141,-0.10272398,-0.98934357,0.10318355,0.9070018,-0.13575124,-0.39864668,-0.00118021,-0.00735563,-0.00258449
0.4068956,0.05251267,0.911964,-0.10300536,-0.98934111,0.10292662,0.90764851,-0.13581757,-0.39714941,0.0072643,0.0013532,0.00781967
0.40623231,0.05243502,0.91226415,-0.10320406,-0.9893314,0.10282158,0.90792303,-0.13591882,-0.39648687,0.00973307,-0.00219434,0.00370186
0.40518978,0.05224259,0.91273869,-0.10342551,-0.9893374,0.1025403,0.90836356,-0.13594874,-0.39546613,0.00775518,-0.00273621,0.01014641
0.404530646,0.0523973987,0.913022153,-0.103567721,-0.989309853,0.102662984,0.90864111,-0.136089947,-0.394779459,0.0117058409,-0.00627279282,-0.000740089221
0.40434497,0.05255788,0.91309521,-0.10358032,-0.98929313,0.10281221,0.90872235,-0.13615029,-0.39457178,0.00944488,0.00123924,0.0033067
0.40411872,0.05302025,0.91316858,-0.10353317,-0.9892517,0.10325592,0.90882831,-0.13627089,-0.39428573,0.0055469,0.00496441,-0.0033966
0.40398135,0.05327132,0.91321475,-0.10356498,-0.98922082,0.10351937,0.90888575,-0.13639697,-0.39410966,,,
0.40398394,0.0534745,0.91320174,-0.1036235,-0.98918898,0.10376526,0.90887794,-0.13654866,-0.39407522,-0.00830765,-0.00242996,-0.00356818
0.40469421,0.05391739,0.91286114,-0.10386114,-0.98909047,0.10446406,0.90853476,-0.1370868,-0.39467921,0.00344156,-0.00947201,-0.01191472
0.404696784,0.0542072874,0.912842769,-0.104005928,-0.989035132,0.104841461,0.908516988,-0.137370066,-0.394621295,0.00300192786,-1.13248825e-05,-0.00671207253
0.40460251,0.05427294,0.91288076,-0.10406952,-0.98901992,0.10492477,0.9085518,-0.13745589,-0.39451181,-0.00467584,0.00386959,-0.00221644
0.404091005,0.0546853534,0.913082691,-0.104111673,-0.988974981,0.105305948,0.908774586,-0.137615752,-0.393942539,0.00039908383,-0.00730794668,-0.0129649742
0.40306212,0.05497337,0.91351996,-0.10394937,-0.98898399,0.10537901,0.90924986,-0.13743411,-0.3929074,,,
0.40254719,0.05505204,0.91374233,-0.1038032,-0.98900621,0.10531689,0.90949473,-0.13724439,-0.3924071,0.00518713,-0.00357759,0.00389667
0.401470776,0.0551908202,0.914207374,-0.103420192,-0.989066442,0.105126663,0.910013963,-0.136752787,-0.39137336,0.0130049773,-0.000298023224,0.0114006866
0.40063083,0.0552445,0.91457251,-0.10288492,-0.9891549,0.10481862,0.91044469,-0.13608929,-0.39060202,0.00626744,0.00342387,0.01223486
0.400257837,0.0552599497,0.914734901,-0.10260689,-0.989201072,0.104655907,0.91064012,-0.135747451,-0.390265368,0.00651502609,-0.000518500805,0.0126105826
0.39983852,0.05521355,0.9149211,-0.1021947,-0.98927493,0.10436174,0.91087069,-0.13522793,-0.38990769,0.00262798,-0.00416547,0.01352164
0.399794894,0.0550936389,0.914947343,-0.101859259,-0.989338884,0.104081495,0.910927352,-0.134807111,-0.389920745,-0.000136108138,0.000248908997,0.00880361442
0.399889421,0.0549844377,0.914912611,-0.101752098,-0.989365584,0.103932653,0.910897845,-0.134655848,-0.390041972,0.000690902118,0.00108593702,0.00798241608
0.39992803,0.05439187,0.91493123,-0.10166538,-0.98944505,0.10326088,0.91089065,-0.13431375,-0.39017709,,,
0.3997801,0.05409033,0.91501374,-0.10172163,-0.98947316,0.1029353,0.91094929,-0.13422817,-0.39006955,0.00443338,-0.00228721,0.00254383
0.39933593,0.05327264,0.91525559,-0.1019769,-0.98953436,0.10208968,0.91111551,-0.134103,-0.389724,-0.00457139,0.00508028,0.00791076
0.39893978,0.05276413,0.91545778,-0.10246861,-0.98952502,0.10168708,0.91123388,-0.13437271,-0.38935418,0.00177099,-0.00527954,-0.00238752
0.39878883,0.05256448,0.91553508,-0.10276951,-0.98950539,0.10157575,0.91126612,-0.13459636,-0.3892017,-0.01351826,0.01055354,0.01832666
0.39892158,0.05264851,0.91547243,-0.10335776,-0.9894068,0.10193911,0.91114149,-0.13528689,-0.38925416,0.00466048,0.00527376,0.00481724
0.39910019,0.05261945,0.9153962,-0.10390615,-0.98932531,0.10217075,0.91100084,-0.13589166,-0.38937241,0.00364779,0.0041098,-0.00532848
0.39914081,0.0525358,0.9153833,-0.10418239,-0.98929273,0.10220497,0.91095149,-0.136161,-0.38939378,-0.00447358,0.00796002,-0.00604068
0.39894089,0.05268187,0.91546203,-0.10489813,-0.98917236,0.10263627,0.9109569,-0.13697606,-0.389095,-0.00481706,-0.00408882,-0.00490323
0.39846242,0.05317051,0.91564213,-0.10566242,-0.98901015,0.10341232,0.91107797,-0.13795489,-0.38846518,0.00517431,-0.01473802,-0.00973332
0.39822174,0.05331301,0.9157386,-0.10601499,-0.98894487,0.10367708,0.9111423,-0.13836849,-0.38816739,0.00447513,-0.00365835,-0.0020521
0.39769148,0.05346379,0.91596017,-0.106657,-0.98883903,0.10402599,0.91129891,-0.13906381,-0.38755049,0.00287398,-0.00231701,-0.00364254
0.39716076,0.05348369,0.91618928,-0.10716866,-0.98876784,0.10417731,0.91147034,-0.13956192,-0.38696798,-0.01905555,0.01055545,0.00806142
0.39697116,0.05370259,0.9162586,-0.10738273,-0.98871329,0.10447303,0.91152769,-0.13986313,-0.38672382,-0.01080337,-0.00251979,-0.00714105
0.396830429,0.0540558274,0.916298886,-0.107659815,-0.988633114,0.10494837,0.911556386,-0.140295273,-0.386500132,-0.000492332736,-0.000305473804,-0.00791373663
0.39673289,0.05426714,0.91632864,-0.10801159,-0.9885564,0.10530925,0.91155724,-0.14075376,-0.38633144,-0.00352764,0.00734752,0.00299586
0.39659491,0.05456206,0.91637086,-0.10808741,-0.98851319,0.10563653,0.91160829,-0.14094305,-0.38614191,,,
0.39646241,0.05522043,0.91638869,-0.10823823,-0.98841584,0.10638841,0.91164796,-0.14136729,-0.38589273,0.00298186,-0.00457352,0.0062866
0.3963298,0.05583508,0.91640882,-0.10834563,-0.98833003,0.10707457,0.91169288,-0.14172573,-0.38565516,0.00664108,-0.0025509,0.00276921
0.39637856,0.05592568,0.91638216,-0.10836503,-0.98831538,0.10718867,0.91166932,-0.14179107,-0.38568654,0.00347957,0.00545591,0.01141001
0.396957992,0.0563882512,0.916103012,-0.108262612,-0.988266666,0.107741528,0.91142941,-0.141948565,-0.386195622,-0.000230608857,-0.00162571669,0.0052221166
0.39763717,0.05701704,0.91576942,-0.10804046,-0.9882144,0.10843992,0.91115961,-0.1420599,-0.38679053,0.0043243,-0.004848,-0.00320872
0.39797527,0.05722967,0.91560927,-0.10789979,-0.98820487,0.10866653,0.91102866,-0.14204065,-0.38710593,-0.00233871,0.00531143,-0.00618797
0.39831831,0.05758768,0.91543767,-0.1076167,-0.98820017,0.10899033,0.91091224,-0.14192923,-0.38742077,-0.01234344,0.00360149,-0.01564288
0.39804722,0.05814794,0.91552015,-0.10745254,-0.98816389,0.1094797,0.9110501,-0.14195306,-0.38708766,-0.02315451,0.01238245,-0.00388373
0.397678533,0.0587448053,0.91564228,-0.107466558,-0.988097094,0.110067779,0.911209458,-0.142172518,-0.386631854,-0.000465082936,-0.00723487139,-0.0192655306
0.39561082,0.06000226,0.91645608,-0.10767955,-0.98795098,0.1111657,0.91208396,-0.14266193,-0.38438304,-0.00384386,0.0029276,-0.00570676
0.39518499,0.060203671,0.916626588,-0.107801307,-0.987915581,0.111362253,0.912254165,-0.142822236,-0.383919335,-0.00771751301,0.000737845898,0.00368242897
0.39399937,0.06062604,0.917109,-0.10813012,-0.98783522,0.11175524,0.91272795,-0.1431986,-0.38265088,0.00592843,-0.00840086,0.00331895
0.39252237,0.06070817,0.9177367,-0.10840164,-0.98781087,0.1117077,0.91333194,-0.14333193,-0.38115695,0.00436587,0.00157267,0.01627284
0.39181002,0.06084502,0.91803198,-0.10845418,-0.98779951,0.11175658,0.9136315,-0.14335175,-0.38043076,0.01142616,0.00104994,0.01924519
0.39086301,0.06112374,0.91841707,-0.1084296,-0.98778752,0.1118864,0.91403996,-0.14331585,-0.37946191,0.0180741,0.00221139,0.01724913
0.390586933,0.0614359615,0.918513761,-0.10816369,-0.987796623,0.112065345,0.914189545,-0.143121095,-0.379175372,0.00647108583,-0.000225484371,0.0189241171
0.391124089,0.0616907262,0.918267986,-0.107639486,-0.98783695,0.112212091,0.914021653,-0.142730749,-0.379726363,0.00522721838,-0.000418484211,0.00699464139
0.39145609,0.06146799,0.91814144,-0.1074948,-0.98788037,0.11196805,0.91389654,-0.14252601,-0.38010418,-0.0048362,0.00370926,0.00348911
0.39155127,0.06144592,0.91810238,-0.1074744,-0.9878846,0.1119518,0.91385821,-0.14250737,-0.38020359,,,
0.39149768,0.06116675,0.91814385,-0.10755325,-0.98790724,0.11167523,0.91387187,-0.14246994,-0.38018464,0.00266404,-0.00236893,0.00757189
0.39144161,0.0607715,0.91819402,-0.10765955,-0.98793978,0.11128477,0.91388339,-0.14241384,-0.38017807,0.00645508,-0.00187069,0.00629536
0.39143672,0.0605392,0.9182115,-0.10771443,-0.98795958,0.11105684,0.91387907,-0.14237635,-0.38020276,-0.01077919,0.0127036,0.02353936
0.3920077,0.06045036,0.91797367,-0.10763556,-0.98797167,0.11102411,0.91364352,-0.14232892,-0.38078582,-0.00282435,0.00492138,0.01505203
0.393297793,0.0605295027,0.917416447,-0.107378068,-0.987977828,0.11121815,0.91311922,-0.142252261,-0.382069872,-0.000105304993,0.00661295652,-0.000887875503
0.39401161,0.06033447,0.91712294,-0.10712411,-0.98802748,0.11102138,0.91284126,-0.14198969,-0.3828309,-0.00698855,0.00109035,-0.00281721
0.39457895,0.05995479,0.91690401,-0.1068989,-0.98809803,0.11061274,0.91262268,-0.14166148,-0.38347366,-0.00852164,-0.00554544,-0.00376319
0.394717685,0.0596601817,0.916863466,-0.106822796,-0.988142601,0.110286447,0.912571555,-0.14147393,-0.383664296,-0.00590509502,-0.000659525394,0.000991248526
0.394756537,0.0590682315,0.916885008,-0.106735543,-0.988226204,0.109618243,0.912564901,-0.14113674,-0.383803973,-0.00511840265,0.000279664993,-0.00193518237
0.394839129,0.0582034868,0.916904742,-0.106592524,-0.988349674,0.108639739,0.912545882,-0.140630414,-0.384034957,-0.00641835574,2.5331974e-05,-0.00597496238
0.39488029,0.05777107,0.91691444,-0.10652096,-0.98841129,0.10815034,0.9125365,-0.14037704,-0.38415033,-0.01598253,0.00863355,0.00222854
0.3948238,0.05706965,0.91698264,-0.10632333,-0.98852491,0.10730164,0.91258394,-0.13986189,-0.38422526,-0.00528487,-0.00403625,-0.00717708
0.394623667,0.0563866823,0.917111085,-0.106213081,-0.988625126,0.106485997,0.912683396,-0.139431088,-0.384145907,-0.00353111699,0.000729739666,-0.00603001751
0.3944286,0.0561107391,0.917211874,-0.106221568,-0.988659138,0.106160006,0.912766682,-0.139300227,-0.383995227,-0.00997654442,0.000488579273,-0.00573857035
0.39390237,0.05588255,0.91745191,-0.10619994,-0.98869805,0.10581849,0.91299641,-0.13911549,-0.38351572,0.00170692,-0.01070148,-0.00610131
0.39319092,0.05597448,0.91775147,-0.10620716,-0.98869893,0.10580381,0.91330221,-0.13907288,-0.38280254,-0.00380416,0.00484103,0.00203556
0.39285952,0.05610962,0.9178851,-0.10626417,-0.98868042,0.10591889,0.91343816,-0.13914955,-0.38245003,,,
0.3922401,0.05615065,0.91814747,-0.10636555,-0.98867114,0.10590386,0.91369253,-0.139199,-0.38182394,0.00495236,-0.00465953,0.00100174
0.39157396,0.05626068,0.91842506,-0.10646319,-0.98865536,0.10595382,0.91396687,-0.13926722,-0.38114201,0.00302956,-0.00247693,0.00877308
0.39124211,0.05630807,0.91856348,-0.1064329,-0.98866008,0.10593777,0.91411241,-0.1392127,-0.38081229,-0.00179176,0.00400203,0.01410967
0.39087162,0.05677349,0.91869259,-0.10631725,-0.98863056,0.1063298,0.91428439,-0.13923417,-0.38039156,0.0127056,-0.00187492,0.0060715
0.39088186,0.0570632973,0.918670313,-0.106033691,-0.988640063,0.106525384,0.914312977,-0.139048845,-0.380390827,0.00648700725,0.00521975756,0.000870248768
0.390935809,0.0572115388,0.918638117,-0.105824554,-0.988653647,0.106606726,0.914314123,-0.138890857,-0.380445686,0.00358596258,0.00370293856,-0.000900378043
0.39099471,0.05741709,0.91860026,-0.10538622,-0.98869536,0.10665517,0.9143396,-0.13850941,-0.38052371,-0.00435805,-0.00213283,-0.00496559
0.39119011,0.05729889,0.91852438,-0.10498576,-0.98876598,0.10639302,0.91430202,-0.13805188,-0.38077979,,,
0.391190106,0.0571674227,0.918532601,-0.10485489,-0.988801038,0.106196993,0.91431707,-0.13785585,-0.38081485,0.00502099423,0.000905692577,0.00609239191
0.3910949,0.05688236,0.9185908,-0.10456952,-0.98887842,0.10575584,0.91439044,-0.13741717,-0.38079702,,,
0.391187623,0.0565248,0.918573391,-0.104358346,-0.988949597,0.10529792,0.914374903,-0.137052046,-0.380965892,0.00524929632,0.00197166204,-0.000572656165
0.39128034,0.05629892,0.91854779,-0.10427816,-0.98898593,0.10503626,0.9143444,-0.1368831,-0.38109991,0.00340009,0.0044145,0.00279709
0.39141687,0.05571208,0.91852549,-0.1040541,-0.98908423,0.10433295,0.91431157,-0.13641401,-0.38134726,-0.0041858,0.00624412,0.00250089
0.3917462,0.05532939,0.91840815,-0.1038935,-0.98914579,0.10390666,0.91418872,-0.13612167,-0.3817457,,,
0.39178999,0.05505615,0.91840592,-0.10383706,-0.98918441,0.10359581,0.91417639,-0.13595237,-0.38183568,,,
0.39168975,0.05445007,0.91848477,-0.10351827,-0.98930136,0.10279383,0.91425546,-0.13534325,-0.38186256,-0.00334288,0.00311261,0.00288371
0.3915869,0.05368332,0.91857374,-0.10318274,-0.98943794,0.10181144,0.91433743,-0.13464899,-0.38191165,-0.00638337,-0.00320566,0.00283897
0.391581745,0.0531867946,0.918604837,-0.102974684,-0.989523546,0.101188875,0.91436311,-0.134216761,-0.382002409,-0.000466350961,-0.00713771582,-0.00158477749
0.39157135,0.05210516,0.91867125,-0.10247042,-0.98971576,0.09981131,0.91442421,-0.13321988,-0.38220503,-0.00764231,0.0012688,0.00342636
0.391658632,0.0512058012,0.91868464,-0.102006332,-0.989879024,0.0986619396,0.91443874,-0.132353451,-0.382471334,0.00378046371,0.000973522663,0.00408065645
0.39179475,0.05070576,0.91865434,-0.10186897,-0.98995034,0.09808685,0.91439575,-0.13201229,-0.382692,0.00555838,-0.00230414,0.00749369
0.39187653,0.04966069,0.91867658,-0.10154622,-0.99010653,0.09683817,0.91439664,-0.13123674,-0.38295671,0.01180916,-0.00397897,0.00535099
0.39214563,0.04841115,0.91862841,-0.10116675,-0.99028738,0.09537376,0.91432329,-0.13033505,-0.38343927,0.00241717,-0.00203329,0.00675285
0.392422721,0.047775807,0.918543357,-0.100969234,-0.990377174,0.0946484351,0.914226252,-0.129886815,-0.383822638,0.00325730303,0.000113248825,0.0104166605
0.3931291,0.04688101,0.91828736,-0.10045013,-0.99053209,0.09357312,0.91397991,-0.1290284,-0.38469778,-0.01178304,0.00818878,0.02250048
0.39370478,0.0470729,0.91803089,-0.10036558,-0.99051619,0.09383222,0.91374138,-0.12908089,-0.38524647,-0.00207871,0.00732416,0.01218747
0.39390302,0.04751202,0.91792317,-0.10037629,-0.99046666,0.09434078,0.91365472,-0.12929885,-0.38537867,0.0130754,-0.00989854,-0.0116347
0.394622026,0.0478615345,0.917596228,-0.100379428,-0.990419983,0.0948292457,0.913344149,-0.129529491,-0.386037336,8.19636043e-05,0.00402313471,-0.0088160336
0.3951617,0.04880857,0.917314,-0.10040017,-0.99031045,0.09594309,0.91310846,-0.13001152,-0.38643238,0.00132776,-0.01236892,-0.02458662
0.395359581,0.0492029929,0.917207597,-0.10036619,-0.990270803,0.0963849606,0.913026472,-0.130163352,-0.386574641,-0.0124609135,-0.000829577446,-0.0142205413
0.39532649,0.04998692,0.91717951,-0.10035732,-0.99018996,0.09722246,0.91304182,-0.1304803,-0.38643175,-0.01599037,0.00162333,-0.01130538
0.39486998,0.05095519,0.91732292,-0.10030959,-0.99010076,0.09817701,0.91324463,-0.13078344,-0.38584985,-0.0257168,0.00956613,0.00595696
0.39459538,0.05161813,0.91740395,-0.10039147,-0.99002183,0.09888456,0.91335425,-0.13111892,-0.38547597,-0.00431031,-0.0042336,-0.01402261
