0,1,2,3,4,5,6,7,8,9,10,11,12,13,14
-0.737825658,0.126250911,-0.663078988,5.77765987e-06,-0.982350808,-0.187047032,-0.674991138,-0.138011955,0.724803161,0.00483760843,0.00167179096,0.00682446593,,,
-0.737916117,0.126268991,-0.662974967,-5.97211677e-05,-0.982353956,-0.18703086,-0.674892333,-0.137973505,0.724902496,0.0,0.0,0.0,0.0,0.0,0.0
-0.737853888,0.126264489,-0.663045063,-6.21926997e-05,-0.982359304,-0.187002693,-0.674960349,-0.137939443,0.724845646,-0.00616326416,0.00717353774,0.000636747456,,,
-0.737888028,0.126227265,-0.663014281,-2.04074913e-05,-0.982359395,-0.187002731,-0.67492315,-0.137973546,0.724873811,-0.00153266103,0.00679731322,-0.00347304437,,,
-0.737995907,0.125923947,-0.662951773,7.11463542e-05,-0.982419866,-0.186684316,-0.674805075,-0.137819441,0.725013027,0.00419415953,-0.0032457707,-0.000396651012,,,
-0.738092046,0.125806713,-0.662866891,2.92968571e-05,-0.982455798,-0.186494711,-0.674699818,-0.137669709,0.725139409,0.0,0.0,0.0,0.0,0.0,0.0
-0.738086641,0.125857559,-0.662863843,-8.03897143e-05,-0.982464649,-0.186450433,-0.674706302,-0.137563241,0.725153666,0.00216578972,0.00578570319,-0.00531673338,,,
-0.738052234,0.125866564,-0.662899942,-0.000150842515,-0.982478043,-0.186377768,-0.674743435,-0.137456551,0.725139274,0.00295267347,0.00444626762,0.000710635388,,,
-0.737921926,0.126020975,-0.66301561,-0.000150764528,-0.982442021,-0.186567339,-0.674885889,-0.137572194,0.724984751,-0.00511963852,0.00336980796,0.00433421461,,,
-0.737888098,0.126086402,-0.663041097,-0.00016380023,-0.98242843,-0.186640008,-0.674923144,-0.137610823,0.724942777,-0.0040688375,0.00197744346,0.00546046859,,,
-0.737797557,0.126040101,-0.663150457,-0.000127026761,-0.982439004,-0.186583595,-0.67502194,-0.137576694,0.724857237,0.00162392668,0.000341176958,-0.00718737533,,,
-0.737775382,0.125862954,-0.663208959,-6.40922481e-05,-0.982477419,-0.186382013,-0.675046371,-0.137465543,0.7248556,-0.00130479643,0.00469922973,-0.00329177175,,,
-0.737837322,0.125839308,-0.663144164,-9.03104184e-05,-0.982485558,-0.186337585,-0.6749783,-0.137426971,0.724926247,0.0,0.0,0.0,0.0,0.0,0.0
-0.737769484,0.125885554,-0.663211183,-0.000202553055,-0.982499546,-0.186265044,-0.675052742,-0.137286325,0.724883625,0.00209857989,-0.00385320163,0.00274514756,,,
-0.737604955,0.126020767,-0.663368317,-0.00030161504,-0.982490964,-0.186309468,-0.675232305,-0.137222721,0.724728384,-0.00338883256,0.0056998725,0.00168644683,,,
-0.737604955,0.126020767,-0.663368317,-0.00030161504,-0.982490964,-0.186309468,-0.675232305,-0.137222721,0.724728384,0.0,0.0,0.0,0.0,0.0,0.0
-0.737813954,0.126070592,-0.663126386,-0.000500607844,-0.982505472,-0.18623252,-0.675003813,-0.137073001,0.724969529,0.0,0.0,0.0,0.0,0.0,0.0
-0.737876374,0.126047046,-0.663061674,-0.0005268105,-0.982514062,-0.186188212,-0.674935822,-0.137034558,0.725040133,0.0,0.0,0.0,0.0,0.0,0.0
-0.737848267,0.125948885,-0.663111678,-0.000544880505,-0.98254694,-0.186014884,-0.674966608,-0.136889417,0.725038903,0.0,0.0,0.0,0.0,0.0,0.0
-0.737751494,0.126009621,-0.663207153,-0.0005604904,-0.982538046,-0.186059159,-0.675071728,-0.136893755,0.724940115,-0.00315795816,0.00721669151,-0.00685514975,,,
-0.737745701,0.126116788,-0.663193352,-0.000612821376,-0.982519017,-0.186159965,-0.675078137,-0.136932333,0.724926879,-0.00264714565,0.0106179705,-0.00713435654,,,
-0.737942776,0.126465555,-0.662907556,-0.000830496263,-0.982453899,-0.186502229,-0.674862412,-0.137077477,0.725100277,0.0,0.0,0.0,0.0,0.0,0.0
-0.737942776,0.126465555,-0.662907556,-0.000830496263,-0.982453899,-0.186502229,-0.674862412,-0.137077477,0.725100277,0.0,0.0,0.0,0.0,0.0,0.0
-0.737903058,0.126581743,-0.662930007,-0.000953327443,-0.982448755,-0.186530417,-0.674906084,-0.137009371,0.725072561,-0.0006929019,0.00234198547,-0.00690891128,,,
-0.737846871,0.12647003,-0.663013985,-0.000903391819,-0.982473348,-0.18640159,-0.6749677,-0.136936848,0.725028922,-0.00475580804,-0.00221490837,0.00856559537,,,
-0.737784447,0.126465448,-0.66308405,-0.000905862593,-0.982478477,-0.186373439,-0.675035663,-0.136902775,0.724972041,0.0,0.0,0.0,0.0,0.0,0.0
-0.737722447,0.126432677,-0.663159571,-0.000937047348,-0.982497776,-0.186272715,-0.675103667,-0.136796128,0.724928892,0.0,0.0,0.0,0.0,0.0,0.0
-0.737665818,0.12629272,-0.663248813,-0.000915908956,-0.982535668,-0.186071163,-0.675165165,-0.136650889,0.724898949,-0.00303147919,0.00437378837,-0.00444251066,,,
-0.737768226,0.126011958,-0.663188564,-0.000962805352,-0.982618233,-0.185635468,-0.675053448,-0.136317424,0.725065796,0.0,0.0,0.0,0.0,0.0,0.0
-0.737824575,0.126123729,-0.663104671,-0.00101263422,-0.982593851,-0.185764414,-0.674991833,-0.136390058,0.725109505,-0.00490552839,-0.0020792482,-0.000595093647,,,
-0.73779046,0.12616092,-0.66313549,-0.00105445,-0.98259376,-0.1857644,-0.675029,-0.13635596,0.72508131,,,,,,
-0.73758595,0.12646853,-0.66330433,-0.00121899,-0.98255233,-0.18598226,-0.67525213,-0.13636934,0.72487099,,,,,,
-0.73758595,0.12646853,-0.66330433,-0.00121899,-0.98255233,-0.18598226,-0.67525213,-0.13636934,0.72487099,,,,,,
-0.737551616,0.12650571,-0.663335105,-0.00126080214,-0.982552031,-0.185982245,-0.675289247,-0.136335213,0.72484279,-8.01216811e-05,0.00132119644,0.0061344672,,,
-0.73742141,0.12660362,-0.6634615,-0.00131816,-0.98254379,-0.18602671,-0.67543164,-0.13630554,0.72471574,-0.00504505,-0.00114506,0.001687,,,
-0.737387063,0.126668976,-0.663486884,-0.00133121337,-0.982529783,-0.18609929,-0.675468802,-0.136344008,0.724673816,-0.00805695914,-0.000167727456,-0.00182623253,,,
-0.737312998,0.12685044,-0.663534744,-0.00146713827,-0.982510677,-0.186200012,-0.675549583,-0.136314206,0.72460415,-0.00435928628,-0.00279605365,-0.000632828276,,,
-0.73732899,0.12702188,-0.66348386,-0.00169726,-0.98250782,-0.18621187,-0.67553128,-0.13617336,0.72464765,,,,,,
-0.73735126,0.12711439,-0.66344155,-0.00184629,-0.98251076,-0.18619561,-0.67550674,-0.13606669,0.72469059,-0.00194433,0.00313282,-0.00396755,,,
-0.73721286,0.12769937,-0.66348333,-0.00245807,-0.98247765,-0.18636438,-0.67565614,-0.13575932,0.724609,-0.00905253,-0.00231081,-0.00225362,,,
-0.73720076,0.12785719,-0.66346641,-0.00262019,-0.98246659,-0.1864206,-0.67566876,-0.135691,0.72461003,-0.00711514,-0.0044136,-0.00186957,,,
-0.737226454,0.128278875,-0.663356411,-0.00316160895,-0.982455205,-0.186472043,-0.675638366,-0.135374845,0.724697493,-0.0118967788,-0.00161606062,0.000117160147,,,
-0.737364254,0.128811277,-0.663100198,-0.00391771032,-0.982449147,-0.186490277,-0.675484174,-0.134913406,0.724927268,-0.000209335412,-0.00738376332,-0.00386063266,,,
-0.73759713,0.12996384,-0.66261586,-0.0055819,-0.98244278,-0.18648036,-0.67521791,-0.13384873,0.72537251,,,,,,
-0.737679572,0.130572593,-0.66240423,-0.00682473384,-0.98251229,-0.18607176,-0.675116278,-0.13274063,0.72567065,-0.00365673169,-0.000457644433,0.00345401024,,,
-0.73767556,0.13081135,-0.66236172,-0.00747086,-0.98257233,-0.18573016,-0.67511395,-0.1320602,0.72579697,-0.00487468,-0.00402075,-0.00528712,,,
-0.73787441,0.13136759,-0.66203014,-0.00893376,-0.98269049,-0.18503944,-0.6748789,-0.13062145,0.72627577,-0.01102241,-0.00728297,-0.01512563,,,
-0.73852102,0.13201699,-0.66117933,-0.01072429,-0.98281902,-0.18425968,-0.67414508,-0.12898898,0.7272484,-0.01309644,-0.00163251,0.0011978,,,
-0.73892981,0.13238618,-0.66064879,-0.01173996,-0.9828884,-0.18382812,-0.67368026,-0.12808008,0.72783956,0.00164413,0.00488853,0.00716639,,,
-0.739351973,0.132421532,-0.660168885,-0.0156878515,-0.983591379,-0.179726497,-0.673136175,-0.12252453,0.729297876,-0.00280778669,0.0113387099,-0.000839088112,,,
-0.73948266,0.13138412,-0.66022979,-0.01731762,-0.98415738,-0.17644854,-0.67295264,-0.11904705,0.73004281,-0.00397909,0.00720906,-0.0039309,,,
-0.73946898,0.13120274,-0.66028137,-0.01782577,-0.98429607,-0.17562321,-0.6729546,-0.11809789,0.73019518,-0.01341389,0.01892698,-0.0042525,,,
-0.73994343,0.13052197,-0.65988476,-0.0190251,-0.98466283,-0.17342821,-0.67240012,-0.11577267,0.73107783,-0.01280543,0.0074079,-0.00378519,,,
-0.74069189,0.12979327,-0.65918858,-0.02036571,-0.98504843,-0.17107082,-0.67153638,-0.11328589,0.73226037,0.0010625,-0.01051098,0.00346355,,,
-0.7410826,0.12941113,-0.65882426,-0.02101439,-0.98523902,-0.16988977,-0.67108497,-0.11205756,0.73286293,0.01848104,-0.01818919,0.00553444,,,
-0.741740502,0.128334869,-0.658293945,-0.0218950012,-0.985632281,-0.167479269,-0.670329297,-0.109812832,0.733893545,0.00154530117,0.00651764823,0.000560026267,,,
-0.74254868,0.12687044,-0.6576664,-0.02252841,-0.9860717,-0.16478707,-0.66941293,-0.10754626,0.73506469,-0.00539179,0.01005101,0.00277657,,,
-0.744508563,0.123736579,-0.656045983,-0.024501438,-0.987076345,-0.158366822,-0.667163212,-0.10183138,0.737918444,-0.000319202896,-0.00816762354,0.0137449736,,,
-0.744807807,0.123393537,-0.655770412,-0.0250248523,-0.987227103,-0.157339751,-0.666809234,-0.100777357,0.738382888,-0.00113728689,-0.000911295356,0.0151202185,,,
-0.74527064,0.122495,-0.65541294,-0.02587652,-0.98755217,-0.15514677,-0.66625937,-0.09866656,0.7391639,-0.00371927,0.00223863,-0.00254561,,,
-0.74570614,0.12152575,-0.65509826,-0.02671753,-0.98788842,-0.152848,-0.665739,-0.09647709,0.73992144,-0.02005464,0.0017283,-0.01951558,,,
-0.74609311,0.121289121,-0.654701141,-0.0272173662,-0.988002441,-0.152019393,-0.665284788,-0.0956014119,0.740443418,-0.0132379457,-0.000483870477,-0.0108826412,,,
-0.74695427,0.12130996,-0.65371513,-0.0285298,-0.98815674,-0.15077331,-0.66426322,-0.09397038,0.7415686,-0.00317524,0.01336229,0.01140093,,,
-0.7477519,0.1207889,-0.65289906,-0.03039088,-0.98850953,-0.14807211,-0.66328239,-0.09087902,0.74283072,0.01092126,0.01960015,0.00414871,,,
-0.74806336,0.11992225,-0.65270207,-0.03112206,-0.9887944,-0.14600409,-0.66289724,-0.08890687,0.74341296,-0.00941969,-0.00639939,-0.01851423,,,
-0.74867849,0.11931514,-0.65210748,-0.03160237,-0.98897518,-0.14466894,-0.6621794,-0.08770239,0.74419533,-0.00360754,-0.01507562,0.00978737,,,
-0.74907715,0.11909243,-0.65169044,-0.03176424,-0.98903441,-0.14422898,-0.66172084,-0.08733818,0.74464594,0.00853147,0.00223148,0.02152098,,,
-0.7494623,0.11821636,-0.65140692,-0.03218293,-0.98927077,-0.14250401,-0.6612642,-0.08583722,0.74522587,0.01043285,0.01966524,0.00475559,,,
-0.74951,0.11728628,-0.65152014,-0.0327232,-0.98954082,-0.14049175,-0.6611836,-0.08398016,0.74550892,-0.01596102,0.00512326,-0.0258245,,,
-0.75078318,0.11652397,-0.65018984,-0.03355034,-0.98977417,-0.13864163,-0.65969617,-0.08227571,0.74701518,0.00720707,-0.00625378,0.01107425,,,
-0.75152289,0.11582585,-0.64945941,-0.033965,-0.98995416,-0.1372477,-0.65883194,-0.08108591,0.74790743,0.00824261,-0.00398928,0.00724,,,
-0.75185884,0.11548505,-0.64913132,-0.03424363,-0.99005157,-0.13647436,-0.65843423,-0.08038085,0.74833367,-0.00493454,-0.00574076,-0.00676639,,,
-0.752689948,0.115203601,-0.648217397,-0.0348888735,-0.990167643,-0.135464395,-0.657449945,-0.0793471244,0.749308734,-0.00636517024,-9.7274773e-05,-0.00248599984,,,
-0.75392701,0.11515795,-0.64678628,-0.03563727,-0.99023608,-0.13476734,-0.65599073,-0.07855505,0.75066986,0.01701004,0.02468586,0.00253231,,,
-0.75442894,0.11458105,-0.64630349,-0.03575604,-0.99035781,-0.13383936,-0.65540715,-0.07786304,0.75125151,0.01662215,0.01733553,0.01351523,,,
-0.75507951,0.11233237,-0.6459383,-0.03546263,-0.99076825,-0.13084569,-0.65467339,-0.07589224,0.75209249,0.01383412,-0.01052505,0.00479803,,,
-0.75531431,0.11009521,-0.64604881,-0.03497635,-0.99115526,-0.12801404,-0.65442851,-0.07409443,0.75248475,-0.01896705,-0.00602847,-0.01728673,,,
-0.75578104,0.10910957,-0.6456703,-0.03485607,-0.99132589,-0.12672038,-0.65389608,-0.07326733,0.75302843,-0.01987911,-0.00554168,-0.03456996,,,
-0.757224006,0.107379874,-0.644267854,-0.0350400735,-0.991651331,-0.124094684,-0.652214457,-0.0713922978,0.754665091,0.000198770664,0.0124347201,-0.0091614835,,,
-0.75830539,0.10602688,-0.64321951,-0.03555851,-0.99194345,-0.12158906,-0.65092905,-0.0693297,0.75596612,0.02696985,0.00452602,0.01463208,,,
-0.75846409,0.10539112,-0.64313662,-0.03596422,-0.9921024,-0.12016299,-0.65072158,-0.06800942,0.75626458,0.02229682,-0.00924998,-0.0019629,,,
-0.75864282,0.1045686,-0.64305989,-0.03680348,-0.99233745,-0.11794648,-0.65046608,-0.06581244,0.75667862,-0.00639079,-0.01267791,-0.02591773,,,
-0.75947084,0.10440946,-0.64210806,-0.03789172,-0.99246051,-0.11656078,-0.64943692,-0.06419393,0.75770102,-0.00325542,0.00471401,-0.01379431,,,
-0.76007865,0.10429242,-0.64140728,-0.03844104,-0.9925247,-0.11583061,-0.64869291,-0.06338402,0.75840619,0.00937622,0.01617443,-0.00378078,,,
-0.76087699,0.10210249,-0.640813,-0.04003646,-0.99304854,-0.11068737,-0.64765986,-0.05856359,0.75967559,0.02984867,0.00771666,0.03034828,,,
-0.76037518,0.10112789,-0.64156251,-0.04018812,-0.99323648,-0.10893072,-0.64823933,-0.05704504,0.75929678,0.01671386,0.00114727,0.01281446,,,
-0.759462053,0.0992581878,-0.642934727,-0.0403335671,-0.993574635,-0.105747292,-0.649299972,-0.054379211,0.758585808,-0.000466844998,-0.0037231443,-0.0150102889,,,
-0.758891032,0.0978169085,-0.643829214,-0.040385006,-0.993820712,-0.103388682,-0.649964041,-0.0524597059,0.75815216,0.0088196313,-0.00687664701,-0.000540317502,,,
-0.75852592,0.09722995,-0.64434846,-0.0403946,-0.99392014,-0.10242664,-0.65038979,-0.05166506,0.75784158,0.01907559,-0.01908356,0.00362068,,,
-0.75738967,0.09637051,-0.64581233,-0.040487,-0.99407668,-0.10085785,-0.65170672,-0.05024169,0.75680521,0.01024371,-0.01343006,0.01281257,,,
-0.7559648,0.09578332,-0.64756645,-0.04069974,-0.99420035,-0.09954229,-0.65334546,-0.0488947,0.75547929,0.0126246,0.00992453,-0.00685601,,,
-0.75522443,0.09544417,-0.64848037,-0.0407698,-0.99426634,-0.09885661,-0.65419738,-0.0482205,0.75478515,0.01501328,0.02777767,-0.02213594,,,
-0.75397988,0.09485455,-0.65001285,-0.04082994,-0.99437339,-0.09774559,-0.65562719,-0.04715824,0.75361068,0.00354406,0.02500307,-0.04022998,,,
-0.753275547,0.0943398739,-0.65090394,-0.0408353271,-0.994458425,-0.0968757833,-0.656436157,-0.0463942833,0.752953613,-0.00712848501,-0.00014185904,-0.0210369918,,,
-0.75319432,0.09406339,-0.6510378,-0.0408678,-0.9945025,-0.09640743,-0.65652719,-0.04600705,0.75289798,-0.00103986,-0.0144763,-0.00296942,,,
-0.75296526,0.09349418,-0.65138449,-0.04110871,-0.99460514,-0.09523771,-0.65677469,-0.04493313,0.75274695,0.01883545,-0.00939733,0.01547073,,,
-0.75209021,0.09255977,-0.65252802,-0.04120676,-0.99475572,-0.09361002,-0.65777057,-0.04351462,0.75196032,0.01722839,0.01811933,0.00483271,,,
-0.751582622,0.0917999072,-0.653219809,-0.0409809975,-0.994854037,-0.0926593242,-0.658364564,-0.042871547,0.751477278,0.00681226794,0.0169131737,0.000878760125,,,
-0.75074961,0.08963,-0.65447788,-0.04030078,-0.99512125,-0.09005182,-0.65935626,-0.04123041,0.75069924,-0.0060083,-0.0115034,-0.01146368,,,
-0.75039419,0.08690377,-0.65525254,-0.03947013,-0.99544153,-0.08682068,-0.65981078,-0.03928685,0.75040404,-0.00517782,-0.01518589,-0.02238933,,,
-0.75033108,0.08562258,-0.65549389,-0.03913835,-0.99559103,-0.08524618,-0.65990276,-0.0383079,0.75037382,0.00234878,-0.00202674,-0.02443046,,,
-0.75010214,0.08316314,-0.6560722,-0.03861021,-0.99587657,-0.08209252,-0.66019398,-0.03624669,0.75022003,0.00791587,0.01776504,-0.00891814,,,
-0.74964376,0.08115978,-0.65684626,-0.03802001,-0.99609452,-0.07968584,-0.66074836,-0.0347627,0.74980205,0.01254039,0.01813555,-0.01532322,,,
-0.74940573,0.08045289,-0.65720499,-0.03767105,-0.9961633,-0.07899105,-0.66103854,-0.03443874,0.74956122,0.01364926,0.00631463,-0.01393454,,,
-0.74871194,0.079250618,-0.65814116,-0.0368343479,-0.996267738,-0.0780630673,-0.661871345,-0.0342045496,0.74883668,0.0158377606,-0.000728845538,-0.00313179079,,,
-0.74767725,0.07818205,-0.65944383,-0.03593372,-0.99635355,-0.07738361,-0.66308926,-0.0341617,0.74776038,0.005948,-0.00808018,-0.00583841,,,
-0.74718661,0.0776920563,-0.66005763,-0.0355209959,-0.996392668,-0.0770705176,-0.663664365,-0.0341401557,0.747250999,-0.000816115062,-0.00844746735,-0.0120746093,,,
-0.74633807,0.07695514,-0.66110307,-0.035022,-0.99645774,-0.07645449,-0.66464489,-0.03390775,0.74638959,-0.00744908,-0.01816064,-0.01343679,,,
-0.74570217,0.07694144,-0.66182189,-0.03477303,-0.99645038,-0.07666413,-0.66537136,-0.03415506,0.74573077,-0.00624801,-0.00581294,-0.00481271,,,
-0.74546211,0.07691198,-0.66209593,-0.03463333,-0.99644822,-0.07675771,-0.66564781,-0.03428937,0.74547787,-0.00360452,-0.00781012,-0.00690361,,,
-0.74489147,0.07688787,-0.6627405,-0.03423538,-0.9964337,-0.07712223,-0.66630672,-0.03475852,0.74486724,-0.00103471,-0.00794589,-0.01120337,,,
-0.7447634,0.0771261433,-0.662856676,-0.0341533867,-0.996402335,-0.0775619821,-0.66645402,-0.0351265271,0.744718173,-0.00304681831,-0.000954747142,-0.0117909098,,,
-0.74464784,0.07782571,-0.66290454,-0.03417345,-0.99632158,-0.07858184,-0.66658191,-0.03586208,0.74456861,-0.00679112,0.01043558,-0.00148832,,,
-0.74462189,0.07846074,-0.66285887,-0.034342,-0.99625526,-0.07934588,-0.66660228,-0.03631879,0.74452825,-0.00701377,0.00725102,-0.00784915,,,
-0.74470112,0.0787333,-0.66273768,-0.03447447,-0.9962294,-0.07961408,-0.66650707,-0.03644116,0.74460752,-0.00586257,0.00591361,-0.00428237,,,
-0.74494887,0.07936215,-0.66238441,-0.03473895,-0.99616662,-0.08028447,-0.66621668,-0.03679727,0.74484988,0.00341143,-0.00159138,0.00851893,,,
-0.74509721,0.08083372,-0.66203935,-0.03528403,-0.99601572,-0.0819009,-0.66602194,-0.03766472,0.74498064,-0.00592703,0.00438452,0.00866475,,,
-0.745081991,0.0818395616,-0.661932869,-0.0356455384,-0.995911135,-0.0830085411,-0.666019694,-0.0382532152,0.744952656,-0.00743231876,-0.00085514778,0.00280303229,,,
-0.7451664,0.0827696738,-0.661721978,-0.035844133,-0.995804403,-0.0841933126,-0.665914404,-0.0390191856,0.74500703,-0.00283814594,-0.0132288923,0.000181290437,,,
-0.74514465,0.08335347,-0.66167351,-0.03590254,-0.99573363,-0.08500455,-0.66593592,-0.03958492,0.744958,-0.00266668,-0.01036245,0.00217138,,,
-0.74496061,0.08491731,-0.66168165,-0.03610059,-0.99554347,-0.08711947,-0.66613084,-0.04101348,0.74470637,-0.00836021,-0.01390499,-0.00199886,,,
-0.7448481,0.08700804,-0.66153681,-0.03633598,-0.99527952,-0.08999126,-0.66624398,-0.04299223,0.74449354,-0.0102159,-0.00365549,-0.00147266,,,
-0.74489705,0.08808866,-0.66133846,-0.03646207,-0.99513893,-0.09148109,-0.66618218,-0.04403023,0.74448816,-0.00407755,-0.01027399,-0.00407108,,,
-0.74512699,0.0906659,-0.66073123,-0.03686566,-0.99480101,-0.0949326,-0.66590314,-0.04637853,0.74459525,-0.00442707,-0.00218075,-0.00205571,,,
-0.74534774,0.0933771,-0.66010413,-0.03729524,-0.99443209,-0.09855908,-0.66563189,-0.04884204,0.74468023,-0.00724766,0.00820994,0.00845842,,,
-0.74532659,0.09455354,-0.65996031,-0.03748331,-0.99426904,-0.10011867,-0.66564479,-0.04988362,0.74459962,-0.0124135,0.01358998,0.00647553,,,
-0.74502891,0.09647097,-0.66001898,-0.03772225,-0.99399615,-0.10270555,-0.66596452,-0.05162122,0.74419519,-0.00637887,0.01362598,-0.00751912,,,
-0.745221757,0.0970419802,-0.659717494,-0.0377198255,-0.993904355,-0.103591032,-0.665748851,-0.0523138715,0.744339771,6.95672352e-05,-0.00657552434,-0.00558229629,,,
-0.745353044,0.0975163684,-0.659499106,-0.0378125568,-0.993835248,-0.104217739,-0.665596518,-0.052741676,0.744445796,-0.0005591152,-0.00432294561,-0.0100307902,,,
-0.74547409,0.09880184,-0.65917116,-0.03813829,-0.99365524,-0.10580539,-0.66544263,-0.05373551,0.74451233,-0.00252636,0.00527453,-0.00766006,,,
-0.74556678,0.10004252,-0.65887919,-0.03842711,-0.99347695,-0.10736408,-0.66532222,-0.05472826,0.74454764,-0.00247109,0.00341749,-0.01174711,,,
-0.74560229,0.10060093,-0.65875397,-0.03851217,-0.99339218,-0.10811535,-0.6652775,-0.055241,0.74454973,-0.00421338,-0.01020282,-0.01303032,,,
-0.745503599,0.102068721,-0.658639657,-0.0387256693,-0.993168224,-0.110077319,-0.665375491,-0.0565567838,0.744363327,-0.00281149289,-0.000807106437,-0.00693779532,,,
-0.745513578,0.103594691,-0.658390231,-0.0392082763,-0.992952469,-0.111839905,-0.665336206,-0.057563819,0.744321266,-0.0101800766,-0.000206708894,-0.00729542971,,,
-0.745759034,0.104075907,-0.658036001,-0.0394607015,-0.992888595,-0.112315452,-0.665045883,-0.0577937152,0.744562837,0.00306619518,-0.000229597077,-0.00881406665,,,
-0.74617496,0.1052747,-0.65737367,-0.04004765,-0.99272798,-0.11352234,-0.66454428,-0.05838126,0.74496478,-0.00972976,0.00858664,-0.00420211,,,
-0.74644678,0.10624639,-0.65690837,-0.04061552,-0.99260521,-0.11438948,-0.66420425,-0.058705,0.74524251,-0.00346303,0.00808,0.00120881,,,
-0.74651459,0.10656489,-0.65677972,-0.04086335,-0.99257055,-0.11460172,-0.66411284,-0.05871365,0.74532328,0.00301723,0.00893199,-0.00564974,,,
-0.746765322,0.107181842,-0.656394438,-0.0415462586,-0.992519367,-0.114801015,-0.663788757,-0.0584586815,0.745631998,0.00334874098,0.000163793549,-0.0110146003,,,
-0.746919979,0.107883719,-0.656103152,-0.0422203439,-0.99245311,-0.115125677,-0.663571914,-0.0582887825,0.745838245,-0.0010998135,-0.000157594666,-0.00877457205,,,
-0.74704123,0.10826064,-0.65590301,-0.04257359,-0.99241607,-0.11531488,-0.66341285,-0.05822083,0.74598504,-0.00478038,-0.00763047,-0.00865511,,,
-0.747268874,0.109259248,-0.655477893,-0.0433560771,-0.992305059,-0.115976245,-0.663105649,-0.0582465064,0.746256114,0.00103120704,-0.00642520143,-0.000395583687,,,
-0.74728427,0.11078025,-0.65520517,-0.04424933,-0.99211301,-0.11727578,-0.66302947,-0.05864597,0.74629254,,,,,,
-0.747165753,0.111635695,-0.65519514,-0.044675237,-0.991999027,-0.118075809,-0.663134468,-0.0589512092,0.746175188,0.000546193216,-0.00711190654,0.00800276268,,,
-0.74689306,0.11349684,-0.6551863,-0.04545399,-0.99173509,-0.11998042,-0.66338869,-0.05983172,0.74587907,0.00326523,-0.00923932,0.01496735,,,
-0.74592539,0.11672145,-0.65572196,-0.04660216,-0.99125768,-0.1234354,-0.66439703,-0.06151555,0.74484388,-0.00676934,-0.00120503,0.01044316,,,
-0.7452804,0.11882018,-0.6560783,-0.04712014,-0.99091867,-0.12593531,-0.66508395,-0.06294263,0.74411124,-0.02925121,0.00217581,0.00682026,,,
-0.74540122,0.12083443,-0.65557316,-0.04767782,-0.99057947,-0.12837163,-0.66490898,-0.06443206,0.74414015,-0.03043681,-0.00186914,0.02737818,,,
-0.74567061,0.12189338,-0.65507063,-0.04799508,-0.9903968,-0.12965669,-0.66458408,-0.065241,0.74435989,-0.01822567,-0.00668257,0.03772979,,,
-0.74605846,0.12394982,-0.65424237,-0.0486036,-0.99003818,-0.13214357,-0.66410415,-0.0667883,0.74465091,-0.00722815,-0.01655334,0.03748275,,,
-0.74557199,0.12594541,-0.65441607,-0.04898718,-0.98968065,-0.13465784,-0.66462237,-0.0683391,0.74404765,-0.01083444,-0.00459123,0.03781155,,,
-0.74527089,0.126810005,-0.654592027,-0.0492298121,-0.989533549,-0.135646632,-0.664942047,-0.0688680319,0.743713183,-0.00330705289,0.000543832721,0.0364337936,,,
-0.74477755,0.12775897,-0.65496848,-0.04953908,-0.9893787,-0.1366576,-0.66547122,-0.069333,0.74319643,0.00873025,0.01718807,0.01369726,,,
-0.74431317,0.12743252,-0.65556006,-0.0493608,-0.98943848,-0.1362907,-0.66600417,-0.06908399,0.74274213,0.00451664,0.02287352,-0.01118926,,,
-0.744100875,0.127000468,-0.655884539,-0.0491403136,-0.98950965,-0.135851417,-0.666257365,-0.0688568003,0.742536079,-8.50986689e-05,0.0272195321,-0.0272429697,,,
-0.743867902,0.125994172,-0.656342897,-0.0486911235,-0.989676048,-0.134797909,-0.666550601,-0.0683137658,0.742323058,5.44614159e-05,0.0343747102,-0.0227877665,,,
-0.74358078,0.12478571,-0.65689882,-0.04828259,-0.98988717,-0.133387,-0.66690054,-0.06746724,0.74208614,0.01441749,0.02516818,-0.0259728,,,
-0.74337521,0.12410125,-0.65726066,-0.04815677,-0.99001685,-0.13246463,-0.66713838,-0.06681941,0.7419309,0.01483439,0.01416242,-0.03143281,,,
-0.74320163,0.1228416,-0.65769385,-0.04796777,-0.99025399,-0.13075181,-0.66734575,-0.06562686,0.7418509,0.01786189,0.01662087,-0.04221179,,,
-0.74319538,0.12173368,-0.65790677,-0.04795689,-0.99047179,-0.12909496,-0.66735339,-0.06439163,0.74195225,0.01350005,0.01924515,-0.03293024,,,
-0.74325347,0.12114419,-0.6579499,-0.04799037,-0.99058914,-0.12817864,-0.66728623,-0.06369397,0.74207285,0.01016552,0.01823628,-0.02226985,,,
-0.74335047,0.11975568,-0.65809455,-0.04802554,-0.99085896,-0.12606272,-0.66717569,-0.06210345,0.74230703,0.00188256,0.00387299,-0.01359728,,,
-0.7434853,0.11858221,-0.65815501,-0.04833017,-0.99110771,-0.12397531,-0.66700371,-0.06036508,0.74260496,0.004264,-0.0126223,-0.01677273,,,
-0.74346609,0.11817033,-0.65825062,-0.04850363,-0.99120084,-0.12315936,-0.66701237,-0.05963727,0.74265596,0.01071624,-0.01917803,-0.00672303,,,
-0.74296331,0.1184841,-0.65876176,-0.04905286,-0.99119945,-0.12295326,-0.66753229,-0.05903561,0.74223678,0.00205256,-0.00910205,0.02363362,,,
-0.74211765,0.11893574,-0.6596328,-0.04952674,-0.99117065,-0.12299411,-0.66843717,-0.05860666,0.74145599,0.00165502,0.00371695,0.02013631,,,
-0.74159094,0.11887471,-0.66023612,-0.04964431,-0.99120102,-0.12270301,-0.66901298,-0.05821847,0.7409671,-0.00428311,0.00400233,0.01649197,,,
-0.74036602,0.1180725,-0.66175301,-0.05023645,-0.99141849,-0.12068838,-0.67032415,-0.05610946,0.7399441,-0.01323925,-0.01894969,0.00107041,,,
-0.74010343,0.11819569,-0.66202461,-0.0504228,-0.99141553,-0.12063443,-0.67059999,-0.05590082,0.7397099,-0.0114318,-0.00888508,0.0061365,,,
-0.73957792,0.11858781,-0.66254148,-0.05064767,-0.99137067,-0.12090803,-0.6711625,-0.05586474,0.73920227,-0.00742302,0.00483108,0.01611171,,,
-0.73934641,0.118337215,-0.662844726,-0.0505666817,-0.991413206,-0.120593528,-0.671423739,-0.0556425368,0.738981773,-0.000239596004,0.00633072807,0.0110418107,,,
-0.73924615,0.11796658,-0.66302253,-0.05045183,-0.99147247,-0.12015323,-0.6715427,-0.05537212,0.73889398,-0.00445478,-0.00229573,0.01232292,,,
-0.73931615,0.11687716,-0.66313748,-0.05010223,-0.99163923,-0.1189174,-0.67149189,-0.05469289,0.73899075,-0.01103394,-0.01101136,0.01089176,,,
-0.73993803,0.11663434,-0.66248622,-0.04964953,-0.99163655,-0.11912897,-0.67084014,-0.05525593,0.73954058,-0.00762348,0.00581598,0.01651553,,,
-0.74013102,0.11678593,-0.66224393,-0.04934335,-0.99158099,-0.11971747,-0.67064984,-0.05592929,0.73966255,-0.00256436,-0.00282216,0.02191396,,,
-0.740138906,0.116765496,-0.662238969,-0.0492025393,-0.991572993,-0.119843136,-0.67065173,-0.0561167167,0.739646677,0.00324726873,0.00084757799,0.0197745804,,,
-0.740034189,0.116173108,-0.662459939,-0.0487455873,-0.991643198,-0.11944703,-0.67080044,-0.0561028891,0.739512833,0.00662091235,-0.000139236436,0.00956025161,,,
-0.7397167,0.115540201,-0.66292506,-0.048238882,-0.9917195,-0.119018528,-0.671187145,-0.0560612303,0.739165036,-0.000371246395,-0.00494307233,-0.00320822629,,,
-0.73915555,0.11550397,-0.66355683,-0.04768317,-0.99168772,-0.11950535,-0.67184459,-0.05669256,0.73851931,-0.00441867,-0.00621748,-0.0062105,,,
-0.73883858,0.11597868,-0.66382715,-0.04734957,-0.9915785,-0.12054083,-0.67221689,-0.05762829,0.738108,0.00298395,0.00387478,-0.00115467,,,
-0.7386876,0.11606409,-0.66398028,-0.04717512,-0.99155037,-0.12084051,-0.67239512,-0.05794004,0.73792124,0.00313943,0.00780415,-0.00139919,,,
-0.73855906,0.11594238,-0.66414436,-0.04672626,-0.99153562,-0.12113465,-0.67256749,-0.05843212,0.73772531,0.01139778,0.01099968,-0.00934792,,,
-0.73859667,0.11563604,-0.66415595,-0.04622949,-0.99154761,-0.12122709,-0.67256052,-0.05883434,0.7376997,0.01781864,0.0033505,-0.00751062,,,
-0.73854977,0.1155869,-0.66421674,-0.04595357,-0.9915332,-0.1214502,-0.67263101,-0.05917389,0.73760827,0.01617279,0.00132322,-0.0044601,,,
-0.73817297,0.11560679,-0.66463198,-0.04535003,-0.9914822,-0.12209148,-0.67308541,-0.05998355,0.7371282,0.01137984,0.01364684,0.00703191,,,
-0.7375371,0.11485687,-0.66546722,-0.04438242,-0.9915436,-0.12194728,-0.67384637,-0.06040562,0.73639812,0.01362729,0.01652539,-0.00524118,,,
-0.7373749,0.11414782,-0.66576897,-0.04388042,-0.99163098,-0.1214178,-0.67405679,-0.06031623,0.73621285,0.01801428,0.00194907,-0.01449658,,,
-0.7372138,0.11299139,-0.6661446,-0.043104,-0.99177433,-0.12052204,-0.67428312,-0.06013702,0.73602024,0.00673171,-0.00526601,-0.02153984,,,
-0.73740178,0.11262859,-0.66599813,-0.0427521,-0.99180561,-0.12039102,-0.67410012,-0.06030373,0.73617424,-0.00141314,-0.00510472,-0.01704196,,,
-0.73762267,0.11261904,-0.66575493,-0.04269072,-0.99179813,-0.12047333,-0.67386214,-0.06044231,0.7363807,-0.00270105,-0.00488007,-0.01592347,,,
-0.73831281,0.1126338,-0.66498719,-0.04254465,-0.9917712,-0.12074774,-0.67311536,-0.06085795,0.7370292,0.00283729,-0.00909614,-0.01300128,,,
-0.73914573,0.1127581,-0.6640399,-0.04253649,-0.99173388,-0.12105503,-0.67220088,-0.06123139,0.7378324,-0.00262391,-0.004345,-0.01007554,,,
-0.73953732,0.11298957,-0.66356435,-0.04256209,-0.99168738,-0.12142617,-0.67176838,-0.06155651,0.73819916,-0.00342917,-0.00133318,-0.01082252,,,
-0.74038676,0.1137987,-0.66247792,-0.04283223,-0.99154904,-0.12245627,-0.67081483,-0.06228961,0.73900434,-0.00328505,-0.0061053,-0.00755928,,,
-0.74129417,0.11523542,-0.66121401,-0.04319817,-0.99129996,-0.12433238,-0.66978883,-0.06360362,0.73982263,-0.0119227,-0.00423437,-0.00444571,,,
-0.74174276,0.11597752,-0.66058053,-0.04343802,-0.99117438,-0.12524455,-0.66927615,-0.06420494,0.74023451,-0.01102628,-0.00644791,0.00355828,,,
-0.74282255,0.11742575,-0.65910974,-0.04396298,-0.99092847,-0.12699529,-0.6680432,-0.06535855,0.7412466,-0.00385699,-0.00300628,-0.00505905,,,
-0.74374164,0.11906343,-0.65777828,-0.04437035,-0.99063268,-0.12914389,-0.66699298,-0.06686383,0.74205767,-0.01886077,0.00354195,0.00871947,,,
-0.744186332,0.119945471,-0.657114522,-0.0444689531,-0.990459487,-0.130430764,-0.666490002,-0.0678436135,0.742420553,-0.0166312139,0.0123968115,0.000937749865,,,
-0.74506248,0.12136135,-0.65586055,-0.04461373,-0.99017275,-0.13254144,-0.66550075,-0.06949128,0.74315521,-0.01348055,0.01138854,0.00352798,,,
-0.74583742,0.12232138,-0.65480072,-0.04473014,-0.98997332,-0.13398503,-0.66462449,-0.07064172,0.74383064,-0.00184287,0.00312662,0.01024415,,,
-0.745997297,0.122752567,-0.654537782,-0.0447866685,-0.989887351,-0.134599537,-0.66444116,-0.0710963321,0.743951098,0.000558675034,0.00259447074,0.0115274638,,,
-0.74592409,0.12361178,-0.65445958,-0.04480316,-0.98971328,-0.13586854,-0.66452231,-0.07202576,0.74378921,0.01145846,0.00687933,0.01748565,,,
-0.74426546,0.12394526,-0.65628207,-0.04454779,-0.9896535,-0.1363857,-0.66639634,-0.07227127,0.74208674,0.01446251,0.01488233,0.01878389,,,
