0,1,2,3,4,5,6,7,8,9,10,11
-0.11756892,0.65754546,-0.74418512,0.97832317,-0.05195096,-0.20046159,-0.17047375,-0.75162161,-0.63718413,0.00260085,0.01042402,0.00529431
-0.11762875,0.65863359,-0.74321274,0.97826553,-0.05183996,-0.20077124,-0.17076284,-0.75067591,-0.63822065,0.0134969,0.0115515,-0.01160732
-0.11780988,0.6587273,-0.74310091,0.97826963,-0.05158097,-0.20081766,-0.17061403,-0.75061145,-0.63833611,0.01283013,0.01017165,-0.01856242
-0.11780186,0.65846805,-0.74333195,0.97831606,-0.05145623,-0.20062349,-0.17035329,-0.75084747,-0.63812819,0.01415516,0.01160896,-0.01308525
-0.11772982,0.6572969,-0.74437902,0.97849532,-0.05106377,-0.19984764,-0.16937018,-0.75189956,-0.63715013,0.00140505,0.00590038,0.00218561
-0.11751182,0.65648106,-0.74513309,0.97874745,-0.05041826,-0.1987742,-0.16805992,-0.75265554,-0.63660436,,,
-0.117454209,0.656112548,-0.745466708,0.978897452,-0.0499118202,-0.198162516,-0.167224603,-0.753010576,-0.636404495,0.000419456861,-0.00239610672,0.0113187507
-0.11701179,0.65643521,-0.74525222,0.97908733,-0.04949909,-0.19732628,-0.16642131,-0.75275659,-0.63691537,0.00806221,-0.00669789,-0.00809415
-0.11640113,0.65712594,-0.744739,0.97923806,-0.04936532,-0.19661079,-0.16596236,-0.75216253,-0.63773652,0.00439931,-0.01176488,-0.02044785
-0.11615001,0.65739063,-0.74454472,0.97929364,-0.04934448,-0.19633944,-0.16581083,-0.7519327,-0.63804712,-0.00197391,-0.00407106,-0.01916472
-0.1155672,0.65748124,-0.74455535,0.97938923,-0.04958304,-0.19580165,-0.16565321,-0.75183773,-0.63819988,-0.00494888,-0.00709772,-0.01822741
-0.11552895,0.65706256,-0.74493081,0.97932002,-0.05005266,-0.19602827,-0.16608858,-0.75217257,-0.63769201,-0.00969316,-0.00297248,-0.01367693
-0.11556719,0.65688001,-0.74508583,0.97925519,-0.05034835,-0.19627615,-0.16644372,-0.75231224,-0.63743455,-0.01014183,-0.00221765,-0.01101502
-0.115497221,0.656478834,-0.745450155,0.979144593,-0.0510362199,-0.196649871,-0.167141435,-0.752616002,-0.636893159,-0.010219398,0.000169157982,-0.0162983015
-0.1152809,0.65613658,-0.74578499,0.97907436,-0.05169941,-0.19682662,-0.16770173,-0.75286924,-0.63644658,-0.01080475,0.00650799,-0.0107054
-0.11498427,0.65595674,-0.74598875,0.9791235,-0.05187646,-0.19653463,-0.16761753,-0.75301358,-0.63629766,-0.01238847,0.00510383,-0.01007274
-0.11420295,0.65519193,-0.74678056,0.97921711,-0.05258032,-0.19588043,-0.16760524,-0.75363043,-0.63557032,-0.00715478,-0.0024581,0.00167973
-0.114133025,0.655170497,-0.746810041,0.979191251,-0.0527845358,-0.195954724,-0.167803789,-0.753634779,-0.635512752,-0.00979140028,-0.00845384598,-0.00050026027
-0.11448137,0.65543996,-0.74652026,0.9789988,-0.05316544,-0.19681162,-0.16868727,-0.75337369,-0.63558848,-0.02162469,-0.00263643,-0.00471993
-0.114972054,0.655891593,-0.746047959,0.978854252,-0.0531121981,-0.197543323,-0.169191288,-0.752984216,-0.635915834,-0.0162273236,-0.000688791275,0.0048396457
-0.11523943,0.656260417,-0.745682308,0.978767051,-0.0530870664,-0.197981795,-0.169513715,-0.752664598,-0.636208343,-0.0166879334,3.09944153e-06,0.00121499854
-0.11552424,0.65717964,-0.74482823,0.97859425,-0.05327196,-0.19878487,-0.17031582,-0.75184908,-0.63695802,-0.00940423,-0.00146079,-0.00521898
-0.11566328,0.65794841,-0.74412747,0.97837873,-0.05384966,-0.19968747,-0.17145515,-0.75113508,-0.63749426,-0.00418097,-0.00958812,-0.01305976
-0.11589067,0.6580567,-0.74399645,0.97825548,-0.05409289,-0.20022526,-0.1720045,-0.75102285,-0.63747871,-0.0087035,-0.01004994,-0.01117123
-0.117190617,0.657953493,-0.743883912,0.977681421,-0.0550826954,-0.202742857,-0.17437062,-0.751041162,-0.636813663,0.000353357173,0.000581502914,-0.00898021087
-0.11763349,0.65786724,-0.74389038,0.97750409,-0.05534906,-0.20352415,-0.17506557,-0.75109722,-0.63655698,-0.00634199,0.00429618,-0.0024062
-0.118520413,0.65773976,-0.743862398,0.97712151,-0.0559778935,-0.205182799,-0.176596757,-0.751162322,-0.636057131,-0.0066321604,0.00971961021,-0.000646590022
-0.11896649,0.65755422,-0.74395521,0.97684483,-0.05667907,-0.20630463,-0.1778232,-0.75127217,-0.63558551,0.00672506,0.00404859,0.00347265
-0.1189707,0.65745439,-0.74404276,0.97674728,-0.05711336,-0.20664644,-0.17835542,-0.75132665,-0.63537195,0.01018313,-0.01005518,-0.0051084
-0.119520165,0.656830621,-0.74450544,0.976433614,-0.0579613405,-0.207888843,-0.179700339,-0.751807096,-0.63442392,0.0161804426,-0.0113912225,-0.000544911716
-0.12046899,0.65577305,-0.74528448,0.97595107,-0.05915965,-0.20980865,-0.18167761,-0.75263661,-0.63287551,0.01250893,-0.00618219,0.0016028
-0.12097627,0.65502071,-0.74586354,0.9757026,-0.05980681,-0.21077809,-0.18267181,-0.75324023,-0.63187017,0.00632661,-0.00237167,0.00106432
-0.12180632,0.65348922,-0.747071,0.97529012,-0.06096954,-0.21234854,-0.18431605,-0.75447635,-0.6299151,0.01125007,0.0024761,0.0043737
-0.12179338,0.6492979,-0.75071868,0.97510974,-0.06291167,-0.21261011,-0.18527629,-0.75792763,-0.62547446,0.04749475,-0.00295782,-0.02015194
-0.12214201,0.6438804,-0.75531404,0.97495623,-0.06466741,-0.2127873,-0.1858538,-0.76238842,-0.61985658,0.0332973,-0.01184762,-0.02599321
-0.12384604,0.63532643,-0.76224842,0.97464002,-0.06640256,-0.2137,-0.18638443,-0.76938364,-0.61099091,0.01658354,-0.0077728,0.03528438
-0.12470438,0.63073524,-0.76591231,0.97450428,-0.06725429,-0.21405159,-0.18652086,-0.77307809,-0.60626723,0.00515794,-0.00769448,0.05793554
-0.1259239,0.62312437,-0.7719192,0.97430885,-0.06877537,-0.21445811,-0.18672307,-0.77909308,-0.59845514,0.01725231,-0.00443101,0.05914577
-0.12605976,0.61755911,-0.77635675,0.97424895,-0.07040951,-0.2141999,-0.18694394,-0.78336669,-0.59278054,0.05117513,-0.01073498,0.01587822
-0.12584913,0.61491287,-0.77848829,0.97428201,-0.07124166,-0.21377336,-0.18691285,-0.7853704,-0.59013281,0.05362222,-0.02327585,0.01490941
-0.12627259,0.60840701,-0.78351525,0.9742127,-0.07282585,-0.21355566,-0.18698892,-0.79027673,-0.58352192,0.01591398,-0.02228487,0.02745937
-0.12844781,0.59903846,-0.79035038,0.97392964,-0.07406292,-0.21441872,-0.18698088,-0.79728744,-0.573908,-0.00653795,0.00294161,0.07295466
-0.12983384,0.59368652,-0.79415338,0.97378314,-0.07453483,-0.21492102,-0.18678776,-0.80123715,-0.56844481,-0.00521835,0.01614988,0.08876365
-0.13206684,0.5834727,-0.80132253,0.97370712,-0.07501375,-0.21509817,-0.18561419,-0.80866086,-0.55822465,0.00793607,0.02840817,0.03861114
-0.13198507,0.57361201,-0.80842372,0.97423403,-0.07540617,-0.21255986,-0.18288715,-0.81564876,-0.54887977,0.00374936,0.01628435,0.03777957
-0.13242513,0.55546418,-0.8209281,0.97568831,-0.07286747,-0.20669415,-0.17463024,-0.82834154,-0.53231037,-0.00588435,-0.0053758,0.09574831
-0.13564175,0.54017687,-0.83054812,0.97651842,-0.0687239,-0.20417816,-0.16737086,-0.83874066,-0.51817081,-0.01971192,0.01695561,0.16486704
-0.13715885,0.53321034,-0.83478979,0.97693168,-0.06644235,-0.20295254,-0.16368188,-0.84336941,-0.51179685,-0.01861832,0.01852453,0.18682112
-0.13915111,0.52327594,-0.84072537,0.97786187,-0.06137327,-0.20004844,-0.15627865,-0.8499503,-0.5031514,0.00419109,0.01472771,0.1470588
-0.14018882,0.51667708,-0.84462529,0.97891917,-0.05564953,-0.19652071,-0.14854075,-0.8543699,-0.49798366,0.02713001,-0.00107491,0.06820328
-0.14097203,0.51254731,-0.84700766,0.97943346,-0.05254045,-0.19480615,-0.14434961,-0.85704994,-0.49459919,0.02538689,-0.00462842,0.05863962
-0.1442392,0.50043889,-0.85367211,0.98036254,-0.04497077,-0.19200787,-0.13447845,-0.86460317,-0.48412502,0.00438396,0.03111076,0.10955005
-0.14878409,0.48592813,-0.86124156,0.98124329,-0.03540865,-0.18949332,-0.12257559,-0.87328115,-0.47154544,-0.01113101,0.05132258,0.16751729
-0.15072388,0.47945547,-0.86452589,0.98173844,-0.03008317,-0.18784262,-0.11606975,-0.87705055,-0.46616569,-0.003712,0.06168616,0.17821001
-0.155608,0.46041083,-0.87396117,0.9840519,-0.00494243,-0.17781319,-0.08618657,-0.88769225,-0.4522991,0.02089271,0.04950416,0.13305891
-0.15687722,0.45661726,-0.87572264,0.98453686,0.00231731,-0.175162,-0.07795271,-0.88966018,-0.44992003,0.03068011,0.06419504,0.14632176
-0.15876349,0.45278894,-0.87736898,0.98545751,0.0181643,-0.16894839,-0.06056117,-0.89143269,-0.44908809,0.01111013,0.09493852,0.19036064
-0.15891813,0.45525658,-0.87606303,0.98640389,0.03559095,-0.16043878,-0.04186091,-0.88964864,-0.45472289,0.02842722,0.0712148,0.15264218
-0.15842495,0.45778919,-0.87483184,0.98684676,0.04454243,-0.1554013,-0.03217384,-0.88794434,-0.45882446,0.02655502,0.04363954,0.11701567
-0.15809765,0.46063017,-0.87339849,0.987342,0.06238494,-0.14582129,-0.0126828,-0.88539704,-0.46466241,0.03009702,0.01220596,0.03482746
-0.16028674,0.45519879,-0.87584372,0.98704095,0.08078134,-0.13865259,0.00763734,-0.88671779,-0.46224803,0.02287254,0.02990627,0.02564742
-0.16216147,0.44950742,-0.87843419,0.98659168,0.09050278,-0.13581615,0.01845033,-0.88868006,-0.45815632,0.03372189,0.0448314,0.04554225
-0.17147974,0.42110055,-0.89065646,0.98306097,0.13250653,-0.1266218,0.06469725,-0.89728271,-0.43668967,-0.01931528,0.08882129,0.15630408
-0.1738075,0.41459744,-0.89325247,0.98178699,0.14361265,-0.12437745,0.0767158,-0.89860136,-0.43200735,-0.01285352,0.10600531,0.14001574
-0.17873562,0.40222903,-0.89792272,0.9786709,0.16661967,-0.1201709,0.10127531,-0.90024973,-0.42343067,-0.00248544,0.1107825,0.10765847
-0.18337618,0.38984403,-0.90243826,0.97473834,0.19117926,-0.11548014,0.12750823,-0.90081748,-0.41505364,0.00097868,0.10679817,0.07966694
-0.18574833,0.3833483,-0.90473295,0.97242698,0.2038513,-0.11327165,0.14100851,-0.90082672,-0.41064329,-0.00409371,0.11667383,0.06451202
-0.19088167,0.36856305,-0.90979415,0.96699138,0.22997803,-0.10971664,0.16879514,-0.90070602,-0.40029586,0.0132392,0.13284981,0.04709055
-0.19680142,0.35256146,-0.91486041,0.96035889,0.25722054,-0.10746336,0.19743343,-0.89974329,-0.38920689,-0.00716663,0.15169394,0.0771731
-0.20484921,0.33049586,-0.92130845,0.94854978,0.29920898,-0.10357265,0.24143342,-0.89512371,-0.37478449,-0.00980827,0.13564253,0.0496939
-0.21012359,0.31582285,-0.92525895,0.93915767,0.32822612,-0.10124496,0.27171872,-0.89023795,-0.36557553,-0.01058127,0.14572299,0.01100764
-0.21299304,0.3081367,-0.92719242,0.93393932,0.342996,-0.10055399,0.28703893,-0.88735874,-0.36083676,-0.01661195,0.1512984,0.02778894
-0.21899556,0.29322568,-0.93062316,0.92256748,0.37274428,-0.09965373,0.31766338,-0.88038646,-0.35214978,-0.01498855,0.16090238,0.06204378
-0.22512745,0.27927886,-0.93344575,0.90998697,0.40264416,-0.09900204,0.34819731,-0.87171154,-0.34478638,-0.02087479,0.15792954,0.01604906
-0.22838444,0.27179092,-0.93486357,0.90313958,0.41773254,-0.09918804,0.36356444,-0.86696543,-0.34086868,-0.01761302,0.15803838,-0.02357937
-0.23558387,0.25461205,-0.93790883,0.88819696,0.44812371,-0.10144608,0.39446979,-0.85694682,-0.33171637,-0.01827533,0.17269647,-0.0169955
-0.24306787,0.23707036,-0.94059312,0.87143721,0.47926783,-0.10440039,0.42604574,-0.84504431,-0.3230865,-0.01522514,0.15745676,-0.01345408
-0.2463941,0.22857394,-0.94183013,0.86245636,0.49501545,-0.105493,0.44210754,-0.8382802,-0.31910395,-0.00186073,0.15336466,-0.01698012
-0.25267364,0.21083913,-0.94430017,0.84320648,0.52662112,-0.10804165,0.47450899,-0.82353933,-0.31084418,0.00170952,0.1357547,-0.0627594
-0.25940253,0.19162642,-0.94656718,0.82216914,0.55804826,-0.11233862,0.50670308,-0.80737933,-0.30230843,-0.01453339,0.14768946,-0.06713755
-0.2629644,0.18205608,-0.94747302,0.81095635,0.57372717,-0.11483409,0.52268474,-0.79855661,-0.29850933,-0.01297273,0.1507082,-0.06992754
-0.26933432,0.16492609,-0.94881952,0.78780973,0.60439771,-0.11857178,0.55390878,-0.77942467,-0.29271543,0.00444838,0.11030197,-0.10305386
-0.2744477,0.14926253,-0.94994688,0.76380287,0.6339967,-0.121051,0.58419479,-0.75879435,-0.28800607,0.00617541,0.06395447,-0.13135317
-0.27689646,0.1408283,-0.95052401,0.75141512,0.64829372,-0.12284385,0.59891887,-0.74825309,-0.28533076,0.00929157,0.05657172,-0.12034543
-0.28739038,0.10428315,-0.95211966,0.69872347,0.70274243,-0.13393505,0.65512772,-0.70375998,-0.27482651,0.00746906,0.02260125,-0.14279537
-0.28971718,0.09498669,-0.95238707,0.68520763,0.71532839,-0.13709746,0.66824704,-0.69230249,-0.27232849,0.01154787,0.0180428,-0.14669299
-0.29898584,0.05651055,-0.95258281,0.62994596,0.76151045,-0.1525448,0.71678137,-0.64568443,-0.26327943,0.00311304,0.06233025,-0.10624509
-0.3007728,0.04800946,-0.95248667,0.6157788,0.77241927,-0.15551511,0.72825287,-0.63329581,-0.26188592,0.01224257,0.07229185,-0.09935646
-0.30312048,0.03411056,-0.95234166,0.58743784,0.79358578,-0.15855102,0.75035655,-0.60750153,-0.26058996,0.00863983,0.01569283,-0.12313467
-0.30473481,0.02028172,-0.95222125,0.55897001,0.81329595,-0.16156181,0.77116093,-0.58149664,-0.25917646,0.00557057,-0.06866878,-0.16368337
-0.305749422,0.0119622079,-0.952036803,0.544634986,0.822366536,-0.164578238,0.78095448,-0.568832286,-0.25795312,0.00054686144,-0.0676762462,-0.156931877
-0.30835729,-0.00652046,-0.95124839,0.51551933,0.83926035,-0.17286385,0.79947222,-0.5436907,-0.25543065,-0.0080782,0.01913702,-0.09378733
-0.31042556,-0.02354552,-0.95030614,0.48609469,0.85517299,-0.17997535,0.81691377,-0.51780767,-0.25402222,-0.00512197,0.03266466,-0.09631521
-0.310998868,-0.030624973,-0.949916741,0.471365446,0.862924309,-0.182143493,0.825284387,-0.504404349,-0.253932929,0.000187609345,0.016928196,-0.116664521
-0.3117757,-0.04365055,-0.94915254,0.44203974,0.87759239,-0.18555989,0.84106884,-0.4774162,-0.25431671,-0.02166966,-0.03753239,-0.12084311
-0.3126627,-0.05840093,-0.94806717,0.4124081,0.89077745,-0.19087979,0.85566441,-0.45067157,-0.25442787,-0.01825249,-0.03101158,-0.10244578
-0.31319842,-0.06644796,-0.94736024,0.39742261,0.89683098,-0.19429222,0.86253234,-0.43735439,-0.25447812,-0.01909601,-0.02435625,-0.10524978
-0.31407964,-0.08308407,-0.94575426,0.36772219,0.90776152,-0.20186487,0.87529108,-0.41117644,-0.25455756,0.00504026,-0.03168589,-0.09849623
-0.3162667,-0.10934996,-0.94234699,0.32375123,0.92125969,-0.21555908,0.89171767,-0.37326018,-0.25596157,-0.02878404,-0.05621135,-0.07956064
-0.31808805,-0.12778884,-0.93940933,0.29437199,0.92858637,-0.22599221,0.90120198,-0.34842124,-0.25775477,0.00228905,-0.00995767,-0.08326181
-0.31893974,-0.14875179,-0.93602912,0.25104354,0.93907279,-0.2347753,0.91392273,-0.3098632,-0.26216446,-0.01540179,-0.05856246,-0.0902727
-0.31959371,-0.16121784,-0.93373899,0.22355325,0.94477349,-0.2396393,0.92080597,-0.28532764,-0.26590288,-0.02609316,-0.10748428,-0.06510483
-0.3205231,-0.17516793,-0.93090337,0.19655675,0.94906288,-0.24626225,0.92662308,-0.26190809,-0.26976613,-0.02468954,-0.10735804,-0.06879308
-0.32081408,-0.18210647,-0.92947054,0.18327652,0.95085825,-0.24955619,0.92924053,-0.25041128,-0.27167287,-0.00477386,-0.0843659,-0.07686567
-0.32110013,-0.19472875,-0.92680937,0.15778387,0.95395466,-0.25509757,0.93380895,-0.22814739,-0.27558992,-0.01065317,-0.10678411,-0.0395266
-0.32214636,-0.21258704,-0.9225121,0.12112557,0.95719593,-0.26287744,0.93890916,-0.1964248,-0.28260746,-0.04439713,-0.11348438,-0.04668496
-0.323052,-0.22537217,-0.91915439,0.09747439,0.95814151,-0.2691906,0.94134805,-0.17655658,-0.28756152,-0.03043063,-0.1380102,-0.07222073
-0.32318412,-0.23567518,-0.91651996,0.075158,0.95904188,-0.27311158,0.94334664,-0.1571492,-0.29223422,-0.03381704,-0.120736,-0.04902218
-0.32288365,-0.23926026,-0.91569673,0.06481116,0.95965759,-0.27359973,0.94421687,-0.14768827,-0.294351,-0.02185252,-0.17972159,-0.01860299
-0.32264317,-0.24627021,-0.91392148,0.04565586,0.96038574,-0.27490868,0.94541897,-0.13042327,-0.29861822,-0.04396542,-0.22808528,0.0096926
-0.32343682,-0.25342046,-0.91168331,0.02828662,0.96045019,-0.27701137,0.94582675,-0.11538416,-0.30347653,-0.01652019,-0.25657076,-0.01448925
-0.32410373,-0.25631596,-0.91063658,0.02062356,0.96045286,-0.27767781,0.94579676,-0.10877697,-0.30600021,-0.01083265,-0.24232107,-0.0266186
-0.32499091,-0.25876023,-0.90962849,0.0089155,0.96095892,-0.2765474,0.94567508,-0.09798519,-0.30999594,-0.00805688,-0.24360251,0.0186307
-0.32494926,-0.2609965,-0.90900417,-0.0030107,0.96144595,-0.27497748,0.94572654,-0.08661703,-0.31320693,-0.01418109,-0.33286726,0.01118098
-0.325225784,-0.262769979,-0.908394182,-0.00829150177,0.961372325,-0.275126335,0.94559997,-0.0819462444,-0.314841824,0.0185177773,-0.327782273,0.00027328264
-0.32547859,-0.26233935,-0.90842816,-0.00968893,0.96161598,-0.27422771,0.94549975,-0.08045356,-0.3155272,0.01626316,-0.33679861,0.05990503
-0.32580637,-0.26222147,-0.90834452,-0.009064,0.9615897,-0.27434119,0.94539289,-0.08114892,-0.31566882,0.00707635,-0.33865643,0.07341783
-0.32641824,-0.2640558,-0.90759335,-0.00608027,0.96075388,-0.27733558,0.94520589,-0.08500898,-0.31521312,0.01847419,-0.30261266,0.04422298
-0.327089052,-0.265917764,-0.906807775,-1.72755492e-05,0.959593295,-0.281390659,0.944993437,-0.0920241601,-0.313877052,0.0520248674,-0.192967415,0.00670142751
-0.32729926,-0.26525626,-0.90692563,0.00438625,0.95935345,-0.2821732,0.94491044,-0.09633311,-0.31283219,0.0414812,-0.13997781,0.01456108
-0.327480478,-0.26023188,-0.908314731,0.0156031189,0.959703727,-0.280580276,0.944728968,-0.106057143,-0.310223801,-0.000619554892,-0.085580349,0.0488876402
-0.32737698,-0.25421002,-0.9100558,0.02771046,0.96013303,-0.27816668,0.94448738,-0.11628344,-0.30728117,0.00570796,0.011482,0.002847
-0.32741919,-0.25151286,-0.91078966,0.03368662,0.96020191,-0.27726793,0.94427842,-0.12146428,-0.30591591,0.0158433,0.05582023,-0.01157033
-0.32745382,-0.24763211,-0.91184,0.04507833,0.95985253,-0.27685929,0.94379118,-0.13176288,-0.30314454,-0.00110864,0.22553802,-0.0478902
-0.32801335,-0.24483848,-0.91239317,0.05500103,0.95924148,-0.27718346,0.94307056,-0.14110245,-0.30117764,-0.03311882,0.3694011,0.04921953
-0.32814146,-0.24454783,-0.91242517,0.05857302,0.95878273,-0.27803757,0.94281098,-0.14467913,-0.30029247,-0.02007771,0.39810658,0.03543814
-0.32828479,-0.2451828,-0.91220301,0.06197053,0.95805365,-0.2798086,0.94254369,-0.14838664,-0.29932033,-0.02509785,0.35695863,-0.01800678
-0.32854958,-0.24679842,-0.91167202,0.061012,0.95769459,-0.28124477,0.94251413,-0.14802576,-0.29959249,0.0083561,0.28344214,-0.04747158
-0.32856788,-0.24782102,-0.91138788,0.05952782,0.95761001,-0.28185016,0.94260255,-0.14685984,-0.29988765,0.01402529,0.25572288,-0.04068141
-0.32825481,-0.25075525,-0.9106979,0.05489203,0.95742734,-0.28340739,0.94299296,-0.14301988,-0.30051567,0.02814044,0.16818225,-0.02240684
-0.3289032,-0.259020646,-0.908146855,0.045532342,0.95618173,-0.289211507,0.943265186,-0.136472688,-0.302697407,0.0064192987,0.0648452044,-0.000228247605
-0.32964305,-0.26583457,-0.9059068,0.03882342,0.95491131,-0.29434185,0.94330689,-0.1321982,-0.30445926,0.0206001,0.03743851,-0.01622039
-0.32997855,-0.27104326,-0.90423975,0.03117885,0.95424097,-0.29740887,0.9434733,-0.12633173,-0.30642823,0.02629107,-0.01218081,-0.02897315
-0.32989367,-0.27253859,-0.90382111,0.02749641,0.95423914,-0.29777779,0.94361742,-0.12308689,-0.3073036,0.01804324,-0.04171479,-0.02572951
-0.32937931,-0.27541251,-0.90313741,0.02089117,0.95415314,-0.29858892,0.94396652,-0.11721661,-0.30852461,0.04225927,-0.10796976,0.00101061
-0.32967837,-0.27908062,-0.90190128,0.01560395,0.95356839,-0.30077207,0.94396421,-0.11323131,-0.31001611,0.0108736,-0.14806825,-0.01011734
-0.33010007,-0.28078025,-0.9012193,0.01364422,0.95321721,-0.30197812,0.94384724,-0.11197946,-0.31082604,0.00099808,-0.15411025,-0.0021481
-0.33080795,-0.28346928,-0.90011734,0.01119683,0.95257306,-0.30410391,0.94363165,-0.11067846,-0.31194479,-0.00877966,-0.11452949,0.01062807
-0.33034443,-0.28506708,-0.89978292,0.00985948,0.95220659,-0.30529561,0.94380895,-0.1097241,-0.31174553,-0.00870022,-0.10677898,0.01592245
-0.32980136,-0.28578164,-0.89975547,0.00924186,0.95205693,-0.30578127,0.9440051,-0.10916249,-0.31134852,-0.00885081,-0.10504329,0.01117646
-0.32867059,-0.28716481,-0.89972878,0.00803605,0.9517691,-0.30670997,0.94441036,-0.10803683,-0.31051084,-0.01046026,-0.06903136,-0.01051402
-0.32720744,-0.28842814,-0.89985801,0.00830689,0.9513638,-0.30795765,0.94491599,-0.10824106,-0.30889737,-0.01424108,0.00446177,0.01350255
-0.32631319,-0.2893232,-0.89989551,0.00884343,0.95103059,-0.30897026,0.94522041,-0.10877921,-0.30777522,-0.00869703,0.00535858,0.02341247
-0.32522833,-0.29153419,-0.89957456,0.00993074,0.95018556,-0.31152653,0.94558339,-0.11025069,-0.30613211,-0.01403314,0.00143778,0.01591263
-0.32583906,-0.29398462,-0.89855549,0.01073672,0.94921272,-0.31445179,0.94536429,-0.11210821,-0.30613415,-0.0138951,0.0561651,0.01585648
-0.326341917,-0.29500635,-0.898038056,0.0109049204,0.948813396,-0.3156489,0.945188965,-0.112802478,-0.306420566,-0.000367357745,0.0726099014,0.0042126975
-0.32661942,-0.29578976,-0.89767914,0.01105977,0.94850735,-0.31656195,0.94509105,-0.11332346,-0.30652955,0.00105088,0.07894528,-0.01037511
-0.32604843,-0.29494859,-0.89816342,0.01137324,0.94879004,-0.31570256,0.94528454,-0.11314939,-0.30599698,-0.00358471,0.03600121,0.00683072
-0.32593804,-0.29462938,-0.89830832,0.01140455,0.94890307,-0.31536154,0.9453223,-0.11303314,-0.30592349,-0.00699226,0.01763749,0.01284958
-0.32633039,-0.29491752,-0.89807131,0.01116821,0.94881364,-0.31563895,0.94518976,-0.11303244,-0.30633302,0.00133107,0.0049448,0.00396022
-0.32716025,-0.29501218,-0.89773818,0.01061015,0.94881218,-0.31566259,0.94490923,-0.11279741,-0.3072835,0.01025133,0.02469373,-0.00160904
-0.327388855,-0.294600231,-0.897790252,0.0104368082,0.948968022,-0.315199572,0.944832104,-0.112562877,-0.307606871,-0.011862509,0.0406733751,0.000363011379
-0.32740298,-0.29520805,-0.89758536,0.00936736,0.94888083,-0.31549552,0.94483836,-0.11170219,-0.30790108,-0.0127146,0.03169858,0.00223846
-0.32754595,-0.29587663,-0.8973131,0.0086325,0.94872638,-0.31598059,0.94479588,-0.1112442,-0.30819733,-0.00284039,0.03348446,0.00280037
-0.328609307,-0.296857737,-0.896599868,0.00705871587,0.948521021,-0.316635508,0.944439524,-0.110378232,-0.309597399,0.00421235943,0.0379803181,-0.000330142968
-0.32993999,-0.29687016,-0.89610686,0.00600073,0.94858519,-0.31646504,0.94398273,-0.1097918,-0.31119475,0.00387499,0.02248228,-0.00329824
-0.33050089,-0.29676723,-0.89593434,0.00554597,0.94865136,-0.31627494,0.94378937,-0.10949798,-0.31188425,0.00816826,0.0127039,-0.00717589
-0.33162716,-0.29649087,-0.89560964,0.00506058,0.94875908,-0.3159598,0.94339697,-0.10931315,-0.31313387,0.01405469,0.01190484,-0.01671026
-0.33240531,-0.29580509,-0.89554794,0.00460998,0.94902114,-0.31517873,0.9431254,-0.10889553,-0.31409601,0.01417287,-0.01183003,-0.00592458
-0.332586579,-0.295585941,-0.895552912,0.00421677958,0.949136181,-0.314837617,0.943063246,-0.108487131,-0.314423532,0.000896090351,-0.0250706077,-0.000822438509
-0.33295393,-0.29588529,-0.89531762,0.00335029,0.9491155,-0.31491039,0.94293718,-0.10785021,-0.31502043,-0.00309901,-0.02943796,0.01056229
-0.33316893,-0.29720718,-0.89479968,0.00264975,0.94872094,-0.31610371,0.94286348,-0.10768691,-0.31529682,0.00554309,-0.01469254,0.0116091
-0.33329642,-0.29791023,-0.89451838,0.00230583,0.94850641,-0.31674956,0.94281934,-0.10763408,-0.31544687,0.01685555,-0.01513577,0.00126397
-0.33429891,-0.29819863,-0.89404773,0.00178489,0.94842311,-0.31700221,0.94246516,-0.10756934,-0.31652455,0.01491578,0.01055431,0.0010298
-0.33439425,-0.29773239,-0.89416776,0.00213981,0.94854393,-0.31663834,0.94243088,-0.10779538,-0.31655055,0.01175432,0.00184894,-0.00202542
-0.33440861,-0.29641187,-0.89460105,0.00310315,0.94889961,-0.31556284,0.94242316,-0.10830298,-0.31640039,-0.0045606,0.00192416,-0.00112371
-0.33426436,-0.29589595,-0.8948255,0.00350367,0.94904122,-0.31513248,0.94247271,-0.10847277,-0.31619392,0.00452156,0.01075268,0.01685254
-0.334264537,-0.295978335,-0.894798319,0.00359041702,0.949002213,-0.315248963,0.942472448,-0.10858925,-0.316155099,3.20426479e-05,0.014742732,-0.00190814072
-0.33451263,-0.29636394,-0.89457789,0.0035411,0.94886185,-0.31567175,0.94238456,-0.10876399,-0.31635682,0.00973228,0.03274536,-0.00619656
-0.33493717,-0.29616415,-0.89448516,0.00356977,0.94891172,-0.31552146,0.94223361,-0.108873,-0.31676856,0.00958956,0.02515912,0.00142939
-0.33502562,-0.29605674,-0.89448773,0.00380397,0.94891892,-0.31549709,0.94220137,-0.1091022,-0.31678596,0.00640101,0.024822,0.00836813
-0.33509343,-0.29544077,-0.89466586,0.00421895,0.9490851,-0.31499153,0.94217538,-0.10932616,-0.31678573,-0.00542244,0.00158215,0.00727575
-0.33522808,-0.29493502,-0.89478219,0.00445716,0.94922987,-0.3145517,0.9421263,-0.10943479,-0.31689392,0.00716052,0.02888703,-0.00216191
-0.3351919,-0.29449039,-0.89494217,0.00456426,0.94937509,-0.31411159,0.94213866,-0.10937245,-0.31687871,0.01114489,0.02741492,0.00318849
-0.33531097,-0.29404855,-0.89504298,0.00472878,0.94950612,-0.31371287,0.9420956,-0.10942384,-0.31698933,-0.00269838,0.02442944,0.00656213
-0.33553344,-0.29420287,-0.89490887,0.00465299,0.94945175,-0.3138785,0.94201675,-0.10948076,-0.31720389,0.0042046,0.02069139,0.00153006
-0.335585106,-0.294418594,-0.894818469,0.00444604404,0.949397995,-0.314044058,0.941999275,-0.109366948,-0.317294823,0.000291487551,0.0216342211,-0.00588871771
-0.33564204,-0.29419221,-0.8948716,0.00427297,0.94949516,-0.31375256,0.94197982,-0.10913234,-0.31743341,0.00908648,0.00545013,-0.00390344
-0.33538821,-0.29310947,-0.89532196,0.00444611,0.94986426,-0.31263095,0.94206943,-0.10883346,-0.31727007,0.00224413,0.00563943,0.00343435
-0.33541914,-0.29281613,-0.8954064,0.00441969,0.94996844,-0.31231464,0.94205858,-0.10871374,-0.31734343,-0.00342751,0.01408637,0.00781677
-0.3356313,-0.2926748,-0.89537321,0.00439102,0.9500125,-0.31218098,0.94198325,-0.1087093,-0.3175688,-0.00915752,0.01493144,0.00155556
-0.33615901,-0.29298881,-0.89507241,0.00409329,0.94991606,-0.31247837,0.94179632,-0.10870621,-0.31812355,-0.00130002,0.02887094,-0.00250713
-0.33643825,-0.29304038,-0.89495061,0.00397455,0.9499005,-0.31252718,0.94169712,-0.10870313,-0.31841816,-0.00565159,0.0252285,-0.00376026
-0.33647948,-0.29287808,-0.89498813,0.00372791,0.94998392,-0.31227655,0.94168329,-0.10841112,-0.31855826,-0.01144793,0.00171912,0.00393997
-0.3368365,-0.29341832,-0.89467694,0.00347201,0.94981035,-0.31280705,0.94155674,-0.10847116,-0.31891204,-0.00100317,0.01914668,-0.00290066
-0.33702746,-0.29365987,-0.89452564,0.00320547,0.94974885,-0.31299654,0.94148923,-0.10835584,-0.31915012,0.00501759,0.02519906,-0.00771572
-0.33733753,-0.29317123,-0.89456912,0.00280047,0.94995373,-0.31237809,0.94137954,-0.10788209,-0.31963402,0.0027999,0.03258455,-0.00153065
-0.33741518,-0.29210832,-0.89488747,0.00238841,0.95036804,-0.31111876,0.94135283,-0.10711357,-0.31997092,0.00381109,0.01816082,0.00455842
-0.33740476,-0.29156493,-0.89506856,0.00217524,0.95058135,-0.31046795,0.94135706,-0.10670039,-0.32009645,-0.00645645,0.0033685,0.0028288
-0.3378645,-0.29135652,-0.89496305,0.00162053,0.95069832,-0.31011299,0.94119331,-0.1062265,-0.32073506,-0.00758349,-0.00504661,0.00134606
-0.338499312,-0.291660713,-0.894624039,0.000942500236,0.950644479,-0.310280813,0.940966128,-0.105873037,-0.32151761,0.010322459,0.0153621435,-0.0137378834
-0.338587226,-0.291223101,-0.894733388,0.000830214751,0.950805326,-0.309787903,0.940934664,-0.105633041,-0.321688761,0.0129132792,0.0102165937,-0.0129877906
-0.338473662,-0.289916659,-0.895200502,0.000684239718,0.951277209,-0.308336188,0.940975631,-0.104976206,-0.321783909,0.00379282609,-0.00880903006,-0.00387272844
-0.338400613,-0.288776861,-0.895596247,0.000637916314,0.951676856,-0.307100542,0.941001757,-0.104494375,-0.321863808,-0.000224681746,-0.00450342894,0.00486982428
-0.338431587,-0.288482942,-0.895679422,0.00061165222,0.951779332,-0.306782868,0.940990787,-0.104372861,-0.321935738,0.00453576865,-0.0044413805,0.0181075744
-0.338900844,-0.288007033,-0.895655308,0.000776212071,0.951906147,-0.306388797,0.940821916,-0.1045306,-0.322378248,0.00496081449,0.00898849964,0.0102132307
-0.339637411,-0.287286215,-0.895607592,0.000869799251,0.952114073,-0.305741774,0.940555991,-0.104620359,-0.323123675,-0.00378906401,0.00773727894,-0.00132335699
-0.34004917,-0.28691292,-0.89557107,0.00107746,0.95220269,-0.30546503,0.94040704,-0.10483807,-0.32348659,-0.0069462,-0.00293791,0.01049658
-0.340830451,-0.286287031,-0.895474268,0.00169612143,0.952317054,-0.305105465,0.940123158,-0.105508093,-0.324093069,-1.5220372e-05,0.000997662544,-0.0130096823
-0.34085763,-0.28546871,-0.8957251,0.00247912,0.95250643,-0.30450837,0.94011153,-0.10601465,-0.32396137,0.01299001,0.00533795,-0.00115848
-0.34086513,-0.28486962,-0.89591301,0.00285067,0.95266769,-0.30400024,0.94010781,-0.10617706,-0.32391913,0.00096713,0.00341272,0.00755255
-0.34078589,-0.28475076,-0.89598098,0.00337775,0.95265141,-0.30404585,0.94013483,-0.10664094,-0.32368834,-0.00544477,-0.00538194,-0.00127317
-0.3411703,-0.28610342,-0.89540348,0.00375604,0.95213299,-0.305661,0.93999386,-0.10764567,-0.32376487,0.01644612,0.03924084,-0.00661171
-0.341234255,-0.285525031,-0.895563821,0.00421493459,0.952275158,-0.305211821,0.939968795,-0.107923484,-0.323745433,-0.000590190233,0.0290856361,-0.00104551122
-0.34133055,-0.28441431,-0.8958803,0.00489855,0.95257066,-0.30427805,0.93993032,-0.10824798,-0.32374824,-0.00859714,0.00244117,0.00204995
-0.34157129,-0.28434936,-0.8958093,0.0052344,0.95254454,-0.30435421,0.93984119,-0.10864771,-0.32387346,-0.00355427,0.01215351,0.0019558
-0.34196294,-0.28477194,-0.89552564,0.00563713,0.95233864,-0.30499071,0.93969647,-0.10934373,-0.32405922,0.00933396,0.01912272,-0.00406163
-0.342188599,-0.284730007,-0.895452868,0.00585588566,0.952318486,-0.305049524,0.939613071,-0.109628131,-0.324205184,0.00350284064,0.0210417509,-0.000250445184
