0,1,2,3,4,5,6,7,8,9,10,11
-0.540792176,-0.0700330102,-0.838235736,-0.354623599,0.922620162,0.151704112,0.762748893,0.379298579,-0.523781122,-5.76553866e-05,0.00599175645,-0.00479518855
-0.54080528,-0.06983773,-0.83824365,-0.35444754,0.92267118,0.1518053,0.76282152,0.37921049,-0.52373926,0.00221351,0.00150734,-0.00434857
-0.5408015,-0.06951481,-0.83827269,-0.35395908,0.92285566,0.15182352,0.7630507,0.37882067,-0.52368712,-0.00239021,-0.00299209,-0.00444177
-0.540827251,-0.0692665012,-0.838276681,-0.3534772,0.923047455,0.151780279,0.763255862,0.378398647,-0.523693339,0.000510929443,0.00602406217,0.000165810503
-0.540840083,-0.0691068081,-0.838281645,-0.353268665,0.923120752,0.15182003,0.763343381,0.378249019,-0.52367397,0.000531602302,-0.00474566175,-0.0026910156
-0.54092446,-0.06890092,-0.83824421,-0.35289742,0.92325977,0.15183809,0.76345538,0.37794716,-0.52372875,,,
-0.54096643,-0.06888689,-0.83821816,-0.35263077,0.9233854,0.15169355,0.7635487,0.37764267,-0.52381213,-0.0066752,0.00272709,-0.00454361
-0.54100841,-0.06880171,-0.83819795,-0.35242877,0.92346609,0.15167174,0.7636121,0.37746083,-0.52385061,-0.0025036,0.01078039,-0.0027496
-0.54109271,-0.06866697,-0.8381548,-0.35199259,0.92364968,0.15156676,0.76375378,0.37703595,-0.52395037,,,
-0.54136602,-0.06853513,-0.83798903,-0.35164745,0.92377175,0.15162392,0.76371903,0.37676077,-0.52419884,-0.00164097,0.00285262,-0.00530656
-0.54156813,-0.06841384,-0.83786853,-0.35149747,0.92380576,0.1517645,0.76364499,0.37669945,-0.52435105,-0.00129124,-0.00452989,-0.00459553
-0.54184118,-0.06824638,-0.8377056,-0.35118454,0.92390533,0.15188275,0.76359522,0.37648557,-0.52457703,0.00114576,-0.0039106,-0.00514543
-0.542004738,-0.0680757077,-0.837613644,-0.350790248,0.924054069,0.151889043,0.763660344,0.37615127,-0.52472198,0.000724354992,-0.00468784524,-0.00723869167
-0.54204655,-0.06795492,-0.8375963,-0.35062052,0.924112,0.15192845,0.7637085,0.37603076,-0.5247381,0.00174261,-0.00306648,-0.00522017
-0.542070963,-0.0677065717,-0.837600634,-0.350137917,0.924302243,0.151884163,0.763912587,0.375607748,-0.524744043,-0.000315523706,-0.00372230983,-0.00664978195
-0.54207445,-0.06757201,-0.83760935,-0.34969138,0.92449695,0.15172781,0.76411474,0.37515252,-0.52477553,,,
-0.54201518,-0.06752975,-0.83765097,-0.34958046,0.924549,0.15166624,0.76420738,0.37503184,-0.52472667,,,
-0.541905713,-0.0676688276,-0.837710595,-0.349369275,0.924687436,0.151308464,0.764381593,0.374665279,-0.524734811,2.0923093e-05,0.000452697248,-0.00840580091
-0.54182571,-0.06766918,-0.83776227,-0.34935943,0.9246994,0.15125806,0.76444275,0.37463568,-0.52466677,-0.00110868,-0.00396484,-0.00348335
-0.54162403,-0.06782619,-0.83787986,-0.34947703,0.92468792,0.15105644,0.76453179,0.37463562,-0.52453688,-0.00333641,0.00186223,-0.00570154
-0.54132164,-0.06799058,-0.83806206,-0.34971837,0.92462597,0.150877,0.76463573,0.37475871,-0.5242976,-0.00496854,0.00215882,-0.00682317
-0.54117049,-0.0680372,-0.83815601,-0.34987142,0.92457269,0.1508487,0.76467283,0.37488169,-0.52415573,-0.00184779,0.00503415,-0.00233826
-0.54083798,-0.06802025,-0.83837172,-0.35020315,0.92443627,0.15091495,0.76475594,0.37522102,-0.52379114,,,
-0.54060665,-0.06799599,-0.83852302,-0.3504113,0.9243502,0.15095899,0.76482432,0.3754374,-0.52353642,-0.00147813,-0.00670034,0.0025449
-0.54047622,-0.06796437,-0.83860975,-0.35049573,0.9243146,0.15098101,0.76487791,0.37553078,-0.52339128,,,
-0.54032472,-0.06801088,-0.83870355,-0.3506487,0.92426125,0.15095244,0.76491478,0.37565365,-0.52324912,,,
-0.540202926,-0.0681318437,-0.838772281,-0.350808451,0.924215318,0.150862456,0.764927655,0.37574473,-0.523165048,-0.00264603295,0.000236809239,0.0044909576
-0.54018197,-0.06824557,-0.8387765,-0.35084454,0.92421989,0.15075049,0.76492587,0.37571284,-0.5231905,,,
-0.54013993,-0.06843749,-0.83878784,-0.3509492,0.92420665,0.15058791,0.76490744,0.37571049,-0.52321899,-0.00308796,0.00367993,-0.00255275
-0.54011913,-0.06858681,-0.83878917,-0.35095285,0.9242335,0.15041457,0.7649206,0.37561722,-0.52326693,-0.00457876,0.00349504,-0.00399414
-0.54011913,-0.0685868068,-0.838789174,-0.350952855,0.924233497,0.150414569,0.764920598,0.375617224,-0.52326693,-0.00828566402,0.000762283744,0.000890449504
-0.54016087,-0.06850182,-0.83876911,-0.35075073,0.92431379,0.1503926,0.76498369,0.3754351,-0.5233052,-0.00213067,-0.00390631,-0.00289701
-0.54015207,-0.06842042,-0.83878121,-0.35061033,0.92436884,0.15038159,0.76505404,0.37531436,-0.52328863,,,
-0.54012275,-0.06838151,-0.83880351,-0.35057116,0.92438369,0.15038172,0.76509295,0.37528491,-0.52325324,,,
-0.54001291,-0.06837868,-0.83887442,-0.35048947,0.92443288,0.15026964,0.76520785,0.37516422,-0.5231717,,,
-0.53990328,-0.0684114639,-0.838942368,-0.350375284,0.924504346,0.150096214,0.765337563,0.374982112,-0.523112615,-0.00217590434,-0.000377118558,-0.00603473326
-0.53982309,-0.06841189,-0.83899386,-0.3503653,0.92451633,0.15004566,0.76539862,0.37495247,-0.52304441,,,
-0.53969248,-0.06848721,-0.83907176,-0.35035212,0.92454769,0.14988316,0.76549678,0.3748614,-0.52296607,-0.00318616,0.00190395,-0.00664154
-0.53953217,-0.0684524,-0.83917765,-0.35036463,0.92454936,0.14984359,0.765604,0.37486363,-0.52280742,-0.00620247,0.00553352,-0.00567428
-0.539452042,-0.0684171834,-0.839232047,-0.350387163,0.924539045,0.149854542,0.765650166,0.374895501,-0.522716974,-0.00300660171,-0.000504910888,-0.0067749843
-0.539161008,-0.0682438354,-0.839433152,-0.350581607,0.924438304,0.150021166,0.765766136,0.375175416,-0.522346116,-0.000742055709,-0.00614666892,0.00207799068
-0.53906007,-0.06828672,-0.8394947,-0.35067279,0.92441016,0.14998157,0.76579568,0.37523699,-0.52225891,,,
-0.539068629,-0.06836803,-0.839482466,-0.350813068,0.924355167,0.149992388,0.76572527,0.375357613,-0.522275271,-0.00071911572,-0.00555056287,-0.000569326512
-0.539056518,-0.0685630852,-0.839474444,-0.350989448,0.924304604,0.149891342,0.765653085,0.375446548,-0.522317346,-0.000979048316,-0.00675123883,-0.00036954385
-0.539064996,-0.068680063,-0.839459286,-0.351097181,0.924271893,0.149840692,0.765597553,0.375505676,-0.522355998,-0.00422069151,-0.00487172557,-0.00051606237
-0.53890077,-0.06899292,-0.83953896,-0.35136119,0.92421253,0.14958774,0.76559193,0.3755944,-0.52230027,-0.00391078,0.01019448,0.00126
-0.53885871,-0.0691135,-0.839556,-0.35153073,0.9241545,0.14954796,0.76554366,0.37571501,-0.52228421,-0.00846398,0.00411409,0.00567329
-0.5388885,-0.06915232,-0.83953387,-0.35157004,0.92413954,0.14954806,0.76550485,0.37574469,-0.52232005,,,
-0.53893912,-0.06911306,-0.83950463,-0.35154081,0.92414247,0.14959867,0.76548266,0.37574471,-0.52235259,-0.0016303,-0.0033893,-0.00409945
-0.53898094,-0.06899253,-0.83948753,-0.35137123,0.92420053,0.14963831,0.76553089,0.37562401,-0.52236846,,,
-0.53900218,-0.06895002,-0.8394776,-0.35127024,0.92424066,0.14962758,0.76556252,0.37553308,-0.52238783,,,
-0.53895525,-0.06878428,-0.83952125,-0.35091782,0.924388,0.14954433,0.76575707,0.37520067,-0.5223414,,,
-0.53898849,-0.06865376,-0.83951064,-0.35054281,0.9245455,0.14945017,0.76590548,0.37483633,-0.52238547,-0.00366016,-0.00308293,-0.0058577
-0.53897972,-0.06860818,-0.83951993,-0.35036988,0.92462275,0.14937773,0.7659907,0.37465408,-0.52239115,,,
-0.5388823,-0.06848185,-0.83959303,-0.35004649,0.92476687,0.14924381,0.76620733,0.37432138,-0.52231233,-0.00114812,0.00196677,-0.00493273
-0.53871288,-0.06843728,-0.83970516,-0.34985333,0.92486794,0.14907024,0.76641442,0.37407971,-0.52218128,-0.00440375,-0.0020299,-0.00490066
-0.53855264,-0.06850972,-0.83980224,-0.34976802,0.92493631,0.14884613,0.76656618,0.37389739,-0.52208941,-0.00481127,-0.00356567,-0.00324204
-0.53824002,-0.06866449,-0.83998964,-0.34980276,0.92497371,0.14853164,0.76676948,0.37377641,-0.52187689,,,
-0.537707715,-0.068743017,-0.840324193,-0.349738434,0.925064713,0.148115839,0.767172328,0.373536707,-0.521456507,-0.00735041779,0.00666683866,-4.23523597e-05
-0.53753837,-0.06862732,-0.84044208,-0.34961023,0.92512127,0.14806529,0.76734952,0.37341791,-0.521281,,,
-0.53747008,-0.06839724,-0.8405045,-0.34945629,0.92516147,0.14817743,0.76746745,0.37336051,-0.52114846,-0.00642326,-0.00245714,-0.00161142
-0.53744006,-0.06832276,-0.84052949,-0.34944955,0.92515417,0.14823888,0.76749126,0.37339222,-0.52109025,,,
-0.53746125,-0.06820892,-0.84052547,-0.34941373,0.92514972,0.14835108,0.76749305,0.37342407,-0.52106526,,,
-0.537591928,-0.0681689156,-0.840444891,-0.349394645,0.925140688,0.148452262,0.767409928,0.373453734,-0.521166011,-0.00389092579,2.74181343e-06,0.00335568842
-0.5376427,-0.06812959,-0.84041576,-0.34936547,0.92514359,0.14850286,0.76738781,0.37345374,-0.52119882,,,
-0.537853824,-0.0681605363,-0.840278007,-0.349291379,0.925166943,0.148531636,0.767273432,0.373390219,-0.521412457,-0.00557798054,0.000329494447,0.00124438154
-0.53819599,-0.06811586,-0.84006263,-0.34923078,0.92515909,0.14872297,0.76706118,0.37341785,-0.52170506,-0.00348332,0.0010795,0.00404594
-0.53840706,-0.0681111,-0.83992772,-0.3491892,0.92516029,0.14881312,0.76693194,0.37341574,-0.52189649,,,
-0.53882054,-0.06798467,-0.83967297,-0.34899811,0.92519523,0.14904401,0.76672873,0.37335222,-0.52224072,,,
-0.53929577,-0.06776672,-0.83938519,-0.34847058,0.92537216,0.1491798,0.76663425,0.37295312,-0.52266399,0.00447129,-0.00189805,-0.0033423
-0.539568954,-0.0676702593,-0.839217448,-0.348092678,0.925515171,0.149174891,0.766613773,0.372615615,-0.52293477,4.00017016e-05,-0.00305908895,-0.0064377794
-0.53973218,-0.06749993,-0.83912621,-0.34769778,0.92566264,0.14918083,0.76667808,0.37228004,-0.52307949,,,
-0.539723131,-0.067418674,-0.839138514,-0.347557237,0.925717204,0.149169751,0.766748127,0.372159066,-0.523062829,-0.00580725633,-3.90410387e-05,-0.00271824235
-0.53977625,-0.06717443,-0.83912398,-0.3471455,0.92586895,0.14918677,0.76689729,0.37182561,-0.52308137,,,
-0.53966873,-0.06693148,-0.83921254,-0.34671349,0.92604433,0.14910279,0.76716834,0.37143244,-0.52296321,,,
-0.53962998,-0.06677588,-0.83925004,-0.34656606,0.92609141,0.14915321,0.76726242,0.3713431,-0.52288894,,,
-0.53953141,-0.06657855,-0.83932907,-0.34630724,0.92619003,0.14914201,0.76744856,0.37113251,-0.52276524,,,
-0.53951302,-0.06634486,-0.83935941,-0.3460911,0.92625457,0.14924286,0.767559,0.37101327,-0.52268777,,,
-0.53953354,-0.06630237,-0.83934945,-0.34598975,0.92629422,0.14923174,0.76759013,0.37092185,-0.52270673,-0.00133699,-0.00299132,-0.00398995
-0.53960448,-0.06625631,-0.83930745,-0.34582644,0.92635883,0.1492092,0.76761382,0.37076868,-0.52278056,0.00097522,-0.00486016,-0.00162819
-0.53970516,-0.06628464,-0.83924038,-0.34566987,0.92643082,0.149125,0.76761345,0.37058369,-0.52291209,,,
-0.53975562,-0.0663166,-0.83920547,-0.34557531,0.92647782,0.14905214,0.76762062,0.37046045,-0.52298899,,,
-0.53996642,-0.06641856,-0.8390618,-0.34543565,0.92654525,0.14895669,0.76753523,0.37027349,-0.52324666,-0.00546295,-0.00602591,-0.0036578
-0.5400764,-0.06659932,-0.83897666,-0.34535459,0.92660701,0.14876039,0.76749431,0.37008645,-0.52343895,,,
-0.540126685,-0.0667026764,-0.838935999,-0.345194669,0.926698105,0.148563954,0.76753078,0.369839642,-0.523559774,-0.0039898837,0.0107752671,0.000329771021
-0.54017725,-0.06669891,-0.83890392,-0.34513278,0.92672296,0.14855273,0.76752322,0.36977805,-0.52361464,-0.00407337,0.00400943,-0.0013624
-0.54017725,-0.06669891,-0.83890392,-0.34513278,0.92672296,0.14855273,0.76752322,0.36977805,-0.52361464,,,
-0.5403376,-0.0667332,-0.83879788,-0.3451203,0.92672136,0.1485917,0.76741591,0.36977587,-0.52377337,-0.00105548,-0.00557619,-0.00277334
-0.540488386,-0.0667219651,-0.838701377,-0.34493443,0.926796016,0.148557603,0.767393028,0.369590722,-0.523937171,0.000173361157,-0.00533229066,-0.00150217384
-0.540488386,-0.0667219651,-0.838701377,-0.34493443,0.926796016,0.148557603,0.767393028,0.369590722,-0.523937171,0.000173361157,-0.00533229066,-0.00150217384
-0.54063974,-0.06681775,-0.8385965,-0.34465067,0.9269367,0.14833836,0.76741424,0.36922046,-0.5241676,,,
-0.54076076,-0.0668391,-0.83851661,-0.34436,0.92706995,0.14818058,0.76745929,0.36888186,-0.52433975,-0.00310528,0.00152594,-0.01009172
-0.54081122,-0.06687098,-0.83848165,-0.34426543,0.92711676,0.14810747,0.7674663,0.36875843,-0.52441652,-0.00386126,-0.00140876,-0.00665133
-0.54075159,-0.06700774,-0.83850918,-0.3439905,0.92727794,0.14773674,0.76763157,0.36832808,-0.52447705,-0.00549273,0.00225562,-0.00469417
-0.54067169,-0.06704416,-0.83855801,-0.34394774,0.92731165,0.14762476,0.76770724,0.36823661,-0.52443086,-0.0037184,0.00220126,-0.00304072
-0.54048123,-0.06700705,-0.83868343,-0.34388784,0.92734988,0.14752404,0.76786783,0.36814704,-0.52425811,,,
-0.54029119,-0.06697002,-0.83880895,-0.34382797,0.9273881,0.14742335,0.76802849,0.36805752,-0.52408578,,,
-0.54018107,-0.06689648,-0.83888565,-0.34381096,0.92739259,0.14743474,0.76811347,0.36805956,-0.52395966,-0.00405621,0.00138956,-0.0034847
-0.53994035,-0.06682742,-0.83904605,-0.34384574,0.92738405,0.14740732,0.76826707,0.36809361,-0.52371038,-0.0058909,0.00116628,-0.00179624
-0.53983047,-0.06668241,-0.83912847,-0.34389421,0.92734461,0.14754236,0.76832278,0.36821928,-0.52354057,-0.00205808,-0.0037443,0.00299453
-0.53977983,-0.06668625,-0.83916054,-0.34395616,0.92731984,0.14755358,0.76833042,0.36828093,-0.52348568,0.00150024,-0.00491387,0.00140768
-0.5397391,-0.06680673,-0.83917741,-0.34412639,0.92726287,0.14751475,0.76828308,0.36840255,-0.52347,,,
-0.539798565,-0.0668841177,-0.839132779,-0.344205284,0.927233602,0.14751461,0.76820572,0.368462145,-0.523541229,-0.00463807629,-0.000475883455,0.00337804225
-0.539798565,-0.0668841177,-0.839132779,-0.344205284,0.927233602,0.14751461,0.76820572,0.368462145,-0.523541229,-0.00463807629,-0.000475883455,0.00337804225
-0.54005805,-0.06715102,-0.83894467,-0.34441967,0.92715579,0.14750334,0.76792741,0.36860939,-0.52384609,,,
-0.54037872,-0.06725496,-0.83872973,-0.34436233,0.92717452,0.14751951,0.76772742,0.36854333,-0.52418545,,,
-0.540509146,-0.0672504279,-0.838645985,-0.344310536,0.927187558,0.147558394,0.767658754,0.368511336,-0.524308382,0.00393459387,-0.000459670991,0.00325757498
-0.54079057,-0.06723462,-0.83846577,-0.34407288,0.92727506,0.14756287,0.76756706,0.36829398,-0.52459521,,,
-0.54114267,-0.06710107,-0.83824909,-0.34373704,0.92738289,0.14766788,0.76746918,0.36804673,-0.52491156,,,
-0.541716373,-0.0669096832,-0.837893931,-0.343051688,0.927629157,0.147714846,0.767371282,0.367460516,-0.525465375,7.7689343e-05,-0.00555294706,-0.000453629676
-0.541988001,-0.0669193451,-0.837717473,-0.342574915,0.927836097,0.147521504,0.767392463,0.366935917,-0.525800914,0.000561210909,-0.00492584659,-0.00435048109
-0.54205872,-0.0669087,-0.83767264,-0.34237871,0.92792207,0.14743626,0.76743015,0.36672041,-0.52589636,,,
-0.5421796,-0.0669653929,-0.83758985,-0.342055144,0.928076409,0.147215658,0.767489022,0.36631927,-0.526089949,-0.000770812389,0.00100934494,-0.00775576849
-0.542190424,-0.066948588,-0.837584119,-0.341714556,0.928235001,0.147006576,0.767633007,0.365920289,-0.526157428,-0.00545197539,7.92741685e-06,-0.00779643375
-0.542121354,-0.0667900948,-0.837641546,-0.341494478,0.928317841,0.146994898,0.767779785,0.365739063,-0.526069369,-0.00714542391,4.33325731e-05,-0.00588898081
-0.54197201,-0.06659685,-0.83775349,-0.3412968,0.92839053,0.14699487,0.76797301,0.36558974,-0.52589097,,,
-0.54191233,-0.06655531,-0.83779544,-0.34118499,0.92844145,0.14693285,0.76806485,0.36546799,-0.52584154,,,
-0.54186335,-0.06631873,-0.8378459,-0.34089592,0.92854154,0.14697134,0.76822776,0.36525667,-0.52575041,,,
-0.541814303,-0.0661535296,-0.837890779,-0.340541385,0.928685134,0.146885965,0.768419685,0.364921406,-0.525702903,0.00454241689,-0.00653272821,-0.000105888816
-0.54180459,-0.06610813,-0.83790057,-0.34036748,0.92876054,0.14681223,0.76850351,0.36473766,-0.52570778,,,
-0.54184515,-0.06616592,-0.83786982,-0.3400333,0.92892579,0.14654087,0.76862287,0.36430611,-0.52583255,,,
-0.541936,-0.06621982,-0.83780691,-0.33963687,0.92911546,0.14625753,0.76873421,0.36381232,-0.52601181,-0.00221531,-0.00880623,0.00170368
-0.54206619,-0.06650051,-0.8377004,-0.33932299,0.92930208,0.14579968,0.76878097,0.36328408,-0.52630839,-0.00257325,0.01046616,0.00253765
-0.5421866,-0.06652162,-0.83762069,-0.33903161,0.92943347,0.1456399,0.7688245,0.36294392,-0.5264793,-0.00200611,0.01246375,0.00389317
-0.54233702,-0.06650987,-0.83752424,-0.33884537,0.92950698,0.14560416,0.76880051,0.36275777,-0.52664261,-0.00422629,0.0051989,-0.00136168
-0.542717828,-0.0664495467,-0.837282339,-0.338515836,0.929620703,0.14564468,0.768676972,0.362477313,-0.52701595,0.000180686242,-0.00736772968,-0.00366725679
-0.54323908,-0.06636754,-0.83695084,-0.33779302,0.92990428,0.14551261,0.76862685,0.36176427,-0.52757884,-0.00347233,-0.00887954,-0.00820771
-0.54342921,-0.06634196,-0.83682916,-0.33733755,0.93009848,0.14532784,0.76869219,0.36126936,-0.5278223,-0.00508004,-0.00152272,-0.00740649
-0.543539953,-0.0662817058,-0.83676239,-0.336904598,0.930282367,0.145155157,0.768804171,0.360806684,-0.527976252,0.00217371946,0.000341236562,-0.0052776183
-0.54356005,-0.06617714,-0.83675736,-0.33628676,0.93055223,0.14485774,0.76906015,0.36012933,-0.52806551,-0.00113433,0.00138289,-0.00673669
-0.5434301,-0.06601335,-0.83685462,-0.33592085,0.93070563,0.14472113,0.76931178,0.35976278,-0.5279487,-0.00390594,-0.00242561,-0.01029093
-0.54329017,-0.06593745,-0.83695158,-0.33583112,0.93074578,0.14467116,0.7694499,0.35967282,-0.52780888,0.00372978,0.00215596,-0.01105703
-0.54299009,-0.06586404,-0.83715218,-0.33572067,0.93080894,0.1445211,0.76970999,0.35952281,-0.52753195,-0.00313609,-0.00467056,-0.00578361
-0.54245954,-0.0658396,-0.83749798,-0.33575327,0.93083223,0.14429519,0.77006978,0.35946697,-0.52704469,-0.00234682,0.00375491,-0.00709958
-0.54201882,-0.06585927,-0.83778171,-0.33597063,0.93076958,0.1441934,0.77028526,0.35962557,-0.52662141,-0.00565399,0.00391382,0.00108833
-0.54164775,-0.06600093,-0.83801019,-0.33644165,0.93060372,0.14416557,0.77034033,0.36002857,-0.52626486,-0.00184282,-0.00589091,0.00313508
-0.54154722,-0.06645311,-0.83803958,-0.33730286,0.93028664,0.14419965,0.7700345,0.36076411,-0.52620896,-0.00886159,0.0027979,0.00478039
-0.542157464,-0.0669570277,-0.837604986,-0.337984546,0.93000434,0.144424294,0.769306053,0.361398238,-0.526839237,-0.00511198957,0.00103098142,-0.000449795742
-0.54266769,-0.06695321,-0.83727469,-0.33811909,0.92989901,0.14478713,0.76888693,0.36166988,-0.5272643,,,
-0.543578479,-0.0669535723,-0.836683731,-0.337723885,0.930010802,0.144991333,0.76841722,0.361382247,-0.528145678,-0.00297091622,-0.000854790153,-0.00559195038
-0.543828799,-0.0669693712,-0.836519852,-0.337380546,0.930154552,0.144868499,0.768390998,0.361009166,-0.528439,-0.00257490994,-0.000844955386,-0.00456438772
-0.543378948,-0.0670144668,-0.836808517,-0.33735831,0.930209336,0.144568206,0.768718937,0.360859608,-0.528064061,-0.004941558,0.000865578593,-0.00504445564
-0.54266827,-0.06682002,-0.8372849,-0.33766895,0.93008751,0.14462676,0.76908425,0.36120951,-0.52729202,,,
-0.54230791,-0.06662375,-0.83753422,-0.33809351,0.92988334,0.14494745,0.76915218,0.36177101,-0.52680815,-0.00139871,-0.00108033,0.00666655
-0.542718031,-0.0668778297,-0.837248294,-0.33812262,0.929880231,0.144899481,0.768850079,0.361732113,-0.527275681,0.0018571422,-0.0057858224,0.000156014459
-0.543358083,-0.0672618236,-0.836802213,-0.33784471,0.930025275,0.144616545,0.768520038,0.361287753,-0.528060805,-0.00312217302,0.00782149937,-0.000108919339
-0.54389825,-0.06719893,-0.83645622,-0.33753577,0.9301157,0.14475633,0.76827359,0.36106661,-0.52857035,-0.00346447,-0.00251454,-0.00679526
-0.54418908,-0.06663932,-0.83631162,-0.33686616,0.93030956,0.14507,0.76836131,0.36067065,-0.52871283,,,
-0.54405019,-0.06586838,-0.83646334,-0.33626919,0.93046706,0.14544444,0.7687214,0.3604059,-0.52837029,0.00094286,-0.00238734,-0.0082257
-0.54360019,-0.06577097,-0.83676336,-0.33637819,0.93043568,0.14539308,0.76899184,0.36050466,-0.52790893,-0.0014517,0.00140911,-0.00559093
-0.54334022,-0.06578122,-0.83693156,-0.33648198,0.93041,0.14531733,0.76913034,0.36056911,-0.52766338,,,
-0.543299862,-0.0659995361,-0.836940536,-0.337135922,0.930144318,0.145502318,0.768872401,0.361214086,-0.527598097,-0.00841015112,0.00254923082,0.000322257169
-0.5438885,-0.06640479,-0.83652596,-0.33804915,0.9297368,0.14598719,0.76805472,0.36218765,-0.52812123,,,
-0.54481656,-0.06670202,-0.83589811,-0.33838527,0.92955348,0.14637528,0.76724847,0.3626033,-0.52900711,-0.00389832,0.00130784,0.00285077
-0.5455767,-0.06619772,-0.83544224,-0.33750436,0.92981811,0.14672792,0.76709627,0.36201677,-0.52962911,0.00211823,0.0020557,-0.00551017
-0.54572733,-0.06552603,-0.83539671,-0.33677756,0.93003026,0.14705298,0.76730841,0.36159375,-0.52961062,,,
-0.54549817,-0.06526266,-0.83556712,-0.33663481,0.93007017,0.14712742,0.76753412,0.36153874,-0.52932126,,,
-0.54532871,-0.0650766,-0.83569233,-0.33657128,0.93008139,0.14720183,0.76768249,0.36154342,-0.529103,,,
-0.54522904,-0.06470154,-0.83578657,-0.33647454,0.93006911,0.14750029,0.76779579,0.36164231,-0.52887112,,,
-0.545318692,-0.0645055402,-0.835743056,-0.336306781,0.93010604,0.14764992,0.767805424,0.361582335,-0.528897857,0.00259533594,-0.000891148986,-0.00430073915
-0.54578758,-0.06480152,-0.83541393,-0.33644707,0.93005321,0.14766309,0.76741061,0.36166529,-0.52941376,0.00361542,0.00118613,-0.00466136
-0.54597713,-0.06494494,-0.83527894,-0.33640884,0.93008078,0.14757648,0.76729255,0.36156864,-0.52965088,-0.00123887,-0.00346428,-0.00429341
-0.54584753,-0.06491432,-0.83536613,-0.33649363,0.93004622,0.14760103,0.76734769,0.36166304,-0.52950669,-0.00785998,0.00391287,-0.00257236
-0.54587747,-0.06473963,-0.83536011,-0.33672921,0.92990171,0.14797379,0.76722303,0.36206571,-0.52941212,-0.00239045,-0.00336915,-0.00771235
-0.546346419,-0.0644472725,-0.835076231,-0.336263534,0.930030352,0.148224116,0.767093604,0.361787371,-0.529790025,-0.0025707609,-0.000359654397,-0.00567368139
-0.54626636,-0.06419941,-0.83514741,-0.336482,0.92988989,0.14860904,0.76705452,0.36219224,-0.5295695,-0.00546598,0.00667018,-0.00505315
-0.54611675,-0.06399827,-0.83526066,-0.33686442,0.92968593,0.14901821,0.76699317,0.36275099,-0.52927579,,,
-0.54594713,-0.06362656,-0.83539997,-0.33754432,0.92931176,0.14981145,0.76681502,0.3637737,-0.52883187,-0.00330299,-0.0050326,0.00334882
-0.54602719,-0.06348364,-0.83535872,-0.33768466,0.9292127,0.15010941,0.76669644,0.36405163,-0.52881285,,,
-0.54605706,-0.06323816,-0.83535778,-0.33798495,0.92902325,0.15060535,0.7665428,0.36457747,-0.52867326,,,
-0.54615684,-0.06280417,-0.83532533,-0.33825146,0.92880936,0.15132456,0.76635417,0.36519694,-0.52851919,,,
-0.54619657,-0.06254124,-0.83531888,-0.33821091,0.92877756,0.15161009,0.76634354,0.36532292,-0.52844723,,,
-0.5466552,-0.06240956,-0.83502873,-0.33795486,0.92883599,0.15182299,0.76612952,0.36519687,-0.52884463,,,
-0.5477212,-0.06226883,-0.83434047,-0.33770455,0.92883708,0.15237227,0.76547833,0.36521811,-0.52977222,,,
-0.54841772,-0.06192271,-0.83390852,-0.33767186,0.92872841,0.15310536,0.76499383,0.36555316,-0.53024067,0.00164194,-0.00309813,-0.00551993
-0.54856677,-0.0613152,-0.83385536,-0.33745836,0.92870558,0.15371334,0.76498116,0.36571353,-0.53014835,,,
-0.5483182,-0.06116461,-0.83403008,-0.33735339,0.92874991,0.15367594,0.76520584,0.36562617,-0.52988457,,,
-0.548337773,-0.0615467122,-0.833988865,-0.336861737,0.929053022,0.152920374,0.765408123,0.364790999,-0.53016759,9.50153917e-05,-0.00503063155,-0.00327915675
-0.54831817,-0.06187286,-0.83397783,-0.33670343,0.92918987,0.15243686,0.76549205,0.36438708,-0.53032449,-0.00368848,0.00480407,-0.00463704
-0.54796975,-0.06208502,-0.83419097,-0.33639736,0.92940431,0.15180396,0.76587593,0.36380363,-0.53017068,-0.00351385,0.00226945,-0.00519072
-0.54749172,-0.06205417,-0.83450709,-0.33637129,0.92945235,0.15156743,0.76622918,0.36368614,-0.52974071,-0.00352626,0.01161605,0.00809174
-0.547401778,-0.0620443796,-0.834566665,-0.336155069,0.929560876,0.151381423,0.766388148,0.363410319,-0.529699802,8.0794096e-05,-0.00566244079,-0.00686054165
-0.54754086,-0.06234109,-0.83445328,-0.33546846,0.92992774,0.15064956,0.76658959,0.3624196,-0.53008689,-0.00149364,0.00583714,-0.01109907
-0.54742053,-0.06215813,-0.83454593,-0.33476259,0.93023828,0.15030217,0.76698406,0.36165329,-0.53003974,-0.00105443,0.00148481,-0.01612487
-0.54679204,-0.06175737,-0.83498759,-0.33470116,0.93024842,0.1503762,0.76745904,0.36169585,-0.52932269,-0.00263131,0.00152904,-0.01302252
-0.54495561,-0.06074803,-0.83626155,-0.3354201,0.92988352,0.15102982,0.76845108,0.36280343,-0.52712136,-0.0014723,-0.00142747,0.00513668
-0.54366483,-0.05986342,-0.83716472,-0.33587146,0.92962055,0.1516443,0.76916758,0.36362343,-0.5255084,0.00465246,-0.00895643,0.01295342
-0.543606648,-0.0606230864,-0.837147858,-0.33616892,0.929622217,0.150973458,0.769078768,0.363493286,-0.525728411,9.82000493e-05,-0.00625860645,0.00520599354
-0.543868116,-0.0615926942,-0.836907096,-0.336310017,0.929707719,0.150130325,0.768832049,0.363111391,-0.526352617,-0.00390428654,0.00692111207,0.000897455378
-0.54411914,-0.06258801,-0.8366702,-0.33621185,0.92991084,0.14908866,0.76869752,0.36242044,-0.52702511,-0.00798128,0.00420958,-0.0034684
-0.54396891,-0.0626445,-0.83676373,-0.3357847,0.93013467,0.1486544,0.76899058,0.36183582,-0.52699941,,,
-0.54367799,-0.06237569,-0.83697272,-0.33549728,0.93024638,0.1486043,0.76932154,0.36159499,-0.52668135,,,
-0.54332689,-0.06210117,-0.83722118,-0.33506496,0.93042996,0.14843034,0.76975797,0.36116968,-0.52633554,,,
-0.542483934,-0.0619315693,-0.837780093,-0.334265206,0.930844211,0.147634069,0.770699536,0.360129875,-0.525669594,-0.00135350414,-0.00669711782,0.000299267529
-0.54220391,-0.06259173,-0.8379123,-0.3339123,0.93114769,0.14651465,0.7710495,0.35923007,-0.52577207,,,
-0.54214478,-0.06325516,-0.83790097,-0.33372488,0.9313554,0.1456188,0.77117246,0.35857484,-0.52603929,-0.00762524,-0.00182044,-0.00295035
-0.5414338,-0.06448247,-0.83826671,-0.33330163,0.93182035,0.14359957,0.77185432,0.35714538,-0.52601114,-0.00893215,0.01572448,-0.00283865
-0.54084192,-0.06452579,-0.83864562,-0.33312188,0.93195768,0.14312478,0.77234699,0.35677908,-0.52553673,-0.0064412,-0.00401097,-0.00651598
-0.54064073,-0.06440971,-0.83878436,-0.33291903,0.9320474,0.14301251,0.77257539,0.35656563,-0.52534601,-0.00446257,-0.00752264,-0.00686685
-0.54062067,-0.06463123,-0.83878002,-0.33285599,0.93211577,0.1427133,0.77261634,0.35634674,-0.52543394,-0.00568152,0.00398272,-0.00652076
-0.54051088,-0.06490563,-0.83882943,-0.33309225,0.93206203,0.14251285,0.77259117,0.3564374,-0.52540922,-0.00373951,0.00367647,-0.00504891
-0.53988908,-0.06475611,-0.8392415,-0.33358803,0.93185654,0.14269689,0.77281219,0.35700143,-0.52470103,-0.00642882,0.00100452,0.00216005
-0.53976882,-0.0648781,-0.83930936,-0.33374839,0.93181263,0.14260865,0.77282688,0.35709389,-0.52461635,,,
-0.53971958,-0.06519317,-0.83931665,-0.33409717,0.93170879,0.14247038,0.7727106,0.3573074,-0.52464233,,,
-0.539881643,-0.0657408219,-0.839169806,-0.334757559,0.931483358,0.142394277,0.772311593,0.357794491,-0.524898004,-0.00501550408,0.00274115778,0.000628297799
-0.54049392,-0.0656194799,-0.838784934,-0.334868697,0.931362913,0.142919801,0.771834851,0.358130141,-0.525369895,-0.00401993003,0.00571101857,-0.000313022523
-0.54112543,-0.06521632,-0.83840912,-0.33452494,0.93140356,0.14345893,0.77154137,0.35809807,-0.52582263,,,
-0.54170575,-0.06468475,-0.83807562,-0.3337916,0.93160652,0.14384871,0.77145189,0.35766628,-0.52624784,-0.0019278,-0.00281614,-0.00373333
-0.54181516,-0.06441045,-0.83802576,-0.33355506,0.93166032,0.14404878,0.77147709,0.35757562,-0.5262721,,,
-0.54184463,-0.06403014,-0.83803609,-0.33340696,0.9316612,0.14438564,0.77152067,0.35764166,-0.52616371,-0.00554497,0.00282747,-0.00398707
-0.54176216,-0.06337315,-0.83813936,-0.33285584,0.93180981,0.14469787,0.77181652,0.35737141,-0.52591341,-0.00301913,-0.00431466,0.00264437
-0.54225133,-0.06321647,-0.83783476,-0.33212426,0.93208212,0.14462505,0.77178811,0.35668839,-0.52641848,,,
-0.54311954,-0.06314106,-0.83727786,-0.33093021,0.93255093,0.14433969,0.77169048,0.35547427,-0.52738192,,,
-0.54419473,-0.06260339,-0.83661987,-0.32953854,0.93301292,0.14453802,0.77152858,0.35435534,-0.52837094,-0.00327529,-0.00105089,-0.0086916
-0.54448261,-0.0624264,-0.83644574,-0.32908813,0.93316625,0.14457433,0.77151768,0.3539826,-0.52863658,,,
-0.545254372,-0.0617798022,-0.835990973,-0.327616911,0.933667124,0.144681928,0.771598866,0.352773237,-0.529326188,-0.00538492482,-0.000423729391,0.0103181712
-0.546468,-0.06151978,-0.83521743,-0.3266994,0.93394517,0.14496184,0.77112926,0.35208202,-0.53046963,-0.01095532,0.00233263,0.02350343
-0.55436355,-0.06308317,-0.82988043,-0.32390444,0.93486474,0.14530598,0.76665959,0.3493543,-0.53868786,-0.02718217,0.00510424,0.16495165
-0.58867865,-0.07533247,-0.80484925,-0.31608209,0.93783063,0.14340785,0.74400901,0.3388196,-0.57589212,-0.08058425,0.01365417,0.25093061
-0.64468492,-0.09328897,-0.75873458,-0.30324438,0.94230293,0.14180275,0.70172918,0.32150015,-0.63577784,-0.11141343,-0.07170581,0.21198724
-0.73742541,-0.12854077,-0.6630843,-0.2850926,0.94922119,0.13304633,0.61231179,0.2871522,-0.73662585,-0.19930688,-0.03073746,0.1444716
-0.79660709,-0.15327841,-0.58474192,-0.27502395,0.95330555,0.12478126,0.53831145,0.26021964,-0.8015652,-0.16432491,-0.07438271,0.03106417
-0.8497849,-0.17785998,-0.4962175,-0.26617073,0.95731589,0.11269179,0.45499354,0.22784232,-0.86085371,-0.14523005,-0.08711784,-0.01537056
-0.91595193,-0.2110466,-0.34130765,-0.25331576,0.96373967,0.0838866,0.31122773,0.16329473,-0.93620064,-0.09759718,-0.04131567,-0.07586072
-0.9555651,-0.22577645,-0.1895267,-0.23956783,0.96943105,0.05301599,0.17176331,0.09606473,-0.98044326,-0.06623599,-0.00422215,-0.13337074
-0.97437116,-0.21966971,-0.04843576,-0.22085217,0.97509139,0.02052086,0.04272148,0.03069208,-0.99861545,-0.02829899,0.00910658,-0.16588052
-0.97762617,-0.20291219,0.0554401,-0.20341493,0.97908629,-0.00352138,-0.05356612,-0.01471993,-0.99845575,0.05869433,0.01047772,-0.16319712
-0.96992479,-0.17971092,0.16416537,-0.18701236,0.98189843,-0.0300308,-0.15579686,-0.05982856,-0.9859758,0.08858086,0.03793615,-0.13039178
-0.96246855,-0.16483577,0.2155995,-0.17819992,0.98301216,-0.04395319,-0.20469188,-0.08072338,-0.97549201,0.10384804,0.04046231,-0.11584951
-0.95489807,-0.14884451,0.25693329,-0.16853853,0.98408682,-0.05628395,-0.2444671,-0.09704861,-0.96478864,0.11104298,0.03400403,-0.08574706
-0.94536103,-0.11985192,0.30319626,-0.14833787,0.98626461,-0.07264979,-0.29032453,-0.11365577,-0.95015471,0.09591775,0.02949554,-0.04205292
-0.94032899,-0.09262898,0.32741555,-0.12525112,0.98889852,-0.07994922,-0.31637514,-0.11618775,-0.94149183,0.10572629,0.05815988,0.01187658
-0.93991562,-0.07015676,0.33412011,-0.10296522,0.99134081,-0.08149578,-0.32550942,-0.11100192,-0.93900042,0.06750728,0.04473215,0.01495338
-0.94054094,-0.05059508,0.33589106,-0.07995994,0.99403498,-0.07416784,-0.33013494,-0.09661572,-0.93897617,0.01875567,0.01776045,0.03245975
-0.94069534,-0.04397111,0.33639121,-0.07063956,0.99521888,-0.06744951,-0.33181705,-0.08721196,-0.93930386,0.01297251,-0.00806981,0.03898158
-0.94043306,-0.04029762,0.33758199,-0.06438169,0.99609282,-0.06044902,-0.33382704,-0.07858236,-0.93935305,-0.01450116,-0.04281503,0.06319118
-0.93862598,-0.03782546,0.34285629,-0.05926115,0.99687374,-0.0522576,-0.33980777,-0.06936841,-0.93793318,-0.02454932,-0.02617508,0.09630494
-0.9350001,-0.03596026,0.35281862,-0.05705103,0.99714046,-0.04955889,-0.35002757,-0.06646625,-0.934378,-0.00329713,-0.04274815,0.10779538
-0.93121098,-0.03302368,0.36298144,-0.05523167,0.99717163,-0.05097248,-0.36027149,-0.0675142,-0.93040112,0.04400652,-0.04486948,0.1229561
