0,1,2,3,4,5,6,7,8,9,10,11
-0.67523114,-0.73440502,-0.06864346,0.44374877,-0.33012307,-0.83312999,0.5891941,-0.59301587,0.54880089,-0.01754906,0.01216984,-0.01035371
-0.67518537,-0.73445612,-0.06854809,0.44382148,-0.33025601,-0.83303865,0.58919193,-0.59287866,0.54895149,-0.01126975,0.01071179,-0.0097904
-0.67515725,-0.73449333,-0.06842584,0.44382143,-0.33036493,-0.83299546,0.58922414,-0.59277184,0.54903226,-0.0083319,0.0094111,-0.0066448
-0.67505504,-0.73459762,-0.06831514,0.44371046,-0.33027085,-0.83309192,0.58942485,-0.59269507,0.5488997,-0.00669727,0.01078367,-0.00503972
-0.67495278,-0.73469703,-0.06825533,0.44355845,-0.33007796,-0.83324922,0.58965618,-0.5926792,0.54866829,-0.00753872,0.01305616,0.00236742
-0.67486114,-0.73477783,-0.06829371,0.44352003,-0.32989906,-0.83334065,0.58979019,-0.59267883,0.5485247,-0.00584074,0.01393056,-0.00235261
-0.67474089,-0.73488392,-0.0683372,0.44337935,-0.3295817,-0.83354085,0.59003313,-0.59272356,0.5482149,-0.00315837,0.01458764,-0.00215188
-0.67471997,-0.73492372,-0.06811559,0.44317265,-0.32960343,-0.83364218,0.59021234,-0.59266215,0.54808839,-0.00322703,0.01214862,0.00180325
-0.674681514,-0.734979771,-0.0678953052,0.44305918,-0.329698747,-0.833665066,0.590341934,-0.59253997,0.548081047,-0.000745785772,0.0119360685,0.0010042357
-0.674724108,-0.734973559,-0.0675384419,0.442870544,-0.329959075,-0.833662309,0.590434802,-0.592402761,0.548129334,-0.00026249385,0.0149869919,0.00299863564
-0.67473111,-0.73499014,-0.06728618,0.44278654,-0.33016834,-0.83362399,0.59048965,-0.59226545,0.54821858,-0.00128726,0.01387215,-0.00269651
-0.67474879,-0.73498103,-0.06720843,0.44275472,-0.33024324,-0.83361123,0.5904933,-0.59223501,0.54824753,-0.00088899,0.01280415,-0.00241716
-0.67481237,-0.73493031,-0.06712421,0.44273192,-0.33038286,-0.83356798,0.59043769,-0.59222003,0.54832359,-0.00171943,0.00725746,-0.00583953
-0.674840449,-0.734900141,-0.0671700075,0.442793198,-0.330422038,-0.833519759,0.590359391,-0.592235416,0.548391201,0.000127752719,0.0111343861,-0.00467681745
-0.67488658,-0.73485386,-0.06721452,0.44276128,-0.33038808,-0.83355029,0.59033079,-0.59231194,0.5483394,-0.00216734,0.00773251,-0.00516097
-0.67497841,-0.73475902,-0.06732892,0.44267701,-0.33027049,-0.83364162,0.59028897,-0.59249512,0.54818649,-0.00550262,0.00836444,-0.0046917
-0.67505958,-0.73468519,-0.06731972,0.44249962,-0.33018842,-0.83376824,0.59032903,-0.59263231,0.54799499,-0.00654228,0.01136303,-0.01071444
-0.67496429,-0.73480838,-0.06693134,0.44232486,-0.33035336,-0.83379574,0.59056911,-0.59238777,0.54800077,-0.00628532,0.0108974,-0.00387044
-0.67480487,-0.73498211,-0.06662719,0.44217292,-0.33037843,-0.83386618,0.59086462,-0.59215791,0.54793054,-0.00209187,0.0085969,-0.0012919
-0.67470259,-0.7350887,-0.06649115,0.44208224,-0.3303342,-0.83393204,0.59104971,-0.59205064,0.54784696,-0.00338603,0.01229131,-0.00114195
-0.67458904,-0.73521621,-0.06623146,0.44189835,-0.33032535,-0.8340329,0.5913166,-0.59189709,0.54772481,-0.00479788,0.00933373,-0.00293782
-0.67452151,-0.73530438,-0.06593985,0.44174404,-0.33043078,-0.8340729,0.59150892,-0.5917287,0.5476991,-0.00640931,0.01269019,-0.0026446
-0.674510851,-0.735329955,-0.0657653303,0.441691933,-0.330565368,-0.834047277,0.591560189,-0.591621908,0.547759153,-0.00453932816,0.0129857063,-9.08601214e-05
-0.67457014,-0.73531184,-0.06535613,0.44145116,-0.33085111,-0.8340613,0.59167204,-0.59148448,0.54778669,-0.00534251,0.01521003,0.00101551
-0.67462293,-0.73528425,-0.06512278,0.44135581,-0.33107587,-0.83402267,0.59168315,-0.59139314,0.54787335,-0.00679082,0.01181698,-0.00163255
-0.67464034,-0.73527499,-0.06504499,0.44132401,-0.33115067,-0.83400968,0.59168681,-0.5913626,0.5479023,-0.00264151,0.00814819,-0.00215775
-0.67476748,-0.73516875,-0.06492737,0.44123742,-0.33133109,-0.83398387,0.59160645,-0.59139366,0.54795556,-0.00279539,0.0107038,-0.00286748
-0.67483134,-0.7351157,-0.06486856,0.44119421,-0.33142159,-0.83397103,0.5915663,-0.59140927,0.54798219,-0.0054314,0.00826657,-0.00336359
-0.67489469,-0.73506478,-0.06478429,0.44117142,-0.33156105,-0.83392751,0.59151078,-0.5913942,0.54805831,-0.00520403,0.01357245,-0.00336193
-0.674958152,-0.735013864,-0.0647000686,0.441148598,-0.331700524,-0.833884084,0.591455318,-0.591379211,0.548134319,-4.82634641e-05,0.0123727322,-0.00943726301
-0.67495794,-0.73501157,-0.06472553,0.44112808,-0.33165098,-0.83391447,0.59147056,-0.5914096,0.548085,-0.00396325,0.01379335,-0.00200224
-0.67497564,-0.73500012,-0.06467321,0.44107582,-0.33167664,-0.83393205,0.59148957,-0.59140964,0.5480645,-0.00445516,0.01384771,-0.00207537
-0.674975588,-0.735004587,-0.0646222872,0.441116793,-0.331775339,-0.83387107,0.591459007,-0.591348666,0.548163253,-0.00659542624,0.0134874582,-0.000793019775
-0.67501091,-0.73498612,-0.06446671,0.44105326,-0.33192536,-0.83384519,0.59146646,-0.59128773,0.54822105,0.0020026,0.012712,-0.00472996
-0.67502836,-0.73497683,-0.06438893,0.44102146,-0.33200019,-0.83383216,0.59147016,-0.59125719,0.54824997,-0.00230986,0.01353896,-0.00515197
-0.67503489,-0.73498615,-0.06421297,0.440876,-0.33206132,-0.83388469,0.59157105,-0.59121119,0.5481907,-0.0087677,0.01558685,-0.0055876
-0.67506991,-0.73496315,-0.06410835,0.44077139,-0.33211229,-0.83391971,0.59160907,-0.59121119,0.54814967,-0.00628995,0.00902843,-0.00345936
-0.67504142,-0.73499553,-0.06403704,0.4407306,-0.33212248,-0.8339372,0.59167196,-0.5911652,0.54813139,-0.00319708,0.00960767,-0.00729542
-0.67495587,-0.73509484,-0.06379766,0.44062874,-0.33220245,-0.83395914,0.59184532,-0.5909967,0.54812591,-0.00639197,0.00970542,-0.00366003
-0.67493379,-0.73514094,-0.06349948,0.44048359,-0.33237263,-0.83396802,0.59197854,-0.59084367,0.54814703,-0.00457363,0.01264238,-0.00340369
-0.67499247,-0.73512002,-0.06311561,0.44022225,-0.33260901,-0.83401169,0.5921059,-0.59073657,0.54812487,-0.0018105,0.00758493,-0.00137559
-0.67501614,-0.73512211,-0.0628364,0.4400656,-0.33279439,-0.83402035,0.59219524,-0.59062945,0.54814375,-0.00428226,0.01415288,-0.0018192
-0.67503362,-0.73511276,-0.06275862,0.44003382,-0.33286929,-0.83400726,0.592199,-0.59059894,0.54817259,-0.00453944,0.01553655,-0.00120821
-0.67504009,-0.73512636,-0.06253169,0.43992945,-0.3330294,-0.83399855,0.59226942,-0.59049195,0.54821185,-0.00790127,0.01264143,-0.00671253
-0.67509227,-0.73510037,-0.0622728,0.43985462,-0.33330332,-0.83392855,0.59226545,-0.59036968,0.54834777,-0.00441308,0.01104629,-0.00446884
-0.67506347,-0.73513695,-0.06215049,0.43985492,-0.33341218,-0.83388473,0.59229779,-0.59026244,0.54842821,-0.00281631,0.00822425,-0.00158007
-0.675115687,-0.73511087,-0.0618916098,0.439780135,-0.333686153,-0.8338146,0.592293842,-0.590140122,0.548564102,-0.000578222447,0.0115578175,-0.00271216338
-0.67518507,-0.73507311,-0.06158037,0.43965306,-0.33398554,-0.83376163,0.59230888,-0.59001761,0.54867957,-0.002542,0.01338446,0.00322146
-0.67517412,-0.73509603,-0.06143124,0.43958056,-0.33407084,-0.83376594,0.59237564,-0.58994114,0.54868987,-0.00465249,0.01527786,-0.00345987
-0.675180097,-0.735107278,-0.0612297139,0.439455695,-0.334181387,-0.833787416,0.592461375,-0.589864435,0.548679738,-0.006143359,0.012319088,0.000235338928
-0.67521471,-0.73509256,-0.06102314,0.43943322,-0.33442971,-0.83369962,0.59243846,-0.58974193,0.5488361,-0.00413172,0.01541889,-0.00182199
-0.67521477,-0.73509468,-0.06099766,0.43945376,-0.3344791,-0.83366902,0.59242324,-0.58971133,0.54888543,-0.00227432,0.01022053,-0.0042581
-0.67522605,-0.73507394,-0.06112133,0.43954677,-0.33444332,-0.83363426,0.59234124,-0.58975737,0.54892442,-0.00497557,0.0118916,-0.00515146
-0.67530067,-0.73499147,-0.06128819,0.43951435,-0.33430022,-0.83370874,0.5922802,-0.58994124,0.54879269,-0.00490318,0.00930476,-0.0053679
-0.67530089,-0.73498726,-0.06133917,0.4394733,-0.33420164,-0.83377007,0.59231072,-0.59000257,0.5486939,-0.00670366,0.00560915,-0.0032649
-0.67522603,-0.73505908,-0.06129971,0.439403,-0.33409783,-0.83384854,0.59244789,-0.58997165,0.54857895,-0.00678837,0.01197922,-0.00462992
-0.67514028,-0.73515392,-0.06111122,0.43926029,-0.33407939,-0.83393139,0.59265189,-0.5898643,0.54847418,-0.00727272,0.01134706,-0.00422175
-0.675082706,-0.735218416,-0.0609685459,0.439178806,-0.33409979,-0.833965983,0.59277758,-0.58977213,0.54843738,-0.00647867611,0.0117950439,0.000291652977
-0.67482981,-0.73547481,-0.0606772,0.43900951,-0.33399658,-0.83409657,0.593191,-0.58951102,0.54827114,-0.00262848,0.01369572,-0.00540347
-0.67478331,-0.73551644,-0.0606837,0.43900045,-0.33393165,-0.83412698,0.59324999,-0.58949536,0.54822397,-0.00412442,0.01203263,-0.00279839
-0.67476606,-0.73552382,-0.06078702,0.43901164,-0.33380749,-0.83417086,0.59326144,-0.58955657,0.54814579,-0.00432193,0.00930023,0.00084401
-0.67477768,-0.73549895,-0.06096169,0.43906357,-0.33367308,-0.83419747,0.5932101,-0.58966391,0.54808598,-0.00724684,0.00901103,-0.00249871
-0.67482367,-0.7354551,-0.06098068,0.43905199,-0.33368826,-0.83419743,0.59316624,-0.58970994,0.54808389,-0.00496358,0.01247978,-0.00308803
-0.67494446,-0.73533512,-0.06109,0.4390696,-0.3337084,-0.83418007,0.5930157,-0.58984809,0.54809812,-0.00288483,0.01269197,-0.00578837
-0.67508262,-0.73520994,-0.06107049,0.43909659,-0.33390229,-0.8340883,0.59283846,-0.58989444,0.54823996,-0.00442734,0.01308274,-0.00429548
-0.67511143,-0.7351798,-0.06111634,0.4391579,-0.33394146,-0.83404043,0.5927604,-0.58990995,0.54830772,-0.0045584,0.01081073,-0.00740753
-0.67518604,-0.73510576,-0.06118122,0.43920757,-0.33399565,-0.83399248,0.59263845,-0.58997142,0.54837336,-0.00630566,0.01283288,-0.00401399
-0.67526084,-0.73502956,-0.06127159,0.43923672,-0.33400066,-0.83397515,0.59253166,-0.59006355,0.54838965,-0.00148931,0.01433611,-0.00314621
-0.67526101,-0.73502748,-0.06129704,0.43921622,-0.33395148,-0.83400578,0.5925469,-0.59009418,0.54834029,-0.00609539,0.01500881,-0.00114398
-0.675353,-0.73493548,-0.06138601,0.43915199,-0.33388316,-0.83406692,0.59248961,-0.59024735,0.54823731,-0.00448499,0.00865042,-0.00596106
-0.67535286,-0.73493119,-0.061437,0.43911085,-0.33378421,-0.83412806,0.59252005,-0.59030849,0.54813851,-0.00335553,0.01315534,-0.00546536
-0.67533534,-0.73494272,-0.06148931,0.43916316,-0.33375864,-0.83411063,0.59250102,-0.59030841,0.54815911,-0.00359757,0.0098989,-0.00757371
-0.67531813,-0.73495645,-0.06151617,0.43923604,-0.33378263,-0.83406277,0.59246682,-0.59027791,0.54822897,-0.00590386,0.00674522,-0.00604336
-0.67531813,-0.73495645,-0.06151617,0.43923604,-0.33378263,-0.83406277,0.59246682,-0.59027791,0.54822897,-0.00651617,0.01049697,-0.00591026
-0.67524333,-0.73503259,-0.06142583,0.43920685,-0.33377758,-0.83408007,0.59257353,-0.59018582,0.54821273,-0.00722675,0.01526999,-0.00424184
-0.67516854,-0.73510455,-0.06138644,0.43913659,-0.33367382,-0.83415855,0.59271076,-0.59015483,0.54809771,-0.00450249,0.01132917,-0.00264539
-0.67516854,-0.73510455,-0.0613864402,0.439136588,-0.333673824,-0.834158545,0.592710765,-0.59015483,0.548097715,-0.00173435791,0.0127904415,-0.000671472866
-0.67512284,-0.73514635,-0.06139295,0.43912763,-0.33360944,-0.83418927,0.59276992,-0.59013953,0.54805035,-0.00425302,0.0121882,-0.00091924
-0.67510532,-0.73516001,-0.06141977,0.43920049,-0.33363322,-0.83414128,0.59273566,-0.59010888,0.54812033,-0.00597773,0.01368153,-0.00427642
-0.67515133,-0.73511615,-0.06143877,0.43918892,-0.33364843,-0.83414126,0.59269179,-0.5901549,0.54811821,-0.00703003,0.00904536,-0.00691379
-0.67519733,-0.73507654,-0.06140681,0.43921844,-0.33376238,-0.83408011,0.59261748,-0.59013977,0.54821483,-0.00283167,0.01136577,-0.00226295
-0.67524359,-0.73503691,-0.06137487,0.43924796,-0.33387652,-0.83401902,0.59254313,-0.59012477,0.54831141,-0.00630857,0.01699889,-0.00106209
-0.675306822,-0.734983563,-0.0613160715,0.439204596,-0.333966501,-0.834005721,0.592503014,-0.590140137,0.548338166,-0.00323599624,0.0155584812,-1.63778896e-05
-0.67542733,-0.73486349,-0.0614254,0.43922217,-0.33398659,-0.83398828,0.59235236,-0.59027808,0.54835238,-0.00632114,0.00788236,-0.00670597
-0.67559414,-0.73469959,-0.06155377,0.4392282,-0.33402213,-0.83397101,0.59215787,-0.59046217,0.54836432,-0.0051137,0.01012063,-0.00440807
-0.67573815,-0.73458346,-0.06135842,0.43910963,-0.33427707,-0.83393129,0.59208145,-0.59046236,0.54844662,-0.00466688,0.00736547,-0.00285748
-0.67587084,-0.73449221,-0.06098844,0.43893905,-0.33466654,-0.83386489,0.59205651,-0.59035526,0.54858883,-0.00458767,0.01064503,-0.00238936
-0.67595137,-0.734429286,-0.0608518187,0.438863756,-0.334831345,-0.833838255,0.592020205,-0.59033995,0.548644426,-0.00476407725,0.014474988,0.000743756653
-0.6759516,-0.73443776,-0.06075001,0.43894585,-0.33502893,-0.83371585,0.5919594,-0.59021754,0.54884179,-0.00118277,0.01189148,-0.00209618
-0.67600895,-0.73437529,-0.06086734,0.43904784,-0.33505782,-0.83365056,0.59181829,-0.59027891,0.54892797,-0.00287205,0.01145029,-0.00248471
-0.67606594,-0.73431067,-0.06101003,0.43912925,-0.33503717,-0.83361575,0.59169239,-0.5903707,0.54896487,-0.00201847,0.00989914,-0.00369675
-0.67615196,-0.73421172,-0.06124956,0.43923091,-0.33495724,-0.83359446,0.59151886,-0.5905393,0.54897061,-0.00548726,0.00968552,-0.01144728
-0.6762267,-0.73413343,-0.0613654,0.43923954,-0.33491301,-0.83360784,0.59142729,-0.59066193,0.54893742,-0.00724276,0.01062584,-0.00741642
-0.67625005,-0.73413724,-0.06106071,0.43910332,-0.3351476,-0.83358526,0.59150162,-0.59052402,0.54900566,-0.0089088,0.01048946,-0.0065707
-0.67619283,-0.73420393,-0.06089255,0.4390424,-0.33521742,-0.83358928,0.59161228,-0.59040148,0.54901823,-0.00711157,0.01108873,-0.00321226
-0.67616396,-0.73423405,-0.06084662,0.43898116,-0.33517815,-0.83363714,0.59169037,-0.59038606,0.54895056,-0.00591377,0.00878155,-0.00346148
-0.6761009,-0.73428539,-0.06093084,0.43900411,-0.33503891,-0.83368121,0.59174572,-0.59040149,0.54887438,-0.00963235,0.01053619,-0.0014276
-0.67608357,-0.73429278,-0.06103408,0.43901542,-0.33491473,-0.83372514,0.59175713,-0.59046276,0.54879617,-0.00635742,0.0144999,-0.00160443
-0.676066,-0.73430222,-0.06111184,0.43904722,-0.33483977,-0.83373832,0.59175328,-0.59049327,0.5487674,-0.00655506,0.01380825,-0.00588797
-0.67614086,-0.7342282,-0.06117679,0.43909686,-0.3348943,-0.83369049,0.5916313,-0.59055469,0.54883294,-0.00659617,0.01034081,0.00123511
-0.67623276,-0.73414675,-0.06113849,0.43913515,-0.33507283,-0.83359859,0.59149783,-0.59055469,0.54897678,-0.00185599,0.01141596,-0.00331667
-0.67626133,-0.73411657,-0.06118441,0.43919637,-0.33511194,-0.83355059,0.59141966,-0.59056997,0.54904454,-0.00451522,0.00897217,-0.00505055
-0.67637569,-0.73398943,-0.06144443,0.4393797,-0.33512043,-0.83345052,0.59115259,-0.59072311,0.54916738,-0.00554789,0.01482892,-0.00300372
-0.67650104,-0.73384166,-0.06182821,0.43965615,-0.33509329,-0.83331562,0.59080351,-0.59092205,0.54932899,-0.00648213,0.01452816,-0.00487794
-0.67650104,-0.73384166,-0.06182821,0.43965615,-0.33509329,-0.83331562,0.59080351,-0.59092205,0.54932899,-0.00648213,0.01452816,-0.00487794
-0.67675747,-0.73354853,-0.06249601,0.44000217,-0.33495222,-0.83318965,0.59025189,-0.59136575,0.54944446,-0.00534257,0.01274967,-0.00427608
-0.67688216,-0.73339838,-0.06290519,0.4402581,-0.33487591,-0.83308505,0.58991784,-0.59159505,0.54955633,-0.002632,0.00888133,-0.00423117
-0.67698489,-0.73328972,-0.06306698,0.44032794,-0.3348709,-0.8330502,0.58974788,-0.59173264,0.54959064,-0.00296128,0.00685143,-0.00461214
-0.67709838,-0.7331624,-0.06332713,0.44051129,-0.33487962,-0.83294968,0.58948048,-0.59188534,0.54971303,-0.005709,0.00908887,-0.00712853
-0.67729272,-0.73297016,-0.06347624,0.44059877,-0.33500398,-0.83285352,0.589192,-0.59205322,0.54984158,-0.00557425,0.0124073,-0.00622333
-0.67739516,-0.73286139,-0.06363807,0.44066861,-0.33499896,-0.83281855,0.5890219,-0.59219063,0.54987582,-0.00334299,0.01165152,-0.00830802
-0.67738872,-0.73284563,-0.06389029,0.44075278,-0.33479005,-0.83285817,0.58896661,-0.59232849,0.54978663,-0.01003805,0.01086283,-0.00661604
-0.67741711,-0.73280881,-0.06401245,0.4407527,-0.33468122,-0.83290202,0.58893413,-0.59243561,0.54970603,-0.00670184,0.01003885,-0.00662464
-0.67745607,-0.7327578,-0.06418212,0.44090688,-0.3346849,-0.83281882,0.58877369,-0.59249648,0.54981222,-0.00657321,0.01159918,-0.00397345
-0.6774559,-0.73276221,-0.06413133,0.44094766,-0.33478355,-0.83275744,0.5887431,-0.5924351,0.54991105,-0.00298619,0.01099384,-0.0032531
-0.677455896,-0.732771086,-0.0640297791,0.441029255,-0.334981048,-0.832634799,0.58868198,-0.592312458,0.550108549,-0.00597681664,0.0137970448,7.3364703e-05
-0.67750184,-0.73272483,-0.06407426,0.44099724,-0.33494704,-0.83266551,0.58865322,-0.59238902,0.55005692,-0.01169164,0.01278245,-0.00326997
-0.67754765,-0.73268306,-0.06406794,0.44100604,-0.33501171,-0.83263486,0.58859395,-0.59240415,0.55010406,-0.00813037,0.01338184,-0.00221161
-0.67762138,-0.73260885,-0.06413302,0.44105557,-0.33506605,-0.83258653,0.58847154,-0.59246487,0.55016951,-0.01059377,0.01211274,-0.00618857
-0.67777652,-0.73246969,-0.06408708,0.44100916,-0.33523627,-0.83254283,0.58832807,-0.59254097,0.55024111,-0.00885554,0.01397979,-0.0037669
-0.67783966,-0.73241848,-0.06400306,0.44098597,-0.3353756,-0.83249891,0.58827255,-0.59252531,0.55031729,-0.00608691,0.01648104,0.00158794
-0.67802962,-0.73225161,-0.06390325,0.44079417,-0.33549776,-0.83255146,0.58819772,-0.59266263,0.55024949,-0.00271273,0.01963782,0.00174643
-0.67833475,-0.7319852,-0.06371459,0.44029972,-0.33553862,-0.83279645,0.58821599,-0.59296832,0.54990044,-0.006393,0.0024941,-0.00656441
-0.67860492,-0.73174647,-0.06357967,0.43995067,-0.33562759,-0.83294505,0.58816552,-0.59321256,0.54969096,-0.00147352,0.00396204,-0.00682264
-0.67879422,-0.7315706,-0.06358105,0.43967724,-0.33555162,-0.83311991,0.58815136,-0.59347225,0.54942569,-0.00709863,0.00975931,-0.0096661
-0.67884018,-0.73152219,-0.06365077,0.43962491,-0.3354682,-0.83318133,0.5881378,-0.59357937,0.54932458,-0.00805885,0.01481533,-0.00804291
-0.67893135,-0.7314318,-0.06371412,0.43958129,-0.33544909,-0.83321185,0.58806484,-0.59370129,0.54927083,-0.00419342,0.01424575,-0.00137128
-0.67894888,-0.73142021,-0.06366177,0.43952894,-0.33547449,-0.83322933,0.58808389,-0.59370134,0.54925043,-0.00353763,0.01166797,-0.0028756
-0.67904036,-0.7313298,-0.06372516,0.43948533,-0.33545556,-0.83325999,0.5880109,-0.59382344,0.54919659,-0.00755113,0.01220798,-0.01049113
-0.67912085,-0.73126029,-0.06366473,0.43934859,-0.33547199,-0.83332546,0.58802009,-0.59389973,0.54910425,-0.01387552,0.01031673,-0.0098646
-0.67912742,-0.73127169,-0.06346323,0.4392234,-0.33558218,-0.83334707,0.588106,-0.59382342,0.54909476,-0.0087382,0.01046515,-0.00702435
-0.67902498,-0.73138509,-0.06325076,0.43919427,-0.33568594,-0.83332054,0.58824587,-0.59362495,0.54915948,-0.00614535,0.00982606,-0.0088896
-0.67897926,-0.73143134,-0.06320642,0.43922626,-0.33572013,-0.83328989,0.58827473,-0.5935486,0.54921109,-0.00777575,0.01168752,-0.00929215
-0.67867033,-0.73172117,-0.06317169,0.43942113,-0.33562768,-0.83322452,0.58848585,-0.59324376,0.54931433,-0.00751562,0.01214933,-0.00236108
-0.67865306,-0.73173061,-0.06324943,0.43945313,-0.33555301,-0.83323781,0.58848205,-0.59327448,0.54928527,-0.00427214,0.01276326,-0.00492568
-0.6786244,-0.73176954,-0.06310196,0.4394735,-0.33571113,-0.8331631,0.58849942,-0.59313662,0.54941539,-0.00519605,0.01303267,-0.00201429
-0.67876816,-0.73165748,-0.06285622,0.43939508,-0.33606468,-0.83306202,0.58839233,-0.59307478,0.54959686,-0.00655422,0.00941825,-0.00642797
-0.67912295,-0.73134537,-0.06265673,0.43939219,-0.33666653,-0.83282055,0.58798504,-0.59311847,0.54998549,-0.00462408,0.00795531,-0.0048268
-0.67923168,-0.73124549,-0.06264247,0.43931648,-0.33672224,-0.83283788,0.58791588,-0.59320986,0.54996082,-0.00967636,0.01318872,-0.0083358
-0.67934711,-0.73116343,-0.06235073,0.43917675,-0.33703646,-0.83278465,0.5878872,-0.5931328,0.55007466,-0.00287066,0.01212811,-0.00634946
-0.67927926,-0.73124682,-0.06210936,0.43898191,-0.33704262,-0.83288474,0.58811085,-0.5930263,0.54995034,-0.00893902,0.01312304,-0.00793936
-0.67909336,-0.73150214,-0.06113039,0.43850804,-0.3374822,-0.8329565,0.58867903,-0.59246136,0.54995142,-0.00605523,0.01148331,-0.00362977
-0.67898553,-0.73164472,-0.06061782,0.4382407,-0.33768229,-0.833016,0.58900222,-0.59217106,0.54991798,-0.01077137,0.01194596,-0.0066595
-0.67904361,-0.73162067,-0.06025912,0.43795849,-0.33786869,-0.83308898,0.58914542,-0.59209466,0.54984692,-0.00737428,0.01063251,-0.00422999
-0.67912356,-0.73156566,-0.06002132,0.43796445,-0.33823056,-0.83293876,0.5890484,-0.59195568,0.55010034,-0.00273231,0.01483607,-0.01073733
-0.6793239,-0.73138607,-0.05994386,0.43794678,-0.33851407,-0.83283293,0.58883059,-0.59201562,0.55026902,-0.00649274,0.01211786,-0.00608282
-0.67938687,-0.7313303,-0.05991054,0.43788267,-0.33855457,-0.83285017,0.58880561,-0.59206134,0.55024655,-0.00988515,0.01591587,-0.00268325
-0.679238359,-0.731480988,-0.0597548184,0.437804461,-0.338495276,-0.832915398,0.589035082,-0.591909089,0.550164751,0.000125722087,0.0120236874,0.00524737127
-0.67931323,-0.73133691,-0.06066091,0.436408,-0.33613789,-0.83460127,0.5899843,-0.59342864,0.54750428,-0.01546942,0.00267971,-0.01509608
-0.67952511,-0.73117302,-0.06026058,0.43530624,-0.33571117,-0.83534798,0.5905538,-0.59387186,0.54640858,-0.0113287,0.00446343,-0.01646566
-0.679325114,-0.731425004,-0.0594572691,0.435266075,-0.336376734,-0.835101423,0.59081397,-0.593184968,0.546873415,0.000493899104,0.0089468956,-0.00165495637
-0.67933645,-0.73133802,-0.06038645,0.43547796,-0.3355406,-0.83532707,0.59064437,-0.59376517,0.54642668,-0.01568103,0.01173186,-0.0079556
-0.67947933,-0.73122542,-0.06014042,0.43539963,-0.33589394,-0.8352258,0.59053759,-0.59370394,0.54660854,-0.00938757,0.01489019,-0.00780951
-0.679428209,-0.731279129,-0.0600698533,0.435740936,-0.336263423,-0.834899359,0.590345143,-0.593428967,0.547114922,0.000476953632,0.0134831667,-0.000622086343
-0.67937626,-0.73125386,-0.06095657,0.4360784,-0.33553547,-0.83501593,0.59015553,-0.59387183,0.54683883,-0.00705927,0.0138104,-0.00777439
-0.67929607,-0.7313296,-0.06094121,0.43627656,-0.33566755,-0.83485929,0.59010133,-0.59370387,0.54707964,-0.00440008,0.00847888,-0.0093956
-0.67915877,-0.73145124,-0.061011,0.43620925,-0.33537493,-0.83501201,0.59030903,-0.59371934,0.5468387,-0.00843547,0.01249754,-0.00875963
-0.67895305,-0.73167125,-0.06066243,0.4360897,-0.33543514,-0.83505032,0.59063401,-0.59341422,0.54681901,-0.01007419,0.00860906,-0.00230627
-0.67879264,-0.73180375,-0.06085953,0.43630214,-0.33525415,-0.83501206,0.59066154,-0.59335316,0.54685555,-0.0095778,0.0121063,-0.00939384
-0.67890676,-0.73166544,-0.06124632,0.43638364,-0.33501531,-0.83506522,0.59046993,-0.59365839,0.54673112,-0.00347816,0.01751375,-0.00403844
-0.67895259,-0.73162775,-0.06118926,0.43643336,-0.33517883,-0.83497365,0.59038056,-0.5936126,0.54687736,-0.00991642,0.01246548,-0.00583659
-0.6789353,-0.73163297,-0.06131766,0.43642445,-0.33500508,-0.83504798,0.59040695,-0.59370416,0.54674945,-0.00862751,0.01088905,-0.00992408
-0.67883226,-0.7317398,-0.06118134,0.43633395,-0.33496086,-0.83511289,0.59059206,-0.59359726,0.54666551,-0.00256954,0.011446,-0.00609396
-0.67869514,-0.73186779,-0.06117521,0.43632782,-0.33481679,-0.83517406,0.59075451,-0.59352104,0.54657284,-0.00181492,0.01568377,-0.00293651
-0.67848122,-0.73191676,-0.06293787,0.43709853,-0.33335433,-0.83535611,0.59043051,-0.59428344,0.54609433,-0.01236806,0.01173913,-0.00926225
-0.67833763,-0.73205694,-0.06285456,0.43744239,-0.33364382,-0.83506045,0.59034076,-0.59394818,0.54655589,-0.00782456,0.01205158,-0.01091531
-0.6779363,-0.73241709,-0.06298544,0.4374964,-0.33312544,-0.8352389,0.59076125,-0.59379485,0.54626798,-0.0109736,0.0106349,-0.00659104
-0.677522835,-0.73274501,-0.0636208995,0.437718635,-0.33218838,-0.835495856,0.591071286,-0.593915548,0.545801312,-0.00864122342,0.0124297142,-0.000658214907
-0.67744233,-0.73280762,-0.06375751,0.43779402,-0.33202359,-0.83552189,0.59110779,-0.5939305,0.54574553,-0.0036573,0.0122726,-0.00401247
-0.67717642,-0.73298375,-0.06454812,0.43809518,-0.33114516,-0.83571235,0.59118885,-0.59420311,0.54536069,-0.00591747,0.01022959,-0.00997688
-0.67695827,-0.73318055,-0.06460279,0.43822538,-0.33098425,-0.83570792,0.59134233,-0.59405008,0.54536105,-0.00582648,0.00992477,-0.0068358
-0.67689044,-0.73327784,-0.06420965,0.43815262,-0.3312879,-0.83562586,0.59147405,-0.5937608,0.54553326,-0.00351387,0.01221919,-0.0054746
-0.67696449,-0.73320348,-0.06427439,0.4382025,-0.33134216,-0.83557795,0.59135193,-0.59382203,0.54559889,-0.00620575,0.01321781,-0.0044554
-0.67708941,-0.73305679,-0.06463242,0.4385004,-0.33136477,-0.83541279,0.59098816,-0.59399063,0.54580952,-0.00977343,0.01290345,-0.00114648
-0.67728393,-0.7328753,-0.06465405,0.43869094,-0.33173651,-0.83516528,0.59062392,-0.59400722,0.54618566,-0.01138906,0.00875187,-0.00090606
-0.67750653,-0.73266805,-0.0646709,0.43898355,-0.33224648,-0.83480874,0.59015103,-0.59397788,0.54672846,-0.00836704,0.01184261,-0.00654158
-0.67761538,-0.73258409,-0.06447881,0.43905117,-0.33264842,-0.83461294,0.58997545,-0.59385625,0.54704991,-0.00418004,0.01051295,-0.00850775
-0.67766143,-0.73253565,-0.06454851,0.43899881,-0.33256485,-0.83467398,0.58996188,-0.59396308,0.54694865,-0.00791182,0.01417232,-0.00097951
-0.67765489,-0.73252616,-0.06472454,0.4391444,-0.33250395,-0.83462166,0.58986103,-0.59400887,0.5470077,-0.00759988,0.01018608,-0.00196222
-0.67780311,-0.7323909,-0.06470215,0.43936643,-0.33290985,-0.83434289,0.58952517,-0.59394822,0.54743542,-0.0050753,0.01100695,-0.00468497
-0.67807106,-0.7321149,-0.06501733,0.4394224,-0.33289075,-0.83432103,0.58917521,-0.59429908,0.54743139,-0.00083776,0.01535583,-0.00449751
-0.6781033,-0.73204508,-0.06546448,0.43964088,-0.33263579,-0.83430755,0.58897496,-0.5945277,0.54739861,-0.00707248,0.00766349,-0.00515594
-0.678118,-0.73198656,-0.06596396,0.43991171,-0.33235561,-0.83427639,0.58875568,-0.59475633,0.5473861,-0.00822741,0.01368332,-0.00571178
-0.67817463,-0.73191464,-0.06618267,0.43993236,-0.33218709,-0.83433283,0.58867538,-0.59493925,0.54727378,-0.00881973,0.01368308,-0.00887881
-0.67801994,-0.73206065,-0.06615285,0.44003961,-0.33216554,-0.83428486,0.58877341,-0.59477163,0.54735052,-0.00986265,0.01534414,-0.00678591
-0.67785441,-0.73225965,-0.06564426,0.44033917,-0.33287196,-0.83384509,0.58873999,-0.59413133,0.54808137,0.00191703,0.00942361,-0.0037222
-0.67806921,-0.73201115,-0.06619267,0.44049102,-0.33262858,-0.83386186,0.58837866,-0.59457348,0.54798981,-0.01038344,0.0113703,-0.00215259
-0.678220767,-0.731836618,-0.0665716637,0.440869949,-0.332740781,-0.833616989,0.587920326,-0.594725786,0.548316457,-0.0124064544,0.0125569105,0.000647092471
-0.67843848,-0.73156886,-0.06729312,0.44136248,-0.33264905,-0.83339299,0.58729935,-0.59510648,0.54856886,-0.00586739,0.01041985,-0.00421474
-0.67890408,-0.731031,-0.06843296,0.44192289,-0.33241497,-0.83318939,0.58633911,-0.59589771,0.5487371,-0.00097183,0.01064277,-0.00500731
-0.679421,-0.73044821,-0.06951691,0.44224538,-0.33205926,-0.83316009,0.58549655,-0.59680996,0.54864532,-0.01787632,0.00865662,-0.01129572
-0.67964862,-0.73023447,-0.06953605,0.44224865,-0.3322842,-0.83306857,0.58522967,-0.59694618,0.5487818,-0.01236852,0.00652289,-0.01008827
-0.67967381,-0.73024936,-0.06913062,0.44219251,-0.33271643,-0.83292575,0.58524265,-0.596687,0.5490497,-0.00768415,0.0062027,-0.00880599
-0.67950834,-0.73052104,-0.06787621,0.44136499,-0.33312756,-0.83320033,0.58605898,-0.59612486,0.54878955,-0.01094652,0.01003337,-0.0059813
-0.67951642,-0.73061761,-0.06674733,0.44073846,-0.33378689,-0.83326816,0.58652103,-0.59563757,0.54882505,-0.00655185,0.0111289,-0.00588419
-0.6797132,-0.73045995,-0.06647108,0.44040106,-0.33396928,-0.8333736,0.58654671,-0.5957289,0.54869853,-0.00954846,0.01168334,-0.00490087
-0.68009137,-0.73021183,-0.06531778,0.43953637,-0.33481111,-0.83349223,0.58675677,-0.59556042,0.5486568,-0.00126055,0.00961256,-0.00753136
-0.6803636,-0.73002137,-0.06460504,0.43888421,-0.33525363,-0.83365783,0.58692901,-0.59554473,0.54848949,-0.00412722,0.00923514,-0.00746868
-0.68033163,-0.73009313,-0.06413256,0.43868587,-0.33555775,-0.83364008,0.5871147,-0.59528572,0.54857202,-0.00348397,0.01105058,-0.00270119
-0.68035132,-0.73011891,-0.06362924,0.43822877,-0.33569019,-0.83382721,0.58743327,-0.59517952,0.5483462,-0.0098402,0.0130322,-0.00771934
-0.68013145,-0.73038824,-0.06288196,0.43775678,-0.33583162,-0.83401802,0.58803921,-0.59476893,0.54814212,-0.01273897,0.00801694,-0.01129887
-0.67989971,-0.73066967,-0.062112,0.43711014,-0.33581103,-0.83436528,0.58878756,-0.59443463,0.54770119,-0.01204063,0.01005316,-0.00664451
-0.67979105,-0.7307652,-0.0621771,0.43714502,-0.33565651,-0.83440916,0.58888708,-0.59440444,0.54762694,-0.00536881,0.01341724,-0.00487455
-0.67983709,-0.73071039,-0.06232254,0.43703152,-0.33542457,-0.83456216,0.5889187,-0.59460312,0.54737735,-0.00881905,0.0148735,-0.00440135
-0.68000232,-0.73053036,-0.06262771,0.43689484,-0.33511336,-0.8347586,0.58882912,-0.59499951,0.54704282,-0.01141303,0.01477635,-0.00973324
-0.67995645,-0.7305766,-0.06258348,0.4369268,-0.33514759,-0.83472796,0.58885808,-0.59492321,0.54709454,-0.00306693,0.01428461,-0.0069894
-0.67984812,-0.73067217,-0.06264863,0.43696168,-0.33499329,-0.83477188,0.58895769,-0.59489309,0.54702019,-0.00656545,0.00996816,-0.00508888
-0.67961948,-0.73087322,-0.06278164,0.43683606,-0.3344721,-0.83504644,0.5893144,-0.59493918,0.54658565,-0.01624089,0.0111897,-0.00305498
-0.67951697,-0.73098672,-0.06256945,0.43680675,-0.33457631,-0.83502002,0.58945432,-0.5947411,0.54665034,-0.00716996,0.00873315,-0.00583909
-0.67939712,-0.73110311,-0.06251088,0.43674825,-0.33445728,-0.83509828,0.58963576,-0.59466497,0.54653746,-0.00325752,0.01272821,-0.00662567
-0.67935134,-0.73113853,-0.0625932,0.43667817,-0.33424413,-0.83522021,0.58974031,-0.59474118,0.54634166,-0.01150172,0.0151521,-0.00849119
-0.67944902,-0.73107057,-0.0623283,0.4366114,-0.33458273,-0.83511966,0.58967744,-0.5946345,0.54652568,-0.00983293,0.00731111,-0.00629144
-0.6796724,-0.73087171,-0.06222401,0.43623287,-0.33455663,-0.83532785,0.58970006,-0.59489351,0.54621928,-0.01297935,0.01489317,-0.0090526
-0.6796843,-0.73088827,-0.06189696,0.43592097,-0.33462853,-0.83546177,0.58991677,-0.59483258,0.54605156,-0.00785347,0.01031578,-0.00766872
-0.67965606,-0.73092081,-0.0618256,0.43588008,-0.33463891,-0.83547911,0.58997982,-0.59478699,0.54603319,-0.00460329,0.01170254,-0.00609332
-0.67967927,-0.73091007,-0.06169812,0.43560023,-0.33452705,-0.8356699,0.59015984,-0.59486317,0.54575562,-0.00944818,0.00918281,-0.01242561
-0.67957073,-0.73105371,-0.061186,0.43533189,-0.33472759,-0.8357292,0.59048234,-0.59457348,0.54572235,-0.0047374,0.00995016,-0.01144978
-0.6793821,-0.73130199,-0.06030892,0.43477484,-0.33497062,-0.83592186,0.59110964,-0.59413124,0.5455249,-0.01029009,0.01249623,-0.01117519
-0.679253446,-0.731611113,-0.0579644384,0.433773544,-0.336509511,-0.835824033,0.591992576,-0.59287982,0.545928836,-0.00018583599,0.00703084469,-0.00713879149
-0.67940746,-0.73173054,-0.05455,0.4320255,-0.33882524,-0.83579379,0.59309295,-0.59141162,0.54632681,-0.0141613,0.01957023,-0.012348
-0.67636156,-0.73600144,-0.02892708,0.42480535,-0.35769717,-0.83162072,0.60172694,-0.57476473,0.55459008,-0.01412053,0.02440703,-0.00595148
-0.67255109,-0.74003981,-0.00402715,0.42001302,-0.3772178,-0.82540649,0.60931453,-0.55681945,0.56452452,0.03903814,0.0245384,0.02192409
-0.66695366,-0.74427008,0.03513495,0.40867808,-0.40483814,-0.81797798,0.62302058,-0.53119468,0.57417546,0.01368884,0.03229082,-0.00497766
-0.65328207,-0.75183944,0.08921947,0.39773361,-0.44106748,-0.8045294,0.64422871,-0.49009901,0.5871732,0.10455907,-0.00813949,0.06563035
-0.62878819,-0.7657096,0.1353294,0.3948153,-0.46433147,-0.79279065,0.66988515,-0.44506734,0.59428015,0.09301863,-0.02504766,0.03871785
-0.60154848,-0.78484422,0.14885881,0.40155123,-0.45817499,-0.79298944,0.69057657,-0.41724717,0.59076966,0.00430834,0.00258696,-0.02104573
-0.58585521,-0.79606683,0.15182508,0.40816394,-0.45168707,-0.79333512,0.70012531,-0.40281015,0.58954934,-0.03083865,-0.01353824,-0.03967671
-0.55570657,-0.81720322,0.15286884,0.4287954,-0.43925726,-0.78942216,0.71226714,-0.37313771,0.59451132,-0.06338453,-0.01327324,-0.02919089
-0.53316444,-0.83171906,0.15485149,0.4466952,-0.43219871,-0.78336937,0.71846988,-0.34849331,0.60195799,-0.07182497,-0.03635263,-0.02981584
-0.49551172,-0.85364686,0.16048416,0.4812664,-0.4236301,-0.76741134,0.72308421,-0.30302569,0.62074525,-0.04088971,-0.09791672,0.02925397
-0.43770019,-0.8844406,0.16181193,0.53771817,-0.40172825,-0.74126467,0.72060907,-0.23744257,0.65141656,0.01400276,-0.00905919,0.01874208
-0.37433375,-0.91506732,0.15008623,0.59851365,-0.36205036,-0.71463332,0.70827642,-0.17768277,0.6832081,-0.04458252,0.08064008,0.00683389
-0.33914172,-0.92888074,0.1488735,0.63163205,-0.34211499,-0.69569975,0.697154,-0.14190758,0.70273644,-0.15335579,0.15182281,0.04059647
-0.2800797,-0.94607003,0.16280896,0.68189175,-0.31543988,-0.6599403,0.67570622,-0.07381783,0.73346576,0.03653533,-0.04744387,-0.03881885
-0.24318893,-0.95632358,0.162186,0.70846821,-0.28932908,-0.64370911,0.66251934,-0.04163932,0.74788654,0.02950844,0.05216503,-0.05829109
-0.20108557,-0.96666234,0.15851938,0.7462398,-0.25600004,-0.61448353,0.6345791,-0.00527034,0.77283994,0.00931724,0.05425215,-0.07148565
-0.16727903,-0.97822018,0.12289392,0.79720371,-0.20754598,-0.5669134,0.5800723,0.00313874,0.81455894,0.241271,-0.03409725,-0.14026299
-0.1475118,-0.9890593,0.00141496,0.83328325,-0.12504922,-0.5385181,0.53280326,-0.07825871,0.84261276,-0.220763,0.1224314,0.39088494
-0.13029993,-0.99092949,-0.03286981,0.83903123,-0.09254178,-0.53615519,0.52825021,-0.09743985,0.8434792,0.01547475,0.00684404,0.27792156
