0,1,2,3,4,5,6,7,8,9,10,11
0.46375747,0.172544124,-0.868997942,0.0688724963,-0.984904964,-0.15880297,-0.883281087,0.0137959912,-0.46864047,0.00177551538,-0.000257015199,-0.00534316385
0.46306253,0.17274426,-0.86932878,0.06898316,-0.9848723,-0.15895887,-0.88363705,0.01363885,-0.46797392,0.0043624,0.00172269,-0.00741153
0.462848628,0.173029416,-0.869385949,0.0691213135,-0.984822755,-0.159205023,-0.883738282,0.0135947224,-0.467783842,-0.000803719508,-0.00179105985,-0.0128318723
0.46273551,0.173227581,-0.869406682,0.0692076772,-0.984788027,-0.159381815,-0.883790739,0.0135819983,-0.467684995,-0.00264822412,0.000839471759,-0.0116629172
0.46247227,0.17370852,-0.86945082,0.06973693,-0.98470864,-0.15964202,-0.88388695,0.01319717,-0.46751432,0.00374337,-0.00159502,-0.00432857
0.4624858,0.17389494,-0.86940638,0.06992001,-0.98467714,-0.15975654,-0.88386542,0.01309623,-0.46755794,0.00207295,0.00132179,-0.00721467
0.462613684,0.174180795,-0.869281123,0.0702344196,-0.984628924,-0.159916087,-0.883773583,0.0129259206,-0.467736339,-0.00360834692,-0.000748932303,-0.00432527065
0.46274142,0.17446663,-0.86915574,0.07054887,-0.98458033,-0.16007551,-0.8836816,0.01275561,-0.46791446,,,
0.462805236,0.174588802,-0.869097262,0.070727193,-0.984560327,-0.160120508,-0.883633954,0.012635798,-0.468007837,-0.000179987634,0.00117075432,-0.00516317599
0.46293274,0.17487467,-0.86897188,0.07104179,-0.98451179,-0.16027977,-0.88354193,0.01246544,-0.46818615,,,
0.46293274,0.17487467,-0.86897188,0.07104179,-0.98451179,-0.16027977,-0.88354193,0.01246544,-0.46818615,,,
0.46327527,0.175256,-0.86871247,0.07135172,-0.98444486,-0.16055299,-0.8833374,0.0123961,-0.46857377,-0.00337615,0.00403118,-0.00602086
0.46333899,0.17546106,-0.86863703,0.07144587,-0.9844079,-0.16073644,-0.88329631,0.01241492,-0.46865043,,,
0.463453065,0.175601958,-0.868547767,0.071535206,-0.984382993,-0.160850528,-0.883229294,0.0124149288,-0.468777053,-0.00279605039,0.000756740512,-0.0063742334
0.46347858,0.17576005,-0.86850219,0.07159961,-0.98435461,-0.16099593,-0.88321071,0.01243375,-0.46881168,,,
0.4635926,0.17590086,-0.86841279,0.07168902,-0.98432933,-0.16110988,-0.88314357,0.01243369,-0.46893794,,,
0.46390903,0.17624821,-0.86817335,0.07180862,-0.98426567,-0.16144517,-0.88296768,0.01255354,-0.46926585,,,
0.46421254,0.17636774,-0.86798678,0.07178709,-0.98424219,-0.16159707,-0.88280986,0.01270513,-0.46955841,,,
0.464591707,0.176622402,-0.8677321,0.0717833728,-0.984193663,-0.161894099,-0.882610683,0.0129259085,-0.469926691,-0.00412415015,0.000783204974,-0.00982206035
0.46514748,0.17684245,-0.86738952,0.07182994,-0.98415188,-0.16212821,-0.88231417,0.013109,-0.47047835,,,
0.465450587,0.177002944,-0.867194122,0.0717668647,-0.984119933,-0.16234913,-0.882159399,0.0133296857,-0.470762085,0.000626249122,-0.00296622491,-0.00480433274
0.465980684,0.177188502,-0.86687143,0.0716231129,-0.984081246,-0.162645725,-0.881891133,0.0137017136,-0.471253486,-0.00291420147,0.00077223772,-0.0136854704
0.466245568,0.177343073,-0.86669742,0.0714883944,-0.984049462,-0.162897946,-0.881762095,0.0139916262,-0.471486586,-0.000777264591,0.00026690957,-0.0062257587
0.46633385,0.17744959,-0.86662814,0.07138754,-0.98402761,-0.16307442,-0.8817236,0.01418066,-0.47155302,-0.00605642,0.0029844,-0.01114632
0.466485092,0.177545967,-0.866527013,0.0710791205,-0.984004021,-0.163351631,-0.881668528,0.0146091193,-0.471642994,0.000555114821,0.000884771289,-0.0162951648
0.46622026,0.17768036,-0.86664192,0.07091987,-0.98397664,-0.16358437,-0.88182136,0.0148042,-0.47135079,0.00595866,-0.00140685,-0.01360028
0.46608155,0.17776184,-0.86669989,0.07089959,-0.98396157,-0.16368506,-0.88189638,0.01484192,-0.47120955,-0.00111059,0.00156212,-0.00850001
0.46608155,0.17776184,-0.86669989,0.07089959,-0.98396157,-0.16368506,-0.88189638,0.01484192,-0.47120955,-0.00111059,0.00156212,-0.00850001
0.46616999,0.17820669,-0.86656096,0.07097525,-0.98387843,-0.16415139,-0.88184354,0.01501807,-0.47130285,0.0057793,0.00099635,-0.00691973
0.46619525,0.17836445,-0.86651486,0.0710401,-0.98384937,-0.16429634,-0.88182491,0.01503685,-0.47133681,-0.0063248,0.00104642,0.0014498
0.4663592,0.17852316,-0.86639393,0.07104136,-0.98381871,-0.16447907,-0.8817381,0.0151565,-0.4714953,,,
0.46683826,0.17868938,-0.86610171,0.07098754,-0.98378492,-0.16470607,-0.88148898,0.01540867,-0.47195318,-0.00130182,0.00372922,-0.00357502
0.46692649,0.17875439,-0.86604069,0.07092889,-0.98377108,-0.16481308,-0.88144693,0.01552828,-0.47202757,-0.00138732,0.00504208,-0.00833356
0.467128116,0.178786054,-0.865925391,0.0706160148,-0.983758717,-0.165020723,-0.881365199,0.015937607,-0.472166429,-0.00520380028,0.000717163028,-0.00386793399
0.46721632,0.17897449,-0.86583891,0.07043174,-0.98371923,-0.16533536,-0.88133323,0.01626484,-0.47221514,0.0012723,-0.00415254,-0.0106987
0.46758175,0.17920553,-0.8655938,0.07007882,-0.98366701,-0.16579487,-0.88116752,0.01686286,-0.4725032,0.00994612,0.00157905,-0.01601726
0.467745489,0.179404909,-0.865464039,0.0700386855,-0.98362747,-0.166046559,-0.881083825,0.0170515606,-0.472652564,0.000991936307,0.000659227313,-0.00598011212
0.46785881,0.1795862,-0.86536522,0.0700872,-0.9835933,-0.16622908,-0.88101983,0.01712072,-0.47276951,-0.00640856,0.0013721,-0.00358053
0.468236462,0.179838458,-0.865108518,0.0700859845,-0.983543304,-0.166524886,-0.880819263,0.0173410418,-0.473134997,-0.000933654956,0.00683474494,0.00089877646
0.46826159,0.17999594,-0.86506216,0.07015118,-0.98351413,-0.16666947,-0.88080071,0.01735978,-0.47316881,-0.00225943,0.00301862,0.00410796
0.46834969,0.180060629,-0.865000956,0.0700928255,-0.983500041,-0.166776351,-0.880758469,0.0174792793,-0.473242815,-0.00675622467,-0.000304222078,-5.7986239e-05
0.46866442,0.18014941,-0.86481197,0.06995475,-0.98347891,-0.16695868,-0.88060201,0.01774987,-0.47352378,-0.00491151,-0.00169528,-0.00224333
0.46904187,0.18010422,-0.8646168,0.06973501,-0.9834819,-0.16703423,-0.88041852,0.01805199,-0.47385378,-0.00902045,0.00145245,-0.00392002
0.469494594,0.17959888,-0.864476203,0.0690959825,-0.983564397,-0.166814152,-0.880227589,0.0185865154,-0.474187765,-0.00350192236,0.000286102266,-0.00624085544
0.4694062,0.17910403,-0.86462683,0.06854924,-0.98364845,-0.16654349,-0.88031745,0.01890704,-0.47400813,-0.00121413,-0.00244397,-0.00635274
0.469368092,0.178842181,-0.864701716,0.0682166257,-0.983691818,-0.16642373,-0.880363604,0.019126954,-0.473913551,-0.000815480715,0.00152659405,-0.00969499722
0.46910297,0.17846442,-0.86492358,0.06753601,-0.98375055,-0.16635359,-0.88055734,0.01962346,-0.47353301,0.00885818,0.00587499,-0.00521375
0.46859855,0.17813271,-0.86526528,0.06701218,-0.98380458,-0.16624497,-0.88086584,0.01991882,-0.47294632,0.00540312,-0.00343078,-0.00387648
0.468459268,0.177999358,-0.865368277,0.0666894938,-0.983823947,-0.166262962,-0.88096455,0.0201764688,-0.472752244,0.00149866845,-0.000424861879,-0.0143133728
0.46751193,0.17754034,-0.86597458,0.06573764,-0.98389389,-0.16622628,-0.88153906,0.02078563,-0.47165316,0.00660303,0.00102425,-0.00938122
0.46730978,0.17745892,-0.86610039,0.0655804,-0.98390677,-0.16621246,-0.88165796,0.02087349,-0.47142706,0.00293078,-0.00105572,-0.00918974
0.466817005,0.177231578,-0.866412646,0.0653244945,-0.983946637,-0.166077707,-0.881937988,0.0209299323,-0.470900606,0.0014964547,0.000205516801,-0.00776131405
0.46639988,0.17705628,-0.86667304,0.06517065,-0.98397831,-0.16594951,-0.88216998,0.02091718,-0.47046618,,,
0.46610906,0.17691012,-0.86685934,0.06507217,-0.98400531,-0.16582826,-0.88233095,0.02088563,-0.47016568,-0.00404528,-0.00129825,-0.00632322
0.465514792,0.176728607,-0.867215603,0.0649101664,-0.984038801,-0.165692569,-0.882656543,0.0208412224,-0.469556026,0.000383792794,-0.00430804444,-0.00523990719
0.46509712,0.17655318,-0.86747544,0.06475682,-0.9840707,-0.16556388,-0.882888,0.02082834,-0.46912146,0.00890267,0.00416446,0.00390596
0.46493242,0.17647722,-0.86757915,0.0646718,-0.98408385,-0.16551847,-0.88298095,0.02084699,-0.46894555,0.00146485,0.00837159,0.0087085
0.46580963,0.1759765,-0.86721026,0.06317067,-0.98413861,-0.16577267,-0.88262723,0.02243625,-0.46953778,-0.0052076,-0.00179565,0.00535927
0.466424335,0.175669342,-0.866942058,0.0624917894,-0.984176636,-0.165803458,-0.882350852,0.0231579947,-0.470021734,-0.000402437989,-0.000612199248,0.0151720317
0.46682583,0.17552447,-0.86675523,0.06207649,-0.98419115,-0.16587239,-0.88216778,0.02362836,-0.47034163,0.01356161,0.01275229,0.01480062
0.46731056,0.17509505,-0.86658093,0.06091549,-0.98423918,-0.16601908,-0.88199211,0.02479426,-0.47061131,-0.00990669,-0.00831765,0.01148121
0.46843553,0.17464588,-0.86606404,0.05952734,-0.98427882,-0.1662874,-0.88148999,0.02634043,-0.47146732,-0.00854924,0.00519121,0.01698175
0.46895913,0.17435321,-0.86583964,0.0588245,-0.98431075,-0.16634888,-0.88125876,0.02707824,-0.47185773,,,
0.46946081,0.17364595,-0.86570993,0.05712655,-0.98439004,-0.16647222,-0.88110337,0.02869716,-0.47205239,-0.00678084,0.00542426,-0.01894503
0.46946081,0.17364595,-0.86570993,0.05712655,-0.98439004,-0.16647222,-0.88110337,0.02869716,-0.47205239,-0.00678084,0.00542426,-0.01894503
0.46992588,0.17238779,-0.865709,0.05471942,-0.98454739,-0.16634907,-0.88100817,0.03080064,-0.4720972,0.00155289,0.00168395,-0.03495969
0.470652667,0.171628795,-0.865464921,0.053536541,-0.984646052,-0.166149449,-0.880692802,0.0318646711,-0.47261461,0.0070173163,0.000804424228,-0.0692147538
0.470731988,0.171218694,-0.865503049,0.0529170792,-0.984701739,-0.166018583,-0.880687886,0.0323503608,-0.472590975,0.0172507502,0.000963926257,-0.0495360494
0.47047903,0.17112099,-0.86565986,0.05284825,-0.98471959,-0.16593378,-0.88082714,0.03231974,-0.47233327,0.01550741,0.00387788,-0.02316092
0.47025757,0.17135652,-0.8657336,0.05318749,-0.98468838,-0.16601062,-0.88092497,0.03202154,-0.47217109,0.00938873,0.00487661,-0.00699646
0.470718,0.17175127,-0.8654051,0.05371492,-0.98462856,-0.16619574,-0.88064703,0.03174615,-0.47270792,0.00732198,0.00150108,0.00964953
0.470997738,0.171924851,-0.865218463,0.053932264,-0.984601269,-0.166288002,-0.880484216,0.0316580842,-0.47301728,0.00076941587,-0.0026041267,0.016237393
0.47145749,0.17248297,-0.86485693,0.05429378,-0.98450372,-0.16674771,-0.88021592,0.03165811,-0.47351645,-0.00575846,0.00162029,0.03560366
0.4716603,0.17280853,-0.8646813,0.0542016,-0.98443596,-0.16717627,-0.8801129,0.03198329,-0.47368583,0.00309318,0.00260353,0.02598373
0.47193564,0.17292876,-0.864507015,0.0539514215,-0.984401624,-0.16745932,-0.87998067,0.032388637,-0.473903947,-0.00345116248,0.0007386207,0.0230068993
0.47265803,0.1729972,-0.86409851,0.05311738,-0.98435164,-0.16801759,-0.87964357,0.0335162,-0.47445074,-0.00742511,-0.00269288,0.00428078
0.473237992,0.172971257,-0.863786281,0.0519206803,-0.984305934,-0.168659541,-0.879403228,0.0349677302,-0.474791742,-0.00387763791,0.000457286806,-0.00597011251
0.47342071,0.17293251,-0.86369391,0.0513029,-0.98428725,-0.16895733,-0.87934113,0.03567789,-0.4748539,0.0010494,0.00505185,-0.00622927
0.473659513,0.172826218,-0.863584227,0.0500123306,-0.984252657,-0.169544387,-0.879286862,0.037116446,-0.474844031,-0.00512611307,-0.00211727596,-0.000644490705
0.47389762,0.17280036,-0.86345873,0.04863965,-0.98419645,-0.17026791,-0.87923554,0.03869121,-0.47481321,0.00325104,-0.00117302,-0.0057987
0.474503355,0.17270659,-0.863144775,0.0465427357,-0.984114379,-0.171325111,-0.879022322,0.0411212087,-0.475003716,-0.00292949635,-0.000710308494,-0.0208611917
0.4745641,0.17255311,-0.86314207,0.0452862,-0.98408457,-0.17183228,-0.87905516,0.04245699,-0.47482537,0.00191926,0.00296903,-0.01892092
0.47443223,0.17251102,-0.86322307,0.04472264,-0.98406714,-0.1720813,-0.87915528,0.04303531,-0.47458838,-0.0051104,0.00356817,-0.0156138
0.47432215,0.172571,-0.86327155,0.04375845,-0.98400841,-0.17266375,-0.87926317,0.04412282,-0.47428845,0.00209289,0.00994205,-0.0040133
0.47436572,0.17269393,-0.86322299,0.04303962,-0.98394675,-0.1731941,-0.8792751,0.04500455,-0.47418324,-0.0013453,-0.00464666,0.00371079
0.47456308,0.17275842,-0.86310167,0.04269003,-0.98391403,-0.17346775,-0.87918572,0.04547556,-0.47430441,,,
0.47496857,0.1728162,-0.862866889,0.0419146806,-0.983857137,-0.173976228,-0.879003906,0.0464664319,-0.474544606,-0.000788343139,-0.000248670549,-0.0227505043
0.47502258,0.17282738,-0.86283496,0.04116127,-0.98381426,-0.17439897,-0.87901037,0.04732806,-0.47444772,0.00428269,0.00442123,-0.01585538
0.47486857,0.17284512,-0.86291618,0.04083363,-0.98379465,-0.1745865,-0.87910886,0.04766964,-0.47423099,0.00451095,0.00245512,-0.01242664
0.474423127,0.172843177,-0.863161552,0.0402812774,-0.983769851,-0.174854349,-0.879374805,0.0481856887,-0.473685446,-0.000951567665,-0.00103688228,0.00765830465
0.474427479,0.172959525,-0.863135858,0.0394917987,-0.983702526,-0.175412407,-0.87940827,0.0491336715,-0.473525934,-0.000524446717,0.00508665992,0.000606623187
0.47459667,0.17306802,-0.86302112,0.0388713,-0.98364365,-0.17588106,-0.87934465,0.04992581,-0.47356136,,,
0.47459667,0.17306802,-0.86302112,0.0388713,-0.98364365,-0.17588106,-0.87934465,0.04992581,-0.47356136,,,
0.47532846,0.17300626,-0.86263064,0.03734532,-0.98355927,-0.17668122,-0.87901543,0.05176639,-0.47397463,0.00516666,0.00764871,-0.00152215
0.47605172,0.173236904,-0.86218538,0.0368632105,-0.983474422,-0.1772534,-0.878644273,0.0525988526,-0.474570656,0.000715117087,-0.00634884788,-0.00449406542
0.4764131,0.17333174,-0.86196671,0.03664298,-0.98343729,-0.17750536,-0.87845762,0.05298085,-0.47487374,0.00153,-0.00470817,-0.00171347
0.47721253,0.1736125,-0.86146784,0.0362642,-0.98334633,-0.17808616,-0.87803932,0.05374449,-0.47556105,0.00661094,0.00359058,-0.00967148
0.4779731,0.17384639,-0.86099893,0.03585571,-0.9832631,-0.17862819,-0.87764234,0.05450774,-0.47620669,0.00199766,0.01218831,-0.01954599
0.47815874,0.17389804,-0.86088533,0.03566684,-0.98323798,-0.17880288,-0.87754884,0.05479109,-0.47634611,0.00712638,0.00457144,-0.01842279
0.478393389,0.174125409,-0.860709034,0.0352276214,-0.983160142,-0.179317874,-0.877438724,0.0554637456,-0.476471271,-0.00119270757,-8.58306794e-06,-0.0215044264
0.47844242,0.17434131,-0.86063807,0.0349363,-0.98309595,-0.17972624,-0.87742363,0.05592114,-0.47644557,-0.0023581,-0.00390518,-0.00987169
0.478235723,0.174832628,-0.860653297,0.0348688479,-0.98299169,-0.18030896,-0.877539007,0.0562201913,-0.476197908,0.000458478578,0.00614452315,0.00620205374
0.47823572,0.17495291,-0.86062879,0.03474619,-0.98295839,-0.1805129,-0.87754381,0.05642413,-0.4761646,,,
0.47832325,0.17505404,-0.86055957,0.03464926,-0.9829297,-0.18068744,-0.87749992,0.05660923,-0.47622345,-0.00742726,-0.00597793,0.00323538
0.478547316,0.175151058,-0.860415356,0.0344915183,-0.982896438,-0.18090045,-0.877384074,0.0568923942,-0.47640369,-0.0118954424,0.004073977,0.000518107088
0.47861744,0.17514495,-0.86037758,0.03412925,-0.98287312,-0.1810954,-0.87735997,0.05731137,-0.47639776,0.0034527,0.0118866,-0.00535604
0.4786385,0.1750836,-0.86037831,0.03389453,-0.98287026,-0.18115433,-0.87735755,0.05754531,-0.47637383,-0.00155726,0.0036602,0.00568932
0.47901629,0.17460777,-0.86026472,0.03276277,-0.98289018,-0.18125396,-0.87719432,0.05863893,-0.47654091,,,
0.47919441,0.17432028,-0.86022384,0.03239603,-0.98292368,-0.18113839,-0.87711066,0.05893265,-0.47665871,-0.00116783,-0.00218421,-0.00665307
0.479550153,0.173825017,-0.860125833,0.0315809606,-0.982967865,-0.181043004,-0.876945966,0.0596555925,-0.476871886,-0.000349973096,-0.0031148789,-0.0125945657
0.47975867,0.17336461,-0.86010247,0.03094405,-0.9830182,-0.1808795,-0.87685461,0.06016344,-0.47697603,0.01256987,0.00609612,-0.01267323
0.47987692,0.17321263,-0.86006713,0.03065888,-0.98302888,-0.18087023,-0.87679993,0.06042675,-0.47704332,-0.00133985,0.00992656,-0.01273898
0.48023932,0.17293482,-0.85992078,0.03014504,-0.9830466,-0.18086102,-0.87661935,0.06093423,-0.47731077,-0.00167763,-0.00116253,-0.02358721
0.479901932,0.172572379,-0.860181924,0.0296696053,-0.983094644,-0.180678609,-0.876820325,0.0611867594,-0.476909205,0.00480434252,0.000308990449,-0.0200107545
0.479582645,0.172357452,-0.860403029,0.0294187254,-0.983126823,-0.180543912,-0.877003422,0.0612737638,-0.476561078,0.00619772729,0.000239610657,-0.0105816601
0.4791167,0.17221803,-0.86069047,0.02930517,-0.98315492,-0.18040912,-0.87726185,0.06121434,-0.47609279,0.01506656,0.00398469,0.00189495
0.47958265,0.17231747,-0.8604111,0.0294595,-0.98313827,-0.18047607,-0.87700212,0.06120592,-0.47657252,-0.00516005,0.00181508,-0.00103182
0.480349305,0.17248423,-0.859949782,0.0296405358,-0.983104292,-0.180629382,-0.876576223,0.0612758131,-0.477345881,0.00204618834,0.000235676751,0.00705230515
0.48147478,0.17262175,-0.85929258,0.02972642,-0.98306499,-0.18083001,-0.87595568,0.0615214,-0.47845241,-0.00463317,-0.00266063,-0.00505603
0.481785377,0.172577957,-0.85912732,0.02971746,-0.983069123,-0.18080977,-0.875785234,0.0615804273,-0.478756959,-0.000821231981,0.00304210163,0.00588111952
0.48275524,0.17261169,-0.8585759,0.02959949,-0.98303916,-0.18099127,-0.87525496,0.06196107,-0.47967651,0.00564255,0.00235856,0.00669494
0.48382145,0.17259399,-0.85797909,0.02939072,-0.9830121,-0.18117238,-0.87467308,0.06243847,-0.48067502,0.01108371,0.00494695,-0.01872041
0.48441283,0.17262766,-0.85763859,0.02902237,-0.98296967,-0.18146214,-0.87435803,0.06301189,-0.48117322,-0.00443079,0.0065887,-0.00410343
0.48418201,0.17247333,-0.85779994,0.02871517,-0.9829836,-0.18143517,-0.87449599,0.06321578,-0.48089558,0.00386604,-0.00142932,-0.00402239
0.48397946,0.17239591,-0.85792979,0.028556,-0.98299152,-0.18141718,-0.8746133,0.06330314,-0.48067063,0.00190114,-0.00531542,0.00110398
0.483758491,0.172130703,-0.858107642,0.0282129762,-0.983026079,-0.181283442,-0.874746667,0.0634876318,-0.480403514,0.00296931923,0.000121593468,0.00818854105
0.4835087,0.17182852,-0.85830898,0.0276815,-0.9830551,-0.18120823,-0.87490175,0.06385648,-0.48007216,0.00143911,0.00590372,-0.00386964
0.48336446,0.17165458,-0.85842501,0.02740039,-0.98307347,-0.18115116,-0.87499029,0.06404085,-0.47988618,-0.00128383,0.00917995,-0.01334714
0.483037081,0.171261122,-0.858687815,0.0268073619,-0.983117927,-0.180998186,-0.875189409,0.0644096758,-0.479473431,-0.00479579717,0.000541567744,-0.00271878252
0.4823026,0.17063312,-0.85922555,0.02597816,-0.98320044,-0.1806711,-0.87561941,0.06481704,-0.47863286,-0.00451229,-0.00609297,0.00356527
0.48185777,0.17010273,-0.85958018,0.02529343,-0.98326784,-0.18040054,-0.87588428,0.06518566,-0.47809767,0.01230009,0.00648427,0.01936059
0.48159672,0.16937153,-0.85987081,0.02400373,-0.98332861,-0.18024541,-0.87606412,0.06616548,-0.47763332,0.00178955,0.00629318,-0.00129315
0.48155781,0.168905274,-0.859984358,0.0230564799,-0.983355136,-0.180225183,-0.876111001,0.0669606337,-0.477436718,-0.0105269682,0.000167369828,-0.00784644671
0.48122676,0.16822176,-0.86030354,0.0220879,-0.98342906,-0.17994218,-0.87631779,0.06759068,-0.47696798,-0.00572624,-0.0034613,0.01020122
0.48119361,0.16694361,-0.86057105,0.02047425,-0.98357109,-0.17935629,-0.87637521,0.06868556,-0.47670616,,,
0.48145877,0.16589047,-0.86062636,0.01872495,-0.98364737,-0.17912819,-0.87626865,0.07012765,-0.47669186,,,
0.481530619,0.165229448,-0.860713311,0.0175351618,-0.983687801,-0.179026499,-0.876253783,0.0711139843,-0.476573032,0.000838241074,0.00124990928,-0.00814455561
0.48164046,0.16453386,-0.86078518,0.01645754,-0.9837428,-0.17882787,-0.87621439,0.07196433,-0.4765182,0.00477783,0.00338793,-0.01902083
0.481655923,0.164140262,-0.860851606,0.0158882066,-0.983777183,-0.178689108,-0.876216342,0.0723892734,-0.476449945,0.00792003702,-0.000678777636,-0.0190497003
0.481757,0.16274222,-0.86106049,0.01418079,-0.98392299,-0.17802943,-0.87619011,0.07355641,-0.47631961,-0.00286576,0.00216961,-0.0064004
0.48160984,0.16183466,-0.86131384,0.01315421,-0.9840264,-0.17753618,-0.87628703,0.07417327,-0.47604562,0.00367376,0.0043211,-0.00420873
0.481505157,0.161263737,-0.861479413,0.012534409,-0.984093135,-0.177210452,-0.876353616,0.0745296101,-0.475867253,-0.00245642453,-0.0001503229,-0.0142870843
0.480782776,0.160302331,-0.862062065,0.0116043088,-0.9842237,-0.176546702,-0.876762899,0.0748769711,-0.47505792,-0.000776045956,-0.000995874288,0.00655521126
0.48036585,0.15973731,-0.86239931,0.01103565,-0.98429797,-0.17616894,-0.87699875,0.07510841,-0.47458588,0.00482973,0.00107169,0.01033803
0.48024531,0.15886615,-0.86262737,0.01019854,-0.98440593,-0.17561578,-0.87707492,0.07554111,-0.47437652,0.00529864,-0.0049234,-0.00849305
0.48002756,0.15812644,-0.86288442,0.00937178,-0.98448866,-0.17519725,-0.87720332,0.07601274,-0.47406357,0.00467356,0.0072391,-0.01903658
0.47976716,0.15766379,-0.86311387,0.00900704,-0.98455544,-0.17484074,-0.87734959,0.07610874,-0.4737774,,,
0.479721395,0.157246428,-0.863215462,0.00868283829,-0.984612631,-0.174535194,-0.877377901,0.0762331053,-0.47370508,-0.00444270251,-0.000931024493,0.00292377453
0.47981937,0.15679174,-0.86324373,0.00818096,-0.98465913,-0.17429728,-0.87732916,0.07656905,-0.47374124,0.00165878,0.00100172,0.01019834
0.4799964,0.15646826,-0.863204,0.00769906,-0.9846791,-0.17420622,-0.87723667,0.0769725,-0.47384708,0.00120105,0.00538206,0.00536917
0.480069097,0.156267939,-0.863199817,0.00738463198,-0.984690458,-0.17415484,-0.877199556,0.0772319373,-0.473873373,0.00651035691,0.00256514526,0.000706829131
0.47989732,0.15529849,-0.86347027,0.00589946,-0.98475729,-0.17383365,-0.87730481,0.07832829,-0.47349852,0.00463891,-0.00315648,0.00216884
0.47943633,0.15448419,-0.86387231,0.00468896,-0.98482066,-0.1735108,-0.8775641,0.07913671,-0.47288311,0.01025331,0.00124288,-0.00703346
0.47923711,0.15409261,-0.8640528,0.00388337,-0.98483006,-0.17347781,-0.87767687,0.07978156,-0.47256548,0.00481843,-0.00308788,-0.01360083
0.4792925,0.15379179,-0.86407568,0.00314841,-0.98482242,-0.17353641,-0.87764958,0.08045424,-0.4725022,0.00513807,0.00389314,-0.01653881
0.47922057,0.153708971,-0.864130336,0.00293059513,-0.984820467,-0.173551751,-0.877689635,0.0806371566,-0.472396724,-0.000233357539,0.00122690189,-0.0115585439
0.47922057,0.15370897,-0.86413034,0.0029306,-0.98482047,-0.17355175,-0.87768964,0.08063716,-0.47239672,,,
0.47918065,0.1535832,-0.86417481,0.00298171,-0.98485105,-0.17337673,-0.87771123,0.08050206,-0.4723795,0.00222858,0.00257301,-0.00523317
0.47914072,0.15349744,-0.8642122,0.00299219,-0.98487,-0.17326918,-0.87773301,0.08043443,-0.47235064,,,
0.47909291,0.15348327,-0.86424115,0.00307858,-0.98488139,-0.17320155,-0.87775874,0.08031899,-0.4723221,0.00588888,0.00105834,-0.00146027
0.47918065,0.15342287,-0.86420327,0.00314455,-0.98489804,-0.17310636,-0.87771065,0.08023168,-0.47242649,,,
0.47930842,0.15344817,-0.8641279,0.00320004,-0.98489564,-0.17311863,-0.87764066,0.08021197,-0.47255974,,,
0.47926049,0.1534742,-0.86414993,0.00324572,-0.9848957,-0.17311872,-0.87766673,0.08016418,-0.47251977,,,
0.479172759,0.153454402,-0.864202048,0.00326115165,-0.984902532,-0.173078713,-0.877714531,0.0801163078,-0.472438869,0.00403741794,0.00577151729,0.000241935602
0.47899728,0.15341494,-0.86430632,0.00329199,-0.98491643,-0.1729989,-0.87781019,0.08002071,-0.47227729,0.00652354,0.00133729,0.00115861
0.47869406,0.15335008,-0.86448581,0.00326739,-0.98493273,-0.17290675,-0.87797568,0.07994482,-0.47198248,-0.00293709,-0.00133967,0.00448066
0.4789253,0.153171796,-0.864389306,0.0032370674,-0.984961286,-0.17274391,-0.877849641,0.0799333347,-0.472218621,-0.000877558137,-0.0019019841,-0.00726495311
0.47894104,0.15298849,-0.86441309,0.00312594,-0.98498764,-0.17259645,-0.8778415,0.07996142,-0.47222923,0.00444762,-0.00246435,-0.00323866
0.47865337,0.15274022,-0.8646163,0.00299039,-0.98503002,-0.17235663,-0.87799885,0.07991354,-0.47194467,0.00472337,0.0010922,-0.00975368
0.478070865,0.152678717,-0.86494935,0.00324581934,-0.98507588,-0.172089153,-0.878315225,0.0794633341,-0.471431568,0.00379111106,-0.000418901414,-0.00472325739
0.47797517,0.15269028,-0.86500022,0.00337804,-0.98508734,-0.17202151,-0.87836683,0.0793,-0.47136305,,,
0.47777586,0.15274488,-0.86510069,0.00375915,-0.98511437,-0.17185878,-0.87847372,0.07885793,-0.47123802,,,
0.47777586,0.15274488,-0.86510069,0.00375915,-0.98511437,-0.17185878,-0.87847372,0.07885793,-0.47123802,,,
0.47736861,0.15272235,-0.86532942,0.00398397,-0.98514612,-0.17167106,-0.87869406,0.07850292,-0.4708862,,,
0.47705689,0.15264821,-0.86551447,0.0041174,-0.98517847,-0.17148354,-0.8788628,0.07824374,-0.47061474,0.00498478,0.00132394,-0.00763877
0.47683314,0.15263402,-0.86564026,0.00419447,-0.98519209,-0.17140348,-0.87898385,0.07809996,-0.47041251,0.00502558,0.00235867,-0.01019171
0.47628169,0.15272846,-0.86592708,0.00451609,-0.98521134,-0.17128335,-0.87928112,0.07766851,-0.46992779,0.00542643,0.00578713,-0.00254243
0.4757698,0.15286844,-0.86618381,0.00486803,-0.98522379,-0.17120333,-0.87955639,0.07723677,-0.46948394,,,
0.4749455,0.15329577,-0.86656055,0.00580447,-0.98523518,-0.17110815,-0.87999608,0.07623712,-0.46882283,,,
0.47480133,0.15333232,-0.86663304,0.00598286,-0.98524571,-0.1710405,-0.88007263,0.07602531,-0.46871328,,,
0.47451289,0.15348596,-0.86676382,0.00625782,-0.985244,-0.1710405,-0.88022627,0.07573686,-0.4684714,,,
0.47403982,0.15367036,-0.86698998,0.0066404,-0.98524847,-0.17100046,-0.88047834,0.07530386,-0.46806738,,,
0.473887346,0.153818455,-0.867047103,0.00685375494,-0.985240175,-0.171040549,-0.880558812,0.0751114245,-0.467947098,0.00114811887,9.84668659e-05,0.00625226786
0.473774705,0.154012329,-0.867074211,0.00709724058,-0.985224448,-0.171120561,-0.880617461,0.0749187551,-0.46786744,-0.000482511241,-0.00133079279,0.00598525116
0.47370225,0.15429236,-0.867064,0.00732973,-0.9851901,-0.17130823,-0.88065453,0.07479374,-0.46781762,,,
0.47369409,0.15440412,-0.86704864,0.00736459,-0.98517134,-0.17141592,-0.88065869,0.07481326,-0.46780702,,,
0.47364592,0.15446996,-0.86706316,0.00736947,-0.98515934,-0.17148348,-0.8806845,0.07483265,-0.46775502,,,
0.47355774,0.15448999,-0.86710776,0.00734431,-0.98515473,-0.17151109,-0.88073213,0.07485209,-0.46766223,-0.00158108,0.00287437,-0.00438334
0.473421374,0.154535525,-0.867174045,0.00736499073,-0.98514957,-0.171538673,-0.880805205,0.0748233316,-0.467528868,0.00341060618,-0.000215411172,-0.00427557668
0.473325,0.15466732,-0.86720318,0.00737465,-0.98512602,-0.17167396,-0.88085694,0.07486225,-0.4674253,,,
