0,1,2,3,4,5,6,7,8,9,10,11,12,13,14
0.32138423,-0.16079832,-0.93319666,-0.49296425,-0.86982198,-0.01989398,-0.80851614,0.46642623,-0.35881483,0.02120804,-0.02017587,0.0962649,,,
0.30988655,-0.16206987,-0.93685837,-0.50781466,-0.86125714,-0.01897946,-0.80380005,0.48163192,-0.3491934,0.01099782,-0.01527792,-0.01465574,,,
0.30562194,-0.16266594,-0.93815515,-0.51498047,-0.85698757,-0.01917239,-0.80086853,0.48899106,-0.34568404,0.01785484,0.03244185,-0.08239006,,,
0.29728298,-0.16305453,-0.94076353,-0.52825774,-0.84885299,-0.01980593,-0.79534053,0.5028536,-0.33848433,0.01263402,0.06107545,-0.14463452,,,
0.28677267,-0.16304819,-0.94402152,-0.53961692,-0.84170623,-0.01854689,-0.79156486,0.51472876,-0.32936184,0.01320432,0.00780535,-0.13589968,,,
0.28105753,-0.16284262,-0.94577426,-0.54470253,-0.83844657,-0.01750726,-0.79013025,0.52008618,-0.32435251,0.02703888,-0.0129509,-0.11045043,,,
0.27033563,-0.16237133,-0.94897526,-0.55399173,-0.83237959,-0.01539455,-0.78740819,0.5298862,-0.31497411,0.02755733,-0.04850793,-0.14234722,,,
0.26128059,-0.16038681,-0.95184484,-0.56195402,-0.82703438,-0.01489982,-0.78481859,0.53878604,-0.30621811,0.02712263,-0.02530062,-0.17610566,,,
0.257058,-0.15879492,-0.95326035,-0.56541146,-0.82467074,-0.01509554,-0.78372891,0.54286478,-0.30177262,0.01948159,-0.02329337,-0.17416222,,,
0.23938654,-0.14999424,-0.95926835,-0.57661393,-0.81685667,-0.01616835,-0.78115965,0.556998,-0.28203321,-0.02856176,-0.03755796,-0.05775617,,,
0.23528253,-0.14758977,-0.96065563,-0.57901577,-0.81514757,-0.01657699,-0.78062969,0.56013509,-0.27724665,-0.03628493,-0.05445438,-0.06816467,,,
0.22866228,-0.14281076,-0.96297376,-0.5836342,-0.81181261,-0.01819309,-0.77915628,0.56618456,-0.26898002,-0.08220237,-0.0958656,-0.12205459,,,
0.22112287,-0.13857274,-0.9653508,-0.5879558,-0.80867916,-0.01859379,-0.77808261,0.57169516,-0.26029201,-0.06041176,-0.08162641,-0.20043167,,,
0.21767577,-0.1363797,-0.96644588,-0.5897202,-0.80738639,-0.01889045,-0.77771919,0.57404472,-0.25617415,-0.06044576,-0.05517625,-0.19946811,,,
0.209580249,-0.132652415,-0.968751454,-0.592047119,-0.805707588,-0.0177571766,-0.778174949,0.577268088,-0.247396812,-0.0671999604,-0.000694513263,-0.116714679,,,
0.20089576,-0.12935601,-0.97103448,-0.59299096,-0.80506119,-0.01543703,-0.77974525,0.57891589,-0.23844036,-0.10290432,0.03086972,-0.01129186,,,
0.19676556,-0.12766027,-0.97210394,-0.59311859,-0.80498724,-0.01434042,-0.78070068,0.57939466,-0.23411135,-0.06824525,0.07197928,0.02194289,,,
0.18078014,-0.12183393,-0.97594817,-0.59326577,-0.80495142,-0.00940643,-0.78444506,0.58069721,-0.21779896,-0.01685888,0.05861473,0.16243586,,,
0.17719002,-0.12109614,-0.97669828,-0.59349525,-0.80479899,-0.00788722,-0.78509056,0.58106329,-0.21447242,-0.02470287,0.04005289,0.20514399,,,
0.17121334,-0.12088431,-0.97778976,-0.5949474,-0.80375003,-0.0048089,-0.7853174,0.58255688,-0.20953239,-0.03183433,0.03459382,0.29539746,,,
0.16653742,-0.12227097,-0.97842477,-0.59827272,-0.80129067,-0.00169678,-0.78379524,0.58564745,-0.20659621,-0.02306885,0.03978681,0.19135444,,,
0.164874294,-0.123395376,-0.978565329,-0.600550189,-0.799587056,-0.000357632901,-0.782403983,0.587736539,-0.205936514,-0.0336410813,0.0485110246,0.120927833,,,
0.16018398,-0.12637596,-0.97896383,-0.60548082,-0.79585143,0.00366527,-0.77957299,0.59215671,-0.20400084,0.0076264,0.05182981,-0.01140676,,,
0.15487232,-0.12941858,-0.97942094,-0.61003323,-0.79233303,0.00823482,-0.77709331,0.59620398,-0.20166009,0.00580052,-0.01845109,-0.02743492,,,
0.15208815,-0.13095651,-0.97965274,-0.61213035,-0.79068483,0.01066459,-0.77599326,0.59805325,-0.20041617,0.01698309,-0.03548783,-0.01819427,,,
0.14784859,-0.13358121,-0.97994734,-0.61606917,-0.78756021,0.01440722,-0.77369213,0.60158528,-0.19873488,-0.02394268,0.01622224,-0.06803405,,,
0.14393555,-0.13547097,-0.98027035,-0.61936865,-0.78490431,0.01752851,-0.77179324,0.60462583,-0.19688192,-0.02381687,0.04638755,-0.063724,,,
0.14136296,-0.13636249,-0.98052109,-0.6207099,-0.78379717,0.01951536,-0.771191,0.60586047,-0.19544129,-0.00605025,0.03609752,-0.05169024,,,
0.13563647,-0.13833853,-0.98105308,-0.62277483,-0.78202757,0.02417157,-0.77055448,0.60769664,-0.19222516,-0.01088359,-0.04726517,0.03504387,,,
0.13216155,-0.14106105,-0.98113969,-0.62503737,-0.78009381,0.02796233,-0.76932541,0.60955343,-0.19126681,-0.05642357,-0.09326261,0.09323893,,,
0.13251052,-0.14250806,-0.98088344,-0.62642456,-0.77895906,0.02854585,-0.76813615,0.61066688,-0.19249074,-0.07234784,-0.07696127,0.076145,,,
0.13664075,-0.14519336,-0.9799225,-0.62981058,-0.77627232,0.02719791,-0.76463576,0.61344924,-0.19751467,-0.05763063,0.0031054,-0.01701651,,,
0.14155099,-0.14917192,-0.97862708,-0.6344017,-0.77256601,0.02600072,-0.7599327,0.61716229,-0.20399232,0.03901977,0.04296743,-0.04606973,,,
0.14299094,-0.15149418,-0.97806081,-0.63642271,-0.77088967,0.02636103,-0.75797069,0.61869078,-0.20664444,0.10761152,0.02471411,-0.05400993,,,
0.1460458,-0.15295298,-0.97738215,-0.63733523,-0.77017131,0.02529197,-0.75662031,0.61922635,-0.2099625,0.11191238,0.03942847,-0.06268967,,,
0.14876888,-0.15339721,-0.97690176,-0.63728826,-0.77025477,0.02389831,-0.75612924,0.61901273,-0.21234812,0.09852283,0.05853343,-0.08710182,,,
0.15577356,-0.15348711,-0.97579513,-0.63610331,-0.77135002,0.01978314,-0.75571622,0.61762489,-0.21778946,0.03028065,0.0625044,-0.10406038,,,
0.16232443,-0.15260493,-0.97486531,-0.63324289,-0.77379392,0.01568836,-0.75673911,0.61477998,-0.22224154,-0.00578413,0.05622434,-0.07289257,,,
0.16496409,-0.15203359,-0.97451148,-0.6313849,-0.77534174,0.01408106,-0.75772023,0.61296897,-0.22389524,-0.02695446,0.0385648,-0.05764869,,,
0.16978533,-0.15062997,-0.97390122,-0.62704462,-0.77890353,0.01115433,-0.76025524,0.60878567,-0.22669814,-0.04884546,0.01605511,-0.03606949,,,
0.17399035,-0.14889962,-0.97342498,-0.62218667,-0.7828223,0.0085343,-0.76328961,0.60416719,-0.22884683,-0.03655964,0.03229141,-0.04540439,,,
0.17593867,-0.14787328,-0.97323125,-0.61954514,-0.7849274,0.00726225,-0.76498979,0.60168299,-0.22971324,-0.02657383,0.03556537,-0.05253434,,,
0.17885329,-0.14577255,-0.97301685,-0.61371656,-0.78950736,0.00547093,-0.76900156,0.59617809,-0.23066895,0.01707416,0.01250219,-0.06107517,,,
0.18206226,-0.14343825,-0.97276863,-0.60697748,-0.79471098,0.00358179,-0.77358366,0.58979654,-0.23175068,0.03274932,0.0061506,-0.04291599,,,
0.18388554,-0.14217613,-0.9726109,-0.60329604,-0.79751322,0.00251897,-0.77602829,0.58630914,-0.23242536,0.02661612,-0.01054406,-0.04752026,,,
0.188493634,-0.139484936,-0.972118366,-0.595473063,-0.803375272,-0.000189420949,-0.78094942,0.578906,-0.234490659,0.0268381983,0.00162112701,-0.0571632944,,,
0.19379346,-0.13646606,-0.97150456,-0.58674806,-0.80976284,-0.00329674,-0.78623839,0.57066731,-0.23699795,0.01239327,0.00771332,-0.08113257,,,
0.1964738,-0.13477243,-0.97120261,-0.58204301,-0.81314329,-0.00490828,-0.7890653,0.56624601,-0.23820477,0.00527615,0.00850904,-0.06709591,,,
0.201857495,-0.131008024,-0.970613373,-0.571699371,-0.820422424,-0.00815960866,-0.795244146,0.556546177,-0.240505508,-0.000605506822,-0.000905394496,-0.0456759073,,,
0.20723313,-0.12700371,-0.97001269,-0.56049084,-0.8280834,-0.01132219,-0.8018133,0.54602951,-0.24279085,-0.00634259,-0.00265837,-0.04185866,,,
0.20992827,-0.12488464,-0.96970811,-0.55475913,-0.83190989,-0.01295937,-0.80509148,0.54067501,-0.24392219,-0.01107743,-0.01446205,-0.04377325,,,
0.215059119,-0.120308519,-0.9691622,-0.542941075,-0.839613408,-0.0162529606,-0.811766283,0.529693335,-0.245886898,0.000945745967,-0.0229033213,-0.0405634493,,,
0.21988655,-0.11537735,-0.96867841,-0.53055971,-0.84742307,-0.01950024,-0.81863067,0.51822962,-0.2475514,0.0085746,-0.02231461,-0.03786549,,,
0.22220842,-0.11282055,-0.9684497,-0.52422497,-0.85131802,-0.02110691,-0.82207753,0.51237569,-0.24831326,0.02148509,-0.01016557,-0.03740155,,,
0.22635811,-0.10726116,-0.96812033,-0.51124159,-0.85909184,-0.02435282,-0.82909225,0.50045586,-0.2492987,0.02370311,0.01097882,-0.03867706,,,
0.22951638,-0.10141148,-0.96800725,-0.49780054,-0.8668646,-0.02721405,-0.8363713,0.48812058,-0.2494424,0.02709629,-0.00861245,-0.04151233,,,
0.23066797,-0.09834527,-0.96804981,-0.49088423,-0.87075821,-0.0285071,-0.84013386,0.48177608,-0.24913211,0.01890082,-0.01260066,-0.03893525,,,
0.23274995,-0.09215651,-0.96816039,-0.47667044,-0.87853631,-0.03096816,-0.84771025,0.4687013,-0.24840749,0.01128354,-0.02316189,-0.04766386,,,
0.23366619,-0.08568149,-0.96853431,-0.46212588,-0.88619651,-0.03309385,-0.8554763,0.4553177,-0.24666972,-0.0066227,-0.04656821,-0.05134775,,,
0.23370922,-0.08239544,-0.96880901,-0.45500262,-0.88983747,-0.0340828,-0.85927441,0.44877613,-0.24545327,-0.0054427,-0.04192227,-0.03999565,,,
0.23400449,-0.07569807,-0.9692841,-0.44061187,-0.89696252,-0.03632249,-0.86666201,0.43557772,-0.2432467,-0.01105656,-0.05349946,-0.02337277,,,
0.23538816,-0.06854874,-0.96948096,-0.42601018,-0.90385432,-0.03952592,-0.87356029,0.42231273,-0.24195891,-0.00511109,-0.06652754,0.00119898,,,
0.23694169,-0.06464119,-0.96937102,-0.41882086,-0.90710252,-0.04188277,-0.87661152,0.41591657,-0.24200351,-0.00540782,-0.08757859,0.07237218,,,
0.24311455,-0.05643381,-0.96835454,-0.40480706,-0.91311944,-0.04841581,-0.88149109,0.40376735,-0.24483741,0.05510721,-0.06713264,0.06722926,,,
0.25326954,-0.04714074,-0.96624656,-0.39145234,-0.91838144,-0.05780079,-0.88465798,0.39287863,-0.25105153,0.06512426,-0.01823956,0.09557819,,,
0.25811818,-0.04295377,-0.965158,-0.38519973,-0.92074549,-0.06203913,-0.88600009,0.38779203,-0.25420691,0.0657493,-0.03384637,0.10195099,,,
0.26726157,-0.03553008,-0.96296874,-0.37346911,-0.9250337,-0.06952189,-0.88830851,0.37821962,-0.26049529,0.0518697,-0.02991473,0.12754148,,,
0.2774098,-0.02888594,-0.96031737,-0.36262245,-0.92876505,-0.076815,-0.88969028,0.36954186,-0.26812325,0.00161913,0.02854252,0.10308681,,,
0.28317184,-0.02576175,-0.95872303,-0.35737527,-0.93048034,-0.08055273,-0.889998,0.3654342,-0.27269226,-0.01359899,0.03072107,0.07987351,,,
0.29465191,-0.01978002,-0.95539992,-0.34747814,-0.93356503,-0.08783668,-0.89019054,0.35786183,-0.28194984,-0.03479913,-0.01506293,0.06334794,,,
0.30586144,-0.01448637,-0.95196572,-0.33839154,-0.93625045,-0.0944761,-0.88990997,0.35103378,-0.2912648,-0.04514537,-0.0593993,0.03511927,,,
0.31113452,-0.01225953,-0.95028679,-0.33422298,-0.93745451,-0.09733435,-0.8896574,0.34789177,-0.29577186,-0.05601956,-0.04657805,-0.01515162,,,
0.31759352,-0.00880291,-0.94818604,-0.32711054,-0.93958997,-0.10084207,-0.89001851,0.34218846,-0.30128712,-0.07239732,-0.05570548,-0.01552009,,,
0.31813635,-0.0065658,-0.9480222,-0.32151615,-0.94146191,-0.10137369,-0.89186129,0.33705512,-0.30162419,-0.109084,-0.06670146,0.04155943,,,
0.31811519,-0.00543328,-0.94803644,-0.31896249,-0.9423027,-0.10162794,-0.89278527,0.33471748,-0.30149371,-0.0979344,-0.03063953,0.04802554,,,
0.31886755,-0.00316654,-0.94779402,-0.31380916,-0.94394585,-0.10242154,-0.89434185,0.33008535,-0.30198743,-0.06945144,0.05267191,-0.05422262,,,
0.317974684,-0.00062806896,-0.948098949,-0.308183274,-0.945763648,-0.102732372,-0.896613117,0.324854546,-0.300922372,-0.0242809467,0.0384139977,-0.0397636555,,,
0.317011273,0.000718898362,-0.94842144,-0.305050714,-0.946784193,-0.102681285,-0.898024391,0.32186778,-0.299921856,0.0153799392,0.026975153,-0.0415836386,,,
0.31480594,0.00432978,-0.94914619,-0.29794781,-0.94899272,-0.10315025,-0.90117942,0.31526834,-0.29745851,0.07576304,0.03101229,-0.06641742,,,
0.31182699,0.00830887,-0.95010255,-0.28997906,-0.9514207,-0.10349253,-0.90480718,0.30778162,-0.29426923,0.10454265,0.00282466,-0.0398882,,,
0.31051455,0.01042675,-0.95051145,-0.2856684,-0.9526934,-0.10377328,-0.90662798,0.30375419,-0.29284658,0.1105368,-0.02168095,0.00623282,,,
0.30951174,0.01514331,-0.95077496,-0.27652369,-0.95522789,-0.1052327,-0.90980052,0.29548257,-0.29146662,0.07763331,-0.00635707,0.0451689,,,
0.31240736,0.02044808,-0.94972811,-0.26666879,-0.95767973,-0.10833837,-0.91175072,0.28710856,-0.2937333,0.04844004,0.02491724,0.03468424,,,
0.31505199,0.0232073,-0.94879063,-0.26135403,-0.95892716,-0.11023952,-0.91237947,0.28270144,-0.29604659,0.03512463,0.03730845,0.01845069,,,
0.32103081,0.02891193,-0.94662728,-0.25055765,-0.96132645,-0.11433276,-0.91332358,0.27388906,-0.30137118,0.0221214,0.02640903,0.04989551,,,
0.32776576,0.03445047,-0.94413059,-0.23970175,-0.96360239,-0.11837615,-0.91384489,0.26510942,-0.30757784,0.00406977,0.00739312,0.07634795,,,
0.331316737,0.0369808387,-0.942794577,-0.234531803,-0.964641408,-0.120256904,-0.91390592,0.260958439,-0.310928638,-0.00461721607,-0.000866889895,0.0795069709,,,
0.337714184,0.0414496513,-0.940335543,-0.225149748,-0.966469999,-0.123462408,-0.913923737,0.253411329,-0.317058127,-0.0324226208,-0.000933229865,0.10993965,,,
0.34347166,0.04509816,-0.93807954,-0.21706187,-0.96799003,-0.12601187,-0.91373476,0.24690282,-0.3226879,-0.03538111,0.0108732,0.10205001,,,
0.34628249,0.04671041,-0.93696669,-0.21340773,-0.96865227,-0.12716087,-0.91353466,0.24398952,-0.32545895,-0.02610045,0.02915287,0.08343665,,,
0.35138135,0.04936564,-0.93493003,-0.20686397,-0.96983382,-0.12895575,-0.91309278,0.23871598,-0.33056952,-0.00427675,0.05139398,0.04598935,,,
0.35529265,0.05173393,-0.93332236,-0.20104912,-0.97086967,-0.13034956,-0.91287802,0.23395589,-0.33454169,0.00337984,0.06157207,0.02715266,,,
0.35698323,0.05284716,-0.9326147,-0.19818723,-0.97138338,-0.13090548,-0.91284436,0.23156338,-0.33629398,0.00121522,0.06442236,0.01005617,,,
0.359591949,0.0548924181,-0.931493687,-0.192578547,-0.972410855,-0.131646284,-0.913020903,0.226724642,-0.339100048,-0.000133283902,0.0165120345,-0.0129995719,,,
0.36127802,0.056734,-0.93073054,-0.18712755,-0.97343,-0.13197336,-0.91348857,0.22184441,-0.34106226,-0.00395833,-0.01256943,-0.00100466,,,
0.36208338,0.05761769,-0.93036323,-0.18446404,-0.97392033,-0.13210582,-0.91371142,0.21945189,-0.34201189,-0.00580746,-0.02675593,-0.00670042,,,
0.386621147,0.186760203,-0.90313048,0.0402711398,-0.981765382,-0.185781613,-0.921358928,0.0354570002,-0.387092255,0.00328101823,-0.000735878886,0.00464430638,,,
0.38856975,0.18627494,-0.90239417,0.03969498,-0.98182729,-0.18557915,-0.92056391,0.03628993,-0.38890261,,,,,,
0.38943916,0.18595657,-0.90208495,0.03929393,-0.9818696,-0.18543986,-0.92021361,0.03677108,-0.3896854,-0.00425712,0.00281799,-0.00585201,,,
0.391614078,0.184240564,-0.901495249,0.0370893742,-0.982112522,-0.184604711,-0.919381666,0.0388578918,-0.391442314,0.0008524023,3.54051554e-05,-0.0205318481,,,
0.3917514,0.18333966,-0.9016193,0.03627971,-0.9822612,-0.18397434,-0.91935552,0.03936171,-0.39145367,0.00518403,-0.00122285,-0.01149778,,,
0.392012444,0.182536492,-0.901668826,0.0355972401,-0.982393231,-0.183402207,-0.919270949,0.0397990256,-0.391608164,0.00553262327,-0.000690936984,-0.000762885436,,,
0.392216328,0.182072707,-0.901673955,0.0352889041,-0.982472365,-0.183037905,-0.919195891,0.0399713737,-0.391766889,0.00623484282,-0.00164866436,-0.00085326971,,,
0.39279001,0.18133331,-0.9015732,0.03478265,-0.98259499,-0.1824754,-0.91897017,0.04031541,-0.39226076,,,,,,
0.39322673,0.18056309,-0.90153738,0.03422419,-0.98272203,-0.18189537,-0.91880433,0.04067173,-0.39261213,,,,,,
0.39351283,0.18023624,-0.90147797,0.03392685,-0.98277223,-0.18168001,-0.91869288,0.04090911,-0.3928483,0.0031253,0.00474405,0.00691111,,,
0.39431493,0.17955197,-0.90126393,0.03345304,-0.98288131,-0.18117586,-0.91836619,0.04129031,-0.39357117,0.00342146,-0.00504845,-0.00327782,,,
0.395304511,0.178919507,-0.900956206,0.0329399931,-0.982976282,-0.180754974,-0.917959276,0.0417757577,-0.394468498,-0.00038889586,0.00386631466,-0.0112078534,,,
0.395548003,0.178544618,-0.900923703,0.0326149437,-0.983034362,-0.180497785,-0.917865984,0.0420119536,-0.394660424,4.85996716e-05,0.00527977897,-0.00770658674,,,
0.395615381,0.177729226,-0.901055355,0.0319273721,-0.983165271,-0.179907093,-0.917861141,0.0424056792,-0.394629691,0.000762136653,-0.000566303672,-0.0150944963,,,
0.39548246,0.17692938,-0.90127113,0.03135402,-0.98329945,-0.17927413,-0.91793822,0.0426413,-0.39442515,,,,,,
0.39506483,0.17654395,-0.90152979,0.03099016,-0.98336284,-0.17898871,-0.91813035,0.04277358,-0.39396314,-0.00102014,0.00384402,0.00368977,,,
0.39421764,0.17575443,-0.90205476,0.03042623,-0.98350081,-0.17832629,-0.91851329,0.04285323,-0.39306087,0.00824463,0.00546229,-0.01292069,,,
0.39383085,0.17503402,-0.90236372,0.0299715,-0.98362525,-0.17771569,-0.91869413,0.04294472,-0.39262794,0.0135921,-0.00273693,-0.00713552,,,
0.39376828,0.17471635,-0.90245255,0.0298554,-0.98368278,-0.17741585,-0.91872469,0.04291763,-0.39255917,0.01258437,-0.00214487,-0.00932259,,,
0.393768728,0.174266003,-0.90253942,0.0296616704,-0.983762148,-0.177007763,-0.918730771,0.0429292789,-0.392543647,0.00556607824,0.000823259295,-0.007330155,,,
0.39370597,0.17390486,-0.90263648,0.02958989,-0.98383021,-0.1766416,-0.91876001,0.04283593,-0.39248556,0.00125093,-0.0033862,-0.0050298,,,
0.39367457,0.17378934,-0.9026724,0.0294878,-0.98384827,-0.17655771,-0.91877673,0.04288844,-0.39244058,,,,,,
0.393139167,0.17342659,-0.902975518,0.0293831964,-0.983919307,-0.176179848,-0.919009356,0.042730889,-0.391913019,0.00496817101,-0.000744223536,0.0069036507,,,
0.39259306,0.17321879,-0.90325295,0.02926515,-0.98395924,-0.17597611,-0.91924653,0.04265316,-0.39136478,0.00811568,0.00610769,0.00829061,,,
0.392372281,0.173050456,-0.903381119,0.0292032391,-0.983991084,-0.175807945,-0.919342742,0.0426005001,-0.391144374,0.00601251097,-0.000881731452,-0.00140342955,,,
0.39220411,0.17290464,-0.90348212,0.02904972,-0.98401404,-0.17570593,-0.91941942,0.04266669,-0.39095722,0.00449906,-0.00485527,-0.00198768,,,
0.39208842,0.1727378,-0.90356423,0.0288489,-0.98403813,-0.17560375,-0.91947507,0.04278536,-0.39081324,0.00737949,0.00245976,-0.00716041,,,
0.39214094,0.17271689,-0.90354547,0.02880158,-0.98403962,-0.17560375,-0.91945419,0.04283789,-0.3908568,0.00292048,0.003075,-0.00307221,,,
0.392151394,0.172648653,-0.903553917,0.0287269428,-0.984049136,-0.175561692,-0.919452011,0.0428904155,-0.390855863,-9.89643158e-05,-0.00420576287,0.00505633,,,
0.391930569,0.172567196,-0.903665292,0.0285766424,-0.984059971,-0.175525625,-0.919550854,0.0429701346,-0.390614544,0.00946820993,-0.000527620257,0.0021757728,,,
0.391888487,0.172563317,-0.903684264,0.0285050903,-0.984057704,-0.17554965,-0.919570991,0.043036278,-0.390559753,0.00714034773,0.000862002315,0.000556718558,,,
0.39195143,0.17256106,-0.90365739,0.02829473,-0.98404768,-0.17563975,-0.91955065,0.04327351,-0.39058139,0.00839883,0.00107479,-0.00403604,,,
0.392140623,0.172657324,-0.903556986,0.0282104862,-0.984023458,-0.175790098,-0.919472646,0.0434446619,-0.390746366,0.00547252595,0.00029540059,-0.0105230631,,,
0.39223521,0.1727271,-0.90350254,0.0281463,-0.98400581,-0.17589824,-0.91943422,0.04356322,-0.39082331,0.00130628,-0.00137234,-0.00755478,,,
0.392371863,0.172844194,-0.903420862,0.0281094245,-0.98398015,-0.176048514,-0.919377088,0.0436818482,-0.390944723,0.00327231688,-0.000444412202,-0.00641020853,,,
0.3924035,0.173046558,-0.903368298,0.0281229983,-0.983940798,-0.176264788,-0.919363089,0.0437614839,-0.390968302,0.000421212637,0.00112199772,-0.00497812824,,,
0.392350996,0.173154389,-0.903370507,0.0280818929,-0.983918478,-0.176396993,-0.919386819,0.043841184,-0.390903917,0.00506541505,-0.000364541978,0.000366905238,,,
0.392193461,0.173304103,-0.90341018,0.0281353652,-0.983893179,-0.17652914,-0.919452373,0.0438157965,-0.390752422,0.000476660789,-0.00263398862,0.0073623145,,,
0.392183,0.17350261,-0.90337657,0.02807743,-0.98385154,-0.17676941,-0.91945855,0.04396145,-0.39072124,0.01055831,-0.00288153,-0.00671817,,,
0.391993818,0.173580243,-0.903443771,0.0279847708,-0.983833714,-0.176883453,-0.91954206,0.0440545424,-0.39051424,0.00532395439,0.000822067203,-0.00616097171,,,
0.39147865,0.17361838,-0.9036598,0.02783619,-0.98382398,-0.17696113,-0.91976602,0.04412205,-0.38997888,,,,,,
0.39118424,0.17382472,-0.90374759,0.02774962,-0.98378205,-0.17720705,-0.91989385,0.04424194,-0.38966346,-0.00308252,-0.00184965,-0.0087065,,,
0.39113168,0.17388906,-0.90375797,0.02775271,-0.98377012,-0.17727303,-0.91991612,0.04425535,-0.38960943,-0.00134326,0.00228071,-0.01089345,,,
0.39088962,0.17398764,-0.90384379,0.02770731,-0.98375106,-0.17738687,-0.92002043,0.04429561,-0.38935879,0.00345851,0.006181,-0.00789289,,,
0.39058459,0.17408834,-0.90395631,0.02787218,-0.98374223,-0.17741078,-0.92014504,0.04409869,-0.38908684,0.00372123,0.0024333,-0.00695588,,,
0.39058459,0.17408834,-0.90395631,0.02787218,-0.98374223,-0.17741078,-0.92014504,0.04409869,-0.38908684,0.00372123,0.0024333,-0.00695588,,,
0.389510754,0.174219349,-0.90439426,0.0280948529,-0.983737061,-0.177403587,-0.920593308,0.0436917797,-0.388070819,0.00577302836,0.000240564332,-0.0128407832,,,
0.388667962,0.174363027,-0.904729087,0.0283935728,-0.983730764,-0.177390789,-0.920940275,0.043257622,-0.387295391,0.00630892813,1.57356244e-05,-0.00477543054,,,
0.38821457,0.17450071,-0.90489714,0.02858181,-0.98371661,-0.17743828,-0.92112562,0.04302051,-0.38688056,0.00960972,0.00140786,-0.00500709,,,
0.38753951,0.17478924,-0.90513083,0.02903406,-0.98368731,-0.17752805,-0.92139575,0.0425195,-0.38629251,0.00574464,0.00205684,-0.0101755,,,
0.386377674,0.175418145,-0.905505847,0.0298985716,-0.983613926,-0.17779187,-0.921855976,0.0416214857,-0.385291283,-0.00163495797,-0.00045490262,-0.00734573696,,,
0.38558444,0.17577047,-0.90577556,0.03056496,-0.98358138,-0.17785773,-0.92216614,0.04089417,-0.38462607,,,,,,
0.38464227,0.17611552,-0.9061091,0.03129933,-0.98355411,-0.17788155,-0.92253495,0.04006016,-0.38382884,,,,,,
0.38412326,0.1762959,-0.90629413,0.03165451,-0.98353831,-0.17790532,-0.92273901,0.03964927,-0.38338048,,,,,,
0.38313726,0.17659153,-0.90665385,0.03236242,-0.98351854,-0.17788686,-0.92312428,0.03881357,-0.38253746,0.00405968,-0.00211686,0.02000228,,,
0.38235171,0.17687244,-0.90693071,0.03295539,-0.98349467,-0.17791057,-0.923429,0.03813616,-0.38186977,0.00181368,-0.00424325,0.01540847,,,
0.38227685,0.17702832,-0.90693186,0.03315192,-0.98347283,-0.17799499,-0.92345297,0.03797683,-0.38182776,0.00379943,-0.00120807,0.01059628,,,
0.382412634,0.177377665,-0.906806229,0.0335283658,-0.983418191,-0.178224169,-0.923383031,0.0377514199,-0.382018522,0.00577213708,0.000565051974,0.0149429999,,,
0.38297148,0.17788326,-0.90647133,0.03385048,-0.98332749,-0.17866395,-0.92313968,0.0377387,-0.38260769,0.00695908,-0.00139987,0.01012163,,,
0.38338345,0.17806324,-0.90626183,0.03391539,-0.98329133,-0.17885058,-0.92296628,0.03783212,-0.38301659,-0.00335829,-0.00177461,0.00667019,,,
0.38405863,0.17850368,-0.90588926,0.03402432,-0.98320339,-0.17931341,-0.92268156,0.03804459,-0.38368117,,,,,,
0.384733445,0.178900013,-0.905524697,0.034178246,-0.983125765,-0.179709836,-0.92239473,0.0381911403,-0.384355866,0.00022764504,0.00260853744,0.0140900444,,,
0.38491253,0.17902175,-0.90542445,0.03421253,-0.98310132,-0.17983577,-0.92231867,0.03824416,-0.38453269,-0.00607718,0.00389576,0.00695861,,,
0.38500761,0.17922334,-0.90534418,0.03401451,-0.98305232,-0.18014153,-0.92228634,0.03856101,-0.38457877,-0.00396754,0.00394702,-0.00982781,,,
0.385049597,0.179401604,-0.905291038,0.0339084602,-0.983012106,-0.18038123,-0.922272745,0.0387586936,-0.384591639,0.000515369815,0.00482547237,-0.00135763269,,,
0.38509158,0.17949264,-0.90525519,0.03389123,-0.98299305,-0.18048919,-0.9222559,0.03882467,-0.38462567,,,,,,
0.38551388,0.17964769,-0.90504457,0.03383813,-0.98295604,-0.18069909,-0.92208132,0.03903699,-0.38502207,0.00203967,-0.00274193,0.00372865,,,
0.38607284,0.17983314,-0.90476943,0.03383683,-0.98291419,-0.18092684,-0.92184747,0.0392364,-0.38556138,0.00503283,-0.00179422,0.00244473,,,
0.386399702,0.179917405,-0.904613182,0.0338484993,-0.982895185,-0.181028645,-0.921710128,0.0393296173,-0.385880352,-0.00120203523,0.000260591478,0.00876872335,,,
0.38691632,0.18014232,-0.90434761,0.03373157,-0.98284081,-0.1813461,-0.92149771,0.03966071,-0.38635372,,,,,,
0.38729608,0.18033631,-0.90414633,0.03356314,-0.98279118,-0.18164545,-0.92134428,0.04000458,-0.38668385,,,,,,
0.38744397,0.18034246,-0.9040817,0.03349595,-0.98278563,-0.18168732,-0.92128451,0.04011058,-0.38681506,0.00264874,0.00190902,0.01008181,,,
0.38765593,0.18034714,-0.9039899,0.03321819,-0.98277067,-0.18181913,-0.92120539,0.04045435,-0.38696763,,,,,,
0.38811062,0.18034085,-0.90379609,0.03289781,-0.9827539,-0.18196879,-0.92102548,0.04089112,-0.38735008,-0.00363109,0.00156593,0.00729399,,,
0.38845909,0.18033217,-0.90364807,0.03271642,-0.98274437,-0.18205255,-0.92088499,0.04115584,-0.38765581,,,,,,
0.389197588,0.180318124,-0.903333055,0.0324254692,-0.982727429,-0.182195982,-0.920583414,0.0416192379,-0.38832204,0.0060617337,-0.000827252807,0.0017153204,,,
0.3903564,0.18032639,-0.90283124,0.03221622,-0.98270558,-0.18235074,-0.92009998,0.04209597,-0.38941483,,,,,,
0.39084064,0.18030381,-0.90262623,0.03213148,-0.98270179,-0.18238622,-0.91989736,0.04228123,-0.38987322,0.00635698,0.00148058,-0.00635724,,,
0.391999999,0.180121177,-0.902159812,0.0314642001,-0.982696781,-0.182529235,-0.919426979,0.043165719,-0.39088447,0.00350764138,-0.000477313966,-0.00755521329,,,
0.39229455,0.18008864,-0.90203825,0.0313749,-0.98269631,-0.18254686,-0.91930437,0.04331077,-0.39115661,0.00761796,-0.00181437,-0.01175268,,,
0.39255823,0.18007065,-0.90192713,0.03105097,-0.98268211,-0.18267873,-0.91920282,0.04370632,-0.39135126,,,,,,
0.39263285,0.18000002,-0.90190872,0.03076616,-0.98268206,-0.18272692,-0.9191805,0.04399631,-0.39137108,,,,,,
0.39259107,0.17999616,-0.90192772,0.03069449,-0.98267993,-0.18275104,-0.91920078,0.04406222,-0.39131624,0.00791598,0.00148189,-0.00551465,,,
0.39246571,0.1799413,-0.90199323,0.03052355,-0.98268408,-0.18275747,-0.91926002,0.04419401,-0.39116224,0.00299466,-0.00381273,-0.0060585,,,
0.39247662,0.17995973,-0.9019848,0.03036067,-0.98267238,-0.18284744,-0.91926075,0.04437848,-0.39113963,,,,,,
0.39243483,0.179955824,-0.90200375,0.0302889883,-0.98267007,-0.182871474,-0.919280937,0.0444443499,-0.391084601,0.00532725919,-0.000598013343,0.00430142879,,,
0.39263474,0.17998336,-0.90191128,0.03013116,-0.98265495,-0.1829792,-0.91920078,0.04466836,-0.39124758,-0.00596322,0.00749171,0.00381526,,,
0.39247841,0.17985654,-0.90200453,0.02981382,-0.9826665,-0.18296776,-0.91927781,0.04491868,-0.39103745,0.00181499,0.0064193,-0.00231933,,,
0.392405645,0.179780735,-0.902051391,0.0295957606,-0.982672195,-0.182974036,-0.919316004,0.0451031493,-0.390926879,-0.00023826072,0.00271701789,-0.00974116009,,,
0.39223831,0.17972205,-0.90213581,0.02935319,-0.9826737,-0.18300426,-0.91939514,0.04530071,-0.39071761,0.00706032,-0.0016101,-0.00806199,,,
0.39225987,0.17962905,-0.90214501,0.02915976,-0.98268295,-0.18298632,-0.91939215,0.04547186,-0.39070504,,,,,,
0.3924072,0.17959102,-0.90208853,0.02913718,-0.98268813,-0.18296243,-0.91933001,0.04551146,-0.39084673,-0.0059025,0.00311017,-0.00385962,,,
0.39222884,0.17955715,-0.9021728,0.02901338,-0.98269057,-0.18296853,-0.91941001,0.04559045,-0.39064915,,,,,,
0.39195602,0.17954038,-0.9022947,0.0288651,-0.98268935,-0.18299849,-0.91953101,0.04568254,-0.39035346,,,,,,
0.391777701,0.179463322,-0.902387423,0.028785397,-0.982702667,-0.182938746,-0.919609454,0.0456957313,-0.390166828,0.00851392001,-0.00153529632,0.00069548632,,,
0.39174662,0.17939139,-0.90241523,0.02863908,-0.98271031,-0.18292081,-0.91962727,0.04581425,-0.39011098,0.00504629,0.0039463,-0.00840001,,,
0.39174662,0.17939139,-0.90241523,0.02863908,-0.98271031,-0.18292081,-0.91962727,0.04581425,-0.39011098,0.00165182,-0.00412393,-0.00965666,,,
0.39165204,0.17936528,-0.90246152,0.02865864,-0.98271769,-0.18287894,-0.919667,0.04576159,-0.39002377,,,,,,
0.39150475,0.17936002,-0.90252643,0.02872534,-0.98272341,-0.18283696,-0.91972758,0.04565615,-0.389893,,,,,,
0.39139934,0.17944521,-0.90255518,0.02877548,-0.9827096,-0.18290278,-0.91977084,0.04561656,-0.3897954,,,,,,
0.39139934,0.17948852,-0.90254666,0.02873137,-0.9826989,-0.18296863,-0.91977231,0.04568241,-0.3897847,,,,,,
0.39138853,0.17955656,-0.9025377,0.02880608,-0.98268859,-0.18301047,-0.91977447,0.04562961,-0.38978521,-0.0066407,0.00309181,0.00254617,,,
0.39143042,0.1796037,-0.90251021,0.02883361,-0.98268014,-0.18305239,-0.91975583,0.04562964,-0.38982946,,,,,,
0.391472308,0.179650806,-0.902482651,0.0288611677,-0.982671485,-0.183094257,-0.919737125,0.0456296187,-0.389873522,0.00537538901,0.00206279731,0.000514151528,,,
0.39165066,0.17972793,-0.90238995,0.02894081,-0.9826581,-0.1831541,-0.91965873,0.04561653,-0.39006015,,,,,,
0.39165066,0.17968463,-0.90239848,0.02898491,-0.98266881,-0.18308825,-0.91965725,0.04555067,-0.39007085,-0.00123621,-0.00103366,-0.00786866,,,
0.391639824,0.179666182,-0.902406985,0.0291477865,-0.982681096,-0.182998492,-0.919656843,0.0453663371,-0.390093977,0.000869435666,-0.00558668328,-0.00259340019,,,
0.39167084,0.17969485,-0.90238775,0.02933823,-0.98268415,-0.18295058,-0.91963751,0.04518195,-0.39016059,,,,,,
0.391765418,0.179677793,-0.902350161,0.0293627294,-0.982688086,-0.182926673,-0.919596516,0.0451688883,-0.390259103,9.01503954e-05,0.00441026641,-0.00757057779,,,
0.39193296,0.17973644,-0.90226563,0.02960533,-0.98268615,-0.1828965,-0.91951725,0.04497129,-0.39046814,0.00109876,0.00194049,-0.01060161,,,
0.39213125,0.17991034,-0.90214484,0.02995014,-0.98266586,-0.18294996,-0.91942158,0.04472103,-0.39072229,0.00328749,0.00258183,-0.00785836,,,
0.392203981,0.179942886,-0.902106728,0.0302122869,-0.982671238,-0.182877838,-0.919381971,0.0444707034,-0.390844012,0.00611361722,-0.000435352296,-0.00756422244,,,
0.39244384,0.18007747,-0.90197557,0.03067303,-0.98266386,-0.18284107,-0.91926437,0.04408853,-0.39116389,0.00228847,0.00497174,-0.00971737,,,
0.39257806,0.18021063,-0.90189058,0.03127213,-0.98266421,-0.18273811,-0.9191869,0.04353494,-0.39140802,,,,,,
0.39265059,0.18028645,-0.90184382,0.03149026,-0.98265836,-0.18273155,-0.91914844,0.04335035,-0.39151862,-0.00340352,0.00429463,0.00470237,,,
0.39283738,0.18039863,-0.90173999,0.0320424,-0.9826596,-0.18262805,-0.91904948,0.0428492,-0.39180571,-0.00143128,-0.00440961,0.01094784,,,
0.392909787,0.180344646,-0.901719237,0.0323928271,-0.982686103,-0.182423457,-0.919006245,0.0424667118,-0.391948736,-0.00309950439,5.98430597e-05,0.00860576052,,,
0.392679132,0.18024497,-0.901839684,0.0324043302,-0.982709093,-0.182298336,-0.919104468,0.0423612373,-0.391730037,-0.000205961755,0.00580239249,0.000310599891,,,
0.39189208,0.17996252,-0.90223837,0.03241471,-0.98277392,-0.18194682,-0.91943997,0.04205772,-0.39097473,,,,,,
0.39097933,0.17958128,-0.90271024,0.03229889,-0.9828539,-0.18153551,-0.91983259,0.0418201,-0.39007588,0.00441858,-0.00188231,0.00200447,,,
0.39056984,0.1793603,-0.9029314,0.03227567,-0.98290097,-0.18128454,-0.92000735,0.04166156,-0.38968048,,,,,,
0.38989818,0.17896704,-0.90329957,0.03211836,-0.9829786,-0.18089004,-0.92029763,0.04151619,-0.38900961,0.00373913,0.00399136,-0.00271129,,,
0.389173026,0.178550783,-0.903694601,0.0320530766,-0.983065488,-0.180429236,-0.920606818,0.0412519948,-0.388305631,-0.00125138497,0.00050532812,0.0051686056,,,
0.388952496,0.178382341,-0.903822848,0.0319908219,-0.983098425,-0.180261521,-0.920702225,0.0411991377,-0.388085226,-0.000508728204,-0.00336199976,0.00663537811,,,
0.3885641,0.17793771,-0.90407747,0.03190781,-0.98318658,-0.17979405,-0.92086904,0.04101438,-0.38770857,,,,,,
0.38844911,0.17768429,-0.90417666,0.03179546,-0.98323277,-0.17956018,-0.92092138,0.04100126,-0.38758529,0.00900213,0.00460243,0.00287793,,,
0.38860766,0.17753529,-0.90413782,0.03174216,-0.98325866,-0.17942826,-0.92085635,0.0410279,-0.3877371,0.00737867,-0.0053156,0.00190396,,,
0.38930378,0.17721318,-0.90390161,0.03168852,-0.98331427,-0.1791343,-0.92056421,0.04109437,-0.38842365,-0.00573107,0.00326323,-0.01104806,,,
0.38953525,0.17718323,-0.90380772,0.0318088,-0.98332341,-0.17906216,-0.92046211,0.04100199,-0.38867511,0.00265303,0.00104153,-0.0067949,,,
0.39009286,0.17714992,-0.90357376,0.0320295,-0.98333503,-0.17895964,-0.92021831,0.04086987,-0.38926607,0.00355667,0.00188756,-0.00501583,,,
0.39046074,0.17706344,-0.90343169,0.03229009,-0.98336013,-0.17877294,-0.92005306,0.04063191,-0.38968078,,,,,,
0.390407966,0.177040758,-0.903459041,0.0323816216,-0.983369417,-0.178706957,-0.920072333,0.0405131563,-0.389648169,0.000730860746,0.00534033729,-0.00545281963,,,
0.38983978,0.17679409,-0.90375256,0.03258991,-0.98343193,-0.17832329,-0.92030578,0.04006428,-0.38914249,,,,,,
0.389839782,0.176750595,-0.903761064,0.0326342057,-0.983442427,-0.178257227,-0.920304211,0.0399982216,-0.389152987,0.00626563467,-0.00283724046,0.000366645516,,,
0.39006024,0.17678873,-0.90365853,0.03282919,-0.98344164,-0.17822666,-0.92020391,0.03985275,-0.38940529,,,,,,
0.3903862,0.17678552,-0.90351836,0.03292949,-0.98344373,-0.17819606,-0.92006206,0.03981287,-0.38974425,-0.00323156,0.00170231,0.00409484,,,
0.39053365,0.17674802,-0.903462,0.03290642,-0.98344897,-0.17817196,-0.92000034,0.03985244,-0.38988605,-0.00650048,0.00194597,-0.00128292,,,
0.39069209,0.17668579,-0.9034056,0.03276444,-0.98345351,-0.17817189,-0.91993806,0.04001075,-0.39001639,-0.00248535,-0.00110483,-0.00538489,,,
0.39066107,0.17661388,-0.90343308,0.03261809,-0.9834616,-0.17815417,-0.91995644,0.04012962,-0.38996084,,,,,,
0.39050429,0.17635657,-0.9035512,0.03243397,-0.98350586,-0.17794466,-0.92002959,0.0401824,-0.38978321,,,,,,
0.39024178,0.17627106,-0.90368127,0.03221173,-0.98351517,-0.1779332,-0.92014875,0.04032783,-0.38948668,,,,,,
0.389789717,0.176132441,-0.903903414,0.0320295226,-0.983538482,-0.177837859,-0.920346744,0.0403677787,-0.389014668,0.00192002393,0.000690340938,-0.00779521,,,
0.38892723,0.17585861,-0.90432816,0.03173715,-0.98358694,-0.17762223,-0.92072168,0.04038133,-0.38812505,0.00652233,0.00278449,-0.00746867,,,
0.38800025,0.17576036,-0.9047453,0.03147854,-0.98360272,-0.17758003,-0.92112153,0.04042103,-0.38717075,,,,,,
0.38767353,0.17576346,-0.90488478,0.03137861,-0.98360063,-0.17760979,-0.92126252,0.04046059,-0.38683116,,,,,,
0.3869668,0.17579021,-0.90518203,0.03122624,-0.98359477,-0.17766903,-0.92156477,0.04048659,-0.3861078,,,,,,
0.38654479,0.17589733,-0.9053415,0.03101342,-0.98356796,-0.17785433,-0.92174903,0.04067092,-0.38564822,0.00169614,0.00621176,-0.00500522,,,
0.38625978,0.17594776,-0.90545334,0.03094079,-0.98355733,-0.17792582,-0.92187095,0.04071014,-0.38535259,,,,,,
0.3860276,0.17610843,-0.90552104,0.03068753,-0.9835163,-0.17819498,-0.92197658,0.04099996,-0.38506862,0.00190842,0.00305057,0.01183399,,,
0.38608049,0.1761315,-0.90549406,0.03059573,-0.98350737,-0.17826094,-0.92195753,0.04111881,-0.38510182,0.00443397,-0.00143903,0.00808476,,,
0.386249878,0.176089025,-0.905430015,0.0302902416,-0.983500368,-0.178350668,-0.921896609,0.0414622105,-0.385210504,0.00637263618,-0.000823736133,0.0209941175,,,
0.38704195,0.176098958,-0.905089894,0.0299053444,-0.983474239,-0.178561447,-0.921577034,0.042043749,-0.385912118,-0.000238391105,0.00309157348,0.0185843147,,,
0.387675215,0.176126625,-0.904813394,0.0297072395,-0.983453819,-0.178706078,-0.921317179,0.0424004018,-0.386492844,0.00184921781,-0.000430345506,0.00778276147,,,
0.38882505,0.1761014,-0.90432476,0.02902246,-0.98341626,-0.17902456,-0.92085431,0.0433635,-0.38748766,,,,,,
0.38951037,0.17609158,-0.9040318,0.02814239,-0.98337006,-0.17942004,-0.92059206,0.04444436,-0.38798855,0.00320885,0.00318527,-0.00435267,,,
0.3898266,0.17605321,-0.9039029,0.02777044,-0.98335642,-0.17955181,-0.92046944,0.04489229,-0.38822753,0.00389615,0.00532222,-0.00325051,,,
0.390374067,0.175968232,-0.903683172,0.026883828,-0.983324268,-0.179862908,-0.920263742,0.0459193525,-0.388595,0.00513160601,-0.00476014568,-0.000519123278,,,
0.3907842,0.17566236,-0.9035654,0.0254878,-0.98331028,-0.18014233,-0.92012938,0.04736688,-0.38873937,,,,,,
0.39096222,0.17548956,-0.90352197,0.02451845,-0.98329247,-0.1803739,-0.9200801,0.04836642,-0.38873293,0.00607324,-0.00121367,-0.00379862,,,
0.39100289,0.17524308,-0.90355217,0.02354166,-0.98328929,-0.18052062,-0.92008828,0.04931296,-0.38859438,-0.00304643,-0.00178838,-0.00742457,,,
0.39108631,0.17519049,-0.90352633,0.02309452,-0.98327503,-0.18065714,-0.92006423,0.04978604,-0.38859139,,,,,,
0.39115821,0.17510224,-0.90351226,0.02217599,-0.98324155,-0.18095326,-0.9200562,0.05074507,-0.38848601,,,,,,
0.3914089,0.1750905,-0.90340598,0.02133705,-0.98319446,-0.18130996,-0.91996945,0.05169031,-0.38856695,-0.00363908,0.00372958,0.00392061,,,
0.391449773,0.174947027,-0.903415988,0.0209068299,-0.983198296,-0.181338025,-0.919961855,0.0520971469,-0.388530175,-0.00751314452,-0.000530779304,0.00242954609,,,
0.39149858,0.17463101,-0.90345606,0.01985669,-0.98320138,-0.18144057,-0.91996443,0.05309408,-0.38838951,-0.00887417,0.00199723,0.0109149,,,
0.39137752,0.1741697,-0.90359755,0.01865309,-0.98322528,-0.1814388,-0.92004113,0.05415617,-0.38806105,-0.00292978,0.00182247,0.00475695,,,
0.39125802,0.1738991,-0.90370137,0.01790711,-0.98323676,-0.1814512,-0.92010674,0.05481155,-0.38781322,,,,,,
0.391472041,0.17276468,-0.903826285,0.0152407524,-0.983299565,-0.181354667,-0.920063752,0.0572202835,-0.387567299,0.0042855544,0.000138282761,-0.00322113186,,,
0.3915827,0.17246202,-0.90383613,0.01461555,-0.98331977,-0.18129628,-0.92002679,0.05778242,-0.38757156,-0.00214901,-0.00315803,-0.00891831,,,
0.39158072,0.17181934,-0.90395935,0.01317098,-0.98335684,-0.18120532,-0.92004941,0.05905047,-0.38732646,0.00135112,-0.00408149,-0.00621013,,,
0.39166238,0.17122693,-0.9040364,0.01182559,-0.98338736,-0.18113294,-0.92003295,0.06025219,-0.38718059,0.01248644,0.00425339,-0.00263098,,,
0.39172875,0.170876466,-0.904074,0.0111735534,-0.983413904,-0.18103086,-0.920012889,0.060813271,-0.387140775,0.00668010628,0.000575065555,0.00104346557,,,
0.3920925,0.17027272,-0.90403022,0.00985788,-0.98344203,-0.18095429,-0.91987295,0.06203899,-0.38727872,-0.00176583,0.00206351,0.00952455,,,
0.3926869,0.169679,-0.9038839,0.00861875,-0.98346856,-0.18087443,-0.91963188,0.06323668,-0.38765772,,,,,,
0.39303563,0.16940289,-0.90378398,0.00790861,-0.98346946,-0.18089967,-0.91948914,0.06395232,-0.3878781,0.00139583,0.00473952,-0.00272974,,,
0.39349953,0.168752712,-0.9037038,0.0065004232,-0.98349424,-0.180821878,-0.91930179,0.0652788591,-0.388101403,0.00060332357,0.00172328937,-0.0131023591,,,
0.39358334,0.16804463,-0.9037993,0.00512699,-0.9835364,-0.18063757,-0.91927465,0.06646217,-0.38796513,,,,,,
0.39359431,0.1677572,-0.90384786,0.00447908,-0.98354644,-0.18059906,-0.91927328,0.06703434,-0.38786958,0.00232089,-0.00216341,-0.00602,,,
0.393572377,0.167049133,-0.903988545,0.00324390002,-0.983597408,-0.180347856,-0.919287866,0.0680474783,-0.38765858,-0.00066102203,0.00267755962,-0.0167856403,,,
0.39338508,0.16651869,-0.90416794,0.00218008,-0.98362679,-0.18020396,-0.91937119,0.06891838,-0.38730709,-0.00750374,0.00492525,-0.01822148,,,
0.39314477,0.16622905,-0.90432574,0.00173649,-0.98365474,-0.18005603,-0.91947492,0.06921773,-0.38700733,-0.00202091,0.00339663,-0.01757905,,,
0.3926891,0.1658344,-0.90459612,0.00102536,-0.98368634,-0.17988846,-0.91967067,0.0697127,-0.38645286,0.01064448,-0.00425911,-0.00900227,,,
0.392361867,0.165408063,-0.904816132,0.000571434142,-0.983741478,-0.179588507,-0.919810705,0.0699466294,-0.386077058,0.00379702542,-0.00435453607,-0.0051725083,,,
0.392232652,0.165310551,-0.904889981,0.000445910993,-0.983753255,-0.179524481,-0.919865891,0.0700118546,-0.385933772,0.00859997515,-0.00169646728,-0.010301955,,,
0.392206766,0.165125964,-0.904934894,0.000270487035,-0.983776865,-0.179395261,-0.919876988,0.0701152522,-0.385888501,0.00669550709,0.00306510902,-0.00831863377,,,
0.391887909,0.165021864,-0.905092019,0.000140477275,-0.983792432,-0.179310189,-0.920012913,0.0701423423,-0.385559453,0.0,0.0,0.0,0.0,0.0,0.0
0.391603491,0.164947296,-0.905228771,0.000199452574,-0.983816176,-0.179180901,-0.920134065,0.0699873191,-0.385298779,0.0,0.0,0.0,0.0,0.0,0.0
0.390749704,0.164852452,-0.905614855,0.00024530188,-0.98385106,-0.17898825,-0.920496896,0.0697174502,-0.384479876,-0.00345360162,0.00387942768,0.00682746945,,,
0.390465018,0.164777603,-0.905751256,0.000304522376,-0.98387458,-0.178858819,-0.920617675,0.0695622838,-0.38421871,0.00380714703,-0.00216579414,0.00634617731,,,
