0,1,2,3,4,5,6,7,8,9,10,11
-0.2087892,-0.22079118,-0.9527109,-0.33323638,0.93194376,-0.14294866,0.91943479,0.28763182,-0.26815545,0.00144059,-0.00944376,0.00177752
-0.20865417,-0.22113893,-0.95265987,-0.33300209,0.93195841,-0.14339847,0.91955036,0.28731704,-0.26809674,,,
-0.208390053,-0.221385543,-0.952660384,-0.33316521,0.931857836,-0.143672907,0.919551145,0.287453305,-0.267947864,0.00685097277,0.000951707305,0.00239217607
-0.20773238,-0.221877513,-0.952689679,-0.333792052,0.931556257,-0.14417283,0.919472741,0.288050878,-0.267575349,0.00166447763,0.00529378606,0.000899841718
-0.20686522,-0.22231493,-0.95277636,-0.33442339,0.93125071,-0.14468281,0.91943881,0.28870087,-0.26699069,,,
-0.20649623,-0.22248429,-0.95281689,-0.33463668,0.93114036,-0.1448997,0.91944417,0.28892624,-0.26672837,-0.00121083,0.00196606,0.00736725
-0.20649623,-0.22248429,-0.95281689,-0.33463668,0.93114036,-0.1448997,0.91944417,0.28892624,-0.26672837,-0.00121083,0.00196606,0.00736725
-0.20504964,-0.2231365,-0.95297657,-0.33538771,0.93073514,-0.14576409,0.91949406,0.28972778,-0.26568414,0.00294945,0.0051561,0.00600254
-0.20474788,-0.22320674,-0.95302522,-0.3356455,0.93062857,-0.14585119,0.91946747,0.2900159,-0.26546257,0.00206449,0.00430649,0.01172209
-0.20427906,-0.22329932,-0.95310404,-0.33610612,0.93044631,-0.14595316,0.91940338,0.29052894,-0.26512296,-0.00185032,0.00882453,0.01165941
-0.204143664,-0.223246869,-0.953145417,-0.336257273,0.930400011,-0.145900187,0.919378267,0.29071748,-0.265003651,0.000226874719,0.00215524412,0.00923543517
-0.20413818,-0.223146,-0.95317017,-0.3361564,0.93044708,-0.14583247,0.91941633,0.29064428,-0.26495173,0.00575168,-0.00222081,0.01224896
-0.204262806,-0.222996619,-0.95317843,-0.335803541,0.930587419,-0.145749892,0.919517588,0.290309416,-0.264967452,0.00264703785,0.000156402573,0.00682288827
-0.20448612,-0.22287386,-0.95315928,-0.3352505,0.93079138,-0.14572064,0.91966976,0.28974928,-0.26505249,-0.00171089,0.0044505,0.00713361
-0.20464706,-0.22275051,-0.95315355,-0.33494626,0.93091378,-0.14563837,0.9197448,0.28945076,-0.26511822,0.00623464,0.00390094,0.0038409
-0.20499962,-0.22242888,-0.95315286,-0.33428565,0.93118745,-0.14540639,0.91990657,0.28881708,-0.26524786,0.0049843,-0.00307083,0.00363779
-0.20541377,-0.2221078,-0.95313864,-0.33337516,0.93154158,-0.1452284,0.92014464,0.28792084,-0.26539669,0.00464355,-0.00792318,0.00268657
-0.205599191,-0.221908924,-0.953144858,-0.332820327,0.931754135,-0.145137333,0.920303928,0.287385882,-0.265423696,0.00386688742,-0.005216002,0.000234808831
-0.20589591,-0.22160984,-0.95315053,-0.33146674,0.93223536,-0.14514484,0.92072616,0.28605298,-0.26539973,0.0041125,-0.00360328,0.00419804
-0.206147767,-0.220907135,-0.953259085,-0.329111173,0.933082863,-0.145059274,0.921514342,0.283824585,-0.265055954,0.00566817261,-0.00597172929,2.17516208e-05
-0.20608432,-0.22055312,-0.95335484,-0.32746539,0.93363913,-0.14520461,0.92211472,0.28226633,-0.2646319,,,
-0.2058842,-0.22014813,-0.95349168,-0.32596995,0.93414804,-0.14529635,0.92268911,0.28089542,-0.26408799,0.00479654,0.00201434,0.00106886
-0.20582049,-0.21992142,-0.95355771,-0.32531947,0.93437742,-0.14527926,0.92293282,0.28030945,-0.26385873,0.00311606,0.00569671,0.00485929
-0.20555734,-0.2194668,-0.9537193,-0.32412139,0.93479763,-0.14525397,0.92341297,0.2792628,-0.2632884,,,
-0.20535316,-0.21886333,-0.95390193,-0.32281723,0.93527361,-0.14509411,0.92391508,0.27814045,-0.26271425,0.00602655,-0.00106162,-0.00150461
-0.20521304,-0.21858682,-0.95399546,-0.32206657,0.93553494,-0.14507756,0.92420813,0.27747824,-0.26238348,0.00706649,-0.00146228,-0.00366199
-0.20485703,-0.21803446,-0.9541984,-0.32041633,0.93609671,-0.14510798,0.92486052,0.27601436,-0.26162779,0.00553299,-0.00763863,-0.00938097
-0.20443109,-0.2175839,-0.95439255,-0.3187183,0.93665115,-0.14526965,0.92554121,0.27448474,-0.26082859,0.01064764,-0.00198424,-0.00380109
-0.20415387,-0.21745894,-0.95448035,-0.31792266,0.93689328,-0.14545157,0.92587597,0.27375643,-0.26040551,0.00938445,-0.00114429,-0.00660399
-0.20353845,-0.2172086,-0.95466874,-0.31658211,0.93729915,-0.14576027,0.92647059,0.27256323,-0.25954077,,,
-0.20296718,-0.21703447,-0.95482993,-0.3154411,0.93763509,-0.14607304,0.92698493,0.27154458,-0.25877074,0.00217325,0.00775975,0.00250938
-0.20266631,-0.21698529,-0.954905,-0.31489649,0.93778852,-0.14626309,0.92723587,0.27105364,-0.25838604,,,
-0.202332808,-0.216638426,-0.955054474,-0.313843616,0.938133931,-0.146310983,0.927665587,0.270134247,-0.257805859,-0.000301425462,0.0049875374,0.00870158058
-0.20220007,-0.21624443,-0.95517195,-0.31268269,0.9385257,-0.14628413,0.92808655,0.26908707,-0.25738585,0.00206051,0.0012989,0.00472806
-0.20217915,-0.21568703,-0.9553024,-0.31025496,0.93931074,-0.14641443,0.9289055,0.26678537,-0.25682701,,,
-0.202264951,-0.215376987,-0.955354129,-0.308531717,0.939855274,-0.146561377,0.929460563,0.265112827,-0.256550412,0.00476934435,0.000845968665,0.00436618133
-0.20228825,-0.21523537,-0.95538113,-0.30761965,0.9401377,-0.14666715,0.92975778,0.26422498,-0.25638944,,,
-0.20238023,-0.21492486,-0.95543161,-0.30609508,0.94062133,-0.14675599,0.93024086,0.2627524,-0.2561506,,,
-0.20254696,-0.21461372,-0.95546626,-0.3047185,0.94106409,-0.14678224,0.93065647,0.26141794,-0.25600645,,,
-0.20264415,-0.21437016,-0.95550027,-0.30405274,0.94129244,-0.14669854,0.93085297,0.26079488,-0.25592725,0.00413074,-0.00471526,-0.00121256
-0.20274192,-0.21405909,-0.95554928,-0.30272669,0.94171493,-0.14672948,0.9312638,0.25952205,-0.25572649,0.00146716,-0.00244725,-0.00466007
-0.202838321,-0.213697745,-0.955609622,-0.30144903,0.942129672,-0.146697499,0.931657103,0.258311726,-0.255518979,0.00672248518,0.00667446805,0.000470209052
-0.20309525,-0.2131459,-0.9556783,-0.29940005,0.94279102,-0.14664483,0.93226166,0.25634727,-0.25529227,0.00132332,0.00463241,0.00247383
-0.20342763,-0.21265958,-0.95571607,-0.29816064,0.94321952,-0.14641438,0.93258648,0.25517218,-0.25528363,0.00445168,0.00271958,0.00362053
-0.20362645,-0.2123913,-0.95573329,-0.29753898,0.94343881,-0.14626609,0.93274152,0.25458426,-0.25530378,0.00349283,-0.00677973,0.00160393
-0.20396685,-0.21210629,-0.9557241,-0.29630203,0.94383334,-0.14623176,0.93306095,0.25335656,-0.25535824,0.00659541,-0.00820458,-0.00585105
-0.20424947,-0.21197089,-0.95569374,-0.29517091,0.94417218,-0.14633194,0.93335755,0.25220476,-0.25541431,0.00422437,-0.0035761,-0.00688693
-0.20429565,-0.21202823,-0.95567113,-0.29466152,0.94430279,-0.14651565,0.93350836,0.251667,-0.25539351,0.00275344,0.00296837,-0.00863796
-0.204359555,-0.212014101,-0.955660576,-0.293894984,0.944513898,-0.146694348,0.933735966,0.25088546,-0.255330321,-0.000415543909,0.0130508533,-0.0104417764
-0.20414609,-0.21169484,-0.9557769,-0.29343517,0.94467754,-0.14656106,0.93392718,0.2505387,-0.25497093,0.00192104,0.0117386,-0.00953719
-0.203914916,-0.21144725,-0.955881119,-0.293232419,0.944760358,-0.146432962,0.934041435,0.25043547,-0.254653917,-0.000445933896,0.00975221302,-0.0102568865
-0.202960227,-0.210481356,-0.956297351,-0.292524228,0.945058651,-0.145923668,0.934471295,0.250123449,-0.253380214,0.00701305084,0.00192111719,-0.00044246437
-0.20272837,-0.21033629,-0.95637858,-0.2922215,0.94515231,-0.14592367,0.93461647,0.24989151,-0.25307397,0.00452331,0.00095975,-0.00290495
-0.202435914,-0.210122925,-0.9564873,-0.291510432,0.945362808,-0.145982279,0.934901742,0.249273974,-0.252628409,0.00533672376,-0.00154238928,-0.000631726405
-0.202315363,-0.209935283,-0.956554073,-0.290743479,0.945590726,-0.146035643,0.935166695,0.248566604,-0.252344846,0.0059091039,-0.00465023471,-0.000417237869
-0.20226581,-0.21001698,-0.95654666,-0.29038901,0.94567038,-0.14622505,0.93528759,0.2481943,-0.25226341,0.00473498,-0.00260854,-0.00169311
-0.20233843,-0.21005238,-0.95652349,-0.28977427,0.94583081,-0.1464068,0.93546248,0.24755218,-0.2522457,,,
-0.202554892,-0.210187638,-0.956447799,-0.289157377,0.945981859,-0.146650338,0.935606353,0.246859205,-0.252390559,0.000246445299,0.00130850065,-0.00543501507
-0.202716155,-0.210216443,-0.956407457,-0.288897643,0.946052451,-0.146706891,0.93565182,0.246564003,-0.252511151,-0.000956374337,0.00546890451,-0.00744353747
-0.20293272,-0.21030056,-0.95634307,-0.28833057,0.94619752,-0.1468868,0.93577982,0.2459348,-0.25265052,0.00577229,0.00974184,-0.00708952
-0.20313796,-0.21013263,-0.95633636,-0.28780913,0.94636847,-0.14680811,0.93589575,0.24542004,-0.25272145,0.00167179,-0.00286311,-0.00862849
-0.20322114,-0.21006224,-0.95633416,-0.28749795,0.94646417,-0.14680091,0.93597334,0.24511106,-0.25273399,0.00184149,0.0012787,-0.00470672
-0.20332064,-0.20986985,-0.95635519,-0.28697864,0.94663354,-0.14672491,0.93611104,0.24462131,-0.2526983,,,
-0.20348648,-0.20952447,-0.95639564,-0.28655634,0.94680338,-0.14645415,0.93620435,0.2442598,-0.25270225,,,
-0.20360834,-0.20937573,-0.95640235,-0.28639571,0.94687291,-0.14631881,0.93622708,0.2441178,-0.25275554,0.00739384,0.00126851,-0.00199992
-0.20394559,-0.20895304,-0.9564229,-0.2860176,0.94704943,-0.14591539,0.93626923,0.24379499,-0.2529108,0.00451775,-0.00449371,-0.00932013
-0.204083328,-0.208733478,-0.95644149,-0.285598385,0.947197446,-0.14577572,0.936367209,0.243407751,-0.252921152,0.00819199719,6.5386288e-05,-0.00793303177
-0.20413848,-0.20863543,-0.9564512,-0.28544075,0.94725554,-0.14570703,0.93640334,0.24326573,-0.25292436,0.00752706,-0.0014208,-0.00529228
-0.2040492,-0.20854019,-0.95649104,-0.28518483,0.94733296,-0.14570476,0.93650079,0.24304578,-0.25277503,0.00274368,0.00809342,-0.00508069
-0.20399847,-0.20836661,-0.95653949,-0.28507968,0.94738467,-0.1455742,0.93654365,0.24299307,-0.25266611,0.00417686,0.00407523,-0.00376807
-0.20398693,-0.208268093,-0.956563375,-0.284975148,0.947426324,-0.145507785,0.936577949,0.242915113,-0.252613817,0.0106186159,0.0024591086,-0.000346643385
-0.203964079,-0.208019909,-0.956622375,-0.284816304,0.947504339,-0.145310704,0.93663137,0.242823485,-0.252504312,0.00596494367,-0.000847339572,-0.00507582165
-0.20404635,-0.2078473,-0.95664235,-0.28460468,0.94758863,-0.14517566,0.93667778,0.24264233,-0.25250632,0.00773234,0.00298852,-0.00216746
-0.204366531,-0.207597673,-0.956628084,-0.284384012,0.94769618,-0.144905739,0.936674874,0.242435859,-0.25271484,0.00521383621,0.004985034,-0.00075947342
-0.20449941,-0.20754746,-0.95661067,-0.28432757,0.9477236,-0.14483718,0.93666309,0.24237167,-0.25282038,0.00494561,0.00161982,-0.00173966
-0.204963906,-0.207346056,-0.956554823,-0.284154812,0.947816926,-0.144565227,0.93661388,0.242179014,-0.253186638,0.00641697599,-0.000442445249,-0.00322933961
-0.20509662,-0.20729587,-0.95653728,-0.28409824,0.94784432,-0.14449679,0.93660201,0.24211477,-0.25329206,0.00960733,-0.00411558,-0.00511629
-0.20526856,-0.20732074,-0.95649518,-0.2840423,0.94786173,-0.14449258,0.93658149,0.24202531,-0.25345407,0.00420035,0.00346082,-0.00326336
-0.20520203,-0.20732022,-0.95650944,-0.28409564,0.94784543,-0.14449465,0.93657976,0.24208957,-0.25339858,,,
-0.205030241,-0.20734656,-0.956540493,-0.284101459,0.947833236,-0.144563155,0.936615541,0.242114743,-0.253241937,0.00767551083,0.000153839574,0.00301945279
-0.204925,-0.20737331,-0.95655731,-0.28405405,0.94783733,-0.14462945,0.93665301,0.24207579,-0.25314079,,,
-0.204924997,-0.207373311,-0.956557307,-0.284054049,0.947837334,-0.144629449,0.936653015,0.242075793,-0.253140791,0.00530438591,-0.000870704593,0.00437592296
-0.20495228,-0.20734989,-0.9565565,-0.28395002,0.94786882,-0.14462736,0.93667855,0.24197254,-0.25314488,0.0032409,0.0031479,0.00302729
-0.20497973,-0.20742878,-0.95653367,-0.28374577,0.9479107,-0.14475376,0.9367346,0.2417408,-0.25315952,0.00525174,0.0057103,0.00249386
-0.20500722,-0.20740534,-0.95653297,-0.28364179,0.94794215,-0.14475162,0.93676018,0.24163759,-0.25316381,-0.00336972,0.00464314,0.00388534
-0.20526076,-0.20725754,-0.9565106,-0.28337388,0.94804346,-0.14461278,0.93678571,0.24136679,-0.25332749,,,
-0.20560784,-0.20703548,-0.95648407,-0.28299849,0.94818715,-0.14440562,0.93682299,0.24099261,-0.25354543,,,
-0.206207761,-0.206767854,-0.956412748,-0.282254319,0.948441887,-0.144189053,0.936915572,0.24021873,-0.253937197,0.00704553816,0.000618934573,-0.00053876976
-0.206593383,-0.206620744,-0.956361384,-0.281879023,0.948575084,-0.14404697,0.936943672,0.23981906,-0.254211389,0.00778314238,-0.00662463857,0.000206629746
-0.206686704,-0.206648896,-0.956335106,-0.281671219,0.948627601,-0.144107592,0.936985553,0.239586952,-0.254275759,0.0074883909,0.00101059664,-4.19366406e-05
-0.20687337,-0.20665391,-0.95629355,-0.2813057,0.94872741,-0.14416445,0.93705405,0.23918705,-0.25439936,,,
-0.20688859,-0.20673663,-0.95627249,-0.28089607,0.94881998,-0.14435389,0.93717368,0.23874801,-0.25437153,-0.00137274,-0.00498122,0.00168799
-0.20691556,-0.20681555,-0.95624951,-0.28069147,0.94886119,-0.14448089,0.93722894,0.23851574,-0.25438551,,,
-0.207093145,-0.206706593,-0.956234588,-0.279705967,0.949134721,-0.14459545,0.93748428,0.237519802,-0.254376362,2.74559134e-05,0.00540453149,0.00396876177
-0.207068926,-0.20650979,-0.956282421,-0.279496015,0.949216713,-0.144463164,0.937552313,0.237363297,-0.254271948,0.00127687806,0.00705915643,0.000920593448
-0.20721866,-0.205912622,-0.956378722,-0.279116134,0.94940859,-0.143935771,0.937632365,0.23711456,-0.254208711,0.00590361375,0.0013219713,-0.000535416999
-0.2073019,-0.20541753,-0.95646712,-0.27868912,0.94959407,-0.14353911,0.93774095,0.23680106,-0.25410029,0.00543286,-0.00459808,0.00340164
-0.20744862,-0.20524529,-0.95647224,-0.2784226,0.94969272,-0.14340355,0.93778763,0.23655463,-0.25415738,0.00552393,0.00139451,0.00143266
-0.20794023,-0.20490193,-0.95643921,-0.27772833,0.94993757,-0.14312789,0.93788471,0.23586822,-0.2544373,0.00626309,0.00337332,0.00158967
-0.208629298,-0.204559461,-0.956362499,-0.276872417,0.950229465,-0.142848269,0.937984791,0.234988063,-0.254882579,5.57753374e-05,-0.0037591455,-0.00415343326
-0.20890727,-0.20438786,-0.95633841,-0.27649788,0.95035923,-0.1427104,0.93803331,0.23461231,-0.25504976,0.0042202,-0.00515759,-0.0053556
-0.209580982,-0.204166881,-0.95623829,-0.275850742,0.950578881,-0.142499679,0.938073638,0.23391382,-0.255542841,-0.000410533219,-0.0036718843,-0.00642891275
-0.21028072,-0.2039223,-0.95613693,-0.27509828,0.95082854,-0.14228852,0.93813809,0.23311109,-0.25603959,0.00323993,-0.00412786,-0.00598938
-0.21057167,-0.20378219,-0.95610265,-0.27436209,0.95104276,-0.14227831,0.93828829,0.23235854,-0.25617277,,,
-0.210598206,-0.20375876,-0.9561018,-0.274257326,0.951073157,-0.142277071,0.938312956,0.232254631,-0.256176633,0.00602037041,0.00201052404,1.24750659e-05
-0.21061206,-0.20363699,-0.95612476,-0.27404713,0.95114379,-0.14220993,0.93837133,0.23207212,-0.25612848,0.00153841,-0.00139242,-0.00519278
-0.210599365,-0.20353871,-0.956148561,-0.273941688,0.95118401,-0.142144076,0.938405046,0.231993492,-0.256076486,0.00643858546,0.00413089944,-5.11447433e-06
-0.21055977,-0.20351503,-0.95616215,-0.27389073,0.95119867,-0.14214412,0.93842863,0.23195412,-0.25602505,,,
-0.21050784,-0.20334189,-0.95621058,-0.27378459,0.95124872,-0.14201363,0.93847141,0.23190074,-0.25591719,0.00517224,-0.00133812,0.00195477
-0.21046905,-0.20314945,-0.95625992,-0.27336756,0.95137883,-0.14194537,0.93860157,0.23153534,-0.25577027,0.00352924,0.00277942,-0.00387551
-0.21048253,-0.20302781,-0.95628277,-0.27315717,0.95144926,-0.14187836,0.93865978,0.23135258,-0.25572195,0.00559716,-0.00105125,-0.00330691
-0.210443825,-0.202886764,-0.956321345,-0.272689757,0.951583857,-0.141874826,0.938804479,0.230922348,-0.255580089,0.00515029905,1.71661359e-05,0.00346415816
-0.210509811,-0.202769678,-0.956331565,-0.272219153,0.951719267,-0.141870256,0.938926161,0.230466689,-0.255544033,0.00460758759,0.000282883615,-0.00449796859
-0.210601832,-0.202746521,-0.95631614,-0.272060301,0.951765028,-0.14186796,0.938951492,0.23029801,-0.255602737,0.00634296192,-0.000257909269,-0.00618942082
-0.21054938,-0.20272711,-0.95633183,-0.27180313,0.95182904,-0.14193143,0.93903775,0.23005042,-0.25550888,0.00605767,0.00279957,-0.00526798
-0.2103917,-0.20273523,-0.95636485,-0.27149856,0.95189667,-0.14206079,0.93916124,0.22976327,-0.25531348,0.00240876,-0.0026896,-0.00471001
-0.21020745,-0.20276683,-0.9563986,-0.27129891,0.9519341,-0.14219132,0.93926012,0.22958022,-0.25511406,,,
-0.20999692,-0.20265344,-0.95646886,-0.27083743,0.952056,-0.14225488,0.93944036,0.22917448,-0.25481497,0.00649812,0.00777215,0.001692
-0.20989131,-0.20251276,-0.95652172,-0.27042323,0.95217405,-0.14225273,0.93958315,0.22880809,-0.25461721,,,
-0.20981242,-0.20251695,-0.95653831,-0.27027082,0.95220767,-0.14231735,0.93964479,0.22866445,-0.25451942,0.0074176,-0.00106132,-0.00131084
-0.20986502,-0.202470446,-0.956536689,-0.270060735,0.952267595,-0.142315244,0.939693524,0.228456008,-0.254526976,0.00783224963,0.000835359038,-0.00415518694
-0.20982538,-0.2026008,-0.95651771,-0.26985852,0.95229589,-0.14250936,0.93976039,0.22822237,-0.2544894,0.00466163,-0.00518805,-0.00355646
-0.20979919,-0.20277791,-0.95648595,-0.26981242,0.95227973,-0.14270451,0.9397795,0.2281325,-0.25449951,,,
-0.20979918,-0.20293187,-0.9564533,-0.26966115,0.95229345,-0.14289876,0.93982292,0.22793825,-0.25451322,0.00428678,0.00394279,-0.00135254
-0.20975964,-0.20311361,-0.95642338,-0.26940841,0.95232609,-0.14315769,0.93990421,0.22763979,-0.25448009,0.00466701,0.00495094,-0.00567533
-0.20978576,-0.20314167,-0.95641162,-0.26925288,0.95236049,-0.14322143,0.93994288,0.22747077,-0.25448814,,,
-0.20962757,-0.20320182,-0.95643349,-0.26889711,0.95243177,-0.14341569,0.94007997,0.22711833,-0.25429634,0.00701384,0.00196987,-0.00175372
-0.20944346,-0.20328538,-0.95645626,-0.26864639,0.9524731,-0.143611,0.94019287,0.22687013,-0.25410114,0.00539524,-0.00272435,-0.00374691
-0.209272112,-0.203364201,-0.956476834,-0.268602232,0.9524657,-0.143742551,0.940243465,0.226830514,-0.253948586,0.000114061171,-0.0037295816,-0.0168972053
-0.208837894,-0.203596307,-0.95652247,-0.268622621,0.9524101,-0.144072505,0.940334292,0.226855776,-0.253589893,0.00189253967,-0.00692212535,-0.000811199658
-0.2084165,-0.2038102,-0.95656887,-0.26833077,0.95243288,-0.14446528,0.94051114,0.22656791,-0.25319127,,,
-0.20820552,-0.20391718,-0.95659188,-0.26818469,0.95244421,-0.14466166,0.94059939,0.22642395,-0.25299161,,,
-0.20794183,-0.20395449,-0.95664135,-0.26783106,0.95251402,-0.14485702,0.94075853,0.22609644,-0.25269286,,,
-0.20761208,-0.20404322,-0.95669411,-0.26748061,0.95257273,-0.14511828,0.94093112,0.22576882,-0.25234321,,,
-0.20753279,-0.20404808,-0.95671025,-0.26732755,0.95260582,-0.14518309,0.94099208,0.22562476,-0.25224462,,,
-0.20728213,-0.20413212,-0.95674659,-0.26712988,0.95263131,-0.14537953,0.94110339,0.22544103,-0.25199323,,,
-0.207229095,-0.204062545,-0.956772967,-0.266922201,0.95268968,-0.145378502,0.941174039,0.225257293,-0.251893844,3.87176406e-05,0.00587898446,-0.00363180344
-0.207149691,-0.2040675,-0.95678904,-0.266768996,0.952722695,-0.145443331,0.941234888,0.225113117,-0.251795093,-0.00151733577,0.00587838842,-0.000697668293
-0.20718845,-0.20397516,-0.9568003,-0.26640196,0.95282585,-0.14544032,0.94133027,0.22475993,-0.25175389,,,
-0.20722746,-0.2039343,-0.95680075,-0.26598432,0.9529331,-0.14550209,0.94143997,0.22434197,-0.25171723,,,
-0.20727954,-0.20393977,-0.95678822,-0.26572307,0.95299637,-0.14556502,0.94150219,0.22406806,-0.25172815,,,
-0.20742353,-0.2039224,-0.95676067,-0.26530247,0.95310421,-0.14562607,0.94158904,0.2236247,-0.25179735,0.0037233,-0.00772107,-0.00374313
-0.207541443,-0.203979619,-0.956722897,-0.264936311,0.95318664,-0.145753125,0.94166615,0.223220826,-0.251867338,0.00307906,-0.000872731151,-0.00778373098
-0.20750189,-0.20405948,-0.95671455,-0.26478359,0.95320923,-0.14588289,0.94171792,0.22305134,-0.25182432,0.00169614,0.00317293,-0.00495097
-0.20742238,-0.20416766,-0.95670867,-0.2645288,0.95325016,-0.14607755,0.941807,0.22277724,-0.25173365,-0.00124022,0.0112862,-0.0021253
-0.20724962,-0.20387431,-0.95680859,-0.26431882,0.95333834,-0.14588203,0.94190391,0.22266853,-0.25146682,0.00157714,0.00670689,-0.00189479
-0.207156339,-0.203627278,-0.956881373,-0.264211557,0.95339797,-0.145686494,0.941954502,0.222639244,-0.251303113,0.000117750838,0.00788944867,-0.00287587522
-0.2069558,-0.20308716,-0.95703962,-0.2638403,0.95356059,-0.14529453,0.94210272,0.22243608,-0.25092747,,,
-0.20686055,-0.20262212,-0.95715886,-0.2634155,0.95372792,-0.14496665,0.94224258,0.22214259,-0.25066249,0.00307865,-0.00379777,-0.00237465
-0.20689848,-0.20242715,-0.95719197,-0.26314925,0.95382153,-0.1448343,0.9423087,0.22191835,-0.25061277,,,
-0.206987602,-0.202237907,-0.957212498,-0.262621067,0.953977566,-0.144765227,0.942436264,0.221419566,-0.250573464,0.00440603588,-0.000663816871,-0.00417026319
-0.20707677,-0.20210037,-0.95722224,-0.26204204,0.95413739,-0.14476122,0.94257782,0.22085579,-0.25053848,0.0023787,-0.00116575,-0.00471282
-0.20712847,-0.20205465,-0.95722078,-0.26183087,0.95419559,-0.14475971,0.94262522,0.22064609,-0.25054521,0.00167057,-0.00214541,-0.00853157
-0.20732303,-0.20188872,-0.95721372,-0.26129958,0.95435176,-0.14469019,0.94272991,0.22012194,-0.25061254,-0.0011913,-0.00232506,-0.0074482
-0.20732304,-0.2019403,-0.95720284,-0.26124879,0.95435582,-0.14475511,0.94274399,0.22005701,-0.25061661,,,
-0.207323029,-0.201888724,-0.957213715,-0.261299585,0.954351757,-0.144690191,0.942729908,0.220121938,-0.250612536,-0.00112984586,-0.000681877078,-0.00890376326
-0.20719165,-0.20188839,-0.9572422,-0.26140794,0.95432186,-0.14469165,0.94272872,0.22025181,-0.25050275,,,
-0.20708587,-0.20186526,-0.95726985,-0.26141059,0.954321,-0.14469249,0.94275111,0.22027671,-0.25039611,,,
-0.20704617,-0.20173907,-0.95730517,-0.26146079,0.95432693,-0.14456264,0.94274604,0.22036663,-0.25033659,,,
-0.20711172,-0.20158442,-0.9573235,-0.26155905,0.95432961,-0.14436709,0.94270431,0.22049652,-0.25037907,,,
-0.207374384,-0.201327178,-0.957320789,-0.261596301,0.954368899,-0.144039491,0.94263625,0.220561481,-0.250578107,0.000971525209,-0.00621527387,-0.000618194113
-0.20745165,-0.20120702,-0.95732939,-0.26133025,0.95445191,-0.14397243,0.94269313,0.22031181,-0.2505841,,,
-0.2075687,-0.20105828,-0.95733528,-0.26116633,0.95451667,-0.14384044,0.9427128,0.22016697,-0.25063744,,,
-0.20769698,-0.20084067,-0.9573531,-0.26073969,0.95465339,-0.14370704,0.9428026,0.21977243,-0.25064576,,,
-0.20785052,-0.20049714,-0.95739165,-0.26030874,0.95481064,-0.14344333,0.94288771,0.21940265,-0.25064904,0.00503807,0.0028978,-0.00349277
-0.2080331,-0.20034843,-0.95738326,-0.26009041,0.95489005,-0.14331074,0.94290783,0.21919283,-0.25075744,0.0040338,-0.00121802,-0.00292304
-0.208656233,-0.199679224,-0.957387482,-0.259269921,0.955202017,-0.142717255,0.942996124,0.218442932,-0.251079672,0.00123994821,0.00504344655,1.03890488e-05
-0.208878255,-0.199502026,-0.957376017,-0.259153467,0.955263044,-0.14252017,0.942978991,0.218337948,-0.25123532,0.00382182165,0.000319480867,-0.00540105393
-0.20932217,-0.19919911,-0.95734209,-0.25886954,0.95538906,-0.14219108,0.94295849,0.21806296,-0.25155069,0.00535202,0.00111675,-0.00581243
-0.209740175,-0.19891915,-0.957308698,-0.258691098,0.95548618,-0.141862838,0.942914464,0.217892911,-0.251862452,0.00557416957,-0.000719666423,-0.00740641169
-0.209896557,-0.198741787,-0.957311315,-0.25862869,0.955532217,-0.141666427,0.942896841,0.217852882,-0.25196325,0.00538311433,0.000271439523,-0.0045773997
-0.21013292,-0.19855908,-0.95729739,-0.25871977,0.95554626,-0.14140519,0.94281923,0.21795788,-0.25216289,0.0053354,0.00186008,-0.00433925
-0.21032926,-0.19830181,-0.95730766,-0.25881014,0.95557002,-0.1410789,0.94275069,0.21808791,-0.25230686,0.00860806,0.00271445,-0.00488147
-0.210369199,-0.198221938,-0.957315272,-0.258962915,0.955547785,-0.14094902,0.942699674,0.218257832,-0.252349953,0.00980161969,0.000395059556,-0.00339531945
-0.21036929,-0.19806743,-0.95734729,-0.25911508,0.95553528,-0.14075406,0.9426579,0.21845279,-0.25233753,0.00814812,0.00104475,-0.001975
-0.21043476,-0.19791308,-0.95736486,-0.25921272,0.95553755,-0.14055872,0.94261648,0.21858272,-0.2523799,0.007639,0.0014776,-0.00447082
-0.21050015,-0.19781025,-0.95737172,-0.25925963,0.95554398,-0.14042839,0.94258896,0.21864765,-0.25242636,0.00712298,-0.0009582,0.00143525
-0.21055074,-0.19771281,-0.95738073,-0.25909863,0.95559733,-0.14036254,0.94262194,0.2185026,-0.25242884,0.00761427,-0.00359708,0.00256706
-0.210666851,-0.197615441,-0.957375212,-0.258883156,0.955665464,-0.140296188,0.942655118,0.218292571,-0.252486343,0.00792619307,-0.00672733737,0.000852508587
-0.21099385,-0.19766739,-0.95729254,-0.25856011,0.95574368,-0.14035911,0.94267072,0.21790276,-0.25276494,0.00402632,-0.0027445,-0.00244828
-0.21092842,-0.19782177,-0.95727504,-0.25846247,0.95574137,-0.1405545,0.9427121,0.21777274,-0.25272252,0.00410885,0.00132263,-0.00343502
-0.21082307,-0.19795305,-0.95727115,-0.25831349,0.95575291,-0.14074981,0.94277654,0.21760275,-0.2526287,0.00651051,-0.00246775,0.00104134
-0.21078303,-0.19798153,-0.95727409,-0.25821135,0.95577093,-0.14081483,0.94281349,0.21749767,-0.25258137,,,
-0.210637433,-0.198038341,-0.957294329,-0.258061539,0.955792178,-0.140945188,0.942886981,0.217352524,-0.25243169,0.00241260417,0.000108718865,0.00562134432
-0.21051712,-0.19802078,-0.95732437,-0.25785654,0.95583791,-0.14101019,0.94296987,0.2171673,-0.2522812,0.00233923,0.0035643,0.00339448
-0.21059323,-0.19815811,-0.95727945,-0.25733577,0.95594002,-0.14126921,0.94309538,0.2165919,-0.25230766,,,
-0.210683716,-0.198135265,-0.957264177,-0.257175303,0.955983291,-0.141268567,0.943118843,0.216421721,-0.252365609,0.00570037402,-0.00202453113,-0.000691305439
-0.21083981,-0.19826708,-0.9572026,-0.25680804,0.9560533,-0.14146279,0.94318411,0.21599133,-0.25249068,0.00282868,-0.00551063,-0.0037081
-0.21090513,-0.1985248,-0.95713477,-0.25649963,0.95608794,-0.14178786,0.94325342,0.21560092,-0.25256539,0.00310986,0.00590116,-0.00464965
-0.210839827,-0.198679384,-0.957117108,-0.25640174,0.956085178,-0.141983391,0.943294654,0.215470735,-0.252522573,-0.000923242129,0.00995153096,-0.00717877131
-0.210734243,-0.198656375,-0.957145053,-0.256404729,0.95608433,-0.14198368,0.94331735,0.215495697,-0.252416142,0.000288892421,0.00673884107,-0.00606429856
-0.21042837,-0.1983124,-0.95728376,-0.25635353,0.95613665,-0.14172362,0.94339964,0.21558039,-0.25203636,0.00124507,0.00810784,-0.00686849
-0.20985573,-0.19780217,-0.95751488,-0.25615009,0.95623923,-0.14139896,0.94358231,0.21559415,-0.25133932,,,
-0.20974561,-0.19751014,-0.95759942,-0.25588452,0.95633926,-0.14120317,0.94367898,0.21541812,-0.25112774,0.00457869,-0.00156265,-0.00303043
-0.20983616,-0.19738422,-0.95760557,-0.25582563,0.95637431,-0.14107244,0.94367484,0.21537795,-0.25117785,,,
-0.2099265,-0.19736146,-0.95759036,-0.25566503,0.95641734,-0.14107186,0.94369817,0.21520765,-0.25123576,0.00207474,-0.00544363,-0.00634404
-0.21005716,-0.19736154,-0.95756158,-0.2555559,0.95644659,-0.14107122,0.94369854,0.2150775,-0.25134536,0.00176137,-0.0032717,-0.00882825
-0.21009756,-0.19743606,-0.95753748,-0.25555658,0.95643681,-0.14113631,0.94368949,0.21505261,-0.25140112,0.00886809,0.00177783,-0.00681525
-0.21003214,-0.19753913,-0.95753053,-0.25550946,0.95643015,-0.14126669,0.94371677,0.21498756,-0.25135419,,,
-0.2094084,-0.19799103,-0.95757382,-0.25601389,0.95622731,-0.14172585,0.94371868,0.21547361,-0.25093048,0.00262184,0.00388354,0.00345356
-0.20920205,-0.19826575,-0.95756215,-0.25623751,0.95612855,-0.1419878,0.94370383,0.2156592,-0.25082718,-0.00420296,-0.00361955,0.00540508
-0.20917666,-0.19834017,-0.95755219,-0.25629261,0.95610406,-0.14205324,0.9436944,0.21569933,-0.25082777,0.00127495,0.00425309,0.00356051
-0.20904587,-0.1984432,-0.95755942,-0.25629985,0.95608268,-0.14218404,0.94372143,0.21569935,-0.25072609,,,
-0.20903098,-0.19850071,-0.95755077,-0.25604062,0.95613284,-0.14231373,0.94379512,0.21542392,-0.25068563,,,
-0.208975698,-0.198535495,-0.957555526,-0.255729673,0.956196709,-0.142443601,0.943891553,0.215108118,-0.250593292,0.000270919147,0.00561112119,0.000747513259
-0.20903652,-0.19836988,-0.95757668,-0.25530488,0.95632011,-0.14237717,0.94399318,0.21471197,-0.25055063,,,
-0.20921762,-0.19822113,-0.9575679,-0.25508554,0.9563982,-0.14224572,0.94401233,0.21450142,-0.2506587,,,
-0.209267997,-0.198123911,-0.957577046,-0.254924295,0.956450966,-0.142180001,0.944044749,0.21435593,-0.250661176,0.0041979719,0.000825822295,-0.00343115255
-0.209268,-0.19812391,-0.95757705,-0.25492429,0.95645097,-0.14218,0.94404475,0.21435593,-0.25066118,,,
-0.209383474,-0.19787194,-0.957603792,-0.254861134,0.956506574,-0.14191888,0.944036085,0.214340528,-0.250706536,0.00199950975,0.00735181523,-5.81510249e-05
-0.209775801,-0.197510969,-0.957592596,-0.25489006,0.956566599,-0.141461661,0.943941323,0.214405599,-0.251008107,0.00525825704,9.41753315e-05,0.00362052186
-0.210328541,-0.197138512,-0.957547977,-0.255226508,0.956563541,-0.140874465,0.943727265,0.214761712,-0.251507588,0.00641986961,-0.00628465367,-0.000582130335
-0.21039381,-0.19693229,-0.95757605,-0.25537522,0.95656218,-0.14061397,0.94367246,0.2149569,-0.25154639,0.00466389,-0.00308371,-0.00109235
-0.210403799,-0.196657401,-0.95763044,-0.255314826,0.956616596,-0.140353219,0.943686671,0.2149664,-0.251485316,0.00703296531,0.000248014898,0.00543210935
-0.21047916,-0.19648574,-0.9576491,-0.25509813,0.9566936,-0.14022234,0.94372845,0.21478061,-0.25148721,0.00771265,-0.0020532,0.00223178
-0.210529295,-0.196388469,-0.957658048,-0.254936726,0.956746226,-0.14015678,0.943760898,0.214635101,-0.251489742,0.00845999829,0.000772178115,0.00393167697
-0.21062938,-0.19629717,-0.95765473,-0.25451219,0.95685937,-0.14015597,0.94385312,0.21421384,-0.25150271,0.00580595,-0.00139236,0.00138064
-0.21079462,-0.19620584,-0.95763717,-0.25403296,0.95698685,-0.140155,0.94394541,0.21372748,-0.25157043,0.00583563,0.00223869,0.00117336
-0.21095013,-0.19618309,-0.95760751,-0.2538174,0.95704411,-0.14015454,0.94396858,0.21349184,-0.25168327,,,
-0.21192245,-0.19565663,-0.95750054,-0.25298198,0.95734165,-0.13963195,0.94397506,0.21263924,-0.25237979,0.00512916,0.0016256,-0.00212547
-0.21216773,-0.19550783,-0.95747665,-0.25270695,0.9574333,-0.13950152,0.94399367,0.21236328,-0.25254264,0.00376548,0.00100738,-0.00396485
-0.21278818,-0.19510708,-0.95742067,-0.2521485,0.95763736,-0.13911084,0.9440033,0.21181105,-0.25296987,0.00743915,-0.00315422,-0.00326725
-0.21358108,-0.19444303,-0.95737929,-0.25094627,0.95802838,-0.13859145,0.94414468,0.21065025,-0.25341149,0.00752251,-0.00404894,-0.0080969
-0.21438199,-0.1937338,-0.95734393,-0.24858666,0.95868009,-0.13833712,0.94458714,0.20832595,-0.25368339,0.00253019,-0.00548238,-0.00612402
-0.21471525,-0.19376811,-0.95726235,-0.2479452,0.95882696,-0.13847036,0.94468009,0.20761691,-0.25391864,0.00558065,0.00324386,-0.01042805
-0.21516954,-0.19381907,-0.95714991,-0.24750918,0.95892972,-0.13853878,0.94469095,0.20709408,-0.25430446,0.00415891,0.01032549,-0.01004208
-0.21528337,-0.19356706,-0.95717545,-0.24744434,0.95898398,-0.13827878,0.94468214,0.20707852,-0.25435038,0.00308081,0.00667256,-0.01384227
-0.21512977,-0.19314982,-0.9572942,-0.24722716,0.95908692,-0.13795291,0.94477393,0.20699136,-0.25408003,0.00441218,0.00124288,-0.01296728
-0.2147248,-0.19271635,-0.95747247,-0.24691412,0.95920511,-0.13769158,0.9449479,0.20684768,-0.25354952,0.00592408,0.00255102,-0.00540162
-0.21464386,-0.19251625,-0.95753092,-0.24696343,0.95922052,-0.13749566,0.94495346,0.20696252,-0.25343526,0.00713111,-0.00397736,-0.00729768
-0.21468439,-0.19248738,-0.95752765,-0.24706604,0.95920346,-0.13743032,0.94491744,0.20706842,-0.25348311,0.0062697,-0.00870657,-0.00948275
-0.21458689,-0.19263017,-0.95752077,-0.24744188,0.95909745,-0.13749395,0.94484121,0.20742634,-0.25347452,0.00861436,-0.00800764,-0.00875451
-0.21444033,-0.19292177,-0.95749481,-0.24792926,0.95894381,-0.1376875,0.94474664,0.20786524,-0.25346718,0.00667052,-0.00340694,-0.00743566
-0.214302319,-0.19309341,-0.957491256,-0.248202489,0.95885459,-0.137816551,0.944706354,0.208117305,-0.253411028,0.00972132478,-0.000401198835,-0.00315604731
-0.21406593,-0.19356259,-0.95744934,-0.24869844,0.95867008,-0.13820553,0.94462945,0.20853106,-0.25335731,,,
-0.21378867,-0.19400908,-0.95742085,-0.2491425,0.95849856,-0.1385948,0.94457516,0.20890423,-0.25325204,,,
-0.21369055,-0.19425509,-0.95739298,-0.24941602,0.95839925,-0.1387895,0.94452528,0.20913114,-0.2532512,0.00431272,-0.00720912,-0.00297893
-0.21342855,-0.19485033,-0.95733046,-0.24991602,0.95819355,-0.13930938,0.94445235,0.20951962,-0.25320208,-0.00133796,0.005279,0.00279033
-0.213280408,-0.195245215,-0.957282972,-0.2503005,0.958045867,-0.139634431,0.944383949,0.209827121,-0.253202388,-0.000690153101,0.00602132035,0.00346933561
-0.21315665,-0.19561731,-0.95723446,-0.25057826,0.95792576,-0.13995985,0.94433812,0.21002878,-0.25320569,,,
-0.21308262,-0.19578897,-0.95721598,-0.25079584,0.95784983,-0.14008979,0.9442972,0.21021509,-0.25320421,,,
-0.21299267,-0.195915009,-0.957210147,-0.250855254,0.957815214,-0.140220009,0.944301645,0.210255365,-0.253153929,0.00704122707,0.000876426639,-0.00096965814
-0.2126827,-0.19616708,-0.95722745,-0.25108378,0.95771722,-0.14048007,0.94431078,0.21046661,-0.25294426,,,
-0.21259271,-0.19618995,-0.95724271,-0.25124489,0.957675,-0.14047987,0.94428815,0.21063735,-0.25288645,,,
-0.21259271,-0.19618995,-0.95724271,-0.25124489,0.957675,-0.14047987,0.94428815,0.21063735,-0.25288645,,,
-0.21256808,-0.19626435,-0.95723304,-0.25130043,0.95765088,-0.14054495,0.94427903,0.21067771,-0.25288732,,,
-0.21264866,-0.19630996,-0.95720578,-0.25140368,0.95762378,-0.14054494,0.94423339,0.21075836,-0.25299046,-0.00339467,0.00404006,0.00129838
-0.21268888,-0.19638437,-0.95718153,-0.25140436,0.95761402,-0.14061021,0.9442241,0.21073339,-0.25304574,,,
-0.21283451,-0.19642998,-0.95713975,-0.25145279,0.95760129,-0.14061032,0.94417834,0.21074874,-0.25320346,,,
-0.21302998,-0.19632676,-0.95711753,-0.25139025,0.95763681,-0.14048019,0.94415099,0.21068353,-0.25335999,,,
-0.213355546,-0.196120378,-0.957087357,-0.251319694,0.957693465,-0.140219963,0.944096299,0.210618195,-0.253618126,-0.000124459999,-0.00479978276,-0.0020813155
-0.213696459,-0.196011251,-0.957033665,-0.251356239,0.957712425,-0.14002483,0.944009474,0.210633571,-0.253928405,0.00532195391,0.000197589383,-0.00208630925
-0.213842052,-0.196005425,-0.957002321,-0.251455415,0.957695896,-0.139959794,0.943950074,0.210714127,-0.254082281,0.00580193102,-6.6399567e-05,-0.00387822883
-0.21392269,-0.19605116,-0.95697499,-0.25155856,0.95766881,-0.13995979,0.94390438,0.21079467,-0.25418543,,,
-0.21392259,-0.19610268,-0.95696439,-0.25150772,0.95767262,-0.14002505,0.94391789,0.21072941,-0.25418914,,,
-0.21392269,-0.19605116,-0.95697499,-0.25155856,0.95766881,-0.13995979,0.94390438,0.21079467,-0.25418543,,,
-0.2138326,-0.19612565,-0.95697973,-0.25166884,0.95763034,-0.14002475,0.94389527,0.21090012,-0.2541313,,,
-0.213897689,-0.196022492,-0.956986331,-0.251715753,0.957637067,-0.139894332,0.943868018,0.210965464,-0.254178305,0.00479961606,0.000697970332,0.0021968463
-0.213962927,-0.196022479,-0.956971855,-0.251660959,0.957651445,-0.139894511,0.943867949,0.210900214,-0.254233111,0.00503161084,0.00078636402,0.0027377787
-0.21411788,-0.19594803,-0.95695246,-0.25149573,0.95770429,-0.13982989,0.94387687,0.21072937,-0.25434171,0.00293222,-0.00274861,0.00379867
-0.21521039,-0.19571808,-0.95675429,-0.24971801,0.95816842,-0.13983626,0.94410024,0.20882457,-0.25508213,0.00254946,0.01149517,0.00244804
-0.21519472,-0.195620793,-0.956777694,-0.249610712,0.958205862,-0.139771287,0.944132164,0.208743924,-0.255029888,0.000577926578,0.00835519936,0.0020805886
-0.215304114,-0.194453097,-0.956991092,-0.249045778,0.958504121,-0.138730112,0.944256405,0.208465433,-0.254797603,0.00613867957,-0.00149452675,-9.91486013e-06
-0.215891432,-0.193388579,-0.957074425,-0.246994845,0.959127383,-0.13808765,0.944660862,0.206580517,-0.254833366,0.0063004354,-0.00610959483,0.000508952071
-0.21601348,-0.19322274,-0.95708052,-0.2465121,0.95926059,-0.13802498,0.94475919,0.20611668,-0.25484496,0.00497717,-0.00253069,-0.00370432
-0.21634523,-0.19278917,-0.957093,-0.24459272,0.95975025,-0.13803567,0.94518203,0.20423462,-0.25479222,0.00611108,0.00262982,-0.00679142
-0.2163608,-0.1926011,-0.95712729,-0.24411261,0.95988148,-0.13797308,0.94530253,0.20379487,-0.25469708,,,
-0.21614005,-0.19226088,-0.95724551,-0.24300503,0.96016183,-0.13797755,0.94563828,0.20279301,-0.25424979,0.00576894,0.00229281,-0.0168965
-0.21552118,-0.19175761,-0.95748607,-0.24185433,0.96046141,-0.13791432,0.94607454,0.20184869,-0.25337718,0.00611725,0.0011062,-0.00383762
-0.21513775,-0.19145827,-0.95763203,-0.24127987,0.96061516,-0.13784965,0.9463083,0.20140068,-0.25285961,0.00619976,-0.00577134,-0.00631332
-0.21513775,-0.19145827,-0.95763203,-0.24127987,0.96061516,-0.13784965,0.9463083,0.20140068,-0.25285961,0.00619976,-0.00577134,-0.00631332
-0.21513775,-0.19145827,-0.95763203,-0.24127987,0.96061516,-0.13784965,0.9463083,0.20140068,-0.25285961,0.00619976,-0.00577134,-0.00631332
-0.212877987,-0.190413456,-0.958345198,-0.238906413,0.961199248,-0.137912024,0.947420987,0.199596384,-0.250109157,0.00330870994,0.00702720834,-3.77881224e-05
-0.21230478,-0.18999799,-0.95855482,-0.23828116,0.96137321,-0.13778109,0.94770706,0.19915397,-0.24937707,0.00776281,0.00500375,0.00140506
-0.21200053,-0.18964211,-0.95869267,-0.23791167,0.96149274,-0.1375854,0.94786803,0.19891599,-0.24895504,0.00630285,-0.00674623,-0.00138161
-0.21181275,-0.18957562,-0.95874731,-0.23781093,0.96151777,-0.13758467,0.94793527,0.1988584,-0.24874488,0.00693559,-0.00443131,-0.00284455
-0.21162487,-0.18961285,-0.95878138,-0.23760759,0.9615494,-0.13771483,0.94802816,0.19866985,-0.24854122,0.00401894,0.00399238,-0.00221518
-0.21154276,-0.18962035,-0.95879799,-0.23745223,0.9615784,-0.13778032,0.94808538,0.1985223,-0.24844073,0.00115122,0.00542158,-0.00946642
-0.21150175,-0.18965003,-0.95880118,-0.23734892,0.96159452,-0.13784578,0.94812042,0.1984158,-0.24839215,0.00243836,0.00410241,-0.00776835
-0.2114198,-0.18960568,-0.95882811,-0.23724488,0.9616202,-0.13784575,0.94816482,0.19833374,-0.24828852,0.00628901,0.00125778,-0.00341157
-0.21137854,-0.18958351,-0.95884146,-0.23719276,0.96163305,-0.13784579,0.94818692,0.19829261,-0.24823643,0.00423361,0.00301999,-0.00154785
-0.211337783,-0.189509433,-0.958865271,-0.237192096,0.961642611,-0.137780264,0.948196363,0.198317085,-0.248181557,0.00663985731,0.000547885837,-0.00393427722
-0.21123195,-0.18943554,-0.95890316,-0.23724664,0.96163864,-0.13771408,0.94820627,0.19840693,-0.24807175,0.00614904,0.00143182,-0.00270427
-0.21121441,-0.18928729,-0.95893621,-0.23718986,0.96167127,-0.13758393,0.94822429,0.19839024,-0.24801585,0.00811737,-0.00355422,0.00110222
-0.21127922,-0.18939093,-0.95890153,-0.23703195,0.96169136,-0.13771559,0.9482494,0.19819385,-0.24807711,,,
-0.2112793,-0.1894428,-0.95889131,-0.23698066,0.96169463,-0.13778103,0.94826225,0.19812842,-0.24808044,0.00207656,0.00484329,0.00699582
-0.211408727,-0.189442449,-0.958862841,-0.236870014,0.961721674,-0.137782509,0.948261033,0.197997429,-0.248189591,0.00122330757,-0.000674128474,0.00894884579
-0.21152077,-0.18939772,-0.95884701,-0.23659994,0.96178781,-0.1377849,0.94830351,0.19771877,-0.24824959,0.00202821,0.00096345,0.00707638
