0,1,2,3,4,5,6,7,8,9,10,11
-0.6584506,0.06222372,-0.75004712,-0.05913688,-0.99777257,-0.03085994,-0.75029681,0.0240357,0.66066399,,,
-0.658489219,0.0622291844,-0.750012978,-0.0590541722,-0.997775229,-0.030938402,-0.750269647,0.0239187914,0.660699134,0.000771706342,0.0080413809,0.0012443189
-0.658489219,0.0622291844,-0.750012978,-0.0590541722,-0.997775229,-0.030938402,-0.750269647,0.0239187914,0.660699134,0.000771706342,0.0080413809,0.0012443189
-0.658489219,0.0622291844,-0.750012978,-0.0590541722,-0.997775229,-0.030938402,-0.750269647,0.0239187914,0.660699134,0.000771706342,0.0080413809,0.0012443189
-0.658489219,0.0622291844,-0.750012978,-0.0590541722,-0.997775229,-0.030938402,-0.750269647,0.0239187914,0.660699134,0.000771706342,0.0080413809,0.0012443189
-0.658489219,0.0622291844,-0.750012978,-0.0590541722,-0.997775229,-0.030938402,-0.750269647,0.0239187914,0.660699134,0.000771706342,0.0080413809,0.0012443189
-0.658489219,0.0622291844,-0.750012978,-0.0590541722,-0.997775229,-0.030938402,-0.750269647,0.0239187914,0.660699134,0.000771706342,0.0080413809,0.0012443189
-0.658489219,0.0622291844,-0.750012978,-0.0590541722,-0.997775229,-0.030938402,-0.750269647,0.0239187914,0.660699134,0.000771706342,0.0080413809,0.0012443189
-0.658489219,0.0622291844,-0.750012978,-0.0590541722,-0.997775229,-0.030938402,-0.750269647,0.0239187914,0.660699134,0.000771706342,0.0080413809,0.0012443189
-0.658489219,0.0622291844,-0.750012978,-0.0590541722,-0.997775229,-0.030938402,-0.750269647,0.0239187914,0.660699134,0.000771706342,0.0080413809,0.0012443189
-0.658489219,0.0622291844,-0.750012978,-0.0590541722,-0.997775229,-0.030938402,-0.750269647,0.0239187914,0.660699134,0.000771706342,0.0080413809,0.0012443189
-0.65894984,0.06179792,-0.74964374,-0.0585589,-0.99780904,-0.03078148,-0.74990371,0.02361486,0.66112532,,,
-0.65894984,0.06179792,-0.74964374,-0.0585589,-0.99780904,-0.03078148,-0.74990371,0.02361486,0.66112532,,,
-0.65894984,0.06179792,-0.74964374,-0.0585589,-0.99780904,-0.03078148,-0.74990371,0.02361486,0.66112532,,,
-0.65891732,0.0617862,-0.74967346,-0.05849083,-0.99781178,-0.03082726,-0.74993777,0.02353641,0.66108952,,,
-0.65888446,0.061739,-0.74970603,-0.05845823,-0.99781452,-0.03079454,-0.74996898,0.02353644,0.66105406,,,
-0.65892319,0.061709,-0.74967485,-0.05841103,-0.99781764,-0.03079461,-0.74993902,0.02349799,0.66108951,,,
-0.65902678,0.0617733,-0.74957834,-0.05842908,-0.99781442,-0.03085996,-0.74984643,0.02345964,0.66119586,,,
-0.65902678,0.0617733,-0.74957834,-0.05842908,-0.99781442,-0.03085996,-0.74984643,0.02345964,0.66119586,,,
-0.65909214,0.06193853,-0.7495072,-0.05842345,-0.99780783,-0.03108217,-0.74978939,0.02330278,0.66126608,,,
-0.65905943,0.0619267573,-0.749536945,-0.0583553697,-0.997810388,-0.0311278921,-0.74982345,0.0232243745,0.661230216,0.00478023663,0.000199317918,-0.00240419526
-0.65902123,0.06202769,-0.74956238,-0.05833164,-0.99780704,-0.03128476,-0.74985906,0.02310588,0.66119403,,,
-0.65905384,0.06211031,-0.74952675,-0.05832884,-0.99780361,-0.03139587,-0.7498305,0.02302746,0.66122913,,,
-0.659015488,0.0621758002,-0.749555063,-0.0583405549,-0.997800477,-0.0314742904,-0.749863323,0.0229874136,0.661193303,0.00483110361,0.000650882663,0.0020479355
-0.65897714,0.06224129,-0.74958343,-0.05835232,-0.9977974,-0.03155267,-0.7498962,0.02294744,0.66115743,,,
-0.65904242,0.06240645,-0.74951225,-0.05834671,-0.99779063,-0.03177482,-0.74983921,0.02279062,0.66122747,,,
-0.65904242,0.06240645,-0.74951225,-0.05834671,-0.99779063,-0.03177482,-0.74983921,0.02279062,0.66122747,,,
-0.65907486,0.06252442,-0.74947365,-0.05830849,-0.99778659,-0.03196426,-0.74981343,0.02263384,0.66126203,,,
-0.659107557,0.0626423909,-0.749435096,-0.0582702864,-0.99778278,-0.0321537025,-0.749787707,0.0224770489,0.661296557,-0.000894731376,-0.00218391395,0.00770437066
-0.65910758,0.0626778,-0.74943214,-0.05823486,-0.99778235,-0.03223209,-0.74979047,0.02239866,0.6612961,,,
-0.6591345,0.0629084,-0.7493891,-0.05824107,-0.99777219,-0.03253257,-0.74976627,0.02220189,0.66133015,,,
-0.659128958,0.0630563967,-0.749381756,-0.0582500518,-0.997765673,-0.0327219227,-0.74977067,0.0220835596,0.661329178,0.00391832413,-2.18152982e-05,0.0059201275
-0.65912903,0.06309181,-0.74937879,-0.05821463,-0.99776524,-0.03280031,-0.74977344,0.02200517,0.66132867,,,
-0.65909042,0.06319267,-0.74940401,-0.05819093,-0.99776123,-0.03295701,-0.74980897,0.02188686,0.66129225,-0.00368884,-0.00169587,0.00400502
-0.65912307,0.06331059,-0.74936535,-0.05815277,-0.9977572,-0.0331464,-0.74978325,0.02173012,0.66132659,,,
-0.65912297,0.06334594,-0.74936234,-0.05811739,-0.99775655,-0.03322468,-0.74978597,0.02165183,0.66132605,,,
-0.65908451,0.06341141,-0.74939056,-0.05812911,-0.9977532,-0.03330298,-0.74981879,0.02161193,0.66129012,,,
-0.65908451,0.06341141,-0.74939056,-0.05812911,-0.9977532,-0.03330298,-0.74981879,0.02161193,0.66129012,,,
-0.65915565,0.06339306,-0.74932966,-0.05815007,-0.99775361,-0.03325734,-0.74975475,0.02165181,0.66136145,,,
-0.65925938,0.06345719,-0.74923306,-0.05816834,-0.99775045,-0.03332264,-0.74966221,0.02161338,0.66146762,,,
-0.65929185,0.06350426,-0.74920033,-0.05820107,-0.9977473,-0.03335519,-0.74963095,0.02161346,0.66150301,,,
-0.65932454,0.06355141,-0.74916764,-0.05823378,-0.99774437,-0.03338785,-0.74959973,0.02161343,0.6615384,-0.00314563,0.00414693,0.00514854
-0.65932454,0.06355141,-0.74916764,-0.05823378,-0.99774437,-0.03338785,-0.74959973,0.02161343,0.6615384,,,
-0.65939559,0.06356842,-0.74910371,-0.05821938,-0.99774416,-0.03342049,-0.7495384,0.02157502,0.66160915,,,
-0.65946076,0.0636626,-0.74903828,-0.05828481,-0.9977381,-0.03348569,-0.74947592,0.02157505,0.66167992,,,
-0.65946089,0.0636979923,-0.749035305,-0.0582493988,-0.997737663,-0.0335640863,-0.749478705,0.021496654,0.66167935,-0.00477324007,0.000857233943,0.00294795586
-0.65952614,0.06386287,-0.74896386,-0.0582441,-0.99773052,-0.03378591,-0.74942174,0.02134003,0.66174894,0.00301361,-0.00454491,0.00259079
-0.6595911,0.06395707,-0.74889836,-0.05830958,-0.99772426,-0.03385111,-0.74935922,0.02134005,0.66181968,0.00131012,0.00731146,0.0028747
-0.65955868,0.06387463,-0.74893414,-0.05831223,-0.99772804,-0.03374017,-0.74938775,0.0214184,0.6617849,,,
-0.65955868,0.06387463,-0.74893414,-0.05831223,-0.99772804,-0.03374017,-0.74938775,0.0214184,0.6617849,,,
-0.65955868,0.06387463,-0.74893414,-0.05831223,-0.99772804,-0.03374017,-0.74938775,0.0214184,0.6617849,,,
-0.65955868,0.06387463,-0.74893414,-0.05831223,-0.99772804,-0.03374017,-0.74938775,0.0214184,0.6617849,,,
-0.65955868,0.06387463,-0.74893414,-0.05831223,-0.99772804,-0.03374017,-0.74938775,0.0214184,0.6617849,,,
-0.65955868,0.06387463,-0.74893414,-0.05831223,-0.99772804,-0.03374017,-0.74938775,0.0214184,0.6617849,,,
-0.65988655,0.0637291,-0.74865745,-0.05823391,-0.99773704,-0.03360297,-0.74910492,0.02142311,0.66210482,,,
-0.65988655,0.0637291,-0.74865745,-0.05823391,-0.99773704,-0.03360297,-0.74910492,0.02142311,0.66210482,,,
-0.65974456,0.0637305,-0.74878237,-0.0582273,-0.99773691,-0.03361608,-0.74923041,0.02142154,0.66196285,,,
-0.65970648,0.06383133,-0.74880766,-0.05820365,-0.9977333,-0.03377279,-0.7492661,0.02130321,0.66192634,,,
-0.65974485,0.0638012,-0.74877642,-0.05815656,-0.99773604,-0.03377279,-0.74923597,0.02126484,0.66196168,,,
-0.6597447,0.06376588,-0.7487794,-0.0581919,-0.99773647,-0.03369449,-0.74923319,0.02134314,0.66196227,,,
-0.65978903,0.06362318,-0.74875268,-0.05810037,-0.99774574,-0.03358355,-0.74920147,0.02134475,0.66199817,0.00254643,-0.00153601,-0.00492176
-0.65982725,0.06355768,-0.74872441,-0.05808867,-0.99774892,-0.03350514,-0.74916856,0.0213848,0.66203408,,,
-0.65989832,0.06357466,-0.74866046,-0.05807428,-0.99774877,-0.0335378,-0.7491072,0.02134638,0.66210477,,,
-0.6599308,0.06362175,-0.74862771,-0.058107,-0.99774566,-0.03357039,-0.74907593,0.02134638,0.66214013,,,
-0.6599308,0.06362175,-0.74862771,-0.058107,-0.99774566,-0.03357039,-0.74907593,0.02134638,0.66214013,,,
-0.6599308,0.06362175,-0.74862771,-0.058107,-0.99774566,-0.03357039,-0.74907593,0.02134638,0.66214013,,,
-0.6599308,0.06362175,-0.74862771,-0.058107,-0.99774566,-0.03357039,-0.74907593,0.02134638,0.66214013,,,
-0.6599308,0.06362175,-0.74862771,-0.058107,-0.99774566,-0.03357039,-0.74907593,0.02134638,0.66214013,,,
-0.6599308,0.06362175,-0.74862771,-0.058107,-0.99774566,-0.03357039,-0.74907593,0.02134638,0.66214013,,,
-0.6599308,0.06362175,-0.74862771,-0.058107,-0.99774566,-0.03357039,-0.74907593,0.02134638,0.66214013,,,
-0.6599308,0.06362175,-0.74862771,-0.058107,-0.99774566,-0.03357039,-0.74907593,0.02134638,0.66214013,,,
-0.6599308,0.06362175,-0.74862771,-0.058107,-0.99774566,-0.03357039,-0.74907593,0.02134638,0.66214013,,,
-0.660350746,0.0640123961,-0.748224141,-0.0578888349,-0.99773475,-0.0342684167,-0.748722802,0.0206846494,0.66256043,-0.00399248861,-0.000669538917,0.00484087784
-0.66035052,0.06404768,-0.74822107,-0.05785352,-0.99773388,-0.03434673,-0.74872548,0.02060634,0.66255979,,,
-0.66030646,0.06422566,-0.74824476,-0.05790978,-0.99772415,-0.03453588,-0.74876005,0.02052643,0.66252321,,,
-0.66030646,0.06422566,-0.74824476,-0.05790978,-0.99772415,-0.03453588,-0.74876005,0.02052643,0.66252321,,,
-0.66030646,0.06422566,-0.74824476,-0.05790978,-0.99772415,-0.03453588,-0.74876005,0.02052643,0.66252321,,,
-0.66033907,0.06441392,-0.74819986,-0.05780126,-0.99771846,-0.03488176,-0.74873974,0.02021311,0.66255581,,,
-0.66033327,0.06456171,-0.74819223,-0.05781048,-0.99771129,-0.03507088,-0.74874413,0.02009488,0.66255444,,,
-0.66036002,0.06475656,-0.74815179,-0.05785253,-0.99770104,-0.03529255,-0.7487173,0.01997669,0.66258834,,,
-0.66036002,0.06475656,-0.74815179,-0.05785253,-0.99770104,-0.03529255,-0.7487173,0.01997669,0.66258834,,,
-0.66038677,0.06502192,-0.74810519,-0.05782401,-0.99768927,-0.03567073,-0.74869594,0.01970197,0.66262071,,,
-0.66038677,0.06502192,-0.74810519,-0.05782401,-0.99768927,-0.03567073,-0.74869594,0.01970197,0.66262071,,,
-0.66041341,0.06521669,-0.74806464,-0.05786608,-0.99767881,-0.03589232,-0.74866911,0.0195838,0.66265451,,,
-0.66044007,0.06541149,-0.74802406,-0.05790818,-0.99766835,-0.03611392,-0.74864231,0.01946563,0.66268827,-0.0031879,0.00352693,0.00173772
-0.66044021,0.06544674,-0.74802101,-0.0578729,-0.99766769,-0.03619218,-0.74864506,0.01938737,0.66268748,,,
-0.66047245,0.06552898,-0.74798503,-0.05787046,-0.99766353,-0.03630291,-0.7486165,0.01930916,0.66272196,-0.00193134,0.00586319,0.00718121
-0.6603959,0.06565992,-0.74804134,-0.05789391,-0.99765665,-0.03645942,-0.74868242,0.01922939,0.66264985,,,
-0.66046093,0.06578919,-0.74797256,-0.05792429,-0.99764963,-0.03660272,-0.7486227,0.01915111,0.66271958,0.00207698,-0.00294274,0.00470383
-0.66048753,0.06594864,-0.74793499,-0.05800172,-0.99763983,-0.03674594,-0.74859319,0.01911128,0.66275406,-0.00156248,0.0039227,0.00425586
-0.66052025,0.0660309,-0.74789902,-0.05799934,-0.99763606,-0.03685668,-0.7485647,0.01903307,0.66278854,,,
-0.66048178,0.06609636,-0.74792711,-0.05801107,-0.99763239,-0.0369349,-0.74859763,0.01899322,0.66275246,-0.00369309,-0.00594372,0.00289955
-0.66048178,0.06609636,-0.74792711,-0.05801107,-0.99763239,-0.0369349,-0.74859763,0.01899322,0.66275246,-0.00369309,-0.00594372,0.00289955
-0.66048178,0.06609636,-0.74792711,-0.05801107,-0.99763239,-0.0369349,-0.74859763,0.01899322,0.66275246,-0.00369309,-0.00594372,0.00289955
-0.6605084,0.0663263,-0.74788331,-0.05801799,-0.9976209,-0.03723459,-0.74857367,0.01879693,0.66278513,-0.00695906,0.00579262,0.00230527
-0.6605084,0.0663263,-0.74788331,-0.05801799,-0.9976209,-0.03723459,-0.74857367,0.01879693,0.66278513,-0.00695906,0.00579262,0.00230527
-0.66057349,0.06642025,-0.74781761,-0.05808375,-0.99761477,-0.03729952,-0.74851126,0.01879698,0.66285564,,,
-0.66060583,0.06650249,-0.74778157,-0.05808132,-0.99761062,-0.0374103,-0.74848275,0.01871868,0.66289002,,,
-0.66060583,0.06650249,-0.74778157,-0.05808132,-0.99761062,-0.0374103,-0.74848275,0.01871868,0.66289002,,,
-0.66053485,0.06652093,-0.7478425,-0.05806021,-0.99761001,-0.03745595,-0.7485469,0.01867893,0.66281867,,,
-0.66053505,0.06648573,-0.74784568,-0.05809544,-0.9976111,-0.0373778,-0.74854421,0.01875708,0.66281955,,,
-0.66053505,0.06648573,-0.74784568,-0.05809544,-0.9976111,-0.0373778,-0.74854421,0.01875708,0.66281955,,,
-0.6605674,0.06656795,-0.74780964,-0.05809304,-0.99760695,-0.03748852,-0.7485157,0.01867884,0.66285392,,,
-0.66056738,0.0665327,-0.74781278,-0.05812832,-0.99760781,-0.03741026,-0.74851296,0.0187571,0.6628548,,,
-0.66060583,0.06643201,-0.74778783,-0.05815188,-0.99761236,-0.03725378,-0.74847726,0.0188752,0.66289177,,,
-0.66060583,0.06643201,-0.74778783,-0.05815188,-0.99761236,-0.03725378,-0.74847726,0.0188752,0.66289177,,,
-0.66067683,0.06641356,-0.74772685,-0.05817295,-0.99761292,-0.0372081,-0.74841306,0.01891495,0.66296315,,,
-0.66070937,0.06646056,-0.74769394,-0.05820586,-0.99760982,-0.03724057,-0.74838179,0.01891498,0.66299844,,,
-0.66078016,0.06644209,-0.74763295,-0.05822701,-0.99761023,-0.0371948,-0.74831758,0.01895484,0.66306977,,,
-0.66078017,0.06640688,-0.74763609,-0.05826225,-0.9976111,-0.03711659,-0.74831484,0.01903305,0.66307062,,,
-0.66081842,0.06634143,-0.74760795,-0.05825051,-0.99761457,-0.03703836,-0.74828184,0.01907291,0.66310668,,,
-0.66081842,0.06634143,-0.74760795,-0.05825051,-0.99761457,-0.03703836,-0.74828184,0.01907291,0.66310668,,,
-0.66081842,0.06634143,-0.74760795,-0.05825051,-0.99761457,-0.03703836,-0.74828184,0.01907291,0.66310668,,,
-0.66081842,0.06634143,-0.74760795,-0.05825051,-0.99761457,-0.03703836,-0.74828184,0.01907291,0.66310668,,,
-0.6606794,0.06540989,-0.74781288,-0.05815471,-0.9976623,-0.03588513,-0.74841204,0.01978027,0.662939,,,
-0.660652881,0.0652503994,-0.74785034,-0.0580772503,-0.997672049,-0.0357419066,-0.748441567,0.0198200977,0.662904503,-0.00198093895,0.0046681161,0.000918619626
-0.660652881,0.0652503994,-0.74785034,-0.0580772503,-0.997672049,-0.0357419066,-0.748441567,0.0198200977,0.662904503,-0.00198093895,0.0046681161,0.000918619626
-0.66055528,0.06500354,-0.74795799,-0.05808466,-0.99768341,-0.03540951,-0.74852707,0.02005494,0.66280087,,,
-0.66055528,0.06500354,-0.74795799,-0.05808466,-0.99768341,-0.03540951,-0.74852707,0.02005494,0.66280087,,,
-0.66049011,0.06483891,-0.74802975,-0.0580896,-0.99769091,-0.03518788,-0.74858412,0.0202115,0.66273167,,,
-0.66049011,0.06483891,-0.74802975,-0.0580896,-0.99769091,-0.03518788,-0.74858412,0.0202115,0.66273167,,,
-0.66049011,0.06483891,-0.74802975,-0.0580896,-0.99769091,-0.03518788,-0.74858412,0.0202115,0.66273167,,,
-0.66049011,0.06483891,-0.74802975,-0.0580896,-0.99769091,-0.03518788,-0.74858412,0.0202115,0.66273167,,,
-0.66052842,0.06473815,-0.7480046,-0.05811318,-0.997695,-0.03503123,-0.74854844,0.0203298,0.66276834,,,
-0.66052842,0.06473815,-0.7480046,-0.05811318,-0.997695,-0.03503123,-0.74854844,0.0203298,0.66276834,,,
-0.66045769,0.064686,-0.74807173,-0.05816275,-0.99769615,-0.03492037,-0.74860717,0.02044648,0.66269846,,,
-0.66045769,0.064686,-0.74807173,-0.05816275,-0.99769615,-0.03492037,-0.74860717,0.02044648,0.66269846,,,
-0.66045769,0.064686,-0.74807173,-0.05816275,-0.99769615,-0.03492037,-0.74860717,0.02044648,0.66269846,,,
-0.66059357,0.06472643,-0.74794814,-0.05828472,-0.99769099,-0.03486133,-0.74847767,0.02056477,0.66284103,,,
-0.66065859,0.06482054,-0.74788253,-0.05835029,-0.99768487,-0.03492641,-0.74841515,0.02056473,0.66291162,-0.00505866,-0.00297528,0.00272899
-0.66065859,0.06482054,-0.74788253,-0.05835029,-0.99768487,-0.03492641,-0.74841515,0.02056473,0.66291162,-0.00505866,-0.00297528,0.00272899
-0.66065859,0.06482054,-0.74788253,-0.05835029,-0.99768487,-0.03492641,-0.74841515,0.02056473,0.66291162,-0.00505866,-0.00297528,0.00272899
-0.66065859,0.06482054,-0.74788253,-0.05835029,-0.99768487,-0.03492641,-0.74841515,0.02056473,0.66291162,-0.00505866,-0.00297528,0.00272899
-0.66065859,0.06482054,-0.74788253,-0.05835029,-0.99768487,-0.03492641,-0.74841515,0.02056473,0.66291162,-0.00505866,-0.00297528,0.00272899
-0.66065859,0.06482054,-0.74788253,-0.05835029,-0.99768487,-0.03492641,-0.74841515,0.02056473,0.66291162,-0.00505866,-0.00297528,0.00272899
-0.66065859,0.06482054,-0.74788253,-0.05835029,-0.99768487,-0.03492641,-0.74841515,0.02056473,0.66291162,-0.00505866,-0.00297528,0.00272899
-0.66065859,0.06482054,-0.74788253,-0.05835029,-0.99768487,-0.03492641,-0.74841515,0.02056473,0.66291162,-0.00505866,-0.00297528,0.00272899
-0.66065859,0.06482054,-0.74788253,-0.05835029,-0.99768487,-0.03492641,-0.74841515,0.02056473,0.66291162,-0.00505866,-0.00297528,0.00272899
-0.66065859,0.06482054,-0.74788253,-0.05835029,-0.99768487,-0.03492641,-0.74841515,0.02056473,0.66291162,-0.00505866,-0.00297528,0.00272899
-0.66065859,0.06482054,-0.74788253,-0.05835029,-0.99768487,-0.03492641,-0.74841515,0.02056473,0.66291162,-0.00505866,-0.00297528,0.00272899
-0.66065005,0.06537293,-0.74784199,-0.0589774,-0.99764162,-0.03510813,-0.74837352,0.02091159,0.66294776,,,
-0.66065005,0.06537293,-0.74784199,-0.0589774,-0.99764162,-0.03510813,-0.74837352,0.02091159,0.66294776,,,
-0.66065005,0.06537293,-0.74784199,-0.0589774,-0.99764162,-0.03510813,-0.74837352,0.02091159,0.66294776,,,
-0.66065005,0.06537293,-0.74784199,-0.0589774,-0.99764162,-0.03510813,-0.74837352,0.02091159,0.66294776,,,
-0.66065005,0.06537293,-0.74784199,-0.0589774,-0.99764162,-0.03510813,-0.74837352,0.02091159,0.66294776,,,
-0.66065005,0.06537293,-0.74784199,-0.0589774,-0.99764162,-0.03510813,-0.74837352,0.02091159,0.66294776,,,
-0.66065005,0.06537293,-0.74784199,-0.0589774,-0.99764162,-0.03510813,-0.74837352,0.02091159,0.66294776,,,
-0.66065005,0.06537293,-0.74784199,-0.0589774,-0.99764162,-0.03510813,-0.74837352,0.02091159,0.66294776,,,
-0.66065005,0.06537293,-0.74784199,-0.0589774,-0.99764162,-0.03510813,-0.74837352,0.02091159,0.66294776,,,
-0.66065005,0.06537293,-0.74784199,-0.0589774,-0.99764162,-0.03510813,-0.74837352,0.02091159,0.66294776,,,
-0.66065005,0.06537293,-0.74784199,-0.0589774,-0.99764162,-0.03510813,-0.74837352,0.02091159,0.66294776,,,
-0.66065005,0.06537293,-0.74784199,-0.0589774,-0.99764162,-0.03510813,-0.74837352,0.02091159,0.66294776,,,
-0.66065005,0.06537293,-0.74784199,-0.0589774,-0.99764162,-0.03510813,-0.74837352,0.02091159,0.66294776,,,
-0.66065005,0.06537293,-0.74784199,-0.0589774,-0.99764162,-0.03510813,-0.74837352,0.02091159,0.66294776,,,
-0.66065005,0.06537293,-0.74784199,-0.0589774,-0.99764162,-0.03510813,-0.74837352,0.02091159,0.66294776,,,
-0.66065005,0.06537293,-0.74784199,-0.0589774,-0.99764162,-0.03510813,-0.74837352,0.02091159,0.66294776,,,
-0.66065005,0.06537293,-0.74784199,-0.0589774,-0.99764162,-0.03510813,-0.74837352,0.02091159,0.66294776,,,
-0.66065005,0.06537293,-0.74784199,-0.0589774,-0.99764162,-0.03510813,-0.74837352,0.02091159,0.66294776,,,
-0.66065005,0.06537293,-0.74784199,-0.0589774,-0.99764162,-0.03510813,-0.74837352,0.02091159,0.66294776,,,
-0.66068858,0.06569537,-0.74777987,-0.05857748,-0.99763747,-0.03589116,-0.74837109,0.02009018,0.66297594,,,
-0.66068858,0.06569537,-0.74777987,-0.05857748,-0.99763747,-0.03589116,-0.74837109,0.02009018,0.66297594,,,
-0.66068858,0.06569537,-0.74777987,-0.05857748,-0.99763747,-0.03589116,-0.74837109,0.02009018,0.66297594,,,
-0.66080362,0.06567526,-0.74767992,-0.05836588,-0.99764417,-0.03604772,-0.74828599,0.01981853,0.66308015,,,
-0.66080362,0.06567526,-0.74767992,-0.05836588,-0.99764417,-0.03604772,-0.74828599,0.01981853,0.66308015,,,
-0.66084194,0.06568025,-0.74764557,-0.05828363,-0.99764612,-0.03612591,-0.74825852,0.01970198,0.66311462,,,
-0.66080954,0.06566849,-0.74767533,-0.05821551,-0.99764852,-0.03617172,-0.74829253,0.01962368,0.66307858,-0.00104871,0.00240278,0.00541972
-0.66081521,0.06559121,-0.74767684,-0.05813565,-0.99765412,-0.03613918,-0.74829346,0.01958536,0.6630786,,,
-0.66078288,0.06564996,-0.74770044,-0.05799697,-0.99765499,-0.03634157,-0.74833295,0.01935047,0.66304097,,,
-0.66075034,0.06560292,-0.74773327,-0.05796415,-0.99765805,-0.036309,-0.74836418,0.01935054,0.66300571,,,
-0.66075034,0.06560292,-0.74773327,-0.05796415,-0.99765805,-0.036309,-0.74836418,0.01935054,0.66300571,,,
-0.6606853,0.06561459,-0.74778973,-0.05779264,-0.99766182,-0.03647874,-0.74843488,0.01911578,0.66293271,-0.0016079,-0.00270194,0.00455276
-0.660647085,0.0656448507,-0.74782105,-0.0578396656,-0.997659281,-0.0364787642,-0.748465191,0.019154131,0.662897432,0.00165831903,4.05311539e-06,0.00623445679
-0.660685303,0.0656145906,-0.747789734,-0.0577926399,-0.99766182,-0.0364787362,-0.748434881,0.0191157771,0.662932712,-0.00168254366,4.33921778e-05,-0.00533845043
-0.660756236,0.0656666073,-0.747722578,-0.0577432145,-0.997660704,-0.0365895126,-0.748376161,0.0189991563,0.663002373,-0.00587175135,-0.000677049102,0.000569064927
-0.66079468,0.06563637,-0.74769137,-0.05769622,-0.99766352,-0.03658951,-0.74834595,0.01896082,0.6630376,,,
-0.66085973,0.06576562,-0.74762252,-0.0577267,-0.9976565,-0.03673277,-0.74828616,0.01888257,0.66310731,,,
-0.66082716,0.06575385,-0.74765226,-0.05765858,-0.99765868,-0.03677852,-0.74832009,0.01880433,0.66307122,,,
-0.66086539,0.06572358,-0.74762101,-0.05761162,-0.99766128,-0.03677846,-0.74828982,0.01876605,0.66310643,0.00154794,0.00494027,-0.00172983
-0.66086539,0.06572358,-0.74762101,-0.05761162,-0.99766128,-0.03677846,-0.74828982,0.01876605,0.66310643,0.00154794,0.00494027,-0.00172983
-0.66090382,0.06572857,-0.7475867,-0.05752937,-0.99766323,-0.03685672,-0.74826231,0.01864944,0.66314079,,,
-0.66093614,0.06581074,-0.7475507,-0.057527,-0.9976591,-0.03696741,-0.74823375,0.01857125,0.66317517,0.00475142,0.002491,0.00506086
-0.66089813,0.06587623,-0.7475789,-0.05753873,-0.99765584,-0.03704567,-0.74826678,0.01853133,0.66313909,,,
-0.66082691,0.06589466,-0.74763981,-0.05751764,-0.99765498,-0.03709131,-0.74833088,0.01849154,0.66306777,,,
-0.66079458,0.06588288,-0.74766966,-0.05744949,-0.99765743,-0.03713703,-0.74836491,0.01841329,0.6630316,,,
-0.66078869,0.06596012,-0.74766795,-0.05752938,-0.99765152,-0.03716952,-0.74836387,0.01845167,0.66303168,,,
-0.66073264,0.06636295,-0.74768178,-0.05767492,-0.99762768,-0.03757991,-0.74840209,0.01829221,0.66299295,,,
-0.660694268,0.0664636049,-0.747706737,-0.057651418,-0.997623133,-0.0377362778,-0.748437765,0.0181742093,0.662955916,0.0035493616,-0.00495541049,0.000835075218
-0.66065581,0.06649383,-0.74773793,-0.05769841,-0.99762033,-0.03773623,-0.74846799,0.01821262,0.66292071,,,
-0.66065024,0.06664148,-0.74773006,-0.05770777,-0.99761294,-0.03792512,-0.74847254,0.01809459,0.66291889,,,
-0.66064412,0.06671869,-0.74772833,-0.05778762,-0.99760686,-0.0379576,-0.74847153,0.01813297,0.66291893,,,
-0.66064412,0.06671869,-0.74772833,-0.05778762,-0.99760686,-0.0379576,-0.74847153,0.01813297,0.66291893,,,
-0.66063239,0.06690839,-0.74772183,-0.05791213,-0.99759426,-0.03810079,-0.74847235,0.01813155,0.66291806,,,
-0.6606651,0.06692016,-0.74769214,-0.05798026,-0.99759228,-0.0380551,-0.74843846,0.01820971,0.66295423,,,
-0.66069745,0.06696712,-0.74765922,-0.05801316,-0.99758901,-0.03808756,-0.74840723,0.01820971,0.66298947,,,
-0.66069745,0.06696712,-0.74765922,-0.05801316,-0.99758901,-0.03808756,-0.74840723,0.01820971,0.66298947,,,
-0.66069752,0.06700231,-0.74765608,-0.05797793,-0.99758814,-0.03816572,-0.74840997,0.01813156,0.66298853,-0.00148267,-0.00604242,0.00149663
-0.66069148,0.06711471,-0.74765121,-0.05802256,-0.99758119,-0.03827635,-0.74841171,0.01809178,0.66298762,,,
-0.66069148,0.06711471,-0.74765121,-0.05802256,-0.99758119,-0.03827635,-0.74841171,0.01809178,0.66298762,,,
-0.66061462,0.06721038,-0.74771045,-0.05808126,-0.9975747,-0.03835448,-0.74847492,0.01809044,0.66291628,,,
-0.66069148,0.06711471,-0.74765121,-0.05802256,-0.99758119,-0.03827635,-0.74841171,0.01809178,0.66298762,,,
-0.66072383,0.06716166,-0.74761828,-0.05805547,-0.99757792,-0.03830881,-0.74838048,0.01809179,0.66302285,,,
-0.66072383,0.06716166,-0.74761828,-0.05805547,-0.99757792,-0.03830881,-0.74838048,0.01809179,0.66302285,,,
-0.66079486,0.06717839,-0.7475542,-0.0580414,-0.99757768,-0.03834131,-0.74831906,0.01805336,0.66309326,,,
-0.66082709,0.06726052,-0.74751803,-0.05803914,-0.99757328,-0.03845187,-0.74829048,0.01797526,0.66312757,,,
-0.66082709,0.06726052,-0.74751803,-0.05803914,-0.99757328,-0.03845187,-0.74829048,0.01797526,0.66312757,,,
-0.66082709,0.06726052,-0.74751803,-0.05803914,-0.99757328,-0.03845187,-0.74829048,0.01797526,0.66312757,,,
-0.66079494,0.06728394,-0.74754473,-0.05793575,-0.99757486,-0.03857577,-0.74832727,0.01781889,0.66309036,,,
-0.66079473,0.06721354,-0.74755102,-0.0580062,-0.9975766,-0.03841941,-0.74832176,0.01797525,0.6630923,,,
-0.66079473,0.06721354,-0.74755102,-0.0580062,-0.9975766,-0.03841941,-0.74832176,0.01797525,0.6630923,,,
-0.66089804,0.06724204,-0.74745709,-0.05806032,-0.99757393,-0.03840616,-0.7482263,0.01801504,0.66319893,,,
-0.66089804,0.06724204,-0.74745709,-0.05806032,-0.99757393,-0.03840616,-0.7482263,0.01801504,0.66319893,,,
-0.66130234,0.06654272,-0.74716207,-0.05838198,-0.99760187,-0.037174,-0.747844,0.01903754,0.66360147,,,
-0.66183611,0.06634814,-0.74670663,-0.05851809,-0.9976087,-0.03677495,-0.74736103,0.01935686,0.66413612,0.00112706,-0.00796419,0.00279764
-0.661907,0.06629455,-0.74664873,-0.05857439,-0.99761012,-0.03665086,-0.74729401,0.01947504,0.66420811,0.00578408,-0.00315106,0.00282263
-0.66197747,0.06624097,-0.74659074,-0.05863073,-0.99761112,-0.03652672,-0.74722689,0.01959329,0.66428008,,,
-0.66197747,0.06624097,-0.74659074,-0.05863073,-0.99761112,-0.03652672,-0.74722689,0.01959329,0.66428008,,,
-0.66208649,0.06612193,-0.74650461,-0.05867525,-0.9976159,-0.03632422,-0.7471268,0.01975157,0.66438797,,,
-0.66219536,0.06607321,-0.7464122,-0.05864933,-0.99761896,-0.03627831,-0.74703219,0.01975325,0.66449426,,,
-0.662227907,0.0661202118,-0.746379332,-0.0586822289,-0.997615997,-0.0363107212,-0.747000928,0.0197532289,0.664529444,0.00550293317,-0.00165629375,0.000239385176
-0.66222778,0.06608505,-0.74638242,-0.05871742,-0.99761665,-0.03623242,-0.74699813,0.01983153,0.66453022,0.00398141,-0.00302637,0.00140099
-0.66226632,0.06601962,-0.74635428,-0.05870563,-0.99762043,-0.03615409,-0.74696516,0.01987157,0.66456615,,,
-0.66226632,0.06601962,-0.74635428,-0.05870563,-0.99762043,-0.03615409,-0.74696516,0.01987157,0.66456615,,,
-0.66228676,0.06625631,-0.74631498,-0.05886314,-0.9976046,-0.03632959,-0.74693446,0.01986983,0.66460067,,,
-0.662307291,0.0664578257,-0.746278925,-0.0590558702,-0.997589738,-0.0364267447,-0.746901118,0.0199464519,0.664635858,0.000281862216,-0.00590956165,-0.00112509495
-0.66233962,0.06650483,-0.746246,-0.05908877,-0.99758657,-0.03645915,-0.7468698,0.01994642,0.66467104,,,
-0.6624367,0.06661062,-0.74615034,-0.05922277,-0.99757789,-0.03647783,-0.74677303,0.02002483,0.66477739,,,
-0.662431021,0.0666879064,-0.746148788,-0.0593026403,-0.997572241,-0.0365102723,-0.746772046,0.020063057,0.664777418,-0.00267197518,-0.0005807876,0.00423728395
-0.662528011,0.0668288489,-0.746050007,-0.0594014213,-0.997562764,-0.0366072853,-0.746678096,0.0200630793,0.664882928,-0.00739813829,0.000235557542,0.00636500539
-0.66255423,0.06695306,-0.74601538,-0.05951432,-0.99755347,-0.0366719,-0.74664564,0.02010148,0.66491817,,,
-0.66261881,0.06708221,-0.74594633,-0.05954497,-0.9975463,-0.03681497,-0.7465858,0.02002305,0.66498771,,,
-0.662618952,0.0671173483,-0.745943204,-0.0595098059,-0.997545649,-0.036893283,-0.746588632,0.0199447461,0.664986915,-0.000160460826,-0.00438755704,0.00244790525
-0.662618952,0.0671173483,-0.745943204,-0.0595098059,-0.997545649,-0.036893283,-0.746588632,0.0199447461,0.664986915,-0.000160460826,-0.00438755704,0.00244790525
-0.66257463,0.06733023,-0.74596339,-0.05953123,-0.99753445,-0.03716046,-0.74662626,0.01978654,0.6649494,,,
-0.66256868,0.06744257,-0.74595859,-0.059576,-0.99752771,-0.03727103,-0.74662803,0.01974661,0.66494861,,,
-0.66256868,0.06744257,-0.74595859,-0.059576,-0.99752771,-0.03727103,-0.74662803,0.01974661,0.66494861,0.00194014,0.01043296,-0.00291765
-0.66256864,0.06747769,-0.7459554,-0.05954086,-0.99752684,-0.03734928,-0.74663083,0.01966836,0.66494778,,,
-0.66249802,0.067496169,-0.746016542,-0.059519711,-0.997526463,-0.0373953154,-0.746695264,0.0196283668,0.664876618,0.00037728934,-0.00561314775,-0.000447020488
-0.66249777,0.06753126,-0.74601331,-0.05948458,-0.99752538,-0.03747351,-0.74669801,0.01955017,0.66487578,,,
-0.66249777,0.06753126,-0.74601331,-0.05948458,-0.99752538,-0.03747351,-0.74669801,0.01955017,0.66487578,,,
-0.66235655,0.06756814,-0.74613547,-0.05944227,-0.99752454,-0.03756543,-0.74682676,0.01947027,0.66473352,,,
-0.66235655,0.06756814,-0.74613547,-0.05944227,-0.99752454,-0.03756543,-0.74682676,0.01947027,0.66473352,,,
-0.66231829,0.06763353,-0.7461636,-0.05945408,-0.99752097,-0.03764367,-0.74685984,0.01943038,0.66469754,-0.00179986,-0.00450128,0.00456326
-0.66231829,0.06763353,-0.7461636,-0.05945408,-0.99752097,-0.03764367,-0.74685984,0.01943038,0.66469754,-0.00179986,-0.00450128,0.00456326
-0.66231829,0.06763353,-0.7461636,-0.05945408,-0.99752097,-0.03764367,-0.74685984,0.01943038,0.66469754,-0.00179986,-0.00450128,0.00456326
-0.66235043,0.06782098,-0.74611785,-0.0593464,-0.99751411,-0.037989,-0.7468397,0.01911738,0.6647292,,,
-0.66235046,0.06785612,-0.74611466,-0.05931122,-0.99751324,-0.0380673,-0.7468425,0.01903908,0.66472831,,,
-0.66235046,0.06785612,-0.74611466,-0.05931122,-0.99751324,-0.0380673,-0.7468425,0.01903908,0.66472831,,,
-0.66230619,0.06806897,-0.74613468,-0.05933264,-0.99750184,-0.0383343,-0.74688017,0.01888109,0.66469052,,,
-0.66230619,0.06806897,-0.74613468,-0.05933264,-0.99750184,-0.0383343,-0.74688017,0.01888109,0.66469052,,,
-0.66230619,0.06806897,-0.74613468,-0.05933264,-0.99750184,-0.0383343,-0.74688017,0.01888109,0.66469052,,,
-0.66230619,0.06806897,-0.74613468,-0.05933264,-0.99750184,-0.0383343,-0.74688017,0.01888109,0.66469052,,,
-0.66240317,0.06838531,-0.7460197,-0.05925586,-0.99748757,-0.03882233,-0.7468003,0.01849,0.66479126,,,
-0.66239692,0.06849771,-0.74601471,-0.05930067,-0.99748039,-0.03893293,-0.74680206,0.01845012,0.66479033,,,
-0.66235863,0.06859818,-0.74603955,-0.05927734,-0.99747573,-0.0390893,-0.74683795,0.0183321,0.6647533,,,
-0.66235863,0.06859818,-0.74603955,-0.05927734,-0.99747573,-0.0390893,-0.74683795,0.0183321,0.6647533,,,
-0.66235863,0.06859818,-0.74603955,-0.05927734,-0.99747573,-0.0390893,-0.74683795,0.0183321,0.6647533,,,
-0.66250004,0.06866651,-0.74590774,-0.05921433,-0.99747392,-0.03923213,-0.74671756,0.01817714,0.6648928,,,
-0.66253233,0.0687485,-0.7458715,-0.05921222,-0.99746968,-0.03934261,-0.74668907,0.01809896,0.66492692,-0.00251627,0.00196707,0.00495284
-0.66257075,0.06875328,-0.74583701,-0.05913018,-0.99747152,-0.03942083,-0.74666156,0.01798239,0.664961,,,
-0.66257075,0.06875328,-0.74583701,-0.05913018,-0.99747152,-0.03942083,-0.74666156,0.01798239,0.664961,0.00299512,-0.00257885,0.00306476
-0.66250009,0.06884191,-0.74589158,-0.05903873,-0.99746892,-0.03962305,-0.74673147,0.01778622,0.66488775,,,
-0.66250009,0.06884191,-0.74589158,-0.05903873,-0.99746892,-0.03962305,-0.74673147,0.01778622,0.66488775,,,
-0.66260911,0.06879309,-0.74579927,-0.05901307,-0.99747229,-0.03957714,-0.7466368,0.01778773,0.66499404,,,
-0.662602926,0.0689053767,-0.745794257,-0.059057891,-0.997465114,-0.0396875932,-0.746638594,0.0177479183,0.664993047,0.00194979878,0.00509548141,-0.000228365607
-0.66256464,0.06893574,-0.74582553,-0.05910476,-0.99746239,-0.03968768,-0.74666893,0.01778618,0.66495798,-0.00616988,-0.00655776,0.00105063
-0.66246152,0.06890731,-0.74591962,-0.05905057,-0.99746495,-0.03970119,-0.74676457,0.01774647,0.6648516,,,
-0.6624234,0.06897273,-0.74594769,-0.05906233,-0.99746137,-0.03977941,-0.74679772,0.0177066,0.66481549,,,
-0.6624234,0.06897273,-0.74594769,-0.05906233,-0.99746137,-0.03977941,-0.74679772,0.0177066,0.66481549,,,
-0.6624234,0.06897273,-0.74594769,-0.05906233,-0.99746137,-0.03977941,-0.74679772,0.0177066,0.66481549,,,
-0.6624234,0.06897273,-0.74594769,-0.05906233,-0.99746137,-0.03977941,-0.74679772,0.0177066,0.66481549,,,
-0.6624234,0.06897273,-0.74594769,-0.05906233,-0.99746137,-0.03977941,-0.74679772,0.0177066,0.66481549,,,
-0.6624234,0.06897273,-0.74594769,-0.05906233,-0.99746137,-0.03977941,-0.74679772,0.0177066,0.66481549,,,
-0.66273235,0.06919822,-0.74565246,-0.0590847,-0.99744928,-0.04005133,-0.74652192,0.01751334,0.66513031,,,
-0.66280282,0.06921476,-0.74558811,-0.05907086,-0.99744866,-0.04008358,-0.74646028,0.01747502,0.66520046,,,
-0.66284134,0.06918444,-0.74555688,-0.05902396,-0.99745161,-0.04008362,-0.74642999,0.01743664,0.66523551,,,
-0.662841107,0.0692194815,-0.745553577,-0.0589888693,-0.997450306,-0.0401617632,-0.746432707,0.0173584936,0.665234438,-0.00236447528,-0.000954031886,0.00449321605
-0.66284111,0.06921948,-0.74555358,-0.05898887,-0.99745031,-0.04016176,-0.74643271,0.01735849,0.66523444,,,
-0.66284725,0.0691072,-0.74555862,-0.05894403,-0.99745748,-0.04005132,-0.74643088,0.01739833,0.66523547,,,
-0.66291795,0.06912374,-0.74549432,-0.0589302,-0.99745709,-0.04008358,-0.74636929,0.01736,0.6653056,-0.00395656,0.00233841,0.00235071
-0.66295626,0.06909339,-0.74546304,-0.05888326,-0.99745983,-0.04008361,-0.74633894,0.01732162,0.66534064,,,
-0.66292386,0.06904647,-0.74549606,-0.05885024,-0.99746296,-0.04005128,-0.74637018,0.01732168,0.66530556,-0.00281903,-0.00337917,0.00381181
-0.66292386,0.06904647,-0.74549606,-0.05885024,-0.99746296,-0.04005128,-0.74637018,0.01732168,0.66530556,-0.00281903,-0.00337917,0.00381181
-0.66292386,0.06904647,-0.74549606,-0.05885024,-0.99746296,-0.04005128,-0.74637018,0.01732168,0.66530556,-0.00281903,-0.00337917,0.00381181
-0.66292386,0.06904647,-0.74549606,-0.05885024,-0.99746296,-0.04005128,-0.74637018,0.01732168,0.66530556,-0.00281903,-0.00337917,0.00381181
-0.66292386,0.06904647,-0.74549606,-0.05885024,-0.99746296,-0.04005128,-0.74637018,0.01732168,0.66530556,-0.00281903,-0.00337917,0.00381181
-0.66255063,0.06865715,-0.74586384,-0.05883199,-0.9974838,-0.03955845,-0.74670307,0.01767118,0.66492275,,,
-0.662550475,0.0686220831,-0.745867033,-0.0588670872,-0.997484674,-0.0394803081,-0.746700266,0.0177493212,0.664923773,0.00618691789,0.000370025606,0.000645898981
-0.66251212,0.06868745,-0.74589507,-0.05887891,-0.99748087,-0.03955842,-0.74673335,0.01770955,0.66488767,,,
