0,1,2,3,4,5,6,7,8,9,10,11
-0.39881024,0.91377881,-0.07719255,0.47692359,0.27857089,0.8336319,0.78325876,0.29564599,-0.5468996,-0.00232594,-0.00604725,-0.01344919
-0.398790938,0.913773322,-0.0773554699,0.476792354,0.278657869,0.833677829,0.783348329,0.295580761,-0.546806318,-0.000469728606,-0.00412803888,-0.0177765191
-0.39871047,0.91381364,-0.07729408,0.47682029,0.27856115,0.83369418,0.7833723,0.29554731,-0.54679008,0.00182694,-0.00333393,-0.01898664
-0.398630008,0.913854036,-0.0772326377,0.476848301,0.278464302,0.833710568,0.78339631,0.295513813,-0.546773964,-0.000716805458,-0.00180143118,-0.0181944724
-0.39863001,0.91385404,-0.07723264,0.4768483,0.2784643,0.83371057,0.78339631,0.29551381,-0.54677396,-0.00168629,-0.00732511,-0.01695667
-0.39858033,0.91387595,-0.07723083,0.47675149,0.2783944,0.83378933,0.78348061,0.29551207,-0.54665427,-0.00183752,-0.00825745,-0.01131495
-0.39861089,0.91385454,-0.07732544,0.47665687,0.27846459,0.83381994,0.78352254,0.29551201,-0.54659405,0.00198116,-0.0072611,-0.010141
-0.398572544,0.913828765,-0.0778266263,0.476544821,0.278855161,0.833753482,0.783610254,0.295223343,-0.54662439,-0.00827267487,0.000236570835,-0.00935945846
-0.39845736,0.91386827,-0.07795099,0.476549,0.27889704,0.83373702,0.78366615,0.29506125,-0.54663156,-0.00108437,-0.0030933,-0.0113271
-0.39825774,0.91391982,-0.07836456,0.47652292,0.27913761,0.83367136,0.78378336,0.29467369,-0.54667239,-0.00534159,0.00195974,-0.01022577
-0.39802768,0.91399281,-0.07868351,0.47659163,0.27930776,0.83357518,0.78385864,0.2942861,-0.54677354,0.00145854,0.00152755,-0.01892468
-0.397962572,0.914019422,-0.0787044964,0.476602363,0.279289433,0.833575226,0.783885252,0.294220947,-0.54677058,0.000120285433,-0.00560361147,-0.0163748525
-0.39783193,0.91406947,-0.07878161,0.4766539,0.27929621,0.83354339,0.78392002,0.2940587,-0.54680769,-0.00133799,-0.00377965,-0.0168257
-0.3977171,0.91410592,-0.07894116,0.47668837,0.27938129,0.8334953,0.78395761,0.29386491,-0.54685842,-0.00153231,-0.00138539,-0.01721669
-0.397666989,0.914115617,-0.0790796755,0.476712021,0.279484732,0.833447016,0.783968498,0.293736137,-0.546911753,-0.00280922558,-7.22408295e-05,-0.0225308295
-0.39756693,0.91413197,-0.07939185,0.4767895,0.27973484,0.83331871,0.78397199,0.29344685,-0.5470618,-0.00418789,-0.00156534,-0.01560324
-0.39756285,0.91410636,-0.07970738,0.47670142,0.27998683,0.83328452,0.78402771,0.29328638,-0.54706815,-0.00640698,-0.00356871,-0.01196083
-0.39757812,0.91409561,-0.07975466,0.47665414,0.28002194,0.83329977,0.78404873,0.29328639,-0.54703804,-0.00735426,-0.00413686,-0.01401985
-0.397673805,0.914056736,-0.0797228898,0.476458464,0.279980637,0.833425539,0.784119116,0.293446896,-0.546851015,0.0055873394,0.000477969646,-0.0128412833
-0.39735837,0.91418061,-0.07987459,0.47610573,0.27978663,0.8336922,0.78449314,0.29324589,-0.54642215,0.01490629,-0.0043444,-0.01235868
-0.39735837,0.91418061,-0.07987459,0.47610573,0.27978663,0.8336922,0.78449314,0.29324589,-0.54642215,0.01490629,-0.0043444,-0.01235868
-0.39716084,0.91401239,-0.08273265,0.47585036,0.28217146,0.83303406,0.78474822,0.29148011,-0.54700059,-0.01719431,0.00756294,-0.02247041
-0.39705549,0.91400753,-0.08329026,0.47578018,0.28258665,0.8329334,0.78484409,0.29109289,-0.54706927,-0.00836166,0.01005584,-0.0145339
-0.39694484,0.91397227,-0.0841986097,0.475652643,0.283296941,0.832764892,0.784977247,0.290512467,-0.547186569,7.98830297e-05,-0.00266909599,-0.0115521858
-0.39668299,0.91397624,-0.08538211,0.47547673,0.28414378,0.83257686,0.78521625,0.28967184,-0.54728946,-0.01055163,-0.00328821,-0.00801024
-0.39664211,0.91394365,-0.08591878,0.47539612,0.28457701,0.83247489,0.78528565,0.28934914,-0.54736049,-0.00845151,-0.005292,-0.01010681
-0.39658057,0.91389754,-0.08668862,0.47524516,0.2851837,0.8323534,0.78540796,0.28889693,-0.54742365,-0.01120704,-0.00113541,-0.00983009
-0.396645879,0.913881151,-0.0865621065,0.475143547,0.285072574,0.832449451,0.785436418,0.289058334,-0.547297534,-0.00482196268,-0.000757217407,-0.00978616159
-0.39668133,0.91389001,-0.08630587,0.47510637,0.28484796,0.83254756,0.78544101,0.28925171,-0.54718878,0.00101247,0.00167066,-0.00952616
-0.39668133,0.91389001,-0.08630587,0.47510637,0.28484796,0.83254756,0.78544101,0.28925171,-0.54718878,0.00101247,0.00167066,-0.00952616
-0.396903433,0.913884087,-0.0853426283,0.474929579,0.284045929,0.832922395,0.785435792,0.29005809,-0.546769353,-0.000192472304,0.000855743885,-0.00563042751
-0.39703413,0.91384111,-0.08519515,0.47481712,0.28395283,0.83301827,0.78543777,0.29028462,-0.54664635,0.00158077,-0.00961334,-0.01228281
-0.39703413,0.91384111,-0.08519515,0.47481712,0.28395283,0.83301827,0.78543777,0.29028462,-0.54664635,0.00158077,-0.00961334,-0.01228281
-0.397441006,0.913655207,-0.0852920242,0.474855302,0.284313462,0.832873494,0.785208895,0.290516742,-0.546851832,-0.00694880635,0.000742852688,-0.0178737305
-0.397476339,0.913650613,-0.0851764227,0.474938955,0.284261482,0.832843533,0.785140404,0.290582035,-0.546915461,-0.00510137621,0.000749588013,-0.0190067925
-0.397476339,0.913650613,-0.0851764227,0.474938955,0.284261482,0.832843533,0.785140404,0.290582035,-0.546915461,-0.00510137621,0.000749588013,-0.0190067925
-0.39753626,0.9135839,-0.08561141,0.47496105,0.28470418,0.83267971,0.78509672,0.29035832,-0.54709699,-0.00127087,-0.00394344,-0.01543199
-0.39753626,0.9135839,-0.08561141,0.47496105,0.28470418,0.83267971,0.78509672,0.29035832,-0.54709699,-0.00127087,-0.00394344,-0.01543199
-0.39761105,0.91351924,-0.08595328,0.47481507,0.28500932,0.83265857,0.78514713,0.29026237,-0.54707554,-0.00260184,-0.00184822,-0.01306332
-0.39761105,0.91351924,-0.08595328,0.47481507,0.28500932,0.83265857,0.78514713,0.29026237,-0.54707554,-0.00260184,-0.00184822,-0.01306332
-0.39754581,0.9135655,-0.0857636,0.47464493,0.28473203,0.83285045,0.78528308,0.29038895,-0.54681326,0.0072519,-0.00676286,-0.00882524
-0.39754013,0.91353488,-0.08611428,0.47458744,0.28502698,0.83278226,0.78532058,0.29019569,-0.5468618,-0.00418404,-0.00388187,-0.01602587
-0.397484351,0.913516403,-0.0865683657,0.474523865,0.285381825,0.832697047,0.785387422,0.289905245,-0.546920167,-0.000685966574,-0.00077432394,-0.0123018399
-0.397543803,0.913465754,-0.0868278579,0.474394998,0.285608723,0.832692596,0.785435004,0.289841146,-0.546885529,-0.00613791216,-0.000236332417,-0.0153055312
-0.39750837,0.9134669,-0.08697858,0.47434159,0.28570385,0.83269042,0.78548527,0.28974387,-0.54686501,-0.00849417,-0.00194174,-0.01636415
-0.39748776,0.91346038,-0.08714149,0.4742107,0.28579095,0.83273511,0.78557477,0.28967858,-0.54677109,-0.00217645,-0.00214666,-0.01525732
-0.39743129,0.91345818,-0.08742009,0.47399611,0.2859302,0.83280939,0.78573265,0.28954783,-0.54661318,-0.00191373,-0.00362867,-0.01311217
-0.39741049,0.91344485,-0.08765324,0.47392563,0.28610365,0.83278991,0.78578565,0.28941845,-0.54660545,-0.00682742,-0.00244343,-0.01497083
-0.397383594,0.91340705,-0.0881668706,0.473737428,0.28648568,0.83276562,0.785912645,0.289159626,-0.546559727,-0.0076846187,0.000737190247,-0.015937835
-0.39742197,0.91334956,-0.08858931,0.47347775,0.28679957,0.83280531,0.78604981,0.28903018,-0.54643108,-0.00221194,-0.00466317,-0.01179243
-0.39741608,0.91332509,-0.08886982,0.4733601,0.28700809,0.83280047,0.78612389,0.28890083,-0.54639331,-0.00229448,-0.00597596,-0.01010336
-0.397563828,0.913200923,-0.0894834077,0.473007898,0.287531793,0.832819969,0.786261238,0.288772655,-0.54626353,-0.00187427364,-0.00011318922,-0.0117302602
-0.397578545,0.913189857,-0.0895307195,0.472960586,0.287566915,0.8328347,0.786282232,0.288772641,-0.546233279,-0.000943282503,0.000577032566,-0.0108718835
-0.39760803,0.91317119,-0.08959023,0.47283573,0.28759401,0.83289624,0.78634242,0.2888047,-0.54612969,-0.00324126,-0.00231737,-0.00635607
-0.39755725,0.91318991,-0.08962344,0.47276923,0.28756787,0.83294294,0.78640793,0.28877132,-0.54605276,-0.00310627,0.00170892,-0.00874578
-0.397506672,0.913205255,-0.089691745,0.472732974,0.287584788,0.832957697,0.786455327,0.288705996,-0.546019109,0.00269361422,-0.000156342983,-0.0108781066
-0.397456046,0.913217129,-0.0897951662,0.472726963,0.287644852,0.83294037,0.78648453,0.288608588,-0.546028546,-0.00597829744,0.000128805637,-0.0150051136
-0.39737604,0.91325459,-0.08976885,0.47278534,0.28759153,0.83292569,0.78648994,0.28854327,-0.54605539,-0.00524442,-0.00201935,-0.01937088
-0.39736111,0.91326903,-0.08968644,0.47280239,0.28751335,0.83294291,0.78648705,0.28857522,-0.54604238,-0.00217635,-0.00458246,-0.02025477
-0.39728106,0.91330303,-0.08969524,0.472891,0.28750316,0.83289614,0.78647426,0.28847783,-0.54611232,-0.00338577,0.00159842,-0.02305124
-0.39728106,0.91330303,-0.08969524,0.472891,0.28750316,0.83289614,0.78647426,0.28847783,-0.54611232,-0.00338577,0.00159842,-0.02305124
-0.39719448,0.91330874,-0.09001965,0.47289219,0.28774464,0.83281206,0.78651725,0.28821882,-0.54618712,-0.00782426,-0.0050965,-0.01647603
-0.39710797,0.91331089,-0.09037927,0.47292361,0.2880292,0.83269586,0.78654209,0.2879277,-0.54630497,-0.00505394,-0.00239623,-0.01507414
-0.39704244,0.91334067,-0.09036516,0.47290443,0.28796796,0.83272788,0.78658657,0.28789433,-0.54625829,-0.00222411,-0.00418288,-0.01620579
-0.39704246,0.91334415,-0.09033003,0.47287417,0.28792485,0.83275997,0.78660477,0.28792642,-0.5462152,0.00293793,-0.00694495,-0.01241482
-0.39713714,0.91329213,-0.09043876,0.47279874,0.28805644,0.83275725,0.78660221,0.28795966,-0.54620119,-0.00416703,-0.00307912,-0.01822875
-0.39718806,0.91329083,-0.09022994,0.47271398,0.28786698,0.83287098,0.78662767,0.28815348,-0.54606266,0.00299072,-0.00241023,-0.01808589
-0.39715852,0.91332679,-0.08999484,0.47268757,0.2876243,0.83296976,0.78665835,0.28828168,-0.54595063,0.00718188,-0.00454181,-0.01505317
-0.39714391,0.9133448,-0.08987728,0.47267438,0.2875029,0.8330192,0.78667375,0.28834584,-0.54589471,-0.00282561,-0.00389028,-0.01131667
-0.39705735,0.91335397,-0.09016655,0.47264535,0.28770126,0.8329672,0.78673493,0.28811894,-0.54592641,-0.00747194,0.00236887,-0.0076653
-0.397072024,0.913339419,-0.0902489883,0.472628302,0.287779513,0.832949832,0.786737734,0.288086863,-0.545939245,-0.0118842823,-0.000110685825,-0.0113593442
-0.39700652,0.9133692,-0.09023487,0.4726091,0.28771826,0.83298184,0.78678222,0.28805348,-0.54589258,-0.01004352,-0.00326186,-0.01178783
-0.396932876,0.913445259,-0.0897874403,0.472664071,0.287283783,0.833100575,0.786786312,0.288245818,-0.545785079,9.40652099e-05,0.000107049942,-0.0129285408
-0.39692475,0.91350169,-0.08924887,0.4726475,0.28678118,0.83328319,0.78680051,0.28856749,-0.54559483,-0.00253883,-0.0064674,-0.01155735
-0.39697532,0.91348633,-0.08918059,0.47268377,0.28676425,0.83326841,0.78675314,0.28863284,-0.54562847,-0.00326153,-0.00510007,-0.01867329
-0.397135403,0.913404621,-0.0893034992,0.472627585,0.286957182,0.833233798,0.78670597,0.288699485,-0.545661004,-0.0077873487,-0.000850141048,-0.0147053013
-0.39720096,0.91337831,-0.0892825,0.47261656,0.28697529,0.83323389,0.78667966,0.28876495,-0.54566456,-0.0055331,-0.00177753,-0.01693208
-0.39725141,0.91337662,-0.08907375,0.47253184,0.28678582,0.83334709,0.78670492,0.28895826,-0.54552554,-0.00107369,-0.00515383,-0.01201041
-0.39725138,0.91338345,-0.08900352,0.47247135,0.28669953,0.83341107,0.78674124,0.28902224,-0.54543921,-0.0016802,-0.00242698,-0.00872531
-0.39724522,0.91336583,-0.08921373,0.47229313,0.28682174,0.83347015,0.78685159,0.288957,-0.54531496,-0.00280532,-0.00600564,-0.01493064
-0.39727454,0.91334027,-0.08934356,0.47222867,0.28693522,0.83346755,0.78687534,0.28892493,-0.54529747,-0.00549921,-0.00157768,-0.01440318
-0.397274657,0.913343743,-0.0893084374,0.472198422,0.286892031,0.8334996,0.786893538,0.288956987,-0.545254396,-0.00250699325,0.000571489334,-0.0153263221
-0.3972745,0.91335398,-0.08920311,0.47210765,0.28676261,0.83359548,0.78694794,0.28905287,-0.54512482,-0.00386422,-0.00181049,-0.01538956
-0.3972092,0.91338039,-0.08922406,0.47211868,0.28674444,0.83359552,0.78697435,0.28898754,-0.54512144,-0.003019,-0.00229532,-0.01256287
-0.397209202,0.913380393,-0.0892240583,0.472118679,0.286744436,0.833595521,0.78697435,0.288987538,-0.545121438,-0.000250007375,-0.00143051147,-0.00935668312
-0.39715862,0.91339577,-0.08929233,0.47208239,0.28676138,0.83361028,0.78702171,0.2889222,-0.5450878,-0.00161048,-0.00200647,-0.01551002
-0.39712251,0.91339316,-0.08947817,0.47205929,0.28689983,0.83357565,0.78705365,0.28879277,-0.54511005,-0.00573228,0.00110871,-0.01460473
-0.39710791,0.91341454,-0.08932549,0.47201583,0.2867352,0.83365695,0.78708718,0.28888878,-0.54501091,-0.00473763,-0.00391811,-0.01317216
-0.3971585,0.91340602,-0.08918699,0.4719916,0.28663194,0.83370614,0.78707611,0.28901807,-0.54495824,-0.0011986,-0.00544304,-0.01597946
-0.3971585,0.91340602,-0.08918699,0.4719916,0.28663194,0.83370614,0.78707611,0.28901807,-0.54495824,-0.0011986,-0.00544304,-0.01597946
-0.39731893,0.91332787,-0.08927483,0.47190519,0.28678153,0.83370373,0.78704719,0.28911697,-0.54494792,-0.00673566,-0.00129044,-0.01294267
-0.39731893,0.91332787,-0.08927483,0.47190519,0.28678153,0.83370373,0.78704719,0.28911697,-0.54494792,-0.00673566,-0.00129044,-0.01294267
-0.39730406,0.9133594,-0.08901685,0.47177096,0.28648745,0.83388072,0.78713502,0.28930867,-0.54471905,-0.00193579,-0.00571108,-0.00799503
-0.39734159,0.913298356,-0.0894744179,0.47154146,0.286844604,0.833887745,0.787253586,0.289147426,-0.54463331,-0.00418432662,0.000476062298,-0.0200175904
-0.39738557,0.91325491,-0.08972174,0.47149025,0.28707946,0.83383585,0.787262,0.28905149,-0.54467198,-0.00333924,-0.00364083,-0.01784135
-0.397459032,0.913189351,-0.0900637773,0.471344332,0.287384495,0.83381332,0.787312388,0.288955601,-0.544650179,-0.00194339803,0.000835239887,-0.012313039
-0.39755364,0.9131443,-0.09010241,0.47120834,0.28742968,0.83387458,0.78734596,0.28905292,-0.5445499,-0.00290894,-0.00179064,-0.00731181
-0.39755364,0.9131443,-0.09010241,0.47120834,0.28742968,0.83387458,0.78734596,0.28905292,-0.5445499,-0.00290894,-0.00179064,-0.00731181
-0.397648394,0.913095838,-0.0901761524,0.471102621,0.287517958,0.833903916,0.78736146,0.289118334,-0.544492895,-0.00214918144,-0.000763475895,-0.00838491414
-0.39766298,0.9130813,-0.0902586,0.47108554,0.28759624,0.83388655,0.78736426,0.28908632,-0.54450576,-0.00380135,-0.00267977,-0.01504264
-0.39766298,0.9130813,-0.0902586,0.47108554,0.28759624,0.83388655,0.78736426,0.28908632,-0.54450576,-0.00373839,-0.00488806,-0.01195613
-0.39776429,0.91305402,-0.09008696,0.47112784,0.28751914,0.83388918,0.78728766,0.28924897,-0.54452997,-0.0037985,-0.00633091,-0.01672278
-0.397815025,0.913042134,-0.0899835959,0.471133878,0.287458972,0.833906527,0.787258442,0.289346314,-0.544520535,0.00078854966,-0.00252842903,-0.0185611285
-0.397945843,0.912999705,-0.0898364601,0.47102102,0.287365609,0.834002504,0.787259963,0.28957299,-0.544397991,-0.000187170226,0.00110310316,-0.0166571252
-0.397960459,0.912992103,-0.0898487218,0.470943413,0.287357526,0.834049102,0.787298975,0.28960494,-0.54432453,0.000906231813,-0.00233155489,-0.0149252089
-0.39796829,0.9129529,-0.09021165,0.47080849,0.28764442,0.83402638,0.7873757,0.28944368,-0.54429931,-0.00400715,-0.00495839,-0.01152992
-0.39801205,0.91291619,-0.09038887,0.47069663,0.28779295,0.83403822,0.78742035,0.28941164,-0.54425158,-0.0049239,-0.00393397,-0.01047779
-0.39796131,0.91292807,-0.09049222,0.4706906,0.28785312,0.83402086,0.78744959,0.28931431,-0.54426101,-0.00369627,-0.00375777,-0.0140684
-0.397976054,0.912924009,-0.0904693903,0.470582731,0.287801809,0.83409949,0.787506731,0.289378332,-0.544144481,-0.000100322068,-0.00446397066,-0.0116391415
-0.39800539,0.91290541,-0.090529,0.47045776,0.28782876,0.83416073,0.78756668,0.28941037,-0.54404085,-0.00305285,-0.00570053,-0.01381198
-0.39808532,0.9128714,-0.09052037,0.47036908,0.28783874,0.83420729,0.78757924,0.28950768,-0.54397086,0.00255555,-0.00126868,-0.0128603
-0.39832521,0.912758866,-0.0905997173,0.470193785,0.287998226,0.834251066,0.787562608,0.289703795,-0.543890506,0.000609645853,-0.00705081224,-0.0170448571
-0.39857949,0.91262126,-0.09086684,0.47009207,0.28836553,0.83418148,0.78749462,0.28977187,-0.54395259,-0.00204335,-0.00128222,-0.01525389
-0.3986594,0.91258024,-0.09092837,0.47006388,0.28846184,0.83416407,0.78747102,0.28980522,-0.54396903,-0.00479438,-0.0020808,-0.01473477
-0.398608649,0.91259211,-0.0910317067,0.470057857,0.28852203,0.834146654,0.787500312,0.289707908,-0.543978466,-0.00366300903,-0.000833570957,-0.00861235149
-0.3984708,0.91260599,-0.09149432,0.47008324,0.28886721,0.83401284,0.78755485,0.28931987,-0.54410591,-0.0144808,0.00325233,-0.01260493
-0.39855063,0.91256139,-0.09159092,0.4700853,0.2890067,0.83396333,0.78751318,0.28932114,-0.54416546,-0.01399539,0.00144368,-0.01118531
-0.39860857,0.91251336,-0.0918155,0.4699261,0.28919025,0.83398933,0.78757868,0.289289,-0.54408746,-0.00911168,-0.00185257,-0.01447524
-0.39857242,0.91252467,-0.09186097,0.46978193,0.28915591,0.83408251,0.78768309,0.28928779,-0.54393711,-0.0017409,-0.0076372,-0.01388845
-0.39847085,0.91255184,-0.09203267,0.46973965,0.28923309,0.83407963,0.78775982,0.28912507,-0.54391271,0.00261894,-0.00250643,-0.01825717
-0.39839073,0.91252076,-0.0926848,0.46957577,0.28971853,0.8340034,0.78789797,0.28873677,-0.54391877,-0.00183164,-0.00095755,-0.01505012
-0.39839025,0.91245537,-0.09332843,0.46932317,0.29021398,0.83397332,0.7880487,0.28844573,-0.54385482,-0.00419345,-0.00331527,-0.01925933
-0.39838264,0.91242993,-0.09360897,0.46920544,0.29042253,0.83396696,0.78812263,0.28831622,-0.54381633,-0.00199014,-0.00120449,-0.01451632
-0.39841841,0.91237096,-0.09403167,0.46894554,0.29073628,0.83400388,0.78825935,0.28818679,-0.54368697,-0.00163907,-0.00496787,-0.01336549
-0.398519279,0.912289097,-0.0943983752,0.468644211,0.291024877,0.834072634,0.788387629,0.288154746,-0.543518041,0.000771135557,-0.0014949441,-0.0163182244
-0.39856237,0.91225552,-0.09454052,0.46850207,0.29113009,0.83411575,0.78845028,0.28815472,-0.54342709,0.00320029,-0.00184923,-0.01489832
-0.39872829,0.91214709,-0.09488646,0.46818942,0.29143672,0.83418422,0.7885521,0.28818801,-0.54326168,-0.00223092,-0.00147969,-0.01248736
-0.3987488,0.91209521,-0.09529693,0.46800715,0.29175859,0.83417392,0.78864978,0.2880263,-0.54320542,-0.00462745,-0.00203902,-0.01249297
-0.39877742,0.9120691,-0.09542677,0.46794268,0.29187185,0.83417045,0.78867354,0.28799419,-0.5431879,-0.00352929,0.00352639,-0.01294406
-0.398769367,0.912046958,-0.0956722649,0.467794653,0.2920372,0.834195635,0.78876549,0.287896754,-0.543106149,-0.00469668023,0.000575065613,-0.0110429227
-0.39889172,0.91197926,-0.09580593,0.46756351,0.29215233,0.83428482,0.78884049,0.28799412,-0.54294528,-0.00628871,-0.00454038,-0.01224525
-0.3989062,0.91197178,-0.09581827,0.46748581,0.29214418,0.8343313,0.78887939,0.28802632,-0.54287196,-0.00580127,-0.0013693,-0.01532508
-0.399130965,0.911884853,-0.0957102974,0.467236052,0.292095551,0.834488254,0.788913758,0.288350812,-0.542649853,-0.000134262256,-0.00294184685,-0.0158429239
-0.39921065,0.91185823,-0.0956318,0.4670864,0.29201912,0.83459878,0.78896208,0.28851241,-0.54249373,0.001169,-0.00427967,-0.01583413
-0.399290172,0.911820543,-0.0956583701,0.467027762,0.292072143,0.834613004,0.78895646,0.288577708,-0.542467018,0.000494158128,-0.00325906277,-0.0129538402
-0.39933289,0.91177948,-0.09587069,0.46694615,0.29226359,0.83459162,0.78898308,0.28851353,-0.54246234,-0.00280303,-0.0020892,-0.01013823
-0.399390003,0.911719806,-0.0962004838,0.466877768,0.29257631,0.834520346,0.788994733,0.288385251,-0.542513744,-0.00543655828,0.000658810139,-0.0105513418
-0.39935325,0.91171636,-0.09638629,0.46685477,0.29271475,0.83448471,0.78902704,0.28825576,-0.54253573,-0.00714201,-0.00100285,-0.00993646
-0.39935325,0.91171636,-0.09638629,0.46685477,0.29271475,0.83448471,0.78902704,0.28825576,-0.54253573,-0.00714201,-0.00100285,-0.00993646
-0.39939579,0.91167885,-0.09656358,0.46674283,0.29286305,0.83449523,0.78907159,0.28822359,-0.5424878,-0.00435723,-0.00459391,-0.01956751
-0.39939579,0.91167885,-0.09656358,0.46674283,0.29286305,0.83449523,0.78907159,0.28822359,-0.5424878,-0.00435723,-0.00459391,-0.01956751
-0.3994895,0.91162988,-0.09663758,0.46663673,0.29295108,0.83452363,0.78908683,0.2882889,-0.54243081,-0.00712515,-0.00142592,-0.01697861
-0.39955517,0.91161098,-0.09654665,0.46656486,0.29288261,0.83458798,0.78909636,0.2884186,-0.54234844,-0.00236929,0.00226945,-0.0126548
-0.39956936,0.91159971,-0.09659408,0.46651743,0.29291764,0.83460218,0.78911719,0.28841859,-0.5423181,-0.00293163,-0.00420338,-0.013821
-0.39971964,0.91148326,-0.09706798,0.46640355,0.29340473,0.83449461,0.78910814,0.28829114,-0.54239861,-0.00822134,-0.00259376,-0.01503838
-0.399856077,0.911389251,-0.0973894438,0.466246094,0.293727241,0.834469211,0.789132213,0.288260156,-0.542380291,-0.00737066846,0.000305473804,-0.0191222709
-0.399921418,0.911366482,-0.0973335631,0.466204465,0.293702067,0.834501292,0.789123618,0.288357667,-0.542340836,-0.00511381309,0.000833928585,-0.0171476807
-0.39995841,0.91138873,-0.09697268,0.46607575,0.2933478,0.83469778,0.78918091,0.28864785,-0.54210307,0.00105211,0.00121444,-0.00919164
-0.40003808,0.91136222,-0.09689424,0.4659261,0.29327117,0.83480832,0.78922904,0.28880954,-0.54194709,0.00376107,-0.00219679,-0.01450243
-0.40005196,0.91134713,-0.09697671,0.46590896,0.29334945,0.83479025,0.78923186,0.2887773,-0.54195974,0.00159189,-0.00592327,-0.01370081
-0.40013164,0.911298272,-0.0971083458,0.465941214,0.293531782,0.834708229,0.789172577,0.288746432,-0.542062756,-0.00469291303,0.000327408314,-0.0116306217
-0.40013161,0.91129453,-0.09714336,0.46597153,0.29357495,0.83467611,0.78915466,0.28871431,-0.54210589,-0.00971412,-0.00174224,-0.01090924
-0.40010329,0.91132455,-0.09697846,0.46600577,0.2934186,0.83471198,0.78914883,0.28877853,-0.54208023,-0.00780821,0.00200123,-0.00975369
-0.400026683,0.911444078,-0.0961680938,0.46619613,0.292697813,0.834858752,0.789075267,0.289132602,-0.541998628,0.000799623551,-0.00401812792,-0.0171023477
-0.39999837,0.911470294,-0.0960381999,0.466260701,0.292584569,0.83486244,0.789051577,0.289164726,-0.542016154,-0.000841891393,-0.00473982096,-0.01956507
-0.39996971,0.91149272,-0.09594328,0.46635562,0.29251456,0.83483388,0.78900984,0.28916463,-0.54207669,-0.00485513,-0.0023461,-0.01892274
-0.39996971,0.91149272,-0.09594328,0.46635562,0.29251456,0.83483388,0.78900984,0.28916463,-0.54207669,-0.00958072,-0.00382859,-0.0198354
-0.40002087,0.91147751,-0.09587502,0.46639182,0.29249744,0.83481968,0.78896256,0.28922999,-0.54211073,-0.00537664,-0.00174087,-0.01440938
-0.40003506,0.91146626,-0.09592245,0.46634439,0.29253246,0.83483389,0.78898338,0.28922997,-0.5420804,-0.00941779,0.00456959,-0.00781071
-0.399978079,0.911533225,-0.0955226136,0.466352263,0.292133289,0.834969241,0.789007577,0.289422265,-0.541942465,0.000676687923,-0.00177210569,-0.00945401285
-0.399935439,0.911574244,-0.0953102729,0.466433965,0.29194183,0.834990615,0.788980993,0.289486388,-0.541947074,0.000866563059,-0.00414389372,-0.0157369487
-0.399892697,0.911611548,-0.0951329541,0.466545964,0.291793579,0.834979881,0.788936472,0.289518436,-0.541994822,0.000713961665,-0.00201296806,-0.0196201336
-0.39987835,0.91162638,-0.09505051,0.46656309,0.29171539,0.8349976,0.78893355,0.28955042,-0.54198188,-0.00422258,-0.00182784,-0.01652078
-0.399900572,0.911637068,-0.0948523273,0.466663797,0.291585074,0.834986725,0.788862478,0.289647692,-0.542032968,-0.00908929296,0.000187456608,-0.0168720391
-0.3999232,0.91165516,-0.09458409,0.46670408,0.29136824,0.83503998,0.78882735,0.28980914,-0.54199807,-0.00535074,-0.004206,-0.01081941
-0.39995991,0.9116583,-0.09439838,0.46672717,0.29122973,0.8350754,0.78879507,0.28993846,-0.54197588,-0.00862975,-0.00486976,-0.01230478
-0.39987406,0.91174706,-0.09390369,0.46683,0.29076036,0.83518147,0.78877775,0.29013041,-0.54189838,-0.00139301,-0.00308329,-0.0150089
-0.3998454,0.9117694,-0.09380876,0.46692493,0.29069027,0.83515281,0.7887361,0.29013041,-0.54195901,-0.00092436,-0.00254792,-0.01362677
-0.399816734,0.91179173,-0.0937139016,0.46701979,0.290620238,0.83512414,0.788694472,0.290130409,-0.542019592,-0.000600762898,-0.000403106213,-0.016254859
-0.39983914,0.91180235,-0.09351577,0.46712064,0.29048986,0.83511315,0.7886235,0.29022776,-0.54207092,0.0009515,-0.00336498,-0.01392172
-0.39982485,0.91181711,-0.09343332,0.46713778,0.2904116,0.8351308,0.78862064,0.29025976,-0.54205803,-0.00367019,-0.00197679,-0.01293484
-0.39986111,0.91181996,-0.09324764,0.46716089,0.29027318,0.83516586,0.78858827,0.29038883,-0.54203552,-0.00197203,-0.00132233,-0.01666884
-0.399847025,0.911838359,-0.093130153,0.467147776,0.290151613,0.835215558,0.788603432,0.290452887,-0.541979533,-0.0019492883,-0.000621140003,-0.01600972
-0.39983256,0.91184947,-0.09308273,0.4671952,0.29011663,0.83520114,0.78858258,0.29045284,-0.54200975,-0.00127288,-0.00119251,-0.01723002
-0.39967328,0.91193192,-0.09295946,0.46725176,0.28992423,0.83523634,0.78862987,0.29038617,-0.54197676,0.00240146,-0.0049575,-0.01882493
-0.39957922,0.91198426,-0.09285038,0.46732744,0.28979297,0.83523956,0.78863271,0.29035283,-0.54199052,0.00119971,-0.0034411,-0.01365898
-0.39951386,0.91201073,-0.0928712,0.46733856,0.28977504,0.83523953,0.78865918,0.29028749,-0.54198692,0.00330428,-0.00215548,-0.01039184
-0.399397593,0.912052581,-0.0929602502,0.467313398,0.289774172,0.83525391,0.788732975,0.290156849,-0.541949489,0.000157509465,-0.00365555286,-0.0143531468
-0.399397593,0.912052581,-0.0929602502,0.467313398,0.289774172,0.83525391,0.788732975,0.290156849,-0.541949489,0.000157509465,-0.00365555286,-0.0143531468
-0.39936092,0.91206035,-0.09304083,0.46719934,0.28978303,0.8353146,0.78881902,0.29012346,-0.54184198,-0.00424232,-0.00479031,-0.00941449
-0.39945521,0.91200452,-0.09318498,0.46715404,0.2899575,0.83527949,0.78879832,0.29012495,-0.54187165,-0.00200491,-0.00358945,-0.01364413
-0.399498118,0.911956697,-0.0934673705,0.46713294,0.290235516,0.835194658,0.788788934,0.289997042,-0.541953538,-0.00404365407,0.000530779362,-0.0136662629
-0.39949794,0.91195305,-0.09350241,0.46716322,0.29027879,0.8351626,0.78877093,0.28996499,-0.54199663,-0.00350285,-0.00168842,-0.01784006
-0.39964313,0.91188899,-0.09350819,0.46709351,0.29034963,0.83517705,0.78873884,0.29009573,-0.54197366,-0.00098683,-0.007635,-0.01679751
-0.39972269,0.91185131,-0.09353481,0.46703493,0.29040263,0.83519135,0.78873313,0.29016099,-0.54194689,0.00212005,-0.00133556,-0.01260574
-0.39971484,0.91182602,-0.09381536,0.46691697,0.29061117,0.83518481,0.78880705,0.29003179,-0.54190863,-0.00169328,-0.00277174,-0.01253457
-0.39971501,0.91182968,-0.09378033,0.46688668,0.2905679,0.83521687,0.78882504,0.29006385,-0.54186553,0.00100171,-0.00347924,-0.01395823
-0.3997802,0.91179954,-0.09379455,0.46690581,0.29062909,0.83518484,0.78878057,0.29009713,-0.54191226,0.00190166,-0.00264418,-0.01466926
-0.3998596,0.9117582,-0.0938562,0.46687749,0.29072533,0.83516707,0.78875687,0.29013034,-0.54192863,0.00159652,-0.00127107,-0.02202189
-0.39992496,0.91173172,-0.09383538,0.46686633,0.29074324,0.8351671,0.78873039,0.29019568,-0.54193228,0.00371315,-0.00260335,-0.0187799
-0.39993953,0.911717,-0.09391788,0.46684914,0.29082145,0.83514957,0.78873338,0.29016381,-0.54194531,-0.00899602,0.00292796,-0.01741878
-0.40000453,0.911694,-0.09386208,0.46680766,0.29079626,0.8351814,0.7887247,0.29026095,-0.5419055,-0.0060208,0.00245458,-0.01551466
-0.40006999,0.91167475,-0.09377124,0.46673593,0.29072769,0.83524543,0.78873409,0.29039027,-0.54182276,-0.00148495,-0.00242794,-0.00708045
-0.4000048,0.9117049,-0.09375702,0.46671681,0.2906665,0.83527746,0.78877856,0.290357,-0.541776,0.00245974,-0.0040192,-0.01377899
-0.399939245,0.91172772,-0.0938128611,0.466758243,0.290691885,0.835245361,0.788787063,0.290259598,-0.541815459,-0.000870866235,-0.006090343,-0.0094627291
-0.39988836,0.91173227,-0.09398614,0.46681286,0.2908386,0.8351638,0.78878063,0.29009841,-0.54191129,-0.00859539,-0.00225443,-0.01390689
-0.399823101,0.911755175,-0.0940419654,0.466854329,0.290863865,0.835131845,0.788789215,0.290001145,-0.541950923,-0.00960545056,-0.000324785709,-0.0156388972
-0.3998088,0.91176996,-0.09395952,0.46687147,0.29078563,0.83514952,0.78878634,0.29003314,-0.54193802,-0.00674249,-0.00125915,-0.01195061
-0.39991076,0.91175372,-0.0936829,0.4668229,0.29057852,0.83524875,0.78876341,0.29029166,-0.54183298,-0.00627822,-0.00322843,-0.01724018
-0.400070092,0.911681981,-0.0937012114,0.466675356,0.290641196,0.835309417,0.788769969,0.290454257,-0.54173637,-0.0078180898,-0.000615656376,-0.01097125
-0.40004757,0.91166413,-0.09396937,0.46663506,0.29085804,0.83525638,0.78880508,0.29029297,-0.54177146,-0.00741687,0.00270307,-0.01024274
-0.40006177,0.91165293,-0.09401682,0.46658762,0.29089308,0.83527063,0.78882584,0.29029291,-0.5417411,-0.00639961,-0.00394553,-0.01223083
-0.40007634,0.91164906,-0.09399422,0.46647961,0.29084156,0.83534901,0.78888256,0.29035698,-0.54162452,-0.00098049,-0.00228351,-0.01059121
-0.400206934,0.911603242,-0.0938826166,0.466396694,0.290790915,0.835412934,0.788865349,0.290551505,-0.54154528,-0.00190938625,-0.000757157803,-0.0152351577
-0.40027212,0.91158742,-0.09375681,0.46629463,0.2906792,0.8355087,0.78889244,0.29071265,-0.54141904,-0.00183473,-0.00094193,-0.01514956
-0.400286447,0.91156906,-0.0938742525,0.466307765,0.290800669,0.835459108,0.788877428,0.290648759,-0.54147525,-0.00186139753,0.000152766705,-0.0154003678
-0.40032936,0.91152112,-0.09415659,0.46628658,0.2910786,0.83537415,0.7888682,0.29052092,-0.54155734,-0.00272218,-0.00181502,-0.01501341
-0.40032936,0.91152112,-0.09415659,0.46628658,0.2910786,0.83537415,0.7888682,0.29052092,-0.54155734,-0.0040243,-0.00430387,-0.01471703
-0.40031526,0.91153958,-0.09403913,0.46627347,0.29095707,0.83542389,0.78888328,0.29058495,-0.54150129,-0.00218466,-0.00165331,-0.0108049
-0.40032301,0.91158281,-0.09358351,0.46623999,0.29053231,0.83559024,0.78889883,0.29087378,-0.54132304,0.00333399,-0.00168586,-0.01425412
-0.40043135,0.91150844,-0.09384512,0.4662077,0.29082822,0.83550538,0.78886306,0.2908113,-0.54140895,-0.00611099,-0.00280398,-0.02281499
-0.40047444,0.91146418,-0.09409245,0.46615622,0.29106285,0.83545248,0.7888718,0.29071554,-0.54144795,-0.00103146,-0.00332588,-0.01097762
-0.40036618,0.91153862,-0.09383091,0.46618858,0.29076704,0.83553738,0.78890753,0.29077802,-0.54136218,0.00540538,-0.00402206,-0.00876434
-0.40024994,0.91157699,-0.09395494,0.46619378,0.29080941,0.83551979,0.78896356,0.29061547,-0.541368,-0.00141288,-0.00652975,-0.01192564
-0.40009662,0.91161208,-0.09426475,0.46617575,0.29099057,0.83546665,0.78905171,0.29032355,-0.54139574,-0.00295535,-0.00233656,-0.01520275
-0.400110984,0.911593692,-0.0943821947,0.466188909,0.291112005,0.835417039,0.789036728,0.290259658,-0.54145195,-0.00612024032,0.000491678715,-0.0199000724
-0.40002329,0.91160593,-0.09463612,0.46612955,0.29126763,0.83539596,0.78911635,0.29006515,-0.5414403,-0.00673859,-0.00552779,-0.02027404
-0.400029064,0.911561838,-0.0950341754,0.466024737,0.291597709,0.835339204,0.789175155,0.289871791,-0.54145787,-0.00802481733,0.00036072731,-0.0192375667
-0.39999233,0.91155865,-0.09521987,0.46600168,0.29173622,0.83530375,0.78920747,0.28974253,-0.54148008,-0.01320568,-0.00127107,-0.01438819
-0.40017144,0.91144612,-0.09554372,0.46558051,0.291991,0.83544955,0.78936521,0.28983983,-0.54119797,-0.00410373,-0.00514048,-0.0120198
-0.400199836,0.911423691,-0.0956386224,0.465485606,0.292061009,0.835477957,0.789406765,0.28983982,-0.541137336,0.000126792351,-0.00108850002,-0.0156534743
-0.400270788,0.91135283,-0.0960159593,0.465369533,0.292408916,0.83542091,0.789439195,0.289711785,-0.541158537,0.000840940513,0.000772297382,-0.0160134602
-0.40046391,0.91119564,-0.0967023,0.46517381,0.29308737,0.83529229,0.78945687,0.28952097,-0.54123529,0.00155404,0.00445276,-0.01490737
-0.40078133,0.91104817,-0.09677402,0.46490854,0.29325562,0.83538076,0.78945172,0.28981409,-0.54108538,0.00448341,-0.00405234,-0.01478553
-0.40080973,0.91102567,-0.09686901,0.46481355,0.29332559,0.8354091,0.78949334,0.28981414,-0.54102478,0.0013986,-0.00382453,-0.01587178
-0.400843272,0.91095089,-0.097432035,0.464674505,0.293811905,0.835315567,0.789558187,0.289556501,-0.541068149,-0.00895488448,9.04202461e-05,-0.018353276
-0.40083437,0.91091723,-0.09778268,0.46461714,0.29410681,0.83524369,0.78959647,0.28936293,-0.54111584,-0.00664591,0.0024516,-0.01823845
-0.40078327,0.91093624,-0.09781594,0.46455065,0.29408072,0.83528992,0.78966163,0.28932976,-0.54103866,-0.00311118,0.00216192,-0.01354963
-0.40086274,0.91090598,-0.09777267,0.46443124,0.29404712,0.83536817,0.7896916,0.28945924,-0.54092576,-0.00475579,-0.00221515,-0.00823344
-0.400876698,0.910883374,-0.0979250885,0.46447473,0.29421172,0.835285983,0.789658831,0.28936297,-0.541024927,-0.00737021491,0.000352323055,-0.00833553821
-0.400876625,0.910879588,-0.097960074,0.46450505,0.294254933,0.83525387,0.789640968,0.289330856,-0.541068066,-0.00463163992,-0.000680863857,-0.0129817892
-0.40081133,0.9108948,-0.0980858,0.46460733,0.29436664,0.83515762,0.78961395,0.2891693,-0.54119386,-0.00721321,-0.00180674,-0.00988058
-0.40077421,0.91088738,-0.09830647,0.46461469,0.29454828,0.8350895,0.7896285,0.28900773,-0.541259,-0.00678024,-0.00576001,-0.01446784
-0.40077426,0.91089117,-0.09827148,0.46458436,0.29450509,0.83512163,0.78964636,0.28903985,-0.54121585,-0.00224725,-0.00404555,-0.01921531
-0.40085366,0.91086092,-0.0982282,0.46446493,0.29447155,0.83519989,0.78967634,0.28916936,-0.54110296,-0.00308927,-0.00318795,-0.02139038
-0.400816481,0.910868576,-0.0983089366,0.464350969,0.29448049,0.835260109,0.789762235,0.289136143,-0.540995352,-0.00231974688,0.000827848911,-0.0217056237
-0.400830412,0.910857224,-0.0983564173,0.464303489,0.294515513,0.835274102,0.789782969,0.28913608,-0.540964938,-0.0046448824,0.000400722027,-0.017192455
-0.40083539,0.9108196,-0.09868451,0.46413811,0.29475893,0.83528018,0.7898777,0.28900662,-0.54089589,-0.00498412,0.00242358,-0.00982505
-0.400854224,0.910762908,-0.0991301168,0.46398588,0.295123737,0.835235934,0.789957568,0.288812892,-0.540882718,-0.00410768297,-0.000403821468,-0.0107336752
-0.40082133,0.91070578,-0.09978394,0.46391894,0.29567843,0.83507681,0.79001334,0.2884251,-0.5410078,-0.00224118,-0.00229996,-0.0196069
-0.40083526,0.9106944,-0.09983142,0.46387146,0.29571344,0.83509077,0.7900341,0.28842507,-0.54097741,-0.00178267,-0.0017733,-0.0115646
-0.40083571,0.91069838,-0.09979645,0.46384119,0.29567019,0.83512309,0.79005205,0.28845739,-0.54093462,0.00368176,-0.00095206,-0.01284641
-0.40083571,0.91069838,-0.09979645,0.46384119,0.29567019,0.83512309,0.79005205,0.28845739,-0.54093462,0.00368176,-0.00095206,-0.01284641
-0.400863534,0.910656417,-0.100066338,0.463897982,0.29595599,0.834990234,0.790004458,0.288296582,-0.541089629,-0.00710228272,-0.000131309032,-0.0123334564
-0.40087748,0.91064119,-0.10014879,0.46388085,0.29603413,0.83497204,0.79000741,0.28826441,-0.54110241,-0.01010045,-0.00282687,-0.01574423
-0.40087749,0.91063735,-0.10018377,0.4639112,0.29607727,0.83493989,0.7899896,0.28823226,-0.54114557,-0.00762881,-0.00134456,-0.01482341
-0.40087749,0.91063735,-0.10018377,0.4639112,0.29607727,0.83493989,0.7899896,0.28823226,-0.54114557,-0.00762881,-0.00134456,-0.01482341
-0.400770058,0.910705558,-0.0999921953,0.464004278,0.295868266,0.834962181,0.789989293,0.288231159,-0.541146355,0.00273862015,0.000570476055,-0.0146450317
-0.40070472,0.91072818,-0.10004797,0.46404599,0.29589359,0.83493003,0.78999793,0.28813367,-0.54118566,-0.00148191,-0.00218135,-0.0140675
-0.40062543,0.91076986,-0.0999863,0.46407448,0.29579762,0.83494821,0.79002144,0.2881005,-0.54116904,-0.00275617,-0.00171185,-0.01098256
-0.400620852,0.910811732,-0.0996231457,0.464209477,0.295510989,0.834974695,0.78994452,0.288262326,-0.541195272,-0.000997895841,0.000159680843,-0.00763796642
-0.40059274,0.91083058,-0.09956321,0.46433474,0.29548419,0.83491448,0.78988507,0.28823013,-0.54129904,-0.0046007,-0.0031569,-0.01593867
-0.400578808,0.910841957,-0.0995157446,0.464382213,0.29544917,0.834900512,0.789864301,0.288230177,-0.541329447,-0.0103545031,-0.00058555603,-0.0148670506
-0.40060217,0.91086864,-0.0991775792,0.464361533,0.295146219,0.835019198,0.789864696,0.288456262,-0.541208568,-0.00215195888,7.99298286e-05,-0.0186352208
-0.40060221,0.91087627,-0.0991076,0.46430085,0.29505989,0.83508346,0.78990038,0.28852053,-0.54112227,-0.00389651,-0.00477177,-0.01438844
-0.40063015,0.91085357,-0.09920249,0.46420587,0.29512984,0.8351115,0.78994194,0.28852052,-0.54106146,-0.00193039,-0.004094,-0.01589161
-0.40060699,0.91083843,-0.09943569,0.46413555,0.29530331,0.83508932,0.78999512,0.28839096,-0.54105307,-0.00348355,-0.00276196,-0.00682943
-0.40055558,0.91085734,-0.09946896,0.46406907,0.29527734,0.83513541,0.79006017,0.28835771,-0.5409757,-0.00551758,-0.00245237,-0.0089847
-0.400541673,0.910872535,-0.0993864929,0.464086197,0.29519916,0.835153578,0.790057245,0.288389879,-0.540962952,0.000168102561,-0.00440299511,-0.0139354477
-0.4005417,0.91087636,-0.0993515,0.46405585,0.29515599,0.83518571,0.79007508,0.28842201,-0.54091981,-0.00351006,-0.00170261,-0.01547126
-0.40070952,0.91086141,-0.09880935,0.46378292,0.29466453,0.83551073,0.79015011,0.28897105,-0.54051683,-0.00324739,-0.00496662,-0.01805554
-0.400709523,0.910861406,-0.0988093503,0.463782919,0.294664531,0.835510726,0.790150107,0.288971052,-0.540516827,-0.00231217081,-0.000186145306,-0.0123724956
-0.40085419,0.91079711,-0.09881531,0.46371281,0.29473513,0.83552474,0.79011788,0.2891017,-0.54049408,-0.00537314,0.00516587,-0.01321288
-0.4011807,0.91067214,-0.09864161,0.46359554,0.29473777,0.83558887,0.79002094,0.28949238,-0.54042662,-0.00521798,-0.00562108,-0.01487506
-0.40116677,0.91068348,-0.09859411,0.46364303,0.29470278,0.83557489,0.79000021,0.28949242,-0.540457,-0.00690415,-0.00655192,-0.01406052
-0.40119009,0.91070226,-0.09832599,0.46368319,0.29448604,0.83562906,0.78996488,0.28965395,-0.54042224,-0.00284147,-0.00136083,-0.01525756
-0.401213,0.91073593,-0.0979179,0.46360203,0.29409641,0.83581117,0.79000064,0.28994348,-0.54021428,-0.00150042,-0.00582612,-0.01314128
-0.40124145,0.91071721,-0.09797801,0.46347672,0.29412311,0.83587143,0.79006004,0.28997564,-0.54011066,0.00190968,-0.00594085,-0.01928264
-0.40124145,0.91071721,-0.09797801,0.46347672,0.29412311,0.83587143,0.79006004,0.28997564,-0.54011066,0.00190968,-0.00594085,-0.01928264
-0.40124611,0.91067968,-0.0983061,0.46331116,0.29436656,0.83587744,0.79015463,0.28984625,-0.5400415,-0.00774692,-0.0009439,-0.02017808
-0.40124611,0.91067968,-0.0983061,0.46331116,0.29436656,0.83587744,0.79015463,0.28984625,-0.5400415,-0.00774692,-0.0009439,-0.02017808
-0.40124611,0.91067968,-0.0983061,0.46331116,0.29436656,0.83587744,0.79015463,0.28984625,-0.5400415,-0.00774692,-0.0009439,-0.02017808
-0.401069025,0.910714179,-0.0987090627,0.463101739,0.294548502,0.835929446,0.790367367,0.289553006,-0.539887632,0.00143181998,-3.92794609e-05,-0.0120972628
-0.40095231,0.91075966,-0.09876305,0.46304651,0.29450472,0.83597544,0.79045888,0.28945437,-0.53980644,0.00277127,0.00203329,-0.011828
-0.400900986,0.91077866,-0.0987962955,0.462979972,0.294478698,0.836021459,0.79052389,0.289421091,-0.539729094,0.00172056747,2.43782997e-05,-0.0129837776
-0.40091505,0.91077117,-0.09880881,0.46290213,0.29447043,0.83606751,0.79056241,0.28945316,-0.53965558,0.00686181,-0.00287664,-0.01186181
-0.4009195,0.91072969,-0.09917192,0.46276703,0.29475716,0.83604123,0.79063918,0.2892917,-0.53962959,-0.00143616,-0.00338143,-0.01476395
-0.40097513,0.91067289,-0.09946685,0.46266813,0.29502675,0.83600079,0.79066869,0.28919545,-0.53963768,-0.00676056,-0.00213158,-0.01646201
-0.40097513,0.91067289,-0.09946685,0.46266813,0.29502675,0.83600079,0.79066869,0.28919545,-0.53963768,-0.00824967,0.00330836,-0.01278002
-0.40097491,0.91068809,-0.09932692,0.46254661,0.2948539,0.83612892,0.7907397,0.28932358,-0.53946461,-0.00194093,0.00382012,-0.00927445
-0.40088195,0.91074875,-0.09914776,0.4625619,0.29463653,0.83619719,0.79077813,0.28935443,-0.53939212,0.00137883,0.00292277,-0.01171206
-0.400881952,0.910752561,-0.0991127234,0.462531477,0.294593224,0.836229283,0.790795923,0.289386514,-0.539348813,0.00168661401,0.000755786896,-0.011697242
