0,1,2,3,4,5,6,7,8,9,10,11
0.96228444,-0.1592852,-0.22053768,-0.21112252,-0.94850792,-0.23613473,-0.17156901,0.27378925,-0.94636311,-0.028567,-0.00317073,0.01368665
0.96237097,-0.15932068,-0.22013415,-0.21116396,-0.94833131,-0.23680687,-0.17103187,0.27438046,-0.94628931,-0.00780572,0.00310099,0.01285334
0.96249027,-0.15931158,-0.21961854,-0.21101556,-0.94835331,-0.23685034,-0.170543,0.27430908,-0.94639805,-0.00229485,-0.00606191,0.00718892
0.962694311,-0.159344402,-0.218698487,-0.210755269,-0.94845323,-0.236682923,-0.169711176,0.273945161,-0.946653202,0.000769250561,-0.0065703392,-0.00511117373
0.96272804,-0.15925938,-0.2186119,-0.21074501,-0.94831829,-0.23723096,-0.16953245,0.27446026,-0.94653573,0.01835556,0.00886214,0.0038335
0.96271097,-0.15920576,-0.21872609,-0.2107877,-0.9482211,-0.23758189,-0.1695763,0.27482746,-0.94642147,0.01233769,0.00907135,0.00558609
0.96267764,-0.15923687,-0.2188501,-0.21091373,-0.94810916,-0.23791609,-0.16960881,0.275195,-0.94630873,-0.00193533,-0.0060131,-0.00225711
0.962660967,-0.159197255,-0.21895227,-0.211019513,-0.947923854,-0.238560548,-0.169571895,0.275856129,-0.946123022,-0.0061579668,-0.00180149078,0.000448106555
0.96266137,-0.15919433,-0.21895262,-0.2110957,-0.94779569,-0.2390012,-0.16947475,0.27629718,-0.94601153,-0.00669977,-0.00458097,0.00293641
0.96274777,-0.15930173,-0.21849414,-0.2112287,-0.9475409,-0.23989206,-0.16881696,0.27710779,-0.94589198,-0.00539882,0.00933349,0.01089842
0.96290263,-0.15970053,-0.21751842,-0.2113535,-0.94749399,-0.2399684,-0.16777432,0.27703948,-0.94609772,,,
0.96297119,-0.15991529,-0.21705666,-0.21140461,-0.94752152,-0.2398147,-0.16731582,0.27682143,-0.94624276,-0.00317668,-0.00392354,-0.00300905
0.96307294,-0.16007939,-0.21648348,-0.21141867,-0.94749311,-0.23991424,-0.16671129,0.27682356,-0.94634875,,,
0.96314049,-0.16014766,-0.2161322,-0.21143511,-0.94741693,-0.24020076,-0.16629971,0.27704501,-0.94635644,0.00399193,0.00961828,0.00428581
0.96315775,-0.16028024,-0.21595692,-0.21147932,-0.94745871,-0.23999719,-0.16614344,0.27682557,-0.94644817,0.00294736,0.00206256,0.00578728
0.96315775,-0.16028024,-0.21595692,-0.21147932,-0.94745871,-0.23999719,-0.16614344,0.27682557,-0.94644817,0.00294736,0.00206256,0.00578728
0.96324163,-0.16044554,-0.21545948,-0.2113462,-0.94770871,-0.23912531,-0.16582624,0.27587199,-0.94678204,0.00946146,0.0123539,0.00227769
0.9632081,-0.16043965,-0.21561371,-0.21135308,-0.94775254,-0.2389454,-0.16601213,0.27572477,-0.94679234,0.01205409,0.01777935,-0.00135037
0.96324163,-0.16054578,-0.21538481,-0.21126902,-0.94794801,-0.2382437,-0.16592457,0.27499039,-0.94702133,0.0026789,0.00711298,-0.0118328
0.96344166,-0.16059505,-0.21445136,-0.2109958,-0.94808813,-0.23792742,-0.16510884,0.27447753,-0.94731248,-0.00269663,-0.01414943,-0.01042963
0.96349023,-0.16015311,-0.21456362,-0.21074259,-0.94792871,-0.23878551,-0.16514879,0.2752852,-0.94707114,-0.00239148,0.0094645,0.00124214
0.9635391,-0.15994865,-0.21449672,-0.21045401,-0.94809146,-0.23839395,-0.16523171,0.27484359,-0.94718502,-0.00513428,0.01673794,-0.01242128
0.96360539,-0.15998073,-0.21417474,-0.21027708,-0.9482988,-0.23772456,-0.1650703,0.27410871,-0.94742612,-0.00322554,0.00817442,-0.00320955
0.96378775,-0.16015884,-0.21321896,-0.2099056,-0.94877695,-0.23613951,-0.16447742,0.27234422,-0.94803783,-0.00341475,-0.00422549,0.00632815
0.9639533,-0.16039408,-0.21229172,-0.2097127,-0.94905318,-0.23519856,-0.1637517,0.2712407,-0.94847961,0.0020479,-0.01005167,0.01640094
0.96400282,-0.16045212,-0.21202284,-0.20966452,-0.9491065,-0.2350267,-0.16352173,0.27102007,-0.94858245,0.01090193,-0.00262249,0.02186454
0.96406874,-0.16054586,-0.21165182,-0.20958766,-0.94921674,-0.23465,-0.16323137,0.27057834,-0.94875862,0.01128801,-0.00228918,0.02453382
0.96405248,-0.16069646,-0.21161157,-0.20962034,-0.94935894,-0.23404364,-0.1632854,0.26998845,-0.94891709,0.00864285,-0.01689529,0.01323787
0.96401975,-0.160762,-0.21171091,-0.20971978,-0.94932715,-0.23408469,-0.16335098,0.27006223,-0.94888509,0.00329107,-0.01174122,0.00836455
0.96401954,-0.16049331,-0.21191561,-0.20977925,-0.94893085,-0.23563261,-0.16327582,0.27160994,-0.94845605,-0.00599875,0.00507402,-0.00340551
0.964085,-0.16032128,-0.21174796,-0.20961192,-0.9488965,-0.23591894,-0.16310412,0.27183081,-0.94842213,-0.00592737,0.00820911,-0.00578242
0.96424888,-0.16021742,-0.21107931,-0.2093113,-0.94897749,-0.23586143,-0.16252039,0.2716104,-0.9485858,-0.01178986,-0.00593519,-0.00316285
0.964526443,-0.159941458,-0.210017775,-0.20891331,-0.948812586,-0.236874816,-0.161381426,0.272347534,-0.948568726,-0.00389732863,0.0124146938,8.51786463e-05
0.96486738,-0.15959219,-0.20871337,-0.20827161,-0.94885009,-0.23728898,-0.16016827,0.27242147,-0.94875302,0.00384134,-0.00144827,-0.00423016
0.96530282,-0.15924647,-0.20695655,-0.20747201,-0.94897155,-0.23750351,-0.15857432,0.2722005,-0.9490841,0.00384698,-0.01700449,0.0091224
0.966004969,-0.158747465,-0.204043218,-0.206325539,-0.948971138,-0.238501908,-0.155769588,0.272493359,-0.949464488,-0.00170245068,-0.0155199766,-0.000312073273
0.966352991,-0.158267987,-0.202763765,-0.205706735,-0.948776601,-0.239807997,-0.154423571,0.273449045,-0.949409898,0.0129797142,0.000209569931,-0.00435242662
0.96655771,-0.15798324,-0.20200863,-0.20531848,-0.94869668,-0.24045478,-0.15365713,0.27388953,-0.94940696,0.01780945,0.00249004,-0.00475056
0.96714972,-0.15767066,-0.19940258,-0.20447536,-0.94855902,-0.24171378,-0.15103395,0.27454633,-0.94963835,0.00537035,-0.00146663,-0.02174517
0.96761042,-0.15760611,-0.19720648,-0.2039671,-0.9483801,-0.24284291,-0.14875317,0.27520096,-0.94980892,-0.01076877,-0.00435317,-0.02443205
0.96770104,-0.15766934,-0.1967106,-0.20398305,-0.94822059,-0.2434502,-0.14814046,0.27571265,-0.94975592,-0.01102259,-0.00606656,-0.01484592
0.96788218,-0.15763983,-0.19584115,-0.20398599,-0.94775586,-0.24525134,-0.14694825,0.27732326,-0.94947233,-0.00523076,0.02354336,0.00470503
0.96810471,-0.15810592,-0.19435996,-0.20397578,-0.94783112,-0.24496908,-0.14548937,0.27680045,-0.94984955,-0.01381652,0.02314997,-0.01207413
0.96822225,-0.15843966,-0.19350076,-0.20393088,-0.94805538,-0.24413778,-0.14476832,0.27584041,-0.95023906,-0.00967788,0.01121664,-0.01655343
0.96838166,-0.15903314,-0.19221194,-0.20390495,-0.94847039,-0.24254275,-0.14373497,0.27406692,-0.95090897,0.01327526,-0.02516752,-0.00200163
0.96857398,-0.15902572,-0.19124658,-0.20374349,-0.94830313,-0.24332997,-0.14266403,0.27464832,-0.95090219,0.02009011,-0.02636838,0.01892434
0.9687215,-0.15896255,-0.19055069,-0.20362838,-0.94808081,-0.24429107,-0.14182433,0.27545154,-0.95079555,0.02221614,-0.01822037,0.01939953
0.968929916,-0.158617244,-0.189777191,-0.203353316,-0.947647664,-0.246193021,-0.140791481,0.277135607,-0.950459512,0.0189148542,0.02475214,0.00076636672
0.96878702,-0.15828708,-0.19077972,-0.20332656,-0.94763572,-0.24626106,-0.14180977,0.2773651,-0.95024116,0.01017297,0.01144218,-0.01638465
0.96882062,-0.15793602,-0.19089999,-0.20307686,-0.9475859,-0.24665827,-0.14193795,0.277735,-0.95011391,0.0126185,0.00511527,-0.00687407
0.969215322,-0.156822381,-0.189811471,-0.201974735,-0.947296738,-0.248665926,-0.140811434,0.27934795,-0.94980867,0.0151727032,-0.00512683392,0.000401208177
0.96953472,-0.15576626,-0.18904842,-0.20091075,-0.94718911,-0.24993512,-0.14013315,0.28030264,-0.94962784,0.00316446,0.0033555,-0.00880319
0.96959961,-0.15527051,-0.18912341,-0.20040283,-0.94737742,-0.24962921,-0.14041119,0.27994125,-0.94969343,-0.00552759,-0.01251048,-0.01336357
0.969730534,-0.154005657,-0.189486012,-0.199300054,-0.947559053,-0.249822637,-0.141075085,0.280025211,-0.949570283,-0.00375851407,-0.00628328323,9.42907063e-05
0.969730534,-0.154005657,-0.189486012,-0.199300054,-0.947559053,-0.249822637,-0.141075085,0.280025211,-0.949570283,-0.00375851407,-0.00628328323,9.42907063e-05
0.97004209,-0.15196389,-0.18953973,-0.19737593,-0.9478633,-0.25019523,-0.14163714,0.28011049,-0.94946131,-0.00490811,0.01648188,0.01644991
0.9704014,-0.15096097,-0.18849911,-0.19597522,-0.94836864,-0.24938037,-0.14111995,0.27894021,-0.94988286,-0.00662107,0.00774229,-0.0047965
0.97088964,-0.14968985,-0.18699264,-0.19439468,-0.94852692,-0.25001483,-0.13994287,0.27908718,-0.95001388,-0.00464139,0.00391304,0.00423693
0.97121148,-0.14901475,-0.18585707,-0.1934782,-0.94859019,-0.25048435,-0.13897637,0.27923257,-0.95011279,-0.00698391,-0.00393462,0.01034776
0.97191904,-0.1477848,-0.18312024,-0.19169009,-0.94859001,-0.2518567,-0.13648545,0.27988666,-0.95028158,-0.01070692,-0.00310254,0.0135936
0.972265392,-0.146844298,-0.182035042,-0.190530792,-0.948692646,-0.252349046,-0.135639306,0.280033526,-0.950359386,0.000326479785,0.00314247608,0.0152868507
0.97238233,-0.14633817,-0.18181788,-0.18994908,-0.94885682,-0.25217084,-0.13561692,0.27974261,-0.95044841,0.00853948,0.00417399,0.01660149
0.97287936,-0.14540261,-0.17989953,-0.18847374,-0.94917392,-0.2520843,-0.13410223,0.27915395,-0.95083628,0.0054843,-0.02296472,0.01567107
0.97352105,-0.1444714,-0.17715753,-0.18697257,-0.94910274,-0.2534667,-0.131522,0.27987877,-0.95098368,-0.00247521,0.00329971,0.00773788
0.97371517,-0.14413208,-0.17636526,-0.18647176,-0.94909006,-0.25388253,-0.1307939,0.28009641,-0.95101996,-0.00901434,0.01382995,0.00390115
0.97393742,-0.14366373,-0.17551819,-0.18577272,-0.94922606,-0.25388604,-0.13013225,0.2798756,-0.95117557,-0.00751466,0.00930691,-0.0130655
0.9742657,-0.14323408,-0.1740412,-0.18495606,-0.9493356,-0.25407263,-0.12883167,0.27972422,-0.95139712,0.0065789,0.00903583,-0.01014448
0.97446826,-0.14307194,-0.17303764,-0.18453855,-0.94936124,-0.25427966,-0.12789499,0.27971958,-0.95152468,0.00980422,0.00838923,-0.0078842
0.97500203,-0.14271383,-0.170305,-0.18349008,-0.94939802,-0.25490124,-0.12530931,0.2797785,-0.95185157,0.02489756,-0.00366747,0.00463728
0.97514697,-0.14264335,-0.16953248,-0.18322961,-0.94938824,-0.25512414,-0.12456042,0.2798469,-0.95192954,0.02260537,-0.01249033,0.00152058
0.97538235,-0.14251341,-0.1682831,-0.18285327,-0.94923769,-0.25595408,-0.12326377,0.28042421,-0.95192873,0.0211573,-0.00263333,-0.00236817
0.97539363,-0.14260253,-0.16814217,-0.18292973,-0.94916004,-0.2561872,-0.12306089,0.28064156,-0.95189089,0.01457172,0.01818001,-0.01611572
0.97531543,-0.14263483,-0.16856785,-0.1830633,-0.94917608,-0.2560329,-0.12348134,0.28057143,-0.95185728,0.01048413,0.01634407,-0.01418861
0.975183471,-0.142758558,-0.169225255,-0.183354677,-0.949156141,-0.255897152,-0.124089706,0.280574917,-0.951776828,0.00730709825,-0.000244617462,-3.00088432e-05
0.97509047,-0.14279094,-0.1697331,-0.1836344,-0.94889056,-0.25668031,-0.12440654,0.28145536,-0.95147547,0.01212799,0.00274312,0.01100216
0.974985,-0.14280197,-0.1703286,-0.18385993,-0.94875748,-0.25701023,-0.12489901,0.28189773,-0.95127987,0.00577726,0.00609088,0.00445168
0.97461106,-0.14314734,-0.1721689,-0.18467624,-0.94870293,-0.25662715,-0.12660164,0.28190716,-0.95105228,0.01061667,0.01070189,-0.01417698
0.97408384,-0.14365959,-0.17470717,-0.18582537,-0.94864374,-0.25601531,-0.12895582,0.2818454,-0.95075413,0.01214948,-0.00498474,-0.00602994
0.97382641,-0.14361651,-0.17617155,-0.18633057,-0.9482999,-0.25692066,-0.13016541,0.28302227,-0.95023963,0.00292349,0.00461841,0.0038123
0.97352445,-0.14375701,-0.17771908,-0.18699538,-0.94801476,-0.25748962,-0.13146436,0.28390509,-0.94979745,-0.01506221,0.00651979,-0.00767574
0.97334487,-0.14387198,-0.17860741,-0.18737108,-0.94793053,-0.25752581,-0.13225669,0.28412729,-0.94962077,-0.02182404,-0.00504285,-0.01363462
0.9730266,-0.14385356,-0.18034793,-0.18793846,-0.94766811,-0.25807693,-0.13378475,0.28501003,-0.94914189,-0.00440643,0.00946426,-0.00182227
0.9727614,-0.14387521,-0.18175581,-0.18839549,-0.94753176,-0.25824488,-0.13506439,0.28545263,-0.94882776,-0.00818039,0.00858486,-0.00609619
0.97264868,-0.14395919,-0.18229179,-0.18863897,-0.94747462,-0.25827679,-0.13553555,0.28559991,-0.94871625,-0.02054395,0.00406766,-0.01149107
0.97243514,-0.14432556,-0.18313937,-0.18926611,-0.94730854,-0.25842696,-0.1361919,0.28596554,-0.94851204,-0.01599976,-0.0015614,-0.01286264
0.9722926,-0.14443875,-0.18380572,-0.18970913,-0.9469602,-0.2593772,-0.13659261,0.28706016,-0.94812374,0.00757654,0.00704026,-0.0070839
0.97225038,-0.14436023,-0.18409053,-0.18977355,-0.94683926,-0.25977132,-0.13680351,0.28749828,-0.94796058,,,
0.97227853,-0.14430652,-0.18398391,-0.18980938,-0.94660411,-0.26060127,-0.13655347,0.28829889,-0.94775359,-0.01868851,-0.02464515,0.00482359
0.97224979,-0.14423777,-0.18418961,-0.19000912,-0.94617002,-0.26202818,-0.13648034,0.28975455,-0.9473201,-0.01399836,-0.01035637,-0.00274838
0.97209396,-0.14415152,-0.18507747,-0.19024042,-0.94602641,-0.26237892,-0.13726584,0.29026618,-0.94705001,-0.01232933,-0.01701194,-0.00604638
0.97196718,-0.14370535,-0.18608754,-0.19030085,-0.94564611,-0.26370267,-0.13807747,0.29172296,-0.94648423,0.0050253,-0.00228083,-0.01065217
0.97212502,-0.14339328,-0.18550286,-0.19000327,-0.94535702,-0.26495052,-0.13737432,0.29281118,-0.9462504,-0.01241952,0.01041102,-0.00861779
0.97219556,-0.14345344,-0.18508616,-0.19002032,-0.94519058,-0.2655305,-0.13685048,0.29331771,-0.94616915,-0.01295876,0.01053691,0.00877014
0.97210838,-0.14368162,-0.18536693,-0.19051375,-0.94472773,-0.26682214,-0.13678384,0.29469499,-0.94575106,-0.01439201,-0.01091564,0.00784347
0.97202335,-0.14337944,-0.18604554,-0.19074967,-0.94404694,-0.26905343,-0.13705901,0.29701435,-0.94498525,0.01148336,-0.01356953,0.00809672
0.97209524,-0.14310487,-0.18588125,-0.19065282,-0.9436322,-0.27057217,-0.13668337,0.2984607,-0.94458372,0.01872825,-0.01268816,0.00965049
0.97233797,-0.14259066,-0.18500478,-0.19027321,-0.94293058,-0.27327275,-0.13548053,0.30091492,-0.94397839,0.00750214,-0.00260031,-0.00627955
0.9723225,-0.14260934,-0.18507167,-0.19062017,-0.94223483,-0.27542171,-0.1351033,0.30307712,-0.94334034,-0.01540073,-0.00232375,-0.01128509
0.972208639,-0.142567692,-0.185700876,-0.190955974,-0.941799623,-0.276675286,-0.135448064,0.304446795,-0.942849881,-0.00898434408,0.00591003895,-0.000485616503
0.971923595,-0.142339981,-0.187360201,-0.191599325,-0.940968332,-0.279047695,-0.136580429,0.307111132,-0.941821563,0.000654541887,0.00352978706,0.00943310373
0.97200985,-0.14199382,-0.18717533,-0.1915509,-0.94026831,-0.28143172,-0.13603347,0.30940801,-0.9411491,0.00914126,0.01186609,0.00912762
0.97210965,-0.14188752,-0.18673714,-0.1914679,-0.93995385,-0.28253663,-0.13543586,0.31041075,-0.94090512,-0.006167,0.01920199,0.00871349
0.972151598,-0.141861052,-0.186538763,-0.191621841,-0.939412433,-0.284227424,-0.134916042,0.312057046,-0.940434973,-0.015824493,0.000597953796,-0.0013604355
0.97216677,-0.14143694,-0.18678157,-0.19164126,-0.93866486,-0.28667377,-0.13477905,0.31448977,-0.93964394,0.01336282,0.00388873,0.01445142
0.97222383,-0.14128553,-0.1865991,-0.19159782,-0.93832796,-0.2878029,-0.1344288,0.31556082,-0.93933479,0.01327674,-0.00155377,0.01248991
0.9724074,-0.14115572,-0.18573883,-0.19151429,-0.93765032,-0.290059,-0.13321458,0.31762715,-0.93881145,0.01554783,0.00290155,0.00948282
0.972645966,-0.141047153,-0.184568493,-0.191332623,-0.937014396,-0.292225964,-0.131725681,0.319546378,-0.938370194,0.000116432551,0.0216339827,-0.0120516708
0.97277169,-0.14100759,-0.18393503,-0.19119418,-0.9368025,-0.2929949,-0.13099628,0.32018445,-0.93825479,0.00171457,0.01958537,-0.00651729
0.972992905,-0.141063952,-0.182717725,-0.191037396,-0.936406209,-0.294360409,-0.129574376,0.321316508,-0.938065088,0.000215060543,0.0126050711,0.0139244106
0.973157276,-0.141116636,-0.18179935,-0.190964639,-0.93600895,-0.295667447,-0.128442264,0.322448178,-0.937832204,-0.00692612119,0.000249147415,0.0100337565
0.973211833,-0.141102364,-0.181518191,-0.190962714,-0.935767115,-0.296434419,-0.128031139,0.323156689,-0.937644921,-0.0116868149,0.000644683838,0.00384557759
0.973266774,-0.140956783,-0.181336607,-0.19098302,-0.935248628,-0.298052071,-0.127582388,0.324716394,-0.937166765,0.000415865274,0.00864005089,0.00139551307
0.9733211,-0.14093634,-0.1810607,-0.19098509,-0.93498134,-0.29888841,-0.12716416,0.32549429,-0.9369538,0.00977187,0.00481951,0.00103178
0.97338885,-0.1409847,-0.18065841,-0.19093563,-0.93490097,-0.29917164,-0.1267191,0.32570446,-0.93694118,0.00911409,0.00252032,-0.00234914
0.97355126,-0.1410466,-0.17973258,-0.19078479,-0.93469584,-0.29990689,-0.1256945,0.32626498,-0.93688385,,,
0.97374064,-0.14099109,-0.17874754,-0.19056976,-0.93433528,-0.30116524,-0.12454854,0.32732071,-0.93666887,0.00237512,-0.00272626,0.00375684
0.973807297,-0.140986248,-0.17838783,-0.190556947,-0.934063866,-0.302013519,-0.124045918,0.328096013,-0.936464115,-0.00182087847,-0.00674802065,0.000460477138
0.97392682,-0.14093009,-0.17777866,-0.19056634,-0.93340212,-0.30404797,-0.12308946,0.3299991,-0.93592189,-0.00273456,0.00312877,0.00717266
0.97400548,-0.14090932,-0.17736374,-0.19062985,-0.93283104,-0.30575543,-0.12236663,0.33161829,-0.93544406,-0.00753535,0.00998342,0.00905633
0.97403186,-0.14089732,-0.17722832,-0.19063132,-0.93268268,-0.30620651,-0.12215413,0.33204016,-0.93532208,-0.00780377,0.00931692,-0.00304176
0.97405963,-0.14078676,-0.17716354,-0.1905623,-0.9325487,-0.30665746,-0.12204033,0.33246334,-0.93518669,-0.00228307,-0.00149846,-0.01706159
0.97411443,-0.14062177,-0.17699324,-0.19045468,-0.93229732,-0.30748859,-0.12177069,0.33323826,-0.93494635,0.0016761,-0.00692868,-0.00281769
0.974196147,-0.140475987,-0.176658876,-0.19025769,-0.932193344,-0.307923898,-0.12142435,0.333588988,-0.934865798,-0.000274162681,-0.0176584125,-0.00127330015
0.97433371,-0.14006718,-0.17622431,-0.18988201,-0.93185118,-0.30918919,-0.12090759,0.33471528,-0.93453025,-0.00129831,0.00973153,0.00257876
0.97434006,-0.13956285,-0.17658892,-0.18960681,-0.93169662,-0.30982246,-0.12128765,0.3353549,-0.9342514,-0.00418732,0.02425027,-0.00344973
0.97439596,-0.13935962,-0.17644094,-0.1893871,-0.93167648,-0.31001846,-0.12118182,0.33549638,-0.93421471,-0.00663808,0.01138937,-0.00542552
0.97467779,-0.13896401,-0.17519194,-0.18882507,-0.93115415,-0.31192462,-0.11978441,0.33710663,-0.93381515,-0.00098996,-0.01389015,-0.00475337
0.97475783,-0.1388425,-0.17484257,-0.18867992,-0.93094392,-0.31263927,-0.11936101,0.33773686,-0.93364167,-0.00174806,0.0039463,-0.00557344
0.97490377,-0.13869438,-0.17414504,-0.18839703,-0.93073779,-0.3134216,-0.1186136,0.33836432,-0.93350939,-0.00592115,0.00579894,-0.01786868
0.97502267,-0.13858701,-0.1735639,-0.18816227,-0.93060238,-0.31396558,-0.11800741,0.33878174,-0.93343527,-0.00296808,0.01177979,0.00609737
0.97507556,-0.13854579,-0.17329946,-0.18803819,-0.93060873,-0.31401994,-0.11776788,0.33878009,-0.93346573,-0.00561917,0.0040046,0.0017579
0.9751947,-0.13842832,-0.17272202,-0.18774149,-0.93062738,-0.31414224,-0.11725369,0.33877694,-0.93353162,,,
0.975327006,-0.13826936,-0.172101183,-0.187400575,-0.930626905,-0.314347986,-0.116697291,0.33884394,-0.933577311,0.0127952779,-0.00118815899,0.000847392716
0.97536596,-0.13827614,-0.17187481,-0.18731621,-0.93067735,-0.3142482,-0.11650699,0.33870193,-0.93365236,0.01454359,-0.00288457,-0.00425756
0.97541754,-0.13827796,-0.17158035,-0.18723149,-0.93065255,-0.31437239,-0.11621093,0.33876959,-0.93366482,0.01412877,0.00218606,0.00557796
0.9754682,-0.1383486,-0.17123511,-0.18716867,-0.93069441,-0.31428606,-0.11588652,0.3386259,-0.93375732,0.00792551,0.01278019,-0.00768784
0.9754412,-0.13844448,-0.17131138,-0.18724832,-0.93078228,-0.31397831,-0.11598503,0.33834515,-0.93384688,0.00179789,0.00418603,-0.01162069
0.97512996,-0.13843822,-0.17307925,-0.1878219,-0.93075267,-0.31372344,-0.11766266,0.33842919,-0.93360654,0.0071196,0.01125109,-0.00732017
0.97507712,-0.1385056,-0.17332283,-0.18792817,-0.93084416,-0.31338818,-0.11793053,0.33814989,-0.93367395,0.00395515,0.00193012,-0.01332263
0.97510277,-0.13856701,-0.17312935,-0.18787904,-0.93096287,-0.31306418,-0.11779666,0.33779712,-0.93381831,-0.00307575,-0.0026691,-0.00350398
0.97516914,-0.13848408,-0.1728216,-0.18771099,-0.9309503,-0.31320235,-0.11751482,0.33786578,-0.93382898,0.01017871,0.01313519,0.00948513
0.97511714,-0.13850206,-0.17310037,-0.18778216,-0.93104884,-0.31286716,-0.11783215,0.33758729,-0.9338899,0.00671762,0.00662243,0.00833372
0.97496356,-0.13832605,-0.17410329,-0.18787698,-0.93124955,-0.3122119,-0.11894659,0.33710523,-0.93392266,0.00248776,-0.006226,-0.0077412
0.97498222,-0.13793177,-0.17431149,-0.18759183,-0.93125514,-0.31236595,-0.11924333,0.33725066,-0.93383207,0.0088519,-0.00322151,-0.00183154
0.97502381,-0.13776395,-0.17421155,-0.18742023,-0.9312289,-0.31254745,-0.1191731,0.33739197,-0.93379009,0.01708327,-0.00946707,-0.00294415
0.975094645,-0.137325204,-0.174161476,-0.187082275,-0.931038128,-0.313317946,-0.119124531,0.338097177,-0.933541405,0.00392115582,4.86373901e-05,-0.00573680364
0.97527256,-0.13670508,-0.17365242,-0.18642599,-0.93087375,-0.31419653,-0.11869622,0.33880058,-0.933341,0.00437727,-0.00227505,-0.00402616
0.97546198,-0.1361493,-0.17302395,-0.18579073,-0.93069946,-0.31508765,-0.11813434,0.33950227,-0.93315722,0.00135047,0.00150502,0.00543086
0.97557324,-0.13553709,-0.17287726,-0.18528476,-0.93045436,-0.31610709,-0.11801021,0.34041715,-0.93283933,-0.00468012,0.00125897,-0.00208728
0.9755906,-0.13517249,-0.17306468,-0.18504839,-0.93037805,-0.31647106,-0.11823739,0.34077153,-0.93268153,-0.00983499,-0.00793999,-0.00393184
0.97561262,-0.13431372,-0.17360826,-0.18459916,-0.92998472,-0.31788537,-0.1187567,0.34218092,-0.93209903,-0.00455601,-0.00663996,-0.00335435
0.97564684,-0.13349509,-0.17404687,-0.18411911,-0.92968743,-0.31903194,-0.11921999,0.34330786,-0.93162559,0.00231184,0.00575864,-0.00390182
0.97564947,-0.13320143,-0.17425696,-0.18397583,-0.92954767,-0.31952147,-0.11941943,0.34380002,-0.93141853,0.00168779,0.00474358,-0.006924
0.97562706,-0.13279885,-0.17468916,-0.18377682,-0.92949988,-0.31977413,-0.11990796,0.34408411,-0.93125057,-0.00840409,0.00548053,-0.01738636
0.97568089,-0.13265262,-0.17449949,-0.18358665,-0.92949494,-0.3198979,-0.11976113,0.34415405,-0.9312437,-0.0108693,0.00463581,0.00193121
0.9757337,-0.13257941,-0.17425975,-0.18348428,-0.92937668,-0.32030121,-0.11948758,0.3445026,-0.93115038,-0.00160013,-0.00545967,0.01391173
0.97587979,-0.13225941,-0.17368386,-0.1831115,-0.92908545,-0.32135686,-0.11886469,0.34540918,-0.93089393,0.00115003,0.0061357,0.01394079
0.97593434,-0.13196201,-0.17360355,-0.18288705,-0.92889373,-0.32203887,-0.11876233,0.34603863,-0.93067343,0.00103641,0.01071692,-0.00495369
0.975909521,-0.131826743,-0.173845676,-0.182849496,-0.928886191,-0.322081879,-0.119023825,0.346110365,-0.930613333,-0.00217337813,0.00811254978,-0.00040547183
0.97591095,-0.13163216,-0.17398505,-0.18277619,-0.92873094,-0.32257038,-0.11912467,0.3466003,-0.93041791,-0.00170012,-0.00775319,-0.0141986
0.97591279,-0.13136176,-0.17417894,-0.18268601,-0.92848179,-0.32333757,-0.1192478,0.34736933,-0.93011522,-0.00463004,0.01252389,-0.02808283
0.9758878,-0.13124591,-0.17440617,-0.18263518,-0.92854981,-0.32317136,-0.11952989,0.34723169,-0.93013055,-0.00433556,0.0108459,-0.02342338
0.9758648,-0.13094753,-0.17475876,-0.18236502,-0.92890295,-0.3223074,-0.12012859,0.34639833,-0.93036394,0.00644463,0.00484085,-0.01260902
0.97585338,-0.13079335,-0.17493789,-0.18219871,-0.92915769,-0.32166574,-0.12047321,0.34577206,-0.93055205,0.0058409,0.01079941,-0.00256423
0.975840357,-0.130785196,-0.175016634,-0.182208034,-0.929184727,-0.321582544,-0.120564597,0.345702666,-0.930566065,0.000904559856,0.0154486895,0.00544565869
0.975801241,-0.130819973,-0.175208642,-0.182195052,-0.929490939,-0.320704209,-0.120900357,0.344865715,-0.930833161,-0.000491632847,0.00918483734,0.00451134238
0.97576313,-0.13071282,-0.17550064,-0.18207242,-0.92984207,-0.31975548,-0.12139173,0.34395944,-0.93110481,0.01240378,-0.00315857,0.00634019
0.975750725,-0.130632015,-0.17562972,-0.181993451,-0.929982202,-0.319392371,-0.121609645,0.343610796,-0.931204979,0.00151178264,-0.0052344203,0.000508193625
0.97579235,-0.13039487,-0.17557468,-0.18166193,-0.93027294,-0.31873315,-0.12177124,0.3429126,-0.931441,-0.00359546,0.00118244,-0.01393624
0.975874713,-0.129993255,-0.175414647,-0.181086914,-0.930740722,-0.3176937,-0.121967513,0.341794545,-0.931826413,0.00730162021,-0.00945770741,-0.000101146521
0.97587618,-0.12978516,-0.17556052,-0.18088436,-0.93092321,-0.31727339,-0.12225602,0.34137569,-0.93194189,0.01309624,-0.01328832,0.01121703
0.975852725,-0.129270846,-0.176069615,-0.180484888,-0.931224798,-0.316616033,-0.123031159,0.340748522,-0.932069691,-0.000526239048,-0.0160648227,0.00401669461
0.97578957,-0.12852881,-0.17696059,-0.17997596,-0.93160778,-0.31577779,-0.12427132,0.33998133,-0.93218526,-0.01226347,0.01698542,-0.01130929
0.97580416,-0.12811105,-0.17718293,-0.17963756,-0.93171594,-0.3156509,-0.12464581,0.33984217,-0.93218585,0.00170979,0.0030967,0.00864395
0.97587185,-0.1276749,-0.17712492,-0.17922866,-0.93172435,-0.31585818,-0.12470447,0.33998298,-0.93212657,-0.01516682,0.00620878,-0.00884053
0.97588558,-0.12751133,-0.17716715,-0.17906081,-0.93182338,-0.31566123,-0.12483814,0.33977293,-0.93218527,-0.02520432,0.01030779,-0.02035511
0.97588626,-0.1271754,-0.17740469,-0.17873791,-0.93209927,-0.31502992,-0.12529471,0.33914231,-0.93235394,-0.01690843,-0.00928062,-0.01181171
0.97595349,-0.126782,-0.17731642,-0.1783688,-0.93207602,-0.31530745,-0.12529708,0.33935312,-0.9322768,-0.00379574,-0.02089906,0.01213935
0.97602036,-0.12659997,-0.17707822,-0.17813055,-0.93207519,-0.31544446,-0.12511497,0.33942325,-0.93227569,-0.00737592,-0.00959557,0.01134295
0.97620656,-0.12657785,-0.17606475,-0.17767925,-0.9323591,-0.31485931,-0.12430138,0.33865078,-0.93266533,-0.01540394,0.00365233,-0.01213237
0.97639191,-0.1265055,-0.17508627,-0.17719336,-0.93264936,-0.3142729,-0.12353686,0.33787764,-0.93304722,-0.00680419,0.00618005,-0.00595652
0.97649728,-0.12651144,-0.17449333,-0.17695239,-0.93280122,-0.31395736,-0.12304843,0.33745552,-0.93326435,-0.01761202,-0.00171876,-0.02119287
0.976694337,-0.126350548,-0.173504193,-0.176455539,-0.932899652,-0.313944619,-0.122194961,0.33724371,-0.933453059,-0.00636725826,-0.000965833664,-0.00848422479
0.97685153,-0.12608141,-0.17281367,-0.17604489,-0.93275857,-0.31459438,-0.12152893,0.33773496,-0.93336263,0.0072986,-0.00470567,0.01923072
0.97695593,-0.12592953,-0.17233356,-0.17577497,-0.93270283,-0.31490992,-0.12107957,0.33794504,-0.93334482,0.0109482,-0.00375175,0.01691149
0.97711109,-0.12599241,-0.17140542,-0.17548023,-0.93284756,-0.31464545,-0.12025222,0.33752183,-0.93360488,-0.00283982,0.00268066,-0.00353844
0.97730418,-0.12600547,-0.17029138,-0.17507051,-0.93302442,-0.31434898,-0.11927636,0.33702758,-0.93390851,-0.00571596,0.0053252,-0.00954799
0.977406488,-0.126027742,-0.169686667,-0.174887764,-0.933047559,-0.314382714,-0.11870479,0.336955826,-0.934007448,0.000914123957,0.00786685944,9.07903886e-05
0.97752136,-0.12597033,-0.16906644,-0.17468747,-0.93290347,-0.31492084,-0.11805201,0.33737564,-0.9339385,0.00379559,-0.00650817,0.00724987
0.97762414,-0.1256742,-0.16869214,-0.17444817,-0.93248557,-0.31628833,-0.11755372,0.33863915,-0.93354403,0.00140528,-0.00475311,0.00384277
0.97763765,-0.12546394,-0.16877035,-0.17438243,-0.93220745,-0.3171434,-0.11753892,0.33948191,-0.93323981,,,
0.97761383,-0.12505378,-0.16921214,-0.17432746,-0.93172422,-0.31858984,-0.11781822,0.34095615,-0.93266679,0.00534593,0.00479388,0.00626246
0.97756321,-0.12495737,-0.16957542,-0.17440889,-0.93158301,-0.31895864,-0.11811735,0.34137769,-0.93247496,,,
0.97756347,-0.12493968,-0.16958697,-0.17435166,-0.93171342,-0.31860823,-0.11819968,0.34102754,-0.93259244,0.00665762,0.00575197,-0.01296871
0.97756603,-0.12435622,-0.17000057,-0.17399324,-0.93163673,-0.31902867,-0.11870558,0.34145054,-0.93237356,0.00877255,0.00823772,0.01510057
0.97761791,-0.12412831,-0.16986871,-0.17379006,-0.931513,-0.31950054,-0.11857584,0.34187094,-0.93223606,0.00201844,0.00804424,0.01931912
0.97773438,-0.12370781,-0.16950475,-0.17328587,-0.93154311,-0.31968662,-0.11835325,0.34194138,-0.93223854,-0.0062759,0.00327063,0.00133767
0.97772332,-0.12325979,-0.16989446,-0.1729757,-0.93165314,-0.31953366,-0.11889706,0.34180313,-0.93221995,-0.00514058,0.00716591,0.00380247
0.977698326,-0.123094692,-0.170157799,-0.172889181,-0.931725969,-0.319367797,-0.11922798,0.341663804,-0.932228659,-0.00372429565,0.0116670132,-0.000567319454
0.977622188,-0.122905288,-0.170731188,-0.172763837,-0.932134958,-0.318239371,-0.120031266,0.34061405,-0.932509402,0.000722434779,0.0080845356,0.00476986403
0.97748089,-0.12284248,-0.17158329,-0.17284595,-0.93252675,-0.3170454,-0.12105939,0.3395633,-0.93275991,0.0157033,0.00241911,0.02360579
0.97742939,-0.12273733,-0.17195158,-0.17279371,-0.93274504,-0.31643238,-0.12154888,0.33900246,-0.93290066,0.01425574,-0.00451946,0.0234062
0.97735178,-0.12244211,-0.17260194,-0.17267213,-0.93293649,-0.31593331,-0.1223431,0.33858153,-0.93294948,0.00697306,-0.00696307,0.02319359
0.977299746,-0.122298462,-0.17299795,-0.172646905,-0.933006187,-0.315740995,-0.122793529,0.338441156,-0.93294116,-0.0064340299,-0.000660896301,0.0142405508
0.9772867,-0.12226714,-0.17309379,-0.17260221,-0.93313767,-0.31537683,-0.12296011,0.33808995,-0.93304661,-0.00957885,0.00484681,0.00911794
0.97726057,-0.12225409,-0.17325041,-0.17254778,-0.93339348,-0.31464831,-0.12324378,0.33738736,-0.93326332,-0.01118358,0.00933206,-0.00256553
0.97722116,-0.12205886,-0.17361002,-0.17241512,-0.93359674,-0.31411733,-0.12374098,0.3368951,-0.93337527,-0.00430145,0.00708318,-0.00550656
0.97723405,-0.12193783,-0.17362251,-0.17228688,-0.93366359,-0.31398983,-0.12381777,0.33675443,-0.93341614,,,
0.97729863,-0.1214783,-0.17358115,-0.17182355,-0.93377438,-0.31391433,-0.12395184,0.33661337,-0.93344926,0.01182542,0.00242352,0.01214816
0.9772715,-0.12111288,-0.17398876,-0.17152696,-0.93404992,-0.31325532,-0.12457496,0.33597926,-0.93359448,0.0018128,-0.00674373,-0.0041673
0.977270945,-0.120934719,-0.174115742,-0.171372157,-0.934149148,-0.313044364,-0.124792154,0.335767752,-0.933641663,0.00303474464,-0.0100008249,-0.000718641735
0.97728232,-0.12044441,-0.17439156,-0.17094339,-0.93436459,-0.31263514,-0.12529017,0.33534388,-0.93372716,0.00147834,0.0048213,-0.00388105
0.97724081,-0.12008847,-0.17486896,-0.17057179,-0.93491562,-0.31118805,-0.12611763,0.33393338,-0.93412141,-0.00163399,0.00817144,-0.0115041
0.97723913,-0.11982175,-0.17506122,-0.17026791,-0.93525218,-0.31034246,-0.1265406,0.3330861,-0.93436683,-0.00490446,0.00648916,-0.01422079
0.97724854,-0.11924348,-0.17540319,-0.16968898,-0.93570303,-0.30929758,-0.12724361,0.3320246,-0.93464872,0.00512386,0.00761986,-0.00344193
0.97727033,-0.11863036,-0.17569732,-0.16906076,-0.93615779,-0.30826513,-0.12791078,0.33096189,-0.93493497,0.01013956,0.00165331,-0.00280852
0.97728079,-0.11830258,-0.17586003,-0.16872626,-0.93639949,-0.30771316,-0.12827199,0.33039437,-0.93508599,0.0018013,-0.01095432,-0.00592952
0.97728859,-0.11773876,-0.17619477,-0.16813557,-0.93689528,-0.30652478,-0.12898622,0.32918778,-0.93541314,-0.00369681,-0.00554985,-0.00502754
0.97726975,-0.11717288,-0.17667583,-0.16769475,-0.93711716,-0.30608757,-0.12970081,0.32875773,-0.93546552,-0.00230099,0.00219727,0.00847273
0.977227315,-0.116980623,-0.177037591,-0.167558005,-0.937316094,-0.305553418,-0.130196351,0.328259211,-0.93557193,0.00311688869,0.000140786171,0.0070737605
0.97712876,-0.11666576,-0.17778777,-0.16730729,-0.93782778,-0.30411754,-0.13125419,0.32690719,-0.93589752,0.00379679,0.00161052,0.00305177
0.97711119,-0.11644159,-0.17803115,-0.16697254,-0.93834989,-0.3026874,-0.1318101,0.32548555,-0.93631472,,,
0.97712306,-0.11636145,-0.17801838,-0.16681327,-0.93855675,-0.30213325,-0.13192369,0.3249172,-0.93649608,-0.00199975,-0.00324559,-0.00486635
0.97711885,-0.11609764,-0.17821363,-0.16650473,-0.93888528,-0.30128198,-0.13234401,0.32406171,-0.93673331,-0.00868676,0.0025506,-0.00809951
0.97702113,-0.11594879,-0.17884518,-0.16641752,-0.93924826,-0.3001968,-0.13317255,0.32306159,-0.93696131,,,
0.97694068,-0.11605518,-0.17921525,-0.16657057,-0.93938216,-0.29969209,-0.1335708,0.32263338,-0.93705202,0.00643187,0.00606549,0.00481745
0.97682271,-0.11649088,-0.17957524,-0.16691928,-0.93974226,-0.29836588,-0.13399756,0.32142514,-0.93740615,-0.00125438,-0.00312513,0.0062632
0.976788505,-0.11713378,-0.179342942,-0.167242481,-0.94017028,-0.296832511,-0.133843811,0.319936345,-0.937937265,-0.00260056765,-0.000233054161,-0.00868217926
