0,1,2,3,4,5,6,7,8,9,10,11
0.11958793,0.34488681,-0.93099505,0.16426405,-0.93167398,-0.32403832,-0.97914044,-0.11417796,-0.16806944,-0.00369193,-0.00130296,-0.01232712
0.11896444,0.34508538,-0.93100129,0.16397603,-0.93161296,-0.3243591,-0.97926461,-0.11407473,-0.1674144,0.00621337,-0.00212038,-0.00364935
0.11889433,0.3451842,-0.93097362,0.16392166,-0.93158204,-0.32447545,-0.97928224,-0.11402848,-0.16734287,0.00549594,-0.00346982,-0.00545999
0.119097282,0.345480003,-0.930838007,0.163987282,-0.931479632,-0.324736578,-0.979246649,-0.113970353,-0.16759101,-0.000423884019,-0.00336474157,-0.010863171
0.11995317,0.34572451,-0.93063724,0.16406111,-0.9314203,-0.32486902,-0.97912974,-0.11371235,-0.16844664,0.00411699,0.00619459,-0.00195686
0.12039562,0.34577258,-0.93056231,0.16411359,-0.93141552,-0.32485669,-0.97906671,-0.1136066,-0.16888432,0.001736,0.00603139,0.01344432
0.1208194,0.34601822,-0.93041609,0.16428348,-0.93132723,-0.32502399,-0.97898603,-0.11358278,-0.1693675,0.00157462,0.00205588,0.01189829
0.12131316,0.34631245,-0.93024226,0.1643527,-0.93123617,-0.32524923,-0.97891325,-0.11343085,-0.16988846,-0.01071512,-0.0099349,0.00325221
0.121615139,0.346459352,-0.930148189,0.164400474,-0.931191647,-0.325352968,-0.978867826,-0.113348962,-0.170205063,-0.000142239733,0.00295019126,-0.00613880903
0.12180656,0.34660655,-0.93006829,0.16442212,-0.93114537,-0.32547438,-0.97884038,-0.1132789,-0.17040936,0.00476492,0.00363541,-0.0112399
0.12202752,0.34660574,-0.93003963,0.16447449,-0.93114856,-0.32543885,-0.97880407,-0.1132553,-0.17063353,-0.00210592,-0.00397098,0.00786445
0.12213799,0.34665446,-0.93000703,0.16444898,-0.93113906,-0.32547928,-0.97879463,-0.1131853,-0.17073451,-0.00289986,-0.00251663,0.0221243
0.12266082,0.34694755,-0.92982881,0.1643942,-0.93106369,-0.32572186,-0.97873836,-0.11290518,-0.17124111,,,
0.12292209,0.347094,-0.92973966,0.16436692,-0.9310261,-0.32584312,-0.97871017,-0.11276515,-0.17149437,-0.00677721,0.00519824,-0.00325412
0.12321289,0.34714163,-0.92968343,0.16431851,-0.93102682,-0.32586577,-0.97868177,-0.11261333,-0.1717563,-0.00341038,0.0012455,-0.00840906
0.123614008,0.347188627,-0.929612585,0.164296409,-0.931028956,-0.325870534,-0.978634861,-0.112449866,-0.172129995,-0.00547404587,0.00477170898,0.000105825951
0.12379434,0.34713844,-0.92960735,0.16432518,-0.93105056,-0.32579446,-0.97860726,-0.11242639,-0.17230235,0.00521256,-0.00668675,0.0039201
0.12386431,0.34708876,-0.92961657,0.1643277,-0.93107046,-0.3257362,-0.97859797,-0.11241468,-0.17236264,0.0120462,0.00156236,-0.00382626
0.12422508,0.34718454,-0.92953263,0.16417858,-0.93106843,-0.32581697,-0.97857723,-0.11213474,-0.1726622,-0.00501647,0.01072359,0.00405165
0.12409596,0.34748088,-0.92943912,0.16416692,-0.93096062,-0.32613067,-0.97859556,-0.11211169,-0.17257317,-0.01515121,-0.0012188,0.00286299
0.124456516,0.34767458,-0.929318516,0.163914749,-0.93093605,-0.326327899,-0.978592087,-0.111715393,-0.172849995,-0.0104821511,0.00269496418,-0.000270516612
0.12424381,0.34737923,-0.92945742,0.16364762,-0.93106168,-0.32610348,-0.97866382,-0.11158717,-0.17252639,0.00629422,0.0098021,0.00126543
0.12422195,0.34703428,-0.92958931,0.16360932,-0.93118641,-0.32576718,-0.97867312,-0.111622,-0.17245199,0.00341929,0.00436568,0.00932814
0.12478148,0.34648922,-0.9297175,0.16378421,-0.93137918,-0.32512635,-0.9785725,-0.11170335,-0.17296816,0.00329779,-0.01085663,-0.00384004
0.125200842,0.346239779,-0.929754099,0.163747506,-0.931487405,-0.32483502,-0.978525126,-0.111575317,-0.173318832,-0.0106054535,-0.000261187524,-0.00218356587
0.12528164,0.34638714,-0.929688326,0.163743367,-0.931439604,-0.324974162,-0.97851548,-0.11151702,-0.173410806,0.00091918651,0.00566434814,-0.0103247222
0.125193159,0.346830884,-0.929534761,0.1636523,-0.931291138,-0.325444979,-0.978542006,-0.111377052,-0.173350821,0.00393807376,-0.000497937144,0.00513625797
0.12502385,0.34707826,-0.92946527,0.16361698,-0.93120188,-0.32571837,-0.97856961,-0.11135375,-0.1732103,0.00121574,-0.00219601,0.01005573
0.12524441,0.34712594,-0.92941768,0.16361794,-0.93119368,-0.32574085,-0.97854117,-0.11127223,-0.17342266,,,
0.1254727,0.3468279,-0.92949821,0.16345589,-0.93132569,-0.32544497,-0.97853905,-0.11109752,-0.17354693,,,
0.125612455,0.346728378,-0.929516538,0.16346089,-0.93136569,-0.325328453,-0.978520362,-0.111074282,-0.173667708,-0.00877545588,-0.000380516023,0.016890604
0.126013234,0.34677454,-0.929445026,0.16343895,-0.931367839,-0.325333056,-0.978472456,-0.110911255,-0.174041115,0.00869542733,0.00254249549,-0.000568724005
0.126343894,0.346919343,-0.929346018,0.163363124,-0.931338669,-0.325454147,-0.978442406,-0.110701766,-0.174342625,-0.00524197333,-0.000575184764,-0.00255357102
0.126623246,0.346965,-0.929291033,0.163115254,-0.931361912,-0.325512458,-0.978447724,-0.110364103,-0.174527334,0.000862918678,-0.003064811,-0.00457554637
0.126682159,0.346914132,-0.929301998,0.162917888,-0.931404304,-0.325490024,-0.978472984,-0.110166143,-0.174510814,-0.000640578335,-0.00557506038,-0.00543850707
0.12657952,0.34671581,-0.92938991,0.16257367,-0.93150823,-0.32536417,-0.97854344,-0.10990993,-0.17427656,-0.00926426,0.00678408,0.00449903
0.12611643,0.34642284,-0.92956217,0.16237835,-0.93161465,-0.32515741,-0.97863573,-0.10993308,-0.17374346,-0.00897253,0.00630104,-0.00385111
0.12592531,0.34627635,-0.92964265,0.16235617,-0.93166084,-0.32503606,-0.97866401,-0.11000296,-0.17353973,-0.00446463,0.00116444,-0.00554143
0.125734156,0.346129894,-0.92972308,0.162333977,-0.931707063,-0.324914753,-0.978692285,-0.110072766,-0.173336031,0.00308901654,-0.000621557178,-0.0082639344
0.12559449,0.3461805,-0.92972304,0.16238062,-0.93167847,-0.32497296,-0.97870241,-0.11015423,-0.17322654,0.00735914,-0.01804721,-0.0085555
0.12552465,0.34618135,-0.92973223,0.16242972,-0.93167006,-0.324973,-0.97870329,-0.11022403,-0.17317768,0.01269135,-0.00754023,-0.0081032
0.12549525,0.34623123,-0.92971759,0.16250261,-0.93164318,-0.32501341,-0.97869493,-0.11029391,-0.17318019,,,
0.12554672,0.34642839,-0.92963719,0.16257136,-0.9315685,-0.325193,-0.9786769,-0.11030549,-0.17327462,-0.00385862,0.00820398,0.00740337
0.12584826,0.346574214,-0.929542022,0.162619823,-0.931523824,-0.325296495,-0.978630089,-0.110224001,-0.173590342,0.000227132579,0.00133895862,0.00717902929
0.1260907,0.34686874,-0.92939932,0.16276259,-0.93141423,-0.32553894,-0.97857516,-0.11022404,-0.17389981,-0.0113648,-0.00632244,-0.00426085
0.12592155,0.34701826,-0.92936641,0.16283047,-0.93134748,-0.32569583,-0.97858564,-0.11031709,-0.17378172,0.00137328,0.00263572,-0.01536251
0.12574144,0.34706877,-0.92937194,0.1628017,-0.9313259,-0.32577189,-0.97861358,-0.11034034,-0.17360949,0.00273993,0.00505412,-0.00937877
0.125410474,0.347021912,-0.92943423,0.162774446,-0.931332481,-0.325767175,-0.978660654,-0.11043353,-0.173285131,-0.000677413307,0.00356578804,0.0133867692
0.125160433,0.347122101,-0.929430458,0.162743182,-0.931290848,-0.32590138,-0.978697801,-0.110468547,-0.173052393,0.000943162013,-0.00348401046,0.0148198223
0.12498025,0.34717254,-0.92943584,0.16271439,-0.93126923,-0.3259774,-0.9787256,-0.11049189,-0.17288006,0.00200725,0.00141478,0.00447099
0.124730143,0.347321734,-0.929413769,0.162631507,-0.931216491,-0.326169786,-0.978771339,-0.110468771,-0.172636176,0.000206422294,0.00765442802,-0.00489320047
0.12473014,0.34746868,-0.92935883,0.16247675,-0.93118232,-0.32634431,-0.97879703,-0.11029425,-0.17260201,-0.01223159,0.00299692,-0.00177049
0.12480004,0.34746794,-0.92934971,0.16242763,-0.93119087,-0.32634435,-0.97879627,-0.11022431,-0.17265098,-0.0128848,-0.00579721,0.00171305
0.12459791,0.34727151,-0.92945029,0.16225719,-0.93127111,-0.32620037,-0.97885032,-0.11016611,-0.17238172,-0.0109177,0.00545227,0.00471023
0.12437347,0.34682805,-0.92964591,0.16194529,-0.93145286,-0.3258362,-0.9789305,-0.11002641,-0.17201516,-0.00735718,0.00563264,0.01211825
0.12403129,0.346682,-0.92974611,0.16182166,-0.9315045,-0.3257501,-0.97899438,-0.11004985,-0.17163637,-0.00443423,0.00802946,0.01518152
0.123416519,0.346438139,-0.929918779,0.161473757,-0.931604754,-0.32563586,-0.979129484,-0.109968645,-0.170916044,0.000343520194,0.00472342921,0.00752760284
0.123313111,0.346190838,-0.9300245,0.161181824,-0.931719819,-0.325450666,-0.979190526,-0.109770763,-0.170692744,0.00051494292,-0.00683641387,0.00340872025
0.12308098,0.34614217,-0.93007336,0.16098134,-0.9317502,-0.32546288,-0.9792527,-0.10966622,-0.17040295,-0.0055719,-0.00300044,0.00303578
0.12291855,0.34619087,-0.9300768,0.16062844,-0.93176646,-0.32559123,-0.97933114,-0.1093756,-0.17013943,0.01266936,0.00186706,-0.01611257
0.122796799,0.346239669,-0.9300747,0.160350868,-0.931775545,-0.325701913,-0.979391881,-0.109143155,-0.169938803,0.00521252304,-0.00341355777,0.000721903751
0.12304709,0.34628663,-0.93002416,0.16022711,-0.9317827,-0.32574253,-0.97938075,-0.10893343,-0.17013762,0.01177881,-0.00127339,0.00153724
0.124018742,0.34618047,-0.929934602,0.160166573,-0.931864336,-0.325538588,-0.979268069,-0.10857157,-0.171015116,-0.00675348053,-0.00595843745,-0.000685121631
0.12462931,0.34622391,-0.92983684,0.15999718,-0.93189162,-0.32554402,-0.97921828,-0.10819894,-0.17153586,0.0037541,-0.00306857,0.00378738
0.1249199,0.34627043,-0.9297805,0.15994889,-0.93189187,-0.32556695,-0.97918913,-0.10804758,-0.17179738,-0.00573857,-0.00170076,0.00799593
0.12540197,0.34661013,-0.92958897,0.15976818,-0.93181126,-0.32588598,-0.97915697,-0.10765202,-0.17222814,,,
0.12585446,0.34695056,-0.92940086,0.15971214,-0.93171555,-0.32618729,-0.9791081,-0.10738448,-0.17267277,-0.00141003,-0.00830239,-0.00542559
0.12625509,0.34704482,-0.92931134,0.15963896,-0.93170593,-0.32625071,-0.97906848,-0.10716347,-0.17303452,-0.00389075,0.00178754,-0.01010107
0.126946032,0.347526897,-0.929036964,0.159157537,-0.931615388,-0.326743738,-0.979057457,-0.106384434,-0.173576328,0.000261072535,-0.00241363025,0.00734185707
0.12701578,0.34762351,-0.92899127,0.15900559,-0.93160053,-0.32685997,-0.97907309,-0.10619845,-0.17360195,0.00271897,0.00106621,0.00804204
0.1274454,0.34766711,-0.92891612,0.15885993,-0.93161735,-0.32688288,-0.9790409,-0.10590786,-0.17396062,0.00232787,0.00440395,0.00564825
0.12794464,0.34766048,-0.92885003,0.15871681,-0.93165426,-0.32684759,-0.97899906,-0.10560571,-0.17437974,0.00107468,-0.0029459,0.00918375
0.1281942,0.3477059,-0.92879868,0.15859387,-0.93166112,-0.32688808,-0.97898639,-0.10539659,-0.17457769,0.00235324,-0.00563794,0.00367348
0.1283628,0.34779965,-0.92874023,0.15826889,-0.9316693,-0.32702192,-0.97901684,-0.10501323,-0.17463757,-0.00589509,-0.00600338,0.0010178
0.12875179,0.34798854,-0.92861556,0.15789399,-0.9316574,-0.32723659,-0.97902624,-0.10449054,-0.17489778,-0.00521434,0.00325525,-0.00364211
0.12885065,0.34803459,-0.92858459,0.15766943,-0.93166882,-0.32731234,-0.97904942,-0.10423501,-0.17492046,-0.00872931,0.00566745,-0.00399552
0.12866614,0.34798192,-0.92862981,0.15702034,-0.93174916,-0.32739499,-0.97917789,-0.1036892,-0.17452453,-0.00377615,0.00670743,0.00759851
0.12830767,0.34763451,-0.92880968,0.15617896,-0.93194748,-0.32723403,-0.97935964,-0.10307388,-0.17386924,-0.00247475,-0.00668174,0.00389291
0.12829078,0.3472851,-0.92894274,0.15561645,-0.93212902,-0.326985,-0.97945142,-0.1026096,-0.17362691,0.00854709,0.00205588,-0.00594652
0.12831408,0.34703324,-0.92903361,0.15502656,-0.93228007,-0.32683433,-0.97954187,-0.10208743,-0.17342405,-0.00347651,-0.00973207,0.01112263
0.12826185,0.34708004,-0.92902328,0.15470042,-0.93229549,-0.32694447,-0.97960022,-0.10178582,-0.17327128,0.01013312,0.00195575,0.01094287
0.12828473,0.34702284,-0.9290415,0.15390512,-0.93239882,-0.32702525,-0.9797225,-0.10103191,-0.17302106,0.00150696,0.00689888,-0.00471118
0.1282377,0.3469182,-0.92908702,0.15321023,-0.93250527,-0.3270477,-0.97983752,-0.10040583,-0.1727336,-0.0071078,0.0036881,-0.00260072
0.12828363,0.34686436,-0.9291008,0.15281393,-0.93256645,-0.32705878,-0.97989341,-0.10002328,-0.1726386,,,
0.128456671,0.346708109,-0.929135222,0.152223238,-0.932687775,-0.32698831,-0.979962682,-0.0994321698,-0.172586894,-0.0114001241,-0.000435113878,-0.00496033393
0.128449657,0.346554557,-0.92919337,0.151655167,-0.932798812,-0.326934868,-0.980051575,-0.098922379,-0.17237419,-0.00701948721,-0.000391244859,-0.00956965052
0.12857669,0.34645216,-0.92921407,0.15146083,-0.93285914,-0.32685339,-0.98006506,-0.09871384,-0.17241774,-0.00222067,0.00379789,-0.01410971
0.12865073,0.34629887,-0.92926108,0.15104326,-0.93295789,-0.32676546,-0.98011989,-0.09831999,-0.17233189,-0.01013852,-0.00581962,-0.00515476
0.12841813,0.34639706,-0.92925663,0.15068862,-0.93295063,-0.32694972,-0.98020495,-0.09804212,-0.1720059,,,
0.128418135,0.346445707,-0.929238437,0.15063727,-0.932938518,-0.327007577,-0.98021279,-0.0979842579,-0.171993784,-0.000226819888,0.00222349144,-0.00709768711
0.12855711,0.34644255,-0.92922044,0.15053951,-0.93295438,-0.32700763,-0.98020964,-0.09784523,-0.17209121,-0.00546612,0.00108683,-0.01640096
0.12858599,0.34634335,-0.92925339,0.15051807,-0.93299235,-0.32690889,-0.9802091,-0.09783354,-0.17210061,-0.00847685,-0.00907671,-0.00764407
0.1285452,0.34629444,-0.92927723,0.15049424,-0.93301043,-0.32686807,-0.98021808,-0.09783358,-0.17204921,-0.00811287,-0.00702566,-0.01022964
0.128075188,0.346253173,-0.929357564,0.150564428,-0.933001563,-0.326861476,-0.980268888,-0.0980653458,-0.171627756,-0.00375496643,0.000530958117,0.00639035087
0.12753571,0.34626186,-0.92942837,0.15063213,-0.93297241,-0.32691261,-0.98032869,-0.09830881,-0.17114521,0.00255622,0.00720978,-0.00318259
0.12750699,0.34626365,-0.92943174,0.15075622,-0.93295852,-0.32689563,-0.98031344,-0.09843616,-0.17116004,-0.01019045,-0.00268662,-0.00426373
0.12719995,0.34641759,-0.92941651,0.15092177,-0.93287699,-0.32705224,-0.98032791,-0.09866815,-0.17094388,0.00416351,0.00356245,-0.00381847
0.126369843,0.346381016,-0.929543261,0.151037415,-0.932848507,-0.327079441,-0.98041735,-0.0990628779,-0.170200242,0.000710677588,-0.000946402492,0.00671348674
0.12605066,0.34638657,-0.92958454,0.15115795,-0.93282303,-0.3270965,-0.98043988,-0.09928341,-0.1699419,-0.00296948,0.00639987,0.01352147
0.12570265,0.34634477,-0.92964735,0.15145406,-0.93279551,-0.32703869,-0.98043896,-0.09968922,-0.16971023,0.00230808,0.00487661,-0.00973841
0.125837124,0.346444487,-0.929591935,0.151776131,-0.932732314,-0.327069228,-0.980371845,-0.0999324336,-0.169954289,-0.00939817447,-7.15255665e-05,-0.000525595155
0.12566907,0.34654621,-0.92957675,0.15189531,-0.93267831,-0.32716784,-0.98037494,-0.10008349,-0.16984749,,,
0.125152731,0.346800901,-0.929551381,0.152104804,-0.932548534,-0.327440088,-0.980408468,-0.100409248,-0.169460931,0.000595386606,0.00704228831,0.0125299925
0.124734559,0.346954988,-0.929550115,0.152244127,-0.932464905,-0.327613619,-0.980440159,-0.100653833,-0.169132354,0.00291699846,0.000750660838,0.00874775928
0.12452551,0.34700755,-0.92955849,0.15233949,-0.93242894,-0.32767145,-0.98045189,-0.10080506,-0.16897398,-0.00983768,0.00478172,-0.00256027
0.12435723,0.34701138,-0.92957957,0.15256158,-0.93239858,-0.32765441,-0.9804387,-0.10107198,-0.16889091,-0.00257306,0.00544691,-0.0082743
0.124066503,0.346868241,-0.929671915,0.152712561,-0.932423034,-0.327514939,-0.9804521,-0.10133896,-0.16865355,-0.00805077702,-0.000552892627,-0.00307268929
0.12399679,0.34686946,-0.92968075,0.1527615,-0.93241499,-0.32751497,-0.98045329,-0.10140864,-0.1686047,0.0019004,0.00446236,0.00770971
0.123676919,0.346825161,-0.929739981,0.152933808,-0.932401288,-0.327474155,-0.980466917,-0.101687655,-0.16835791,0.00431701541,-0.000751495303,0.0100723095
0.12349665,0.346778445,-0.929781331,0.153008048,-0.932403363,-0.327433329,-0.980478021,-0.101827099,-0.168208618,0.00283524278,0.000156640992,0.0128448168
0.12342691,0.346828456,-0.929771926,0.153005493,-0.932383438,-0.327491184,-0.980487191,-0.101838983,-0.16814788,0.0170650072,2.9563902e-05,0.00732116494
0.12339797,0.34687861,-0.92975704,0.15307817,-0.93235713,-0.32753204,-0.98047948,-0.10190873,-0.16815051,0.00369446,0.00658393,0.01214179
0.12397975,0.34677447,-0.92971841,0.15318817,-0.93240347,-0.32734808,-0.98038882,-0.10183737,-0.16872074,-0.01460034,-0.00437891,-0.00161409
0.12427049,0.34677127,-0.92968082,0.15319164,-0.93241494,-0.327314,-0.98035149,-0.10174389,-0.16899401,-0.01086185,0.00687742,-0.0026302
0.124590079,0.346669046,-0.929676219,0.153173927,-0.932464549,-0.327181272,-0.980313749,-0.10163862,-0.169276478,-0.0027240389,-0.000651478709,-0.00466736965
0.12453741,0.34652082,-0.92973843,0.15305378,-0.93252701,-0.32705882,-0.98033911,-0.10156897,-0.16917063,0.00516405,-0.00268418,0.00725447
0.124636,0.34642059,-0.92976259,0.15298358,-0.93257315,-0.32696017,-0.98033755,-0.10148744,-0.16922868,0.0010822,-0.00101113,0.01137961
0.124636,0.34646945,-0.92974443,0.15293209,-0.93256141,-0.32701805,-0.98034563,-0.10142956,-0.16921694,0.00326953,0.00112104,-0.00527314
0.12469375,0.34636906,-0.92977411,0.15278669,-0.93261389,-0.32693646,-0.98036098,-0.10129018,-0.16921166,-0.00940676,0.00250614,-0.00204982
0.12461214,0.34631993,-0.92980337,0.15268773,-0.93263846,-0.32691272,-0.98038679,-0.10123227,-0.16909687,,,
0.12447773,0.34607371,-0.92991305,0.15252019,-0.93273744,-0.32670855,-0.98042995,-0.10116258,-0.16888827,-0.0104929,-0.0064193,0.00577279
0.12445372,0.34582641,-0.93000826,0.1523789,-0.93283799,-0.32648731,-0.98045497,-0.10108108,-0.16879181,-0.01050443,-0.0015986,-0.0010026
0.12440082,0.34562931,-0.93008857,0.15231035,-0.93291223,-0.32630688,-0.98047229,-0.10106928,-0.1686979,-0.00343752,0.00476372,-0.00486551
0.12411459,0.34523725,-0.9302725,0.15219621,-0.93305133,-0.32596285,-0.98052638,-0.10112718,-0.16834919,,,
0.123828319,0.344893899,-0.930437916,0.152030775,-0.933178127,-0.32567647,-0.980588171,-0.101127235,-0.167988338,-0.00293395435,-0.000565528811,0.0105211455
0.12385707,0.34489259,-0.93043454,0.15190652,-0.93319235,-0.32569347,-0.98060376,-0.10099966,-0.16797382,0.0033325,0.01174927,-0.00407716
0.12382049,0.3445947,-0.93054977,0.15161762,-0.93332497,-0.32544794,-0.98065309,-0.10079064,-0.16781128,-0.00468158,-0.00544184,-0.00830289
0.123808252,0.34444641,-0.930606298,0.151572958,-0.933380973,-0.325308107,-0.980661537,-0.100778947,-0.167768929,0.0093878014,-0.000342130632,-0.00337707158
0.1241155,0.34424443,-0.93064006,0.15145866,-0.93347421,-0.32509345,-0.98064031,-0.10060441,-0.16799724,-0.00192802,-0.00189149,0.00882097
0.12384108,0.34404935,-0.93074885,0.15133819,-0.93354509,-0.32494662,-0.9806937,-0.10061611,-0.16767903,,,
0.123980349,0.343949019,-0.930767388,0.151343101,-0.933584582,-0.324830821,-0.980675341,-0.100592588,-0.16780044,0.00665128231,0.000495433749,-0.00507810246
0.12425881,0.34374834,-0.93080435,0.15135301,-0.93366344,-0.32459919,-0.98063853,-0.10054576,-0.16804317,0.00346732,-0.00231886,0.00280821
0.124688721,0.343644588,-0.930785277,0.151360971,-0.933714407,-0.324449551,-0.980582833,-0.100429336,-0.16843814,0.0023397319,-0.0001721382,-0.00455733528
0.124938599,0.343591883,-0.930771167,0.151340456,-0.93374366,-0.324374549,-0.980554137,-0.100336431,-0.168659979,-0.00210725144,-0.000380277605,-0.00668725232
0.125175922,0.343439768,-0.930795394,0.151223651,-0.933816995,-0.324217704,-0.980541864,-0.100174039,-0.168827573,-0.000840005698,0.000630855502,0.00901290029
0.125204521,0.343438303,-0.9307921,0.151099453,-0.93383123,-0.324234688,-0.980557371,-0.100046535,-0.168813208,0.00263226032,0.000735998095,0.0157132521
0.12516356,0.34343816,-0.93079761,0.15102428,-0.93383738,-0.32425168,-0.98057413,-0.09998858,-0.1687498,0.00248032,0.00565696,-0.00174098
0.124946115,0.343337929,-0.930863866,0.150552344,-0.933912765,-0.324254443,-0.980674493,-0.0996294038,-0.168379104,0.00179963768,-0.00610822393,0.000722258119
0.12478213,0.34319053,-0.93094019,0.15040645,-0.93397305,-0.3241483,-0.98071773,-0.09957151,-0.16816116,0.00308339,-0.00270003,0.00512749
0.12456455,0.34289458,-0.9310784,0.15014081,-0.9340954,-0.32391904,-0.98078613,-0.09944403,-0.16783765,0.00224182,0.00203013,0.00871464
0.12445738,0.34259741,-0.93120206,0.14990123,-0.93421911,-0.32367278,-0.98083632,-0.09930489,-0.16762615,-0.01185323,-0.0025121,0.00746923
0.12444481,0.34254681,-0.9312224,0.14975355,-0.93425129,-0.32364853,-0.98086051,-0.09917749,-0.16756031,,,
0.12419837,0.34235007,-0.93132758,0.14950922,-0.93433555,-0.32351783,-0.98092896,-0.0990617,-0.16722732,-0.0030845,-0.00519788,-0.00483048
0.12417293,0.34219999,-0.93138625,0.1492653,-0.93441165,-0.32341139,-0.98096944,-0.09886469,-0.1671073,,,
0.12416042,0.34214932,-0.93140646,0.14911761,-0.93444352,-0.32338698,-0.98099342,-0.09873725,-0.16704134,,,
0.1240939,0.34195005,-0.93148851,0.14885025,-0.93453728,-0.32323927,-0.98104245,-0.09854028,-0.1668697,,,
0.12317265,0.34126405,-0.93186223,0.14824452,-0.9348037,-0.32274649,-0.98125019,-0.09838996,-0.16573264,0.00256884,-0.00099277,0.00555009
0.12246924,0.34097211,-0.93206187,0.14780131,-0.93492498,-0.32259899,-0.98140516,-0.09825151,-0.16489571,,,
0.12211094,0.34082517,-0.93216246,0.1474802,-0.93499519,-0.32254144,-0.98149796,-0.09808974,-0.16443785,,,
0.12191757,0.34077701,-0.93220549,0.14735599,-0.93501784,-0.3225333,-0.98154076,-0.0980436,-0.16421058,0.00258874,-0.00414771,-0.00524758
0.12162838,0.3404817,-0.93235116,0.14714079,-0.93513146,-0.32230203,-0.98160891,-0.09798583,-0.16383721,-0.0024591,-0.00576812,-0.00321309
0.12143692,0.34008564,-0.93252066,0.14685561,-0.93529014,-0.3219715,-0.98167533,-0.09784667,-0.16352217,0.00637197,0.00182104,-0.00348397
0.12118885,0.33974121,-0.93267848,0.14676739,-0.9354093,-0.32166553,-0.98171919,-0.09790452,-0.16322409,0.00196051,-0.00573116,0.00817274
0.12077495,0.339347,-0.93287565,0.14643109,-0.93556445,-0.32136737,-0.9818204,-0.09778888,-0.16268366,,,
0.12056794,0.33924806,-0.9329384,0.1461597,-0.93561843,-0.32133373,-0.98188627,-0.09761546,-0.16238993,0.00170443,-0.00569254,-0.00467231
0.12056794,0.33939534,-0.93288484,0.14600469,-0.93558309,-0.32150707,-0.98190934,-0.09744213,-0.16235459,0.00279008,-0.00534117,-0.01407721
0.120789824,0.339638698,-0.932767539,0.145797699,-0.935527224,-0.321763336,-0.981912806,-0.0971296461,-0.162520624,0.000537902815,0.00121355045,-0.00863143429
0.120831228,0.33988423,-0.932672806,0.14561435,-0.935462167,-0.322035836,-0.981934984,-0.0968985501,-0.1625251,0.00358012132,0.000286579103,0.00620167982
0.12090093,0.33998103,-0.93262841,0.14546181,-0.93544597,-0.32215129,-0.98194894,-0.09671345,-0.16255044,0.00314326,-0.00582004,0.02085537
0.120970458,0.33997971,-0.932619836,0.145412634,-0.935453543,-0.322151246,-0.98194762,-0.0966439669,-0.162599414,0.000782417948,0.00620126678,0.00503418688
0.12099858,0.33992931,-0.93263467,0.1453401,-0.93547929,-0.32210992,-0.981955,-0.09657436,-0.16259704,,,
0.12128993,0.33992569,-0.93259808,0.14534241,-0.93549005,-0.32207718,-0.98191865,-0.09648136,-0.16287104,-0.0099099,0.00856852,-0.00339985
0.121511732,0.340021446,-0.932534331,0.145290688,-0.935469662,-0.322159972,-0.981898915,-0.0963423472,-0.163072454,-0.00230026105,0.0048656459,-1.85138779e-05
0.12165073,0.339920773,-0.932552919,0.145295526,-0.935508688,-0.322044497,-0.981880995,-0.0963188244,-0.163194262,-0.00440045586,-0.0036782024,-0.000737320748
0.12163743,0.33982106,-0.93259099,0.14519969,-0.93555205,-0.3219617,-0.98189681,-0.09624934,-0.16314004,0.00328709,0.00284529,0.0061048
0.12161064,0.33967064,-0.93264934,0.14495638,-0.93562704,-0.32185384,-0.98193615,-0.0960526,-0.16301972,-0.00316633,0.00729585,0.0029864
0.1210427,0.33967483,-0.93272166,0.1446286,-0.93563839,-0.32196804,-0.98205461,-0.09592634,-0.16237891,-0.00570702,0.00164711,-0.00111145
0.12077936,0.3397261,-0.93273711,0.1444505,-0.93562916,-0.32207468,-0.98211322,-0.09583437,-0.16207828,-0.003595,0.0033102,-0.00258093
0.12050256,0.33957939,-0.93282622,0.14428003,-0.93568687,-0.32198272,-0.98217218,-0.0957885,-0.16174698,,,
0.120475668,0.339429054,-0.932884448,0.144036863,-0.935761634,-0.321874576,-0.982211208,-0.0955917276,-0.161626675,-0.00478696171,-0.000827073993,0.00275117345
0.12050369,0.33932943,-0.93291705,0.14401603,-0.93579892,-0.32177534,-0.9822108,-0.09557994,-0.16163593,-0.00982065,0.00125074,0.00372196
0.119880124,0.339037396,-0.933103607,0.143724601,-0.935907189,-0.321591115,-0.982329851,-0.0955575748,-0.160924629,-0.000160997966,-0.010177373,0.00612235675
0.11889459,0.33889714,-0.93328066,0.14332563,-0.93596134,-0.32161171,-0.98250792,-0.09552515,-0.15985336,0.00260086,0.00325608,-0.00896899
0.11881144,0.33894595,-0.93327357,0.14312421,-0.93596139,-0.32170151,-0.98254738,-0.09535221,-0.15971435,0.00181493,-0.0058893,-0.00298781
0.11899225,0.33899267,-0.93323349,0.14304885,-0.9359585,-0.32174304,-0.98253642,-0.09521307,-0.15986427,0.00185816,-0.00829255,0.00172261
0.11910335,0.33904065,-0.93320188,0.14302281,-0.93594817,-0.32178461,-0.98252674,-0.09514355,-0.15996504,0.00827272,-0.00112593,0.00464531
0.11935348,0.33903701,-0.93317125,0.14294995,-0.93596482,-0.32176856,-0.98250699,-0.09499261,-0.16017591,-0.00715621,-0.00308704,0.01328371
0.11960357,0.33903331,-0.9331406,0.14287713,-0.93598151,-0.32175249,-0.98248719,-0.09484171,-0.16038681,-0.01210978,0.00717711,-0.01473913
0.11942299,0.33903575,-0.93316286,0.14290072,-0.93597245,-0.32176857,-0.98250575,-0.09492308,-0.1602251,-0.00715346,0.00541449,-0.021341
0.11928396,0.3390874,-0.93316188,0.1429475,-0.93594548,-0.32182623,-0.98251584,-0.09500445,-0.160115,-0.0016625,-0.00743288,-0.0123189
0.11907539,0.33904207,-0.93320492,0.14314691,-0.93593469,-0.32176854,-0.98251204,-0.09527071,-0.15997951,0.00664721,-0.002334,0.00136903
0.11915852,0.33909143,-0.93317636,0.143245,-0.93591089,-0.32179398,-0.98248765,-0.09532839,-0.16009477,0.00415686,-0.00353068,0.00701685
0.11943578,0.33904181,-0.93315899,0.14362197,-0.93590077,-0.32165569,-0.98239899,-0.09560494,-0.16047385,0.00680268,0.00236082,0.00432009
0.120004683,0.339037805,-0.933087383,0.143949308,-0.935889205,-0.321542533,-0.982281678,-0.0957307157,-0.161115177,-0.0210868232,0.00279903389,-0.000327772461
0.1203232,0.33928284,-0.93295734,0.14409121,-0.93580172,-0.32173387,-0.98222196,-0.09571893,-0.16148626,-0.01117394,0.00607514,-0.01176373
0.120252544,0.339534108,-0.932875056,0.144404373,-0.935682141,-0.321941313,-0.982184635,-0.0959969868,-0.161548325,-0.000365817454,0.00589775993,-0.00800469331
0.12018172,0.33978531,-0.93279273,0.14471762,-0.93556238,-0.32214868,-0.98214721,-0.09627516,-0.16161039,,,
0.12012554,0.3397881,-0.93279898,0.14496592,-0.93553523,-0.32211615,-0.9821175,-0.09652968,-0.16163941,0.00348318,0.00099063,0.00417057
0.1203046,0.33993735,-0.93272151,0.14530988,-0.93545588,-0.3221915,-0.98204473,-0.09677252,-0.16193591,,,
0.12040071,0.33993917,-0.93270841,0.14565889,-0.935424,-0.32212623,-0.98198121,-0.09707305,-0.16214082,-0.00598567,0.00229871,0.00310686
0.120385809,0.340089242,-0.932655635,0.145827201,-0.935355028,-0.322250415,-0.981958071,-0.0972121909,-0.162197704,-0.00369198155,0.00353956199,0.000978034222
0.12012076,0.34009559,-0.93268753,0.14622315,-0.93530453,-0.32221778,-0.98193168,-0.09767545,-0.16207937,0.00337755,0.00546098,0.001321
0.12011889,0.340247,-0.93263241,0.14659072,-0.93521523,-0.32230911,-0.98187698,-0.09799989,-0.16221386,0.00116634,0.0082556,-0.00342247
0.12020163,0.34019824,-0.93263965,0.14679234,-0.93521505,-0.32221859,-0.98183684,-0.09817316,-0.16235286,-0.01153198,0.00446331,0.00193629
0.12010175,0.34015559,-0.93266806,0.14754011,-0.93515123,-0.32206217,-0.98173696,-0.09892572,-0.16249987,-0.0045196,-0.00319546,0.00532717
0.12011481,0.340206092,-0.932647961,0.147687643,-0.935119363,-0.322087059,-0.981713178,-0.0990531596,-0.162565893,-0.013001834,0.000414967508,0.00541435834
0.12014089,0.34035615,-0.93258988,0.147931,-0.93504393,-0.32219456,-0.98167337,-0.0992502,-0.16268626,0.00910911,0.00397646,0.00905837
0.120388889,0.340553423,-0.932485833,0.148174171,-0.934959729,-0.322326856,-0.981606274,-0.0993657559,-0.163019935,0.00689767767,0.000362277002,0.0153612308
0.120582373,0.340601781,-0.932443133,0.148298306,-0.934937135,-0.322335073,-0.981563744,-0.0994118378,-0.163247491,-0.000531066209,-0.00118565548,0.00519541744
0.12066494,0.3405529,-0.93245032,0.14850005,-0.93493651,-0.3222441,-0.98152311,-0.09958538,-0.1633861,-0.00341216,-0.00111747,-0.00505744
0.120817102,0.34055207,-0.932430945,0.148600822,-0.934931957,-0.322210998,-0.981489163,-0.0996314171,-0.163562043,0.000321288011,-0.00429481221,-0.00352063961
0.120706216,0.340454862,-0.93248085,0.14867842,-0.934953872,-0.322111892,-0.981491098,-0.0997588623,-0.163473072,0.00806405209,0.000268459291,0.00553876022
0.12073455,0.34020806,-0.93256721,0.14881261,-0.93502633,-0.3218392,-0.98146723,-0.09992066,-0.16351719,0.00151834,-0.00335467,0.0062763
0.1204998,0.33981556,-0.93274074,0.14897552,-0.935137,-0.32144254,-0.98147144,-0.10022175,-0.16330812,-0.0015407,-0.00507611,0.00603862
0.120499802,0.339717187,-0.932776465,0.149078978,-0.935160089,-0.321326712,-0.981455633,-0.10033758,-0.163331206,-0.0125531955,2.49147397e-05,-0.00211019069
0.12017984,0.33972129,-0.93281628,0.14920113,-0.93513497,-0.32134334,-0.98147633,-0.10055826,-0.16307114,-0.00859387,0.01074695,-0.00882765
0.119888337,0.339625774,-0.9328886,0.149302491,-0.935147236,-0.321260729,-0.981496598,-0.100767173,-0.162820239,-0.0115005672,-0.000969767512,0.00672314456
0.11973608,0.33947901,-0.93296155,0.14935701,-0.93518673,-0.32112025,-0.98150687,-0.10089468,-0.16267914,-0.00144257,-0.0020265,0.01656692
0.119431509,0.339185277,-0.93310743,0.149466228,-0.935265794,-0.320839163,-0.981527368,-0.10114974,-0.162396961,0.00652327668,0.000392913789,0.00661885459
0.11947512,0.33868965,-0.9332818,0.14953602,-0.93543027,-0.32032635,-0.98151137,-0.10128824,-0.16240685,-0.00745997,0.00148725,0.00546848
0.119503411,0.338540862,-0.933332143,0.149567036,-0.935479089,-0.320169155,-0.981503187,-0.101334447,-0.162427373,-0.000949174399,0.00287246681,-0.00789805688
0.11937936,0.33834359,-0.93341964,0.14954927,-0.93554439,-0.3199872,-0.98152108,-0.10139235,-0.16228376,-0.00347586,0.00575519,-0.00810698
0.119351072,0.3383938,-0.93340497,0.149621864,-0.935518476,-0.32002846,-0.981513372,-0.10146208,-0.162286132,0.000563055975,0.00411426974,0.00403063884
0.11939242,0.33839395,-0.93339963,0.1496968,-0.93551215,-0.32001193,-0.98149692,-0.10151996,-0.16234945,-0.00158294,0.00247359,0.01124641
0.119738392,0.338589604,-0.933284439,0.149765885,-0.935450366,-0.320160733,-0.981444315,-0.101438627,-0.162718538,0.00482592639,0.000522971095,0.00617091358
0.119975581,0.338339407,-0.933344722,0.149752317,-0.935545983,-0.319887634,-0.981417428,-0.101391814,-0.162909843,-0.00153742707,0.000126361832,0.00567460945
0.11992118,0.33809186,-0.93344134,0.14973686,-0.93563031,-0.31964771,-0.98142637,-0.10143806,-0.16282665,,,
0.11960538,0.33734963,-0.93375032,0.14959044,-0.93588807,-0.31896075,-0.98148721,-0.10153073,-0.16240142,-0.00799113,-0.00188255,0.01552438
0.1189261,0.33710686,-0.93392475,0.14949698,-0.93595664,-0.31880335,-0.98158399,-0.10170491,-0.16170603,0.01424656,0.00674057,-0.01848713
0.11862097,0.3369603,-0.93401649,0.14945163,-0.93600068,-0.31869564,-0.98162786,-0.10178631,-0.16138856,0.00986364,-0.00372022,-0.0130463
0.11864917,0.33676201,-0.9340844,0.14953461,-0.93606066,-0.31848035,-0.9816118,-0.10189053,-0.16142035,0.00844774,-0.00168598,-0.0038007
0.11864917,0.33671267,-0.93410215,0.14958644,-0.93607202,-0.31842239,-0.98160387,-0.10194849,-0.16143171,0.00425326,-0.00782525,0.0060985
0.11871897,0.33666234,-0.93411135,0.14958887,-0.93609123,-0.31836428,-0.98159499,-0.10193685,-0.16149248,0.01106098,-0.00375581,0.00367758
0.11902393,0.33680903,-0.93401977,0.14963419,-0.93604755,-0.3184721,-0.98155125,-0.1018555,-0.16181015,-0.0056484,-0.00413161,0.00820596
0.11928739,0.33690612,-0.93395108,0.14965655,-0.93602132,-0.31853833,-0.98151581,-0.10177433,-0.1620756,0.01412303,0.00223088,-0.00424542
0.11950942,0.33690451,-0.93392334,0.14970759,-0.93602457,-0.3185052,-0.98148107,-0.10175105,-0.16230088,,,
0.119522609,0.337053657,-0.933867911,0.149751401,-0.935969775,-0.31864606,-0.981472853,-0.101762596,-0.162343898,0.0153926648,0.00258159614,0.000946883112
0.1202561,0.33739609,-0.93364999,0.15001571,-0.93585126,-0.31886925,-0.98134281,-0.1017162,-0.1631565,0.00549498,-0.00195515,0.00309318
