0,1,2,3,4,5,6,7,8,9,10,11
0.92295134,-0.20905246,0.32319947,-0.25306595,-0.9622383,0.1002765,0.29003181,-0.17434111,-0.9410032,0.13236474,0.04069072,-0.08778755
0.92460961,-0.2108124,0.31726205,-0.25570694,-0.96084118,0.1067631,0.28233143,-0.17984029,-0.94230919,0.13608536,-0.00384146,-0.07592647
0.92657035,-0.21168221,0.31089874,-0.25819903,-0.9590384,0.11652729,0.27349707,-0.18824449,-0.94327268,0.12816387,-0.06182235,-0.0746695
0.92756839,-0.21209818,0.30762191,-0.25957363,-0.95796087,0.12219707,0.26877203,-0.19319668,-0.9436293,0.12173654,-0.08249354,-0.07232539
0.92942954,-0.21318772,0.30118386,-0.26277301,-0.95542025,0.13461914,0.25905803,-0.204262,-0.94401578,0.12120698,-0.11334777,-0.06668371
0.93123043,-0.21458,0.29455955,-0.26637272,-0.95238927,0.14832558,0.24870762,-0.21658792,-0.94405213,0.12958093,-0.1314407,-0.05910563
0.93214984,-0.21538198,0.29104516,-0.2682218,-0.95072664,0.15548628,0.24321543,-0.22300116,-0.94398983,0.11655872,-0.13380146,-0.06167468
0.93385237,-0.21704466,0.28427342,-0.27190114,-0.94718579,0.17002614,0.23235647,-0.23607358,-0.94354638,0.0941278,-0.11752057,-0.05620353
0.93546569,-0.21822478,0.27799621,-0.27500466,-0.94352788,0.18473742,0.22198285,-0.24926577,-0.9426508,0.09630954,-0.09903252,-0.04644666
0.93627699,-0.21846832,0.27505812,-0.27617502,-0.941711,0.19211307,0.21705468,-0.25583523,-0.94203783,0.0998466,-0.03650403,-0.04275174
0.93802907,-0.21804409,0.26936635,-0.27748536,-0.93819525,0.20686103,0.20761342,-0.26878688,-0.94055846,0.09587154,-0.02455443,-0.03651485
0.94008338,-0.21570986,0.26403123,-0.27669324,-0.93516494,0.22114955,0.19920864,-0.28095468,-0.93881847,0.08288096,-0.02852923,-0.03546289
0.94118524,-0.21386871,0.26159228,-0.27551835,-0.93392878,0.22774236,0.1956016,-0.28642122,-0.93792474,0.07086673,-0.02099806,-0.03587478
0.94325068,-0.2094087,0.25773267,-0.27235916,-0.9318797,0.23962492,0.18999637,-0.29622223,-0.93603054,0.07009505,0.02369195,-0.0344733
0.94495495,-0.20448749,0.25543103,-0.26881795,-0.93024456,0.24976405,0.18653969,-0.30468022,-0.93400911,0.07615296,0.0817048,-0.03029855
0.94557107,-0.2021269,0.25502952,-0.26723194,-0.92952491,0.25410703,0.18569445,-0.3084283,-0.93294663,0.07283767,0.10979444,-0.03411911
0.94627705,-0.19794585,0.2556896,-0.26476293,-0.92825464,0.26123416,0.18563491,-0.31489703,-0.93079478,0.0659014,0.11774188,-0.04364834
0.9460967,-0.19503976,0.25857405,-0.26384158,-0.92715582,0.266026,0.18785278,-0.3199089,-0.92863866,0.068748,0.12494069,-0.05238317
0.94562025,-0.19445814,0.26074582,-0.26429993,-0.9266113,0.26746461,0.18959932,-0.32183505,-0.92761768,0.07779504,0.13997561,-0.05480277
0.94385902,-0.19559454,0.26621968,-0.26756713,-0.9252792,0.26882334,0.19374719,-0.32496297,-0.92566778,0.11337157,0.25356883,-0.06872157
0.94095764,-0.20091715,0.27245367,-0.2749306,-0.92313712,0.26875728,0.19751422,-0.32779508,-0.92387119,0.12448497,0.29267401,-0.0771033
0.93902805,-0.20541349,0.27573832,-0.28033421,-0.92172098,0.26803591,0.19909559,-0.32899212,-0.92310628,0.11931213,0.33502859,-0.0829142
0.92771037,-0.23586974,0.28934223,-0.31391201,-0.91237919,0.26272261,0.20202155,-0.3345585,-0.92046597,0.09869377,0.16000968,-0.01823067
0.92381177,-0.24654465,0.2928951,-0.32523821,-0.90899176,0.26067972,0.20197007,-0.33607967,-0.91992303,0.0872416,0.14599186,0.00402191
0.90252153,-0.29746007,0.31140388,-0.37834207,-0.89308392,0.24342988,0.20569917,-0.33751791,-0.91856912,-0.03786846,-0.10867631,0.06968455
0.89636148,-0.30767766,0.31917169,-0.38899053,-0.89120308,0.23333178,0.21265578,-0.33330438,-0.91852381,-0.01385862,0.02958626,0.07110015
0.89233339,-0.31138387,0.32677392,-0.39342544,-0.89142343,0.22490084,0.22126348,-0.32924771,-0.91795322,0.03157872,0.0756641,0.08807985
0.89085974,-0.31179248,0.33038511,-0.39435718,-0.89180357,0.22173865,0.22550229,-0.3278278,-0.91742948,0.05361377,0.04924589,0.10571162
0.88851508,-0.3113025,0.33709301,-0.39507752,-0.89265142,0.21699559,0.2333553,-0.32598172,-0.91612287,0.09335333,0.02585715,0.10834885
0.88711862,-0.3095578,0.34233687,-0.39442628,-0.8936598,0.21401024,0.23968411,-0.32487912,-0.91487999,0.09343352,0.04246217,0.10551637
0.88692284,-0.30789339,0.34433928,-0.39319434,-0.89444748,0.21298353,0.24241717,-0.32429221,-0.91436784,0.08931954,0.00383574,0.104573
0.88786589,-0.30189725,0.34720632,-0.3876956,-0.89725825,0.21123447,0.24776259,-0.32215824,-0.91368924,0.06150533,-0.14600748,0.09995929
0.89041461,-0.29194638,0.34918352,-0.37749337,-0.90230221,0.20820488,0.25428443,-0.31720314,-0.91363089,0.03796171,-0.20977205,0.08357056
0.8922602,-0.28532876,0.34994173,-0.3704642,-0.9056866,0.2061257,0.25812398,-0.31355864,-0.9138122,0.03294278,-0.21623981,0.07598219
0.89667258,-0.26940586,0.35128159,-0.35329722,-0.91363406,0.2011307,0.26675709,-0.3044552,-0.91441094,0.02922232,-0.23000884,0.06489392
0.90400267,-0.24049345,0.35347146,-0.3220204,-0.92686144,0.19295244,0.28121528,-0.28825455,-0.91532901,0.02353356,-0.28841311,0.07015605
0.90865734,-0.2195081,0.35518732,-0.29912158,-0.93572325,0.18694405,0.29132133,-0.27611227,-0.9159114,0.02817882,-0.31708068,0.07783868
0.91454344,-0.18829344,0.35798864,-0.2642905,-0.94816159,0.17646512,0.30620389,-0.25599801,-0.91689913,0.02255724,-0.3002106,0.05752619
0.91755848,-0.16873394,0.36002123,-0.24175153,-0.95564074,0.16824593,0.3156622,-0.24141117,-0.91764795,0.01642812,-0.26578009,0.04265969
0.9198891,-0.15023792,0.36226042,-0.21988964,-0.96244369,0.15921841,0.32473465,-0.2261206,-0.91837722,0.00261186,-0.21754861,0.04962529
0.92091673,-0.14115392,0.36330143,-0.20899129,-0.96562134,0.15458872,0.32899088,-0.21829018,-0.91875677,-0.00156329,-0.18588734,0.03994706
0.92273678,-0.12324602,0.36519481,-0.18725438,-0.9715104,0.14526961,0.33688667,-0.20242995,-0.91952673,0.0047252,-0.11357468,0.03637578
0.92399552,-0.10672838,0.36720747,-0.16676925,-0.97660077,0.13578978,0.34412249,-0.18670807,-0.92017375,0.02755431,-0.05473119,0.0215374
0.92433424,-0.09953505,0.36837342,-0.15760436,-0.97877457,0.13099943,0.34751557,-0.17914452,-0.92040199,0.03179328,-0.02408582,0.01219061
0.92461377,-0.08783993,0.37063935,-0.14208398,-0.98235279,0.1216358,0.3534141,-0.16512804,-0.92077757,0.04922996,0.10099727,0.02495155
0.92474005,-0.07890163,0.37233098,-0.12957999,-0.98510019,0.1130762,0.3578615,-0.15281274,-0.92118565,0.06442829,0.2671681,0.03073439
0.92479762,-0.07529932,0.37293345,-0.12426564,-0.98624142,0.10902009,0.35959337,-0.14716434,-0.92143082,0.07353373,0.33585268,0.02811113
0.92496426,-0.06997331,0.37355702,-0.11571449,-0.98808947,0.10143529,0.36201004,-0.13704999,-0.92204436,0.07996536,0.3924486,0.02514483
0.92535839,-0.06670595,0.37317849,-0.10965887,-0.98941343,0.09505908,0.36288676,-0.12888605,-0.92287692,0.0626291,0.38359636,0.02827205
0.92572201,-0.06542452,0.37250288,-0.10725101,-0.98990351,0.09267218,0.3626789,-0.12573999,-0.9233923,0.05280731,0.35555691,0.0290316
0.92685035,-0.06323605,0.37006705,-0.10333417,-0.99060889,0.08953275,0.36093001,-0.12122403,-0.92468065,0.03796532,0.25432748,0.02495232
0.92842105,-0.06176129,0.36636033,-0.10073883,-0.99099312,0.08822741,0.35761157,-0.1188189,-0.92628062,0.02343022,0.22775489,0.00150946
0.9293182,-0.06115408,0.36418106,-0.09969326,-0.99112197,0.08796611,0.35556844,-0.11805491,-0.92716432,0.0198613,0.21235257,-0.01078312
0.93132258,-0.05972822,0.35926425,-0.09722795,-0.99143327,0.08721726,0.35097719,-0.11615793,-0.92915144,0.02780112,0.26341957,-0.02244557
0.93320043,-0.05863464,0.35454043,-0.09568546,-0.9915249,0.08787712,0.34638307,-0.11593133,-0.93090194,0.03302123,-0.16309416,-0.04153961
0.93400011,-0.06001256,0.35219638,-0.0969652,-0.99137017,0.08822022,0.34386268,-0.11654849,-0.93175897,0.07121395,-0.13127065,-0.06166698
0.93494784,-0.06879129,0.34805213,-0.10543325,-0.99057496,0.08743417,0.33875707,-0.11844266,-0.9333888,0.04946072,0.12964839,-0.08477978
0.93431088,-0.08252486,0.3467749,-0.11896572,-0.98924404,0.08510926,0.33602134,-0.12077283,-0.93407911,0.02827043,0.11236376,-0.12267969
0.93346177,-0.08994154,0.34721696,-0.12608663,-0.98854881,0.08290326,0.33578455,-0.12116644,-0.93411294,0.01878895,0.08955413,-0.14027466
0.931434,-0.10270683,0.34911602,-0.13804431,-0.98736355,0.07782563,0.33671124,-0.12068292,-0.93384207,0.03127408,0.08193249,-0.15472534
0.93021515,-0.10959359,0.35026992,-0.14397352,-0.98684172,0.07358556,0.3375965,-0.11888,-0.93375368,0.02715311,0.21771699,-0.13742322
0.93020718,-0.10959656,0.35029017,-0.14363764,-0.98696087,0.07264052,0.33776151,-0.11788559,-0.93382028,0.02713254,0.19155985,-0.13264085
0.93156052,-0.10254521,0.34882586,-0.13620995,-0.98796283,0.07332298,0.33710807,-0.11581835,-0.93431485,0.01989214,0.0535726,-0.11996184
0.93439664,-0.08796582,0.34520273,-0.12179086,-0.98952463,0.07750986,0.33476842,-0.1144675,-0.93532192,0.01258592,-0.05696923,-0.10489461
0.93621802,-0.07849399,0.34254127,-0.11260798,-0.99034605,0.0808353,0.33288927,-0.11425234,-0.93601887,0.00123189,-0.11029661,-0.09504116
0.9403473,-0.05663948,0.33546822,-0.0917669,-0.99172394,0.08979098,0.32760616,-0.11521959,-0.93776255,-0.01034752,-0.22134787,-0.07791425
0.94467031,-0.03295743,0.32636148,-0.06944272,-0.99248249,0.10078033,0.32058652,-0.11786761,-0.93985741,-0.02887248,-0.30963266,-0.06309674
0.94669059,-0.02140383,0.3214324,-0.05859469,-0.99258677,0.10647927,0.31677053,-0.11963715,-0.9409267,-0.03314459,-0.33893317,-0.05202612
0.950350218,-0.000225612836,0.311182276,-0.0388232965,-0.992272499,0.11784687,0.308751051,-0.124076921,-0.943015141,-0.039053116,-0.36568439,-0.035585992
0.95336554,0.01745849,0.30131271,-0.02256551,-0.99140843,0.1288418,0.30097333,-0.12963261,-0.94478067,-0.02628467,-0.27640271,-0.02535842
0.95470509,0.0251374,0.29648998,-0.01568766,-0.99078707,0.13451683,0.29713986,-0.13307514,-0.9455151,-0.01598966,-0.23889947,-0.0210621
0.95720801,0.03952132,0.28668953,-0.00316017,-0.98914484,0.14690891,0.28938354,-0.14152837,-0.94669246,-0.01599896,-0.22007006,-0.00312159
0.95949608,0.0530249,0.2766869,0.00855188,-0.98715699,0.15952474,0.28159216,-0.15069717,-0.94762672,-0.03382816,-0.25010872,0.0019386
0.96198845,0.07147673,0.26357027,0.02519695,-0.98425423,0.17495188,0.27192521,-0.16166052,-0.94864219,-0.04941978,-0.20529222,-0.00266755
0.96298818,0.08285497,0.2564933,0.03587509,-0.98251555,0.182691,0.26714554,-0.16672755,-0.94912329,-0.01381049,-0.11026174,-0.00609979
0.963361152,0.0884168548,0.253214841,0.0411245445,-0.98163124,0.18630404,0.265035974,-0.169064731,-0.949301511,-0.000160004944,-0.0913782716,-0.0117090615
0.96402524,0.09885262,0.2467458,0.0509411,-0.97977718,0.19349885,0.26088376,-0.17396828,-0.9495656,0.01775808,-0.0027355,-0.00387362
0.96453964,0.10960795,0.24010283,0.06128056,-0.97783459,0.20020973,0.25672547,-0.17839658,-0.94987706,0.01529021,0.12569124,-0.00485964
0.964618494,0.115569769,0.236970015,0.0671367987,-0.976849829,0.203118167,0.254958447,-0.180022132,-0.950046395,-0.000254045706,0.136961401,-0.00891532004
0.96433292,0.12762827,0.23189018,0.07930109,-0.97513894,0.20691963,0.2525339,-0.18115027,-0.95047965,-0.01646252,0.20107967,-0.00527002
0.96344022,0.13916922,0.22894294,0.09129057,-0.97389389,0.20783802,0.25189079,-0.17933918,-0.95099338,-0.01392652,0.21265191,-0.00520459
0.96286885,0.14415768,0.22825889,0.09657693,-0.97347508,0.20740935,0.25210406,-0.17766346,-0.95125113,-0.02230182,0.17647177,-0.00293165
0.961806,0.1514311,0.22803032,0.10459301,-0.97313949,0.20508424,0.25296147,-0.17340087,-0.95181003,-0.03412152,0.14699906,-0.00237307
0.96092021,0.15557312,0.22897457,0.10972828,-0.97344608,0.20090407,0.25414967,-0.1679278,-0.95247478,-0.05881087,0.22335905,0.00686482
0.9604156,0.15739616,0.22984414,0.11216518,-0.97373835,0.19812324,0.25499186,-0.16450015,-0.95284788,-0.08178263,0.29192132,0.00408437
0.95908087,0.16094773,0.23293713,0.1169495,-0.9744466,0.19177251,0.25785014,-0.15668347,-0.95339586,-0.13637489,0.10790998,0.02285992
0.95765733,0.1620201,0.23799565,0.11954796,-0.97577324,0.18323406,0.2619174,-0.14702354,-0.95382557,-0.1227871,0.080818,0.01196424
0.95702421,0.16059853,0.24148035,0.11876531,-0.97667926,0.17886343,0.26457409,-0.14249714,-0.95377923,-0.08666879,0.0041396,0.0071058
0.95649349,0.1514267,0.24937955,0.11080558,-0.97925935,0.16962586,0.26989318,-0.13461338,-0.95343411,0.13108318,0.33307415,-0.00537013
0.95677982,0.1386715,0.25562195,0.09842447,-0.98152636,0.16406736,0.27365122,-0.13181688,-0.95275327,0.12563959,0.19973201,0.03553551
0.95719595,0.13269652,0.25723055,0.09233639,-0.98227535,0.16312405,0.27431718,-0.13238994,-0.95248271,0.12397355,0.23623341,0.04172644
0.95819875,0.1257341,0.25699434,0.08494764,-0.98277953,0.16409775,0.27320149,-0.13540719,-0.95237893,0.06566951,0.17009789,0.06806284
0.95894149,0.12758833,0.25328332,0.08660255,-0.98216738,0.16687375,0.27005781,-0.13808718,-0.95289051,-0.01347525,0.04557997,0.08575
0.9590205,0.13224546,0.25058097,0.09148387,-0.98155108,0.16789292,0.26816112,-0.13808864,-0.95342592,-0.05063457,-0.00248593,0.09188671
0.9556884,0.17096798,0.2396448,0.1337676,-0.97737772,0.16382642,0.26223255,-0.1245103,-0.95693853,-0.1736335,-0.15121919,0.09878399
0.95391118,0.18318092,0.2376935,0.147515,-0.97600579,0.16016192,0.26132887,-0.11771689,-0.95804477,-0.17431635,-0.14134508,0.0923144
0.94971597,0.20659073,0.23528674,0.17432376,-0.97307939,0.15075701,0.26009768,-0.10216027,-0.96016271,-0.18613295,-0.20004344,0.07087912
0.94529476,0.22607037,0.23518078,0.19732417,-0.97034461,0.13962301,0.25977102,-0.08557805,-0.96187083,-0.1603054,-0.23241192,0.05310386
0.94319639,0.23404544,0.23580354,0.20704711,-0.96914566,0.13374705,0.25983086,-0.0773273,-0.96255312,-0.14252144,-0.23861849,0.04460537
0.93915681,0.24745077,0.23822802,0.22373172,-0.96693888,0.12236441,0.26063114,-0.0616202,-0.96346982,-0.16491239,-0.26673442,0.0089076
0.93289953,0.26330222,0.24570386,0.24420836,-0.96393826,0.10575854,0.26468987,-0.03865915,-0.96355815,-0.17531072,-0.19999975,-0.0346906
0.93289953,0.26330222,0.24570386,0.24420836,-0.96393826,0.10575854,0.26468987,-0.03865915,-0.96355815,-0.17531072,-0.19999975,-0.0346906
0.93289953,0.26330222,0.24570386,0.24420836,-0.96393826,0.10575854,0.26468987,-0.03865915,-0.96355815,-0.17531072,-0.19999975,-0.0346906
0.92425815,0.26856947,0.27132511,0.25493533,-0.96321447,0.08500484,0.28417398,-0.00939606,-0.95872667,-0.13520424,-0.23284203,-0.04044376
0.92175903,0.26370477,0.28428874,0.2514645,-0.96460193,0.07942788,0.29517097,-0.00172484,-0.95544293,-0.1068859,-0.12953198,-0.0417815
0.91912424,0.25757855,0.29810053,0.24644421,-0.96624698,0.07504729,0.3073693,0.00448736,-0.95157976,-0.0593644,-0.0844872,-0.0389384
0.91780457,0.254064,0.30510037,0.24337248,-0.96716179,0.07326333,0.31369506,0.00701163,-0.94949769,-0.02745358,-0.0472554,-0.01417946
0.91537023,0.24633707,0.31845784,0.23618454,-0.96912806,0.07076559,0.3260586,0.0104381,-0.94529199,0.01893386,0.02983624,0.02456691
0.9135609,0.23719084,0.33037401,0.22721145,-0.97138985,0.06911344,0.33731504,0.01192543,-0.94131625,0.03301656,0.13214511,0.03266555
0.91290631,0.23180036,0.33596227,0.22188944,-0.97268533,0.06817604,0.34258886,0.01230815,-0.93940461,0.05810375,0.20304507,0.03530813
0.91191674,0.21968232,0.34662304,0.20967328,-0.97549853,0.06662927,0.35276758,0.01191725,-0.93563494,0.10859793,0.31021601,0.0427114
0.91147608,0.2064487,0.35579527,0.19585439,-0.97841082,0.06597914,0.36173527,0.00954566,-0.93223195,0.12224104,0.34799415,0.05527026
0.91147438,0.19977346,0.35959006,0.18868885,-0.97981228,0.0660626,0.36552834,0.00763627,-0.93076881,0.11547622,0.32701188,0.05864265
0.91183765,0.1864643,0.36576379,0.17409553,-0.98245773,0.06683678,0.37181021,0.00273356,-0.92830453,0.0842353,0.24560291,0.05028746
0.91290454,0.17321378,0.36959749,0.15941419,-0.98487978,0.06781649,0.37575582,-0.0029909,-0.92671396,0.09028093,0.34793979,0.04755381
0.91371157,0.16673207,0.37058277,0.15202974,-0.98598091,0.06876549,0.37685293,-0.00649222,-0.9262504,0.05845393,0.26963443,0.03316392
0.91581474,0.15380895,0.37097999,0.13681375,-0.98798544,0.07187716,0.37757826,-0.015071,-0.92585479,-0.00288383,0.10252827,0.01037341
0.91882202,0.14017857,0.36893908,0.12098441,-0.98983326,0.0747828,0.37567119,-0.0240762,-0.92644,0.08527631,0.3606227,0.01005289
0.920548,0.1331977,0.36721895,0.1125956,-0.99064733,0.07707197,0.37405028,-0.02960121,-0.9269359,0.03115453,0.05663198,-0.00782621
0.92491492,0.11238195,0.36318407,0.08837361,-0.9926967,0.08211577,0.36976003,-0.04385421,-0.92809158,0.12353542,-0.0268954,-0.01952955
0.92985889,0.08159245,0.35875495,0.05422802,-0.99484353,0.08570563,0.36389801,-0.06023957,-0.92948869,0.12770514,0.14357907,-0.05331031
0.9319396,0.06526175,0.35669242,0.03645875,-0.99555036,0.08689279,0.36077602,-0.06797427,-0.93017217,0.08524989,0.07030481,-0.08685513
0.93498625,0.03510119,0.3529428,0.00459618,-0.99620644,0.0868998,0.35465418,-0.07962793,-0.93160065,0.05374394,-0.06642759,-0.11883268
0.93695776,0.01127144,0.34926081,-0.01865492,-0.99644098,0.08220274,0.34894434,-0.08353593,-0.93341284,0.02470702,-0.0356614,-0.13345423
0.93770444,0.00279,0.3474228,-0.02604947,-0.99658867,0.07831147,0.34645608,-0.08248319,-0.93443295,0.01290035,0.00397164,-0.13735248
0.93916128,-0.00546191,0.34343305,-0.0309752,-0.99714634,0.06884714,0.34207694,-0.07529648,-0.93665043,-0.00155085,0.03467435,-0.13382497
0.94126796,-0.00129019,0.33765803,-0.0231884,-0.99787869,0.06082793,0.33686334,-0.06508513,-0.93930115,0.01222492,0.06580836,-0.11474969
0.9427728,0.00535633,0.33339278,-0.01505008,-0.99816821,0.05859551,0.33309598,-0.06025984,-0.94096522,0.00732407,0.0267337,-0.10501631
0.94660606,0.02564727,0.32137076,0.00703928,-0.99823706,0.0589308,0.32231568,-0.05352203,-0.94511779,-0.02125447,-0.04733825,-0.07937554
0.95086997,0.0502648,0.30548281,0.03179373,-0.99736916,0.06514557,0.30795365,-0.05223253,-0.9499665,-0.10979415,-0.18317753,-0.07801478
0.95284724,0.06193046,0.29706353,0.04309852,-0.9966479,0.06953585,0.30037417,-0.05345404,-0.95232231,-0.13938999,-0.21808171,-0.08240694
0.95613969,0.08148541,0.28134855,0.06141171,-0.99494463,0.07945771,0.28640091,-0.05869457,-0.95631021,-0.17998657,-0.24635381,-0.06405811
0.95861581,0.0956547,0.26815276,0.07393737,-0.99319596,0.08997232,0.27493452,-0.06642238,-0.95916581,-0.17878187,-0.21486771,-0.03187149
0.95956723,0.10113366,0.26268367,0.07846934,-0.99234056,0.09540914,0.27032072,-0.07093887,-0.96015338,-0.17602338,-0.21237093,-0.01656283
0.95956723,0.10113366,0.26268367,0.07846934,-0.99234056,0.09540914,0.27032072,-0.07093887,-0.96015338,-0.17602338,-0.21237093,-0.01656283
0.96226075,0.11682966,0.24577445,0.0895159,-0.98878471,0.11954761,0.25698473,-0.09303525,-0.96192683,-0.14919515,-0.19124913,0.01054027
0.9627841,0.11952758,0.24240447,0.09090554,-0.98785117,0.12604159,0.25452496,-0.09931493,-0.96195313,-0.14468947,-0.19714803,0.01052329
0.96427704,0.1239542,0.23410496,0.08962033,-0.98430496,0.15202547,0.24927489,-0.12561411,-0.96025149,-0.21390407,-0.12374806,0.0039603
0.96422796,0.12394261,0.23431319,0.08795808,-0.98347186,0.15826015,0.25005563,-0.13198913,-0.95919281,-0.23580267,-0.10926545,-0.00533043
0.96322728,0.12378952,0.23847297,0.0841225,-0.98186506,0.16989563,0.25517956,-0.14358717,-0.9561727,-0.21166752,-0.03027642,-0.03313681
0.96110494,0.12310969,0.24722722,0.07896851,-0.9802801,0.18114898,0.26465311,-0.15458002,-0.95187384,-0.14283991,0.02258831,-0.04573344
0.95975925,0.12233144,0.25277896,0.07562408,-0.97946781,0.18687795,0.27044996,-0.16024166,-0.94930448,-0.09299135,0.03186518,-0.05679572
0.956956189,0.119026426,0.264702789,0.0668629146,-0.977917466,0.19800748,0.282425578,-0.171785684,-0.943782629,0.000640219077,0.0709735751,-0.0501979478
0.95461062,0.11286317,0.27564553,0.05566868,-0.97672811,0.20713095,0.29260819,-0.18238458,-0.93867797,0.05743756,0.11983997,-0.04660999
0.95371814,0.10883106,0.28031676,0.04952696,-0.97632785,0.21054775,0.29659529,-0.18691997,-0.93653164,0.0677176,0.09013921,-0.04230172
0.95266032,0.09848267,0.2876447,0.03638066,-0.97621225,0.21374147,0.30185221,-0.19315831,-0.93358152,0.05713802,0.05416757,-0.02343012
0.95230398,0.07592062,0.29555571,0.01365603,-0.97818815,0.20727047,0.30484526,-0.19334838,-0.93256924,-0.0633627,-0.00215966,-0.00196695
0.9516039,0.05678859,0.30203486,-0.00324498,-0.98086781,0.19464655,0.30731005,-0.18620651,-0.93321335,-0.08983944,0.0497039,-0.0232475
0.94984961,0.03594299,0.31063456,-0.02083515,-0.98389074,0.17755344,0.31201222,-0.17512119,-0.93379936,-0.07716154,0.10382086,-0.03536455
0.94861197,0.02544673,0.31541686,-0.02952091,-0.98529805,0.16827414,0.31506165,-0.16893825,-0.93391431,-0.02741783,0.2764141,-0.0427082
0.94550709,0.00610778,0.3255442,-0.04573806,-0.98741875,0.15136682,0.32237301,-0.15800816,-0.93333207,-0.06110679,0.14403278,-0.03896549
0.94132918,-0.01415475,0.33719283,-0.06428813,-0.98834597,0.13798186,0.33131012,-0.15156385,-0.93126888,-0.00108203,0.01646239,-0.01884396
0.93892231,-0.02591887,0.34315173,-0.07570937,-0.98828636,0.13250684,0.33569776,-0.15039344,-0.9298864,0.10205385,0.30668741,-0.00628813
0.93393072,-0.04991498,0.35395187,-0.10093571,-0.98673125,0.12717634,0.3429073,-0.15450027,-0.92657683,0.1142527,0.2688002,0.02125675
0.92926776,-0.07178974,0.36236397,-0.12683814,-0.98330614,0.13046353,0.34694884,-0.16719712,-0.92286036,0.12291636,0.28521723,0.04145223
0.92739424,-0.0808689,0.36523986,-0.13872101,-0.98108618,0.13500642,0.3474139,-0.17587061,-0.9210719,0.10824233,0.23142463,0.04841114
0.92508434,-0.09356494,0.3680551,-0.15761619,-0.97635346,0.14795557,0.34550845,-0.19488283,-0.91795664,0.09729017,0.16011995,0.0684665
0.9252012,-0.09778008,0.36666305,-0.16769037,-0.9721209,0.16389234,0.34041544,-0.21311926,-0.91580419,0.06775279,0.02370924,0.09499563
0.92621682,-0.09662453,0.36439825,-0.16897102,-0.97046973,0.17215397,0.33700323,-0.22102465,-0.91519212,0.05900508,-0.02075219,0.10640953
0.92994095,-0.08848597,0.35690343,-0.16410387,-0.96846376,0.18747778,0.32905887,-0.2329125,-0.91513501,0.0364386,-0.13085365,0.10942677
0.93520762,-0.07434448,0.34620745,-0.15063437,-0.96836101,0.19896189,0.32046215,-0.23822142,-0.91681741,0.02035342,-0.23639137,0.10354778
0.93812597,-0.06575171,0.33999466,-0.14131378,-0.96902886,0.20251731,0.31614882,-0.23803268,-0.91836275,0.00683421,-0.29230726,0.09829114
0.94940189,-0.02841682,0.31277554,-0.09518288,-0.97509432,0.20032809,0.29929296,-0.21996275,-0.92846118,-0.11656018,-0.38416374,0.11006486
0.95161294,-0.01995252,0.30665076,-0.08349821,-0.97713491,0.1955373,0.29573779,-0.21168062,-0.93152021,-0.1240062,-0.35090405,0.09995946
0.95487609,-0.00657898,0.29693159,-0.06324396,-0.9813298,0.1816378,0.29019279,-0.19222072,-0.93746445,-0.14746803,-0.28108704,0.05676165
0.95656828,0.0017105,0.29150332,-0.04823747,-0.98526803,0.16407269,0.28748958,-0.17100811,-0.94239364,-0.16126129,-0.22176266,0.00640458
0.95686181,0.00430084,0.29051158,-0.04251167,-0.98705683,0.15463402,0.28741648,-0.16031352,-0.94429415,-0.15467338,-0.18965811,-0.01135539
0.95651387,0.0072733,0.29159614,-0.03401312,-0.99008796,0.13626804,0.28969694,-0.14026037,-0.94678548,-0.13420291,-0.06550145,-0.02661636
0.95504056,0.00859027,0.2963507,-0.02869087,-0.99221073,0.12122227,0.29508366,-0.12427474,-0.94735503,-0.11172371,-0.03076965,-0.03634537
0.95393135,0.00896202,0.29989108,-0.02701663,-0.99292698,0.11561077,0.29880609,-0.11838679,-0.94694204,-0.09640792,-0.00666451,-0.04561346
0.95120672,0.00979436,0.30839883,-0.02494608,-0.99378279,0.10850345,0.30754424,-0.11090255,-0.94504852,-0.06867307,-0.03433633,-0.05841311
0.94802403,0.01111627,0.31800449,-0.02396007,-0.99405843,0.10617756,0.31729536,-0.10827829,-0.94212493,-0.02396537,-0.01824015,-0.05144221
0.94645693,0.0118443,0.32261274,-0.02383257,-0.99403614,0.10641291,0.32194919,-0.10840392,-0.9405301,0.00587379,0.01400012,-0.040713
0.9436845,0.01312107,0.33058643,-0.02442017,-0.99372502,0.1091505,0.32994425,-0.11107661,-0.93744247,0.02896212,-0.01469934,-0.03280222
0.94177842,0.01306782,0.33598011,-0.02673703,-0.99316945,0.11357492,0.33516941,-0.11594551,-0.93499615,0.0692862,0.02326721,-0.01235329
0.94126545,0.01217196,0.33744806,-0.02872427,-0.9928413,0.11593484,0.33644356,-0.11881841,-0.93417757,0.10143624,0.09390122,0.00502047
0.94129966,0.00941627,0.33744076,-0.03351885,-0.9920636,0.12118518,0.33590389,-0.1253822,-0.93351349,0.1291723,0.16683716,0.04260658
0.94289189,0.00570966,0.33304995,-0.03873014,-0.9911921,0.12664077,0.33083961,-0.13230763,-0.93436585,0.09168883,0.13202494,0.06641588
0.94414694,0.00328203,0.32950838,-0.04157414,-0.99077376,0.12899168,0.32689163,-0.13548613,-0.93529957,0.08186308,0.12600797,0.08316249
0.94728229,-0.00291454,0.32038691,-0.04772264,-0.99008769,0.13209391,0.31682616,-0.14041993,-0.93803161,0.02396731,0.12521738,0.10115064
0.95072591,-0.01085888,0.30984241,-0.05453128,-0.98966284,0.13264055,0.30519924,-0.14300091,-0.94149025,0.01094514,0.20656019,0.10833579
0.95243933,-0.01526023,0.30434591,-0.05807049,-0.98953202,0.13211325,0.29914399,-0.14350337,-0.94335538,0.01438094,0.26313502,0.10285053
0.95580455,-0.02430472,0.29299648,-0.06467862,-0.9895449,0.1289077,0.28680016,-0.14216118,-0.94738351,0.01708701,0.36347491,0.07816532
0.9584963,-0.03450257,0.28300953,-0.07228046,-0.98962686,0.1241508,0.27579042,-0.13945415,-0.95104753,0.02236552,0.16396874,0.04635806
0.95955738,-0.04081748,0.27853827,-0.07708866,-0.98971153,0.1205345,0.27075261,-0.13713192,-0.95283158,0.0058162,0.1326409,0.03058911
0.96067846,-0.05577943,0.27200287,-0.08905852,-0.98975751,0.11157419,0.26299332,-0.13141109,-0.95580635,-0.04149766,-0.26334339,-0.02608102
0.96034704,-0.07433711,0.26871464,-0.1040697,-0.98971677,0.09813517,0.25865627,-0.12220887,-0.95820782,-0.04096891,-0.21610814,-0.08678624
0.95982028,-0.08336271,0.26794717,-0.11092929,-0.98979704,0.08942059,0.25775903,-0.11555088,-0.95927463,-0.04330798,-0.07929951,-0.11604822
0.95891869,-0.09443802,0.2675003,-0.11705129,-0.99066604,0.06985457,0.25840656,-0.09829611,-0.96102227,-0.07271817,-0.03296387,-0.17114002
0.9593453,-0.09153511,0.26697924,-0.10845074,-0.99287923,0.04928619,0.26056674,-0.07623658,-0.96244107,-0.06648733,0.1048705,-0.21180356
0.9602575,-0.08435779,0.26606258,-0.09845027,-0.99433536,0.040057,0.26117634,-0.06465897,-0.96312303,-0.07459861,0.1446963,-0.21680339
0.96297156,-0.05987387,0.26287048,-0.06923157,-0.99724922,0.02647256,0.26056239,-0.04369125,-0.9644678,-0.08524665,0.21347219,-0.2205978
0.96571051,-0.02603707,0.25831238,-0.03257613,-0.99924731,0.02106615,0.25756943,-0.02875862,-0.96583182,-0.11343743,0.19243461,-0.21778372
0.96670869,-0.00729674,0.25577542,-0.01324474,-0.99968011,0.02153997,0.25553647,-0.02421055,-0.96649609,-0.11267166,0.1685006,-0.20762414
0.96778006,0.03163595,0.24980173,0.02538161,-0.99927922,0.02821971,0.2505145,-0.0209701,-0.96788547,-0.11237677,0.11135882,-0.18387201
0.96770217,0.07091269,0.24191712,0.06280238,-0.99718012,0.04108318,0.24414824,-0.02456331,-0.96942686,-0.15694574,0.00187987,-0.14209248
0.9672551,0.09040328,0.2371599,0.08103502,-0.99550714,0.04897783,0.24052213,-0.0281558,-0.97023518,-0.18988639,-0.0678761,-0.1127304
0.96557167,0.12819724,0.22635549,0.1161944,-0.99105531,0.06563375,0.23274493,-0.03707284,-0.97183073,-0.24388163,-0.16278929,-0.06174612
0.96325687,0.161119,0.21488802,0.14684808,-0.98584457,0.08090674,0.22488183,-0.04637808,-0.97328157,-0.21923822,-0.14757431,-0.03022619
0.9621423,0.17465454,0.2092319,0.15942527,-0.98330695,0.08769806,0.22105605,-0.05102116,-0.97392556,-0.19575293,-0.13182819,-0.01764803
0.96059655,0.19504509,0.19801938,0.17819731,-0.97892268,0.09977985,0.21330724,-0.06056166,-0.97510626,-0.15977763,-0.10276461,-0.00585145
0.9601206,0.20786195,0.18698084,0.18974922,-0.97562389,0.11024106,0.20533792,-0.07036524,-0.97615824,-0.14099658,-0.06801224,-0.00820113
0.96022521,0.21229175,0.1813829,0.19364616,-0.97428803,0.1151676,0.20116836,-0.07546273,-0.97664541,-0.1254279,-0.05149519,-0.01708488
0.96103545,0.2178363,0.17017112,0.19832232,-0.97219812,0.12449409,0.19255941,-0.0858945,-0.97751865,-0.13248198,-0.11215127,-0.02084384
0.96343693,0.21845561,0.15513357,0.19813883,-0.97064679,0.13632786,0.18036154,-0.10060531,-0.97844149,-0.14250521,-0.1424126,-0.03186146
0.96491026,0.21736009,0.14731862,0.19682712,-0.97008288,0.1421194,0.17380238,-0.10813616,-0.97882528,-0.15371847,-0.11392272,-0.04258111
0.9656199,0.21785229,0.14184,0.19719849,-0.96937477,0.14637417,0.16938405,-0.11337118,-0.97900771,-0.12704216,-0.06507766,-0.03519903
0.96565872,0.21891003,0.13993438,0.19816642,-0.96889737,0.14821429,0.16802768,-0.11539413,-0.97900481,-0.12006123,-0.05162388,-0.03730808
0.96529776,0.2219881,0.13755552,0.2009777,-0.96781039,0.15149573,0.16675792,-0.11859289,-0.97883985,-0.13671957,-0.03136617,-0.04236805
0.96430214,0.2261568,0.13774795,0.20468881,-0.96662185,0.15409452,0.16799967,-0.12039821,-0.97840729,-0.14757387,0.02702433,-0.04966548
0.96357151,0.22865593,0.1387314,0.20687344,-0.96597165,0.1552483,0.16950906,-0.120893,-0.9780856,-0.16316676,0.04968625,-0.05411146
0.9616848,0.23424475,0.14244911,0.21153189,-0.96451674,0.15799306,0.17440359,-0.12180699,-0.97711132,-0.14902925,0.079171,-0.06787363
0.95879131,0.24103836,0.15039856,0.21635361,-0.962547,0.1633844,0.18414759,-0.12411227,-0.97503122,-0.10968533,0.11840922,-0.09093694
0.95759553,0.24209093,0.15621388,0.21568,-0.96182387,0.16845302,0.19103124,-0.12761765,-0.97325241,-0.10030576,0.07555884,-0.0967035
0.95744888,0.23898256,0.16179917,0.21057709,-0.96185798,0.17460252,0.19735482,-0.13310179,-0.97125409,-0.0834292,0.04384619,-0.10069643
0.95779542,0.23589651,0.16425822,0.20640072,-0.96210686,0.17818279,0.20006666,-0.13675965,-0.97019076,-0.05012004,0.04709345,-0.10753038
0.95918935,0.22754236,0.16786975,0.1958598,-0.96283561,0.18597334,0.20394782,-0.1455047,-0.96810806,0.01212183,0.11192459,-0.10971231
0.96233165,0.21284638,0.16915735,0.17799719,-0.9635387,0.19977498,0.20551105,-0.16214025,-0.96512985,-0.02553415,-0.00526994,-0.06553275
0.96703122,0.19223809,0.16701837,0.15443991,-0.96419443,0.21558535,0.20248194,-0.18268345,-0.96209534,0.05760273,0.17458111,-0.03110076
0.9680629,0.18775789,0.16613607,0.14949199,-0.964275,0.21869169,0.20126193,-0.1868713,-0.96154715,0.11088905,0.2721718,-0.01662064
0.97159864,0.17266791,0.16180814,0.13304329,-0.96407642,0.22990432,0.19569252,-0.20184724,-0.95966764,-0.01638071,-0.04669797,0.14303358
0.97225154,0.16985046,0.16086566,0.13008219,-0.96405143,0.23169637,0.19443653,-0.20434139,-0.95939501,-0.04307454,-0.07607776,0.17149243
0.97285561,0.16780121,0.15935718,0.12787022,-0.96374684,0.23418223,0.19287603,-0.20744846,-0.9590433,-0.07168175,-0.09000009,0.20289195
0.97233811,0.17203374,0.15799682,0.13209806,-0.96286577,0.23545662,0.1926362,-0.20807237,-0.95895641,-0.09908612,-0.1167708,0.23333398
0.96973804,0.18637126,0.15771455,0.14653683,-0.96098663,0.2345881,0.19528206,-0.20437802,-0.95921555,-0.11728907,-0.13545382,0.23778149
0.96723347,0.19653288,0.16073036,0.15676224,-0.96028279,0.23083041,0.19971235,-0.19807045,-0.95962659,-0.15663069,-0.15727228,0.23847416
0.96575083,0.2013589,0.16364573,0.16166568,-0.96026492,0.22749831,0.20295207,-0.19325078,-0.95992947,-0.1824064,-0.15757185,0.22925934
0.96202953,0.21150729,0.17252201,0.17214698,-0.96068373,0.21783409,0.21181263,-0.17986368,-0.96061645,-0.18439808,-0.1145367,0.19677207
0.95430502,0.2290572,0.19192381,0.19099733,-0.96145847,0.19778281,0.2298303,-0.1520882,-0.96127396,-0.20725113,-0.05580145,0.1422074
0.94745847,0.24228896,0.20885043,0.20554674,-0.96141035,0.18286817,0.2450979,-0.13033148,-0.9606981,-0.24986055,-0.02677137,0.10912694
0.93396437,0.26408514,0.24076878,0.22993068,-0.95982247,0.16085043,0.27357347,-0.09486844,-0.95716126,-0.24840127,0.03771573,0.06942299
0.9227632,0.27914166,0.26568405,0.24692212,-0.95759018,0.14849461,0.29586745,-0.0714221,-0.95255523,-0.22025695,0.07892066,0.04872708
0.91033637,0.29306751,0.29223129,0.26250855,-0.95475709,0.13974282,0.31996399,-0.05049976,-0.94608283,-0.15916359,0.13512403,0.03131977
0.89128778,0.30958036,0.33130969,0.27987097,-0.95046701,0.13522185,0.35676092,-0.02779762,-0.9337822,-0.07907029,0.11225802,0.01102788
0.87343206,0.32261245,0.36474324,0.29147552,-0.94640919,0.13910975,0.39007492,-0.01518918,-0.92065775,-0.05502113,0.04125065,0.00913606
0.86259978,0.33107827,0.38250335,0.29863228,-0.94355728,0.14324352,0.40833858,-0.00933399,-0.91278298,-0.04073884,-0.01300067,0.01764813
0.8536698,0.33744329,0.39671141,0.30379091,-0.94133308,0.14698171,0.42303545,-0.00495654,-0.90609985,-0.0113605,-0.06430238,0.03129947
0.85016878,0.3394502,0.40247555,0.30532579,-0.94061814,0.14836839,0.42893959,-0.00325199,-0.90332706,-0.00855568,-0.07727015,0.04036503
0.84151843,0.34437787,0.41623383,0.31060217,-0.93882216,0.14879176,0.44201018,0.00407213,-0.89700065,-0.01935402,-0.12200606,0.07032967
0.8388543,0.35071552,0.41631971,0.32068595,-0.93637993,0.14266481,0.43986816,0.01383289,-0.89795587,-0.02773496,-0.0492211,0.07122736
0.83892027,0.36104437,0.40725881,0.34491405,-0.93152301,0.11532168,0.42100721,0.04372359,-0.9060028,-0.13127939,-0.0227614,0.05851736
0.84097557,0.35910506,0.40472665,0.35032206,-0.93143431,0.09851209,0.41235246,0.05893841,-0.90911593,-0.1745159,0.03187352,0.01291246
0.84205401,0.35691481,0.40442165,0.35200254,-0.93172333,0.08936389,0.40870437,0.06710822,-0.91019629,-0.18824609,0.04516846,-0.00828562
0.84492444,0.34424078,0.40939094,0.35358881,-0.93375852,0.05540425,0.40134475,0.09794366,-0.91067507,-0.11669908,0.15177506,-0.0640357
0.8450233,0.34091144,0.41196484,0.35309181,-0.93430983,0.04890242,0.40157416,0.10413772,-0.90988662,-0.09780303,0.16170627,-0.07421219
0.84433238,0.33494486,0.4182281,0.35165314,-0.93531192,0.03913144,0.40428069,0.1140313,-0.90749853,-0.0944491,0.11678511,-0.08944171
0.84253342,0.32933496,0.42623456,0.34917391,-0.93646378,0.033361,0.41014022,0.12072224,-0.9039972,-0.10220222,0.0723663,-0.09644058
0.83768768,0.32050187,0.44221925,0.34277217,-0.93890115,0.03116917,0.42519002,0.12547044,-0.89636503,-0.08915381,0.00206381,-0.08770858
0.83254633,0.31536062,0.45542758,0.33815026,-0.94050986,0.03309864,0.43877216,0.12644681,-0.8896573,-0.08254571,-0.0301854,-0.08157478
0.82930455,0.31335645,0.46266799,0.33619845,-0.94114753,0.03480642,0.44634575,0.12668316,-0.88584786,-0.0776732,-0.04068571,-0.07234994
0.81092839,0.31018434,0.49616612,0.33276478,-0.94193577,0.04499565,0.48131356,0.12861835,-0.86706089,-0.11154095,-0.01280034,-0.06464165
0.80472284,0.31035011,0.5060671,0.33273575,-0.94177425,0.04845165,0.4916381,0.12939649,-0.86113178,-0.10150808,-0.00756699,-0.06457464
0.77315703,0.31409475,0.5509743,0.33588881,-0.93970024,0.06435895,0.53796551,0.13530653,-0.83203676,-0.11343154,-0.01103383,-0.06867248
0.76352042,0.31545973,0.56349062,0.3372986,-0.93889555,0.0685893,0.55069609,0.13769528,-0.82327003,-0.10518983,0.00462538,-0.07322618
0.71690885,0.32134558,0.61869115,0.34369498,-0.93500712,0.0873819,0.60656037,0.14999618,-0.78075976,-0.13501891,0.05877787,-0.08997828
0.7028877,0.32288289,0.63379454,0.34525502,-0.93390186,0.09287777,0.62189054,0.15353811,-0.76790507,-0.14443834,0.07451612,-0.09199101
0.67158796,0.32664415,0.66503624,0.34843726,-0.93136611,0.10558678,0.65388154,0.1608126,-0.73930924,-0.1348623,0.0599758,-0.10116713
0.61555604,0.33226562,0.71462598,0.35175665,-0.92727859,0.12814659,0.70523612,0.17249304,-0.68766856,-0.24690199,0.06200105,-0.18650979
0.56886075,0.33426048,0.75144348,0.35075798,-0.92502413,0.14594128,0.74388588,0.18055456,-0.64345439,-0.17696372,0.07948059,-0.17869227
0.48334284,0.33565916,0.80852489,0.34280133,-0.92238957,0.17800073,0.8055227,0.19112808,-0.56089469,-0.11889308,0.08256394,-0.20109794
0.41539763,0.33648829,0.84511565,0.33300968,-0.92082384,0.20294854,0.84649241,0.19712734,-0.49456193,-0.08311814,0.04451007,-0.21556497
0.3382404,0.33683471,0.87871256,0.31984959,-0.91930841,0.22927742,0.88503651,0.20350498,-0.41868364,-0.00801804,0.05312353,-0.19411218
0.208288134,0.33844913,0.917642679,0.29420446,-0.916448476,0.271229705,0.932769872,0.213480687,-0.290458448,0.102753237,0.000313520432,-0.128373951
0.06977026,0.34194029,0.93712801,0.26216749,-0.91268023,0.3135011,0.9624969,0.22381145,-0.15332353,0.151784,-0.10022688,-0.03397575
-0.02273734,0.34424602,0.93860399,0.23767034,-0.91006936,0.3395381,0.9710796,0.23079859,-0.06112429,0.12230095,-0.12729889,-0.02110862
-0.15716452,0.34771526,0.92433401,0.19536993,-0.90652087,0.37423309,0.96805467,0.23940325,0.07453986,0.10286348,-0.02014118,0.11600978
-0.24102977,0.35145604,0.90464534,0.16505881,-0.90370203,0.39506714,0.95637865,0.24454265,0.15980829,0.03633172,-0.06202924,0.17720684
-0.35270643,0.35945734,0.86393767,0.11679491,-0.89914109,0.42178648,0.9284163,0.2496704,0.27515033,-0.05384512,-0.07407457,0.20810097
-0.47601761,0.37018314,0.79772899,0.04717822,-0.8950365,0.44349035,0.8781693,0.24874469,0.40858868,-0.13864914,-0.04316545,0.1682094
