0,1,2,3,4,5,6,7,8,9,10,11
0.90907944,0.16805567,0.38122413,0.24555028,-0.95534092,-0.16440248,0.33657036,0.24306462,-0.90974688,0.00452112,-0.01549315,0.02684359
0.90640452,0.17568345,0.38414339,0.25394864,-0.95334952,-0.16320057,0.33755134,0.24547844,-0.90873488,0.00553906,-0.01063466,0.01741174
0.90493838,0.17965352,0.38576047,0.25834378,-0.95227969,-0.16254859,0.33814941,0.24675527,-0.90816681,-0.03355267,0.00266886,0.00419774
0.901517,0.18781519,0.38986219,0.26766044,-0.94991229,-0.16131962,0.34003671,0.24978308,-0.90663276,-0.02909395,-0.00497401,0.01676621
0.896595777,0.196462047,0.396886214,0.277873636,-0.947407234,-0.158762742,0.344822049,0.252630224,-0.904032943,0.079233855,0.000883102417,-0.0408891998
0.89415913,0.20138571,0.39990404,0.28325575,-0.94612503,-0.15688673,0.34676451,0.25355682,-0.90302999,0.0979431,-0.02041984,-0.03000449
0.89076315,0.21182365,0.40208425,0.29375355,-0.94343393,-0.15375685,0.34677061,0.25507462,-0.90260012,0.02611689,0.0014838,0.00535353
0.88559302,0.22286183,0.40750168,0.30560929,-0.94028032,-0.14992063,0.34975416,0.25730495,-0.90081435,0.03804805,0.03917849,0.05663751
0.88088101,0.22834226,0.41461843,0.31229912,-0.93860711,-0.14657971,0.35569354,0.25860426,-0.89811225,0.03476501,0.01967239,0.02064174
0.87237129,0.23829095,0.42683225,0.32431762,-0.93543889,-0.14061449,0.36576827,0.26109726,-0.89333199,-0.21005383,0.11647141,0.00542226
0.86434089,0.24906527,0.43689961,0.33740482,-0.93140522,-0.13653481,0.37292461,0.26542467,-0.88908742,-0.06437151,0.13874054,0.06391858
0.85959605,0.25501497,0.44278887,0.34444671,-0.92926667,-0.13349047,0.37742691,0.26726506,-0.88663302,-0.00485994,0.13008845,-0.04202571
0.84883593,0.26758596,0.45593343,0.3591339,-0.92475741,-0.12588153,0.38794378,0.27059393,-0.88106649,0.15239015,0.08580112,-0.18456794
0.83720157,0.28251382,0.46827286,0.37606135,-0.91906874,-0.1178576,0.39707857,0.27476989,-0.87568832,0.30341828,0.00305593,-0.20953906
0.83108833,0.29105615,0.47389715,0.38548392,-0.91568991,-0.11364073,0.40086699,0.27712522,-0.87321667,0.31564423,0.02203012,-0.25021917
0.81678255,0.31086293,0.48603551,0.40729177,-0.90734285,-0.10412733,0.40863149,0.28300764,-0.86771373,0.42568702,0.13619196,-0.28726399
0.79983117,0.3324411,0.49975297,0.43165562,-0.89712,-0.09407066,0.41706539,0.29096181,-0.86104462,0.5878498,0.17007661,-0.1529592
0.79102897,0.34397676,0.50591816,0.44453158,-0.89132815,-0.08902874,0.4203152,0.29532089,-0.85797494,0.54476535,0.1510725,-0.11545163
0.77296484,0.36970208,0.51560225,0.47243208,-0.87783612,-0.07881164,0.42347755,0.3045057,-0.85319556,0.56634051,0.17854524,0.04821138
0.75201535,0.40002729,0.52388081,0.50370743,-0.86140264,-0.06530341,0.42514911,0.31299181,-0.84928475,0.83799261,0.14482164,0.06089976
0.74093646,0.41647962,0.52683757,0.5201317,-0.85212239,-0.05787896,0.4248248,0.31690959,-0.84799276,0.98751462,0.10574508,-0.00687119
0.72048446,0.45128492,0.52653971,0.55385191,-0.83138209,-0.04529861,0.41731309,0.32426196,-0.8489429,1.15927553,0.07199121,-0.05093282
0.69205417,0.50792536,0.51290624,0.60760518,-0.79350987,-0.03402535,0.38971391,0.3351919,-0.85776986,1.54483819,-0.1168977,-0.16495031
0.66638483,0.54730281,0.50635051,0.64542054,-0.76344314,-0.02421994,0.37331425,0.34294885,-0.86198738,1.70019662,-0.42311835,-0.29771829
0.56499961,0.64555184,0.51384646,0.74551399,-0.66626498,0.01730788,0.35353111,0.37330082,-0.85770736,0.29726225,0.50230396,-0.29097399
0.51975496,0.67409432,0.52483484,0.78060435,-0.62435821,0.02887262,0.34714782,0.39468168,-0.85071424,0.81971967,0.76140416,-0.28369516
0.49437172,0.6854785,0.53452395,0.79544977,-0.60471188,0.03979069,0.35050862,0.40551555,-0.84421617,0.91392547,0.49622035,-0.39508444
0.44944314,0.70336822,0.55070317,0.81709485,-0.5728496,0.06480181,0.36104965,0.42085201,-0.83218187,0.76928884,0.06880534,-0.28524798
0.42412113,0.72236303,0.54618019,0.82844632,-0.55308214,0.08818457,0.36578387,0.41508008,-0.83301279,0.08684547,0.08547688,-0.09832959
0.41294208,0.73161394,0.54242036,0.83188884,-0.5454222,0.10234981,0.37072868,0.40896892,-0.83384924,-0.00505557,-0.01804477,-0.18560876
0.40060803,0.74009359,0.5401616,0.83399487,-0.5386709,0.11952351,0.37942802,0.40260999,-0.83303011,0.01041418,0.08507514,0.00726458
0.39645813,0.73650253,0.54807385,0.82487137,-0.54783798,0.13950154,0.40299893,0.39678392,-0.82471466,-0.04773987,-0.31905288,0.16022041
0.40109715,0.73184795,0.55092626,0.81676669,-0.5580236,0.14663581,0.4147449,0.39116297,-0.82157073,-0.17915833,-0.51174152,0.28278613
0.4268237,0.71315133,0.55609047,0.79346528,-0.59033417,0.14804774,0.43385973,0.37804824,-0.81782941,-0.28920633,-0.56439805,0.34930941
0.47752692,0.68033758,0.55597556,0.75928239,-0.63794844,0.12849935,0.44210667,0.36078055,-0.8212059,-0.27286255,-0.472031,0.16914847
0.57853153,0.607219,0.54459731,0.68442714,-0.72458638,0.08083059,0.44368981,0.32597419,-0.83479318,-0.07856852,-0.50398314,0.18730921
0.65235721,0.54433714,0.52737761,0.61864295,-0.78441713,0.04439171,0.4378481,0.29729919,-0.8484705,0.00172499,-0.58591235,0.2951034
0.76387754,0.42408987,0.4864554,0.48997904,-0.87168251,-0.00948126,0.42001382,0.24559549,-0.87365382,-0.27053353,-0.36132294,0.29649931
0.82717485,0.32727402,0.45680795,0.38496455,-0.92221441,-0.03637464,0.40937034,0.20594305,-0.88882147,-0.55796206,-0.11720031,0.1012551
0.85015517,0.2756104,0.44863694,0.32838854,-0.94358074,-0.04261923,0.41157886,0.18356019,-0.89269734,-0.61793077,-0.07428867,0.14722104
0.87582078,0.16761274,0.45259685,0.20956068,-0.97681534,-0.04377159,0.43476691,0.13318257,-0.8906402,-0.62031662,-0.09970504,0.22193006
0.88254542,0.05438336,0.46707177,0.0833086,-0.99565997,-0.04148462,0.46278858,0.07552316,-0.88324575,-0.44902879,-0.08996326,0.2547749
0.88262227,-0.0036888,0.47006841,0.01884239,-0.99888786,-0.04321799,0.4697051,0.04700238,-0.88157115,-0.35831267,0.0733943,0.22333148
0.88063692,-0.11653106,0.45923755,-0.10542883,-0.99317675,-0.04984658,0.46191274,-0.00452014,-0.88691385,-0.47733068,0.48572016,0.0361976
0.8760245,-0.21583864,0.43127107,-0.21561399,-0.97519315,-0.0500874,0.43138343,-0.0491103,-0.90083092,-0.90895474,0.49887407,-0.07890612
0.87170045,-0.25791344,0.41667611,-0.26113274,-0.96398679,-0.0503884,0.41466614,-0.06488419,-0.90765735,-0.96495384,0.2986722,0.02420673
0.8586459,-0.3299845,0.39222112,-0.33626067,-0.94017017,-0.05484869,0.3868539,-0.08479296,-0.91823406,-1.60237479,-0.09458947,-0.02521318
0.84761025,-0.3729308,0.37746455,-0.38074816,-0.92292899,-0.05685985,0.36957774,-0.09552394,-0.9242768,-1.44837642,-0.51575422,-0.15958977
0.84140458,-0.38289447,0.38135307,-0.38858657,-0.91908574,-0.06543627,0.37555135,-0.09313031,-0.9221106,-1.2351836,-0.26644874,-0.08108956
0.82974995,-0.37840878,0.41027038,-0.37702495,-0.92202197,-0.08790507,0.41154243,-0.08174296,-0.90771722,-0.73989666,0.05981457,-0.23363644
0.83477483,-0.34974886,0.42523724,-0.34087673,-0.93480724,-0.09969136,0.43238182,-0.06173365,-0.89957479,-0.43179029,0.12555373,0.05833398
0.84409932,-0.3278458,0.42427994,-0.31501579,-0.94354926,-0.10237119,0.43389098,-0.04724343,-0.8997259,-0.07062443,0.09583461,-0.01920967
0.86445088,-0.28972995,0.41082995,-0.26626549,-0.95705352,-0.11467913,0.42641221,-0.01025536,-0.90447084,0.78714132,1.14829898,1.00463855
0.86960201,-0.26580594,0.41610037,-0.24028878,-0.96402567,-0.11364612,0.43133933,-0.00115737,-0.90218883,0.95494676,0.82259238,0.85941696
0.8861206,-0.2489559,0.3909108,-0.22663791,-0.96851104,-0.10306187,0.40425926,0.00273004,-0.91464043,0.027144,-0.00489682,-0.09699232
0.9288163,-0.20434043,0.30910397,-0.18618711,-0.97861301,-0.08746771,0.32036641,0.02369026,-0.94699725,-0.86196208,-0.17724246,-0.62309134
0.9288163,-0.20434043,0.30910397,-0.18618711,-0.97861301,-0.08746771,0.32036641,0.02369026,-0.94699725,-0.86196208,-0.17724246,-0.62309134
0.9288163,-0.20434043,0.30910397,-0.18618711,-0.97861301,-0.08746771,0.32036641,0.02369026,-0.94699725,-0.86196208,-0.17724246,-0.62309134
0.98052965,-0.09578834,0.17142405,-0.07889308,-0.99156782,-0.10280716,0.17982628,0.0872813,-0.97981869,-1.87957978,-0.35117704,0.10525608
0.97172647,-0.0761178,0.22350336,-0.05156661,-0.9921752,-0.1137055,0.23040954,0.09896533,-0.96804804,-0.83959055,0.10924268,-0.02798617
0.96459276,-0.06609935,0.25532664,-0.03682231,-0.99235536,-0.11779229,0.26116074,0.10421987,-0.95965273,-0.16693094,0.20955634,0.04052877
0.95414481,-0.04524905,0.29590572,-0.00891457,-0.99236595,-0.12300481,0.29921263,0.11472652,-0.9472642,0.75947767,0.19953799,0.00839147
0.95702833,-0.0247547,0.28893592,0.01188742,-0.9921634,-0.12437814,0.28975067,0.1224681,-0.9492342,0.39313373,-0.06095093,-0.20501107
0.96138173,-0.0143765,0.27484264,0.02060386,-0.99207258,-0.12396439,0.27444606,0.12483991,-0.95346423,0.05296033,-0.20563656,-0.18255545
0.9704407,0.00492832,0.24128937,0.03636493,-0.99136255,-0.12600745,0.23858424,0.13105723,-0.96223779,-0.39329135,-0.05922467,0.10949519
0.97454297,0.02109889,0.22320583,0.05196646,-0.98970728,-0.13333798,0.21809515,0.14154281,-0.9656087,-0.56102812,0.10335779,0.44172966
0.97335447,0.02869444,0.22750321,0.06101404,-0.98878268,-0.13633092,0.22103929,0.1465792,-0.9641868,-0.49313211,0.07659614,0.36808896
0.96579258,0.04512148,0.25536001,0.082209,-0.98722557,-0.13648085,0.24593975,0.15280509,-0.95716452,0.00313765,-0.08398503,0.04771156
0.95309885,0.06089139,0.2964706,0.10504663,-0.98521271,-0.13535525,0.28384465,0.16015017,-0.94540153,-0.55310059,0.09492612,0.13660428
0.94587172,0.0694664,0.31701912,0.11737066,-0.98392568,-0.13459071,0.30257368,0.16451428,-0.9388208,-0.53680688,0.01376331,0.11233549
0.93788513,0.08959797,0.33517707,0.1425284,-0.9802952,-0.13677183,0.31631806,0.17604852,-0.93217453,0.35224479,0.02330422,-0.23850299
0.9335399,0.10967809,0.34128284,0.16583179,-0.97618036,-0.13989857,0.31780981,0.18719644,-0.92949142,0.10754121,0.01131701,-0.14109725
0.931373116,0.120217973,0.34364481,0.177661455,-0.973968956,-0.140786427,0.317774328,0.192177131,-0.9284866,0.0134396069,-0.000808477402,0.088268213
0.91308884,0.16734839,0.37183771,0.23349763,-0.96217566,-0.14034486,0.33428674,0.21497055,-0.9176273,0.09072177,0.070943,-0.11468131
0.90674131,0.17924837,0.38169385,0.24829605,-0.95855849,-0.13969361,0.3408361,0.22143905,-0.91367123,0.14874971,0.08280885,-0.17718311
0.89305205,0.20403597,0.40103287,0.27905121,-0.95032124,-0.13791271,0.35297091,0.23507193,-0.90562281,0.20134747,0.17609382,-0.16749288
0.87560868,0.23080382,0.42431007,0.31233707,-0.94063144,-0.13288326,0.36844945,0.2488815,-0.89571364,0.35368657,0.22222686,-0.07809164
0.86537542,0.24512723,0.43707896,0.32979922,-0.93527272,-0.12844204,0.37730339,0.25529888,-0.89020479,0.42246109,0.18984389,-0.01204483
0.84301274,0.27633621,0.46148435,0.36671904,-0.92291192,-0.11726248,0.39350559,0.26808887,-0.87936424,0.55344486,0.12564325,-0.0920891
0.81801079,0.31112504,0.48379703,0.40665708,-0.90765612,-0.10387691,0.40680263,0.28171192,-0.8689937,0.82074809,0.10168087,-0.2146278
0.8056179,0.33013147,0.49192782,0.42739752,-0.89887674,-0.09670432,0.41025739,0.28815547,-0.86524855,0.92553592,0.05182445,-0.2206063
0.78293444,0.37137535,0.49909318,0.47067285,-0.87821641,-0.08487002,0.40679321,0.30135727,-0.86238217,0.97078061,0.00943577,-0.08868116
0.76126973,0.41616412,0.49726836,0.51620092,-0.8530596,-0.07632767,0.39243472,0.31479633,-0.86423275,0.96884179,-0.02875614,-0.00960478
0.74969767,0.43931409,0.49493081,0.53981949,-0.83857906,-0.07334711,0.38281626,0.32216147,-0.86583105,1.08740997,-0.02885699,0.07953927
0.71887057,0.48584863,0.49716814,0.58906602,-0.80549938,-0.06458855,0.36908844,0.33929569,-0.8652467,1.49685609,0.02936816,0.00441855
0.66766301,0.53178359,0.52099172,0.64096088,-0.76658522,-0.0389421,0.37867573,0.35993549,-0.85267309,1.79844928,-0.16066444,0.13073021
0.63146989,0.55446608,0.54204532,0.66651525,-0.74535922,-0.01403553,0.39623627,0.3701445,-0.84023201,1.69356215,-0.3711518,-0.11755568
0.55453812,0.60072706,0.57585973,0.71520785,-0.69781055,0.03921742,0.42540001,0.39011186,-0.81660724,0.87171251,0.03986895,-0.55322611
0.50380509,0.63665046,0.58382924,0.75950779,-0.64844011,0.05170323,0.41149522,0.41737452,-0.8102284,0.94335693,1.09826255,-0.34600428
0.47405392,0.65253429,0.59116142,0.7799314,-0.62278511,0.06201216,0.40863165,0.43166828,-0.80416567,1.47330952,0.81800413,-0.55814272
0.415556389,0.679010936,0.605191615,0.812362492,-0.576346138,0.0888364785,0.409120916,0.45471847,-0.791107291,0.985876381,0.000774502754,-0.368622214
0.378722,0.70569943,0.59879697,0.82910162,-0.54621176,0.11934344,0.41129066,0.45126562,-0.79195891,0.17402822,-0.13036579,0.00525837
0.36594688,0.71842161,0.59156847,0.8321727,-0.53717762,0.13758178,0.41661908,0.44193952,-0.79442932,-0.17753094,0.05008423,0.03416318
0.36180952,0.73466637,0.5738982,0.83236969,-0.53180605,0.1560221,0.41982676,0.42124521,-0.8039265,-0.23719138,0.27983272,-0.15678741
0.38053901,0.7311368,0.56624111,0.81717701,-0.55249917,0.16421414,0.43291078,0.40022935,-0.80771566,-0.44330093,-0.08734328,0.1469163
0.40984404,0.71304552,0.5688532,0.79477951,-0.58518222,0.16089545,0.44760854,0.38617082,-0.80654742,-0.48987475,-0.3616491,0.33662406
0.45209471,0.68359077,0.57298692,0.75957265,-0.63181556,0.15446171,0.46761067,0.36539388,-0.80487733,-0.53488052,-0.5173769,0.30872205
0.47806573,0.66349074,0.57552853,0.73636539,-0.65994164,0.14913987,0.47876828,0.35250068,-0.80406706,-0.53691328,-0.54748547,0.25964355
0.47806573,0.66349074,0.57552853,0.73636539,-0.65994164,0.14913987,0.47876828,0.35250068,-0.80406706,-0.53691328,-0.54748547,0.25964355
0.60083383,0.5448368,0.58493722,0.60655872,-0.78734645,0.11032695,0.52065845,0.28851061,-0.80353989,-0.1504135,-0.76902092,0.29765061
0.70422281,0.41989012,0.57250545,0.47901612,-0.87618089,0.0533893,0.52403603,0.23664138,-0.81816069,-0.0279085,-0.58101296,0.31985044
0.77783903,0.32169235,0.53988932,0.37743469,-0.92600185,0.00797253,0.50250322,0.19757162,-0.84169823,-0.2311386,-0.31615084,0.09370241
0.80843206,0.26920891,0.52341584,0.32178893,-0.94675784,-0.01006623,0.49283817,0.1765673,-0.85201783,-0.33199444,-0.17062742,0.0104745
0.8447303,0.16149768,0.51024425,0.20433265,-0.97848411,-0.02858054,0.49465025,0.12840241,-0.85955442,-0.50313431,0.02010846,-0.12494405
0.85847349,0.05222419,0.51019202,0.08151661,-0.99604996,-0.03520623,0.50633814,0.07181274,-0.85933961,-0.70058548,0.13038564,0.11742878
0.860435,-0.00304398,0.50955112,0.01952358,-0.99905093,-0.03893596,0.50918606,0.04345012,-0.85955895,-0.80980265,0.17394435,0.19664502
0.85682217,-0.10911345,0.50393454,-0.09854996,-0.99399013,-0.04766074,0.50610638,-0.00882595,-0.86242591,-0.98616576,0.14594257,0.05377963
0.84213669,-0.20347149,0.49940474,-0.20103584,-0.97778261,-0.05937326,0.50039018,-0.05039787,-0.86433164,-1.03702497,0.18615592,-0.09638271
0.829872,-0.24582225,0.50088313,-0.24518542,-0.96706146,-0.06838458,0.50119517,-0.06605879,-0.86280927,-0.99519873,0.21025646,-0.06111515
0.80052839,-0.32217635,0.50532828,-0.32220711,-0.94234596,-0.09036835,0.50530867,-0.09047795,-0.85818218,-1.06504667,0.24785054,-0.16078812
0.77537953,-0.37466885,0.50834024,-0.37669404,-0.9204959,-0.10386813,0.50684134,-0.11095153,-0.85486918,-0.82132196,0.09406173,-0.13445729
0.76738307,-0.39008809,0.5088757,-0.39155141,-0.91357443,-0.10985912,0.50775062,-0.11494698,-0.85380107,-0.73549259,0.06368876,0.02890912
0.76585924,-0.3953662,0.50709484,-0.39331621,-0.91193044,-0.11698332,0.50868651,-0.10985587,-0.85391428,-0.59947777,-0.13592386,-0.03912294
0.7817631,-0.37369969,0.49919436,-0.36538327,-0.92322895,-0.11892603,0.5053133,-0.08942529,-0.85828994,-0.80323458,-0.08035254,0.11436492
0.79508748,-0.35382651,0.49258777,-0.34170361,-0.9323498,-0.1181633,0.5010734,-0.07436886,-0.86220345,-0.69497323,0.0266434,-0.00095248
0.82808918,-0.3068616,0.46915272,-0.28726542,-0.95093024,-0.1149361,0.48140098,-0.03959401,-0.87560577,0.1606589,0.05906534,-0.50009149
0.84397158,-0.28756571,0.45278906,-0.25953045,-0.95767976,-0.124472,0.46942083,-0.01246172,-0.88288655,0.25577202,1.01817536,0.93021566
0.84810316,-0.28008557,0.44974785,-0.25236496,-0.959922,-0.12190993,0.46586799,-0.01010839,-0.88479669,0.38694429,1.05637264,0.04088128
0.86184491,-0.25734289,0.43703314,-0.22724899,-0.96630788,-0.12085835,0.45341066,0.00484581,-0.89128843,-0.06146124,0.46450233,0.85769904
0.89407678,-0.22236201,0.38882109,-0.19563548,-0.97475626,-0.10759609,0.40293109,0.02013196,-0.91500883,-0.48592001,-0.297885,0.19569585
0.91088874,-0.20297094,0.35928334,-0.17731266,-0.97871131,-0.10336642,0.372615,0.03044983,-0.92748643,-0.77777517,-0.18705732,-0.18084842
0.94045262,-0.15947744,0.30019294,-0.13531951,-0.98576716,-0.0997561,0.31182926,0.05319392,-0.9486477,-1.31761396,-0.32414585,-0.795322
0.9492062,-0.12610459,0.28827976,-0.09817983,-0.98913577,-0.10941334,0.29894533,0.07555257,-0.95127474,-1.55241501,-0.21682209,-0.31026173
0.94629568,-0.11421232,0.30245668,-0.08325576,-0.99005743,-0.11337884,0.31239874,0.08210864,-0.9463959,-1.54212654,-0.24030614,-0.17206419
0.93117319,-0.0983656,0.3510565,-0.05838581,-0.99072071,-0.12273114,0.35987158,0.09378722,-0.9282757,-0.71702135,0.05760491,0.05004472
0.91240572,-0.08200191,0.40098814,-0.03215085,-0.99105617,-0.12951473,0.40802221,0.10527787,-0.90688175,0.13074455,0.19873393,0.30645788
0.91240572,-0.08200191,0.40098814,-0.03215085,-0.99105617,-0.12951473,0.40802221,0.10527787,-0.90688175,0.13074455,0.19873393,0.30645788
0.91240572,-0.08200191,0.40098814,-0.03215085,-0.99105617,-0.12951473,0.40802221,0.10527787,-0.90688175,0.13074455,0.19873393,0.30645788
0.90321691,-0.04216193,0.42710839,0.01502506,-0.99144668,-0.12964436,0.42892127,0.12351431,-0.89485792,-0.08695342,-0.00333685,-0.18689799
0.90321691,-0.04216193,0.42710839,0.01502506,-0.99144668,-0.12964436,0.42892127,0.12351431,-0.89485792,-0.08695342,-0.00333685,-0.18689799
0.90321691,-0.04216193,0.42710839,0.01502506,-0.99144668,-0.12964436,0.42892127,0.12351431,-0.89485792,-0.08695342,-0.00333685,-0.18689799
0.90321691,-0.04216193,0.42710839,0.01502506,-0.99144668,-0.12964436,0.42892127,0.12351431,-0.89485792,-0.08695342,-0.00333685,-0.18689799
0.90321691,-0.04216193,0.42710839,0.01502506,-0.99144668,-0.12964436,0.42892127,0.12351431,-0.89485792,-0.08695342,-0.00333685,-0.18689799
0.86904885,0.0146176,0.49451026,0.08996235,-0.98756734,-0.12890693,0.486478,0.15651373,-0.85955926,0.5711478,0.02668905,-0.07913072
0.85939439,0.03459642,0.51014151,0.11506972,-0.98520088,-0.12703503,0.49819698,0.16787504,-0.85065708,0.28503931,0.05337369,0.06102628
0.85569272,0.04492989,0.51553008,0.12736241,-0.98386474,-0.12565348,0.50156632,0.17317993,-0.84760826,0.11085553,0.0112617,-0.11389091
0.84825105,0.0641533,0.5256943,0.15050827,-0.98090808,-0.12315197,0.50775723,0.18358513,-0.8417119,0.11332583,-0.0118342,-0.00357253
0.83284071,0.09581802,0.54515613,0.18891717,-0.97496798,-0.1172478,0.52027551,0.20063811,-0.83009463,0.22595033,-0.03068632,0.03757579
0.82355796,0.11999594,0.55439448,0.21642533,-0.96990298,-0.11157104,0.52432084,0.21187023,-0.82474147,0.17800954,0.03784025,-0.06673991
0.82355796,0.11999594,0.55439448,0.21642533,-0.96990298,-0.11157104,0.52432084,0.21187023,-0.82474147,0.17800954,0.03784025,-0.06673991
0.80806164,0.15813301,0.56747715,0.2600187,-0.96012578,-0.10270641,0.52860821,0.23054779,-0.81695834,0.28214812,-0.00429887,-0.15769559
0.79619519,0.18599969,0.57574068,0.29135496,-0.95184494,-0.09541195,0.53026928,0.24371144,-0.81204628,0.28695387,0.11667085,-0.19582774
0.78341313,0.21644778,0.58259264,0.32559124,-0.94139987,-0.08806922,0.52939037,0.25868166,-0.80797848,0.43036103,0.19599915,-0.29621419
0.77580473,0.23183273,0.58683949,0.34319829,-0.93548632,-0.08414307,0.52947327,0.26668091,-0.80531928,0.53486168,0.17398715,-0.26872748
0.7600257,0.26433798,0.59370561,0.37956771,-0.92209008,-0.07535344,0.52753131,0.28262204,-0.80114631,0.62928522,0.06050634,-0.18929267
0.74583617,0.3011295,0.59417962,0.41903313,-0.90548923,-0.06708499,0.51782201,0.29901536,-0.80152984,0.55666369,0.01534986,0.11318183
0.72224766,0.3614668,0.58966095,0.48381782,-0.87329275,-0.05727003,0.49424548,0.32665163,-0.80561771,0.62929177,0.16361022,0.22488977
0.70330506,0.40382318,0.58505458,0.52865862,-0.8473214,-0.05066246,0.47527054,0.3449253,-0.80941005,0.74543869,0.24316669,0.16009685
0.69076391,0.42526056,0.58480647,0.55166607,-0.83279389,-0.04602632,0.46745021,0.35441125,-0.80986574,1.10303271,0.30244124,-0.08429495
0.6492248,0.46843409,0.59923004,0.60038876,-0.79929678,-0.02564853,0.46694804,0.37642266,-0.80016584,1.83229375,0.00967383,0.30222005
0.5780663,0.51481033,0.63309536,0.6483347,-0.76088576,0.02674372,0.49548111,0.39499802,-0.77361185,1.6710844,-0.60317314,-0.18050444
0.54149712,0.53711693,0.64675045,0.67142203,-0.7392627,0.0517937,0.50593793,0.40619643,-0.76094069,1.52904367,-0.51388717,-0.28947616
0.49298263,0.57464176,0.65326477,0.71415597,-0.69612618,0.07341104,0.4969399,0.43034263,-0.7535619,0.95019907,0.42024434,-0.31003159
0.46147989,0.60394263,0.64983816,0.75320826,-0.65375306,0.07269327,0.46873623,0.45591698,-0.75658848,1.14539838,0.98765993,-0.38842094
0.44067768,0.61919629,0.64992239,0.77081387,-0.63207477,0.07954476,0.46005339,0.46591561,-0.75582632,1.1165477,0.62819111,-0.51848519
0.40446307,0.64988408,0.64347525,0.79906428,-0.59336696,0.09701638,0.44486627,0.4749385,-0.75929421,0.66888952,-0.12818944,-0.23249012
0.37309082,0.678575,0.63272357,0.81080483,-0.56996551,0.13317131,0.45099742,0.46333037,-0.76284075,-0.01115835,-0.05246937,0.17765206
0.36469839,0.69101799,0.62409073,0.81112191,-0.56491446,0.1515023,0.45724868,0.45096101,-0.76652323,-0.28446412,0.12442648,0.19613633
0.37709019,0.70925871,0.59561321,0.80859736,-0.56570362,0.16170904,0.45163407,0.42063236,-0.78682602,-0.54611564,0.29463243,-0.21696499
0.39836432,0.71254398,0.57756983,0.79820965,-0.57951289,0.16439609,0.45184864,0.39553229,-0.79961673,-0.61598963,0.12228596,-0.19718996
0.40490988,0.70870697,0.57773898,0.7881582,-0.59083649,0.17239101,0.46352406,0.38554693,-0.79780872,-0.61087459,-0.07266676,-0.09394774
0.4185621,0.69224995,0.5878739,0.76071635,-0.62082754,0.18942984,0.49610115,0.36791716,-0.78646072,-0.57888401,-0.3763594,0.08313034
0.4636382,0.65270847,0.59917552,0.70747587,-0.6798359,0.19313501,0.53340185,0.33435744,-0.7769734,-0.2875092,-0.85754633,0.32956746
0.51655332,0.61433456,0.59646101,0.65923596,-0.72987048,0.18082339,0.54642532,0.29980362,-0.78200847,-0.39525709,-1.03753328,0.17258365
0.5805656,0.55201657,0.59851583,0.59512022,-0.78936705,0.15076873,0.55567564,0.26865778,-0.78679554,-0.3824397,-0.75611526,0.19863808
0.61408085,0.51308938,0.59970328,0.55768406,-0.81976085,0.1303102,0.55847401,0.25442395,-0.78954122,-0.37821856,-0.60713559,0.22336967
0.67982786,0.42711074,0.59616312,0.47373416,-0.87630088,0.08759325,0.55983033,0.22287452,-0.79807069,-0.38220787,-0.53999645,0.20087357
0.67982786,0.42711074,0.59616312,0.47373416,-0.87630088,0.08759325,0.55983033,0.22287452,-0.79807069,-0.38220787,-0.53999645,0.20087357
0.76130454,0.27998765,0.58482673,0.32368915,-0.94564349,0.03136397,0.56181912,0.16542454,-0.81055164,-0.37753156,-0.48035336,0.10741325
0.78972859,0.16973817,0.58950635,0.20730466,-0.97826853,0.00396107,0.57736779,0.11907924,-0.80775416,-0.18176165,-0.25935972,0.24512243
0.79979572,0.05753627,0.59750843,0.08637121,-0.99606802,-0.01969724,0.59402589,0.06736131,-0.80162036,-0.27661753,0.14908838,0.0333656
0.80446472,0.00196579,0.59399717,0.02524923,-0.99920381,-0.03088885,0.59346354,0.03984696,-0.80387384,-0.47079611,0.36306095,-0.05351743
0.81426449,-0.10792634,0.57037289,-0.095287,-0.99408702,-0.05207007,0.57262005,-0.01195031,-0.81973373,-0.90690744,0.51214516,0.08486223
0.81388433,-0.20635863,0.54314674,-0.20350145,-0.97683445,-0.06619134,0.54422369,-0.05665906,-0.83702451,-1.17511165,0.35005486,-0.07742822
0.80822706,-0.24794436,0.53412793,-0.24860434,-0.9659107,-0.07219867,0.53382107,-0.07443359,-0.84231523,-1.01199508,0.18704915,-0.02351549
0.78708673,-0.3225358,0.52579949,-0.32628752,-0.9410855,-0.0888499,0.52347961,-0.10162925,-0.8459553,-0.96221805,0.44093275,-0.13321456
0.7734664,-0.36900532,0.51534918,-0.37648845,-0.92155739,-0.09480647,0.50990798,-0.12069341,-0.85171991,-0.86602646,-0.02694106,-0.28493875
0.76866858,-0.3807545,0.5139792,-0.38727409,-0.91654735,-0.09979805,0.50908485,-0.12233921,-0.8519775,-0.75528538,-0.10639918,-0.15629414
0.77282565,-0.37596208,0.51126603,-0.3787596,-0.91966129,-0.10374787,0.50919702,-0.11346794,-0.85313703,-0.53317571,-0.10388374,-0.09768638
0.7930791,-0.34348312,0.50303563,-0.33911672,-0.93500099,-0.10379133,0.50598948,-0.08827308,-0.85801059,-0.17221572,0.03344822,-0.04694209
0.81027884,-0.32097117,0.49033222,-0.31281492,-0.94439944,-0.1012736,0.49557543,-0.07132339,-0.86563145,0.23702277,0.08979344,-0.57648444
0.82290654,-0.3016078,0.48151588,-0.27979071,-0.9527085,-0.11858952,0.49451184,-0.03713558,-0.8683771,0.47500882,1.90138721,1.52622366
0.82409285,-0.28640026,0.48871856,-0.2651168,-0.95744864,-0.11403851,0.50058368,-0.03558919,-0.86495607,-0.14356601,0.3295387,0.53062207
0.83312422,-0.27655789,0.47897783,-0.25533343,-0.96052064,-0.1104751,0.4906209,-0.03025958,-0.87084747,-0.53686684,0.14064693,0.26974285
0.86785988,-0.23551897,0.43743574,-0.21632553,-0.97178237,-0.094032,0.44723872,-0.01302193,-0.89431968,-0.92934585,-0.17122525,-0.22907278
0.903091,-0.18910256,0.3855734,-0.16717383,-0.98181358,-0.08997068,0.39557494,0.01679392,-0.91827999,-0.7802099,-0.48887724,-0.4967519
0.91364032,-0.17143241,0.36860855,-0.14627671,-0.98463552,-0.09536998,0.37929469,0.033215,-0.92467927,-0.64552212,-0.44454634,-0.40618142
0.92573283,-0.14816083,0.34794699,-0.11952229,-0.98752569,-0.10250673,0.35879404,0.05330643,-0.93189347,-1.19931865,-0.1748839,0.07506651
0.91958824,-0.1346034,0.36910618,-0.10143611,-0.9889694,-0.1079343,0.37956313,0.06181442,-0.92309826,-1.23285842,-0.15299886,0.34394935
0.90866505,-0.12863881,0.39721513,-0.09086462,-0.98947879,-0.11258355,0.40751862,0.06620794,-0.9107935,-0.91137481,-0.03250504,0.27097347
0.88203062,-0.11613132,0.45665685,-0.06765917,-0.99032378,-0.12116355,0.46630912,0.07597293,-0.88135322,0.05507449,0.15775573,0.20933133
0.87091612,-0.10110079,0.48091966,-0.04651727,-0.99117503,-0.12412873,0.48922513,0.08573465,-0.86793323,0.74418724,0.06210923,-0.18160978
0.87194246,-0.0938271,0.48053388,-0.03797962,-0.99147036,-0.12467538,0.48813306,0.09045926,-0.86806862,0.59833521,-0.00839084,-0.44113502
0.88110122,-0.08133224,0.46588165,-0.02579859,-0.99190033,-0.12437131,0.47222354,0.09756462,-0.87606286,-0.18518913,-0.03529871,-0.45739454
0.89185703,-0.07077046,0.44674669,-0.01680025,-0.99218554,-0.12363607,0.45200532,0.10276024,-0.88607662,-0.40888605,0.03228498,0.10356671
0.89543597,-0.06594145,0.44027964,-0.01214649,-0.99222002,-0.12390312,0.4450246,0.10559945,-0.88927046,-0.38548821,0.05403686,0.22211292
0.89634572,-0.05724764,0.43964423,-0.00214437,-0.9921766,-0.12482293,0.44335059,0.11094174,-0.889456,-0.28614756,0.06732941,0.11695727
0.8917131,-0.04910785,0.44992906,0.00839195,-0.99213135,-0.12491891,0.45252327,0.11516761,-0.8842844,-0.02405114,-0.11003727,0.01553124
0.88998097,-0.04554364,0.45371758,0.01322213,-0.99200394,-0.1255118,0.45580593,0.11770222,-0.88226243,0.09141663,-0.13161045,-0.01578498
0.88998097,-0.04554364,0.45371758,0.01322213,-0.99200394,-0.1255118,0.45580593,0.11770222,-0.88226243,0.09141663,-0.13161045,-0.01578498
0.88957274,-0.03167992,0.45569367,0.03109401,-0.9910788,-0.12959951,0.45573402,0.12945753,-0.88065163,-0.44195771,-0.00621897,0.10600699
0.88957274,-0.03167992,0.45569367,0.03109401,-0.9910788,-0.12959951,0.45573402,0.12945753,-0.88065163,-0.44195771,-0.00621897,0.10600699
0.88957274,-0.03167992,0.45569367,0.03109401,-0.9910788,-0.12959951,0.45573402,0.12945753,-0.88065163,-0.44195771,-0.00621897,0.10600699
0.88957274,-0.03167992,0.45569367,0.03109401,-0.9910788,-0.12959951,0.45573402,0.12945753,-0.88065163,-0.44195771,-0.00621897,0.10600699
0.89357424,0.01272464,0.44873506,0.08189737,-0.98744372,-0.13508306,0.4413818,0.15745697,-0.88339637,0.15628178,0.00861752,-0.11753133
0.8915226,0.02868377,0.45206713,0.10017728,-0.98576677,-0.1350127,0.44176007,0.16565373,-0.88170682,0.11704318,0.05619168,-0.02503294
0.89020577,0.03758113,0.45400588,0.11021024,-0.98475424,-0.1345833,0.44202645,0.16984293,-0.88077573,0.14650536,0.02609015,-0.04798966
0.88741444,0.05569314,0.45759577,0.1304049,-0.98245614,-0.13332099,0.44214271,0.1779837,-0.87910843,0.14956102,-0.04004449,-0.12441365
0.88479722,0.07495817,0.45990774,0.15122991,-0.97974472,-0.13126093,0.44075319,0.18569112,-0.87821131,0.0627445,-0.03477305,-0.12044461
0.88359054,0.08527099,0.46043091,0.162114,-0.97817823,-0.12994823,0.43930264,0.18946332,-0.87813266,0.02083477,-0.00539124,-0.14800991
0.88018592,0.1060593,0.46262745,0.18417906,-0.97465697,-0.12697119,0.43743664,0.19696455,-0.87741324,-0.06338465,0.03108621,-0.12256174
0.87560576,0.12609283,0.46627796,0.20580436,-0.970709,-0.12396901,0.43698867,0.20451002,-0.87590883,-0.08291078,0.05292308,-0.06292395
0.86683611,0.15568767,0.47366286,0.23743867,-0.96425923,-0.11758814,0.43842677,0.21439553,-0.87282099,-0.04648327,0.00133657,-0.08071344
0.86139737,0.17493456,0.47685686,0.25764738,-0.9595613,-0.11340163,0.43773553,0.22054479,-0.87163501,-0.01792146,0.01213157,-0.05442974
0.85885801,0.184575138,0.477802195,0.267667815,-0.957046071,-0.111430497,0.436711415,0.223595245,-0.871371508,0.017840175,-6.67572021e-06,-0.050549604
0.85436702,0.20467707,0.47766548,0.28804252,-0.9515694,-0.10745939,0.43253731,0.22939771,-0.87194524,-0.00307545,0.03636754,0.02801875
0.84831992,0.22630035,0.47868718,0.30988405,-0.94525454,-0.10229917,0.42933104,0.23511997,-0.87200509,-0.04349281,0.17748177,0.121481
0.82594749,0.26185039,0.49924449,0.34721579,-0.93396349,-0.08457423,0.44413047,0.24319946,-0.86232336,0.04527308,0.10106146,0.10380726
0.78415477,0.30168971,0.54229567,0.39025154,-0.91918499,-0.05293964,0.48249872,0.2531446,-0.83851816,0.28342849,-0.0307368,-0.1449866
0.74662216,0.33158167,0.57672254,0.42304042,-0.90571011,-0.02693562,0.51341221,0.26408771,-0.81649565,0.79960603,0.11678052,-0.29046062
0.69289442,0.38161496,0.61177394,0.47730425,-0.87870587,0.00752866,0.54044239,0.28678573,-0.79099684,1.02967024,0.21211886,-0.2700018
0.66037834,0.41702969,0.62448918,0.51447596,-0.85703846,0.02828172,0.54700547,0.30260801,-0.78052141,0.72250921,0.11035824,-0.06171146
0.62328038,0.4533758,0.63715928,0.55301946,-0.83161987,0.05077247,0.55289333,0.320716,-0.76905799,0.70519209,-0.08587205,-0.0165045
0.6033643,0.47061431,0.64379631,0.5709584,-0.81853889,0.06325013,0.55673874,0.32941804,-0.76257834,0.64766753,-0.1746341,-0.02767447
0.54543903,0.52912093,0.65002099,0.63366894,-0.76794595,0.09339473,0.54859813,0.36095699,-0.75415518,0.11931665,0.2276845,-0.28901029
0.53870813,0.54084061,0.64597599,0.64817011,-0.75587882,0.09231839,0.53820912,0.36896966,-0.75775478,0.04067659,0.31587851,-0.42077595
0.52880784,0.56249562,0.6355792,0.67733936,-0.73093549,0.08333449,0.5114427,0.38643489,-0.76752483,-0.05349152,0.26926994,-0.18494883
0.50824823,0.58222454,0.63458511,0.70278425,-0.70628947,0.0851427,0.49777302,0.40270283,-0.76814858,-0.21861249,0.00244713,-0.05592849
0.47624697,0.60098827,0.64187371,0.72409089,-0.68219595,0.10149311,0.49887989,0.41643916,-0.76006386,-0.46804774,-0.23655885,-0.01004457
0.4591607,0.60336329,0.65201544,0.72564639,-0.67813049,0.11651689,0.51245363,0.4196327,-0.74919923,-0.33748272,-0.3290652,0.03641208
0.45150878,0.60096667,0.65952924,0.72278073,-0.6797545,0.12458588,0.52319,0.42044344,-0.74128222,-0.26522112,-0.40809673,0.12290309
0.45346532,0.57720984,0.67911558,0.69397821,-0.70677738,0.13733132,0.55925255,0.40901644,-0.72107007,-0.19653289,-0.46720248,0.16011894
0.46616819,0.56825942,0.67806226,0.68393331,-0.71764505,0.13122782,0.56117949,0.40257514,-0.72319483,-0.24112895,-0.40513992,0.10135534
0.53776551,0.52054509,0.66320514,0.63076378,-0.7703589,0.09318918,0.55941515,0.36821186,-0.74261344,-0.25694889,-0.39288872,0.13869889
0.61108565,0.46918944,0.63752302,0.57098425,-0.81908266,0.05550332,0.54822561,0.33009832,-0.76842945,-0.40043008,-0.22450531,0.17198989
0.66086362,0.42562217,0.61814643,0.51966309,-0.85376117,0.03227925,0.54148824,0.29989572,-0.78539981,-0.428772,-0.13903803,0.12076076
0.66086362,0.42562217,0.61814643,0.51966309,-0.85376117,0.03227925,0.54148824,0.29989572,-0.78539981,-0.428772,-0.13903803,0.12076076
0.66086362,0.42562217,0.61814643,0.51966309,-0.85376117,0.03227925,0.54148824,0.29989572,-0.78539981,-0.428772,-0.13903803,0.12076076
0.79503872,0.26303938,0.54655627,0.32891941,-0.94405024,-0.02411709,0.50963271,0.19894696,-0.8370753,-0.40249071,0.13155472,0.12521848
0.85496187,0.15531521,0.49489127,0.2109259,-0.97577035,-0.05815745,0.47386754,0.15410779,-0.86700643,-0.5807488,1.01261234,0.17089485
0.86311152,0.13865963,0.48560477,0.19995867,-0.97681434,-0.07648586,0.46374025,0.16311671,-0.87082589,-0.07515323,-0.62524343,0.62680179
0.86311152,0.13865963,0.48560477,0.19995867,-0.97681434,-0.07648586,0.46374025,0.16311671,-0.87082589,-0.07515323,-0.62524343,0.62680179
0.85024344,0.12394216,0.51159011,0.18848859,-0.97912654,-0.07604946,0.49148566,0.16108945,-0.85585762,-0.01777823,-0.04712808,0.04074952
0.85196255,0.10827668,0.51228507,0.1757343,-0.9807645,-0.08496272,0.49323147,0.16241111,-0.85460256,-0.24213347,0.20624518,-0.12843327
0.85449262,0.09652755,0.51041627,0.16314203,-0.98273526,-0.0872672,0.4931805,0.15783953,-0.85548768,-0.25307015,-0.02851856,-0.13583744
0.857091,0.08027256,0.50887259,0.14875819,-0.98427175,-0.09528764,0.49322003,0.15736915,-0.85555163,0.10633396,0.08784878,-0.10633997
0.85769859,0.07472727,0.5086934,0.14354687,-0.98484303,-0.0973579,0.49370784,0.15652508,-0.85542535,0.15617159,0.02767241,-0.08392428
0.86085409,0.0636373891,0.504856932,0.132062074,-0.986093999,-0.100887456,0.491416165,0.153521832,-0.85728714,0.177370638,0.000333666801,-0.0347195454
0.86615456,0.04810316,0.49745588,0.1158474,-0.98757178,-0.10621328,0.48616422,0.14962609,-0.86096242,-0.15671049,0.02077818,0.06167833
0.86598676,0.03958812,0.49849747,0.10837633,-0.98802692,-0.10980668,0.48818185,0.14911645,-0.85990865,-0.03733205,0.00257134,0.00417371
0.860578541,0.0275982127,0.508569501,0.100280604,-0.988166378,-0.116066183,0.499347974,0.15088372,-0.85316237,0.141193435,-1.51395798e-05,-0.0897658542
0.85767231,0.02032118,0.51379495,0.0948374,-0.98832783,-0.11922154,0.50537517,0.15098,-0.84958861,0.14345606,0.06173003,-0.08697536
0.85208685,0.01528922,0.52317708,0.0917393,-0.98846204,-0.12052716,0.51529789,0.1506955,-0.84365813,0.12316724,-0.00523937,-0.13258208
0.8482138,0.01322769,0.52948882,0.09103775,-0.98845159,-0.12114429,0.52177151,0.15095973,-0.83962252,0.12410661,-0.05683535,-0.10928796
0.8482138,0.01322769,0.52948882,0.09103775,-0.98845159,-0.12114429,0.52177151,0.15095973,-0.83962252,0.12410661,-0.05683535,-0.10928796
0.84257934,0.00780438,0.53851568,0.08827885,-0.98837246,-0.12380011,0.53128795,0.15185097,-0.83347115,0.01677328,0.01225173,0.01421075
0.84257934,0.00780438,0.53851568,0.08827885,-0.98837246,-0.12380011,0.53128795,0.15185097,-0.83347115,0.01677328,0.01225173,0.01421075
0.839972894,0.00740513528,0.542577846,0.0900851564,-0.987934327,-0.125978803,0.535098327,0.154696988,-0.830505167,-0.102427036,-0.000754773617,0.00743997842
0.83773665,0.00674844,0.54603273,0.09034989,-0.98785506,-0.12640804,0.53854821,0.15523064,-0.82817209,-0.1107057,-0.00362051,-0.0102833
0.83612877,0.00578432,0.54850272,0.0898691,-0.98787744,-0.1265772,0.54112128,0.15512828,-0.82651259,-0.10316998,-0.00280094,-0.01925738
0.825517001,0.00048790263,0.564377046,0.0871593494,-0.988112905,-0.126634179,0.557606434,0.153729403,-0.815746534,-0.119314879,0.00157904625,-0.0269226469
0.822204379,-0.00115187075,0.56919122,0.0862553536,-0.988197043,-0.126596836,0.562618864,0.153184262,-0.812400593,-0.103215009,0.0253090858,0.000237751752
0.80184761,-0.00708503,0.59748659,0.08403674,-0.98865401,-0.12450372,0.59158959,0.15004384,-0.79215447,-0.00876861,0.00491071,-0.02509798
0.78214336,-0.01033106,0.62301286,0.08345442,-0.98911703,-0.12117237,0.6174845,0.14676734,-0.77276913,-0.17940092,-0.02622324,-0.03160979
0.7669899,-0.0138776397,0.641509042,0.0820807025,-0.989430377,-0.119540046,0.636387616,0.144341523,-0.757743965,-0.215835214,-0.000198841095,0.0133145377
0.73680042,-0.02332017,0.67570798,0.0762641,-0.99015997,-0.11733193,0.67179527,0.13798248,-0.72777176,-0.30735129,-0.05137783,-0.05478601
0.71283675,-0.03205163,0.70059726,0.0703713,-0.99064505,-0.11692173,0.69779059,0.13264805,-0.70391275,-0.35419661,-0.03482544,0.1177379
0.66184924,-0.04610968,0.74821757,0.06007988,-0.99163321,-0.11425515,0.74722556,0.12057251,-0.65354146,-0.15246871,0.00198913,-0.08676326
0.60269834,-0.05857956,0.79581602,0.0502539,-0.99253567,-0.11111895,0.79638511,0.10696407,-0.59525573,0.16771026,0.02743506,-0.2611413
