0,1,2,3,4,5,6,7,8,9,10,11
0.66493681,0.17795318,-0.7253907,-0.08288852,0.98278482,0.1651166,0.74228599,-0.04966554,0.66824008,0.03042799,-0.01884037,-0.02968578
0.67890152,0.17352624,-0.7134293,-0.07916364,0.98330617,0.16383559,0.7299492,-0.05475057,0.68130502,0.04094728,-0.01351303,-0.03797553
0.69201234,0.16959027,-0.70168226,-0.07551379,0.98368641,0.16327498,0.71792515,-0.06000161,0.69352954,0.07172241,0.02399963,-0.04812758
0.69811185,0.16760688,-0.69609466,-0.07348535,0.98385319,0.16319558,0.71220766,-0.06277601,0.69915622,0.08362931,0.04004437,-0.05496871
0.70936231,0.16337869,-0.68564747,-0.06885623,0.98417481,0.16327511,0.70147264,-0.0686101,0.70938616,0.06306849,0.04405791,-0.07651239
0.71981622,0.15868082,-0.67578474,-0.06362087,0.98450551,0.16340529,0.69124308,-0.07462776,0.71875844,0.05269306,0.06011027,-0.08610328
0.72483705,0.15621492,-0.6709755,-0.06088275,0.98466661,0.16347771,0.68622483,-0.07764386,0.72323364,0.07108244,0.08499473,-0.082635
0.734545,0.15125949,-0.66148637,-0.05536145,0.98494753,0.16374818,0.67629784,-0.08365956,0.73186223,0.06610697,0.06837767,-0.07928042
0.74374565,0.14696175,-0.65210781,-0.05037646,0.98508205,0.16454657,0.66656175,-0.0895299,0.7400539,0.05860313,0.01721746,-0.08425421
0.74821475,0.14509896,-0.6473955,-0.04821552,0.98510356,0.16506436,0.66170228,-0.09228907,0.74406503,0.04878167,-0.00680351,-0.08659501
0.75688427,0.14169564,-0.63800356,-0.04457667,0.98513327,0.1659077,0.65202692,-0.09713285,0.7519482,0.07155935,0.00590056,-0.07619181
0.76503767,0.13884266,-0.62884024,-0.04161912,0.98510034,0.16686869,0.64263923,-0.10148905,0.75941738,0.08296797,-0.02372962,-0.0781088
0.76884576,0.13761744,-0.62444991,-0.04044215,0.98507636,0.16729912,0.63815412,-0.10337313,0.76293733,0.09196606,-0.02066153,-0.07148318
0.77591919,0.13556789,-0.61609312,-0.03861868,0.98501161,0.16810927,0.62964909,-0.1066465,0.76952486,0.11359031,-0.04161566,-0.07426994
0.78224704,0.13391676,-0.60840435,-0.03723908,0.98492704,0.16891412,0.62185433,-0.10947615,0.7754432,0.11973448,-0.07466865,-0.08511066
0.78224704,0.13391676,-0.60840435,-0.03723908,0.98492704,0.16891412,0.62185433,-0.10947615,0.7754432,0.11973448,-0.07466865,-0.08511066
0.79070944,0.13164835,-0.59786894,-0.03583333,0.98488267,0.16947598,0.61114199,-0.11258262,0.78347342,0.13603957,-0.07531756,-0.08746319
0.79581141,0.1303041,-0.59135862,-0.03529347,0.9848941,0.16952282,0.60451514,-0.11403709,0.78838884,0.15405075,-0.07036459,-0.08366524
0.7981683,0.12969566,-0.58830804,-0.03511243,0.98490619,0.16949017,0.60141037,-0.11462475,0.79067483,0.16215789,-0.0476324,-0.07802086
0.80235157,0.12916132,-0.58270858,-0.03534686,0.98487312,0.16963351,0.59580411,-0.11550879,0.79477995,0.16503589,-0.03570485,-0.08184981
0.805921,0.12913789,-0.57776704,-0.03585744,0.98477558,0.17009204,0.5909362,-0.11636351,0.79828187,0.16953909,-0.02388304,-0.08945116
0.80752283,0.1292965,-0.57549047,-0.03617878,0.98469875,0.17046835,0.58872571,-0.11683654,0.79984452,0.16987149,-0.01765281,-0.09033296
0.81044233,0.12995077,-0.57122325,-0.03704452,0.98450276,0.17141185,0.58464596,-0.11775872,0.80269667,0.1722191,-0.02810323,-0.09294289
0.81279237,0.13081694,-0.56767551,-0.03816719,0.98432519,0.17218358,0.58130183,-0.11828292,0.80504492,0.16311561,-0.01830244,-0.09782073
0.81374429,0.13147385,-0.56615794,-0.03894618,0.98422522,0.17258017,0.5799167,-0.11838643,0.80602805,0.14871062,-0.02207786,-0.09267615
0.81374429,0.13147385,-0.56615794,-0.03894618,0.98422522,0.17258017,0.5799167,-0.11838643,0.80602805,0.14871062,-0.02207786,-0.09267615
0.81374429,0.13147385,-0.56615794,-0.03894618,0.98422522,0.17258017,0.5799167,-0.11838643,0.80602805,0.14871062,-0.02207786,-0.09267615
0.81374429,0.13147385,-0.56615794,-0.03894618,0.98422522,0.17258017,0.5799167,-0.11838643,0.80602805,0.14871062,-0.02207786,-0.09267615
0.81374429,0.13147385,-0.56615794,-0.03894618,0.98422522,0.17258017,0.5799167,-0.11838643,0.80602805,0.14871062,-0.02207786,-0.09267615
0.81587497,0.13622077,-0.56195364,-0.04596154,0.98405707,0.17181157,0.57639876,-0.1143485,0.80912845,0.1443266,0.05393666,-0.10790209
0.81533249,0.13636858,-0.56270464,-0.04628206,0.98410807,0.17143302,0.57714025,-0.11373178,0.80868671,0.13264632,0.0582034,-0.10738626
0.81366815,0.13643264,-0.56509315,-0.04671713,0.9842722,0.17036945,0.57944943,-0.11222466,0.80724468,0.07853426,0.05827755,-0.11059247
0.81158627,0.13631793,-0.5681066,-0.0471486,0.98450853,0.16887852,0.58232697,-0.11027405,0.80544081,0.07326071,0.12749881,-0.09910525
0.81034203,0.13625506,-0.56989503,-0.0474013,0.98464397,0.16801595,0.58403673,-0.10913662,0.80435706,0.098294,0.18683976,-0.0912922
0.80735134,0.13604406,-0.57417404,-0.04772007,0.98492536,0.16626733,0.58813826,-0.10683653,0.80167285,0.13997628,0.29291362,-0.06261382
0.80355569,0.13636331,-0.57939909,-0.04811707,0.98510009,0.16511376,0.59328155,-0.10479912,0.79814419,0.10805982,0.18868107,-0.03569088
0.79310813,0.13556191,-0.59380337,-0.04883187,0.98593106,0.15986056,0.60712019,-0.09779018,0.78856968,0.0090046,0.05428809,0.08033095
0.79109108,0.13486569,-0.5966457,-0.04853681,0.9861563,0.15855573,0.60976965,-0.09647274,0.78668541,-0.01714946,0.00480348,0.09375273
0.78740977,0.13266897,-0.601984,-0.04722473,0.98667818,0.15567914,0.61461827,-0.09415474,0.7831853,-0.02458782,0.01717061,0.13055949
0.78439549,0.12959855,-0.60657062,-0.04503418,0.98724655,0.15269633,0.61862398,-0.09245791,0.78022811,-0.04556653,-0.01452506,0.15990093
0.78303685,0.12802393,-0.60865682,-0.04386561,0.98751721,0.15127973,0.62042652,-0.09175849,0.77887822,-0.04435453,-0.02681977,0.16199546
0.78080772,0.12470005,-0.61220031,-0.04173381,0.98810043,0.14803994,0.62337598,-0.09004128,0.77672065,-0.04130638,0.01670736,0.1921069
0.77936499,0.12080963,-0.6148132,-0.03931702,0.98873158,0.14444386,0.62533544,-0.08840187,0.77533265,-0.05343222,0.0174163,0.2022368
0.77902694,0.11847425,-0.61569542,-0.03774499,0.98906599,0.14256152,0.62585327,-0.08781984,0.77498086,-0.05191123,0.02149218,0.20646127
0.77891718,0.11312557,-0.61683926,-0.03367602,0.98972159,0.13898595,0.626222,-0.08748585,0.77472077,-0.00619613,0.0381797,0.21167262
0.77859771,0.10821689,-0.61812196,-0.02874304,0.9901344,0.13714123,0.62686481,-0.08901115,0.77402685,-0.02573738,-0.04320908,0.18384224
0.77813004,0.10628969,-0.61904451,-0.02642662,0.99024519,0.13680681,0.627547,-0.09009424,0.7733484,-0.03706405,-0.08566505,0.15700056
0.7767147,0.10385748,-0.62123097,-0.02287361,0.99031217,0.13696204,0.62943712,-0.09217064,0.77156562,-0.06603253,-0.11897248,0.12292057
0.77518561,0.10309853,-0.62326395,-0.02130224,0.99029799,0.13731755,0.63137428,-0.09316967,0.76986097,-0.07740556,-0.13912284,0.09275754
0.77459785,0.1032867,-0.62396315,-0.02141817,0.99029271,0.13733759,0.63209131,-0.09301725,0.76929082,-0.0743136,-0.13319206,0.09023069
0.77398624,0.10796928,-0.62392942,-0.02783997,0.99020509,0.13681673,0.63259009,-0.08852409,0.76941098,0.00167491,-0.13858044,0.09699178
0.77414186,0.10997038,-0.62338662,-0.03071856,0.99016025,0.13652487,0.63226635,-0.08654008,0.76990263,0.03037335,-0.1303218,0.10056283
0.77435014,0.11541214,-0.62214298,-0.03828275,0.98996918,0.13599802,0.6315982,-0.08149274,0.77100106,0.07986622,-0.12472171,0.11998067
0.77414203,0.12237913,-0.6210696,-0.04779902,0.98963416,0.13542336,0.63120468,-0.07515039,0.771967,0.10322352,-0.09568191,0.11696761
0.77402927,0.12661753,-0.6203601,-0.05338533,0.98936231,0.13532268,0.63089512,-0.07162558,0.7725549,0.12175061,-0.06814337,0.11830392
0.77373217,0.13675697,-0.61857584,-0.06621959,0.98853192,0.13571886,0.63004247,-0.06404821,0.77391494,0.13767546,-0.05156964,0.12935579
0.77305391,0.14893194,-0.61660923,-0.08055995,0.98722732,0.13744928,0.62920407,-0.0565817,0.77517789,0.1402247,-0.06035262,0.13257322
0.77256517,0.15513589,-0.61569139,-0.08763964,0.98646444,0.13859005,0.62885795,-0.05311086,0.77570412,0.13017577,-0.07367402,0.13320658
0.77162661,0.16685298,-0.61380163,-0.1011051,0.98488696,0.14062514,0.62798895,-0.04645162,0.77683467,0.08290336,-0.05420184,0.13951732
0.77072544,0.17854531,-0.61164032,-0.11434184,0.9831101,0.14290022,0.62682394,-0.04020076,0.77812317,0.04656847,-0.02790105,0.14365016
0.77029281,0.18449469,-0.61041844,-0.12085192,0.98212128,0.14433507,0.62613399,-0.03741002,0.77881749,0.0343602,-0.02440625,0.14734477
0.769451,0.19630431,-0.6077909,-0.13346456,0.98000689,0.14755919,0.62460577,-0.03242102,0.78026694,-0.03286658,-0.01743585,0.12537172
0.76820949,0.21106389,-0.60440565,-0.14948598,0.97713115,0.15122384,0.62250148,-0.02582141,0.78219252,-0.04249977,0.06044751,0.11722936
0.76732461,0.21993226,-0.6023643,-0.15917635,0.97527235,0.15331905,0.62118905,-0.02176333,0.78335849,-0.05589785,0.05016702,0.11975391
0.76497593,0.23952952,-0.59786075,-0.18057363,0.97080429,0.15789932,0.61822733,-0.01283131,0.78589462,-0.02189043,0.06897968,0.13024424
0.76497593,0.23952952,-0.59786075,-0.18057363,0.97080429,0.15789932,0.61822733,-0.01283131,0.78589462,-0.02189043,0.06897968,0.13024424
0.760359854,0.270055602,-0.590696893,-0.213595684,0.962844584,0.165248855,0.613375685,0.000521726952,0.789791084,0.07129471,0.069455564,0.156591788
0.75718959,0.28797513,-0.58628849,-0.23209888,0.95761307,0.17060865,0.61056857,0.00689383,0.79193336,0.08166239,0.06853193,0.15573655
0.75718959,0.28797513,-0.58628849,-0.23209888,0.95761307,0.17060865,0.61056857,0.00689383,0.79193336,0.08166239,0.06853193,0.15573655
0.75375968,0.3091945,-0.57986645,-0.25281936,0.95092156,0.17841121,0.60657127,0.01212229,0.79493669,0.07186288,0.09535176,0.11970737
0.75291933,0.32021248,-0.57495772,-0.26377231,0.94723433,0.18212985,0.60293994,0.01452887,0.79765424,0.16533713,0.34199947,0.11866513
0.75309699,0.3285385,-0.57000643,-0.27184555,0.94436302,0.18514447,0.59912008,0.01552199,0.80050869,0.12381354,0.23151499,0.09829293
0.75309699,0.3285385,-0.57000643,-0.27184555,0.94436302,0.18514447,0.59912008,0.01552199,0.80050869,0.12381354,0.23151499,0.09829293
0.7545421,0.33619359,-0.56359566,-0.27927575,0.94166237,0.18782179,0.59386131,0.01567916,0.80441463,0.03942377,0.18460256,0.00865571
0.75512791,0.34061068,-0.56014841,-0.2836751,0.94006791,0.1892109,0.5910248,0.01602171,0.80649428,-0.02261869,0.19435722,-0.03333928
0.75530519,0.34249672,-0.5587576,-0.28511677,0.93939115,0.19040136,0.59010379,0.01550004,0.80717858,-0.00520569,0.17818528,-0.06394338
0.75572891,0.34451811,-0.55693904,-0.28562961,0.93868745,0.19308444,0.58931277,0.01315878,0.80779782,-0.06715091,0.12100619,-0.1118127
0.7562596,0.34464314,-0.55614074,-0.28376494,0.93868353,0.1958333,0.58953276,0.00971243,0.80768608,-0.09082012,0.06105047,-0.1453951
0.75647928,0.34440099,-0.55599195,-0.28264771,0.93878716,0.19694907,0.58978756,0.00816196,0.80751719,-0.08462568,0.04284543,-0.15639262
0.756828,0.34354068,-0.55604962,-0.28054565,0.93911946,0.19836527,0.59034355,0.00586892,0.80713074,-0.05752124,0.02645725,-0.14915468
0.757199287,0.342203735,-0.556368431,-0.27803754,0.939618848,0.199528305,0.591053596,0.00360862434,0.806624209,-0.0164469741,0.000275492668,-0.125067517
0.757362786,0.341418207,-0.556628424,-0.276404126,0.939909235,0.200428005,0.591609967,0.00205768694,0.806221682,-0.00089000538,-0.0068731308,-0.105266951
0.75800386,0.33835346,-0.55762625,-0.27336358,0.9410182,0.1993918,0.59220136,0.00129497,0.80578895,0.03073826,-0.0549103,-0.08059999
0.759041076,0.33372995,-0.55899999,-0.269130373,0.942668501,0.197344739,0.592811531,0.00065110372,0.805340974,0.0261926092,-0.143562019,-0.0587422103
0.759648108,0.331051739,-0.559767375,-0.266666159,0.943612573,0.196174602,0.593147476,0.000247344076,0.805093798,0.0104164369,-0.155910373,-0.0525133498
0.760581005,0.326412941,-0.561222869,-0.26233844,0.945227138,0.194227176,0.593881351,-0.000495160915,0.804552472,0.021323882,-0.17214942,-0.0405759551
0.76124876,0.32245111,-0.56260609,-0.25840952,0.94658502,0.19287645,0.59474772,-0.00144419,0.80391111,0.02829333,-0.20346427,-0.02544112
0.76124876,0.32245111,-0.56260609,-0.25840952,0.94658502,0.19287645,0.59474772,-0.00144419,0.80391111,0.02829333,-0.20346427,-0.02544112
0.76124876,0.32245111,-0.56260609,-0.25840952,0.94658502,0.19287645,0.59474772,-0.00144419,0.80391111,0.02829333,-0.20346427,-0.02544112
0.76124876,0.32245111,-0.56260609,-0.25840952,0.94658502,0.19287645,0.59474772,-0.00144419,0.80391111,0.02829333,-0.20346427,-0.02544112
0.76124876,0.32245111,-0.56260609,-0.25840952,0.94658502,0.19287645,0.59474772,-0.00144419,0.80391111,0.02829333,-0.20346427,-0.02544112
0.76414515,0.30240589,-0.56976565,-0.23864571,0.95316017,0.18583305,0.59927493,-0.0060313,0.80052058,0.01333587,-0.21085733,-0.0113806
0.76414515,0.30240589,-0.56976565,-0.23864571,0.95316017,0.18583305,0.59927493,-0.0060313,0.80052058,0.01333587,-0.21085733,-0.0113806
0.76414515,0.30240589,-0.56976565,-0.23864571,0.95316017,0.18583305,0.59927493,-0.0060313,0.80052058,0.01333587,-0.21085733,-0.0113806
0.76414515,0.30240589,-0.56976565,-0.23864571,0.95316017,0.18583305,0.59927493,-0.0060313,0.80052058,0.01333587,-0.21085733,-0.0113806
0.76681145,0.28728216,-0.57399403,-0.22522449,0.95781585,0.17850131,0.60106083,-0.00759933,0.79916715,0.05084186,-0.1172654,-0.00800547
0.76708261,0.28492234,-0.57480737,-0.22276158,0.95851401,0.17784308,0.60163239,-0.00837532,0.79872918,0.04441566,-0.10781908,-0.00830791
0.76757925,0.28012111,-0.57650171,-0.21749826,0.95990893,0.17683139,0.60292335,-0.01034398,0.79773204,0.0350017,-0.08532071,-0.02559162
0.76757925,0.28012111,-0.57650171,-0.21749826,0.95990893,0.17683139,0.60292335,-0.01034398,0.79773204,0.0350017,-0.08532071,-0.02559162
0.76846987,0.2732266,-0.57862014,-0.20908965,0.96183823,0.17649004,0.60476075,-0.01464379,0.79627255,0.02357229,0.03381842,-0.02487762
0.76846987,0.2732266,-0.57862014,-0.20908965,0.96183823,0.17649004,0.60476075,-0.01464379,0.79627255,0.02357229,0.03381842,-0.02487762
0.76973272,0.26568759,-0.58044953,-0.19625931,0.96372717,0.18086523,0.60744863,-0.02529927,0.793956,-0.01467566,0.1747219,-0.05143069
0.7699292,0.26455786,-0.58070488,-0.19357052,0.96395985,0.18251536,0.60806206,-0.02811655,0.79339144,-0.02124155,0.22067255,-0.05247219
0.76977225,0.26441731,-0.58097689,-0.18996508,0.96382445,0.18696443,0.60939636,-0.0335547,0.79215537,-0.01992909,0.21511883,-0.0720643
0.76883058,0.26731476,-0.58089789,-0.1897072,0.96288223,0.19201298,0.61066416,-0.03742494,0.79100484,0.00245036,0.16253787,-0.07927424
0.76883058,0.26731476,-0.58089789,-0.1897072,0.96288223,0.19201298,0.61066416,-0.03742494,0.79100484,0.00245036,0.16253787,-0.07927424
0.76883058,0.26731476,-0.58089789,-0.1897072,0.96288223,0.19201298,0.61066416,-0.03742494,0.79100484,0.00245036,0.16253787,-0.07927424
0.76883058,0.26731476,-0.58089789,-0.1897072,0.96288223,0.19201298,0.61066416,-0.03742494,0.79100484,0.00245036,0.16253787,-0.07927424
0.75953827,0.28201044,-0.58614989,-0.1988105,0.95865384,0.20361038,0.6193351,-0.03811711,0.78420092,0.07628603,0.12407237,0.02714751
0.75953827,0.28201044,-0.58614989,-0.1988105,0.95865384,0.20361038,0.6193351,-0.03811711,0.78420092,0.07628603,0.12407237,0.02714751
0.75953827,0.28201044,-0.58614989,-0.1988105,0.95865384,0.20361038,0.6193351,-0.03811711,0.78420092,0.07628603,0.12407237,0.02714751
0.74845787,0.26937761,-0.60600863,-0.18029689,0.96202269,0.20495209,0.63820357,-0.04413651,0.76860141,-0.17345399,-0.05424201,0.12669812
0.74845787,0.26937761,-0.60600863,-0.18029689,0.96202269,0.20495209,0.63820357,-0.04413651,0.76860141,-0.17345399,-0.05424201,0.12669812
0.74845787,0.26937761,-0.60600863,-0.18029689,0.96202269,0.20495209,0.63820357,-0.04413651,0.76860141,-0.17345399,-0.05424201,0.12669812
0.74517768,0.25640933,-0.61560091,-0.16630804,0.96541265,0.20079854,0.64579552,-0.04725121,0.76204689,-0.09196264,-0.01042908,0.18604915
0.74517768,0.25640933,-0.61560091,-0.16630804,0.96541265,0.20079854,0.64579552,-0.04725121,0.76204689,-0.09196264,-0.01042908,0.18604915
0.74596055,0.24745331,-0.61831197,-0.15775729,0.96764168,0.196932,0.64703591,-0.04936028,0.76086008,0.00158624,-0.01344448,0.19441172
0.74616138,0.24198584,-0.62023067,-0.15206515,0.96892515,0.19509036,0.6481662,-0.05125343,0.75977214,0.02170538,-0.0553996,0.17903386
0.74589316,0.2394003,-0.62155522,-0.1488999,0.96948993,0.19472569,0.64920892,-0.05269505,0.75878258,0.0199182,-0.0891946,0.1642464
0.74465206,0.23442685,-0.6249299,-0.14220928,0.97051675,0.19461183,0.65212717,-0.05604727,0.75603497,0.00199172,-0.1337437,0.13358927
0.74257737,0.22988864,-0.62907077,-0.1356447,0.97140392,0.19487161,0.65588058,-0.05937713,0.75252574,-0.00738875,-0.17394114,0.1019944
0.74257737,0.22988864,-0.62907077,-0.1356447,0.97140392,0.19487161,0.65588058,-0.05937713,0.75252574,-0.00738875,-0.17394114,0.1019944
0.738826967,0.222952366,-0.63594569,-0.126264795,0.972772565,0.194346946,0.661960633,-0.0632912034,0.74686164,-0.00014222227,-0.204294801,0.0744838417
0.73645242,0.21768397,-0.64050878,-0.11989621,0.9738243,0.19310912,0.66577978,-0.0654211,0.74327474,-0.00213896,-0.208758,0.07056923
0.73645242,0.21768397,-0.64050878,-0.11989621,0.9738243,0.19310912,0.66577978,-0.0654211,0.74327474,-0.00213896,-0.208758,0.07056923
0.73324784,0.20936302,-0.64692714,-0.11067688,0.97547785,0.19024615,0.6708936,-0.0678977,0.73843867,0.00364275,-0.1682294,0.0757079
0.73324784,0.20936302,-0.64692714,-0.11067688,0.97547785,0.19024615,0.6708936,-0.0678977,0.73843867,0.00364275,-0.1682294,0.0757079
0.73324784,0.20936302,-0.64692714,-0.11067688,0.97547785,0.19024615,0.6708936,-0.0678977,0.73843867,0.00364275,-0.1682294,0.0757079
0.72898653,0.19680515,-0.65562672,-0.09699134,0.97781268,0.18567454,0.67762183,-0.07176413,0.73190067,0.01873326,-0.10655177,0.08769482
0.72766796,0.19214274,-0.65846831,-0.09169747,0.97859767,0.18422319,0.6797727,-0.07367343,0.72971317,0.0014147,-0.10879481,0.09247114
0.72703713,0.19008907,-0.65975986,-0.08921612,0.97891948,0.18373116,0.68077706,-0.07471814,0.72866982,-0.00847727,-0.11179763,0.08989516
0.72703713,0.19008907,-0.65975986,-0.08921612,0.97891948,0.18373116,0.68077706,-0.07471814,0.72866982,-0.00847727,-0.11179763,0.08989516
0.72564735,0.18257396,-0.66340231,-0.08094387,0.98011023,0.18119607,0.68328908,-0.07778609,0.72599264,-0.02872342,-0.06505471,0.10788475
0.72580111,0.18046876,-0.66381009,-0.07898586,0.98045498,0.18019232,0.68335499,-0.07835218,0.72586979,-0.03464121,-0.03435445,0.11720191
0.726498327,0.176424555,-0.664134416,-0.0754117344,0.981112072,0.178135257,0.683017727,-0.0793314317,0.726080762,-0.0377321094,0.000967860222,0.130527481
0.726498327,0.176424555,-0.664134416,-0.0754117344,0.981112072,0.178135257,0.683017727,-0.0793314317,0.726080762,-0.0377321094,0.000967860222,0.130527481
0.726498327,0.176424555,-0.664134416,-0.0754117344,0.981112072,0.178135257,0.683017727,-0.0793314317,0.726080762,-0.0377321094,0.000967860222,0.130527481
0.726498327,0.176424555,-0.664134416,-0.0754117344,0.981112072,0.178135257,0.683017727,-0.0793314317,0.726080762,-0.0377321094,0.000967860222,0.130527481
0.726498327,0.176424555,-0.664134416,-0.0754117344,0.981112072,0.178135257,0.683017727,-0.0793314317,0.726080762,-0.0377321094,0.000967860222,0.130527481
0.73216931,0.16834553,-0.65999082,-0.06917962,0.98234389,0.17382364,0.67760039,-0.08161042,0.73088813,-0.04793597,0.09983808,0.12883864
0.73467231,0.16892291,-0.65705526,-0.06981112,0.98218753,0.17445363,0.6748207,-0.08229648,0.73337868,-0.0478426,0.12113017,0.11902824
0.73726433,0.17163235,-0.65343987,-0.07256868,0.98171539,0.1759792,0.6716957,-0.08232392,0.73623887,0.0206329,0.20193738,0.07129113
0.73862192,0.17316637,-0.65149906,-0.0745025,0.9814928,0.17641217,0.66999029,-0.08176358,0.73785343,0.13272548,0.39970976,0.07884393
0.74427122,0.17800703,-0.64371873,-0.08116764,0.9807912,0.17737091,0.66292693,-0.07976293,0.74442308,-0.06718621,0.15616113,0.00195684
0.74427122,0.17800703,-0.64371873,-0.08116764,0.9807912,0.17737091,0.66292693,-0.07976293,0.74442308,-0.06718621,0.15616113,0.00195684
0.7496926,0.18028174,-0.63675705,-0.08681863,0.9806561,0.17543129,0.65606675,-0.07623718,0.75084243,-0.00397343,0.29495865,-0.01282592
0.75242939,0.1821552,-0.63298455,-0.09024646,0.98044703,0.17486907,0.65246114,-0.07445201,0.75415603,0.00886446,0.17379326,-0.06131997
0.75351534,0.18255666,-0.63157555,-0.09122495,0.98041332,0.17455009,0.65107036,-0.07391072,0.7554102,0.0048356,0.16210252,-0.06927498
0.75660508,0.17908366,-0.62887025,-0.08824291,0.98093027,0.17317332,0.64789037,-0.07553047,0.75797968,-0.09603471,0.02128273,-0.11863725
0.7580002,0.17559672,-0.62817315,-0.08505768,0.98146731,0.17171811,0.64668455,-0.07673142,0.75888826,-0.0841563,0.04631478,-0.10183688
0.75967347,0.17139304,-0.62731218,-0.08098573,0.98206815,0.17024526,0.64524217,-0.07852747,0.75993152,-0.09804974,-0.011522,-0.08857953
0.76059531,0.16929832,-0.6267638,-0.07886338,0.98234502,0.16964324,0.64441861,-0.07960114,0.76051845,-0.10245962,-0.06182003,-0.08670232
0.76059531,0.16929832,-0.6267638,-0.07886338,0.98234502,0.16964324,0.64441861,-0.07960114,0.76051845,-0.10245962,-0.06182003,-0.08670232
0.76384073,0.16338366,-0.62438216,-0.0727081,0.98305239,0.16829002,0.64129622,-0.08314912,0.76277478,-0.05219375,-0.20672745,-0.06510385
0.76438085,0.16262616,-0.62391879,-0.07196458,0.98314089,0.16809252,0.64073632,-0.08358665,0.76319739,-0.03942646,-0.21641678,-0.05709936
0.7649996,0.16168949,-0.62340366,-0.07108174,0.98325576,0.16779597,0.64009608,-0.08405124,0.76368344,-0.01226746,-0.24566168,-0.04935405
0.76527336,0.16013217,-0.62346962,-0.06982998,0.9834996,0.16689009,0.6399066,-0.08417967,0.76382807,-0.01273436,-0.27565771,-0.04409454
0.76527336,0.16013217,-0.62346962,-0.06982998,0.9834996,0.16689009,0.6399066,-0.08417967,0.76382807,-0.01273436,-0.27565771,-0.04409454
0.76568949,0.15763976,-0.62359385,-0.06864456,0.98399238,0.16445945,0.63953695,-0.08311855,0.76425374,0.04329842,-0.21855456,-0.02327937
0.76568949,0.15763976,-0.62359385,-0.06864456,0.98399238,0.16445945,0.63953695,-0.08311855,0.76425374,0.04329842,-0.21855456,-0.02327937
0.76606707,0.15450267,-0.62391519,-0.06680521,0.98456215,0.16178513,0.63927952,-0.08225748,0.76456223,0.06746259,-0.14501947,-0.01337713
0.76652787,0.15027958,-0.62438052,-0.06362415,0.98522307,0.15902035,0.6390516,-0.08216784,0.76476235,0.05111178,-0.10074842,-0.02620422
0.76688264,0.14744672,-0.62462023,-0.06105851,0.9855986,0.15769352,0.63887622,-0.08279404,0.76484134,0.03821845,-0.10207099,-0.03471086
0.76701139,0.14489836,-0.62505839,-0.05843364,0.98589363,0.15684152,0.63896716,-0.0837748,0.76465859,0.06369387,-0.0411498,-0.03195774
0.76627054,0.14238775,-0.6265422,-0.05498584,0.98609057,0.15685005,0.64016089,-0.08573862,0.76344146,0.05419057,0.01585644,-0.06369784
0.76540883,0.14116194,-0.62787149,-0.05275683,0.98612576,0.15739347,0.64137822,-0.08734584,0.76223662,0.03317841,0.02783555,-0.07015088
0.76368949,0.13982228,-0.63026029,-0.04953857,0.98607785,0.15873372,0.64368022,-0.09000107,0.75998389,0.02735442,0.0427112,-0.09408871
0.76251848,0.13885198,-0.63189057,-0.04760936,0.98609238,0.15923304,0.6452123,-0.09133423,0.75852432,0.04215124,0.08022088,-0.09500846
0.76193939,0.1380939,-0.63275459,-0.0464755,0.98614306,0.15925419,0.64597858,-0.09193444,0.75779922,0.03396749,0.10807592,-0.09887353
0.76193939,0.1380939,-0.63275459,-0.0464755,0.98614306,0.15925419,0.64597858,-0.09193444,0.75779922,0.03396749,0.10807592,-0.09887353
0.75901375,0.13566056,-0.63678437,-0.04358903,0.98644507,0.15819643,0.64961382,-0.09231645,0.75463869,-0.05611498,0.09966403,-0.11534665
0.75719948,0.1365972,-0.63874104,-0.0466186,0.98669668,0.15574452,0.65151793,-0.08815245,0.75349418,-0.00274935,0.1843794,-0.05830887
0.75524535,0.13750961,-0.64085535,-0.05153543,0.98717632,0.15108609,0.65341302,-0.08108031,0.75264695,0.07605682,0.3740918,0.04455695
0.75089159,0.13826605,-0.64578966,-0.0550088,0.9875351,0.14747359,0.65813055,-0.07521256,0.74913765,-0.00115139,0.26114351,0.08414996
0.74769924,0.13898472,-0.64932973,-0.0566228,0.98763388,0.14619567,0.661619,-0.07254352,0.74632281,-0.08898574,0.08777195,0.10346989
0.74662324,0.13866276,-0.65063535,-0.0571352,0.98778767,0.14495199,0.66278902,-0.07105034,0.74542775,-0.07482292,0.06224972,0.12965791
0.74641503,0.1384273,-0.65092432,-0.0572823,0.98786066,0.14439545,0.66301081,-0.07049249,0.74528348,-0.05829084,0.05547172,0.14160354
0.74643433,0.13767874,-0.65106092,-0.05715203,0.98801189,0.14340899,0.66300031,-0.06983594,0.74535462,-0.060498,-0.00216305,0.13384931
0.7469436,0.13556557,-0.6509203,-0.05559429,0.98829919,0.14203513,0.66255908,-0.06990478,0.74574043,-0.05271643,0.0223549,0.13958322
0.74742262,0.13413712,-0.65066627,-0.05439295,0.98847204,0.14129556,0.6621184,-0.07021583,0.74610248,-0.06243328,0.00415975,0.13387287
0.74859811,0.13090586,-0.64997267,-0.05156751,0.98884136,0.13976246,0.66101559,-0.07110843,0.74699526,-0.03781671,-0.01183707,0.12774314
0.74859811,0.13090586,-0.64997267,-0.05156751,0.98884136,0.13976246,0.66101559,-0.07110843,0.74699526,-0.03781671,-0.01183707,0.12774314
0.7502449,0.1238128,-0.64946358,-0.04277361,0.98934072,0.13919542,0.65977494,-0.07665074,0.74754375,-0.03084709,-0.1784429,0.08286446
0.74993398,0.12142186,-0.65027357,-0.03885307,0.98939785,0.13993692,0.66037067,-0.07967832,0.74670067,-0.03411666,-0.2114591,0.05201998
0.74993398,0.12142186,-0.65027357,-0.03885307,0.98939785,0.13993692,0.66037067,-0.07967832,0.74670067,-0.03411666,-0.2114591,0.05201998
0.74936182,0.11728635,-0.65169067,-0.03263568,0.98953386,0.14056189,0.66135598,-0.08406334,0.74534662,-0.04404737,-0.2066083,0.03103857
0.74940936,0.11400233,-0.65221856,-0.02826116,0.98967521,0.14051439,0.66150351,-0.08687034,0.7448937,-0.03965937,-0.19749022,0.02585841
0.74957154,0.11219001,-0.65234642,-0.02604935,0.98976804,0.14028778,0.66141053,-0.08816252,0.74482443,-0.03710434,-0.1941247,0.03004265
0.75012483,0.10847482,-0.65233884,-0.02172498,0.9899646,0.13963569,0.66093931,-0.09057215,0.74495364,-0.02801151,-0.16827947,0.04316884
0.75097888,0.10487513,-0.65194469,-0.01769744,0.99014902,0.1388946,0.66008899,-0.09276915,0.74543703,-0.01829878,-0.14303577,0.05473208
0.75097888,0.10487513,-0.65194469,-0.01769744,0.99014902,0.1388946,0.66008899,-0.09276915,0.74543703,-0.01829878,-0.14303577,0.05473208
0.75297456,0.10073043,-0.65029428,-0.01303787,0.99030437,0.13830138,0.65792043,-0.09565896,0.7469873,-0.0119051,-0.11496258,0.0726245
0.7546901,0.09907054,-0.64855829,-0.01112046,0.99032284,0.13833655,0.65598717,-0.09718895,0.74848855,0.00928267,-0.10511196,0.08992826
0.75566094,0.09850889,-0.64751257,-0.01050114,0.99031982,0.13840658,0.65487881,-0.09778882,0.74938047,0.02588087,-0.089589,0.09923843
0.75780317,0.09744194,-0.64516618,-0.00929055,0.99029705,0.13865584,0.65241706,-0.09907988,0.75135553,0.02435015,-0.0696252,0.10537355
0.7602796,0.0960371,-0.64245759,-0.00785984,0.9902987,0.13873248,0.64954839,-0.10042585,0.75365874,0.00568179,-0.06436402,0.11280915
0.76175947,0.09512494,-0.64083829,-0.00703679,0.99031832,0.13863657,0.6478217,-0.10109827,0.75505373,0.00984195,-0.0420059,0.11456282
0.76532545,0.09330905,-0.6368441,-0.00531275,0.99031813,0.13871475,0.6436216,-0.10277854,0.75841139,0.00479407,-0.00229889,0.13389854
0.7692943,0.09171891,-0.63227673,-0.00360804,0.9902497,0.13925702,0.63888435,-0.10484834,0.76212438,0.00660936,0.02199382,0.14181082
0.77138824,0.09079277,-0.62985456,-0.00264367,0.9902184,0.13950102,0.63635926,-0.10594431,0.76408285,0.01231845,0.05152529,0.14358793
0.78028323,0.08708983,-0.61933307,0.00212411,0.98988271,0.14187218,0.62542272,-0.11201602,0.77220389,0.00792072,0.11640018,0.15895818
0.782569048,0.0865649153,-0.616516156,0.00309312503,0.989733098,0.142894454,0.622556092,-0.113731736,0.774266732,0.000909402966,0.119835317,0.158188701
0.790781059,0.0913068946,-0.605250631,0.000822179606,0.988652209,0.150220278,0.612098521,-0.119288972,0.78173237,0.000612072647,0.102501094,0.1083574
0.79244396,0.09437477,-0.60259937,-0.00160523,0.98827657,0.15266581,0.60994263,-0.12001179,0.78330528,0.04369437,0.14997107,0.08305763
0.79548159,0.10057635,-0.59757292,-0.00705459,0.9876004,0.15683012,0.60593666,-0.12053984,0.78632745,0.19924922,0.45060629,0.11256458
0.79548159,0.10057635,-0.59757292,-0.00705459,0.9876004,0.15683012,0.60593666,-0.12053984,0.78632745,0.19924922,0.45060629,0.11256458
0.79924916,0.10790176,-0.59123427,-0.0120603,0.98643263,0.16372297,0.60087878,-0.12372498,0.78970678,-0.03402403,0.12544805,0.00137217
0.80541948,0.11424027,-0.58159144,-0.01693672,0.98528443,0.17008158,0.59246316,-0.12713677,0.79550212,-0.07318036,0.10516793,-0.04407251
0.80901595,0.11797489,-0.57582561,-0.01895209,0.98437683,0.17505163,0.58748109,-0.13070647,0.79861243,-0.06734022,0.06904703,-0.08652835
0.8104086,0.11774975,-0.57391021,-0.01592589,0.98366008,0.1793299,0.58564861,-0.13619047,0.79904185,-0.14116503,0.10393351,-0.11584359
0.81054008,0.11527786,-0.57422626,-0.01109902,0.9832856,0.18173125,0.585578,-0.14092712,0.79827186,-0.20367312,0.0900622,-0.12380235
0.8105543,0.11225934,-0.57480395,-0.00591894,0.98297775,0.18362925,0.58563359,-0.14543925,0.79742131,-0.21468136,0.07813841,-0.11383796
0.810647466,0.108774493,-0.57534232,0.000266830878,0.982524611,0.186132525,0.58553446,-0.151041378,0.796452062,-0.186018586,-0.00602787733,-0.089196384
0.80970429,0.10771242,-0.57686826,0.00407697,0.98195469,0.18907238,0.58682394,-0.15544459,0.79465379,-0.14143778,-0.1224823,-0.07214037
0.80801261,0.10839357,-0.5791083,0.00514439,0.98159483,0.19090607,0.5891427,-0.15723367,0.79258338,-0.11886032,-0.15941042,-0.06193777
0.80519888,0.10969514,-0.58277073,0.00539067,0.98134734,0.19216749,0.59298035,-0.15787457,0.78958844,-0.09151147,-0.17859823,-0.05645517
0.80519888,0.10969514,-0.58277073,0.00539067,0.98134734,0.19216749,0.59298035,-0.15787457,0.78958844,-0.09151147,-0.17859823,-0.05645517
0.80519888,0.10969514,-0.58277073,0.00539067,0.98134734,0.19216749,0.59298035,-0.15787457,0.78958844,-0.09151147,-0.17859823,-0.05645517
0.80519888,0.10969514,-0.58277073,0.00539067,0.98134734,0.19216749,0.59298035,-0.15787457,0.78958844,-0.09151147,-0.17859823,-0.05645517
0.80519888,0.10969514,-0.58277073,0.00539067,0.98134734,0.19216749,0.59298035,-0.15787457,0.78958844,-0.09151147,-0.17859823,-0.05645517
0.80519888,0.10969514,-0.58277073,0.00539067,0.98134734,0.19216749,0.59298035,-0.15787457,0.78958844,-0.09151147,-0.17859823,-0.05645517
0.80519888,0.10969514,-0.58277073,0.00539067,0.98134734,0.19216749,0.59298035,-0.15787457,0.78958844,-0.09151147,-0.17859823,-0.05645517
0.75049788,0.11221437,-0.65127635,0.00872342,0.98371108,0.17954504,0.6608153,-0.14042953,0.73729419,-0.14224607,-0.03605568,-0.0620214
0.740851748,0.110335924,-0.662544111,0.010968442,0.984296259,0.176183338,0.671579041,-0.137792813,0.728007391,-0.154471606,-0.000973820686,-0.0618764833
0.73129505,0.10944602,-0.67322292,0.01185895,0.98485226,0.17298957,0.68195813,-0.13449013,0.71891966,-0.12826124,0.00373274,-0.06084263
0.72648817,0.10969491,-0.67836709,0.01151804,0.9850943,0.17162911,0.68708239,-0.13249997,0.71439589,-0.10947537,0.00767928,-0.05703183
0.70562013,0.11437171,-0.69929916,0.00660026,0.98578419,0.16788679,0.70855955,-0.12307986,0.69483429,-0.07312568,0.01003629,-0.06609184
0.7000617,0.11596435,-0.70460332,0.00471322,0.98595374,0.16695212,0.71406677,-0.12019773,0.68968188,-0.07356519,0.02098304,-0.0586699
0.7000617,0.11596435,-0.70460332,0.00471322,0.98595374,0.16695212,0.71406677,-0.12019773,0.68968188,-0.07356519,0.02098304,-0.0586699
0.66952158,0.12710306,-0.73183716,-0.00873611,0.98653031,0.16334508,0.7427412,-0.10296964,0.66161372,-0.05046721,0.02874845,-0.05446117
0.65550036,0.13402199,-0.7432075,-0.01692668,0.98648694,0.16296322,0.75500514,-0.09424241,0.64891109,-0.03877294,0.02469188,-0.05823908
0.64059872,0.14214008,-0.75460548,-0.0264714,0.98622191,0.16329608,0.76741938,-0.08463179,0.63553514,-0.0636683,0.00642437,-0.08233406
0.63306779,0.14627436,-0.76015061,-0.03161002,0.98605032,0.16341839,0.77345068,-0.07942654,0.62886044,-0.07344525,0.01971489,-0.08225206
0.61857941,0.15423434,-0.77043576,-0.04202299,0.98563542,0.16357531,0.7845977,-0.0688083,0.61617516,-0.00435447,0.12890607,-0.06323389
0.60496021,0.16018051,-0.77997777,-0.05079111,0.98532488,0.16295751,0.79463412,-0.05896687,0.60421809,0.03267506,0.23914188,-0.01028565
0.59832957,0.16251448,-0.78459591,-0.05411755,0.98517531,0.16279095,0.79942041,-0.05494223,0.5982544,-0.00182527,0.19366533,-0.00589992
0.58544033,0.16679778,-0.7933714,-0.05987223,0.9848294,0.16286917,0.8085017,-0.04784928,0.58654541,-0.05178023,0.0334323,-0.01365025
0.58544033,0.16679778,-0.7933714,-0.05987223,0.9848294,0.16286917,0.8085017,-0.04784928,0.58654541,-0.05178023,0.0334323,-0.01365025
0.56539225,0.17335085,-0.80640006,-0.06945269,0.98419893,0.1628766,0.82189288,-0.03608251,0.56849813,-0.02071109,0.06386453,0.06287676
0.53513148,0.18103448,-0.82514289,-0.08212321,0.9832897,0.162472,0.84076754,-0.0191805,0.54105641,-0.09735556,0.00335735,0.09023985
0.52712069,0.18282911,-0.82988984,-0.08538229,0.98303462,0.16233546,0.84549009,-0.01471246,0.53378826,-0.10476701,-0.00953233,0.09026945
0.51105127,0.18667766,-0.839034,-0.09244251,0.98240656,0.16227053,0.8545648,-0.00536615,0.51931707,-0.09918784,-0.04895288,0.09076732
0.49472514,0.19115342,-0.84776614,-0.10057906,0.98154837,0.16262426,0.86320966,0.0048132,0.50482269,-0.04845144,-0.04303777,0.11486753
0.48641557,0.1935913,-0.85201078,-0.10493005,0.98103012,0.1630018,0.86740397,0.01011491,0.49750186,-0.03336526,-0.02416217,0.11810805
0.46941485,0.19877844,-0.860312,-0.1137355,0.97982567,0.16433466,0.87562198,0.0207069,0.48255289,-0.00718242,-0.02167231,0.12050134
0.452199159,0.203766279,-0.868328977,-0.122007656,0.978533786,0.166089619,0.883532705,0.030837199,0.467353202,0.000600576401,-0.0349490643,0.106411397
0.42789478,0.20938097,-0.87924148,-0.13279666,0.97680368,0.16798695,0.89401958,0.04487961,0.44577429,-0.03985804,-0.02746987,0.08926253
0.41335444,0.21178349,-0.8855991,-0.13868465,0.97587243,0.16864035,0.89994699,0.05311078,0.43275232,-0.05014271,-0.02700567,0.0941788
0.40640609,0.21239426,-0.88866348,-0.14091464,0.97554007,0.16871465,0.90276086,0.05665903,0.42639489,-0.0666621,-0.02451831,0.08748919
0.39368739,0.21254968,-0.89433372,-0.14400771,0.97514889,0.16836395,0.90789424,0.0625082,0.41451262,-0.09670202,-0.04296756,0.04746216
0.38290293,0.21190839,-0.89915525,-0.14666455,0.97493415,0.16731086,0.91207173,0.06781038,0.40438459,-0.12990479,-0.027031,0.03500412
0.37830559,0.21146703,-0.90120286,-0.14781043,0.97486501,0.1667042,0.91380358,0.07014205,0.40005391,-0.1534335,-0.02589351,0.01622085
0.37830559,0.21146703,-0.90120286,-0.14781043,0.97486501,0.1667042,0.91380358,0.07014205,0.40005391,-0.1534335,-0.02589351,0.01622085
0.36445048,0.20941842,-0.90736969,-0.15272812,0.97463309,0.16359846,0.91861305,0.07895733,0.38718958,-0.19294459,0.00279158,0.00552895
0.36225546,0.21015181,-0.90807884,-0.15527487,0.97424362,0.16352092,0.91905423,0.08176548,0.38555636,-0.19275239,-0.01534098,0.00919343
0.36115836,0.212526,-0.9079632,-0.15909679,0.97344987,0.16457084,0.91883224,0.08501792,0.38538177,-0.19193038,-0.04228526,0.01154291
0.3614512,0.2183127,-0.90647256,-0.16738836,0.97160056,0.16725274,0.91724265,0.09127927,0.3877292,-0.16934292,-0.00321436,0.04034676
0.36251911,0.22335075,-0.90481721,-0.17397618,0.97001077,0.16973919,0.91559381,0.09588297,0.39050516,-0.15139511,-0.01799959,0.0556325
0.36302491,0.22605785,-0.90394171,-0.17761644,0.96912433,0.17102758,0.91469403,0.09846767,0.39196787,-0.14084919,-0.03072864,0.05547392
0.36452293,0.2369553,-0.90054156,-0.19376924,0.96521491,0.17553821,0.91081085,0.11050957,0.39775762,-0.05574635,0.05716032,0.09791975
0.36430829,0.23974409,-0.89989004,-0.19765208,0.96418635,0.17685682,0.91006207,0.11343477,0.398647,-0.01955179,0.02290088,0.09842695
0.36223544,0.24974657,-0.89800451,-0.21277004,0.9601531,0.18120409,0.90747691,0.12542993,0.40094007,-0.00400515,0.00947541,0.06954801
0.36223544,0.24974657,-0.89800451,-0.21277004,0.9601531,0.18120409,0.90747691,0.12542993,0.40094007,-0.00400515,0.00947541,0.06954801
0.36161467,0.25555986,-0.89661801,-0.2227513,0.95752927,0.18308344,0.90532677,0.1335172,0.40318293,0.02717732,0.02057248,0.08021456
0.36172553,0.25838235,-0.895764,-0.22757732,0.95623235,0.18392459,0.90408139,0.13732537,0.40469562,0.01983769,-0.04230249,0.06486835
0.3619,0.25938446,-0.89540387,-0.22931596,0.95576642,0.18418673,0.90357213,0.13867322,0.40537286,0.0115431,-0.05240655,0.05338419
0.36239565,0.26054103,-0.89486745,-0.2320304,0.9551241,0.18411912,0.90268005,0.14091248,0.40658626,-0.01332595,-0.05548513,0.02907928
0.36315236,0.26147718,-0.89428736,-0.23379953,0.95467827,0.18419329,0.90191905,0.14219378,0.40782692,-0.01428177,-0.02007341,0.01718752
0.36444959,0.2639127,-0.89304346,-0.23451477,0.95410325,0.18625203,0.90120994,0.1415524,0.40961396,-0.00288511,-0.01012462,0.00499574
0.3657511,0.26531329,-0.89209583,-0.23391281,0.95394642,0.18780583,0.900839,0.13998246,0.41096713,-0.01682038,-0.01008022,-0.00388335
0.36670555,0.26569946,-0.89158899,-0.23333955,0.95398493,0.18832263,0.90059968,0.13898399,0.41182976,-0.02685585,-0.02878028,-0.01502385
0.36958588,0.26551346,-0.89045434,-0.23183027,0.95434872,0.18834344,0.89981168,0.13682518,0.41426787,-0.04108082,-0.03185087,-0.01826455
0.37364071,0.26414594,-0.88916791,-0.23006894,0.95503221,0.18703414,0.8985883,0.13468635,0.41761069,-0.04853352,-0.01787329,-0.0112801
0.37591254,0.26321739,-0.88848544,-0.22911513,0.95544078,0.18611602,0.89788419,0.13360211,0.41946926,-0.05318163,-0.01898545,-0.00687616
0.3806521,0.26108537,-0.88709546,-0.22736356,0.95629008,0.18388882,0.89633127,0.13169552,0.42337513,-0.05337838,0.00595289,0.00658906
0.38512697,0.2587856,-0.88583698,-0.22578941,0.95712887,0.18144825,0.89481634,0.13013201,0.42704719,-0.05737897,0.00912267,0.01469778
0.38731535,0.25771212,-0.88519562,-0.22501873,0.95752477,0.18031328,0.89406566,0.12934749,0.42885409,-0.06320202,0.00520521,0.01344266
0.39529346,0.2544274,-0.88261528,-0.22233931,0.95880288,0.1768114,0.89123974,0.1263477,0.43557773,-0.05337655,0.00660616,0.03346454
0.397014286,0.254026209,-0.881958211,-0.221807499,0.959007074,0.176371377,0.890607115,0.125603003,0.43708443,-0.0492418185,-0.000557541847,0.0322777778
0.40197682,0.25435129,-0.87961351,-0.22080233,0.95922161,0.17646595,0.88862863,0.12328552,0.44174622,-0.02436193,-0.00827909,0.0327785
0.40276361,0.25461229,-0.879178,-0.22059997,0.95921909,0.1767325,0.88832259,0.12276524,0.44250602,-0.01980082,-0.01535898,0.02345548
0.40434277,0.25484692,-0.87838477,-0.21990454,0.95931125,0.17709859,0.88777742,0.12155231,0.44393257,-0.0312493,-0.01467973,-0.00205811
0.4059353,0.25477148,-0.8776719,-0.21916002,0.95947177,0.17715191,0.88723467,0.12043839,0.44531919,-0.03531362,-0.00890368,-0.00225479
0.408158362,0.254577165,-0.876696759,-0.217839824,0.959749491,0.177275845,0.886539651,0.118622852,0.447186826,-0.0297825858,0.00239950418,-0.000893981196
0.409464924,0.254502816,-0.876108819,-0.216823796,0.95993493,0.177517218,0.886186091,0.117274198,0.448241958,-0.0281504802,0.000340521336,-0.00390849169
