0,1,2,3,4,5,6,7,8,9,10,11
-0.09926237,0.29556958,0.9501502,-0.95594109,0.23678185,-0.17352473,-0.27626689,-0.9255122,0.25904369,0.26996124,-0.02431065,-0.0646684
-0.10090367,0.27930869,0.95488487,-0.95643243,0.23706094,-0.17040873,-0.27396255,-0.93047771,0.24321956,0.22638054,-0.08317286,-0.04343269
-0.10253209,0.27227286,0.95674154,-0.95653986,0.23695964,-0.16994538,-0.27298056,-0.93258641,0.23614402,0.2163652,-0.09787303,-0.03766288
-0.10688234,0.2583898,0.96010987,-0.95625647,0.23774912,-0.17043763,-0.27230465,-0.936328,0.22167569,0.24606928,-0.06343222,-0.14161408
-0.11158284,0.24859642,0.96215855,-0.95533852,0.23976785,-0.17274162,-0.27363763,-0.93846214,0.21073977,0.25571018,-0.01276523,-0.15856524
-0.11424958,0.24677449,0.9623146,-0.95461141,0.24093562,-0.17512019,-0.27507107,-0.9386439,0.20804695,0.24876793,0.02206445,-0.11507371
-0.1207619,0.24636028,0.96162517,-0.95269442,0.24341132,-0.18200036,-0.27890805,-0.93811375,0.20531135,0.22619994,0.05980551,-0.04449967
-0.13044446,0.2471866,0.96014744,-0.9501565,0.24542693,-0.19227138,-0.28317297,-0.93737103,0.20285134,0.20606704,0.04170585,-0.03064581
-0.13670874,0.24764499,0.95915713,-0.94867256,0.24601827,-0.19873398,-0.28518556,-0.93709486,0.2013013,0.20154113,0.04180992,-0.05017928
-0.15215577,0.25000706,0.95621397,-0.9450424,0.24647045,-0.21481906,-0.28938479,-0.93634867,0.19876534,0.19909881,0.03219616,-0.04316797
-0.17147553,0.25541817,0.95150278,-0.94032946,0.24568514,-0.23541286,-0.29389876,-0.93509372,0.19804832,0.16909303,0.00378305,0.0324928
-0.18262978,0.2581668,0.9486813,-0.93750259,0.24496899,-0.24714177,-0.29620128,-0.93452665,0.19729344,0.15861331,-0.01124978,0.0190697
-0.20726684,0.26315667,0.94222562,-0.93078631,0.24341807,-0.27273531,-0.30112688,-0.93353965,0.19449009,0.15202819,-0.02372426,-0.02966647
-0.2339022,0.26902725,0.93429875,-0.9226438,0.24164018,-0.3005636,-0.30662393,-0.93232741,0.19169613,0.13383295,-0.02451384,-0.03546654
-0.24761369,0.27228818,0.92980983,-0.9180478,0.24076947,-0.3149891,-0.30963756,-0.93160562,0.19035588,0.12473893,-0.02156663,-0.03076917
-0.27573773,0.2785577,0.91998597,-0.90783046,0.239102,-0.34449096,-0.31593107,-0.9301805,0.18695378,0.10568824,-0.01287079,-0.02601622
-0.30451873,0.28374326,0.9092624,-0.89634504,0.23757607,-0.37433029,-0.32223268,-0.92900343,0.1819855,0.09552232,-0.0135206,-0.02192039
-0.31905222,0.28568561,0.90365332,-0.89014905,0.23697311,-0.3892022,-0.32533099,-0.92856202,0.17869602,0.07954489,-0.01521403,-0.01824941
-0.34765134,0.28822605,0.89222433,-0.87693582,0.23683481,-0.41820188,-0.33184644,-0.92781194,0.17041983,0.06189048,-0.01951349,-0.07590748
-0.37483473,0.29068874,0.88034022,-0.86293018,0.2377182,-0.44591649,-0.33889578,-0.92681717,0.16173909,0.03551943,-0.00749594,-0.09593211
-0.38766848,0.29263801,0.87411437,-0.85576734,0.23818434,-0.45927155,-0.34260063,-0.92608374,0.15809359,0.01416275,0.00150186,-0.09636163
-0.41127292,0.29696456,0.861781,-0.84152581,0.23960535,-0.48417302,-0.35026953,-0.92433828,0.15136022,-0.01425372,0.03104615,-0.08464532
-0.4316719,0.30049294,0.85050764,-0.82805802,0.24193308,-0.50575511,-0.35774175,-0.92259,0.14438994,-0.03876622,0.03454149,-0.09096001
-0.44079445,0.30182559,0.8453411,-0.82169908,0.24335234,-0.51535451,-0.36126291,-0.92178141,0.14074144,-0.0493001,0.03639174,-0.09431824
-0.45677474,0.30401743,0.83602047,-0.80995783,0.24649616,-0.53217286,-0.36786566,-0.92022445,0.13364809,-0.06696863,0.0418154,-0.11306859
-0.4694471,0.30583366,0.82830267,-0.79983766,0.2500629,-0.54564487,-0.37400435,-0.91865901,0.12722592,-0.08424041,0.02244127,-0.12841721
-0.47442608,0.30683921,0.82508766,-0.79556024,0.25178002,-0.55108144,-0.37683399,-0.91785432,0.12465805,-0.09199119,0.01917291,-0.13551515
-0.48185196,0.30936821,0.81982311,-0.78847797,0.25506767,-0.5596811,-0.3822579,-0.91609593,0.1210252,-0.10942496,0.02656198,-0.13375944
-0.48539131,0.31102336,0.81710446,-0.78391358,0.25900883,-0.56426403,-0.38713656,-0.91442816,0.11809482,-0.12272463,0.05565608,-0.12739471
-0.48552665,0.31112491,0.81698527,-0.78274089,0.26147929,-0.56475231,-0.38933321,-0.91369019,0.11657513,-0.12350836,0.06911433,-0.14204419
-0.48267473,0.31014415,0.81904538,-0.7824634,0.26738563,-0.56236622,-0.39341551,-0.91231318,0.11361633,-0.13306022,0.09281695,-0.18725596
-0.47533388,0.30863879,0.82389307,-0.78511985,0.2738042,-0.55553405,-0.39704474,-0.91091896,0.11217003,-0.1762912,0.12714791,-0.19173865
-0.47023827,0.30798722,0.82705485,-0.78743618,0.27675475,-0.55077311,-0.39852242,-0.91024756,0.11237966,-0.20167875,0.1296736,-0.1912367
-0.4575356,0.30651082,0.83469288,-0.79388179,0.28200946,-0.53872287,-0.40051566,-0.90913241,0.11430403,-0.16988759,0.08109474,-0.24733818
-0.44073163,0.30620774,0.84379638,-0.80274802,0.28619779,-0.52315044,-0.40168535,-0.90792488,0.11967129,-0.11017641,0.12508488,-0.28520116
-0.4299929,0.30709844,0.84899735,-0.80824764,0.28808358,-0.51355966,-0.40229555,-0.90702719,0.12433777,-0.09946059,0.17613947,-0.27507773
-0.35398744,0.32233282,0.87794895,-0.84455726,0.29309087,-0.44813026,-0.4017659,-0.90011069,0.16847807,-0.11560193,0.2719878,-0.13722368
-0.31841647,0.32723066,0.88968034,-0.86005292,0.29496106,-0.41630155,-0.3986477,-0.89772942,0.1875152,-0.06896282,0.14866889,-0.12286562
-0.28174529,0.33545966,0.89893609,-0.87462929,0.2954314,-0.38437445,-0.39451601,-0.89453169,0.21016658,0.0034918,0.0671581,-0.15165183
-0.26262407,0.34258258,0.9020342,-0.88162373,0.29472473,-0.36861483,-0.39213279,-0.89206192,0.22462716,0.01107031,0.03360212,-0.09852728
-0.22366596,0.36298658,0.90455192,-0.89496613,0.29107349,-0.33810027,-0.38601692,-0.8851649,0.25975751,-0.0278304,-0.01913828,0.08642951
-0.18534474,0.38362353,0.90469904,-0.90696412,0.28758263,-0.30775371,-0.3782373,-0.87757008,0.29463083,-0.07069795,-0.00796616,0.23288952
-0.1668177,0.39095059,0.90516832,-0.91243946,0.28670192,-0.29198691,-0.373666,-0.87461978,0.3088917,-0.08510819,0.02080095,0.2604183
-0.13177424,0.39693431,0.90833845,-0.92213465,0.28714789,-0.25925626,-0.36373518,-0.87177364,0.32818816,-0.08798297,0.06731987,0.25357544
-0.1004374,0.39290655,0.9140769,-0.93013499,0.28907666,-0.22645851,-0.35321528,-0.87295991,0.33642212,-0.02483275,0.10020447,0.21182124
-0.08594774,0.38851679,0.91742438,-0.93364986,0.2899744,-0.21026808,-0.34772221,-0.87462531,0.3378161,0.01002713,0.10078323,0.19015351
-0.0594919,0.3776108,0.92405129,-0.9399456,0.29048576,-0.17922134,-0.33609966,-0.87922017,0.33765206,0.08241358,0.01942575,0.14889698
-0.03650575,0.36798998,0.92911287,-0.94534015,0.28875138,-0.15150792,-0.32403603,-0.8838586,0.33733461,0.12531339,-0.11366367,0.15991443
-0.02641154,0.36401354,0.93101909,-0.94770222,0.28721001,-0.13917933,-0.31806116,-0.88600481,0.3373908,0.12923929,-0.16862762,0.17897625
-0.00912955,0.35592772,0.93446888,-0.95186097,0.2832463,-0.11718451,-0.30639406,-0.89055431,0.3362078,0.14673808,-0.24887514,0.19312289
0.01099052,0.34121248,0.93992189,-0.95706697,0.27587865,-0.0889591,-0.2896583,-0.89859053,0.32959529,0.22095056,-0.31114888,0.09375849
0.02205749,0.33461285,0.94209744,-0.95977808,0.27090098,-0.07374683,-0.27989171,-0.90257787,0.32712954,0.26922071,-0.31219649,0.06297305
0.03198694,0.33414061,0.94198024,-0.96193898,0.26619359,-0.06175994,-0.27138557,-0.90415206,0.32993765,0.28929555,-0.30121583,0.10095599
0.03649873,0.33503481,0.94149853,-0.96281791,0.26414045,-0.05666989,-0.26767422,-0.90442328,0.33221832,0.30502579,-0.2858755,0.11894487
0.04435906,0.33585168,0.94086983,-0.96417546,0.26094368,-0.04768822,-0.26153025,-0.90504814,0.3353951,0.34316587,-0.23263228,0.14953327
0.05064469,0.33470849,0.9409598,-0.96529612,0.25809899,-0.03985377,-0.25620017,-0.90628646,0.33616415,0.36982873,-0.17867792,0.13240162
0.05292607,0.33411618,0.9410447,-0.96580948,0.25662814,-0.03679648,-0.25379282,-0.90692244,0.33627493,0.37673059,-0.1584537,0.13260514
0.05601131,0.33397409,0.94091657,-0.96684457,0.25330741,-0.03235558,-0.24914704,-0.90790782,0.33708915,0.35835057,-0.11873841,0.17238639
0.05645121,0.33518725,0.94045882,-0.96782405,0.24972235,-0.03090928,-0.245214,-0.90845378,0.33849939,0.31537753,-0.09505665,0.21929674
0.05542992,0.33578793,0.94030518,-0.96825923,0.24795889,-0.03146969,-0.24372411,-0.90871488,0.33887419,0.28101483,-0.08091938,0.23060182
0.05091967,0.33634374,0.9403616,-0.96908866,0.24423422,-0.03488129,-0.24140053,-0.90951769,0.33838331,0.26375511,-0.08618748,0.16738632
0.04378053,0.3391659,0.93970726,-0.96982552,0.24023771,-0.04152461,-0.23983684,-0.90953412,0.33944949,0.23863968,-0.1143499,0.22485584
0.03894988,0.34167885,0.93900931,-0.97013618,0.23808338,-0.04639077,-0.23941326,-0.90915998,0.34074833,0.21374641,-0.1260367,0.28702146
0.02798124,0.34534573,0.93805827,-0.97059891,0.23382433,-0.05713045,-0.23907058,-0.90887978,0.34173492,0.22296146,-0.14612561,0.32680804
0.01448134,0.3457152,0.9382277,-0.97087523,0.2292835,-0.06950044,-0.23914747,-0.90989561,0.3389667,0.23933345,-0.13381463,0.29287711
0.00682071,0.34441933,0.938791,-0.97085657,0.22719162,-0.07629742,-0.23956366,-0.91091114,0.33593152,0.24681436,-0.12124592,0.25944179
-0.00975593,0.34005134,0.94035614,-0.97034504,0.2239233,-0.09104222,-0.2415266,-0.91335824,0.32778268,0.27894798,-0.06471586,0.15927996
-0.02691609,0.33643579,0.94132172,-0.9690556,0.22235866,-0.10718181,-0.24537087,-0.91507795,0.32003991,0.32369602,0.02658832,0.07355395
-0.03542315,0.33638755,0.94105712,-0.96812529,0.22207642,-0.11582487,-0.2479486,-0.91516414,0.31779871,0.32112938,0.0673238,0.06281172
-0.05283952,0.34141789,0.93842506,-0.96573164,0.2216568,-0.13502033,-0.25410658,-0.91340129,0.31800594,0.26153433,0.15540123,0.07636257
-0.07100885,0.35068835,0.93379615,-0.96253307,0.2215239,-0.15638774,-0.26170147,-0.90991467,0.32181908,0.19739915,0.29613781,0.13238908
-0.08009773,0.35511256,0.93138574,-0.96075193,0.22146378,-0.16706142,-0.26559381,-0.9082119,0.32343634,0.1841225,0.35990512,0.14805041
-0.09836596,0.36216089,0.92691069,-0.95679138,0.22169205,-0.18815615,-0.27363147,-0.90536842,0.32470558,0.11524528,0.45589745,0.21087167
-0.11877446,0.36647723,0.92281473,-0.95186875,0.22245295,-0.21085667,-0.28255702,-0.90344291,0.32241652,0.05621663,0.37513554,0.10292534
-0.12999858,0.36795399,0.92071186,-0.9489192,0.22307895,-0.22313269,-0.28749403,-0.90268804,0.32015861,-0.01408634,0.37120938,0.14589396
-0.15432295,0.36764884,0.91707083,-0.94179326,0.22585579,-0.24902754,-0.29868049,-0.90212172,0.31139439,-0.05197351,0.31347799,0.08146003
-0.18066508,0.36467951,0.91343802,-0.9329916,0.23037192,-0.27650581,-0.31126648,-0.90218493,0.29862275,-0.10600168,0.25012577,0.02387715
-0.19470507,0.36307866,0.91118809,-0.92791777,0.2328955,-0.29108117,-0.31789694,-0.90218264,0.29156125,-0.1390094,0.23013175,-0.02002127
-0.22393439,0.36062109,0.90543129,-0.91645072,0.23819492,-0.32152958,-0.33161949,-0.90178468,0.27715142,-0.17231777,0.17425096,-0.0878433
-0.25330427,0.36039611,0.89774801,-0.90351878,0.24346789,-0.35267142,-0.3456742,-0.90046542,0.26395325,-0.17452975,0.15780032,-0.09461804
-0.26755056,0.36092483,0.89339226,-0.89664796,0.24618994,-0.3679848,-0.35275899,-0.899513,0.25775437,-0.17166154,0.14517224,-0.11020435
-0.29550346,0.3638519,0.88333999,-0.88203749,0.25129118,-0.39857575,-0.3669981,-0.89691948,0.24667359,-0.15431342,0.14814329,-0.15039542
-0.29550346,0.3638519,0.88333999,-0.88203749,0.25129118,-0.39857575,-0.3669981,-0.89691948,0.24667359,-0.15431342,0.14814329,-0.15039542
-0.33588967,0.37441258,0.86428776,-0.85810686,0.25670855,-0.44469465,-0.38836933,-0.8910196,0.23506026,-0.21218169,0.12717044,-0.18634312
-0.33588967,0.37441258,0.86428776,-0.85810686,0.25670855,-0.44469465,-0.38836933,-0.8910196,0.23506026,-0.21218169,0.12717044,-0.18634312
-0.38798815,0.39596331,0.83227293,-0.82254825,0.25861174,-0.50649219,-0.41578787,-0.88109762,0.22536065,-0.22797282,-0.11444229,-0.13947213
-0.40138226,0.40201828,0.82296633,-0.81284009,0.2577521,-0.52235509,-0.42211759,-0.8786041,0.22331945,-0.22833602,-0.17197162,-0.11356663
-0.40138226,0.40201828,0.82296633,-0.81284009,0.2577521,-0.52235509,-0.42211759,-0.8786041,0.22331945,-0.22833602,-0.17197162,-0.11356663
-0.45235294,0.42086691,0.78628727,-0.77304943,0.25459649,-0.58101214,-0.44471474,-0.87066157,0.21018355,-0.20637295,-0.27962846,-0.08961052
-0.46384202,0.42392024,0.7779087,-0.76332313,0.25443767,-0.59380059,-0.44965334,-0.8692255,0.20556937,-0.2004675,-0.28399158,-0.09174924
-0.48524599,0.42795856,0.76248794,-0.74443055,0.25521684,-0.61699883,-0.4586497,-0.8670155,0.19474244,-0.19383587,-0.27908862,-0.0942831
-0.50452387,0.42916653,0.7491807,-0.72667827,0.25751484,-0.63688679,-0.46625564,-0.86573794,0.18194363,-0.17197087,-0.26713657,-0.12356617
-0.51324564,0.42895002,0.7433577,-0.71841381,0.25912594,-0.64555038,-0.4695321,-0.86536441,0.17516842,-0.16533512,-0.25358236,-0.15121959
-0.51324564,0.42895002,0.7433577,-0.71841381,0.25912594,-0.64555038,-0.4695321,-0.86536441,0.17516842,-0.16533512,-0.25358236,-0.15121959
-0.53914974,0.42881599,0.7248687,-0.69169549,0.26557674,-0.67158503,-0.48049468,-0.86347319,0.15342435,-0.14489776,-0.19802403,-0.21808155
-0.54288969,0.42993693,0.72140485,-0.68729689,0.26617069,-0.67585215,-0.48259062,-0.8627325,0.15099302,-0.14918514,-0.17770743,-0.21289922
-0.54726309,0.43336747,0.71602769,-0.68146018,0.26596691,-0.68181639,-0.48591671,-0.86107735,0.14976884,-0.14495473,-0.15075886,-0.1979119
-0.54771368,0.43748768,0.71317181,-0.6797676,0.26425872,-0.68416609,-0.48777609,-0.85951833,0.15265193,-0.12897038,-0.13457012,-0.16381624
-0.54655493,0.43974113,0.71267469,-0.68045462,0.26284447,-0.68402791,-0.48811779,-0.85880173,0.15556505,-0.12977147,-0.12677658,-0.13766454
-0.54138111,0.44289701,0.71466669,-0.6848224,0.26084446,-0.68042511,-0.48777507,-0.85778919,0.16208965,-0.13129225,-0.07125556,-0.08436909
-0.53169265,0.44294696,0.7218733,-0.69367979,0.2612535,-0.67123397,-0.48591298,-0.85763901,0.16835672,-0.15793477,-0.02021629,-0.01713592
-0.52542987,0.44144436,0.72735839,-0.69959216,0.26239151,-0.66462129,-0.48424598,-0.85806616,0.17096272,-0.17964131,0.00967443,-0.00086776
-0.52542987,0.44144436,0.72735839,-0.69959216,0.26239151,-0.66462129,-0.48424598,-0.85806616,0.17096272,-0.17964131,0.00967443,-0.00086776
-0.48668824,0.41537149,0.76850561,-0.73378731,0.28296935,-0.61764426,-0.47401533,-0.86451996,0.16707657,-0.11532362,0.23663104,-0.11761355
-0.47317415,0.40569419,0.78199646,-0.74486027,0.28974872,-0.60102318,-0.47041409,-0.86686672,0.16508388,-0.12367949,0.26538908,-0.14882465
-0.40908879,0.36934197,0.83440566,-0.79253117,0.30940302,-0.52551316,-0.45226169,-0.87627407,0.16614175,-0.11719021,0.25056612,-0.18929379
-0.39096601,0.36143591,0.8464689,-0.8046806,0.31222232,-0.5049815,-0.44680493,-0.87856774,0.16877218,-0.11083285,0.26563132,-0.20039558
-0.35057611,0.34588797,0.87032047,-0.82934166,0.31705421,-0.46007494,-0.43507313,-0.88308439,0.17570776,-0.07502452,0.41844761,-0.24278095
-0.30416169,0.33452295,0.89195286,-0.85373212,0.31968673,-0.41102528,-0.42264285,-0.88650703,0.1883566,-0.0638364,0.47501791,-0.22697833
-0.30416169,0.33452295,0.89195286,-0.85373212,0.31968673,-0.41102528,-0.42264285,-0.88650703,0.1883566,-0.0638364,0.47501791,-0.22697833
-0.23008161,0.32838737,0.91609186,-0.88578139,0.31920808,-0.33689404,-0.40305569,-0.88897019,0.21743547,-0.03836014,0.36390507,-0.09993193
-0.15866719,0.32466043,0.93242715,-0.91033713,0.31751477,-0.26546321,-0.38224481,-0.89094333,0.24517124,-0.03195181,0.03212762,-0.01980897
-0.11700209,0.32842965,0.93725361,-0.92282367,0.3128159,-0.22481679,-0.3670243,-0.89122393,0.26648261,-0.0514794,-0.15047258,0.07698682
-0.07995653,0.33586757,0.93850943,-0.93277149,0.30678739,-0.18925873,-0.35148873,-0.8905473,0.28875802,-0.04385912,-0.18601477,0.18470137
-0.06314637,0.33960175,0.93844719,-0.93687364,0.30387061,-0.17300406,-0.34391898,-0.89013104,0.29897563,-0.0300102,-0.15430623,0.2218692
-0.03352255,0.34415809,0.93831304,-0.94337904,0.29911291,-0.14341335,-0.33001838,-0.88999248,0.31464454,0.02254019,-0.08109504,0.22423258
-0.00936393,0.34471216,0.9386617,-0.94792008,0.29580841,-0.11808837,-0.3183705,-0.89088208,0.32398968,0.08993437,-0.0588823,0.1090375
0.000692059437,0.344629272,0.938738616,-0.949566729,0.294581503,-0.107446577,-0.313564269,-0.891320596,0.327452357,0.135609299,-0.0494036674,0.0286773201
0.01782034,0.34730924,0.93758127,-0.95197321,0.29256797,-0.09028242,-0.30566213,-0.89094344,0.3358428,0.20738943,-0.04393202,-0.04575696
0.03118485,0.3590144,0.9328109,-0.95371352,0.28995897,-0.07971394,-0.29909534,-0.8871485,0.35143921,0.23282692,-0.10959923,-0.0069056
0.03623886,0.36835406,0.92897901,-0.95446962,0.28818892,-0.077038,-0.29609871,-0.88389049,0.36202642,0.22450119,-0.14765912,0.04159057
0.04315849,0.3909618,0.91939443,-0.95588958,0.28377672,-0.07580113,-0.29053805,-0.87556814,0.38596374,0.20226389,-0.21054077,0.13415898
0.04596179,0.4140006,0.90911553,-0.95736423,0.27808768,-0.0782368,-0.28520392,-0.86675877,0.40913075,0.17844936,-0.27110231,0.2113672
0.04618606,0.4245238,0.90423803,-0.95811298,0.27494774,-0.08014526,-0.28264178,-0.86266059,0.4194405,0.16200452,-0.2891078,0.24362597
0.0447813,0.44180628,0.89599207,-0.95957551,0.26848889,-0.0844305,-0.27786583,-0.85599117,0.4359698,0.15392566,-0.30343413,0.29926893
0.04080361,0.45256705,0.8907963,-0.96105013,0.26167776,-0.08892318,-0.27334525,-0.85247156,0.44561707,0.14567769,-0.27775079,0.33494338
0.03772924,0.45491879,0.88973326,-0.96177586,0.25819412,-0.09122995,-0.27122608,-0.85228199,0.44727145,0.16168463,-0.25260717,0.32767302
0.03029469,0.45385968,0.890558,-0.96316552,0.25142848,-0.09537219,-0.26719721,-0.85486552,0.44475898,0.18806078,-0.2121706,0.28499609
0.02129329,0.44852606,0.89351607,-0.96441201,0.24480356,-0.09990338,-0.26354518,-0.85959036,0.4377766,0.1939019,-0.17025173,0.23084983
0.01628441,0.4452799,0.89524331,-0.96496771,0.24149202,-0.10256164,-0.26186273,-0.86221075,0.43361331,0.19419692,-0.13294506,0.21299481
0.00639023,0.43799911,0.89895257,-0.96590505,0.23537765,-0.1078176,-0.25881729,-0.86761395,0.42456979,0.20531577,-0.10258806,0.18391082
-0.0029447,0.43107642,0.90231055,-0.96657897,0.23008412,-0.11307655,-0.25635192,-0.87248743,0.41599195,0.20138738,-0.10440773,0.14944075
-0.0029447,0.43107642,0.90231055,-0.96657897,0.23008412,-0.11307655,-0.25635192,-0.87248743,0.41599195,0.20138738,-0.10440773,0.14944075
-0.0029447,0.43107642,0.90231055,-0.96657897,0.23008412,-0.11307655,-0.25635192,-0.87248743,0.41599195,0.20138738,-0.10440773,0.14944075
-0.02480962,0.42457167,0.90505425,-0.96678769,0.22017377,-0.12978805,-0.25437348,-0.87821539,0.40500835,0.06034346,-0.07868606,0.21578914
-0.02871529,0.42350523,0.90543836,-0.96666856,0.21878218,-0.13298928,-0.25441539,-0.87907769,0.40310687,0.02817348,-0.0698483,0.23241696
-0.0351397,0.42059086,0.9065697,-0.96627604,0.21725298,-0.13824557,-0.25509983,-0.88085444,0.39877261,-0.01923769,-0.01285625,0.25208637
-0.03791354,0.41416154,0.90941345,-0.96576323,0.21854109,-0.13978989,-0.25663982,-0.88357798,0.39169629,-0.02240684,0.0700165,0.20195992
-0.03757983,0.40889907,0.91180535,-0.9655206,0.22035524,-0.13861208,-0.25759934,-0.88557602,0.38651974,-0.0170156,0.09996307,0.165654
-0.03433042,0.39616578,0.91753707,-0.96495334,0.22585472,-0.13362197,-0.26016659,-0.88996767,0.3745277,0.05138099,0.07376897,0.11455978
-0.0325059,0.38769769,0.92121317,-0.96375992,0.23202104,-0.1316546,-0.26478298,-0.89210796,0.36610553,0.11131539,0.0492233,0.0710865
-0.03357472,0.38717513,0.92139467,-0.96285806,0.23460109,-0.13366628,-0.26791244,-0.8916601,0.36491804,0.13331468,0.06178713,0.05662907
-0.0389661,0.39400271,0.91828288,-0.96068151,0.23805268,-0.14290523,-0.27490473,-0.88774588,0.36923517,0.16719596,0.1701901,0.07085503
-0.04463452,0.40877132,0.91154476,-0.95749164,0.24279237,-0.15576164,-0.28498703,-0.87974879,0.38055815,0.20626017,0.49006474,0.13537468
-0.04774255,0.41626378,0.90798958,-0.95514533,0.2469531,-0.16343659,-0.29226356,-0.87506491,0.38580226,0.12365429,0.3938123,0.11514895
-0.05648972,0.41988328,0.90581841,-0.95134151,0.25262835,-0.17643208,-0.3029163,-0.87170923,0.38518146,0.09614781,0.28994179,-0.08992902
-0.06281569,0.42161736,0.90459546,-0.94873541,0.2560974,-0.18524368,-0.30976648,-0.86985797,0.38391641,0.06144671,0.27427435,-0.14074053
-0.07755145,0.42939335,0.89978166,-0.94259066,0.26245795,-0.2064912,-0.32482078,-0.86413952,0.38438821,-0.00919524,0.20346105,-0.1177944
-0.12711416,0.45640017,0.880648,-0.92401821,0.26828985,-0.27241682,-0.36060001,-0.84836281,0.38761862,-0.12026618,0.04863513,0.039423
-0.15220372,0.45728706,0.87619765,-0.9143016,0.27153362,-0.30053604,-0.37534831,-0.84685174,0.37677,-0.04991204,0.04871035,-0.02158667
-0.15220372,0.45728706,0.87619765,-0.9143016,0.27153362,-0.30053604,-0.37534831,-0.84685174,0.37677,-0.04991204,0.04871035,-0.02158667
-0.19082228,0.45526158,0.86966865,-0.89678486,0.27944307,-0.34305739,-0.39920369,-0.84536877,0.35494783,0.01111822,0.08308232,-0.19835316
-0.21696197,0.45965694,0.86118689,-0.88328075,0.28317079,-0.37367008,-0.41562299,-0.84174207,0.34456891,-0.02957139,0.00926149,-0.18200165
-0.2303573,0.46342245,0.85567214,-0.87597564,0.28419733,-0.38974141,-0.4237946,-0.83932789,0.34048002,-0.04947063,-0.05354178,-0.17901924
-0.25842394,0.47263838,0.84251413,-0.8602062,0.28430291,-0.42334048,-0.43961618,-0.83413718,0.33309577,-0.08368529,-0.1502459,-0.16225509
-0.28771096,0.48233915,0.82738813,-0.84320394,0.28207173,-0.45764892,-0.45412476,-0.82932765,0.32555526,-0.10081058,-0.21299982,-0.14919794
-0.33009552,0.49549238,0.80344526,-0.81646734,0.2772872,-0.5064513,-0.47372785,-0.8231641,0.31302206,-0.09811389,-0.26866174,-0.15050159
-0.35612805,0.50390903,0.78692329,-0.79814943,0.27389607,-0.53659883,-0.48593216,-0.81918039,0.30465275,-0.13315661,-0.28203374,-0.1251803
-0.36864452,0.50746646,0.77883189,-0.78882239,0.27248599,-0.55091804,-0.49179322,-0.81745289,0.29985038,-0.15549898,-0.27475864,-0.12639652
-0.39289731,0.51135188,0.76429771,-0.76997176,0.27147752,-0.57744563,-0.50276756,-0.81536447,0.28706371,-0.16783909,-0.22844851,-0.13617174
-0.41582154,0.51041897,0.752705,-0.75133234,0.27354744,-0.60055929,-0.51243737,-0.81525715,0.26974741,-0.15747112,-0.1707316,-0.17250766
-0.44504621,0.50427449,0.74002757,-0.72640775,0.2799866,-0.62764572,-0.52370351,-0.81689326,0.24170207,-0.13586487,-0.09429002,-0.24473459
-0.46077793,0.50117466,0.73246675,-0.71289986,0.28257427,-0.64181424,-0.52863728,-0.81790934,0.22708342,-0.14084345,-0.08410335,-0.26642433
-0.46756272,0.50051311,0.72860943,-0.70730745,0.28254484,-0.64798501,-0.53018982,-0.81832453,0.22190923,-0.13795908,-0.0799619,-0.26298431
-0.48554439,0.50090871,0.71647561,-0.69421053,0.27719893,-0.66425341,-0.5313366,-0.81990933,0.21314363,-0.10807692,-0.07068467,-0.23580885
-0.4872107,0.50144705,0.71496596,-0.6934818,0.27543282,-0.66574742,-0.53076215,-0.82017528,0.21355071,-0.1104116,-0.0555619,-0.22365655
-0.48117409,0.50180522,0.71879247,-0.701929,0.27063914,-0.65882467,-0.52513501,-0.82155084,0.22200729,-0.10440398,0.01935184,-0.15061717
-0.47669916,0.50087358,0.72241504,-0.70667003,0.27044451,-0.65381741,-0.52285304,-0.8221833,0.22503171,-0.11230551,0.04597342,-0.15309156
-0.46375457,0.49711773,0.73335228,-0.71945914,0.27173524,-0.63917014,-0.51702046,-0.82403512,0.23163748,-0.10588016,0.12277734,-0.17468238
-0.44512512,0.49093512,0.74889666,-0.7366892,0.27467783,-0.61793289,-0.50907026,-0.82676159,0.23940066,-0.09991042,0.17901242,-0.14641942
-0.43390344,0.4878611,0.7574425,-0.74657059,0.27592002,-0.60539276,-0.50434111,-0.8281664,0.24450021,-0.11851934,0.17038453,-0.11895918
-0.38132627,0.47836792,0.79104634,-0.78900151,0.27749921,-0.54815213,-0.48173312,-0.83316161,0.27161532,-0.13221644,0.14408219,-0.05669469
-0.36599979,0.47586905,0.79974537,-0.80016675,0.27786548,-0.53152975,-0.47516017,-0.8344695,0.27907595,-0.13508746,0.17866862,-0.0451239
-0.2660193,0.46079356,0.84670114,-0.85916988,0.28494469,-0.42501003,-0.43710484,-0.84052109,0.32009927,-0.02467378,0.48005116,-0.04386193
-0.17585538,0.45593471,0.87246683,-0.89766953,0.2895079,-0.33222664,-0.40405969,-0.84161076,0.35836721,0.02796653,0.21116579,0.02363457
-0.17585538,0.45593471,0.87246683,-0.89766953,0.2895079,-0.33222664,-0.40405969,-0.84161076,0.35836721,0.02796653,0.21116579,0.02363457
-0.11527666,0.46021194,0.88029319,-0.91713631,0.2910788,-0.27227563,-0.38153914,-0.83873595,0.38852258,-0.05294904,-0.00480497,0.10118392
-0.07873961,0.46613708,0.88120157,-0.92637675,0.29233533,-0.23741548,-0.3682745,-0.83501869,0.40880023,-0.1387614,-0.03435391,0.21536899
-0.06208971,0.46718289,0.88197781,-0.92996415,0.29375836,-0.22107146,-0.36236912,-0.83393409,0.41622406,-0.15034136,-0.03005743,0.23566014
-0.03293094,0.46285691,0.88582114,-0.9352783,0.29821126,-0.19059008,-0.35237779,-0.83476557,0.42307962,-0.11295971,-0.03229153,0.19439271
-0.010546,0.45289754,0.89150002,-0.93875343,0.30260741,-0.1648349,-0.34442775,-0.8386372,0.42196799,-0.04355927,-0.02662861,0.11993688
-0.0017559,0.4475152,0.89427462,-0.94010979,0.30409119,-0.15401998,-0.34086733,-0.84098675,0.42017945,-0.00455966,-0.02062631,0.08259553
0.01893027,0.43435066,0.90054492,-0.94483999,0.30234167,-0.12596398,-0.3269848,-0.84848632,0.41611527,0.09637808,-0.1558944,0.08150702
0.02089113,0.43302742,0.90113854,-0.94588144,0.30051191,-0.12247772,-0.32383904,-0.8498116,0.41587071,0.1160194,-0.19354016,0.10357167
0.02158062,0.4305093,0.90232808,-0.94778541,0.29604411,-0.11857767,-0.31817769,-0.85265444,0.41441928,0.14907742,-0.25937784,0.10501926
0.0192001,0.42787649,0.90363332,-0.94945732,0.29102336,-0.11762775,-0.31330858,-0.85570275,0.41183808,0.18222219,-0.29202759,0.08652522
0.017198,0.42686418,0.90415216,-0.95024323,0.28828302,-0.11802818,-0.3110337,-0.85713466,0.41058273,0.19072731,-0.28826272,0.09007685
0.01147514,0.42487945,0.90517716,-0.95173191,0.28230962,-0.12044749,-0.30671586,-0.86010387,0.40761092,0.20240301,-0.27832007,0.1239105
0.00399414,0.42120117,0.90695844,-0.95322855,0.27571269,-0.12384601,-0.30222403,-0.86404403,0.40260222,0.2212147,-0.27828336,0.13324934
-0.000521482706,0.418718149,0.90811604,-0.953973761,0.272126251,-0.126021017,-0.299889472,-0.86638464,0.399304273,0.230447322,-0.274339557,0.133835673
-0.01045389,0.41218714,0.91103916,-0.95545339,0.264629,-0.13069132,-0.29495662,-0.87182175,0.39105927,0.24197304,-0.24380225,0.13057964
-0.02091558,0.40384779,0.91458698,-0.95680696,0.25723386,-0.13546611,-0.28997038,-0.87791662,0.38102427,0.24498177,-0.21457827,0.1028518
-0.0262376,0.399494,0.91636025,-0.9574107,0.25362481,-0.13798259,-0.2875349,-0.88095345,0.37582534,0.23635167,-0.19923836,0.09930436
-0.03749573,0.39128179,0.91950666,-0.95849225,0.24617501,-0.14384149,-0.28264208,-0.88673351,0.36581012,0.20047757,-0.15945959,0.1045675
-0.04947432,0.38296995,0.9224349,-0.95942185,0.23847348,-0.15046587,-0.27760012,-0.89244848,0.35563152,0.17731026,-0.11166179,0.11129904
-0.05557811,0.37857116,0.92390209,-0.95988509,0.23444436,-0.15380682,-0.27483049,-0.89538807,0.35035477,0.16385819,-0.0961377,0.11644211
-0.06838722,0.36937651,0.92675998,-0.96068986,0.22615235,-0.161028,-0.26906887,-0.90134124,0.3393904,0.13909218,-0.08396941,0.12157385
-0.08139172,0.36021509,0.92931174,-0.96126262,0.21798886,-0.16868584,-0.26334274,-0.90704235,0.3285189,0.10313409,-0.04723251,0.12780809
-0.08762733,0.35586317,0.93042072,-0.96145707,0.21414712,-0.17245642,-0.26061776,-0.90967154,0.3233821,0.07314546,-0.01685572,0.14207616
-0.09707464,0.34757286,0.93261417,-0.96185834,0.20801663,-0.17764378,-0.25574329,-0.91428764,0.31412295,0.0172445,0.04066145,0.16875032
-0.10084723,0.33136855,0.93809644,-0.96269963,0.20545237,-0.17606503,-0.25107661,-0.92086067,0.29828896,-0.06793477,0.09902835,0.13534009
-0.09569996,0.3149859,0.94425919,-0.9635934,0.20860599,-0.16724624,-0.24965833,-0.92588738,0.28355474,-0.03894811,0.07624459,0.10091829
-0.0890598,0.29640476,0.95090084,-0.96389752,0.21487662,-0.15725617,-0.25093778,-0.93057624,0.26656703,0.03957029,-0.00989771,-0.02934816
-0.09034164,0.29893101,0.94998868,-0.96305727,0.21676418,-0.15979323,-0.25369062,-0.92932956,0.26830493,0.05574936,0.01554954,-0.01630932
-0.0928411,0.31006652,0.94617092,-0.96208191,0.21684213,-0.16546291,-0.25647426,-0.92565562,0.27817747,0.12168467,0.21085751,0.09099691
-0.09356439,0.31559855,0.94426869,-0.96169014,0.21681762,-0.16775655,-0.25767784,-0.92378988,0.28322156,0.14193252,0.32342684,0.13156681
-0.09449949,0.32330046,0.94156592,-0.96097161,0.21739496,-0.17109296,-0.26000603,-0.92098645,0.290139,0.13049792,0.402789,0.12857468
-0.09972841,0.32072563,0.94190726,-0.95899036,0.22143007,-0.17693556,-0.26531435,-0.9209255,0.28548993,0.04450523,0.29292834,-0.0044187
-0.12465965,0.3113248,0.94209171,-0.95186379,0.23045109,-0.20210788,-0.28002724,-0.92193771,0.26761087,-0.10882147,0.06325805,-0.21162832
-0.14931874,0.32157703,0.93503587,-0.94427068,0.23417655,-0.23133136,-0.29335431,-0.91746909,0.26868884,-0.13941739,0.07277536,-0.08753142
-0.16648021,0.3299199,0.92921305,-0.93827124,0.23676632,-0.25216778,-0.30320144,-0.91383498,0.2701376,-0.1400234,0.1051321,-0.04938282
-0.17546961,0.33222584,0.92673418,-0.9348721,0.23883051,-0.26262908,-0.30858452,-0.91246144,0.26868125,-0.13122039,0.11205614,-0.08725519
-0.21538521,0.33832677,0.9160481,-0.91757503,0.2508843,-0.30840409,-0.33416342,-0.90696859,0.25640347,-0.11618845,0.10927212,-0.25301662
-0.25036125,0.35423821,0.90101855,-0.9009912,0.25533587,-0.35073976,-0.35430776,-0.89962149,0.25523936,-0.16854054,-0.03612238,-0.22639066
-0.27606391,0.37079281,0.88673634,-0.88825876,0.25397999,-0.38274078,-0.3671308,-0.89331227,0.25924528,-0.20536138,-0.11414194,-0.17493287
-0.31647618,0.3964186,0.86179756,-0.86697067,0.24782294,-0.43237207,-0.38497352,-0.88398871,0.26525328,-0.24761949,-0.17937982,-0.11765522
-0.34319932,0.40882566,0.84562156,-0.85167626,0.24417816,-0.46370744,-0.39605781,-0.87933987,0.26438533,-0.24843894,-0.16631305,-0.11119318
-0.35601613,0.41297159,0.83827598,-0.84388987,0.24321804,-0.47822032,-0.40137518,-0.87766693,0.26191318,-0.24872524,-0.15358722,-0.12081624
-0.38038907,0.41762236,0.82516393,-0.82827026,0.24309101,-0.50485148,-0.41142716,-0.87549884,0.25343513,-0.24422231,-0.11772299,-0.15336731
-0.40293161,0.41905725,0.81365651,-0.81295297,0.24450618,-0.52851119,-0.42042046,-0.87441845,0.24215467,-0.22658773,-0.08881289,-0.20327461
-0.43157105,0.41970942,0.79849261,-0.79191802,0.2476132,-0.55816983,-0.43198645,-0.87323062,0.22551276,-0.21252649,-0.06185681,-0.29260451
-0.44610207,0.42258611,0.78893206,-0.78043724,0.247801,-0.57403162,-0.43807593,-0.87178872,0.21925747,-0.21141264,-0.03223836,-0.30614293
-0.46109031,0.43262532,0.77474581,-0.76823466,0.2423252,-0.59253186,-0.44408472,-0.86839728,0.22062396,-0.21261206,-0.02397668,-0.22041234
-0.46657821,0.44055857,0.76695053,-0.76369556,0.23675465,-0.60059673,-0.44617716,-0.86594196,0.22598796,-0.2128469,-0.04788017,-0.17842935
-0.46791142,0.44420132,0.76403134,-0.76250784,0.23416053,-0.60311735,-0.44681149,-0.86478548,0.2291407,-0.21451609,-0.05259454,-0.16341971
-0.46742565,0.44994759,0.76096012,-0.76239898,0.23056316,-0.60463903,-0.44750523,-0.86277908,0.23526851,-0.21514352,-0.05828297,-0.13893461
-0.45882451,0.45193824,0.76500458,-0.76805525,0.23115133,-0.59721039,-0.44673405,-0.8615805,0.24105559,-0.2024976,-0.02796721,-0.1619935
-0.44809489,0.45047973,0.77219103,-0.7753705,0.23410448,-0.58651145,-0.4449849,-0.86154693,0.24438767,-0.19796586,0.0159663,-0.1882412
-0.43365191,0.44946654,0.7809775,-0.78509166,0.23690796,-0.57228114,-0.44224101,-0.86130973,0.25013683,-0.19263688,0.03071618,-0.18731555
-0.40612528,0.45103839,0.79474943,-0.80263471,0.23969817,-0.54618891,-0.43685215,-0.85971459,0.26467157,-0.15994899,0.0069235,-0.1448513
-0.38365749,0.45221426,0.80517636,-0.81589013,0.24243976,-0.52492488,-0.43258526,-0.85832692,0.27594343,-0.12088632,0.00711602,-0.1400726
-0.37094406,0.45270714,0.81083719,-0.82304119,0.24413873,-0.51283485,-0.43012079,-0.85758535,0.28203471,-0.09707779,0.01079309,-0.14545056
-0.34241735,0.45416781,0.82248527,-0.83819769,0.24782579,-0.48580556,-0.42447031,-0.85575348,0.29582253,-0.06412342,0.02482128,-0.14163682
-0.30982978,0.45667517,0.83393841,-0.85390254,0.25209784,-0.45529893,-0.41815779,-0.85316731,0.31184868,-0.01421623,0.0865854,-0.14924772
-0.29169702,0.45803177,0.83971397,-0.86189473,0.25483263,-0.43840357,-0.41478925,-0.85162616,0.32044135,0.01958532,0.15343106,-0.15963136
-0.25101403,0.4610536,0.8511295,-0.877927,0.26192296,-0.4007998,-0.40772052,-0.847836,0.33902512,0.08075355,0.30044663,-0.19742417
-0.20588356,0.4686612,0.85905094,-0.89289235,0.26926007,-0.36089085,-0.40044363,-0.84134156,0.36302784,0.08110841,0.30575335,-0.18732199
-0.18325981,0.47550601,0.8604126,-0.89945358,0.2721156,-0.34195955,-0.39673551,-0.83656866,0.37782775,0.06272416,0.24688137,-0.16093303
-0.1392582,0.49290036,0.85886925,-0.91059982,0.27707331,-0.30665672,-0.38912096,-0.82479065,0.41025025,0.02617229,0.14019036,-0.08399706
-0.07797125,0.52349776,0.84845175,-0.92343412,0.28283463,-0.25937203,-0.37575217,-0.80371296,0.46136285,-0.06621686,0.00862128,0.04997738
-0.04158457,0.54619265,0.83662667,-0.92999733,0.28491078,-0.23222991,-0.3652062,-0.78771781,0.49610989,-0.13727455,-0.06221408,0.16254783
-0.04158457,0.54619265,0.83662667,-0.92999733,0.28491078,-0.23222991,-0.3652062,-0.78771781,0.49610989,-0.13727455,-0.06221408,0.16254783
0.00469016,0.56930833,0.8221107,-0.93694645,0.28978772,-0.19533153,-0.34944144,-0.76935758,0.53477059,-0.1405554,-0.12889528,0.23145032
0.02954667,0.57357856,0.81861743,-0.9397097,0.29508146,-0.17283669,-0.34069422,-0.76415605,0.54771609,0.00322646,-0.120938,0.09507892
0.05061627,0.57732383,0.8149448,-0.9413779,0.30009029,-0.1541212,-0.33353482,-0.75937006,0.55866945,0.13373542,-0.06366265,0.02040433
0.06016598,0.5812978,0.81146339,-0.94198542,0.3019978,-0.14649484,-0.33021726,-0.75557272,0.5657441,0.16615893,-0.03096879,0.03891943
0.09055892,0.60599092,0.79029999,-0.94389651,0.30528788,-0.12593122,-0.31758218,-0.73455722,0.59963926,0.23120061,0.01659846,0.18321298
0.09573468,0.61241259,0.78472013,-0.94433006,0.3051628,-0.12294881,-0.31476279,-0.72926434,0.60753428,0.22988844,0.00627291,0.2089383
0.10317633,0.62283382,0.77552086,-0.94509015,0.3044597,-0.11878066,-0.31009544,-0.7206818,0.62004719,0.21317543,-0.02903438,0.25675645
0.10679022,0.6288808,0.77013284,-0.94591035,0.30290912,-0.11618747,-0.30634828,-0.71606903,0.62721272,0.15336588,-0.05459708,0.34507692
0.10673246,0.62985587,0.76934361,-0.94643579,0.3015108,-0.1155439,-0.30474137,-0.71580213,0.62829925,0.1261317,-0.07619572,0.3734642
0.10276948,0.62665975,0.77248685,-0.94768776,0.29762326,-0.11536139,-0.30220238,-0.72022073,0.6244644,0.08694462,-0.11185127,0.38436288
0.09317857,0.61595444,0.78225178,-0.94955609,0.29126047,-0.11623484,-0.29943437,-0.73196136,0.61202255,0.05050812,-0.13257283,0.33264488
0.06815271,0.5875414,0.80631892,-0.9522929,0.2792919,-0.12302109,-0.2974783,-0.75946761,0.57854607,0.05805493,-0.13773906,0.22174123
0.04570815,0.56506362,0.82378023,-0.95353716,0.27050491,-0.13264225,-0.29778791,-0.77944223,0.55117344,0.06857441,-0.13577968,0.15806976
0.03305431,0.55353252,0.8321714,-0.95386866,0.2660625,-0.13908764,-0.29839916,-0.78918474,0.53679179,0.07215476,-0.12744135,0.12049787
0.03305431,0.55353252,0.8321714,-0.95386866,0.2660625,-0.13908764,-0.29839916,-0.78918474,0.53679179,0.07215476,-0.12744135,0.12049787
0.03305431,0.55353252,0.8321714,-0.95386866,0.2660625,-0.13908764,-0.29839916,-0.78918474,0.53679179,0.07215476,-0.12744135,0.12049787
-0.04276106,0.51164346,0.85813309,-0.94842863,0.24923944,-0.19586421,-0.31409324,-0.82225338,0.4745996,-0.51916331,0.14976585,0.3642585
-0.03468435,0.4780962,0.8776222,-0.94588555,0.2677941,-0.1832666,-0.32264103,-0.83648678,0.44293619,-0.31401101,0.00964171,-0.09464686
-0.02051132,0.46585833,0.88462161,-0.94526169,0.27917814,-0.16893777,-0.32566811,-0.83966401,0.43463167,-0.17143553,0.00818968,-0.09459172
-0.01104465,0.46662808,0.88438474,-0.94348343,0.28811251,-0.16379952,-0.3312358,-0.8362114,0.43707369,-0.02307314,0.1341778,-0.05875844
-0.01104465,0.46662808,0.88438474,-0.94348343,0.28811251,-0.16379952,-0.3312358,-0.8362114,0.43707369,-0.02307314,0.1341778,-0.05875844
-0.01104465,0.46662808,0.88438474,-0.94348343,0.28811251,-0.16379952,-0.3312358,-0.8362114,0.43707369,-0.02307314,0.1341778,-0.05875844
-0.00980729,0.4772477,0.87871402,-0.93493763,0.30731273,-0.17734271,-0.35467637,-0.82328211,0.443183,0.00569777,0.04699886,-0.01729735
-0.00927092193,0.476237968,0.879267496,-0.931878648,0.314780393,-0.180320297,-0.362651509,-0.821042399,0.440877756,-0.0274409056,-0.0439046025,-0.000134944916
-0.01072405,0.47244086,0.88129718,-0.92941164,0.32042881,-0.18308319,-0.36888901,-0.8210512,0.43565569,-0.0308281,-0.12173581,-0.01341825
-0.0128194,0.47018941,0.88247236,-0.92815363,0.32271743,-0.18542985,-0.37197634,-0.82144708,0.43227102,-0.01215799,-0.11206114,-0.04037334
-0.01912575,0.46500643,0.8851006,-0.92555399,0.32657295,-0.19157198,-0.37813208,-0.82287243,0.42414269,0.00451337,-0.06427956,-0.06011874
-0.02946734,0.45604319,0.88946959,-0.92198414,0.33132612,-0.20041997,-0.38610463,-0.82598276,0.41070136,-0.02523584,0.0123632,-0.05425036
-0.03519758,0.44770914,0.89348622,-0.92034826,0.3339349,-0.20358427,-0.38951276,-0.82948418,0.40029464,-0.01187949,0.0381397,-0.11809908
-0.04154917,0.43981719,0.89712561,-0.91921265,0.335062,-0.2068368,-0.39156304,-0.83324318,0.39036406,-0.03039727,0.02579582,-0.18464355
-0.04501274,0.4369078,0.89837925,-0.91885809,0.3347833,-0.20885366,-0.39201212,-0.8348842,0.38638683,-0.03561128,0.00282788,-0.18425743
-0.05246874,0.43264566,0.90003584,-0.91846216,0.3328927,-0.21356393,-0.39201281,-0.83785442,0.37990233,-0.03658096,-0.02301693,-0.14651534
-0.06179996,0.4300362,0.90069389,-0.91823948,0.32918174,-0.22017165,-0.39117373,-0.84065936,0.37453287,-0.04512785,-0.03407258,-0.09501721
-0.06748799,0.4288071,0.90087163,-0.91812436,0.32671163,-0.22429241,-0.39050338,-0.84224931,0.37164921,-0.04823207,-0.02840847,-0.08083965
-0.08050118,0.42585381,0.90120367,-0.91800758,0.32054927,-0.23347423,-0.38830606,-0.84610677,0.36513245,-0.07365388,-0.01742369,-0.08462163
-0.09365244,0.4211586,0.90213892,-0.91820864,0.31373817,-0.24178761,-0.38486634,-0.85099576,0.35732913,-0.10101632,-0.0074386,-0.07328963
-0.09365244,0.4211586,0.90213892,-0.91820864,0.31373817,-0.24178761,-0.38486634,-0.85099576,0.35732913,-0.10101632,-0.0074386,-0.07328963
-0.126608648,0.386284807,0.913648814,-0.920292883,0.297979747,-0.253513294,-0.370177142,-0.872921548,0.317768418,-0.134916976,-8.70227814e-06,-0.0255671944
-0.13247068,0.37560214,0.91726455,-0.92075788,0.29597561,-0.25417157,-0.36695525,-0.87824899,0.30663069,-0.13102815,0.04917049,-0.03059174
-0.13247068,0.37560214,0.91726455,-0.92075788,0.29597561,-0.25417157,-0.36695525,-0.87824899,0.30663069,-0.13102815,0.04917049,-0.03059174
-0.13247068,0.37560214,0.91726455,-0.92075788,0.29597561,-0.25417157,-0.36695525,-0.87824899,0.30663069,-0.13102815,0.04917049,-0.03059174
-0.13247068,0.37560214,0.91726455,-0.92075788,0.29597561,-0.25417157,-0.36695525,-0.87824899,0.30663069,-0.13102815,0.04917049,-0.03059174
-0.13247068,0.37560214,0.91726455,-0.92075788,0.29597561,-0.25417157,-0.36695525,-0.87824899,0.30663069,-0.13102815,0.04917049,-0.03059174
