0,1,2,3,4,5,6,7,8,9,10,11
-0.1104313,0.99121631,0.07276918,0.96697465,0.09023091,0.23836646,0.22970667,0.09668904,-0.96844537,-0.01938048,-0.01708031,-0.04312636
-0.11144894,0.99108148,0.07305116,0.96635548,0.09093441,0.240599,0.23181037,0.09740791,-0.96787156,-0.0183616,-0.01618803,-0.04553169
-0.11356841,0.99077398,0.07395211,0.9651147,0.09234014,0.24500355,0.23591443,0.09919697,-0.96669745,-0.0043046,-0.01863104,-0.04323709
-0.11556579,0.99050912,0.07440553,0.96397505,0.09377186,0.24891548,0.23957591,0.10049119,-0.9656629,-0.00321208,-0.0195719,-0.03902093
-0.11636414,0.99041284,0.07444129,0.96347982,0.09436425,0.25060284,0.24117572,0.10088391,-0.96522339,-0.01185674,-0.01635104,-0.03838744
-0.11771532,0.99024629,0.0745339,0.96265146,0.09536266,0.25339311,0.24381385,0.10157843,-0.96448768,-0.00953952,-0.01823092,-0.03827744
-0.11871782,0.99011126,0.07473652,0.96201186,0.09605915,0.25554969,0.24584353,0.10223575,-0.9639027,-0.0097958,-0.00874215,-0.04197306
-0.11907244,0.99005748,0.07488555,0.96177958,0.09628275,0.25633882,0.24658,0.1025463,-0.96368168,-0.0062338,-0.00838935,-0.04795283
-0.11965472,0.989933755,0.0755895924,0.961374959,0.0965205421,0.257763211,0.247872573,0.103512546,-0.963246658,-0.000591007061,-0.00566232204,-0.0417526551
-0.12015298,0.98981011,0.07641466,0.96104748,0.09667213,0.25892516,0.24889957,0.10454875,-0.96286995,0.004611,-0.00707251,-0.05116946
-0.12039125,0.98974461,0.07688742,0.96092665,0.0967385,0.25934867,0.24925096,0.10510646,-0.96271844,0.00852808,-0.00790554,-0.04450779
-0.12089926,0.98965191,0.07728243,0.96073705,0.097069,0.25992692,0.24973543,0.10567305,-0.96253083,0.01351524,-0.0082503,-0.04694279
-0.12121092,0.98964191,0.07692019,0.96068505,0.09745788,0.25997331,0.24978402,0.10540769,-0.96254715,0.01053163,-0.00254184,-0.03744838
-0.12130465,0.98965779,0.07656709,0.96069518,0.09764979,0.25986379,0.24969948,0.10508034,-0.96260484,0.00299473,0.00353545,-0.04385126
-0.121346565,0.989701376,0.0759355779,0.960799413,0.0979015123,0.259383487,0.249277984,0.104434152,-0.962784513,0.00476523302,0.000471770763,-0.0358766019
-0.12122108,0.98973108,0.07574842,0.96101117,0.09791222,0.25859373,0.24852156,0.10414209,-0.96301164,0.00837011,-0.00574166,-0.03105269
-0.12108539,0.98975209,0.075692,0.96115875,0.09785125,0.25806804,0.24801681,0.10400027,-0.96315723,0.01460687,-0.00844657,-0.02959395
-0.12082349,0.98980641,0.07539783,0.96152879,0.097818,0.25669813,0.2467062,0.10351237,-0.96354606,0.00476988,-0.00896412,-0.02162918
-0.12039301,0.98984769,0.07554627,0.96200401,0.09754311,0.25501717,0.24505911,0.10337808,-0.96398096,0.00112941,-0.00998479,-0.01531382
-0.12007735,0.98987285,0.0757159,0.96227884,0.09729616,0.25407216,0.2441323,0.10336816,-0.96421676,0.00710223,-0.00788492,-0.01900557
-0.119236156,0.989931493,0.0762771651,0.962864442,0.0965486311,0.252131492,0.242228473,0.103507787,-0.964681917,0.00598800555,7.65323639e-05,-0.0204674024
-0.1182152,0.99002848,0.07660714,0.96351061,0.09570617,0.24997508,0.24015069,0.10336266,-0.96521686,0.0112335,0.00143564,-0.01546041
-0.11755369,0.99010913,0.076583,0.96387474,0.09519772,0.24876255,0.23901155,0.10305939,-0.96553202,0.00500525,0.00426215,-0.00698803
-0.11630466,0.99029823,0.07604292,0.96458086,0.0943693,0.24632927,0.23676334,0.1019988,-0.96619831,0.00532928,0.00725716,-0.00806754
-0.11498224,0.99050709,0.07533133,0.96528437,0.09350555,0.24389099,0.23453185,0.10075929,-0.96687248,-0.01013258,0.00545603,-0.00248632
-0.114245853,0.990603421,0.0751840377,0.965632173,0.0929438061,0.24272591,0.233457241,0.100330571,-0.967176976,-0.0104259225,0.00905483961,-0.00087369699
-0.11308027,0.99072988,0.07528065,0.96626503,0.09200939,0.24055388,0.23139739,0.09994295,-0.96771208,-0.01074026,0.02663761,0.02772715
-0.11267223,0.99070114,0.0762627,0.96701783,0.09168621,0.23763412,0.22843219,0.10052219,-0.96835615,-0.02927125,0.07348949,0.1271282
-0.11268005,0.99053573,0.07837121,0.96752282,0.09141569,0.2356749,0.22628007,0.10238182,-0.96866665,0.021969,0.09101862,0.18496919
-0.11290322,0.99011415,0.08322612,0.96856374,0.09098433,0.23152954,0.22166843,0.10675027,-0.96926108,0.13253704,0.12623399,0.28455618
-0.11288797,0.99003999,0.08412491,0.9689249,0.09093423,0.2300335,0.22009254,0.10747875,-0.96953978,0.09807711,0.11029762,0.41568583
-0.11316272,0.98995047,0.08480657,0.96869427,0.09094389,0.23099898,0.22096492,0.10829213,-0.9692508,0.06429596,0.12080294,0.45963821
-0.11425206,0.98925795,0.09118771,0.9675328,0.0899715,0.23618939,0.22544794,0.11521222,-0.96741895,-0.03721995,0.15866882,0.49470294
-0.11343121,0.98718029,0.11228586,0.9658748,0.08307938,0.24532308,0.23284952,0.13628143,-0.96291635,-0.0237944,0.23449641,0.48822346
-0.11173226,0.9854126,0.12836564,0.96468395,0.07654968,0.25204142,0.23853847,0.15199346,-0.95916478,0.05250716,0.25607091,0.50373143
-0.10676048,0.9809409,0.16234884,0.96092814,0.05985535,0.27024887,0.25538072,0.18485746,-0.9490039,0.16364697,0.29441243,0.52900642
-0.10195792,0.97700097,0.18728029,0.95498255,0.04340499,0.29346983,0.27859136,0.20877093,-0.93744437,0.17998722,0.37730652,0.50152826
-0.09980814,0.97579377,0.1945887,0.95115136,0.03614654,0.30660142,0.29214607,0.21568465,-0.93173528,0.11307137,0.41269857,0.4773953
-0.09550025,0.97430279,0.20399409,0.94152779,0.02189132,0.33622317,0.32311751,0.22417555,-0.91942377,-0.01408528,0.46719056,0.4106352
-0.09188926,0.97256498,0.21371401,0.92866705,0.00624762,0.37086174,0.35935195,0.23254739,-0.90376314,-0.09661014,0.50021476,0.34993303
-0.08806817,0.9675744,0.23673536,0.902206,-0.02325497,0.43067784,0.42221817,0.25151311,-0.87090338,-0.05921654,0.52610213,0.20677613
-0.08728152,0.96351496,0.25302317,0.87850806,-0.04530666,0.47557414,0.46968648,0.26379178,-0.84250121,-0.06814615,0.53618056,0.10175533
-0.08773951,0.96154806,0.26024396,0.86470192,-0.05618809,0.49913255,0.49456261,0.26882716,-0.82652251,-0.08716291,0.53254336,0.03926794
-0.09004449,0.95762733,0.27357231,0.83309745,-0.07809739,0.54758502,0.5457477,0.27721943,-0.79076464,-0.08002128,0.50230545,-0.09465542
-0.09317054,0.95440846,0.28359074,0.79677955,-0.09932653,0.5960508,0.59704402,0.28149369,-0.75119883,-0.08763302,0.45820028,-0.20421505
-0.10099976,0.95136608,0.29103511,0.73396675,-0.12623128,0.66735168,0.67163357,0.28101254,-0.6855217,-0.14116167,0.33879298,-0.33617595
-0.10840312,0.94923193,0.29530914,0.68733623,-0.14304662,0.71211415,0.71820447,0.28017207,-0.63693479,-0.15617681,0.25134104,-0.36823335
-0.11260958,0.94776844,0.29841874,0.66299257,-0.15202996,0.73302619,0.74010783,0.28039532,-0.61124331,-0.15905213,0.21717399,-0.38820422
-0.121718,0.9444615,0.3052493,0.61243211,-0.17055191,0.77190601,0.78109639,0.28089936,-0.55765929,-0.10680597,0.12251407,-0.4409422
-0.13130471,0.94198707,0.30890011,0.56007948,-0.18661262,0.80714716,0.81796693,0.27899091,-0.50308446,-0.1101056,-0.03010243,-0.46453628
-0.13621435,0.94108558,0.30952134,0.5336651,-0.19352363,0.82325575,0.83465387,0.27732005,-0.47586379,-0.10772401,-0.08542144,-0.44882017
-0.14682562,0.93904989,0.31084941,0.48122449,-0.2067476,0.85186749,0.86421354,0.27466442,-0.42153789,-0.12731703,-0.15788931,-0.40983668
-0.15738772,0.93613071,0.31446486,0.42972854,-0.22178126,0.87529777,0.88913567,0.27289577,-0.36737633,-0.07332907,-0.21410513,-0.39328116
-0.1625199,0.93462802,0.31631898,0.40439866,-0.2293264,0.88536494,0.9000272,0.27180841,-0.3406922,-0.03994104,-0.24281955,-0.37473211
-0.17246411,0.93197408,0.31887332,0.35524654,-0.24308766,0.90261178,0.91872508,0.2689469,-0.28915655,-0.02675116,-0.29043287,-0.32467023
-0.18221485,0.92966896,0.32017669,0.30871317,-0.25507013,0.91631606,0.93353825,0.26580928,-0.24052335,-0.02834396,-0.34277117,-0.2916714
-0.18674647,0.92835851,0.32136617,0.28672586,-0.2613731,0.92166825,0.93963505,0.26426229,-0.21737388,-0.03615654,-0.34951365,-0.28169826
-0.19466056,0.92495333,0.3264485,0.24464231,-0.27651395,0.92934934,0.94987232,0.26077077,-0.17245637,0.01928702,-0.33647913,-0.23503554
-0.20112562,0.9216216,0.33190653,0.20437547,-0.29189313,0.93436015,0.95800782,0.2557574,-0.12964956,0.08984106,-0.31695276,-0.19391692
-0.2041563,0.92054723,0.33303583,0.18537726,-0.29769139,0.93649077,0.96122596,0.25292783,-0.10987287,0.08664322,-0.32725555,-0.16835892
-0.20987977,0.91976663,0.33163186,0.1505532,-0.30473908,0.94046142,0.96606629,0.24731213,-0.07451516,0.0560146,-0.34552962,-0.1221289
-0.2149189,0.91972461,0.32850645,0.11992775,-0.30896733,0.94348105,0.96924052,0.24216896,-0.04389757,0.00696469,-0.37525439,-0.12552395
-0.217263296,0.919262917,0.328256387,0.105866757,-0.312114096,0.944127597,0.970354985,0.239875758,-0.0295083888,0.000322235748,-0.372965038,-0.114052482
-0.22519227,0.91368864,0.33832154,0.05501144,-0.33476311,0.94069514,0.97276006,0.23044885,0.02512277,0.09518282,-0.26888973,-0.04845108
-0.22675338,0.9124711,0.34055729,0.04342754,-0.33984502,0.9394782,0.97298347,0.22781948,0.03743471,0.11342688,-0.2488544,-0.03257612
-0.22910569,0.91170135,0.34104437,0.02231892,-0.34535126,0.93820808,0.97314566,0.22256054,0.05877373,0.07388633,-0.23443323,-0.01169183
-0.23065526,0.91200617,0.33917952,0.00437637,-0.34760284,0.93763156,0.97302562,0.21775409,0.07618525,0.0256488,-0.25426233,-0.01392085
-0.23123951,0.91193908,0.33896223,-0.00387328,-0.34926526,0.93701588,0.97288914,0.21536221,0.08429614,0.02539733,-0.24445522,-0.01470455
-0.23184119,0.9111775,0.34059529,-0.01953509,-0.35442573,0.93488004,0.97255744,0.21009018,0.09997047,0.04715075,-0.22078145,-0.00520856
-0.23192089,0.91042507,0.3425476,-0.03384321,-0.35948795,0.9325358,0.97214573,0.20468163,0.11418449,0.0782686,-0.1868329,0.0071799
-0.2318606,0.9105311,0.34230655,-0.04028531,-0.36058224,0.93185704,0.97191448,0.20227101,0.12028584,0.06427624,-0.18070108,0.01214337
-0.23147207,0.91150713,0.33996347,-0.05129632,-0.36040354,0.93138482,0.97148808,0.19815082,0.13018051,0.02577007,-0.20496035,0.018916
-0.23114185,0.91243797,0.33768358,-0.06021983,-0.35983435,0.93107067,0.97105449,0.19487424,0.13811978,0.01947158,-0.24129182,0.0324802
-0.23101368,0.91255812,0.33744679,-0.06413566,-0.36035686,0.93060707,0.97083432,0.1933406,0.1417749,0.00370436,-0.24802214,0.04110288
-0.23066402,0.91177365,0.33979809,-0.07092308,-0.36404057,0.92867873,0.97044518,0.19011332,0.14863699,0.01970558,-0.22235578,0.03920348
-0.22983885,0.91079373,0.34297033,-0.07574098,-0.36807535,0.92670577,0.97027685,0.18701618,0.15358259,0.03988585,-0.16542512,0.03376468
-0.22942082,0.91047162,0.34410366,-0.07728303,-0.36945694,0.92602845,0.97025421,0.18585692,0.15512526,0.01721606,-0.14427978,0.03598753
-0.22832797,0.90979299,0.34661634,-0.07902099,-0.37216418,0.92479691,0.97037202,0.18376711,0.15686835,0.01180447,-0.11512989,0.03280137
-0.22832797,0.90979299,0.34661634,-0.07902099,-0.37216418,0.92479691,0.97037202,0.18376711,0.15686835,0.01180447,-0.11512989,0.03280137
-0.22651224,0.90817783,0.35200135,-0.0801559,-0.37754959,0.92251343,0.97070436,0.18074572,0.15831561,0.05174125,-0.11834949,0.02196818
-0.22527484,0.90787986,0.35356086,-0.08032486,-0.37895993,0.92192036,0.97097839,0.17928579,0.15829555,0.0443793,-0.08888882,0.04716318
-0.22335998,0.90856814,0.35300757,-0.07898543,-0.37783696,0.92249695,0.9715306,0.17816641,0.15615724,-0.00763924,-0.0770629,0.02578131
-0.221936631,0.908898444,0.353054449,-0.0779458601,-0.377463218,0.922738108,0.971940465,0.177270393,0.154618006,0.000448270584,-0.0585155487,0.0092430152
-0.21906331,0.90953978,0.35319796,-0.07573495,-0.37674899,0.92321427,0.972767,0.17549288,0.15141572,0.04600488,-0.03520483,0.00901465
-0.21655202,0.91043044,0.3524509,-0.07311178,-0.37512728,0.92408559,0.9735296,0.17434429,0.14779776,0.0134084,-0.03681141,0.01299877
-0.21543432,0.91089154,0.3519438,-0.07154713,-0.37416159,0.9245993,0.97389365,0.17400995,0.14577908,-0.00244309,-0.03823304,0.01032624
-0.21321104,0.91145985,0.35182668,-0.06822788,-0.37311817,0.92527175,0.97462096,0.17327376,0.14173987,-0.01883052,-0.0325368,0.00180391
-0.20964773,0.91126694,0.35445765,-0.06389328,-0.3745066,0.92502014,0.97568709,0.17128099,0.13673842,0.00671029,-0.00866169,-0.00770429
-0.20789742,0.91073962,0.35683615,-0.06167125,-0.37628551,0.92444898,0.97620457,0.17018401,0.13439521,0.02670648,0.01587659,-0.00878411
-0.20677232,0.9104304,0.35827599,-0.05980888,-0.37726686,0.92417131,0.97655932,0.16966497,0.13246016,0.0274696,0.01600355,-0.01745129
-0.20629624,0.91057206,0.35819026,-0.05900976,-0.3769757,0.9243414,0.97670855,0.16955149,0.1315014,0.00710099,0.00997406,-0.01549827
-0.20537633,0.91110732,0.35735683,-0.05756051,-0.37575341,0.92493029,0.97698886,0.1693892,0.12961474,-0.01598056,0.0108332,-0.00910921
-0.20454721,0.91123406,0.35750929,-0.05667886,-0.3756444,0.92502905,0.97721436,0.16894891,0.12848475,-0.00673816,0.02930325,-0.01785866
-0.20423427,0.91111559,0.3579898,-0.0565634,-0.37607048,0.92486297,0.97728649,0.16863962,0.12834231,0.00234533,0.0269329,-0.02132022
-0.20394524,0.91095499,0.35856276,-0.05673576,-0.3766432,0.9246193,0.97733684,0.16822842,0.12849838,0.0035824,0.02276891,-0.01515923
-0.20413055,0.91111965,0.35803839,-0.05701165,-0.37618319,0.92478951,0.97728204,0.16836552,0.12873507,-0.00486843,0.00188667,-0.01688866
-0.20429138,0.91125381,0.35760485,-0.05719674,-0.37579652,0.92493522,0.97723757,0.1685026,0.12889295,-0.01537452,-0.00909793,-0.01125561
-0.20488413,0.91113797,0.3575612,-0.05755419,-0.37589355,0.92487376,0.97709259,0.16891285,0.12945448,-0.00597345,-0.0106526,0.00455914
-0.20488413,0.91113797,0.3575612,-0.05755419,-0.37589355,0.92487376,0.97709259,0.16891285,0.12945448,-0.00597345,-0.0106526,0.00455914
-0.20600635,0.91009177,0.35957513,-0.05823257,-0.37820718,0.92388755,0.97681639,0.16938776,0.13091012,-0.00219868,0.00445276,0.00592473
-0.20667138,0.90927648,0.3612521,-0.05860745,-0.38006544,0.92310089,0.97665345,0.16960654,0.13183913,0.0095712,-0.00437188,0.00114475
-0.20720814,0.9086211,0.36259137,-0.05882792,-0.38153723,0.92247962,0.97652654,0.16981478,0.13250989,0.01657438,-0.00180733,0.00614242
-0.20746249,0.90836743,0.36308092,-0.05893829,-0.38208847,0.92224426,0.97646578,0.1699318,0.13280678,0.01344509,-0.00187802,0.00898161
-0.20790774,0.90794842,0.36387349,-0.05906239,-0.38297638,0.92186799,0.9763636,0.1701723,0.13324945,0.01943032,-0.01036024,0.00862423
-0.20813314,0.9080398,0.36351686,-0.05922584,-0.38267416,0.9219832,0.97630584,0.17036557,0.13342646,0.00712568,-0.02051854,0.00151165
-0.20812079,0.90798047,0.36367193,-0.05929823,-0.38284248,0.92190858,0.97630402,0.1703032,0.13351906,-0.00402813,-0.00825459,0.00855008
-0.2080756,0.90745364,0.36500971,-0.05920782,-0.38417858,0.92135815,0.97631891,0.17010088,0.1336668,0.01034874,-0.00752997,0.00784163
-0.208015978,0.907091653,0.365942536,-0.0591640214,-0.385109845,0.920972236,0.976334382,0.169926374,0.133776295,0.0167572219,0.00460618734,-0.000911221374
-0.20791852,0.90660813,0.36719401,-0.05918051,-0.38636974,0.92044333,0.97635414,0.16964655,0.13398706,0.01839907,-0.00445223,-0.00112874
-0.20805636,0.90678891,0.36666937,-0.05907764,-0.38583845,0.92067287,0.97633109,0.16988988,0.13384708,-0.00101963,-0.01572758,-0.00472623
-0.208157005,0.906863801,0.366427114,-0.0589957908,-0.38559227,0.92078132,0.976314642,0.170049369,0.133764791,-0.000127932755,-0.00957071781,-0.00354417413
-0.20833472,0.90659347,0.36699411,-0.05919974,-0.38622813,0.92050147,0.9762642,0.17004657,0.134135,0.0062915,-0.00623995,-0.00248423
-0.20855115,0.90609804,0.36809322,-0.05968398,-0.38745868,0.91995295,0.97618856,0.16988804,0.13488459,0.016327,-0.00749916,0.00639147
-0.208640719,0.905856145,0.368637884,-0.0597793224,-0.388040959,0.919701511,0.976163755,0.169850174,0.135112472,0.0200133622,-0.00870233774,-0.000232043909
-0.20895709,0.90549365,0.36934822,-0.06002416,-0.38884922,0.91934395,0.97608091,0.16993366,0.13560436,0.00982108,-0.00711852,0.00286634
-0.20915936,0.90531231,0.36967778,-0.06016142,-0.38923619,0.91917105,0.97602901,0.17001304,0.1358775,0.00533117,-0.01422352,0.00585183
-0.20914674,0.90532634,0.3696503,-0.06003742,-0.38918485,0.91920077,0.97603925,0.17005523,0.13575058,0.00354153,-0.01916641,0.00749359
-0.20898471,0.90512267,0.37024084,-0.0594469,-0.38965889,0.9190386,0.97611034,0.17005537,0.13523953,-0.00740185,-0.0149923,0.01027236
-0.208481428,0.904443712,0.372178772,-0.0589147413,-0.391463316,0.918305773,0.976250234,0.169522895,0.134897918,0.0270338953,0.000101566315,0.013046138
-0.20825386,0.90414945,0.37302014,-0.05870062,-0.39224849,0.91798435,0.97631168,0.16927731,0.13476145,0.03051865,0.00099987,0.01026195
-0.20792471,0.90392833,0.37373885,-0.05817586,-0.3928412,0.91776422,0.97641319,0.16908336,0.13426832,0.0108376,0.00768715,0.01017287
-0.20734282,0.90404186,0.37378765,-0.05734512,-0.3926661,0.9178915,0.97658611,0.16888334,0.13325893,-0.00125175,0.00445718,0.00534627
-0.20697595,0.90408362,0.37389006,-0.05702432,-0.39266391,0.91791246,0.97668275,0.16866497,0.13282673,-0.00301361,0.0038386,-0.00113623
-0.20624024,0.90393595,0.37465258,-0.05641006,-0.39323081,0.91770758,0.97687392,0.16813415,0.13209124,0.00609336,0.00515407,-0.00380385
-0.20557953,0.9037725,0.37540931,-0.05578039,-0.3938004,0.91750182,0.97704935,0.1676792,0.13137021,0.00376403,-0.02104634,0.00806996
-0.205160085,0.90368979,0.375838033,-0.055436411,-0.394119595,0.917385792,0.977157238,0.16737578,0.130954839,0.00141186698,-0.012542665,-0.000123104459
-0.20447153,0.90338687,0.37693948,-0.05499313,-0.39506831,0.91700413,0.97732644,0.16677224,0.13046042,-0.00500135,-0.00201803,-0.00292426
-0.20399632,0.9029455,0.37825217,-0.05465486,-0.39627878,0.91650189,0.97744469,0.16628979,0.13018993,0.00654395,0.01266009,-0.00125699
-0.20377931,0.90286493,0.37856172,-0.05453962,-0.39654416,0.91639415,0.97749654,0.16609552,0.13004936,0.00462621,0.00865656,0.00201998
-0.203640566,0.903124551,0.378016668,-0.0540643936,-0.395891441,0.916704452,0.977551839,0.166240955,0.129446412,-0.0174824614,-0.00879055262,0.000644189771
-0.203574944,0.902998754,0.378352063,-0.0539567049,-0.396204665,0.916575308,0.977571331,0.16617723,0.129380329,-0.0123119093,-0.00805169344,-5.3540105e-05
-0.203592823,0.90243758,0.379679208,-0.0538562621,-0.397537144,0.916004167,0.977573215,0.166043805,0.129537678,0.00371320173,-0.0065856576,0.000357000914
-0.20363593,0.90190673,0.38091544,-0.05384621,-0.39879605,0.91545737,0.97756478,0.1659092,0.12977352,0.01556607,-0.00490731,0.0036252
-0.20362271,0.90185984,0.3810335,-0.05388002,-0.39891983,0.91540144,0.97756567,0.16586648,0.12982144,0.01475135,-0.00949085,0.00311063
-0.20349733,0.90209094,0.38055287,-0.05356839,-0.39836216,0.91566244,0.97760881,0.16594938,0.12938939,-0.01705093,-0.01695991,0.00377124
-0.20349733,0.90209094,0.38055287,-0.05356839,-0.39836216,0.91566244,0.97760881,0.16594938,0.12938939,-0.01705093,-0.01695991,0.00377124
-0.20287568,0.9016407,0.38194928,-0.05286452,-0.39957696,0.91517392,0.97777633,0.16547507,0.12872943,0.01242468,0.01549846,0.00132672
-0.2026892,0.90141457,0.38258137,-0.05223242,-0.40008669,0.91498743,0.97784892,0.16547508,0.12817657,0.01983327,0.01436931,-0.01586656
-0.2028054,0.90166438,0.38193103,-0.05179879,-0.39936861,0.91532595,0.97784807,0.16584948,0.12769924,0.00114215,-0.00325727,-0.01584568
-0.20293469,0.90183734,0.38145391,-0.05164743,-0.39887575,0.91554949,0.97782934,0.16609556,0.12752319,-0.01531849,-0.01132864,-0.00710132
-0.20307312,0.90182213,0.381416,-0.05149103,-0.39882895,0.91557859,0.97780877,0.16628989,0.12742718,-0.01229204,0.001136,-0.0019924
-0.20301538,0.90138368,0.3824813,-0.05169456,-0.3999373,0.91508334,0.97780988,0.16600391,0.12779025,0.01298699,0.02170223,-0.00953907
-0.20305124,0.90118121,0.38293922,-0.0518984,-0.40044156,0.9148513,0.97779168,0.16588784,0.12808015,0.01844197,0.01998073,-0.01189265
-0.20337242,0.90114147,0.38286239,-0.05244233,-0.40049871,0.91479531,0.97769594,0.16596598,0.12870843,0.01999712,0.01333481,-0.01038948
-0.20386609,0.90151233,0.38172498,-0.05306044,-0.39951521,0.91518959,0.97755973,0.16632171,0.12928237,-0.00484044,-0.00812936,-0.00531782
-0.20406112,0.90168862,0.38120388,-0.05333252,-0.39905869,0.91537286,0.97750418,0.16646158,0.12952189,-0.01283144,-0.01356488,-0.00305269
-0.2042526,0.90155314,0.38142187,-0.05383048,-0.39939062,0.915199,0.97743694,0.16639973,0.13010774,-0.01403893,-0.00887805,0.00134093
-0.2040939,0.90092725,0.38298288,-0.05439337,-0.40104941,0.9144402,0.97743909,0.16579988,0.13085612,0.01982096,-0.00122851,-0.00446411
-0.20395134,0.9006752,0.38365051,-0.05465746,-0.40175223,0.9141156,0.97745388,0.16546588,0.13116675,0.02674239,-0.00243366,-0.0061709
-0.20354343,0.90116145,0.38272445,-0.05514863,-0.40083994,0.91448666,0.97751143,0.16503107,0.13128623,-0.01057083,-0.01454496,-0.00283976
-0.20348058,0.90122335,0.38261178,-0.05513102,-0.40071399,0.91454277,0.97752538,0.16499807,0.13122313,-0.00889922,-0.01670915,-0.00100227
-0.20342773,0.901096778,0.382938001,-0.0551083308,-0.401034036,0.914403899,0.977537717,0.164912144,0.131239558,-0.000817620195,-0.0161921382,-0.00570257148
-0.20336165,0.90092293,0.38338216,-0.05511953,-0.4014777,0.91420865,0.97755094,0.16478315,0.13130364,0.00858841,-0.00880247,-0.00373757
-0.20341097,0.9008446,0.38353998,-0.05509205,-0.40163993,0.91413902,0.97754221,0.16481593,0.13132739,-0.00269986,-0.01029378,-0.00502255
-0.203612057,0.900643478,0.38390545,-0.055268988,-0.402068087,0.913940109,0.977490363,0.164871187,0.131643607,0.000300986198,-0.0155223608,-0.00174909388
-0.203612057,0.900643478,0.38390545,-0.055268988,-0.402068087,0.913940109,0.977490363,0.164871187,0.131643607,0.000300986198,-0.0155223608,-0.00174909388
-0.20406339,0.90027096,0.38453926,-0.05531855,-0.40278147,0.91362305,0.97739353,0.16516482,0.13199455,-0.00313396,-0.00954074,-0.00284113
-0.204411779,0.899926621,0.385159247,-0.055175507,-0.403434128,0.913343457,0.97732862,0.165446919,0.13212078,0.00328812655,-0.00917464495,0.000178196351
-0.204572825,0.899738165,0.385514503,-0.055058782,-0.40379719,0.913190362,0.977301759,0.165587866,0.132144248,-0.00512180896,-0.00550872087,0.000380429323
-0.20476441,0.89934116,0.38633782,-0.05458195,-0.40457816,0.91287305,0.97728821,0.16583689,0.13193108,,,
-0.20474998,0.89893929,0.38727951,-0.05387836,-0.40541262,0.91254454,0.97733024,0.16597757,0.13144172,0.00751423,0.00283164,-0.00165002
-0.20483425,0.89885875,0.38742196,-0.05354099,-0.40551141,0.91252054,0.97733115,0.16617255,0.13118849,0.00313817,-0.00217825,-0.00444254
-0.20493194,0.89870073,0.38773713,-0.05348555,-0.40583537,0.91237994,0.97731386,0.16623737,0.131236,0.00452216,-0.00245982,-0.00413382
-0.20499397,0.89862226,0.38788582,-0.05354246,-0.40600436,0.91230124,0.97729759,0.16624793,0.13134296,0.00309997,-0.00324881,-0.00365243
-0.20490485,0.89860521,0.38797257,-0.05355315,-0.40608214,0.91226607,0.97731576,0.16615058,0.13133132,0.00997096,-0.00639147,-0.00548287
-0.20484252,0.89869926,0.38778754,-0.05345683,-0.40586941,0.91236636,0.97733408,0.16616153,0.13118093,-0.00771901,-0.00648254,-0.00774064
-0.20485075,0.89857092,0.38808046,-0.05329374,-0.40614017,0.9122554,0.97734125,0.16619395,0.13108634,0.00300247,-0.00224,-0.00492549
-0.2047989,0.89810606,0.38918206,-0.05305802,-0.40721134,0.91179136,0.97736483,0.16608474,0.13104834,0.00474557,0.00157231,-0.00270307
-0.20477352,0.8977046,0.39012054,-0.05283356,-0.40812256,0.91139692,0.97738232,0.1660186,0.13100178,0.01184673,-0.00336117,-0.00249764
-0.20478132,0.89755994,0.3904495,-0.05271006,-0.40843671,0.9112635,0.9773875,0.1660291,0.13095061,0.01053274,-0.00307935,-0.00409343
-0.2046644,0.89755688,0.39051751,-0.05251235,-0.40845619,0.91126601,0.97742249,0.16599682,0.13072941,-0.0036725,-0.00515151,-0.00884874
-0.20452029,0.89745769,0.39082073,-0.0523824,-0.40872239,0.91115407,0.97745958,0.16587751,0.13060323,-0.00103075,0.00208342,-0.00813581
-0.2044519,0.89731195,0.39119122,-0.05231495,-0.40907787,0.91099851,0.97747759,0.16579028,0.13057967,-0.00324111,0.00271147,-0.00589041
-0.20425266,0.89711467,0.39174714,-0.0520839,-0.40957605,0.91078778,0.97753149,0.16562724,0.13038244,0.00379833,0.00337893,-0.00157917
-0.20388105,0.89710752,0.39195722,-0.05188532,-0.40970551,0.91074098,0.9776197,0.16534607,0.13007801,0.00267869,-0.00178999,-0.00477307
-0.20372963,0.89718494,0.39185893,-0.05179986,-0.40957089,0.9108065,0.97765588,0.16526003,0.12991577,0.00194184,-0.00502181,-0.00231767
-0.20350224,0.89734049,0.39162079,-0.05157288,-0.40926013,0.91095903,0.97771522,0.16518521,0.12956381,-0.00340762,-0.00793308,-0.00362001
-0.20335767,0.8972727,0.39185133,-0.05136416,-0.40943952,0.91089029,0.97775635,0.16510936,0.12935025,-0.01144242,-0.01264596,-0.00556264
-0.20327489,0.89712576,0.39223035,-0.05121252,-0.40978753,0.91074223,0.97778144,0.16504395,0.12924362,-0.00857893,-0.01095361,-0.00600671
-0.20304714,0.89681527,0.39305729,-0.05108959,-0.41057566,0.910394,0.97783511,0.16477185,0.12918428,0.00355954,-0.00297141,-0.00637457
-0.20285417,0.89679527,0.39320292,-0.05098774,-0.41068059,0.91035258,0.97788064,0.16462024,0.12903376,0.01066656,-0.00538087,-0.00717799
-0.20292326,0.89698944,0.39272382,-0.05093602,-0.4101947,0.91057438,0.97786889,0.16477299,0.1289272,0.00342294,-0.01417428,-0.00540593
-0.20308198,0.89724855,0.39204946,-0.05075478,-0.40950081,0.91089685,0.97784543,0.16508834,0.12870187,-0.0102692,-0.02587175,-0.00160833
-0.20344011,0.89697975,0.39247859,-0.05049819,-0.40994097,0.91071309,0.97778425,0.16545612,0.12869429,-0.00779368,-0.02308017,-0.00420596
-0.203508647,0.896786956,0.392883398,-0.050352925,-0.410336543,0.910542958,0.977777475,0.165520547,0.128662897,-0.000759184069,-0.0170205235,-0.00368151837
-0.20374881,0.89648279,0.39345278,-0.04997764,-0.4108832,0.91031715,0.97774676,0.16581216,0.12852101,0.00763367,-0.01379186,-0.00376938
-0.20393449,0.89657885,0.39313749,-0.04931857,-0.41047579,0.91053682,0.97774148,0.16630089,0.12792817,0.00174643,-0.01723456,0.00197132
-0.20408593,0.89669181,0.39280106,-0.04892982,-0.410088,0.91073247,0.97772939,0.16664802,0.1275682,-0.00495606,-0.02051681,0.00108628
-0.20409815,0.89668662,0.39280651,-0.04797206,-0.40993169,0.91085376,0.97777427,0.16705987,0.12668228,-0.00212757,-0.01711804,-0.00206618
-0.204101842,0.896503506,0.393222116,-0.0468856763,-0.410168485,0.910803619,0.977826111,0.167460332,0.125749511,0.00352670066,-0.00691443682,0.000441544398
-0.20414144,0.89643635,0.3933551,-0.04625511,-0.4102008,0.91082154,0.97784806,0.1677417,0.12520368,0.00398573,-0.00322235,0.00113685
-0.20409613,0.89650801,0.39321511,-0.0447619,-0.40979605,0.91107822,0.97792694,0.1683465,0.12376722,-0.00454296,-0.00137705,-0.00278675
-0.2040219,0.89654664,0.39316545,-0.04317871,-0.40946304,0.91130427,0.97801357,0.16894971,0.12225124,-0.00566834,0.0045796,-0.00854364
-0.203970132,0.896525617,0.393239982,-0.0424013283,-0.409397782,0.911369963,0.978058277,0.169218497,0.121519027,-0.000742540811,0.000233471394,-0.0100514423
-0.20410267,0.89650518,0.39321803,-0.04120238,-0.40918437,0.9115209,0.97808196,0.16984239,0.12045387,0.0115585,-0.0037325,-0.01584417
-0.20456127,0.89655483,0.39286646,-0.04026939,-0.40872174,0.91177017,0.97802505,0.1706924,0.1197124,0.00199809,-0.01022893,-0.01020188
-0.20491089,0.8965252,0.39275157,-0.03989942,-0.40858363,0.91184818,0.97796691,0.1711772,0.11949428,0.00666878,-0.0115909,-0.01444348
-0.20583282,0.89643846,0.3924678,-0.03954956,-0.40834827,0.91196906,0.97778766,0.17219122,0.1195052,0.00259965,-0.0216288,-0.00170991
-0.20693775,0.89617616,0.39248571,-0.0392123,-0.40844439,0.91194054,0.97756797,0.17332466,0.11966371,0.00558976,-0.03592563,-0.00570568
-0.20746623,0.8961003,0.39237969,-0.03901829,-0.40836783,0.91198304,0.97746363,0.17389578,0.11968697,0.00892898,-0.04395896,-0.00887146
-0.21036164,0.89598648,0.39109618,-0.03738272,-0.4071274,0.91260606,0.97690866,0.17735707,0.11913839,0.02516205,-0.09608871,0.00835743
-0.2111153,0.89614452,0.39032743,-0.03643298,-0.40626468,0.91302895,0.97678204,0.17853351,0.11841778,0.0168772,-0.1194768,0.00836656
-0.212861013,0.896612122,0.388299904,-0.0340622643,-0.403975355,0.91413543,0.976488543,0.181357455,0.116531298,-0.00048824065,-0.150573313,-0.00242959638
-0.21503519,0.89664048,0.38703455,-0.03129844,-0.40242924,0.91491593,0.97610466,0.18462552,0.11459987,-0.01793426,-0.15823096,-0.01141176
-0.21641192,0.89632492,0.38699809,-0.02969854,-0.40225212,0.91504712,0.97585034,0.18653382,0.11367169,-0.01784454,-0.15743643,-0.00913668
-0.21956955,0.89523735,0.38773604,-0.02605479,-0.40267385,0.91497259,0.97524884,0.19079777,0.11174018,0.02875582,-0.16011673,-0.01901521
-0.22389936,0.89469059,0.38652018,-0.02203834,-0.401135,0.91575382,0.97436308,0.19651841,0.10953135,0.07322027,-0.21699601,-0.02533417
-0.22670006,0.89497847,0.38421417,-0.01988517,-0.39865559,0.91688506,0.97376156,0.20021777,0.1081721,0.08575271,-0.25672656,-0.03878243
-0.24395385,0.89932016,0.36291827,-0.00942446,-0.37640557,0.92640699,0.96974099,0.22258029,0.10030127,-0.00209379,-0.37750596,-0.05532711
-0.24940015,0.90027468,0.3567985,-0.00568506,-0.36979585,0.9290957,0.96838388,0.22968814,0.09734519,-0.00437878,-0.38954502,-0.0769666
-0.26113166,0.90145885,0.34522799,0.00247732,-0.35700989,0.93409741,0.9653001,0.24477757,0.09099328,0.06185626,-0.40779698,-0.12528877
-0.26113166,0.90145885,0.34522799,0.00247732,-0.35700989,0.93409741,0.9653001,0.24477757,0.09099328,0.06185626,-0.40779698,-0.12528877
-0.28340881,0.90433616,0.31914822,0.01565966,-0.32838459,0.94441429,0.95887134,0.27265307,0.07890547,0.08948574,-0.54581535,-0.14731736
-0.30331313,0.90591215,0.2955066,0.02762174,-0.30162673,0.95302581,0.95249043,0.29722773,0.06646458,-0.00808364,-0.61105162,-0.14097238
-0.32609084,0.90415994,0.27596986,0.04538098,-0.2766183,0.95990765,0.94424845,0.32554097,0.04917116,-0.10005593,-0.66244328,-0.17052919
-0.33758398,0.9017822,0.26986256,0.05638884,-0.26680357,0.96209981,0.93960483,0.34000678,0.03921823,-0.08815947,-0.65883261,-0.21536081
-0.35940239,0.89530707,0.2631636,0.08143298,-0.25084086,0.96459704,0.92962277,0.36810873,0.01724534,-0.02719672,-0.62107879,-0.30486816
-0.38901885,0.88612161,0.25189809,0.12859441,-0.21852596,0.9673209,0.9122103,0.40869884,-0.02893947,-0.08217713,-0.49562621,-0.26774964
-0.40449471,0.88080513,0.2461016,0.17119996,-0.19141408,0.9664631,0.89837312,0.43306197,-0.07336763,-0.15116663,-0.38434464,-0.24987471
-0.4126284,0.87752179,0.2443223,0.2212982,-0.16361248,0.96138344,0.88360906,0.45076216,-0.12668287,-0.03569264,-0.28456986,-0.28340244
