0,1,2,3,4,5,6,7,8,9,10,11
0.37903683,0.06791142,0.92288629,-0.08833728,-0.99009366,0.10913777,0.92115558,-0.1228925,-0.36928285,0.00675564,0.01272291,0.02168223
0.3805284,0.06767276,0.92228977,-0.08789584,-0.99015702,0.10891752,0.92058261,-0.12251165,-0.3708346,0.01117887,-0.00301939,0.00889578
0.38197071,0.067591,0.92169942,-0.087539,-0.99019164,0.10889166,0.92001918,-0.12227807,-0.37230734,0.0103655,-0.00759345,0.00455872
0.38254627,0.06750964,0.92146665,-0.0874618,-0.99020248,0.10885516,0.91978735,-0.12223527,-0.37289374,0.00665903,-0.00261056,0.00634625
0.38369892,0.06749032,0.92098862,-0.08716487,-0.99022587,0.10887835,0.91933523,-0.12205436,-0.37406565,0.0131341,-0.00612479,-0.00373741
0.38470406,0.06725629,0.92058639,-0.08700983,-0.99025848,0.10870696,0.91892982,-0.12192008,-0.37510443,0.00230633,0.00159091,0.00458129
0.3849902,0.06703307,0.92048309,-0.08693205,-0.99029079,0.10847588,0.91881738,-0.12178163,-0.37542494,,,
0.38565807,0.06665385,0.92023097,-0.08684446,-0.99033644,0.1081272,0.91854548,-0.12161709,-0.37614264,,,
0.386180512,0.0661761064,0.920046331,-0.0868722428,-0.990380688,0.107698819,0.918323332,-0.121517674,-0.376716771,0.00552937994,-0.000514030457,-0.00753899943
0.38636848,0.06578574,0.9199954,-0.08691326,-0.99041793,0.10732218,0.91824037,-0.1214257,-0.37694851,,,
0.38684083,0.0651883,0.91983946,-0.08703619,-0.99046407,0.1067967,0.91802987,-0.12137265,-0.37747817,,,
0.38736116,0.06468247,0.91965618,-0.08717962,-0.99049577,0.1063851,0.91779683,-0.12138474,-0.37804059,0.01569412,-0.00582248,-0.00851039
0.38754985,0.06449639,0.91958981,-0.08728173,-0.99050105,0.10625364,0.91770752,-0.12144197,-0.37823926,0.00456948,0.00242311,-0.00164129
0.38802266,0.06410302,0.9194178,-0.08746576,-0.99051451,0.10597322,0.91749007,-0.12153759,-0.37873512,0.00934549,0.0102579,-0.00143028
0.388399588,0.0636865111,0.919287665,-0.0876260143,-0.990535714,0.105644485,0.917315357,-0.121585788,-0.379143091,-0.000759259099,0.000946819782,-0.0108367167
0.388493783,0.0636375597,0.919251283,-0.0877211584,-0.990527382,0.105644532,0.917266406,-0.12168003,-0.37923145,-0.00638833269,-0.000126957893,-0.00135661545
0.38863264,0.06328742,0.91921667,-0.08787424,-0.99054487,0.10535038,0.91719284,-0.12171806,-0.37939664,-0.00121236,-0.00303876,-0.00398433
0.388861393,0.0624955523,0.919174077,-0.0881601537,-0.990593822,0.104648061,0.917068408,-0.121728121,-0.379693938,0.00644059246,0.00347143412,-0.000399419456
0.38918783,0.06191479,0.91907531,-0.08837151,-0.99062708,0.10415641,0.91690967,-0.12175647,-0.38006853,-0.00213572,0.00573057,-0.00417053
0.38970747,0.06148006,0.91888425,-0.08844414,-0.99065874,0.10379228,0.9166819,-0.12171855,-0.38062954,-0.00403422,0.00249499,-0.00612767
0.38999206,0.06143275,0.91876661,-0.08854293,-0.99064651,0.10382308,0.91655126,-0.12184047,-0.38090471,,,
0.39027386,0.0612851892,0.9186568,-0.0888283418,-0.990620963,0.103823071,0.916403687,-0.122122193,-0.381169482,0.00414263271,-1.85370445e-05,-0.0114827296
0.390602304,0.0611570325,0.918525777,-0.0892051929,-0.990580303,0.103888978,0.916227166,-0.122516544,-0.381467369,-5.64327929e-05,-0.000599622726,-0.0073607387
0.39059938,0.06110088,0.91853079,-0.0894357,-0.99055593,0.10392397,0.91620597,-0.12274208,-0.38144593,,,
0.390545041,0.0610290638,0.918558624,-0.0900084015,-0.990487858,0.104077058,0.916173008,-0.123324774,-0.381336914,-0.0060840412,0.00964850187,-0.000249450793
0.39001547,0.06113557,0.91877655,-0.09061037,-0.99040273,0.10436519,0.91633927,-0.12395472,-0.38073284,-0.00896979,0.00196666,-0.00139144
0.38972641,0.06105487,0.91890455,-0.09081336,-0.99038883,0.10432033,0.91644215,-0.1241052,-0.38043603,-0.00350223,-0.00423568,-0.00848367
0.388326442,0.060273873,0.919548649,-0.0915227409,-0.990402677,0.103568319,0.916965782,-0.124377928,-0.3790832,0.000888164388,0.00264757872,-0.00819283072
0.38808372,0.05999194,0.9196695,-0.09159668,-0.99042792,0.10325978,0.91706111,-0.12431212,-0.37887388,-0.00350976,0.00624472,-0.00191294
0.38764979,0.05961977,0.91987663,-0.0915785,-0.99047847,0.10278822,0.91724637,-0.12408676,-0.37849877,,,
0.3871722,0.05968149,0.92007374,-0.0916346,-0.99047118,0.10280824,0.91744246,-0.12411509,-0.37801389,,,
0.38683695,0.05969753,0.92021375,-0.0917182,-0.99046328,0.10281111,0.91757556,-0.12417148,-0.3776724,0.00465577,-0.0026108,-0.00460971
0.38621145,0.05954424,0.92048633,-0.09191584,-0.99046297,0.10263631,0.9178192,-0.1242466,-0.37705496,,,
0.38519589,0.05900993,0.92094619,-0.09230069,-0.99048562,0.10207147,0.91820729,-0.12432148,-0.37608426,,,
0.38475898,0.05865336,0.92115157,-0.09244037,-0.99051265,0.10168159,0.9183764,-0.12427449,-0.37568659,-0.0056416,-0.00554609,-0.00291299
0.383685788,0.0572945161,0.921684638,-0.0926445879,-0.990649959,0.100148379,0.918804775,-0.123814603,-0.374790302,0.000573089812,-0.00849598646,-0.00692987908
0.38245992,0.05511305,0.92232698,-0.09252563,-0.99091756,0.09757911,0.91932775,-0.12265898,-0.37388697,-0.00524374,0.00558883,-0.00489447
0.38191755,0.05386458,0.92262536,-0.09234504,-0.99107999,0.09608699,0.91957128,-0.12189718,-0.37353668,-0.0177884,0.01018816,0.00271577
0.38083286,0.05112362,0.92322947,-0.09159699,-0.99147316,0.09268643,0.92009579,-0.11986308,-0.37290273,-0.0359924,0.00203699,-0.02439911
0.37932315,0.04868238,0.92398266,-0.09049788,-0.99187481,0.0894116,0.92082792,-0.11753436,-0.3718354,-0.05243521,-0.00627607,-0.03070585
0.37821149,0.04773235,0.92448778,-0.08989099,-0.99205656,0.08799575,0.92134447,-0.11638413,-0.37091644,-0.05764478,-0.01573294,-0.0283702
0.37497589,0.04608143,0.92588849,-0.08869526,-0.99239843,0.08531235,0.92278174,-0.114112,-0.36803819,-0.05170212,-0.0115602,-0.02800597
0.37047582,0.04466301,0.92776766,-0.08756803,-0.99271492,0.08275722,0.92470506,-0.11190233,-0.36386577,-0.03472295,-0.00299174,-0.01609346
0.36795128,0.0440504,0.92880107,-0.08720253,-0.99284023,0.08163351,0.92574704,-0.11103096,-0.36147553,-0.03038278,-0.00342464,-0.00854615
0.36293226,0.04285235,0.93082964,-0.08671046,-0.99305434,0.07952554,0.9277723,-0.10957505,-0.35669569,-0.01587674,-0.00705481,0.00805703
0.358375141,0.041505427,0.932654554,-0.0864995253,-0.993237573,0.0774392055,0.929561752,-0.108426463,-0.352361414,0.000436496455,-0.00539404154,0.0215987824
0.35650454,0.04074595,0.9334047,-0.08641985,-0.99332753,0.07636896,0.93028822,-0.10789058,-0.35060457,0.0117355,0.00253528,0.03127979
0.35379148,0.03939805,0.93449415,-0.08609208,-0.99349924,0.07447941,0.93135368,-0.10680273,-0.34809963,0.02117083,0.01313466,0.03100006
0.35264923,0.03810226,0.93497951,-0.08555889,-0.99367238,0.07276463,0.9318359,-0.1056562,-0.34715775,0.00842861,-0.00116372,0.02853522
0.35264422,0.03749773,0.93500589,-0.08523912,-0.99375553,0.07200239,0.93186715,-0.1050903,-0.3472459,0.00333619,-0.00647002,0.0239602
0.35298401,0.03642144,0.93492022,-0.08438454,-0.99393049,0.07058011,0.93181628,-0.10380646,-0.3477682,-0.00546107,-0.00187385,0.01237775
0.35357541,0.0356826,0.93472516,-0.08351707,-0.99407691,0.06954004,0.93167015,-0.10265316,-0.34850098,-0.01270567,-0.00265533,0.00937117
0.35367351,0.0353858,0.93469935,-0.08322296,-0.99413051,0.06912582,0.93165925,-0.10223641,-0.34865269,-0.01368649,-0.00408769,-0.0032068
0.35357541,0.03489712,0.93475479,-0.08273413,-0.99422059,0.06841172,0.93173998,-0.10152483,-0.34864466,-0.01437541,-0.00223076,0.00123837
0.35323074,0.03481415,0.93488821,-0.08271621,-0.99423143,0.06827686,0.93187232,-0.1014479,-0.34831336,-0.02195662,0.00340074,0.00165709
0.3531828,0.03497532,0.93490025,-0.08280519,-0.99421017,0.06847595,0.93188253,-0.10159912,-0.34824164,-0.02447208,0.00556344,-0.00339563
0.3531375,0.03567037,0.93489117,-0.08328499,-0.99410697,0.06938905,0.93185701,-0.10236628,-0.34808561,-0.01727916,0.00910527,-0.01283498
0.35309466,0.03652908,0.93487418,-0.08378651,-0.99398773,0.07048438,0.93182827,-0.10321751,-0.34791107,-0.00407665,0.01019067,-0.04033752
0.35309728,0.03673925,0.93486489,-0.08385449,-0.99396411,0.07073351,0.9318211,-0.10336843,-0.3478851,-0.03953377,0.02925831,-0.01729972
0.35338716,0.03891489,0.93466733,-0.08341083,-0.99384384,0.07291539,0.93175105,-0.10372874,-0.3479656,-0.0126929,-0.01400399,-0.03337969
0.35301118,0.04215125,0.93466907,-0.08245797,-0.9936956,0.07595639,0.93197837,-0.10388437,-0.34730984,-0.00802918,-0.03363711,-0.03888723
0.35260523,0.04388208,0.9347427,-0.08170248,-0.99364155,0.07746708,0.93219861,-0.1036861,-0.34677792,-0.04709702,0.00640649,0.00368106
0.35127648,0.04952649,0.9349609,-0.07974982,-0.9933879,0.08258447,0.93286908,-0.10357295,-0.345004,0.01510103,-0.04312533,-0.04965261
0.34918693,0.05504168,0.93543511,-0.07760043,-0.99314572,0.08740475,0.93383436,-0.10311076,-0.34252219,0.03896189,-0.03906107,-0.05716901
0.34783284,0.05722322,0.93580862,-0.07651858,-0.99307308,0.08916621,0.93442879,-0.10262168,-0.34104474,-0.05004407,0.02778894,0.00569536
0.34457381,0.06339882,0.93661594,-0.07426866,-0.99274857,0.09452127,0.93581676,-0.10213076,-0.33736655,0.01717237,-0.00906664,-0.01293654
0.34167635,0.06927388,0.93726108,-0.07160028,-0.9924625,0.09945558,0.93708623,-0.10108978,-0.33414088,0.05567051,-0.04021633,0.00274001
0.34167635,0.06927388,0.93726108,-0.07160028,-0.9924625,0.09945558,0.93708623,-0.10108978,-0.33414088,0.05567051,-0.04021633,0.00274001
0.3407765,0.07432422,0.93720184,-0.06734737,-0.99237923,0.10318824,0.93772902,-0.09828221,-0.33317398,0.0228916,0.05774873,0.00102313
0.34354292,0.07528658,0.93611439,-0.06632741,-0.99234732,0.10415046,0.93679181,-0.09787019,-0.33592028,-0.03512999,0.038073,-0.00479826
0.34576799,0.07518761,0.93530266,-0.06671534,-0.99229134,0.10443256,0.93594514,-0.09850847,-0.33808615,-0.02762449,-0.03337824,-0.03285845
0.3506525,0.07369746,0.93360133,-0.06754388,-0.99231232,0.10370094,0.93406669,-0.09942205,-0.34297891,0.01190327,-0.06153214,-0.03329658
0.35708088,0.07205171,0.93129037,-0.06652102,-0.99252731,0.10229535,0.93170175,-0.0984781,-0.34961952,0.01010091,0.0230605,-0.04267042
0.36074438,0.07174008,0.92990145,-0.06542069,-0.9926349,0.10195904,0.93036739,-0.09761595,-0.35339403,0.00350701,0.04441875,-0.0605612
0.36707044,0.07090658,0.92748659,-0.06371776,-0.99283145,0.10111972,0.92800817,-0.09621542,-0.35992089,-0.04684253,0.06660217,-0.07180442
0.36785589,0.06580931,0.92755111,-0.06787407,-0.99293129,0.09736607,0.9274023,-0.09877335,-0.36078875,-0.03923379,-0.01058596,-0.0397221
0.36193087,0.06009771,0.93026571,-0.07487448,-0.99282149,0.09326978,0.92919311,-0.10341037,-0.35483295,0.01418384,-0.03387713,0.01774411
0.3534422,0.05353055,0.93392346,-0.08334433,-0.99258896,0.08843469,0.93173616,-0.10909378,-0.3463613,0.06046847,0.01091462,0.02821844
0.34897479,0.05032436,0.93577993,-0.08751116,-0.99244382,0.08600664,0.9330372,-0.11190534,-0.34193396,0.06080107,0.02463526,0.02037352
0.34119591,0.04429359,0.938948,-0.09497626,-0.99215271,0.08131602,0.93518169,-0.11692247,-0.33431153,0.03071187,0.03950864,0.00202714
0.33204943,0.03719708,0.94252817,-0.10365028,-0.99173204,0.07565455,0.93754979,-0.12281436,-0.32544838,-0.04168527,-0.03001815,-0.01313577
0.325957003,0.0331585001,0.944802894,-0.1086388,-0.99145029,0.0722760064,0.93912172,-0.126201124,-0.319567827,-0.00800085813,-0.0127581358,-0.00065711909
0.31159149,0.02505538,0.9498857,-0.11942578,-0.99069272,0.06530704,0.94268133,-0.13378996,-0.30569902,0.05349971,-0.02575469,0.04259702
0.29712417,0.01705823,0.95468642,-0.13064878,-0.9897103,0.05834545,0.94585836,-0.14206447,-0.29183814,0.10530691,-0.00366437,0.08774768
0.2914521,0.01307555,0.95649609,-0.13623028,-0.98914758,0.05503238,0.94683528,-0.14634303,-0.28650791,0.11627546,0.01112503,0.09912981
0.28328648,0.00511635,0.95902161,-0.14750823,-0.9878539,0.04884278,0.94762332,-0.15530009,-0.27909082,0.08382062,0.0327062,0.0755858
0.27583734,-0.0072808,0.96117674,-0.16564911,-0.98537017,0.04007372,0.94682316,-0.1702719,-0.27300791,0.08131167,-0.00746769,0.0461019
0.27202096,-0.0168509,0.96214379,-0.17768319,-0.983534,0.03300975,0.94574485,-0.17993612,-0.27053601,0.0629568,0.01545566,0.02793157
0.26846095,-0.02715921,0.96290763,-0.18914761,-0.98162918,0.02504755,0.94453794,-0.18885597,-0.26866621,0.06191449,0.02063245,0.05092268
0.26685242,-0.03253826,0.96318794,-0.19424392,-0.9807351,0.02068448,0.94395924,-0.19261311,-0.26803185,0.06940752,0.02572125,0.07097127
0.26461776,-0.04216983,0.96343096,-0.20322607,-0.9790461,0.01296515,0.9426965,-0.19922509,-0.26764307,0.05745556,0.05069035,0.11983317
0.26400362,-0.04900234,0.96327607,-0.21068443,-0.97752116,0.00801496,0.94123009,-0.20506325,-0.26839308,0.07525443,-0.03225726,0.12949833
0.2644123,-0.0520432,0.96300452,-0.21417567,-0.97677671,0.00601878,0.94032707,-0.20784357,-0.26941823,0.11270455,-0.08729362,0.13420482
0.26667228,-0.05757642,0.96206598,-0.22097594,-0.97527512,0.00288475,0.9381128,-0.21336271,-0.27280193,0.12296003,-0.04345995,0.0953123
0.27128738,-0.06231599,0.96047897,-0.22795335,-0.97367125,0.00121354,0.93511518,-0.21927362,-0.27834983,0.03876784,0.03230041,0.05014045
0.27479683,-0.06433347,0.95934764,-0.2315289,-0.97282739,0.00108203,0.93321008,-0.22241405,-0.28222491,0.02389214,0.0503642,0.01290354
0.28225562,-0.06756673,0.95695692,-0.23873285,-0.97108358,0.0018504,0.92916007,-0.22897933,-0.29022425,-0.03284106,0.01161808,-0.00387654
0.28988051,-0.06931056,0.95454983,-0.24622291,-0.96920331,0.00439915,0.92484789,-0.23630726,-0.29801905,-0.02675848,-0.00341552,-0.013558
0.29379792,-0.06981698,0.95331442,-0.25007595,-0.96820662,0.00616222,0.92257509,-0.24021146,-0.30191664,-0.03743795,-0.05628079,-0.03301776
0.30178492,-0.07043668,0.95077047,-0.25772729,-0.96616348,0.01022839,0.91787932,-0.24812628,-0.30972697,-0.07196668,-0.01805419,-0.07329001
0.30820256,-0.07006666,0.948737,-0.26534641,-0.96403649,0.01500272,0.91356583,-0.25636782,-0.31571051,-0.05660595,-0.03889459,-0.02923338
0.31101217,-0.06959441,0.94785444,-0.26867227,-0.96307366,0.01744551,0.91163953,-0.26008797,-0.31822572,-0.04811804,-0.02840924,-0.03310912
0.31624117,-0.0682185152,0.946222876,-0.273580912,-0.961594848,0.022107866,0.908374912,-0.265859939,-0.322759138,-0.0336132385,0.000573694706,-0.0878308192
0.32128311,-0.06690917,0.9446164,-0.27628915,-0.96072465,0.02592131,0.90578214,-0.26931538,-0.3271507,-0.04653126,0.05605835,-0.08139426
0.32318228,-0.06635916,0.94400723,-0.27725955,-0.96040401,0.02740844,0.90480956,-0.27059294,-0.32878425,-0.02937953,0.04904848,-0.07818036
0.32592904,-0.06549089,0.94312311,-0.27891401,-0.95985559,0.02973565,0.90331458,-0.27274196,-0.33111113,-0.04724495,-0.00741476,-0.04362279
0.3270306,-0.06437089,0.94281882,-0.27998786,-0.95948293,0.03160927,0.90258392,-0.27431503,-0.33180329,-0.02499459,-0.01606488,-0.00873959
0.32692884,-0.06362484,0.94290469,-0.28034772,-0.95934897,0.03246912,0.90250902,-0.2749563,-0.33147578,-0.01909373,-0.02329928,0.04002018
0.32659784,-0.0619165,0.94313317,-0.28037093,-0.95928534,0.03411282,0.90262172,-0.2755683,-0.33066008,0.03041689,-0.00287294,0.08106113
0.32732543,-0.05949511,0.94303684,-0.27915922,-0.95955638,0.03635809,0.90273378,-0.27515834,-0.33069589,0.07619372,0.00478858,0.0773882
0.32806555,-0.05854933,0.94283877,-0.27790094,-0.95989344,0.03708863,0.90285328,-0.27418329,-0.33117885,0.06650023,0.02699965,0.07064628
0.3304902,-0.05647706,0.94211813,-0.2747778,-0.96072466,0.03879817,0.90292491,-0.27169556,-0.33302873,0.03762633,-0.00323886,0.02823525
0.33406111,-0.05440671,0.9409798,-0.27191412,-0.96144999,0.04094304,0.90247758,-0.26954319,-0.33597691,-0.00749442,-0.05812895,0.0030729
0.33562976,-0.05332208,0.94048361,-0.2708075,-0.96171171,0.04211725,0.90222833,-0.26882582,-0.33721908,-0.01701697,-0.02587014,-0.00865253
0.33975785,-0.0511317,0.93912191,-0.2689261,-0.96211295,0.04490922,0.90124534,-0.26781268,-0.34063589,-0.00389406,-0.02145052,-0.03334578
0.3442408,-0.05047978,0.93752334,-0.2677277,-0.96237243,0.04648678,0.89990005,-0.26700362,-0.34480263,-0.00325087,0.00982755,-0.06443991
0.34596292,-0.05060959,0.93688221,-0.26724856,-0.96249559,0.04669378,0.89938191,-0.26653475,-0.34651309,-0.03941549,0.04831582,-0.08793674
0.34766971,-0.05056007,0.93625284,-0.26624962,-0.96276343,0.04687786,0.89901994,-0.26557499,-0.34818522,-0.07543298,0.0463683,-0.10535286
0.34585898,-0.04940757,0.93698479,-0.2660486,-0.96279186,0.04743524,0.89977761,-0.26568939,-0.34613507,-0.03794622,-0.06982058,-0.03438291
0.34440833,-0.04913873,0.93753303,-0.26566062,-0.9629141,0.04712296,0.90044835,-0.26529516,-0.34468977,0.02086616,-0.0566448,0.01529764
0.34278145,-0.04859347,0.93815758,-0.26372898,-0.96347765,0.04645563,0.90163629,-0.26334345,-0.34307786,0.00838308,0.03328174,0.00108187
0.34388455,-0.04773982,0.9377976,-0.26074621,-0.96428563,0.04652579,0.90208361,-0.26052667,-0.34405091,0.01575312,0.03070658,-0.03718074
0.34431579,-0.04703387,0.93767498,-0.25906022,-0.96472963,0.04673639,0.90240476,-0.25900638,-0.34435617,-0.00499429,0.03070706,-0.03849109
0.345235152,-0.0455473962,0.937410355,-0.25521064,-0.965739304,0.0470666709,0.903150191,-0.255486158,-0.345031383,-0.038984023,0.000549256802,-0.0143037857
0.34472134,-0.0437293,0.93768595,-0.25159177,-0.96667146,0.04741159,0.90436097,-0.25225785,-0.34423421,-0.00485783,-0.041264,0.02006103
0.34413888,-0.04292115,0.9379372,-0.2496853,-0.96716847,0.04735331,0.90511086,-0.25048525,-0.34355703,0.01489914,-0.01425707,0.05083054
0.34320506,-0.04123207,0.93835498,-0.2455538,-0.96822971,0.04726693,0.90659445,-0.2466389,-0.3424259,0.03509264,0.02206832,0.03402321
0.34420338,-0.03695613,0.93816749,-0.23824218,-0.96995872,0.0492,0.90816555,-0.24044588,-0.34266754,-0.00233923,0.02260906,-0.02322504
0.345944069,-0.0335466217,0.93765519,-0.233405001,-0.971021453,0.0513734392,0.908759999,-0.236625757,-0.343748992,0.0292201191,-0.000862717628,0.0763097182
0.34774129,-0.03068581,0.93708826,-0.2281669,-0.97218746,0.05283462,0.90940414,-0.2321853,-0.34507124,0.030366,0.02182049,0.04158811
0.34902333,-0.02918027,0.93665962,-0.22460904,-0.97298565,0.05338312,0.90979861,-0.22901417,-0.34614886,0.02896047,0.01748985,0.02392389
0.35292511,-0.02535348,0.93530806,-0.21566866,-0.97491927,0.05495228,0.91045648,-0.22111066,-0.34954153,-0.01834927,0.02485865,-0.05536145
0.35793752,-0.02098664,0.93350966,-0.20541195,-0.97702613,0.05679657,0.91087137,-0.21208367,-0.3540252,-0.01924381,-0.02657825,-0.0085419
0.36087056,-0.01341461,0.93251932,-0.19119638,-0.97972228,0.05989637,0.91280676,-0.19990917,-0.35611756,-0.06990908,-0.04941809,0.04443915
0.36214624,-0.0087501,0.93208019,-0.18189236,-0.98139585,0.06145857,0.91420195,-0.19179526,-0.35700033,-0.01932905,-0.01941538,0.01419607
0.36346637,-0.00677764,0.93158268,-0.17681891,-0.98229874,0.06184107,0.91467332,-0.18719858,-0.35823098,0.01199372,-0.00840002,0.02276944
0.36630383,-0.00272723,0.93049126,-0.165772,-0.98418944,0.06237436,0.91560967,-0.17709737,-0.36096438,0.05510733,0.05283016,0.02347854
0.37074467,0.00263713,0.92873109,-0.15429741,-0.98592378,0.06439427,0.91582787,-0.16717464,-0.36511909,0.02672099,0.04374427,0.02266029
0.37295085,0.00571708,0.92783343,-0.14882076,-0.98666575,0.06589939,0.91583838,-0.16265812,-0.3671269,-0.02058236,0.01897126,0.00934583
0.3772578,0.01159499,0.9260357,-0.13888485,-0.98790532,0.06894999,0.91563506,-0.15462425,-0.37108463,-0.05192941,0.00761312,0.03380035
0.37700973,0.01654163,0.92606153,-0.1286416,-0.98921451,0.07004108,0.91723221,-0.14553621,-0.37081548,-0.02452265,-0.0708462,0.04773045
0.37497708,0.01786845,0.92686183,-0.12291359,-0.99002871,0.06881291,0.91884949,-0.13972718,-0.36904174,0.05127851,0.0034166,0.03295311
0.37385685,0.02000955,0.92727047,-0.1175352,-0.99068474,0.06876578,0.9200089,-0.13469549,-0.36802229,0.04839275,0.03812343,0.03724935
0.37272233,0.02136144,0.92769696,-0.11542691,-0.990903,0.06919209,0.9207359,-0.13287063,-0.36686589,0.04327902,0.01753408,0.01400377
0.36862934,0.02337369,0.92928254,-0.11246091,-0.99121955,0.06954273,0.92274856,-0.13014346,-0.36276393,0.02686411,-0.0109604,0.0536775
0.36308934,0.02405387,0.93144376,-0.11012458,-0.99155205,0.06853416,0.92522357,-0.12745888,-0.35737299,0.04006993,-0.0025984,0.05098201
0.36036865,0.02430263,0.93249332,-0.10851725,-0.99178077,0.06778504,0.92647634,-0.12561922,-0.35476941,0.07820824,0.01245755,0.04653731
0.35744904,0.02505554,0.93359652,-0.10401348,-0.99235324,0.06645641,0.92812254,-0.1208614,-0.35210967,0.0651301,0.03157955,0.06851374
0.35886073,0.02760748,0.93298275,-0.09795606,-0.99292886,0.06705895,0.92823682,-0.11545613,-0.35361885,0.0914866,0.00529093,0.04731355
0.36058747,0.02918039,0.93226879,-0.09495963,-0.99316839,0.06781552,0.9278789,-0.11298133,-0.35535303,0.020625,0.04803365,0.04466479
0.36455044,0.0336292,0.93057624,-0.09004324,-0.99339159,0.0711734,0.92681998,-0.10973839,-0.35911334,0.06225697,-0.003295,0.01243743
0.37002457,0.03696096,0.9282864,-0.08650229,-0.9934966,0.0740381,0.924986,-0.10769482,-0.36442088,0.06523512,0.00105017,0.02113823
0.37370044,0.03817614,0.92676343,-0.08500031,-0.99353879,0.07520164,0.92364648,-0.10687806,-0.36804079,0.07828054,-0.01404101,0.02514112
0.38401882,0.03973704,0.9224698,-0.08208098,-0.99364878,0.07697304,0.91966965,-0.10527632,-0.37831819,0.10750925,0.00493938,0.01456637
0.39830858,0.04090984,0.91633865,-0.07979929,-0.99367141,0.07904902,0.91377361,-0.10460908,-0.39252314,0.07741613,0.02684098,0.02127982
0.40634415,0.04132415,0.91278516,-0.07916928,-0.99362755,0.08022784,0.91028383,-0.10486466,-0.40048313,0.05681673,0.02068764,-0.00701822
0.42287535,0.04138865,0.90524209,-0.07916354,-0.99344973,0.08240209,0.90272332,-0.10650798,-0.41682874,0.02412046,0.00663406,-0.03859749
0.43721627,0.04042042,0.89844762,-0.08071929,-0.99319407,0.08396384,0.8957267,-0.10923241,-0.4309779,0.00291291,-0.01875752,-0.06149369
0.44267501,0.03992531,0.89579287,-0.08176211,-0.99304938,0.08466449,0.89294672,-0.11072077,-0.43633382,0.00643891,-0.02588993,-0.06438224
0.45118001,0.03940782,0.8915624,-0.08312583,-0.99282542,0.08595001,0.88855309,-0.1128908,-0.44466708,-0.00208675,-0.02942169,-0.05539251
0.45575027,0.04086609,0.88916905,-0.08369387,-0.99255233,0.08851549,0.88616419,-0.11475896,-0.44893569,-0.00260815,-0.00652808,-0.05025383
0.4566212,0.0424107,0.88864973,-0.08414564,-0.99232636,0.0905958,0.88567292,-0.11614396,-0.44954849,-0.00827036,0.00412673,-0.04651737
0.456501925,0.0451629245,0.888575415,-0.0857867839,-0.99182328,0.0944832246,0.885576979,-0.119359802,-0.448894819,0.000101741403,-0.000937521458,-0.0389666595
0.45530644,0.04578218,0.88915691,-0.08814647,-0.99145263,0.09618608,0.88596062,-0.12217018,-0.44737919,0.00486958,0.01324457,-0.04741109
0.454820589,0.0447098671,0.88946013,-0.0894159256,-0.991400023,0.095556357,0.886083003,-0.122992898,-0.446911431,0.000312294811,-0.0135674477,-0.0399818197
0.45583026,0.03996443,0.88916899,-0.09166747,-0.99157116,0.09156007,0.88533368,-0.12324372,-0.44832458,-0.02559086,-0.00696737,-0.00734917
0.4605807,0.0353188,0.88691491,-0.09241094,-0.99187008,0.08748794,0.88279425,-0.12225589,-0.45357242,-0.00269063,-0.0154019,-0.0748434
0.46375759,0.03305472,0.88534527,-0.09242328,-0.99204632,0.0854512,0.88112814,-0.12145516,-0.45701395,-0.05256115,0.01222128,-0.07350866
0.46862226,0.0286759,0.88293305,-0.09206435,-0.99244504,0.08109636,0.8785882,-0.11929022,-0.4624417,-0.09665518,0.02204257,-0.0985463
0.46873793,0.02545813,0.88297038,-0.09166259,-0.99278661,0.07728484,0.8785686,-0.11716169,-0.46302325,-0.12678897,0.00576752,-0.08956544
0.466314435,0.0245293751,0.884278897,-0.0915670447,-0.99290755,0.0758295118,0.879867226,-0.116331201,-0.460761052,-0.118669949,-0.000942468643,-0.0825543106
0.45711907,0.02362122,0.88909174,-0.09140841,-0.99310592,0.07338151,0.88469576,-0.11481455,-0.4518084,-0.08821685,-0.02739245,-0.04652874
0.44490413,0.02329157,0.89527523,-0.09138252,-0.99326328,0.07125308,0.89090374,-0.1135133,-0.43977841,-0.03946688,-0.0430553,-0.01378973
0.43864559,0.02298058,0.89836618,-0.09158268,-0.99332489,0.07012677,0.89398127,-0.11303559,-0.43361281,-0.00889411,-0.03295469,0.00270194
0.42777393,0.02217143,0.9036138,-0.0919721,-0.99344284,0.06791543,0.89919442,-0.11215971,-0.42292981,0.0433009,-0.00404924,0.03206511
0.42053251,0.02114175,0.90703107,-0.09164076,-0.99362572,0.06564813,0.90263742,-0.11072819,-0.4159144,0.05058025,0.02408379,0.02058376
0.41839851,0.02069956,0.90802765,-0.09100341,-0.993754,0.0645861,0.90369301,-0.10965634,-0.41390146,0.0426889,0.03583115,0.01879964
0.41656879,0.02020503,0.90887958,-0.0891641,-0.99402456,0.06296463,0.904721,-0.10726853,-0.41227793,0.00658624,0.0491206,-0.0318892
0.41568208,0.0200945,0.90928798,-0.08715207,-0.9942754,0.06181432,0.90532477,-0.10494143,-0.41155121,-0.02415321,0.01521522,-0.02885107
0.41500483,0.02017877,0.90959537,-0.08627985,-0.99437544,0.06142492,0.90571889,-0.1039714,-0.41092951,-0.02095383,0.00352854,-0.016231
0.4130906,0.02076434,0.91045316,-0.08479464,-0.9945199,0.06115462,0.90673369,-0.10246395,-0.40906607,-0.04306094,0.00606936,-0.01019235
0.41066144,0.02194641,0.91152367,-0.08367835,-0.99458401,0.06164515,0.90793996,-0.10159009,-0.40660073,-0.05994107,-0.01426184,0.00738775
0.409280818,0.0226680738,0.912126794,-0.0832121093,-0.994597681,0.0620557689,0.908606006,-0.101298233,-0.405183411,-0.0574458577,-0.0247010589,0.000551367179
0.40608285,0.02408489,0.91351878,-0.08260808,-0.99459223,0.06294382,0.9100948,-0.10102444,-0.40189716,-0.0571715,-0.02364963,-0.00204403
0.40210824,0.02528052,0.91524305,-0.08234883,-0.99456881,0.06365125,0.91188136,-0.10096388,-0.39784247,-0.03408382,0.00244206,-0.01483699
0.39985078,0.02577151,0.91621784,-0.08236057,-0.99455067,0.06391822,0.91287241,-0.10101797,-0.39554925,-0.03658976,0.01245004,-0.01526487
0.3949401,0.02693711,0.91831181,-0.08270501,-0.9944688,0.06474014,0.91497654,-0.10151747,-0.39052765,-0.01524881,0.01233727,-0.01070278
0.38981552,0.02810987,0.92046387,-0.08319806,-0.9943715,0.06560122,0.91712702,-0.10215318,-0.38528279,-0.00359757,0.0059821,0.00572751
0.387294275,0.0287201025,0.921508722,-0.08339832,-0.994325631,0.0660404243,0.918176393,-0.102429357,-0.38270144,-0.000468330923,0.00212258101,0.0124427732
0.38291274,0.03002904,0.92329626,-0.08361553,-0.99424205,0.06701379,0.91999249,-0.10286234,-0.37819695,0.00641625,-0.00594842,0.02482385
0.37943801,0.03137131,0.92468516,-0.08338623,-0.99419817,0.06794659,0.92145186,-0.10288753,-0.37462065,0.00756445,-0.00258416,0.03042264
0.37796201,0.0320145328,0.925267421,-0.0832144208,-0.994182095,0.0683912175,0.922073799,-0.102844874,-0.373099004,0.00274369679,0.000760376453,0.0298223924
0.375337637,0.033096814,0.926297063,-0.0828894623,-0.994159603,0.0691085534,0.923174407,-0.102719307,-0.37040213,0.00103885261,-0.000909209251,0.0142600453
0.37299431,0.0339982,0.92721049,-0.08253422,-0.99415098,0.06965423,0.92415544,-0.10250723,-0.36800658,0.0022171,-0.00637007,0.01352398
0.37184181,0.0343185,0.92766153,-0.0824059,-0.99415086,0.06980965,0.92463125,-0.10240292,-0.36683882,0.00441877,-0.00443077,0.01542169
0.36977927,0.03508395,0.92845703,-0.0820653,-0.99414803,0.07025063,0.92548832,-0.10217133,-0.36473621,0.01248807,0.00145322,0.0148923
0.36799924,0.03573487,0.92913911,-0.08190134,-0.9941314,0.07067272,0.92621198,-0.10210525,-0.36291276,0.01192016,0.00259942,0.01858771
0.36722765,0.03608391,0.92943089,-0.08195183,-0.99410581,0.07097484,0.92651374,-0.10223249,-0.36210596,0.0124012,0.00109333,0.02025819
0.36587757,0.03678736,0.92993562,-0.08206202,-0.99405111,0.07161051,0.92703796,-0.10251308,-0.36068211,0.01793474,-0.00720179,0.02218237
0.36520402,0.03718797,0.93018445,-0.08202399,-0.99403026,0.07194429,0.92730692,-0.10257178,-0.35997356,0.02025105,-0.00909615,0.01583086
0.36525627,0.03735458,0.93015724,-0.08197768,-0.99402201,0.07211053,0.92729042,-0.10259096,-0.36001055,0.02060512,-0.00898564,0.01452702
0.36579666,0.03749359,0.92993929,-0.08176972,-0.99402966,0.07224217,0.92709577,-0.10246682,-0.36054695,0.01317034,-0.00296474,0.00938
0.3667728,0.03753002,0.92955315,-0.08153738,-0.99404378,0.07230589,0.92673039,-0.10231317,-0.36152796,0.00452567,0.00458091,0.002547
0.36711375,0.03756488,0.92941726,-0.08150649,-0.9940419,0.07237139,0.92659822,-0.10232207,-0.36186475,0.00783422,0.00327259,-0.00281258
0.367599164,0.0375567076,0.929225603,-0.0815060865,-0.994038091,0.0724198328,0.926405681,-0.102359015,-0.362346344,0.00767811993,-0.00521659851,0.00033232756
0.368325584,0.0374854797,0.928940829,-0.0815178079,-0.994036228,0.0724341266,0.926116123,-0.102404563,-0.363073201,0.0026707619,-0.00425976515,0.000264021161
0.36881053,0.03743145,0.92875058,-0.08147169,-0.99404136,0.07241559,0.92592717,-0.10237452,-0.36356328,,,
0.369831479,0.0373984296,0.928345847,-0.0812414738,-0.994060597,0.0724104698,0.9255401,-0.102199856,-0.364596573,-0.00849896297,-0.00050765276,-0.00294887298
0.370660541,0.037385988,0.928015619,-0.080886268,-0.994093545,0.0723549406,0.92523949,-0.101882843,-0.365447175,-0.0150255058,-0.00931489468,9.02046449e-05
0.37095318,0.03735259,0.92790002,-0.08071517,-0.99411244,0.07228605,0.92513713,-0.10171035,-0.36575417,-0.01037905,-0.00671113,0.00371765
0.37148423,0.03713845,0.92769618,-0.08058124,-0.99413939,0.07206611,0.92493574,-0.10152633,-0.36631444,-0.00205027,-0.00181085,0.00585727
0.37230511,0.03686442,0.92737799,-0.08039218,-0.99417442,0.0717939,0.92462209,-0.10128318,-0.36717262,0.00192416,0.00334114,0.0105611
0.37298179,0.03672451,0.92711159,-0.08026345,-0.99419358,0.07167214,0.92436052,-0.10114557,-0.36786846,-0.00100735,0.00880784,0.00922839
0.37438105,0.03642134,0.92655939,-0.08005443,-0.99422801,0.07142767,0.92381281,-0.10091635,-0.36930442,-0.00185425,-0.00364882,0.01244581
0.37611739,0.03610645,0.92586824,-0.07976784,-0.99426889,0.07117815,0.92313204,-0.10062585,-0.37108164,-0.00584845,-0.00687802,0.01954047
0.37693522,0.03592272,0.92554273,-0.07966891,-0.99428693,0.07103671,0.92280694,-0.10051322,-0.3719198,-0.0094256,0.00100285,0.01101415
0.37876874,0.03568603,0.92480307,-0.0791762,-0.99434337,0.07079738,0.92209833,-0.10003823,-0.37380066,-0.01349674,0.00701612,0.00375253
0.38045646,0.03553801,0.92411575,-0.07869764,-0.99439259,0.07064024,0.92144428,-0.09960127,-0.37552632,-0.0128672,0.00802535,-0.0024618
0.38127608,0.0354983,0.92377935,-0.07845642,-0.99441471,0.07059433,0.92112595,-0.09939235,-0.37636134,-0.0116176,0.00452751,-0.00984422
0.38276862,0.0354806,0.92316262,-0.07810411,-0.9944418,0.07060424,0.92053672,-0.09912788,-0.37786984,-0.02508013,0.00155264,-0.0232363
0.38401661,0.03529134,0.92265146,-0.07779137,-0.9944797,0.0704163,0.92004331,-0.09881535,-0.37915131,-0.02677099,-0.00332952,-0.01331709
0.38430168,0.03511336,0.92253954,-0.07776139,-0.99449413,0.07024508,0.9199268,-0.09873326,-0.37945523,-0.02668964,-0.00491184,-0.01421339
0.38434399,0.0347643,0.92253511,-0.07777181,-0.99451911,0.06987798,0.91990822,-0.09860441,-0.37953365,-0.01262897,-0.00630969,-0.01391549
0.38410348,0.03452985,0.92264409,-0.07760588,-0.99455656,0.06952906,0.92002269,-0.09830896,-0.37933283,-0.01209806,-0.00479329,-0.00850633
0.38391418,0.03446158,0.92272546,-0.07739176,-0.99458616,0.06934544,0.92011977,-0.09803404,-0.37916866,-0.01241574,-0.00424355,-0.01002117
0.38320326,0.03452609,0.92301855,-0.07694431,-0.99463462,0.06914937,0.92045362,-0.09751929,-0.37849067,-0.02434779,0.00878829,-0.01586026
0.38157508,0.03453134,0.92369259,-0.07678172,-0.99466416,0.06890287,0.9211433,-0.09721432,-0.37688762,-0.0261312,-0.00183696,-0.00446352
0.38051892,0.03456997,0.92412673,-0.07680418,-0.99466723,0.0688337,0.92157822,-0.09716933,-0.37583454,-0.02442269,-0.01219386,-0.0026791
0.37810642,0.03432599,0.92512553,-0.07709548,-0.99467356,0.06841606,0.92254637,-0.09719155,-0.37344606,-0.01373008,-0.01696205,0.00299393
0.375543501,0.0340054087,0.92618064,-0.0773784623,-0.994687046,0.0678957331,0.923568904,-0.0971642382,-0.370916836,-0.00917917863,-0.000887691975,-0.000555338571
0.37423512,0.03379697,0.92671778,-0.07750676,-0.99469907,0.06757566,0.92408916,-0.09711608,-0.36963183,-0.00313836,0.00510699,0.0098006
0.37195177,0.03356967,0.92764483,-0.07802776,-0.9946782,0.06728177,0.92496677,-0.09740762,-0.36735291,0.00901655,0.00763601,0.01913488
0.37039162,0.03338905,0.92827542,-0.07853471,-0.99464984,0.06711264,0.92554977,-0.0977598,-0.36578779,0.00992405,-0.0084644,0.01486924
0.36965933,0.03328869,0.92857084,-0.0787786,-0.99463678,0.06701847,0.92582173,-0.09792551,-0.36505429,0.013738,-0.00685704,0.01815506
0.36882,0.03287419,0.92891924,-0.07927672,-0.99462008,0.06667551,0.92611385,-0.09823294,-0.36422947,0.01485735,0.00210541,0.0143768
0.36850951,0.032403,0.92905903,-0.0799403,-0.99458571,0.06639656,0.92618043,-0.09873702,-0.36392388,0.01660636,-0.00184065,0.01594634
0.36840002,0.03206251,0.92911425,-0.08031065,-0.99457125,0.06616505,0.92619193,-0.09899298,-0.36382498,0.01654505,-0.00120801,0.01474185
0.36844773,0.03053589,0.92914678,-0.08149356,-0.99455185,0.06500118,0.92606965,-0.09966902,-0.36395181,0.0222565,0.00796539,0.01233885
0.36858379,0.03018496,0.92910425,-0.08164444,-0.99455898,0.06470052,0.92600217,-0.09970376,-0.36411374,0.02069738,0.01735991,0.00848082
0.368963439,0.0297518031,0.928967561,-0.0816467692,-0.994586064,0.0642814676,0.9258508,-0.0995647136,-0.364536674,0.0263499673,-0.00094884634,-0.00985004753
0.36978293,0.0290855,0.92866285,-0.08121178,-0.99467271,0.06349052,0.92556215,-0.09889607,-0.36545096,0.01150664,0.00761956,-0.01973603
0.370029261,0.0288923017,0.928570687,-0.0808102125,-0.9947267,0.0631530646,0.925498782,-0.098406478,-0.365743132,0.000916520134,0.00873821974,-0.0240523908
0.37009248,0.02875242,0.92854981,-0.07988884,-0.99483312,0.0626462,0.92555347,-0.09736565,-0.36588316,-0.0113754,0.00555187,-0.03162877
0.369241653,0.0289573366,0.928882219,-0.0789382809,-0.994925085,0.062395086,0.925974866,-0.0963632274,-0.365082043,-0.0179972555,0.000909149647,-0.0424216278
0.368424214,0.0289609933,0.929206577,-0.0785711851,-0.994968476,0.0621635748,0.926331566,-0.0959114281,-0.364294982,-0.0169233102,0.000624239445,-0.0377961658
0.36600005,0.02911093,0.93015934,-0.07853473,-0.99497878,0.06204148,0.92729507,-0.095757,-0.36187594,-0.00295021,-0.01123375,-0.03012743
0.36283176,0.02903807,0.93140212,-0.07876024,-0.9949823,0.06170169,0.9285203,-0.09574479,-0.35872415,0.00414505,0.00462598,-0.0168733
