0,1,2,3,4,5,6,7,8,9,10,11
-0.02671893,0.84940729,-0.52706115,-0.93163906,0.16998531,0.32117556,0.36240152,0.49961218,0.7867991,0.02156545,0.00919032,-0.00110868
-0.0278198154,0.849277984,-0.52721228,-0.93148745,0.169347122,0.321951147,0.362707889,0.500048314,0.786380719,-0.00490487646,0.000538527966,-0.0053644618
-0.02863746,0.84925918,-0.52719894,-0.93133674,0.16887755,0.32263328,0.36303134,0.50023915,0.78611006,-0.01063029,0.00867164,-0.00591238
-0.02906305,0.84946933,-0.52683691,-0.93122088,0.16854922,0.32313893,0.36329455,0.49999296,0.78614508,-0.00360707,0.00389671,-0.00124714
-0.02967358,0.85001586,-0.52592063,-0.93107033,0.16790449,0.32390756,0.363631,0.4992806,0.78644223,0.00850639,-0.00291073,-0.01375866
-0.03030483,0.850444,-0.52519184,-0.93099688,0.16720676,0.32447894,0.36376678,0.4987853,0.78669366,0.00859016,0.00743735,-0.00515445
-0.0305551,0.8504898,-0.52510319,-0.93098924,0.16697688,0.32461926,0.36376546,0.49878424,0.78669495,0.00499978,0.01407743,-0.00444049
-0.03097936,0.85058968,-0.5249165,-0.93104573,0.16647778,0.32471353,0.3635849,0.49878074,0.78678063,0.00747914,0.01560926,-0.00800115
-0.0313167944,0.85052551,-0.525000627,-0.931099749,0.166157043,0.324723157,0.363417884,0.498997224,0.786720548,-0.00444892468,0.000375270844,-0.0079539381
-0.03143633,0.85055618,-0.52494367,-0.93112372,0.16600352,0.32473281,0.36334599,0.49899594,0.78675455,-0.00194264,-0.00413406,-0.00335158
-0.03152337,0.85081419,-0.5245203,-0.93119127,0.16567724,0.32470589,0.36316546,0.49866453,0.787048,-0.00225781,0.01698017,-0.00122275
-0.03151224,0.85115059,-0.52397492,-0.9312205,0.16543822,0.32474395,0.36309149,0.49816957,0.78739549,0.01684553,-0.00152874,0.00527789
-0.031577409,0.851204948,-0.523882644,-0.931237056,0.165326351,0.324753383,0.363043294,0.498113793,0.787452996,0.0181581303,-0.000599682331,-0.000581227709
-0.03178425,0.85112576,-0.52399881,-0.9313226,0.16508205,0.32463237,0.36280577,0.49833011,0.7874256,0.03000509,0.00720394,0.00463182
-0.03228455,0.85066914,-0.52470905,-0.93142488,0.16479794,0.32448299,0.36249863,0.49920291,0.78701409,0.01510342,-0.00143123,0.00193671
-0.03245822,0.85033153,-0.52524544,-0.9314668,0.16480104,0.32436126,0.3623756,0.49977688,0.78670643,,,
-0.03245822,0.85033153,-0.52524544,-0.9314668,0.16480104,0.32436126,0.3623756,0.49977688,0.78670643,,,
-0.03213233,0.85035685,-0.52522454,-0.93134126,0.16523592,0.32450056,0.36272725,0.49959021,0.78666294,0.01275944,-0.00476915,0.00615767
-0.0319476275,0.850545785,-0.524929834,-0.931241481,0.165413621,0.324696367,0.36299968,0.499209669,0.786778852,0.0249668285,-0.013605535,0.000767607708
-0.03169738,0.8506095,-0.52484168,-0.93107619,0.16581405,0.32496595,0.36344525,0.49896814,0.78672635,0.02067158,0.00203371,0.00101024
-0.0315885265,0.850515882,-0.524999887,-0.930963527,0.166119088,0.325132812,0.363743122,0.49902622,0.786551822,9.50015383e-05,0.00779569149,-0.00338821998
-0.0308917449,0.850597078,-0.524909726,-0.930663524,0.167071083,0.325503586,0.364569628,0.498569745,0.78645863,0.0134093426,1.34110451e-05,0.0117198676
-0.03031406,0.85080265,-0.52461019,-0.93045231,0.16772156,0.32577281,0.36515681,0.49800028,0.78654702,0.01333319,-0.00156969,0.00227227
-0.02990017,0.85071012,-0.52478394,-0.93035539,0.16826142,0.32577118,0.36543772,0.49797622,0.78643177,0.00886248,0.00728214,-0.00101048
-0.0292038,0.85035976,-0.52539066,-0.93025414,0.16920516,0.32557149,0.3657517,0.49825478,0.78610931,0.01266007,-0.00175154,0.00793881
-0.02873686,0.84967089,-0.52652989,-0.93021882,0.17007351,0.32522004,0.3658788,0.49913375,0.78549235,0.01489142,-0.00647491,0.00452678
-0.02851912,0.84912144,-0.52742704,-0.93024149,0.17056457,0.32489746,0.36583776,0.49990037,0.78502377,-0.00121183,0.00666606,0.00156487
-0.0278647941,0.84821003,-0.528926437,-0.930321854,0.171564747,0.324139917,0.365683849,0.501103965,0.78432781,-0.000456113426,0.00140273571,-0.00667090062
-0.02710956,0.84712238,-0.53070583,-0.93043851,0.17270248,0.32319962,0.36544384,0.50255096,0.78351345,0.02358988,-0.00209796,0.00207555
-0.02667716,0.84591234,-0.53265436,-0.93061753,0.17355202,0.32222777,0.36501969,0.50429359,0.78259095,0.04751109,-0.02043539,-0.00902978
-0.02641582,0.84380666,-0.53599673,-0.93091847,0.17461961,0.32077838,0.36427047,0.5074429,0.78090251,0.0352537,-0.01369184,-0.01275267
-0.02635626,0.84269758,-0.53774168,-0.93109245,0.17508822,0.32001711,0.36382989,0.50912168,0.7800147,0.03108009,-0.01292902,-0.00614097
-0.02635626,0.84269758,-0.53774168,-0.93109245,0.17508822,0.32001711,0.36382989,0.50912168,0.7800147,0.03108009,-0.01292902,-0.00614097
-0.02598729,0.83804577,-0.54498062,-0.93202384,0.17681213,0.31633681,0.3614639,0.51615569,0.77648383,0.12559129,-0.04323214,-0.01838362
-0.02593558,0.8361427,-0.54789851,-0.93244858,0.17734491,0.31478321,0.3603707,0.51905125,0.77506049,0.10829698,-0.03178763,-0.0281396
-0.02799886,0.82948752,-0.55782288,-0.93512358,0.1754502,0.30783275,0.35321354,0.53025236,0.77076105,0.20164481,-0.09073114,-0.03211268
-0.0297004,0.82755815,-0.56059395,-0.93611203,0.17360244,0.30587024,0.3504459,0.53386314,0.76953093,0.21499844,-0.10384876,-0.0252982
-0.03495771,0.82309146,-0.56683174,-0.93842415,0.16803055,0.30187032,0.34371191,0.54248136,0.76653509,0.14333558,-0.09633505,-0.01502568
-0.04182769,0.81841649,-0.57310101,-0.94093371,0.16063087,0.29806271,0.33599713,0.55171739,0.76335694,0.0226697,-0.06171441,-0.03519929
-0.05088832,0.81412375,-0.57845729,-0.94446271,0.14905623,0.29286922,0.32465444,0.56123499,0.76132435,0.0611186,-0.10002661,0.01205307
-0.05638137,0.8121706,-0.58068928,-0.94702572,0.14067814,0.28870735,0.31616991,0.5662054,0.76121484,0.08261678,-0.09655535,0.00591287
-0.05961211,0.81025894,-0.5830323,-0.9483983,0.13624748,0.2863165,0.31142717,0.57001485,0.76032635,0.05235086,-0.08739108,0.01534181
-0.06742168,0.80478174,-0.58972936,-0.95121721,0.12650918,0.28139168,0.30106508,0.5799326,0.75699274,0.01992537,-0.0836212,0.00784742
-0.07592959,0.79840514,-0.59731381,-0.95421709,0.11563259,0.27585998,0.28931695,0.59091304,0.75307201,0.00268957,-0.03256404,-0.02080171
-0.07954244,0.79543091,-0.60080168,-0.95577224,0.11034134,0.27262469,0.28314736,0.5959148,0.75147396,-0.00260184,-0.02626431,-0.0024172
-0.08572974,0.7895713,-0.60764101,-0.95873367,0.10055725,0.26592857,0.27107228,0.60536387,0.74836783,0.02030876,-0.04278839,-0.01793943
-0.09096081,0.78477214,-0.61307311,-0.96143179,0.09125807,0.2594624,0.25956671,0.61302896,0.74620412,0.07759178,-0.0939036,0.01786223
-0.09329461,0.78266699,-0.61540916,-0.96276488,0.08660293,0.2560931,0.25373184,0.61638646,0.74544475,0.06371875,-0.10489929,0.02596954
-0.09719881,0.77728296,-0.62159759,-0.9653552,0.07833292,0.24890416,0.24216051,0.62425566,0.74274029,-0.02172795,-0.04103607,-0.01189039
-0.10087907,0.77022837,-0.62973913,-0.96891367,0.06766018,0.23796667,0.22589689,0.63416883,0.73945955,0.07453213,-0.11293322,-0.01365812
-0.10372564,0.76526971,-0.63529777,-0.97128464,0.05957182,0.23034181,0.21411945,0.64094732,0.73711559,0.05183521,-0.13563615,-0.00610432
-0.10884151,0.75654138,-0.64482446,-0.97445952,0.04697499,0.21959492,0.19642325,0.65225641,0.73210619,-0.03275713,-0.00937581,-0.00525637
-0.11202996,0.75237128,-0.64914309,-0.9761839,0.03880424,0.21344607,0.1857802,0.65759539,0.73010549,0.03198702,-0.10219061,0.0148477
-0.11572627,0.74948543,-0.65182743,-0.9777689,0.02956642,0.20759044,0.17485821,0.66136026,0.72940195,0.01828223,-0.12200147,-0.03520635
-0.11768179,0.74862339,-0.65246749,-0.97845345,0.02483107,0.20496852,0.16964565,0.6625302,0.72957113,-0.04643052,-0.0554409,-0.08120993
-0.12220761,0.7527409,-0.64687435,-0.98043899,0.00975925,0.19658114,0.15428767,0.65824455,0.73682388,0.00157722,-0.06109238,0.00759393
-0.12292367,0.75385865,-0.64543539,-0.98088386,0.00656936,0.19448301,0.15085278,0.65700375,0.7386403,0.0114565,-0.04843962,-0.00470425
-0.12514849,0.754768863,-0.643942384,-0.981652244,-8.66467732e-05,0.190679947,0.143863486,0.655990803,0.740931412,-0.0299575627,0.0391788483,-0.00133923627
-0.12674676,0.75473964,-0.64366399,-0.98224394,-0.00501191,0.18754125,0.13831883,0.6560053,0.74197368,0.00413497,0.05454552,0.02360997
-0.126532469,0.754398042,-0.644106441,-0.98250183,-0.00584682211,0.186161084,0.136673577,0.656391186,0.741937288,0.000865802169,0.036468029,0.0195604619
-0.12454448,0.75370653,-0.64530247,-0.98286304,-0.00463607,0.18427935,0.13590091,0.65719487,0.74136757,-0.05900804,0.0353874,-0.04630535
-0.12154414,0.75624314,-0.64290212,-0.98311852,-0.00247494,0.18295266,0.13676551,0.65428587,0.74377762,-0.10556807,0.01843405,-0.04785597
-0.12007383,0.75896084,-0.63996925,-0.98319567,-0.00162239,0.18254744,0.13750806,0.65113419,0.74640189,-0.07156449,0.00785851,-0.0245103
-0.11689694,0.763967776,-0.634577311,-0.983461022,-3.79197254e-05,0.181119952,0.138345749,0.645254411,0.751336944,-0.00438363478,-0.00960099697,0.00926558115
-0.113885145,0.766441469,-0.632137374,-0.98381039,0.0016190657,0.179205204,0.138373774,0.642312123,0.753848684,0.00783134811,-0.0482408404,-0.000188596197
-0.11275621,0.76678353,-0.63192497,-0.98398791,0.00218092,0.17822215,0.13803601,0.64190214,0.75425972,-0.03810969,-0.03617233,-0.02641294
-0.11126854,0.76756128,-0.63124402,-0.98419324,0.00295314,0.17707329,0.13777876,0.64096878,0.75510002,-0.11995088,0.00467491,-0.02061371
-0.11042799,0.77057467,-0.62771031,-0.98433737,0.00253345,0.17627657,0.13742452,0.63734462,0.75822577,-0.08766444,-0.03944898,-0.02146495
-0.11046067,0.77252287,-0.62530524,-0.98441212,0.00159633,0.17586938,0.13686126,0.63498479,0.76030472,-0.06759232,-0.08274055,-0.03018879
-0.11207096,0.77665366,-0.6198784,-0.98453991,-0.00227811,0.17514569,0.1346154,0.62992375,0.7649018,-0.03449962,-0.05214125,-0.02274483
-0.11574236,0.77908355,-0.61614314,-0.98450197,-0.00769854,0.17520407,0.13175517,0.62687273,0.76790047,-0.05881924,-0.04803288,0.00926708
-0.12275249,0.78038699,-0.61312971,-0.98430257,-0.01679383,0.1756886,0.12680831,0.62507133,0.77019835,-0.08681326,-0.08881313,-0.03505851
-0.12841747,0.78226948,-0.60955995,-0.98416019,-0.02477435,0.17554164,0.12221939,0.62244728,0.77306001,-0.08885179,-0.03617662,-0.02708265
-0.13176311,0.78347005,-0.60729988,-0.98401279,-0.02932331,0.17566717,0.11982191,0.6207373,0.7748083,-0.07306383,-0.02573782,-0.02668784
-0.13864226,0.7854064,-0.60325377,-0.98363448,-0.03842962,0.17602946,0.11507185,0.61778633,0.77788079,-0.05874837,-0.04539478,-0.01732511
-0.14526253,0.78657079,-0.60017094,-0.98322153,-0.04711548,0.17622577,0.11033669,0.6157,0.78021748,-0.07040473,-0.05862218,-0.02316186
-0.14840444,0.78702327,-0.59880749,-0.98299698,-0.05118768,0.17634253,0.1081341,0.614796,0.78123805,-0.06392172,-0.05686665,-0.0172661
-0.15452248,0.78909292,-0.59452095,-0.9824646,-0.05917718,0.17680886,0.10433655,0.61141674,0.78440006,-0.0513288,0.04312301,0.01289768
-0.15945344,0.79123536,-0.59035671,-0.98191419,-0.06528359,0.17771446,0.10207333,0.60801687,0.78733506,-0.10397738,0.11515188,0.0046509
-0.16121344,0.79271035,-0.5878948,-0.9816595,-0.06738013,0.17833769,0.10175765,0.60586303,0.78903443,-0.0888218,0.08801031,0.00573544
-0.163833316,0.796849994,-0.58153986,-0.981176305,-0.0705338109,0.179771874,0.102232969,0.600045795,0.793406228,-0.000511284685,0.0385080576,0.0103035243
-0.16613711,0.80034299,-0.5760638,-0.98062032,-0.07257614,0.18197919,0.10383727,0.59513338,0.79689025,0.01650347,0.10891426,0.019271
-0.16726855,0.80108956,-0.574697,-0.98024806,-0.07274254,0.18390801,0.10552184,0.59410768,0.79743413,0.00419929,0.1311022,0.01724154
-0.16904517,0.80158363,-0.5734871,-0.9793459,-0.07112079,0.18927092,0.11092963,0.59363756,0.79705023,-0.06038923,0.04606259,0.00871034
-0.16883898,0.80289879,-0.57170533,-0.97812455,-0.06497683,0.19761182,0.1215147,0.59256358,0.79630559,-0.0237306,-0.03773594,0.02302393
-0.16900337,0.8042001,-0.56982449,-0.97725525,-0.06158502,0.20292697,0.12810122,0.59115935,0.79631694,-0.03874394,0.02224982,0.0318824
-0.16928562,0.80488535,-0.56877219,-0.9762698,-0.05786561,0.20868332,0.13505377,0.59060225,0.7955812,-0.05979853,0.0087676,0.04043764
-0.16925911,0.80513399,-0.56842799,-0.97572807,-0.05558039,0.21181438,0.13894546,0.59048275,0.79499952,-0.0515474,-0.01789498,0.03341002
-0.16871097,0.8061881,-0.56709536,-0.97464738,-0.05066303,0.21793476,0.14696561,0.58948606,0.79429671,-0.06131628,-0.03902954,0.00801248
-0.16743676,0.80783776,-0.56512217,-0.97352801,-0.04501599,0.22409094,0.15558958,0.58768333,0.79399004,-0.0643425,-0.03795701,-0.00875924
-0.16676937,0.80903527,-0.56360442,-0.97279186,-0.04177258,0.22788393,0.16082293,0.58627384,0.79398928,-0.06954706,-0.03256762,-0.01942449
-0.16491717,0.8112187,-0.56100486,-0.97085202,-0.03321715,0.23736657,0.1739212,0.58379856,0.79305148,-0.04540819,-0.0591104,0.00400225
-0.16343182,0.81347982,-0.55815829,-0.96857064,-0.02476984,0.24750236,0.1875127,0.58106547,0.7919608,0.01303264,0.08109987,-0.00347868
-0.16384087,0.81383496,-0.55752031,-0.96718135,-0.02125956,0.25319626,0.19420734,0.58070711,0.79060911,0.00351143,0.14595938,0.02008218
-0.16579273,0.81272795,-0.55855712,-0.96379872,-0.01360382,0.26628362,0.20881764,0.58248453,0.78556157,-0.03459177,0.16805971,0.0365493
-0.16739486,0.81039717,-0.56145802,-0.95955145,-0.0031652,0.28151513,0.2263619,0.58587214,0.77814785,-0.05101696,0.02084494,0.02366079
-0.16770019,0.80978639,-0.56224754,-0.95730316,0.00245955,0.28907491,0.23547176,0.5867194,0.7747989,-0.01448742,-0.01130855,0.01457341
-0.1689621,0.80959841,-0.56214097,-0.95293165,0.01148878,0.3029678,0.25174059,0.5868719,0.76955058,0.01568472,0.08183873,-0.02106614
-0.17200197,0.80727293,-0.56455803,-0.94688642,0.0225815,0.32077441,0.27170107,0.58974615,0.76051168,-0.03309153,0.16205347,0.00489143
-0.17549003,0.80589882,-0.56544704,-0.94275459,0.02787626,0.3323202,0.28357901,0.59139666,0.75487279,-0.04243038,0.10983348,0.00799908
-0.17868317,0.80463844,-0.56624122,-0.93856833,0.03329219,0.34348356,0.29523146,0.59283088,0.74925956,-0.01497792,0.04688787,-0.00550289
-0.17997019,0.8042392,-0.56640082,-0.93651952,0.03604749,0.34875728,0.30090158,0.5932114,0.74669836,-0.0090853,0.0453881,-0.034203
-0.18199796,0.80322267,-0.56719495,-0.93252994,0.0419608,0.35864636,0.31187284,0.59419917,0.74139239,-0.00222043,0.05954158,-0.03838946
-0.18442992,0.80204141,-0.56808026,-0.92856136,0.04724206,0.36816027,0.32211706,0.59539715,0.73603181,-0.00311001,0.08955073,-0.00446021
-0.186060374,0.80093986,-0.569101708,-0.926480546,0.0498292142,0.373029151,0.327131795,0.596667655,0.732784054,-0.013595487,0.0879071951,0.000259321532
-0.19172036,0.7956269,-0.57464872,-0.91721589,0.06309073,0.39336316,0.34922532,0.60249266,0.71766585,0.0036412,0.05720699,-0.03618524
-0.19314329,0.79461118,-0.57557657,-0.9146714,0.0664689,0.39869516,0.35506553,0.60346887,0.71397038,-0.00966253,0.05422831,-0.05573791
-0.19637384,0.7925521,-0.57731993,-0.9090825,0.07347261,0.41008614,0.36743182,0.60536171,0.70606729,-0.02640417,0.02536547,-0.06696589
-0.19865065,0.79100382,-0.57866283,-0.90312091,0.08158933,0.42156335,0.38067092,0.60634642,0.69816447,-0.02718801,-0.01774615,-0.04128241
-0.19955306,0.79037575,-0.57921032,-0.90002039,0.08590093,0.42729873,0.38748125,0.60656993,0.69421262,-0.01580228,-0.02723163,-0.03354523
-0.2020756,0.78869409,-0.58062648,-0.89379192,0.0938529,0.43855176,0.40037666,0.60757986,0.68596301,-0.00958926,-0.010625,-0.02195282
-0.20456686,0.78592098,-0.58350723,-0.88781403,0.10207766,0.44873873,0.41223624,0.60984295,0.67686991,-0.0470319,-0.01851338,-0.03231564
-0.20528047,0.78461183,-0.58501655,-0.8851305,0.10622531,0.45305663,0.41761717,0.6108196,0.67267776,-0.05570254,-0.01443684,-0.02971689
-0.2062293,0.78231902,-0.58774688,-0.88035346,0.11385804,0.4604499,0.42713842,0.61238327,0.66523642,-0.05058737,-0.01120138,-0.02176889
-0.20688855,0.78003482,-0.59054449,-0.8761188,0.12093828,0.46667952,0.43544571,0.61393778,0.65838243,-0.04637419,-0.0289855,-0.00948923
-0.20773017,0.7763956,-0.59502756,-0.87024244,0.13109243,0.4748607,0.44668335,0.61646124,0.64842073,0.01309158,0.04741383,0.00399965
-0.208249705,0.7727749,-0.599542415,-0.866609762,0.138402942,0.47940819,0.453453056,0.619405881,0.640871835,0.00046981874,0.0815136433,0.00306723244
-0.2083086,0.77070485,-0.60218074,-0.86501043,0.14217389,0.48118977,0.45646967,0.62112855,0.63705163,-0.00510224,0.08766842,-0.00144799
-0.2081005,0.76731762,-0.60656241,-0.86202687,0.14914804,0.48442194,0.46217309,0.6236815,0.63041055,0.00864116,0.11036754,0.01794616
-0.20816571,0.7643377,-0.61029096,-0.8589484,0.15559492,0.48785035,0.4678406,0.62576209,0.62413702,0.01838194,0.09357607,0.03032486
-0.2085073,0.76273211,-0.61218015,-0.85722827,0.15880994,0.48983586,0.47083383,0.62691244,0.62072242,0.01035011,0.07162416,0.02981747
-0.20917665,0.75953396,-0.61591653,-0.85348132,0.16562511,0.4941031,0.47729931,0.62902814,0.61360323,0.0068723,0.04991448,-0.00285306
-0.20937927,0.75617546,-0.61996676,-0.84940919,0.17344417,0.49841851,0.48442145,0.63096406,0.60598691,0.01301268,0.0158999,0.00112313
-0.20910515,0.75445493,-0.62215165,-0.84729276,0.17786174,0.5004599,0.48823141,0.63179338,0.60205247,0.02925423,0.00594556,-0.00306774
-0.2083693,0.75093448,-0.62664162,-0.84313285,0.18680466,0.50421333,0.49569075,0.63340467,0.59421311,0.04254534,0.03008699,0.01692208
-0.20702063,0.7472178,-0.63151229,-0.83887814,0.1965711,0.50758556,0.50341402,0.63484265,0.58613057,0.03421659,0.0366205,0.03033935
-0.20609108,0.74534248,-0.63402747,-0.83658165,0.20190163,0.50928059,0.50759963,0.63537404,0.58192986,0.03268741,0.02123594,0.02619747
-0.203166478,0.741861513,-0.639034223,-0.831953198,0.213353855,0.512185432,0.516311068,0.635705542,0.573847798,0.0114910966,-0.000704526901,0.00497482903
-0.198050248,0.739645726,-0.643195492,-0.827359103,0.225718354,0.51432308,0.525597903,0.634015391,0.567248958,0.0298166443,-0.0159555078,-0.000465216115
-0.19502937,0.73897311,-0.64488938,-0.82503004,0.23194582,0.51529273,0.53036687,0.63255031,0.56443875,0.04105317,-0.01300871,0.01326545
-0.18905417,0.73679022,-0.64915224,-0.82024315,0.24495869,0.51691042,0.53987002,0.63018678,0.55803671,0.02244336,0.00880885,0.00552109
-0.18243221,0.73366806,-0.65456063,-0.81518628,0.25934681,0.51789046,0.5497179,0.62806877,0.55076296,-0.0092504,-0.00534523,-0.02163999
-0.17866933,0.73222321,-0.65721106,-0.81240735,0.26701982,0.51835766,0.55504189,0.62653774,0.54715531,-0.01470629,-0.02210873,-0.02308522
-0.17047897,0.72953266,-0.66235881,-0.80592299,0.28352772,0.51971173,0.56694376,0.62241003,0.53961152,0.01383644,-0.06283277,-0.01736698
-0.16134868,0.72604247,-0.66845245,-0.79905206,0.30141432,0.5202548,0.57920822,0.61807086,0.53151308,0.0239791,-0.04172224,-0.02664837
-0.15635576,0.72410926,-0.67172822,-0.79552333,0.3107602,0.52016422,0.58540213,0.61570607,0.52745658,-0.01245604,-0.02736247,-0.04000948
-0.14532003,0.72009022,-0.67849244,-0.78792068,0.33052805,0.51954991,0.59838359,0.61009932,0.51934173,-0.04073465,-0.04117656,-0.05233363
-0.1329874,0.7170235,-0.68424508,-0.77955024,0.35066571,0.51897476,0.61205837,0.60242068,0.5123219,-0.01963623,-0.06226128,-0.03617069
-0.12665778,0.71607495,-0.68643614,-0.77541689,0.36008984,0.5187138,0.61861665,0.59797326,0.50964837,0.00869679,-0.03742987,-0.01680156
-0.095374,0.7057974,-0.7019641,-0.75335033,0.40976028,0.51435363,0.65066646,0.57788096,0.49263236,-0.03272802,-0.0064429,-0.05979203
-0.08380033,0.70237044,-0.70686145,-0.74603508,0.42604275,0.51178038,0.6606126,0.57023088,0.48829054,0.03132726,0.07217503,-0.02287569
-0.07387256,0.69956278,-0.71074222,-0.7398677,0.43942487,0.50941284,0.66868407,0.56348697,0.48512259,0.0333787,0.13646138,-0.03267004
-0.06862321,0.69939325,-0.71143501,-0.73703915,0.44506036,0.50862018,0.67235704,0.55925868,0.48493882,0.05070309,0.15715182,-0.05585049
-0.04670921,0.70493058,-0.70773654,-0.72262145,0.46532208,0.5111688,0.68966396,0.53530195,0.48766319,0.07234146,0.14273298,-0.04173235
-0.04172142,0.70647518,-0.70650693,-0.71835488,0.47026077,0.51266072,0.69442457,0.52891168,0.48788,0.06067157,0.13454223,-0.0427744
-0.03262732,0.7094944,-0.70395528,-0.70953807,0.47960764,0.51626754,0.70391126,0.51632756,0.48776504,0.04064925,0.06108439,-0.02804554
-0.02318214,0.71077292,-0.70303941,-0.69987856,0.49062128,0.51909608,0.71388553,0.50407599,0.48608109,0.01507941,0.01451623,-0.03650025
-0.01809073,0.71130371,-0.70265192,-0.69457513,0.49656683,0.52056387,0.71919266,0.49746195,0.48507063,0.02187415,-0.01331705,-0.02863666
-0.00775615,0.71287829,-0.70124477,-0.68394258,0.50780319,0.52379232,0.7294945,0.48367385,0.48362929,0.0041503,-0.0244059,-0.02787016
0.01003169,0.71524472,-0.69880198,-0.6662217,0.5259202,0.52873105,0.74568617,0.46025305,0.48178749,-0.06406517,-0.06314397,0.01013518
0.02233513,0.71697033,-0.69674575,-0.65416532,0.53749864,0.53213056,0.75602172,0.44390172,0.48102225,-0.02768695,-0.06090838,0.05445541
0.03242461,0.71552087,-0.69783856,-0.64283376,0.54956104,0.53361735,0.76531923,0.43129179,0.47778021,-0.06270469,-0.06164008,0.06582666
0.03695841,0.71404851,-0.69911994,-0.63767555,0.55550253,0.53365418,0.76941787,0.42608874,0.47586182,-0.05514896,-0.05898613,0.08118055
0.04554795,0.70998319,-0.70274404,-0.62830922,0.56726685,0.5323869,0.77662914,0.41729146,0.47192686,-0.03936745,-0.06670821,0.09902045
0.05356516,0.70495252,-0.70722876,-0.6203052,0.57851047,0.52966689,0.78252926,0.41032608,0.46827381,-0.02832936,-0.04065841,0.08917449
0.05692904,0.70230798,-0.70959319,-0.61694516,0.583549,0.52806174,0.78494437,0.40771808,0.46650643,-0.01657886,0.0094775,0.10371912
0.06746422,0.69159078,-0.71913193,-0.60753449,0.60021553,0.52023374,0.79142301,0.4018003,0.46065834,0.11056736,0.04280579,0.12295289
0.06900235,0.68853623,-0.72191165,-0.60645738,0.60352469,0.51765562,0.79211616,0.40208925,0.45921255,0.11331977,0.10232961,0.1370237
0.07002949,0.68337806,-0.72669799,-0.60503255,0.60829312,0.51372653,0.79311484,0.4037001,0.45606457,0.1168129,0.15511107,0.09628464
0.06857693,0.67961173,-0.73035956,-0.60367518,0.61111531,0.51197104,0.79427543,0.40579054,0.45217316,0.10105079,0.09652746,0.05677256
0.06722384,0.67791352,-0.73206148,-0.60317735,0.61207389,0.51141231,0.79476905,0.4071839,0.45004812,0.08513281,0.09122133,0.04130626
0.06396806,0.6747231,-0.73529368,-0.60324694,0.61309278,0.51010818,0.79498502,0.41093304,0.44624302,0.04224817,0.08472502,-0.01908542
0.06170545,0.67219025,-0.73780253,-0.60456415,0.61334673,0.50824003,0.79416277,0.41468784,0.44422901,-0.00339604,0.07879865,-0.07288173
0.06129529,0.67149522,-0.7384694,-0.60544786,0.61321492,0.50734639,0.79352113,0.41600677,0.44414253,-0.00096301,0.06271529,-0.10339443
0.06106284,0.67176351,-0.73824462,-0.6076072,0.61181138,0.50645861,0.79188687,0.41763695,0.44552728,0.03495234,0.03007281,-0.06685998
0.06030666,0.67214238,-0.73796195,-0.60915827,0.61045733,0.50622929,0.79075244,0.41900657,0.44625569,0.00401355,0.03335667,-0.0372618
0.0597632691,0.671972463,-0.738160752,-0.609706517,0.610085239,0.506017724,0.790370957,0.41982018,0.446166705,-0.000212941784,0.020963192,-0.0518877804
0.05941994,0.67215268,-0.73802434,-0.61400542,0.60753893,0.50387871,0.78706195,0.42321056,0.44880536,-0.01227146,0.04101169,-0.01963909
0.05966141,0.6730655,-0.73717261,-0.61517392,0.60637538,0.50385513,0.78613082,0.4234286,0.45022951,-0.03279965,0.01262748,-0.01665169
0.06049231,0.67602568,-0.73439087,-0.61687167,0.60373854,0.50494467,0.78473563,0.42247966,0.45354263,-0.05033679,0.01304722,0.01728691
0.06082836,0.67655346,-0.73387695,-0.61702886,0.60341529,0.50513898,0.7845861,0.42209646,0.45415775,-0.05176349,0.00471115,0.0075935
0.06066724,0.6772326,-0.73326356,-0.61723761,0.60277536,0.50564768,0.7844343,0.42192162,0.45458216,-0.04164799,-0.02006161,0.00676819
0.05987823,0.67842262,-0.73222761,-0.61797113,0.60126534,0.50654876,0.78391722,0.42216432,0.45524833,0.00355713,-0.04155159,0.01619398
0.05906542,0.67832931,-0.73238008,-0.61895831,0.60049394,0.50625845,0.78319975,0.42341039,0.45532601,-0.01832409,-0.01057899,0.01153924
0.05877527,0.67810383,-0.7326121,-0.61945075,0.60027469,0.50591599,0.78283208,0.42408185,0.45533331,-0.03214341,0.00373983,0.00375584
0.05788231,0.67948405,-0.73140345,-0.62117328,0.59805023,0.50643821,0.78153269,0.42501449,0.45669389,0.01259401,-0.01752359,-0.00616174
0.05767737,0.67970749,-0.73121193,-0.62172971,0.59751541,0.50638665,0.7811052,0.42540921,0.45705753,0.02647381,-0.01632214,0.00144219
0.05694612,0.67900653,-0.73192027,-0.6229973,0.59703181,0.50539824,0.78014839,0.42720388,0.45701787,-0.02710976,0.02653396,-0.00506454
0.05599041,0.67935422,-0.73167134,-0.62491116,0.59537827,0.5049859,0.77868552,0.4289552,0.4578715,0.01111482,-0.00259799,-0.00524178
0.05540633,0.68027894,-0.73085595,-0.62629283,0.59375451,0.50518586,0.77761632,0.42973949,0.4589517,0.03083068,-0.00197911,0.01463031
0.05466589,0.68032455,-0.73086941,-0.62738093,0.59283729,0.50491294,0.77679131,0.43093204,0.45923065,0.00828932,0.02147186,-0.0100395
0.0544584,0.68033999,-0.73087044,-0.62780656,0.59251073,0.50476716,0.77646186,0.43135653,0.45938917,0.00276396,0.01204181,-0.01346385
0.05391876,0.68185436,-0.72949803,-0.62889154,0.59065232,0.50559397,0.77562116,0.43151415,0.46065969,0.02797586,0.0192517,0.00112362
0.05368159,0.68226192,-0.72913436,-0.62904074,0.59019516,0.5059421,0.7755166,0.43149546,0.46085317,0.02808818,0.01669705,0.0030264
0.0530778,0.68281586,-0.72865992,-0.62914967,0.58951646,0.50659752,0.77546983,0.43154706,0.4608836,0.01729618,0.01354206,0.00920814
0.05179745,0.6840773,-0.72756793,-0.62976008,0.58780105,0.50783077,0.7750607,0.43188899,0.46125125,0.02141765,0.02706099,0.04293853
0.0499728,0.68471567,-0.72709506,-0.63061311,0.58616714,0.50866021,0.77448685,0.43309648,0.46108307,0.02106307,0.01837647,0.01376001
0.04725782,0.68543195,-0.72660153,-0.63189118,0.58388208,0.50970115,0.77361506,0.43504572,0.46071139,0.01397443,0.00445068,-0.00596189
0.04579396,0.68550837,-0.72662307,-0.63252765,0.58289126,0.51004559,0.77318276,0.43625223,0.46029594,-0.00351899,-0.00578326,-0.00835546
0.04286991,0.68575037,-0.72657307,-0.63389755,0.58078282,0.51074958,0.77222787,0.43867719,0.45959367,-0.02059415,-0.00184661,-0.02020584
0.0399163,0.68671611,-0.72582897,-0.63543719,0.57804041,0.51194617,0.77112015,0.44078372,0.45943818,-0.01997165,-0.01207441,-0.04225258
0.03566092,0.68839659,-0.72445726,-0.63774604,0.57379809,0.51384402,0.76942067,0.44369566,0.45948442,-0.02711996,-0.02111894,-0.0480016
0.03371435,0.68922591,-0.72376176,-0.63907929,0.57163959,0.51459292,0.76840165,0.44519194,0.45974242,-0.02806391,-0.04015422,-0.04000429
0.03314601,0.68956286,-0.7234668,-0.63965186,0.57083338,0.51477633,0.76794965,0.44570419,0.4600011,-0.02415578,-0.0329724,-0.0372786
0.03231319,0.69005781,-0.72303245,-0.64075357,0.56949599,0.51488748,0.76706621,0.44664805,0.4605593,-0.01627996,-0.03118002,-0.02724491
0.03210883,0.69076264,-0.72236826,-0.64191026,0.56823467,0.5148403,0.76610714,0.44716472,0.46165302,0.01003753,-0.01529652,-0.00692225
0.03197678,0.69093679,-0.72220755,-0.64227556,0.56784226,0.51481766,0.76580643,0.4473941,0.46192962,0.01231578,-0.01272917,0.00488435
0.03193664,0.69066343,-0.72247074,-0.64290514,0.56765205,0.51424127,0.76527964,0.44805707,0.46216001,,,
0.03209307,0.69055141,-0.72257077,-0.64348053,0.56745973,0.51373354,0.76478924,0.44847307,0.46256803,0.01598911,0.02890587,-0.00805649
0.03202506,0.69074387,-0.72238992,-0.64382032,0.56709525,0.51371036,0.76450617,0.44863775,0.46287625,0.01958149,0.02630746,0.01087455
0.03145378,0.69093941,-0.722228,-0.64433401,0.56641578,0.51381593,0.76409702,0.44919466,0.46301172,0.01944745,0.01524973,0.00216162
0.03087882,0.69083759,-0.72235026,-0.64462489,0.56607647,0.51382504,0.76387513,0.44977866,0.46281089,0.01008403,0.02425909,-0.01194256
0.02982798,0.69199057,-0.72129003,-0.64577141,0.56413784,0.51451703,0.76294793,0.45044149,0.46369483,0.02084584,0.01867723,0.00290842
0.02857114,0.69253232,-0.72082068,-0.64677133,0.5626291,0.51491285,0.76214849,0.45149461,0.4639851,0.01206308,0.00585401,-0.00553015
0.02794096,0.69274909,-0.72063721,-0.64725994,0.56191761,0.51507588,0.76175708,0.45204789,0.46408925,0.00310234,0.00111228,-0.00852333
0.02711624,0.69330782,-0.72013117,-0.64833427,0.56052898,0.51523771,0.76087273,0.45291444,0.46469469,-0.00890574,-0.01320761,-0.02235689
0.02667419,0.69429208,-0.71919878,-0.64959231,0.55888568,0.51543824,0.75981459,0.45343715,0.46591467,0.00164214,-0.01997381,-0.0136183
0.02655059,0.69577664,-0.71776725,-0.65115784,0.55683206,0.51568543,0.75847769,0.45368808,0.46784468,-0.00187428,-0.0161733,-0.0140971
0.02721016,0.69610568,-0.71742352,-0.65202408,0.55636087,0.51509921,0.75770986,0.45376147,0.46901632,-0.00202474,-0.02201748,-0.00257783
0.02736823,0.69605701,-0.71746466,-0.65266104,0.55608198,0.5145934,0.75715551,0.45417776,0.46950831,-0.00298493,-0.01600993,0.00985439
0.027523,0.69577686,-0.71773047,-0.65314436,0.55605923,0.51400445,0.75673306,0.45463467,0.46974715,-0.01069776,-0.01352143,0.01866402
0.02763245,0.69559893,-0.71789871,-0.65332394,0.55612577,0.51370415,0.75657403,0.45482552,0.46981856,-0.00236939,-0.01534754,0.02239504
0.02790842,0.69539568,-0.71808485,-0.65398171,0.55599399,0.51300932,0.75599532,0.45529714,0.47029302,0.02537397,-0.01234049,0.02545221
0.02778676,0.69480146,-0.71866462,-0.65494662,0.55578343,0.51200557,0.7551641,0.45645999,0.47050129,0.00463583,0.0150063,0.02373622
0.02776032,0.69448779,-0.7189687,-0.65534417,0.55575483,0.51152766,0.75482004,0.45697182,0.4705565,0.01228005,0.01688409,0.01352144
0.02660623,0.69347656,-0.71998776,-0.65721304,0.55483893,0.51012233,0.75323511,0.45961291,0.47052401,0.02665849,0.04493892,0.03678013
0.02595212,0.69285752,-0.72060727,-0.65764221,0.55473192,0.50968536,0.7528832,0.46067439,0.47004887,0.02669244,0.04761851,0.02526064
0.02396967,0.69176024,-0.7217293,-0.65859311,0.55406381,0.50918405,0.75211736,0.46312099,0.46886928,0.03686107,0.0445658,0.01396997
0.02137115,0.69078259,-0.72274657,-0.6598447,0.55284719,0.50888595,0.75109797,0.46602506,0.46762425,0.02894909,0.04214978,0.01099538
0.01991646,0.6903301,-0.72322041,-0.66066679,0.5520179,0.50871964,0.75041508,0.46767578,0.46707238,0.03434069,0.04921186,0.00130778
0.01714474,0.69014224,-0.72347059,-0.66278745,0.54960211,0.50857674,0.74861125,0.47078783,0.46684042,0.02902577,0.04339421,0.00526599
0.01438566,0.69056586,-0.72312646,-0.66535999,0.54645298,0.50861109,0.74638406,0.47382269,0.46733597,0.04335188,0.02752566,0.01034052
0.0128863,0.6909022,-0.72283339,-0.66677267,0.54464595,0.50869932,0.74514976,0.47541029,0.46769317,0.0377229,0.03017116,0.00604205
0.00520815,0.6917725,-0.72209673,-0.6712821,0.53763941,0.51021977,0.74118366,0.4820733,0.4671746,-0.02076124,-0.03386629,-0.03114137
0.0034235,0.69202347,-0.7218669,-0.67210779,0.53610163,0.5107506,0.74044542,0.4834238,0.46694969,-0.03311121,-0.04745603,-0.02555196
0.000535182845,0.692425995,-0.721488825,-0.673439249,0.533604818,0.511610746,0.739242491,0.485605003,0.466592339,-0.013175806,-0.0441486835,-0.0281892847
-0.00155763,0.69236727,-0.72154349,-0.67444218,0.53200828,0.51195202,0.73832593,0.48743686,0.46613308,-0.03713673,-0.04150265,-0.03777334
-0.00235826,0.6922923,-0.72161322,-0.67485442,0.53141359,0.5120264,0.73794701,0.48819145,0.46594339,-0.02271881,-0.0374428,-0.0365751
-0.00377353,0.6921416,-0.72175176,-0.67554513,0.53039722,0.5121694,0.73730888,0.48950865,0.46557149,-0.00761652,-0.02063614,-0.01485596
-0.00579566,0.69159151,-0.72226571,-0.67582418,0.5296477,0.51257688,0.73704019,0.49109527,0.46432454,-0.00529492,-0.01951957,0.00579257
-0.00714289,0.69107898,-0.72274382,-0.67592282,0.5293077,0.51279783,0.73693768,0.49218199,0.46333536,-0.01597587,-0.01486099,0.01589302
-0.00996212,0.68975239,-0.72397665,-0.67635841,0.52861758,0.51293533,0.73650516,0.49477773,0.46125377,-0.00590221,-0.01049972,0.01349335
