0,1,2,3,4,5,6,7,8,9,10,11
-0.552636766,-0.00352485636,-0.833414716,-0.182768503,0.976161584,0.117065092,0.813134791,0.217016444,-0.540107012,-0.00091011083,-0.00699001504,0.00188841647
-0.55288938,-0.00356784,-0.83324708,-0.18259179,0.9762053,0.11697624,0.81300286,0.21681899,-0.540385,0.00151209,-0.00638598,-0.00176345
-0.55301557,-0.00358936,-0.83316321,-0.18250336,0.97622718,0.11693167,0.81293686,0.21672012,-0.5405239,-0.00217603,-0.00422537,-0.00204191
-0.55317771,-0.00368204,-0.83305514,-0.18242224,0.97625574,0.11681976,0.81284473,0.21658988,-0.5407146,,,
-0.55328573,-0.00396979,-0.8329822,-0.1823718,0.97630545,0.11648265,0.81278265,0.21636062,-0.54089986,-0.0013459,-0.01191819,0.00544503
-0.55332156,-0.00411504,-0.83295759,-0.18230682,0.97634169,0.11628036,0.81277273,0.21619428,-0.54098111,,,
-0.55351955,-0.00446403,-0.8328242,-0.18205236,0.97645059,0.11576349,0.81269491,0.21569497,-0.54129718,-0.00335955,-0.00303811,0.00507801
-0.55387962,-0.00483152,-0.83258273,-0.18178913,0.97655812,0.11526907,0.81250849,0.21519968,-0.54177395,-0.00411254,0.00270385,0.00225496
-0.55408659,-0.0049918,-0.83244395,-0.18156991,0.97663072,0.11499911,0.81241628,0.21486626,-0.54204434,-0.00416013,0.00560707,0.00217469
-0.55451906,-0.00511982,-0.83215515,-0.18102138,0.97677749,0.11461672,0.8122436,0.21419505,-0.54256854,-0.00449042,0.00701505,0.00856167
-0.55497781,-0.00524851,-0.83184838,-0.18069784,0.97686381,0.11439132,0.81200219,0.21379789,-0.54308613,-0.00387576,-0.00535643,-0.00142262
-0.555175778,-0.00541219888,-0.8317155,-0.180624234,0.976898534,0.114210958,0.81188352,0.213635121,-0.543327979,-0.000639772858,-0.00883555319,0.00018695285
-0.555507631,-0.00582729131,-0.831491049,-0.180761552,0.976907355,0.113917876,0.811625889,0.213583857,-0.543732841,-0.000264320755,0.00701051904,0.0066366042
-0.5558738,-0.00651068,-0.83124108,-0.18138694,0.97682292,0.1136475,0.81123541,0.21394996,-0.54417122,-0.00121302,-0.01265633,0.00562284
-0.55607918,-0.00686777,-0.83110083,-0.18164863,0.97679526,0.11346713,0.81103609,0.21406505,-0.54442302,-0.00352007,-0.0055933,0.00414729
-0.55654524,-0.00726369,-0.83078539,-0.18158855,0.97684832,0.11310591,0.81072975,0.2138097,-0.54497928,,,
-0.55706697,-0.00734103,-0.83043517,-0.18094494,0.97700963,0.11274353,0.81051551,0.21306873,-0.54558812,-0.00194916,-0.00792909,0.00189833
-0.55741737,-0.00729265,-0.83020023,-0.18056346,0.97709077,0.11265192,0.81035945,0.21269799,-0.54596415,0.00312773,-0.00232661,0.00364108
-0.557930271,-0.00710208907,-0.829857494,-0.179656439,0.977284325,0.112422917,0.810208284,0.211813382,-0.546532445,0.00090388325,-0.00220113969,0.00833612401
-0.55837069,-0.00684281,-0.82956322,-0.17866209,0.97749305,0.11219264,0.81012457,0.2108566,-0.54702602,0.00254803,-0.00385189,-0.00759813
-0.55852351,-0.00674145,-0.82946122,-0.17824567,0.97758226,0.11207767,0.81011101,0.21044589,-0.54720431,0.00791461,-0.00789434,-0.00544865
-0.5585064,-0.00653892,-0.82947437,-0.17739391,0.9777763,0.11173587,0.81030975,0.20954891,-0.54725428,0.00567039,0.00452226,-0.00286687
-0.55839048,-0.00608265,-0.82955597,-0.17641004,0.97797275,0.11157417,0.81060447,0.20864396,-0.54716371,0.00746544,0.00426716,0.00487553
-0.55827398,-0.00586074,-0.82963596,-0.17587126,0.97808544,0.11143688,0.81080175,0.20812143,-0.54707039,,,
-0.55737266,-0.00470296,-0.83024884,-0.17238269,0.97884844,0.11018136,0.8121696,0.20453265,-0.54639406,0.00312519,0.00266784,-0.00461706
-0.557011246,-0.00438928726,-0.830493481,-0.171245927,0.979104277,0.10967976,0.812658304,0.203311464,-0.546123743,-0.000978440279,-0.0068637128,-0.0010192974
-0.555032478,-0.00328304804,-0.831822066,-0.166451494,0.980205555,0.107195925,0.81500468,0.197955267,-0.544592385,-0.00220718957,-0.000523865165,-0.0110420287
-0.55439783,-0.00308929,-0.83224597,-0.16563356,0.98039853,0.10669701,0.81560311,0.19700047,-0.54404251,-0.0041198,-0.00525868,-0.0042349
-0.55296354,-0.00253898,-0.83320147,-0.16414928,0.98072901,0.105951,0.81687585,0.19535648,-0.54272416,-0.00598335,0.01411706,0.00193326
-0.551545611,-0.00218133261,-0.83414168,-0.162852984,0.981035021,0.10511512,0.818092908,0.193818278,-0.541440794,-0.000617828453,-0.00549685908,-0.0139189558
-0.55091915,-0.00210865,-0.8345559,-0.16244245,0.98114162,0.10475485,0.81859663,0.19327877,-0.54087224,-0.00123592,-0.00710338,-0.01644444
-0.54894971,-0.00122434,-0.83585444,-0.16118696,0.98138408,0.10442247,0.82016639,0.19205153,-0.53892785,0.0025535,0.0176031,-0.00529375
-0.54859447,-0.00111936,-0.83608775,-0.16104726,0.98141404,0.10435638,0.82043144,0.19189899,-0.53857859,0.00712225,0.00247556,-0.01724828
-0.547733007,-0.00127207344,-0.836652163,-0.16092865,0.981485809,0.103863254,0.821030103,0.191530644,-0.537796886,0.0066019455,0.000285744638,-0.0204674285
-0.54656115,-0.00196408,-0.83741687,-0.16146246,0.98148065,0.10308057,0.82170599,0.19155122,-0.53675632,-0.00240849,-0.0156511,-0.01349783
-0.54593982,-0.00246722596,-0.837820744,-0.161834875,0.98147339,0.102564407,0.822045716,0.191582612,-0.536224689,0.00025637541,-0.00999122765,-0.0133919865
-0.54464191,-0.00359547,-0.83866082,-0.16268048,0.98145044,0.10144011,0.82273931,0.1916823,-0.53512396,-0.00759552,-0.00952256,0.00101264
-0.543563475,-0.00427429084,-0.839357118,-0.162930183,0.981504235,0.100514627,0.823402937,0.191392699,-0.534206263,-0.00932684727,0.00290721632,0.000503941439
-0.54314486,-0.0044451,-0.83962721,-0.1628902,0.98154556,0.10017531,0.82368707,0.19117675,-0.53384549,-0.00729011,-0.00173497,0.00720639
-0.54249998,-0.00487517,-0.84004167,-0.16295764,0.98159884,0.09954155,0.82409865,0.19089249,-0.5333118,-0.00775933,-0.00940514,0.00246362
-0.54188178,-0.00610214,-0.84043247,-0.1639631,0.98152732,0.09859116,0.82430581,0.19122468,-0.53287229,-0.00186124,-0.014283,-0.00467561
-0.54146018,-0.00699755,-0.84069719,-0.16470594,0.98147099,0.09791138,0.82443477,0.19148295,-0.53258,,,
-0.54017145,-0.00999133,-0.84149545,-0.16692788,0.98133295,0.09550245,0.82483301,0.19205679,-0.53175587,0.00264828,0.01025623,-0.00476799
-0.539991225,-0.0106250269,-0.841603638,-0.167267225,0.981330401,0.094933247,0.824882568,0.192035816,-0.531687025,0.000611950411,0.00392192556,-0.0114081092
-0.539991225,-0.0106250269,-0.841603638,-0.167267225,0.981330401,0.094933247,0.824882568,0.192035816,-0.531687025,0.000611950411,0.00392192556,-0.0114081092
-0.53890114,-0.01435354,-0.84224666,-0.16870146,0.98143745,0.09121593,0.82530315,0.19124462,-0.53131922,-0.00920626,0.0030399,-0.03914435
-0.53837993,-0.01560619,-0.84255761,-0.16923471,0.98146165,0.08995908,0.82553406,0.19102217,-0.53104036,-0.01154099,0.00371879,-0.0335068
-0.53714075,-0.01810103,-0.84329815,-0.17074582,0.98140514,0.08769155,0.82602983,0.19109238,-0.53024337,-0.01095618,0.01544398,-0.01407836
-0.53637955,-0.02056651,-0.8437262,-0.17313187,0.9811237,0.08614893,0.82602799,0.19228442,-0.52981541,-0.01498261,0.00762886,-0.01387609
-0.53615994,-0.02177617,-0.84383554,-0.17469199,0.98088788,0.08568358,0.8258422,0.1933514,-0.52971691,-0.01151628,0.00887233,-0.0197467
-0.53563629,-0.02432047,-0.84409837,-0.17820425,0.98032952,0.0848368,0.82543127,0.1958636,-0.52943407,-0.01368093,0.01708263,-0.02831974
-0.53491483,-0.02666136,-0.84448519,-0.18219717,0.97962614,0.08447964,0.82502743,0.19905223,-0.52887418,-0.01195545,0.0133515,-0.01075806
-0.5345204,-0.02777847,-0.84469878,-0.18435328,0.97922478,0.08445524,0.82480394,0.20086606,-0.52853667,-0.0114505,0.00765067,-0.01514076
-0.53355562,-0.03003522,-0.84523156,-0.18862768,0.97842347,0.08430374,0.82446231,0.2044148,-0.52770881,-0.01146428,0.0024237,-0.02245307
-0.53178143,-0.03307893,-0.84623522,-0.19437259,0.97732954,0.08394206,0.82427396,0.20912379,-0.52615533,-0.01103788,0.00577587,-0.01627141
-0.53064996,-0.03478065,-0.84687717,-0.1981962,0.97654921,0.08408278,0.82409277,0.21246636,-0.52509919,-0.01144724,0.01540202,-0.00985502
-0.52980304,-0.0359868,-0.84735667,-0.20192465,0.97572184,0.08481342,0.82373225,0.21603664,-0.52420702,-0.00175218,0.00805098,-0.01686124
-0.52941222,-0.03649013,-0.84757949,-0.20370136,0.97531477,0.08524586,0.82354616,0.21778331,-0.52377665,-0.00227264,0.01533347,-0.02401404
-0.528601641,-0.0373855557,-0.848046402,-0.207135505,0.974511672,0.0861503584,0.823210339,0.221199733,-0.522872346,0.00036314223,0.00753003312,-0.0235645231
-0.52755807,-0.03842233,-0.8486495,-0.21063186,0.97369942,0.08685418,0.82299239,0.22457327,-0.52177595,0.00821087,-0.00233376,-0.01989347
-0.52696719,-0.03902427,-0.84898918,-0.21258703,0.97324197,0.08721706,0.82286832,0.22644462,-0.52116264,0.00726954,-0.00655973,-0.02251507
-0.52582252,-0.04029789,-0.84963907,-0.21687088,0.97221631,0.08810487,0.82248252,0.23058952,-0.51995266,0.00789644,-0.00499678,-0.00950068
-0.52395234,-0.0429074,-0.85066619,-0.22406742,0.97049593,0.08905866,0.82174679,0.23726906,-0.51810777,0.00500658,-0.00653112,-0.01403736
-0.52075563,-0.04694895,-0.85241373,-0.23459449,0.96791738,0.0900076,0.8208403,0.24684355,-0.51506238,0.00641382,-0.00889349,-0.01260224
-0.51986804,-0.04795672,-0.85289929,-0.23714024,0.967283,0.09015593,0.82067141,0.24912595,-0.51423199,0.00109959,-0.00605702,-0.00716445
-0.51817669,-0.0498837,-0.8538177,-0.24216882,0.96600107,0.09053281,0.82027271,0.25368,-0.51263952,-0.00318974,0.00840455,-0.00450063
-0.516432553,-0.0516587896,-0.854768253,-0.24725321,0.964660252,0.0910848381,0.819855625,0.258383373,-0.510954758,-0.000267464144,0.00868636277,-0.00338398176
-0.51566949,-0.05249558,-0.85517778,-0.24974026,0.96398787,0.09141765,0.81958198,0.26071363,-0.51020939,0.00194055,0.00153428,-0.00648593
-0.51285924,-0.0556967,-0.85666408,-0.25953319,0.96125763,0.09287784,0.81830189,0.26996602,-0.507445,,,
-0.51220953,-0.05655698,-0.85699624,-0.26192294,0.96058258,0.09315302,0.8179472,0.27218086,-0.50683312,0.00130082,-0.00665885,-0.00461762
-0.51090008,-0.05842916,-0.85765201,-0.26691296,0.95915916,0.09365454,0.81715263,0.27676657,-0.50562999,-0.00723433,-0.0032267,-0.00111088
-0.50943968,-0.06057929,-0.85837114,-0.27204786,0.95769427,0.09387032,0.81637052,0.28133935,-0.50436792,-0.01150985,0.00950235,-0.00573957
-0.50860179,-0.06149114,-0.85880316,-0.27435625,0.95702716,0.09395565,0.81612051,0.28340405,-0.5036162,-0.00738184,0.0123921,-0.00319303
-0.50708431,-0.06291707,-0.85959689,-0.27827373,0.95587211,0.0941925,0.81573837,0.28696679,-0.50221592,-0.01026333,0.00501841,0.0024638
-0.50582781,-0.06386033,-0.86026737,-0.28180121,0.95477601,0.09482005,0.81530741,0.29038702,-0.50094817,-0.00702217,-0.00407183,0.01022775
-0.5043851,-0.06489179,-0.86103691,-0.28702274,0.95307029,0.09630664,0.81437918,0.29571283,-0.49933987,-0.00126531,0.00364727,0.01273478
-0.5043851,-0.06489179,-0.86103691,-0.28702274,0.95307029,0.09630664,0.81437918,0.29571283,-0.49933987,-0.00126531,0.00364727,0.01273478
-0.50349478,-0.06541994,-0.86151791,-0.29125582,0.95161684,0.09795627,0.81342666,0.3002426,-0.49818805,0.00345741,-0.00619036,0.00526956
-0.5031892,-0.0656733,-0.86167719,-0.29343114,0.95085235,0.09888364,0.81283377,0.30260011,-0.49772922,0.00328107,-0.00522804,0.00732491
-0.50296554,-0.06599721,-0.86178304,-0.29554752,0.95010818,0.09973013,0.8122052,0.30485867,-0.49737699,0.00578075,0.00106031,0.00730015
-0.50281977,-0.06619976,-0.86185239,-0.29649105,0.94978323,0.1000243,0.81195136,0.30582576,-0.49719742,0.0091274,-0.00268698,0.00455952
-0.5023813,-0.06653903,-0.86208216,-0.29791952,0.94930255,0.10034254,0.8117001,0.30724131,-0.49673513,0.0158741,-0.01540357,0.00178129
-0.5023813,-0.06653903,-0.86208216,-0.29791952,0.94930255,0.10034254,0.8117001,0.30724131,-0.49673513,0.0158741,-0.01540357,0.00178129
-0.501469027,-0.0671030435,-0.862569392,-0.29915358,0.948940456,0.100095677,0.811810267,0.308235608,-0.495938362,0.011161576,-0.00903677847,-0.000522963703
-0.500606452,-0.0678532517,-0.863011621,-0.300145015,0.948688386,0.0995153998,0.811976657,0.308846695,-0.495285341,0.0133306747,0.00529593183,0.000555617269
-0.49911047,-0.06887822,-0.86379655,-0.30144998,0.94837447,0.0985585,0.81241406,0.30958304,-0.49410696,0.00908391,-0.00654441,-0.00922914
-0.4978263,-0.06954425,-0.86448391,-0.3021104,0.94825399,0.09769171,0.81295642,0.3098031,-0.49307581,0.00355708,0.00338143,-0.00152824
-0.49650747,-0.07002173,-0.86520362,-0.30287116,0.94807435,0.09707771,0.81347982,0.31024503,-0.49193356,,,
-0.4957885,-0.07026483,-0.86559612,-0.30320416,0.94800527,0.0967122,0.81379422,0.31040114,-0.4913147,,,
-0.49421711,-0.07068535,-0.86645998,-0.30362882,0.94795671,0.09585199,0.81459122,0.31045393,-0.48995853,,,
-0.49246409,-0.07093076,-0.86743745,-0.30362306,0.94805928,0.09485054,0.8156543,0.31008453,-0.48842137,-0.00305021,-0.00381392,0.00405187
-0.48993289,-0.07093372,-0.86886924,-0.30318104,0.9483314,0.09353506,0.81734119,0.30925064,-0.4861245,-0.00126099,0.01098519,0.01054156
-0.488361423,-0.0706406186,-0.869777601,-0.302271424,0.94870683,0.0926678942,0.818617835,0.308164332,-0.484664459,-0.000619569095,-0.00454419805,0.00909575634
-0.48762127,-0.0703983,-0.87021241,-0.30155475,0.94897997,0.09220499,0.81932307,0.30737779,-0.48397176,0.00192201,-0.01109087,0.00934701
-0.48595613,-0.06978307,-0.87119271,-0.29965111,0.9496917,0.09107619,0.82100891,0.30531293,-0.48241907,-0.00224697,-0.01111144,0.00268272
-0.484068788,-0.0690067888,-0.872304734,-0.297231185,0.950578599,0.0897438132,0.823001281,0.302718338,-0.480656401,-0.000874434132,0.00501722051,0.0100207645
-0.483123267,-0.0685272263,-0.872866314,-0.295929071,0.951042557,0.0891292854,0.824025223,0.301366992,-0.47974998,0.000238586916,0.0113415113,0.0111890137
-0.481301442,-0.0670766261,-0.873984906,-0.292868675,0.952074861,0.0882122217,0.826182079,0.298419476,-0.477879646,0.0041845385,-3.30805742e-05,0.0083711613
-0.478507612,-0.0654764459,-0.875638869,-0.288554502,0.953558791,0.0863824944,0.829317125,0.294004203,-0.475178666,0.000914840028,-0.0164810997,-0.0075637484
-0.47590665,-0.06522467,-0.87707385,-0.28613835,0.95447457,0.08428008,0.83164755,0.29107393,-0.47290408,-0.00642136,0.0063011,-0.0011505
-0.47312083,-0.06499528,-0.8785967,-0.28403984,0.95527497,0.08228669,0.83395318,0.28848803,-0.47042174,,,
-0.47176753,-0.06488109,-0.87933265,-0.28299517,0.95566813,0.08131523,0.83507437,0.28720877,-0.46921422,-0.00408793,-0.01504987,-0.00285031
-0.468930707,-0.0649739556,-0.880841882,-0.281231062,0.956368516,0.0791729273,0.837265266,0.28484671,-0.46674326,-0.0110686207,-0.0148724308,4.07164916e-05
-0.46594422,-0.06534792,-0.88239773,-0.27997011,0.95691819,0.07696962,0.83935264,0.28290852,-0.46416596,-0.01567028,0.01788002,0.00869752
-0.46191175,-0.0649019,-0.88454818,-0.27780115,0.95772226,0.07479705,0.84229701,0.28027811,-0.46041299,-0.00991789,-0.00298041,0.00939717
-0.45939332,-0.06433817,-0.88589981,-0.27598679,0.95834577,0.0735165,0.84426842,0.27826962,-0.45801413,-0.01047254,-0.02164972,0.00456804
-0.457981724,-0.0642455695,-0.886637234,-0.275204591,0.958633632,0.0726911389,0.845290193,0.27729781,-0.456717364,-0.0134230768,0.000303924055,0.014740264
-0.45516838,-0.06399117,-0.88810295,-0.27356558,0.95922253,0.07109156,0.84733912,0.27531303,-0.45411355,-0.01170729,0.02106601,0.02336317
-0.45294454,-0.06306792,-0.8893051,-0.27170401,0.95980851,0.07031752,0.84912782,0.27347771,-0.45187582,-0.01056635,-0.00952947,0.01914292
-0.45038634,-0.06219805,-0.89066462,-0.2687591,0.96074626,0.06881254,0.8514227,0.27036646,-0.44942329,-0.00697158,0.0067125,0.00637683
-0.44912375,-0.06149643,-0.89135061,-0.26679576,0.96134373,0.06810465,0.85270613,0.26839599,-0.44816929,-0.00296746,0.03523892,0.01923707
-0.4488429,-0.06080312,-0.89153972,-0.26564493,0.96165896,0.06815285,0.85321326,0.26742293,-0.44778584,-0.00519201,0.02089566,0.01134827
-0.448755347,-0.0592901614,-0.891685443,-0.263229582,0.962299018,0.0684892436,0.854007283,0.265452946,-0.447443749,0.000592700788,-0.0122882118,-0.00112651067
-0.448938349,-0.0579082228,-0.89168441,-0.259859446,0.963229598,0.0682774599,0.854942991,0.262364977,-0.447478705,0.00126497704,0.0113671413,-0.000151718355
-0.449297676,-0.0570205413,-0.891560426,-0.257961151,0.963733723,0.0683618902,0.855328813,0.260702822,-0.447712403,-0.000947437133,0.0048490162,-0.00692606531
-0.44972423,-0.05595051,-0.89141338,-0.25481314,0.96459564,0.06801111,0.85604821,0.25773007,-0.44805896,-0.0026075,-0.02283799,-0.03373104
-0.44929497,-0.05552496,-0.89165637,-0.2526021,0.96523548,0.06717631,0.8569284,0.25541624,-0.44770116,-0.00508806,0.01740104,-0.01796691
-0.44871539,-0.05456401,-0.89200741,-0.25060417,0.96576921,0.06698791,0.85781816,0.25359928,-0.44702947,-0.00550503,0.01670509,-0.00526898
-0.44871539,-0.05456401,-0.89200741,-0.25060417,0.96576921,0.06698791,0.85781816,0.25359928,-0.44702947,-0.00550503,0.01670509,-0.00526898
-0.44682257,-0.05190725,-0.89311538,-0.24688661,0.9667023,0.06733248,0.85988165,0.25058391,-0.44475961,-0.00845361,0.00823384,-0.00363159
-0.44633284,-0.05130604,-0.89339497,-0.24612855,0.96688829,0.0674372,0.86035319,0.24998946,-0.44418188,-0.00828896,0.00601631,-0.00656191
-0.44533541,-0.05005861,-0.89396313,-0.2447984,0.96720133,0.0677888,0.86124891,0.24902955,-0.44298326,-0.00669219,0.00851923,0.00408695
-0.44446908,-0.04885241,-0.89446094,-0.24387208,0.96739601,0.06834731,0.86195901,0.24851235,-0.44189135,-0.00537891,-0.0279333,0.001291
-0.44402021,-0.04838789,-0.89470915,-0.24341745,0.96750134,0.06847693,0.86231885,0.24819298,-0.44136861,-0.00460459,-0.02171397,-0.00555807
-0.44286564,-0.04758651,-0.89532406,-0.24221783,0.96780977,0.06837223,0.86324977,0.2471432,-0.44013599,-0.00872746,0.01398557,-0.0012051
-0.44166048,-0.04625081,-0.89598929,-0.24024253,0.96829724,0.06843956,0.86441857,0.24548179,-0.43877004,-0.00546514,0.0036307,0.01406478
-0.44132454,-0.04542645,-0.8961969,-0.23900278,0.96859272,0.06859885,0.86493359,0.24446794,-0.43832079,-0.0038092,-0.01031953,0.00281233
-0.44074688,-0.04399248,-0.89655266,-0.23668356,0.96914783,0.06879946,0.86586541,0.24252244,-0.43756118,-0.00478632,-0.00454992,-0.01485746
-0.44033966,-0.04258792,-0.89682062,-0.23485352,0.96955935,0.06927116,0.8665707,0.24112433,-0.43693735,0.00170515,0.01168865,-0.01680711
-0.44027673,-0.04178681,-0.89688909,-0.23397566,0.96974257,0.06967596,0.86683999,0.24052694,-0.43673218,0.00451879,0.00831753,-0.01291555
-0.44035272,-0.04030752,-0.89691946,-0.23233437,0.97007961,0.07047187,0.86724273,0.23941772,-0.43654201,0.00451943,0.0120402,-0.01791535
-0.44030096,-0.0395967,-0.89697672,-0.23122711,0.97032986,0.07066812,0.86756507,0.23852057,-0.436393,0.00809559,-0.01275927,-0.01614607
-0.44029028,-0.0394546,-0.89698809,-0.23100553,0.97037978,0.07070725,0.86762938,0.23834094,-0.43636301,0.00418853,-0.01631748,-0.00825155
-0.44043989,-0.03983953,-0.89689777,-0.23143452,0.97028893,0.0705511,0.86743926,0.23864661,-0.43657419,0.00546375,-0.02417284,-0.01726004
-0.44039332,-0.04133172,-0.8968529,-0.23277979,0.97003574,0.06960054,0.86710265,0.23942087,-0.43681844,0.00204604,-0.01787191,-0.01959193
-0.44019646,-0.0424390743,-0.89689797,-0.233695662,0.969872228,0.0688055148,0.86695639,0.239889112,-0.436852148,-0.00321948226,8.46385865e-06,-0.0121501572
-0.43990675,-0.0448018578,-0.896925271,-0.2361091,0.969387597,0.0673808778,0.866449445,0.241413511,-0.437018275,-0.00887967553,-0.000366032094,0.00240933709
-0.43970114,-0.04755553,-0.89688414,-0.23901028,0.9687845,0.06580788,0.86575792,0.24330035,-0.43734191,-0.01325893,-0.00507039,-0.00914255
-0.43944428,-0.04902924,-0.89693084,-0.24049519,0.96847899,0.06488844,0.86547725,0.2442224,-0.43738385,-0.02024977,0.01327795,-0.00859085
-0.4388304,-0.05182543,-0.89707403,-0.24359922,0.96781126,0.06325177,0.8649203,0.24628335,-0.43732963,-0.02061258,0.02565187,0.00831107
-0.43825705,-0.05420584,-0.89721369,-0.2470336,0.96700568,0.06224478,0.8642367,0.24892114,-0.43718772,-0.01938087,0.001764,0.00690712
-0.43810557,-0.05518486,-0.89722787,-0.2487168,0.96659022,0.06199439,0.86383053,0.25031576,-0.43719396,-0.01900743,-0.00948,0.00557848
-0.43774249,-0.05718911,-0.89727982,-0.25210219,0.96574845,0.06143627,0.86303311,0.25309946,-0.43716663,-0.02763022,0.00335664,-0.00268324
-0.43708198,-0.05914384,-0.89747501,-0.25564383,0.96484985,0.060918,0.8623257,0.25606011,-0.43683824,-0.0262902,0.04410892,0.0152666
-0.43689684,-0.05972746,-0.89752646,-0.2574861,0.96434422,0.06116482,0.86187124,0.25782331,-0.43669794,-0.02102618,0.035088,0.0212367
-0.43694265,-0.06023301,-0.89747023,-0.26092207,0.96334239,0.06237868,0.86081386,0.26142573,-0.4366415,-0.01368255,-0.01928967,0.01473535
-0.4372662,-0.06069228,-0.89728171,-0.26393207,0.96244743,0.06352015,0.85973129,0.26459666,-0.43686436,-0.00998061,-0.01246083,0.00542195
-0.43731603,-0.06092956,-0.89724123,-0.26520382,0.96207071,0.06392861,0.85931436,0.26590886,-0.43688769,-0.00618954,0.00794285,0.01300318
-0.43769474,-0.06096477,-0.89705443,-0.26734441,0.96139906,0.06510615,0.8584581,0.2683191,-0.43709791,-0.00211751,0.02604228,0.0271926
-0.43881883,-0.06018137,-0.89655801,-0.26935377,0.96068344,0.06734896,0.85725528,0.27104527,-0.43777606,0.00497622,-0.00268948,0.01803017
-0.43952342,-0.05977769,-0.89623987,-0.27031427,0.96033136,0.06851185,0.85659178,0.27237897,-0.43824689,0.01416204,-0.02399415,0.0095105
-0.440840717,-0.059191166,-0.895631526,-0.272013664,0.959710173,0.0704623912,0.855375935,0.274686709,-0.439180126,0.00801663473,-0.0433881246,0.000705525279
-0.442066315,-0.0589070289,-0.895046008,-0.273414134,0.95920466,0.0719105821,0.854296264,0.276507472,-0.440138084,0.000327960122,0.0469331108,0.00867860857
-0.44315334,-0.0576344,-0.89459131,-0.27389505,0.95891616,0.0739007,0.85357884,0.27777344,-0.44073268,0.01316802,-0.01164579,0.00480558
-0.443740759,-0.0570547687,-0.894336935,-0.2740858,0.95878989,0.0748258759,0.853212034,0.278328387,-0.44109205,0.0110069094,-0.016608594,-0.000158188166
-0.44468333,-0.05612491,-0.89392759,-0.27429376,0.95861735,0.07626073,0.85265437,0.27911066,-0.44167587,0.00869658,-0.01135361,-0.00425877
-0.44534279,-0.05545032,-0.89364155,-0.27472452,0.9583995,0.07743933,0.85217157,0.27999227,-0.44204987,0.00634441,0.0213502,-0.00345653
-0.44609083,-0.05456342,-0.89332285,-0.27536694,0.95808866,0.07898834,0.85157262,0.28122757,-0.44241953,0.00632686,0.00313824,-0.00246001
-0.44644785,-0.05415662,-0.89316916,-0.27579332,0.957901,0.07977288,0.8512474,0.28194455,-0.44258888,0.00717973,-0.00681841,0.0026735
-0.44698543,-0.05359179,-0.89293431,-0.27674508,0.95751792,0.08106526,0.85065617,0.2833502,-0.44282782,0.0019424,-0.02660179,-0.0061619
-0.44692454,-0.05380895,-0.89295186,-0.27816573,0.95706498,0.08155023,0.85022482,0.28483541,-0.44270363,-0.00445982,0.01182455,-0.0018398
-0.44669918,-0.05394589,-0.89305629,-0.27914717,0.95675501,0.08183339,0.85002151,0.28584907,-0.44244052,-0.00513962,0.03036779,0.00286891
-0.44617155,-0.05365935,-0.89333723,-0.28078187,0.95619335,0.08279986,0.84976012,0.28777587,-0.44169283,-0.00737674,0.01060802,0.01432341
-0.4459057,-0.0528242,-0.89351972,-0.28190166,0.95574339,0.08417855,0.8495289,0.28942042,-0.44106265,-0.0074517,-0.0068326,0.011624
-0.44578053,-0.05235617,-0.89360981,-0.28226199,0.95558027,0.08482045,0.84947504,0.2900434,-0.44075724,-0.00477408,-0.00584495,0.00800853
-0.44575948,-0.05104994,-0.89369566,-0.28293396,0.95522568,0.08655781,0.84926227,0.29144088,-0.44024466,-0.00434325,0.01130062,0.01434461
-0.44625124,-0.04924379,-0.89355181,-0.283215,0.9549352,0.08881457,0.8489105,0.2927009,-0.44008759,-0.00345922,0.0062167,0.01826754
-0.447286955,-0.0467059063,-0.893170202,-0.283044137,0.954701488,0.0918209581,0.84842234,0.293876896,-0.440245355,-0.000382872415,-0.0101385107,-0.00141963025
-0.44747715,-0.0456741,-0.89312809,-0.28319395,0.95453589,0.09307208,0.84827183,0.29457614,-0.44006762,-0.00255855,-0.00883257,0.00516901
-0.44786751,-0.04435721,-0.89299892,-0.28420274,0.95403127,0.09514794,0.8477284,0.29640642,-0.43988605,-0.00135895,-0.00215763,0.00744487
-0.44808189,-0.04401028,-0.89290854,-0.28462583,0.95383803,0.09581833,0.84747313,0.2970793,-0.43992401,0.00194795,-0.00436318,0.00893483
-0.448655048,-0.0435720892,-0.89264219,-0.285528013,0.953451903,0.0969702068,0.8468662,0.298380529,-0.440212061,-0.0016751443,-0.000889003219,0.0161844101
-0.44954763,-0.0433055,-0.89220608,-0.28623069,0.95314026,0.0979573,0.84615545,0.29941322,-0.44087731,0.00139479,-0.00479615,0.01426733
-0.45081392,-0.04335453,-0.89156439,-0.28688658,0.95286361,0.09872706,0.84525899,0.30028541,-0.44200201,-0.00578471,-0.00606537,0.00900064
-0.45145702,-0.04354817,-0.89122955,-0.28733878,0.9526989,0.09900122,0.84476209,0.3007796,-0.44261568,-0.00353092,-0.00533223,0.00787999
-0.45277882,-0.044198,-0.89052647,-0.28842421,0.9523313,0.09938086,0.84368378,0.30184701,-0.4439432,-0.00897738,0.00824851,0.00767905
-0.4541865,-0.04488149,-0.88977528,-0.28948804,0.95196977,0.09975077,0.8425622,0.30288479,-0.44536447,-0.01110183,0.00969261,0.006533
-0.45493319,-0.04518017,-0.88937852,-0.29006581,0.95176515,0.10002456,0.84196034,0.30348285,-0.44609477,-0.00968888,0.00546068,0.00433679
-0.45630021,-0.04571469,-0.8886507,-0.29119705,0.9513609,0.10058185,0.84082946,0.30466801,-0.44741816,-0.01186629,0.00935978,0.00596132
-0.45776876,-0.04594009,-0.88788361,-0.29213613,0.95098475,0.10141246,0.83970488,0.30580634,-0.44875187,-0.01325519,-0.00360978,0.00692133
-0.45969194,-0.0460903,-0.88688155,-0.29305442,0.95058594,0.10249619,0.83833305,0.30702125,-0.45048366,-0.00771307,0.00858968,0.01056431
-0.46106292,-0.04551066,-0.88619961,-0.29297074,0.95049082,0.10361151,0.83760916,0.30740198,-0.45156936,-0.0082391,-0.00529528,0.01668403
-0.46358694,-0.04423713,-0.88494661,-0.29210408,0.9505493,0.10550471,0.83651816,0.30740708,-0.45358409,-0.00319424,-0.007227,0.01231311
-0.46517798,-0.04369906,-0.88413803,-0.2912202,0.95073961,0.10623089,0.83594286,0.30689509,-0.45498918,-0.0074013,-0.01622045,0.00493826
-0.46596262,-0.04337879,-0.8837404,-0.29054034,0.95091583,0.10651472,0.83574226,0.30639412,-0.45569453,-0.00685056,0.00138956,0.00833298
-0.46754485,-0.04255172,-0.88294453,-0.28885863,0.95136118,0.10711015,0.83544143,0.30512497,-0.45709545,-0.00503395,-0.00199324,-0.0027717
-0.46841092,-0.04200408,-0.8825116,-0.28768844,0.95168302,0.10740012,0.83536006,0.3041958,-0.4578628,-0.00688333,-0.0118528,-0.00170209
-0.47013825,-0.04086826,-0.88164604,-0.28538228,0.95230512,0.10803664,0.83518076,0.30239832,-0.45937814,-0.00425008,0.00219852,-0.00928731
-0.47392497,-0.03855141,-0.8797209,-0.28118884,0.95336134,0.10970411,0.83446264,0.29935923,-0.46266197,0.001973,0.00919002,-0.01923774
-0.474953927,-0.0378673368,-0.879195467,-0.280155844,0.953599881,0.110272234,0.834224974,0.298686001,-0.463524761,0.000317161903,0.00969523098,-0.028917443
-0.47690327,-0.03654398,-0.87819563,-0.2781755,0.95405283,0.11136236,0.8337754,0.29740161,-0.46515655,0.00500632,-0.01571029,-0.04298528
-0.47823098,-0.03568944,-0.87750859,-0.27654264,0.95446538,0.11189285,0.83355817,0.29617918,-0.46632456,0.00581698,-0.0173406,-0.03392385
-0.47867276,-0.03546933,-0.87727666,-0.27593615,0.95463261,0.11196347,0.83350564,0.29566621,-0.46674389,-0.00123551,-0.00310266,-0.03127289
-0.480735366,-0.0339297766,-0.876209107,-0.274592562,0.954816853,0.113682476,0.832762003,0.295251674,-0.468331096,0.00520833535,-0.000657916011,-0.018244978
-0.48145022,-0.0333364,-0.87583915,-0.27422265,0.95483777,0.11439739,0.83247071,0.29525161,-0.46884844,0.01416226,-0.007258,-0.02430614
-0.48272051,-0.03201143,-0.87518904,-0.27345397,0.95487694,0.11590056,0.83198769,0.29527154,-0.46969233,0.00856248,-0.00428361,-0.01146332
-0.48438454,-0.03022647,-0.87433294,-0.27308667,0.95468943,0.11828681,0.83114103,0.29606496,-0.47069125,0.01296373,-0.00481504,-0.01160493
-0.48510049,-0.02947464,-0.87396149,-0.27322389,0.9545035,0.11946453,0.83067812,0.29673947,-0.47108329,0.01085994,-0.01348781,-0.01170504
-0.48550664,-0.02902066,-0.87375113,-0.27311992,0.95445855,0.12005995,0.83047501,0.29692875,-0.47132208,0.00777574,-0.0069378,-0.00891816
-0.48562338,-0.02885933,-0.87369163,-0.27299727,0.95447448,0.12021217,0.83044712,0.29689327,-0.47139364,0.01124499,-0.00227791,-0.00868418
-0.48577557,-0.02861668,-0.87361501,-0.27302706,0.95442288,0.12055364,0.83034831,0.29708255,-0.47144844,0.0076991,0.00143486,-0.01177065
-0.48581088,-0.02857404,-0.8735966,-0.27314276,0.95437383,0.12067978,0.83028942,0.29724418,-0.47144998,0.00805995,-0.00759786,-0.01567039
-0.48545082,-0.02868123,-0.87379326,-0.27315014,0.95440377,0.12042609,0.83049761,0.29713772,-0.47115037,0.00386729,-0.00621515,-0.00914502
-0.48484729,-0.02881198,-0.87412417,-0.27296854,0.95451635,0.11994468,0.83090996,0.29676323,-0.47065943,0.0033735,-0.00731987,-0.01312513
-0.484034351,-0.0295268498,-0.874550629,-0.273359476,0.954514139,0.119068683,0.831255216,0.29670005,-0.470089074,-0.000537382672,0.00766199781,-0.0116547737
-0.483581443,-0.0299793001,-0.874785709,-0.273890363,0.95440804,0.118698592,0.831344011,0.296995839,-0.469745055,0.000504912809,0.00881355908,-0.0151969455
-0.482820413,-0.0310556182,-0.875168434,-0.275447402,0.954033253,0.118107045,0.831271897,0.298087393,-0.469180915,-0.000319209415,0.00566595746,-0.0148120169
-0.48207649,-0.03224305,-0.87553553,-0.27711392,0.95363019,0.11746202,0.83114978,0.29924879,-0.46865769,-0.00557084,0.0124827,-0.00770367
-0.481727,-0.03276016,-0.87570884,-0.27780662,0.95346675,0.1171522,0.83112134,0.29971308,-0.46841167,-0.00483605,0.00580209,-0.00685557
-0.481093011,-0.0337139814,-0.876020982,-0.27905883,0.953172351,0.116570303,0.831068927,0.300542566,-0.467972738,-0.00772867259,8.49962162e-05,-0.000839808257
-0.48043784,-0.03463387,-0.87634455,-0.28012554,0.95293969,0.11591211,0.83108902,0.30117509,-0.46753011,-0.00443522,-0.00631899,-0.00487132
-0.480168738,-0.0349936264,-0.876477564,-0.280616143,0.952822222,0.115690866,0.831078849,0.301504962,-0.46733521,-0.0094441846,-0.0052789445,0.000857958337
-0.479575806,-0.0355281631,-0.87678079,-0.281480781,0.952607062,0.11536181,0.831128976,0.302121709,-0.46684779,-0.0137603646,-0.000900626124,-0.00294589391
-0.4789597,-0.03572379,-0.87710969,-0.28209168,0.95244003,0.11524874,0.83127726,0.30262484,-0.46625778,-0.01468207,0.01945931,0.00283155
-0.47868366,-0.0356678998,-0.877262721,-0.282259978,0.952384618,0.115294614,0.831379207,0.302805786,-0.465958578,-0.01065866,0.00700050546,0.000410920242
-0.47812507,-0.03517937,-0.87758679,-0.28223795,0.95235512,0.11559177,0.83170782,0.30295566,-0.4652738,-0.00742242,-0.0126847,-0.00108378
-0.47763702,-0.0348379,-0.87786617,-0.28222674,0.95233763,0.1157631,0.83199205,0.30305007,-0.46470389,-0.00360051,-0.00774115,0.00644407
-0.477392894,-0.0347450566,-0.878002668,-0.282147358,0.952366022,0.115723048,0.832159103,0.302971511,-0.464455995,-0.000214469852,-0.00590449525,0.00919555407
-0.47714858,-0.03465227,-0.87813917,-0.28206798,0.95239441,0.11568293,0.83232616,0.30289289,-0.46420793,-0.00367423,0.0050506,0.01234303
-0.47723529,-0.03468354,-0.87809076,-0.28204703,0.95240199,0.11567157,0.83228349,0.30286547,-0.46430223,-0.00650106,0.00752848,0.01109856
-0.477633976,-0.0347275414,-0.877872319,-0.281973764,0.95241534,0.115740298,0.832079688,0.302818457,-0.464698182,-0.00135529973,0.000586926879,0.00825994834
-0.478359591,-0.034590865,-0.877482366,-0.281890039,0.952392861,0.116128533,0.83169095,0.302904774,-0.465337074,-0.000941885053,0.00484019471,0.00612127641
-0.47980674,-0.03424644,-0.87670558,-0.28143158,0.95244414,0.11681796,0.83101248,0.30278268,-0.46662715,0.00653015,-0.00891149,-0.00417419
-0.48059496,-0.0341133,-0.87627886,-0.28077786,0.95262612,0.1169071,0.83077804,0.30222469,-0.46740557,0.00143699,0.00324613,-0.00366943
-0.48124125,-0.0338801,-0.8759331,-0.27991815,0.95287602,0.11693205,0.83069398,0.30146213,-0.4680469,0.00259888,0.00381476,-0.00373608
-0.48124125,-0.0338801,-0.8759331,-0.27991815,0.95287602,0.11693205,0.83069398,0.30146213,-0.4680469,0.00259888,0.00381476,-0.00373608
-0.48222909,-0.0337381,-0.87539524,-0.27864683,0.95326981,0.1167588,0.83054864,0.3002306,-0.46909545,0.00229681,-0.00578695,-0.00606863
-0.482779046,-0.0339653087,-0.875083261,-0.278198811,0.953435433,0.116474438,0.830379298,0.299678546,-0.469747757,-9.82682686e-05,-0.00381964422,-0.0110326689
-0.48290062,-0.03414747,-0.87500906,-0.27810961,0.953486,0.11627329,0.83033846,0.29949689,-0.46993572,-0.00132669,-0.00425142,-0.00949529
-0.48302578,-0.03451799,-0.87492541,-0.27820025,0.9534965,0.11597002,0.83023526,0.29942099,-0.4701663,-0.00256934,0.00561708,-0.00705
-0.48293937,-0.03460308,-0.87496967,-0.27811093,0.95354409,0.11579279,0.83031537,0.29925957,-0.47012747,-0.00364159,0.00611478,-0.00420338
-0.48291999,-0.0345303,-0.87498329,-0.27796315,0.95358863,0.11578082,0.83037616,0.29912602,-0.47010516,,,
-0.482602564,-0.0342961712,-0.875167631,-0.277509222,0.953736146,0.115654621,0.83071249,0.298682326,-0.46979301,-0.00041108299,-0.0071756239,-0.00756621221
-0.48202559,-0.03404654,-0.87549541,-0.27704465,0.95389741,0.11543829,0.83120252,0.29819552,-0.46923538,-0.00187052,-0.00258714,-0.00508365
-0.48171133,-0.03392363,-0.87567322,-0.27684386,0.95396806,0.11533611,0.83145167,0.29798344,-0.46892878,,,
-0.480924752,-0.0336558341,-0.87611553,-0.276304529,0.954162873,0.11501744,0.8320859,0.297389457,-0.468179797,-0.00243880018,0.00450903131,0.000750233885
-0.480590263,-0.0334609226,-0.876306551,-0.275955362,0.954277672,0.114903248,0.832395005,0.297042901,-0.467850275,-0.00556517765,0.000791132392,-0.00277582509
-0.48003819,-0.03291024,-0.87662993,-0.27513509,0.95452353,0.11482813,0.83298487,0.29631357,-0.46726251,,,
-0.47950065,-0.03236137,-0.87694454,-0.27417153,0.9548188,0.11467795,0.83361199,0.29542139,-0.4667088,0.0046412,-0.00486213,-0.00843038
-0.47841035,-0.03213254,-0.87754813,-0.27313699,0.95520484,0.11392929,0.83457738,0.29419585,-0.46575647,-0.00301147,0.00193268,-0.00737919
-0.4777159,-0.03231469,-0.87791992,-0.27289646,0.95534479,0.11333072,0.83505398,0.29372111,-0.46520197,-0.00306548,0.01010996,-0.00433251
-0.477127904,-0.0324441189,-0.878234735,-0.272931275,0.955375866,0.112984382,0.83537859,0.29360574,-0.464691498,-0.00231229514,0.00819498207,-0.000582386507
-0.47685168,-0.03250642,-0.87838241,-0.27298838,0.95537629,0.11284279,0.83551761,0.29359748,-0.46444666,-0.00524008,0.00468498,-0.00223178
-0.47661109,-0.03260308,-0.87850936,-0.27308788,0.95536458,0.11270102,0.83562233,0.29362484,-0.46424085,,,
-0.47635017,-0.03274509,-0.87864562,-0.27292753,0.95545082,0.11235789,0.83582351,0.2933283,-0.4640662,-0.00157257,-0.00375289,-0.0037005
-0.4761763,-0.03283979,-0.87873637,-0.27282049,0.95550826,0.11212916,0.83595756,0.29313055,-0.46394975,-0.00363293,-0.00998425,-0.01016141
-0.47571019,-0.03323045,-0.87897398,-0.27268986,0.95562448,0.11145443,0.83626536,0.29270734,-0.4636619,-0.00613688,0.00109255,-0.01057723
-0.4751572,-0.03347319,-0.87926413,-0.27269145,0.95567913,0.11098104,0.83657949,0.29250122,-0.46322567,-0.00939015,0.00645214,-0.00626584
-0.4748288,-0.03357849,-0.87943719,-0.27277397,0.95567801,0.11078761,0.8367387,0.29249277,-0.46294277,-0.00894089,-0.00284106,-0.00926163
-0.47399333,-0.03361842,-0.87988614,-0.27272602,0.95573647,0.11040067,0.83722777,0.2922971,-0.46218132,-0.00710112,0.00370079,-0.00895102
