0,1,2,3,4,5,6,7,8,9,10,11
0.174664,-0.95773424,0.22855552,0.97300264,0.13232277,-0.18909405,0.15085874,0.25541304,0.95498996,,,
0.17439811,-0.95779344,0.22851027,0.97300531,0.13200413,-0.18930262,0.15114853,0.25535572,0.95495946,-0.00198492,-0.00283962,0.00376392
0.17434492,-0.95779205,0.22855629,0.97299705,0.13191482,-0.18940681,0.15126243,0.25540673,0.95492778,0.00404651,-0.00325984,0.00229641
0.174304991,-0.957822736,0.228458537,0.972948289,0.131801951,-0.189736123,0.151622308,0.255350299,0.954885803,0.00965438597,0.000282585621,-0.00993901491
0.17416289,-0.95796352,0.22797624,0.97293726,0.13170174,-0.18986236,0.15185635,0.25487356,0.95497598,0.00957526,0.00416636,-0.01525051
0.174020401,-0.95809322,0.227539752,0.972918961,0.131580042,-0.19004065,0.152136955,0.254448687,0.955044614,-1.12518901e-05,0.0106981993,-0.00909219868
0.173865078,-0.958125368,0.227522771,0.972897391,0.131354181,-0.190306696,0.15245163,0.254444003,0.954995678,-0.0104066767,0.00680017471,-0.000712893438
0.17398129,-0.95777855,0.22889015,0.97289525,0.13122355,-0.19040783,0.15233277,0.25581354,0.95464871,-0.00249537,-0.00519484,-0.00358391
0.173976895,-0.95774222,0.22904525,0.972891775,0.131181465,-0.190454339,0.152359706,0.255970901,0.954602226,0.00183336879,-0.000105619431,-0.0105865076
0.17410992,-0.95751731,0.22988337,0.97288901,0.13117579,-0.19047285,0.15222591,0.25681421,0.95439705,0.01628446,-0.00211847,-0.01474926
0.173954632,-0.957626647,0.229545139,0.972918575,0.1310993,-0.190374361,0.152214359,0.256445232,0.954498104,0.00047276658,0.00267601013,-0.00991131179
0.17391029,-0.957698,0.22928108,0.97291714,0.13109404,-0.19038553,0.15227444,0.2561815,0.95455934,-0.0097983,0.00107783,-0.0012159
0.17375519,-0.957774041,0.229080488,0.972924666,0.130953528,-0.190443189,0.152402679,0.255968556,0.954595995,-0.0105637945,-0.000715374947,0.00412202068
0.17379501,-0.95767755,0.22945376,0.97293014,0.13093797,-0.19042639,0.15232286,0.25633763,0.9545097,-0.00529736,0.00472355,-0.00359569
0.17389269,-0.95758537,0.22976351,0.97292517,0.13099003,-0.19041507,0.15224203,0.25665451,0.95443743,0.00111673,0.00528908,-0.00368513
0.17397669,-0.95743925,0.23030876,0.97294677,0.13102266,-0.19028293,0.15200869,0.25718296,0.95433237,,,
0.17401165,-0.95733898,0.23069907,0.97297072,0.13102922,-0.1901562,0.15181561,0.25755284,0.95426336,0.00205848,-0.00535399,-0.00375732
0.17389188,-0.957326,0.23084308,0.97300945,0.1309169,-0.19003514,0.15170432,0.25765806,0.95425265,,,
0.17370966,-0.95730489,0.23106759,0.97307677,0.1307593,-0.18979862,0.15148093,0.25781637,0.95424538,0.0093153,-0.0029223,-0.00124571
0.17348793,-0.95740299,0.23082735,0.9731531,0.13066,-0.18947512,0.15124419,0.257502,0.9543678,0.00253794,-0.0077849,-0.01093887
0.173328311,-0.957487177,0.230598191,0.973186464,0.130562732,-0.189371062,0.151212851,0.257238407,0.954443854,-0.00254785339,-0.000267386436,-0.0103124436
0.17305336,-0.957605778,0.230311918,0.973268959,0.130416487,-0.189047449,0.150996488,0.256870743,0.954577119,-0.0133613618,0.00380194187,-0.000809369609
0.17301667,-0.95743541,0.23104672,0.97332169,0.13031556,-0.18884557,0.15069847,0.25755622,0.9544395,-0.01468423,0.01116228,-0.00371111
0.17308557,-0.95722331,0.23187279,0.97336201,0.13030777,-0.18864346,0.15035907,0.25834762,0.95427913,-0.01259699,0.00472629,-0.00418479
0.17426822,-0.95583052,0.23668266,0.97347045,0.13103684,-0.18757587,0.14827658,0.26309208,0.95330825,0.01726848,0.00893486,-0.01364506
0.17471301,-0.95556509,0.23742538,0.97348723,0.13148293,-0.18717623,0.14764167,0.26383269,0.9532021,0.00582349,-0.01120961,-0.02909033
0.17970547,-0.95057612,0.25320126,0.97283016,0.13353502,-0.189129,0.1459703,0.28030935,0.94874619,-0.10209518,-0.02057046,0.04466506
0.18167884,-0.94738457,0.26354356,0.97260201,0.13358768,-0.19026189,0.14504503,0.29088956,0.94569826,-0.02528401,-0.01988697,0.03684875
0.18552554,-0.93992955,0.28655295,0.97212077,0.13300797,-0.19310604,0.14339229,0.31439018,0.93840154,0.11237815,0.00767517,-0.00123381
0.18910318,-0.9335923,0.30437709,0.97162843,0.13305778,-0.19553477,0.14205001,0.33271768,0.93226645,0.18781875,0.03835809,-0.05761204
0.19052528,-0.93170627,0.30923046,0.9714087,0.13348059,-0.19633643,0.14165163,0.33779622,0.93049907,0.21502735,0.09957433,-0.05365863
0.19962413,-0.9278905,0.31491179,0.96947536,0.14033523,-0.20105612,0.14236484,0.34543487,0.92758127,0.08342738,0.01086843,-0.05018727
0.20311841,-0.92627218,0.31743135,0.96878969,0.14307004,-0.20242872,0.14208921,0.34864124,0.9264232,0.09873717,0.00295913,-0.04739913
0.2110332,-0.923391,0.3206463,0.96707815,0.14950878,-0.20592951,0.14221402,0.35354799,0.92454258,0.15499087,-0.04368919,0.0138677
0.22245163,-0.91985707,0.32307613,0.96433091,0.15883604,-0.21174739,0.14346121,0.35865585,0.92237999,0.1122738,0.01877415,0.10536262
0.2296556,-0.91654945,0.32740706,0.96258225,0.16417502,-0.21559671,0.14385299,0.36466922,0.91995798,0.02192007,-0.00185841,0.10646119
0.24443202,-0.90571663,0.34630959,0.95880906,0.17245996,-0.22570491,0.14470017,0.38721428,0.91056409,-0.16633479,0.0041101,0.07937092
0.25950289,-0.89062071,0.37343412,0.95496022,0.17902514,-0.23664535,0.14390714,0.41802488,0.89696485,0.20338406,0.0452745,-0.00122692
0.26736027,-0.88317567,0.38538193,0.95279595,0.18258695,-0.24257347,0.14386927,0.43204485,0.89030269,0.25949565,0.01296091,-0.09531879
0.282393867,-0.871711456,0.400465792,0.948112423,0.190052844,-0.254877932,0.146070347,0.451662556,0.880150209,0.176239595,0.0584036112,0.000396840274
0.29679046,-0.86422143,0.40624719,0.9432704,0.19900081,-0.26578127,0.14885033,0.46208229,0.87425599,0.06005251,0.05291629,0.05620652
0.30389484,-0.86055427,0.40877151,0.94078477,0.20340344,-0.27120269,0.15023915,0.46698313,0.87140974,-0.00622269,0.05557251,0.08658222
0.33305848,-0.8371651,0.43385086,0.9301856,0.21639433,-0.29652683,0.15435908,0.50232261,0.85079096,-0.05463381,0.02156019,0.01067109
0.34071763,-0.82856988,0.44427855,0.9273351,0.21837361,-0.30391209,0.1547937,0.5155433,0.84276569,0.03705641,0.01572585,-0.00525407
0.35670531,-0.81234103,0.46137101,0.92111552,0.22340225,-0.31880627,0.15590817,0.53869592,0.82794886,0.14160155,0.01825798,-0.05894697
0.37293851,-0.79931144,0.47118799,0.91438978,0.23040442,-0.33287409,0.15750626,0.55499104,0.81680887,-0.01609142,0.01963758,-0.02297242
0.38066179,-0.7934491,0.47490534,0.91107143,0.23391377,-0.33946007,0.15825741,0.56189217,0.81193089,-0.08406249,0.0034039,0.00685751
0.39501783,-0.78100202,0.48373205,0.90474725,0.23939424,-0.35231055,0.15935262,0.57682421,0.80117448,-0.05710487,-0.01709521,0.0247429
0.40919221,-0.76766654,0.49320366,0.89828904,0.24406766,-0.36538721,0.16012045,0.59255303,0.789457,0.04237277,0.03725743,-0.03681486
0.41617753,-0.76164907,0.49667574,0.89502923,0.24680235,-0.37149842,0.16037078,0.59914863,0.78441193,-0.00295991,0.03486896,-0.00472228
0.42905212,-0.75152952,0.50111648,0.88876388,0.25217693,-0.38276057,0.16128581,0.60959845,0.77612927,-0.06910894,0.0507375,0.04610454
0.44105657,-0.74037939,0.50725473,0.88261529,0.25538632,-0.39467448,0.16266299,0.62178457,0.76611008,-0.03260973,0.04039955,0.00572354
0.44668204,-0.73492399,0.51025655,0.87963728,0.25655729,-0.40052019,0.16344194,0.62774588,0.76106621,-0.01383896,0.02709699,0.00201546
0.45715131,-0.72566093,0.51422638,0.87396934,0.25933196,-0.41100408,0.16489435,0.63730917,0.75275947,-0.02042076,-0.01396489,0.02855538
0.47202455,-0.71272612,0.51885849,0.86558423,0.2630612,-0.42610153,0.16720226,0.65024614,0.741096,-0.02112835,0.03131831,0.03391566
0.48143405,-0.70397708,0.52214702,0.85998801,0.26437464,-0.43649359,0.16923906,0.65918306,0.73269082,0.01178832,0.03161287,-0.01170226
0.49059018,-0.69774482,0.52198977,0.85421764,0.26674793,-0.44627076,0.1721435,0.66482895,0.72688996,0.00782337,-0.00693113,0.02152395
0.49533274,-0.69473328,0.52152771,0.85126858,0.26851013,-0.45082604,0.17316838,0.66726905,0.72440647,-0.02984825,-0.03564262,0.12148727
0.505728745,-0.684738554,0.524758586,0.844732708,0.269579285,-0.462335048,0.175114571,0.677096859,0.714755023,-0.00278100744,-7.81416893e-05,0.145091474
0.51632487,-0.67009904,0.53326909,0.83793805,0.26672684,-0.47614771,0.17682894,0.69269336,0.69921917,0.07736863,0.05370319,0.00726867
0.52139251,-0.6630703,0.53711043,0.8345775,0.26506297,-0.48293062,0.17784888,0.70005669,0.69158542,0.0568717,0.08127046,-0.01000997
0.53105941,-0.65182923,0.54138212,0.82790631,0.26312632,-0.49531377,0.18040808,0.7112547,0.67938921,0.02731805,0.06588769,-0.03306617
0.545315,-0.63989025,0.54145358,0.81741853,0.26289955,-0.51255313,0.18562988,0.72209711,0.66642125,0.03365531,0.05992186,0.03718303
0.56500366,-0.626888,0.53645334,0.8020103,0.26457361,-0.53551853,0.19377883,0.73281106,0.6522558,0.02619931,0.02442384,0.00855718
0.56984708,-0.62422226,0.53443511,0.79807028,0.2653917,-0.54097235,0.19585233,0.73478829,0.64940591,0.01499734,0.02961576,0.02194085
0.57941404,-0.61811032,0.53124289,0.79005846,0.26583528,-0.55239409,0.20021739,0.73977783,0.64237198,-0.00454267,0.05205929,0.02706892
0.58891287,-0.6111899,0.52879905,0.78184626,0.265127,-0.56429064,0.20468993,0.7457576,0.63399333,0.00608879,0.07938373,0.02157828
0.59385606,-0.60766705,0.52732884,0.77756498,0.26507911,-0.57019796,0.20670668,0.74864796,0.62991948,0.01649966,0.07674527,-0.00507287
0.61364411,-0.59322849,0.52107665,0.75991734,0.26452506,-0.59376102,0.21439812,0.76033313,0.61312885,-0.00867514,0.02406359,0.03732339
0.61842119,-0.58900422,0.52022044,0.7554286,0.26317701,-0.60005464,0.21652461,0.7640759,0.60770483,0.00496915,0.0458889,0.03853879
0.62788507,-0.58029822,0.51866585,0.7462603,0.25961636,-0.61293949,0.2210336,0.7719153,0.59606281,0.01653927,0.07163393,-0.02423896
0.6372204,-0.57263059,0.51579482,0.73682865,0.25648886,-0.62553723,0.22590622,0.7786575,0.58537064,0.00517033,0.02239203,0.00091525
0.64190056,-0.56884279,0.51418035,0.73199209,0.25487735,-0.63184243,0.22836621,0.78195599,0.57999445,0.02248185,0.02539563,-0.00221679
0.65126807,-0.5612063,0.51078116,0.7219324,0.25083169,-0.64490083,0.2338023,0.78875278,0.56851168,0.05507803,0.06772757,0.00414791
0.66081352,-0.55384373,0.50653982,0.71138232,0.24700833,-0.65796809,0.23929198,0.79513769,0.55722111,0.07323827,0.10130298,-0.03979039
0.67515624,-0.54627413,0.49573039,0.69457487,0.24442404,-0.67662592,0.24845482,0.80115008,0.5444527,0.0325833,0.04648173,0.02733363
0.68501684,-0.54051895,0.48845797,0.6824871,0.24155002,-0.68982965,0.25487896,0.80591119,0.53436304,-0.01291127,0.02024901,0.04573102
0.69006707,-0.53678397,0.485459,0.67619104,0.23904884,-0.69686541,0.25801774,0.80914689,0.52792822,-0.01815481,0.03829062,0.04197531
0.70009607,-0.52827762,0.48040424,0.66314871,0.23156932,-0.71176498,0.26476266,0.81688332,0.51244741,0.00394426,0.0763427,0.01964071
0.7101805,-0.5186312,0.47609377,0.64958734,0.22198636,-0.7271576,0.27144038,0.82567765,0.4945467,0.03448971,0.0877012,0.03735708
0.71532705,-0.51350482,0.47394093,0.64258169,0.21687032,-0.73488505,0.2745833,0.83022892,0.485102,0.03198681,0.07013297,0.02024356
0.72572688,-0.5037569,0.46856107,0.62798752,0.20689493,-0.75021742,0.28098429,0.83870345,0.46650226,0.00866922,0.06760669,-0.0265881
0.73562236,-0.49542735,0.46196481,0.61308227,0.19690899,-0.76508625,0.28807963,0.84603699,0.44858838,-0.00399307,0.0781846,-0.0140489
0.74046642,-0.49148611,0.45842214,0.60548063,0.19175909,-0.77241283,0.2917236,0.84951149,0.43957651,-0.01081306,0.09523797,0.03004183
0.750295,-0.48291035,0.45150305,0.58995293,0.18086578,-0.78691999,0.29835037,0.85678768,0.42059707,0.04087933,0.06584263,0.03318164
0.765227,-0.47059975,0.43927614,0.56506083,0.16407651,-0.80856984,0.30843785,0.86695721,0.39147325,0.0026125,0.05713272,-0.02776586
0.77455186,-0.46455309,0.42925494,0.54764698,0.15299609,-0.82260247,0.31646826,0.87222845,0.37291455,-0.02992379,0.07356381,0.00320636
0.78345516,-0.45855878,0.4194304,0.5298017,0.14007637,-0.83647402,0.32482021,0.87755482,0.35268878,0.00592519,0.07346606,0.03069394
0.78783247,-0.45557014,0.4144585,0.52064159,0.13313567,-0.84333102,0.32901723,0.88018789,0.34207737,0.01847262,0.07555127,0.02562952
0.796475446,-0.449880418,0.404022849,0.50163061,0.118518819,-0.85692472,0.33762936,0.885189728,0.320071128,-6.1277533e-05,0.0649821758,0.00640637195
0.80493081,-0.44448981,0.39308421,0.48192802,0.10325031,-0.87010619,0.34616726,0.88981358,0.29732144,-0.04087636,0.08367884,-0.00269102
0.81698163,-0.43575459,0.37770215,0.4518759,0.07684592,-0.88876471,0.3582585,0.89677895,0.25968874,0.04659251,0.08379149,0.02167518
0.82458693,-0.43120208,0.36622558,0.43045401,0.05814818,-0.90073756,0.36710455,0.90037968,0.23356089,0.02250435,0.08178401,-0.03339022
0.82818366,-0.43012321,0.35931309,0.41897273,0.0493162,-0.90665867,0.37225491,0.90142228,0.22105273,-0.01522144,0.08319426,-0.03618375
0.83502536,-0.42926348,0.34418818,0.39542575,0.03322266,-0.91789686,0.38258478,0.90256803,0.19748361,-0.05649934,0.10042357,-0.00835836
0.8412823,-0.42955282,0.32822017,0.37191064,0.01925471,-0.92806886,0.39233478,0.90283648,0.1759539,-0.03595451,0.11824894,0.04286971
0.84412555,-0.43006274,0.32015325,0.36008512,0.01233765,-0.93283789,0.39722886,0.90271472,0.16527371,-0.01253575,0.12076378,0.05658489
0.84965334,-0.43104786,0.30378763,0.33485858,-0.00402073,-0.94225974,0.40738054,0.90232002,0.14092387,-0.04863734,0.12256289,0.04733135
0.85686155,-0.4330204,0.2797885,0.29435402,-0.0346325,-0.95506866,0.42325404,0.90071847,0.09778606,-0.08968188,0.12152529,0.01066117
0.86082754,-0.43558721,0.26313442,0.26695536,-0.05369429,-0.96221189,0.43325602,0.89854364,0.07006081,-0.06430571,0.11152673,0.02163306
0.86404015,-0.43896141,0.24647,0.23916543,-0.07288434,-0.96823941,0.44298361,0.89554483,0.04200943,-0.06203147,0.09745431,0.02783593
0.86534076,-0.44108987,0.23796026,0.22458476,-0.08318631,-0.97089735,0.44804804,0.8935993,0.02707757,-0.07949282,0.09093583,0.00642137
0.86686813,-0.44707066,0.22060706,0.19400046,-0.10512187,-0.97535285,0.45924228,0.88830017,-0.00439488,-0.08979607,0.07623279,-0.01609972
0.86748909,-0.45416597,0.20296787,0.16270624,-0.12652627,-0.97852837,0.47009506,0.88188682,-0.03586452,-0.09137341,0.08269227,-0.02006926
0.86747055,-0.46546887,0.17559492,0.11648942,-0.15310113,-0.98132071,0.483658,0.87172178,-0.07858853,-0.1263665,0.03697336,0.00781184
0.86569411,-0.47419838,0.16034212,0.0849728,-0.17645856,-0.98063341,0.49330855,0.86255328,-0.11246516,-0.09917682,0.03286076,-0.01880064
0.86435473,-0.47902601,0.15305209,0.06875804,-0.18891627,-0.97958286,0.49815981,0.85723062,-0.13035375,-0.08512712,0.0171051,-0.0359754
0.86084095,-0.48992433,0.13757545,0.03638599,-0.21040009,-0.97693796,0.50757159,0.84599401,-0.16329462,-0.09896315,-0.00387692,-0.00768325
0.85610972,-0.50198191,0.12284253,0.00388944,-0.23143577,-0.97284228,0.51677944,0.8333375,-0.19618197,-0.12855537,0.00218022,0.04266293
0.846151,-0.52199768,0.10745638,-0.04629781,-0.27286296,-0.96093814,0.5309284,0.80812377,-0.2550506,-0.09993378,0.03206897,0.00341227
0.83742855,-0.53742346,0.09944552,-0.08098174,-0.30195427,-0.94987647,0.54051396,0.78740039,-0.2963866,-0.08381785,0.0328598,-0.05980942
0.832566004,-0.545764602,0.0947356663,-0.098532543,-0.314213568,-0.944225164,0.545091906,0.776795225,-0.315379108,-0.0864172429,-6.16312027e-05,-0.0869948119
0.82151971,-0.56427589,0.08184182,-0.13445513,-0.3312068,-0.93392926,0.55410034,0.75623724,-0.3479627,-0.10403864,-0.00284648,-0.03960257
0.80204988,-0.59404007,0.06190632,-0.18864787,-0.35031343,-0.917438,0.56668154,0.72415255,-0.39303324,-0.13497733,0.14007735,0.00623009
0.78920086,-0.61218378,0.04891815,-0.22311164,-0.36001217,-0.90587646,0.57217407,0.70400425,-0.42070722,-0.12924911,0.05075383,-0.04245011
0.767918092,-0.639782704,0.031302644,-0.273683653,-0.371895605,-0.887012219,0.579136445,0.67258569,-0.460683418,-0.142799661,0.00088340044,0.000330012292
0.74988758,-0.66115683,0.02324323,-0.30930516,-0.38143973,-0.87111074,0.58480673,0.64604586,-0.49053612,-0.14601524,0.08583224,-0.02380493
0.72987937,-0.6834099,0.01506574,-0.34600043,-0.38835546,-0.8540864,0.589542,0.61816728,-0.51991275,-0.1313954,-0.02251244,-0.06022952
0.71904884,-0.69487306,0.01096031,-0.36467792,-0.39069696,-0.8452015,0.59158999,0.60374415,-0.53433504,-0.120622,-0.05189478,-0.06888822
0.66953264,-0.74274936,-0.0070266,-0.43812234,-0.3872598,-0.81122031,0.59981231,0.54621696,-0.58469815,-0.09159572,0.00180769,-0.09483277
0.65542145,-0.75515477,-0.01280766,-0.45706237,-0.38308399,-0.80270839,0.60126263,0.5319662,-0.59623429,-0.07313162,-0.00697088,-0.10611678
0.62658999,-0.7788692,-0.02734415,-0.49403689,-0.36982111,-0.78686702,0.60275409,0.506552,-0.61651631,-0.06172173,-0.08354139,-0.09903663
0.59745259,-0.80059701,-0.04576865,-0.52899151,-0.35058346,-0.77282535,0.60267597,0.48593771,-0.63296601,-0.12097262,-0.0898689,-0.00711349
0.58217974,-0.81128486,-0.05369905,-0.54619562,-0.34131791,-0.76496557,0.60227656,0.47467764,-0.64182861,-0.16021325,-0.02981389,0.03274114
0.551096467,-0.831955436,-0.064364624,-0.57959136,-0.326151716,-0.746792356,0.600305346,0.448859799,-0.661935237,-0.208516747,-0.0210725069,-0.000540535897
0.52111648,-0.85066689,-0.06930689,-0.61044482,-0.31473872,-0.72684017,0.59648531,0.42107642,-0.68330073,-0.12665345,-0.11583066,-0.028115
0.50622559,-0.85964363,-0.06890882,-0.62531392,-0.3108565,-0.71578669,0.59390075,0.40543916,-0.69491064,-0.07657675,-0.11277628,-0.00548112
0.47635052,-0.87695121,-0.0636135,-0.6542927,-0.30521363,-0.69191437,0.58735948,0.37121559,-0.71917144,-0.11150255,-0.0704565,0.01822869
0.44821988,-0.89209966,-0.05707154,-0.68055251,-0.29914239,-0.66885137,0.57960955,0.33863267,-0.74120223,-0.11995724,-0.06052637,-0.09001081
0.43502812,-0.89886412,-0.052856,-0.69231098,-0.29637322,-0.65792725,0.57572213,0.32280962,-0.75122418,-0.08833058,-0.06522012,-0.09873994
0.40994009,-0.91118913,-0.04102937,-0.71467398,-0.29292821,-0.63516453,0.56673639,0.289702,-0.77128617,0.03267902,-0.07423747,-0.09116232
0.38627488,-0.92194755,-0.02835967,-0.73615644,-0.28961568,-0.61171571,0.55575646,0.25716752,-0.79056888,0.0506423,-0.06976092,-0.07469995
0.37522497,-0.9266386,-0.02338554,-0.74593401,-0.28688259,-0.60106598,0.55026214,0.24297896,-0.79885674,0.01026428,-0.04592389,-0.08226787
0.35470602,-0.93483335,-0.01643867,-0.76325224,-0.27935805,-0.58258481,0.54002744,0.21919318,-0.81260363,-0.06605679,-0.10573471,-0.13117225
0.33538978,-0.9420555,-0.006711,-0.77896424,-0.27330556,-0.56437452,0.52983801,0.19451305,-0.82549142,-0.01093712,-0.05813712,-0.08654932
0.325688262,-0.945477001,0.000636042211,-0.786853767,-0.271420215,-0.55424925,0.52420255,0.180012005,-0.832350518,0.0398313031,-0.038449347,-0.0994502455
0.30682142,-0.95166106,0.01420377,-0.80190729,-0.26652038,-0.53470686,0.51264532,0.15266939,-0.84491809,0.06456427,-0.12896132,-0.07125717
0.28826833,-0.95725198,0.02387198,-0.81568634,-0.2585424,-0.51750495,0.50155461,0.1297082,-0.85534693,0.09363364,-0.13215423,-0.05971148
0.27840406,-0.96002746,0.02895321,-0.82254275,-0.25388125,-0.50888843,0.49589761,0.11786131,-0.86034518,0.10507341,-0.10271513,-0.08728985
0.25725447,-0.96566224,0.03628514,-0.83638169,-0.24130756,-0.49217515,0.48403082,0.09626604,-0.86973966,0.09452078,-0.08745754,-0.0794725
0.23603199,-0.97107388,0.03611526,-0.84971098,-0.22427945,-0.47716854,0.47146585,0.08193947,-0.87806925,0.05802549,-0.13255173,-0.01262566
0.22602876,-0.97347982,0.03532742,-0.85576075,-0.21576073,-0.47023487,0.46538643,0.07605479,-0.88183395,0.02962507,-0.11254132,-0.00638966
0.20683399,-0.97772222,0.03576143,-0.86646211,-0.20002785,-0.457419,0.45438202,0.06362385,-0.8885318,-0.01202707,-0.05591148,-0.01499706
0.18792966,-0.98140031,0.0391889,-0.8760013,-0.18552407,-0.44519928,0.44418923,0.0493366,-0.89457341,0.03117405,-0.06560516,-0.05705648
0.17895941,-0.98300934,0.0408184,-0.88028825,-0.17851162,-0.43957498,0.43939288,0.04273412,-0.89727791,0.03209905,-0.08203518,-0.04434952
0.1622669,-0.98575305,0.04427398,-0.8883577,-0.16547079,-0.42829868,0.42952283,0.03016752,-0.90255174,0.054775,-0.08736849,0.00453404
0.1459206,-0.98801497,0.05033474,-0.89628495,-0.15356824,-0.41604094,0.4187845,0.01559467,-0.90795171,0.06868835,-0.06134206,-0.00168307
0.13772711,-0.9890577,0.05287669,-0.90002905,-0.14725947,-0.41019768,0.41349581,0.00890475,-0.91046227,0.0726439,-0.06542605,-0.02055667
0.121856111,-0.991105498,0.0534866309,-0.906887093,-0.133077571,-0.399807397,0.403369222,0.000212602893,-0.915037091,0.0591375679,-0.110868871,0.00615889207
0.10683528,-0.99282317,0.05374377,-0.91296078,-0.11936384,-0.39019856,0.39381323,-0.00737898,-0.91916088,-0.0047146,-0.11464983,0.04794514
0.09914138,-0.99353422,0.05532413,-0.91578381,-0.11284883,-0.38549341,0.38924416,-0.01244659,-0.92105054,0.005961,-0.0975405,0.03134941
0.08341899,-0.99466999,0.06060385,-0.92116974,-0.10016689,-0.37604897,0.38011513,-0.02445682,-0.92461571,0.0579607,-0.05810326,0.02994883
0.06020019,-0.99562608,0.07144695,-0.92865977,-0.08210921,-0.36173074,0.36601501,-0.04457365,-0.92954088,0.11084168,-0.04484433,-0.00279043
0.04590613,-0.99631772,0.07241248,-0.93240041,-0.06874997,-0.35482793,0.35849973,-0.05122866,-0.9321231,0.15188019,-0.09630251,0.00615647
0.03344553,-0.99704427,0.06916578,-0.93521179,-0.05562954,-0.34969133,0.35250544,-0.05298908,-0.93430811,0.12475551,-0.05139339,0.04614553
0.0275501,-0.99732345,0.06772693,-0.93664231,-0.04942344,-0.34678309,0.34920221,-0.053882,-0.93549696,0.09044287,-0.04069829,0.03509322
0.01588795,-0.99778937,0.06452831,-0.93902988,-0.03705901,-0.34183249,0.34346819,-0.055163,-0.93754282,0.06241985,-0.07053196,-0.00196712
0.00493756,-0.9981255,0.06100149,-0.94058918,-0.02534687,-0.33859947,0.33951095,-0.05570547,-0.9389512,0.08097517,-0.02631575,0.01357186
-0.000334301238,-0.998143493,0.0609048787,-0.941420841,-0.0202250026,-0.336626941,0.337233802,-0.0574496671,-0.939666323,0.114615627,-0.0239783525,0.028631743
-0.00981419,-0.99784232,0.06491792,-0.94315972,-0.01233017,-0.33211092,0.33219478,-0.06448738,-0.94100368,0.16594593,-0.06005853,0.03598086
-0.0189058807,-0.99749,0.0682359474,-0.944756772,-0.00451346814,-0.327740977,0.327226352,-0.0706626294,-0.942300096,0.176492631,0.000562250614,0.015964672
-0.0231836366,-0.997496288,0.0668095796,-0.945473828,0.000160336202,-0.325697811,0.324871675,-0.0707175987,-0.943110345,0.177491173,-0.0208281875,-0.0193273444
-0.03009429,-0.9978881,0.05756153,-0.94645015,0.00992913,-0.32269675,0.32144378,-0.06419051,-0.94475013,0.14321356,-0.05507255,0.01878831
-0.03525194,-0.99818371,0.04885143,-0.94734265,0.01780906,-0.31972586,0.31827517,-0.05755002,-0.94624981,0.04034233,-0.01789606,0.03717365
-0.03776246,-0.99822008,0.04615829,-0.94789615,0.02116003,-0.31787587,0.31633338,-0.05575706,-0.94700802,0.00352957,-0.01361424,0.02243129
-0.04293242,-0.99813788,0.04332947,-0.9489644,0.02717753,-0.31420985,0.31244719,-0.05460794,-0.9483641,-0.00630391,-0.02448493,0.04428732
-0.04636654,-0.99791654,0.04486307,-0.94977304,0.03012626,-0.31148605,0.30948553,-0.05705227,-0.94919108,0.07618748,-0.02005708,0.09216747
-0.04823063,-0.99770434,0.04753766,-0.95045319,0.03120938,-0.30929708,0.30710342,-0.06009992,-0.94977651,0.11335576,-0.03739476,0.01606797
-0.04751264,-0.9978801,0.04447111,-0.95056962,0.03149342,-0.30891001,0.30685464,-0.05695004,-0.95005084,0.05864576,-0.0267359,0.0216173
-0.04597113,-0.99804582,0.04232239,-0.95092138,0.03074391,-0.30790147,0.30599862,-0.05439985,-0.95047644,0.01791824,0.00692689,0.02310307
-0.04429369,-0.99807572,0.04339331,-0.95097025,0.02881496,-0.30793722,0.30609428,-0.05490542,-0.95041664,0.03218327,-0.03608513,0.0312313
-0.04326422,-0.99810524,0.04375003,-0.95089084,0.02770467,-0.30828395,0.30648776,-0.05493918,-0.95028776,0.03033452,-0.03765565,0.03786612
-0.04070405,-0.99820534,0.04392236,-0.95058868,0.02514703,-0.30943286,0.30777303,-0.05434729,-0.94990627,0.04148641,0.00621963,0.01878649
-0.03744128,-0.99841397,0.04204305,-0.95029151,0.02255981,-0.3105431,0.3091021,-0.0515803,-0.94962898,0.02973898,0.04290354,0.00219287
-0.03545064,-0.99853619,0.04084832,-0.95017871,0.02101166,-0.31099645,0.30968294,-0.04983826,-0.94953269,0.01283615,0.03065145,0.00675604
-0.03072816,-0.99875946,0.03918324,-0.9497343,0.01695602,-0.3125976,0.31154542,-0.04681921,-0.94907715,-0.02937746,0.0012728,-0.00463316
-0.02556066,-0.99892023,0.03879329,-0.94915468,0.01207062,-0.31457842,0.31377051,-0.04486168,-0.94843834,-0.00748046,0.02113104,0.00269051
-0.02284998,-0.99896571,0.03930829,-0.94884558,0.00928511,-0.31560355,0.31491218,-0.04450908,-0.94807635,0.0032736,0.02561164,0.00279711
-0.01763979,-0.99903462,0.04023112,-0.9481849,0.00394851,-0.31769432,0.31722879,-0.04375062,-0.94733919,0.02896991,0.01554739,-0.00582942
-0.0127223673,-0.99917859,0.0384739205,-0.947798548,-0.000210053017,-0.318869606,0.318615773,-0.04052231,-0.947017343,0.0531255379,0.00391888618,-0.0127532007
-0.0051099,-0.99950587,0.03101109,-0.94714373,-0.0051099,-0.3207685,0.3207685,-0.03101109,-0.94664961,-0.07176435,0.01650524,-0.01093719
0.000693621478,-0.999666316,0.0258188907,-0.946305477,-0.00900255284,-0.323148164,0.323272798,-0.0242084431,-0.94599595,-0.0919922218,0.014680624,-0.0110904239
0.01058201,-0.99953037,0.02875806,-0.94520577,-0.01938348,-0.3258992,0.32630359,-0.02373362,-0.94496699,0.02980092,0.01152754,0.01033468
0.0168951768,-0.999296825,0.033472156,-0.94469249,-0.0269200509,-0.32685071,0.327521953,-0.0260986981,-0.944483024,0.0731994808,-0.00536334515,0.000424225815
0.02002909,-0.99925868,0.03288081,-0.94426216,-0.02971497,-0.32785092,0.32858489,-0.02448151,-0.94415733,0.03743304,0.00409234,0.00476242
0.02635116,-0.99929323,0.02680853,-0.94309835,-0.03374381,-0.33079736,0.33146818,-0.01656618,-0.94332099,-0.04418033,-0.00625747,-0.03001843
0.0326969557,-0.999159936,0.0247055209,-0.94219944,-0.0390611025,-0.332767905,0.333453378,-0.012397025,-0.942685112,-0.089529559,0.0289610624,-0.000121008605
0.0357162312,-0.999013684,0.0263777352,-0.941920295,-0.0424709804,-0.333139808,0.333931557,-0.012947266,-0.94250816,-0.0357309915,0.0371069908,-0.000584653113
0.0468146721,-0.998453666,0.0299768521,-0.940378495,-0.0541730922,-0.335787887,0.336892595,-0.0124697967,-0.94146045,0.000406108156,-0.0266899467,0.00188176869
0.04938897,-0.99835626,0.0290788,-0.93978666,-0.05630993,-0.33709095,0.33817427,-0.01067928,-0.94102299,-0.02310722,-0.01333338,0.00951404
0.05383011,-0.9981819,0.0271144,-0.93849449,-0.05984879,-0.34006792,0.34107241,-0.00714082,-0.94000988,-0.04772109,0.02014661,0.00270908
0.05717862,-0.99798962,0.02733529,-0.93753129,-0.06308578,-0.34213324,0.34316991,-0.006065,-0.93925365,-0.00762002,0.04052591,-0.0071292
0.0586960303,-0.99788854,0.0278072575,-0.937286037,-0.0646757534,-0.342508304,0.343583566,-0.00595947511,-0.939103206,0.0286555588,0.031003952,-0.000446456484
0.06627962,-0.99762065,0.01897478,-0.93553771,-0.06874489,-0.3464727,0.34695274,0.00521245,-0.93786813,-0.08087598,-0.01774794,0.02686401
0.06802324,-0.99755344,0.01612232,-0.93491529,-0.0693766,-0.34802333,0.34829039,0.00860067,-0.93734718,-0.12028885,0.0106554,0.00765887
0.07019976,-0.99740353,0.01606135,-0.93372068,-0.07136663,-0.35081653,0.35105193,0.00963038,-0.93630622,-0.1139502,0.02361751,0.0187086
0.07167719,-0.99715041,0.02352197,-0.93233195,-0.07536037,-0.35366334,0.3544282,0.00341928,-0.9350768,0.01377974,-0.00153142,-0.00271024
0.07248911,-0.99713871,0.02144102,-0.93101364,-0.07536098,-0.35711949,0.35771348,0.00592539,-0.93381259,0.04830397,0.00530326,-0.0230035
0.07256545,-0.9972578,0.01452739,-0.92997412,-0.07291837,-0.36032061,0.36039187,0.01263671,-0.9327153,-0.0176881,0.03418839,0.00942317
0.07225356,-0.99732426,0.01112362,-0.92957899,-0.07137919,-0.3616461,0.36147242,0.01578994,-0.93224908,-0.03903234,0.0575403,0.01097694
0.07140133,-0.99743313,0.0053716,-0.92873164,-0.0684455,-0.36437971,0.36381208,0.02102839,-0.9312348,-0.0923482,0.02937829,0.00302753
0.07116027,-0.9974639,0.00135434,-0.9277663,-0.06668631,-0.36715453,0.36631374,0.02487027,-0.9301588,-0.07810877,0.01409876,-0.0083929
0.07105216,-0.99747198,0.00110504,-0.92733519,-0.06646413,-0.36828242,0.36742484,0.02514252,-0.92971328,-0.06607358,0.02495277,-0.00518508
0.07096284,-0.99747411,0.00310419,-0.92666105,-0.06707603,-0.36986494,0.36913893,0.02337013,-0.92908031,-0.01859734,0.040097,-0.00693058
0.0711864,-0.99745083,0.00492097,-0.92618138,-0.06792978,-0.37090895,0.37029775,0.02184594,-0.92865605,0.0028844,0.03401136,-0.02055511
0.07153675,-0.99742412,0.00522869,-0.92588635,-0.06835349,-0.37156688,0.37096723,0.02173946,-0.92839115,-0.00355568,0.02285075,-0.02094606
0.07244278,-0.99735774,0.00545414,-0.92519078,-0.06924164,-0.37313243,0.37252414,0.02198466,-0.92776225,-0.00496364,0.03012681,-0.0103124
0.07279241,-0.99733066,0.00572346,-0.92475824,-0.06964252,-0.37412839,0.37352832,0.02194088,-0.92735919,-0.01114992,0.01876009,-0.01264357
0.07265508,-0.9973404,0.00577689,-0.92462949,-0.06952721,-0.37446799,0.37387371,0.02186552,-0.92722185,-0.01220745,0.00603271,-0.01166397
0.0723096324,-0.997368693,0.00520680933,-0.924345468,-0.0689746436,-0.375270666,0.374642331,0.0223228129,-0.926900766,-0.0042493036,0.000593364239,-0.00332842954
0.07143158,-0.99743767,0.00394587,-0.9242179,-0.06767464,-0.3758209,0.37512497,0.02319863,-0.92668386,,,
0.07110728,-0.99746434,0.00293498,-0.92405437,-0.06698137,-0.37634689,0.3755892,0.02404891,-0.92647414,-0.00194307,0.01197433,0.00130517
0.0705045456,-0.997510978,0.000886287478,-0.923684959,-0.0656217107,-0.377491312,0.376609922,0.0257961706,-0.92601251,-0.0198011585,0.0127913952,-0.0103913061
0.06983307,-0.99755816,-0.00100427,-0.92323765,-0.06424891,-0.37881956,0.37783003,0.0273813,-0.92546995,-0.00887237,0.00586426,-0.00379449
0.06941493,-0.99758525,-0.00230947,-0.92302277,-0.06334821,-0.37949451,0.37843181,0.0284743,-0.92519122,-0.00568397,0.00677049,-0.00681894
0.06876413,-0.99762235,-0.00457794,-0.92259639,-0.06184523,-0.38077666,0.37958821,0.03040733,-0.92465551,-0.01294247,0.01236904,-0.00691011
0.06822973,-0.9976463,-0.0068084,-0.92204319,-0.06044971,-0.38233748,0.38102605,0.03236438,-0.92399744,-0.01449594,0.02140081,0.00197079
0.06802241,-0.9976569,-0.00731942,-0.92180386,-0.06004073,-0.38297867,0.38164186,0.03279819,-0.92372809,-0.02037919,0.01884031,0.00610568
0.06768067,-0.99768068,-0.00725675,-0.92138452,-0.05971161,-0.38403798,0.38271394,0.03267822,-0.92328886,-0.00204866,0.01461279,-0.00406325
0.06733936,-0.99770529,-0.00703356,-0.92090185,-0.05943967,-0.38523578,0.38393373,0.03241873,-0.92279127,0.00581889,0.00925469,-0.01910898
0.067063532,-0.997723838,-0.00703805911,-0.92071698,-0.0591663949,-0.385719427,0.384425069,0.0323477504,-0.922589183,0.00062128948,0.0173859596,-0.0196732804
0.06685587,-0.99773517,-0.00739919,-0.92053319,-0.05881853,-0.386211,0.3849011,0.03263165,-0.9223807,-0.01765812,0.01925504,-0.01201008
0.06718412,-0.99772036,-0.00634839,-0.92022183,-0.059504,-0.38684748,0.38558787,0.03183192,-0.92212177,-0.00718346,0.01301265,-0.01484927
0.06690956,-0.99774691,-0.00491102,-0.92009645,-0.05979681,-0.38710043,0.38593461,0.03041931,-0.92202436,0.01515612,0.0239619,-0.01807262
0.06714118,-0.99772957,-0.00524701,-0.91980847,-0.05985802,-0.38777458,0.38658014,0.03086184,-0.92173903,0.02605253,0.02017105,-0.01799224
0.06727942,-0.99771576,-0.00604937,-0.91965191,-0.05966156,-0.38817612,0.38692855,0.03167955,-0.92156519,0.01499824,0.02155733,-0.01004041
0.06769302,-0.9976719,-0.0082659,-0.91938046,-0.05915868,-0.38889546,0.3875011,0.033925,-0.92124467,-0.00915251,0.01948297,-0.01259696
0.06792055,-0.9976379,-0.01026168,-0.91919644,-0.05857447,-0.38941853,0.38789764,0.035882,-0.92100361,-0.02289194,0.0217886,-0.00912148
0.06796421,-0.99762577,-0.01111901,-0.9192067,-0.05828129,-0.38943839,0.38786575,0.03668853,-0.92098533,-0.02127575,0.02674139,-0.00755935
0.06832817,-0.99758626,-0.01235838,-0.91934672,-0.05814845,-0.38912742,0.38746959,0.03794996,-0.92110082,-0.01199689,0.01296508,-0.00366703
0.06899394,-0.99752946,-0.01321949,-0.91936518,-0.05843199,-0.38904152,0.38730795,0.03899504,-0.92112529,-0.00702546,0.01714921,-0.00818588
0.06926876,-0.99750511,-0.01361343,-0.91939691,-0.0585365,-0.38895081,0.38718355,0.03945828,-0.92115787,-0.01340441,0.02043343,-0.00465313
0.07023669,-0.99743769,-0.01359875,-0.91948605,-0.05944956,-0.38860164,0.38679747,0.03979797,-0.92130558,-0.01747101,0.01400995,0.00825408
0.07148483,-0.99736027,-0.01273913,-0.91958592,-0.06095276,-0.38813189,0.38633086,0.03946024,-0.92151566,,,
0.07190008,-0.99733341,-0.01250613,-0.91963977,-0.06143446,-0.3879284,0.38612566,0.03939321,-0.92160461,,,
0.07284264,-0.99726092,-0.01283172,-0.91967303,-0.06218655,-0.38772981,0.38586982,0.04004426,-0.9216838,-0.00940181,0.00529563,0.00716039
0.07415155,-0.99715412,-0.0136046,-0.91965208,-0.0630995,-0.38763174,0.38567017,0.04125497,-0.92171378,-0.01631641,0.01806188,0.0127177
0.07504961,-0.99708594,-0.01368095,-0.91956244,-0.06389468,-0.38771428,0.38571033,0.04167829,-0.92167805,-0.0175784,0.00731838,0.01117333
0.07645921,-0.99698992,-0.01284619,-0.91934733,-0.06550593,-0.3879554,0.38594614,0.04147286,-0.92158855,-0.01789721,0.00317085,0.00835424
0.07754715,-0.99692306,-0.01144114,-0.91920008,-0.06704806,-0.38804102,0.38607992,0.04060818,-0.92157114,,,
0.07791477,-0.99689153,-0.01167732,-0.91910187,-0.06728706,-0.38823185,0.38623935,0.04098161,-0.92148752,-0.01184847,0.01203394,0.00762324
0.07839174,-0.99683815,-0.01297671,-0.91907518,-0.06722146,-0.38830663,0.38620656,0.04236659,-0.92143881,-0.01443398,0.01152265,0.01077993
0.07871131,-0.99680339,-0.01369383,-0.91894802,-0.06722496,-0.38860691,0.38644412,0.04317168,-0.92130186,-0.01655209,0.01362336,0.01277339
0.07933112,-0.99674081,-0.01463694,-0.91858607,-0.0673919,-0.38943273,0.3871771,0.04433941,-0.92093849,-0.02491056,0.01934004,0.00827791
0.07972379,-0.99670765,-0.01476692,-0.91832377,-0.06767604,-0.39000194,0.38771853,0.04465326,-0.92069573,-0.0151278,0.01260722,0.00574554
0.0798403427,-0.996699472,-0.0146774163,-0.918214495,-0.0678064347,-0.390235996,0.387952839,0.044633544,-0.920597582,-0.00952040311,0.0162888765,0.000397656113
0.08000276,-0.99668241,-0.01495993,-0.9179281,-0.06781386,-0.39090838,0.388597,0.0450059,-0.92030808,-0.01491193,0.0153172,-0.00676016
0.08007159,-0.99667227,-0.0152526,-0.91782823,-0.06775103,-0.39115317,0.3888182,0.04531947,-0.92019887,-0.03190133,0.01784706,0.00245422
0.080049,-0.99667448,-0.01523298,-0.91778906,-0.06773335,-0.3912484,0.38891553,0.04529969,-0.92015892,-0.02726075,0.01754367,0.00601815
0.08021291,-0.99666767,-0.0148104,-0.91765076,-0.06803547,-0.39152028,0.389208,0.04499573,-0.92005016,-0.01130236,0.01599467,0.00347123
