0,1,2,3,4,5,6,7,8,9,10,11
-0.09266097,0.99273269,-0.07678265,0.97338619,0.10654825,0.20289566,0.20960222,-0.05593865,-0.97618516,0.01994115,0.00460941,-0.01499689
-0.09253015,0.99280418,-0.07601135,0.97330715,0.1062869,0.20341098,0.2100263,-0.05516072,-0.97613815,0.0186583,-0.0024184,-0.01024275
-0.09254706,0.99282465,-0.07572408,0.97327158,0.10625328,0.20359906,0.2101841,-0.05485759,-0.97612145,0.01457382,-0.00520051,-0.00809787
-0.0923671307,0.992880599,-0.0752087963,0.973266273,0.105977529,0.203768181,0.21028792,-0.0543766981,-0.97612604,-0.000399548677,0.00294780731,-0.00741458079
-0.0918916,0.99297906,-0.07448766,0.97333513,0.10535874,0.20376007,0.21017742,-0.05377761,-0.97618299,-0.00842083,-0.00110227,-0.01324997
-0.0916135,0.99306253,-0.07371506,0.97340965,0.10491601,0.20363298,0.20995417,-0.05309943,-0.97626837,-0.00634845,-0.00238574,-0.01371221
-0.0909074508,0.993252143,-0.0720136813,0.973583617,0.103850573,0.203346902,0.209453411,-0.0516255887,-0.976454805,-0.000758103095,-0.00800859928,-0.0177318901
-0.0902485581,0.993393617,-0.0708808406,0.973762344,0.102946234,0.202950203,0.208906366,-0.0507051145,-0.976620045,-0.000766623649,-0.00621730089,-0.00367726921
-0.08988579,0.99345718,-0.07045026,0.97387721,0.10248392,0.20263292,0.20852716,-0.05039608,-0.97671716,-0.01329435,-0.00689608,0.00564273
-0.08904268,0.99360693,-0.0694033,0.97417487,0.1013933,0.20174947,0.20749669,-0.04964665,-0.97697523,-0.01616431,-0.00523669,0.01273583
-0.0879633159,0.993826972,-0.0676043557,0.974527953,0.0999131265,0.200779956,0.206295102,-0.0482210598,-0.977300854,-0.0150621701,0.000522434711,0.0147601049
-0.0872156215,0.993953461,-0.0667079375,0.974721353,0.0989714405,0.2003071,0.205698116,-0.0475517426,-0.977459518,-0.0116742328,-0.000431537628,0.0077330498
-0.0858316849,0.99420195,-0.0647708405,0.975062182,0.0971781728,0.199524499,0.204661967,-0.046030063,-0.977749688,0.000924857915,0.00924628973,-0.00643272325
-0.0846170741,0.99436819,-0.063811336,0.975291937,0.0957694029,0.199082614,0.20407259,-0.0453888955,-0.977903004,0.000542545225,0.0159588456,-0.0134807974
-0.08403847,0.99441557,-0.06383816,0.97536229,0.09520392,0.19900929,0.20397557,-0.04554091,-0.97791624,-0.00569425,0.0182175,-0.01650796
-0.08348329,0.99441116,-0.06462897,0.97533686,0.09483556,0.19930922,0.20432444,-0.04639602,-0.97780305,-0.01154638,0.02062374,-0.01696628
-0.08347466,0.9943672,-0.06531311,0.97517569,0.0950014,0.20001765,0.20509583,-0.04699535,-0.97761294,-0.01358536,0.01549357,-0.01191144
-0.08375838,0.99434346,-0.06531215,0.9750381,0.09530459,0.20054374,0.2056339,-0.04688463,-0.97750532,-0.0150498,0.01748711,-0.01844033
-0.08467232,0.99428788,-0.06497939,0.97465358,0.09620015,0.20198026,0.20707754,-0.04623026,-0.97723173,-0.02028805,0.0196293,-0.02828476
-0.08677601,0.99416037,-0.06414769,0.9738888,0.0982137,0.20468157,0.2097865,-0.04471126,-0.97672425,-0.01877928,0.00720721,-0.03750332
-0.08859416,0.99404255,-0.0634862,0.97329094,0.09994451,0.20667814,0.21179196,-0.04348007,-0.9763471,-0.01103326,-0.00227463,-0.04702417
-0.09082253,0.99381645,-0.06387478,0.97268153,0.10228517,0.20839449,0.21363932,-0.04320289,-0.9759567,-0.01678429,-0.00401634,-0.05046333
-0.09209146,0.9936649,-0.06441492,0.97235272,0.10368022,0.20923825,0.21459126,-0.04336498,-0.97574083,-0.01978581,-0.00493592,-0.04666809
-0.032924,0.95972857,-0.27899283,0.98022076,0.0855111,0.17847981,0.19514916,-0.2675983,-0.94356124,0.2398982,0.09088153,-0.11576077
-0.01004041,0.95208605,-0.3056653,0.98217834,0.06676389,0.17569357,0.1876828,-0.2984538,-0.93578864,0.44926304,0.141617,-0.13180932
0.00261909,0.94816592,-0.31776467,0.98289546,0.05607456,0.1754196,0.18414539,-0.3127889,-0.93180112,0.5250107,0.1873284,-0.13159272
0.02958981,0.93754455,-0.34660461,0.98370588,0.03420483,0.17650176,0.17733383,-0.34617964,-0.92125597,0.4111639,0.23653191,-0.07578782
0.05900771,0.92392408,-0.37799796,0.98340053,0.01128449,0.18109703,0.17158543,-0.38240951,-0.90792156,0.29637331,0.24670881,-0.07928766
0.074516868,0.916173367,-0.39379377,0.982786729,-0.000527809794,0.184742784,0.169048563,-0.400781752,-0.900442357,0.281498224,0.242225468,-0.102248847
0.10703531,0.89845641,-0.42581622,0.98051754,-0.02443755,0.19490534,0.16470804,-0.43838204,-0.88356795,0.24536036,0.25960106,-0.09189956
0.1411551,0.87841383,-0.45657898,0.97661473,-0.0480064,0.20956866,0.16216929,-0.47548345,-0.86464823,0.1959548,0.31867641,-0.02440405
0.15891149,0.86791964,-0.47059807,0.97395545,-0.05972682,0.21873129,0.16173384,-0.49310049,-0.85480633,0.17308789,0.33720094,0.02853515
0.19513372,0.84741736,-0.49376768,0.96726173,-0.08298854,0.23982798,0.16225731,-0.52440114,-0.83586824,0.13145237,0.29009336,0.10439793
0.23198524,0.82847024,-0.50972527,0.95873843,-0.10621724,0.26370139,0.16432713,-0.54986804,-0.81892709,0.15037633,0.26170379,0.08885438
0.25073829,0.81888993,-0.51628441,0.95376775,-0.11768333,0.27654603,0.16570269,-0.5617561,-0.81053853,0.14189206,0.26029569,0.06421906
0.28913936,0.79767824,-0.52925208,0.94229528,-0.13969643,0.30424392,0.16875411,-0.58668065,-0.79204017,0.08841504,0.29564279,0.03387994
0.32914059,0.77285457,-0.54255163,0.92855437,-0.16047616,0.33471504,0.17161945,-0.613957,-0.77045671,0.01027318,0.30237061,0.06500614
0.32914059,0.77285457,-0.54255163,0.92855437,-0.16047616,0.33471504,0.17161945,-0.613957,-0.77045671,0.01027318,0.30237061,0.06500614
0.3910088,0.73159139,-0.55846759,0.90347891,-0.18932202,0.38455539,0.17560717,-0.65492826,-0.73500397,-0.09848557,0.23070437,0.06362986
0.43150492,0.70303025,-0.56528928,0.88416609,-0.20522704,0.41968104,0.17903582,-0.68090405,-0.71015198,-0.10820425,0.2189768,0.07812014
0.45122767,0.68876782,-0.56744375,0.87382143,-0.21190654,0.43764321,0.18118949,-0.69332125,-0.69747817,-0.10556291,0.21707112,0.07722996
0.48983444,0.65978262,-0.5698676,0.85166062,-0.22239372,0.47456837,0.18637697,-0.71779373,-0.67084698,-0.13549893,0.24488491,0.06741896
0.5274694,0.63010831,-0.56985925,0.82734634,-0.22854645,0.51309318,0.19306497,-0.74211191,-0.64186907,-0.1591167,0.22168583,0.05679415
0.58135772,0.58481511,-0.56569823,0.78726035,-0.22867434,0.57265102,0.2055343,-0.77826687,-0.59334334,-0.18089145,0.16164106,0.09614985
0.61512321,0.55707256,-0.55793693,0.75875413,-0.22593521,0.61093823,0.21427933,-0.79913923,-0.5616591,-0.17319918,0.14584368,0.1321656
0.631593,0.54471678,-0.55170094,0.74384868,-0.22512358,0.62929211,0.21858508,-0.8078385,-0.54737333,-0.16942587,0.15305322,0.11505769
0.6638355,0.52172137,-0.53584445,0.71245804,-0.22327326,0.66524633,0.2274335,-0.82338081,-0.5199213,-0.1819959,0.14166242,0.05169899
0.69464458,0.50045722,-0.5167315,0.67938031,-0.22029457,0.69993754,0.23645563,-0.83726504,-0.49302721,-0.20020157,0.11088878,0.06935218
0.7093007,0.49093222,-0.50584385,0.66245597,-0.2189796,0.71637959,0.2409243,-0.84322784,-0.48054336,-0.20838141,0.10481268,0.09608983
0.73733984,0.47435994,-0.48094973,0.62750016,-0.21731895,0.74767383,0.25014703,-0.85308573,-0.45789886,-0.21109362,0.08925217,0.06082303
0.77637107,0.45255521,-0.43868185,0.57160804,-0.21232772,0.79257886,0.26554138,-0.86608937,-0.42352929,-0.25699154,0.06090695,-0.01429351
0.7998555,0.4376109,-0.41076495,0.53277262,-0.20253053,0.82166571,0.27637742,-0.87605816,-0.39514227,-0.20600893,0.00688821,-0.00373449
0.82068878,0.42280562,-0.38432446,0.49412174,-0.18743583,0.84894717,0.28690345,-0.88662449,-0.36274393,-0.19311729,-0.02873337,0.09051235
0.84834115,0.40473017,-0.34133676,0.43585401,-0.16784915,0.88422734,0.30058039,-0.89889944,-0.31879661,-0.24958402,-0.03557062,0.02770726
0.86476843,0.39428569,-0.31098926,0.39613685,-0.15500767,0.90501262,0.30862781,-0.90582064,-0.29023683,-0.21287735,-0.0477919,-0.02116593
0.87202228,0.38903748,-0.29703024,0.37665803,-0.1458213,0.91480312,0.31257936,-0.90960753,-0.27369351,-0.20390159,-0.06362295,0.03636472
0.89521772,0.37490107,-0.24090329,0.30155844,-0.11163352,0.94688975,0.32809711,-0.9203189,-0.21299089,-0.19791575,-0.06646115,0.04979713
0.89999996,0.37314252,-0.22531025,0.28260415,-0.10596659,0.95336549,0.33186586,-0.92170251,-0.20082155,-0.18397251,-0.07052898,-0.00705835
0.90827184,0.37015875,-0.19499937,0.24451684,-0.0914482,0.9653231,0.33949045,-0.92445642,-0.17356987,-0.1491448,-0.0744496,-0.0371604
0.91457552,0.36781961,-0.16810811,0.20730927,-0.06948876,0.9758043,0.34723834,-0.92729709,-0.13980513,-0.1963429,-0.08293378,0.09096077
0.91712546,0.36736922,-0.15466333,0.18902562,-0.05923661,0.98018382,0.35092764,-0.92818687,-0.1237696,-0.1951157,-0.0678491,0.08705898
0.92116652,0.3682537,-0.1258629,0.15211935,-0.04303314,0.9874249,0.35820659,-0.92872894,-0.0956592,-0.15726358,-0.07848537,0.04846869
0.92452869,0.37237956,-0.08111808,0.09654492,-0.02293574,0.99506422,0.3686811,-0.92779696,-0.0571561,-0.14780495,-0.08406377,-0.0268771
0.92481999,0.37632075,-0.05559406,0.06104331,-0.00256143,0.99813194,0.37547532,-0.92648602,-0.02534073,-0.15048805,-0.07180923,0.04708835
0.92363801,0.38192328,-0.03205349,0.02672625,0.01924669,0.9994574,0.382333,-0.92399351,0.00756961,-0.13234855,-0.06607294,0.08080538
0.92261178,0.38521788,-0.01986668,0.009693,0.0283344,0.99955145,0.38560803,-0.9223905,0.02240774,-0.14031266,-0.08470774,0.07931217
0.91962191,0.39275966,0.00594744,-0.02489837,0.04317414,0.99875719,0.39201479,-0.91862708,0.04948296,-0.13656951,-0.09408641,-0.02063102
0.91501613,0.40231059,0.02986069,-0.05954504,0.06147879,0.9963306,0.39899857,-0.91343663,0.08020969,-0.13308883,-0.08680779,-0.02723403
0.91202808,0.40813754,0.04035508,-0.07661577,0.07288452,0.99439324,0.40290794,-0.9100064,0.0977425,-0.1224601,-0.07115036,0.0041155
0.90486336,0.42141095,0.06029186,-0.11047121,0.09567098,0.98926392,0.41111849,-0.90180919,0.13312294,-0.13957566,-0.08491468,0.07618219
0.89153603,0.44294769,0.09466167,-0.16251539,0.11773955,0.97965607,0.422791,-0.88878266,0.17695488,-0.12644278,-0.09751141,0.06543442
0.88087198,0.45809276,0.11922906,-0.19773781,0.12725782,0.97195945,0.43007477,-0.87974794,0.20268012,-0.12110798,-0.09779978,0.02926439
0.86857877,0.47455116,0.14273097,-0.23255469,0.13599828,0.96302796,0.43759485,-0.86965839,0.2284843,-0.11203579,-0.09953004,0.03480618
0.86177525,0.48323841,0.15435029,-0.24994179,0.13969493,0.95813057,0.44144362,-0.86427179,0.24116714,-0.11412448,-0.11385417,0.02127602
0.8468262,0.50155572,0.17699501,-0.28457886,0.14613561,0.94744875,0.44933311,-0.85269346,0.26648364,-0.0903514,-0.10143179,-0.01057219
0.83044866,0.5210802,0.19705444,-0.31854416,0.15395969,0.93532134,0.457039,-0.83950689,0.29384268,-0.09159598,-0.06689656,0.00520067
0.82187309,0.53121448,0.2057566,-0.33504133,0.15862529,0.92875469,0.46072976,-0.83225545,0.30834867,-0.11386409,-0.06574953,0.03902931
0.8039972,0.55149484,0.22235544,-0.36748035,0.16683801,0.91494442,0.46748978,-0.81732401,0.3368008,-0.13533089,-0.09686154,0.02154429
0.7851056,0.57179818,0.23802521,-0.39943554,0.17373446,0.90014857,0.47335019,-0.8017874,0.36479645,-0.09818449,-0.11091185,-0.00513827
0.77504003,0.58241806,0.24515738,-0.41532217,0.17709789,0.89226889,0.47625668,-0.7933634,0.3791491,-0.08188552,-0.11542821,-0.01968237
0.7533142,0.60514731,0.25751583,-0.44740884,0.18457241,0.87507611,0.48201971,-0.7744221,0.40978932,-0.06816075,-0.14756209,-0.06667911
0.72902611,0.63011856,0.26734155,-0.48082226,0.19345342,0.85521087,0.48716615,-0.75201481,0.44400765,-0.0522827,-0.14197326,-0.0230423
0.71584923,0.64303356,0.27215386,-0.49803533,0.19701939,0.84447865,0.48940852,-0.74006163,0.4612896,-0.05360217,-0.11205029,0.04954786
0.68806969,0.66762667,0.2843143,-0.53258786,0.19851486,0.8227647,0.49285918,-0.71754178,0.49216202,-0.10458217,-0.13716757,0.06101778
0.658681063,0.691132875,0.297446721,-0.56632207,0.195103934,0.800758164,0.495397331,-0.695894873,0.519915121,-0.0534661934,-0.121830523,-0.000676381402
0.61314446,0.72534422,0.3129371,-0.61254737,0.18639387,0.76814258,0.49883823,-0.66267116,0.55859408,-0.11884131,-0.09511763,0.07621887
0.58263413,0.74440021,0.32619894,-0.6400928,0.17296565,0.74857464,0.50081796,-0.64494273,0.57726095,-0.0514038,-0.09943396,-0.02804713
0.56739387,0.75386391,0.33129041,-0.65294984,0.16676456,0.7388139,0.50171769,-0.63551449,0.58685657,-0.02445021,-0.10622925,-0.04885824
0.53678622,0.7739071,0.3360482,-0.67710058,0.15750506,0.71883728,0.50338395,-0.61340038,0.60855945,-0.03529635,-0.10252804,-0.00886908
0.50565332,0.79311853,0.3395255,-0.69996046,0.14708068,0.69887221,0.50435099,-0.59104145,0.6295236,-0.06595189,-0.12628585,0.02685865
0.48987149,0.80151203,0.34293476,-0.71115683,0.13986059,0.68898096,0.50426358,-0.58139252,0.6385146,-0.04696802,-0.13788164,-0.01138275
0.45751699,0.81723451,0.35043693,-0.73335824,0.12392196,0.66845281,0.50285581,-0.56282433,0.65602199,0.01785345,-0.11878937,-0.08304133
0.42426236,0.83368137,0.35352069,-0.75477431,0.10986677,0.64671872,0.50031713,-0.54120675,0.67585357,-0.00142595,-0.09044433,-0.04555649
0.40744641,0.8419274,0.35375919,-0.76503508,0.10313794,0.63567579,0.49870695,-0.529642,0.68612729,-0.02046913,-0.08386981,-0.03589822
0.40744641,0.8419274,0.35375919,-0.76503508,0.10313794,0.63567579,0.49870695,-0.529642,0.68612729,-0.02046913,-0.08386981,-0.03589822
0.40744641,0.8419274,0.35375919,-0.76503508,0.10313794,0.63567579,0.49870695,-0.529642,0.68612729,-0.02046913,-0.08386981,-0.03589822
0.40744641,0.8419274,0.35375919,-0.76503508,0.10313794,0.63567579,0.49870695,-0.529642,0.68612729,-0.02046913,-0.08386981,-0.03589822
0.40744641,0.8419274,0.35375919,-0.76503508,0.10313794,0.63567579,0.49870695,-0.529642,0.68612729,-0.02046913,-0.08386981,-0.03589822
0.25089545,0.89521714,0.36829016,-0.84199238,0.01410991,0.53930473,0.47759836,-0.44540661,0.75730623,0.06392039,-0.10407382,-0.04279555
0.25089545,0.89521714,0.36829016,-0.84199238,0.01410991,0.53930473,0.47759836,-0.44540661,0.75730623,0.06392039,-0.10407382,-0.04279555
0.19448711,0.90591224,0.37616203,-0.86157147,-0.02555099,0.50699296,0.46890239,-0.42269407,0.77553871,0.0878799,-0.1099869,0.00394434
0.18086379,0.90799073,0.37794326,-0.86573058,-0.03536638,0.49925921,0.46668923,-0.41749494,0.77967886,0.10657199,-0.11334419,-0.01072826
0.15403804,0.91107736,0.38237451,-0.87353811,-0.05527616,0.4836069,0.46173952,-0.40851256,0.78734623,0.12447965,-0.11682945,-0.04431394
0.11452172,0.91560286,0.38542983,-0.88417903,-0.08293438,0.45972743,0.45289314,-0.39343775,0.80005908,0.15243137,-0.08490551,-0.03418245
0.11452172,0.91560286,0.38542983,-0.88417903,-0.08293438,0.45972743,0.45289314,-0.39343775,0.80005908,0.15243137,-0.08490551,-0.03418245
0.06554882,0.92167985,0.38237352,-0.89479304,-0.11530913,0.43133409,0.44164314,-0.3704186,0.81715444,0.15191859,-0.08674288,0.0156686
0.05427511,0.92238284,0.3824448,-0.89687832,-0.12333158,0.42473346,0.43893441,-0.3660589,0.82057142,0.15898208,-0.08711654,0.01263186
0.03306495,0.92334476,0.38254548,-0.90040761,-0.13860572,0.41237659,0.4337888,-0.35808207,0.82680378,0.1421075,-0.04890227,0.0242895
0.01385955,0.92335893,0.3836877,-0.90306601,-0.15318133,0.40125716,0.42927815,-0.35205656,0.831731,0.14519933,-0.05163097,-0.00423539
0.00506083,0.92312488,0.38446714,-0.90409518,-0.16006368,0.39622175,0.42730132,-0.3496001,0.83378257,0.15929577,-0.04950947,-0.00413178
-0.0115122903,0.922551793,0.385701344,-0.905775795,-0.173026248,0.386822927,0.423600694,-0.344905721,0.837617141,0.184158757,-0.0648549199,-0.000706866384
-0.02720705,0.92210317,0.38598619,-0.90707657,-0.18504058,0.37811622,0.42008535,-0.3398316,0.84145277,0.16888219,-0.06140047,0.02355575
-0.02720705,0.92210317,0.38598619,-0.90707657,-0.18504058,0.37811622,0.42008535,-0.3398316,0.84145277,0.16888219,-0.06140047,0.02355575
-0.04885666,0.92062648,0.38737571,-0.90835435,-0.20223109,0.36605326,0.41533772,-0.33399027,0.84613538,0.18103322,-0.05771059,0.02593434
-0.06182668,0.91910378,0.38913448,-0.90882209,-0.21300611,0.35870702,0.41257702,-0.33147635,0.84847134,0.1879928,-0.06288546,0.0152346
-0.06777787,0.91826061,0.39013245,-0.90898197,-0.21803134,0.35526582,0.41128781,-0.3305442,0.84946032,0.18272898,-0.05479735,0.00730249
-0.07860861,0.91673689,0.39168118,-0.90906489,-0.22717908,0.34927161,0.40917195,-0.32860786,0.85123157,0.17010848,-0.02188474,0.01135579
-0.09192859,0.91505211,0.39271948,-0.90879269,-0.23829577,0.3425066,0.40699484,-0.32541444,0.85349904,0.16538222,-0.01533514,0.00966999
-0.09920159,0.91444428,0.39236539,-0.90868434,-0.2439459,0.33879647,0.40552646,-0.32292713,0.85514112,0.1556455,-0.0313946,0.0177912
-0.10553984,0.9140582,0.3916105,-0.90863114,-0.24865233,0.33550152,0.40404284,-0.32042071,0.85678464,0.13314393,-0.00397903,0.0263759
-0.10816958,0.91382677,0.39143312,-0.90857251,-0.25067895,0.3341496,0.40347893,-0.31950055,0.85739381,0.1116894,-0.00212008,0.03103623
-0.11188952,0.91308885,0.39210889,-0.90839521,-0.25395181,0.33215433,0.40286321,-0.31902525,0.85786019,0.13280059,0.01467913,0.01412395
-0.11381957,0.91256311,0.39277664,-0.90795907,-0.25603332,0.33174849,0.40330541,-0.31886564,0.85771174,0.12281123,0.02694064,0.02695643
-0.11420831,0.91241086,0.39301752,-0.90766481,-0.25665392,0.33207414,0.40385758,-0.31880255,0.85747535,0.11406378,0.02034384,0.03327315
-0.114018775,0.912052213,0.393904092,-0.907084436,-0.257288536,0.333167199,0.405212905,-0.319316955,0.856644138,0.101359703,0.000490009785,0.0247794706
-0.1127338,0.91176097,0.39494667,-0.9065892,-0.2570681,0.33468168,0.40667794,-0.32032445,0.85557307,0.08672905,-0.01389736,0.02485701
-0.11138788,0.91174038,0.39537607,-0.90625322,-0.25645097,0.33606251,0.40779634,-0.32087754,0.85483317,0.0818136,-0.00935453,0.02850458
-0.10780263,0.91174003,0.39636964,-0.90547006,-0.25466246,0.33951616,0.41049087,-0.32230011,0.8530064,0.05454586,0.00155562,0.02838064
-0.10313901,0.91182583,0.39741156,-0.90459103,-0.25212955,0.34372328,0.41361498,-0.32404366,0.85083391,0.0495405,0.01442379,0.00661988
-0.10039913,0.91200891,0.39769277,-0.90415681,-0.2504496,0.34608555,0.41523518,-0.32482993,0.84974421,0.05123161,0.00734359,-0.00516592
-0.09476169,0.91300312,0.39679419,-0.90327703,-0.24640564,0.35124774,0.41846257,-0.32513025,0.84804446,0.0433571,-0.00827366,-0.01322763
-0.09476169,0.91300312,0.39679419,-0.90327703,-0.24640564,0.35124774,0.41846257,-0.32513025,0.84804446,0.0433571,-0.00827366,-0.01322763
-0.08663876,0.91578831,0.39220584,-0.90181901,-0.23938585,0.35974548,0.42333926,-0.32253078,0.84661547,-0.00316711,0.01006526,-0.00295493
-0.08105998,0.91762387,0.38909598,-0.90083891,-0.23450443,0.36537226,0.42651905,-0.32089573,0.84564025,-0.01058285,0.00841039,0.01299652
-0.07529999,0.91896528,0.38708238,-0.89982607,-0.22989949,0.37075507,0.42970106,-0.32038897,0.8442203,-0.03363664,0.01079255,0.03310747
-0.07255993,0.91921033,0.38702379,-0.89933734,-0.22806655,0.37306564,0.43119298,-0.32099532,0.84322869,-0.03819204,0.01082021,0.02723238
-0.0667945973,0.919079482,0.388370106,-0.898418584,-0.22472058,0.377285906,0.434030509,-0.32371826,0.840728255,-0.012150907,0.0365094543,2.39326619e-06
-0.06126283,0.9193469,0.38864893,-0.89750479,-0.22111306,0.38156782,0.4367286,-0.32543835,0.83866441,-0.01467601,0.03143412,-0.01220257
-0.05856716,0.91987178,0.38782167,-0.89700585,-0.21898963,0.38395816,0.43812126,-0.32539096,0.83795612,-0.01935796,0.02179462,-0.01533915
-0.0537114404,0.921208853,0.385342974,-0.896128786,-0.214715191,0.3883947,0.440531675,-0.324455689,0.837054556,-0.0391714387,0.00756913424,0.000396691263
-0.0537114404,0.921208853,0.385342974,-0.896128786,-0.214715191,0.3883947,0.440531675,-0.324455689,0.837054556,-0.0391714387,0.00756913424,0.000396691263
-0.04721043,0.92274266,0.38251415,-0.8952517,-0.20893945,0.39353348,0.44305246,-0.32386755,0.83595114,-0.04695053,0.00162208,0.02014967
-0.04328235,0.92319508,0.38188676,-0.89489413,-0.20576814,0.39601009,0.44417469,-0.32460798,0.83506797,-0.0309515,0.01447767,0.00125458
-0.04011864,0.92383,0.3806948,-0.89465897,-0.20287321,0.39802976,0.44494464,-0.3246236,0.83465188,-0.03409133,0.00778085,-0.0022727
-0.0388501,0.92419855,0.37993081,-0.89460833,-0.20155484,0.39881229,0.44515875,-0.32439536,0.83462644,-0.03696543,0.00272208,-0.00250754
-0.03640081,0.92479975,0.37870902,-0.89483124,-0.19888115,0.39965418,0.44491813,-0.32433293,0.83477903,-0.03983008,0.00184119,0.0048553
-0.03464938,0.92504448,0.37827515,-0.89523958,-0.19697427,0.39968386,0.44423584,-0.32479809,0.83496151,-0.01703966,0.00222915,-0.00250728
-0.03408888,0.92519072,0.37796832,-0.89542562,-0.19625032,0.39962324,0.44390413,-0.32481981,0.83512946,-0.02053973,0.0046832,-0.00298351
-0.03257824,0.92573079,0.37677709,-0.89629294,-0.19387171,0.39883894,0.44226398,-0.32470917,0.83604216,-0.03509922,-0.00247401,0.01731247
-0.03174734,0.92543042,0.37758507,-0.897753,-0.19246326,0.39622882,0.43935352,-0.32639891,0.83691828,-0.0053085,0.00304914,-0.00188733
-0.03272868,0.92528376,0.37786076,-0.89852477,-0.19280681,0.3943079,0.43770084,-0.32661207,0.83770073,0.00444509,0.01309961,-0.00104899
-0.03370869,0.92573176,0.37667564,-0.89922034,-0.19258344,0.39282886,0.4361956,-0.32547266,0.83892846,-0.01148098,0.00937074,0.01684626
-0.03523841,0.92609334,0.37564503,-0.90076329,-0.19224285,0.38944572,0.43287823,-0.3246438,0.8409654,-0.0031066,0.0168249,0.03128317
-0.03660339,0.92591278,0.37595948,-0.90143682,-0.19298364,0.38751617,0.43136027,-0.32471931,0.8417159,-0.00472387,0.01875693,0.02653981
-0.03730801,0.92568999,0.37643863,-0.90176308,-0.19351335,0.38649166,0.43061741,-0.32503922,0.84197277,0.00281001,0.02139288,0.01705389
-0.03854625,0.92531601,0.3772324,-0.90231206,-0.19443924,0.38474162,0.42935644,-0.32555099,0.84241888,0.01101938,0.01703674,0.01489526
-0.0397848,0.92495388,0.3779914,-0.9029237,-0.19529944,0.38286673,0.42795557,-0.32606512,0.84293272,0.01715986,0.00194961,0.0098803
-0.04055172,0.9247687,0.37836276,-0.90336707,-0.19573974,0.38159384,0.42694668,-0.32632617,0.84334321,0.02228179,0.00997251,0.01308482
-0.04186311,0.92467399,0.37845141,-0.90419945,-0.19620742,0.37937577,0.42505389,-0.32631371,0.84430359,0.01275246,-0.00196368,0.02862965
-0.04257605,0.92450239,0.3787908,-0.904577,-0.19663711,0.37825143,0.42417873,-0.32654099,0.84465577,0.01014551,-0.00953746,0.01896928
-0.0428677818,0.92429306,0.379268707,-0.904676932,-0.196993273,0.377827167,0.423936389,-0.326919039,0.844631215,0.000768308295,-0.00571030378,0.0219989698
-0.04379974,0.92346358,0.38117766,-0.90488093,-0.19837328,0.37661429,0.42340512,-0.32842478,0.84431347,0.01871291,-0.00672072,0.0148465
-0.04522143,0.9224767,0.38339487,-0.90517363,-0.20020332,0.37493891,0.42262938,-0.33008365,0.8440552,0.04446179,0.00708717,0.01027937
-0.04612719,0.92207847,0.38424429,-0.90532764,-0.20116278,0.3740528,0.42220165,-0.33061298,0.84406211,0.04512705,0.01661342,0.014967
-0.04770739,0.92151835,0.38539294,-0.9055901,-0.20270257,0.37258285,0.42146216,-0.33123307,0.84418853,0.02405094,0.01961929,0.02811787
-0.04892106,0.92100873,0.38645787,-0.90580252,-0.20394774,0.37138545,0.42086644,-0.33188595,0.84422933,0.02452052,0.01408678,0.02104882
-0.04934572,0.92083958,0.38680669,-0.90589949,-0.2043552,0.37092454,0.42060798,-0.33210445,0.84427221,0.02317089,0.00916487,0.01535933
-0.0501256876,0.920712098,0.387009733,-0.906495942,-0.20459551,0.369331357,0.419228346,-0.332309762,0.844877387,0.0204484742,0.000905394554,0.0199551433
-0.05022694,0.92090263,0.38654302,-0.90725154,-0.20389055,0.367863,0.41757851,-0.33221511,0.84573122,0.01602221,0.00474721,0.02903825
-0.04990901,0.92103755,0.38626254,-0.90751801,-0.20330912,0.36752724,0.41703715,-0.33219728,0.84600529,0.01769738,0.00755817,0.02511474
-0.04927137,0.92124713,0.3858446,-0.90803498,-0.20221378,0.36685426,0.41598653,-0.33228498,0.84648798,0.00209322,0.00972706,0.01953172
-0.04845365,0.92123753,0.38597098,-0.9081399,-0.20151742,0.36697764,0.41585347,-0.33273424,0.84637687,0.00358932,-0.00462967,0.01120655
-0.04801735,0.92114356,0.38624973,-0.90800923,-0.20137937,0.3673766,0.41618932,-0.33307787,0.84607658,0.01062528,-0.01013494,0.00641678
-0.0473415,0.92102854,0.38660717,-0.90760467,-0.20129773,0.36841942,0.41714799,-0.33344494,0.84545964,0.01022467,-0.01255953,0.00560258
-0.04687192,0.92098784,0.38676122,-0.90685729,-0.20157499,0.37010426,0.41882298,-0.33338973,0.84465293,-0.00387732,0.01261657,0.00368674
-0.04632898,0.92083644,0.38718724,-0.90626144,-0.20178045,0.3714498,0.4201713,-0.33368397,0.84386676,-0.00593572,0.01188368,0.00801739
-0.04546213,0.92045501,0.38819551,-0.90568665,-0.20194223,0.37276136,0.42150313,-0.33463696,0.84282454,0.01395264,0.00334507,-0.00738045
-0.0449122955,0.920751004,0.38755695,-0.904437088,-0.202224827,0.375630904,0.424236202,-0.333650431,0.841843823,0.010948753,-0.000579595566,-0.010787922
-0.0449122955,0.920751004,0.38755695,-0.904437088,-0.202224827,0.375630904,0.424236202,-0.333650431,0.841843823,0.010948753,-0.000579595566,-0.010787922
-0.0445179511,0.921101321,0.386769173,-0.903979048,-0.20194304,0.376882951,0.425252771,-0.33285317,0.8416465,-0.00135014416,0.0122198462,-0.000624128385
-0.0434251814,0.920642396,0.387984446,-0.902898396,-0.202402213,0.379220178,0.427655045,-0.333842831,0.840035798,0.00530095585,-0.000255763531,-0.0193483327
-0.0429766654,0.921026048,0.387122719,-0.902394531,-0.202076,0.380590818,0.428762277,-0.3329809,0.839813447,0.00298107299,0.000222504139,-0.0155064585
-0.04275045,0.92129493,0.38650764,-0.90227907,-0.20172821,0.38104898,0.42902795,-0.33244774,0.839889,-0.00485975,0.00275761,-0.00375032
-0.04220867,0.92153631,0.38599133,-0.90220562,-0.20113261,0.38153733,0.42923593,-0.33213936,0.83990474,0.00265452,-0.00459713,-0.00887973
-0.04196547,0.9215378,0.38601418,-0.90210095,-0.20102599,0.38184079,0.42947962,-0.33219962,0.83975631,0.00973792,-0.00241053,-0.02088638
-0.0419774,0.92166687,0.38570449,-0.90203931,-0.20095493,0.38202364,0.4296078,-0.33188425,0.83981543,0.00751562,0.00630814,-0.02403296
-0.04207158,0.92218464,0.38445479,-0.90207879,-0.20048292,0.3821786,0.42951585,-0.33072965,0.84031782,-0.00237024,0.00334603,-0.00708778
-0.04196562,0.92257276,0.38353412,-0.90220297,-0.19991997,0.38218037,0.42926532,-0.32998718,0.84073762,0.00188216,0.00524801,-0.00104582
-0.04202322,0.92255833,0.38356236,-0.90226474,-0.19993086,0.38202863,0.42912968,-0.33002071,0.84079369,0.00650876,0.00891858,-0.00773744
-0.0422054098,0.922566238,0.383523376,-0.902353423,-0.199994337,0.381785928,0.428925334,-0.329960198,0.840921706,0.000814677682,0.0144563317,-0.00756266853
-0.04227547,0.92268017,0.38324136,-0.90235376,-0.19993418,0.38181652,0.42891763,-0.32967781,0.84103638,0.00799799,0.01155812,-0.01139007
-0.04228189,0.92278066,0.382999,-0.90236371,-0.19983157,0.38184712,0.42889638,-0.32945918,0.8411329,0.00511198,0.01181799,-0.00479397
-0.04191432,0.9228865,0.38278405,-0.9023738,-0.19943643,0.38202951,0.42891099,-0.32940179,0.84114791,0.00168667,0.00666219,-0.00268332
-0.0417896,0.92290036,0.38276416,-0.90238738,-0.19931647,0.3820599,0.42889448,-0.32943541,0.84114315,0.00934921,0.01110011,-0.01294993
-0.04167155,0.92301454,0.38250184,-0.90241083,-0.19909409,0.38212074,0.42885685,-0.32925024,0.84123486,0.0031097,0.01111811,-0.00263714
-0.04131371,0.92329727,0.3818575,-0.90246577,-0.1984944,0.38230263,0.42877562,-0.32881898,0.8414449,-0.00835281,0.0039466,-0.00285026
-0.0409434129,0.923397821,0.381654485,-0.902521403,-0.19806681,0.382393395,0.428694297,-0.328794852,0.841495783,0.000202026451,0.00198215246,-0.0123755597
-0.04088277,0.92346124,0.38150755,-0.90256601,-0.19792247,0.38236288,0.42860619,-0.3287037,0.84157628,,,
-0.04070088,0.92366922,0.38102294,-0.90271989,-0.19745587,0.38224054,0.42829909,-0.32839946,0.84185133,-0.00759813,-0.00136,0.00427223
-0.0406976572,0.923790234,0.380729753,-0.902907135,-0.197188363,0.381936214,0.427904483,-0.328219697,0.842122057,-0.0085907653,0.00957435369,-0.000296737533
-0.04094341,0.92384779,0.38056377,-0.90302694,-0.19722786,0.38163254,0.4276282,-0.32803399,0.84233474,-0.00400912,0.01241022,0.00261002
