0,1,2,3,4,5,6,7,8,9,10,11
0.97863486,0.19850335,0.05357459,0.20486101,-0.96356583,-0.17196692,0.01748664,0.17926816,-0.9836447,,,
0.97864209,0.19845704,0.05361392,0.20482247,-0.96357399,-0.1719669,0.01753294,0.17927538,-0.98364253,0.00529717,0.0037775,0.00252332
0.97865552,0.19842843,0.05347464,0.2047683,-0.96359581,-0.17190976,0.01741616,0.17919034,-0.9836602,,,
0.97866892,0.19839979,0.05333535,0.20471411,-0.9636174,-0.17185248,0.01729938,0.17910518,-0.98367764,0.01089224,0.00344396,0.00217408
0.978672,0.1984097,0.05324206,0.20470596,-0.96363133,-0.17178484,0.01722194,0.17901998,-0.98369465,,,
0.97866168,0.19844823,0.05328808,0.20475196,-0.96362342,-0.17177465,0.01726127,0.17902011,-0.98369398,0.00524692,0.00627148,0.00252123
0.97861728,0.19859675,0.05354949,0.20494275,-0.96360575,-0.17164504,0.01751246,0.17894938,-0.9837022,0.00172465,-0.00391614,0.00744536
0.978611072,0.198581238,0.0537201767,0.204957682,-0.963606286,-0.171624369,0.0176837267,0.178963871,-0.98369653,0.00494249538,-0.00245988369,0.000373755698
0.9785769,0.19868909,0.05394351,0.20510314,-0.96358291,-0.17158295,0.01788738,0.17897109,-0.98369173,,,
0.9785634,0.19871988,0.05407486,0.20515661,-0.96357533,-0.17156228,0.01801236,0.17897838,-0.98368824,0.00689333,-0.00147551,0.00292534
0.9785634,0.19871988,0.05407486,0.20515661,-0.96357533,-0.17156228,0.01801236,0.17897838,-0.98368824,-0.00161187,-0.00244325,0.00465447
0.9785593,0.19877176,0.05395813,0.20518839,-0.96355267,-0.17165054,0.01787222,0.17904181,-0.98367909,0.00249703,0.00598788,-0.00297563
0.97854482,0.19886436,0.05387944,0.20526547,-0.96353632,-0.17165045,0.01777963,0.17902725,-0.98368347,,,
0.97854482,0.19886436,0.05387944,0.20526547,-0.96353632,-0.17165045,0.01777963,0.17902725,-0.98368347,,,
0.97853446,0.198902892,0.0539254401,0.205311465,-0.963528435,-0.171640126,0.0178189743,0.179027289,-0.983682821,-0.000543248025,-0.0056566596,0.00625083037
0.97854482,0.1988622,0.0538874,0.20526617,-0.96352215,-0.17172842,0.01777141,0.17910521,-0.98366929,,,
0.97853758,0.19890848,0.05384805,0.20530469,-0.96351374,-0.17172831,0.01772513,0.17909786,-0.98367125,,,
0.97852722,0.19894486,0.05390202,0.2053514,-0.96349192,-0.17179589,0.01775626,0.17917581,-0.98365667,0.00471288,0.00295186,0.00279992
0.97851997,0.19898901,0.05387064,0.20539066,-0.96346981,-0.17187382,0.01770174,0.17924649,-0.98364493,,,
0.97849609,0.19905614,0.05405594,0.20549085,-0.96343992,-0.17192045,0.01785783,0.17933149,-0.98362641,0.0047704,-0.00116205,0.00169005
0.97849296,0.19904621,0.05414923,0.20549905,-0.96342629,-0.17198801,0.01793523,0.17941667,-0.98360964,,,
0.97849296,0.19904621,0.05414923,0.20549905,-0.96342629,-0.17198801,0.01793523,0.17941667,-0.98360964,0.00199586,0.00295615,0.00620746
0.97848257,0.19908256,0.05420319,0.20554576,-0.96340424,-0.17205545,0.01796635,0.1794945,-0.98359484,,,
0.97847627,0.19906047,0.05439774,0.2055629,-0.9633626,-0.1722682,0.01811296,0.1797425,-0.98354689,0.00312548,0.00426686,0.0025278
0.97847627,0.19905613,0.05441366,0.20556435,-0.96333449,-0.17242388,0.01809652,0.17989818,-0.98351879,0.00587486,0.00307775,0.0010229
0.97848257,0.19906955,0.05425095,0.20555007,-0.96331992,-0.1725225,0.01791704,0.17996155,-0.98351052,,,
0.97849609,0.19903884,0.0541196,0.20549655,-0.9633275,-0.1725432,0.01779211,0.17995424,-0.98351399,,,
0.97849509,0.19909859,0.05391756,0.20552075,-0.96330457,-0.17264171,0.01756632,0.18001025,-0.98350769,,,
0.9784816,0.19912713,0.05405689,0.20557498,-0.9632828,-0.17269897,0.01768303,0.18009551,-0.98349005,0.00329356,-0.0035823,0.00280575
0.97847122,0.1991613,0.05411882,0.2056224,-0.96324657,-0.17284418,0.01770591,0.1802511,-0.98346107,,,
0.97847533,0.19910501,0.05425143,0.20559213,-0.96324089,-0.17291157,0.01782964,0.18034337,-0.98344187,,,
0.97847533,0.19910284,0.05425938,0.20559284,-0.96322671,-0.17298934,0.01782143,0.18042115,-0.9834277,0.004131,0.00280714,0.0013425
0.97847847,0.19911068,0.05417406,0.20558534,-0.96322688,-0.17299984,0.01773579,0.18041402,-0.983431,,,
0.97849922,0.19903368,0.05408201,0.20549329,-0.96324265,-0.17302052,0.01765718,0.18041393,-0.98343227,0.00566684,0.00120211,-0.00267892
0.978491973,0.199079999,0.0540426992,0.20553179,-0.963234474,-0.173020542,0.0176108602,0.180406704,-0.98343447,0.00397704775,-0.000442743301,0.003080216
0.97849509,0.19908782,0.05395737,0.20552426,-0.96323419,-0.1730309,0.01752524,0.18039944,-0.9834373,0.00587444,-0.00254732,0.00215286
0.97849197,0.19908,0.0540427,0.20553179,-0.96323447,-0.17302054,0.01761086,0.1804067,-0.98343447,,,
0.97849922,0.19903152,0.05408996,0.205494,-0.96322848,-0.17309829,0.01764897,0.18049171,-0.9834181,,,
0.97849609,0.19902153,0.05418325,0.20550223,-0.9632146,-0.17316571,0.01772639,0.18057675,-0.9834011,0.00511938,0.00447416,-0.00135378
0.97852308,0.19895804,0.05392848,0.20539582,-0.9632161,-0.17328512,0.01746831,0.18064017,-0.98339434,-0.00316272,0.00783014,-0.00379007
0.97852619,0.19896801,0.0538352,0.20538757,-0.96323,-0.1732177,0.01739089,0.18055514,-0.98341134,,,
0.978536548,0.198931644,0.0537812087,0.205340825,-0.963251595,-0.173150115,0.0173598078,0.180477195,-0.983425678,0.000486443925,0.00555586815,-0.00317780836
0.97855416,0.19885113,0.05375858,0.20525492,-0.963296,-0.17300487,0.01738322,0.18032885,-0.98345247,0.00639921,-0.0028972,0.0014744
0.97855725,0.19885895,0.05367326,0.20524739,-0.96329574,-0.17301522,0.01729761,0.18032159,-0.98345531,,,
0.978573759,0.198842499,0.0534327129,0.205184273,-0.963345657,-0.172812786,0.017111651,0.18007361,-0.983504135,-0.000890675641,0.00528240204,-0.0013397393
0.9785841,0.19881039,0.05336285,0.2051362,-0.96339608,-0.17258971,0.01709693,0.1798402,-0.98354729,,,
0.978594428,0.198774005,0.0533088785,0.205089491,-0.963417932,-0.172522116,0.017065823,0.179762273,-0.983561879,0.000333521981,-0.000430583954,0.00618185429
0.97860169,0.19873197,0.05333231,0.20504962,-0.96345442,-0.17236653,0.01712851,0.17961395,-0.98358804,0.00195883,0.00190473,0.00817579
0.97861928,0.19865353,0.0533018,0.20496302,-0.96351276,-0.17214334,0.01716008,0.17938769,-0.98362879,0.00110048,0.00277936,0.00472712
0.97862234,0.19866344,0.0532085,0.20495485,-0.96352647,-0.17207577,0.01708264,0.17930253,-0.98364556,0.00673705,-0.00150925,0.00196239
0.97864907,0.19860617,0.05292992,0.20484652,-0.96356998,-0.17196134,0.0168491,0.17913232,-0.98368066,,,
0.978676953,0.198487012,0.0528613387,0.204714585,-0.963621848,-0.171826024,0.0168331191,0.178983657,-0.983707679,0.00497703627,-0.000636816025,-0.00387599878
0.97867695,0.19849125,0.05284547,0.20471325,-0.96365019,-0.17167033,0.01684949,0.17882797,-0.98373602,,,
0.978694512,0.198410669,0.0528229479,0.204627385,-0.963694598,-0.171525022,0.0168727866,0.178679618,-0.983762871,0.00632601464,-0.000356554985,0.000409915228
0.97870359,0.19844231,0.05253515,0.20460234,-0.96374977,-0.17124431,0.01664861,0.17834624,-0.98382712,,,
0.9787066,0.19845424,0.05243392,0.20459356,-0.96377747,-0.1710988,0.01657935,0.17818316,-0.98385783,-0.00187128,-0.00590968,0.00487174
0.97871387,0.19841216,0.0524574,0.20455368,-0.96381346,-0.17094292,0.01664199,0.17803456,-0.98388354,,,
0.97873142,0.19833151,0.05243489,0.20446778,-0.9638574,-0.17079726,0.01666528,0.17788589,-0.98390992,0.00640561,0.00247574,0.00240252
0.978744698,0.198302759,0.0522956195,0.204413709,-0.963879111,-0.170739933,0.0165484549,0.177800746,-0.983927373,0.000111673551,0.00215339661,0.00458744448
0.97876094,0.19828793,0.05204719,0.20435024,-0.96394227,-0.170459,0.01637052,0.17747447,-0.98398923,-0.00983409,-0.00243723,-0.00413965
0.978776765,0.198135846,0.0523280833,0.204248689,-0.963981091,-0.170360482,0.0166887685,0.177432825,-0.983991281,0.0168692674,-0.000413656235,0.00422385009
0.978769503,0.198186295,0.0522728602,0.204285933,-0.96400085,-0.170204657,0.0166588512,0.177269737,-0.984021305,-0.00339449593,-6.55651093e-06,0.0127740093
0.97876348,0.19817512,0.05242771,0.20429938,-0.96402907,-0.17002818,0.01684648,0.17712832,-0.98404351,0.00103936,-0.00233853,0.0106936
0.97875135,0.19814229,0.05277706,0.20432965,-0.96401616,-0.17006501,0.01718087,0.17723527,-0.98401847,0.00929271,0.00237513,0.00617187
0.97876164,0.19810161,0.05273901,0.20428436,-0.96401015,-0.17015322,0.01713332,0.1773132,-0.98400522,,,
0.9787483,0.19813037,0.05287826,0.20433842,-0.96398851,-0.17021056,0.01725016,0.17739835,-0.98398776,,,
0.9787391,0.19810519,0.05314226,0.20436133,-0.9639755,-0.17025769,0.01749891,0.17749808,-0.98396556,,,
0.97873602,0.19809536,0.05323553,0.20436943,-0.96396181,-0.1703253,0.01757637,0.17758323,-0.98394878,0.00218382,-0.00321192,0.00438138
0.97876077,0.1979621,0.05327622,0.204247,-0.96397209,-0.17041351,0.01762137,0.17767556,-0.98393123,0.00217598,-0.00567228,0.00379102
0.97877107,0.19792353,0.05323024,0.20420102,-0.96398,-0.1704238,0.01758201,0.17767556,-0.98393192,-0.00283307,0.00643325,0.00173179
0.97878858,0.19783657,0.05323153,0.20411717,-0.96398212,-0.17051201,0.01758074,0.17776068,-0.98391654,-0.00489522,0.00283957,-0.00172912
0.97879888,0.19779801,0.05318556,0.20407121,-0.96399027,-0.17052243,0.01754136,0.17776081,-0.98391747,0.00314889,0.00434756,-0.00102651
0.97881531,0.19777696,0.05296096,0.20400969,-0.96401164,-0.17047538,0.01733887,0.17766846,-0.98393777,,,
0.97880917,0.19776369,0.05312374,0.20402381,-0.96402581,-0.17037674,0.01751833,0.17760482,-0.98394581,0.00155387,0.00397205,0.00429143
0.978804,0.19768875,0.05349661,0.20401415,-0.96404895,-0.17025764,0.01791533,0.17756292,-0.98394627,0.00764989,0.00204158,0.00382826
0.978818379,0.197596205,0.053575358,0.203936989,-0.964065293,-0.170257651,0.0180078803,0.177577315,-0.983942002,0.000336877245,-0.00616198778,0.00435100822
0.97883274,0.19750367,0.0536541,0.20385985,-0.96408164,-0.17025767,0.01810042,0.1775917,-0.98393775,,,
0.97887486,0.19728769,0.05368026,0.20365215,-0.96412195,-0.1702783,0.0181605,0.17761324,-0.9839328,,,
0.978882028,0.197241411,0.0537196123,0.203613565,-0.964129892,-0.170278185,0.018206782,0.177620298,-0.983930451,0.00408607628,0.00321340561,0.000878957508
0.97894063,0.19700438,0.05352119,0.20334435,-0.96419144,-0.17025171,0.01806435,0.17754955,-0.9839459,,,
0.97897237,0.19682696,0.05359331,0.20318261,-0.96422362,-0.17026193,0.01816381,0.17757095,-0.9839401,,,
0.97899693,0.19669584,0.05362608,0.20305948,-0.96424786,-0.17027226,0.01821699,0.17758531,-0.98393665,0.00284273,0.00490379,0.00463601
0.97902147,0.19656686,0.05365097,0.20293561,-0.96428604,-0.17020467,0.01827828,0.17752172,-0.98394716,,,
0.97905939,0.19640482,0.05355238,0.20275906,-0.96431764,-0.1702354,0.01820645,0.1775288,-0.9839471,0.00181754,-0.00199825,0.00456212
0.97907989,0.19632765,0.05346041,0.20266709,-0.96433342,-0.17025594,0.01812771,0.17752883,-0.98394862,0.00254852,0.00451136,-0.00192636
0.97911373,0.19621958,0.05323707,0.20252171,-0.9643566,-0.17029683,0.01792395,0.17752163,-0.9839535,0.00581265,0.00270033,0.00177635
0.97914441,0.19610384,0.05309912,0.20238376,-0.96438031,-0.1703276,0.01780584,0.17752172,-0.98395581,,,
0.97917911,0.1959341,0.05308587,0.20221459,-0.9644122,-0.17034805,0.01781967,0.17753599,-0.98395301,0.00974808,0.00395799,-0.00362172
0.9791924,0.1959032,0.0529545,0.20216118,-0.96441962,-0.17036838,0.01769465,0.17752877,-0.98395639,,,
0.979192398,0.195903205,0.0529545026,0.202161184,-0.964419624,-0.170368383,0.0176946539,0.177528771,-0.983956388,0.00473670475,-0.000962555408,0.00966783427
0.97918932,0.19589551,0.05303987,0.20216859,-0.96441987,-0.17035817,0.01778031,0.1775359,-0.98395355,-0.00114618,0.0038476,0.00319124
0.97916981,0.19590887,0.05334977,0.20223752,-0.96439882,-0.17039522,0.01806853,0.17763518,-0.98393033,,,
0.97915334,0.19593207,0.0535665,0.20229834,-0.96439173,-0.17036466,0.01827919,0.17764954,-0.98392411,,,
0.979136818,0.195955243,0.0537831996,0.202359123,-0.964384224,-0.170333829,0.0184898667,0.177663645,-0.983917431,-0.000362245133,-0.00168693066,0.00557880662
0.97913682,0.19595309,0.05379104,0.20235986,-0.96437029,-0.17041176,0.01848177,0.17774158,-0.98390349,,,
0.979129713,0.195999383,0.0537516658,0.20239845,-0.964362098,-0.170411714,0.0184354869,0.177734427,-0.983905555,-6.36444893e-05,0.0013936758,0.0048949481
0.979129713,0.195995081,0.0537673462,0.202399923,-0.964334221,-0.17056758,0.018419294,0.177890293,-0.983877678,-0.00183346448,0.000237226486,0.00740296766
0.97914706,0.19590806,0.05376856,0.20231609,-0.96433635,-0.17065583,0.01841812,0.1779754,-0.98386245,0.00577315,-0.00142729,0.00444315
0.97916754,0.19582876,0.05368439,0.20222483,-0.96433793,-0.17075416,0.01833132,0.17805325,-0.98384984,0.00337689,-0.00145972,0.01070565
0.97919425,0.19576064,0.05344518,0.20212016,-0.96431155,-0.17102903,0.01805705,0.17827299,-0.9838155,0.00523991,0.00222301,0.01032486
0.9792311,0.19565399,0.0531599,0.20196938,-0.96429242,-0.17131379,0.01774346,0.17849246,-0.98378124,,,
0.97925457,0.19558036,0.05299816,0.2018713,-0.96427965,-0.1715002,0.01756299,0.17864116,-0.98375731,0.00261043,-0.00281078,0.00383085
0.97929531,0.19541554,0.05285314,0.20169069,-0.96424091,-0.17193041,0.0173653,0.17903063,-0.9836901,0.00331325,-0.00813317,-0.00255977
0.97932887,0.19529924,0.05266093,0.20154788,-0.96420801,-0.17228267,0.01712942,0.17933509,-0.98363889,,,
0.97934919,0.19521791,0.05258444,0.20145713,-0.96419529,-0.17245859,0.01703467,0.17949069,-0.98361192,,,
0.97938265,0.19509752,0.05240775,0.20131555,-0.96413411,-0.17296633,0.0167828,0.17995072,-0.98353239,0.00501032,0.00346732,-0.00800726
0.979385665,0.195105325,0.0523223878,0.201308036,-0.964133932,-0.172976511,0.0166971503,0.179943632,-0.983535222,0.000827716663,0.00244474411,-0.00622854102
0.97938265,0.19509543,0.05241556,0.20131624,-0.96412017,-0.17304425,0.01677475,0.18002864,-0.98351845,0.00304576,0.00859189,-0.01045486
0.979359344,0.195168875,0.0525774144,0.201414495,-0.964132827,-0.172858044,0.0169551045,0.179879994,-0.983542332,-0.0022084415,-0.000751376152,-0.0071686008
0.97931972,0.19526745,0.05294823,0.20157313,-0.96415244,-0.17256355,0.01735413,0.17966783,-0.98357416,-0.00658278,0.0039711,0.00815162
0.97930031,0.19528688,0.05323474,0.20164027,-0.96417359,-0.17236716,0.01766649,0.17953348,-0.9835932,,,
0.97929722,0.19528122,0.05331228,0.20164704,-0.96418779,-0.17227904,0.0177602,0.17946265,-0.9836043,0.00391057,0.00232363,0.00356933
0.979287025,0.195326174,0.0533348882,0.201690952,-0.964222411,-0.172035233,0.0178237066,0.179229036,-0.983646019,0.000545376795,0.00288319588,0.00874216668
0.97928392,0.19532267,0.05340462,0.20169699,-0.96425056,-0.17186919,0.01792549,0.17908029,-0.98367106,-0.0027149,-0.00863165,0.00958283
0.979277693,0.195307148,0.0535753368,0.201711937,-0.964251115,-0.171848809,0.0180967788,0.17909449,-0.98366539,0.000537650893,-0.00575298071,0.00878062751
0.979288722,0.195206773,0.0537393743,0.201642325,-0.964267768,-0.171838746,0.0182750501,0.179115877,-0.983658498,0.00425625872,0.000873565674,0.00556353526
0.97930207,0.19517594,0.05360797,0.20158878,-0.96427488,-0.17185904,0.01815008,0.17910868,-0.98366166,,,
0.97932246,0.19509884,0.05351592,0.20149674,-0.96429066,-0.17187942,0.01807143,0.17910866,-0.98366329,0.00206688,0.00548148,0.00326657
0.97934285,0.19501961,0.05343166,0.20140541,-0.96429227,-0.1719777,0.01798471,0.17918656,-0.98365074,0.00109573,0.00106859,-0.00528553
0.979357,0.19492695,0.05351031,0.20132829,-0.96430814,-0.1719777,0.01807735,0.1792007,-0.98364624,0.00255123,-0.00407058,-0.00367337
0.979364064,0.194880642,0.0535496447,0.201289747,-0.964316317,-0.171977766,0.0181236609,0.179207838,-0.983644222,0.00494812476,0.0008071661,0.000811042381
0.979390648,0.19481907,0.0532868636,0.201182727,-0.964331555,-0.172018464,0.0178737236,0.179193671,-0.983651539,-0.000919573475,0.00573015213,0.00997290481
0.97941407,0.19475185,0.05310165,0.20108247,-0.96436081,-0.17197104,0.01771747,0.17910866,-0.98366973,-0.00313916,0.00098491,0.00945181
0.979447619,0.194641829,0.0528859666,0.200937589,-0.964370129,-0.172089673,0.0175057883,0.179179598,-0.983660887,-0.000369771558,-0.00652450323,0.004021083
0.979489134,0.194423625,0.0529196279,0.200730533,-0.964395288,-0.172187712,0.0175580873,0.179278578,-0.983641463,0.00482157199,-0.0014628768,0.000392767484
0.97950941,0.19434441,0.05283532,0.20063915,-0.96439695,-0.17228594,0.01747142,0.17935654,-0.98362898,0.00505742,0.00356483,0.00938016
0.979616584,0.193968158,0.0522273682,0.20016571,-0.964431686,-0.172640813,0.0168829146,0.179575932,-0.983599048,0.00211701891,0.000736474991,0.00897907652
0.97965691,0.19380981,0.05205864,0.19998283,-0.96443466,-0.17283691,0.01670967,0.17973171,-0.98357371,0.00749809,0.0012356,0.00711888
0.9797102,0.193618668,0.0517661646,0.199746962,-0.964430836,-0.173130815,0.0164035282,0.179958159,-0.983537467,0.00558663812,-0.00210887194,-0.000140136341
0.97975332,0.19346409,0.05152742,0.19955774,-0.96440495,-0.17349228,0.01612878,0.18026234,-0.98348621,,,
0.97977044,0.19337507,0.0515361,0.1994744,-0.96439243,-0.17365804,0.01611989,0.18042514,-0.98345657,0.00505763,-0.00150156,-0.00693814
0.97979049,0.19329185,0.05146711,0.19938417,-0.96436539,-0.17391161,0.0160174,0.18065867,-0.98341537,0.00833648,-0.00369626,-0.00560899
0.97980636,0.19326286,0.05127342,0.19932485,-0.96433019,-0.17417497,0.01578295,0.18087781,-0.98337894,,,
0.97980928,0.19326867,0.05119578,0.19931791,-0.96431593,-0.17426286,0.01568935,0.1809486,-0.9833676,,,
0.97981928,0.193224019,0.05117282,0.199273684,-0.964280928,-0.174506136,0.0156261957,0.181181873,-0.983325507,0.000284230977,0.0125155449,0.00126912398
0.97980928,0.19325638,0.05124208,0.19932165,-0.96423041,-0.17472953,0.01564158,0.18141527,-0.98328208,-0.00155317,-0.00631714,0.00369751
0.97979927,0.19329079,0.05130362,0.19936901,-0.96419431,-0.17487508,0.01566492,0.18157083,-0.98325307,,,
0.97978633,0.19331525,0.05145827,0.19942461,-0.96414412,-0.17508831,0.01576595,0.18181118,-0.98320705,,,
0.97977924,0.19335548,0.05144216,0.19946499,-0.96409328,-0.17532148,0.01569568,0.18203726,-0.98316623,,,
0.979782162,0.193359274,0.051372229,0.199458614,-0.964064611,-0.17548702,0.0155941051,0.182185686,-0.983140482,-9.41883554e-05,-0.00653553009,0.00042050815
0.979787981,0.193368927,0.0512246511,0.199445179,-0.964020996,-0.175740234,0.0153989473,0.182404679,-0.983102685,0.00376430387,0.000788927078,-0.00919446349
0.97977797,0.19340127,0.05129394,0.19949315,-0.96397048,-0.17596342,0.0154143,0.18263787,-0.98305927,,,
0.97977506,0.19339334,0.0513793,0.1995008,-0.96397055,-0.17595331,0.01549994,0.18264488,-0.98305644,,,
0.979747928,0.193514635,0.0514400349,0.199632149,-0.963932796,-0.176010964,0.0155240513,0.182715463,-0.983042901,-5.61728375e-05,-0.00202775002,0.00880440604
0.97974082,0.19355693,0.05141626,0.19967186,-0.96389638,-0.17616646,0.01546171,0.18286386,-0.9830165,0.00204461,0.00464046,0.01208528
0.979733714,0.19360128,0.0513847562,0.199710947,-0.963874134,-0.176244188,0.0154073402,0.182934471,-0.98300428,0.00251371041,0.00096309185,0.0141844936
0.97973371,0.19359309,0.05141566,0.19971341,-0.96381697,-0.17655492,0.01537547,0.1832452,-0.98294711,0.00170909,0.00374436,0.01238142
0.97975664,0.19351389,0.05127662,0.19961648,-0.96376014,-0.17697337,0.01517156,0.1836265,-0.98287896,-0.00394419,-0.00199854,0.0109545
0.97976954,0.19347932,0.05116054,0.19956384,-0.9637388,-0.17714867,0.0150308,0.18377467,-0.9828534,-0.00221935,-0.00458509,0.00861568
0.979809521,0.193311283,0.0510299014,0.199383352,-0.9636688,-0.17773214,0.014818296,0.184318155,-0.982754917,-6.88540749e-05,-0.00395697355,0.00821651984
0.97984658,0.19313331,0.05099221,0.19921113,-0.96358421,-0.17838303,0.01468358,0.18494622,-0.98263899,0.00652254,0.00763369,-0.00517356
0.97985941,0.19309478,0.05089147,0.19915949,-0.96353363,-0.17871341,0.01452701,0.18524954,-0.98258415,-0.00462445,0.0108372,-0.0104192
0.9798893,0.1929674,0.05079905,0.19902436,-0.9634696,-0.17920879,0.01436189,0.18571502,-0.98249877,-0.00201974,0.00106478,-0.01315121
0.97991203,0.1928926,0.05064435,0.19892586,-0.96344103,-0.17947127,0.01417416,0.18594053,-0.98245879,0.00620992,0.00463474,-0.01083544
0.97993474,0.19282184,0.05047425,0.19882617,-0.96344154,-0.1795786,0.01400231,0.18601091,-0.98244786,0.00181468,0.00422382,-0.00779949
0.97994591,0.19285412,0.05013278,0.19879491,-0.96344052,-0.17961828,0.01365983,0.18598234,-0.98245801,-0.00476713,0.00205779,-0.0065487
0.97993877,0.19290459,0.05007825,0.19883223,-0.9634618,-0.17946323,0.01362921,0.18582015,-0.98248922,-0.00408856,0.00244784,-0.00876287
0.97993599,0.19290052,0.05014825,0.19883894,-0.96349104,-0.17929815,0.01373068,0.18567213,-0.98251568,0.00589888,0.00382257,-0.00860064
0.97994154,0.19292858,0.04993138,0.1988201,-0.96357784,-0.17885259,0.013607,0.18519244,-0.98260803,0.00125346,0.00429678,-0.00316202
0.97992007,0.19308182,0.04975997,0.19893157,-0.96365543,-0.17830941,0.01352317,0.1846278,-0.98271537,,,
0.97991291,0.19313619,0.04968998,0.19896785,-0.96370555,-0.17799896,0.01350847,0.18431019,-0.9827754,,,
0.97987598,0.19331182,0.04973535,0.19914102,-0.96377539,-0.17742566,0.01363523,0.18375949,-0.98287667,0.00194119,-0.00404245,0.01182394
0.97982788,0.19345367,0.05012982,0.19934545,-0.96383157,-0.17689014,0.01409665,0.18331504,-0.98295315,0.00416488,0.00408959,0.01464274
0.97980234,0.19351873,0.05037741,0.19945202,-0.96384543,-0.17669483,0.01436228,0.18317388,-0.9829757,0.00544633,0.00375521,0.00586817
0.97976958,0.19363422,0.05057031,0.1995958,-0.9638799,-0.17634421,0.01459743,0.18287031,-0.98302879,,,
0.97973246,0.19380613,0.05063082,0.19976975,-0.96392007,-0.17592571,0.01470859,0.18247464,-0.98310038,,,
0.97970961,0.19388124,0.05078521,0.19986787,-0.96394774,-0.17566241,0.01489665,0.18224848,-0.9831395,0.00118577,0.00162935,-0.00492217
0.97967382,0.19399311,0.05104786,0.20001788,-0.96401072,-0.17514601,0.01523357,0.18179644,-0.98321815,-0.0029133,-0.00567472,0.01024796
0.979630783,0.194151476,0.0512711426,0.200206206,-0.964065242,-0.174629253,0.0155242045,0.181336993,-0.983298318,-0.000260649249,-0.00358045101,0.0139206424
0.979624949,0.194139872,0.0514263783,0.200220159,-0.964094463,-0.174453618,0.0157114781,0.181195714,-0.983321705,0.00279950746,-0.000730633736,0.013488574
0.97959896,0.19421148,0.05165051,0.20032432,-0.96415004,-0.17402441,0.01600131,0.18082099,-0.98338566,-0.00789052,-0.01333225,0.01458147
0.979588243,0.194118061,0.0522019787,0.200331188,-0.964159433,-0.173963903,0.0165615044,0.18087068,-0.983367146,0.0279862694,0.00076174736,0.0103177633
0.979577029,0.194220732,0.0520303038,0.200400039,-0.96415771,-0.173896276,0.0163911534,0.180771672,-0.983388588,-0.0020053077,-0.000935018063,0.0154348901
0.9795729,0.19427492,0.05190565,0.20043099,-0.96414947,-0.17390636,0.01625916,0.18075746,-0.9833934,-0.0151083,0.00160313,0.00326318
0.979565052,0.194185186,0.0523872815,0.200431615,-0.964130475,-0.174011554,0.016717701,0.180955704,-0.98334937,0.000117430158,0.00558900833,0.001548431
0.97958824,0.19411389,0.05221749,0.20033251,-0.96413108,-0.17411948,0.0165455,0.18102626,-0.9833388,0.00104738,-0.00442302,-0.00807546
0.97959719,0.19413953,0.05195364,0.20030915,-0.96414481,-0.17407198,0.01629658,0.18092722,-0.98336148,,,
0.97960132,0.19408533,0.05207829,0.20027822,-0.96415306,-0.1740619,0.01642858,0.18094142,-0.98335667,0.00483447,0.00436687,-0.00693871
0.97958824,0.19412225,0.05218649,0.20032989,-0.96418825,-0.17380846,0.0165775,0.18071524,-0.98339597,0.00236549,-0.00626409,-0.00844043
0.97957105,0.19421756,0.05215447,0.20041118,-0.96424306,-0.17340918,0.01661048,0.18031896,-0.98346796,0.00665733,0.00351238,-0.00279432
0.97955386,0.19430867,0.05213795,0.20049377,-0.96426952,-0.17316555,0.01662747,0.18007832,-0.98351161,-0.00545794,0.00327301,0.00118718
0.979524626,0.194372793,0.0524473408,0.200605088,-0.964325266,-0.172725857,0.0170030913,0.179710434,-0.983572516,0.00627608038,0.000781178474,0.00963967573
0.97950539,0.1943964,0.05271841,0.2006709,-0.96437464,-0.17237401,0.01733141,0.17942033,-0.98361986,0.0019625,0.00252306,0.01507212
0.979495258,0.194439168,0.0527489048,0.200715561,-0.964394834,-0.172208011,0.0173867938,0.179264456,-0.983647133,0.000808914076,0.00238931179,0.0105483709
0.9794922,0.19443563,0.05281872,0.20072166,-0.96442341,-0.17204214,0.01748848,0.1791158,-0.98367265,0.00382931,-0.00694561,0.00495987
0.97950539,0.19440904,0.05267177,0.20066674,-0.96445898,-0.17190664,0.01737956,0.17895296,-0.9837042,0.00197236,-0.00113827,-0.004891
0.97950539,0.19441113,0.052664,0.20066603,-0.96447269,-0.1718287,0.01738758,0.17887501,-0.98371791,,,
0.97951247,0.19436903,0.05268778,0.20062608,-0.96450871,-0.1716729,0.01744994,0.17872629,-0.9837438,,,
0.97950233,0.19441604,0.05270273,0.20066932,-0.96455701,-0.17135121,0.01752137,0.17841473,-0.98379918,,,
0.97949831,0.1944785,0.0525469,0.20069767,-0.96460489,-0.17104963,0.01742152,0.17808886,-0.98386024,0.00206586,0.00524545,0.00261619
0.97950032,0.1945584,0.05221251,0.2007105,-0.96466562,-0.1706902,0.01715841,0.1776707,-0.9839402,0.00136357,0.00356376,0.00457573
0.97951946,0.19454705,0.05189481,0.20064086,-0.96470045,-0.1705747,0.01687816,0.17749346,-0.98397695,,,
0.97954562,0.19448938,0.05161647,0.20053267,-0.96474348,-0.17045924,0.01664415,0.17732339,-0.98401172,-0.00462077,0.00165033,0.00801313
0.97955867,0.19446054,0.05147731,0.20047859,-0.96476502,-0.17040144,0.01652716,0.1772383,-0.98402911,,,
0.97958471,0.19440282,0.05119898,0.20037047,-0.96480815,-0.17028581,0.01629315,0.17706814,-0.9840639,0.00696233,0.00138664,0.00233705
0.979603553,0.194391299,0.0508812509,0.200300943,-0.964842799,-0.170169993,0.0160128438,0.176890693,-0.984100194,0.00906488113,0.00799703598,7.84511212e-06
0.97960936,0.19441071,0.05069493,0.20028489,-0.96487007,-0.17003423,0.01585755,0.17672056,-0.98413328,,,
0.979619405,0.194376133,0.0506333604,0.2002376,-0.964905478,-0.169888242,0.0158341926,0.176564521,-0.984161541,-0.000409902772,0.0046492815,-0.00405063946
0.979623648,0.194326263,0.0507425795,0.200205086,-0.964941491,-0.169722117,0.0159821597,0.176422722,-0.98418461,-0.00162987143,-0.00568795204,-0.000550668919
0.979613601,0.194366928,0.05078081,0.20025046,-0.964947671,-0.16963413,0.0160295597,0.176344781,-0.984197929,0.00786332786,-0.00245934725,8.68359348e-05
0.97962365,0.19433642,0.05070369,0.20020189,-0.96501072,-0.16933204,0.01602223,0.17603265,-0.98425384,0.00388327,-0.00262427,0.00217281
0.979629442,0.19435776,0.0505095705,0.200185269,-0.965051712,-0.169118057,0.0158749431,0.1757843,-0.984300631,0.000560821849,-0.0047929287,0.00313782017
0.97962944,0.19435979,0.0505018,0.20018464,-0.96506565,-0.1690401,0.01588295,0.17570634,-0.98431457,,,
0.97963369,0.19430995,0.05061102,0.20015205,-0.96510119,-0.16887383,0.0160309,0.17556439,-0.98433717,0.00789123,-0.00401556,0.00480324
0.97963791,0.19426016,0.05072028,0.20011947,-0.96513721,-0.16870781,0.01617883,0.17542269,-0.98436025,-0.00221283,0.00323367,0.00783909
0.979624949,0.194293232,0.0508438756,0.200172129,-0.965143483,-0.16860969,0.0163119127,0.175351785,-0.984370725,0.00388246938,0.00648033619,-0.000754530774
0.97961909,0.19428007,0.05100687,0.20018612,-0.96515762,-0.16851147,0.01649125,0.17528792,-0.984379,0.00120486,-0.00343496,0.00615703
0.97959601,0.194351827,0.0511764081,0.200284738,-0.965156185,-0.168403116,0.0166637727,0.175216874,-0.984388853,-0.000537135638,-0.00260895491,0.00873916503
0.979582978,0.194384936,0.0512999907,0.200337359,-0.965162515,-0.168304974,0.0167968713,0.175145992,-0.984399335,0.00016320328,-0.00663763285,0.00355676468
0.97957703,0.19436976,0.05147077,0.200352,-0.96516279,-0.16828482,0.0169682,0.17516022,-0.98439367,0.01212241,0.00505126,0.00280771
0.979562815,0.19446428,0.051384132,0.200428601,-0.965160286,-0.168206645,0.0168837486,0.175067825,-0.98441133,-6.22380758e-05,0.00255846977,-0.00620844588
0.9795557,0.19451053,0.05134472,0.20046727,-0.96515266,-0.16820674,0.0168375,0.17506081,-0.98441378,-0.00352947,0.00895643,-0.0062784
0.97953434,0.19465539,0.05120306,0.2005812,-0.96516948,-0.16797249,0.01672289,0.17480519,-0.98446086,-0.0055549,0.00527835,-0.00179796
0.9795011,0.19476995,0.05140291,0.20072433,-0.96518729,-0.16769777,0.01695096,0.17457797,-0.98449708,,,
0.979491,0.19481275,0.05143326,0.20076894,-0.96520721,-0.16753154,0.01700648,0.17442184,-0.98452412,0.01416725,0.00612259,-0.00164278
0.97945829,0.19506372,0.05110378,0.20095096,-0.96524881,-0.16707294,0.016738,0.17391033,-0.9846192,-0.0089138,-0.00186235,0.00212867
0.97941489,0.19522116,0.0513338,0.20113856,-0.96528583,-0.16663166,0.01702177,0.17352674,-0.98468182,-0.00286737,-0.00375414,0.00535557
0.97938867,0.19528763,0.0515808,0.20124353,-0.9652981,-0.16643499,0.01728815,0.17338484,-0.98470239,,,
0.97934311,0.19537449,0.05211417,0.2014146,-0.96533028,-0.16604116,0.01786717,0.17310782,-0.98474083,0.00839606,0.00891304,0.00377921
0.97930854,0.1955568,0.05208,0.2015795,-0.9653799,-0.16555169,0.01790223,0.17262444,-0.98482502,-0.00229552,0.00146616,0.00428512
0.97928513,0.19563091,0.05224151,0.20167705,-0.96539168,-0.16536485,0.01808304,0.17247526,-0.98484799,-0.00416709,0.00348473,0.003743
0.97924841,0.19574263,0.0525107,0.20182542,-0.965436,-0.1649227,0.01841332,0.17209829,-0.98490751,0.00213854,-0.00443155,-0.00161161
0.9792218,0.19581572,0.05273396,0.20192777,-0.96548831,-0.1644908,0.01870415,0.17172143,-0.98496783,,,
0.97921158,0.19586079,0.05275627,0.20197138,-0.96552082,-0.16424586,0.01876796,0.1714867,-0.98500744,,,
0.97918403,0.19599924,0.05275346,0.20209656,-0.96559115,-0.16367762,0.01885759,0.1709318,-0.98510221,,,
0.979167543,0.196035932,0.0529228879,0.202152056,-0.965664191,-0.163177261,0.0191171386,0.170476349,-0.9851761,-0.000677882694,-0.00352728367,0.00449097017
0.97915416,0.1960737,0.05303051,0.20220269,-0.96569703,-0.1629219,0.0192667,0.17024857,-0.98521289,,,
0.97910432,0.19616726,0.05360157,0.20237464,-0.96580805,-0.16204625,0.01998066,0.16950778,-0.98532612,0.00304759,-0.00289387,0.00733215
0.9790979,0.19615691,0.05375659,0.20238711,-0.96583527,-0.16186907,0.02016827,0.16936531,-0.98534691,0.00164848,0.00314975,0.00788452
0.97909083,0.19621381,0.05367762,0.20242185,-0.96589369,-0.1614772,0.02016281,0.16896637,-0.98541562,,,
0.97908761,0.19621514,0.05373149,0.20242563,-0.96594701,-0.16115347,0.02028101,0.16865999,-0.98546573,0.00523312,-0.00727242,0.00483031
0.97907409,0.19625311,0.05383902,0.20247595,-0.9659788,-0.1608977,0.02043068,0.16843187,-0.98550135,0.0037014,-0.00292808,0.0050386
