0,1,2,3,4,5,6,7,8,9,10,11
-0.29768863,-0.83425157,-0.46411811,-0.88426024,0.42419043,-0.1953106,0.35981263,0.35225945,-0.86397216,0.00284014,0.00675505,-0.00837432
-0.29778095,-0.83419723,-0.46415668,-0.88423363,0.42427738,-0.19524234,0.35980179,0.3522835,-0.86396696,0.00159804,0.00793368,-0.01559237
-0.29769239,-0.83415095,-0.46429672,-0.88421933,0.42427437,-0.19531368,0.35991029,0.35239674,-0.86387564,-0.00494352,0.01564032,-0.00596265
-0.297463651,-0.834248227,-0.464268501,-0.884256294,0.424102987,-0.195518409,0.360008542,0.352372726,-0.863844468,-0.00694206404,0.0181419253,-6.49313442e-05
-0.29734749,-0.83435898,-0.46414395,-0.88428617,0.42397919,-0.1956518,0.36003122,0.35225951,-0.86388125,-0.00595995,0.02072674,-0.00102185
-0.29729562,-0.83459582,-0.46375115,-0.8843154,0.42382928,-0.19584437,0.36000221,0.35187861,-0.86404853,0.01037457,0.02199692,-0.01593332
-0.2972753,-0.83455152,-0.46384374,-0.88427758,0.42387657,-0.19591263,0.36011167,0.35192664,-0.86398323,0.00323908,0.01527494,-0.00991083
-0.29725494,-0.83443672,-0.46406306,-0.88429444,0.42390013,-0.19578529,0.36008681,0.35217026,-0.86389416,-0.00475522,0.00942105,-0.01103013
-0.29698575,-0.83428087,-0.46451559,-0.88438337,0.42376773,-0.19567037,0.36009075,0.35269856,-0.8636771,-0.01150402,0.01288337,-0.00682523
-0.29652422,-0.83443482,-0.46453382,-0.88460722,0.42329297,-0.195686,0.3599211,0.35290435,-0.86366369,-0.00432735,0.01789731,-0.00375597
-0.2962915,-0.83456211,-0.46445356,-0.88473951,0.42301345,-0.1956923,0.35978746,0.35293847,-0.86370536,-0.00496994,0.02044994,-0.0022055
-0.29589429,-0.83481877,-0.46424573,-0.88498071,0.42250432,-0.19570182,0.35952137,0.35294147,-0.86381512,0.00663445,0.01279062,-0.00459529
-0.29568945,-0.8347654,-0.46447229,-0.88508695,0.42233767,-0.19558115,0.35942852,0.35326708,-0.86372076,0.00433027,0.00794691,-0.00276308
-0.29558066,-0.83458046,-0.46487374,-0.88510763,0.42235015,-0.19546064,0.35946712,0.35368891,-0.86353206,,,
-0.29532202,-0.83407424,-0.46594514,-0.88510994,0.42245339,-0.19522665,0.35967361,0.35475796,-0.86300719,-0.01115393,0.0104534,0.00505957
-0.29501135,-0.83385203,-0.46653938,-0.88510494,0.422423,-0.19531514,0.35994088,0.35531613,-0.86266613,-0.00314977,0.00959545,0.00630689
-0.29485436,-0.8338504,-0.46664186,-0.8850774,0.42238599,-0.19552024,0.36013762,0.35536415,-0.8625645,0.00601124,0.00411648,0.00451797
-0.2947892,-0.83386524,-0.46665615,-0.8849685,0.4224602,-0.19585219,0.36045798,0.35524089,-0.86248117,0.00551456,0.00372595,-0.00289611
-0.294840765,-0.833863849,-0.466626232,-0.88475699,0.422690349,-0.196310862,0.360934937,0.354970373,-0.862393215,-0.00108388206,0.000439465046,-0.00699615153
-0.29473766,-0.83383096,-0.46674989,-0.88442125,0.42299118,-0.19717361,0.36184054,0.35468905,-0.86212924,-0.01554912,0.00961167,-0.00315468
-0.29453884,-0.8338117,-0.46690978,-0.88426229,0.42307265,-0.19771105,0.36239054,0.35463714,-0.86191957,-0.00995885,0.01708382,-0.00817398
-0.294494272,-0.833871223,-0.466831634,-0.884190652,0.423099024,-0.197974865,0.362601546,0.354465711,-0.861901379,-0.000512549537,0.0200920701,-0.00723586092
-0.294196368,-0.834084411,-0.466638252,-0.88415794,0.422916823,-0.198509203,0.362922581,0.354181255,-0.861882947,0.000315130688,0.0224923491,-0.0147623867
-0.29394954,-0.83406025,-0.46683724,-0.88409649,0.42288456,-0.1988516,0.36327247,0.35427683,-0.86169647,-0.00276453,0.01450509,-0.01444863
-0.29381566,-0.83397853,-0.46706731,-0.88408338,0.42287654,-0.19892684,0.36341251,0.35447864,-0.86155431,-0.00462058,0.01354486,-0.01039308
-0.29361319,-0.83391831,-0.46730208,-0.88407512,0.42282612,-0.19907063,0.36359616,0.3546804,-0.86139376,-0.01044896,0.02418822,-0.01481662
-0.29340759,-0.83400639,-0.46727417,-0.8840711,0.42270703,-0.19934137,0.36377205,0.35461532,-0.86134639,-0.00639754,0.02280778,-0.01041671
-0.29327065,-0.83402558,-0.46732604,-0.88409912,0.42261457,-0.19941326,0.36381455,0.35468049,-0.86130173,-0.00370176,0.01944834,-0.00434662
-0.2931575,-0.83398819,-0.46746383,-0.88412413,0.42255906,-0.19942009,0.36384508,0.35483456,-0.86122544,-0.00197844,0.01337475,-0.00645886
-0.2930917,-0.83386126,-0.46773113,-0.88412463,0.42258532,-0.19936192,0.36389648,0.35510131,-0.86109352,-0.00750073,0.01955527,-0.01064275
-0.29300251,-0.83379101,-0.46791256,-0.88412828,0.42257462,-0.1993688,0.36395989,0.35527916,-0.86099364,-0.00564995,0.01538724,-0.0090739
-0.292912836,-0.833696867,-0.468136122,-0.884150213,0.42255599,-0.199310707,0.363978427,0.355521998,-0.860885335,-0.00802259054,0.00774389505,2.47021671e-05
-0.292802578,-0.8335347,-0.468494102,-0.884152661,0.422576773,-0.199256164,0.36406166,0.355877578,-0.860703492,-0.0105813053,0.00741118193,-0.000562428962
-0.29273663,-0.83343132,-0.46871893,-0.88413473,0.42261084,-0.19926321,0.3641579,0.35607905,-0.86057925,-0.00742193,0.0122444,-0.00098535
-0.29290041,-0.83332589,-0.46880417,-0.88400737,0.42284823,-0.19932478,0.36433552,0.35604403,-0.86051865,0.00183019,0.01416236,-0.01294162
-0.29324309,-0.83343234,-0.46840019,-0.88381723,0.4231309,-0.19956758,0.36452065,0.35545836,-0.86068207,-0.00772948,0.00794166,-0.01229886
-0.293335612,-0.833473059,-0.468270061,-0.883717141,0.423249539,-0.199759428,0.364689188,0.355221727,-0.860708591,-0.0175319687,-0.00448250771,-6.2887324e-05
-0.29346986,-0.83376834,-0.46765981,-0.88356378,0.4233283,-0.20027019,0.36495257,0.35443401,-0.8609216,-0.02300504,0.00220853,0.00382441
-0.29334775,-0.83558614,-0.46448143,-0.88340877,0.42264182,-0.20239289,0.36542598,0.35095546,-0.86214516,-0.02897659,0.00751227,-0.00882257
-0.29327996,-0.83667729,-0.46255597,-0.88336475,0.42217773,-0.20355025,0.36558671,0.34890843,-0.86290749,-0.06098545,-0.00493103,-0.01133106
-0.29331029,-0.83734709,-0.46132284,-0.88334204,0.42191651,-0.20418919,0.36561694,0.34761508,-0.86341633,-0.0695929,-0.00553137,-0.01258208
-0.29290199,-0.84152637,-0.45391818,-0.88339621,0.41980924,-0.20825777,0.36581345,0.33999049,-0.86636417,-0.10557491,-0.02513129,-0.02541634
-0.29267837,-0.84286342,-0.45157547,-0.88342299,0.41907184,-0.20962472,0.36592756,0.33757954,-0.86725818,-0.11822822,-0.02822679,-0.01590064
-0.29236804,-0.84587945,-0.44610412,-0.88345664,0.41748889,-0.21262028,0.36609464,0.33195028,-0.86935822,-0.14727959,-0.02037424,-0.01839662
-0.2928723,-0.84922081,-0.43937421,-0.88357052,0.4159915,-0.21506775,0.36541594,0.32523072,-0.87217887,-0.08789313,-0.04285449,-0.01980972
-0.29307361,-0.851041,-0.43570301,-0.88362411,0.41513429,-0.21649936,0.3651251,0.32154743,-0.87366525,-0.05313943,-0.03695089,-0.03834564
-0.29314459,-0.85398646,-0.42985266,-0.88359442,0.41370824,-0.21933161,0.36513982,0.31551954,-0.87585401,-0.05679605,-0.04429924,-0.06541266
-0.29273181,-0.85532803,-0.42746,-0.88366546,0.412776,-0.22079703,0.36529912,0.31309732,-0.8766565,-0.10052837,-0.06757945,-0.03126216
-0.29213742,-0.85588192,-0.42675722,-0.8837841,0.41212417,-0.22153839,0.36548766,0.31244159,-0.87681172,-0.12001389,-0.05147105,-0.01274852
-0.29093814,-0.8574329,-0.4244573,-0.88440032,0.41025565,-0.22254542,0.36495377,0.31064321,-0.87767294,-0.12272899,-0.02893323,-0.02379256
-0.29095623,-0.85968093,-0.4198726,-0.88516876,0.40842611,-0.22285489,0.36307103,0.30681709,-0.87979682,-0.05540345,-0.0395419,-0.06216695
-0.29072832,-0.86092669,-0.41747107,-0.88555584,0.40733357,-0.2233162,0.36230886,0.30476961,-0.88082206,-0.05107025,-0.0349893,-0.0894982
-0.28996269,-0.86241051,-0.41493326,-0.88629988,0.40556662,-0.22358035,0.36110112,0.30292534,-0.88195351,-0.08291765,-0.07028311,-0.08195971
-0.28792802,-0.86355308,-0.41397269,-0.88718475,0.40328434,-0.22419832,0.36055585,0.30271729,-0.88224798,-0.12073237,-0.11034989,-0.0401752
-0.28630769,-0.86466703,-0.41276942,-0.88783452,0.40139522,-0.22501473,0.36024649,0.3020475,-0.88260377,-0.11916421,-0.09641629,-0.03432939
-0.28352357,-0.86801501,-0.40763233,-0.88920404,0.39712706,-0.22716991,0.35906872,0.2980603,-0.88443734,-0.0765707,-0.07067138,-0.04306133
-0.28177567,-0.87256103,-0.39904837,-0.8905433,0.39263763,-0.22971345,0.35712041,0.29064219,-0.8876891,-0.02678504,-0.05773598,-0.07613572
-0.28090003,-0.87478418,-0.39477542,-0.89124561,0.39036744,-0.23085588,0.35605654,0.28699444,-0.88930179,-0.01749109,-0.04790908,-0.07450622
-0.27848261,-0.87838932,-0.38843184,-0.892628,0.38598008,-0.23288296,0.35448885,0.28187129,-0.89156364,-0.0236547,-0.0428012,-0.0483238
-0.27569121,-0.88137464,-0.38363126,-0.89397791,0.3817661,-0.23464458,0.35326719,0.27826842,-0.89317901,-0.01990769,-0.01806134,-0.01749451
-0.27453227,-0.88305084,-0.38059596,-0.8945673,0.37971205,-0.23572894,0.35267751,0.2757535,-0.89419162,-0.01591334,-0.01889533,-0.02907662
-0.27307124,-0.88692522,-0.372553,-0.89568466,0.37569995,-0.23790448,0.35097162,0.26872513,-0.89699816,0.01510011,-0.05357319,-0.06182811
-0.27220017,-0.89063513,-0.36424739,-0.89666362,0.37212569,-0.2398267,0.3491439,0.26132652,-0.89989279,0.02417848,-0.06956512,-0.07060474
-0.27142087,-0.89209391,-0.36124672,-0.89715318,0.37040982,-0.24065068,0.34849234,0.25877602,-0.90088185,0.01428322,-0.04632443,-0.05551066
-0.26933699,-0.8944189,-0.3570328,-0.89826239,0.36699358,-0.24174448,0.34724958,0.25559841,-0.90226781,0.01011341,0.02670532,0.01539556
-0.26784745,-0.89718195,-0.3511725,-0.89941289,0.36351727,-0.24271706,0.34541863,0.25083792,-0.90430418,0.07592314,-0.03044754,-0.00192523
-0.2673428,-0.89889675,-0.34714866,-0.89989008,0.36172479,-0.2436245,0.34456555,0.24726438,-0.90561279,0.10927726,-0.04286414,-0.02324723
-0.26674821,-0.90167767,-0.34032704,-0.90067131,0.35889335,-0.24492163,0.34298148,0.2411904,-0.90784937,0.10505623,0.01581806,-0.03395324
-0.26676839,-0.90240841,-0.33836915,-0.90132856,0.35791509,-0.24393365,0.3412352,0.23990799,-0.90884691,0.03909232,0.01042026,0.0255655
-0.26669026,-0.90272845,-0.33757602,-0.90170887,0.35737725,-0.2433158,0.34029008,0.23950533,-0.90930728,0.0480961,0.03001779,0.04071637
-0.2665881,-0.90390033,-0.33450686,-0.90266125,0.3558092,-0.24207937,0.33783624,0.2374109,-0.9107703,0.09780648,0.05535549,0.02332191
-0.26762815,-0.9050541,-0.33053327,-0.90348408,0.35492432,-0.2403024,0.33480097,0.23431986,-0.91268971,0.13227066,0.02270478,-0.00822735
-0.26838382,-0.90534687,-0.32911547,-0.90372995,0.35492383,-0.23937664,0.33352981,0.23318669,-0.91344489,0.13022573,-0.01554894,-0.01486187
-0.26912256,-0.90535121,-0.32850007,-0.90404797,0.35507348,-0.23794984,0.33206983,0.23294215,-0.9140392,0.06945753,0.01724035,-0.01832751
-0.26848678,-0.90455829,-0.33119342,-0.90452859,0.35498039,-0.23625603,0.33127452,0.2361423,-0.91350638,-0.04301561,0.07190961,0.04083684
-0.26772361,-0.90453326,-0.33187864,-0.90490234,0.35434266,-0.23578152,0.33087098,0.23719348,-0.91338016,-0.05205843,0.09494442,0.07297833
-0.2657443,-0.90664625,-0.3276775,-0.90604525,0.35100268,-0.23638765,0.32933566,0.23407197,-0.91473949,0.04047953,0.05938166,0.0349936
-0.26462268,-0.9097662,-0.31984446,-0.9073956,0.34719511,-0.2368309,0.32650918,0.22755463,-0.91739354,0.15816624,0.00237983,-0.03514093
-0.26444385,-0.91063464,-0.31751239,-0.90783498,0.34615213,-0.23667364,0.3254308,0.22566196,-0.91824378,0.14411439,0.00332421,-0.05105044
-0.26425216,-0.91076389,-0.31730072,-0.90797976,0.34585624,-0.23655048,0.32518207,0.22559366,-0.91834844,0.02192397,0.04621941,-0.01285931
-0.26243116,-0.91061291,-0.31923943,-0.90757169,0.34530904,-0.23890417,0.32778548,0.22703677,-0.91706635,-0.02981348,-0.00585502,0.01210398
-0.26190876,-0.91199809,-0.31569458,-0.90736024,0.34413523,-0.24138813,0.32878715,0.22322704,-0.91764283,0.0130773,-0.03267127,-0.00638848
-0.26253127,-0.91326574,-0.31148499,-0.90719223,0.34359266,-0.24278853,0.32875441,0.21883718,-0.9187114,-0.00425235,-0.04187876,-0.0040458
-0.26351624,-0.91510798,-0.30518277,-0.90638193,0.34317119,-0.24638449,0.33019835,0.21168583,-0.91986852,0.00304526,0.01032966,0.01263867
-0.2648152,-0.91594195,-0.30153458,-0.90501281,0.34402303,-0.25019971,0.33290325,0.20663597,-0.92004172,0.01646355,-0.04002768,0.01624402
-0.26613168,-0.91602797,-0.30011097,-0.90396145,0.34527461,-0.25226788,0.33470514,0.20415227,-0.91994249,0.00908831,-0.04712516,0.01087752
-0.27003339,-0.91549549,-0.29824479,-0.90147554,0.34920725,-0.2557267,0.33826589,0.19980563,-0.91959441,-0.01155717,-0.03332335,0.0211079
-0.274404643,-0.915108202,-0.295430087,-0.899138263,0.353099595,-0.25859426,0.340957975,0.194673026,-0.919700967,-0.0213687439,-0.000661194324,0.00892303698
-0.276216939,-0.915199694,-0.293451304,-0.898115596,0.354500338,-0.260226553,0.34218785,0.19167421,-0.919874117,-0.00988566503,0.000877201557,-0.00372712268
-0.27957772,-0.915594069,-0.289004682,-0.89610949,0.356905364,-0.263830052,0.344708554,0.185218831,-0.920255321,0.0178447887,0.0184678435,0.000815159641
-0.28399602,-0.91526047,-0.28573486,-0.89385814,0.36055222,-0.26649514,0.34693481,0.17972286,-0.92050842,0.0529467,-0.0083366,-0.01367419
-0.28663077,-0.91472547,-0.28481562,-0.89257787,0.36297869,-0.2674904,0.34806229,0.17754914,-0.92050457,0.04186711,0.00337619,-0.00481123
-0.29209441,-0.91313104,-0.28438059,-0.88993135,0.36841125,-0.26887772,0.35028961,0.17454151,-0.9202348,-0.00318344,0.03991181,-0.01002308
-0.2980243,-0.91130764,-0.28407707,-0.88733336,0.3741891,-0.26948461,0.35188193,0.1717581,-0.92015112,-0.0069127,0.05438942,-0.03332647
-0.30104386,-0.91033768,-0.28400261,-0.88604959,0.37712543,-0.26961516,0.35254545,0.17047439,-0.92013563,0.0026534,0.04518145,-0.02869921
-0.30686077,-0.90819334,-0.28464263,-0.88360428,0.38298215,-0.26938485,0.35366657,0.1688478,-0.92000572,0.03199151,0.02413958,-0.02025623
-0.312787468,-0.905605451,-0.28643081,-0.881041088,0.389297771,-0.268726204,0.354866795,0.168303118,-0.919643076,0.0282891262,-0.000327885151,-0.00159304915
-0.31589223,-0.90440376,-0.28682015,-0.87972862,0.39242017,-0.26848447,0.35537238,0.16751173,-0.91959235,0.02822493,0.00950402,-0.01383655
-0.32192032,-0.902302,-0.28673755,-0.87748244,0.39807524,-0.26750826,0.35551636,0.16549082,-0.91990267,0.0442707,0.03271574,-0.03003423
-0.32745428,-0.90004674,-0.28755782,-0.87586597,0.40330806,-0.26495544,0.35444667,0.16510132,-0.92038526,0.0084355,0.05560988,0.00152262
-0.33010758,-0.89881074,-0.28838889,-0.87536197,0.40581267,-0.26278786,0.35322842,0.1656964,-0.92074657,0.00561035,0.02709907,0.02138991
-0.33450807,-0.89679831,-0.28958098,-0.87488423,0.4097287,-0.25826339,0.35025981,0.16695865,-0.92165225,-0.00432645,0.02367038,0.03405464
-0.33782142,-0.89564219,-0.28931262,-0.87472303,0.41223597,-0.25479626,0.34747135,0.16699278,-0.92270099,0.04450778,0.02390951,0.01960082
-0.33948294,-0.89530695,-0.2884036,-0.87454122,0.41332041,-0.25366087,0.34630743,0.16610729,-0.92329806,0.08478104,0.02511054,0.00454348
-0.343850795,-0.893658295,-0.288342262,-0.873539256,0.417078786,-0.250946924,0.344522245,0.165589979,-0.924058474,0.110748827,-0.011441648,-0.000291692093
-0.3484663,-0.89058433,-0.2922852,-0.87214358,0.42231784,-0.2470084,0.34341907,0.16884055,-0.92388095,-0.01115648,-0.00148791,0.00753741
-0.35082448,-0.88901874,-0.29422389,-0.87134242,0.42500547,-0.24521963,0.34305161,0.1703407,-0.92374207,-0.05195056,-0.01022577,0.01058139
-0.35563172,-0.88674309,-0.29531788,-0.86953887,0.42976571,-0.24331776,0.34267784,0.17025886,-0.9238959,-0.00402457,0.02248329,-0.01803749
-0.36031916,-0.88466149,-0.29587842,-0.86739327,0.4344458,-0.24266377,0.34321843,0.16920655,-0.92388857,0.05230865,0.02624696,-0.03560539
-0.36291089,-0.88310052,-0.29737038,-0.86601018,0.43744801,-0.24220981,0.34397969,0.1696252,-0.92352869,0.05206293,0.02073282,-0.0185644
-0.36837993,-0.87912882,-0.30237186,-0.86300384,0.44431756,-0.24042935,0.3457175,0.17237873,-0.92236922,-0.00127999,-0.01294249,0.01145518
-0.37409915,-0.87539301,-0.30616456,-0.8602164,0.45090387,-0.2381457,0.34652186,0.17427767,-0.92171019,-0.02579769,-0.01292378,0.00951962
-0.37686967,-0.87405772,-0.30658153,-0.85893734,0.45366271,-0.23752209,0.34669262,0.17381945,-0.92173253,-0.01940481,0.00749987,0.00586835
-0.38221476,-0.87219223,-0.30527431,-0.8565231,0.45837067,-0.23720124,0.34681387,0.17081268,-0.92224882,-0.01163663,0.07937378,-0.00410217
-0.38779022,-0.8705647,-0.30287899,-0.85417861,0.46289835,-0.23686274,0.34640652,0.1668597,-0.9231252,-0.01846537,0.05880576,0.01368897
-0.39069934,-0.86962137,-0.30184893,-0.85294975,0.46531715,-0.23655171,0.3461659,0.16504137,-0.92354243,0.00499062,0.03822654,0.01996342
-0.39668439,-0.86724765,-0.3008702,-0.85050956,0.47054958,-0.23498197,0.34536191,0.1626793,-0.92426209,0.02978158,0.03199917,0.01434962
-0.40339561,-0.864148366,-0.300864881,-0.847856531,0.476652511,-0.232253573,0.344109545,0.161400185,-0.924953367,0.0197733268,0.00536483526,0.000156013761
-0.4067507,-0.86255473,-0.30092066,-0.84651782,0.47971625,-0.23082442,0.34345522,0.16084671,-0.92529287,0.02636115,0.01404053,-0.00532006
-0.41312861,-0.8592686,-0.30163247,-0.84361723,0.48585077,-0.22860222,0.34297908,0.16002023,-0.92561265,-0.01022898,0.0814001,0.01733357
-0.41982007,-0.85561894,-0.30276579,-0.84026313,0.49250655,-0.22670487,0.34308712,0.15922767,-0.92570918,-0.02453682,0.05182356,0.02745514
-0.43190571,-0.84924719,-0.30370469,-0.83406221,0.50422574,-0.22382265,0.34321648,0.15663832,-0.92610297,0.00642562,-0.0077666,0.01459243
-0.44078081,-0.8448859,-0.30311734,-0.82924853,0.5125531,-0.22279184,0.34359742,0.15315725,-0.92654396,0.024341,0.02515477,-0.02457247
-0.44521255,-0.84259557,-0.30301571,-0.82660841,0.51684692,-0.22268321,0.34424462,0.15133397,-0.92660332,0.00797393,0.05229503,-0.03058326
-0.45361567,-0.83779663,-0.30385751,-0.82113353,0.52542416,-0.22286566,0.34637018,0.14841223,-0.92628353,-0.01341621,0.02220625,0.01616832
-0.46182835,-0.83349622,-0.30331255,-0.81573068,0.5334061,-0.22374395,0.3482785,0.14409005,-0.9262505,0.01746727,0.00889879,0.0124886
-0.465907,-0.83147554,-0.3026206,-0.81314065,0.53719672,-0.22410268,0.34890269,0.14166211,-0.92639027,0.02681968,-0.00120705,-0.00737291
-0.47426035,-0.8272802,-0.30113824,-0.80801945,0.54482955,-0.22419908,0.34954448,0.13699681,-0.92684954,0.05091314,-0.02204078,-0.03251259
-0.48185275,-0.82315812,-0.30038085,-0.80314546,0.55196911,-0.2242487,0.35039309,0.13319467,-0.92708354,0.01243744,-0.00621599,-0.03600198
-0.49323282,-0.81681926,-0.29921123,-0.796211,0.56245054,-0.222929,0.35038422,0.12827936,-0.92777954,-0.01691301,-0.03812999,-0.02436416
-0.50108537,-0.81299582,-0.29656513,-0.79172581,0.56903103,-0.22220222,0.34940424,0.12345598,-0.92880289,-0.00491488,0.00816542,-0.0256773
-0.50524846,-0.81105387,-0.2948146,-0.78933685,0.57241728,-0.22200407,0.34881423,0.12054081,-0.92940766,0.00248782,0.03270668,-0.02771703
-0.51360698,-0.8067392,-0.29219774,-0.78428191,0.5795267,-0.22147377,0.34800797,0.11541492,-0.93035992,0.06540611,0.03273803,-0.04009716
-0.52545401,-0.79891388,-0.29263361,-0.77614845,0.59099592,-0.21981205,0.34855617,0.11162599,-0.93061694,0.03400455,-0.01857263,0.0083869
-0.53298266,-0.79359206,-0.29349762,-0.77077634,0.59846719,-0.21849664,0.3490459,0.10976609,-0.93065462,0.01310465,-0.00402516,-0.00975514
-0.54180397,-0.78724072,-0.29444925,-0.76443409,0.60717589,-0.21674393,0.34941213,0.10765432,-0.93076395,0.00482955,0.01553005,0.05282277
-0.54787673,-0.78334535,-0.29360037,-0.76068835,0.61254281,-0.21481283,0.34811543,0.10564744,-0.93147963,0.06617019,-0.01137418,0.05764342
-0.55455088,-0.77853667,-0.29386022,-0.75622463,0.61885486,-0.21246866,0.34727147,0.10439965,-0.93193511,0.06510761,0.04087549,-0.00930877
-0.55790922,-0.77567017,-0.29508171,-0.75353452,0.62245262,-0.21151477,0.34774008,0.10434821,-0.93176631,0.02055797,0.07514423,-0.01715724
-0.56426988,-0.769399,-0.29937378,-0.74763769,0.63002612,-0.21001182,0.35019619,0.10531977,-0.93073646,-0.06961776,0.13214821,0.00684297
-0.5700694,-0.76400655,-0.30218302,-0.74224684,0.63660904,-0.20928088,0.35226442,0.10498975,-0.92999278,-0.1104986,0.15532643,0.03466869
-0.57269815,-0.76214259,-0.30191958,-0.73998623,0.63910841,-0.20966831,0.35275649,0.10333968,-0.92999123,-0.11507444,0.17894787,0.04972772
-0.57771923,-0.75919745,-0.29976645,-0.73588281,0.64334676,-0.21114326,0.3531532,0.09861146,-0.93035415,-0.04860058,0.20299417,0.04735792
-0.58272733,-0.75661305,-0.29658958,-0.73213498,0.64716899,-0.21248678,0.35271386,0.09332175,-0.93106593,-0.0028235,0.26248199,0.01442141
-0.58504276,-0.75523842,-0.29553301,-0.73033394,0.64906329,-0.21290644,0.35261475,0.09127841,-0.93130603,0.01293532,0.29037267,0.00814909
-0.5884107,-0.7524357,-0.29599551,-0.72740366,0.65245602,-0.21256775,0.35306762,0.09023108,-0.93123659,0.011928,0.29844207,0.04330122
-0.589682116,-0.750262289,-0.298967077,-0.72610277,0.654573053,-0.210496664,0.353623504,0.0929546974,-0.930757549,0.000402887352,0.246161997,0.0576858968
-0.5896199,-0.74968533,-0.30053302,-0.72608709,0.65496968,-0.20931369,0.35375942,0.09479762,-0.93052,0.00100891,0.2154364,0.05754332
-0.58842035,-0.74981045,-0.30256489,-0.72717804,0.65435998,-0.20742482,0.35351566,0.09796555,-0.93028442,0.01510953,0.14402241,0.05830275
-0.58603549,-0.75099535,-0.30425057,-0.72950492,0.65243792,-0.20529816,0.35268257,0.10164028,-0.93020658,0.02000146,0.08054537,0.03225528
-0.58436674,-0.75191729,-0.30518147,-0.73107721,0.65103344,-0.20416055,0.35219519,0.10380657,-0.93015189,0.02204911,0.05441397,0.01317859
-0.58032481,-0.75436329,-0.30685364,-0.73455871,0.64755313,-0.20272753,0.35163424,0.1077542,-0.92991527,0.01895135,0.01885027,0.00608004
-0.57581432,-0.75726492,-0.30820018,-0.73815711,0.64359877,-0.20224894,0.35151328,0.1110423,-0.92957386,0.02515027,-0.02322155,-0.01056061
-0.57362298,-0.75869035,-0.30878071,-0.73984241,0.64167193,-0.20221354,0.35155337,0.11245473,-0.92938906,0.01965949,-0.04613119,-0.02502196
-0.57362298,-0.75869035,-0.30878071,-0.73984241,0.64167193,-0.20221354,0.35155337,0.11245473,-0.92938906,0.01965949,-0.04613119,-0.02502196
-0.56606045,-0.76368397,-0.31042262,-0.74500285,0.63511694,-0.20395386,0.35291096,0.11581551,-0.92846132,0.00318035,-0.08814973,-0.04555274
-0.56447515,-0.76476067,-0.31065879,-0.74589962,0.63377134,-0.20486005,0.35355554,0.11608186,-0.92818287,0.00833859,-0.08508193,-0.04168192
-0.56137869,-0.76677197,-0.31131135,-0.74755749,0.63122276,-0.20667763,0.35498143,0.11669872,-0.92756113,0.02003301,-0.07575476,-0.05801843
-0.55873402,-0.76816833,-0.31262381,-0.74883653,0.62929349,-0.20792675,0.35645488,0.11792838,-0.92684018,0.01281509,-0.07502717,-0.07432552
-0.55757772,-0.76874734,-0.3132641,-0.74928815,0.62850377,-0.20868692,0.35731519,0.11836589,-0.92645297,0.00113698,-0.06812149,-0.07503117
-0.55532589,-0.7699501,-0.3143089,-0.75016723,0.62691126,-0.21031265,0.35897403,0.11899218,-0.92573139,-0.01970379,-0.05771524,-0.05417141
-0.55344711,-0.77132016,-0.31426343,-0.7513659,0.62517717,-0.21119373,0.3593683,0.11924226,-0.92554617,-0.02167213,-0.02315336,-0.03313744
-0.55272495,-0.77197622,-0.31392294,-0.75202742,0.62435506,-0.21127107,0.35909562,0.11930386,-0.92564391,-0.01574473,-0.01743501,-0.03834778
-0.55143067,-0.77321825,-0.31314163,-0.75342461,0.62276306,-0.21099173,0.35815569,0.1195813,-0.92597231,0.00158849,-0.0054031,-0.034641
-0.55013606,-0.77404078,-0.31338609,-0.75464963,0.62150614,-0.21031871,0.35756664,0.12079278,-0.92604253,0.00774053,0.01054639,-0.03714728
-0.549683468,-0.77408432,-0.314072135,-0.755093366,0.621223492,-0.209559831,0.35732597,0.121962204,-0.925982217,-0.00617976207,-0.000259459019,-0.0339129157
-0.54934787,-0.77382215,-0.31530359,-0.75562055,0.62113909,-0.20790348,0.3567277,0.12403855,-0.92593735,-0.03680276,-0.00759524,-0.02314717
-0.54938618,-0.77383612,-0.31520226,-0.756108,0.62096842,-0.20663714,0.35563393,0.12480336,-0.92625515,-0.04302726,-0.00771743,-0.0107677
-0.54950145,-0.77410368,-0.31434328,-0.75642945,0.62070668,-0.20624673,0.35477133,0.12444564,-0.92663405,-0.02955168,0.0095517,-0.00461395
-0.55002064,-0.77465849,-0.31205987,-0.75695824,0.62027633,-0.20560025,0.35283333,0.12313191,-0.92754891,0.01030211,0.02480406,-0.00770964
-0.55072395,-0.77456623,-0.31104652,-0.75710471,0.62044758,-0.20454138,0.35141891,0.12284894,-0.92812308,0.01093372,0.03004354,-0.00431564
-0.551100484,-0.774274531,-0.311106033,-0.757064918,0.620739563,-0.203801485,0.350914125,0.12321236,-0.928265958,0.00220594509,0.0245501399,-0.000800728158
-0.55166024,-0.77389517,-0.31105823,-0.75713781,0.62109043,-0.20245742,0.34987612,0.12382624,-0.92857619,-0.01243937,0.02763933,0.01421973
-0.55202794,-0.77405764,-0.31000007,-0.75770834,0.62086715,-0.20100269,0.34805652,0.12393054,-0.92924595,-0.00389107,0.02899009,0.00827075
-0.55217835,-0.77422046,-0.30932452,-0.7580053,0.62069054,-0.20042753,0.3471699,0.12379788,-0.92959508,0.00295453,0.02111095,0.01061769
-0.5523382,-0.77445571,-0.30844913,-0.75854751,0.62038147,-0.19933016,0.34572851,0.12387566,-0.93012184,0.01956491,0.00836104,0.01239391
-0.55228401,-0.77436211,-0.30878081,-0.75894538,0.62028584,-0.19810946,0.34494083,0.12493508,-0.9302725,0.0199817,0.00995594,0.01307646
-0.55226244,-0.77427352,-0.30904148,-0.75911341,0.62027652,-0.19749395,0.34460551,0.12552903,-0.93031683,0.01416653,-0.00399739,0.01394005
-0.55214344,-0.77438708,-0.30896943,-0.75948627,0.62004013,-0.19680142,0.34397393,0.12599543,-0.93048745,0.01022065,-0.00336468,0.00692726
-0.55178823,-0.77467121,-0.30889163,-0.75994759,0.619607,-0.19638423,0.34352463,0.12637894,-0.93060137,0.00813877,-0.01751679,0.02487197
-0.5517571,-0.77458386,-0.30916642,-0.75978865,0.61971371,-0.19666244,0.34392622,0.12639124,-0.93045146,-0.00593949,0.003591,0.02049801
-0.55167277,-0.77454248,-0.30942033,-0.75939052,0.61986621,-0.19771668,0.34493918,0.12589595,-0.93014352,0.00342573,0.02266806,-0.00154053
-0.55152333,-0.77453119,-0.30971518,-0.75916571,0.6199205,-0.1984087,0.34567251,0.12569812,-0.92989814,0.01125121,0.02394336,-0.00588736
-0.55131969,-0.77418742,-0.31093487,-0.75864243,0.62028349,-0.19927387,0.34714309,0.12602477,-0.92930593,-0.00469405,0.00404876,-0.0125631
-0.55100717,-0.77411461,-0.31166921,-0.75840191,0.62034473,-0.19999741,0.34816327,0.12617052,-0.92890439,-0.01283369,0.00210279,-0.01602677
-0.55075991,-0.77429108,-0.31166803,-0.75839768,0.62017538,-0.20053801,0.34856363,0.12592002,-0.9287883,-0.00117075,0.01349455,-0.01930126
-0.55023229,-0.77472403,-0.31152353,-0.75828196,0.61981474,-0.2020844,0.34964652,0.12502931,-0.92850134,-0.00138957,0.04060382,-0.02471494
-0.54976865,-0.77497862,-0.31170918,-0.75815754,0.61958603,-0.2032494,0.35064459,0.12458452,-0.92818486,-0.00853881,0.04692,-0.025052
-0.5494668,-0.77514549,-0.31182612,-0.75821534,0.61938667,-0.20364089,0.35099227,0.12453744,-0.92805962,-0.00970714,0.04125756,-0.01539095
-0.548669912,-0.775623272,-0.312041719,-0.758550756,0.618770526,-0.204264114,0.351514217,0.124625913,-0.927850389,0.00729892356,0.026101768,1.00492034e-05
-0.54774364,-0.77627786,-0.3120409,-0.7591015,0.61793102,-0.20475877,0.35176945,0.1247154,-0.92774147,0.02056206,0.03441852,-0.01335794
-0.54734452,-0.77646395,-0.3122785,-0.75932761,0.61763576,-0.20481134,0.35190299,0.12501932,-0.92765006,0.01225412,0.03981477,-0.01893954
-0.54653294,-0.77668907,-0.31313863,-0.75961628,0.61719608,-0.20506608,0.35254052,0.12578983,-0.92730365,-0.01035108,0.03241402,-0.01250309
-0.54585967,-0.77669969,-0.31428418,-0.75981591,0.6169601,-0.20503647,0.35315256,0.12687697,-0.92692241,-0.01719229,0.02544516,-0.00666707
-0.54540545,-0.77685954,-0.31467786,-0.76012212,0.61663908,-0.20486729,0.35319578,0.12745787,-0.92682643,-0.02239112,0.01383919,0.00241297
-0.544641517,-0.777681561,-0.313969416,-0.760806431,0.615676482,-0.20522181,0.352900806,0.127097627,-0.926988105,-0.00481385132,0.0088866353,0.000124179234
-0.54383417,-0.77869853,-0.31284626,-0.76164898,0.61451678,-0.20557212,0.35232799,0.12648188,-0.92729017,0.04137868,0.02259785,-0.00764334
-0.5434015,-0.77901059,-0.31282136,-0.76195447,0.61409982,-0.20568609,0.35233518,0.1265855,-0.92727336,0.03424301,0.02021819,-0.00354833
-0.54247829,-0.77918195,-0.31399454,-0.76240171,0.61360741,-0.20549826,0.35278991,0.12791162,-0.92691835,0.00738581,-0.00287503,-0.00360377
-0.54134779,-0.77945434,-0.31526712,-0.76302611,0.61293298,-0.20519329,0.35317642,0.1294761,-0.92655392,-0.00153953,-0.0061878,0.00229701
-0.54058752,-0.77992916,-0.3153971,-0.76345636,0.61228434,-0.20552906,0.35341082,0.12968547,-0.92643515,-0.0024355,-0.00658643,-0.00471236
-0.53878274,-0.78111944,-0.3155399,-0.76445526,0.61070782,-0.20650442,0.35400731,0.12995511,-0.9261697,,,
-0.53702767,-0.78211883,-0.31605552,-0.76536988,0.60929413,-0.20729095,0.35469693,0.13057839,-0.925818,,,
-0.536252563,-0.782581799,-0.316225753,-0.765721174,0.608673555,-0.207816116,0.355111366,0.130698825,-0.925642208,-0.0150514152,-0.0018247962,0.00034816796
-0.53501857,-0.78351833,-0.31599644,-0.76625645,0.60756078,-0.20909531,0.35581705,0.13026442,-0.92543227,-0.01594886,-0.00552738,-0.00928387
-0.53391429,-0.78437032,-0.31575062,-0.76671321,0.60656072,-0.2103209,0.3564914,0.12979683,-0.92523852,0.00100708,0.00984043,-0.00134579
-0.53343256,-0.78468997,-0.31577081,-0.76689779,0.60616355,-0.21079253,0.35681555,0.12972033,-0.92512438,0.0017784,0.01489168,-0.00782922
-0.53272953,-0.78493446,-0.31634936,-0.76712944,0.60574526,-0.21115173,0.3573674,0.13019414,-0.92484471,-0.00588096,0.01023048,-0.01329069
-0.532463475,-0.784871479,-0.316953099,-0.76705922,0.605748168,-0.211398377,0.357914318,0.130559879,-0.924581679,-0.0181213617,-0.000110387802,-0.0172721744
-0.53236347,-0.78488777,-0.31708043,-0.76698765,0.60573906,-0.21168385,0.35821607,0.13050401,-0.92447257,-0.01362582,0.00212592,-0.01965533
-0.53205577,-0.78511173,-0.31704329,-0.76697157,0.60552033,-0.21236711,0.35870807,0.13017205,-0.92432896,-0.00650197,0.01117498,-0.01034204
-0.53200242,-0.78528345,-0.31670689,-0.76706954,0.60535672,-0.21247949,0.35857727,0.1298966,-0.92441825,-0.00092496,0.02205712,-0.00846848
-0.53202577,-0.78534591,-0.3165127,-0.76717163,0.6052835,-0.21231944,0.35832412,0.12986015,-0.92452153,0.00115193,0.01619273,-0.01227199
-0.53197247,-0.78542635,-0.31640276,-0.76737293,0.60514358,-0.21199063,0.35797212,0.13002573,-0.92463464,0.00636288,0.014054,-0.00731205
-0.53170915,-0.78553124,-0.31658452,-0.76759507,0.60492841,-0.21180027,0.35788671,0.13039257,-0.92461587,0.00558694,0.013143,-0.0043953
-0.53167602,-0.7854606,-0.31681568,-0.76765723,0.60494486,-0.21152795,0.35780289,0.1307415,-0.92459919,0.00092468,0.01149207,-0.00204789
-0.5315662,-0.785361954,-0.317244419,-0.767870167,0.604905685,-0.210866142,0.357509197,0.131513213,-0.924603431,-0.00768692652,0.00227063894,0.000305825612
-0.531511,-0.78530479,-0.31747772,-0.76798515,0.60488774,-0.2104983,0.35734371,0.13193601,-0.92460691,-0.01369303,0.00936037,0.00468504
-0.5314344,-0.78533784,-0.31752428,-0.76806712,0.6048168,-0.21040308,0.35728153,0.13206452,-0.92461263,-0.00392019,0.02144009,0.00492301
-0.531260962,-0.785601108,-0.317163281,-0.768318263,0.604506954,-0.210376691,0.356999572,0.131917414,-0.924742625,0.00341142761,0.0292004943,9.34534473e-05
-0.53120736,-0.78577301,-0.31682701,-0.76841604,0.60434361,-0.21048883,0.35686882,0.13164173,-0.92483236,0.01084559,0.01436931,-0.00476138
-0.53115239,-0.7857922,-0.31687152,-0.76844512,0.60430665,-0.21048877,0.35688801,0.13169675,-0.9248171,0.01573643,0.01359242,-0.00993853
-0.5307445,-0.78583344,-0.31745241,-0.76858122,0.60412891,-0.21050214,0.3572018,0.13226511,-0.92461492,0.00727987,0.00734037,-0.00320845
-0.5307445,-0.78583344,-0.31745241,-0.76858122,0.60412891,-0.21050214,0.3572018,0.13226511,-0.92461492,0.00727987,0.00734037,-0.00320845
-0.52966528,-0.78629417,-0.318113,-0.76900623,0.60340038,-0.21103867,0.35788799,0.13285101,-0.92426534,0.01081731,0.0080089,-0.0045356
-0.52888391,-0.78672118,-0.31835725,-0.76938718,0.60278283,-0.21141464,0.35822467,0.13312618,-0.92409533,0.00769176,0.00389165,-0.00469738
-0.52799333,-0.78729257,-0.31842332,-0.76994582,0.6019753,-0.21168174,0.35833844,0.13340215,-0.92401157,-0.00616645,0.0111894,-0.001744
-0.52749819,-0.7876318,-0.318405,-0.77025774,0.6015109,-0.211867,0.35839727,0.13349446,-0.9239754,-0.0037054,0.0125162,0.00141289
-0.526473736,-0.788360659,-0.318296636,-0.770805184,0.600567081,-0.212552385,0.358726421,0.133441445,-0.923855277,-0.000302997709,0.0174865127,-0.00379935349
-0.52563293,-0.78868197,-0.31888989,-0.77111022,0.60002981,-0.21296303,0.35930354,0.13395887,-0.92355616,0.00778705,0.01840335,0.00167031
-0.5252338,-0.78882115,-0.31920304,-0.77121834,0.5997971,-0.21322688,0.35965493,0.13418127,-0.92338704,0.00354875,0.02876705,0.00544754
-0.524656396,-0.789054613,-0.31957513,-0.771283954,0.599472581,-0.213900979,0.360356085,0.134258647,-0.923102285,-0.00981383491,0.0365421176,-0.000280707376
-0.52410036,-0.78936693,-0.31971635,-0.77119164,0.59915868,-0.21510997,0.36136153,0.13382336,-0.92277246,-0.00560633,0.0435738,-0.00623788
-0.52364481,-0.78966315,-0.31973119,-0.77117099,0.59885311,-0.21603289,0.36206523,0.13344292,-0.92255164,-0.00344244,0.04574317,-0.00408233
