0,1,2,3,4,5,6,7,8,9,10,11
-0.13962458,-0.98676152,0.08250269,-0.93632396,0.15867756,0.31323934,-0.32218386,-0.03351334,-0.94608375,-0.01140155,-0.00197011,-0.01293326
-0.13976966,-0.98684612,0.08123426,-0.93635611,0.15840704,0.31327993,-0.32202719,-0.03227714,-0.94617989,-0.00290125,-0.00160331,0.00401679
-0.14008057,-0.98702129,0.07852613,-0.93640372,0.15783273,0.3134276,-0.32175371,-0.02962704,-0.94635971,-0.00150145,0.00460464,0.00261205
-0.14061088,-0.98717409,0.0756034,-0.93644384,0.15739667,0.31352705,-0.32140551,-0.02671302,-0.94656478,0.00383504,-0.00189775,0.01355553
-0.14092873,-0.9872228,0.07436464,-0.93647129,0.15729855,0.31349414,-0.32118603,-0.02546,-0.94667369,0.01358908,-0.0084731,0.02397574
-0.14129232,-0.98727126,0.07301865,-0.93664843,0.15719826,0.31301482,-0.32050896,-0.02416619,-0.94693698,0.00380445,0.00554281,0.01191022
-0.14169396,-0.98722511,0.07286473,-0.93675184,0.15751792,0.3125444,-0.3200292,-0.0239705,-0.94710427,-0.01455186,0.01620716,0.00286136
-0.1420502,-0.98718594,0.0727026,-0.93677577,0.15779851,0.31233122,-0.31980135,-0.02373933,-0.94718718,-0.02382885,0.01942402,0.0096872
-0.1442498,-0.98696962,0.07129448,-0.93667634,0.15942268,0.31180409,-0.31910713,-0.02180217,-0.94746778,-0.02711476,0.0386402,0.02084183
-0.14520303,-0.98686079,0.07086429,-0.9365727,0.16018806,0.31172309,-0.31897892,-0.02110641,-0.94752667,-0.02176949,0.03966862,0.02042555
-0.14739426,-0.98657813,0.07027399,-0.93630378,0.16207547,0.31155529,-0.31876334,-0.01987633,-0.94762583,-0.02878812,0.03487283,0.0197449
-0.14978024,-0.98621868,0.07027469,-0.93602879,0.1643328,0.31119897,-0.31845868,-0.01916767,-0.94774288,-0.02757573,0.03102022,0.01706543
-0.15332998,-0.98560294,0.07125051,-0.93572207,0.1679924,0.31016555,-0.31766964,-0.01911298,-0.9480087,-0.02294707,0.01698345,0.01445399
-0.15539729,-0.98517163,0.07272345,-0.93559064,0.17040432,0.30924527,-0.31705204,-0.01998352,-0.94819772,-0.02810134,0.00930792,0.01417703
-0.15627562,-0.98497151,0.07354461,-0.9355523,0.17148913,0.30876076,-0.31673268,-0.02055302,-0.94829193,-0.02811295,0.00537378,0.01096901
-0.15870834,-0.98435184,0.07657047,-0.93548642,0.17472179,0.30714394,-0.31571624,-0.02288432,-0.94857758,-0.03097019,0.0049637,0.00990072
-0.15923171,-0.98418236,0.07765487,-0.93545894,0.17555253,0.30675369,-0.31553408,-0.02379802,-0.94861571,-0.00194854,0.00391644,0.01646619
-0.15896747,-0.98421379,0.07779778,-0.93547857,0.175348,0.30681081,-0.31560912,-0.02400521,-0.94858554,-0.00982249,0.00537771,0.01234325
-0.15848071,-0.98427023,0.07807436,-0.93537645,0.17498635,0.30732785,-0.31615564,-0.02432333,-0.94839515,-0.00937967,0.00614446,0.00362158
-0.15784064,-0.98436712,0.07815163,-0.93526604,0.1744193,0.30798592,-0.31680237,-0.02447987,-0.94817558,-0.00448072,0.00551647,0.00734033
-0.15688978,-0.98452594,0.07806473,-0.93499882,0.17352248,0.30930089,-0.31806076,-0.02446426,-0.9477545,0.00548183,0.0025484,0.00292397
-0.156225652,-0.984639674,0.0779631354,-0.934790568,0.172884715,0.310286102,-0.318998642,-0.0244045541,-0.947440907,0.00987203419,0.00176173449,-0.000841905596
-0.15589222,-0.98468783,0.078021,-0.93466721,0.17260053,0.31081523,-0.31952246,-0.02446997,-0.9472625,0.01283445,0.00146586,-0.00398357
-0.1551381,-0.98479361,0.07818932,-0.93449979,0.17196098,0.31167202,-0.32037814,-0.02471567,-0.94696712,0.00700963,-0.00206095,-0.00560044
-0.15436015,-0.98488873,0.07852925,-0.93434893,0.17135294,0.31245806,-0.32119267,-0.02514261,-0.94667978,0.01114644,-0.00893766,-0.00649586
-0.15387246,-0.98495251,0.07868755,-0.93431319,0.17094986,0.31278579,-0.32153078,-0.02538969,-0.94655859,0.01605954,-0.00582218,-0.0038091
-0.15285269,-0.98508785,0.07898045,-0.93426459,0.17009362,0.31339715,-0.32215781,-0.02588503,-0.94633197,0.01184199,-0.00313348,-0.00982953
-0.15180889,-0.98521584,0.07939502,-0.93421619,0.16925446,0.31399499,-0.32279082,-0.02650485,-0.94609892,0.01608959,-0.00427729,-0.00614017
-0.15120988,-0.98529727,0.07952745,-0.93419497,0.16873894,0.31433542,-0.32313323,-0.02676349,-0.94597474,0.02048987,-0.00223178,-0.01020269
-0.15005745,-0.98546385,0.07964852,-0.93418193,0.16770221,0.31492885,-0.32370822,-0.02714881,-0.94576749,0.01429132,0.00452238,-0.00297261
-0.14921679,-0.98560886,0.0794333,-0.93416387,0.16685001,0.31543468,-0.32414865,-0.02713558,-0.94561701,0.02383643,-0.00307721,-0.00105238
-0.14877308,-0.985670676,0.0794977454,-0.934172316,0.166455788,0.315617736,-0.324328007,-0.0273091705,-0.945550399,0.0229018666,-0.000846743584,0.00271069817
-0.14810287,-0.98571897,0.08014644,-0.93420295,0.16603555,0.31574817,-0.32454614,-0.02810981,-0.94545191,0.00830296,0.00323468,0.00192006
-0.14767598,-0.9857358,0.08072462,-0.93420103,0.16582274,0.31586555,-0.32474599,-0.02876724,-0.94536343,0.00735107,0.00142783,-0.00494464
-0.14720847,-0.98578225,0.08101167,-0.93424365,0.16547475,0.31592216,-0.32483586,-0.02917821,-0.94532009,0.00465298,0.00207895,0.00150655
-0.14691808,-0.98579974,0.08132642,-0.93427882,0.16530149,0.31590907,-0.32486645,-0.0295688,-0.9452976,0.00469902,0.00180477,-0.00266482
-0.14680769,-0.98581411,0.08135101,-0.93431079,0.16520361,0.31586558,-0.32482423,-0.02963562,-0.94530992,0.0059643,0.00533766,-0.00245963
-0.14645323,-0.98586714,0.08134586,-0.93434186,0.16486878,0.31594837,-0.32489454,-0.02973315,-0.9452825,0.00486791,0.00752705,-0.00415606
-0.146078757,-0.985918662,0.0813962378,-0.934461412,0.164524575,0.315774449,-0.324719608,-0.029933699,-0.94533649,0.0094385948,0.000799238682,0.00484832283
-0.145791219,-0.985949017,0.0815441526,-0.934550255,0.164295585,0.315630759,-0.324593182,-0.0301909144,-0.945371758,0.0114891035,0.000308215618,0.00791327655
-0.14503523,-0.98601171,0.08213048,-0.93473059,0.16376164,0.31537385,-0.32441216,-0.03102952,-0.94540651,,,
-0.144858112,-0.986044357,0.0820525049,-0.934721189,0.163572317,0.315500186,-0.324518701,-0.0309934488,-0.94537133,0.00531673385,0.00298219919,0.000532063073
-0.14446297,-0.9861352,0.08165571,-0.93476281,0.16307314,0.31563511,-0.32457476,-0.03073111,-0.94536053,0.00848982,-0.00439912,0.00192962
-0.14404432,-0.98623567,0.0811796,-0.93473934,0.16253269,0.315983,-0.32482808,-0.03036617,-0.94528518,0.01594472,-0.00453013,0.00566883
-0.14389041,-0.98627061,0.08102985,-0.93474501,0.16234041,0.31606545,-0.32488048,-0.03026346,-0.94527076,0.01083652,-0.00417793,0.00755217
-0.14377978,-0.9862929,0.08095394,-0.93474355,0.16221318,0.31613491,-0.32493343,-0.03021735,-0.9452539,0.01593043,-0.00224191,0.0058277
-0.14373311,-0.9862839,0.08114771,-0.93472983,0.16223287,0.31616564,-0.3249939,-0.03040773,-0.94522723,0.00674961,-0.00321382,0.0023706
-0.14368642,-0.98627469,0.08134162,-0.93471598,0.16225288,0.31619621,-0.32505423,-0.03059821,-0.94520024,0.00912448,-0.00558788,-0.00305125
-0.14335479,-0.98635414,0.08096268,-0.93466185,0.16182718,0.3165742,-0.32535623,-0.03029031,-0.94510629,0.01768745,0.00410551,0.00240126
-0.14300295,-0.98643578,0.08058932,-0.93467941,0.16137765,0.31675176,-0.32546058,-0.03002874,-0.9450787,0.02034643,-0.00381982,0.00189587
-0.14293612,-0.98642924,0.08078868,-0.93473755,0.16137383,0.31658227,-0.32532316,-0.03026519,-0.9451186,0.00831766,0.00166637,0.00117255
-0.14311346,-0.98639703,0.08086672,-0.93474736,0.16156346,0.31645634,-0.32521671,-0.03030079,-0.94515392,0.00786681,-0.00235593,-0.0013184
-0.1439542,-0.98620574,0.08170246,-0.93486516,0.16260406,0.31557402,-0.32450608,-0.03095256,-0.94537692,,,
-0.14415186,-0.98614999,0.0820267,-0.93488587,0.16288999,0.31536521,-0.32435874,-0.03122511,-0.94541859,,,
-0.1446606,-0.98607519,0.08203029,-0.93480001,0.16337359,0.31536958,-0.32437971,-0.03106036,-0.94541681,,,
-0.14484405,-0.986115178,0.0812205843,-0.934734898,0.163291883,0.315604548,-0.324485127,-0.0302062395,-0.945408124,0.00700421585,0.00766414404,-0.000178898918
-0.14491402,-0.98614737,0.0807034,-0.93468104,0.1631965,0.31581336,-0.32460905,-0.02966613,-0.94538271,0.01100336,0.00825304,0.00590758
-0.14498694,-0.98620467,0.07986845,-0.93463148,0.16300144,0.31606078,-0.3247193,-0.02882286,-0.945371,0.01458517,-0.0036366,0.00361071
-0.14525426,-0.98619308,0.07952481,-0.93454852,0.16314807,0.3162303,-0.32483848,-0.02838597,-0.94534323,0.01704412,-0.00839967,0.00738573
-0.14582676,-0.98607435,0.07994925,-0.93449952,0.1638225,0.31602659,-0.3247232,-0.0286274,-0.94537571,0.0095106,-0.00149393,-0.0050024
-0.146157815,-0.986006816,0.0801769227,-0.934503075,0.164204068,0.315817896,-0.324563987,-0.0287663129,-0.945426107,0.0102981385,-0.0014167428,-0.000437495299
-0.14618127,-0.9860052,0.08015542,-0.93453487,0.16421606,0.31571784,-0.32446222,-0.02875601,-0.94546156,0.01058189,-0.01603216,-0.00329084
-0.14583254,-0.98611266,0.07946441,-0.93455773,0.16366748,0.31593471,-0.32455296,-0.0281905,-0.94544726,0.02753897,-0.01673442,-0.00800953
-0.14450996,-0.98640954,0.07818572,-0.93452994,0.16202504,0.31686214,-0.3252239,-0.02727715,-0.94524348,0.02607825,-0.01580918,-0.01435625
-0.14345636,-0.9867035,0.07639692,-0.93447175,0.16047035,0.31782356,-0.32585706,-0.02579695,-0.94506704,0.03904915,-0.0163641,-0.00870257
-0.1428878,-0.98687889,0.07518684,-0.93447826,0.15954862,0.31826809,-0.32608803,-0.02478383,-0.94501442,0.04693476,-0.01298672,-0.00252898
-0.14203682,-0.98718271,0.07277062,-0.93445257,0.1579748,0.31912717,-0.32653278,-0.02267285,-0.94491365,0.05170239,-0.02127165,-0.00462147
-0.14096068,-0.98748595,0.07072203,-0.93448482,0.15630242,0.31985573,-0.32690706,-0.02100158,-0.94482313,0.05194942,-0.03689188,-0.00331059
-0.14032047,-0.98764065,0.06982811,-0.93447669,0.15541393,0.3203119,-0.32720533,-0.02030641,-0.94473492,0.04536449,-0.04333907,-0.00955842
-0.13857405,-0.98802904,0.06779343,-0.93453972,0.1531134,0.32123491,-0.32776949,-0.01884084,-0.94456993,0.02506324,-0.03765851,-0.02380799
-0.13593808,-0.98859776,0.06477073,-0.93467251,0.14965111,0.32247759,-0.32849364,-0.01670242,-0.94435843,0.01669468,-0.03422004,-0.03521983
-0.13431855,-0.98895313,0.06269224,-0.93472918,0.14745031,0.32332618,-0.32899842,-0.01517157,-0.94420866,0.01727176,-0.03759861,-0.03467511
-0.13002304,-0.98986245,0.05715043,-0.93482133,0.14159594,0.32566784,-0.33045866,-0.01108109,-0.94375527,0.00926453,-0.03418076,-0.03095753
-0.12465515,-0.99096972,0.04939691,-0.93481705,0.13398561,0.32888432,-0.33253288,-0.00517994,-0.94307738,-0.00221378,-0.02843589,-0.03208397
-0.12193423,-0.99153109,0.04470039,-0.93481831,0.12986101,0.33053113,-0.33353673,-0.00148369,-0.94273593,0.00255396,-0.02787876,-0.02098919
-0.11657123,-0.99258353,0.03448139,-0.93460382,0.12137672,0.33434008,-0.33604571,0.00674802,-0.94182138,0.0279003,-0.03761107,-0.01160912
-0.11085976,-0.99353167,0.02459105,-0.9341132,0.11261436,0.33874822,-0.33932642,0.01458276,-0.94055544,0.03405347,-0.06787503,-0.00664458
-0.10764473,-0.99398808,0.02000632,-0.93384273,0.10799452,0.34099105,-0.34110162,0.01802314,-0.93985359,0.0504756,-0.06841528,-0.00741011
-0.10092926,-0.99482396,0.01177328,-0.9331963,0.098766,0.34552854,-0.34490287,0.02388715,-0.93833441,0.03494716,-0.05255771,-0.01247565
-0.09401876,-0.99556385,0.00360303,-0.93255748,0.08933461,0.34979393,-0.34856408,0.02952718,-0.93681964,0.02233091,-0.06623799,-0.03009986
-0.0905758807,-0.995889005,-0.000942685077,-0.932230044,0.0844532258,0.351873017,-0.35034689,0.0327500451,-0.936047069,0.0479377508,-0.0837746263,-0.0210758075
-0.07744475,-0.99681905,-0.01880984,-0.93073974,0.06552247,0.35976396,-0.35738715,0.04536895,-0.93285347,0.06375883,-0.03878832,0.01914522
-0.07475064,-0.99694079,-0.02283064,-0.93024843,0.06146598,0.36174526,-0.35923533,0.04827889,-0.93199722,0.07418248,-0.0412125,0.01234753
-0.06974393,-0.99712785,-0.02952326,-0.9292482,0.05417558,0.36546217,-0.36281311,0.05292324,-0.93035768,0.06628035,-0.04502523,0.01205104
-0.06571482,-0.9972235,-0.03502135,-0.92825912,0.04821889,0.36879483,-0.36608225,0.05674425,-0.92885049,0.04871345,-0.0136047,0.0036655
-0.06571482,-0.9972235,-0.03502135,-0.92825912,0.04821889,0.36879483,-0.36608225,0.05674425,-0.92885049,0.04871345,-0.0136047,0.0036655
-0.06250946,-0.99709796,-0.04345423,-0.9270647,0.04188276,0.37255457,-0.36965341,0.06357306,-0.92699239,0.08682936,-0.02243632,0.01422118
-0.06247609,-0.99687101,-0.04842428,-0.92626374,0.03984639,0.37476356,-0.3716614,0.06826742,-0.92585491,0.09887001,-0.03373092,0.03592332
-0.06290402,-0.99676346,-0.05005672,-0.92579058,0.03954449,0.3759628,-0.37276652,0.06999161,-0.92528172,0.07700904,-0.03361791,0.0235595
-0.06452541,-0.99654025,-0.05238066,-0.92483173,0.0399999,0.37826714,-0.37486326,0.0728512,-0.92421304,0.04052585,-0.00173652,-0.00254379
-0.06756127,-0.99618514,-0.05523207,-0.92381847,0.04155331,0.38056892,-0.37682204,0.07673614,-0.92310162,0.03357865,-0.02073491,-0.01866164
-0.06965353,-0.99592963,-0.05720617,-0.92337344,0.04266431,0.38152488,-0.37753127,0.07939721,-0.92258669,0.025601,-0.03908306,-0.01254963
-0.07437842,-0.99531161,-0.06182484,-0.92250602,0.04512678,0.38333524,-0.37874813,0.08554574,-0.92153739,0.03518276,-0.03065652,0.00198452
-0.07912845,-0.99472662,-0.06525027,-0.9215817,0.04804231,0.38520003,-0.38003396,0.09061375,-0.92052336,0.03561351,0.00732678,0.00378639
-0.08158174,-0.99446843,-0.06615665,-0.9211013,0.04987714,0.38611452,-0.38067905,0.09243693,-0.92007521,0.02622787,0.02130419,0.01979415
-0.08726741,-0.99391452,-0.06721772,-0.91994614,0.05451685,0.38823565,-0.38220858,0.09571703,-0.91910537,0.01730391,-0.03069377,0.02207307
-0.09630702,-0.99300179,-0.06835491,-0.91786148,0.06203394,0.39202305,-0.38503927,0.10049491,-0.9174124,-0.0399229,-0.04374403,-0.08201794
-0.10157195,-0.99227559,-0.07122016,-0.91696004,0.06561581,0.39354652,-0.38583344,0.10527933,-0.91654178,-0.0433025,-0.03307432,-0.0521168
-0.10715453,-0.99134027,-0.07591082,-0.91617666,0.06879663,0.39482581,-0.3861843,0.11185508,-0.91561469,0.00860244,-0.06809133,0.00887405
-0.10999263,-0.99090877,-0.07746808,-0.91568214,0.07071229,0.39563353,-0.38655881,0.11445294,-0.91513528,0.01361799,-0.08955973,-0.00619043
-0.114807985,-0.990337454,-0.077785808,-0.91467328,0.0748381969,0.39720505,-0.387545735,0.116750963,-0.914427217,0.000625710934,-0.067628324,-0.0122760534
-0.11839244,-0.9900898,-0.0755342,-0.9136979,0.07884286,0.39867273,-0.38876648,0.11621528,-0.91397736,-0.04655899,-0.02936637,-0.00913524
-0.12010871,-0.98996223,-0.07448871,-0.91322364,0.08074764,0.3993774,-0.38935378,0.11599358,-0.91375539,-0.04820739,-0.03139776,-0.02447406
-0.12739765,-0.98898527,-0.07535239,-0.9119993,0.08693742,0.400873,-0.38990655,0.11979161,-0.91302949,-0.0532659,-0.06102073,-0.01339421
-0.12898848,-0.98868292,-0.07660312,-0.91186502,0.08789942,0.40096865,-0.38969749,0.12157205,-0.91288338,-0.0325731,-0.03166074,-0.00798565
-0.13191219,-0.98818286,-0.07806201,-0.91182016,0.09007404,0.40058775,-0.38882262,0.12402095,-0.91292691,-0.01788241,-0.03536981,0.01130877
-0.134361498,-0.98795575,-0.0767498791,-0.911792091,0.0929290095,0.399999348,-0.388049341,0.123724417,-0.913296326,-0.0175535344,-0.0442057848,0.000224302523
-0.13544678,-0.98793171,-0.07513371,-0.91179348,0.09461798,0.39959987,-0.38766839,0.12263095,-0.91360539,-0.04814728,-0.03223425,-0.02006081
-0.13699751,-0.9879308,-0.07227911,-0.91192502,0.09729126,0.39865657,-0.38681301,0.12052812,-0.91424746,-0.07186823,-0.02018845,-0.03832624
-0.13833056,-0.98783125,-0.07109127,-0.91193468,0.09904506,0.39820238,-0.38631554,0.11991418,-0.91453852,-0.02599473,0.01174444,-0.0248607
-0.139298554,-0.987692011,-0.0711351755,-0.911922664,0.0999477233,0.398004218,-0.385995826,0.120311234,-0.914621292,-0.0276581086,0.0154642463,-0.000369342044
-0.1424937,-0.98704638,-0.07372314,-0.91168503,0.10188293,0.39805824,-0.38539079,0.12393305,-0.91439309,0.03165162,0.04483205,0.03442283
-0.14729859,-0.98612733,-0.07652318,-0.91134656,0.10524732,0.39795764,-0.38438309,0.12835778,-0.91420652,0.03076435,0.02799481,0.01639181
-0.15613592,-0.98477455,-0.07642357,-0.9107605,0.11359153,0.39700403,-0.38227841,0.13159018,-0.91462948,0.0117085,-0.02722847,0.01404904
-0.16584416,-0.98350652,-0.07218455,-0.90969187,0.12431506,0.39624039,-0.38073139,0.13137986,-0.91530481,-0.05258356,0.01494998,-0.02446222
-0.17223717,-0.9824242,-0.07195113,-0.90880467,0.13030217,0.39635256,-0.38001097,0.13365619,-0.91527458,-0.04751019,0.00944632,-0.01533615
-0.17921685,-0.98098374,-0.07451312,-0.90747721,0.13558565,0.39761996,-0.37995581,0.13887916,-0.91451962,-0.02325809,-0.01646596,0.03046217
-0.18290016,-0.98019606,-0.07591354,-0.90658377,0.13828441,0.39872676,-0.38033281,0.14174926,-0.91392206,-0.01811868,-0.02730966,0.03718436
-0.19051141,-0.97860133,-0.07774811,-0.90441369,0.14416543,0.40156215,-0.38176068,0.14681864,-0.91252559,-0.00121775,0.01551765,0.00798529
-0.1981937,-0.97707844,-0.07769859,-0.90207694,0.15082462,0.4043627,-0.38337519,0.15023223,-0.91129243,-0.01442063,0.06510383,0.01428138
-0.20233297,-0.97622503,-0.07775599,-0.90089941,0.15441257,0.40563157,-0.38398121,0.15212298,-0.9107233,-0.00715183,0.04857522,0.02513123
-0.21111196,-0.97433392,-0.07813458,-0.89855791,0.16198556,0.40786549,-0.38474054,0.15631376,-0.90969253,-0.01638927,0.00559634,0.05356525
-0.2201514,-0.972308949,-0.0784126217,-0.896226185,0.169877672,0.409780566,-0.385112782,0.160489241,-0.90880754,-0.0472484641,-4.60147858e-05,0.0135102943
-0.224514596,-0.971317691,-0.0783266987,-0.895148661,0.173807053,0.410487439,-0.385099991,0.162274477,-0.908495947,-0.054576382,-0.000183641911,-0.00671792403
-0.23282475,-0.96935883,-0.07833235,-0.89328715,0.18131771,0.41129291,-0.3844874,0.16573248,-0.90813103,0.00522845,0.03666431,0.03666468
-0.24108342,-0.96742366,-0.07726683,-0.89127414,0.18919204,0.41211252,-0.38406915,0.16821944,-0.90785075,0.00523494,0.02791411,0.07918198
-0.25428782,-0.9642126,-0.07504458,-0.88747757,0.20180463,0.41431678,-0.38434513,0.17195611,-0.90703351,-0.0243716,0.0260734,0.01024896
-0.26383996,-0.96163456,-0.07514963,-0.88456331,0.21015401,0.41639292,-0.38462482,0.17633569,-0.90607367,0.00600565,0.01030511,0.00106355
-0.26860091,-0.96033131,-0.07494805,-0.88303387,0.21439995,0.41747309,-0.38484364,0.17831535,-0.90559309,-0.0038175,0.01238531,0.04336184
-0.27843845,-0.95763208,-0.07357078,-0.87952339,0.22345122,0.42012862,-0.3858892,0.18168723,-0.90447721,-0.03453298,-0.06118345,0.04775327
-0.28899863,-0.95468723,-0.0710777,-0.87518357,0.23338091,0.42377712,-0.38798644,0.18467706,-0.90297334,-0.05384741,-0.07721585,0.01267043
-0.2943013,-0.95317104,-0.06965385,-0.87287317,0.2383968,0.42574566,-0.38920319,0.1860965,-0.90215791,-0.07337785,-0.05709809,-0.02284709
-0.304375433,-0.950134439,-0.067823514,-0.868384268,0.24751324,0.429704425,-0.391489775,0.18968837,-0.900418742,-0.0820173845,-0.000407397747,-0.0247551333
-0.31328416,-0.94729223,-0.06701078,-0.86400965,0.2550332,0.43410296,-0.39413239,0.19389554,-0.89836749,-0.05579157,-0.0121966,0.04078383
-0.31754436,-0.94590835,-0.06650572,-0.86158637,0.25852301,0.43684642,-0.39602341,0.19601853,-0.89707427,-0.0378543,-0.03660792,0.05482403
-0.32605237,-0.94313021,-0.06476966,-0.85610542,0.26551783,0.4433776,-0.40096534,0.20001402,-0.89399159,-0.08188629,-0.05084932,-0.00729099
-0.33394783,-0.94040773,-0.06412643,-0.85061003,0.27134909,0.45036904,-0.40612987,0.20494634,-0.89053669,-0.10158419,0.01097637,-0.07315321
-0.337665,-0.93900587,-0.06519463,-0.84816615,0.27350155,0.45366407,-0.40816239,0.20848235,-0.88878489,-0.10711206,0.01856512,-0.08455586
-0.337665,-0.93900587,-0.06519463,-0.84816615,0.27350155,0.45366407,-0.40816239,0.20848235,-0.88878489,-0.10711206,0.01856512,-0.08455586
-0.35088802,-0.93339493,-0.07517465,-0.84055516,0.27856768,0.46461481,-0.41272793,0.22621628,-0.88231597,0.01832458,-0.0358749,-0.01265506
-0.35357642,-0.93235729,-0.07545542,-0.83877686,0.28031217,0.46677449,-0.41404954,0.22833073,-0.88115149,0.02523684,-0.10100615,0.0142531
-0.35969737,-0.9302586,-0.07236359,-0.834608,0.28609615,0.47072108,-0.41718944,0.22971243,-0.87930928,0.01422106,-0.01712579,0.04227588
-0.36715937,-0.92764257,-0.06836097,-0.82996748,0.29354515,0.47432606,-0.41993802,0.23089065,-0.87769102,0.02828151,0.04068083,0.00447424
-0.37118891,-0.92610354,-0.0674608,-0.82766396,0.2970479,0.47616687,-0.42094074,0.23258275,-0.87676341,0.02874138,0.03593355,0.00365019
-0.37958204,-0.92273317,-0.06693737,-0.82288287,0.30366793,0.48025971,-0.4228249,0.23737967,-0.87456819,0.03266908,0.03431851,0.05672344
-0.388258,-0.91927795,-0.06468111,-0.81755239,0.3112029,0.48452119,-0.42528072,0.24099946,-0.8723849,0.07613516,0.05052239,0.06802867
-0.39239102,-0.91775439,-0.06128641,-0.81473583,0.31587454,0.48623937,-0.42688953,0.24072824,-0.87167371,0.03066155,0.11788601,0.05528992
-0.39989673,-0.91502046,-0.05310485,-0.80946819,0.32540123,0.48874868,-0.42993466,0.23843569,-0.87080684,-0.03878463,0.20798558,0.02039293
-0.40656252,-0.91232202,-0.04873901,-0.80507652,0.33252882,0.49119893,-0.43192447,0.2389417,-0.8696828,-0.03472633,0.22320086,0.05443333
-0.40929026,-0.91115869,-0.04765592,-0.80333745,0.33510931,0.49229116,-0.43258547,0.23977382,-0.86912485,-0.02565456,0.21565813,0.06528075
-0.41330685,-0.90946165,-0.04535366,-0.80039506,0.33908846,0.4943549,-0.43421793,0.24062111,-0.8680762,0.01030283,0.2092945,0.0887919
-0.41523038,-0.90882104,-0.04034773,-0.79814826,0.34266637,0.49551899,-0.43651229,0.23795804,-0.8676594,-0.01373391,0.23812872,0.04966428
-0.41534252,-0.90889629,-0.03739032,-0.79742715,0.3440098,0.49574909,-0.43772189,0.23572176,-0.86766047,-0.03361678,0.24740344,0.01999239
-0.414397154,-0.90947704,-0.0335607996,-0.796662418,0.344671932,0.496518041,-0.440004324,0.232492339,-0.867377232,3.19825485e-05,0.237304032,-0.0300559513
-0.41139012,-0.91075772,-0.03575495,-0.79688506,0.34035877,0.49912928,-0.44241636,0.23382947,-0.86578945,0.03744037,0.15477091,0.02062414
-0.40903949,-0.91166087,-0.03950731,-0.79725721,0.33597695,0.50149804,-0.44392265,0.23663007,-0.86425602,0.06144021,0.08040291,0.01747515
-0.4068124,-0.91261596,-0.04044483,-0.79736141,0.33313424,0.50322595,-0.44577848,0.2369677,-0.86320789,0.04647717,0.05875522,-0.03003394
-0.40556648,-0.91319818,-0.03980573,-0.79759193,0.33228012,0.50342511,-0.44650031,0.23592119,-0.86312114,0.01888818,0.05079597,-0.04558579
-0.40280817,-0.91444778,-0.03912441,-0.79856248,0.33023076,0.50323509,-0.44726215,0.23395052,-0.86326333,-0.0264473,0.00307494,-0.04841746
-0.39984988,-0.91569694,-0.04023682,-0.80010157,0.32728401,0.50271519,-0.44716593,0.2332042,-0.86351501,-0.02270244,-0.05174714,-0.00722372
-0.39433218,-0.91805282,-0.04100083,-0.80319365,0.32263112,0.50078847,-0.44652213,0.23040864,-0.86459802,0.00488571,-0.05878043,-0.0053624
-0.39017998,-0.91988882,-0.03954821,-0.80534214,0.3201437,0.49893086,-0.44629983,0.22652269,-0.86573888,0.02017171,-0.05077237,0.00491532
-0.38823201,-0.92075926,-0.03844415,-0.80619815,0.31912718,0.49819897,-0.44645281,0.22441048,-0.86620977,0.02342798,-0.04230809,0.00899425
-0.38365653,-0.92279416,-0.03547678,-0.80752686,0.31660108,0.49765864,-0.44800451,0.21957844,-0.86664714,0.06732947,-0.0233708,0.06433773
-0.38339839,-0.92292214,-0.03493323,-0.80725056,0.31649005,0.49817722,-0.44872278,0.21920023,-0.86637118,0.06674996,-0.01935107,0.07179477
-0.38392276,-0.92284562,-0.0309719,-0.80446279,0.31783136,0.50181953,-0.45325812,0.21757568,-0.86441765,0.03070565,0.04747897,0.03129343
-0.38461315,-0.92269221,-0.02667996,-0.80189568,0.31966541,0.50475474,-0.45720461,0.21552985,-0.86285042,-0.00691446,0.07355922,0.01156485
-0.38423773,-0.92291454,-0.02429189,-0.80064256,0.31999989,0.50652893,-0.45970951,0.21407666,-0.86188068,-0.00422183,0.07860798,0.02001031
-0.38381575,-0.92311083,-0.0234938,-0.800241,0.31981766,0.50727807,-0.46076014,0.21350199,-0.8614622,-0.00790738,0.09123427,0.04034799
-0.38245714,-0.92370151,-0.02240302,-0.79961458,0.31873556,0.5089441,-0.46297182,0.21256313,-0.86050787,0.00396799,0.08554274,0.02881818
-0.3807361,-0.9244598,-0.02034872,-0.79884806,0.31776084,0.51075416,-0.46570567,0.21071809,-0.85948594,-0.00366068,0.06105965,0.03708661
-0.37965772,-0.92493328,-0.01893553,-0.79840299,0.31724357,0.51177069,-0.46734654,0.20941584,-0.85891348,-0.01974731,0.03688282,0.01928262
-0.37697704,-0.9260858,-0.01591388,-0.79732659,0.31572465,0.51438136,-0.47133689,0.20659857,-0.85741376,-0.04906981,0.01305503,0.02150267
-0.37374736,-0.92743062,-0.01361018,-0.79612727,0.31323515,0.51774999,-0.47591403,0.20434316,-0.85542361,-0.04966417,-0.01203805,0.00977187
-0.37206737,-0.92811731,-0.01280797,-0.79548763,0.3117273,0.51963976,-0.47829408,0.20352961,-0.85428939,-0.04431707,-0.03320724,-0.01039097
-0.36874085,-0.92945356,-0.01207843,-0.79428975,0.30831484,0.52349361,-0.48283911,0.20262735,-0.85194369,0.0103808,-0.04503459,-0.01961302
-0.3660035,-0.93053802,-0.0118558,-0.79317257,0.30526023,0.52696635,-0.4867431,0.20227519,-0.84980355,0.03745099,-0.03642839,-0.03179447
-0.36341501,-0.93154847,-0.01211284,-0.79162231,0.30192009,0.53120452,-0.49118569,0.20263656,-0.84715682,0.04666732,-0.03302914,-0.01879349
-0.36281988,-0.93177055,-0.0128477,-0.79062288,0.3005029,0.53349162,-0.49323107,0.20371913,-0.84570752,0.04116561,-0.04445606,-0.02391094
-0.3627753,-0.93178342,-0.01317841,-0.79019804,0.30009387,0.53435071,-0.49394439,0.20426282,-0.84516007,0.03326891,-0.04611838,-0.02444691
-0.36274188,-0.93180226,-0.01276223,-0.78949506,0.30000953,0.53543611,-0.49509179,0.20430082,-0.84447931,0.00576551,-0.02403849,-0.02518021
-0.36281277,-0.93178263,-0.01216857,-0.78914228,0.30027481,0.53580736,-0.49560207,0.20400047,-0.84425262,-0.01787791,-0.03070378,-0.04209303
-0.36290664,-0.93174565,-0.0122055,-0.78907098,0.30031608,0.53588929,-0.49564697,0.20410875,-0.84420016,-0.03005426,-0.03003639,-0.04245503
-0.36307589,-0.9316636,-0.01337262,-0.78914406,0.29984087,0.53604766,-0.49540644,0.2051789,-0.84408179,-0.01135602,-0.01802546,-0.02321735
-0.36297063,-0.93168631,-0.01459202,-0.78922239,0.29906839,0.53636378,-0.49535879,0.20620065,-0.84386075,0.01371162,0.00233954,0.00103587
-0.36268141,-0.9317939,-0.01490606,-0.78933244,0.2986499,0.53643495,-0.49539515,0.20632086,-0.84380991,0.02664435,0.00964791,0.00451375
-0.36115306,-0.93240738,-0.01359184,-0.78980879,0.29810605,0.53603614,-0.49575228,0.2043261,-0.84408544,0.01490891,0.01860648,0.01382868
-0.36073975,-0.93257662,-0.01295704,-0.78997997,0.29813646,0.53576712,-0.49578089,0.20350824,-0.84426654,0.00563701,0.01944369,0.01620956
-0.35991925,-0.93291165,-0.01157556,-0.79025949,0.2982418,0.53529596,-0.49593152,0.20181101,-0.84458526,0.00406049,0.02544826,0.0253136
-0.35905166,-0.93326297,-0.01009267,-0.79034289,0.29827926,0.5351518,-0.49642698,0.20012388,-0.8446954,-0.00545356,0.01987368,0.02489943
-0.35688124,-0.93411802,-0.00769593,-0.79028459,0.29751634,0.53566244,-0.49808229,0.19724987,-0.84439707,-0.02095239,-0.00335532,0.0072576
-0.35544256,-0.93467092,-0.00713137,-0.79018617,0.29640418,0.53642369,-0.49926585,0.19630292,-0.8439187,-0.00664451,-0.02320701,-0.00668911
-0.35468853,-0.93495893,-0.00690673,-0.79016335,0.29579317,0.53679439,-0.49983777,0.1958523,-0.84368472,-0.0013563,-0.02199215,-0.01227383
-0.353394226,-0.935451894,-0.00648780595,-0.790062539,0.294741319,0.537520831,-0.500912689,0.19508258,-0.843225365,0.0145482719,-0.0308942795,-0.000543124974
-0.35217208,-0.9359187,-0.00556676,-0.78999171,0.29406203,0.53799685,-0.50188434,0.19386517,-0.84292844,-0.01055882,-0.01914948,-0.00200103
-0.35166482,-0.93611135,-0.00521617,-0.78993936,0.29375398,0.53824188,-0.50232209,0.19340124,-0.84277412,-0.00943017,-0.01652831,-0.01416164
-0.35033208,-0.93661587,-0.00424182,-0.79019217,0.29312632,0.53821298,-0.50285546,0.19190517,-0.84279807,0.00242585,0.00634664,-0.01223673
-0.34897227,-0.93712622,-0.0035513,-0.79078081,0.29243774,0.53772277,-0.50287561,0.19045868,-0.84311408,0.00848701,0.01690894,0.01268817
-0.34837708,-0.93734771,-0.00352871,-0.79103382,0.291974,0.53760261,-0.50289032,0.19007982,-0.84319076,0.01323567,0.01554269,0.01798013
-0.34734181,-0.93773216,-0.00347733,-0.79149843,0.29118329,0.5373477,-0.50287567,0.18939561,-0.84335366,0.02488867,0.02802771,0.0101509
-0.34647396,-0.93805488,-0.00295956,-0.79192427,0.29080615,0.53692429,-0.50280381,0.18837405,-0.84362518,0.00680618,0.02754992,0.01294884
-0.34622319,-0.93814778,-0.00284754,-0.79207878,0.29068735,0.53676066,-0.5027331,0.1880945,-0.84372963,0.00384828,0.01933569,0.00173159
-0.34525114,-0.93850793,-0.00208452,-0.79225611,0.29025711,0.53673177,-0.50312201,0.18695877,-0.84375023,-0.01458582,-0.00396276,0.00826109
-0.34498514,-0.93860617,-0.00187699,-0.79215361,0.29008274,0.53697724,-0.5034657,0.18673609,-0.84359449,-0.02214512,-0.0108096,0.00472544
-0.34406706,-0.93894277,-0.00209713,-0.7919316,0.28899473,0.53789071,-0.50444252,0.18673124,-0.84301202,-0.01934756,-0.02079433,-0.00391302
-0.34299134,-0.93933561,-0.0023236,-0.79174847,0.28776826,0.53881694,-0.50546131,0.1866493,-0.84241954,0.01006914,-0.03124201,0.01942787
-0.34241192,-0.93954738,-0.00224772,-0.79166147,0.28722566,0.53923434,-0.50599056,0.18641963,-0.84215296,0.01077392,-0.01886362,0.01407419
-0.34116218,-0.94000269,-0.00178802,-0.79158041,0.28626736,0.53986238,-0.50696026,0.18559602,-0.8417513,0.01872152,-0.0098117,0.00440565
-0.34007772,-0.94039602,-0.00156784,-0.79175762,0.28542489,0.5400486,-0.50741206,0.18489985,-0.84163236,0.02018625,-0.00436795,0.00969199
-0.33964712,-0.94055188,-0.00135754,-0.79182086,0.28515872,0.54009642,-0.50760161,0.18451717,-0.84160193,0.02545869,-0.00368613,-0.00327592
-0.339205781,-0.940711898,-0.000382846715,-0.79186512,0.285314536,0.539949096,-0.507827386,0.18345713,-0.841697246,0.00649650209,0.00640255213,-0.0126652028
-0.339038501,-0.940772263,0.000535756349,-0.791972835,0.28572108,0.539576138,-0.507771371,0.182512823,-0.84193651,0.00737569667,0.00673431158,0.000375645468
-0.33876987,-0.94086823,0.00134278,-0.79219279,0.28600714,0.5391015,-0.50760754,0.18156764,-0.84223962,-0.00883122,0.00720507,-0.00936467
-0.338618447,-0.940922151,0.00160766498,-0.792256671,0.286038056,0.538991047,-0.507608557,0.181238754,-0.842309576,-0.0114915418,-0.000196278095,-0.00855667889
-0.33852329,-0.94095652,0.00156613,-0.79228459,0.28593369,0.53900545,-0.50762857,0.18122517,-0.84230053,-0.00881518,-0.00360596,-0.00094147
-0.33708274,-0.94147379,0.00157238,-0.79193539,0.28444469,0.54030513,-0.50913035,0.18088227,-0.84146782,0.01190018,-0.01554102,0.02492804
-0.33594193,-0.94188015,0.00219388,-0.79139892,0.283531,0.54156987,-0.51071593,0.18019979,-0.84065289,0.03462126,-0.027547,0.02853888
-0.33577252,-0.94193914,0.00275272,-0.79131253,0.28366152,0.5416278,-0.51096125,0.17968545,-0.840614,0.02922328,-0.03063452,0.03047436
-0.33566191,-0.94197299,0.0042221,-0.79104998,0.28431009,0.54167115,-0.51144001,0.17847852,-0.84057977,0.03253088,-0.01092863,0.02182731
-0.33608362,-0.94181429,0.00579406,-0.79072154,0.28549814,0.54152583,-0.51167097,0.17741649,-0.84066409,0.02209028,0.00954694,0.01921718
-0.33633202,-0.94171867,0.00682841,-0.79051196,0.28625499,0.54143224,-0.51183153,0.17670309,-0.84071658,0.02063348,0.01574999,0.01208636
-0.33695547,-0.94147775,0.00897668,-0.79002766,0.28791218,0.54126042,-0.51216915,0.17528885,-0.84080704,0.00292067,0.01591724,0.01788898
-0.33758021,-0.941232,0.01103597,-0.7893716,0.2894622,0.54139085,-0.51276891,0.17405139,-0.84069851,-0.01326889,0.02219003,0.00360891
-0.33834986,-0.94092705,0.01324854,-0.78807435,0.2910231,0.5424429,-0.51425485,0.17309468,-0.83998809,-0.03321822,0.0196119,-0.01302665
-0.33853459,-0.94085814,0.01342942,-0.7872665,0.29102931,0.54361147,-0.51536962,0.17345873,-0.83922959,-0.0103697,0.02704614,-0.02181477
-0.33860053,-0.94083841,0.0131441,-0.78699377,0.29083459,0.54411032,-0.51574265,0.17389172,-0.83891071,-0.00920309,0.02636701,-0.02429032
-0.33841434,-0.94091468,0.01245046,-0.78659158,0.29012242,0.54507111,-0.51647762,0.17466654,-0.83829713,0.00206528,0.0269503,-0.01312624
-0.33775379,-0.94115879,0.01194721,-0.78654844,0.28919485,0.54562626,-0.51697598,0.17489022,-0.83794366,0.01242074,0.01289433,-0.0063418
-0.33728256,-0.9413274,0.0119683,-0.78669091,0.28881267,0.54562319,-0.51706665,0.17461382,-0.8379452,0.00690512,0.00589401,-0.00135417
-0.33605052,-0.94176732,0.01201462,-0.78725373,0.28787228,0.54530827,-0.51701219,0.17379258,-0.83814946,0.00580596,-0.00289214,0.00327454
-0.33459378,-0.94227944,0.01250263,-0.7882166,0.28711002,0.54431825,-0.51648956,0.17227075,-0.83878551,0.00919708,-0.01502734,0.01206062
-0.33386468,-0.94253385,0.01280784,-0.78873061,0.28677352,0.54375069,-0.51617644,0.17143729,-0.83914883,0.01571489,-0.01139981,0.01425279
-0.33253804,-0.94299092,0.01365049,-0.78965223,0.28631985,0.54265106,-0.51562347,0.16967305,-0.8398471,0.00569993,-0.0080176,0.02381593
-0.33131745,-0.94340586,0.01462717,-0.79022632,0.28592587,0.54202276,-0.51552977,0.16802287,-0.84023636,0.00699235,-0.00832123,0.02146175
-0.33076039,-0.94359196,0.0152221,-0.79036198,0.28579015,0.54189658,-0.51567959,0.16720697,-0.84030726,0.0115043,-0.00956982,0.01767183
-0.3299352,-0.94386448,0.01620404,-0.79024619,0.28554503,0.54219459,-0.5163852,0.16608391,-0.84009666,0.00914871,-0.00358081,0.01648247
-0.329431799,-0.94402672,0.0169747092,-0.789683106,0.285337426,0.54312346,-0.517566597,0.165517524,-0.839481166,0.0119939791,-0.00607556105,1.64117664e-05
-0.32926202,-0.94407841,0.01739277,-0.78927473,0.28528918,0.54374213,-0.51829717,0.16530595,-0.83907212,0.00793984,-0.00624454,0.00238315
-0.32901275,-0.94415773,0.01779698,-0.78829196,0.28497713,0.54532907,-0.5199484,0.16539101,-0.83803305,0.00406675,-0.0026564,-0.00687133
-0.32878472,-0.94423574,0.01786685,-0.7874352,0.28453314,0.54679664,-0.52138869,0.16570946,-0.83707459,0.0033572,0.00595337,-0.00806479
-0.32830813,-0.94440239,0.0178273,-0.78636126,0.28372622,0.54875801,-0.52330647,0.16614304,-0.83579107,0.00873422,0.01850444,-0.01291412
-0.32784226,-0.94456893,0.01757517,-0.78597768,0.2830257,0.54966853,-0.52417406,0.1663909,-0.83519787,0.01036252,0.01309329,-0.02352935
-0.327525831,-0.944682669,0.0173605588,-0.785944201,0.282596804,0.549937003,-0.524422013,0.166474169,-0.835025611,-0.000619194005,0.0140329003,-0.0197572298
-0.3269197,-0.94490292,0.01678789,-0.78598751,0.28171543,0.55032714,-0.52473516,0.16671776,-0.8347802,0.00644425,0.00595897,-0.02093007
-0.32605612,-0.9452091,0.01633841,-0.78631614,0.28075811,0.55034689,-0.52478008,0.16659688,-0.83477605,0.003317,0.01439756,-0.01108175
-0.32560764,-0.94536643,0.01617579,-0.7865437,0.28032039,0.55024477,-0.5247174,0.16644102,-0.83484645,-0.00256395,0.01030058,-0.00208122
-0.32461123,-0.94571638,0.01573879,-0.78711047,0.27932322,0.54994131,-0.52448479,0.16612906,-0.83505469,,,
-0.32364694,-0.94605349,0.01533977,-0.78763906,0.27836574,0.54967002,-0.52428734,0.16581686,-0.83524089,-0.00793962,-0.01368076,0.00146957
-0.323161074,-0.946226441,0.0149087968,-0.787898595,0.277747788,0.549610661,-0.524197057,0.165866197,-0.835287743,-0.000482358388,-0.0243835449,-0.00106033846
-0.32231789,-0.94652734,0.01404558,-0.78830805,0.27659554,0.54960475,-0.52410085,0.16607517,-0.83530682,0.00370271,-0.02489966,0.00874602
-0.32095017,-0.94699507,0.01383157,-0.78857498,0.2752907,0.54987683,-0.52453835,0.16557583,-0.83513122,0.00778396,-0.01873457,0.01215914
-0.32022456,-0.94723963,0.0139036,-0.78858447,0.27466497,0.55017605,-0.5249674,0.16521572,-0.83493292,0.00471704,-0.02215713,0.01702932
-0.31993932,-0.94733908,0.01368508,-0.78848888,0.27424465,0.55052251,-0.52528459,0.16534332,-0.83470797,0.0159916,-0.01989943,0.0110099
-0.31978379,-0.9473909,0.01374836,-0.78844198,0.27412273,0.5506506,-0.52545006,0.16524929,-0.83462278,0.02005771,-0.01307893,0.00607329
-0.3196404,-0.94742851,0.01445502,-0.78825632,0.2743433,0.55080629,-0.52581528,0.16466576,-0.8345077,,,
-0.3196264,-0.94742375,0.01507896,-0.78791714,0.27458683,0.55117033,-0.52633231,0.16428758,-0.83425663,0.00505493,0.0027954,-0.01023402
-0.31956921,-0.94743876,0.01533505,-0.78780329,0.27464785,0.55130251,-0.52653714,0.16409834,-0.83416436,-0.00481566,0.00919479,-0.01209225
-0.31960839,-0.94742596,0.01530903,-0.78748262,0.27456887,0.55179975,-0.52699283,0.16430428,-0.83383599,-0.00589707,0.00393265,-0.01220849
-0.31951814,-0.94745813,0.0152037,-0.78722567,0.27434416,0.55227799,-0.52743133,0.16449412,-0.83352129,-0.00275122,0.01065701,-0.01490973
-0.31945506,-0.94748207,0.01503666,-0.78712455,0.27415713,0.55251494,-0.52762043,0.16466799,-0.83336727,-0.00452336,0.00558025,-0.01233936
-0.31878232,-0.94771957,0.01433612,-0.78708375,0.27311611,0.55308843,-0.52808814,0.16503107,-0.83299926,0.00920463,0.00324446,-0.00521871
-0.31852378,-0.94780819,0.01421773,-0.7872336,0.27285599,0.55300345,-0.52802061,0.1649521,-0.83305757,0.00826681,0.00409025,-0.00802063
-0.31787744,-0.94802818,0.01402333,-0.78766455,0.27228199,0.55267274,-0.5277676,0.16463647,-0.83328051,0.01582935,0.00238591,-0.00279311
-0.31787744,-0.94802818,0.01402333,-0.78766455,0.27228199,0.55267274,-0.5277676,0.16463647,-0.83328051,0.01582935,0.00238591,-0.00279311
-0.31687509,-0.94836157,0.0141563,-0.78854164,0.27171003,0.55170253,-0.52705991,0.16365799,-0.83392071,0.01718332,-0.00855929,0.01296055
-0.31670594,-0.94841873,0.01410401,-0.78892553,0.27164327,0.55118622,-0.52658666,0.16343702,-0.83426276,0.01069713,-0.00632894,0.01196518
-0.31673279,-0.94841253,0.01392112,-0.7890138,0.27158903,0.55108665,-0.52643835,0.16356332,-0.83433171,0.01445276,-0.00584024,0.00745646
-0.31670904,-0.94841661,0.01417349,-0.78884026,0.27166013,0.5512999,-0.52671243,0.16342116,-0.83418639,-0.00288514,-0.01434952,-0.00647384
-0.31671572,-0.94841131,0.01439359,-0.78871495,0.27175498,0.55143266,-0.5268965,0.16329494,-0.83409525,0.00129678,-0.00118309,-0.00868048
-0.31671572,-0.94841131,0.01439359,-0.78871495,0.27175498,0.55143266,-0.5268965,0.16329494,-0.83409525,0.00129678,-0.00118309,-0.00868048
-0.31665248,-0.94843854,0.01398261,-0.78847827,0.27138434,0.55195339,-0.52728854,0.16375243,-0.8337577,0.0149234,-0.00388688,0.00252742
-0.31655922,-0.94847102,0.01388818,-0.78835141,0.27120422,0.55222302,-0.52753409,0.16386255,-0.83358066,0.01796057,-0.00911981,-0.00212615
-0.316535372,-0.948474046,0.0142218023,-0.788222871,0.271336645,0.552341457,-0.527740448,0.163625681,-0.833496574,0.010977054,0.00506728888,-0.000880259555
-0.31667092,-0.948421146,0.0147242977,-0.788146866,0.271730356,0.552256373,-0.527772671,0.163278639,-0.833544251,0.00808435492,-0.00100171566,-0.00091443304
-0.31671306,-0.94839875,0.01525428,-0.78801182,0.27203592,0.55229871,-0.52794911,0.16289965,-0.83350675,,,
-0.31674911,-0.94838426,0.01540163,-0.78791174,0.27212412,0.55239795,-0.52807669,0.16283646,-0.83343816,-0.00169276,0.00443536,-0.00179894
-0.31687831,-0.94834234,0.01531853,-0.78775776,0.27214713,0.55260609,-0.5282287,0.16304167,-0.83330153,0.00454282,0.00122041,0.00214173
-0.31675198,-0.94838542,0.01526806,-0.78771323,0.27198776,0.55274809,-0.52837099,0.16305724,-0.83320839,0.00881373,0.00139111,0.00340283
-0.31659239,-0.94843821,0.01530222,-0.78777379,0.2718796,0.55271503,-0.52837643,0.16293071,-0.83322977,0.00574684,0.00141829,0.00489301
-0.316529156,-0.948458071,0.0153784953,-0.787808046,0.271876508,0.552667714,-0.528363222,0.162820165,-0.833259734,0.0100169508,0.000503957272,0.00222960813
-0.31624888,-0.94854281,0.0159073,-0.78787941,0.27194907,0.55253024,-0.52842459,0.16220407,-0.83334093,0.01041999,0.00205153,-0.00273769
-0.316155626,-0.948570836,0.0160971683,-0.787910821,0.271983414,0.552468671,-0.528433806,0.16198291,-0.833378324,0.00602713227,0.000881016254,-0.00307328347
-0.31596851,-0.94862867,0.01635504,-0.78790561,0.27196032,0.55248738,-0.52855331,0.1616824,-0.83336074,0.00533481,0.0021289,0.00781723
-0.31587505,-0.94865865,0.01642299,-0.78786907,0.27190286,0.55256779,-0.52866367,0.16160321,-0.83330614,0.01072961,0.00517648,0.01160118
-0.31601275,-0.94860922,0.01662943,-0.78750405,0.27203796,0.55302148,-0.5291251,0.16166607,-0.83300107,0.01453004,0.00600952,0.01259642
-0.31614997,-0.94855901,0.01687677,-0.78716149,0.2722037,0.55342735,-0.52955245,0.16168134,-0.8327263,,,
-0.31621871,-0.94853353,0.0170208,-0.78700144,0.27230194,0.55360663,-0.52974928,0.16166543,-0.8326042,,,
-0.31629239,-0.94850456,0.01726333,-0.78664761,0.27240323,0.55405947,-0.53023056,0.16166469,-0.8322979,,,
