0,1,2,3,4,5,6,7,8,9,10,11,12,13,14
-0.99798888,-0.04650078,0.04307729,0.04710346,-0.99880423,0.01308219,0.04241746,0.01508497,0.99898609,0.00319605,0.00236613,0.00417882,,,
-0.9979889,-0.0464555,0.04312212,0.04706245,-0.99880489,0.01316776,0.04245888,0.01517072,0.99898303,,,,,,
-0.997988897,-0.0464554961,0.0431221164,0.0470624458,-0.998804888,0.0131677633,0.042458877,0.0151707177,0.998983029,0.00138149061,-0.000949382782,0.0054960344,,,
-0.99798148,-0.04649586,0.04325366,0.04710816,-0.99880186,0.01324575,0.04258597,0.01525662,0.99897631,,,,,,
-0.99798152,-0.046494,0.04325565,0.04710999,-0.99880067,0.01333141,0.04258395,0.01534228,0.99897509,,,,,,
-0.99797768,-0.04653682,0.04329901,0.04715335,-0.99879871,0.01332755,0.04262678,0.01534229,0.99897326,,,,,,
-0.99797364,-0.0465777855,0.0433443613,0.0471985303,-0.998795325,0.0134092353,0.0426675813,0.0154278564,0.998970199,-0.00329732709,-0.00498062372,-0.000702067511,,,
-0.99797384,-0.04657964,0.04334237,0.04719671,-0.99879676,0.01332369,0.0426696,0.01534231,0.99897143,-0.00179246,-0.00493211,0.0063658,,,
-0.997973565,-0.0466249436,0.043297539,0.0472376971,-0.998795852,0.013237997,0.0426281859,0.0152564485,0.998974513,0.000921937404,-0.0018633008,0.00743026333,,,
-0.99797354,-0.0466268,0.04329554,0.04723587,-0.99879704,0.01315234,0.04263021,0.01517079,0.99897573,0.00330118,-0.00494403,0.0051757,,,
-0.99797736,-0.04662927,0.04320736,0.04723352,-0.99879834,0.01307062,0.04254596,0.01508502,0.99898062,,,,,,
-0.99798071,-0.04671861,0.04303349,0.04731683,-0.99879548,0.01298885,0.04237484,0.01499883,0.99898919,,,,,,
-0.99798407,-0.04676817,0.04289845,0.0473537,-0.99879686,0.01273561,0.04225122,0.01474134,0.99899826,0.00316024,-0.00469995,0.00486271,,,
-0.99798411,-0.04681528,0.04285159,0.04739292,-0.99879741,0.01256426,0.04221185,0.01456979,0.99900244,,,,,,
-0.99798754,-0.04681953,0.04276138,0.0473888,-0.99879946,0.01239677,0.04212964,0.01439823,0.9990084,0.00321045,-0.0045653,-0.001658,,,
-0.9979837,-0.04686238,0.04280472,0.04743214,-0.99879748,0.01239292,0.04217249,0.01439825,0.99900659,,,,,,
-0.99797521,-0.04707283,0.0427689,0.04765275,-0.99878373,0.01264214,0.04212179,0.0146546,0.999005,0.0009995,-0.00410664,0.0043745,,,
-0.99797112,-0.04715726,0.04277142,0.04774074,-0.99877849,0.01272393,0.04211916,0.01474006,0.99900386,,,,,,
-0.99797111,-0.04719886,0.04273061,0.04778538,-0.99877547,0.01280976,0.04207368,0.01482567,0.99900451,0.00126825,-0.00166267,0.00464635,,,
-0.997970623,-0.0472838975,0.0426469499,0.0478728467,-0.99877014,0.0128954051,0.0419847574,0.0149108671,0.99900698,0.000322314561,0.0020544529,0.0048280214,,,
-0.99796679,-0.0473249,0.04269233,0.047918,-0.99876696,0.01297721,0.04202555,0.01499655,0.99900398,0.00342139,-0.00541979,0.00461375,,,
-0.99796632,-0.04736651,0.04265152,0.04796263,-0.99876347,0.01306274,0.04198005,0.01508186,0.99900461,,,,,,
-0.99796632,-0.04736651,0.04265152,0.04796263,-0.99876347,0.01306274,0.04198005,0.01508186,0.99900461,,,,,,
-0.997966339,-0.0473646823,0.0426535472,0.0479644273,-0.998762277,0.013148403,0.0419779935,0.0151675197,0.9990034,0.00619882531,-0.00389909744,0.000792606908,,,
-0.99796253,-0.04740568,0.04269893,0.04800958,-0.9987591,0.0132302,0.04201877,0.0152532,0.99900038,,,,,,
-0.99796236,-0.0474454597,0.0426601719,0.0480560055,-0.998754651,0.01340152,0.0419712073,0.0154242912,0.998999754,-0.000706664519,-5.24520874e-05,0.00638528494,,,
-0.99795852,-0.04748828,0.04270353,0.04809937,-0.99875267,0.01339765,0.04201404,0.01542432,0.99899795,,,,,,
-0.99795473,-0.04752926,0.04274893,0.04814453,-0.99874949,0.01347945,0.0420548,0.01551,0.99899491,,,,,,
-0.99795449,-0.04757271,0.0427061,0.04818734,-0.99874742,0.01347945,0.04201135,0.01550977,0.99899674,0.00123467,-0.00384915,0.0035234,,,
-0.99795406,-0.04761433,0.04266531,0.04823195,-0.99874393,0.01356499,0.04196584,0.01559507,0.99899733,,,,,,
-0.99795406,-0.04761433,0.04266531,0.04823195,-0.99874393,0.01356499,0.04196584,0.01559507,0.99899733,,,,,,
-0.99795382,-0.04765778,0.04262248,0.04827477,-0.99874186,0.01356499,0.04192239,0.01559483,0.99899916,-0.00116849,-0.00446588,0.00338045,,,
-0.99795401,-0.04765961,0.04262045,0.04827298,-0.99874329,0.01347945,0.04192446,0.01550928,0.9990004,0.00111864,-0.00407118,0.00426911,,,
-0.9979614,-0.04761924,0.04248885,0.04822728,-0.9987464,0.01340152,0.04179742,0.01542333,0.99900706,,,,,,
-0.99796133,-0.04762289,0.04248477,0.04822369,-0.99874879,0.0132302,0.04180156,0.015252,0.99900951,0.00132423,-0.00384337,0.00425333,,,
-0.99796512,-0.04762714,0.0423945,0.04821959,-0.99875135,0.01306287,0.04171942,0.01508053,0.99901555,,,,,,
-0.99796511,-0.04762896,0.04239246,0.0482178,-0.99875254,0.01297721,0.04172149,0.01499487,0.99901675,0.00126524,-0.00560278,0.0013506,,,
-0.997964864,-0.0476307777,0.0423904116,0.0482160043,-0.998753491,0.0128914248,0.0417235533,0.0149090887,0.99901795,0.000421099627,-0.00583034754,3.27302332e-05,,,
-0.99796534,-0.04758734,0.04243326,0.04817318,-0.99875578,0.01289154,0.04176699,0.01490945,0.99901613,,,,,,
-0.99796535,-0.04754573,0.04247405,0.04812855,-0.9987588,0.01280575,0.04181249,0.01482392,0.9990155,0.00318573,-0.00598359,-0.00106378,,,
-0.99796583,-0.04750229,0.0425169,0.04808572,-0.99876109,0.01280587,0.04185592,0.01482428,0.99901367,,,,,,
-0.99796967,-0.04746129,0.04247151,0.04804058,-0.99876428,0.01272389,0.04181514,0.01473842,0.99901665,,,,,,
-0.99797015,-0.04741785,0.04251436,0.04799775,-0.99876657,0.01272401,0.04185857,0.01473878,0.99901483,,,,,,
-0.997970154,-0.0473744237,0.0425572001,0.0479549115,-0.998768396,0.0127238938,0.0419020019,0.0147388939,0.999013007,0.000828976452,-0.00257480145,0.00697811088,,,
-0.99797041,-0.04733282,0.04259802,0.04791028,-0.99877165,0.01263835,0.04194748,0.01465359,0.99901235,,,,,,
-0.997970676,-0.0473346469,0.0425959902,0.0479084874,-0.99877308,0.0125526935,0.0419495414,0.0145679264,0.999013519,0.000205663906,-0.00576555729,0.0045429091,,,
-0.99797404,-0.04729181,0.04255264,0.04786514,-0.99877459,0.01255643,0.04190669,0.01456779,0.99901532,0.00556839,-0.00287026,0.00288209,,,
-0.99797479,-0.04725021,0.04259347,0.04782051,-0.99877832,0.0124709,0.04195217,0.01448248,0.99901465,0.00367937,0.00212777,0.00451242,,,
-0.99798207,-0.04716818,0.04250274,0.04773023,-0.99878421,0.01230716,0.04187057,0.014311,0.99902055,0.00159168,-0.00539112,0.00223179,,,
-0.99798284,-0.04708316,0.04258643,0.04764275,-0.99878976,0.01222152,0.04195946,0.0142258,0.99901803,,,,,,
-0.99798698,-0.04695529,0.04262679,0.04751191,-0.99879683,0.01213961,0.04200548,0.01414046,0.99901731,,,,,,
-0.99798716,-0.04691004,0.04267166,0.04747087,-0.9987977,0.01222541,0.04204686,0.01422646,0.99901435,,,,,,
-0.997987828,-0.0467779466,0.0428022271,0.0473441486,-0.998802723,0.012311127,0.0421750937,0.0143127905,0.99900771,-0.000697450829,-0.00529229641,0.00288591278,,,
-0.997992144,-0.0466916806,0.0428017493,0.0472579688,-0.998807012,0.0123150014,0.0421756702,0.0143129956,0.999007683,-0.000754736597,-0.00330078602,0.00530865416,,,
-0.99799214,-0.04669168,0.04280175,0.04725797,-0.99880701,0.012315,0.04217567,0.014313,0.99900768,,,,,,
-0.9979958,-0.04660725,0.04279926,0.04716997,-0.99881178,0.01223309,0.04217826,0.01422742,0.9990088,0.00315625,-0.0030368,0.00289383,,,
-0.99799976,-0.04656807,0.04275193,0.04712303,-0.99881614,0.01206561,0.04213945,0.01405608,0.99901286,,,,,,
-0.99800344,-0.04652705,0.0427066,0.04707788,-0.99881907,0.01198368,0.04209861,0.01397029,0.99901578,,,,,,
-0.99801111,-0.04644135,0.04261994,0.04699122,-0.99882304,0.01199136,0.04201289,0.01397028,0.99901939,,,,,,
-0.99801527,-0.04635691,0.04261748,0.04690324,-0.99882828,0.01190956,0.04201546,0.01388483,0.99902048,,,,,,
-0.99801911,-0.04627064,0.042617,0.04681705,-0.9988321,0.01191331,0.04201601,0.01388492,0.99902045,,,,,,
-0.99802327,-0.0461862,0.04261456,0.04672907,-0.99883734,0.01183151,0.04201857,0.01379947,0.99902153,0.00201433,-0.00469685,0.00437592,,,
-0.998023608,-0.0461446207,0.0426554443,0.0466844078,-0.998840597,0.011745762,0.0420639871,0.0137138923,0.999020796,-0.000204187381,-0.00483518839,0.00487170881,,,
-0.99802755,-0.04606019,0.042653,0.04659642,-0.9988456,0.01166379,0.04206653,0.01362826,0.99902186,,,,,,
-0.99802792,-0.04601494,0.04269785,0.04655537,-0.99884672,0.01174966,0.04210794,0.01371431,0.99901894,0.00195471,-0.00497162,0.00275179,,,
-0.998027925,-0.0460149442,0.0426978503,0.046555372,-0.998846716,0.0117496646,0.0421079427,0.0137143063,0.999018938,-0.000121803954,-0.00141441822,0.00555553939,,,
-0.99802792,-0.04597153,0.04274071,0.04651251,-0.99884855,0.01174958,0.04215136,0.01371439,0.99901711,,,,,,
-0.99802793,-0.04592812,0.04278358,0.04646965,-0.99885038,0.01174962,0.04219476,0.01371459,0.99901527,0.00430634,0.00179029,0.00494424,,,
-0.998027926,-0.0459281175,0.0427835776,0.04646965,-0.998850382,0.0117496199,0.0421947641,0.0137145894,0.999015271,0.00501183094,-0.00197672844,0.000287109724,,,
-0.99802793,-0.04592812,0.04278358,0.04646965,-0.99885038,0.01174962,0.04219476,0.01371459,0.99901527,0.0019467,-0.00447583,0.00348056,,,
-0.99802409,-0.04601439,0.04278404,0.04655583,-0.99884657,0.01174575,0.04219422,0.01371439,0.9990153,0.00457672,-0.00287759,0.00375955,,,
-0.99802039,-0.04601199,0.0428722,0.04655812,-0.99884548,0.01182761,0.0422785,0.01380025,0.99901055,0.00230273,0.00446981,-0.00186794,,,
-0.99802039,-0.04601199,0.0428722,0.04655812,-0.99884548,0.01182761,0.0422785,0.01380025,0.99901055,,,,,,
-0.998016709,-0.0460095963,0.0429603722,0.0465604108,-0.998844391,0.0119095989,0.0423627747,0.0138862324,0.99900579,0.00075999531,-0.00292468071,0.00510452129,,,
-0.99801255,-0.0460506,0.04300567,0.04660555,-0.99884099,0.0119913,0.04240364,0.01397178,0.99900286,0.00391624,-0.00579113,0.00262045,,,
-0.99800919,-0.04609346,0.04304901,0.04664889,-0.9988395,0.01198758,0.0424465,0.0139719,0.99900104,0.00273976,-0.00621855,0.00296156,,,
-0.99800535,-0.04613631,0.04309234,0.04669222,-0.99883753,0.01198374,0.04248935,0.01397191,0.99899922,,,,,,
-0.9980012,-0.04617731,0.04313765,0.04673737,-0.99883414,0.01206555,0.04253021,0.01405758,0.99899628,,,,,,
-0.99800137,-0.04617546,0.04313963,0.0467392,-0.99883319,0.01215122,0.04252821,0.01414324,0.99899516,0.00111518,-0.00318485,0.00435199,,,
-0.998001074,-0.0462170317,0.0430987574,0.0467838687,-0.998829909,0.0122369586,0.0424827793,0.0142288267,0.998995873,-0.000382257451,-0.00361269712,0.00364978774,,,
-0.99800089,-0.0462623,0.04305392,0.04682489,-0.99882902,0.01215126,0.04244137,0.01414296,0.99899885,,,,,,
-0.99799688,-0.04639384,0.04300955,0.04695211,-0.99882431,0.01206168,0.0423994,0.0140569,0.99900185,,,,,,
-0.9980004,-0.04639808,0.04291938,0.04694799,-0.99882635,0.01189416,0.04231715,0.01388536,0.99900774,0.00139224,-0.00438696,0.00606898,,,
-0.99800011,-0.04648859,0.04282967,0.04703008,-0.99882458,0.01172266,0.04223436,0.0137135,0.99901361,,,,,,
-0.997999842,-0.0465790779,0.0427399412,0.0471121757,-0.998822812,0.011551217,0.0421515832,0.0135416844,0.999019453,0.0056551178,-0.00173842907,0.000189228012,,,
-0.99799961,-0.04662615,0.04269307,0.04715142,-0.99882289,0.01137975,0.04211222,0.01337002,0.99902342,-0.00317159,-0.00734437,0.00646195,,,
-0.99799557,-0.04671608,0.0426895,0.04723399,-0.99882098,0.01120443,0.04211574,0.01319837,0.99902556,0.00177817,0.00152326,-0.00631073,,,
-0.997995394,-0.0467197446,0.0426854884,0.0472303716,-0.998822887,0.011032865,0.0421197988,0.0130268023,0.99902764,0.000818121887,-0.00486832857,0.00476847682,,,
-0.99799549,-0.04672341,0.04268148,0.04722676,-0.99882503,0.01086142,0.04212385,0.01285536,0.99902969,,,,,,
-0.99799543,-0.04672524,0.04267947,0.04722495,-0.99882598,0.01077563,0.04212588,0.01276957,0.9990307,,,,,,
-0.99799533,-0.0467289,0.04267546,0.04722133,-0.99882789,0.01060407,0.04212993,0.01259801,0.99903271,0.00351573,-0.00480044,0.00156685,,,
-0.99799217,-0.04673024,0.04275965,0.04721994,-0.99882941,0.01051452,0.04221824,0.01251251,0.99903006,,,,,,
-0.99798833,-0.04677312,0.04280295,0.04726324,-0.99882743,0.01051067,0.04226113,0.01251253,0.99902824,,,,,,
-0.9979883,-0.04677496,0.04280094,0.04726142,-0.99882839,0.01042489,0.04226316,0.01242675,0.99902923,0.0045382,-0.00605726,0.00241525,,,
-0.99798443,-0.04677814,0.04288311,0.0472582,-0.99883016,0.01024937,0.0423535,0.01225529,0.99902752,,,,,,
-0.99798011,-0.04686441,0.04288351,0.04734437,-0.99882587,0.01024549,0.04235301,0.01225509,0.99902754,,,,,,
-0.997980104,-0.0468680887,0.042879481,0.0473407369,-0.998827776,0.0100739276,0.0423570804,0.0120835281,0.999029462,-0.000399926212,-0.00503617525,0.00678958045,,,
-0.997980122,-0.046871771,0.0428754562,0.0473370995,-0.998829682,0.00990236082,0.0423611458,0.0119119612,0.99903135,-0.000905605557,-0.00506174564,0.00332709053,,,
-0.99798017,-0.04691883,0.04282852,0.04737637,-0.99882975,0.00973077,0.04232184,0.01174018,0.99903505,0.00620304,-0.00156361,-0.00269339,,,
-0.9979803,-0.04688098,0.04286539,0.047328,-0.99883445,0.00947332,0.04237131,0.01148292,0.99903594,,,,,,
-0.99797652,-0.04692573,0.04290665,0.04736946,-0.99883343,0.00938363,0.04241626,0.0113971,0.99903502,0.00811231,-0.00452667,0.00194139,,,
-0.99797227,-0.04701937,0.04289892,0.04744835,-0.99883271,0.00903637,0.04242397,0.01105353,0.99903855,,,,,,
-0.99796827,-0.04711117,0.0428932,0.04752906,-0.99883128,0.00877503,0.04242967,0.01079587,0.99904113,-0.00341699,-0.0014751,0.00753526,,,
-0.99796357,-0.04729516,0.04279547,0.04769016,-0.99882784,0.00825588,0.04235486,0.01027999,0.99904974,0.00553064,0.00271004,0.00441517,,,
-0.99795163,-0.04751615,0.04283321,0.0479003,-0.99882015,0.00798656,0.04240318,0.01002192,0.99905031,-0.00202336,-0.00540459,0.01069343,,,
-0.997947413,-0.0476079393,0.0428273698,0.0479810088,-0.998818244,0.0077250899,0.0424089883,0.00976413503,0.999052621,-0.000804366893,-0.0101570487,0.00600487227,,,
-0.99794662,-0.04779408,0.04264118,0.04814006,-0.99881519,0.00712369,0.04225019,0.00916181,0.99906505,-0.00164597,-0.00377607,0.00490119,,,
-0.99794553,-0.04798193,0.04245281,0.0482974,-0.99881216,0.00643623,0.04209356,0.00847337,0.99907774,,,,,,
-0.99794145,-0.04807733,0.04244269,0.04837452,-0.99881121,0.00600244,0.04210366,0.00804323,0.99908087,-0.00518077,-0.00556105,0.00481677,,,
-0.99793684,-0.04822147,0.04238331,0.04848919,-0.99880938,0.00531076,0.04207676,0.00735494,0.99908731,,,,,,
-0.99794035,-0.04827958,0.04223749,0.04851754,-0.99881155,0.00462653,0.04196393,0.00666626,0.99909689,-0.0019659,-0.00481254,-0.00384962,,,
-0.99794011,-0.04832829,0.04218823,0.04855514,-0.99881092,0.00436848,0.04192694,0.00640793,0.99910013,0.00563029,-0.00223547,-0.00269718,,,
-0.99793979,-0.04838061,0.04213478,0.04858913,-0.99881101,0.00393826,0.04189415,0.00597744,0.99910417,,,,,,
-0.9979353,-0.04852281,0.04207723,0.0487057,-0.99880753,0.00333173,0.0418654,0.00537425,0.99910881,0.00210658,-0.00199026,0.00715477,,,
-0.99793977,-0.04842417,0.04208472,0.04854577,-0.99881911,0.00187177,0.04194439,0.00391095,0.99911229,-0.00404723,-0.00490421,0.00417034,,,
-0.997939811,-0.0484332422,0.0420742752,0.0485367241,-0.998820304,0.00144087176,0.0419548566,0.00348005091,0.999113447,0.000425598089,0.00509274006,-0.00479884958,,,
-0.997948047,-0.0482734045,0.0420596795,0.0483516956,-0.998829836,0.000845548797,0.0419696527,0.00287747092,0.999114742,0.0,0.0,0.0,0.0,0.0,0.0
-0.997948047,-0.0482734045,0.0420596795,0.0483516956,-0.998829836,0.000845548797,0.0419696527,0.00287747092,0.999114742,0.0,0.0,0.0,0.0,0.0,0.0
-0.997956775,-0.0480722333,0.0420862169,0.0481217488,-0.998841422,0.000163649449,0.0420295916,0.00218857748,0.999113969,0.0024012092,-0.0118443966,0.00220837281,,,
-0.997964943,-0.0479087799,0.0420759664,0.0479403171,-0.99885,-0.000259744595,0.0420400301,0.0017579193,0.999114381,-0.00215551048,-0.00748997927,-0.000219305453,,,
-0.997977344,-0.0477022066,0.0420227263,0.0477158293,-0.998860815,-0.000679355114,0.0420072574,0.00132716819,0.999116424,0.0,0.0,0.0,0.0,0.0,0.0
-0.997981116,-0.0476195624,0.0420186921,0.0476260142,-0.998864628,-0.000848043008,0.0420113792,0.00115485196,0.999116465,0.00409153663,0.00223052502,0.00602718815,,,
-0.997997397,-0.0473729814,0.0419189684,0.0473553435,-0.998877207,-0.00141420024,0.0419388927,0.000573719033,0.999120013,0.00508676097,-0.00393474102,0.00724451058,,,
-0.998009193,-0.0471683947,0.0418636447,0.0471288265,-0.998886836,-0.00193214246,0.0419081844,4.46884031e-05,0.999121465,0.000879439001,-0.00498509407,-0.00294459797,,,
-0.998017101,-0.0470876645,0.0417713015,0.0470371924,-0.998890848,-0.00219085076,0.0418281282,-0.000221701642,0.999124796,-0.0009821821,-0.00148373842,-0.00596938003,,,
-0.99802174,-0.0468775846,0.0418947706,0.0468160045,-0.998900561,-0.00245031321,0.0419635731,-0.000484120032,0.999119024,0.00614314014,0.00990140438,-0.00327046751,,,
-0.998012316,-0.0465308882,0.0425009616,0.0464722917,-0.998916796,-0.00236621195,0.0425650256,-0.000386391556,0.999093624,-0.00240056729,-0.00729972124,-0.000564990973,,,
-0.998005894,-0.0462685134,0.0429365058,0.0462168759,-0.998929059,-0.00219505697,0.0429920836,-0.000206288586,0.999075392,0.00228721206,-0.00728923082,-0.00328387227,,,
-0.997998703,-0.046090414,0.0432876753,0.0460497283,-0.99893705,-0.00193711308,0.0433309545,6.01491413e-05,0.999060771,0.00631841738,0.00717794895,0.00132544129,,,
-0.997999102,-0.0459591986,0.0434191307,0.0459221319,-0.998943145,-0.00185125759,0.0434583323,0.000146345498,0.99905523,0.00488943653,0.00749635696,0.0099102417,,,
-0.997999153,-0.0459104531,0.0434682311,0.0458846111,-0.99894526,-0.00159257728,0.0434955088,0.000405131973,0.99905354,0.00499865366,0.000895440578,0.00938716251,,,
-0.998010412,-0.0459124897,0.0432074215,0.0458828243,-0.998945228,-0.00167855754,0.0432389225,0.000307260497,0.999064713,0.00490705622,-0.00764864683,0.0102002956,,,
-0.998017936,-0.0459163148,0.0430309066,0.0458791763,-0.998945165,-0.00185075874,0.0430705011,0.000127132035,0.999072027,0.00264939712,-0.00584429502,0.00515976967,,,
-0.998021263,-0.0460549407,0.0428052244,0.0459994329,-0.998938753,-0.00228133281,0.0428648687,-0.000307802748,0.999080832,0.0,0.0,0.0,0.0,0.0,0.0
-0.998028309,-0.0461898144,0.0424971995,0.0461235376,-0.998932524,-0.00253926491,0.0425691225,-0.000574137077,0.999093359,0.00271850429,0.00343698263,-0.00294750487,,,
-0.998031886,-0.046232929,0.0423677539,0.046166778,-0.998930598,-0.00253897955,0.0424398268,-0.000577999741,0.999098858,0.0,0.0,0.0,0.0,0.0,0.0
-0.998034987,-0.0463622381,0.0421519611,0.0462963581,-0.998924564,-0.00253827486,0.0422243078,-0.000581804766,0.999107987,0.0,0.0,0.0,0.0,0.0,0.0
-0.998030678,-0.0465309979,0.0420695737,0.0464726091,-0.998916873,-0.00236535324,0.0421340647,-0.000405612094,0.999111884,0.0,0.0,0.0,0.0,0.0,0.0
-0.998026747,-0.0465722598,0.0421146938,0.0465175308,-0.998914879,-0.00227909442,0.0421751366,-0.000315525616,0.999110183,0.0,0.0,0.0,0.0,0.0,0.0
-0.998015808,-0.0465685276,0.0423775486,0.0465210132,-0.998915108,-0.00210722924,0.0424297033,-0.000131601569,0.999099446,0.0,0.0,0.0,0.0,0.0,0.0
-0.998004901,-0.04652163,0.0426835546,0.0464813817,-0.998917247,-0.00193544773,0.0427273805,5.24042425e-05,0.999086767,0.0,0.0,0.0,0.0,0.0,0.0
-0.998001178,-0.0465178994,0.042773849,0.0464850365,-0.998917364,-0.00176313894,0.0428095608,0.000228729147,0.999083224,-0.00225234055,-0.00925779343,0.00249548047,,,
-0.997990286,-0.0464690523,0.0430818487,0.0464473549,-0.998919621,-0.00150502039,0.0431052401,0.000499042199,0.999070413,0.00513423607,0.00115305185,0.0068448158,,,
-0.997982826,-0.0464651963,0.0432584146,0.0464510467,-0.998919691,-0.0013327505,0.0432736081,0.000679336528,0.999063028,0.0018056531,-0.00333070755,0.0076493402,,,
-0.997983064,-0.0463789393,0.043344705,0.0463647589,-0.99892367,-0.00133294421,0.0433598731,0.000679411047,0.999059287,0.0,0.0,0.0,0.0,0.0,0.0
-0.997975469,-0.0464238033,0.0434721054,0.0464059892,-0.998921669,-0.00141939643,0.0434911211,0.00060084324,0.999053633,-0.00484286947,-0.00474560261,0.00211459491,,,
-0.997978946,-0.0464294853,0.0433798154,0.0464003847,-0.998921253,-0.00167803112,0.043410941,0.000338200218,0.999057243,0.00164895365,-0.00529372692,0.000904483313,,,
-0.997982891,-0.0463901643,0.0433326871,0.0463535228,-0.998923193,-0.00185052807,0.0433718807,0.000161827182,0.999058984,0.0,0.0,0.0,0.0,0.0,0.0
-0.997986866,-0.0463508344,0.0432855676,0.0463066697,-0.998925135,-0.00202296765,0.0433328114,-1.448475e-05,0.999060692,0.0051435777,-0.00227844715,0.00441642478,,,
-0.997994556,-0.046313391,0.0431501739,0.0462580128,-0.99892692,-0.00228152277,0.0432095353,-0.000280906012,0.999065992,-0.0014189746,-0.0017310977,0.00540971989,,,
-0.997998369,-0.0462740323,0.0431030698,0.0462111825,-0.998928631,-0.00245390918,0.0431704449,-0.0004571536,0.999067617,0.00284380722,-0.00559395552,0.00647675013,,,
-0.998006246,-0.0461540496,0.0430500667,0.0460725,-0.998933918,-0.0028850785,0.0431373305,-0.000895902194,0.99906875,-0.00127150305,-0.00858724117,0.00426573073,,,
-0.99801807,-0.04595157,0.04299326,0.04584386,-0.99894254,-0.00348854,0.0431081,-0.00151065,0.99906927,0.0014179,-0.00310385,0.00712678,,,
-0.99802185,-0.04587095,0.04298742,0.045752,-0.99894564,-0.0037472,0.04311399,-0.00177303,0.99906859,0.00793902,0.00294238,0.00667573,,,
-0.99804134,-0.045604319,0.042821086,0.0454150204,-0.998953657,-0.00538364346,0.0430217997,-0.00342837842,0.999068251,0.000714013469,-0.00943058729,0.000706822611,,,
-0.99804525,-0.04561342,0.04272499,0.04540596,-0.99895186,-0.00581396,0.04294539,-0.00386262,0.99906995,-0.0025112,-0.01098353,-0.00206393,,,
-0.998056479,-0.0454967812,0.0425821642,0.0452639606,-0.998954422,-0.00641634191,0.0428295655,-0.0044764344,0.999072365,-0.000436257542,0.00139045715,-0.0061942325,,,
-0.99806057,-0.04537492,0.04261784,0.04512705,-0.99895841,-0.00676069,0.04288021,-0.00482436,0.99906857,0.0023933,0.00393999,-0.00408599,,,
-0.9980606,-0.04529073,0.04270241,0.04503868,-0.99896163,-0.00684682,0.04296818,-0.00491028,0.99906437,0.00338845,-0.00199914,0.0042043,,,
-0.99805728,-0.04520674,0.04287327,0.04495004,-0.99896523,-0.00693322,0.04314233,-0.00499259,0.99905646,,,,,,
-0.99805364,-0.0451172,0.04304997,0.04486698,-0.99897005,-0.0067614,0.04331068,-0.00481672,0.99905004,,,,,,
-0.99805002,-0.04511179,0.04314207,0.04487233,-0.99897164,-0.00650347,0.04339108,-0.0045549,0.99904778,0.00540148,-0.00258696,0.00419733,,,
-0.99804602,-0.04514752,0.04319286,0.04492283,-0.99897137,-0.00615924,0.04342651,-0.00420686,0.99904777,,,,,,
-0.99804594,-0.04517753,0.04316324,0.04497915,-0.99897236,-0.00555672,0.04336993,-0.00360442,0.99905258,,,,,,
-0.99804978,-0.04516814,0.0430867,0.04498868,-0.99897434,-0.0051262,0.04327405,-0.00317779,0.99905819,,,,,,
-0.99805358,-0.04511572,0.04305337,0.04495495,-0.99897796,-0.00469565,0.04322122,-0.00275105,0.99906174,0.00616733,-0.00604033,0.0023292,,,
-0.99805354,-0.0451083,0.04306115,0.0449624,-0.99897915,-0.00435119,0.04321347,-0.00240659,0.99906296,0.00398888,0.00382638,0.00317253,,,
-0.99805369,-0.0451045863,0.0430650359,0.0449661222,-0.998979866,-0.00417901484,0.0432095924,-0.00223441321,0.999063531,-0.000223824114,-0.000628530979,0.00843422022,,,
-0.998053628,-0.0451008719,0.0430689245,0.0449698473,-0.998980343,-0.00400672268,0.0432057142,-0.00206212106,0.999064069,0.00504162116,-0.00159364939,0.000770509709,,,
-0.99804954,-0.04514027,0.04311589,0.04501665,-0.99897863,-0.00383431,0.04324494,-0.0018859,0.99906272,0.00523857,-0.00160265,0.00278632,,,
-0.99803856,-0.04517973,0.04333541,0.04506322,-0.99897749,-0.00366215,0.04345656,-0.00170213,0.99905387,,,,,,
-0.998031014,-0.0452153769,0.0434725719,0.0451136998,-0.998976449,-0.00331761209,0.0435780783,-0.00134987097,0.999049112,0.000487276644,0.00716429949,0.00143318402,,,
-0.998027,-0.04521351,0.0435608,0.04511547,-0.9989764,-0.00323151,0.04366232,-0.00125987,0.99904555,0.00983981,0.00673944,-0.00425042,,,
-0.99801533,-0.0452865126,0.0437469281,0.0452147851,-0.998973461,-0.00262819775,0.0438210583,-0.000644974297,0.999039188,0.0011517104,-0.00947475433,-0.00057540345,,,
-0.998000218,-0.0454024795,0.0439762301,0.0453573171,-0.99896864,-0.00202474835,0.0440228093,-2.60556148e-05,0.999030526,0.0,0.0,0.0,0.0,0.0,0.0
-0.997988481,-0.0454809597,0.0441565876,0.0454511277,-0.998964816,-0.00167985579,0.0441872936,0.000330489745,0.99902321,0.0,0.0,0.0,0.0,0.0,0.0
-0.997973531,-0.0455018437,0.0444810684,0.0455161788,-0.998963438,-0.000691004422,0.0444663997,0.00133500411,0.999009989,0.00919989496,-5.66840172e-05,0.00229213014,,,
-0.997930569,-0.0457293381,0.0452019049,0.0458053039,-0.99895008,0.000645702973,0.0451249234,0.00271485389,0.998977663,0.000705737912,-0.00552976131,-0.00034728687,,,
-0.99790708,-0.0459212,0.04552728,0.04604421,-0.99893804,0.00165633,0.04540287,0.00374913,0.99896172,,,,,,
-0.99789108,-0.04615629,0.04563741,0.0463263,-0.99892267,0.00267392,0.04546483,0.00478249,0.99895449,,,,,,
-0.99788335,-0.0462738,0.04569258,0.04646737,-0.99891487,0.0031827,0.04549572,0.00529918,0.99895048,0.00292913,-0.00384796,0.00626305,,,
-0.99786705,-0.04655398,0.04575805,0.04679061,-0.99889611,0.00411347,0.04551605,0.00624574,0.99894408,-0.00335754,-0.00620955,0.00779318,,,
-0.99786271,-0.04679949,0.04560019,0.04706254,-0.99888061,0.00471161,0.04532865,0.0068476,0.99894866,-0.00291976,-0.0095945,0.01207735,,,
-0.99786277,-0.04683883,0.04556121,0.04710945,-0.9988777,0.00488369,0.04528134,0.00701962,0.99894961,-0.00423025,-0.00908411,0.00686675,,,
-0.99785837,-0.04700575,0.04548143,0.04728747,-0.99886782,0.00513778,0.04518844,0.00727748,0.99895197,0.00100204,-0.004682,0.00619001,,,
-0.997854675,-0.0471313748,0.0454426699,0.0474205423,-0.998861099,0.00530587261,0.0451408341,0.00744940471,0.998952858,-0.00187036081,-0.000146150589,0.0057309214,,,
-0.9978581,-0.04721624,0.04527252,0.04750828,-0.99885615,0.00539582,0.04496597,0.00753508,0.9989601,0.00514255,-0.00610572,0.00391091,,,
-0.997865602,-0.0473072336,0.0450100868,0.0475900355,-0.998853072,0.00523180099,0.0447109694,0.007362667,0.998972833,-0.000857000996,-0.00778907537,0.0023398886,,,
-0.99786931,-0.04731138,0.04491983,0.04758601,-0.99885397,0.00506372,0.0446288,0.00719049,0.99897776,,,,,,
-0.99787755,-0.04723117,0.04482738,0.0474939,-0.99885987,0.00481363,0.04454892,0.00693244,0.99898315,0.0016567,0.00163484,0.0049624,,,
-0.9978818,-0.0471113,0.04486009,0.04735512,-0.99886848,0.00438755,0.04460263,0.00650261,0.99898364,0.00588411,-0.00222296,0.00679439,,,
-0.997889577,-0.0470349043,0.0447636345,0.0472592072,-0.998874625,0.00396522382,0.044526762,0.00607235022,0.998989737,0.0020766675,-0.000598311424,0.00529599888,,,
-0.99789747,-0.04704879,0.04457709,0.04724557,-0.99887765,0.00337066,0.04436847,0.00546964,0.99900026,,,,,,
-0.99790126,-0.04705665,0.04448279,0.04723784,-0.99887906,0.00303027,0.04429034,0.00512518,0.99900555,-0.00237568,-0.00307548,0.00657255,,,
-0.997908892,-0.0470309865,0.0443352308,0.0471774795,-0.998883801,0.00226311545,0.0441793143,0.004350008,0.999014147,0.000903173175,-0.00564086437,0.0134528279,,,
-0.9979165,-0.04709731,0.04409543,0.04719768,-0.99888475,0.00123717,0.04398799,0.0033158,0.99902656,0.00308947,-0.00502783,0.01258934,,,
-0.99792375,-0.0471558324,0.0438637,0.0472256233,-0.998883847,0.000555627286,0.0437885511,0.00262596463,0.99903737,0.000817279564,-0.00494652987,0.0080528101,,,
-0.997950135,-0.0471880745,0.04322578,0.0471940416,-0.998885177,-0.000882990625,0.043219265,0.00115881867,0.999064939,0.00744510768,-0.00944757462,-0.00154295622,,,
-0.997980033,-0.0471396542,0.0425807525,0.0470705871,-0.998887826,-0.00262373772,0.0426570899,-0.000614137317,0.999089583,-0.00581718003,-0.0115036368,0.000910493429,,,
-0.997995383,-0.0470735873,0.0422996574,0.0469644254,-0.998890163,-0.00357127128,0.0424208249,-0.00157753319,0.999098586,-0.00557182869,-0.000768601894,0.00210600416,,,
-0.99802913,-0.0468921,0.04170072,0.04671521,-0.99889466,-0.00520691,0.04189879,-0.00324859,0.99911658,0.00126444,0.0099206,-0.01163951,,,
-0.998066993,-0.046532091,0.0411949289,0.0462994618,-0.998905899,-0.0065837128,0.0414562118,-0.00466368346,0.999129437,0.00349258026,3.61204147e-05,-0.00607818319,,,
-0.99810598,-0.04591524,0.04094744,0.04562287,-0.99892655,-0.00804679,0.04127294,-0.00616341,0.9991289,0.0034169,0.00322676,-0.00997201,,,
-0.99813223,-0.04553907,0.04071938,0.04522306,-0.99893938,-0.00864883,0.04107006,-0.00679122,0.99913319,0.00423343,0.0022229,-0.01286274,,,
-0.998147691,-0.045283732,0.0406301957,0.0449610559,-0.998949915,-0.00882117354,0.0409869813,-0.00697805654,0.999135313,0.00851525459,-0.00044053793,-0.00935316272,,,
-0.998163,-0.04493895,0.04063154,0.04461597,-0.99896517,-0.00882178,0.04098594,-0.00699276,0.99913525,,,,,,
-0.99817486,-0.04454622,0.04076823,0.04423253,-0.99898428,-0.00856486,0.04110837,-0.00674595,0.99913192,0.00685214,0.00372916,-0.00456044,,,
-0.99817937,-0.04432584,0.04090419,0.04402166,-0.99899603,-0.00830773,0.04123137,-0.00649194,0.99912853,0.00622033,0.00592887,-0.00157375,,,
-0.99818038,-0.04392305,0.04131089,0.04364809,-0.9990185,-0.00753502,0.0416013,-0.00571817,0.99911793,,,,,,
-0.99817386,-0.04352031,0.04188984,0.04327432,-0.99904026,-0.00676172,0.04214391,-0.00493662,0.99909935,0.00270896,-0.00494903,-0.00269894,,,
-0.99816664,-0.04333951,0.04224479,0.04310989,-0.99905006,-0.00633183,0.04247908,-0.00449905,0.99908723,,,,,,
-0.99815971,-0.04289116,0.04286837,0.04269543,-0.99907323,-0.00547145,0.04306332,-0.00363109,0.99906575,0.00246255,-0.00108773,0.00609203,,,
-0.99814778,-0.04221947,0.04380123,0.04207281,-0.99910545,-0.00426525,0.04394212,-0.00241451,0.99903116,0.00459918,-0.00120473,0.00693195,,,
-0.9981431,-0.04181474,0.04429263,0.04170101,-0.99912402,-0.00348887,0.04439971,-0.00163534,0.99901251,0.00472784,-0.00244218,0.00125005,,,
-0.998138228,-0.0414546437,0.0447387504,0.0413708184,-0.999139926,-0.00279834095,0.0448162767,-0.000942252391,0.998994802,0.00133420131,-0.00597804785,0.00472664414,,,
-0.998123211,-0.0406452077,0.0458046081,0.0406270076,-0.999173519,-0.00132859862,0.0458207517,0.000534799055,0.998949535,0.0,0.0,0.0,0.0,0.0,0.0
-0.998108434,-0.0401523611,0.0465536847,0.0401705084,-0.999192642,-0.000546048211,0.0465380266,0.00132506988,0.99891564,-0.00245533371,-0.00563204288,0.0025480187,,,
-0.998106073,-0.039797073,0.0469072585,0.0398355437,-0.999206158,-0.000114744498,0.046874592,0.00175404903,0.998899242,0.0,0.0,0.0,0.0,0.0,0.0
-0.998104888,-0.0396183571,0.0470848433,0.0396691273,-0.999212842,0.00014396598,0.0470420773,0.00201150781,0.998890883,0.0,0.0,0.0,0.0,0.0,0.0
-0.998101764,-0.0392176227,0.0474829609,0.0392933054,-0.999227394,0.000661174814,0.0474203506,0.0025256824,0.998871829,0.00375793152,-0.00443845987,0.00478000753,,,
-0.99809133,-0.03894813,0.04792232,0.03904492,-0.99923678,0.00108481,0.0478435,0.00295386,0.99885048,,,,,,
-0.99808979,-0.03877127,0.048098,0.03887665,-0.99924315,0.00125705,0.04801286,0.00312454,0.99884183,0.00201511,-0.00216967,0.0084846,,,
-0.998091614,-0.0385080836,0.0482736314,0.0386222057,-0.999252899,0.0014331921,0.0481823746,0.00329489104,0.99883312,-2.27626006e-05,0.000604152679,0.012384532,,,
-0.9981041,-0.03812393,0.04831329,0.03823013,-0.99926785,0.00127577,0.0482293,0.00312037,0.99883142,-0.00429707,0.00119823,0.00333577,,,
-0.998122329,-0.0378756248,0.0481326815,0.0379611423,-0.999278593,0.000863502058,0.0480652645,0.0026890527,0.998840577,-0.00150626875,-0.00036406517,0.00866514537,,,
-0.998148011,-0.0375430788,0.0478643728,0.0376039754,-0.999292618,0.000372130491,0.0478165451,0.00217133205,0.998853775,0.0,0.0,0.0,0.0,0.0,0.0
-0.998158921,-0.0374198958,0.0477302631,0.0374685359,-0.999297629,0.00012445469,0.0476920899,0.00191260881,0.998860254,0.00107341539,-0.00611662865,0.00381113729,,,
-0.998180146,-0.0370912409,0.0475451802,0.0371073768,-0.99931109,-0.000543517784,0.0475325878,0.00122174827,0.998868941,0.00112835772,0.00875687599,0.00202844688,,,
-0.998208782,-0.0367217175,0.0472291717,0.0367009294,-0.999325365,-0.00130753351,0.0472453276,0.000428163027,0.998883224,0.00145159091,-0.00616240501,0.0027511029,,,
-0.998227423,-0.0365596301,0.0469625364,0.0365182396,-0.999331511,-0.00173930432,0.046994729,-2.12320756e-05,0.998895137,0.00754509307,-0.00297254324,0.00319529744,,,
-0.998256077,-0.0362330579,0.0466035819,0.036155084,-0.999342987,-0.00251525622,0.0466641,-0.00082591345,0.998910296,0.00354414876,-0.00552254915,0.00794546679,,,
-0.99828128,-0.03595131,0.04628642,0.03583329,-0.99935229,-0.00337724,0.04637785,-0.00171284,0.9989225,-0.00120911,-0.00145692,0.00575713,,,
-0.99829156,-0.03583388,0.04614792,0.03569204,-0.99935512,-0.00389413,0.04625771,-0.00224037,0.99892703,-0.00788235,0.00854707,0.00217825,,,
-0.99831655,-0.0355517,0.04583116,0.03537066,-0.99936312,-0.00475548,0.04597102,-0.0031264,0.99893788,0.00812987,0.00432086,-0.00629445,,,
-0.99833743,-0.03530848,0.04556071,0.03509651,-0.99936914,-0.00544416,0.04572419,-0.00383609,0.99894674,-0.00728447,0.01875854,0.00349484,,,
-0.9983444,-0.03522801,0.0454701,0.03500452,-0.99937092,-0.00570236,0.04564238,-0.00410126,0.99894942,0.0108102,-0.01921821,-0.00372785,,,
-0.99836117,-0.03498079,0.04528918,0.0347343,-0.99937713,-0.0062183,0.04547849,-0.00463503,0.99895457,-0.00149507,-0.00709122,0.00293792,,,
-0.998362864,-0.0347732907,0.0454131993,0.0345103875,-0.999382779,-0.00656061717,0.0456133048,-0.00498264959,0.998946745,-0.00467970315,-0.00209331512,0.000373118441,,,
-0.998365309,-0.0346479586,0.0454537368,0.0343769066,-0.999386175,-0.00673167539,0.0456590792,-0.00515811287,0.998943763,0.00927386805,0.00303506851,-0.000251520134,,,
-0.99836401,-0.03452478,0.04557908,0.03424119,-0.99938922,-0.00698833,0.04579251,-0.00541622,0.99893629,0.01040085,-0.0221622,0.00194281,,,
-0.99836462,-0.03427043,0.0457495,0.03397785,-0.99939665,-0.00715785,0.04596721,-0.00559167,0.9989273,,,,,,
-0.998371393,-0.0341429713,0.0457053241,0.0338465759,-0.99940087,-0.00724340239,0.0459252483,-0.00568463651,0.998928704,0.0108840223,-0.000205874443,0.000354252232,,,
-0.99836988,-0.03401196,0.04583662,0.03371872,-0.99940586,-0.00715588,0.04605277,-0.00559866,0.99892332,-0.00302653,-0.00293773,0.00695132,,,
-0.9983694,-0.03396895,0.0458799,0.03367544,-0.99940737,-0.00715538,0.04609577,-0.00559868,0.99892134,,,,,,
-0.9983694,-0.03396895,0.0458799,0.03367544,-0.99940737,-0.00715538,0.04609577,-0.00559868,0.99892134,0.00177443,0.00789344,0.00469919,,,
-0.99837235,-0.0338847,0.04587873,0.03358717,-0.99940975,-0.00724086,0.04609699,-0.00568814,0.99892077,0.00957939,0.00767934,-0.00707862,,,
-0.99836813,-0.03388688,0.04596354,0.03358491,-0.99940896,-0.00732632,0.04618464,-0.00577068,0.99891625,-0.00227343,-0.00808531,0.00482225,,,
-0.99837884,-0.03380418,0.04578838,0.0334952,-0.99941055,-0.00749875,0.04601489,-0.0059529,0.99892302,0.00142322,-0.00502497,0.00179236,,,
-0.99838922,-0.03368042,0.04565508,0.03336026,-0.99941319,-0.00775661,0.04588954,-0.00622105,0.99892715,,,,,,
-0.99839222,-0.03359616,0.04565395,0.033272,-0.99941558,-0.0078421,0.04589073,-0.00631049,0.99892653,,,,,,
-0.99841092,-0.0332176,0.04551881,0.03287428,-0.99942515,-0.00827038,0.04576737,-0.00676084,0.99892925,-0.00188442,-0.00743014,0.01233645,,,
-0.99841391,-0.03313529,0.04551629,0.03278406,-0.99942681,-0.00844179,0.04576993,-0.00693619,0.99892793,,,,,,
-0.99842691,-0.03292715,0.04538208,0.03256096,-0.99943116,-0.00878498,0.04564553,-0.00729347,0.99893107,0.00589448,-0.00178683,0.00373049,,,
-0.998432624,-0.0327585981,0.0453799784,0.0323844512,-0.999435448,-0.00895574737,0.0456477328,-0.00747210394,0.998929653,-0.000851309858,-0.00671166182,0.0063326708,,,
-0.998438844,-0.0326330154,0.0453345808,0.0322512626,-0.999438251,-0.00912703849,0.0456069509,-0.00765069118,0.998930164,-0.000400304503,-0.00645118952,0.00108565995,,,
-0.99845209,-0.03246775,0.0451572,0.03207157,-0.99944066,-0.00947062,0.04543943,-0.0080077,0.998935,0.00219782,-0.0082829,0.00610328,,,
-0.998468889,-0.0322610795,0.0449355611,0.0318470296,-0.999443774,-0.00990010524,0.0452299525,-0.00845388245,0.998940831,-0.000530671328,0.000575661659,0.0080478359,,,
-0.99847561,-0.03218031,0.04484555,0.0317553,-0.99944418,-0.01015775,0.0451475,-0.00871818,0.99894229,-0.00157408,0.00631207,-0.00354891,,,
-0.998495346,-0.0319301963,0.0445811249,0.0314879637,-0.999448043,-0.0105871499,0.0448945685,-0.00916745119,0.998949666,0.00367271807,-7.62343407e-05,0.0103626866,,,
-0.99850354,-0.03168108,0.04457563,0.03121945,-0.99945186,-0.01101464,0.04490015,-0.00960653,0.99894529,,,,,,
-0.9985236,-0.03117859,0.04448138,0.03068673,-0.99946063,-0.01169832,0.04482212,-0.01031606,0.99894172,,,,,,
-0.998514021,-0.0307985441,0.0449540703,0.030290034,-0.999469554,-0.0119496081,0.0452982626,-0.0105701928,0.998917583,6.68400316e-05,-0.0211344957,-5.05989647e-06,,,
-0.99851406,-0.03054454,0.04512547,0.03002631,-0.99947546,-0.01211797,0.04547195,-0.01074501,0.99890783,0.00940717,0.00668406,-0.00388975,,,
-0.99851078,-0.03007605,0.04551387,0.02954561,-0.99948789,-0.01228291,0.04585999,-0.01091989,0.99888819,0.00845461,-0.00545484,-0.00845417,,,
-0.99851502,-0.02960871,0.04572853,0.02906384,-0.99949897,-0.01253471,0.04607676,-0.01118705,0.99887526,0.00636943,-0.00179982,-0.00212567,,,
-0.99851125,-0.02939619,0.04594425,0.02884488,-0.99950413,-0.01261678,0.04629236,-0.01127274,0.99886433,0.00559678,-0.00177205,-0.00296415,,,
-0.99851109,-0.02871049,0.04637855,0.02815004,-0.99952295,-0.01269266,0.04672085,-0.01136821,0.99884329,,,,,,
-0.99851836,-0.02802392,0.04664039,0.02745616,-0.99954124,-0.01276957,0.04697686,-0.01147008,0.99883012,0.00293687,-0.00423509,0.00347964,,,
-0.99852004,-0.02789479,0.04668433,0.02732647,-0.99954493,-0.01276797,0.04701925,-0.01147336,0.99882809,,,,,,
-0.99852795,-0.02767896,0.04664253,0.02711099,-0.99955077,-0.01276628,0.04697494,-0.01148296,0.99883006,,,,,,
-0.99853099,-0.02741869,0.04673158,0.02685362,-0.99955887,-0.01267715,0.04705856,-0.01140362,0.99882704,0.00122743,-0.00446355,0.0049873,,,
-0.99853235,-0.02728754,0.04677667,0.02672594,-0.99956327,-0.01258962,0.0470998,-0.01132099,0.99882603,0.0020923,-0.00379121,0.00802323,,,
-0.99853522,-0.02702926,0.04686452,0.02646656,-0.99957019,-0.01258613,0.04718459,-0.01132736,0.99882196,0.0029829,-0.0059514,0.00155862,,,
-0.99853659,-0.02668316,0.0470403,0.02612242,-0.99958071,-0.01249522,0.04735399,-0.01124812,0.99881484,0.00579367,-0.00288051,0.003244,,,
-0.998540126,-0.0264657519,0.0470858854,0.0259084748,-0.999587278,-0.0124066312,0.0473948052,-0.0111685962,0.998813794,0.00222963188,-0.000138163567,0.00640744017,,,
-0.998541563,-0.0263366049,0.0471297989,0.0257787907,-0.999590748,-0.0124047344,0.0474372075,-0.0111716931,0.998811746,0.00251719868,-0.00062918663,0.00564244855,,,
-0.99854492,-0.02629327,0.04708693,0.02573588,-0.99959204,-0.01240483,0.04739387,-0.01117495,0.99881377,,,,,,
-0.99854923,-0.02612078,0.04708797,0.02556329,-0.99959633,-0.01240291,0.04739293,-0.01118119,0.99881374,,,,,,
-0.99855355,-0.02594829,0.04708901,0.02539071,-0.99960062,-0.01240099,0.04739199,-0.01118743,0.99881372,,,,,,
-0.998556906,-0.0259049546,0.0470461403,0.0253477981,-0.999601922,-0.0124010922,0.0473486549,-0.0111906784,0.998815736,9.43489576e-05,-0.00445753336,0.00333401375,,,
-0.99855403,-0.02577624,0.04717632,0.02521762,-0.99960518,-0.01239825,0.04747727,-0.01119065,0.99880963,,,,,,
-0.99855505,-0.02564912,0.04721912,0.02508589,-0.99960723,-0.01248218,0.04752074,-0.01127962,0.99880656,0.00137195,-0.00401634,0.00405379,,,
-0.99855409,-0.02560621,0.04726252,0.0250425,-0.99960832,-0.01248123,0.04756361,-0.01127961,0.99880452,,,,,,
-0.998553206,-0.0255653432,0.0473048151,0.0249970636,-0.999608462,-0.0125660672,0.0476075532,-0.0113654062,0.998801456,0.00311989174,8.43405724e-05,0.00429560198,,,
-0.99854793,-0.02552288,0.04743447,0.02495318,-0.99960937,-0.01256404,0.04773662,-0.01136216,0.99879533,,,,,,
-0.99854403,-0.02552129,0.04752183,0.02495473,-0.99961063,-0.01247742,0.04782177,-0.01127336,0.99879227,-0.00100318,-0.00395203,0.00350319,,,
-0.9985357,-0.02552421,0.04769325,0.0249517,-0.99960958,-0.0125612,0.04799525,-0.01135278,0.99878304,0.00356982,-0.00528449,0.00296269,,,
-0.99853474,-0.02548131,0.04773665,0.0249083,-0.99961069,-0.01256023,0.04803812,-0.01135279,0.99878098,,,,,,
-0.99852763,-0.02552714,0.04786468,0.02494864,-0.9996088,-0.01264509,0.04816875,-0.01143232,0.99877379,,,,,,
