0,1,2,3,4,5,6,7,8,9,10,11
-0.84486766,-0.0300647,0.53412942,-0.01507288,-0.99668523,-0.0799425,0.5347625,-0.07559172,0.84161447,0.01337499,-0.00170207,0.02798652
-0.84481981,-0.03008449,0.53420437,-0.01509289,-0.99668068,-0.07999823,0.53483791,-0.07564678,0.84156162,0.01507867,0.00299257,0.03327064
-0.844771649,-0.0300811908,0.534280574,-0.0150897728,-0.996682551,-0.0799744843,0.534913926,-0.07562236,0.841515495,0.0157984048,0.000884711742,0.0316599347
-0.84474812,-0.03006123,0.53431921,-0.01515275,-0.99667731,-0.08003007,0.53494961,-0.07570166,0.8414857,0.01165914,0.00321561,0.02529557
-0.84469981,-0.03008097,0.53439409,-0.01517276,-0.99667233,-0.08008567,0.53502495,-0.0757566,0.84143284,0.01030091,0.00378603,0.0216055
-0.84460395,-0.03007444,0.5345466,-0.01516654,-0.9966766,-0.08003831,0.53517709,-0.07570788,0.8413405,0.013498,0.00137204,0.02624316
-0.844531094,-0.030133919,0.534657757,-0.0151435225,-0.996672143,-0.0800938842,0.535292111,-0.0757383885,0.841264542,0.0146346577,0.000972151756,0.0278663225
-0.84450725,-0.0300909,0.53469764,-0.0151834,-0.99667333,-0.0800701,0.53532839,-0.07573833,0.84124145,0.01340202,0.00198883,0.02788666
-0.844482889,-0.0301767559,0.53473134,-0.0151866025,-0.996660563,-0.0802287247,0.535366799,-0.0758725548,0.841204916,0.00796819944,9.23871994e-06,0.0306962337
-0.84453117,-0.03020314,0.53465386,-0.01521282,-0.99665201,-0.08033182,0.53529016,-0.07597633,0.84124434,0.00827272,-0.00188577,0.02983652
-0.84460307,-0.03027249,0.53453646,-0.01519911,-0.99664206,-0.08045859,0.5351772,-0.07608005,0.84130683,0.01369028,0.0028078,0.02705799
-0.84462729,-0.0302558,0.53449884,-0.01526517,-0.99663448,-0.08053779,0.5351368,-0.07618365,0.84132314,0.00949382,0.00765878,0.02633804
-0.84467479,-0.03038793,0.53441634,-0.01523148,-0.99661837,-0.08074383,0.53506285,-0.07634225,0.8413558,0.011851,0.00299364,0.02571335
-0.84467494,-0.03041101,0.53441505,-0.01525458,-0.99661173,-0.08082319,0.53506222,-0.0764216,0.84134902,0.01356385,0.00521213,0.02486229
-0.84465053,-0.03047378,0.53445003,-0.01523467,-0.99660559,-0.08090245,0.53510129,-0.07647647,0.84131918,0.0101717,0.0015015,0.03015821
-0.84460155,-0.03057627,0.53452126,-0.01517176,-0.99659994,-0.08098164,0.53518006,-0.07650686,0.84126629,0.01336613,-0.00164372,0.02510732
-0.844479592,-0.0307288071,0.534705396,-0.0149106302,-0.99661687,-0.0808231448,0.535380046,-0.076226295,0.84116452,0.0114507591,0.00043797493,0.0305682272
-0.8445033,-0.03074873,0.53466681,-0.01484762,-0.99662232,-0.08076757,0.5353444,-0.07614702,0.84119439,0.01552952,0.00446504,0.03048873
-0.84455073,-0.0307886,0.53458964,-0.01472161,-0.99663321,-0.08065642,0.5352731,-0.07598846,0.8412541,0.01435732,0.0019027,0.03238109
-0.84459807,-0.0308054,0.53451379,-0.0145725,-0.99665075,-0.0804659,0.5352024,-0.07575055,0.84132053,0.0128631,0.00249451,0.02819121
-0.84462099,-0.03088501,0.53447287,-0.01440346,-0.99666212,-0.08035466,0.53517069,-0.0755675,0.84135715,0.01224733,-0.00118423,0.03166915
-0.84464496,-0.03090495,0.53443433,-0.01434045,-0.99666781,-0.08029902,0.53513505,-0.07548818,0.84138697,0.01144347,0.00346226,0.02875269
-0.84464465,-0.03088187,0.53443562,-0.01431735,-0.99667422,-0.08021966,0.53513562,-0.07540882,0.84139369,0.00607149,-0.00209075,0.02673673
-0.84466864,-0.03090183,0.53439709,-0.01425436,-0.99667991,-0.08016406,0.53509998,-0.07532955,0.84142349,0.00961201,0.00225741,0.02586875
-0.8446204,-0.03087546,0.53447462,-0.01422816,-0.99668843,-0.08006106,0.53517658,-0.07522579,0.84138404,0.01006708,0.00270766,0.02607007
-0.844595848,-0.0309151338,0.534510912,-0.0141851301,-0.996688924,-0.0800609957,0.535216258,-0.0752012995,0.841360984,0.0127653526,0.000128090382,0.0299049523
-0.844571233,-0.0309317789,0.534548586,-0.0141189823,-0.996696085,-0.0799816443,0.535256593,-0.0750974976,0.841344582,0.0161784291,0.000453770161,0.0304791424
-0.844570693,-0.0309914291,0.534546364,-0.0140129787,-0.996702261,-0.07992605,0.53526061,-0.0749937888,0.841351298,0.0118983667,0.000994384289,0.0283429436
-0.84457069,-0.03099143,0.53454636,-0.01401298,-0.99670226,-0.07992605,0.53526061,-0.07499379,0.8413513,0.00864834,0.00305837,0.02838558
-0.84461785,-0.03105438,0.53446787,-0.01391007,-0.99670608,-0.07989402,0.53518856,-0.07491442,0.84140418,0.01128159,0.00493687,0.02821783
-0.84466618,-0.03103465,0.53439303,-0.01389008,-0.99671105,-0.07983836,0.53511319,-0.07485953,0.84145703,0.01324014,0.00475258,0.02976065
-0.84464163,-0.03107434,0.53442933,-0.01384707,-0.99671154,-0.07983836,0.53515286,-0.07483509,0.84143396,0.01177943,0.00198835,0.03137428
-0.84464163,-0.03107434,0.53442933,-0.01384707,-0.99671154,-0.07983836,0.53515286,-0.07483509,0.84143396,0.01160989,-0.00281036,0.03013673
-0.844689831,-0.0311007546,0.534351723,-0.0138732425,-0.996702984,-0.0799413583,0.535076214,-0.0749388464,0.841473475,0.00919573754,0.000946819782,0.0301948078
-0.84466605,-0.03108077,0.53439033,-0.01393627,-0.99669755,-0.07999701,0.53511197,-0.07501818,0.84144366,0.00983766,-0.00118607,0.02902681
-0.84469043,-0.03106412,0.53435261,-0.01400241,-0.99669017,-0.08007636,0.53507161,-0.07512198,0.84146006,0.01101008,0.00424653,0.02796523
-0.84469073,-0.03108719,0.53435131,-0.01402551,-0.99668377,-0.08015573,0.53507104,-0.07520134,0.84145336,0.01204183,0.00364655,0.02907784
-0.84461858,-0.03106394,0.5344661,-0.01408537,-0.99668,-0.08018763,0.53518276,-0.07525614,0.84137738,0.00911184,0.00301903,0.0257195
-0.84452257,-0.0310804036,0.534617216,-0.0141022896,-0.996677404,-0.0802197113,0.53533418,-0.0752866865,0.841278328,0.00955948792,0.00039678812,0.0246063769
-0.84449904,-0.03106045,0.5346558,-0.01416529,-0.99667218,-0.08027531,0.5353699,-0.07536596,0.84124852,0.01032713,0.00154209,0.03196115
-0.84442771,-0.03097756,0.53477286,-0.01433125,-0.99666252,-0.08036288,0.53547758,-0.07552462,0.84116572,0.01257239,0.00243872,0.01907809
-0.84442852,-0.03091795,0.53477515,-0.01443728,-0.99665657,-0.08041852,0.53547357,-0.07562839,0.84115896,0.00803814,0.00207573,0.02604621
-0.844381072,-0.0308319288,0.534854948,-0.0145170818,-0.996659192,-0.0803710925,0.535546149,-0.0756283699,0.841112749,0.0126119722,-0.000956356525,0.0285017919
-0.844333726,-0.0307689806,0.534933435,-0.0146200344,-0.996655185,-0.0804029996,0.535618114,-0.0757077116,0.841059792,0.0113896942,0.000415563583,0.0303949229
-0.84433373,-0.03076898,0.53493343,-0.01462003,-0.99665519,-0.080403,0.53561811,-0.07570771,0.84105979,0.0093741,-0.00284642,0.02907987
-0.84430988,-0.03072596,0.53497332,-0.01465992,-0.99665639,-0.08037922,0.53565439,-0.07570765,0.84103669,0.01837265,-0.00105041,0.0272444
-0.84428615,-0.03070603,0.53501189,-0.01472293,-0.99665096,-0.08043479,0.53569004,-0.07578693,0.84100683,0.01214868,0.00376612,0.0278742
-0.84423809,-0.03072583,0.53508677,-0.01474296,-0.99664628,-0.08049041,0.53576541,-0.07584184,0.84095388,0.01299769,0.00289756,0.03261002
-0.84419136,-0.03060328,0.53516754,-0.01495192,-0.99663612,-0.08057779,0.53583327,-0.07602486,0.84089412,0.01232172,0.00397032,0.02854221
-0.84404821,-0.03049727,0.53539935,-0.01517778,-0.99662308,-0.0806969,0.53605241,-0.07623825,0.84073512,0.00777223,0.0022102,0.03131975
-0.8439532,-0.03034836,0.53555768,-0.01536053,-0.99662163,-0.08068113,0.53619689,-0.07631755,0.84063579,0.01469811,0.00145799,0.02531842
-0.843905656,-0.030285476,0.535636154,-0.0154634433,-0.996617469,-0.0807128508,0.536268759,-0.0763968082,0.840582745,0.0154858865,0.000391125679,0.0261960085
-0.84369,-0.03008696,0.5359866,-0.0156798,-0.99662095,-0.08062551,0.53660134,-0.07642712,0.8403677,0.01397404,0.00171465,0.02873155
-0.84366616,-0.03004399,0.53602647,-0.01571971,-0.9966222,-0.0806018,0.5366376,-0.07642721,0.84034454,0.00974076,0.00241071,0.0278081
-0.8436671,-0.02996127,0.53603014,-0.01580263,-0.99662312,-0.08057803,0.5366342,-0.07645171,0.84034451,0.01137739,0.00213194,0.03078427
-0.84361933,-0.02989841,0.53610858,-0.01590555,-0.99661878,-0.0806097,0.536706,-0.076531,0.84029141,0.01292645,-0.00168121,0.02879842
-0.84364366,-0.0298587,0.53607231,-0.01594853,-0.99661797,-0.08060963,0.53666629,-0.07655539,0.84031455,0.0070371,0.00552136,0.02996881
-0.84366892,-0.02973629,0.5360397,-0.0160744,-0.99661809,-0.08058581,0.53662317,-0.07660426,0.84033765,0.01166086,0.00685066,0.02661561
-0.84369325,-0.02969654,0.53600343,-0.01611741,-0.99661729,-0.08058575,0.53658344,-0.07662865,0.84036078,0.01495129,0.00412768,0.02884501
-0.8437423,-0.02964027,0.53592967,-0.01622658,-0.99660929,-0.0806651,0.53650336,-0.07675685,0.84040023,0.00764503,-0.00270379,0.02851813
-0.84374278,-0.02955755,0.53593327,-0.01630944,-0.99660975,-0.08064121,0.53649988,-0.07678121,0.84040022,0.01125294,0.0021649,0.02413169
-0.843719414,-0.0294318285,0.535976755,-0.0164322328,-0.996611458,-0.0805935965,0.53653266,-0.0768056869,0.840377041,0.0103833862,0.00099247694,0.0334452651
-0.84362347,-0.02936568,0.53613136,-0.01653201,-0.99660917,-0.08060133,0.53668042,-0.07686051,0.84027767,0.01346623,-0.00367403,0.03237477
-0.8436005,-0.02926312,0.53617364,-0.01667791,-0.99660449,-0.08063292,0.53671253,-0.07696422,0.8402477,0.01249263,0.00155425,0.02528913
-0.843600499,-0.029263117,0.536173636,-0.0166779138,-0.996604487,-0.0806329208,0.536712535,-0.076964217,0.840247696,0.00829133578,0.000830233097,0.0269024782
-0.84360044,-0.02928624,0.53617236,-0.01670106,-0.99659763,-0.08071213,0.53671181,-0.07704343,0.8402409,0.01524341,0.00290626,0.02897508
-0.84362436,-0.02922336,0.53613731,-0.01672086,-0.99660322,-0.08063275,0.53667274,-0.07698846,0.84027084,0.01018973,0.00265187,0.03112022
-0.84364867,-0.02926638,0.5360975,-0.01668102,-0.99660242,-0.08065673,0.53663656,-0.07698859,0.84029398,0.01460675,0.00333875,0.02671731
-0.84364874,-0.02924327,0.53609877,-0.01665788,-0.99660928,-0.08057751,0.53663729,-0.07690938,0.84030078,0.01441796,-0.00114721,0.02453207
-0.84364874,-0.02924327,0.53609877,-0.01665788,-0.99660928,-0.08057751,0.53663729,-0.07690938,0.84030078,0.01520122,-0.00149041,0.02870667
-0.843648346,-0.0292201127,0.536099977,-0.0166347061,-0.996615685,-0.0804981768,0.536637948,-0.0768300393,0.840307573,0.0133978808,0.000619351864,0.0273807365
-0.843624022,-0.029259837,0.536136243,-0.0165917211,-0.996616489,-0.080498222,0.536677672,-0.0768056696,0.840284439,0.00918399263,-0.000262200832,0.0310622118
-0.8436001,-0.02923996,0.53617484,-0.01665474,-0.99661089,-0.08055359,0.5367132,-0.07688488,0.8402545,0.01154493,0.00358766,0.02781812
-0.8435276,-0.02927641,0.53628724,-0.01660864,-0.99661378,-0.08052983,0.53682889,-0.07683614,0.84018506,0.01116976,0.0020287,0.03234022
-0.84355144,-0.0293193757,0.536247368,-0.0165687352,-0.996612507,-0.0805535668,0.536792644,-0.0768360223,0.840208233,0.0136707686,0.000197291374,0.0328526832
-0.843478873,-0.0293789519,0.536358486,-0.0165457903,-0.996608544,-0.0806090297,0.536907613,-0.0768664819,0.840131997,0.0110590225,-0.000821053982,0.028082002
-0.84345448,-0.02944183,0.53639347,-0.01652594,-0.9966025,-0.0806883,0.53694661,-0.0769213,0.84010206,0.01261284,0.00442451,0.02614761
-0.84342969,-0.02948152,0.53642966,-0.01648292,-0.99660286,-0.08068823,0.53698627,-0.0768968,0.84007892,0.00743971,0.00467151,0.03148723
-0.84345354,-0.02952452,0.53638979,-0.01644305,-0.99660159,-0.08071208,0.53695002,-0.0768968,0.84010209,0.01180361,-0.00421524,0.03062668
-0.84352597,-0.02959395,0.53627257,-0.01642947,-0.99659182,-0.08083906,0.53683716,-0.07700051,0.84016474,0.0122952,0.00291556,0.02373199
-0.84347779,-0.02959068,0.5363487,-0.01642637,-0.99659391,-0.08081526,0.53691313,-0.07697613,0.84011844,0.01346116,0.00456876,0.02721932
-0.8435006,-0.02976261,0.53630256,-0.01634992,-0.996578,-0.08102131,0.53687888,-0.07711004,0.84012801,0.01809734,-0.00620204,0.03184038
-0.84352442,-0.02982873,0.53626139,-0.01633319,-0.99656987,-0.08112436,0.53684193,-0.07718926,0.84014434,0.01704204,-0.00267881,0.02473109
-0.84354776,-0.02997759,0.53621659,-0.01623358,-0.99656128,-0.08125132,0.53680849,-0.07724409,0.84016068,0.00863194,0.00693983,0.03069169
-0.8436193,-0.03015279,0.53609432,-0.01616021,-0.99654376,-0.08148125,0.53669839,-0.07740256,0.84021644,0.01037253,0.00502628,0.02959345
-0.84364315,-0.0302189,0.53605313,-0.01614347,-0.99653564,-0.08158435,0.53666147,-0.07748185,0.84023272,0.00913286,-0.00101179,0.03233893
-0.84373908,-0.03035436,0.53589458,-0.01611299,-0.99651735,-0.08181423,0.53651166,-0.07766473,0.84031151,0.01432099,-0.00370014,0.0302893
-0.84366642,-0.03048329,0.53600171,-0.01615951,-0.99649253,-0.08210722,0.53662457,-0.07793263,0.84021461,0.0083239,0.00515395,0.03265726
-0.84366627,-0.03052949,0.53599905,-0.01620576,-0.99647858,-0.08226552,0.53662315,-0.07809092,0.8402008,0.00438205,0.00623649,0.03001745
-0.84366695,-0.03051608,0.53599881,-0.01635807,-0.99645845,-0.08247924,0.53661753,-0.07835292,0.84018,0.01471763,0.00429958,0.0224319
-0.84361956,-0.03052265,0.53607343,-0.01653049,-0.99643353,-0.08274843,0.53668715,-0.07866974,0.84010595,0.01263026,0.00473636,0.0274903
-0.8435472,-0.03052269,0.53618682,-0.01661363,-0.9964227,-0.08285896,0.53679785,-0.07880346,0.84002266,0.01169611,0.00169706,0.02617756
-0.84345076,-0.03060877,0.53633388,-0.01670017,-0.99639901,-0.08312792,0.53694695,-0.07907117,0.83990221,0.01059948,0.0042544,0.02869818
-0.843402179,-0.0306980366,0.536404675,-0.0167897112,-0.996372754,-0.0834205475,0.537019972,-0.0793631697,0.839827959,0.0102790389,0.000161767006,0.0282654259
-0.843378469,-0.030678253,0.536443304,-0.0168528182,-0.996367176,-0.0834759431,0.53705545,-0.0794424027,0.839797793,0.0122603178,0.000387370586,0.0308568478
-0.84335459,-0.03072777,0.53647795,-0.0169853,-0.99634033,-0.08376851,0.53708871,-0.07975881,0.83974653,0.01027198,0.0043506,0.02526245
-0.8433308,-0.03080041,0.53651127,-0.01714094,-0.99630641,-0.08414013,0.53712121,-0.08015428,0.83968809,0.01408702,0.00296181,0.03542358
-0.84335516,-0.03082994,0.53647111,-0.01725323,-0.99628431,-0.0843773,0.5370792,-0.08041591,0.83968994,0.01712117,-0.00350654,0.02644658
-0.843307,-0.0309193,0.53654192,-0.01734287,-0.99625808,-0.08466994,0.53715218,-0.08070793,0.83961524,0.01370598,0.00515753,0.02706097
-0.84330707,-0.03096549,0.53653927,-0.01738911,-0.9962439,-0.08482796,0.5371507,-0.08086596,0.839601,0.01434564,0.00468427,0.0267672
-0.843185913,-0.0310914643,0.536722345,-0.017432906,-0.996220228,-0.0850963748,0.537339417,-0.0811086929,0.839456809,0.0139842331,-5.91278076e-05,0.0283334907
-0.8431137,-0.03116107,0.53683171,-0.01758567,-0.99618778,-0.08544392,0.53744771,-0.08147949,0.83935157,0.01072617,-0.00339329,0.02589018
-0.84308906,-0.03124707,0.53686513,-0.01758904,-0.996174,-0.08560185,0.53748598,-0.08161294,0.83931408,0.01095289,-0.0021233,0.02843256
-0.84303914,-0.03172318,0.53691613,-0.01756895,-0.99610232,-0.08643966,0.53756546,-0.08230506,0.83919562,0.01523368,0.00843042,0.03326528
-0.843038096,-0.0318520592,0.536909443,-0.0175323068,-0.996086771,-0.0866213553,0.537567597,-0.0824383848,0.839181119,0.00953879859,0.000728130341,0.0371703543
-0.84315804,-0.03207602,0.53670783,-0.01750763,-0.99605142,-0.08703258,0.53738036,-0.08277872,0.83926754,0.01107846,-0.00277346,0.02585476
-0.84318058,-0.03242272,0.53665159,-0.01744054,-0.99600482,-0.08757772,0.53734718,-0.08320334,0.8392468,0.00952563,0.0088678,0.02555252
-0.84313165,-0.0325717,0.53671964,-0.01742421,-0.99598436,-0.08781457,0.53742468,-0.08339117,0.83917854,0.00850075,0.00432652,0.03080865
-0.84317864,-0.03285538,0.53662858,-0.01737681,-0.99594403,-0.08828057,0.53735254,-0.08376119,0.83918788,0.00918434,0.00256294,0.02864099
-0.84329836,-0.03310212,0.53642515,-0.01737486,-0.99590047,-0.08877028,0.53716459,-0.08418015,0.83926628,0.01137626,0.00391561,0.02669538
-0.84334651,-0.03315117,0.53634614,-0.01742378,-0.99588326,-0.08895185,0.53708714,-0.08436243,0.83929753,0.00986543,-0.0020892,0.02611332
-0.84341834,-0.03341783,0.5362174,-0.01744204,-0.99583459,-0.08949648,0.53697452,-0.08483568,0.83932193,0.01102083,0.00393099,0.02456025
-0.843490007,-0.0335786552,0.536093861,-0.0175199612,-0.995792992,-0.0899381834,0.536858645,-0.0852543242,0.839353594,0.0126570892,0.000632941723,0.0256964713
-0.843465618,-0.0338027933,0.536118346,-0.0176616414,-0.995733452,-0.0905687393,0.536892519,-0.0858603592,0.83927016,0.0127349086,-0.000380575657,0.0325301476
-0.843393339,-0.0339643794,0.53622154,-0.0179066506,-0.995668515,-0.0912302422,0.536997645,-0.0865449372,0.839132561,0.00700700562,0.000254631042,0.0254473202
-0.84337041,-0.03400012,0.53625559,-0.018191,-0.99561722,-0.09173398,0.53702435,-0.08712076,0.8390559,0.01408745,0.00662106,0.02311246
-0.84334738,-0.0340128,0.53629105,-0.01845231,-0.99557321,-0.09215882,0.53705165,-0.08761772,0.83898668,0.00874082,0.00254351,0.03336478
-0.84337193,-0.03404188,0.53625068,-0.01856416,-0.99554929,-0.09239496,0.53700932,-0.08787837,0.83898651,0.00652804,0.0011276,0.02550542
-0.84349367,-0.03401675,0.53606072,-0.01878695,-0.9955136,-0.09273354,0.53681029,-0.08829111,0.83907054,0.00892886,-0.00185812,0.02542175
-0.84361534,-0.03399151,0.53587077,-0.0190097,-0.99547774,-0.0930722,0.53661116,-0.08870389,0.83915437,0.0108495,-0.00177699,0.02690296
-0.84366434,-0.03395747,0.5357959,-0.01914107,-0.99546058,-0.09322946,0.53652957,-0.08891009,0.83918473,0.00874747,0.00213593,0.02808361
-0.843714,-0.03388671,0.53572233,-0.01940136,-0.99542833,-0.09352044,0.53644228,-0.08929825,0.83919933,0.01216877,0.00509447,0.03237252
-0.84371527,-0.03381319,0.53572495,-0.01965901,-0.99539815,-0.0937873,0.53643087,-0.0896616,0.83916788,0.00966506,-0.00334632,0.03493052
-0.843740214,-0.0337364268,0.535690284,-0.0198305691,-0.995382027,-0.0939208461,0.536385099,-0.0898678492,0.839175056,0.0162303299,-0.000637948513,0.0267587677
-0.84366953,-0.03364057,0.53580788,-0.02014898,-0.99534763,-0.09421874,0.53648466,-0.09028547,0.83906659,0.01206297,0.00461167,0.02225698
-0.84352641,-0.03352242,0.53604039,-0.02052811,-0.99530863,-0.09454726,0.53669512,-0.09075701,0.8388811,0.01443123,0.00754863,0.02998551
-0.84316655,-0.03333764,0.53661768,-0.02108958,-0.99525677,-0.09496807,0.53723845,-0.09139095,0.83846438,0.00732934,-0.00753629,0.03213439
-0.84304766,-0.03317975,0.53681436,-0.0215115,-0.99521648,-0.095296,0.53740842,-0.09188676,0.83830126,0.01190736,-0.00191915,0.02291274
-0.84302417,-0.03310043,0.53685599,-0.02168053,-0.99520225,-0.09540517,0.53743832,-0.0920682,0.83826218,0.01125073,0.00599045,0.01995624
-0.84288019,-0.03301935,0.53708719,-0.02193099,-0.99517822,-0.09559963,0.53765413,-0.0923579,0.83809191,0.00826781,0.01119941,0.02879004
-0.84290499,-0.03291958,0.53705418,-0.02207945,-0.99516957,-0.09565413,0.53760895,-0.09248522,0.83810684,0.01809881,0.0024609,0.02406752
-0.84295353,-0.03292216,0.53697812,-0.0220819,-0.99516737,-0.09567815,0.53753303,-0.09250973,0.83815285,0.0197294,-0.00674069,0.02220416
-0.84305024,-0.03288129,0.53682876,-0.02204071,-0.99517876,-0.095569,0.53738301,-0.09240156,0.83826097,0.01343109,-0.00178689,0.02132273
-0.84321808,-0.03305098,0.53655448,-0.02179609,-0.99518535,-0.09555545,0.53712941,-0.09226888,0.83843809,0.01279449,0.00433511,0.01889181
-0.84331435,-0.03309287,0.53640076,-0.02167209,-0.99519634,-0.09547019,0.53698346,-0.09213631,0.83854616,0.01309586,0.00555295,0.01872471
-0.843529951,-0.0332559903,0.536051697,-0.0212550761,-0.995232271,-0.0951899341,0.536661537,-0.0916893719,0.838801209,0.0159766711,0.000663340092,0.0250559021
-0.84374526,-0.03341926,0.53570269,-0.02083819,-0.99526794,-0.09490943,0.53633944,-0.09124244,0.83905593,0.01290966,-0.00542766,0.03086177
-0.843816436,-0.0335012822,0.535584832,-0.0206715783,-0.995279227,-0.0948237333,0.536233283,-0.0910852273,0.839140819,0.0107383309,-0.000794649124,0.0318860225
-0.84383938,-0.03364048,0.53554052,-0.02039674,-0.99530087,-0.09465944,0.53620827,-0.09080063,0.83918768,0.00841366,0.00216335,0.03242807
-0.84366991,-0.0336497,0.53580633,-0.02032375,-0.99531631,-0.09450921,0.53647709,-0.09062419,0.8390349,0.00817781,0.00786394,0.0425645
-0.84357355,-0.03366745,0.5359572,-0.02034186,-0.99531316,-0.09454023,0.5366282,-0.090654,0.83893505,0.00793766,0.00960416,0.03970279
-0.84345361,-0.03358286,0.53615101,-0.02050601,-0.99530378,-0.09460213,0.53681023,-0.09078684,0.83880421,0.01079064,-0.00677073,0.03534947
-0.84331007,-0.03347858,0.53638368,-0.02073336,-0.99528824,-0.09471855,0.53702736,-0.09099814,0.83864233,0.0208231,-0.00167555,0.02118924
-0.84321345,-0.03351932,0.53653304,-0.02077448,-0.99527698,-0.09482795,0.5371775,-0.09110639,0.83853442,0.01175025,0.00200129,0.02498733
-0.84306878,-0.03352079,0.53675991,-0.02094203,-0.99525242,-0.09504664,0.53739769,-0.09137171,0.83836443,0.01246132,0.00773424,0.02394295
-0.84297198,-0.03353857,0.53691066,-0.02096015,-0.99524901,-0.09507736,0.53754867,-0.09140129,0.8382644,0.0159905,0.00494903,0.03163907
-0.8430205,-0.03354119,0.53683459,-0.02096262,-0.99524683,-0.09510133,0.53747275,-0.09142583,0.83831042,0.0035276,0.00731808,0.02949112
-0.84323811,-0.03351149,0.53649422,-0.02101501,-0.99523639,-0.09519677,0.53712888,-0.091548,0.83851744,0.01425864,0.00360411,0.0256865
-0.84323835,-0.0335345,0.53649282,-0.02103805,-0.99522862,-0.09527544,0.53712802,-0.09162667,0.83850942,0.00548864,0.00203562,0.03576668
-0.84326262,-0.03351741,0.53645544,-0.02110366,-0.99521955,-0.0953539,0.53708705,-0.09172956,0.8385244,0.0052257,0.00518388,0.03908123
-0.84343204,-0.03353103,0.53618819,-0.02119954,-0.99519557,-0.09558268,0.53681718,-0.09198445,0.83866927,0.01470522,0.00550312,0.02934142
-0.84348095,-0.03351979,0.53611207,-0.02135373,-0.99516968,-0.09581829,0.53673433,-0.0922689,0.83869106,0.01048308,-0.00323141,0.03565834
-0.84355365,-0.03352816,0.53599716,-0.02144468,-0.9951503,-0.0959992,0.53661645,-0.09247477,0.83874382,0.01271286,-0.00204307,0.03003504
-0.84369965,-0.0334621,0.53577168,-0.02170936,-0.99511204,-0.09633714,0.53637646,-0.09291087,0.83884914,0.01254892,0.0055539,0.03055678
-0.84370047,-0.03348015,0.53576888,-0.02205869,-0.9950478,-0.09691733,0.53636053,-0.09358757,0.83878407,0.00878351,0.0038926,0.02948633
-0.84379822,-0.03345721,0.53561677,-0.02236664,-0.9949952,-0.09738808,0.53619441,-0.09415583,0.83882671,0.00885503,-0.00230706,0.03076082
-0.84387102,-0.03345133,0.53550188,-0.022609,-0.99495094,-0.09778028,0.53606911,-0.09462113,0.83885441,0.01361176,0.01205331,0.02791187
-0.84387103,-0.03349714,0.53549902,-0.02265486,-0.99493448,-0.09793713,0.53606717,-0.09477799,0.83883793,0.00575527,0.00406736,0.02480092
-0.84394429,-0.03346831,0.53538571,-0.02287419,-0.99489873,-0.09825088,0.53594287,-0.09516479,0.83887359,0.01265853,0.00180715,0.02049277
-0.843944922,-0.0334543068,0.535385864,-0.023025777,-0.994874493,-0.0984622939,0.535935656,-0.0954244155,0.83884872,0.00919734873,0.000703752041,0.018230984
-0.84375277,-0.0333251869,0.535696475,-0.0232282891,-0.994868331,-0.0984757385,0.536229175,-0.0955324888,0.838648804,0.012421648,0.000520944595,0.0189888328
-0.84365646,-0.0332148,0.53585455,-0.02328369,-0.99488163,-0.09832562,0.53637785,-0.09542974,0.8385654,0.01178503,-0.00379193,0.02318038
-0.84363276,-0.033126414,0.535897693,-0.0232780697,-0.994899814,-0.0981448645,0.536415723,-0.0952728904,0.838559027,0.012256938,0.000179290771,0.0248956531
-0.84363287,-0.03294308,0.53590901,-0.02309456,-0.99496588,-0.09751762,0.53642367,-0.09464564,0.83862498,0.01127551,0.00344938,0.03410518
-0.84370485,-0.03291931,0.53579683,-0.02298773,-0.99498653,-0.09733005,0.53631472,-0.09443459,0.83871843,0.01077258,0.00361329,0.02711108
-0.84380153,-0.0327179,0.53565722,-0.02278587,-0.99505555,-0.09667168,0.53617155,-0.09377712,0.83888374,0.01527179,-0.00184441,0.02793661
-0.84387345,-0.03260247,0.5355506,-0.02258734,-0.99510849,-0.09616991,0.5360664,-0.0932519,0.83900946,0.01399148,0.01167804,0.03275579
-0.84382531,-0.03253122,0.53563094,-0.02251615,-0.99513523,-0.09591055,0.53614532,-0.0929921,0.83898788,0.01188704,0.00181282,0.0339117
-0.84382523,-0.03250828,0.53563232,-0.02249319,-0.99514323,-0.095832,0.53614627,-0.09291355,0.83899596,0.01551407,-0.00253379,0.02904877
-0.84365619,-0.03251792,0.53589803,-0.02242049,-0.99515938,-0.09568182,0.53641536,-0.09273766,0.83884342,0.02101496,-0.00613278,0.03121748
-0.84343871,-0.03254791,0.53623842,-0.02236829,-0.99516974,-0.09558618,0.53675941,-0.09261583,0.83863677,0.008077,0.0016064,0.03194391
-0.84336596,-0.03260841,0.53634903,-0.02234625,-0.99516492,-0.09564074,0.53687451,-0.09264555,0.8385598,0.00532433,0.00950891,0.03511304
-0.84319662,-0.03266385,0.53661196,-0.02231942,-0.99516494,-0.09564747,0.53714166,-0.0926265,0.83839081,0.01292504,0.00397438,0.02303189
-0.84309955,-0.03274148,0.53675986,-0.02223176,-0.99516927,-0.09562358,0.53729777,-0.09255331,0.83829886,0.0139937,0.00596756,0.02755337
-0.84307504,-0.03278153,0.53679574,-0.02218913,-0.99517013,-0.09562353,0.53733782,-0.09252885,0.83827588,0.01053424,0.00549835,0.02065715
-0.84297788,-0.03281311,0.53694643,-0.02205545,-0.9951905,-0.09544258,0.5374958,-0.09229858,0.83819999,0.0117467,0.00687641,0.02095293
-0.84278369,-0.03281646,0.53725066,-0.02189373,-0.99522333,-0.09513509,0.53780652,-0.09194075,0.83803998,0.01285271,0.00423628,0.0221852
-0.84263641,-0.03293208,0.53747454,-0.02134761,-0.99530024,-0.09445207,0.53805919,-0.09106257,0.83797367,0.01480515,0.00331801,0.02793133
-0.84268359,-0.03299846,0.53739713,-0.0209172,-0.99536017,-0.09391924,0.53800282,-0.09038504,0.83808324,0.00988287,0.00412029,0.02302366
-0.84268276,-0.03296589,0.53739994,-0.02071903,-0.9953988,-0.09355002,0.53801131,-0.08996741,0.8381227,0.00946662,0.00258559,0.02892645
-0.84265644,-0.03304646,0.53743602,-0.02022014,-0.99546849,-0.09291404,0.53807127,-0.08916168,0.8381703,0.0113696,0.00128716,0.02818469
-0.842606941,-0.0330246291,0.537515174,-0.0198672338,-0.995532021,-0.0923087427,0.538162133,-0.0884589443,0.838186436,0.0102141555,0.000335633755,0.033187177
-0.842582108,-0.0330549623,0.537552707,-0.0196493146,-0.995563546,-0.0920179056,0.538209483,-0.0880951757,0.838194372,0.010734465,-0.000647187233,0.0326634832
-0.84255608,-0.03307561,0.53759169,-0.01925606,-0.99562453,-0.09143596,0.5382639,-0.08739184,0.83823302,0.01550292,-0.00112045,0.03546616
-0.84260351,-0.03310528,0.53751597,-0.01895441,-0.9956673,-0.09103524,0.53820081,-0.08689491,0.83832522,0.01470956,0.00245112,0.03086798
-0.84262649,-0.03316148,0.53747609,-0.01876214,-0.99568793,-0.09084677,0.53817117,-0.08663411,0.83837121,0.0154463,0.00473231,0.03513987
-0.842721473,-0.0332767501,0.537320213,-0.0183803212,-0.995727314,-0.0904936415,0.538035795,-0.0861370609,0.838509317,0.0151576838,-0.000455975533,0.0381973274
-0.84272166,-0.03325367,0.53732167,-0.01835721,-0.99573509,-0.09041485,0.53803661,-0.08605827,0.8385169,0.00965694,-0.00131315,0.03613544
-0.84272128,-0.0332998,0.53731876,-0.0184034,-0.99571954,-0.09057232,0.53803498,-0.08621574,0.83850174,0.00908688,-0.00213253,0.03751868
-0.84257696,-0.03334701,0.5375426,-0.0186169,-0.99568149,-0.09094939,0.5382541,-0.08663924,0.83831746,0.0113836,0.0035941,0.0444657
-0.8422895,-0.03323998,0.53799953,-0.01933882,-0.99559069,-0.09178874,0.53867838,-0.08771697,0.83793278,0.01474374,0.00449103,0.03080034
-0.84204959,-0.03317252,0.5383793,-0.01993452,-0.9955116,-0.09251745,0.53903182,-0.08863661,0.83760866,0.00222026,0.00390714,0.0295318
-0.841953561,-0.0331403147,0.53853114,-0.0202337169,-0.995470365,-0.0928935197,0.539170349,-0.0891085228,0.837469399,0.0101294424,-0.00051099062,0.0323783569
-0.84183481,-0.03299255,0.53872594,-0.02083118,-0.99540022,-0.09351175,0.53933311,-0.08994374,0.83727529,0.01691137,0.00191361,0.0114778
-0.84159355,-0.0329621,0.53910448,-0.02129815,-0.99533431,-0.0941055,0.53969114,-0.09068052,0.83696505,0.01505292,0.00407547,0.02175934
-0.84147276,-0.032947,0.5392938,-0.02153162,-0.99530112,-0.0944021,0.53987007,-0.09104868,0.83680967,0.01375672,0.0058288,0.02768182
-0.84135254,-0.03289552,0.53948458,-0.02189426,-0.99525244,-0.09483152,0.54004293,-0.09159836,0.83663813,0.00837189,0.00110519,0.03107864
-0.841305078,-0.0328663174,0.539560621,-0.0221962123,-0.995207813,-0.0952304496,0.540104793,-0.0920940582,0.836543786,0.00751883816,0.000973701477,0.0226079375
-0.84128095,-0.032893,0.53959658,-0.02230579,-0.99518509,-0.09544179,0.54013782,-0.09232948,0.83649651,0.01236849,-0.00143009,0.02847081
-0.84133022,-0.0328228,0.53952353,-0.02256637,-0.99515109,-0.09573155,0.54004975,-0.09271695,0.83651048,0.00568368,-0.00476223,0.02768708
-0.84150116,-0.03280037,0.53925837,-0.0227917,-0.99511114,-0.09609358,0.53977402,-0.09315349,0.83663995,0.00551342,0.00752491,0.02789599
-0.841623193,-0.0327655322,0.539070613,-0.0228392526,-0.995105751,-0.0961417824,0.539582315,-0.0932271081,0.836755435,0.000439657626,0.00615376234,0.0235498827
-0.84191718,-0.03230804,0.53863922,-0.02337374,-0.99508589,-0.09622028,0.53910082,-0.09359949,0.83702419,0.01294962,0.00242537,0.03006639
-0.84194171,-0.03218531,0.53860766,-0.0234991,-0.99508494,-0.09619616,0.53905649,-0.09364835,0.83704724,0.01010043,-0.00271916,0.03109805
-0.842016294,-0.0317940044,0.538514512,-0.0238521842,-0.995091222,-0.0960454336,0.538924681,-0.0937165583,0.837124489,0.00941290241,0.000785410404,0.0252510644
-0.84209043,-0.03140271,0.53842121,-0.02420526,-0.99509703,-0.09589476,0.53879276,-0.09378469,0.83720176,0.00712599,0.00261873,0.02477333
-0.84201834,-0.03119218,0.53854604,-0.02440851,-0.99510128,-0.0957983,0.5388961,-0.09380905,0.8371325,0.0080866,0.00314254,0.02137702
-0.84172903,-0.0306808,0.53902781,-0.0248903,-0.99511738,-0.09550877,0.53932621,-0.09380906,0.83685549,0.00641668,0.00447637,0.02590183
-0.84136594,-0.03010104,0.53962674,-0.02538635,-0.99514461,-0.09509185,0.53986908,-0.09370621,0.83651688,0.01057281,-0.00249565,0.02260849
-0.84119651,-0.02977951,0.53990876,-0.02564399,-0.99516173,-0.09484392,0.54012098,-0.0936278,0.83636305,0.01389843,-0.00190109,0.02275855
-0.840759318,-0.0291310095,0.540624272,-0.026153742,-0.995200046,-0.094298749,0.540776479,-0.0934219277,0.835962376,0.019545814,0.000559866428,0.0229355674
-0.84039453,-0.02866965,0.54121618,-0.02643693,-0.9952426,-0.09377161,0.54132984,-0.09311324,0.83563863,0.01484132,0.00279349,0.03176454
-0.84010227,-0.02793561,0.54170802,-0.02686066,-0.99530511,-0.09298396,0.54176238,-0.09266668,0.83540792,0.01027733,-0.00252229,0.0265021
-0.83990718,-0.02750115,0.54203284,-0.02708776,-0.9953465,-0.0924748,0.54205365,-0.0923527,0.83525374,0.01377144,-0.00147772,0.02685576
-0.839809473,-0.0272838631,0.542195116,-0.0272011885,-0.995366992,-0.0922200744,0.54219927,-0.0921956484,0.835176571,0.00989985839,4.55379486e-05,0.0326882787
-0.83936921,-0.02632874,0.54292367,-0.02773424,-0.99545077,-0.09115135,0.54285369,-0.09156722,0.83482053,0.01057958,0.00298852,0.02616696
-0.83917281,-0.02568165,0.54325791,-0.02807912,-0.99550629,-0.09043491,0.54313927,-0.09114474,0.83468099,0.00694853,0.00496477,0.03191834
-0.83912389,-0.0255728,0.54333884,-0.02813563,-0.99551643,-0.09030722,0.54321216,-0.09106613,0.83464214,0.00779564,0.00413257,0.0271986
-0.83905005,-0.02523253,0.54346892,-0.028374,-0.9955351,-0.09002736,0.54331396,-0.09095784,0.8345877,0.01282164,0.00434762,0.02845376
-0.838828901,-0.024907034,0.543824951,-0.0286269907,-0.995552567,-0.0897520621,0.543641824,-0.0908547022,0.834385389,0.0118460534,-0.000603079796,0.0345240012
-0.83873044,-0.024736,0.54398444,-0.02878648,-0.99555674,-0.08965365,0.54378514,-0.09085465,0.83429199,0.01345731,0.00274855,0.03215453
-0.838582391,-0.0244435084,0.544225551,-0.0291550824,-0.995547192,-0.0896385957,0.54399349,-0.09103632,0.834136328,0.0109198336,-0.000241219997,0.0362682566
-0.83843434,-0.02406832,0.54447075,-0.02960634,-0.99553772,-0.08959873,0.54419771,-0.09124244,0.83398061,0.01798085,0.00148177,0.03147772
-0.838137819,-0.0235068125,0.544952076,-0.0303667086,-0.995510838,-0.0896459903,0.544612889,-0.0916840789,0.833661119,0.00889706891,0.000256001949,0.0290812422
-0.83803778,-0.02315792,0.54512054,-0.03084403,-0.99549036,-0.0897085,0.5447397,-0.09199282,0.83354423,0.00806774,-0.00264627,0.02642931
-0.8379629,-0.02299376,0.54524208,-0.03109298,-0.99547707,-0.08976661,0.54484022,-0.09217431,0.83345844,0.01197788,-0.00101483,0.03171797
-0.837838181,-0.0225788079,0.545451473,-0.0315867474,-0.99546547,-0.0897256861,0.545004026,-0.092404647,0.833325858,0.00701767672,-5.02467155e-05,0.0280697923
-0.83783592,-0.02221211,0.54546977,-0.03204645,-0.99544766,-0.08975871,0.54498043,-0.09268346,0.83331031,0.01803847,0.00391644,0.0274085
-0.83781036,-0.02202742,0.54551676,-0.03227483,-0.99544006,-0.0897629,0.5450065,-0.09281075,0.83327911,0.02240223,0.00191319,0.02413628
-0.83773433,-0.02169789,0.54564649,-0.03268883,-0.99542569,-0.08977093,0.54509846,-0.09304075,0.83319329,0.01533513,-0.0027315,0.03666097
-0.837782095,-0.021522839,0.545580289,-0.0330096251,-0.995398437,-0.0899568318,0.545005916,-0.0933736277,0.833216604,0.0118743349,-0.000506401062,0.0323785357
-0.83783015,-0.02138357,0.54551189,-0.03320105,-0.99538717,-0.09001046,0.54492033,-0.09352505,0.83325559,0.01360385,0.00340682,0.02687853
-0.83782855,-0.0212291,0.54552043,-0.03354231,-0.99535408,-0.09024992,0.54490194,-0.09391199,0.8332241,0.01276707,-0.00212479,0.02894119
-0.83777789,-0.0210719,0.5456047,-0.03388068,-0.99532337,-0.09046446,0.54495928,-0.09427457,0.83314568,0.01095468,-0.00127381,0.0389434
-0.83775236,-0.02099327,0.54564675,-0.03404984,-0.99530775,-0.0905716,0.5449878,-0.09445575,0.83310649,0.0095755,0.0044176,0.03887819
-0.83757735,-0.02077555,0.54592344,-0.034575,-0.99525758,-0.09092165,0.54522344,-0.09502923,0.83288705,0.01930612,0.00374001,0.02852219
-0.837229694,-0.0205541141,0.546464958,-0.0351782333,-0.995199287,-0.0913282741,0.545718713,-0.0956864157,0.832487354,0.0115488041,-0.000380337238,0.0280138534
-0.83708046,-0.02047448,0.54669632,-0.0354284,-0.99517295,-0.09151712,0.54593123,-0.09597578,0.83231468,0.01221784,0.00323457,0.02877951
-0.83680617,-0.02027531,0.54712334,-0.03597138,-0.99511863,-0.09189413,0.54631593,-0.09657837,0.83199248,0.01247792,0.00401264,0.02375418
-0.836581817,-0.02011479,0.547472423,-0.036387967,-0.995078625,-0.0921641166,0.546632029,-0.0970242431,0.831732951,0.0158768762,0.000236451626,0.0218625087
-0.83625837,-0.01999608,0.54797078,-0.03684583,-0.99502692,-0.09254009,0.54709615,-0.09757787,0.83136295,0.01117508,0.00298744,0.02804403
-0.83620757,-0.01989856,0.54805211,-0.03707837,-0.99500357,-0.09269985,0.54715835,-0.09783719,0.83129155,0.01178416,0.0023576,0.0220416
-0.83613265,-0.01987676,0.54816646,-0.03713879,-0.99499828,-0.09272786,0.547268,-0.09789106,0.83121298,0.01021915,0.00361651,0.0221232
-0.83600827,-0.01976973,0.54836056,-0.03727885,-0.99499542,-0.09270582,0.54744902,-0.09794508,0.83108744,0.00866207,0.00180703,0.0259873
-0.83603229,-0.01972965,0.54832488,-0.03732152,-0.99499353,-0.09270576,0.54740893,-0.09796936,0.83111095,0.01201313,0.00487393,0.0314702
-0.83605675,-0.0196896,0.54828928,-0.03736416,-0.99499209,-0.09270573,0.54736892,-0.09799364,0.83113446,0.00985326,0.00160342,0.02782275
-0.83608124,-0.01964958,0.54825368,-0.03740684,-0.99499065,-0.09270582,0.5473289,-0.09801803,0.83115795,0.00849378,0.00334829,0.03287983
-0.8361542,-0.01952946,0.54814679,-0.03753481,-0.99498589,-0.09270586,0.54720878,-0.09809097,0.83122845,0.01015074,0.00226402,0.0285879
-0.83617821,-0.0194894,0.54811112,-0.03757745,-0.99498401,-0.09270582,0.54716869,-0.09811523,0.83125195,0.00992031,0.00542635,0.0264118
-0.8362521,-0.0194754,0.54799918,-0.0376464,-0.99497194,-0.0928092,0.54705131,-0.09824209,0.83131423,0.00861996,0.00234032,0.02830367
-0.83642351,-0.0193603774,0.54774128,-0.0377800118,-0.994962003,-0.0928594169,0.546779667,-0.0983634911,0.831478553,0.00737171061,4.529953e-05,0.029582154
-0.83657094,-0.01923846,0.54752075,-0.03782407,-0.99497048,-0.09275304,0.5465514,-0.09830396,0.83163568,0.01263191,0.00416309,0.02381735
-0.836594027,-0.019092201,0.547490068,-0.0379257464,-0.994975926,-0.092649611,0.546508485,-0.0982741091,0.831667376,0.00782234874,0.000503242016,0.0296580419
-0.83659354,-0.01900948,0.5474943,-0.03800827,-0.99497547,-0.09262458,0.54650411,-0.09829843,0.83166741,0.01101709,-0.00338978,0.03113067
-0.83659166,-0.01882059,0.54750345,-0.03814979,-0.99498186,-0.09249613,0.54649688,-0.09826864,0.83167567,0.01209974,0.00164604,0.0319824
-0.83653976,-0.01859329,0.54759065,-0.0384178,-0.9949737,-0.09247391,0.54655769,-0.09839533,0.83162074,0.01425958,0.00357169,0.03694713
-0.83648933,-0.01853147,0.54766946,-0.03852087,-0.99496691,-0.09250197,0.5466273,-0.09847363,0.8315657,0.010242,0.00615114,0.0341103
-0.83646143,-0.01831103,0.54771945,-0.0388784,-0.99494048,-0.09263625,0.54664464,-0.09878113,0.83151783,0.0131073,0.00436372,0.03445212
-0.83648302,-0.01809319,0.54769406,-0.03923867,-0.9949117,-0.09279562,0.5465862,-0.09911275,0.8315168,0.00710806,0.00708145,0.02839321
-0.83645712,-0.01801478,0.54773662,-0.03940785,-0.99489534,-0.09290193,0.54661408,-0.09929358,0.83147692,0.00916087,0.00684565,0.0354453
-0.83607701,-0.01744471,0.5483347,-0.04040437,-0.994822,-0.09325609,0.54712224,-0.10012439,0.83104294,0.01026603,0.00311643,0.02658106
-0.83585197,-0.01729709,0.54868231,-0.04066813,-0.9948058,-0.09331408,0.54744641,-0.10031064,0.83080696,0.01843556,0.00205636,0.02586003
-0.83549893,-0.01694778,0.54923023,-0.04130722,-0.99475867,-0.0935329,0.54793684,-0.10083383,0.8304202,0.01306236,0.00307816,0.02703951
-0.835244973,-0.0165566056,0.549628827,-0.0419049827,-0.994723415,-0.0936453196,0.548279073,-0.101248962,0.830143794,0.000149873726,0.00973588228,0.02717763
-0.83516746,-0.01639309,0.54975096,-0.04215374,-0.99470741,-0.09370019,0.54837752,-0.10142943,0.8300567,0.00656193,0.00301164,0.02222965
-0.83496352,-0.01604022,0.55007143,-0.04262491,-0.99468696,-0.09370646,0.54865197,-0.10168823,0.82984367,0.01424991,-0.00556451,0.02571108
-0.83478072,-0.01541105,0.55036675,-0.04323282,-0.994687,-0.09342696,0.54888249,-0.10178493,0.82967936,0.0147474,-0.00350088,0.02465123
-0.8345693,-0.01452655,0.55071126,-0.04399798,-0.99470143,-0.09291428,0.54914305,-0.1017736,0.82950831,0.00787419,0.00309128,0.02604913
-0.83456555,-0.01425472,0.5507245,-0.04422151,-0.99470622,-0.09275964,0.54913125,-0.10176785,0.82951685,0.00816351,0.00481886,0.02825494
-0.83463506,-0.0139452297,0.550626839,-0.0444905645,-0.994706123,-0.092630409,0.54900362,-0.101810282,0.829596105,0.0175724067,0.000679254532,0.0239488818
-0.83455857,-0.01379378,0.55074661,-0.04458621,-0.99471625,-0.09247575,0.54911216,-0.10173213,0.82953386,0.01731972,0.00204062,0.02980221
-0.83445485,-0.01354053,0.55090961,-0.04482744,-0.99471702,-0.09234814,0.54924971,-0.10175624,0.8294398,0.01391674,-0.00222099,0.03608522
-0.83447634,-0.01331132,0.55088302,-0.0450112,-0.99472093,-0.09221891,0.5492024,-0.1017504,0.82947187,0.0132547,-0.00157923,0.02745261
-0.83457132,-0.01304447,0.55074557,-0.04524053,-0.99472017,-0.09211522,0.54903929,-0.10179274,0.82957466,0.01123607,0.00675017,0.03030537
-0.83451887,-0.01285286,0.55082971,-0.04537879,-0.9947283,-0.09196046,0.54910776,-0.10173871,0.82953597,0.01282261,0.005063,0.03691086
-0.83454279,-0.01278911,0.55079469,-0.04539786,-0.99473449,-0.0918822,0.54906956,-0.10168453,0.82956788,0.01281276,0.00151825,0.03070968
-0.834565281,-0.0126426295,0.550763816,-0.0454993335,-0.994739324,-0.0917785194,0.5490268,-0.101654562,0.829599847,0.0128918029,-0.000103592873,0.039358288
-0.83461177,-0.01245601,0.55069737,-0.04564337,-0.99474215,-0.09167471,0.54894392,-0.1016485,0.82965542,0.0089073,0.0046522,0.0317778
-0.834586326,-0.0124133943,0.55073708,-0.0456830838,-0.994742789,-0.0916492048,0.548979489,-0.101648554,0.829631888,0.00780769438,-7.59959221e-05,0.027786376
-0.83453359,-0.01226894,0.55082007,-0.04586834,-0.99473404,-0.09165063,0.54904405,-0.10175076,0.82957663,0.01265719,0.00450963,0.03027174
-0.83448086,-0.01212453,0.55090306,-0.04605356,-0.99472529,-0.09165206,0.5491086,-0.10185296,0.82952135,0.01621273,0.00271839,0.03295568
-0.8344555,-0.01210554,0.55094226,-0.04611682,-0.99471773,-0.09170476,0.5491422,-0.10193125,0.82948951,0.01428225,0.00588459,0.02633373
-0.83438021,-0.01208399,0.55105671,-0.04617712,-0.99471243,-0.09173172,0.54925149,-0.10198535,0.8294105,0.01412618,0.00224,0.02847012
