0,1,2,3,4,5,6,7,8,9,10,11
-0.10460821,0.56784018,-0.81646466,0.96402093,0.25963085,0.05705605,0.2443781,-0.78112053,-0.57456932,-0.00126486,0.00545228,0.00643218
-0.104615502,0.568028335,-0.816332786,0.964077319,0.259438949,0.0569756725,0.244152267,-0.781047447,-0.574764547,0.000834182603,0.00607776642,0.00670192204
-0.10450562,0.568536183,-0.815993323,0.964227273,0.258898896,0.0568952754,0.243606772,-0.780857168,-0.575254473,0.0024066749,0.000824391842,0.00603876775
-0.10409508,0.56927562,-0.81553016,0.96441897,0.25814015,0.05709365,0.24302309,-0.78056961,-0.57589133,,,
-0.103896698,0.569643475,-0.815298511,0.964503269,0.257798734,0.0572116522,0.242773136,-0.780414018,-0.576207416,-0.000214229396,-0.000747203827,0.00529709132
-0.10376152,0.57056594,-0.81467048,0.96468781,0.25710964,0.05720164,0.24209693,-0.77996737,-0.57709608,-0.00232595,-0.00664121,0.01189486
-0.10398746,0.57206828,-0.81358744,0.96485381,0.2565201,0.05704898,0.24133745,-0.77906055,-0.57863713,-0.00774449,-0.00585675,0.02661051
-0.10416986,0.57323709,-0.81274091,0.96494189,0.25619486,0.05701998,0.24090598,-0.77830802,-0.57982825,-0.00881139,0.00674629,0.03520939
-0.10462295,0.57670979,-0.81022211,0.965109,0.2555135,0.05724924,0.2400389,-0.77596306,-0.58332039,-0.01175034,0.01680553,0.02919213
-0.104961367,0.581266175,-0.806915494,0.965337608,0.254527898,0.0577820246,0.238969207,-0.772881035,-0.58783368,-0.00739176944,-0.0028835535,0.000502900977
-0.10508968,0.5832137,-0.80549236,0.96548425,0.25394358,0.05790365,0.23831982,-0.77160511,-0.58977049,-0.011082,0.00459266,-0.00420841
-0.10525233,0.58674555,-0.802902,0.96577741,0.25277655,0.05812067,0.23705685,-0.76930728,-0.59327092,-0.01073109,0.00625694,-0.00922502
-0.10522458,0.58985132,-0.8006267,0.96600742,0.25179701,0.05854789,0.23612993,-0.76725069,-0.59629597,-0.00426969,0.00183797,-0.01389345
-0.105287432,0.591168287,-0.799646588,0.966076023,0.251492707,0.0587245503,0.235821391,-0.766336421,-0.597592535,-0.000657792902,0.00412797928,-0.0145343253
-0.105440206,0.593539288,-0.797867993,0.96624344,0.250810177,0.0588877943,0.235065596,-0.764725619,-0.599948904,-0.00123114651,0.000910282135,-0.0128215197
-0.10573235,0.59577409,-0.79616188,0.96635248,0.25036036,0.05901235,0.23448536,-0.76313355,-0.60219894,-0.00288856,0.00552869,-0.01258633
-0.10583654,0.59686,-0.79533436,0.96641873,0.25008945,0.05907699,0.23416542,-0.76237352,-0.60328528,-0.00262058,0.00408387,-0.01198506
-0.106153988,0.598939527,-0.793727162,0.966526187,0.249661771,0.0591282736,0.233577597,-0.760881374,-0.605393334,-0.000404702616,0.000141501427,-0.0125473263
-0.10646663,0.60094445,-0.7921682,0.96665454,0.24916974,0.05910438,0.23290275,-0.7594604,-0.60743393,0.00216997,0.00105512,-0.01367975
-0.106534934,0.60181248,-0.791499824,0.966720505,0.248906498,0.0591351713,0.232597714,-0.758859172,-0.608301694,0.0109083634,0.000440835953,-0.0163151212
-0.10675776,0.60295033,-0.79060333,0.96680468,0.24860109,0.05904372,0.23214526,-0.75805564,-0.60947529,0.00842336,-0.00332552,-0.01364433
-0.106988227,0.603538018,-0.790123668,0.96683299,0.248521046,0.0589175796,0.231921367,-0.757614131,-0.610109296,0.00403468497,-0.000668883324,-0.00930295233
-0.10715064,0.60424658,-0.78955994,0.96691685,0.24823375,0.0587526,0.23149651,-0.7571434,-0.61085462,0.0026671,-0.00619608,-0.00229966
-0.1074258,0.60486507,-0.78904881,0.9669758,0.2480618,0.0585082,0.23112246,-0.75670579,-0.61153813,,,
-0.10773431,0.6053691,-0.78862002,0.96702253,0.24794608,0.05822495,0.23078282,-0.75634052,-0.61211785,-0.00334316,0.00523508,0.00166304
-0.10778001,0.60550797,-0.78850716,0.96702183,0.24794916,0.05822338,0.2307644,-0.75622833,-0.61226339,,,
-0.107905368,0.605671348,-0.78836449,0.967008384,0.248011451,0.0581811809,0.230762075,-0.756077035,-0.61245103,-0.00250532478,0.000805497169,0.00629004044
-0.10795103,0.605845974,-0.788224021,0.9669972,0.2480462,0.0582186772,0.230787493,-0.755925694,-0.61262819,-0.00481610885,-0.000472664833,0.00849091262
-0.10801381,0.60594555,-0.78813895,0.96698529,0.24809314,0.0582171,0.23080826,-0.75583052,-0.61273792,,,
-0.1079795,0.60627454,-0.78789044,0.9669343,0.24822709,0.05849099,0.23103728,-0.75552255,-0.61303105,0.00144033,0.00459611,0.01215141
-0.10843517,0.60721798,-0.78710098,0.96675512,0.24885255,0.05879468,0.23157323,-0.75455855,-0.61401543,0.00401011,0.0034436,0.02054231
-0.108742396,0.608328605,-0.786200483,0.966623039,0.249273912,0.0591800756,0.231980153,-0.75352418,-0.615131066,0.0138952732,0.000427007675,0.022945594
-0.10923669,0.60977161,-0.78501324,0.96644408,0.24986615,0.05960413,0.23249311,-0.75216049,-0.6166047,0.02657636,-0.01071346,0.05060109
-0.1106653,0.61255515,-0.78264266,0.96612597,0.25103131,0.05986641,0.23313932,-0.74950622,-0.6195859,0.00966774,0.01211894,0.06830612
-0.11170106,0.61553307,-0.7801549,0.96586131,0.25190545,0.06046008,0.23374039,-0.74676805,-0.62265766,0.00145466,0.01777637,0.08464156
-0.112219003,0.617755421,-0.778321982,0.965705023,0.252359321,0.0610619569,0.234138155,-0.744777144,-0.624889021,-0.00091329962,0.0194280148,0.120004445
-0.113306377,0.623717316,-0.773394005,0.965342189,0.253305492,0.0628548093,0.23510856,-0.739468038,-0.630801757,1.41952187e-05,0.00748169422,0.0964922011
-0.11372248,0.62722035,-0.77049453,0.96510599,0.25386468,0.06421181,0.2358763,-0.73630656,-0.63420424,0.01434351,0.01274753,0.07607047
-0.11455601,0.63340265,-0.7652961,0.96436215,0.25585552,0.0674068,0.2385009,-0.7303007,-0.64013933,0.00782333,0.03801906,0.07501385
-0.11492534,0.63897341,-0.7605951,0.96330308,0.2586517,0.07173784,0.24256773,-0.72443917,-0.64525066,-0.01391463,0.03458321,0.12607196
-0.11527103,0.64617111,-0.75443718,0.96201148,0.26184278,0.07728035,0.24748025,-0.71686905,-0.65180691,-0.00259224,0.03344893,0.17460121
-0.11575121,0.6507387,-0.75042704,0.96126367,0.26365604,0.08035919,0.25014745,-0.7120566,-0.65604997,0.01259185,0.03446615,0.15679887
-0.11643679,0.66017257,-0.74203412,0.959566,0.26755048,0.08746322,0.2562724,-0.70184679,-0.66463187,0.04938648,0.04854143,0.08720543
-0.11665484,0.67019964,-0.73295572,0.95600347,0.27578016,0.10001331,0.26916352,-0.68904118,-0.67288427,0.01576235,0.06152499,0.12447774
-0.116658341,0.67566647,-0.727918666,0.953070445,0.282323797,0.109315863,0.279369811,-0.681005177,-0.676893164,0.000752389431,0.0635125637,0.145450324
-0.11679659,0.68506409,-0.71905887,0.94796557,0.29281156,0.12499042,0.29617518,-0.66704462,-0.68361655,0.0126338,0.06808579,0.09439516
-0.11675458,0.69060669,-0.71374414,0.94385839,0.30077328,0.13662626,0.30903016,-0.65772167,-0.68695157,0.01080033,0.07575369,0.08016301
-0.11660109,0.69467337,-0.70981195,0.93905359,0.30982299,0.14895643,0.32339211,-0.649183,-0.68846122,-0.01900119,0.09030879,0.10978068
-0.11650009,0.69647309,-0.70806267,0.93644404,0.31455531,0.15532993,0.33090795,-0.64496516,-0.68885378,-0.03555494,0.10043526,0.12006371
-0.1165401,0.70140111,-0.70317476,0.93092617,0.32387246,0.16876909,0.34611374,-0.63493545,-0.69069677,-0.04380761,0.10717249,0.14287259
-0.11696304,0.70832453,-0.69612928,0.92496976,0.33290244,0.18332178,0.36159445,-0.62245667,-0.69411605,0.01496543,0.08724082,0.08728855
-0.11729817,0.71152083,-0.69280533,0.92171942,0.33769987,0.19076712,0.36969505,-0.6161955,-0.69543414,0.02866771,0.07948577,0.05015456
-0.11828812,0.71559455,-0.68842748,0.91448485,0.34866903,0.20529828,0.38694367,-0.60527215,-0.69564378,-0.00832794,0.10088408,0.05233246
-0.11883106,0.71696945,-0.68690175,0.91046911,0.3546866,0.21270504,0.39613786,-0.60012686,-0.69492632,-0.01972456,0.10585892,0.06652289
-0.1202003,0.72051244,-0.68294469,0.9016921,0.36704583,0.22853569,0.41533478,-0.58833582,-0.69379939,-0.03423508,0.11485207,0.08247911
-0.12188814,0.72537174,-0.67747987,0.89215545,0.37919868,0.24549324,0.43497331,-0.57449467,-0.69336417,-0.03824357,0.10163677,0.05732531
-0.12360449,0.73079586,-0.67131152,0.88164281,0.3913616,0.26370811,0.45544232,-0.55926149,-0.69267496,-0.00673034,0.10578907,0.01358495
-0.12454691,0.73318079,-0.66853113,0.87591273,0.39776817,0.27305186,0.46611677,-0.55156718,-0.69174318,-0.00310923,0.10183322,0.02227397
-0.12700289,0.73742968,-0.66337595,0.86349905,0.41129823,0.29189571,0.48809791,-0.53575291,-0.6890059,0.00185746,0.11183178,0.03855082
-0.13019456,0.74164326,-0.65803855,0.85001065,0.42515973,0.31100021,0.5104227,-0.51884923,-0.68575815,0.00514041,0.10254824,0.00243935
-0.13193013,0.74342128,-0.65568231,0.84283189,0.43229486,0.3205551,0.52175558,-0.51033909,-0.68361188,0.01026263,0.10520446,-0.02682106
-0.13528877,0.74556608,-0.65255503,0.8274269,0.44731149,0.33952481,0.54503354,-0.4940077,-0.67741765,0.00502819,0.10063326,-0.0476399
-0.13837627,0.74586221,-0.65156859,0.81100045,0.46294881,0.35771036,0.56844554,-0.47892378,-0.66895572,-0.02077921,0.10580695,-0.02738944
-0.13993482,0.74608618,-0.65097898,0.80247868,0.47059027,0.36684159,0.58003981,-0.47106284,-0.66457022,-0.02321577,0.08982289,-0.02669668
-0.14347378,0.74724021,-0.64888143,0.78497587,0.48521545,0.38519962,0.60268394,-0.45409022,-0.65618123,-0.01693659,0.05907905,-0.0623185
-0.14697768,0.74867605,-0.64643752,0.76679065,0.49908053,0.40367142,0.62484351,-0.43635156,-0.64743149,-0.00211702,0.06763852,-0.06691314
-0.14881672,0.749459,-0.64510824,0.75744562,0.50578385,0.41286652,0.63571186,-0.42719297,-0.64294354,-0.01097623,0.06884634,-0.06088768
-0.15202132,0.75117707,-0.64235694,0.73865508,0.51817314,0.4311441,0.65671768,-0.40893712,-0.63363412,-0.0091011,0.05614984,-0.07719088
-0.15479167,0.75255129,-0.64008283,0.71978266,0.52969637,0.4487033,0.6767218,-0.39126498,-0.62366595,-0.0098826,0.04362297,-0.10371858
-0.15608291,0.75324978,-0.63894664,0.7101902,0.53516454,0.45741529,0.68648955,-0.38237893,-0.61848065,0.00210706,0.03281426,-0.0945788
-0.15874865,0.75424526,-0.63711294,0.69092399,0.54582797,0.47402093,0.7052821,-0.36494642,-0.6077756,0.01394969,0.00707889,-0.07577915
-0.16023728,0.75455815,-0.63636949,0.68128575,0.55105815,0.48185546,0.71426455,-0.35633826,-0.60236977,0.01818461,-0.0011071,-0.0797345
-0.16303599,0.75432974,-0.6359291,0.66193992,0.56158754,0.49644229,0.73161104,-0.34000889,-0.59087995,-0.00662557,0.00271928,-0.10066145
-0.16543418,0.75374952,-0.63599784,0.64245513,0.57164398,0.5103671,0.74825329,-0.32416792,-0.5788197,-0.01341217,0.01403558,-0.09032433
-0.16723709,0.75407475,-0.63513988,0.62307727,0.58009299,0.52465866,0.76407206,-0.3079988,-0.5668599,0.00842356,-0.00945979,-0.08717262
-0.16805026,0.75408092,-0.63491804,0.61354798,0.58413017,0.53136689,0.77156842,-0.30025632,-0.56082805,0.00312888,-0.0126937,-0.09341253
-0.16977384,0.75385132,-0.63473223,0.59460634,0.59199185,0.54404866,0.78588811,-0.28505057,-0.5487495,-0.00792925,-0.00487661,-0.08738901
-0.17148457,0.7544383,-0.63357373,0.57577156,0.59858755,0.55693803,0.79942475,-0.26928743,-0.53703264,0.01547189,-0.03125429,-0.08357853
-0.17246723,0.75477255,-0.63290857,0.56635701,0.60169093,0.56321195,0.80591228,-0.26131657,-0.53124269,0.02245582,-0.04706275,-0.09909873
-0.17438282,0.75470571,-0.63246322,0.5476103,0.60814598,0.5747011,0.81836018,-0.24612535,-0.51933483,0.01241409,-0.03035396,-0.08667825
-0.17637224,0.75410773,-0.63262496,0.52904346,0.61460233,0.58512989,0.83006375,-0.23148543,-0.50735455,-0.00526683,-0.03671843,-0.08748708
-0.17727219,0.75390648,-0.63261329,0.51994352,0.61750809,0.59020547,0.83560355,-0.22429616,-0.5014558,-0.00262457,-0.04784387,-0.08977758
-0.17911925,0.75340619,-0.6326889,0.50212434,0.62303226,0.59975153,0.84604212,-0.21026142,-0.48990065,0.01055088,-0.06143785,-0.09083885
-0.18104664,0.75297552,-0.63265306,0.48464689,0.62805986,0.60881703,0.85576832,-0.19638904,-0.47863536,0.01845218,-0.05368519,-0.07584395
-0.18204928,0.7528822,-0.63247629,0.4760858,0.63029268,0.61324823,0.86034887,-0.18947154,-0.47318085,0.01019177,-0.05381483,-0.06656825
-0.18429281,0.75275781,-0.63197469,0.45919077,0.6344435,0.62179204,0.86901103,-0.17560518,-0.46258282,0.01037264,-0.04626226,-0.06894788
-0.18639082,0.7527088,-0.63141739,0.44261362,0.63809957,0.63001756,0.87712693,-0.16204445,-0.45209507,0.01540605,-0.05334318,-0.06677148
-0.18747379,0.75261168,-0.63121261,0.43441841,0.63987211,0.63391195,0.88098487,-0.15536852,-0.44690762,0.02456015,-0.05506265,-0.06315442
-0.18976726,0.75221126,-0.63100428,0.4181109,0.64340833,0.64125576,0.88835323,-0.14214038,-0.43660555,0.01670573,-0.0624826,-0.05599085
-0.19117252,0.75202375,-0.63080369,0.41009613,0.6450725,0.64475003,0.89178146,-0.13543165,-0.43172216,0.03337861,-0.06251305,-0.05039379
-0.19420225,0.7519133,-0.63000934,0.39413882,0.64792612,0.65180235,0.89829837,-0.12172963,-0.42218693,0.05820154,-0.05872053,-0.04175343
-0.19717438,0.75154814,-0.62952162,0.37829107,0.65072297,0.65837333,0.90444345,-0.10832801,-0.41260984,0.00372425,-0.04440737,-0.03182721
-0.19957231,0.75221754,-0.62796454,0.35613271,0.65271339,0.66868129,0.91287468,-0.0901884,-0.39815278,-0.0291379,-0.01788843,-0.05873848
-0.20008773,0.75576211,-0.62352897,0.34245607,0.65020448,0.67820198,0.91798071,-0.07783135,-0.38891325,-0.00530739,-0.04076368,-0.05559104
-0.19968035,0.7587953,-0.6199655,0.32952012,0.64785836,0.68680126,0.92279143,-0.06715033,-0.37940289,0.02938161,-0.0606606,-0.05303878
-0.19911347,0.75951336,-0.61926827,0.32330666,0.64745319,0.69012835,0.92510893,-0.06279968,-0.37447237,0.03462996,-0.05367053,-0.04580247
-0.19757938,0.75987452,-0.61931668,0.31128335,0.647706,0.69539889,0.92955102,-0.0553865,-0.36450964,0.03616756,-0.03461397,-0.03716017
-0.1951609,0.759675623,-0.620326487,0.293909918,0.648720985,0.701981466,0.935697046,-0.0453207114,-0.349881153,0.000236026244,-0.000600457191,-0.025394842
-0.1951609,0.759675623,-0.620326487,0.293909918,0.648720985,0.701981466,0.935697046,-0.0453207114,-0.349881153,0.000236026244,-0.000600457191,-0.025394842
-0.19313936,0.76113353,-0.61917116,0.27157529,0.64786849,0.71169746,0.94283829,-0.03069479,-0.33183396,0.02997145,-0.04641604,-0.04254552
-0.19274473,0.76067598,-0.61985609,0.26609288,0.64854969,0.71314648,0.94448086,-0.02748408,-0.327415,0.0127003,-0.03498751,-0.03828157
-0.19224266,0.75993739,-0.62091691,0.25531988,0.649661,0.71606725,0.94755179,-0.02087373,-0.31891967,-0.01504393,-0.01585305,-0.03361176
-0.19217746,0.76030636,-0.62048541,0.24453238,0.64942738,0.72003334,0.95040613,-0.01335462,-0.31072483,-0.03323759,0.00809252,-0.02744702
-0.19239214,0.76107586,-0.61947469,0.23893232,0.64860075,0.72265375,0.95178606,-0.00897965,-0.30663132,-0.03537682,0.01816952,-0.01876181
-0.193248693,0.763703435,-0.615964381,0.227841457,0.645567057,0.728924879,0.95432873,0.00052152322,-0.298758305,0.00859518163,0.00358951092,-0.0122476248
-0.19384052,0.76497848,-0.61419354,0.22214642,0.6440327,0.73203335,0.95555049,0.00545685,-0.29477686,0.01459015,-0.00721794,-0.02501251
-0.19484065,0.76593681,-0.61268094,0.21036706,0.64274922,0.73662687,0.95800983,0.01463696,-0.28636155,-0.03374758,0.00470507,-0.02599095
-0.19558004,0.76613529,-0.61219708,0.19873125,0.64226335,0.74027273,0.96034079,0.02311985,-0.27786892,-0.02789269,0.02124226,-0.01102145
-0.19620087,0.76765265,-0.61009393,0.18703667,0.64006166,0.74521028,0.96256038,0.03210098,-0.26915985,-0.03730089,0.03359091,0.00260453
-0.19660927,0.76865318,-0.60870107,0.18111237,0.63860607,0.74791749,0.96360937,0.03680425,-0.26476846,-0.03160495,0.02520525,-0.00737008
-0.19729038,0.77075832,-0.60581186,0.16932622,0.63546149,0.75333744,0.96561122,0.04604644,-0.25588002,-0.00455616,0.01538181,-0.02364601
-0.19794011,0.77294583,-0.60280554,0.1569856,0.63203295,0.75887409,0.96756152,0.05557981,-0.24644605,0.02306507,0.01434743,-0.00187581
-0.19817403,0.77374274,-0.60170519,0.15074691,0.63063652,0.76129687,0.96850521,0.0601641,-0.24161509,-0.01451985,0.0143075,-0.00278459
-0.19864218,0.77485268,-0.6001206,0.13843352,0.6283666,0.7655009,0.97024614,0.06898391,-0.23208571,-0.01361711,-0.00127316,-0.01702273
-0.1990639,0.77602113,-0.59846856,0.12600684,0.62588985,0.76966494,0.97185167,0.07780143,-0.22237602,0.01379358,-0.01145852,-0.01682055
-0.19925057,0.77650583,-0.59777739,0.11956445,0.62471517,0.77164452,0.97262709,0.08227772,-0.21731733,0.00853888,-0.01846159,-0.01227109
-0.19969998,0.77740245,-0.59646064,0.10691167,0.62237503,0.77538326,0.97400706,0.09107544,-0.20740167,-0.01201158,-0.00709635,-0.01055996
-0.1999703,0.77823478,-0.59528343,0.0945321,0.62004482,0.77885047,0.97523096,0.09947362,-0.1975587,0.01621405,-0.03731006,-0.01668982
-0.20007993,0.77838252,-0.5950534,0.0882453,0.61918198,0.78027329,0.97579745,0.10360641,-0.19257447,0.03010496,-0.06593156,-0.02506157
-0.2002095,0.77715707,-0.59660944,0.07534312,0.61934796,0.78149309,0.97685175,0.11151201,-0.18255274,0.03900831,-0.04984498,-0.01093011
-0.20035133,0.77412685,-0.60048867,0.06255969,0.62177403,0.78069407,0.97772456,0.11884683,-0.17300233,0.01497501,-0.04404873,-0.01464874
-0.20041715,0.77227058,-0.60285227,0.05624486,0.62339198,0.77988388,0.97809469,0.12239486,-0.16837465,-0.00136999,-0.04919648,-0.02157028
-0.20019097,0.76881865,-0.60732302,0.04384315,0.62627994,0.77836441,0.97877533,0.12919465,-0.15908299,-0.01132124,-0.03122067,-0.00616435
-0.200047633,0.76751162,-0.609021141,0.0377974723,0.627168435,0.777965983,0.979056784,0.132610835,-0.154473541,-0.0141246617,-0.0324321985,2.02234369e-05
-0.19972869,0.76559013,-0.61153921,0.02626114,0.6280726,0.77771149,0.97949926,0.13927158,-0.14554938,0.01890109,-0.03663296,-0.00614812
-0.19940353,0.76427197,-0.61329152,0.01521504,0.62819975,0.7779033,0.97979929,0.14578544,-0.13689366,0.00509113,-0.02287662,0.00301208
-0.19916935,0.76333945,-0.61452784,0.00495895,0.6278686,0.77830356,0.97995255,0.1519668,-0.12883755,0.00347113,-0.014732,0.00786227
-0.199124727,0.763122455,-0.614811695,2.57630414e-05,0.627379515,0.778713639,0.979974133,0.155045317,-0.124946427,-0.0031275393,-0.0233677626,-9.77719901e-06
-0.19892366,0.76328094,-0.61468013,-0.00961784,0.6256643,0.78003315,0.97996783,0.16107891,-0.11711833,0.02550968,-0.01845825,-0.00364466
-0.19882378,0.7631605,-0.61486187,-0.01920307,0.62423338,0.78100187,0.97984708,0.167089,-0.10945741,0.01820913,-0.03837997,-0.01033783
-0.19867179,0.76278791,-0.61537314,-0.02403647,0.62390831,0.78112781,0.97977127,0.16997947,-0.10561825,0.01641328,-0.05183935,-0.0096182
-0.198267477,0.761897696,-0.616605028,-0.0339216979,0.623383161,0.781180329,0.979560707,0.175799001,-0.0977517138,0.0251578148,-0.0256131887,-0.000389746157
-0.19823215,0.76074342,-0.61803988,-0.04397167,0.62301605,0.78097211,0.97916819,0.18199009,-0.09005061,0.0184015,-0.03090084,-0.00171995
-0.19815378,0.75987943,-0.61912708,-0.04891446,0.6231989,0.78053219,0.97894967,0.18494967,-0.08632013,0.00793044,-0.04489756,-0.01074178
-0.19803114,0.75822683,-0.62118905,-0.05866493,0.62343547,0.77967087,0.97843865,0.19084109,-0.07897833,0.00442999,-0.03883708,-0.00468682
-0.197742723,0.757065997,-0.622694864,-0.0681879261,0.623076123,0.779183259,0.977879453,0.19653809,-0.0715860094,0.0154692158,-0.0391851664,0.000177311478
-0.19749913,0.75644571,-0.6235255,-0.07272225,0.62299572,0.77883749,0.97760198,0.19916387,-0.06803069,0.00833638,-0.05707151,0.00240311
-0.19682945,0.75485065,-0.62566639,-0.08112104,0.62342359,0.77766466,0.9770759,0.20382211,-0.0614738,0.02080923,-0.06388801,0.00101232
-0.19580516,0.75283862,-0.6284061,-0.08894236,0.62453562,0.77591525,0.97660098,0.20782018,-0.05532803,0.01647494,-0.06651461,-0.00582764
-0.19507936,0.7517826,-0.6298943,-0.09268168,0.6252292,0.77491839,0.97639849,0.2095503,-0.05229281,0.00826915,-0.06133705,-0.00824439
-0.19366593,0.7501773,-0.63223969,-0.09976688,0.62604059,0.77338192,0.97598134,0.21285452,-0.04639978,0.02713277,-0.04145527,-0.00208562
-0.19192871,0.74790949,-0.63544829,-0.10938919,0.6271484,0.77118015,0.97529337,0.21752288,-0.03855452,0.0293089,-0.0647673,-0.01217522
-0.19043759,0.74579307,-0.63837769,-0.11537011,0.62876985,0.76898516,0.97489646,0.22009345,-0.03369915,0.03068354,-0.0623945,-0.01142737
-0.18884289,0.7439229,-0.64102794,-0.12095702,0.63018146,0.76696848,0.97452938,0.22237348,-0.02902254,0.00830008,-0.03496444,0.00457586
-0.18807677,0.74326512,-0.64201552,-0.12348523,0.63059865,0.76622236,0.9743605,0.22338812,-0.02681866,-0.00694102,-0.03599244,0.01123039
-0.1863661,0.74268047,-0.64318985,-0.12799156,0.63072754,0.76537628,0.9741076,0.22496316,-0.02248935,0.00600595,-0.06730002,0.00845957
-0.18425769,0.74248615,-0.64402146,-0.13198266,0.63061506,0.76479101,0.97397634,0.2259182,-0.01820043,0.02661126,-0.05344093,0.01173134
-0.18303376,0.74247939,-0.64437792,-0.13383919,0.63052926,0.76453901,0.9739536,0.22617951,-0.01603528,0.02185328,-0.05550826,0.02975169
-0.18073363,0.74245275,-0.64505747,-0.13692612,0.63047714,0.76403519,0.97395403,0.22641212,-0.01228722,0.0231415,-0.0678094,0.03393771
-0.17867085,0.7416253,-0.64658221,-0.13887795,0.63156828,0.7627807,0.97405829,0.22608273,-0.00984742,0.05053767,-0.10096997,0.03459884
-0.17777851,0.74092186,-0.64763367,-0.13952057,0.63249171,0.76189775,0.97412966,0.22580736,-0.00906954,0.08411311,-0.09218335,0.02782033
-0.17604832,0.73870399,-0.650633,-0.14055484,0.63532038,0.75934993,0.97429525,0.22513194,-0.00801865,0.00457272,-0.03361648,0.0211038
-0.17391561,0.73669044,-0.65348323,-0.14019315,0.63831509,0.75690136,0.97473023,0.22325092,-0.00773396,-0.01263549,-0.01340121,-0.01292898
-0.1728161,0.73768086,-0.65265733,-0.13965806,0.63758017,0.75761941,0.9750027,0.22207767,-0.00716105,0.00138682,-0.00813973,-0.00636825
-0.17237752,0.73953537,-0.65067161,-0.13906168,0.63567341,0.75932944,0.9751656,0.22137477,-0.0067348,0.0311353,-0.02955312,-0.01485766
-0.17228356,0.7399639,-0.65020903,-0.13882221,0.63525219,0.75972564,0.97521626,0.2211517,-0.00672008,0.02730596,-0.05129176,-0.0156141
-0.17221224,0.7401425,-0.65002463,-0.13903915,0.63501316,0.75988578,0.97519796,0.2212405,-0.00644825,0.02266941,-0.02982289,-0.01229637
-0.1721579,0.74000538,-0.6501952,-0.13940571,0.63510468,0.75974215,0.97515527,0.22143649,-0.00617733,0.0152496,-0.02909029,-0.00653
-0.1722684,0.73958556,-0.65064347,-0.14028129,0.63536647,0.759362,0.9750102,0.22208713,-0.00570358,,,
-0.17246589,0.73954567,-0.65063654,-0.14107589,0.63517918,0.75937149,0.97486066,0.22275472,-0.00521472,-0.00631774,0.00912976,0.00558717
-0.17246559,0.73992417,-0.65020588,-0.14164329,0.63460736,0.75974379,0.97477825,0.22312702,-0.00464261,-0.00995133,0.02084279,0.00669661
-0.17241638,0.74048365,-0.64958181,-0.14193776,0.63389888,0.76028013,0.9747442,0.22328494,-0.00419195,0.00874593,0.00665569,0.01011875
-0.1726028,0.74134628,-0.64854766,-0.14234789,0.63274376,0.76116519,0.97465145,0.22369859,-0.00368429,0.024494,0.00688064,0.00414266
-0.17309055,0.74174594,-0.64796034,-0.14289084,0.63201775,0.76166644,0.97448542,0.22442487,-0.00340759,0.01248179,0.01086783,0.00642614
-0.17339738,0.74208627,-0.64748855,-0.14311342,0.63148299,0.76206811,0.97439827,0.22480488,-0.00329502,0.00913491,0.01401138,0.00295109
-0.17382937,0.74308274,-0.64622842,-0.14380412,0.63003075,0.76313928,0.97421943,0.22558642,-0.00265944,0.00733812,0.01341319,0.02054171
-0.173735324,0.744098035,-0.6450846,-0.144453847,0.628705227,0.764109168,0.974140191,0.225937711,-0.00174048007,-0.00278967805,0.000826120377,0.00517517282
-0.173640678,0.745485125,-0.64350659,-0.145668923,0.626802534,0.76544047,0.973976061,0.226650561,-0.000244375893,0.0264121927,-0.0143671632,0.00496655935
-0.173833571,0.745725717,-0.643175735,-0.14668017,0.626226986,0.76571841,0.973789915,0.2274487,0.000523905645,0.0373481661,-0.0080601573,0.00331684388
-0.174103238,0.745507386,-0.643355892,-0.147255717,0.626277182,0.765566879,0.973654877,0.228025504,0.000743339082,0.00794803351,-0.0046389699,0.009613025
-0.17460855,0.74491076,-0.64390976,-0.14824383,0.62661359,0.76510075,0.97341439,0.2290488,0.00101634,0.00227162,-0.01689804,-0.00573024
-0.174948097,0.744888454,-0.643843272,-0.149167727,0.626327087,0.765155741,0.973212185,0.229903261,0.00153863162,0.00755088171,-0.0103387237,0.000653314288
-0.17523827,0.744966,-0.64367463,-0.14969795,0.62602791,0.76529702,0.97307856,0.23046617,0.00181588,0.01773206,-0.0184406,0.00237451
-0.17601502,0.74465136,-0.64382703,-0.15090402,0.62589615,0.76516799,0.97275221,0.23183707,0.00220372,-0.01355056,-0.00557387,0.00303474
-0.17638087,0.74458924,-0.64379862,-0.15148281,0.62572798,0.76519112,0.97259589,0.2324895,0.00242603,-0.02201831,0.01067173,0.01280312
-0.17714175,0.74531636,-0.64274756,-0.15231775,0.62444547,0.76607258,0.97232721,0.23360525,0.00290953,0.0211439,-0.018866,0.0160376
-0.17822946,0.74548963,-0.6422456,-0.1528601,0.62379559,0.76649385,0.9720432,0.23478554,0.00277688,0.01530329,-0.01979303,0.00264634
-0.17926658,0.7451385,-0.64236458,-0.15338985,0.6237867,0.7663953,0.9717691,0.23592121,0.00247254,-0.00821947,-0.02623367,0.0105449
-0.17955527,0.74502756,-0.64241241,-0.15363709,0.62377519,0.76635508,0.9716766,0.23630153,0.00246178,-0.00679212,-0.02296662,0.01008452
-0.179843974,0.745075784,-0.642275639,-0.154125031,0.623514937,0.766468869,0.971545879,0.236835656,0.00269947743,-0.00568273012,-0.00421977043,0.000782171322
-0.18065886,0.74593268,-0.64105129,-0.15458857,0.62213959,0.76749246,0.97132111,0.23775354,0.00291765,0.02975249,-0.0219714,0.01637774
-0.18113257,0.74551623,-0.64140195,-0.15481493,0.62244356,0.76720032,0.97119682,0.23826359,0.00267226,0.02383507,-0.02754867,0.01387945
-0.18182007,0.74369102,-0.64332331,-0.15460323,0.62447171,0.76559314,0.97110198,0.23866016,0.00143561,0.01447261,-0.02863848,0.00406813
-0.182494726,0.743225872,-0.643669721,-0.154499377,0.624853124,0.765302836,0.970991941,0.239110416,0.000795598473,0.00536384759,-0.00554680824,0.00296565332
-0.183483792,0.743570111,-0.642990749,-0.154212861,0.624223966,0.765873885,0.970851177,0.239682923,0.000133114047,0.0192787759,-0.021112144,0.00224031322
-0.183893305,0.74359271,-0.642847757,-0.15393497,0.62414526,0.765993964,0.970817893,0.239817868,-0.00031123774,0.0173902884,-0.0259449482,-0.00692356005
-0.18445374,0.7431238,-0.64322903,-0.15343618,0.6246619,0.76567275,0.97079035,0.23992592,-0.00119909,0.01213254,-0.01505703,-0.00386141
-0.184999063,0.743021117,-0.643190984,-0.152865381,0.624764743,0.765703003,0.970776595,0.239976111,-0.001998609,0.0210859068,-0.000966310501,0.00821225718
-0.18527167,0.74293,-0.6432178,-0.15251988,0.62487841,0.76567915,0.97077897,0.23996228,-0.00246061,0.02557333,-0.00232136,0.00400492
-0.1858927,0.74250193,-0.64353302,-0.15171876,0.62540322,0.76540984,0.97078591,0.23992014,-0.00360641,0.00942969,-0.0038982,-0.00938633
-0.186132336,0.742331869,-0.643659963,-0.151332402,0.625630526,0.765300561,0.970800317,0.23985379,-0.00411120582,0.00860477798,-0.00229656696,-0.000379024015
-0.186454627,0.742473186,-0.643403554,-0.150555543,0.625559581,0.765511728,0.970859204,0.23960122,-0.00485499904,0.019070046,-0.00161236525,0.000464730663
-0.18677118,0.74281628,-0.64291556,-0.14987425,0.62522622,0.76591766,0.97090377,0.23940787,-0.00544518,0.00951983,0.00510478,-0.00542427
-0.18718503,0.74331586,-0.64221745,-0.14919481,0.62467637,0.76649875,0.97092874,0.23929263,-0.00603118,0.02637281,-0.00420713,-0.0080857
-0.18751105,0.74365258,-0.6417324,-0.14892169,0.62424559,0.76690272,0.97090781,0.2393706,-0.00630696,0.0293183,-0.00532013,-0.00603402
-0.18806984,0.74409987,-0.64104985,-0.14847721,0.62365528,0.76746892,0.97086767,0.23951914,-0.00680883,0.02114016,-0.00310212,0.00191233
-0.18841195,0.74396484,-0.64110608,-0.14811683,0.62380477,0.76741705,0.97085637,0.23954925,-0.0073385,0.0197625,0.00127399,-0.0036155
-0.18865635,0.74383201,-0.64118834,-0.1479946,0.62392173,0.76734555,0.97082756,0.23965712,-0.00762362,0.00958779,0.00622952,-0.00687157
-0.188895036,0.743794595,-0.64116145,-0.147807885,0.623942074,0.767364995,0.970809576,0.239720267,-0.00792079328,0.00547828339,0.00888454914,0.00065446517
-0.18878662,0.74367079,-0.64133728,-0.14743718,0.62421385,0.76721535,0.97088723,0.2393969,-0.00819853,0.01266087,-0.00330573,-0.00277815
-0.188748141,0.74358194,-0.641451289,-0.147172122,0.624396632,0.767117412,0.970934717,0.239195852,-0.00841910581,0.00678020157,-0.00541681051,-0.000959707075
-0.18855748,0.74371942,-0.64134813,-0.14672653,0.62439807,0.76720164,0.9710393,0.23876443,-0.00861154,0.02345202,0.00113279,-0.00277484
-0.18851353,0.743831769,-0.641230707,-0.146556949,0.624318243,0.767298997,0.971073417,0.238623113,-0.00867869091,0.0203447174,-0.0045915246,0.000832001911
-0.18848701,0.74363139,-0.64147107,-0.14654081,0.6245698,0.76709738,0.97108113,0.23858953,-0.00875098,0.01783722,-0.01162106,-0.00315043
-0.18847694,0.74306466,-0.64213013,-0.14659795,0.6252357,0.76654373,0.97107427,0.23861088,-0.0089107,0.00878,-0.00700092,-0.00673394
-0.188482573,0.742889637,-0.64233095,-0.146542349,0.625456584,0.766374139,0.971081563,0.238576965,-0.00902281347,0.0010081185,0.000175178051,-0.00509895245
-0.18851515,0.742941921,-0.642260981,-0.146543056,0.625384504,0.766432841,0.971075177,0.238603162,-0.00902143376,0.00539236329,-0.000538945198,-0.00111036934
-0.18894886,0.74327083,-0.64175288,-0.14644032,0.62488972,0.76685596,0.97100645,0.23887507,-0.00922737,0.01329116,-0.01445353,-0.00231698
-0.189257937,0.743189354,-0.641756016,-0.146239389,0.624945567,0.76684875,0.970976437,0.238982319,-0.00959229736,0.0135216741,-0.0187702775,0.000510623446
-0.18964357,0.74278312,-0.64211256,-0.14580875,0.62542347,0.76654112,0.97096607,0.23899523,-0.01030326,-0.00233056,-0.02046132,0.00373147
-0.19008824,0.74262966,-0.64215852,-0.1453949,0.62557784,0.76649375,0.97094114,0.23906805,-0.0109404,-0.00667376,-0.0062378,0.00136843
-0.19058013,0.74289396,-0.64170686,-0.14482828,0.62525703,0.76686269,0.97092939,0.23908613,-0.01156949,-0.00216761,-0.00896454,0.0062304
-0.19090382,0.74325694,-0.64119,-0.14459373,0.62478534,0.76729125,0.97090069,0.23919098,-0.01180356,0.00933946,-0.01816148,0.0085573
-0.19177388,0.74355333,-0.64058657,-0.14405078,0.62430741,0.76778226,0.97081001,0.23951761,-0.0126164,0.02207279,-0.02666759,0.00671322
-0.19255578,0.74270826,-0.64133188,-0.1435593,0.62520945,0.76714003,0.97072801,0.23978646,-0.01376498,-0.01298842,-0.00409782,0.007041
-0.1927084,0.74211148,-0.64197637,-0.14318105,0.62597096,0.76658948,0.97075347,0.23964724,-0.01437348,-0.02512744,0.00390804,0.01656786
-0.19301108,0.74175551,-0.64229693,-0.1423559,0.62651036,0.7663025,0.9708148,0.23933968,-0.01533014,-0.0010507,-0.00779939,0.00142493
-0.193764948,0.742077501,-0.641697622,-0.141456991,0.626125552,0.766783296,0.970795949,0.239348462,-0.0163490682,0.0231470224,-0.023186028,0.000713210786
-0.19416981,0.74202021,-0.64164166,-0.14105737,0.62617333,0.76681794,0.97077331,0.23940121,-0.01691652,0.01023042,-0.02494448,0.00347728
-0.19497257,0.74118257,-0.64236586,-0.13895484,0.62745503,0.76615382,0.97091557,0.23863891,-0.01934557,0.01763059,-0.01896441,-0.01368239
-0.19523598,0.74105524,-0.64243273,-0.13834372,0.62767983,0.76608027,0.97094989,0.23844306,-0.02002529,0.0252476,-0.01745868,-0.00625879
-0.19596025,0.74032758,-0.64305111,-0.13727389,0.62859771,0.76551997,0.97095599,0.23828558,-0.02155254,0.01730551,-0.03336966,0.00700124
-0.19670232,0.73909836,-0.64423727,-0.13607993,0.63013513,0.7644684,0.97097389,0.23804053,-0.02337256,0.0131161,-0.03322452,-0.00141953
-0.19705421,0.73842524,-0.64490133,-0.13533044,0.6310146,0.76387579,0.97100733,0.23779975,-0.02441266,0.01355514,-0.03421557,-0.00225273
-0.19802078,0.73724183,-0.64595845,-0.13366041,0.63254325,0.76290494,0.97104209,0.23741007,-0.02671668,0.014677,-0.02119261,0.00434147
-0.1985327,0.73675039,-0.64636173,-0.13279345,0.63318746,0.7625218,0.97105639,0.23721818,-0.02787276,0.00429414,-0.02263123,0.00314139
-0.20016974,0.73576231,-0.64698202,-0.13089886,0.63434353,0.76188826,0.97097755,0.23719625,-0.03066589,0.01375364,-0.0331763,-0.00935805
-0.20222595,0.73450471,-0.64777108,-0.12892223,0.63571477,0.76108196,0.97081594,0.23742267,-0.03386401,0.01745479,-0.03540862,-0.00321099
-0.204699818,0.732948977,-0.648755414,-0.126824775,0.637342931,0.760071975,0.970573679,0.237864935,-0.03750785,-0.000277849409,-0.03162992,-0.00385787874
-0.20590342,0.73207668,-0.64935911,-0.12571689,0.63829019,0.75946087,0.97046318,0.2380111,-0.03939167,-0.00279969,-0.02044827,0.01142482
-0.20876581,0.73071548,-0.64997817,-0.12339764,0.63962891,0.7587146,0.97014934,0.23859948,-0.04336406,0.01612619,-0.02378559,0.00321313
-0.21237733,0.72918236,-0.65052982,-0.12099834,0.64097003,0.7579689,0.96966766,0.2396884,-0.04789767,0.0245276,-0.03234297,-0.00656753
-0.21445513,0.7283211,-0.65081271,-0.11977219,0.6416774,0.75756497,0.96936238,0.24041303,-0.05037836,0.02146525,-0.03421479,-0.00948553
-0.21960024,0.72639917,-0.65124493,-0.11750502,0.64298611,0.75681004,0.96848763,0.24272022,-0.05584435,0.04579333,-0.05979639,-0.01739226
-0.22645124,0.7239195,-0.65165957,-0.11559501,0.64433734,0.75595444,0.96713879,0.2465155,-0.06222947,0.06701017,-0.09380543,-0.03079373
-0.23037972,0.72217789,-0.65221471,-0.11479672,0.6453938,0.75517448,0.96630567,0.24884909,-0.06578194,0.05296164,-0.10494506,-0.02474969
-0.23902102,0.71767669,-0.65407113,-0.11336622,0.64836406,0.75284269,0.96437388,0.25409483,-0.07361233,0.02594743,-0.12238199,-0.0269478
-0.24874339,0.71289915,-0.65566876,-0.11174204,0.65130347,0.75054481,0.96210209,0.25995882,-0.08234663,0.04124353,-0.16484916,-0.0420902
-0.25380129,0.71037008,-0.65647473,-0.11101239,0.65282027,0.7493343,0.9608647,0.26305892,-0.08682671,0.06868082,-0.18618661,-0.05542113
-0.26449806,0.70431803,-0.65876918,-0.11003384,0.65659575,0.74617327,0.95808834,0.26984831,-0.09616947,0.07287165,-0.16128403,-0.04777496
