0,1,2,3,4,5,6,7,8,9,10,11
0.00912233,0.86827164,-0.49600526,0.99362773,0.04785607,0.10204797,0.11234223,-0.49377548,-0.86230222,0.00605087,0.03490436,-0.01475319
0.01015765,0.86608909,-0.49978637,0.99371418,0.04698135,0.10161089,0.1114847,-0.49767695,-0.86016778,-0.00545565,0.0330677,-0.0030383
0.01065758,0.86501502,-0.50163275,0.99376909,0.04649881,0.10129588,0.11094778,-0.49958669,-0.85912963,-0.01846734,0.03397607,0.01216507
0.01164687,0.86362076,-0.50400728,0.99381682,0.0456619,0.10120736,0.11041867,-0.50206971,-0.85774901,-0.03577619,0.01951361,0.0113481
0.01292343,0.86321909,-0.50466407,0.99379514,0.04467253,0.10186075,0.11047277,-0.50284909,-0.85728562,-0.0230976,-0.00231087,-0.00378689
0.01366401,0.86318874,-0.50469643,0.99374952,0.04420439,0.10250781,0.11079338,-0.5029425,-0.85718939,-0.01795499,-0.01187408,-0.00881028
0.01499687,0.86294754,-0.50507077,0.99366403,0.04340797,0.10366963,0.11138552,-0.50342541,-0.85682894,-0.00546561,-0.02054298,-0.01383635
0.0161416428,0.862013581,-0.506628119,0.993625734,0.0427088559,0.104325797,0.111567765,-0.505082723,-0.855829487,0.000682769693,-0.0130810728,-0.00664946483
0.01662092,0.86128653,-0.50784746,0.99363246,0.04238038,0.10439458,0.11143637,-0.5063489,-0.85509784,0.00182134,-0.00144035,-0.00620053
0.01719032,0.85974177,-0.51043963,0.9936723,0.04198288,0.10417689,0.11099496,-0.50900055,-0.85357988,-0.00477303,0.01215863,0.00337084
0.01751188,0.85872405,-0.51213878,0.99369929,0.04176446,0.10400597,0.11070159,-0.51073333,-0.8525821,-0.01410393,0.01823759,0.00302075
0.01769708,0.8585742,-0.51238371,0.99369674,0.04163325,0.10408346,0.11069555,-0.51099601,-0.85242559,-0.01265099,0.01530814,-0.00247956
0.01779957,0.85880545,-0.51199248,0.99369197,0.04151215,0.10417749,0.11072209,-0.51061715,-0.85264918,0.00179051,0.00346637,-0.01308175
0.01811767,0.85904248,-0.51158348,0.9936696,0.04126806,0.10448713,0.11087092,-0.51023804,-0.85285672,0.00720149,-0.00156564,-0.01491292
0.01819434,0.85917295,-0.51136157,0.99365669,0.04122862,0.1046252,0.11097384,-0.51002147,-0.85297282,0.00150759,-0.00506151,-0.01507207
0.01820825,0.85958264,-0.51067224,0.99364095,0.04120408,0.10478494,0.11111309,-0.5093328,-0.85336625,0.00591193,-0.0059799,0.00269973
0.01841674,0.86098554,-0.50829586,0.9936058,0.04087913,0.10524438,0.11139257,-0.50698398,-0.85472736,0.02330968,-0.01098078,-0.01510124
0.01860556,0.86201861,-0.50653509,0.99363085,0.04037295,0.10520364,0.11113783,-0.50526626,-0.85577712,0.03365809,-0.01711017,-0.01541909
0.01882455,0.86256318,-0.50559908,0.99369623,0.03975514,0.1048207,0.11051465,-0.5043851,-0.85637741,0.03988927,-0.01738214,-0.01106594
0.01896031,0.86253013,-0.50565041,0.99374578,0.0394068,0.10448195,0.11004491,-0.50446896,-0.85638852,0.04384558,-0.00541502,-0.00842649
0.01924446,0.8621815,-0.50623388,0.99387276,0.03862332,0.10356255,0.10884215,-0.50512506,-0.85615542,0.04463099,0.00236821,-0.00583401
0.01942964,0.86177947,-0.50691072,0.99400656,0.03790382,0.1025383,0.10757922,-0.50586489,-0.85587798,0.03289992,0.01117563,0.00936338
0.01946688,0.86171758,-0.50701462,0.99406823,0.03759027,0.10205539,0.10700173,-0.50599383,-0.8558743,0.02897155,0.01128638,0.01088225
0.01949234,0.8622293,-0.50614286,0.9941626,0.03701544,0.10134345,0.10611637,-0.50516374,-0.8564746,0.03150781,0.01531458,0.00657823
0.0194175,0.86310266,-0.50465478,0.99419808,0.03674261,0.10109325,0.10579612,-0.50368986,-0.85738154,0.03186734,0.01385891,-0.01111084
0.01954839,0.86353277,-0.50391371,0.99418936,0.03657341,0.10124182,0.10585548,-0.50296476,-0.85780014,0.03097062,0.00833905,-0.01203149
0.01970833,0.86397098,-0.50315557,0.99413563,0.03658659,0.10176241,0.10632847,-0.50221049,-0.85818326,0.02106194,0.0064801,-0.01122688
0.02026471,0.86394662,-0.50317536,0.99402669,0.036572,0.10282656,0.10723876,-0.50225351,-0.85804487,0.01097516,0.00633919,-0.0057667
0.02057653,0.86383581,-0.5033528,0.99396444,0.03658684,0.10342072,0.10775455,-0.50244287,-0.85786923,0.01504679,0.00846231,-0.00198521
0.0212715,0.86354391,-0.50382478,0.99381749,0.0366627,0.10479796,0.10896921,-0.50293909,-0.85742518,0.00885088,0.00763833,-0.00359906
0.0219409334,0.863200971,-0.504383366,0.993671155,0.0367631663,0.106141443,0.110164106,-0.503520064,-0.856931283,0.0117019219,0.0105091324,-7.85181765e-05
0.02225227,0.86301805,-0.50468282,0.99359126,0.03686667,0.10685191,0.11082112,-0.50382612,-0.85666683,0.00701583,0.01201951,0.00208926
0.02268853,0.86277675,-0.50507582,0.99342806,0.03723572,0.10823247,0.11218734,-0.50421212,-0.85626181,0.00866106,0.00719905,0.00521521
0.0228665731,0.862658635,-0.505269387,0.99326737,0.0378074832,0.10950105,0.113564981,-0.504371518,-0.855986144,0.0139903994,0.000740051211,-0.000298322644
0.02289471,0.86252363,-0.50549859,0.99318682,0.03816652,0.11010565,0.11426184,-0.50457537,-0.85577329,0.01198348,0.00558138,-0.00310654
0.02212408,0.86193382,-0.50653769,0.99294503,0.04009269,0.11159102,0.11649249,-0.50543296,-0.85496588,0.02150993,0.00488245,-0.01743502
0.02174789,0.86181419,-0.50675753,0.99289251,0.04070571,0.1118364,0.1170101,-0.50558799,-0.85480358,0.02008498,0.00888896,-0.01161216
0.0205746002,0.861920931,-0.506624933,0.99279627,0.0422111862,0.11213212,0.118034227,-0.505282452,-0.8548434,0.0214927997,-0.000459313364,-0.0177103803
0.01907222,0.86241855,-0.50583628,0.99273423,0.04378369,0.11207851,0.11880593,-0.50429861,-0.85531736,0.02590471,-0.01088393,-0.0302566
0.01358657,0.86570066,-0.50037754,0.99270339,0.04828495,0.11049187,0.11981357,-0.4982277,-0.85872794,0.01452459,-0.0034169,-0.01577251
0.0130080036,0.867984083,-0.496421603,0.992680583,0.0484038579,0.110644974,0.120066794,-0.49422736,-0.861001307,0.0262046084,0.000841855945,-0.0204942599
0.0124409833,0.869637018,-0.493534743,0.99279446,0.0480866356,0.109757479,0.119181566,-0.491344076,-0.862772563,0.000733388704,0.0140606156,0.00515108695
0.01251241,0.86982902,-0.49319446,0.99283434,0.04781385,0.10951562,0.11884137,-0.49103073,-0.86299786,-0.007161,0.01736033,0.01233803
0.01277459,0.87051046,-0.49198399,0.99291291,0.04709664,0.10911346,0.11815518,-0.48989115,-0.86373943,-0.02914367,0.01730597,0.02275915
0.01348803,0.87182017,-0.48964019,0.99294175,0.04602811,0.10930664,0.11783292,-0.48765855,-0.86504581,-0.04270693,0.01273847,0.0260232
0.01391405,0.8727104,-0.48803986,0.99293304,0.04547074,0.10961902,0.11785718,-0.48611616,-0.8659103,-0.04623576,0.004825,0.02732839
0.01487854,0.87463051,-0.48456168,0.99291546,0.04421256,0.11029086,0.11788745,-0.48276977,-0.86777633,-0.05426536,-0.0099259,0.03142761
0.01590388,0.8766159,-0.4809278,0.9928726,0.04297316,0.11116306,0.11811428,-0.47926798,-0.86968446,-0.06152041,-0.02161038,0.03162157
0.01631795,0.87756722,-0.47917583,0.99284461,0.04247694,0.11160318,0.11829322,-0.47756828,-0.87059475,-0.0618288,-0.02142477,0.02892215
0.01723775,0.8792006,-0.47613983,0.99277636,0.04150072,0.11257334,0.11873469,-0.47464088,-0.87213419,-0.05540129,-0.02442479,0.03196237
0.01795642,0.87991279,-0.4747958,0.99272276,0.04086486,0.11327665,0.11907604,-0.47337464,-0.87277567,-0.05841739,-0.01210391,0.0359537
0.01816851,0.87994152,-0.47473442,0.99270947,0.04070949,0.11344865,0.11915437,-0.47333456,-0.87278665,-0.06848181,-0.00257558,0.04057978
0.01822254,0.87947028,-0.47560486,0.99267395,0.040912,0.1136867,0.11944202,-0.47419221,-0.87228172,-0.07073742,0.00933337,0.03788077
0.01814569,0.87841754,-0.47754921,0.99265651,0.04130517,0.11369619,0.11959795,-0.47610545,-0.87121738,-0.06847295,0.02336323,0.03438999
0.01787004,0.87779211,-0.47870826,0.99263999,0.04178076,0.11366687,0.11977667,-0.47721621,-0.87058492,-0.07121666,0.02142668,0.0266499
0.0169392,0.87636202,-0.48135507,0.99261178,0.0431098,0.11341705,0.12014552,-0.4797199,-0.86915702,-0.0595337,0.02281558,0.03035003
0.01567121,0.87487609,-0.4840932,0.99255154,0.04488765,0.11325424,0.12081323,-0.48226229,-0.86765617,-0.04061437,0.01651847,0.02287043
0.01491618,0.87416638,-0.48539746,0.99250933,0.0459255,0.11320829,0.12125501,-0.48345014,-0.86693326,-0.03741472,0.00803888,0.01730473
0.01340585,0.8724461,-0.48852617,0.99242526,0.04805807,0.11305867,0.12211517,-0.48634141,-0.86519327,-0.01548282,-0.00184494,0.01197298
0.0117258,0.8702862,-0.49240676,0.99237502,0.05029627,0.11252594,0.12269599,-0.48997163,-0.86306053,-0.01296322,-0.01004827,0.01148028
0.0109185,0.86911171,-0.49449532,0.99236193,0.05135097,0.11216451,0.1228763,-0.49194299,-0.86191269,-0.01193849,-0.01323867,0.01516683
0.00920107,0.86694634,-0.49831648,0.99232696,0.05353058,0.11145235,0.12329836,-0.49551837,-0.85980168,-0.01893297,-0.01468575,0.01562818
0.00776592,0.86557504,-0.50071901,0.99227015,0.05534901,0.11106949,0.12385328,-0.49771108,-0.85845444,-0.00864794,-0.01238352,0.0071709
0.00712080082,0.865165979,-0.501434838,0.992225949,0.0561908808,0.111040688,0.124244648,-0.498327401,-0.858040002,-0.00780864991,-0.0134469261,-0.000629523536
0.00590504,0.86497478,-0.50178055,0.99213034,0.0576922,0.11112593,0.12506994,-0.49848792,-0.85782704,0.00462358,-0.01967382,0.0013819
0.00473751,0.86515509,-0.50148196,0.99205646,0.05897351,0.11111277,0.12570392,-0.49802483,-0.85800331,0.01817194,-0.00944996,-0.00313174
0.00421228,0.86514402,-0.50150592,0.99203428,0.05952443,0.1110177,0.12589817,-0.49797868,-0.85800179,0.02853747,-0.00590914,-0.00834443
0.00354281,0.86492806,-0.50188324,0.992012,0.06024518,0.1108269,0.12609332,-0.49826686,-0.85780558,0.03198908,-0.00298846,-0.01400218
0.00320369025,0.864259733,-0.503035545,0.992056677,0.0605108668,0.110281002,0.125750529,-0.499393095,-0.857200778,0.0294759143,0.000194609151,-0.0168655701
0.00307882,0.8636716,-0.50404558,0.992103,0.06056381,0.10983491,0.12538822,-0.50040329,-0.85666472,0.02511064,0.00145686,-0.01667184
0.00303986,0.86242213,-0.50618039,0.99219838,0.06048537,0.1090122,0.12463099,-0.5025628,-0.85550996,0.01492033,-0.00457245,-0.00911815
0.00323418,0.86119875,-0.50825806,0.99230658,0.06014013,0.10821648,0.1237626,-0.50469781,-0.85437869,0.01670467,-0.01405871,-0.01220687
0.0033419,0.86061125,-0.50925147,0.99235926,0.05995589,0.1078348,0.12333646,-0.50572079,-0.85383517,0.02393082,-0.0140394,-0.0121624
0.00350015,0.85925013,-0.51154357,0.99248797,0.05957344,0.10685739,0.12229161,-0.50807488,-0.85258689,0.02284856,-0.01026112,-0.01843847
0.00379612,0.85786497,-0.51386114,0.99259964,0.05913751,0.1060598,0.12137346,-0.510461,-0.85129197,0.00990081,-0.00547814,-0.00328689
0.00397268325,0.857354482,-0.514710957,0.992627301,0.0589727308,0.10589205,0.121140907,-0.511336852,-0.850799179,0.00416473439,-0.00321102119,-0.00045205676
0.00446311363,0.857030357,-0.515246581,0.99266062,0.0584722898,0.105857816,0.120851007,-0.511937448,-0.850479317,-0.000417499163,-0.00875401404,-0.00395032205
0.0051893,0.85748339,-0.51448544,0.99266955,0.0577078,0.10619289,0.12074846,-0.51126511,-0.85089818,0.00882238,-0.0029633,-0.00189043
0.00567682,0.85790553,-0.51377593,0.99266581,0.05720947,0.10649652,0.12075677,-0.51061239,-0.85128871,0.01764471,-0.00300926,-0.00362121
0.00669739,0.85877237,-0.5123135,0.99267201,0.05610584,0.10702514,0.120654,-0.50927607,-0.85210353,0.02413541,-0.00501502,-0.0131769
0.00787592,0.85930807,-0.5113975,0.9926857,0.054893,0.10752519,0.12046936,-0.50850388,-0.85259049,0.02715498,-0.00292253,-0.00909912
0.00840187738,0.859421212,-0.511198981,0.992692278,0.0543739858,0.107728025,0.120379638,-0.508368437,-0.852683949,0.0265218019,0.000757694186,-0.0111632068
0.0094501,0.85949397,-0.51105849,0.99270631,0.05336419,0.10810376,0.12018675,-0.50835258,-0.85272079,0.01397946,-0.00212705,-0.00981794
0.0104193048,0.859379687,-0.511231691,0.992756782,0.0523049283,0.108157394,0.119688174,-0.508655683,-0.852610025,0.0125905452,-0.000510692538,-0.00100664538
0.01093781,0.85925936,-0.51142332,0.9927826,0.05175403,0.10818648,0.11942848,-0.50891548,-0.85249167,0.01334822,0.00179505,0.00635621
0.01179073,0.85927018,-0.51138604,0.9928216,0.05081451,0.10827324,0.11902179,-0.50899174,-0.85250285,0.01516498,0.00594616,0.0011394
0.01270034,0.85959195,-0.51082338,0.99282879,0.04989015,0.10863749,0.118869,-0.50853986,-0.85279402,0.00841052,0.00410318,-0.00367331
0.01315663,0.85980433,-0.51045419,0.99282544,0.0494435,0.10887175,0.11884706,-0.50822428,-0.85298511,0.00916957,0.00864077,-0.00530235
0.01392522,0.86017489,-0.50980903,0.99281854,0.0486912,0.10927262,0.11881678,-0.5076695,-0.85331955,0.00578412,0.00538146,-0.0066978
0.0146650876,0.860340564,-0.509508437,0.992815255,0.0479905523,0.109611043,0.118754378,-0.507455245,-0.853455442,0.00086962874,0.00404620124,-0.00541732321
0.0150457,0.86034849,-0.50948399,0.99280738,0.04767231,0.10982116,0.11877271,-0.50747184,-0.85344306,0.00368056,0.00642919,0.00150445
0.01589697,0.86013718,-0.5098148,0.99279176,0.04699915,0.11025167,0.11879239,-0.50789264,-0.85318996,0.00606251,0.00508058,-0.00547645
0.0167412132,0.859619851,-0.510659618,0.992779059,0.0463834374,0.110626064,0.11878247,-0.50882423,-0.852636063,0.0050304248,-0.000440120668,-0.00392218865
0.01716133,0.85929645,-0.51118966,0.99277624,0.04607537,0.11077994,0.11874602,-0.50939813,-0.85229838,,,
0.0177851463,0.858568808,-0.512389828,0.992771825,0.0456716784,0.110987591,0.118692196,-0.510660105,-0.851550647,-0.00828653574,0.000490665378,0.00224227551
0.01822162,0.85806259,-0.51322168,0.99278666,0.04531003,0.11100263,0.11850128,-0.5115423,-0.85104746,-0.0129062,0.00143456,0.0090045
0.0184329391,0.858037909,-0.5132554,0.992798242,0.0450679288,0.110997599,0.118371492,-0.511605085,-0.85102779,-0.00623096339,-0.000889956893,6.21874351e-05
0.01846595,0.85839642,-0.51265442,0.99279187,0.04498701,0.11108748,0.11841988,-0.51101048,-0.85137826,-0.01112169,-0.00445324,-0.00319197
0.0184194,0.85844612,-0.51257293,0.99279541,0.04500459,0.11104905,0.11839777,-0.51092551,-0.8514324,-0.00795568,-0.00242162,-0.0018982
0.0183263,0.85854541,-0.51240998,0.99280241,0.04503992,0.11097221,0.1183536,-0.51075557,-0.85154054,-0.00792897,-0.00539017,-0.00432664
0.01832248,0.858392167,-0.51266675,0.992804238,0.0450687404,0.11094402,0.118338726,-0.511010487,-0.85138961,-0.000421902048,0.00980508234,-0.00169936533
0.0182255378,0.858338216,-0.512760537,0.992813064,0.0451328666,0.110838962,0.118279676,-0.511095453,-0.851346824,-0.00456011016,0.0112293949,4.57151327e-05
0.01824684,0.85821224,-0.51297055,0.99280658,0.04516813,0.1108824,0.11833055,-0.51130379,-0.85121458,-0.00306045,0.00284243,-0.00336602
0.01836119,0.85806022,-0.51322069,0.99281005,0.04507914,0.11088746,0.11828365,-0.51156669,-0.85106309,-0.00424429,-0.00258338,-0.00748723
0.01845019,0.85788073,-0.51351752,0.99282186,0.04498367,0.11082072,0.11817086,-0.51187608,-0.85089278,-0.00187055,-0.00198889,-0.00535234
0.0184378963,0.85751795,-0.514123447,0.992849881,0.044951618,0.110581997,0.11793671,-0.512486321,-0.850557778,-0.00422530901,-0.00837290194,0.000776605273
0.01859427,0.85718657,-0.51467014,0.99285736,0.04484412,0.11055848,0.11784915,-0.51304981,-0.85023014,-0.00742635,-0.00844604,0.011048
0.0187125,0.85716336,-0.51470449,0.99285333,0.04475605,0.11063029,0.11786434,-0.51309626,-0.85019999,-0.00415982,-0.00446671,0.01437248
0.01881387,0.85734663,-0.51439534,0.99283693,0.04469287,0.11080227,0.11798571,-0.51279536,-0.85036454,0.00217619,-0.00539052,0.00224912
0.01891499,0.85745651,-0.51420866,0.9928038,0.04471862,0.1110894,0.11824903,-0.51260956,-0.85044023,0.00331186,0.00156677,-0.00945156
0.0189402819,0.857435044,-0.514243667,0.992784276,0.0447843376,0.111237938,0.118409397,-0.512639876,-0.850399808,0.000341112725,0.00514590694,-0.00908100605
0.01896557,0.85734002,-0.51440111,0.99274769,0.04493941,0.11150146,0.11871157,-0.51278518,-0.85027003,-0.01207382,0.00587559,0.00158142
0.01887686,0.85742186,-0.51426786,0.99271317,0.04515346,0.11172171,0.11901361,-0.51262943,-0.85032162,-0.00991411,0.00294566,0.00944064
0.01888468,0.85760678,-0.5139592,0.99268107,0.04524409,0.11197034,0.11928016,-0.51231207,-0.8504756,-0.00562717,0.00412619,0.01100105
0.01916184,0.85798181,-0.51332239,0.99260555,0.04522563,0.11264418,0.11986195,-0.51168516,-0.8507709,0.01219681,0.00108695,-0.00213045
0.0194772,0.85814691,-0.5130346,0.99256441,0.04506925,0.11306919,0.12015206,-0.51142216,-0.85088826,0.01454614,-0.00979531,-0.00666243
0.01952376,0.85807285,-0.51315684,0.99255519,0.04508134,0.11314595,0.1202213,-0.51154549,-0.85080451,0.0077547,-0.00832742,-0.00777842
0.0194197,0.85771178,-0.51376392,0.99256796,0.04520385,0.11298426,0.12013204,-0.51213973,-0.85045939,,,
0.01928994,0.85732286,-0.51441737,0.99258917,0.0453201,0.11275041,0.11997692,-0.51278009,-0.85009515,-0.01016733,0.0028367,0.00740077
0.01916779,0.85721684,-0.51459868,0.99260096,0.04540743,0.11261185,0.11989936,-0.51294968,-0.85000389,-0.00864233,0.00206196,0.01089279
0.01907479,0.85724291,-0.51455857,0.99259085,0.04553182,0.11265011,0.11999725,-0.51289495,-0.85002295,-0.00348029,0.00383902,0.00861412
0.01906105,0.85755422,-0.51404028,0.99256509,0.04558661,0.11285554,0.12021309,-0.51236959,-0.85030945,0.00672223,0.00255847,0.00257384
0.01916184,0.8576885,-0.5138124,0.99253697,0.04558244,0.11310412,0.12042891,-0.5121451,-0.85041409,0.00631553,-0.00172794,0.00152425
0.0192873009,0.857825848,-0.51357854,0.992494664,0.0456145141,0.113462586,0.120757795,-0.511912326,-0.8505078,0.00771902082,-0.000396728487,-0.00318748946
0.01930876,0.85769981,-0.51378824,0.99248811,0.04565011,0.11350581,0.12080843,-0.51212035,-0.85037543,0.00753838,-0.00460994,-0.00571395
0.01928008,0.85749412,-0.51413228,0.99249263,0.04570286,0.11344388,0.12077475,-0.51245973,-0.85017544,0.00646598,-0.0043292,-0.00479076
0.01933644,0.85697919,-0.51498803,0.99251698,0.04566006,0.11324801,0.12056555,-0.51332419,-0.84968349,,,
0.0193709335,0.85646744,-0.515837459,0.992519245,0.0457306428,0.113200047,0.120541731,-0.514171397,-0.849174571,-0.00469993521,0.000112295143,-0.00533180172
0.01945988,0.85621336,-0.51625557,0.99251398,0.04572534,0.11324755,0.12056999,-0.51459469,-0.84891391,,,
0.01966674,0.85583766,-0.51687029,0.99248169,0.04575183,0.11351941,0.1208019,-0.5152169,-0.8485034,,,
0.01987774,0.85564074,-0.51718835,0.99245324,0.04571894,0.11378198,0.1210018,-0.51554699,-0.84827464,0.00694138,0.0041908,-0.00172352
0.01997054,0.855516,-0.51739093,0.99244025,0.04571451,0.11389629,0.12109234,-0.51575419,-0.84813557,-0.00342911,0.00243986,-0.00339064
0.02013508,0.85541807,-0.51754649,0.99242673,0.0456394,0.11404432,0.12117606,-0.51592329,-0.8480208,,,
0.0203291991,0.855477729,-0.517440399,0.992396911,0.045571026,0.114331274,0.121388145,-0.515830519,-0.848047032,-0.00799947418,-0.000418424577,-0.00499859545
0.0203798378,0.855532963,-0.517346913,0.992379693,0.0455841639,0.114474675,0.121519647,-0.515737584,-0.848084533,0.000218246132,0.000692367496,-0.0105960723
0.02066246,0.85536247,-0.51761751,0.99235022,0.04548136,0.11477055,0.12171233,-0.51602934,-0.84787937,-0.00693672,-0.00836927,-0.00895127
0.02082271,0.85510997,-0.51802839,0.99233867,0.04543599,0.11488944,0.12178025,-0.5164519,-0.84761259,-0.0085095,-0.00314289,0.00132873
0.02091547,0.85503435,-0.51814949,0.99233722,0.0453717,0.11492755,0.12177635,-0.51658276,-0.84753345,,,
0.02107992,0.85500998,-0.51818284,0.99234075,0.04520708,0.1149611,0.1217184,-0.51663734,-0.84750828,0.00305825,0.00345063,-0.00303268
0.02117696,0.85511363,-0.5180079,0.99234305,0.04508298,0.11499023,0.12168304,-0.5164767,-0.84761135,-0.00452458,0.00664675,-0.00341566
0.02110526,0.85513605,-0.51797373,0.99235526,0.04509366,0.11488039,0.12159567,-0.51643856,-0.84764704,-0.00652242,-0.00462705,-0.00189615
0.02105458,0.85515455,-0.5179453,0.99238976,0.04499066,0.11462264,0.12132276,-0.51641696,-0.84769936,-0.00921033,-0.00672722,-0.00135873
0.02102921,0.85520064,-0.51787023,0.9924156,0.04489429,0.11443654,0.1211156,-0.51634902,-0.84777036,-0.00381879,-0.00414586,0.00159797
0.02105458,0.85527747,-0.51774227,0.99241851,0.04484093,0.11443203,0.12108716,-0.51622635,-0.84784909,,,
0.02105888,0.8554566,-0.51744608,0.99242227,0.04478127,0.11442286,0.12105566,-0.51593465,-0.84803113,,,
0.02111377,0.85571543,-0.51701574,0.99241467,0.0447047,0.11451893,0.12110864,-0.51551193,-0.84828066,,,
0.02111794,0.8558698,-0.51676007,0.99241271,0.044675,0.11454782,0.12112429,-0.51525826,-0.84843262,,,
0.02119783,0.85613133,-0.51632323,0.99239068,0.04463501,0.11475341,0.12129006,-0.51482691,-0.84867059,0.00808028,0.0048722,-0.00127941
0.02126949,0.85613355,-0.5163168,0.99238432,0.04459416,0.11482511,0.12133036,-0.51482695,-0.84866501,,,
0.02140875,0.85600804,-0.51651905,0.99237911,0.04451265,0.1149015,0.12134825,-0.51504261,-0.84853154,,,
0.02145104,0.8558037,-0.51685581,0.99237748,0.04452513,0.11491087,0.12135423,-0.51538101,-0.84832521,-0.00402651,0.00146031,0.00542676
0.0215691066,0.85575578,-0.516930204,0.992367333,0.0444673124,0.115020659,0.121416094,-0.515465537,-0.848264961,-0.0053351121,-0.000394701929,0.00256955042
0.02159437,0.85578334,-0.51688342,0.99235868,0.04447389,0.1150923,0.12148187,-0.51541912,-0.84828364,-0.00411208,-0.00264537,0.00598261
0.0215479659,0.855637065,-0.517127635,0.992316213,0.0447305107,0.115359464,0.121837236,-0.515639879,-0.848098685,0.000579970656,-0.0010537504,-0.00713732373
0.0214257727,0.855456818,-0.517430691,0.992310956,0.0449080881,0.115335085,0.121900998,-0.515923297,-0.84791698,-0.00241734018,-0.0002375841,-0.00483687036
0.021371,0.85507488,-0.51806389,0.99228971,0.0451348,0.11542946,0.12208353,-0.51653632,-0.84751743,-0.0086542,0.00205362,0.00353694
0.021274,0.85484825,-0.51844169,0.99225841,0.04540896,0.1155906,0.12235431,-0.51688722,-0.84726433,-0.01229946,-0.00408983,0.00301105
0.02118124,0.85487474,-0.51840188,0.99224832,0.0455331,0.11562869,0.12245249,-0.51683255,-0.84728357,-0.01090757,-0.00109684,-0.00191775
0.02109682,0.85516137,-0.51793238,0.99222247,0.04565749,0.11580132,0.12267631,-0.51634718,-0.8475471,-0.00311141,0.00242686,-0.00560699
0.02106252,0.85555222,-0.51728794,0.99219095,0.0457348,0.11604097,0.12293717,-0.51569252,-0.84790788,-0.0019311,0.00139546,-0.0113852
0.0210916742,0.855709768,-0.517026075,0.992174378,0.045741397,0.116179837,0.123065721,-0.515430446,-0.848048545,0.00081983977,-0.0033382175,-0.0113343345
0.02107422,0.85594164,-0.51664256,0.99216721,0.04573533,0.11624225,0.12312535,-0.51504557,-0.84827339,-0.00846896,-0.00351536,-0.00800736
0.02105288,0.85609288,-0.51639294,0.99217981,0.04566889,0.11616148,0.12302809,-0.5148002,-0.8484366,,,
0.02110314,0.85629523,-0.51605537,0.99219754,0.04550196,0.11607596,0.12287683,-0.51447844,-0.84865379,-0.00227734,-0.00479698,-0.00266344
0.02114585,0.8563607,-0.51594488,0.99225988,0.04518535,0.11566557,0.12236458,-0.51439727,-0.84877688,,,
0.02102391,0.85637688,-0.51592295,0.99230102,0.04512342,0.11533615,0.1220514,-0.51437571,-0.84883498,-0.00520986,0.00372064,0.00574462
0.02079148,0.856651,-0.5154771,0.99232506,0.04517971,0.11510698,0.12189559,-0.51391412,-0.84913689,-0.00488289,0.00733435,0.00734293
0.0207487686,0.85687937,-0.515099178,0.99233256,0.0451374184,0.115059267,0.121842145,-0.513537038,-0.849372749,-0.000969891844,0.00485122157,0.00285981363
0.02071323,0.85736608,-0.51429003,0.99232449,0.04509595,0.11514488,0.12191369,-0.51272764,-0.84985127,,,
0.02060216,0.85769656,-0.51374306,0.99232484,0.0451249,0.1151301,0.12192925,-0.51217197,-0.85018392,,,
0.02053403,0.85782356,-0.51353383,0.9923236,0.04516592,0.11512521,0.12195132,-0.51195575,-0.85031112,,,
0.0204724118,0.858184139,-0.512933582,0.992301055,0.0452375914,0.115291683,0.122145373,-0.511344835,-0.850650904,-0.00066347653,0.00261580921,0.00442124624
0.02048196,0.85857087,-0.51228567,0.99227783,0.0452387,0.11549118,0.12233252,-0.51069519,-0.85101427,0.005763,-0.00278079,-0.00132308
0.0204137251,0.85869749,-0.512076042,0.992276502,0.0452798171,0.115486168,0.122354386,-0.510478532,-0.851141011,0.00807074271,-0.000482141942,-0.00178024848
0.0204137251,0.858673049,-0.512116807,0.992270574,0.0453097812,0.115524408,0.122401546,-0.510516772,-0.851111047,0.00878780521,-0.000923395099,0.00269607943
0.02017093,0.85843724,-0.51252175,0.99228893,0.04551478,0.11528659,0.1222936,-0.51089511,-0.85089969,,,
0.02009612,0.85828177,-0.51278498,0.99229728,0.04558508,0.11518678,0.12223804,-0.51114997,-0.85075457,0.00450162,-0.00711787,0.00480693
0.01980625,0.8580466,-0.51318987,0.99230758,0.0458671,0.11498687,0.12220264,-0.51151963,-0.8505377,-0.00267453,-0.00109041,0.00981521
0.01959141,0.85791794,-0.51341312,0.9922977,0.04613858,0.11496334,0.12231728,-0.51171094,-0.85040608,,,
0.01949816,0.8579196,-0.51341383,0.99228161,0.04629269,0.11503982,0.12246222,-0.51169417,-0.85039522,,,
0.0193832143,0.857949593,-0.513368052,0.992248886,0.0465301068,0.115226163,0.122745304,-0.511622337,-0.850397624,-0.00406314153,0.00374650932,0.000359274913
0.01933984,0.85795736,-0.51335667,0.99220378,0.04675662,0.11552237,0.12311607,-0.51158862,-0.85036427,,,
0.01931811,0.85793687,-0.51339182,0.99217537,0.04689961,0.11570867,0.12334862,-0.51160999,-0.85031782,0.00380177,0.00640428,-0.00480629
0.01941466,0.85782005,-0.51358327,0.99212497,0.04704437,0.11608111,0.12373789,-0.51179247,-0.85015134,0.00869816,-0.00137752,-0.00481481
0.0194798,0.85739296,-0.51429369,0.99209308,0.04721212,0.11628619,0.12398389,-0.51249242,-0.84969394,,,
0.01959475,0.85716715,-0.51466546,0.99207897,0.04721389,0.11640522,0.12407809,-0.5128697,-0.84945236,-0.00162468,-0.00120419,0.00604169
0.01975627,0.8568426,-0.51519957,0.99204952,0.04725816,0.11663857,0.12428831,-0.5134078,-0.84909666,-0.00779114,-0.00229484,0.00365988
0.0198745,0.85672154,-0.51539625,0.99202161,0.04729017,0.11686255,0.12449186,-0.51360678,-0.84894641,0.00254467,-0.0041362,0.00132844
0.01994611,0.85672381,-0.51538979,0.99201514,0.04724942,0.1169342,0.12453221,-0.51360682,-0.84894056,0.00395153,-0.00282902,0.00121877
0.0200860761,0.856574199,-0.515632844,0.992004064,0.0471979012,0.11704842,0.124597452,-0.513860913,-0.848777067,0.00566899357,-0.0009298324,-0.00475853216
0.02003258,0.85629135,-0.51610446,0.9920058,0.04730491,0.11699032,0.12459208,-0.51432224,-0.84849835,-0.00511519,-0.00321937,0.00241224
0.02007563,0.85611173,-0.51640063,0.99201002,0.04728784,0.11696121,0.12455132,-0.51462268,-0.84832208,-0.00680022,-0.0011676,0.00408055
0.0199969289,0.855800783,-0.51691868,0.992020465,0.0473884278,0.11683116,0.124480118,-0.515130219,-0.848024259,-0.010327016,0.000893831195,0.00466531049
0.0200434733,0.855701718,-0.517080874,0.992004983,0.0474313683,0.116945229,0.124596047,-0.515290832,-0.84790967,-0.00403127447,0.00812196638,-0.000103429193
0.0200685754,0.855704825,-0.517074717,0.991990285,0.0474678903,0.117054857,0.124708804,-0.515282269,-0.84789825,0.000979553792,0.00638186885,0.00134124083
0.02028349,0.8556134,-0.51721766,0.99194703,0.04746612,0.11742179,0.12501794,-0.51543429,-0.84776038,,,
0.02033004,0.85548971,-0.51742031,0.99192549,0.04753931,0.11757369,0.12518083,-0.51563273,-0.84761556,0.00160243,-0.00454903,0.00599005
0.0203765774,0.855390573,-0.517582385,0.991909926,0.0475824109,0.117687644,0.125296672,-0.515793225,-0.847500824,0.00363580417,-0.000976502837,0.00808246527
0.02044821,0.85531918,-0.5176976,0.99188556,0.04763195,0.11787315,0.12547808,-0.5159071,-0.84740475,,,
0.02046965,0.85514317,-0.51798751,0.9918669,0.04772875,0.11799127,0.12562231,-0.51618992,-0.84721121,-0.0047447,-0.00238943,0.0018031
0.02051618,0.85506853,-0.51810881,0.99185721,0.04774193,0.11806709,0.12569094,-0.51631227,-0.8471264,-0.00847794,0.00100064,0.00320784
0.0203980123,0.854968789,-0.518278044,0.991831662,0.0479800893,0.118185061,0.125911533,-0.516455347,-0.84700641,-0.00967647135,-0.000180780873,-0.000294195255
0.0202118571,0.854947672,-0.518320146,0.991792603,0.0483188931,0.118374564,0.126248676,-0.516458694,-0.846954155,0.00215813308,0.000456333131,0.00736225769
0.02023694,0.85495081,-0.51831391,0.99177771,0.04835556,0.11848405,0.12636134,-0.51644999,-0.84694258,0.00246276,0.0018599,0.00427709
0.02021532,0.85493036,-0.51834867,0.99174861,0.04849946,0.11866937,0.12659366,-0.51647053,-0.84689557,0.004825,0.00232792,-0.00387495
0.02021532,0.85480744,-0.51855139,0.99171858,0.04865008,0.11885866,0.12682883,-0.51665983,-0.84674494,,,
0.0200971316,0.854781304,-0.518598901,0.991710743,0.0487981248,0.11886271,0.126908234,-0.516688943,-0.846715091,-0.00500860717,0.000878214778,-0.000992417336
0.0200756334,0.854785432,-0.518593153,0.99168758,0.0489117505,0.119010116,0.127093417,-0.516671588,-0.846698163,-0.00753453374,-0.00361418701,-0.000435543479
0.02005762,0.85491959,-0.5183725,0.99165608,0.04902544,0.11922493,0.12734113,-0.51643864,-0.84680286,-0.00218592,-0.00607252,-0.00133026
0.0200610672,0.855049719,-0.518157677,0.991647968,0.0490251461,0.119292471,0.127403719,-0.516223173,-0.846924813,-0.00223054341,-0.00581431342,0.000860544853
0.02004288,0.85520857,-0.51789637,0.99162264,0.04910829,0.11946958,0.12760443,-0.51595227,-0.8470599,0.00857416,-0.00168103,-0.00539544
0.01994611,0.85512928,-0.51803091,0.99162604,0.04920291,0.11940193,0.12759271,-0.51607455,-0.84698706,0.0058043,0.00405788,-0.00536208
0.0198712374,0.854996814,-0.518252421,0.991640783,0.0492435961,0.119262806,0.12748993,-0.516290138,-0.846871179,-0.0045325812,0.00298297382,-0.000670066336
0.01960278,0.85473026,-0.51870209,0.99166835,0.04944304,0.1189505,0.12731679,-0.51671222,-0.84663973,-0.01186405,0.0039562,0.0011106
0.01948455,0.85475329,-0.51866845,0.99167249,0.04953077,0.1188788,0.12730205,-0.51666558,-0.84667023,-0.00839246,-0.00156212,0.0027017
0.01941642,0.85485657,-0.51850084,0.99166496,0.04960112,0.11891265,0.12737145,-0.516488,-0.84676823,,,
0.0194697808,0.855042362,-0.518192539,0.99163908,0.0496138294,0.119123559,0.12756521,-0.516179278,-0.846927451,0.000896949205,-0.00318592764,-0.00575919403
0.0193549107,0.855146315,-0.518025241,0.991623055,0.0497614961,0.119195194,0.127707039,-0.515992787,-0.847019671,-0.000905461842,0.000269353361,-0.0112431012
0.01930828,0.85512258,-0.5180662,0.99160858,0.04986879,0.11927084,0.12782653,-0.5160218,-0.84698401,0.00683072,-0.00150144,-0.00724861
0.01919001,0.85509641,-0.51811373,0.99160062,0.05001675,0.11927484,0.12790585,-0.51605079,-0.84695431,-0.00372851,-0.00204992,-0.00452461
0.0189250879,0.854935311,-0.518389162,0.991613856,0.0502461769,0.119067857,0.127842363,-0.516295272,-0.846814782,-0.00892022531,1.97887402e-05,0.00120794354
0.01888182,0.85509084,-0.51813418,0.99160337,0.05029292,0.11913555,0.12793018,-0.51603312,-0.84696134,,,
0.01896005,0.85535341,-0.51769789,0.99158064,0.05025167,0.11934255,0.12809525,-0.51560194,-0.8471991,-0.00237443,-0.00641924,-0.00275121
0.018916577,0.855533301,-0.517402105,0.991576197,0.0502683427,0.119372288,0.128135915,-0.515301726,-0.847375553,-0.000531480473,-0.0066533084,-0.00150807376
0.01885125,0.8557907,-0.51697855,0.99156647,0.0503085,0.11943577,0.12822042,-0.51487012,-0.84762498,0.00353935,-0.00462943,-0.00528642
0.01875783,0.85593947,-0.5167355,0.99158598,0.05028231,0.11928429,0.12808275,-0.51462523,-0.84779438,0.0055556,-0.00344706,-0.0023228
0.01868622,0.8559617,-0.51670144,0.9915987,0.05029267,0.11917486,0.12799541,-0.5145874,-0.84783073,,,
0.01866133,0.8560076,-0.5166263,0.99162585,0.05019596,0.11898964,0.12778859,-0.5145205,-0.84790254,,,
0.0187080356,0.856104894,-0.516463294,0.991658498,0.0499985805,0.118800177,0.127527828,-0.514377749,-0.848028314,0.000218815869,0.00603198959,-0.00424194755
0.01870804,0.85615392,-0.51638199,0.99167059,0.04993849,0.11872438,0.12743366,-0.51430195,-0.84808841,,,
0.01880144,0.85617684,-0.51634054,0.99169344,0.04975417,0.11861064,0.12724174,-0.51428161,-0.8481295,,,
0.01887305,0.8562528,-0.51621203,0.99170507,0.04962328,0.11856849,0.12714072,-0.51416786,-0.84821369,,,
0.01891973,0.85625202,-0.5162117,0.99171352,0.04954604,0.11853054,0.12706826,-0.51417669,-0.84821931,,,
0.0189664235,0.856226664,-0.516251967,0.991715828,0.0494990295,0.118530523,0.12704295,-0.514223363,-0.848194713,-0.0052203387,-5.57899439e-05,-0.000441343174
0.01896326,0.85612152,-0.51642652,0.99172995,0.04946902,0.11842525,0.12693352,-0.51440137,-0.84810326,-0.00849746,0.00152409,-0.0020194
0.01900994,0.85609616,-0.51646678,0.99173226,0.049422,0.11842524,0.1269082,-0.51444804,-0.84807867,,,
0.01912823,0.85604857,-0.51654114,0.99172197,0.04936446,0.11853474,0.12697023,-0.5145326,-0.84801792,,,
0.0191064813,0.856126218,-0.516413457,0.991716889,0.0493877152,0.118568472,0.127014061,-0.51440137,-0.848091205,-0.00722347619,-0.000169515595,-0.000391827431
0.0191314,0.85617841,-0.516326,0.99171404,0.0493641,0.11860215,0.12703257,-0.51431676,-0.84813974,-0.00415075,-0.00366724,-0.00457792
0.01910965,0.85628041,-0.51615756,0.99171483,0.04935761,0.11859793,0.12702937,-0.51414748,-0.84824277,,,
0.01906295,0.85630577,-0.51611729,0.99171252,0.04940462,0.11859794,0.12705468,-0.5141008,-0.84826736,,,
0.01901627,0.85633106,-0.51607696,0.99171012,0.0494518,0.11859797,0.12708005,-0.51405405,-0.84829179,-0.00697052,-0.00140011,0.00367559
0.0188761609,0.856406965,-0.515956074,0.991703041,0.0495931345,0.118597942,0.127155957,-0.513913908,-0.848365258,-0.00230772421,-0.000757753791,0.00679404102
0.0188106158,0.856688361,-0.515491318,0.991699634,0.0496033254,0.118623052,0.127193089,-0.513443907,-0.848644469,0.00497619994,-0.00315582729,-0.000652873248
0.01881357,0.85681778,-0.51527585,0.99169148,0.0496034,0.11869022,0.1272553,-0.51322769,-0.84876567,0.00574914,-0.00105864,0.00212641
0.0187200939,0.856941791,-0.515073048,0.991704927,0.0496075172,0.118576363,0.12716452,-0.513020256,-0.848904736,-0.00103169749,-0.00800347235,0.000947009656
0.018555,0.85711221,-0.51479527,0.99173685,0.04959261,0.11831484,0.1269391,-0.51273681,-0.84910957,-0.00313462,-0.00344986,0.00337143
0.018555,0.85716113,-0.51471378,0.9917489,0.04953265,0.11823883,0.12684482,-0.51266079,-0.84916952,0.00226932,-0.00230551,0.00640339
0.01848341,0.8572811,-0.51451659,0.99178553,0.04942347,0.11797721,0.12656879,-0.51247076,-0.84932547,0.00367599,0.00739837,-0.00156981
0.01840889,0.85724731,-0.51457562,0.99182406,0.04934428,0.11768638,0.12627768,-0.51253498,-0.84933013,,,
0.01843074,0.85719445,-0.5146629,0.99183523,0.04929072,0.11761469,0.12618675,-0.51262854,-0.84928719,,,
0.01842467,0.85703354,-0.51493086,0.99187502,0.04917097,0.11732818,0.12587379,-0.51290885,-0.84916419,,,
0.01837171,0.85687349,-0.51519922,0.9919066,0.04912797,0.11707977,0.12563323,-0.51318048,-0.8490359,,,
0.01837171,0.85687349,-0.51519922,0.9919066,0.04912797,0.11707977,0.12563323,-0.51318048,-0.8490359,,,
0.01839664,0.85690107,-0.51515245,0.99189782,0.04913441,0.11715142,0.12569888,-0.5131338,-0.84905439,-0.00374601,0.00127125,-0.00522355
0.01844648,0.85695626,-0.51505878,0.99188022,0.04914728,0.11729461,0.12583006,-0.51304032,-0.84909136,-0.00279236,-0.00180066,-0.00905136
0.0184713858,0.856959316,-0.515052697,0.991865391,0.0491837608,0.117404235,0.12594283,-0.513031616,-0.849079784,-0.00146926183,-0.000671863498,-0.00642907573
0.01863642,0.85683774,-0.51524919,0.99184573,0.04913851,0.11758999,0.12607411,-0.51323918,-0.84893509,,,
0.018801441,0.856765062,-0.515364092,0.991837957,0.0490334631,0.117699611,0.126111003,-0.513370588,-0.84885021,-0.00472246204,-0.00164115417,-0.000589849427
0.0189446557,0.856769687,-0.515351116,0.991824949,0.0489521053,0.11784283,0.126191681,-0.513370592,-0.84883817,-0.00109773187,-0.00699901534,7.31466571e-05
0.01913765,0.85690303,-0.51512227,0.99181229,0.04879351,0.11801524,0.12626224,-0.51316313,-0.84895316,-0.00166195,-0.00674576,0.00460727
0.01938321,0.8574652,-0.51417672,0.99183385,0.04834806,0.11801717,0.12605505,-0.51226543,-0.84952587,-0.00203326,-0.00420487,-0.00720169
0.0194824866,0.857819584,-0.51358141,0.991858364,0.0480742978,0.117922532,0.125846298,-0.511697467,-0.849898917,-6.40115468e-05,-0.00329405046,-0.00649899011
0.01955403,0.85804151,-0.51320787,0.99190561,0.04776426,0.11765094,0.12546237,-0.51135433,-0.8501622,,,
0.0196723,0.85809172,-0.51311942,0.99191926,0.04758659,0.11760799,0.12533604,-0.51128667,-0.85022157,,,
0.01979057,0.85828824,-0.51278617,0.99196857,0.04722963,0.11733602,0.12492683,-0.51098991,-0.85046026,-0.00318995,0.0043292,-0.00178825
0.01993363,0.85853643,-0.51236498,0.99201484,0.04684941,0.11709699,0.12453604,-0.51060782,-0.850747,,,
0.01995841,0.85870997,-0.51207303,0.99204157,0.04667681,0.1169391,0.12431869,-0.51033166,-0.85094439,,,
0.02007948,0.85901044,-0.51156403,0.99207663,0.04635051,0.116771,0.12401874,-0.50985544,-0.85127349,,,
0.02010698,0.85936112,-0.51097385,0.99210736,0.04611857,0.11660261,0.12376915,-0.50928542,-0.85165119,,,
0.02013171,0.85946135,-0.51080411,0.99211624,0.0460357,0.11655905,0.12369321,-0.5091236,-0.85175879,,,
0.02027469,0.85956298,-0.51062757,0.99212684,0.04583474,0.11654873,0.12358547,-0.50897029,-0.85186621,0.00465451,0.00273836,-0.00113057
0.02034618,0.85958935,-0.51058013,0.9921261,0.04576429,0.11658181,0.1235788,-0.50893189,-0.85188989,,,
0.02032146,0.85956201,-0.51062719,0.99213482,0.04575793,0.11651036,0.12351311,-0.50897869,-0.85187153,,,
0.0203435,0.85948524,-0.51075568,0.99213988,0.04573405,0.11647726,0.12346944,-0.50911061,-0.85179919,,,
0.020272,0.85948303,-0.51076214,0.99214634,0.04577501,0.11640572,0.12342889,-0.50911056,-0.85180499,-0.00349275,-0.00187218,-0.00491711
0.0202720021,0.859483033,-0.510762137,0.992146337,0.0457750101,0.116405723,0.123428886,-0.50911056,-0.851804992,-0.00490174303,-0.000939667167,-0.00683917804
0.020272,0.85945871,-0.51080304,0.99214045,0.04580481,0.11644408,0.12347611,-0.50914891,-0.85177519,-0.00660244,0.00166512,-0.0068928
0.0203902525,0.8594114,-0.510877928,0.992130243,0.0457464951,0.116553911,0.12353863,-0.509234011,-0.851715257,6.04982488e-05,0.0055701728,-0.0151747307
0.020412261,0.859358852,-0.510965488,0.99214113,0.0456929487,0.116482445,0.123447745,-0.509327541,-0.851672567,0.00170203671,-5.894899e-05,-0.0201241616
0.0206899844,0.859127595,-0.511343046,0.992173643,0.0453498343,0.116339434,0.123139742,-0.509748152,-0.851465469,-0.000987931387,-0.000696778239,-0.00871372316
0.0207744921,0.858909955,-0.51170497,0.992253766,0.044986717,0.115795203,0.122477553,-0.510146797,-0.851322056,-0.000985183869,-0.00546634151,-0.0089125121
0.020746561,0.858900002,-0.511723017,0.992305135,0.044801231,0.115427232,0.122066286,-0.51018008,-0.851361414,-2.94535421e-05,-0.00181531894,-0.00709164795
0.02083368,0.85898144,-0.51158247,0.99241721,0.04423021,0.11468028,0.12113559,-0.5100925,-0.85154648,-0.01346563,-0.00443625,-0.00713896
0.02094528,0.85926073,-0.51110879,0.99256015,0.04345788,0.11373509,0.11993979,-0.50968845,-0.85195772,-0.01816309,-0.00458062,-0.00243571
0.0209885224,0.859447489,-0.510792923,0.992649478,0.0429948214,0.113129907,0.119190648,-0.509412776,-0.852227699,-0.0117875673,-0.000767826976,-0.00622215681
0.02112133,0.85979558,-0.51020124,0.99282846,0.04202265,0.1119178,0.11766641,-0.50890619,-0.85274194,-0.00668557,0.00267768,-0.01202682
0.0211785,0.85998905,-0.50987271,0.99301333,0.04112141,0.11060484,0.11608561,-0.50865287,-0.8531097,-0.00127456,0.00295043,-0.00842262
0.02114585,0.86004561,-0.50977882,0.9931135,0.04069996,0.1098596,0.11523225,-0.50859129,-0.85326227,-0.00565324,0.0039835,-0.00460509
0.02084352,0.86030269,-0.50935712,0.9933416,0.03991748,0.10806898,0.11330425,-0.50821819,-0.85374242,-0.01433378,-0.0013473,-0.00176534
0.02051904,0.86066135,-0.5087642,0.99356704,0.03913173,0.10626968,0.11137103,-0.50767189,-0.8543218,-0.01550522,0.00255704,0.00321984
0.02032494,0.86096769,-0.50825331,0.99367426,0.0387621,0.10539857,0.11044571,-0.50718047,-0.85473358,-0.01324567,-0.00112367,0.00553543
0.0199198327,0.861759886,-0.506925053,0.993869833,0.0380807885,0.10379075,0.108746793,-0.505885031,-0.855718587,-0.0162321869,-0.000948250236,0.000896974932
0.01931202,0.86283031,-0.50512445,0.99403911,0.03764994,0.10231584,0.10729908,-0.50408942,-0.85695997,-0.01168946,0.00834405,-0.00543339
0.01894028,0.86344146,-0.50409344,0.99411195,0.03753764,0.10164861,0.10669012,-0.50305054,-0.8576465,-0.01302625,0.00844753,-0.0055052
0.01810334,0.86463796,-0.50206912,0.99423727,0.03749936,0.10042905,0.10566203,-0.50099394,-0.85897642,-0.01335387,0.01384926,-0.00930847
0.01702832,0.86585252,-0.50000935,0.99436383,0.03767341,0.09910186,0.10464463,-0.49887878,-0.86033091,-0.01820326,0.00892198,-0.01103463
