0,1,2,3,4,5,6,7,8,9,10,11
0.02616071,-0.38457474,0.92272312,-0.95538207,0.26204378,0.13630193,-0.29421216,-0.88511885,-0.36056057,0.00236358,0.00291169,0.01480782
0.02511906,-0.38415356,0.92292735,-0.9553836,0.26256199,0.13528946,-0.29429751,-0.88514807,-0.36041867,0.00596844,0.00442076,0.01810965
0.0230335708,-0.383388702,0.923299845,-0.955408685,0.263510268,0.133253964,-0.294387068,-0.885197987,-0.360223321,0.00862311386,0.00022411345,0.0111822272
0.02080095,-0.38285491,0.92357424,-0.95538502,0.26461859,0.13121133,-0.2946298,-0.88509834,-0.36026952,0.00531028,-0.00564623,0.00933918
0.01958212,-0.38278189,0.92363115,-0.95535051,0.26525047,0.13018272,-0.29482516,-0.88494077,-0.36049669,0.00210082,-0.01039559,0.01037846
0.01723188,-0.38302776,0.92357602,-0.9551734,0.26673293,0.12844146,-0.29554474,-0.88438859,-0.3612616,-0.00750547,-0.01831931,-0.00220511
0.01468115,-0.38329405,0.92350973,-0.95491274,0.26852669,0.12662992,-0.29652353,-0.88373024,-0.36207011,-0.01381399,-0.01209313,-0.0078036
0.01344447,-0.38343106,0.92347161,-0.95477673,0.26941593,0.12576333,-0.29701951,-0.88340005,-0.36246889,-0.01463722,-0.00785971,-0.00750317
0.01084383,-0.38414096,0.92321077,-0.95446378,0.27129255,0.12409368,-0.29812967,-0.88251689,-0.36370678,-0.02020583,-0.00684279,0.00167873
0.00823041,-0.38517061,0.92280861,-0.95416719,0.27306182,0.12248312,-0.29916065,-0.88152183,-0.36526973,-0.02382073,-0.00338554,-0.00189959
0.00705360302,-0.385844538,0.922536841,-0.954025858,0.27384728,0.121829049,-0.299641273,-0.880983342,-0.366174053,-0.0284287985,-0.00475943042,-0.000342795625
0.00464446,-0.38745664,0.92187623,-0.9538601,0.27505096,0.12040715,-0.3002155,-0.87990018,-0.36830197,-0.02696893,0.00273013,-0.00689146
0.0035524226,-0.388251143,0.921546628,-0.953828369,0.275456948,0.119727759,-0.300330785,-0.879422733,-0.369346372,-0.034535557,0.000743865909,-0.00940418337
0.00160361,-0.38953382,0.92101069,-0.95385801,0.27594172,0.11836796,-0.30025356,-0.87870329,-0.37111743,-0.03531401,-0.00792706,-0.01903786
0.000129298392,-0.390008581,0.920811177,-0.95401098,0.275984922,0.117027028,-0.299771526,-0.87847913,-0.372036772,-0.0373264328,-0.00825357344,-0.0188437067
-0.000920679818,-0.389547569,0.921005819,-0.954279001,0.275645717,0.115632766,-0.298915734,-0.8787901,-0.371990825,-0.0375905707,-0.00916957762,-0.0157156121
-0.00130162,-0.38911076,0.92119006,-0.95442576,0.27540898,0.1149842,-0.2984456,-0.87905786,-0.37173581,-0.03633381,-0.00235599,-0.01334105
-0.00178431,-0.38806923,0.9216285,-0.95474292,0.27477908,0.11385255,-0.2974269,-0.87971514,-0.37099664,-0.0374747,-0.00330567,-0.00901352
-0.00200381,-0.38727076,0.9219638,-0.95505415,0.27403494,0.11303254,-0.29642447,-0.8802989,-0.37041364,-0.03515484,0.00117159,-0.00393658
-0.00201101,-0.38701101,0.92207289,-0.95518896,0.27366873,0.11278057,-0.29598983,-0.88052706,-0.37021899,-0.03571042,0.00420999,-0.00511835
-0.00201097,-0.38694447,0.92210081,-0.95546593,0.2728515,0.11241389,-0.29509451,-0.88080986,-0.37026095,-0.03327008,0.0094353,-0.0037243
-0.00178233,-0.38736437,0.92192491,-0.95571121,0.27198374,0.11243143,-0.29430048,-0.88089363,-0.37069322,-0.03374382,0.00552165,-0.00739914
-0.00156099,-0.38767066,0.92179663,-0.95583966,0.27148084,0.11255531,-0.29388452,-0.88091408,-0.37097477,-0.03545467,0.00453854,-0.00714528
-0.00101482,-0.38834239,0.92151454,-0.95604992,0.27056703,0.11296876,-0.29320197,-0.8808993,-0.37154927,-0.03026742,0.00279689,-0.01159384
-0.000173781941,-0.389098225,0.921196238,-0.95622813,0.269627082,0.113705656,-0.292622113,-0.880854009,-0.372113518,-0.024993889,-0.0026478169,-0.00784442574
0.000342400597,-0.389448463,0.92104818,-0.956311335,0.26914091,0.114156825,-0.292349936,-0.880847912,-0.37234182,-0.0242009796,-0.00587159349,-0.00665658107
0.00129344,-0.39017613,0.92073925,-0.95649414,0.26814209,0.11497252,-0.29174843,-0.88083046,-0.37285433,-0.02309444,-0.00560224,-0.01080803
0.00246497,-0.39077015,0.92048487,-0.95666324,0.26711241,0.11595797,-0.29118578,-0.88087996,-0.37317698,-0.01479518,0.00497889,-0.00375847
0.00298046,-0.39107924,0.92035209,-0.95673193,0.26666862,0.1164119,-0.29095524,-0.88087726,-0.37336316,-0.00705021,0.01046181,-0.00471364
0.00448938,-0.39244679,0.9197637,-0.95697239,0.26518339,0.11781995,-0.29014409,-0.88071744,-0.37437021,0.00540335,0.01320946,0.00522005
0.00544550898,-0.39398518,0.919100647,-0.9571919,0.263944553,0.11881465,-0.289402813,-0.88040271,-0.375682105,0.0187672395,0.0210840683,1.66869722e-05
0.00633404,-0.39615918,0.91815999,-0.95748427,0.26241989,0.11983181,-0.28841591,-0.87988277,-0.377654,0.04583927,0.02824735,-0.00621699
0.00734544,-0.39879296,0.91701144,-0.95779934,0.26070577,0.12104856,-0.28734341,-0.87920219,-0.38004859,0.0608983,0.01917791,0.00512889
0.00775479,-0.40017527,0.91640572,-0.9579744,0.25982093,0.1215648,-0.28674856,-0.878836,-0.38134278,0.06830622,0.00799715,0.00731608
0.0083894,-0.40282686,0.91523778,-0.95836164,0.25801944,0.12234775,-0.28543412,-0.87815518,-0.38388919,0.076373,0.00095892,0.00781557
0.00884013345,-0.405325618,0.914129661,-0.958773048,0.256229808,0.122884335,-0.28403545,-0.877529179,-0.38635018,0.109153502,0.00103378284,5.01461327e-05
0.00909482,-0.40659452,0.91356349,-0.95900713,0.25522888,0.12314055,-0.28323608,-0.87723381,-0.3876058,0.11028968,-0.00281525,0.00336187
0.00961232,-0.40896495,0.9124994,-0.95949907,0.25316358,0.12357045,-0.28154756,-0.87673017,-0.38996797,0.12050185,-0.01636421,-0.00578084
0.01031651,-0.41050683,0.91179911,-0.95994611,0.25126023,0.12398265,-0.27999455,-0.87655711,-0.3914723,0.11784683,-0.03694856,-0.02825294
0.01076605,-0.41070356,0.91170533,-0.96013671,0.25044428,0.12415765,-0.27932335,-0.87669847,-0.39163526,0.1204547,-0.04406732,-0.03719719
0.01162561,-0.40975213,0.91212274,-0.96049625,0.24907384,0.12413328,-0.27804974,-0.87753365,-0.39066972,0.12516652,-0.05968666,-0.01811421
0.0125349125,-0.407991599,0.91289957,-0.960858911,0.247773902,0.123928067,-0.276754264,-0.878721154,-0.388916521,0.145189598,-0.050661739,-0.000426396728
0.0135998,-0.40672054,0.91345133,-0.96134975,0.2459215,0.12381108,-0.27499379,-0.87983005,-0.38765618,0.10686412,-0.01205873,0.01763667
0.01395859,-0.40781504,0.91295771,-0.96173947,0.24436686,0.12386206,-0.27360933,-0.87975651,-0.38880075,0.07706194,0.00759184,0.01158335
0.01406112,-0.40881488,0.91250886,-0.96197668,0.2434226,0.12387942,-0.27276894,-0.87955423,-0.38984754,0.06335311,0.01843166,0.0106408
0.01396588,-0.41121121,0.91143304,-0.96255068,0.24128217,0.12360834,-0.27074165,-0.87902683,-0.39244189,0.04390528,0.02683759,0.00558302
0.01374618,-0.4124423,0.91088002,-0.96289022,0.24010767,0.12325074,-0.26954311,-0.87877168,-0.39383609,0.04004308,0.02596342,0.00670178
0.01296972,-0.41476753,0.90983492,-0.9636853,0.23753185,0.12202121,-0.26672518,-0.87837716,-0.39662464,0.03689942,0.01932025,0.02014074
0.0121041883,-0.416126923,0.909225869,-0.964664525,0.2344863,0.120159812,-0.26320268,-0.878552452,-0.39858458,0.0201779883,0.000373482675,0.0100132385
0.01137592,-0.41566892,0.90944489,-0.96574326,0.23123693,0.11776885,-0.25925012,-0.87962998,-0.39879894,0.01155777,-0.01698661,-0.00126372
0.0113118798,-0.414665521,0.909903495,-0.966274821,0.229582602,0.116639018,-0.257264133,-0.880536312,-0.398083809,0.0151334535,-0.0247458201,-0.000859724823
0.0126736517,-0.403953013,0.91469185,-0.968180489,0.223689716,0.112202164,-0.249931509,-0.887008877,-0.388264429,0.0152779492,-0.0186393242,0.000234961044
0.0156340118,-0.39171498,0.919953793,-0.969274005,0.219953859,0.11012823,-0.245486275,-0.893409032,-0.376240392,0.00602594623,0.0149989119,-2.85706483e-05
0.01869988,-0.38323653,0.92346098,-0.96973203,0.21794752,0.1100852,-0.24345473,-0.89756823,-0.36756117,0.00151631,0.03538251,0.01145607
0.0204133,-0.37934057,0.92503188,-0.96989915,0.21703871,0.11040743,-0.24264973,-0.89944144,-0.36349161,0.00269863,0.04323041,0.01833532
0.02414014,-0.37309241,0.92748014,-0.9701378,0.21523547,0.1118321,-0.24135037,-0.90248314,-0.35675526,0.00346883,0.04015743,0.01805129
0.02829166,-0.36898366,0.92900519,-0.97023928,0.2134586,0.11432919,-0.24048975,-0.90459189,-0.35196335,-0.01021659,0.02748239,0.00659646
0.0303691,-0.36758713,0.92949307,-0.97025687,0.21259663,0.11577663,-0.24016507,-0.90536309,-0.35019756,-0.01535437,0.02359748,0.00407688
0.0345306797,-0.365826755,0.930042129,-0.9702167,0.210986914,0.119012739,-0.239764742,-0.906452019,-0.347645693,-0.0206355434,0.022521494,0.000246121548
0.04014699,-0.3653275,0.93001284,-0.97005615,0.20888391,0.12392921,-0.23953941,-0.90714012,-0.3460021,-0.02453327,0.00290143,0.00179669
0.0430677019,-0.366066591,0.929591523,-0.969996143,0.207520537,0.126659744,-0.239275224,-0.907155146,-0.346145744,-0.0330923349,-0.0232402068,-0.000439547934
0.0442741088,-0.366591637,0.929327774,-0.969988754,0.206850044,0.127807112,-0.239084414,-0.907096143,-0.346431608,-0.0380045548,-0.0367023908,-0.000455817208
0.0463852,-0.36723838,0.92896954,-0.96999125,0.20564033,0.12972684,-0.23867429,-0.90710972,-0.34667936,-0.04628759,-0.03461992,-0.01760873
0.04936486,-0.36447218,0.92990485,-0.97018002,0.20371212,0.13134691,-0.23730514,-0.90865908,-0.34354738,-0.05134715,-0.01674872,-0.02491838
0.04986367,-0.36293153,0.93048076,-0.97029867,0.20320477,0.13125705,-0.2367155,-0.90938915,-0.34201947,-0.04808027,-0.02101534,-0.01479708
0.05039256,-0.35958516,0.93175056,-0.97061269,0.2021773,0.1305195,-0.23531168,-0.91094613,-0.33882968,-0.04167873,-0.0296455,0.00355387
0.05046896,-0.35708475,0.93270757,-0.97101869,0.20090609,0.1294584,-0.23361426,-0.9122101,-0.33659646,-0.0398984,-0.0458318,0.01992781
0.05041018,-0.35650071,0.93293409,-0.97124734,0.2001239,0.12895341,-0.23267438,-0.91261034,-0.33616208,-0.04469059,-0.04190582,0.01897254
0.05004731,-0.35642089,0.93298406,-0.971722,0.19846173,0.12794202,-0.23076278,-0.91300436,-0.33640951,-0.05851374,-0.02440655,-0.00376767
0.04934847,-0.35680675,0.93287377,-0.97219796,0.19689704,0.12673798,-0.22890098,-0.91319239,-0.33717019,-0.07702798,-0.01041019,-0.01779413
0.0489025035,-0.356888025,0.932866344,-0.972439593,0.196162005,0.126023084,-0.227969111,-0.913318958,-0.337459261,-0.081611149,0.000941753329,-0.0191880539
0.04797129,-0.35651654,0.93305667,-0.97289859,0.1948682,0.12447793,-0.22620153,-0.91374087,-0.33750637,-0.07849309,0.01657629,-0.01828909
0.04663334,-0.35495561,0.93371931,-0.97358953,0.19298294,0.12198746,-0.22349199,-0.91474807,-0.33658161,-0.06858613,0.0348494,-0.00577749
0.04625359,-0.35329634,0.93436723,-0.97414033,0.19113356,0.12049239,-0.22115839,-0.91577808,-0.33531956,-0.06913356,0.03529119,0.01054471
0.04634903,-0.35133296,0.93510258,-0.97476324,0.18873698,0.11922627,-0.21837652,-0.91702968,-0.33371866,-0.06454441,0.02811718,0.01425038
0.0465614,-0.35034056,0.93546434,-0.97509111,0.18736735,0.11870467,-0.21686253,-0.91769002,-0.33288988,-0.05837128,0.01921844,0.01990732
0.04735695,-0.34859218,0.93607744,-0.97573383,0.18441843,0.11804015,-0.21377787,-0.91895238,-0.33139973,-0.05748856,0.00414181,0.01222816
0.04806861,-0.3476033,0.93640869,-0.97602064,0.18291795,0.1180027,-0.21230404,-0.91962648,-0.33047535,-0.05428259,-0.00376093,0.00669981
0.04985403,-0.344793,0.93735385,-0.97653551,0.18004304,0.11816427,-0.2095062,-0.92125034,-0.32772671,-0.05799805,0.00190544,-0.00400107
0.0518532701,-0.340732225,0.938729293,-0.976932937,0.177679706,0.118456191,-0.207154946,-0.92321795,-0.323659235,-0.0619333014,0.00799047854,-0.000971186906
0.05508451,-0.33353157,0.94112828,-0.97727843,0.17520378,0.11929185,-0.20467686,-0.92631548,-0.31630221,-0.04028633,0.01341915,0.02107232
0.05742931,-0.32990621,0.94226518,-0.97737976,0.17384913,0.12043752,-0.20354503,-0.9278676,-0.3124596,-0.02412023,0.01155352,0.03367713
0.06007706,-0.32789352,0.94280243,-0.97737754,0.17256049,0.12229426,-0.20278988,-0.92882107,-0.31010879,-0.02085094,0.00503159,0.02849332
0.06155362,-0.32746373,0.94285665,-0.97734018,0.17190575,0.12350947,-0.20252735,-0.92909414,-0.30946204,-0.02170183,0.00532317,0.01453641
0.0646253,-0.32712323,0.94276928,-0.97718838,0.17077988,0.12624204,-0.2023027,-0.92942164,-0.3086243,-0.03141117,-0.00591087,-0.00819637
0.06788279,-0.3262622,0.94283879,-0.97698752,0.16979241,0.12909687,-0.20220633,-0.92990515,-0.30722814,-0.0312875,-0.0119102,-0.01984213
0.06951339,-0.32556574,0.94296052,-0.97686363,0.16942506,0.13050801,-0.20224997,-0.93021602,-0.30625595,-0.02981422,-0.00907963,-0.01675549
0.07283545,-0.3237696,0.94332825,-0.97657154,0.16888288,0.13336622,-0.2024919,-0.93094133,-0.3038835,-0.01727587,-0.00234473,-0.00908872
0.07612861,-0.32197329,0.94368305,-0.9762548,0.16843321,0.13622367,-0.20280798,-0.9316456,-0.30150541,-0.00694074,0.01009118,-0.00947375
0.0777291,-0.32123681,0.94380342,-0.97609578,0.16820341,0.13763886,-0.20296554,-0.93194117,-0.30048354,-0.00254548,0.01277637,-0.01031611
0.0810559774,-0.320269075,0.94385253,-0.975768224,0.167598517,0.140666503,-0.203239395,-0.932383189,-0.298923513,-0.000541271875,0.0127894869,-0.00825511012
0.08417378,-0.32024701,0.94358714,-0.97541574,0.16706457,0.1437137,-0.20366389,-0.93248665,-0.29831153,0.00434808,0.00388563,-0.01345711
0.08560754,-0.32048912,0.9433759,-0.97526975,0.16669106,0.14513104,-0.20376526,-0.93247029,-0.29829333,0.00573876,-0.00161242,-0.01723904
0.08826899,-0.3212384,0.94287562,-0.97501978,0.16582742,0.1477757,-0.20382583,-0.9323664,-0.29857636,0.00206789,-0.01554292,-0.02036005
0.09335121,-0.32179361,0.94219657,-0.97482675,0.16291245,0.15222451,-0.20248041,-0.93268879,-0.29848493,-0.00666036,-0.02580064,-0.00660282
0.09449746,-0.32127764,0.94225829,-0.97492759,0.16167269,0.15289846,-0.2014602,-0.93308221,-0.29794472,-0.01660606,-0.01562565,0.00109365
0.0948357366,-0.320891359,0.942356015,-0.975022419,0.161040991,0.152960862,-0.20084174,-0.933324423,-0.297603813,-0.023869643,-0.014944314,-0.000790155958
0.09519372,-0.32005272,0.94260504,-0.97524336,0.15987593,0.15277412,-0.19959556,-0.93381251,-0.29691006,-0.01647484,-0.00318205,-0.00894904
0.09501589,-0.31900817,0.94297708,-0.97551659,0.15889729,0.15204941,-0.1983415,-0.9343369,-0.29609999,-0.01896694,0.00384152,-0.01469076
0.09481787,-0.31837677,0.94321031,-0.97565479,0.15849708,0.15157936,-0.19775538,-0.93462014,-0.29559744,-0.01498402,0.01229203,-0.01270649
0.09444045,-0.31679835,0.94377941,-0.97587981,0.15796984,0.15067817,-0.19682319,-0.93524549,-0.29423831,0.00413346,0.02573967,-0.00504361
0.09409704,-0.31554539,0.94423345,-0.97612962,0.15723946,0.14982213,-0.19574642,-0.93579208,-0.29321742,0.02513893,0.01192045,0.01996787
0.09425046,-0.31628164,0.94397185,-0.97618666,0.15673335,0.14998115,-0.19538818,-0.93562848,-0.29397775,0.00514317,0.007792,0.01829475
0.09435088,-0.31776824,0.94346238,-0.97622312,0.15624555,0.15025229,-0.1951572,-0.93520622,-0.2954708,-0.01707565,0.0309484,-0.00632826
0.09428177,-0.31842354,0.94324825,-0.97624033,0.15611118,0.15027968,-0.19510413,-0.93500568,-0.29613943,-0.02033216,0.03257942,-0.00833537
0.09379422,-0.31920607,0.94303241,-0.97632595,0.15594842,0.14989242,-0.19491098,-0.93476605,-0.29702211,-0.0223777,0.02556062,-0.004846
0.09325985,-0.31900132,0.94315469,-0.97637859,0.15613501,0.14935429,-0.19490368,-0.9348048,-0.29690494,-0.01873979,0.01856565,0.00501654
0.09236036,-0.31758782,0.94371999,-0.97639766,0.15694674,0.14837529,-0.19523591,-0.93515004,-0.29559632,,,
0.09202666,-0.31695903,0.94396406,-0.97637,0.15742904,0.14804662,-0.19553211,-0.93528239,-0.29498164,0.00726803,0.00155282,0.00804929
0.09147036,-0.31593636,0.94436086,-0.97623659,0.15864147,0.14763144,-0.19645695,-0.93542351,-0.29391765,0.02588459,0.00779128,0.00603186
0.09093454,-0.31592513,0.94441632,-0.97605156,0.15991881,0.14747642,-0.19762143,-0.93520974,-0.29381706,0.02523121,0.01708412,0.00176335
0.0903592,-0.31683705,0.94416601,-0.97582274,0.16127877,0.14750967,-0.19901045,-0.93466754,-0.29460377,0.01211482,0.02126717,0.00224971
0.0901393057,-0.317398678,0.943998379,-0.975710965,0.161876125,0.147594687,-0.19965714,-0.934373671,-0.295097958,0.0105255647,0.0169571619,0.000145030674
0.08953833,-0.31850798,0.94368185,-0.97550589,0.16309721,0.14760573,-0.20092543,-0.93378363,-0.29610294,0.00469674,0.01046467,-0.00250254
0.08902769,-0.31895783,0.94357821,-0.97529655,0.16436651,0.14758107,-0.20216474,-0.93340743,-0.29644527,0.00247942,-0.00569642,-0.00435506
0.0888401961,-0.318771761,0.943658768,-0.975188339,0.165029654,0.14755613,-0.202768362,-0.933353992,-0.296201209,0.000326980371,-0.0113912812,-0.00920112617
0.08854363,-0.31752866,0.94410572,-0.97498166,0.16638569,0.14739945,-0.20388924,-0.93353703,-0.29485223,0.00768858,-0.02472204,-0.01305519
0.0882311,-0.31499816,0.94498218,-0.97476537,0.16799003,0.14700921,-0.20505517,-0.93410674,-0.29222733,0.01639359,-0.01503503,-0.01248232
0.08800555,-0.3136059,0.94546619,-0.97464866,0.16889685,0.14674402,-0.20570604,-0.93441166,-0.2907917,0.02673679,-0.00452566,-0.00999395
0.08743983,-0.3113251,0.94627201,-0.97436589,0.17092626,0.14627069,-0.20728038,-0.93480516,-0.28839874,0.04002919,0.01370883,0.00362935
0.08659613,-0.31078611,0.94652682,-0.97403514,0.17307903,0.14594216,-0.2091807,-0.93458845,-0.2877286,0.04190079,0.02940488,0.00160863
0.08612783,-0.31134458,0.94638597,-0.97387173,0.17404291,0.14588623,-0.2101326,-0.93422347,-0.28821971,0.04729588,0.03347277,0.00993806
0.08488915,-0.31422506,0.9455455,-0.97356321,0.17580785,0.14582913,-0.21205743,-0.93292769,-0.29099374,0.04554312,0.0218066,0.00739029
0.0836123187,-0.318452197,0.944244134,-0.973320763,0.177079959,0.14590821,-0.213671425,-0.931252228,-0.295150022,0.0450519323,-0.00088465208,0.00107232388
0.0830404,-0.32056235,0.94358047,-0.9732188,0.17758215,0.1459787,-0.21435834,-0.93043237,-0.29723083,0.03497918,-0.01440549,-0.00418457
0.08183522,-0.32408703,0.94248108,-0.97310516,0.17833542,0.14581774,-0.21533539,-0.92906623,-0.30077664,0.028453,-0.03812134,-0.00578287
0.08132897,-0.32530842,0.94210404,-0.97307218,0.17862617,0.14568195,-0.215676,-0.9285834,-0.30202109,0.02093191,-0.05012595,-0.00826858
0.08004754,-0.32613851,0.94192672,-0.97307742,0.17932498,0.1447853,-0.21613101,-0.92815738,-0.30300347,0.01799187,-0.06370317,-0.0012202
0.07600602,-0.32530991,0.9425478,-0.97317765,0.18164851,0.1411698,-0.21713627,-0.92799629,-0.3027779,0.00364839,-0.02204346,0.01999393
0.07444471,-0.3254394,0.94262772,-0.97323509,0.18237781,0.13982723,-0.21741961,-0.92780784,-0.30315194,0.00218687,-0.02076685,0.02242678
0.07089695,-0.32698226,0.94236735,-0.97339131,0.18370556,0.13697305,-0.21790588,-0.92700317,-0.30525752,0.01334422,-0.02408433,0.03552635
0.06705409,-0.32998051,0.94160321,-0.97358724,0.18479057,0.13409075,-0.21824672,-0.92572421,-0.30887385,0.00656076,-0.00751197,0.02799307
0.06515031,-0.33176579,0.94110937,-0.9736945,0.1852264,0.13270322,-0.21834467,-0.9249987,-0.31097096,0.00271612,-0.00392884,0.01603967
0.06124078,-0.33530892,0.94011557,-0.97396842,0.18588138,0.12974375,-0.21825413,-0.92358857,-0.31519673,-0.00866074,-0.00153649,0.00116618
0.057798,-0.33717648,0.93966542,-0.97427154,0.18633223,0.12678723,-0.21783951,-0.92281746,-0.31773175,-0.02773035,0.00522196,-0.01029982
0.05635938,-0.33724582,0.93972798,-0.97439736,0.18660799,0.12540763,-0.21765387,-0.92273644,-0.31809428,-0.03796554,0.0063101,-0.01070725
0.05362099,-0.33627871,0.94023486,-0.97463233,0.18727175,0.12256127,-0.21729425,-0.92295508,-0.31770645,-0.03255757,0.00721312,-0.00470569
0.05116814,-0.33470969,0.94093095,-0.97486832,0.18781385,0.119823,-0.21682571,-0.92341497,-0.31668774,-0.02459348,0.0046289,0.01865299
0.05009528,-0.33406627,0.94121729,-0.97495938,0.18808656,0.11864859,-0.21666674,-0.92359245,-0.31627875,-0.02061539,0.00285697,0.02094155
0.04810723,-0.33383837,0.94140195,-0.97508512,0.18863898,0.11672332,-0.21655182,-0.92356227,-0.31644593,-0.01913556,-0.00570738,0.03349799
0.04642707,-0.33517517,0.94101111,-0.97517538,0.18897246,0.11542188,-0.21651165,-0.92300966,-0.31808109,-0.01544625,-0.00435668,0.02638217
0.04575265,-0.33623505,0.94066609,-0.97519273,0.18912103,0.11503208,-0.21657756,-0.92259376,-0.31924119,-0.02211454,-0.00291014,0.02038268
0.04486419,-0.33856135,0.93987419,-0.97520567,0.18924389,0.11472018,-0.2167053,-0.92171743,-0.3216767,-0.03670508,-0.00424004,0.00526599
0.04461599,-0.33965853,0.93949002,-0.97520601,0.18923719,0.11472799,-0.21675479,-0.92131502,-0.32279403,-0.03954285,-0.00782412,0.00306725
0.0444008,-0.34092452,0.93904156,-0.97520201,0.18921124,0.11480482,-0.216817,-0.92085264,-0.32406915,-0.04316989,-0.00522959,-0.00827951
0.04485299,-0.34088287,0.93903524,-0.97518428,0.18905657,0.11520989,-0.2168039,-0.92089987,-0.32394389,-0.04532328,0.00376701,-0.00378802
0.04544951,-0.33981696,0.93939284,-0.97517382,0.18892063,0.11552111,-0.21672677,-0.92132163,-0.32279429,-0.03936652,0.01255309,0.00214085
0.04584674,-0.33914565,0.93961593,-0.97517573,0.18878672,0.11572247,-0.2166337,-0.92159624,-0.3220713,-0.03279068,0.01221871,0.00761122
0.04695303,-0.33782289,0.94003773,-0.97521032,0.18822097,0.11635098,-0.21624077,-0.9221976,-0.32061079,-0.01618337,0.0092895,0.01388661
0.04858769,-0.33716442,0.94019111,-0.97523964,0.18730935,0.11757039,-0.21574711,-0.92262414,-0.31971516,-0.00702117,0.01041245,0.0135248
0.05173219,-0.33744783,0.93992163,-0.97529428,0.18533439,0.1202172,-0.21476681,-0.92291932,-0.31952317,-0.0061826,0.00798368,0.00619756
0.0540867,-0.33771264,0.93969402,-0.97530659,0.18394019,0.122242,-0.21413018,-0.92310141,-0.31942466,-0.01449212,-0.00625026,0.00695172
0.05527449,-0.33780344,0.93959213,-0.9753098,0.18324468,0.12325593,-0.21381146,-0.9232064,-0.3193342,-0.01752066,-0.01117223,0.00636345
0.05987908,-0.33856482,0.93903592,-0.97529885,0.1805317,0.12728134,-0.21261877,-0.9234621,-0.31939184,-0.01400009,-0.02185732,0.0171937
0.06087924,-0.33871761,0.93891652,-0.97531226,0.1798614,0.1281249,-0.21227305,-0.92353688,-0.31940565,-0.01755302,-0.01027405,0.01436818
0.06268427,-0.33837467,0.9389212,-0.97539011,0.17848871,0.12944377,-0.21138723,-0.92392865,-0.31885881,-0.02566794,0.0017972,0.00298391
0.06437267,-0.33677025,0.93938373,-0.9755089,0.17716628,0.13036241,-0.21032923,-0.92476903,-0.31711767,-0.02014988,-0.00147557,-0.00689132
0.06517458,-0.33569235,0.93971425,-0.97557905,0.17651659,0.13071866,-0.20975639,-0.92528509,-0.31599001,-0.0029786,-0.00827515,-0.00167265
0.0668989998,-0.333418557,0.940402271,-0.975714852,0.17516788,0.131516546,-0.208578267,-0.926362855,-0.313602844,0.0112220896,-0.0089832535,6.66275155e-05
0.06779845,-0.33230348,0.94073254,-0.97578193,0.1744653,0.13195238,-0.2079734,-0.92689601,-0.31242725,0.00978991,-0.01179528,0.00463631
0.07291085,-0.33300972,0.9401003,-0.97609735,0.16967739,0.13580714,-0.20473888,-0.92753121,-0.31267859,-0.02840561,0.00614965,-0.01699794
0.07265812,-0.33430855,0.93965874,-0.97646833,0.16796828,0.13526353,-0.20305261,-0.92737501,-0.31423744,-0.04586741,-0.00153637,-0.04154777
0.07255537,-0.33321052,0.94005653,-0.97669713,0.16714524,0.13462918,-0.20198576,-0.92791866,-0.31331843,-0.0391675,0.0055623,-0.04351801
0.07303044,-0.32742632,0.94205012,-0.97708426,0.16586652,0.13339615,-0.19993194,-0.93020438,-0.30780976,-0.01165346,0.02904987,-0.03911954
0.07432023,-0.31897743,0.94484381,-0.97732261,0.16509144,0.13260947,-0.19828502,-0.93327281,-0.2994742,0.02051162,0.02902698,-0.03257545
0.07521251,-0.31431056,0.94633596,-0.97741018,0.16474166,0.13239841,-0.19751509,-0.93491651,-0.29481966,0.02921105,0.01577902,-0.02141647
0.07758967,-0.30526514,0.94910114,-0.97749829,0.16400608,0.13266138,-0.19615523,-0.93803793,-0.28567096,0.06567884,-0.00572306,0.01129279
0.08047166,-0.29901083,0.95085051,-0.97731447,0.16382576,0.13422898,-0.19590967,-0.94008166,-0.27904425,0.08970252,0.00917864,0.03449049
0.08507938,-0.30209773,0.94947271,-0.97639349,0.16460205,0.13986377,-0.19853767,-0.93895851,-0.28096201,0.06809995,0.03731644,0.01632879
0.08652834,-0.30598452,0.94809603,-0.9760276,0.16473297,0.14224257,-0.1997066,-0.93767602,-0.2843952,0.04465983,0.030056,0.00370234
0.08855768,-0.31526543,0.94486254,-0.97534886,0.16503812,0.14648208,-0.20211906,-0.93454272,-0.29287837,0.00377184,0.00211954,-0.01151694
0.08975126,-0.32404021,0.94177624,-0.97476416,0.16548318,0.14983324,-0.20440005,-0.93145752,-0.30101041,-0.00699082,-0.02599895,0.00328977
0.09022114,-0.32816353,0.94030247,-0.97447816,0.16578058,0.15135725,-0.20555378,-0.92995989,-0.30483126,-0.00263169,-0.03548181,0.00910238
0.09086866,-0.33616301,0.93740985,-0.97394836,0.16638646,0.15407805,-0.20776761,-0.92698969,-0.31228607,-0.01422586,-0.04750114,0.00787876
0.09087058,-0.34282783,0.93499287,-0.97358637,0.1668886,0.15581343,-0.20945685,-0.92445515,-0.31860725,-0.0521318,-0.03899079,-0.0195437
0.08958009,-0.34661115,0.93372152,-0.97338119,0.16810432,0.1557876,-0.21096024,-0.92282254,-0.32232592,-0.05350407,-0.03489256,-0.01435181
0.08834529,-0.34780055,0.93339699,-0.97331573,0.16908983,0.15512954,-0.2117821,-0.92219492,-0.32358147,-0.03662902,-0.03072023,0.00681549
0.08450173,-0.35076644,0.93264263,-0.97329322,0.17144541,0.15266534,-0.21344715,-0.92063527,-0.32691115,-0.01017574,-0.0095942,0.03034331
0.0822698035,-0.353098998,0.93196176,-0.973325547,0.172491731,0.151274361,-0.214170501,-0.919547525,-0.329489402,-0.00261565298,-0.000835180224,0.0372212604
0.0775993,-0.36004669,0.92970143,-0.97351233,0.17379157,0.14856056,-0.21506302,-0.916604,-0.33702379,-0.01091224,0.01656341,0.01704149
0.07286171,-0.36770858,0.92708228,-0.97384279,0.174365,0.1456951,-0.21522404,-0.91344799,-0.34538581,-0.03862686,0.03299451,-0.02364594
0.07064267,-0.37084003,0.92600621,-0.97402339,0.17458196,0.14422122,-0.21514706,-0.91213979,-0.34887397,-0.05197455,0.02992773,-0.03784509
0.06640933,-0.37491881,0.92467602,-0.97428417,0.1756125,0.14117597,-0.21531422,-0.91027259,-0.35361517,-0.05411571,0.02965665,-0.05007459
0.06305017,-0.37675744,0.9241636,-0.97436168,0.17715211,0.13869508,-0.21597188,-0.90921441,-0.35592851,-0.03289824,0.01070642,-0.03756331
0.059511138,-0.378965527,0.923495222,-0.974337188,0.179136399,0.136297773,-0.217083717,-0.907907025,-0.358579568,-0.00853009988,-0.00607889844,-0.000559883425
0.0577226262,-0.381850447,0.922419769,-0.974185189,0.18044309,0.135659199,-0.21824576,-0.906438325,-0.361577378,-0.0155997286,-0.00053894514,0.00156944222
0.05564665,-0.38882137,0.91963111,-0.97366757,0.18280823,0.13620797,-0.2210767,-0.90299451,-0.36841009,-0.02668636,-0.01346695,-0.00572308
0.05486836,-0.39511489,0.91699147,-0.97306683,0.1847732,0.13783878,-0.22389748,-0.8998571,-0.37433492,-0.04123803,-0.01147818,-0.01970067
0.05467599,-0.39855029,0.91551527,-0.97269463,0.18585983,0.139001,-0.22555641,-0.89811681,-0.37750566,-0.05207989,-0.00525916,-0.02457303
0.05427601,-0.40517354,0.91262722,-0.97190413,0.18820349,0.14135684,-0.22903365,-0.89465848,-0.38357488,-0.05908664,-0.00784409,-0.02385224
0.05355962,-0.41115383,0.90999109,-0.97108904,0.19085542,0.14338823,-0.23263131,-0.89136224,-0.38904481,-0.0541697,-0.01072782,-0.01208098
0.05212215,-0.41979022,0.90612321,-0.96993915,0.19469165,0.14598989,-0.23769968,-0.88649375,-0.39702318,-0.07500277,0.01035881,-0.0128934
0.05123163,-0.42508528,0.90370228,-0.96927701,0.19681802,0.14752877,-0.2405772,-0.88349599,-0.40194209,-0.09311581,0.02223229,-0.02875006
0.05086618,-0.42728524,0.90268494,-0.96898342,0.19775163,0.14820779,-0.24183447,-0.88222545,-0.40397347,-0.10192732,0.02487206,-0.03602821
0.05022496,-0.42982346,0.90151495,-0.96847311,0.19956812,0.14910518,-0.24400253,-0.88058181,-0.40624916,-0.10321165,0.02148986,-0.04749156
0.04992655,-0.42944027,0.90171419,-0.96804073,0.20136398,0.14949837,-0.24577342,-0.88035997,-0.40566229,-0.07160683,0.00584924,-0.02609655
0.04984742,-0.42870647,0.90206761,-0.96785117,0.20221046,0.1495828,-0.24653461,-0.88052352,-0.40484438,-0.05020934,-0.01195264,-0.01039938
0.05024305,-0.42764217,0.90255069,-0.96750554,0.20338451,0.15022555,-0.24780759,-0.88077061,-0.4035275,-0.02680128,-0.05006432,0.01057414
0.05120886,-0.42800769,0.90232308,-0.96709839,0.20419345,0.15174197,-0.24919515,-0.88040578,-0.40346901,-0.05485191,-0.05896693,-0.00439725
0.0518133,-0.42843158,0.90208738,-0.9668491,0.20464138,0.152724,-0.25003615,-0.88009556,-0.40362553,-0.07492422,-0.05312729,-0.02017487
0.05311923,-0.42907165,0.90170719,-0.96622718,0.20593104,0.15491105,-0.25215744,-0.87948276,-0.40364179,-0.10983707,-0.03092539,-0.04519076
0.05438341,-0.42759607,0.90233248,-0.96490743,0.20998939,0.15766416,-0.25689678,-0.87924169,-0.40117067,-0.09866919,0.01124978,-0.03378874
0.05466782,-0.42658997,0.9027914,-0.96381814,0.21369505,0.15933904,-0.26089445,-0.87883749,-0.39947288,-0.07183498,0.0384041,-0.00958551
0.0550546885,-0.427927399,0.902134712,-0.962731695,0.216857061,0.161618778,-0.264795358,-0.877411584,-0.400040257,-0.0486256704,0.0457401238,-0.000790630467
0.05517037,-0.42964516,0.90131088,-0.96223855,0.218107,0.16286911,-0.26655815,-0.87626161,-0.4013881,-0.05009596,0.03873705,-0.00842425
0.05563443,-0.43459635,0.89890525,-0.96140388,0.21965123,0.16569783,-0.26945726,-0.87342957,-0.40560242,-0.05848499,0.03321886,-0.0191372
0.05638903,-0.44009078,0.89618092,-0.96075643,0.22026192,0.16861691,-0.27160123,-0.87051978,-0.41039966,-0.07918864,0.0084753,-0.05035457
0.05690157,-0.4423613,0.89503003,-0.96045876,0.22047475,0.1700291,-0.27254584,-0.86931434,-0.41232443,-0.0814894,-0.00097418,-0.06091399
0.05833292,-0.44475455,0.89375091,-0.95997145,0.22069439,0.17247849,-0.27395641,-0.86803652,-0.41407793,-0.08267292,-0.01958167,-0.06433782
0.0601537,-0.44381209,0.89409864,-0.95954412,0.22111172,0.17431208,-0.2750575,-0.8684126,-0.41255659,-0.07474686,-0.03157526,-0.0459412
0.06110543,-0.44230137,0.89478247,-0.95934409,0.22145151,0.17498048,-0.27554505,-0.86909652,-0.41078732,-0.07002885,-0.02727163,-0.03161857
0.0626945,-0.43834407,0.89661798,-0.95904943,0.22217435,0.17567781,-0.27621282,-0.87091502,-0.40646451,-0.05774611,-0.00760692,-0.00608963
0.06368189,-0.43464306,0.89834858,-0.95896076,0.22256889,0.17566296,-0.27629518,-0.87266753,-0.40263206,-0.033738,0.02044999,0.00431364
0.06401457,-0.43326366,0.89899093,-0.95898281,0.22256309,0.17554943,-0.27614137,-0.87335459,-0.40124511,-0.02812949,0.03314364,0.00977859
0.06444434,-0.43126431,0.89992113,-0.95950866,0.22101635,0.17462794,-0.27420809,-0.87473589,-0.39955859,-0.00553966,0.05858278,-0.00862431
0.0645060456,-0.431295484,0.899901799,-0.959769282,0.220139223,0.174303494,-0.273280017,-0.874941705,-0.399743859,-0.000361951068,0.0628731176,-0.0204593819
0.06471858,-0.43070728,0.9001681,-0.96036166,0.21821576,0.17345679,-0.27113993,-0.87571286,-0.39951212,-0.00934526,0.05624592,-0.04483914
0.06600685,-0.42656457,0.9020453,-0.9612766,0.21522648,0.17211863,-0.26756374,-0.87847606,-0.39584011,0.03043635,0.03768944,-0.02295676
0.06756729,-0.42193008,0.90410719,-0.9619156,0.2130153,0.17129793,-0.26486446,-0.88124889,-0.39146828,0.05694228,0.0203321,-0.00571638
0.0697872281,-0.416100343,0.906636813,-0.962495448,0.210768639,0.170819051,-0.262168495,-0.884554769,-0.385785738,0.0697248355,-0.000187635407,0.0125632863
0.07113689,-0.41288415,0.90800112,-0.96274468,0.20966984,0.17076618,-0.26088704,-0.88632109,-0.38258673,0.0700453,-0.00374079,0.0157512
0.07391223,-0.40604381,0.91085968,-0.96320964,0.20758139,0.17069597,-0.25838754,-0.88996537,-0.3757625,0.07249052,-0.0033884,0.02419815
0.0779807266,-0.395046385,0.915345446,-0.963707784,0.205262578,0.170688366,-0.255315961,-0.895435963,-0.364702738,0.0591114499,0.000692844333,0.0262048915
0.08189754,-0.37768003,0.9223071,-0.96408767,0.20456471,0.16937555,-0.25264117,-0.90305642,-0.34736328,0.07101219,0.0134989,0.0228431
0.08259986,-0.37272996,0.92425623,-0.96413007,0.20485892,0.1687779,-0.25225069,-0.90504428,-0.34243883,0.08488173,-0.00541913,0.02981472
0.08257323,-0.36225363,0.92841464,-0.96417611,0.20660559,0.16636811,-0.25208302,-0.90889286,-0.33221616,0.14791061,-0.00307178,0.09152116
0.08107332,-0.35223307,0.93239419,-0.96391857,0.2102651,0.16324679,-0.25355086,-0.91198706,-0.3224771,0.17985685,0.0123651,0.08506764
0.080196,-0.3479755,0.93406725,-0.96364249,0.2125466,0.16191689,-0.25487592,-0.91309199,-0.31827858,0.19575,0.00902629,0.0970113
0.0778622,-0.34096321,0.93684656,-0.96288477,0.21787511,0.15932135,-0.25843824,-0.91448043,-0.31134403,0.19102611,0.02458644,0.07950819
0.0757768,-0.33733482,0.93832993,-0.96178382,0.22358771,0.15805185,-0.26311542,-0.91444722,-0.3075004,0.1534344,0.02402544,0.05537908
0.0727440863,-0.334908832,0.93943832,-0.959960496,0.231982591,0.157034745,-0.270525654,-0.91324703,-0.304623884,0.0791036338,-0.000805616321,-0.00656257197
0.07028607,-0.33350643,0.94012408,-0.95872978,0.23769955,0.1560003,-0.27549416,-0.91228962,-0.30303557,0.06487087,-0.00907463,-0.01219765
0.06880013,-0.33263779,0.94054168,-0.95815936,0.24053428,0.1551577,-0.27784383,-0.91186368,-0.30217123,0.06386127,-0.01362133,-0.00586435
0.06571682,-0.33087822,0.94138247,-0.95698139,0.24629814,0.15337496,-0.2826092,-0.9109648,-0.30045838,0.0701695,-0.02190304,0.01855385
0.06194069,-0.3297966,0.94201772,-0.95587123,0.25197081,0.15106545,-0.28718178,-0.90980481,-0.2996358,0.08132204,-0.0289424,0.02836314
0.05991853,-0.32983325,0.94213575,-0.95532614,0.25470355,0.14992683,-0.28941617,-0.90903031,-0.29983686,0.08302529,-0.02831822,0.03912668
0.05567819,-0.33101751,0.94198051,-0.95431374,0.25975701,0.14768728,-0.29357309,-0.90716793,-0.30143175,0.06296082,-0.03056186,0.01291787
0.05128148,-0.33285643,0.94158209,-0.95336373,0.26448207,0.14541959,-0.29743544,-0.90512753,-0.30377022,0.04570571,-0.03196877,0.00422631
0.0489671874,-0.333598486,0.941442571,-0.952937085,0.266740679,0.144084024,-0.299187193,-0.904190989,-0.304836799,0.0319864191,-0.0384817682,-0.000644615851
0.0393702455,-0.334913286,0.941426116,-0.951557857,0.274956634,0.137610092,-0.304938823,-0.901239138,-0.30786427,0.0290064029,-0.0296019297,-0.000356308185
0.0368759232,-0.334870011,0.941542385,-0.9512959,0.276802992,0.135705856,-0.306065511,-0.90068976,-0.308353068,0.0294506513,-0.0306720119,-9.91281122e-05
0.03193222,-0.33467948,0.94179081,-0.95085654,0.28017728,0.13180476,-0.30798072,-0.89971679,-0.30928548,0.0268994,-0.03617018,0.00945299
0.0272744,-0.33444918,0.94201901,-0.9505723,0.2829088,0.12796438,-0.30930304,-0.89894734,-0.31020195,0.02261316,-0.02809417,0.0119004
0.02080104,-0.33416877,0.94228373,-0.95053824,0.28553975,0.12224631,-0.30991039,-0.89821954,-0.31170069,0.01722532,-0.01637113,0.01489375
0.01701771,-0.33427573,0.94232159,-0.95072618,0.28638376,0.11876012,-0.30956418,-0.89791089,-0.31293106,0.00930854,-0.01169455,0.01445064
0.01539497,-0.33440222,0.94230462,-0.950878,0.28651697,0.11721321,-0.30918257,-0.89782129,-0.31356476,0.00420907,-0.01822769,0.01599257
0.01271689,-0.33444118,0.94233079,-0.95120739,0.28651199,0.11452217,-0.30828997,-0.8978084,-0.31447936,0.00386996,-0.02465373,0.00401406
0.00902131,-0.33151628,0.94340637,-0.95213849,0.28541821,0.10940178,-0.30553383,-0.89924046,-0.31307457,0.01839665,-0.00749683,0.01270596
0.00891713,-0.33005428,0.94391986,-0.95240287,0.28484311,0.10859653,-0.30471183,-0.89996033,-0.31180467,0.02669186,0.0019393,0.02020704
0.00910795,-0.32965919,0.94405605,-0.95244921,0.28468672,0.10859995,-0.30456118,-0.90015458,-0.31139072,0.02879086,0.00417602,0.03124755
0.01111502,-0.33133201,0.94344878,-0.95240284,0.28393951,0.11093794,-0.30463969,-0.89977635,-0.31240556,0.01122572,-0.00332123,0.01947282
0.01181813,-0.33239542,0.94306607,-0.95238769,0.28361332,0.11189799,-0.30466048,-0.89948694,-0.31321752,0.00773947,-0.01622915,0.01846621
0.01338404,-0.33442362,0.94232771,-0.9523052,0.28306004,0.11398108,-0.30485322,-0.89890918,-0.31468483,-0.00549515,-0.01850205,0.01210955
0.01578976,-0.33561011,0.94186856,-0.95221223,0.28232131,0.11656084,-0.30502852,-0.89869929,-0.31511424,-0.01312694,-0.01240373,0.01368947
0.01746978,-0.33518263,0.94199111,-0.95218233,0.28184637,0.11794625,-0.30503025,-0.89900785,-0.31423115,-0.00899286,-0.00949365,0.01019512
0.02004412,-0.33363291,0.94248992,-0.95209916,0.28132961,0.11983657,-0.30513173,-0.8997459,-0.3120126,0.00221084,-0.00142479,0.00728585
0.02164084,-0.33248804,0.94285918,-0.95201034,0.28113643,0.12099033,-0.30529992,-0.90022999,-0.31044804,0.00587898,0.00656533,0.00289954
0.02334257,-0.33185691,0.94304089,-0.95193232,0.28080036,0.12237655,-0.30541773,-0.90056769,-0.30935072,0.01698075,0.01280451,-0.00723057
0.02425883,-0.33190895,0.94299939,-0.95186241,0.28064776,0.12326677,-0.30556397,-0.90059602,-0.30912345,0.0172784,0.01085627,-0.01207224
0.02598146,-0.33229115,0.9428189,-0.95171155,0.28037373,0.12504259,-0.30589217,-0.90054045,-0.30896079,0.00930136,0.01144433,-0.0061864
0.0275389043,-0.333030479,0.942513871,-0.951525169,0.280211348,0.126812922,-0.306335678,-0.900317925,-0.309170187,0.0076596695,0.00673711253,-0.000941670849
0.0283431082,-0.333611192,0.942284563,-0.951439478,0.280065412,0.127774225,-0.306528211,-0.900148269,-0.309472925,0.0140666161,-0.0032008288,0.000750777312
0.0297581687,-0.335129088,0.941702072,-0.951208565,0.279967952,0.129692321,-0.30711002,-0.899614543,-0.310446295,0.0079299733,-0.00399839832,0.000554593978
0.03113878,-0.33726682,0.94089393,-0.95098242,0.27977181,0.13175781,-0.30767311,-0.89887639,-0.31202305,0.0086674,-0.00905818,-0.00575988
0.03174683,-0.3383632,0.94047988,-0.9508883,0.27964291,0.13270725,-0.30790176,-0.89850438,-0.31286781,0.00145656,-0.01498961,-0.00210213
0.033292919,-0.341823812,0.939174103,-0.950582416,0.27939797,0.135387568,-0.308682011,-0.897269862,-0.315629719,-0.0146058146,-0.000277519197,-0.00172446668
0.0332046558,-0.342442346,0.938951952,-0.950540033,0.279469021,0.135538815,-0.308822239,-0.897011909,-0.316225502,-0.00509047741,0.00413250877,0.000223369454
0.03295281,-0.34332684,0.93863776,-0.95052161,0.27950036,0.13560329,-0.30890586,-0.89666397,-0.31712927,0.00440025,0.00744533,-0.00360524
0.03278644,-0.3438029,0.93846924,-0.95052902,0.2794797,0.1355935,-0.30890051,-0.89648792,-0.31763147,0.00334871,0.00840783,-0.00274993
0.0323702109,-0.344992515,0.938047049,-0.950547806,0.279427846,0.13556879,-0.308886662,-0.896046982,-0.318886727,0.000600292464,0.00439166976,-0.00582506973
0.0317958507,-0.345988057,0.937700016,-0.950610447,0.279343062,0.135304309,-0.308753679,-0.895689535,-0.320017918,-0.00647368515,0.000185132012,-0.00355382869
0.03141597,-0.34638854,0.93756498,-0.95065109,0.27932634,0.13505316,-0.30866748,-0.89553996,-0.32051935,-0.00867432,0.00262308,-0.00493863
0.03082302,-0.34675377,0.93744945,-0.95073757,0.27926997,0.13455907,-0.30846025,-0.89541604,-0.32106384,-0.01582964,0.00396299,-0.00768756
0.03028884,-0.34667114,0.93749753,-0.95081172,0.27928884,0.13399534,-0.30828488,-0.89544224,-0.32115962,-0.01934864,0.00400352,-0.00811359
0.03002332,-0.34646515,0.93758219,-0.95083713,0.27935449,0.13367765,-0.3082324,-0.89550146,-0.32104475,-0.01788007,0.00420654,-0.00124963
0.02951968,-0.34589406,0.93780906,-0.95086034,0.27957647,0.13304723,-0.30820957,-0.89565298,-0.32064393,-0.01528729,0.0038631,-0.00687462
0.02906839,-0.34541388,0.93800012,-0.95087756,0.27978009,0.13249505,-0.30819937,-0.8957747,-0.32031354,-0.0099563,0.00798416,-0.00718504
0.02885508,-0.34517914,0.93809309,-0.95085757,0.27995873,0.13226077,-0.30828097,-0.89580935,-0.32013795,-0.00892016,0.01146674,-0.01026217
0.02861393,-0.34486383,0.93821644,-0.95078622,0.28030907,0.1320315,-0.30852344,-0.89582124,-0.31987102,-0.00944811,0.01092362,-0.01207893
0.02900974,-0.34410544,0.93848265,-0.95031109,0.28163056,0.13263831,-0.3099469,-0.89569835,-0.31883715,-0.00763443,0.00949812,-0.01286672
0.02964291,-0.34431201,0.93838719,-0.95003482,0.28213954,0.13353318,-0.31073321,-0.89545882,-0.31874496,-0.00699043,-0.00142217,-0.01191248
0.03001003,-0.34459173,0.93827278,-0.94987554,0.28240744,0.13409852,-0.31118442,-0.89526671,-0.31884418,-0.00993167,-0.0051766,-0.01303414
0.0307431,-0.34523115,0.93801393,-0.94958249,0.28285512,0.13522548,-0.31200603,-0.89487893,-0.31912958,-0.01610531,-0.00924694,-0.01721327
0.03162744,-0.34615515,0.93764406,-0.94918744,0.28348518,0.13667261,-0.31311814,-0.89432254,-0.31960023,-0.01682972,-0.00564772,-0.00794347
0.03201251,-0.3468553,0.93737219,-0.94901817,0.28370521,0.13738953,-0.31359167,-0.89398141,-0.32008987,-0.00940818,-0.00688797,-0.00763447
