0,1,2,3,4,5,6,7,8,9,10,11
0.11813255,0.3247692,-0.9383867,0.15554287,-0.9393904,-0.30553546,-0.98074005,-0.10986569,-0.16148804,-0.00944754,0.00121045,-0.00239202
0.11806303,0.32486951,-0.93836064,0.15548846,-0.93936112,-0.30565264,-0.98075697,-0.10981803,-0.16141707,-0.00104919,0.00436878,0.00327247
0.118063033,0.324819543,-0.938377965,0.155540701,-0.939371594,-0.305594019,-0.98074871,-0.109876652,-0.16142755,0.000817857217,0.00652444316,0.0119674876
0.11818805,0.3249697,-0.93831033,0.15560835,-0.93931988,-0.30571916,-0.98072301,-0.10987657,-0.16158439,0.001568,0.00605655,0.00497568
0.11867437,0.32506808,-0.93821492,0.15567788,-0.9392979,-0.30575165,-0.9806533,-0.1097744,-0.1620766,-0.00489123,0.00273406,-0.00549398
0.11882717,0.32516758,-0.93816107,0.15567307,-0.93927151,-0.30583495,-0.98063553,-0.1097049,-0.16223085,-0.00203225,-0.00391185,-0.00741056
0.1189383,0.32521709,-0.93812984,0.15564568,-0.93926251,-0.30587661,-0.98062642,-0.10963539,-0.16233299,,,
0.11900779,0.3251666,-0.93813842,0.15564791,-0.93928103,-0.30581791,-0.98061753,-0.1096246,-0.16239314,0.00305131,-0.00387514,0.00307167
0.11907728,0.32511627,-0.93814721,0.15565008,-0.93930007,-0.30575937,-0.9806089,-0.10961365,-0.16245383,-0.00618172,-0.00382507,0.00554453
0.11885501,0.32521692,-0.9381404,0.15549613,-0.93927613,-0.3059105,-0.98066019,-0.10951821,-0.16220762,-0.00901879,0.00572228,0.00552991
0.11842421,0.32546885,-0.93810747,0.15533545,-0.93919609,-0.30623743,-0.98073773,-0.10945544,-0.16178031,0.00100614,0.00117254,-0.00729503
0.11820187,0.32551961,-0.9381179,0.15523364,-0.93918278,-0.30632987,-0.98078067,-0.10941872,-0.16154465,0.00630899,0.00503182,-0.00175095
0.11813235,0.32566987,-0.93807457,0.15512704,-0.93914319,-0.30650561,-0.98080597,-0.1093125,-0.1614634,-0.00136848,-0.00649846,0.00324416
0.118437997,0.32586881,-0.937966885,0.15511751,-0.939090247,-0.306672273,-0.980770572,-0.109173458,-0.161771848,-0.000555057311,-0.000175237641,0.00505051855
0.11861866,0.32591775,-0.93792704,0.15504022,-0.93908939,-0.30671391,-0.98076095,-0.10903445,-0.16192379,-0.00521187,-0.00120771,-0.00104797
0.11892422,0.3261664,-0.93780197,0.15497871,-0.93902612,-0.30693905,-0.98073373,-0.10883685,-0.16222181,,,
0.11906321,0.32626501,-0.93774997,0.15477455,-0.93902139,-0.30705615,-0.98074906,-0.10858076,-0.16230034,-0.00277863,0.00674295,0.0062419
0.11906321,0.32626501,-0.93774997,0.15477455,-0.93902139,-0.30705615,-0.98074906,-0.10858076,-0.16230034,-0.00305453,-0.00099063,0.00526169
0.11897994,0.32626499,-0.93776065,0.15462488,-0.93903518,-0.3070901,-0.98078287,-0.10846354,-0.16217514,,,
0.11904943,0.3263142,-0.93773457,0.15452283,-0.93903255,-0.30714858,-0.98079039,-0.10833557,-0.16221415,,,
0.119118916,0.326363524,-0.93770863,0.154420748,-0.939030276,-0.307207169,-0.980798072,-0.108207496,-0.162253514,-0.00830727443,0.000329256029,0.00252108788
0.11889666,0.32651406,-0.93768446,0.15421459,-0.93899569,-0.30741653,-0.9808575,-0.10805383,-0.16199667,-0.00542433,-0.00386721,-0.00281363
0.11889666,0.32661377,-0.93764976,0.1541103,-0.93897455,-0.3075336,-0.98087392,-0.10793676,-0.16197553,-0.00710792,0.0027957,-0.00286002
0.11885501,0.3266635,-0.93763769,0.1539834,-0.93897062,-0.30760894,-0.98089887,-0.10781977,-0.16190211,-0.00761903,-0.00315291,0.00731511
0.11868817,0.32696431,-0.93755389,0.15389505,-0.9388754,-0.30794311,-0.98093286,-0.10773574,-0.16175144,,,
0.11852129,0.32731488,-0.93745275,0.15375463,-0.93876972,-0.30833565,-0.98097513,-0.10759337,-0.16159035,-0.00186816,0.00152898,-0.00549375
0.11856292,0.32746438,-0.93739528,0.15367306,-0.93873101,-0.30849424,-0.98098289,-0.10747642,-0.16162116,0.00482148,-0.00108194,-0.00533096
0.11879894,0.32771311,-0.93727853,0.15366187,-0.93865898,-0.30871928,-0.98095614,-0.10734842,-0.16186881,0.00153455,-0.00753969,-0.00367045
0.11903491,0.32806116,-0.93712673,0.1535466,-0.93856516,-0.30906107,-0.9809455,-0.10710358,-0.16209464,0.00295912,-0.00472534,-0.00193432
0.11911826,0.3282106,-0.93706374,0.15354002,-0.93851944,-0.30920272,-0.98093635,-0.10704514,-0.16218809,-0.00377667,-0.0035398,0.00279866
0.11950679,0.32850832,-0.93691006,0.15357689,-0.93843139,-0.30945235,-0.98088343,-0.10690607,-0.16260025,-0.00899664,0.00181222,0.00588441
0.11967307,0.32885668,-0.93676662,0.15351184,-0.93832934,-0.30979394,-0.98087335,-0.10673076,-0.16277619,-0.0060715,0.00487757,0.00316189
0.11961717,0.32910673,-0.93668588,0.15350088,-0.93824567,-0.31005233,-0.98088183,-0.10669454,-0.16274842,-0.01202861,0.01177132,-0.00888172
0.11926959,0.32935862,-0.93664162,0.15348951,-0.93815086,-0.3103444,-0.98092589,-0.10675004,-0.16244584,0.0099544,0.01042843,-0.0102503
0.11939424,0.32955765,-0.93655574,0.15350586,-0.93808762,-0.31052745,-0.98090817,-0.10669164,-0.16259117,0.00201406,-0.01244581,0.00140365
0.11969957,0.32970566,-0.93646456,0.15354966,-0.93804455,-0.3106352,-0.980864,-0.10661099,-0.16290942,0.00627801,-0.01202565,0.00192958
0.12004619,0.32985372,-0.93636815,0.15366839,-0.93799525,-0.31072602,-0.98080315,-0.10658874,-0.16329074,0.00595914,0.00143623,-0.00166553
0.120989042,0.330097817,-0.936160871,0.153883866,-0.937925075,-0.310831975,-0.980653609,-0.106452769,-0.164275473,-0.00780477421,-0.000496029796,0.00409464631
0.12136349,0.33019504,-0.93607802,0.15393028,-0.93790104,-0.3108809,-0.98059997,-0.10636118,-0.16465388,-0.00601891,-0.00128734,0.01518735
0.12183393,0.33049187,-0.93591214,0.15411819,-0.93779898,-0.31109559,-0.9805121,-0.10633911,-0.16519046,-0.0035815,-0.00308531,0.00466912
0.12219327,0.33078931,-0.93576025,0.15428111,-0.93769548,-0.31132709,-0.98044182,-0.10632805,-0.16561463,0.00849651,0.00636089,-0.00819639
0.12227606,0.33088857,-0.93571423,0.15432708,-0.9376602,-0.31140981,-0.98042415,-0.10632813,-0.16571828,0.00562782,0.00811982,-0.01217126
0.12246982,0.33093763,-0.93567156,0.15445026,-0.93763755,-0.31141707,-0.98038059,-0.10637556,-0.16594556,,,
0.12274611,0.33103644,-0.93560044,0.15467136,-0.93759073,-0.31144856,-0.98031122,-0.10648151,-0.1662874,-0.0130769,-0.00484532,0.00771224
0.12278747,0.3310861,-0.93557745,0.15469435,-0.93757322,-0.31148993,-0.98030242,-0.1064815,-0.16633933,-0.01170552,-0.00484133,0.00605705
0.12282883,0.33123484,-0.93551939,0.15461354,-0.937534,-0.31164819,-0.98031,-0.10636459,-0.16636957,-0.00812542,-0.00392067,0.00398989
0.12249638,0.33123716,-0.93556213,0.15453762,-0.93752939,-0.31169955,-0.98036355,-0.1063975,-0.16603249,-0.01824393,0.0035224,-0.00291179
0.12220523,0.33128897,-0.9355818,0.15448487,-0.93750717,-0.31179207,-0.98040813,-0.10643066,-0.16574722,-0.01145867,0.00250792,-0.00999739
0.12123523,0.33104652,-0.93579385,0.15439292,-0.93756293,-0.31167026,-0.98054309,-0.10669456,-0.1647768,0.0055035,0.00108826,-0.00407466
0.12095848,0.33064999,-0.93596989,0.15448384,-0.9376751,-0.31128793,-0.980563,-0.1069393,-0.16449985,0.00785938,-0.0032351,0.0065342
0.120945123,0.330351295,-0.936077026,0.154596254,-0.937761498,-0.310971301,-0.980546875,-0.107103563,-0.164488658,0.000433753012,-0.00525081111,0.00313171651
0.12098786,0.32990188,-0.93622998,0.15461552,-0.93791011,-0.31051316,-0.98053856,-0.10718739,-0.16448359,-0.0072468,0.00118494,0.00117614
0.12058665,0.32945488,-0.9364391,0.15453434,-0.93805254,-0.31012294,-0.98060076,-0.10731535,-0.16402857,-0.00492972,0.00663233,0.00286432
0.1202817,0.32925717,-0.9365479,0.15454251,-0.93810615,-0.30995698,-0.98063697,-0.10745432,-0.16372118,0.00114806,0.00928843,-0.0035713
0.11963005,0.32886133,-0.93677041,0.15448436,-0.9382198,-0.30964178,-0.98072584,-0.10767393,-0.16304315,0.00697006,-0.00145352,0.01434021
0.11939424,0.32856319,-0.93690514,0.15454716,-0.93830291,-0.3093587,-0.98074471,-0.10786038,-0.16280646,,,
0.119380666,0.328413154,-0.936959454,0.154503895,-0.938356666,-0.309217122,-0.980753162,-0.107849349,-0.162762719,0.00334253395,-0.00462233974,0.000854465994
0.119256005,0.328213898,-0.937045172,0.154487678,-0.938419723,-0.309033991,-0.980770908,-0.107907771,-0.162617202,-0.00776059832,0.000423312158,-0.00100261928
0.11925601,0.32826358,-0.93702769,0.15443564,-0.93840889,-0.30909238,-0.98077903,-0.10784938,-0.16260637,-0.00130316,0.00327802,0.00578935
0.11917287,0.32821364,-0.9370557,0.15433806,-0.93843294,-0.3090677,-0.98080444,-0.10779093,-0.16249137,-0.00183108,0.00375843,0.01004288
0.1186867,0.32811614,-0.93715167,0.15426751,-0.9384555,-0.30903525,-0.98087461,-0.10789368,-0.16199984,0.0133906,0.00342739,0.00654657
0.11849238,0.32801694,-0.93721103,0.15419711,-0.93848901,-0.30896893,-0.98090921,-0.10790475,-0.16178313,0.01349327,-0.00169921,0.00129664
0.11863145,0.32796602,-0.93721124,0.15414948,-0.93851602,-0.30891049,-0.98089987,-0.10782412,-0.16189334,0.00508339,-0.00737721,-0.00516568
0.1189234,0.32801418,-0.93715734,0.1540974,-0.93851635,-0.3089352,-0.98087266,-0.1076739,-0.16215764,0.00245577,0.00252199,-0.00462053
0.11903451,0.32806341,-0.93712595,0.15407028,-0.938507,-0.30897678,-0.98086339,-0.10760439,-0.16225941,0.0119953,-0.00447339,0.00894551
0.119339849,0.328261536,-0.937017731,0.154061599,-0.93845365,-0.309143122,-0.980827654,-0.107465389,-0.162567286,-0.000136370072,-0.00640279008,0.00681716762
0.12024187,0.32865563,-0.93676436,0.15404482,-0.93835824,-0.30944181,-0.98072024,-0.10709581,-0.16345774,-0.00231038,-0.00547516,0.00116282
0.12147633,0.3291959,-0.93641528,0.15394796,-0.93823453,-0.30986457,-0.98058327,-0.10651801,-0.16465236,0.00444728,0.00392151,-0.00255946
0.1218226,0.32944298,-0.93628338,0.15396294,-0.93816351,-0.31007196,-0.98053794,-0.10637917,-0.16501152,0.00141583,0.00441432,-0.00381468
0.122653985,0.329885505,-0.936018991,0.153945764,-0.938048567,-0.310428065,-0.980436994,-0.10602092,-0.165839869,0.00551109435,0.000218152985,-0.00156091026
0.12385827,0.33032484,-0.93570538,0.15407992,-0.93793135,-0.31071529,-0.98026447,-0.10568877,-0.16706691,-0.01066479,0.00487614,-0.01135214
0.124453497,0.330469246,-0.935575367,0.154125516,-0.9378997,-0.310787987,-0.980181878,-0.105517417,-0.167658511,-0.00836512074,-0.000501632632,-0.00903655961
0.12524168,0.33071172,-0.93538451,0.15424274,-0.93783474,-0.31092598,-0.98006306,-0.1053354,-0.16846579,,,
0.125752272,0.331156062,-0.935158789,0.154351337,-0.937693543,-0.311297817,-0.979980593,-0.105196618,-0.16903141,0.00234520203,0.000647067965,0.00722607691
0.1259174,0.33140382,-0.93504875,0.15439199,-0.93761249,-0.31152147,-0.97995295,-0.10513809,-0.1692277,0.00795731,0.01006555,0.00464953
0.12642738,0.33189712,-0.93480504,0.15444947,-0.9374603,-0.31195138,-0.97987832,-0.10494093,-0.16978202,-0.00565693,-0.00377423,0.00844133
0.12724062,0.33253631,-0.93446738,0.15455297,-0.93726453,-0.31248722,-0.97975663,-0.10466367,-0.17065246,,,
0.128189558,0.333472735,-0.934003963,0.154771536,-0.936961708,-0.313286766,-0.97959851,-0.104397128,-0.171720823,-0.00254749833,0.000860691012,-0.00807165541
0.12853131,0.33411621,-0.9337269,0.15489914,-0.93674408,-0.31387339,-0.97953348,-0.10429096,-0.17215514,0.00224168,-0.0087192,-0.001331
0.128806007,0.334362025,-0.933601099,0.154966507,-0.936664187,-0.314078815,-0.979486783,-0.104221672,-0.172462855,-0.000335988007,-0.00520944549,0.00117007084
0.1290934,0.33480636,-0.93340216,0.15502677,-0.93651851,-0.31448333,-0.97943943,-0.1041046,-0.1728023,0.00113885,0.0046581,-0.00195542
0.129118939,0.335154128,-0.9332738,0.155064192,-0.936398185,-0.314822938,-0.979430126,-0.10406775,-0.172877121,-0.0136884553,-0.00044655797,0.013608776
0.12932418,0.33540097,-0.93315664,0.15518129,-0.93630966,-0.31502805,-0.97938444,-0.10406774,-0.17313531,,,
0.12916992,0.33575115,-0.93305215,0.15524249,-0.93617951,-0.31538503,-0.97939518,-0.10411108,-0.17304909,-0.00524998,-0.00256246,-0.00425857
0.128671744,0.336004604,-0.933029741,0.155130299,-0.936087807,-0.315712256,-0.979478526,-0.104117934,-0.172572554,6.37422781e-05,0.0126245013,-0.00697978074
0.12842268,0.33615591,-0.9330096,0.15504834,-0.93603645,-0.31590504,-0.97952423,-0.1040922,-0.17232881,0.00311739,0.0068624,0.00323941
0.12793709,0.33650905,-0.93294892,0.15503224,-0.93590081,-0.31631393,-0.97959024,-0.1041689,-0.1719061,,,
0.12743867,0.33676214,-0.93292578,0.15491995,-0.93580885,-0.31664066,-0.97967293,-0.10417658,-0.17142928,,,
0.12736926,0.336812565,-0.9329171,0.154917643,-0.935789571,-0.316699046,-0.979682368,-0.104187608,-0.171368984,-0.00560701406,-0.00502496911,0.000124171842
0.12728722,0.33681228,-0.93292842,0.1547675,-0.93580271,-0.31673376,-0.97971678,-0.10407085,-0.1712433,,,
0.126984265,0.336715688,-0.933004513,0.154669238,-0.935834887,-0.316686317,-0.979771556,-0.104092947,-0.170915751,-0.0222839806,-0.00033068654,0.0140726659
0.126873803,0.336765958,-0.933001317,0.154591807,-0.935821883,-0.316762017,-0.97979801,-0.104045623,-0.170792285,-0.000240207068,0.0101160994,-0.00317954505
0.12614127,0.33687178,-0.93306249,0.15438361,-0.93578176,-0.31698238,-0.97992546,-0.10406504,-0.17004802,-0.01699784,0.00475597,0.00980893
0.12506101,0.33732758,-0.93304336,0.15406032,-0.93562236,-0.3176104,-0.98011491,-0.10402426,-0.16897873,0.00375906,-0.00114357,-0.01272327
0.12452072,0.33753063,-0.93304215,0.1539244,-0.93554802,-0.3178949,-0.98020501,-0.10403346,-0.1684493,0.00848769,0.00206709,-0.00251386
0.123648097,0.337736319,-0.933083711,0.153711443,-0.935468806,-0.3182305,-0.980348828,-0.104077075,-0.167582767,0.00853609852,0.000274658174,0.00305964216
0.123303344,0.337688481,-0.933146666,0.153486699,-0.935496542,-0.318257584,-0.980427481,-0.103983395,-0.167180472,-0.000203690026,0.00254058815,0.0107630324
0.123372897,0.337588993,-0.933173486,0.153540795,-0.935527279,-0.318141221,-0.980410276,-0.104030205,-0.167252351,-0.00511469273,-0.00055062765,0.00255935197
0.1230976,0.337441638,-0.933263146,0.153370199,-0.935585675,-0.318051846,-0.980471591,-0.103983341,-0.166921821,-0.00685140956,0.000105619423,0.00734940125
0.12243303,0.33744674,-0.93334869,0.15321638,-0.93557616,-0.31815377,-0.98057882,-0.10405179,-0.16624771,-0.00372556,0.00516081,-0.00554476
0.1220723,0.33749973,-0.93337676,0.15321208,-0.93554545,-0.318246,-0.98062444,-0.1041556,-0.16591312,-0.00112091,0.00251794,-0.01283753
0.12169873,0.33755128,-0.93340683,0.15300843,-0.9355358,-0.31837184,-0.9807026,-0.10407373,-0.16550148,0.00221829,-0.00398534,-0.00489068
0.12165752,0.33750195,-0.93343016,0.15298519,-0.93555389,-0.31833068,-0.98071146,-0.10407367,-0.16544995,-0.00649274,-0.00351495,0.00957743
0.121698729,0.337649898,-0.933371275,0.152904873,-0.93551341,-0.318488145,-0.980718864,-0.103957421,-0.165479082,-0.00376035389,0.000774621905,0.00862580538
0.121891918,0.337797142,-0.933292766,0.152925228,-0.935467941,-0.318611776,-0.98069168,-0.103887824,-0.165683627,0.000172169879,0.00102496136,-0.00880043954
0.12172429,0.33799715,-0.93324226,0.15294133,-0.93539194,-0.31882733,-0.98071002,-0.10392228,-0.16555366,-0.00463025,-0.00729173,0.00548801
0.121667438,0.338294847,-0.933141749,0.152879456,-0.935294551,-0.319142194,-0.980726669,-0.103829015,-0.165513123,-0.000894116703,0.00327777839,0.00438886974
0.12145855,0.33839618,-0.93313218,0.15292406,-0.93524751,-0.31925842,-0.98074557,-0.10392174,-0.16534256,0.00744298,0.00153971,-0.00466802
0.12215174,0.33834089,-0.93306187,0.15300546,-0.9352832,-0.31911566,-0.9806469,-0.10378301,-0.16601453,0.00495194,0.00506115,0.0068908
0.12302509,0.33823415,-0.93298574,0.15311501,-0.9353395,-0.31889748,-0.98052054,-0.10362175,-0.16685887,-0.00578174,-0.00572085,0.00896762
0.123938961,0.338225561,-0.932867904,0.153196355,-0.935366844,-0.318778252,-0.980392745,-0.103402936,-0.167743246,-0.0056282226,-4.24385034e-05,-0.00147576188
0.12416042,0.33827284,-0.93282132,0.15319605,-0.93535871,-0.3188023,-0.98036478,-0.10332193,-0.16795654,-0.01516059,-0.00340325,0.00190649
0.12426791,0.33876768,-0.93262741,0.15322818,-0.93518994,-0.31928163,-0.98034614,-0.10322836,-0.1681228,0.0046464,0.00544715,-0.00661931
0.124403741,0.339064442,-0.932501463,0.153342768,-0.935081162,-0.319545203,-0.980311006,-0.103239746,-0.168320641,0.00423332956,-0.0046860571,-0.000611881143
0.12459646,0.33916203,-0.93244022,0.15341535,-0.93504698,-0.31961024,-0.98027515,-0.10322835,-0.16853613,0.0098215,-0.00156724,0.00264376
0.125244082,0.339453457,-0.932247375,0.153584125,-0.934952627,-0.31980506,-0.980166177,-0.103124731,-0.16923185,-0.00122320349,-0.000788450183,0.00789053924
0.12621016,0.33964181,-0.93204851,0.15373459,-0.93490713,-0.31986606,-0.9800187,-0.10291775,-0.17020945,-0.00428173,-0.00145018,0.00427752
0.126541719,0.339687563,-0.931986769,0.153760606,-0.934900403,-0.319872534,-0.979971762,-0.102825682,-0.170534268,-0.00516482117,-0.000457048387,-0.00248846877
0.127163357,0.339926059,-0.931815247,0.153582871,-0.934859614,-0.320077461,-0.979919222,-0.102408761,-0.171086612,-0.0134853683,0.000534295978,0.00249870052
0.1272862,0.34026974,-0.93167305,0.15344731,-0.93476009,-0.32043308,-0.97992453,-0.10217603,-0.17119548,0.0081649,0.00865078,-0.01225482
0.12751939,0.34046509,-0.93156976,0.15349243,-0.93469647,-0.32059681,-0.97988712,-0.10210663,-0.17145063,0.00434438,0.00350714,-0.00350603
0.12850884,0.34114498,-0.93118499,0.15352795,-0.93449401,-0.32116956,-0.97975229,-0.10168982,-0.17246594,0.00494442,-0.00121212,0.00765811
0.12960764,0.34167581,-0.93083809,0.15374523,-0.93432776,-0.32154961,-0.97957354,-0.10143661,-0.17362709,-0.00772567,-0.00794852,0.0035272
0.130281066,0.341865304,-0.930674473,0.15389545,-0.934270782,-0.321643179,-0.979460592,-0.101322547,-0.174329325,-0.0111665158,-0.0105488887,-0.000945095904
0.13052574,0.34235511,-0.93046014,0.1538322,-0.9341167,-0.32212078,-0.97943798,-0.10108967,-0.17459157,,,
0.13057863,0.3426503,-0.93034401,0.15379829,-0.93401974,-0.3224177,-0.97943621,-0.10098446,-0.17466203,-0.00367481,0.00739098,-0.01402925
0.13057863,0.3426503,-0.93034401,0.15379829,-0.93401974,-0.3224177,-0.97943621,-0.10098446,-0.17466203,-0.00367481,0.00739098,-0.01402925
0.13121369,0.34343816,-0.92996402,0.15450284,-0.93369626,-0.32301688,-0.97924038,-0.10129787,-0.17557579,-0.0035617,-0.00224835,-0.01030088
0.13119693,0.34358827,-0.92991098,0.15467233,-0.93362605,-0.32313893,-0.97921591,-0.10143667,-0.17563242,-0.00447615,-0.00317526,-0.0043797
0.13060086,0.34355154,-0.9300084,0.15504051,-0.93357894,-0.32309826,-0.97923731,-0.1019921,-0.17519049,0.00153777,-0.00358528,0.00831247
0.1301435,0.34341371,-0.9301234,0.15541363,-0.93357125,-0.32294117,-0.97923906,-0.1025252,-0.17486926,-0.01579422,-0.00555688,0.01278946
0.130057141,0.343613892,-0.930061518,0.155580722,-0.933481004,-0.323121332,-0.979223964,-0.102675457,-0.174865374,-0.0124151288,0.000308513612,-0.000915518031
0.12955358,0.34401802,-0.9299825,0.15583621,-0.93329552,-0.32353441,-0.97925019,-0.10300991,-0.17452223,0.00281311,0.01005649,-0.0102881
0.12916004,0.34437171,-0.92990635,0.15616925,-0.9331229,-0.32387165,-0.97924913,-0.1033915,-0.17430247,,,
0.12918351,0.34452163,-0.92984757,0.15641399,-0.93304571,-0.32397601,-0.97920699,-0.1035888,-0.17442216,0.00120151,0.00878787,-0.00793613
0.1286677,0.34404333,-0.93009614,0.15739626,-0.93308854,-0.32337632,-0.97911749,-0.10478556,-0.17420951,-0.00303227,-0.00481248,0.01445756
0.12867937,0.34399597,-0.93011196,0.15764728,-0.93307836,-0.32328288,-0.9790755,-0.10502982,-0.17429785,-0.00817905,-0.0024848,0.01878422
0.12817487,0.34449663,-0.92999629,0.15779975,-0.93286892,-0.32381235,-0.97911708,-0.10524862,-0.17393168,0.00370205,0.00884712,0.00149775
0.12760041,0.34494907,-0.92990755,0.15805272,-0.93266241,-0.32428332,-0.97915129,-0.10559579,-0.17352803,,,
0.12739146,0.3450504,-0.92989872,0.15809688,-0.9326147,-0.32439972,-0.97917148,-0.10568834,-0.17335853,,,
0.127112806,0.34520166,-0.929880667,0.158138579,-0.932546811,-0.324574223,-0.979200914,-0.105792491,-0.173128254,0.0176755805,0.000126123414,0.00763979275
0.12710127,0.34490674,-0.92999166,0.15824804,-0.93263739,-0.32426036,-0.97918471,-0.10595548,-0.1731201,0.00377173,-0.00251329,0.01146301
0.127391458,0.344854718,-0.929971302,0.158302924,-0.932660662,-0.324166987,-0.979138184,-0.105921075,-0.173404496,0.000338634476,0.00300264335,0.0158332717
0.127872981,0.345046529,-0.929834033,0.158277045,-0.932614665,-0.324311763,-0.979079574,-0.105700687,-0.173869101,-0.0117388554,-0.000305175752,0.0138401408
0.127843916,0.34529238,-0.92974684,0.158143903,-0.93254232,-0.32458513,-0.979104959,-0.10553754,-0.173825822,0.00700468244,-0.000385403604,-0.00714694988
0.127814843,0.345391445,-0.929713975,0.15816525,-0.932504189,-0.324683851,-0.979105244,-0.105549038,-0.173816764,0.00647817552,0.00179696071,-0.000940551283
0.12818602,0.34553515,-0.92960951,0.1581649,-0.93246809,-0.32478795,-0.97905681,-0.10539831,-0.17418093,0.00425112,0.00203609,-0.00327816
0.128858651,0.345725717,-0.929445533,0.158316252,-0.932410241,-0.324879535,-0.978943938,-0.105282839,-0.174882959,0.000498851063,-0.00439619971,-0.00295011327
0.129159947,0.345821627,-0.929368165,0.15841657,-0.932377558,-0.324925296,-0.978888131,-0.105259964,-0.175209782,-0.00497280154,-0.00458145095,-0.0005623498
0.12993061,0.34596019,-0.92920912,0.15844661,-0.93235474,-0.32497589,-0.97878124,-0.10500572,-0.17595765,-0.0045496,-0.00389206,-0.01552931
0.130121637,0.346105827,-0.929128225,0.158469339,-0.932308686,-0.325097365,-0.978752251,-0.104936099,-0.176160826,0.000393300317,0.00172948826,-0.00492868526
0.13006355,0.346304,-0.92906236,0.15851226,-0.9322322,-0.32529476,-0.97875288,-0.10495881,-0.17614273,,,
0.1298661,0.34655349,-0.92899691,0.15860173,-0.93212771,-0.32555026,-0.97876457,-0.10506262,-0.17601557,0.01216133,0.0016582,0.00912373
0.13013794,0.34669944,-0.92890447,0.15877519,-0.93206828,-0.32563618,-0.97870039,-0.10510939,-0.17634462,0.00265334,0.0010972,-0.00499461
0.13043887,0.34679497,-0.92882662,0.15887591,-0.93203536,-0.32568144,-0.978644,-0.10508667,-0.17667095,0.00443637,-0.00368321,-0.00924704
0.13082052,0.34693968,-0.92871896,0.15907592,-0.93197765,-0.32574936,-0.97856063,-0.1051221,-0.17711161,-0.01847625,-0.005624,-0.00103128
0.13090131,0.34708626,-0.92865278,0.15907253,-0.93192958,-0.32588837,-0.97855035,-0.10506393,-0.17720271,-0.01170493,0.00309253,0.00273723
0.13076214,0.34713772,-0.92865316,0.159119,-0.93190129,-0.3259466,-0.97856141,-0.10514488,-0.17709364,-0.01643272,-0.00294548,0.01201388
0.12982357,0.34734494,-0.92870733,0.15895068,-0.93181112,-0.32628615,-0.97871369,-0.10525903,-0.17618173,0.00313291,0.00809467,0.01657014
0.129475379,0.347643982,-0.928644036,0.158886881,-0.931699677,-0.326635231,-0.978770168,-0.105258145,-0.175868196,0.00817000866,0.00923836138,0.000840406166
0.12940573,0.34779149,-0.92859844,0.15878163,-0.93165629,-0.32680965,-0.97879639,-0.10515338,-0.17578439,,,
0.129394392,0.347789886,-0.928600664,0.158581977,-0.931677963,-0.326845105,-0.978830299,-0.104967428,-0.175707024,-0.000251927413,-0.000599026622,0.00519384071
0.12941238,0.34768933,-0.92863586,0.15836092,-0.93173781,-0.32678195,-0.97886375,-0.10476999,-0.17563881,-0.00690495,0.00397098,-0.0014715
0.12925062,0.34754239,-0.92871337,0.15821374,-0.93179914,-0.32667828,-0.97890891,-0.10471186,-0.17542156,-0.0065386,0.00206959,0.01005657
0.12871795,0.34734979,-0.92885938,0.15796354,-0.93187356,-0.32658696,-0.97901948,-0.10468833,-0.1748174,-0.00568753,-0.00370336,0.00459665
0.12855599,0.34730048,-0.92890025,0.15771358,-0.93191152,-0.32659946,-0.97908106,-0.10451388,-0.17457675,0.00382148,0.0050993,-0.00420089
0.12832418,0.34720347,-0.92896857,0.15756411,-0.9319529,-0.32655358,-0.97913554,-0.1044674,-0.17429885,,,
0.128260885,0.346907437,-0.929087958,0.157398203,-0.932072363,-0.326292879,-0.979170572,-0.104386147,-0.174151086,2.27256678e-05,-0.00353652216,-0.00909949653
0.1283482,0.34665918,-0.92916852,0.15728257,-0.93217501,-0.32605506,-0.97917767,-0.10429344,-0.17416641,-0.01903616,-0.00443804,-0.00407356
0.1283482,0.34665918,-0.92916852,0.15728257,-0.93217501,-0.32605506,-0.97917767,-0.10429344,-0.17416641,-0.00777656,-0.00300682,-0.01338122
0.12812784,0.34666133,-0.9291981,0.15722989,-0.93217156,-0.32609013,-0.97921496,-0.10431651,-0.17394259,0.00109024,-0.01207954,-0.0017536
0.12824946,0.34675944,-0.92914469,0.15735292,-0.93212852,-0.32615369,-0.97917926,-0.10437462,-0.17410849,0.0100441,0.00449812,-0.00141482
0.12840017,0.34680728,-0.92910604,0.15740315,-0.93211206,-0.32617663,-0.97915145,-0.1043631,-0.17427184,0.00675678,0.00352526,-0.00530455
0.128904203,0.347001351,-0.928963727,0.157777422,-0.932022761,-0.326250663,-0.979024937,-0.104514461,-0.174890477,0.000691656023,0.00400602771,-0.00788223185
0.12973818,0.34704559,-0.92883109,0.15838517,-0.93197356,-0.3260967,-0.97881662,-0.10480592,-0.17587928,-0.00928924,-0.00686365,-0.00506126
0.13012004,0.347044,-0.92877833,0.15873931,-0.93195066,-0.32599031,-0.97870862,-0.10501578,-0.17635494,,,
0.13016047,0.34670265,-0.92890015,0.15917449,-0.93202513,-0.32556499,-0.97863257,-0.10548153,-0.17649901,-0.00611839,-0.00149131,0.01077747
0.13027049,0.34650644,-0.928958,0.15940646,-0.93207314,-0.32531434,-0.97858023,-0.10570303,-0.17665706,-0.03161099,-0.00533235,0.01766999
0.12952246,0.34637076,-0.92911318,0.15977553,-0.93205229,-0.32519302,-0.97861933,-0.10632973,-0.17606335,0.00360982,0.00513923,-0.00744882
0.129145003,0.346378036,-0.929162924,0.160144829,-0.931994939,-0.325175154,-0.978608766,-0.106805912,-0.175833062,9.88531974e-05,0.0162067395,-0.00145696802
0.12874927,0.34643672,-0.92919602,0.16078685,-0.93188905,-0.32516216,-0.97855569,-0.1075381,-0.17568252,0.01663497,-0.00897175,-0.0012025
0.12840078,0.34634434,-0.92927863,0.16113497,-0.9318695,-0.32504556,-0.97854417,-0.1080032,-0.17546089,0.0069053,-0.02090591,0.00656265
0.12815122,0.34629848,-0.92933019,0.16125824,-0.93186233,-0.32500513,-0.9785566,-0.10821235,-0.17526276,0.01383879,-0.00896853,0.00713105
0.127912561,0.346400638,-0.929324989,0.161426729,-0.931798684,-0.325103884,-0.978560038,-0.108433032,-0.175107041,0.000446754508,0.010168313,0.011901156
0.12760815,0.347193267,-0.929070996,0.161646839,-0.931484744,-0.325893072,-0.978563426,-0.108594798,-0.174987665,0.00914226472,0.00080060953,-0.004858125
0.12779139,0.34768516,-0.92886187,0.16183296,-0.93129862,-0.32633255,-0.97850878,-0.10861798,-0.17527885,-0.00980601,-0.00873351,-0.00533135
0.12816543,0.3483716,-0.92855298,0.1619906,-0.93105407,-0.32695093,-0.97843368,-0.1085131,-0.17576167,0.00327178,-0.01001346,-0.0076138
0.12761789,0.34891817,-0.92842323,0.16201598,-0.93083733,-0.3275553,-0.9785011,-0.1086175,-0.17532173,0.00583155,-0.00334853,0.01733818
0.12729814,0.34911741,-0.92839231,0.16193053,-0.93076415,-0.32780593,-0.97855697,-0.10860596,-0.17501737,0.00287049,0.00245047,0.0208005
0.12729814,0.34921505,-0.92835554,0.1618276,-0.930741,-0.32792223,-0.97857396,-0.10848966,-0.17499421,-0.011166,0.00554442,0.01830096
0.12684956,0.34971024,-0.92823058,0.16173093,-0.93055917,-0.32848579,-0.97864824,-0.10845529,-0.17460006,-0.00810548,0.00268221,-0.01245364
0.1258901,0.3502582,-0.92815455,0.16152568,-0.93035001,-0.3291782,-0.97880597,-0.10848052,-0.17369754,-0.0047634,0.00431883,-0.01627102
0.125570163,0.350408133,-0.928141241,0.161491543,-0.930287903,-0.329370086,-0.978852647,-0.108527933,-0.17340425,-0.00291042053,0.000409245462,-0.00642309384
0.12463942,0.35071022,-0.92815266,0.16141917,-0.93015214,-0.32978914,-0.97898359,-0.10871691,-0.17254499,-0.00516395,-0.00599146,0.0125199
0.12463942,0.35071022,-0.92815266,0.16141917,-0.93015214,-0.32978914,-0.97898359,-0.10871691,-0.17254499,-0.00516395,-0.00599146,0.0125199
0.12322635,0.3511609,-0.92817091,0.16101084,-0.92998129,-0.33046964,-0.97922966,-0.10872302,-0.17113886,,,
0.12360866,0.3515506,-0.92797256,0.16095333,-0.929864,-0.33082769,-0.97919095,-0.10846711,-0.17152248,-0.01125777,0.0103153,-0.01431802
0.12398001,0.35169497,-0.92786829,0.16095378,-0.92982708,-0.3309311,-0.97914391,-0.10831508,-0.17188657,-0.01424735,0.00178504,0.01056116
0.12397163,0.3521859,-0.92768322,0.16096269,-0.9296506,-0.33142242,-0.97914354,-0.1082354,-0.17193911,-0.01669296,0.00105417,0.00500289
0.12424315,0.352527,-0.92751722,0.16093059,-0.92954271,-0.33173985,-0.9791143,-0.10804954,-0.17222154,-0.00864675,0.00564563,-0.01106677
0.12443402,0.35267276,-0.9274363,0.16095365,-0.92949573,-0.33186077,-0.97908635,-0.10797949,-0.17242484,-0.00862616,0.01173115,-0.00923658
0.123952539,0.352480561,-0.927573827,0.160977816,-0.929542803,-0.33171717,-0.979143449,-0.108201628,-0.171960725,-0.00782021508,-3.18288767e-05,0.0119722309
0.12347075,0.35243454,-0.92765562,0.16084767,-0.92955471,-0.33174723,-0.97922575,-0.10825015,-0.17146115,-0.01339439,0.00855279,0.01101649
0.12280854,0.35248747,-0.92772339,0.16063683,-0.92953286,-0.33191046,-0.97934361,-0.1082651,-0.17077709,0.00393349,0.01004529,-0.00757723
0.12163402,0.35239684,-0.92791245,0.16052363,-0.92953111,-0.3319696,-0.97950866,-0.1085731,-0.16963052,0.00365364,0.00835538,-0.00277363
0.12128118,0.35205504,-0.92808843,0.16040556,-0.92965259,-0.33168682,-0.97957182,-0.10864317,-0.16922096,0.00824004,-0.0097022,0.02136027
0.122254117,0.352145422,-0.927926441,0.160141311,-0.929687899,-0.331715322,-0.979494073,-0.108045807,-0.170051154,-0.00209916895,0.000828742923,-0.019239774
0.123317774,0.352431194,-0.92767722,0.160022127,-0.929640791,-0.331905131,-0.979380258,-0.107519069,-0.171038064,0.00649894122,-0.000397086114,0.0064388467
0.12356831,0.35233116,-0.92768178,0.16005394,-0.92968269,-0.33177177,-0.97934338,-0.10748268,-0.17127117,0.00367058,0.00264299,0.00809554
0.12422765,0.35168842,-0.92783768,0.16015893,-0.9299268,-0.33103669,-0.97924288,-0.10747758,-0.17184867,,,
0.12451566,0.35099859,-0.92806022,0.16016038,-0.93018364,-0.33031335,-0.97920602,-0.10750931,-0.17203844,-0.01692506,0.00207555,0.00125216
0.12468509,0.35080054,-0.92811233,0.16014419,-0.93026243,-0.33009906,-0.97918709,-0.10747339,-0.17216842,-0.02009028,-0.00290537,-0.00511237
0.12389858,0.34997048,-0.92853101,0.15991146,-0.93055232,-0.32939453,-0.97932502,-0.10767123,-0.17125842,0.0046855,-0.00400221,0.00926802
0.12466781,0.34908131,-0.92876264,0.16030026,-0.93085421,-0.32835038,-0.97916374,-0.1079462,-0.17200525,-0.00988449,0.00553822,0.00616361
0.124873678,0.348194327,-0.929068017,0.160357393,-0.931169301,-0.327428578,-0.979128274,-0.108095688,-0.172114169,-0.00205652905,0.000448465318,-0.00953591336
0.12559449,0.3480408,-0.92902827,0.16042126,-0.9312441,-0.32718375,-0.9790255,-0.10794344,-0.17279217,-0.00720666,0.00240588,0.00841689
0.125704771,0.34813776,-0.928977086,0.160344605,-0.931222824,-0.327282284,-0.97902397,-0.107815516,-0.172881177,-0.00426753098,0.000434875459,-0.00595239596
0.12562388,0.34803975,-0.92902473,0.16029689,-0.93125941,-0.32720139,-0.97904214,-0.10781548,-0.17277809,,,
0.12542158,0.34779467,-0.92914382,0.16017781,-0.93135093,-0.32699906,-0.97908755,-0.1078155,-0.17252043,,,
0.12555012,0.3474982,-0.92923741,0.16018924,-0.931459,-0.32668567,-0.97906923,-0.10783841,-0.17261026,0.00519536,-0.00400174,0.00209213
0.12555012,0.3474982,-0.92923741,0.16018924,-0.931459,-0.32668567,-0.97906923,-0.10783841,-0.17261026,0.00519536,-0.00400174,0.00209213
0.12623701,0.34690043,-0.92936768,0.16011757,-0.93170333,-0.32602332,-0.97899262,-0.1076519,-0.17316026,0.00729535,-0.00278276,0.01391171
0.126284546,0.346603446,-0.929471994,0.159978256,-0.931824549,-0.325744985,-0.979009241,-0.10755877,-0.173123983,-0.000261361711,-0.00177955616,-0.00678653084
0.126203537,0.346554209,-0.92950126,0.159879171,-0.931849354,-0.325722069,-0.979035782,-0.107500677,-0.173009246,-0.00577949034,-0.00364422775,-0.000916537363
0.12698207,0.34664212,-0.92936248,0.15943638,-0.93189696,-0.32580316,-0.97900736,-0.10680307,-0.1736014,,,
0.1274117,0.34663701,-0.92930561,0.15934189,-0.93192552,-0.32576786,-0.97896695,-0.10657071,-0.17397189,-0.00834815,0.00115943,0.00466304
0.12785911,0.34648241,-0.92930187,0.15907802,-0.93202556,-0.32561098,-0.97895159,-0.10619918,-0.17428569,-0.01179933,0.00374007,0.00349282
0.12797585,0.34647722,-0.92928773,0.15858064,-0.93208561,-0.32568163,-0.97901702,-0.10568767,-0.174229,0.00652343,0.00175703,-0.00726752
0.127953127,0.346327712,-0.929346589,0.15833579,-0.932163546,-0.325577692,-0.979059623,-0.10549015,-0.174109284,-0.000728808343,-0.00491630984,0.00613700412
0.12795944,0.34612799,-0.9294201,0.15801811,-0.93226786,-0.32543316,-0.9791101,-0.10522298,-0.17398689,0.00443508,-0.01233745,0.00648064
0.12801764,0.34602758,-0.92944953,0.15787249,-0.93232096,-0.32535204,-0.97912603,-0.1050837,-0.17398179,,,
0.12772217,0.34607386,-0.92947288,0.15709438,-0.93237679,-0.32556822,-0.9792897,-0.10443271,-0.17345136,-0.01131732,0.00861168,-0.00814435
0.12768159,0.34607366,-0.92947849,0.15701913,-0.93238327,-0.32558569,-0.97930702,-0.10437465,-0.1733882,-0.0073589,0.00504756,-0.00957978
0.12771065,0.34607231,-0.92947507,0.15689483,-0.93239824,-0.32560323,-0.97932322,-0.10424684,-0.1733741,-0.00135729,-0.00257266,-0.00949319
0.12791955,0.34601974,-0.92946591,0.15679932,-0.93243458,-0.32554511,-0.97931124,-0.10409605,-0.17353222,0.00408946,-0.00539714,0.0016856
0.12801823,0.34591939,-0.92948966,0.15672889,-0.93248085,-0.32544641,-0.97930961,-0.10401482,-0.17359004,0.00339748,-0.01037979,0.00209502
0.12794281,0.34547486,-0.92966532,0.15651815,-0.93265587,-0.32504582,-0.97935313,-0.10392226,-0.17339956,-0.0105012,0.01019692,-0.0081089
0.12775131,0.34532905,-0.92974583,0.15649581,-0.9327021,-0.32492389,-0.9793817,-0.10399191,-0.17319633,-0.00801536,0.00857985,-0.01227249
0.12697922,0.34528774,-0.92986696,0.15636365,-0.93270198,-0.32498805,-0.97950324,-0.10413068,-0.17242414,0.00369195,0.00566578,-0.00303724
0.12632898,0.34534425,-0.92993451,0.1563544,-0.93265895,-0.32511575,-0.97958876,-0.10432785,-0.17181781,-0.0045487,-0.00170374,-0.00376487
0.12618964,0.3454444,-0.92991628,0.15634943,-0.93261938,-0.32523195,-0.97960756,-0.10435099,-0.17169689,,,
0.12577136,0.3455979,-0.92991588,0.15648917,-0.93253512,-0.32540616,-0.97963902,-0.10459501,-0.17136844,-0.00517801,-0.00321281,0.00380056
0.12548089,0.34555203,-0.92997218,0.15653733,-0.93253518,-0.32538286,-0.97966858,-0.10474605,-0.17110706,0.00413463,0.00422513,0.00562818
0.12521941,0.345407,-0.93006129,0.1565643,-0.93257323,-0.32526078,-0.97969772,-0.10488546,-0.17085459,-0.00139328,0.00801468,-0.00373748
0.124847422,0.345164896,-0.930201114,0.156668405,-0.932632639,-0.325039881,-0.979728498,-0.105152784,-0.170513025,0.00208593486,-0.000690102519,-0.00511138141
0.124765854,0.345017763,-0.930266751,0.156672603,-0.932680775,-0.324900404,-0.979738322,-0.105210837,-0.170421547,-0.0019482139,-0.00633567525,-0.00090748095
0.12407405,0.34482825,-0.93042952,0.15684646,-0.93270221,-0.32475486,-0.97979834,-0.10564093,-0.16980921,,,
0.123824047,0.344879932,-0.930443603,0.156866991,-0.932672406,-0.324830144,-0.979826624,-0.105734139,-0.169587419,-0.0117263552,-0.000335335702,0.00184207154
0.1234633,0.34498155,-0.93045398,0.15680982,-0.93262973,-0.32498091,-0.9798814,-0.10578109,-0.1692421,-0.01437736,0.00429416,0.00540031
0.12293402,0.34513484,-0.93046717,0.1569236,-0.9325438,-0.32517226,-0.97992969,-0.10603753,-0.16880113,0.00178836,0.00532079,0.00543387
0.122614,0.34518735,-0.93048996,0.15699328,-0.9325059,-0.32524762,-0.97995867,-0.10620074,-0.16853043,0.00242438,0.00336003,0.0035645
0.12266642,0.345188475,-0.930482621,0.157268151,-0.932477636,-0.325195757,-0.979908016,-0.106444672,-0.168670887,-9.0028625e-05,-0.00291967369,-0.00637464086
0.12270716,0.34504144,-0.93053172,0.1574983,-0.93250537,-0.32500434,-0.97986589,-0.10667682,-0.16876845,-0.0012677,-0.00126886,-0.00616176
0.12281771,0.34499167,-0.93053561,0.15757607,-0.93251855,-0.324929,-0.97983956,-0.10672312,-0.16889219,-0.00531306,-0.00264859,-0.0027514
0.12263734,0.34494418,-0.930577,0.15765075,-0.93252012,-0.32488825,-0.97985013,-0.10686275,-0.16874246,-0.00416055,0.00297904,0.00346768
0.12223576,0.34484903,-0.9306651,0.15772499,-0.93252995,-0.32482407,-0.97988837,-0.10708403,-0.1683798,0.00242422,0.00213397,0.00857895
0.122125169,0.344800636,-0.930697532,0.157750604,-0.932539764,-0.324783288,-0.979898016,-0.1071539,-0.168279021,0.00490675215,0.000385045976,0.00195944123
0.12216592,0.34460443,-0.93076483,0.15803249,-0.93257884,-0.3245338,-0.97984749,-0.10744414,-0.16838795,0.007388,0.00295818,-0.00221542
0.122416189,0.344356709,-0.930823715,0.158218619,-0.932654519,-0.324226059,-0.979786303,-0.10758311,-0.168655706,-0.00575304637,-0.000358581514,-0.000999204349
0.12232301,0.34386447,-0.93101781,0.15838533,-0.93280369,-0.32371445,-0.9797709,-0.10786187,-0.1685663,-0.00560197,0.00140357,0.01340655
0.122544175,0.343764855,-0.931025576,0.15854079,-0.932829805,-0.323563464,-0.979718182,-0.107954719,-0.168813586,0.00852458645,-0.00180077541,0.000527068507
0.12250342,0.34366652,-0.93106724,0.15856894,-0.93285932,-0.32346459,-0.97971873,-0.10801284,-0.16877327,0.0012032,0.0027442,0.00804702
0.12217165,0.34347194,-0.9311826,0.15869772,-0.9328999,-0.32328417,-0.97973928,-0.10828041,-0.16848207,0.00125695,-0.00165582,-0.00550784
0.12156603,0.34312991,-0.93138794,0.15865507,-0.93300005,-0.32301597,-0.97982151,-0.10850167,-0.16786034,-0.00917196,-0.00473434,0.00389586
0.12119309,0.3430824,-0.93145406,0.15855376,-0.93301346,-0.32302709,-0.97988412,-0.1085369,-0.16747175,0.00858928,-0.00150013,0.00603242
0.12116419,0.34313234,-0.93143928,0.15862649,-0.93298665,-0.3230679,-0.97987579,-0.10860676,-0.16747416,,,
0.12097171,0.34293599,-0.9315368,0.15865724,-0.93304435,-0.32288734,-0.97989478,-0.10873481,-0.1672813,,,
0.1212802,0.34234209,-0.93171507,0.15895664,-0.93322847,-0.32220698,-0.97980808,-0.10902498,-0.16759965,,,
