0,1,2,3,4,5,6,7,8,9,10,11,12,13,14
0.9413267,-0.0293547,0.3362177,0.00259681,-0.99555074,-0.0941906,0.33748674,0.08953722,-0.93706226,0.01124015,-0.0019899,-0.00675704,,,
0.94150265,-0.02943065,0.33571803,0.00250169,-0.99554161,-0.09428981,0.33699629,0.08961397,-0.93723143,-0.0043159,-0.00362033,0.00421266,,,
0.94153215,-0.02942916,0.3356354,0.00250001,-0.99554026,-0.09430397,0.33691386,0.08962931,-0.93725959,-0.0064292,0.00216919,0.0053989,,,
0.94150148,-0.0295155,0.33571387,0.00241664,-0.99554042,-0.09430395,0.33700018,0.08959861,-0.93723145,,,,,,
0.941484926,-0.0296575723,0.335747762,0.00230402773,-0.99553172,-0.0943990269,0.337047212,0.0896488328,-0.937209772,0.00489552924,-0.000662565231,-0.00185996876,,,
0.94155806,-0.02968223,0.33554043,0.00224319,-0.99553565,-0.09436064,0.33684326,0.0895987,-0.93728804,0.00692426,0.00207096,-0.00765913,,,
0.9417042,-0.02975959,0.33512321,0.00214965,-0.99552769,-0.09444535,0.33643511,0.08965998,-0.93742863,-0.00670571,-0.00468761,-0.00491132,,,
0.94174775,-0.02979975,0.33499723,0.00210457,-0.99552506,-0.09447356,0.33631345,0.08967529,-0.93747077,0.00227327,0.00387913,0.00224645,,,
0.94168765,-0.02988758,0.33515831,0.00202293,-0.99552646,-0.09445939,0.33648219,0.08962924,-0.9374145,0.0101967,0.00378352,0.00516639,,,
0.941641616,-0.0300311583,0.335274813,0.00191201053,-0.995519259,-0.0945404275,0.336611667,0.0896642501,-0.937364949,0.000480576302,-0.0046300292,0.0043174536,,,
0.941685191,-0.0300853616,0.335147536,0.00188099547,-0.995508857,-0.0946495093,0.336489913,0.0897604522,-0.937399356,-0.00379925733,-0.000145733356,0.00659485813,,,
0.94165449,-0.03017171,0.33522603,0.00179765,-0.99550899,-0.0946495,0.33657628,0.08972974,-0.93737127,-0.00309585,0.00124031,0.00741927,,,
0.94155071,-0.03026151,0.33550929,0.0018034,-0.99548966,-0.09484988,0.33686643,0.08991103,-0.9372494,0.00265097,-0.0016526,-0.00627428,,,
0.94146097,-0.03037895,0.33575044,0.00175171,-0.99547725,-0.09498342,0.33711745,0.09001131,-0.93714976,,,,,,
0.94141606,-0.03043769,0.33587101,0.00172585,-0.99547085,-0.09505013,0.33724295,0.09006138,-0.93709971,,,,,,
0.94131081,-0.03059833,0.33615128,0.00163255,-0.99545829,-0.09518363,0.33753708,0.09014617,-0.9369857,0.00781403,-0.00785983,-0.00292063,,,
0.941339079,-0.0306957303,0.336063247,0.00155990307,-0.995447994,-0.0952927825,0.337458591,0.090227046,-0.937006211,0.00720673148,-0.00274688005,0.000171205029,,,
0.94141225,-0.03074844,0.33585338,0.00152718,-0.99543612,-0.09541608,0.33725454,0.09033877,-0.93706879,0.00655631,0.00323325,0.00189048,,,
0.9414995,-0.03087081,0.33559749,0.00147923,-0.99540765,-0.09571507,0.33701112,0.09061211,-0.93713014,,,,,,
0.94155718,-0.03099469,0.3354242,0.00143296,-0.99538012,-0.09599999,0.33685013,0.09087013,-0.93716288,0.00117727,0.00182325,0.00734225,,,
0.94157127,-0.03105036,0.3353795,0.00140365,-0.99537101,-0.09609492,0.33681087,0.09095097,-0.93716916,,,,,,
0.941569968,-0.0311632446,0.335372686,0.00134678408,-0.995354121,-0.0962706836,0.336814745,0.0910972586,-0.937153568,0.00205699401,0.000541031361,-0.00459853746,,,
0.94153918,-0.03130578,0.33544587,0.00131989,-0.99532306,-0.0965941,0.33690093,0.09138988,-0.93709434,0.00361762,-0.00161564,0.00524508,,,
0.94156866,-0.03131823,0.33536195,0.00133217,-0.99531376,-0.09668896,0.33681848,0.09148605,-0.93711452,-0.00382425,0.00428563,0.0031841,,,
0.94127218,-0.03154527,0.33617193,0.00139207,-0.99525511,-0.09728924,0.33764587,0.09204363,-0.93676203,,,,,,
0.94122719,-0.03161819,0.33629105,0.00138052,-0.99524079,-0.09743672,0.33777133,0.09217435,-0.93670404,,,,,,
0.94118217,-0.03174738,0.33640485,0.00142549,-0.99519435,-0.09790722,0.33789657,0.09262807,-0.93661391,0.00579585,-0.00111914,-0.00874647,,,
0.94122451,-0.03191435,0.33627055,0.00133752,-0.99516643,-0.09819179,0.33777895,0.09287029,-0.93663234,0.00240124,0.00498921,-0.00298275,,,
0.941224511,-0.0319424645,0.336267883,0.00136576032,-0.995150474,-0.0983532766,0.33777884,0.0930317757,-0.936616384,0.000710849068,0.00276786089,0.00492454646,,,
0.94117949,-0.0320295101,0.3363856,0.00136837962,-0.995127962,-0.0985813699,0.33790426,0.0932430664,-0.936550194,0.00756863691,-0.000815331936,0.00118735107,,,
0.94109073,-0.03209071,0.336628,0.0014305,-0.99509989,-0.09886195,0.33815111,0.09351961,-0.93643337,0.00276559,-0.00423288,0.00166822,,,
0.941031517,-0.032122138,0.336790516,0.00146253389,-0.995086853,-0.0989950905,0.338315747,0.0936500678,-0.936361112,0.00356413145,-3.84449959e-05,-0.00593506917,,,
0.94098642,-0.03222335,0.33690684,0.00147939,-0.99505621,-0.09930378,0.33844109,0.09394193,-0.93628672,,,,,,
0.94097228,-0.03223808,0.3369449,0.00157941,-0.99502504,-0.09961237,0.33847993,0.09426465,-0.93624007,,,,,,
0.94095814,-0.03221056,0.33698702,0.001637,-0.99501827,-0.09967876,0.33851897,0.09434519,-0.93621781,,,,,,
0.940884719,-0.0322146379,0.337191573,0.00172674052,-0.994998066,-0.0998784374,0.338722539,0.0945563377,-0.936122845,0.00625392329,0.00015437603,-0.00223974814,,,
0.94087055,-0.03218716,0.33723373,0.00178437,-0.99499132,-0.09994494,0.33876159,0.094637,-0.9361006,0.00280703,0.00450712,-0.00373876,,,
0.94088604,-0.03214391,0.33719464,0.00182593,-0.99499127,-0.09994496,0.33871835,0.09465251,-0.93611471,,,,,,
0.94093118,-0.03211305,0.3370716,0.00187968,-0.99498152,-0.1000397,0.33859264,0.09476406,-0.93614876,,,,,,
0.9409776,-0.03199735,0.33695298,0.00201848,-0.9949732,-0.10012037,0.3384628,0.09489116,-0.93618291,-0.00422574,-0.0074985,0.00179406,,,
0.940977604,-0.0320114181,0.336951643,0.00203261044,-0.994964989,-0.100200976,0.338462715,0.0949717652,-0.936174696,-0.00262651942,-0.00458711386,-0.000384925806,,,
0.94096345,-0.03198393,0.33699379,0.00209024,-0.99495822,-0.10026748,0.33850172,0.09505243,-0.93615246,0.00487389,0.00255877,0.00117924,,,
0.94098022,-0.03186994,0.33695777,0.00223096,-0.99495138,-0.10033403,0.33845421,0.09516408,-0.93615847,,,,,,
0.94096605,-0.03184245,0.3369999,0.00228856,-0.99494438,-0.10040041,0.33849319,0.09524462,-0.93613601,,,,,,
0.94096735,-0.03178578,0.33700165,0.00240186,-0.99492937,-0.10054754,0.33848882,0.09542138,-0.9361197,,,,,,
0.94087971,-0.03173432,0.33725112,0.00252101,-0.9949186,-0.1006521,0.3387315,0.09555174,-0.93601873,0.00292348,-0.00496072,-0.00153366,,,
0.940850042,-0.0317360545,0.337333692,0.00252293163,-0.994919885,-0.100637836,0.33881386,0.0955361816,-0.935990345,0.0106368614,-0.00155937672,0.000546025578,,,
0.94091063,-0.03167593,0.33717029,0.00263235,-0.99490162,-0.1008133,0.33864471,0.09574385,-0.93603012,0.00305398,0.0088982,0.00223794,,,
0.941000805,-0.0315858759,0.336927001,0.00271151629,-0.994898572,-0.10084168,0.338393439,0.0958056849,-0.936114699,-0.00650547072,0.00448364019,0.000674967305,,,
0.940972444,-0.0315168726,0.337012662,0.00281263421,-0.99489301,-0.100893926,0.338471471,0.0958862965,-0.93607825,-0.00506395753,-0.000402092934,0.0028464552,,,
0.940869319,-0.0315087581,0.337301225,0.00289028056,-0.994882294,-0.100998398,0.338757383,0.0960011885,-0.935963152,0.00892734528,-7.30752945e-05,-0.00154080975,,,
0.94090022,-0.03146442,0.33721915,0.00301573,-0.99485734,-0.10124015,0.33867045,0.09627384,-0.93596659,,,,,,
0.9410638,-0.03144036,0.33676466,0.0030756,-0.99483372,-0.10147225,0.33821513,0.09652761,-0.9361053,-0.00365163,0.00445396,0.00138382,,,
0.94107922,-0.03143922,0.33672165,0.00315945,-0.99480859,-0.10171398,0.33817143,0.09678476,-0.93609436,,,,,,
0.94109465,-0.03140996,0.33668125,0.00321508,-0.99480012,-0.10179457,0.33812796,0.09688078,-0.93610007,,,,,,
0.941169249,-0.0313911199,0.336474424,0.0032807628,-0.994780556,-0.101984065,0.337919631,0.0970881589,-0.936153878,0.00759586878,0.000961840153,-0.00577382278,,,
0.94122839,-0.03141556,0.33630666,0.00330489,-0.99476106,-0.10217351,0.33775463,0.09728006,-0.93619352,,,,,,
0.94125796,-0.03141372,0.33622407,0.00330287,-0.99475963,-0.10218769,0.33767223,0.09729548,-0.93622167,,,,,,
0.94125796,-0.03144177,0.33622144,0.00333104,-0.99474298,-0.10234877,0.33767195,0.09745656,-0.93620502,-0.00117111,-0.00381953,0.00618398,,,
0.94127212,-0.03152533,0.33617398,0.00332976,-0.99471671,-0.10260456,0.3376325,0.09769819,-0.93619414,-0.00743478,0.00145394,0.00343622,,,
0.94124256,-0.0315412,0.33625526,0.00334587,-0.99470968,-0.10267085,0.33771475,0.09776324,-0.93615755,,,,,,
0.941137185,-0.0317169765,0.336533549,0.00326782199,-0.994687927,-0.102884135,0.338009049,0.0979278171,-0.936034147,0.00506876269,0.00505977869,0.000872048433,,,
0.94112176,-0.03180244,0.33656863,0.00326863,-0.99466285,-0.10312573,0.338052,0.09815399,-0.9359949,-0.00493598,-0.00323534,0.00159888,,,
0.94109091,-0.03190313,0.33664537,0.00319978,-0.99465492,-0.10320621,0.33813854,0.09820362,-0.93595862,0.00598265,-0.00141257,-0.00272459,,,
0.94119129,-0.03217875,0.33633832,0.00305038,-0.99460437,-0.10369355,0.33786037,0.09862142,-0.9360148,-0.00407082,0.00131947,0.00308499,,,
0.94117587,-0.03225014,0.33637466,0.0030371,-0.99458773,-0.10385455,0.33790348,0.098767,-0.93598401,-0.00652083,0.00536567,0.00701447,,,
0.94098152,-0.03244579,0.33689916,0.00297961,-0.99456154,-0.1041056,0.33844482,0.09896528,-0.93576733,0.00939998,-0.00185949,-0.00723316,,,
0.94094929,-0.03265941,0.33696852,0.002854,-0.99453511,-0.1043611,0.33853549,0.09916022,-0.93571388,,,,,,
0.941022688,-0.0326970689,0.33675985,0.00280621532,-0.99453095,-0.104403659,0.33833182,0.0991912327,-0.935784427,-0.00454353495,0.00425153971,-0.000780578936,,,
0.9411102,-0.03280419,0.33650479,0.002743,-0.99450827,-0.10462112,0.33808884,0.09938304,-0.93585189,,,,,,
0.94112433,-0.03287367,0.33645848,0.00272761,-0.99448996,-0.10479615,0.33804962,0.09954394,-0.93584903,,,,,,
0.941063808,-0.0329763596,0.336617697,0.00266096175,-0.994483245,-0.104862493,0.338218618,0.0995780236,-0.935784445,0.00498472666,0.000764191151,0.00168889074,,,
0.941076604,-0.0331166285,0.336568138,0.00254642013,-0.994471963,-0.104971124,0.338183882,0.0996429126,-0.935789966,0.0073526362,-0.000927090645,-0.00565229263,,,
0.94108938,-0.0332709,0.33651717,0.00244601,-0.994452,-0.10516026,0.33814904,0.09978833,-0.93578683,,,,,,
0.94107391,-0.03332829,0.33655479,0.00241867,-0.99444382,-0.10524069,0.33819233,0.09985328,-0.93576452,-0.00436599,0.00339395,-0.00347608,,,
0.94071268,-0.03371869,0.33752436,0.00213267,-0.99443931,-0.10528846,0.33919772,0.09976602,-0.93540975,,,,,,
0.94073958,-0.03390041,0.33743117,0.00197459,-0.99442651,-0.10541124,0.33912407,0.09983081,-0.93542942,0.00453459,0.00200564,-0.00251251,,,
0.94091614,-0.0339596,0.33693257,0.00186251,-0.99442491,-0.10542982,0.33863453,0.09982816,-0.9356072,,,,,,
0.94095846,-0.03408388,0.33680182,0.00173172,-0.99442081,-0.1054721,0.33851761,0.09982812,-0.93564966,,,,,,
0.94097114,-0.03421009,0.33675358,0.00160309,-0.99441773,-0.10550026,0.33848299,0.09981254,-0.93566352,,,,,,
0.94094008,-0.03431086,0.33683011,0.00153433,-0.99440935,-0.10558069,0.33856964,0.09986191,-0.93562696,0.00679876,0.0030213,0.00180704,,,
0.94092454,-0.03436825,0.33686768,0.00150702,-0.99440118,-0.10566114,0.33861296,0.09992683,-0.93560469,0.00880677,0.00779396,0.00301309,,,
0.94099643,-0.03450461,0.33665287,0.00138813,-0.9943867,-0.10579783,0.33841365,0.10002269,-0.93566644,0.00485153,-0.00262338,0.0044914,,,
0.9411289,-0.03458026,0.33627457,0.00137802,-0.99435342,-0.10610941,0.33804509,0.10032602,-0.93576708,-0.0033942,-0.00394994,0.00172138,,,
0.94111338,-0.03466564,0.33630923,0.00137884,-0.99432786,-0.10635052,0.33808831,0.10055162,-0.93572747,0.00727026,0.00396186,-0.00398348,,,
0.94106826,-0.03475304,0.33642644,0.00138189,-0.9943033,-0.10657759,0.33821386,0.10076169,-0.93565925,0.01107225,-0.00138009,0.00232642,,,
0.94111338,-0.03472167,0.33630343,0.00143516,-0.99429315,-0.10667203,0.33808806,0.10087313,-0.93569276,0.00315445,-0.00319785,0.00393533,,,
0.94114442,-0.03466289,0.33622264,0.00154612,-0.99427577,-0.10683275,0.33800116,0.10106489,-0.9357035,,,,,,
0.94110077,-0.0346795,0.33634306,0.00164825,-0.99424391,-0.1071259,0.33812218,0.10137065,-0.93562655,0.01112222,-0.00266474,-0.00119804,,,
0.94111629,-0.03466409,0.33630124,0.0017178,-0.99422654,-0.10728659,0.33807865,0.10154686,-0.93562324,0.00475067,0.004695,-0.00280472,,,
0.94123601,-0.03462717,0.33596982,0.00185003,-0.99418707,-0.10765013,0.33774449,0.10194574,-0.93570061,,,,,,
0.9413106,-0.03462157,0.33576136,0.00192899,-0.99415776,-0.10791916,0.33753611,0.10223313,-0.93574445,0.00253285,0.00623447,-0.00260078,,,
0.941385132,-0.0345879976,0.335555806,0.0019797969,-0.994145867,-0.108027537,0.337327896,0.102359849,-0.935805658,-0.00660655554,0.00418061018,-0.000922985142,,,
0.941445587,-0.0345269763,0.335392449,0.00208828705,-0.994126714,-0.108202192,0.337158488,0.102566872,-0.935844105,0.000296093756,-0.00353121758,-0.00938898418,,,
0.94147508,-0.03453885,0.33530842,0.0021,-0.99411645,-0.10829653,0.33707604,0.10266263,-0.93586334,,,,,,
0.941490551,-0.0344954108,0.33526945,0.00214137755,-0.994116237,-0.108296584,0.337032568,0.102678149,-0.93587717,0.000387914712,-0.00137376785,-0.0088184746,,,
0.94156496,-0.03444779,0.3350653,0.00217808,-0.9941129,-0.10832454,0.33682438,0.10272439,-0.93594683,-0.00942088,-0.0029462,0.00197513,,,
0.941580403,-0.0343904161,0.335027804,0.00220542236,-0.994121624,-0.108244278,0.336781036,0.102659568,-0.935969579,-0.000470061321,0.00815039873,0.00746819098,,,
0.941580403,-0.0343764927,0.335029246,0.00219142482,-0.994130538,-0.108164066,0.336781141,0.102579356,-0.935978492,0.00585337821,0.000907480717,0.0034994774,,,
0.94156637,-0.03432119,0.33507433,0.00222107,-0.99414058,-0.10806967,0.33682016,0.10249899,-0.9359731,-0.00760896,0.00430161,0.00264201,,,
0.94138939,-0.0343475748,0.335568559,0.00224892032,-0.994141176,-0.108065693,0.337314328,0.102486563,-0.935796709,0.00482683489,-0.000450968742,-0.00209216704,,,
0.94131487,-0.03439514,0.33577265,0.00221217,-0.99414416,-0.10803761,0.33752245,0.10244019,-0.93572658,0.00125858,-0.00331116,0.00418092,,,
0.941299397,-0.0344525327,0.335810148,0.00218484813,-0.994135469,-0.108117889,0.337565785,0.102504997,-0.935703832,-0.000798442867,0.000848472118,0.00680791354,,,
0.94124029,-0.03448465,0.33597251,0.00221754,-0.99412139,-0.10825042,0.33773037,0.10263469,-0.93563065,,,,,,
0.94101771,-0.03458451,0.33658517,0.00223449,-0.99410545,-0.10839262,0.33834992,0.10275147,-0.93539354,0.00597691,0.00116044,-0.00312825,,,
0.94095704,-0.034701436,0.336742707,0.00218224772,-0.994089649,-0.108539075,0.338518948,0.102865463,-0.935319919,0.0154416095,0.0029001832,0.000574755482,,,
0.94108958,-0.03473451,0.33636871,0.00212934,-0.9940821,-0.10860955,0.33815065,0.10292756,-0.93544634,,,,,,
0.94131203,-0.03469046,0.33575024,0.00216848,-0.99406253,-0.10878832,0.33753067,0.10313183,-0.9356478,-0.01011302,-0.00366527,0.00682263,,,
0.94123745,-0.034766,0.33595146,0.0021599,-0.99404798,-0.10892067,0.33773865,0.10324583,-0.93556009,,,,,,
0.94110222,-0.03495855,0.33631014,0.0020991,-0.99401759,-0.10919946,0.33811567,0.1034738,-0.93539877,0.01058933,0.00250179,-0.00146443,,,
0.94136677,-0.03503831,0.3355606,0.00200697,-0.99399363,-0.10942031,0.33737898,0.10367811,-0.93564226,-0.00652601,-0.00457156,0.00418795,,,
0.941366774,-0.0350662151,0.33555768,0.00203502166,-0.993975803,-0.109580777,0.3373788,0.103838569,-0.935624434,0.0079023065,0.000914871693,-0.00429377845,,,
0.9413358,-0.03518103,0.33563253,0.00198043,-0.99395795,-0.10974119,0.33746552,0.10396801,-0.93557851,0.00790483,0.00625092,-0.00354136,,,
0.94146934,-0.03517084,0.33525882,0.00205426,-0.99392505,-0.11003798,0.33709234,0.10428609,-0.9356777,-0.01038271,-0.00300384,0.00423858,,,
0.94135129,-0.03520732,0.33558635,0.00209188,-0.99391363,-0.11014225,0.33742166,0.10438456,-0.93554823,-0.0024946,0.00417143,-0.00346535,,,
0.94126123,-0.0353265,0.33582635,0.00204212,-0.99389904,-0.11027467,0.33767311,0.10448306,-0.93544649,0.00125739,0.00262743,-0.0052092,,,
0.941097861,-0.0354086669,0.33627525,0.0020408689,-0.993889069,-0.11036478,0.338128159,0.104550352,-0.935274613,0.00605531363,0.000945627689,-0.0146965813,,,
0.941037194,-0.035497729,0.336435577,0.00196060906,-0.993890576,-0.1103506,0.338297417,0.104503637,-0.935218389,0.00319037167,-0.000932812691,-0.00416983943,,,
0.94103719,-0.03549773,0.33643558,0.00196061,-0.99389058,-0.1103506,0.33829742,0.10450364,-0.93521839,,,,,,
0.94102165,-0.0355412,0.33647449,0.00191928,-0.99389085,-0.11035058,0.33834092,0.10448807,-0.93520459,,,,,,
0.94090169,-0.03563454,0.33679995,0.00184383,-0.99389583,-0.11030845,0.33867481,0.10441041,-0.93509256,0.0087886,-0.00234288,0.00144368,,,
0.94087055,-0.035721452,0.33687771,0.00176118114,-0.993895926,-0.110308419,0.338761733,0.104379246,-0.935064499,0.0108518833,0.00266557932,0.000401632162,,,
0.94085348,-0.03583565,0.33691322,0.00162077,-0.99390324,-0.11024229,0.33880981,0.1042679,-0.93505924,0.00672035,0.00595766,-0.00913464,,,
0.9408972,-0.03581886,0.33679292,0.00151837,-0.99393616,-0.10994973,0.33868888,0.10396277,-0.93513738,-0.00579108,-0.00191742,-0.00389588,,,
0.94092533,-0.03585949,0.33670999,0.00138872,-0.99395953,-0.10973707,0.33861127,0.10372199,-0.93519189,-0.00223306,0.00280076,0.00849516,,,
0.940894179,-0.035932394,0.336789252,0.00129198722,-0.993968524,-0.109656985,0.338698196,0.103610746,-0.935172766,8.78903084e-05,-0.00337606668,0.00414862996,,,
0.9408786,-0.0359618,0.33682962,0.00123656,-0.99397724,-0.10957666,0.33874166,0.10351485,-0.93516743,,,,,,
0.9408037,-0.03600943,0.33703371,0.00119993,-0.99398056,-0.10954862,0.33894979,0.10346817,-0.93509737,,,,,,
0.94066785,-0.03613193,0.33739955,0.00106881,-0.99399404,-0.1094261,0.33932703,0.10329423,-0.9349796,0.01392656,-0.0028882,-0.00595246,,,
0.940769418,-0.0361957178,0.337109443,0.000876694624,-0.994022185,-0.109175561,0.339045923,0.103004571,-0.935113945,0.00548177864,0.000279188156,-0.000928209163,,,
0.9408584,-0.0361474547,0.336866189,0.000827421299,-0.994043893,-0.108976931,0.338799031,0.102810592,-0.935224635,-0.0109491432,0.00445944071,0.0111366361,,,
0.940828744,-0.0361495018,0.336948785,0.000829754539,-0.994045408,-0.108962863,0.338881369,0.102794978,-0.935196493,-0.00406271731,0.00129061937,0.00372078689,,,
0.940663202,-0.0362739381,0.337397295,0.000700811907,-0.994060406,-0.108826349,0.339340894,0.102605393,-0.935050616,0.0116151003,0.000483810902,-0.00580162276,,,
0.940677265,-0.0363012496,0.337355139,0.000643029306,-0.994067605,-0.108760113,0.339302014,0.102525094,-0.935073441,0.00159893371,-0.00186681747,-0.0129066333,,,
0.940735067,-0.0363679024,0.337186756,0.000539308727,-0.994072022,-0.108722126,0.33914192,0.102460565,-0.935138796,-0.00367724709,0.00893336535,-0.00136475766,,,
0.940777201,-0.0364499004,0.33706031,0.000365982196,-0.994093654,-0.108523384,0.339025241,0.102219683,-0.935207295,-0.0065791714,0.000694811344,0.00213284045,,,
0.940580243,-0.0366328528,0.337589769,0.000125915473,-0.99412646,-0.108226379,0.339571498,0.101838102,-0.935051106,0.00320165069,-0.00500887632,0.00628144573,,,
0.940472185,-0.0368517734,0.337866859,-7.869619e-05,-0.994127778,-0.108212331,0.339870654,0.101744099,-0.934952422,0.0,0.0,0.0,0.0,0.0,0.0
0.940512706,-0.037046593,0.337732749,-0.000308805897,-0.994130552,-0.108188237,0.339758391,0.101648119,-0.935003866,0.00876302272,0.0106187463,0.00442163926,,,
0.940584527,-0.0371546837,0.3375208,-0.000456160823,-0.994133181,-0.108164124,0.339559351,0.101583538,-0.93508325,0.00442975434,-0.00332409143,-0.000308972434,,,
0.940696651,-0.0375137669,0.337168396,-0.000777172695,-0.99410304,-0.108436812,0.339248001,0.101744108,-0.935178556,0.00118716166,-0.00284951925,-0.00421638601,,,
0.94070896,-0.0376538976,0.33711842,-0.000891749669,-0.994091017,-0.108545023,0.339213576,0.10180865,-0.935183898,0.00500109,0.00152033567,-0.0038578941,,,
0.9408661,-0.03793943,0.33664756,-0.00120206,-0.99407706,-0.10867075,0.33877652,0.10183995,-0.93533902,0.00635274,0.00342256,0.00352501,,,
0.94128721,-0.03827739,0.33542991,-0.00163247,-0.99405624,-0.1088551,0.3376029,0.10191633,-0.93575491,-0.00554505,-0.00387168,0.00363863,,,
0.941474578,-0.0384898694,0.334879297,-0.00184630772,-0.994033347,-0.109060083,0.337078929,0.102059005,-0.935928184,-0.00820042007,0.000868141651,0.00773220789,,,
0.941483076,-0.038827319,0.334816449,-0.00210308765,-0.994000315,-0.109356476,0.337053693,0.102253123,-0.935916127,0.00501776487,0.00091201067,0.00032725546,,,
0.94150894,-0.03902264,0.33472102,-0.00224754,-0.99397788,-0.10955858,0.33698053,0.10239808,-0.93592677,0.01450208,0.00677997,-0.00187215,,,
0.94175276,-0.03932935,0.33399842,-0.00253753,-0.99394113,-0.10988473,0.33629645,0.10263672,-0.9361466,,,,,,
0.94198035,-0.03970699,0.33331122,-0.00284127,-0.99388629,-0.11037077,0.33565598,0.10302007,-0.93633416,-0.00892473,-0.0085569,0.00757764,,,
0.94199221,-0.03987464,0.33325769,-0.00292822,-0.99385637,-0.11063902,0.33562196,0.10324524,-0.93632172,-0.00682381,-0.01248568,0.00333777,,,
0.941908396,-0.0404293255,0.33342771,-0.00330624487,-0.993796742,-0.11116159,0.335853595,0.103601641,-0.936199158,-0.00328314072,0.0136075616,0.000896984828,,,
0.9418106,-0.04094269,0.33364125,-0.0036404,-0.99373848,-0.11167014,0.33612428,0.10395754,-0.93606247,0.01256512,-0.00537527,-0.00713999,,,
0.941820374,-0.0411950804,0.333582586,-0.00381241615,-0.993706204,-0.111951882,0.336094989,0.104166807,-0.936049796,0.00726349745,0.000415921211,-0.0144793717,,,
0.94188283,-0.04171115,0.33334205,-0.00423075,-0.993656,-0.11238206,0.33591493,0.10444044,-0.93608399,-0.00586253,0.00498968,-0.00629572,,,
0.94180026,-0.04215335,0.33351967,-0.00455144,-0.9936152,-0.11273,0.33614217,0.10465115,-0.9359789,0.00162394,-0.00538385,-0.00341673,,,
0.94169225,-0.0424006,0.3337932,-0.00472733,-0.99359774,-0.11287661,0.33644222,0.10471708,-0.93586372,0.00397204,0.00223285,-0.00550391,,,
0.941684825,-0.0433584542,0.333691052,-0.00555201259,-0.9935305,-0.113427397,0.336450367,0.1049602,-0.935833306,0.0030062506,0.00458985567,0.000304353773,,,
0.94168053,-0.04355561,0.33367752,-0.00569423,-0.99350844,-0.11361484,0.33646003,0.10508885,-0.93581557,0.01093363,0.01062876,-0.00300701,,,
0.94168323,-0.0440620369,0.333603382,-0.00612154256,-0.993468884,-0.113936839,0.336444953,0.105250242,-0.935802701,0.00544583844,-0.000593960285,0.00105427566,,,
0.941717328,-0.0444814702,0.333451452,-0.0064664004,-0.993429963,-0.114258626,0.336343065,0.105443097,-0.935817844,-0.00078427617,-0.00533038378,0.00418115407,,,
0.94169703,-0.04470823,0.33347848,-0.00666382,-0.99341651,-0.11436595,0.33639607,0.10547584,-0.93579531,-0.00226369,-0.00176966,0.00750054,,,
0.94166982,-0.04524447,0.33348294,-0.00706066,-0.99335944,-0.11483411,0.33646409,0.10578121,-0.93573605,0.00885314,0.00171822,-0.00734272,,,
0.94180512,-0.04569824,0.33303872,-0.00745738,-0.99331319,-0.11520965,0.33607663,0.10602144,-0.93584823,-0.00183106,0.00264198,0.00416096,,,
0.941901964,-0.0459158748,0.332734754,-0.00766543376,-0.993292816,-0.115370649,0.335800424,0.106117284,-0.935936412,-0.00587621424,0.000102639198,0.00502778124,,,
0.94193291,-0.04643354,0.33257527,-0.00808171,-0.99324132,-0.11578517,0.33570384,0.10637408,-0.93594195,-0.00187126,-0.00686496,0.00831405,,,
0.941787634,-0.0469787295,0.33290998,-0.00846797825,-0.993189922,-0.116198866,0.336101695,0.10661558,-0.935771804,0.00785566308,0.00138264894,-0.000775390537,,,
0.94179621,-0.04721691,0.33285197,-0.00865418,-0.99316445,-0.11639916,0.33607288,0.10674372,-0.93576712,0.0064377,0.0044952,-0.00824069,,,
0.94186937,-0.04777337,0.33256546,-0.00911713,-0.99310882,-0.11684018,0.33585557,0.10701614,-0.93581433,,,,,,
0.94193136,-0.04820381,0.33232771,-0.00945121,-0.99305687,-0.11725396,0.33567244,0.10730428,-0.93584698,,,,,,
0.94191347,-0.04886548,0.33228177,-0.00997733,-0.99299331,-0.11774742,0.33570741,0.10759259,-0.93580131,0.00407918,0.00117618,-0.0056434,,,
0.94196168,-0.04922707,0.33209167,-0.01029546,-0.99296167,-0.11798749,0.33556249,0.10772066,-0.93583867,0.00639775,0.00134259,-0.00257738,,,
0.94207355,-0.04938699,0.33175041,-0.0104768,-0.99295011,-0.11806738,0.33524267,0.10775247,-0.93594945,,,,,,
0.942299423,-0.050114136,0.330999055,-0.0111962609,-0.992896558,-0.118453273,0.334583987,0.107912499,-0.936166947,-0.00781881157,-5.27501106e-05,0.0030914105,,,
0.94230998,-0.05025367,0.33094784,-0.01131149,-0.99288243,-0.11855965,0.33455038,0.10797643,-0.93617146,-0.0011809,-0.00188524,-0.01001798,,,
0.9423283,-0.05060372,0.33084231,-0.01164092,-0.99286122,-0.11870581,0.33448746,0.10800853,-0.9361903,0.00356873,0.00815505,-0.00528783,,,
0.942378441,-0.0508529688,0.330661231,-0.0119019222,-0.992850232,-0.118771913,0.334336983,0.107992586,-0.936245902,0.00306156045,0.000859558582,0.00846849661,,,
0.942402086,-0.051033646,0.33056597,-0.0120611485,-0.992833732,-0.118891494,0.334264599,0.108056585,-0.93626409,0.0031344071,-0.000822842121,0.00419580052,,,
0.942438888,-0.0512554251,0.330426705,-0.0122643639,-0.99281532,-0.119024178,0.334153425,0.108120539,-0.936296365,0.00223545544,-0.0054808259,0.000135321578,,,
0.942459642,-0.0515344304,0.330324113,-0.0124949247,-0.992787111,-0.119236708,0.334086357,0.108248409,-0.936305697,0.000703646103,0.00641602278,-0.00255086063,,,
0.94242768,-0.05163517,0.33039953,-0.01256334,-0.99277638,-0.11931661,0.33417391,0.10829635,-0.93626863,0.00714843,0.00349516,-0.00448218,,,
0.942448347,-0.0519004823,0.330299025,-0.0128077212,-0.992757556,-0.119449292,0.334106373,0.108344409,-0.936287437,0.0101066502,0.00328141451,-0.000384392915,,,
0.942532912,-0.0519779085,0.33004544,-0.0129014511,-0.9927499,-0.119501816,0.333864116,0.108376328,-0.93637003,-0.00481680548,-0.00366312265,-0.000418252079,,,
0.94248779,-0.05203754,0.33016488,-0.01292589,-0.99274153,-0.11956858,0.33399053,0.10842425,-0.93631938,,,,,,
0.942326,-0.05213419,0.33061114,-0.01291111,-0.99272081,-0.11974256,0.33444731,0.10856797,-0.93613973,0.0080713,0.00178963,-0.00407078,,,
0.942381496,-0.0522277216,0.330438168,-0.0129881131,-0.992705618,-0.119862044,0.33428794,0.108664005,-0.936185746,0.00488109374,-0.000731229782,-0.00355146755,,,
0.942439797,-0.0522365514,0.330270446,-0.0129800792,-0.992692819,-0.119968072,0.334123842,0.108775749,-0.936231249,0.00509229768,0.000626385212,0.00360212196,,,
0.94241065,-0.05225266,0.33035105,-0.01296332,-0.99268491,-0.1200349,0.33420669,0.10883972,-0.93619419,-0.00425646,0.00318724,0.01051468,,,
0.94215081,-0.05223092,0.33109483,-0.01281064,-0.9926739,-0.12014299,0.33494439,0.10895128,-0.93591762,,,,,,
0.94190074,-0.05237619,0.33178266,-0.01274534,-0.99262938,-0.12051656,0.33564945,0.10928595,-0.93562589,0.00438717,-0.00371981,0.00343216,,,
0.94193001,-0.05240124,0.33169558,-0.01272043,-0.99260878,-0.12068952,0.33556823,0.10946177,-0.93563457,-0.00516711,0.00257331,0.00400967,,,
0.941884664,-0.0524609719,0.331814898,-0.0127447492,-0.992600404,-0.120756173,0.335694581,0.10950949,-0.935583701,-0.00141960266,0.00835996866,-0.000880967011,,,
0.9415753,-0.05261142,0.33266801,-0.0126733,-0.99255916,-0.12110294,0.33656404,0.10981154,-0.93523596,0.00294056,0.00120384,-0.00414843,,,
0.9415298,-0.05265739,0.33278946,-0.01271149,-0.99256008,-0.12108969,0.33668983,0.1097793,-0.93519424,0.00236252,0.00824183,-0.00745161,,,
0.94164726,-0.0526201193,0.332462858,-0.0127509865,-0.99257253,-0.120983013,0.336359691,0.109684092,-0.935324153,-0.000183097669,-0.00579535961,-0.00344593031,,,
0.94194037,-0.05258194,0.33163757,-0.01279397,-0.99256552,-0.12103535,0.33553636,0.10976512,-0.93561025,0.00603061,0.00238377,0.00434602,,,
0.94198283,-0.05260687,0.33151299,-0.01285478,-0.99257134,-0.12098196,0.33541482,0.10970141,-0.9356614,0.00611278,0.00139207,0.00638191,,,
0.94218749,-0.05257598,0.3309358,-0.01288912,-0.99256955,-0.12099432,0.33483819,0.10973386,-0.93586427,0.00686627,0.00487834,0.00405834,,,
0.94233344,-0.05256365,0.33052193,-0.01290375,-0.99256127,-0.12106008,0.33442664,0.10981398,-0.93600194,,,,,,
0.94239177,-0.05255874,0.33035636,-0.01290963,-0.99255805,-0.12108641,0.33426201,0.10984606,-0.93605706,-0.00508194,-0.00123411,0.00739934,,,
0.942434061,-0.0526246972,0.330225212,-0.0129288979,-0.992535202,-0.121272466,0.334142025,0.110021855,-0.936079369,0.00185969414,-0.000936925411,0.00543691777,,,
0.94250546,-0.05267448,0.33001343,-0.01296503,-0.99252006,-0.12139163,0.33393918,0.11013365,-0.93613851,,,,,,
0.94257683,-0.05276519,0.32979505,-0.01295972,-0.99247634,-0.12175035,0.3337379,0.11048501,-0.93616903,0.0020367,0.00440913,-0.00156603,,,
0.94257683,-0.05277883,0.32979284,-0.01294591,-0.99246649,-0.12183015,0.33373841,0.11056481,-0.93615918,-0.00193594,0.00339633,0.00457023,,,
0.942502584,-0.0528410916,0.329994986,-0.0129672291,-0.992459542,-0.12188368,0.333947186,0.110596562,-0.936080877,-5.68917021e-05,0.00375264883,0.00380260427,,,
0.94239915,-0.05291952,0.33027771,-0.01297171,-0.99244473,-0.12200392,0.3342388,0.11069212,-0.93596552,0.00161471,-0.00527871,0.00146799,,,
0.942324789,-0.0530091565,0.330475444,-0.0129652962,-0.992418672,-0.122217122,0.334448637,0.110883511,-0.935867993,-0.00605766103,-0.000742256641,0.00841799192,,,
0.94227957,-0.05306894,0.33059477,-0.01298955,-0.99241014,-0.12228376,0.33457508,0.11093122,-0.93581714,-0.00380756,0.00772697,0.00371405,,,
0.94218909,-0.0532021717,0.33083113,-0.0130241575,-0.992383273,-0.122496732,0.334828432,0.111106287,-0.935705596,0.00935182907,0.00565546751,-0.000644685002,,,
0.942114585,-0.0532918804,0.331028817,-0.0130176456,-0.992357123,-0.122709759,0.335038272,0.111297438,-0.935607848,0.000437083479,0.00490194559,-0.00264415261,,,
0.94206929,-0.05335171,0.33114808,-0.01304184,-0.99234867,-0.12277642,0.33516469,0.11134511,-0.93555701,,,,,,
0.94192009,-0.05347638,0.33155212,-0.01308423,-0.99233478,-0.12288319,0.33558208,0.11140804,-0.93539976,0.00544586,-0.00523126,-0.00183537,,,
0.9418879,-0.05359098,0.33162508,-0.01313856,-0.99231434,-0.1230427,0.33567033,0.11153536,-0.93535297,,,,,,
0.94191717,-0.05360217,0.33154011,-0.01312768,-0.99230289,-0.12313564,0.33558859,0.11163122,-0.93537079,-0.00400889,-0.00235808,0.00456598,,,
0.94190107,-0.05367319,0.33157436,-0.01314094,-0.99228282,-0.12329518,0.33563325,0.11177466,-0.93533755,,,,,,
0.9418425,-0.05370573,0.33173541,-0.01310715,-0.99226681,-0.12342833,0.33579889,0.11190195,-0.93526298,0.00307617,0.0044263,-0.01372783,,,
0.9418425,-0.05370573,0.33173541,-0.01310715,-0.99226681,-0.12342833,0.33579889,0.11190195,-0.93526298,,,,,,
0.941826393,-0.0537218614,0.331778538,-0.0131759721,-0.992285675,-0.123268856,0.335841376,0.111726356,-0.935268666,0.0073033981,0.00227075815,-0.000387587817,,,
0.94191717,-0.05361589,0.33153788,-0.01311379,-0.99229304,-0.12321542,0.33558912,0.111711,-0.93536094,0.00382809,-0.00134778,0.00475396,,,
0.94194645,-0.05359967,0.33145734,-0.01313068,-0.99230128,-0.12314897,0.3355063,0.11164747,-0.93539846,0.00121053,-0.00201684,0.00600639,,,
0.94203421,-0.05357831,0.33121127,-0.01315361,-0.99230591,-0.12310851,0.33525889,0.1116158,-0.93549085,-0.00115814,0.00494367,0.00131928,,,
0.94207953,-0.0535322,0.33108983,-0.01311556,-0.99230497,-0.12312176,0.33513304,0.11164806,-0.93553231,,,,,,
0.9420956,-0.0534886,0.33105112,-0.01307453,-0.99230537,-0.12312169,0.33508944,0.11166406,-0.93554585,0.00182379,0.0042854,-0.00313348,,,
0.94218326,-0.05345361,0.33080722,-0.01311127,-0.99231995,-0.12300174,0.33484145,0.11155288,-0.9356481,,,,,,
0.94225479,-0.05347588,0.33059982,-0.01317523,-0.99232389,-0.12296128,0.3346376,0.11150513,-0.93572649,0.00144351,0.00364739,0.00379552,,,
0.94228397,-0.05350069,0.33051263,-0.01315056,-0.99230292,-0.12313397,0.3345564,0.11168074,-0.93573469,-0.00488225,-0.00261164,0.00262599,,,
0.94220954,-0.05359043,0.33071021,-0.013144,-0.99227645,-0.12334705,0.33476621,0.11187191,-0.93563672,0.00484834,0.00544649,-0.00419247,,,
0.94218034,-0.05359297,0.33079297,-0.01314098,-0.99227797,-0.12333383,0.33484849,0.11185577,-0.93560905,0.00602967,0.00503904,-0.00876969,,,
0.94225186,-0.05360157,0.33058783,-0.01321881,-0.99229223,-0.12321378,0.33464415,0.11172843,-0.93569775,,,,,,
0.9423525,-0.05362127,0.33029761,-0.01328582,-0.99229448,-0.12318639,0.33435795,0.11169672,-0.93580358,,,,,,
0.94233645,-0.05365122,0.33033856,-0.01334067,-0.9923039,-0.12310678,0.33440102,0.11160107,-0.93579989,,,,,,
0.94229122,-0.05369737,0.33046006,-0.0133787,-0.99230498,-0.12309364,0.33452694,0.11156893,-0.93575868,0.00622736,0.0041669,-0.00593317,,,
0.94231744,-0.05377945,0.33037192,-0.01346685,-0.99230044,-0.12311981,0.33444952,0.11156888,-0.93578625,0.00320137,0.00440031,-0.00592345,,,
0.94237578,-0.0537607,0.33020853,-0.01348673,-0.99230683,-0.12306629,0.3342843,0.11152126,-0.93585098,-0.00185955,0.00203151,-0.00494953,,,
0.942404929,-0.0537171768,0.330132419,-0.0135312304,-0.992334203,-0.122840085,0.334200322,0.111298004,-0.935907502,-0.00589977298,-0.000716745853,-0.00303159445,,,
0.942359729,-0.0537223124,0.330260583,-0.0136107587,-0.992364324,-0.122587673,0.334324523,0.111026589,-0.935895375,0.00847651344,0.000236809254,-0.0024015333,,,
0.942343662,-0.0537522295,0.330301544,-0.0136656731,-0.992373284,-0.12250782,0.334367555,0.110930673,-0.935891225,0.00665228581,0.00154668093,0.000758369453,,,
0.9423276,-0.0537548,0.33034694,-0.01374825,-0.9924017,-0.12226843,0.33440943,0.11067522,-0.93590654,,,,,,
0.94228237,-0.05377352,0.3304729,-0.01381402,-0.992422,-0.12209571,0.33453415,0.11048347,-0.93588457,,,,,,
0.94228237,-0.05374616,0.33047734,-0.01384171,-0.99244123,-0.1219361,0.33453301,0.11032387,-0.9359038,,,,,,
0.942292488,-0.0538445219,0.330432464,-0.0139985806,-0.992455269,-0.121802603,0.334497961,0.11014809,-0.935936871,-4.46566846e-05,0.00649124384,0.00553376088,,,
0.94234785,-0.05389686,0.33026603,-0.0141173,-0.99246869,-0.12168232,0.33433699,0.1100046,-0.93601162,0.00846378,-0.00250733,-0.00291275,,,
0.94256184,-0.05396429,0.32964381,-0.01430871,-0.99248101,-0.12156054,0.33372511,0.10986155,-0.9362469,-0.00235872,-0.00446725,0.00237536,,,
0.94270824,-0.05430426,0.32916899,-0.01473577,-0.99247821,-0.12153108,0.33329272,0.10971779,-0.9364176,0.00601021,0.00124568,-0.00762031,,,
0.94281834,-0.0544228,0.32883391,-0.01495931,-0.99249457,-0.12136954,0.33297117,0.1095103,-0.9365562,,,,,,
0.94288938,-0.05444533,0.32862642,-0.01502307,-0.99249871,-0.12132871,0.33276707,0.10946257,-0.93663443,,,,,,
0.94294128,-0.05458247,0.32845472,-0.01522684,-0.99250873,-0.12122087,0.33261072,0.10930283,-0.93670857,,,,,,
0.94295117,-0.05466744,0.32841219,-0.01539735,-0.99253224,-0.12100723,0.33257483,0.10904723,-0.93675117,,,,,,
0.94296105,-0.05477959,0.32836513,-0.01554032,-0.99253651,-0.12095322,0.33254016,0.10895128,-0.93677455,0.00534327,0.00116247,-0.00546211,,,
0.94298075,-0.0549767,0.3282756,-0.01585382,-0.99256428,-0.12068537,0.33246949,0.10859956,-0.93684061,,,,,,
0.94294553,-0.05510766,0.32835481,-0.01606248,-0.99258859,-0.12045867,0.33255937,0.10831177,-0.93684215,,,,,,
0.94284599,-0.05538545,0.32859381,-0.01646323,-0.99262866,-0.12007194,0.33282188,0.10779963,-0.93680778,,,,,,
0.9428945,-0.05559379,0.32841937,-0.01676588,-0.99264479,-0.11989677,0.33266929,0.10754377,-0.9368914,,,,,,
