0,1,2,3,4,5,6,7,8,9,10,11
-0.33898138,-0.92607427,0.16576501,-0.85934176,0.37650345,0.34608797,-0.38291426,-0.02513141,-0.92344195,0.01792822,0.00989711,-0.01698832
-0.33872208,-0.92618045,0.16570188,-0.85959058,0.37622976,0.34576753,-0.3825851,-0.02531668,-0.92357332,0.00403405,0.00596988,-0.01144812
-0.338127222,-0.92632899,0.166086488,-0.859884868,0.375817492,0.34548414,-0.38245017,-0.0259976814,-0.923610407,-0.00745141692,-0.000279784203,-0.0087245889
-0.33794094,-0.92635753,0.16630567,-0.85997452,0.37572547,0.34536091,-0.38241296,-0.02630704,-0.9236169,-0.00810179,-0.00730354,-0.00680373
-0.33756487,-0.92644326,0.16659175,-0.86018275,0.37547904,0.3451103,-0.38227682,-0.02680223,-0.92365904,-0.02279418,-0.003272,-0.01002312
-0.33735986,-0.92661541,0.16604857,-0.86041649,0.37507593,0.34496589,-0.38193154,-0.02649328,-0.92381074,-0.00960692,-0.00170708,-0.01111675
-0.33712912,-0.92677129,0.16564623,-0.86057049,0.37470783,0.34498167,-0.38178806,-0.02624686,-0.92387694,0.00410723,0.00286639,-0.00848773
-0.33669247,-0.92709854,0.164701,-0.86095815,0.3739361,0.34485191,-0.38129936,-0.02569162,-0.92409452,0.0132702,0.01282108,-0.0088599
-0.33589894,-0.92757816,0.16361783,-0.861607,0.37277434,0.3444891,-0.38053309,-0.02526076,-0.92442234,0.01553642,0.01329696,0.00692408
-0.33539728,-0.92792552,0.16267333,-0.86199335,0.37194581,0.34441784,-0.38009979,-0.02470649,-0.92461524,0.019114,0.02617013,0.01941617
-0.3349036,-0.92825412,0.16181368,-0.86223187,0.37116542,0.34466264,-0.37999418,-0.02409213,-0.92467492,0.02397012,0.01995301,0.01021478
-0.33458021,-0.9284352,0.16144381,-0.86235234,0.37072813,0.34483196,-0.3800059,-0.02384749,-0.92467656,0.02428341,0.01949191,0.00918122
-0.33302551,-0.92910911,0.16078099,-0.86275514,0.36905119,0.3456225,-0.3804574,-0.02361355,-0.92449712,0.01501841,0.01224494,0.0016177
-0.33270574,-0.92926118,0.1605634,-0.8628461,0.36867568,0.345796,-0.38053062,-0.0234932,-0.9244699,0.01062746,0.01476753,0.00443701
-0.33214796,-0.92960873,0.15970362,-0.86308274,0.36783691,0.34609847,-0.38048105,-0.02288152,-0.92450553,0.01244027,0.00257313,0.00495869
-0.33201977,-0.92988766,0.15834056,-0.86320821,0.36720587,0.34645548,-0.38030827,-0.02165079,-0.92460626,0.01102973,0.00155926,-0.00216331
-0.33283178,-0.92979131,0.15719773,-0.86324921,0.36751401,0.34602637,-0.37950468,-0.02053224,-0.92496196,-0.0061438,0.00575078,-0.00265374
-0.333433283,-0.929540819,0.157404255,-0.863110153,0.368143976,0.345703445,-0.379292892,-0.0205881748,-0.925047573,-0.00740574673,0.0138026476,-0.000660843449
-0.333915384,-0.929299435,0.15780664,-0.862958707,0.36873918,0.345446986,-0.379213192,-0.0208305344,-0.925074721,-0.008484466,0.0064893961,-0.000558452215
-0.33423494,-0.92915503,0.15798001,-0.8628493,0.36909949,0.34533538,-0.37918047,-0.02088976,-0.92508671,-0.01046355,0.00599515,-0.0059018
-0.33518873,-0.92876374,0.15826002,-0.86251367,0.37008683,0.34511711,-0.37910222,-0.02082204,-0.92512036,-0.00456889,0.00424969,-0.00655185
-0.33523158,-0.92867579,0.15868486,-0.86245946,0.37028653,0.34503837,-0.37918766,-0.02119148,-0.92507695,-0.01508807,-0.00426626,-0.0069512
-0.335379,-0.92849211,0.15944686,-0.86231561,0.37071126,0.34494193,-0.37938461,-0.02180723,-0.92498201,-0.02562867,-0.00750029,-0.00292642
-0.33570721,-0.92832146,0.15974905,-0.86207598,0.3711347,0.34508543,-0.37963864,-0.02186813,-0.92487623,-0.01763706,-0.00280952,-0.00791378
-0.33584048,-0.9282436,0.1599221,-0.86196498,0.37132594,0.34515717,-0.37977315,-0.02192951,-0.92481976,-0.0170477,-0.01124322,-0.01051848
-0.33613523,-0.92806749,0.16032407,-0.86181134,0.37175127,0.34508286,-0.37986087,-0.02217459,-0.92477779,-0.02121866,-0.01093554,-0.00884798
-0.33652058,-0.92788671,0.16056224,-0.86163683,0.37219876,0.34503637,-0.37991572,-0.02223451,-0.9247539,-0.02317296,-0.0146445,-0.01334958
-0.33671103,-0.92781408,0.16058314,-0.86155499,0.37238359,0.3450414,-0.37993278,-0.02217199,-0.92474851,-0.02552293,-0.01091599,-0.01044521
-0.33724403,-0.92764143,0.16046134,-0.86137046,0.37283167,0.34501807,-0.37987813,-0.02186138,-0.92477819,-0.0155317,-0.00179374,-0.00589318
-0.33763783,-0.92738115,0.16113618,-0.86119149,0.37344952,0.34479655,-0.37993405,-0.02235275,-0.92474345,-0.01627563,0.00309587,-0.00235648
-0.33784106,-0.92721627,0.16165829,-0.86104057,0.37383645,0.34475417,-0.38009544,-0.02272223,-0.92466812,-0.01789807,0.00108039,-0.01054971
-0.33796172,-0.9270143,0.16256131,-0.86081673,0.37429507,0.34481542,-0.38049473,-0.02340106,-0.92448682,-0.01729146,0.00600755,-0.01351535
-0.33772215,-0.92704038,0.16290956,-0.86077564,0.37421082,0.34500928,-0.38080008,-0.02371126,-0.92435305,-0.01515931,0.00759363,-0.01243005
-0.33750325,-0.92712601,0.1628769,-0.86080716,0.37399873,0.34516079,-0.3809233,-0.02371271,-0.92430249,-0.01793981,0.0048908,-0.01585189
-0.336113912,-0.927699088,0.162486456,-0.861189255,0.372574446,0.345747527,-0.381287966,-0.0237210368,-0.924151942,-0.000745962374,0.00543618202,-0.0117335413
-0.33567517,-0.92784618,0.1625527,-0.86130548,0.37219579,0.34586563,-0.38141155,-0.023909,-0.92409588,-0.00242698,0.00742209,-0.00838999
-0.33485559,-0.92815344,0.16248903,-0.86154891,0.37141659,0.34609692,-0.38158219,-0.02409973,-0.9240205,0.00275005,-0.00112486,-0.00848646
-0.33403128,-0.92848059,0.16231705,-0.86183885,0.37058969,0.34626153,-0.38165014,-0.02422895,-0.92398919,-0.00278073,-0.00440001,-0.01052472
-0.33358355,-0.92866786,0.16216665,-0.86204841,0.37011598,0.34624659,-0.38156855,-0.02429334,-0.92402125,0.00231926,-0.00147974,-0.00873449
-0.3329405,-0.92894724,0.16188727,-0.86238601,0.36940981,0.34615993,-0.38136706,-0.02435863,-0.92410258,-0.00473693,-0.00230801,-0.0066614
-0.33268591,-0.92916426,0.16116453,-0.86286407,0.3688802,0.34553302,-0.38050732,-0.02410913,-0.9244637,-0.00521126,0.00559592,0.00623965
-0.332652425,-0.92914342,0.161352898,-0.862986477,0.368912324,0.345192678,-0.380258587,-0.0244161742,-0.924557784,0.000432358414,0.0140889883,-0.000447532948
-0.33248358,-0.92903638,0.16231451,-0.86301423,0.36911517,0.34490636,-0.38034331,-0.02540402,-0.92449635,,,
-0.33233908,-0.9289907,0.16287133,-0.86301337,0.36919148,0.34482691,-0.3804717,-0.02596069,-0.92442815,-0.01475928,-0.00682271,-0.00166313
-0.332036678,-0.929022331,0.163307404,-0.863007477,0.369081053,0.344959918,-0.380749123,-0.0263961844,-0.924301666,-0.0163311325,-0.00358325243,0.000140195247
-0.3318123,-0.92915811,0.16298974,-0.86301229,0.36876064,0.34529017,-0.38093338,-0.02609061,-0.92423419,-0.00465794,-0.00282061,0.00105506
-0.33177475,-0.92921933,0.16271695,-0.86303697,0.36862372,0.34537467,-0.38091016,-0.02584413,-0.92425068,,,
-0.33155909,-0.92926763,0.16288058,-0.86305675,0.36848874,0.34546928,-0.38105309,-0.02603168,-0.92418649,-0.00525263,0.00144625,-0.00498644
-0.33149292,-0.9290937,0.16400306,-0.86292361,0.3688558,0.34541001,-0.38141177,-0.0270211,-0.92400997,-0.01872297,0.00607514,-0.01120013
-0.33110682,-0.92911844,0.16464307,-0.86277255,0.36875674,0.34589314,-0.38208893,-0.02752197,-0.92371576,-0.00792023,0.0113008,-0.01614008
-0.3309488,-0.92918828,0.16456622,-0.86278532,0.36858507,0.34604413,-0.3821968,-0.02746243,-0.9236728,-0.00902726,0.0067848,-0.00467631
-0.330471031,-0.929386861,0.164404021,-0.86294275,0.36808354,0.346185188,-0.382254402,-0.0274670486,-0.923648596,-0.00319785019,0.00504410267,-0.000208766141
-0.32961523,-0.92973892,0.16413199,-0.86314265,0.36719738,0.34662781,-0.3825422,-0.02741551,-0.92353116,0.00651866,0.0038377,-0.0096728
-0.329137063,-0.929944626,0.163925551,-0.863281371,0.366680192,0.346829665,-0.382640652,-0.0273593532,-0.92349191,0.0045146374,-0.000630497932,-0.00586315524
-0.32897487,-0.9300191,0.16382884,-0.86337707,0.36649123,0.34679122,-0.3825643,-0.02736046,-0.92352357,0.00474132,0.00656605,-0.00383043
-0.32903728,-0.92999698,0.16382915,-0.86337784,0.36654745,0.34672991,-0.38250893,-0.02735938,-0.92354655,0.00457521,0.00829709,-0.00232155
-0.32916623,-0.92990874,0.16407057,-0.86338699,0.36675289,0.34648973,-0.3823772,-0.02760366,-0.92359378,,,
-0.32947385,-0.92981861,0.16396389,-0.8634375,0.3669864,0.34611642,-0.38199802,-0.02753624,-0.92375268,-0.00809929,-0.00093865,0.00193977
-0.329627744,-0.92977733,0.163888372,-0.863453512,0.367095749,0.345960426,-0.381828908,-0.027471804,-0.92382444,-0.00822094362,-7.79628754e-05,0.00141850463
-0.33004763,-0.92955742,0.16429092,-0.86330339,0.36763416,0.34576343,-0.38180592,-0.0277145,-0.92382686,-0.01363602,-0.00374544,-0.00771282
-0.330084953,-0.929503725,0.164519593,-0.863260776,0.367755913,0.345740358,-0.381870008,-0.0278996154,-0.9237948,-0.0172398426,-0.00799405575,0.000145230908
-0.33042494,-0.92925604,0.16523422,-0.86291836,0.36835297,0.34595938,-0.38234938,-0.02827001,-0.9235851,-0.02084119,-0.01445252,-0.00416527
-0.330657,-0.92910194,0.16563605,-0.86276595,0.36872256,0.34594577,-0.38249265,-0.02851573,-0.92351821,-0.03100421,-0.01800305,-0.00588545
-0.3316457,-0.92823493,0.16849591,-0.86189492,0.37074273,0.34595794,-0.38359889,-0.03049028,-0.9229962,-0.04757864,-0.01654088,-0.01250321
-0.33185746,-0.92798883,0.16943174,-0.86164198,0.37130177,0.34598842,-0.38398372,-0.03117063,-0.92281339,-0.05773725,-0.01840633,-0.0160018
-0.33196624,-0.92759005,0.17139096,-0.86116996,0.37216923,0.34623148,-0.38494733,-0.03265955,-0.9223603,-0.05783242,-0.01957738,-0.01546629
-0.33159837,-0.92734285,0.17342894,-0.86086494,0.37262812,0.34649641,-0.38594548,-0.03440123,-0.92187982,-0.06603401,-0.01759088,-0.0173533
-0.33136545,-0.92725465,0.17434354,-0.86069174,0.37277777,0.34676564,-0.38653146,-0.03514988,-0.92160609,-0.06338266,-0.02409196,-0.0244572
-0.33076406,-0.92718552,0.175847,-0.86048466,0.3728237,0.34722996,-0.38750652,-0.03646246,-0.92114559,-0.06618042,-0.03138411,-0.03946117
-0.33056121,-0.92707773,0.17679409,-0.86027933,0.37301759,0.34753035,-0.38813495,-0.03721225,-0.92085095,-0.06424757,-0.04085982,-0.04398755
-0.33066366,-0.9269559,0.17724054,-0.86014419,0.37328913,0.34757323,-0.38834703,-0.03752257,-0.92074888,-0.0624248,-0.04036295,-0.03813308
-0.33127671,-0.92657625,0.17807932,-0.85980879,0.37418099,0.34744417,-0.38856741,-0.03801401,-0.92063585,-0.04929164,-0.02927506,-0.03301954
-0.3320874,-0.92597611,0.17968278,-0.85933326,0.37554936,0.3471439,-0.38892673,-0.03912524,-0.92043728,-0.033882,-0.02436209,-0.02746704
-0.33254685,-0.92554786,0.18103562,-0.85898057,0.37649954,0.34698781,-0.38931364,-0.04011639,-0.92023137,-0.02733261,-0.02909517,-0.03294354
-0.33254685,-0.92554786,0.18103562,-0.85898057,0.37649954,0.34698781,-0.38931364,-0.04011639,-0.92023137,-0.02733261,-0.02909517,-0.03294354
-0.33437144,-0.92377455,0.18664413,-0.85737315,0.38038991,0.34671986,-0.39128854,-0.04409041,-0.91921101,-0.03760247,-0.02483261,-0.04374189
-0.334884,-0.92336306,0.18775768,-0.85701167,0.38130074,0.34661295,-0.39164177,-0.04483534,-0.91902444,-0.02538346,-0.02290314,-0.03527791
-0.33584131,-0.92262249,0.18967931,-0.85634418,0.38294198,0.34645351,-0.39228198,-0.04607736,-0.91869014,-0.0161005,-0.05056989,-0.04219534
-0.33701173,-0.92188176,0.19119884,-0.85583189,0.38460179,0.3458803,-0.39239616,-0.04706833,-0.91859113,-0.0310118,-0.02353835,-0.03929169
-0.33764162,-0.92155128,0.19168037,-0.85566691,0.38535531,0.34544959,-0.39221456,-0.04737639,-0.91865292,-0.02897377,-0.03493327,-0.03563212
-0.33877301,-0.92095746,0.19253555,-0.8555688,0.38668053,0.34420934,-0.39145193,-0.04811855,-0.9189394,-0.03413941,-0.04701227,-0.02562929
-0.34080962,-0.92011151,0.19298531,-0.85543805,0.38865119,0.34230961,-0.389967,-0.04842454,-0.91955445,-0.04235969,-0.0284906,-0.02202876
-0.3422772,-0.91967915,0.19244854,-0.85535032,0.38975045,0.34127754,-0.38887275,-0.04779939,-0.92005055,-0.04590927,-0.02437258,-0.02870462
-0.3436136,-0.91937494,0.19151827,-0.85546581,0.3905657,0.34005383,-0.38743745,-0.04699019,-0.92069751,-0.03942141,-0.04409981,-0.02046586
-0.34423273,-0.91926183,0.19094928,-0.85559505,0.39088401,0.3393624,-0.38660192,-0.04655563,-0.92107095,-0.03117595,-0.06083447,-0.02260472
-0.3455311,-0.91900589,0.18983212,-0.85576817,0.39159454,0.33810422,-0.38505701,-0.04562674,-0.92176408,-0.06520535,-0.07634956,-0.01154728
-0.34650937,-0.91898416,0.18814709,-0.85607268,0.39180218,0.33709139,-0.38349809,-0.04426225,-0.92248035,-0.0599587,-0.04395807,0.00191006
-0.34687532,-0.91898038,0.18749042,-0.85616488,0.39187377,0.33677394,-0.38296121,-0.04370415,-0.92273006,-0.04025547,-0.01499259,0.01165158
-0.34714992,-0.91893675,0.18719486,-0.85626991,0.39199628,0.33636384,-0.3824768,-0.04352061,-0.92293936,-0.00235458,-0.06537205,-0.01828285
-0.34712665,-0.91871543,0.1883212,-0.85632553,0.39238124,0.33577295,-0.38237351,-0.04470849,-0.92292546,-0.02448124,-0.0835501,-0.0588221
-0.34728772,-0.91849978,0.18907512,-0.85631687,0.39279956,0.33530572,-0.38224685,-0.04546065,-0.92294131,-0.05125357,-0.06949657,-0.05515102
-0.34797147,-0.91815564,0.18948845,-0.85639209,0.39354392,0.33423896,-0.38145542,-0.04597077,-0.92324329,-0.04268825,-0.06092918,-0.023231
-0.34890122,-0.91786673,0.18917804,-0.85625564,0.39426679,0.3337362,-0.38091199,-0.04554377,-0.92348873,-0.00906176,-0.07053077,-0.01635852
-0.34927807,-0.91766532,0.18946021,-0.8560947,0.39472065,0.33361274,-0.3809287,-0.04567227,-0.92347569,-0.01915296,-0.06796348,-0.03151058
-0.34984823,-0.91729489,0.19020016,-0.85566345,0.39554409,0.33374369,-0.38137394,-0.04598766,-0.9232761,-0.05176979,-0.02796817,-0.03674916
-0.34997959,-0.9171951,0.19043969,-0.85530288,0.39579038,0.33437537,-0.38206166,-0.04585904,-0.92299816,-0.01717612,-0.05581272,-0.02842417
-0.35011321,-0.91713967,0.19046102,-0.85466642,0.39599162,0.33576162,-0.38336128,-0.04522605,-0.92249037,0.02114228,-0.05816883,-0.04595072
-0.35046932,-0.91675999,0.19162996,-0.85399922,0.3968128,0.33648889,-0.38452079,-0.04572277,-0.92198302,0.01388079,-0.06195331,-0.06376927
-0.35053811,-0.91655985,0.19246077,-0.8537927,0.39720277,0.33655314,-0.38491704,-0.04634691,-0.92178681,0.00204024,-0.03498805,-0.03305684
-0.34977086,-0.91641618,0.19452985,-0.85378947,0.39728897,0.33645961,-0.38562158,-0.04840378,-0.92138659,-0.03533354,-0.04300183,-0.00118293
-0.34865445,-0.91673374,0.1950368,-0.85373275,0.39650351,0.33752832,-0.38675638,-0.04882855,-0.92088833,0.00628145,-0.02790678,-0.01092583
-0.34831206,-0.91701909,0.19430542,-0.85347221,0.39596606,0.33881562,-0.38763875,-0.04782069,-0.92057006,0.01978119,-0.02933258,0.00774541
-0.347255904,-0.917589818,0.193499542,-0.852855665,0.394814717,0.341699382,-0.389936355,-0.0463700314,-0.919673414,0.00055897719,0.0115497112,0.000226934382
-0.343202621,-0.918854445,0.194726207,-0.852446051,0.391766253,0.346200597,-0.394395127,-0.0471766148,-0.917729046,0.0371363983,-0.0231063962,3.29138711e-05
-0.33931486,-0.91974863,0.19730183,-0.85241258,0.38934117,0.34900761,-0.39781698,-0.04975911,-0.91611455,0.00963448,-0.05167252,-0.00128925
-0.33568844,-0.92073056,0.19891809,-0.8520003,0.38684408,0.3527706,-0.40175697,-0.05105725,-0.9143218,0.0091819,-0.02723199,0.03071271
-0.33423211,-0.92122933,0.19906147,-0.85157288,0.38568349,0.35506606,-0.40387198,-0.05084088,-0.91340172,0.03128579,-0.01772988,0.02435997
-0.33136448,-0.92207112,0.19995556,-0.85039893,0.38367913,0.36001652,-0.40867963,-0.05074528,-0.91126592,0.04466508,-0.01721406,0.00950084
-0.32788206,-0.92263462,0.2030728,-0.84902833,0.38205013,0.36495002,-0.41429953,-0.05275398,-0.90861032,0.03972361,-0.00309467,-0.01060727
-0.32576929,-0.9228669,0.2054038,-0.8484333,0.38122145,0.36719339,-0.41717499,-0.05465105,-0.90718124,0.02848694,0.00868142,-0.01284211
-0.321007726,-0.923633146,0.209417358,-0.847411142,0.37885502,0.371971942,-0.42290445,-0.0580567093,-0.904312404,0.0103466753,0.00035572052,-0.00350642018
-0.31633605,-0.9247999,0.21136808,-0.84645387,0.37576047,0.37725301,-0.42830733,-0.05957458,-0.90166703,0.00387696,0.05965555,0.00203824
-0.313983,-0.92554193,0.21162885,-0.84590528,0.37392327,0.38029675,-0.43111354,-0.05961125,-0.90032636,0.01310498,0.02484417,0.00981224
-0.30231428,-0.92878612,0.2143879,-0.84450319,0.36528195,0.39164186,-0.44206358,-0.0626523,-0.89479279,-0.02471464,0.04415298,0.01255723
-0.29101069,-0.93140639,0.21862031,-0.84305145,0.35768197,0.40165636,-0.45230185,-0.06742186,-0.88931278,-0.02053192,-0.01376009,0.01304484
-0.28292266,-0.93331492,0.22108339,-0.84123818,0.35218474,0.41022452,-0.46073088,-0.06992196,-0.88478119,-0.02089589,-0.04460609,-0.01632388
-0.27848915,-0.93440096,0.22212326,-0.8403427,0.34904232,0.41472119,-0.46504628,-0.07116432,-0.88242152,0.01234578,-0.04025346,0.00553048
-0.2687256,-0.93637917,0.22578892,-0.83866254,0.34274864,0.42328302,-0.47374224,-0.07561373,-0.87741147,-0.00234636,-0.01450783,0.02238428
-0.25804264,-0.93826779,0.23036411,-0.83678626,0.33623039,0.43213184,-0.48291079,-0.0812571,-0.87189137,-0.02857087,0.03012323,0.02829345
-0.25251113,-0.93933151,0.23215111,-0.83573182,0.3326445,0.43692081,-0.48763731,-0.08368865,-0.86902566,-0.00671181,0.03306043,0.00853262
-0.24093255,-0.94185158,0.23423708,-0.83374439,0.32439814,0.44680654,-0.49681152,-0.08764359,-0.86342154,0.02298171,-0.01101148,-0.01922719
-0.22876101,-0.94475829,0.23473456,-0.83252965,0.31483892,0.45581894,-0.50454228,-0.0911499,-0.85856216,0.01838553,-0.02612513,-0.01201929
-0.22263016,-0.94629665,0.23443245,-0.83217756,0.30972722,0.45994523,-0.50785473,-0.09269176,-0.85644146,0.00106853,0.01356447,0.02761784
-0.21099252,-0.94953343,0.23209613,-0.83107243,0.29925675,0.46879006,-0.51458815,-0.09397752,-0.85227199,0.02951037,0.02501869,0.0624768
-0.19965316,-0.95274498,0.22894453,-0.82913323,0.28877896,0.4786907,-0.52218453,-0.0942534,-0.84760815,0.00913743,-0.01178622,0.03999522
-0.19378909,-0.95421552,0.22785643,-0.82793339,0.28366811,0.48379615,-0.52628139,-0.09489553,-0.84499868,0.0151365,-0.0335114,0.02837791
-0.16828115,-0.95921194,0.2271426,-0.82210059,0.26371321,0.50458484,-0.54390433,-0.10182192,-0.83294666,0.02298037,0.01021445,0.00943334
-0.161860599,-0.960221104,0.227544605,-0.820373075,0.259086927,0.509766576,-0.548442461,-0.104160338,-0.829675504,0.0266242363,0.0207116604,0.000222261995
-0.14973137,-0.96204893,0.22812796,-0.81682259,0.25036995,0.5197266,-0.5571188,-0.10852069,-0.82331153,0.02666858,0.07136738,-0.01046648
-0.13841243,-0.96392172,0.22736954,-0.81347977,0.24159917,0.52903733,-0.56488287,-0.11173518,-0.81757115,0.08919777,-0.01400065,-0.00193091
-0.1329343,-0.96482642,0.22680016,-0.81200426,0.23723189,0.53326355,-0.56831101,-0.11327365,-0.81497941,0.11812689,-0.04274982,0.00780477
-0.12265521,-0.96617645,0.22684517,-0.80924628,0.22968414,0.54070845,-0.57452252,-0.11725289,-0.81004665,0.1363485,-0.05408162,-0.04356208
-0.11365511,-0.96707405,0.2277067,-0.80690957,0.22356495,0.54673182,-0.57963739,-0.12159986,-0.80575061,0.03529376,0.01690996,-0.03951672
-0.10971452,-0.96762955,0.22727867,-0.8058742,0.22044595,0.54951817,-0.58183271,-0.12286785,-0.8039738,0.03314563,0.01897085,-0.02889941
-0.10260509,-0.96907418,0.22442691,-0.80378626,0.21368657,0.55521681,-0.58600329,-0.1234232,-0.80085384,0.05262181,-0.02391529,0.0061044
-0.0953064,-0.97049499,0.22148601,-0.8012869,0.20681174,0.56139837,-0.59064023,-0.12396896,-0.79735539,0.06017238,-0.05889809,0.02552142
-0.09159397,-0.97113009,0.22026553,-0.7998195,0.20351498,0.56468614,-0.59321103,-0.12445082,-0.79536953,0.07399969,-0.05877686,0.00693526
-0.08486595,-0.97219845,0.21823797,-0.79648756,0.19779253,0.57138916,-0.59866952,-0.12533232,-0.79112982,0.12799343,-0.08562011,0.01764116
-0.0789339,-0.9725441,0.21892345,-0.79240614,0.19446114,0.5781673,-0.60486529,-0.1278393,-0.7859995,0.10251553,-0.01890099,0.02152981
-0.07619223,-0.97229972,0.22097056,-0.79004009,0.19407099,0.58152651,-0.60830204,-0.13026779,-0.78294246,0.06270718,-0.0040344,0.01671136
-0.07169948,-0.971503,0.22592237,-0.78444962,0.19481938,0.58879883,-0.61603392,-0.1350081,-0.7760636,-0.02096448,0.0277375,0.01094165
-0.0671428,-0.9707021,0.23071481,-0.7779016,0.19573061,0.59712533,-0.62478876,-0.13938077,-0.76825262,-0.02775329,0.03950262,0.01580409
-0.06434071,-0.97032399,0.23309104,-0.77441583,0.19586556,0.60159509,-0.6293967,-0.14180229,-0.76403638,-0.03385662,0.03862572,-0.00833541
-0.05744881,-0.96978983,0.23708105,-0.76763299,0.1947411,0.61058626,-0.63830975,-0.1469138,-0.75563032,-0.0373685,0.01817572,0.00614466
-0.05027426,-0.97019868,0.23703804,-0.76138863,0.1908278,0.61957414,-0.64634346,-0.14932943,-0.74829197,-0.05652124,0.04611683,0.029588
-0.04710132,-0.97081023,0.23517811,-0.75833399,0.18799711,0.62416862,-0.65016213,-0.14894434,-0.74505329,-0.0327431,0.07930744,0.01979627
-0.04168695,-0.97242804,0.22944666,-0.75258131,0.18161093,0.63296029,-0.65717838,-0.14629105,-0.73940197,-0.02018301,0.14713848,0.02102409
-0.03634926,-0.97396775,0.22375337,-0.74791359,0.17501338,0.64030898,-0.66280013,-0.14407343,-0.73480532,-0.0183968,0.17386067,0.04677705
-0.03361376,-0.97463811,0.22124809,-0.74596704,0.17179253,0.64344428,-0.66513407,-0.14341521,-0.7328225,-0.04667298,0.19590199,0.06079525
-0.02864937,-0.97578327,0.21685506,-0.7425132,0.16601714,0.64893172,-0.6692184,-0.14242623,-0.72928824,-0.06666179,0.25307572,0.08688422
-0.024182,-0.97651023,0.21410967,-0.7395908,0.16157412,0.65337525,-0.67262221,-0.14255361,-0.72612516,-0.05949101,0.30418134,0.07417026
-0.02252298,-0.97673163,0.21327948,-0.73830685,0.1600924,0.65518966,-0.67408886,-0.1427089,-0.72473342,-0.02177296,0.29667389,0.04798641
-0.02022779,-0.9770052,0.21225361,-0.73607286,0.15822235,0.65815072,-0.67659996,-0.14292117,-0.7223475,0.06018145,0.26023567,-0.00501595
-0.01937199,-0.97691596,0.21274337,-0.73487297,0.15819154,0.65949753,-0.67792791,-0.14356353,-0.72097361,0.05762948,0.2192601,-0.04237188
-0.02198139,-0.97700544,0.21207793,-0.73656108,0.159263,0.657353,-0.67601365,-0.14175878,-0.72312499,0.01549363,0.16581249,-0.02350813
-0.0253784159,-0.977291044,0.210376069,-0.739364648,0.159987534,0.654021297,-0.672826718,-0.138946588,-0.726634675,0.000831464306,0.113869071,-0.0417012349
-0.02723885,-0.97742796,0.20950552,-0.74100194,0.16041529,0.65206059,-0.67095015,-0.13748259,-0.72864553,-0.02213812,0.07823515,-0.03503378
-0.03107307,-0.97788611,0.20681677,-0.74432735,0.16073804,0.64818211,-0.66709161,-0.13379836,-0.73286199,0.00760576,0.01706517,-0.04773065
-0.03488257,-0.97818593,0.2047812,-0.74802953,0.1614389,0.64373067,-0.66274797,-0.13072737,-0.73734335,-0.00268877,-0.01263082,-0.03194193
-0.03659932,-0.97832367,0.20382202,-0.75006323,0.16166761,0.64130246,-0.66035276,-0.1294082,-0.73972155,0.00176433,-0.03242695,-0.01484895
-0.04261939,-0.97948303,0.19696858,-0.75775343,0.16017895,0.63257606,-0.65114773,-0.12229362,-0.74903336,-0.02633303,-0.10530746,0.02460174
-0.04393872,-0.97991877,0.19449543,-0.75911747,0.15931127,0.63115805,-0.64946896,-0.11991257,-0.75087338,0.0089097,-0.10174572,0.04291833
-0.04600421,-0.98025754,0.1922987,-0.76094306,0.15910514,0.62900812,-0.64718566,-0.11739134,-0.75323968,-0.03031556,-0.06910747,0.04118496
-0.04682463,-0.9800097,0.19336096,-0.76193512,0.16021855,0.62752282,-0.64595846,-0.11794498,-0.75420598,-0.06644315,-0.0556854,0.04098246
-0.04724675,-0.98016787,0.19245421,-0.76166701,0.16000217,0.62790335,-0.6462438,-0.11691961,-0.75412111,-0.04897171,-0.03237915,0.04866191
-0.04855233,-0.98110158,0.18730284,-0.76011646,0.157947,0.63029812,-0.6479704,-0.11176953,-0.75342016,-0.01665767,0.03276694,0.03856339
-0.05086437,-0.9818154,0.18289661,-0.7578672,0.1572145,0.63318305,-0.6504229,-0.10640484,-0.75208229,0.01393353,0.08213115,0.0116354
-0.05192646,-0.98181716,0.18258878,-0.75751812,0.15786456,0.63343906,-0.65074564,-0.10542205,-0.75194164,0.0103556,0.07862949,0.00622199
-0.054527403,-0.981717234,0.18236779,-0.75693334,0.159754339,0.633664304,-0.651213219,-0.103488185,-0.751805492,0.00535542332,0.063483119,-0.000790702878
-0.05780195,-0.98162905,0.18183305,-0.75602864,0.16199015,0.63417649,-0.65198125,-0.10081433,-0.75150302,0.00962601,0.0556047,-0.008729
-0.05944231,-0.98151565,0.18191636,-0.75556101,0.16333715,0.63438827,-0.65237573,-0.09973938,-0.75130408,-0.0079197,0.05699313,-0.016475
-0.06269513,-0.98120064,0.1825225,-0.75484402,0.16625814,0.63448294,-0.65290095,-0.09799699,-0.751077,-0.02410953,0.02222645,-0.0029608
-0.06604078,-0.98100646,0.18238649,-0.75426095,0.16874498,0.63451987,-0.65324492,-0.0956628,-0.75107891,-0.02014775,-0.01438713,0.01572929
-0.06774296,-0.98098397,0.18188305,-0.75389917,0.1697375,0.63468519,-0.65348835,-0.09412605,-0.75106153,0.00466387,-0.02510834,0.00263459
-0.07121874,-0.98097292,0.18061015,-0.75319455,0.17159788,0.63502136,-0.65393108,-0.09080916,-0.75108444,0.03371039,-0.04954684,-0.01605023
-0.07480143,-0.98076826,0.18027293,-0.75250788,0.17413697,0.63514422,-0.65432148,-0.08814709,-0.75106153,0.0272428,-0.04083431,-0.02709664
-0.07667814,-0.98057534,0.18053338,-0.75212232,0.17575225,0.63515591,-0.6545474,-0.08708057,-0.75098894,0.01984446,-0.04084831,-0.03257997
-0.08354273,-0.97951431,0.18322701,-0.75065734,0.18278806,0.63490309,-0.65538841,-0.08449911,-0.7505502,-0.04089998,-0.0134595,-0.02778814
-0.08492914,-0.97931293,0.18366596,-0.75040799,0.18413355,0.63480916,-0.65549589,-0.0839106,-0.75052255,-0.04964945,-0.01412725,-0.0182418
-0.08709769,-0.97915137,0.18351194,-0.75003702,0.18569015,0.63479419,-0.65563595,-0.08235165,-0.75057296,-0.05365748,-0.01499116,-0.02411337
-0.08849326,-0.97925062,0.18231015,-0.74987906,0.18596673,0.63489971,-0.65562959,-0.08052617,-0.75077633,-0.0155273,-0.03454816,-0.03081744
-0.08884887,-0.97935312,0.18158563,-0.74990231,0.18575808,0.63493344,-0.65555504,-0.07975837,-0.75092356,-0.00272062,-0.03758168,-0.03179269
-0.08922424,-0.9795238,0.18047753,-0.74998672,0.18530836,0.63496512,-0.65540745,-0.07870147,-0.75116384,0.00860358,-0.02730066,-0.0336374
-0.0896296,-0.97961571,0.17977617,-0.75009831,0.18514171,0.63488186,-0.65522434,-0.07794556,-0.75140226,0.010781,-0.02410614,-0.01708847
-0.08980849,-0.97961457,0.17969313,-0.75020318,0.1852084,0.6347385,-0.65507978,-0.07780143,-0.75154325,0.00621363,-0.02112919,-0.00861467
-0.09012302,-0.97953497,0.17996887,-0.75026015,0.18561423,0.63455248,-0.65497119,-0.07783561,-0.75163415,-0.01859729,-0.01314616,-0.0041998
-0.0906327875,-0.979591353,0.179405839,-0.750422054,0.185609253,0.634362616,-0.654715522,-0.07713604,-0.751929237,-0.0316730104,0.00697648525,8.93212855e-05
-0.09082331,-0.97972685,0.17856773,-0.75071514,0.18517397,0.63414303,-0.65435305,-0.07645853,-0.7523139,-0.01842129,0.0163821,-0.00362849
-0.09107847,-0.97994612,0.17722998,-0.7512522,0.18443598,0.63372204,-0.65370101,-0.07542601,-0.75298483,0.00279811,0.02605927,-0.00822576
-0.09134434,-0.98004536,0.17654245,-0.75166085,0.18414282,0.63332246,-0.65319378,-0.07484961,-0.75348212,-0.00194496,0.01487362,-0.00807912
-0.09277157,-0.9804424,0.1735682,-0.7537824,0.18305103,0.6311135,-0.65054232,-0.0722832,-0.75602214,0.00527544,0.00971544,-0.00227458
-0.0932428331,-0.980478748,0.173110259,-0.754258921,0.183056137,0.630542546,-0.649922469,-0.0717763744,-0.756603513,-0.00515557965,0.0048879385,0.000306806061
-0.0941881056,-0.980517119,0.172379518,-0.755147351,0.183197254,0.629437197,-0.648753419,-0.070886418,-0.757689901,-0.00757555244,-0.00131058693,0.000650028698
-0.09524168,-0.98049511,0.17192515,-0.75598959,0.18360468,0.62830644,-0.64761768,-0.07013263,-0.7587309,-0.01603557,-0.01078695,0.00766158
-0.0958202,-0.98048695,0.17165024,-0.75635787,0.18382321,0.62779916,-0.64710219,-0.06967316,-0.75921299,-0.01743696,-0.00967669,0.01081042
-0.09712972,-0.9804993,0.17084171,-0.75695341,0.18422661,0.62696257,-0.64620996,-0.06842251,-0.76008616,-0.00271047,-0.00463688,0.01503418
-0.09854823,-0.98049877,0.17003035,-0.75731888,0.18473713,0.62637069,-0.64556663,-0.06703945,-0.76075575,-0.01625504,-0.0017699,0.02105087
-0.0993336,-0.98050005,0.16956513,-0.75747736,0.18501507,0.62609693,-0.64526021,-0.06624924,-0.76108479,-0.02189071,-0.00135911,0.02312882
-0.10074885,-0.98053573,0.16852084,-0.75768931,0.18539322,0.62572855,-0.64479184,-0.06464499,-0.76161959,-0.03581041,0.00561798,0.02483953
-0.10223863,-0.98062207,0.16711557,-0.75767901,0.1856208,0.62567358,-0.64456945,-0.06265195,-0.76197438,-0.02017815,0.00217593,0.01791456
-0.10300014,-0.98065107,0.16647677,-0.75759432,0.18579577,0.62572424,-0.64454781,-0.06167219,-0.76207267,-0.02083093,0.01378667,0.00631696
-0.104396206,-0.980693622,0.165352507,-0.757438643,0.186146527,0.625808414,-0.644506115,-0.0599123537,-0.762248237,-0.0149104353,0.00622141361,-0.000613825396
-0.10631265,-0.98077303,0.1636517,-0.75738066,0.18651345,0.62576934,-0.64426094,-0.05741943,-0.76264727,-0.01280364,-0.00864857,-0.01530429
-0.1076055,-0.9809127,0.16196087,-0.75739766,0.18641003,0.62577957,-0.64402626,-0.05533146,-0.76299973,-0.0046905,-0.02186066,-0.01295823
-0.10881129,-0.98107419,0.16016671,-0.75751928,0.18616719,0.62570457,-0.64368042,-0.05324561,-0.76343969,0.01469992,-0.01899892,-0.02190249
-0.10930272,-0.98113435,0.15946275,-0.75759169,0.18608394,0.62564179,-0.64351209,-0.05242332,-0.76363871,0.0168911,-0.01630479,-0.02318223
-0.11019549,-0.98115737,0.15870475,-0.75783213,0.18625715,0.62529893,-0.64307654,-0.05136644,-0.76407728,0.011089,-0.023826,-0.0221361
-0.11122003,-0.9811216,0.1582105,-0.75814554,0.18669353,0.62478869,-0.64253055,-0.05045759,-0.76459704,-0.00945701,-0.01822042,-0.01572936
-0.11181373,-0.98111567,0.15782787,-0.75838614,0.18688128,0.62444037,-0.64214333,-0.04987344,-0.76496041,-0.01398522,-0.00707304,-0.00741062
-0.112819191,-0.981139548,0.156961174,-0.758828593,0.187058733,0.623849377,-0.6414443,-0.0487243911,-0.765620542,-0.0270914976,0.000799536705,-0.00670299586
-0.11353752,-0.98123274,0.15585639,-0.75918583,0.18687518,0.62346957,-0.64089452,-0.04753669,-0.76615532,-0.02285969,0.02086341,-0.01334568
-0.11381576,-0.98129734,0.15524701,-0.75940598,0.18668288,0.62325929,-0.64058462,-0.04695882,-0.76645053,-0.01406407,0.01653683,-0.0076319
-0.114836526,-0.981493004,0.153244859,-0.759739007,0.186164024,0.623008464,-0.640007143,-0.0448819512,-0.767056945,0.000791896018,0.00509440899,0.00396699319
-0.1151598,-0.98150831,0.15290368,-0.75970451,0.18619585,0.62304098,-0.63998995,-0.04441231,-0.76709856,0.00808357,0.0035702,0.00828043
-0.11590104,-0.98147497,0.15255728,-0.75949657,0.18655421,0.6231873,-0.64010296,-0.04363865,-0.7670487,0.00150132,0.00866628,0.00099025
-0.11874597,-0.98088758,0.15413891,-0.75881605,0.18976897,0.62304562,-0.64038852,-0.04297888,-0.76684753,-0.01172971,-0.00922954,0.00355757
-0.12064178,-0.98065722,0.15413221,-0.75867142,0.19121662,0.62277902,-0.64020544,-0.04180247,-0.76706531,-0.00528707,-0.02310711,-0.0046992
-0.12157075,-0.98059068,0.1538254,-0.75877429,0.19172216,0.62249822,-0.63990774,-0.04104113,-0.76735478,-0.0067097,-0.02413666,-0.01314004
-0.1220071,-0.98057827,0.15355878,-0.75906093,0.19186693,0.62210402,-0.63948459,-0.0406593,-0.76772776,-0.01483633,-0.02471101,-0.00814065
-0.12208372,-0.98064917,0.15304506,-0.75924367,0.19158766,0.62196723,-0.63925319,-0.04026642,-0.76794142,-0.00915415,-0.01874244,-0.00701935
-0.1222543,-0.98085366,0.15159136,-0.7594608,0.19078237,0.62194964,-0.63896255,-0.03909167,-0.76824386,,,
-0.12232925,-0.98108835,0.15000415,-0.7594475,0.18983369,0.62225612,-0.63896407,-0.03780016,-0.76830731,-0.00769329,0.00728643,-0.00241441
-0.12243258,-0.98119738,0.14920465,-0.75938695,0.18940889,0.62245947,-0.63901627,-0.03709476,-0.76829831,0.00379011,0.01602733,0.00239391
-0.12320875,-0.98125773,0.1481648,-0.75848038,0.18939206,0.62356886,-0.63994302,-0.03555094,-0.76759949,0.00757129,0.00802958,-0.01456902
-0.12355919,-0.98118761,0.14833722,-0.75821875,0.18978324,0.62376807,-0.64018543,-0.03539977,-0.76740431,0.01315177,0.0206269,-0.01568896
-0.12442997,-0.98094499,0.14921197,-0.75769473,0.19103178,0.62402373,-0.64063716,-0.03540989,-0.76702693,0.00276726,0.0292474,-0.01813753
-0.12533723,-0.98067915,0.15019638,-0.75750062,0.19235982,0.62385133,-0.64068975,-0.03558204,-0.76697491,-0.0075373,0.02078819,-0.02488377
-0.12584723,-0.98057992,0.15041743,-0.75761573,0.1928825,0.62355006,-0.64045358,-0.03548654,-0.7671765,-0.00994194,0.01425111,-0.01858215
-0.12698048,-0.98048434,0.15008801,-0.7581211,0.19350903,0.62274124,-0.63963142,-0.0347089,-0.76789774,-0.01402575,-0.00381202,-0.00795273
-0.127988,-0.98054716,0.14881664,-0.75893471,0.19342764,0.62177479,-0.63846475,-0.03336242,-0.7689277,-0.01245759,-0.00665069,-0.00281824
-0.12841913,-0.98059681,0.14811627,-0.75944346,0.19328684,0.62119709,-0.63777281,-0.03271235,-0.76952957,-0.01096684,-0.00688696,0.00120366
-0.12887275,-0.98073315,0.14681404,-0.76051048,0.19275571,0.62005571,-0.63640842,-0.03174535,-0.7706988,-0.00944574,-0.00954396,0.00842322
-0.12926845,-0.98082111,0.1458747,-0.76142368,0.19242061,0.61903809,-0.63523497,-0.03105031,-0.77169432,-0.01202243,-0.01369476,0.00417768
-0.12938662,-0.98085857,0.1455183,-0.76178129,0.1922688,0.61864529,-0.63478216,-0.0308087,-0.77207672,-0.01797897,-0.0105409,0.0063181
-0.12973679,-0.98093768,0.14467094,-0.76217953,0.19198415,0.61824306,-0.63423243,-0.03005637,-0.77255804,-0.00890911,-0.0049473,0.00584374
-0.13001517,-0.98097669,0.1441548,-0.76227579,0.19186829,0.61816022,-0.63405955,-0.02951546,-0.77272056,0.00502651,-0.00209987,0.00164364
-0.13022311,-0.98096288,0.14406121,-0.76212922,0.19197574,0.61830758,-0.63419307,-0.02927529,-0.77262014,0.00471142,-0.01074648,-0.0020369
-0.13051071,-0.9808802,0.14436404,-0.76175121,0.19240481,0.61864002,-0.63458809,-0.02923033,-0.77229757,0.00669668,-0.02104259,-0.01367642
-0.13102348,-0.98077634,0.14460504,-0.76137552,0.1929676,0.61892714,-0.63493319,-0.02900475,-0.77202238,0.01058766,-0.00594401,-0.01427504
-0.1311491,-0.98070475,0.14497654,-0.76119932,0.19330644,0.6190382,-0.63511858,-0.02916977,-0.77186376,0.00530067,0.00493014,-0.02002463
-0.13161051,-0.9803937,0.14665219,-0.76086134,0.19473397,0.61900623,-0.63542797,-0.03011426,-0.7715727,-0.02269012,0.02043235,-0.01028689
-0.13162088,-0.98035066,0.14692977,-0.76085432,0.19491765,0.61895694,-0.63543409,-0.03032445,-0.77155925,-0.02100752,0.01868713,-0.01015109
-0.13155618,-0.98028489,0.14742566,-0.76097465,0.19517531,0.61872776,-0.63530336,-0.03078968,-0.77164846,-0.01703362,0.01043212,-0.01194483
-0.13101172,-0.98023516,0.14823944,-0.76127332,0.19525655,0.6183347,-0.63505814,-0.03184164,-0.77180777,-0.00490117,0.01323152,-0.01410277
-0.13066392,-0.9801936,0.14881937,-0.76152047,0.19534326,0.61800276,-0.63483326,-0.03257827,-0.7719618,-0.00265268,0.01226592,-0.01327325
-0.13011627,-0.98018755,0.14933826,-0.76213008,0.1952185,0.61729032,-0.63421392,-0.03349562,-0.7724315,0.00663061,-0.00647289,-0.006396
-0.12993115,-0.98028932,0.14883062,-0.76283353,0.1947198,0.61657852,-0.63340565,-0.03342018,-0.77309771,0.00479041,-0.01432645,-0.00381108
-0.12997439,-0.98033914,0.14846457,-0.76316954,0.19450509,0.61623043,-0.63299195,-0.03320944,-0.77344565,0.00153034,-0.01348788,0.0024692
-0.130081366,-0.980399976,0.147967714,-0.763621092,0.194251652,0.615750699,-0.632425003,-0.0328935023,-0.7739226,0.000782850897,-0.01505512,0.00273833959
-0.13015672,-0.98031948,0.14843463,-0.76393646,0.19458608,0.61525382,-0.63202864,-0.03331518,-0.77422847,-0.00293346,-0.02054882,-0.00343903
-0.13031095,-0.98013302,0.14952632,-0.76416853,0.19537725,0.6147146,-0.63171616,-0.03415922,-0.77444659,-0.02574759,-0.0229764,0.00494897
-0.130443479,-0.980110281,0.149559721,-0.764089882,0.195504362,0.614771939,-0.631783924,-0.034084021,-0.774394602,-0.0180791952,-0.0198311806,-0.000268222764
-0.13036839,-0.98013576,0.14945865,-0.76401059,0.1953874,0.61490773,-0.63189541,-0.03402343,-0.77430643,-0.01673546,-0.0147242,-0.00218864
-0.130217902,-0.980172587,0.149347995,-0.763910866,0.195207721,0.61508862,-0.632046923,-0.0339929623,-0.774184017,-0.011790107,-0.0132231116,-0.000150523614
-0.13010324,-0.98025075,0.14893452,-0.76387301,0.19486208,0.61524524,-0.63211633,-0.03372163,-0.77413928,-0.00918475,-0.00331265,-0.00189063
-0.13006349,-0.98031718,0.14853064,-0.76385551,0.19457914,0.61535636,-0.63214546,-0.03342045,-0.7741283,-0.00331866,0.00444198,-0.00502584
-0.13002407,-0.98039053,0.14808111,-0.76380867,0.19426893,0.61551263,-0.63221034,-0.03307415,-0.77409041,-0.00685584,0.02289283,-0.01367439
-0.12973418,-0.980386,0.14836596,-0.76374977,0.19422785,0.61559883,-0.63234125,-0.03345029,-0.77396758,-0.01346464,0.01297128,-0.01837249
-0.12958355,-0.98039489,0.14843816,-0.76376784,0.19415662,0.61559877,-0.63235016,-0.0336008,-0.77395359,-0.00921311,0.01207507,-0.01337236
-0.12928262,-0.9804197,0.14853678,-0.76377451,0.1939869,0.615644,-0.63240371,-0.03385653,-0.77389871,0.00583594,0.00556576,-0.01789033
-0.12916767,-0.9804766,0.14826056,-0.76382499,0.19372251,0.61566456,-0.63236614,-0.03372112,-0.77393521,0.00604259,0.00338566,-0.01529543
-0.12913897,-0.98045795,0.14840886,-0.76397779,0.19378537,0.61545517,-0.63218742,-0.03390179,-0.77407333,-0.00177081,0.00985754,-0.01067533
-0.12922503,-0.980347462,0.149062083,-0.764227467,0.19424802,0.614999117,-0.631867889,-0.0344439974,-0.774310146,-0.00937984046,0.00180518627,-0.000572710298
-0.12930036,-0.98029432,0.14934629,-0.76442486,0.19447331,0.61468257,-0.63161373,-0.0346853,-0.77450681,-0.01220203,-0.00112474,0.00286121
-0.129400266,-0.980263514,0.14946207,-0.764955817,0.194593424,0.613983651,-0.630950129,-0.0348822053,-0.77503871,-0.00590694789,-0.00634741783,0.000751748215
-0.12948883,-0.98029041,0.14920864,-0.76543413,0.19447654,0.6134243,-0.63035157,-0.03477775,-0.77553027,-0.00776776,-0.00489533,-0.00484248
-0.12949026,-0.98030273,0.149126,-0.76619258,0.19438408,0.61250598,-0.62942906,-0.03494561,-0.77627151,-0.00494909,-0.00504768,-0.00411772
-0.12891324,-0.98040756,0.14893731,-0.76720855,0.19376442,0.61142974,-0.62830911,-0.03544457,-0.77715585,-0.00104805,-0.01436019,-0.01180703
-0.12852539,-0.98056171,0.1482558,-0.76769423,0.19301302,0.61105761,-0.62779503,-0.03527866,-0.77757863,0.00635659,-0.00108778,-0.02029903
-0.12832279,-0.98064566,0.14787629,-0.76784823,0.19261134,0.61099099,-0.62764831,-0.03514249,-0.77770347,0.00631517,-0.00291169,-0.0202675
-0.12800893,-0.98078773,0.14720485,-0.76835382,0.1919225,0.61057206,-0.62709348,-0.03494676,-0.7781598,-0.00416592,-0.0023905,-0.005185
-0.12779819,-0.98090898,0.14657778,-0.76884469,0.19134236,0.61013592,-0.62653438,-0.03472124,-0.77861986,-0.00784664,-0.00459659,0.00261098
-0.12769872,-0.98095828,0.14633433,-0.76904279,0.1911031,0.60996121,-0.62631148,-0.03464606,-0.77880251,-0.01019359,0.00131571,0.00624818
-0.1275037,-0.98115379,0.14518925,-0.76932994,0.19022462,0.60987371,-0.6259985,-0.03393725,-0.77908533,-0.00178852,0.00146878,-0.00553794
-0.12747463,-0.98118309,0.14501717,-0.76927667,0.19009795,0.60998048,-0.62606999,-0.03380129,-0.77903393,-0.00400509,-0.00508261,-0.00292209
-0.12741185,-0.9811923,0.1450099,-0.76907383,0.19005584,0.6102493,-0.6263319,-0.03377033,-0.77882469,-0.0049387,-0.00126135,-0.00514788
-0.12751145,-0.98115681,0.14516152,-0.7688171,0.19024121,0.61051483,-0.62662654,-0.03375495,-0.77858804,-0.00814312,-0.00353205,-0.00416694
-0.12751153,-0.98117041,0.1450698,-0.76875854,0.19018728,0.61060541,-0.62669843,-0.03366437,-0.77853419,-0.010479,-0.00618339,-0.00285717
-0.127499281,-0.981240088,0.144608842,-0.768648116,0.189896733,0.610834861,-0.626836422,-0.0332722808,-0.778440035,-0.00231097103,-0.00823485851,-0.000830383971
-0.12745784,-0.98135206,0.14388407,-0.76842569,0.18942499,0.6112611,-0.62711758,-0.0326542,-0.77823984,-0.00156312,-0.00371528,-0.01326192
-0.127474547,-0.981398867,0.143549373,-0.768339318,0.189233953,0.611428773,-0.627219937,-0.032353,-0.778169843,-0.000708281528,-0.00426757336,-0.0111042801
-0.127432942,-0.981489979,0.142962297,-0.768204834,0.188842825,0.611718632,-0.627393122,-0.0318712099,-0.77805014,-0.000300368061,0.00414907932,-0.00555267092
-0.127537201,-0.981503342,0.142777119,-0.76804423,0.188816172,0.611928434,-0.627568463,-0.0316154654,-0.777919055,-0.00995982718,0.000368237495,-0.000703023514
-0.12758311,-0.98152765,0.14256876,-0.76798202,0.18872489,0.61203464,-0.62763523,-0.03140492,-0.77787368,-0.00318227,0.00374138,-0.00217736
-0.127587466,-0.981642359,0.141773427,-0.767785415,0.188241788,0.612430058,-0.627874973,-0.0307131673,-0.777707978,-0.00532392412,-0.000215172768,-0.00407214556
