0,1,2,3,4,5,6,7,8,9,10,11,12,13,14
0.9619378,-0.00204187,0.27326087,0.03920933,-0.98859397,-0.14541239,0.27044093,0.15059205,-0.95088585,,,,,,
0.96205651,-0.00196126,0.27284321,0.03913033,-0.9886455,-0.14508177,0.27002978,0.15025331,-0.95105609,,,,,,
0.962114975,-0.00187280701,0.272637613,0.0391279871,-0.988676646,-0.144870779,0.269821748,0.150050107,-0.951147329,-0.00119268883,-0.000776767673,0.00514421659,,,
0.96218605,-0.00181349,0.27238709,0.03906976,-0.98871955,-0.14459353,0.26957665,0.14976798,-0.9512613,,,,,,
0.96222076,-0.00170797,0.27226513,0.03905037,-0.9887761,-0.14421193,0.26945553,0.14939577,-0.95135419,,,,,,
0.96225707,-0.00170998,0.27213674,0.03896779,-0.98880984,-0.14400067,0.26933778,0.14917023,-0.95142261,0.00134218,-0.00688827,0.00124797,,,
0.96234063,-0.00165788,0.27184141,0.03883197,-0.98888817,-0.14349925,0.26905869,0.14865129,-0.95158288,,,,,,
0.96244934,-0.00168630764,0.271456112,0.0386063562,-0.988966057,-0.143022608,0.268702091,0.148131946,-0.951764622,0.000807187287,0.00403237296,0.00335553288,,,
0.962532698,-0.00167859851,0.271160438,0.0385144574,-0.988996553,-0.142836288,0.268416537,0.147928195,-0.951876866,-0.000459015486,0.00287067867,0.00480133062,,,
0.96265207,-0.00167321,0.27073639,0.03834024,-0.98906108,-0.14243827,0.26801309,0.14749859,-0.95205756,,,,,,
0.962758717,-0.00162774926,0.270357168,0.038211099,-0.989124825,-0.142027356,0.267648202,0.14706872,-0.952226346,0.00119818351,-0.00746649457,-0.000323449931,,,
0.9628057,-0.00158496,0.27019006,0.03816905,-0.98915698,-0.14181553,0.26748515,0.1468537,-0.95230549,,,,,,
0.962887073,-0.00144824939,0.2699007,0.0381190914,-0.989232634,-0.141300249,0.267199215,0.146344553,-0.95246411,0.00461479137,-0.0058037038,-3.80532583e-05,,,
0.96300429,-0.00135802,0.26948261,0.03803055,-0.98929444,-0.14088871,0.26678905,0.145925,-0.95264314,,,,,,
0.963074526,-0.00132149824,0.269231706,0.0379948579,-0.989313255,-0.140768173,0.26654052,0.145799662,-0.952732184,0.000587711635,-0.00519502116,0.00345990015,,,
0.96323976,-0.00131813,0.26863996,0.03782292,-0.98936165,-0.14047295,0.26596728,0.14546988,-0.95294261,,,,,,
0.96334556,-0.00130621,0.26826036,0.03772693,-0.98938998,-0.14029807,0.26559745,0.14527616,-0.95307516,-0.00444308,-0.00234532,-0.00345665,,,
0.96344802,-0.00110175,0.26789309,0.0377798,-0.98943898,-0.13994011,0.26521804,0.14494597,-0.9532314,-0.00477797,-0.00127721,0.00104656,,,
0.963469688,-0.000967915615,0.267815646,0.0378171672,-0.989482141,-0.139623762,0.265133964,0.144651292,-0.953299443,-0.00431793602,-0.00200438476,0.00405138778,,,
0.963480518,-0.000890089926,0.267776951,0.0378250844,-0.989515271,-0.139386484,0.265093475,0.144424848,-0.953345015,-0.00403444981,-0.0082620373,0.00439221691,,,
0.963562729,-0.000861452641,0.267481064,0.0377124229,-0.989568166,-0.139040677,0.264810564,0.144061774,-0.95347851,0.0,0.0,0.0,0.0,0.0,0.0
0.963691266,-0.000845088061,0.267017672,0.0376121917,-0.989595238,-0.138877849,0.264356718,0.14387849,-0.953632511,0.00124260539,-0.00298237777,-0.0041051982,,,
0.963760856,-0.000808926686,0.266766483,0.0375768552,-0.989613303,-0.138756659,0.264107915,0.143752482,-0.953720165,0.0,0.0,0.0,0.0,0.0,0.0
0.963853524,-0.000746307918,0.266431654,0.0375154973,-0.989653063,-0.138489663,0.263778261,0.143479066,-0.953852594,0.0,0.0,0.0,0.0,0.0,0.0
0.963887437,-0.000653030734,0.266309168,0.0375082661,-0.989695637,-0.138185419,0.263655323,0.143183985,-0.953930689,0.0,0.0,0.0,0.0,0.0,0.0
0.963899818,-0.000693351501,0.266264268,0.0374633644,-0.989695843,-0.138197804,0.263616459,0.143183994,-0.953941667,0.0,0.0,0.0,0.0,0.0,0.0
0.963935314,-0.000728862987,0.266135631,0.0374138962,-0.989694139,-0.138222472,0.263493654,0.143194693,-0.953973856,-0.0011083181,0.00201487518,0.00447634514,,,
0.963970792,-0.000731901894,0.266007101,0.0373322342,-0.989727093,-0.138009727,0.263375431,0.142967985,-0.954040688,0.0,0.0,0.0,0.0,0.0,0.0
0.963983146,-0.000750533424,0.265962261,0.0372658786,-0.989749707,-0.137863603,0.263339594,0.142809507,-0.95407406,0.0,0.0,0.0,0.0,0.0,0.0
0.9640417,-0.000738026115,0.265749997,0.0371690023,-0.989792575,-0.137584059,0.263138881,0.142514432,-0.954173889,0.00494366232,-0.00307971216,-0.000732156273,,,
0.964124857,-0.000817031253,0.265447893,0.0369930671,-0.989823265,-0.137407939,0.26285883,0.142298141,-0.954282981,0.00694673322,-0.00422722055,-0.000461893505,,,
0.964137177,-0.00084655801,0.265403064,0.0369374954,-0.989834829,-0.137341161,0.262821469,0.142219043,-0.954305288,0.0,0.0,0.0,0.0,0.0,0.0
0.964195601,-0.000855776657,0.265190705,0.0368620992,-0.989854493,-0.13721962,0.262617646,0.14208204,-0.954381801,0.0,0.0,0.0,0.0,0.0,0.0
0.964218647,-0.000840212403,0.265106954,0.0368468537,-0.989864441,-0.137152649,0.262535165,0.142013499,-0.954414795,-0.00233172067,-0.00524193002,-0.00099223596,,,
0.964230949,-0.00088056502,0.265062066,0.0368019662,-0.989864237,-0.13716498,0.262496265,0.142013524,-0.954425323,0.0,0.0,0.0,0.0,0.0,0.0
0.964276996,-0.000849471535,0.264894588,0.0367714895,-0.989883708,-0.137031014,0.262331321,0.141876424,-0.954490841,0.0,0.0,0.0,0.0,0.0,0.0
0.964391999,-0.000804218574,0.264475737,0.0367274175,-0.989898803,-0.136933989,0.261914411,0.141771555,-0.954620939,0.0,0.0,0.0,0.0,0.0,0.0
0.964437942,-0.000773188481,0.264308241,0.0366970043,-0.989918382,-0.136800012,0.261749448,0.141634444,-0.954686461,0.0,0.0,0.0,0.0,0.0,0.0
0.964506808,-0.000715934057,0.264057,0.0366407592,-0.98995935,-0.136519785,0.261503473,0.141349511,-0.954796295,0.00103432045,-0.00402891589,-0.00637621339,,,
0.964563362,-0.000596881305,0.26385064,0.0366081411,-0.990022691,-0.136068631,0.26129937,0.140905898,-0.95491776,-0.000266781455,-0.00651431037,0.00105950132,,,
0.964699206,-0.000440247801,0.263353845,0.0366237807,-0.99005734,-0.135812721,0.260795207,0.140663437,-0.955091405,-0.00408057589,-0.00388890482,0.000927485817,,,
0.964767815,-0.000404680763,0.263102441,0.0365890143,-0.99007524,-0.135690741,0.260546162,0.140536719,-0.955177914,0.0,0.0,0.0,0.0,0.0,0.0
0.964802887,-0.000429633602,0.262973766,0.0365290281,-0.990085037,-0.135635903,0.260424684,0.140468087,-0.955221205,0.0010647208,-0.00446480466,-0.00412259065,,,
0.964850134,-0.000494956182,0.262800266,0.0364241679,-0.990094993,-0.135593165,0.260264298,0.140399364,-0.955275264,0.0,0.0,0.0,0.0,0.0,0.0
0.964920162,-0.000534169912,0.26254294,0.0362936201,-0.990125536,-0.135403913,0.260022795,0.140182599,-0.955372707,0.00536400545,-0.00729817105,0.00236487854,,,
0.964955153,-0.000559159427,0.262414249,0.0362336446,-0.990135172,-0.135348917,0.259901277,0.140113859,-0.955415774,0.0,0.0,0.0,0.0,0.0,0.0
0.965012898,-0.000558093051,0.262201822,0.036148025,-0.9901659,-0.135147479,0.259698724,0.139897139,-0.955502691,0.00530802645,-0.000652432384,0.000301960041,,,
0.965049386,-0.000689916576,0.262067165,0.0360240081,-0.990154365,-0.13526329,0.259580326,0.139976465,-0.955523001,0.00579838827,-0.00075197214,-0.00456587039,,,
0.965072149,-0.000695897947,0.261983302,0.0360300936,-0.990141503,-0.135354698,0.259494831,0.140066333,-0.955532902,0.0,0.0,0.0,0.0,0.0,0.0
0.965152538,-0.000722198109,0.261686943,0.0359717346,-0.990137323,-0.135403339,0.259203804,0.140098209,-0.95560757,-0.00180214795,-0.00339710689,-0.00598797109,,,
0.965219169,-0.000612024845,0.261441357,0.0360329091,-0.990142704,-0.135348317,0.258947074,0.140061282,-0.955682667,0.0,0.0,0.0,0.0,0.0,0.0
0.96525246,-0.000551601685,0.261318559,0.0360582431,-0.990151074,-0.135281168,0.258819429,0.140003168,-0.955725876,-0.00190697471,-0.00409978582,-0.00817458518,,,
0.96530841,-0.000486498382,0.261111914,0.0360790582,-0.990157531,-0.135226023,0.258607753,0.13995549,-0.955789835,0.0,0.0,0.0,0.0,0.0,0.0
0.96541119,-0.000508075213,0.260731618,0.0360161635,-0.990151718,-0.135286543,0.25823259,0.139997695,-0.95588525,0.0,0.0,0.0,0.0,0.0,0.0
0.96551226,-0.000465428217,0.260357159,0.0360595008,-0.990121546,-0.135493551,0.257848364,0.140209034,-0.955957699,-0.00446581002,0.00520253135,-0.00106999453,,,
0.965510703,-0.00039059295,0.260363087,0.0361552945,-0.990109286,-0.135560909,0.257840812,0.140299012,-0.955946996,0.0,0.0,0.0,0.0,0.0,0.0
0.965498613,-0.000350217082,0.260407937,0.0362001587,-0.990108805,-0.135548672,0.257879748,0.140298865,-0.955935989,0.000458388589,-0.00804108288,0.000523759518,,,
0.965531748,-0.000311031128,0.260285111,0.0362465173,-0.990094692,-0.135640142,0.257749153,0.140399293,-0.955956577,-0.000257045438,-0.0092553487,0.000746808539,,,
0.965509138,-0.000336985401,0.260368953,0.0362720583,-0.990073921,-0.135786715,0.25783026,0.140547432,-0.955913196,0.0,0.0,0.0,0.0,0.0,0.0
0.965509138,-0.000358203931,0.260368918,0.0362930689,-0.990051287,-0.135945292,0.257827297,0.140706009,-0.955890562,0.00336325425,-0.000246286363,-0.00487733213,,,
0.965533321,-0.00048136786,0.260279025,0.0362453026,-0.990006036,-0.136286827,0.25774344,0.141023365,-0.955866364,0.0,0.0,0.0,0.0,0.0,0.0
0.965500174,-0.000563038644,0.260401794,0.0362410504,-0.989975127,-0.136512629,0.257868178,0.141240202,-0.95580075,0.0,0.0,0.0,0.0,0.0,0.0
0.96542018,-0.000568833733,0.260698196,0.0363311967,-0.989945658,-0.136702071,0.258154832,0.141446415,-0.955692846,0.0,0.0,0.0,0.0,0.0,0.0
0.965020379,-0.00065204362,0.262174056,0.0366657698,-0.989833445,-0.137422545,0.259598309,0.14222837,-0.955185531,0.00058892282,-0.011063694,-0.00246388139,,,
0.964929216,-0.00069255954,0.262509306,0.0367052957,-0.98981712,-0.137532354,0.259931407,0.142344468,-0.955078043,0.0,0.0,0.0,0.0,0.0,0.0
0.964850134,-0.000794836139,0.262799511,0.0367211281,-0.989777245,-0.137812638,0.260222546,0.142618837,-0.954957516,0.00484475773,-0.00137519825,0.00318593788,,,
0.964804451,-0.00086867053,0.262966941,0.0367939549,-0.989711675,-0.138263398,0.260381588,0.143072735,-0.954846264,0.00436250959,0.00550723029,0.00217029173,,,
0.964770959,-0.000940039131,0.263089558,0.0367794898,-0.989691975,-0.138409652,0.260507713,0.143209913,-0.954791505,0.00430102274,-0.00474059535,0.00335809891,,,
0.9646459,-0.00107361,0.26354721,0.03682604,-0.98963232,-0.13882362,0.26096384,0.14362104,-0.95460523,0.00299007,-0.01706713,0.00781452,,,
0.9644288,-0.00129129,0.26433958,0.03695527,-0.98950918,-0.13966304,0.2617468,0.1444638,-0.95426343,0.00345478,-0.01161969,0.00297285,,,
0.96429085,-0.00142821,0.2648417,0.03708995,-0.98940275,-0.14038036,0.26223558,0.14519046,-0.95401905,,,,,,
0.96385377,-0.0019963,0.26642433,0.0374799,-0.98901245,-0.14300309,0.26378242,0.14781962,-0.95318856,,,,,,
0.96381981,-0.00208981,0.26654645,0.03748737,-0.98896802,-0.14330645,0.26390542,0.14811373,-0.95310862,0.00605152,-0.00902259,-0.00377539,,,
0.96364815,-0.00239646,0.26716378,0.03753533,-0.98882771,-0.14425809,0.26452472,0.14904212,-0.95279204,,,,,,
0.96343884,-0.00261581,0.26791558,0.03775122,-0.98865117,-0.14540816,0.26525543,0.15020601,-0.95240618,-0.01095641,-0.00139225,0.00424248,,,
0.96334562,-0.00271234,0.26824962,0.03784621,-0.98857361,-0.14591011,0.26558027,0.1507141,-0.95223541,-0.01133029,0.00746179,0.00682046,,,
0.963110506,-0.00279803236,0.269091665,0.0380992602,-0.988456008,-0.146639734,0.26639557,0.151482461,-0.951885764,0.000958869467,0.00826454069,-0.000244565919,,,
0.96286522,-0.00304778,0.2699653,0.03826012,-0.98830405,-0.147617,0.26725777,0.15246418,-0.95148698,0.00448375,0.00316787,-0.00936269,,,
0.96278378,-0.00318525,0.27025405,0.0383109,-0.98822565,-0.14813049,0.26754377,0.15297131,-0.9513256,,,,,,
0.96270072,-0.00325942,0.27054888,0.03846866,-0.9881205,-0.14878828,0.26781987,0.15364624,-0.95113893,0.00966689,-0.00612628,0.00470595,,,
0.96255635,-0.00328477,0.27106174,0.0388321,-0.98794295,-0.14986711,0.2682859,0.15478144,-0.95082319,0.00782723,-0.00801635,0.00587034,,,
0.96245888,-0.00328906,0.27140757,0.03917494,-0.98777359,-0.15089155,0.26858558,0.15585929,-0.95056261,-0.00189894,-0.01448625,0.00549926,,,
0.9624101,-0.00336831,0.27157952,0.03942265,-0.9876009,-0.15195292,0.26872409,0.15694741,-0.95034428,-0.00562351,-0.00542152,0.00669244,,,
0.96239751,-0.00340531,0.2716237,0.03954395,-0.98751336,-0.15248957,0.26875138,0.15749666,-0.95024572,-0.00955623,0.00160742,0.00780901,,,
0.96234867,-0.00351773,0.27179524,0.03982444,-0.98730118,-0.1537851,0.26888481,0.15881898,-0.94998788,0.00813851,0.01222837,0.00183836,,,
0.962361276,-0.00367862538,0.271748491,0.0398989298,-0.987161779,-0.154659859,0.268828663,0.159681133,-0.949859495,0.0101597067,0.00184607494,0.000498203328,,,
0.96238491,-0.00369515,0.27166455,0.03991539,-0.98713438,-0.15482911,0.26874159,0.15984879,-0.94985573,0.00765918,0.0012058,-0.00398555,,,
0.96237389,-0.00379549,0.27170222,0.03992983,-0.98707251,-0.15522087,0.26877892,0.16022954,-0.94978126,,,,,,
0.96226352,-0.00373888,0.27209364,0.04029695,-0.98692351,-0.15607227,0.26911909,0.16114719,-0.94952983,0.00117058,0.0087204,-0.00907116,,,
0.96220514,-0.00388338,0.27229796,0.04035475,-0.98682569,-0.15667312,0.26931906,0.1617402,-0.94937204,-0.00439045,0.01516664,-0.01305035,,,
0.962172,-0.00412973,0.27241144,0.04034397,-0.98670164,-0.1574554,0.26943907,0.16248933,-0.94921008,-0.00902479,-0.0034709,-0.00852131,,,
0.96232975,-0.00430675,0.27185088,0.04009627,-0.98669375,-0.15756905,0.26891214,0.16253359,-0.94935207,-0.00851746,-0.02270627,0.0115126,,,
0.96244943,-0.0043641,0.27142596,0.03998424,-0.98668602,-0.15764449,0.2685002,0.16257761,-0.9494609,-0.00852866,-0.02158165,0.01226752,,,
0.96254534,-0.00447084,0.27108388,0.03992088,-0.98662838,-0.15802014,0.26816558,0.16292346,-0.94949607,-0.00212851,-0.01080328,0.00335376,,,
0.962380138,-0.00470755111,0.2716658,0.0401540451,-0.986406877,-0.159339214,0.26872313,0.164253376,-0.949109356,-0.00116807595,0.0053558345,0.000799902715,,,
0.962272973,-0.00478918893,0.272043718,0.0403189353,-0.986296508,-0.159979362,0.269081966,0.164912329,-0.948893375,0.000372688519,0.0043010707,0.00763149653,,,
0.96205661,-0.00484584,0.27280686,0.04071262,-0.98609956,-0.16108949,0.26979538,0.16608389,-0.94848632,-0.01663974,-0.00587946,0.0021249,,,
0.96180154,-0.00475096,0.27370643,0.04121028,-0.98594179,-0.16192632,0.27062797,0.1670205,-0.94808454,-0.0113829,0.00362229,0.00546158,,,
0.9616681,-0.00472103,0.27417545,0.04143403,-0.98587048,-0.16230525,0.27106768,0.16744397,-0.94788459,-0.00659244,0.00549221,-0.00104831,,,
0.9614755,-0.00483707,0.27484807,0.04171693,-0.98569681,-0.16328176,0.27170675,0.16845723,-0.94752153,,,,,,
0.96144204,-0.00511772,0.27496,0.04174016,-0.98552777,-0.16429444,0.27182155,0.16943646,-0.94731421,-0.00892423,-0.00192857,0.00482419,,,
0.96144204,-0.00511772,0.27496,0.04174016,-0.98552777,-0.16429444,0.27182155,0.16943646,-0.94731421,-0.00892423,-0.00192857,0.00482419,,,
0.96124886,-0.00521251,0.27563285,0.04200206,-0.9853799,-0.16511361,0.2724637,0.17029241,-0.94697637,0.00354973,-0.00186145,-0.00764202,,,
0.96098145,-0.00517348,0.27656444,0.04230058,-0.98531665,-0.16541382,0.27335932,0.17065845,-0.94665218,0.01192048,-0.00401199,-0.01036453,,,
0.960896379,-0.00518492792,0.276859643,0.0423960344,-0.985281898,-0.165595857,0.273643421,0.170858211,-0.946533984,0.0155530237,-0.000458717317,-0.00283149304,,,
0.960848201,-0.00525249345,0.277025524,0.0424625275,-0.985217887,-0.165959045,0.273802234,0.171224654,-0.946421796,-0.00132913701,-0.000652432384,0.0085452022,,,
0.96084983,-0.00542694,0.27701653,0.04246567,-0.98511064,-0.16659392,0.27379605,0.17183544,-0.94631293,0.00436274,-0.00619841,0.00944444,,,
0.96085144,-0.00554564,0.27700856,0.04241367,-0.98507113,-0.16683991,0.27379843,0.17205732,-0.9462718,0.01183171,-0.00724286,0.00912841,,,
0.96096541,-0.00588399,0.27660595,0.04215625,-0.98498558,-0.16740905,0.27343797,0.17253498,-0.94628901,0.01606869,-0.00393206,-0.00408512,,,
0.961076,-0.00604053,0.2762181,0.04205765,-0.98491076,-0.16787449,0.27306425,0.17295723,-0.94632003,0.01466776,-0.00688451,-0.00330542,,,
0.96108722,-0.00605046,0.27617882,0.04215218,-0.98484042,-0.16826291,0.27301016,0.17335687,-0.9462625,,,,,,
0.96101353,-0.00608333,0.27643444,0.04235353,-0.98472109,-0.16891059,0.27323833,0.17403333,-0.94607265,0.00157189,0.00923121,-0.00549364,,,
0.96101353,-0.00616111,0.2764327,0.04243042,-0.9846242,-0.16945384,0.27322638,0.17457659,-0.94597576,-0.0054962,0.0107224,-0.01149751,,,
0.96106477,-0.00633055,0.27625068,0.04225962,-0.98460952,-0.16958277,0.27307259,0.17465427,-0.94600599,-0.01758325,0.00524521,-0.01043159,,,
0.96117831,-0.00660152,0.27584901,0.04193559,-0.98460584,-0.16968513,0.27272268,0.17466556,-0.94610495,-0.02937957,0.00162137,-0.00734303,,,
0.96119719,-0.00702639,0.27577271,0.0415938,-0.98455575,-0.17005931,0.27270848,0.17493097,-0.94605997,-0.01790942,-0.00843465,0.00482604,,,
0.961188953,-0.00726464719,0.275795229,0.0414060825,-0.984531999,-0.170239859,0.272766053,0.175052273,-0.946020467,-0.0118889343,-0.0054688449,0.000242081936,,,
0.96108751,-0.007731097,0.276135872,0.0411048664,-0.984477589,-0.17062782,0.273168775,0.175338796,-0.945851321,-0.0064130174,-0.00626730872,-0.00078860845,,,
0.960841224,-0.0083010742,0.276975142,0.0409053954,-0.984351076,-0.171404406,0.274063652,0.176022197,-0.94546553,-0.00985658728,0.000201702103,-0.00639107917,,,
0.96065091,-0.00860968,0.27762511,0.04087112,-0.98425784,-0.1719478,0.27473511,0.17652866,-0.9451763,-0.01242143,0.00360477,-0.00611116,,,
0.96019168,-0.00899072,0.27919725,0.0410766,-0.98407243,-0.17295631,0.27630536,0.17753969,-0.94452884,-0.0079059,0.00903392,-0.00759491,,,
0.95980587,-0.00944618,0.28050572,0.04101751,-0.98398194,-0.17348565,0.27765132,0.17801819,-0.94404418,-0.01055118,0.00189662,-0.00943451,,,
0.959574092,-0.00958126314,0.281293032,0.0410654357,-0.983959618,-0.173601553,0.27844425,0.178134973,-0.943788707,-0.00752856303,0.000729083957,-0.0034726758,,,
0.959364846,-0.0096250746,0.282004337,0.041192396,-0.983933615,-0.173717079,0.279145615,0.178274493,-0.943554837,0.000345503329,-0.0113048544,-0.00485853013,,,
0.95924191,-0.00967857,0.2824204,0.04124477,-0.98391554,-0.17380688,0.27956006,0.17837121,-0.94341383,0.00901366,-0.01329982,-0.01147115,,,
0.95905785,-0.00980149,0.28304059,0.04128089,-0.98388925,-0.173948,0.28018553,0.17851036,-0.9432021,0.01874729,-0.00379026,-0.016035,,,
0.95896052,-0.00995681,0.28336475,0.04126488,-0.98384202,-0.17421827,0.28052082,0.17876146,-0.94305479,0.00692566,-0.00177467,-0.00965803,,,
0.95896052,-0.0100023,0.28336312,0.04130991,-0.98378492,-0.17452757,0.28051416,0.17907075,-0.94299769,,,,,,
0.95890836,-0.00996953,0.28354074,0.04161578,-0.98363036,-0.17532597,0.28064724,0.17992131,-0.94279648,-0.00361199,-0.00624669,-0.00389613,,,
0.958818359,-0.00991506956,0.283846868,0.0419845586,-0.983463108,-0.176174818,0.280899715,0.180836835,-0.942546202,0.00386595726,-0.000947713794,-0.0125927525,,,
0.95877913,-0.00987646,0.28398069,0.04220001,-0.98336394,-0.17667624,0.2810013,0.18137748,-0.94241204,0.00234005,-0.00361764,-0.00629129,,,
0.95878938,-0.00989357,0.28394549,0.04247082,-0.98317371,-0.17766673,0.28092553,0.18240437,-0.94223632,-0.00506978,-0.00264841,-0.00428778,,,
0.95882577,-0.00997796058,0.283819626,0.0426391082,-0.982996347,-0.178605596,0.280775793,0.183353465,-0.942096776,-0.00024021804,-0.00482565118,-0.00220431038,,,
0.95882434,-0.00993831,0.28382587,0.04276905,-0.98293714,-0.17890105,0.28076094,0.18367365,-0.94203901,0.00236346,-0.0052005,-0.00605961,,,
0.95905819,-0.01005028,0.28303069,0.04296555,-0.98263914,-0.1804831,0.27993096,0.18525436,-0.9419763,0.00887788,-0.00397152,0.006154,,,
0.95910605,-0.01000881,0.28286994,0.04309392,-0.98256023,-0.18088136,0.27974719,0.18567438,-0.94194814,0.00296838,0.00685859,0.00335453,,,
0.95913936,-0.00988803,0.28276123,0.04339753,-0.98242133,-0.18156129,0.27958601,0.18641372,-0.94184983,0.00127336,0.00717378,-0.01617863,,,
0.959441488,-0.00957594639,0.281745154,0.0436824386,-0.982301715,-0.182140532,0.278502918,0.187060498,-0.942042718,0.00423011743,-0.000126481042,-0.0103698652,,,
0.959707955,-0.00934454999,0.280843947,0.043793277,-0.982260839,-0.182334506,0.277565834,0.187286953,-0.942274314,-0.00034840242,-0.00946783926,-0.0079684807,,,
0.959804215,-0.00927789399,0.280517003,0.0438970049,-0.982191729,-0.182681265,0.27721638,0.187652104,-0.94230449,-0.000241151429,-0.0037475822,-0.00357771781,,,
0.95999939,-0.00925854,0.27984897,0.04387884,-0.98213001,-0.18301569,0.27654261,0.1879744,-0.94243794,0.00427185,0.00441265,0.00104793,,,
0.960122645,-0.00933286665,0.279423347,0.0437837984,-0.982091437,-0.1832472,0.276129478,0.188174002,-0.942519603,0.00668738782,0.000296592683,0.00536801014,,,
0.96030716,-0.00945532,0.27878443,0.04365199,-0.9820182,-0.18367102,0.27550801,0.18855009,-0.94262637,0.00945611,-0.01174658,0.00962112,,,
0.96041707,-0.00957912,0.27840131,0.0436903,-0.98186016,-0.18450441,0.27511853,0.18936462,-0.94257675,0.00274739,-0.01460647,0.0050361,,,
0.96046553,-0.00964349,0.27823184,0.04375414,-0.98175108,-0.18506812,0.27493914,0.18992534,-0.94251613,-0.00334874,-0.01108289,0.00582555,,,
0.960402703,-0.00974382765,0.278445154,0.0441066384,-0.981468874,-0.186476212,0.275102255,0.191373538,-0.942175591,-0.00458343234,0.00532031013,-0.000265379203,,,
0.96030566,-0.00992676,0.2787732,0.04428691,-0.98126591,-0.18749924,0.27541189,0.19240259,-0.94187559,0.00100524,0.00831163,-0.00215193,,,
0.960320044,-0.0101066536,0.278717172,0.0442111054,-0.98119082,-0.187908637,0.275373899,0.192774825,-0.94181038,0.000728480518,0.00504755927,0.00114032405,,,
0.96039727,-0.0104192413,0.278439444,0.0440130868,-0.981082101,-0.188522788,0.275136208,0.19331175,-0.94176999,4.03906452e-05,0.00515294028,0.00530799991,,,
0.96059249,-0.01049355,0.27776242,0.04391832,-0.9810051,-0.18894505,0.27446904,0.19369805,-0.94188528,-0.00186886,-0.00172687,0.00451275,,,
0.96060531,-0.01055481,0.27771575,0.04389438,-0.98097422,-0.18911128,0.274428,0.19385146,-0.94186575,0.00331803,0.00216448,-0.00552484,,,
0.96073602,-0.01035588,0.27727074,0.04395199,-0.981006,-0.18893246,0.27396082,0.19370082,-0.94203263,0.01766923,-0.01165593,0.00657681,,,
0.96083105,-0.01016576,0.27694829,0.04393368,-0.98110261,-0.18843408,0.27363028,0.19322067,-0.94222722,0.01354492,-0.01118809,0.0153219,,,
0.96102225,-0.00999234,0.2762904,0.04393227,-0.9811296,-0.18829344,0.27295822,0.19309225,-0.94244838,0.00850937,-0.00372559,0.01139001,,,
0.96103053,-0.00978701,0.27626893,0.0441522,-0.98110982,-0.18834454,0.27289355,0.19320274,-0.94244437,0.00176727,0.00901437,-0.00392405,,,
0.961062811,-0.00957478557,0.276164054,0.0443653961,-0.981087855,-0.188408419,0.272745252,0.193324454,-0.942462251,-0.000317527738,0.0152654639,-0.00205204799,,,
0.961109342,-0.00942076563,0.276007389,0.0443825805,-0.981158451,-0.188037631,0.272578458,0.192974644,-0.942582433,0.0033360424,0.00555539085,0.000487314654,,,
0.961229375,-0.00917739429,0.275597285,0.0441427827,-0.981435524,-0.186643203,0.27219387,0.19157256,-0.942979538,0.00705722533,0.000515937747,-0.00309600588,,,
0.961353781,-0.00921198159,0.275161836,0.0436701935,-0.981684623,-0.185439093,0.271830482,0.190288945,-0.943343924,0.00722031761,-0.00117480743,0.000563712092,,,
0.961439814,-0.00926111641,0.274859449,0.0434654327,-0.981754543,-0.185118399,0.271558909,0.189927084,-0.943495367,0.000138335861,0.00413846923,-0.00758598512,,,
0.96160182,-0.0094689,0.27428502,0.04291029,-0.98192635,-0.18433518,0.27107313,0.18902669,-0.94381586,-0.00547372,0.00676441,-0.01977454,,,
0.96168898,-0.00948314,0.27397878,0.04250174,-0.98216015,-0.18317995,0.27082819,0.18780671,-0.94412954,-0.01013705,0.00706291,-0.01741552,,,
0.96166513,-0.00940219,0.27406529,0.04242162,-0.98228084,-0.18255135,0.27092543,0.18717956,-0.94422638,-0.01077267,0.00600696,-0.0217018,,,
0.9614472,-0.00911585,0.27483846,0.04247599,-0.9825323,-0.18117932,0.27168929,0.18586839,-0.94426572,-0.01390166,-0.00173283,-0.01667053,,,
0.9613006,-0.00877567,0.27536187,0.04247746,-0.98282007,-0.17961281,0.27220734,0.18435858,-0.94441276,-0.01253749,-0.01251602,0.00104921,,,
0.96134852,-0.00867447,0.27519769,0.04237767,-0.982932,-0.17902084,0.27205358,0.18376365,-0.94457261,-0.0132113,-0.01452809,0.00906548,,,
0.96131478,-0.00871279,0.27531432,0.04216153,-0.98306762,-0.17832621,0.27220634,0.1830353,-0.94467008,-0.01281716,-0.00119233,0.00579746,,,
0.960958827,-0.00913156841,0.276540671,0.0420661061,-0.98301537,-0.178636532,0.273474991,0.183295341,-0.944253163,-0.010542769,-0.000774145068,-0.00387845142,,,
0.960744711,-0.00942659938,0.277273764,0.0420183941,-0.982949582,-0.179010165,0.274233579,0.183633668,-0.943967523,-0.00887011643,-0.000806569995,-0.0162625071,,,
0.96039739,-0.00984462,0.27845993,0.04200709,-0.98283743,-0.17962787,0.27544919,0.18421143,-0.94350096,0.0025555,-0.00592476,-0.01392162,,,
0.96018301,-0.01020307,0.27918541,0.04185295,-0.98280172,-0.17985926,0.27621898,0.18438254,-0.94324249,0.00676161,-0.01424432,-0.00870906,,,
0.96008706,-0.01033651,0.27951027,0.04181526,-0.98278179,-0.17997485,0.27655798,0.18447932,-0.94312384,0.00239419,-0.00938517,-0.0067427,,,
0.95993207,-0.01061388,0.28003172,0.0416659,-0.98276937,-0.18007757,0.27711798,0.18453001,-0.94294958,-0.00275997,0.00591373,-0.01153267,,,
0.95976245,-0.01075557,0.28060711,0.04163608,-0.98277091,-0.18007744,0.27770933,0.18451494,-0.94277881,-0.00331204,0.00474715,0.00193641,,,
0.959701981,-0.0108367748,0.280810735,0.0416315572,-0.982747471,-0.180205718,0.277918906,0.184634373,-0.942693541,0.000141784316,0.00148510921,0.00950078107,,,
0.95940648,-0.01096452,0.28181375,0.0419259,-0.98259591,-0.18096235,0.27889322,0.18543174,-0.94224918,0.00320426,-0.01285756,0.01320385,,,
0.959131801,-0.0108822915,0.282750349,0.0423508917,-0.98248331,-0.18147371,0.279772383,0.186031936,-0.941870107,0.0110957548,-0.0207982045,-0.000767253339,,,
0.95904344,-0.01082265,0.28305219,0.04254529,-0.98243005,-0.18171658,0.28004566,0.18631663,-0.94173264,0.0126277,-0.01565265,-0.00733755,,,
0.95881696,-0.01080754,0.283819,0.04303676,-0.98220908,-0.18279124,0.2807452,0.18747799,-0.94129359,0.01539939,0.00656939,0.00869644,,,
0.95868893,-0.01070999,0.28425485,0.04344708,-0.98205286,-0.18353253,0.28111897,0.18830065,-0.94101789,0.00352521,0.01610458,0.01375196,,,
0.9587836,-0.01045093,0.28394501,0.0436987,-0.98201046,-0.18369935,0.28075686,0.18853595,-0.94107883,-0.00459542,0.01503837,0.01805575,,,
0.959037822,-0.0100948352,0.283098127,0.0439397205,-0.98196836,-0.183867915,0.279849524,0.188775537,-0.941301233,0.000453199726,-0.00437664939,0.01835097,,,
0.95898551,-0.00992649,0.28328123,0.04411126,-0.98198481,-0.18373871,0.28000176,0.18869865,-0.94127133,0.00742012,-0.00939619,0.00305595,,,
0.95892454,-0.00996296,0.28348627,0.04406245,-0.98202069,-0.1835588,0.28021817,0.18851014,-0.94124474,0.00516027,-0.00350785,0.00258508,,,
0.95847279,-0.00965008,0.28502069,0.04442721,-0.98217282,-0.1826545,0.28170222,0.18773204,-0.94095719,,,,,,
0.95838201,-0.00947164,0.28533176,0.04467304,-0.98216206,-0.18265238,0.28197206,0.1877974,-0.94086332,-0.0032743,-0.00482148,0.00873961,,,
0.95814862,-0.00901988,0.28612909,0.04523963,-0.98217282,-0.18245388,0.28267399,0.18776231,-0.94065946,0.00606705,-0.00832403,0.01147058,,,
0.957891,-0.00870564,0.28700008,0.04577281,-0.98212816,-0.18256239,0.2834602,0.18801167,-0.94037324,0.00741205,-0.0158574,0.01037939,,,
0.95772592,-0.00864352,0.28755235,0.045964,-0.98211045,-0.18260955,0.28398657,0.18810696,-0.94019534,0.00711977,-0.0158813,0.01068642,,,
0.9574232,-0.00871767,0.28855644,0.04620452,-0.98203139,-0.18297391,0.2849666,0.18851608,-0.93981683,-0.00104588,-0.00724882,0.00578241,,,
0.95711089,-0.0090893,0.28957922,0.04631637,-0.98185265,-0.18390221,0.28599569,0.18942707,-0.93932087,0.00128102,0.00919723,-0.00494243,,,
0.95692229,-0.00928559,0.29019563,0.04642473,-0.98173547,-0.18449917,0.28660857,0.19002362,-0.93901347,0.00389785,0.01653969,-0.00577762,,,
0.95656596,-0.0094675,0.2913622,0.04677134,-0.98154044,-0.18544822,0.28773948,0.19102085,-0.93846537,0.00790906,0.01475406,-0.00427546,,,
0.95631867,-0.00925607,0.29217962,0.04715223,-0.98152637,-0.18542579,0.2884983,0.19110307,-0.93821555,0.00842267,-0.01033503,0.00884195,,,
0.95622702,-0.00913995,0.29248305,0.04729032,-0.98154675,-0.18528103,0.28877933,0.19100235,-0.93814928,0.00512433,-0.00609058,0.00961278,,,
0.95607398,-0.00922649,0.29298024,0.04737492,-0.98150031,-0.18550647,0.28927179,0.19123782,-0.9379498,0.00258262,-0.00408804,-0.00807663,,,
0.955997362,-0.00929322885,0.293228034,0.0474403778,-0.981446915,-0.185772439,0.28951417,0.19150881,-0.937819789,-0.00137774844,-0.000368118257,-0.00920485426,,,
0.95573979,-0.00936843,0.29406407,0.047682,-0.98134707,-0.1862358,0.29032374,0.19201453,-0.93746572,0.00351395,0.00735497,-0.0181141,,,
0.95501084,-0.00925903,0.2964263,0.04841372,-0.98123718,-0.18662627,0.29259254,0.19258121,-0.93664387,0.00371721,0.00352979,-0.01570413,,,
0.95485051,-0.00911492,0.29694681,0.04877679,-0.98115539,-0.18696175,0.29305514,0.19300464,-0.93641212,-0.00533602,-0.00435948,0.00949869,,,
0.95476581,-0.00879475,0.2972287,0.04913524,-0.98115612,-0.18686509,0.29327116,0.1930168,-0.9363422,-0.00260276,-0.0011127,0.00993603,,,
0.95469838,-0.00870757,0.29744777,0.04930188,-0.98112894,-0.18696279,0.29346265,0.1931578,-0.93625291,,,,,,
0.95438322,-0.00897482,0.29844953,0.04990095,-0.98069582,-0.18906445,0.29438506,0.19533285,-0.93551178,-0.0042017,-0.01101577,-0.01354662,,,
0.95432758,-0.0088421,0.29863136,0.05010702,-0.9806667,-0.18916188,0.2945304,0.19548593,-0.93543424,-0.00879677,-0.01055884,-0.00527924,,,
0.954043833,-0.00845724256,0.299547731,0.0506531533,-0.980666937,-0.189015178,0.295355085,0.195501802,-0.93517086,-0.00568518741,0.000740647258,0.00237353309,,,
0.953913229,-0.00853879902,0.299961042,0.0507327408,-0.980616973,-0.189250967,0.295762957,0.195746848,-0.934990292,-0.0056042634,0.00249052024,-3.55446246e-05,,,
0.9536149,-0.00889991,0.3008977,0.05083406,-0.980447,-0.1901045,0.29670614,0.19658233,-0.93451645,,,,,,
0.95327516,-0.00924146,0.30196203,0.05100015,-0.98026316,-0.19100494,0.29776746,0.19748037,-0.9339892,0.00969449,0.00312316,-0.00471351,,,
0.95313119,-0.00938166,0.30241185,0.0510532,-0.98019987,-0.19131626,0.2982189,0.19778859,-0.93378011,0.01464751,0.00709915,-0.00323407,,,
0.95293233,-0.00949894,0.30303423,0.05125191,-0.98007714,-0.1918902,0.2988197,0.19838946,-0.93346034,-0.00164,0.0023607,-0.00666978,,,
0.952944628,-0.00946509665,0.302996602,0.0513029062,-0.980059467,-0.191966453,0.29877172,0.198478007,-0.933456809,-0.00164482614,0.00035929677,-0.00524231652,,,
0.95291636,-0.00931443,0.30309015,0.05132271,-0.9801534,-0.19148035,0.29885845,0.19802016,-0.93352616,0.0065766,-0.00596255,0.00129462,,,
0.95278095,-0.00977087,0.30350123,0.05084497,-0.98023814,-0.19117517,0.29937144,0.19757957,-0.93345542,-0.01191026,-0.00560641,0.00321097,,,
0.95268572,-0.01042904,0.30377816,0.05048227,-0.98010239,-0.19196662,0.29973568,0.19821926,-0.93320307,-0.01942731,0.00550008,-0.00111046,,,
0.95257078,-0.01075698,0.30412694,0.05038373,-0.98000817,-0.19247226,0.30011729,0.1986665,-0.93298517,-0.00740424,0.00334644,0.00692568,,,
0.95253012,-0.01072473,0.30425541,0.05043595,-0.98001093,-0.19244393,0.30023756,0.19865405,-0.93294901,0.0076668,-0.0028429,0.01256995,,,
0.95255138,-0.01037808,0.30420083,0.05059975,-0.9801126,-0.19188161,0.30014249,0.19816958,-0.93308248,0.01521423,-0.00366628,0.00769208,,,
0.952551384,-0.0103538209,0.304201666,0.0505758248,-0.980143778,-0.191729071,0.300146532,0.198017043,-0.933113654,0.00916955248,0.000306129426,0.0119245732,,,
0.95245937,-0.01042009,0.30448739,0.05055638,-0.98015323,-0.19168669,0.30044168,0.19796757,-0.93302933,0.00125222,0.0070982,-0.00924947,,,
0.95235307,-0.0105202,0.30481626,0.05065449,-0.98006969,-0.19208779,0.30076195,0.19837571,-0.93283949,-0.00491319,0.00510228,-0.00313034,,,
0.95243456,-0.01062115,0.30455804,0.05058604,-0.98001714,-0.19237321,0.30051532,0.19862928,-0.93286492,-0.00579264,0.00413179,-0.00400248,,,
0.952579681,-0.010432007,0.304110381,0.0504845538,-0.980143026,-0.191757408,0.300072092,0.198017088,-0.933137674,-0.00500038639,-0.000818014087,0.00134759583,,,
0.95264685,-0.01038478,0.30390151,0.05035404,-0.98023073,-0.19134189,0.29988071,0.19758392,-0.93329079,-0.00506792,-0.003654,0.00783277,,,
0.9526062,-0.01018263,0.30403575,0.05023864,-0.98045029,-0.19024473,0.30002917,0.19650265,-0.93347146,-0.01848057,-0.01495618,0.00730272,,,
0.95248768,-0.01024323,0.30440481,0.05021342,-0.98047733,-0.1901117,0.30040943,0.19636426,-0.93337822,-0.02257059,-0.01369041,0.00824026,,,
0.95192122,-0.01075806,0.30615396,0.05012804,-0.98044236,-0.19031469,0.30221377,0.19651149,-0.93276461,-0.0011322,0.00732923,-0.01006761,,,
0.951668,-0.01082742,0.30693776,0.05011065,-0.98051271,-0.18995749,0.30301311,0.19615732,-0.93258,0.0139747,0.00871658,-0.00523072,,,
0.95161998,-0.00950789,0.30713027,0.05083106,-0.98087932,-0.18786148,0.30304391,0.19438449,-0.93294107,0.0075782,-0.00694865,0.01284406,,,
0.95199247,-0.00928151,0.3059807,0.05077866,-0.98090511,-0.18774121,0.30188054,0.19426551,-0.93334298,0.00916803,-0.00889206,0.01330367,,,
0.953020626,-0.00932350942,0.302761886,0.0502365325,-0.980818885,-0.18833654,0.298710526,0.194698315,-0.934272248,0.00785398297,0.000915646495,0.0031162207,,,
0.9545542,-0.00831037,0.2979215,0.0502586,-0.98080734,-0.18838998,0.29376922,0.19480157,-0.93581609,0.00951998,-0.00603968,-0.00918634,,,
0.95551589,-0.00777107,0.29483722,0.05032314,-0.98069888,-0.18893693,0.29061479,0.19536937,-0.93668229,0.00690425,-0.0039925,0.00101244,,,
0.95648442,-0.00738034,0.29169003,0.05011266,-0.98067098,-0.18913797,0.28744785,0.19552489,-0.93762667,-0.00804763,-0.01205099,0.0193126,,,
0.95712676,-0.00710102,0.28958235,0.05009438,-0.98057941,-0.18961717,0.28530495,0.19599411,-0.93818308,-0.00521009,-0.00434244,0.00329673,,,
0.9572102,-0.00703721,0.28930799,0.05045365,-0.98033588,-0.19077796,0.28496152,0.19721126,-0.93803245,,,,,,
0.95716764,-0.00697332,0.28945032,0.05081205,-0.98014884,-0.19164096,0.28504078,0.19814009,-0.93781242,-0.00593702,0.0124855,-0.00401459,,,
0.95711725,-0.00702189,0.28961572,0.05085955,-0.98010677,-0.191843,0.28520147,0.19834597,-0.93771996,-0.01126211,0.01228142,-0.00364857,,,
0.95697754,-0.00704086183,0.290076564,0.0509617016,-0.980087594,-0.191914381,0.285651697,0.198440547,-0.937562998,-0.00812713336,0.00654244376,-0.000589169795,,,
0.95757697,-0.00760913,0.28807717,0.04966996,-0.98033285,-0.19099846,0.28386484,0.19720451,-0.93836622,0.01576376,0.00167394,0.0095454,,,
0.9583723,-0.00800456,0.28540929,0.04803922,-0.98083611,-0.18881871,0.28145118,0.19466946,-0.93962161,0.01195508,-0.00342774,0.00495063,,,
0.95876774,-0.00805446,0.28407665,0.04699308,-0.98134418,-0.18642732,0.28027855,0.19209014,-0.94050263,-0.01057736,-0.01023149,-0.00229229,,,
0.959035865,-0.00770791215,0.283179782,0.0469904769,-0.981452604,-0.185855425,0.279360155,0.191548772,-0.94088604,0.000979262404,-0.006032228,0.00438219402,,,
0.959094878,-0.00752942101,0.28298466,0.0470680497,-0.981490112,-0.185638245,0.279144423,0.191364226,-0.94098774,0.00783697888,-0.00731599284,-0.000364515465,,,
0.958956703,-0.00756329525,0.283451656,0.047354053,-0.981333992,-0.186390184,0.279570453,0.192162701,-0.940698659,0.00352025311,-0.000751733722,-0.00537031237,,,
0.958977863,-0.00752199455,0.283381154,0.0476511568,-0.98114682,-0.187297516,0.279447358,0.193117612,-0.940539651,-0.0115135042,0.000643968524,-0.000531597761,,,
0.95895755,-0.00719889,0.28345826,0.0480922,-0.98106428,-0.18761471,0.2794415,0.19354668,-0.94045277,-0.00589671,0.00244689,-0.00607859,,,
0.95906396,-0.00696654,0.28310381,0.04828585,-0.98103508,-0.18771784,0.2790426,0.19370332,-0.94053899,,,,,,
0.95907173,-0.00675032,0.28308277,0.04849477,-0.98103028,-0.18769152,0.27897971,0.19373766,-0.94055106,0.00295145,-0.00590026,-0.00525227,,,
0.959032023,-0.00665549501,0.283219499,0.0486542778,-0.98100054,-0.18780506,0.279088412,0.193890907,-0.940487115,-0.000600001076,-0.0084366193,-0.00372414989,,,
0.95883489,-0.00627811,0.28389473,0.04937829,-0.98083801,-0.18846223,0.27963801,0.19472241,-0.9401517,,,,,,
0.9587798,-0.00608185,0.28408505,0.04969082,-0.98077635,-0.18870226,0.27977156,0.19504034,-0.94004634,0.00189801,0.00453567,-0.00217038,,,
0.95861615,-0.00605573,0.28463733,0.04991721,-0.98071172,-0.1889786,0.28029155,0.19536624,-0.93982381,,,,,,
0.95841399,-0.00592933,0.28531993,0.05012889,-0.98074121,-0.18876834,0.28094432,0.19522099,-0.93965886,,,,,,
0.95822473,-0.00581912,0.28595718,0.05027223,-0.98080125,-0.18841805,0.28156362,0.19492254,-0.93953546,,,,,,
0.95803894,-0.00589033,0.28657755,0.05025687,-0.9808495,-0.18817091,0.28219786,0.19467755,-0.93939598,0.00386693,0.00464356,-0.00376496,,,
0.95787965,-0.00601672,0.2871069,0.05012729,-0.98092765,-0.18779723,0.28276108,0.19427903,-0.93930902,,,,,,
0.95781621,-0.00593391,0.28732022,0.05012971,-0.9810089,-0.18737378,0.28297549,0.19387293,-0.93932877,,,,,,
0.95777774,-0.00587863,0.28744955,0.05015936,-0.98104171,-0.18719354,0.28310041,0.19370809,-0.93932505,,,,,,
0.95768919,-0.00581394,0.28774574,0.05017942,-0.9811091,-0.18683298,0.28339625,0.19336684,-0.93930583,,,,,,
0.957616,-0.0058389,0.28798872,0.05003487,-0.9812239,-0.18626932,0.28366901,0.19278396,-0.93934356,0.01295806,-0.0010283,-0.00763975,,,
0.95763142,-0.00587121,0.28793676,0.04981372,-0.98134613,-0.18568267,0.28365585,0.19215876,-0.93947542,0.00905592,-0.00453663,-0.00427512,,,
0.957656471,-0.00579548459,0.287854989,0.0497392819,-0.981434478,-0.185235743,0.283584354,0.191709908,-0.939588813,0.0104815718,-0.0076695676,-0.000407593558,,,
0.95776814,-0.00574569,0.28748423,0.04977532,-0.98139369,-0.18544321,0.28320066,0.19192122,-0.93966162,,,,,,
0.957868125,-0.00574172911,0.287150969,0.0497720181,-0.981354276,-0.18565041,0.282862851,0.192120694,-0.939722192,0.000382515835,-0.000144958482,-0.00512434589,,,
0.9580025,-0.00555408,0.28670603,0.04984112,-0.98136961,-0.18555076,0.28239522,0.19204784,-0.93987771,,,,,,
0.95811369,-0.00549262,0.28633543,0.04986567,-0.98134385,-0.1856813,0.2820134,0.19218211,-0.93996508,,,,,,
0.95832416,-0.0054611,0.28563083,0.04992027,-0.98123337,-0.18624881,0.28128769,0.1927455,-0.94006702,,,,,,
0.95838527,-0.00548132,0.28542534,0.05002494,-0.98112104,-0.18681245,0.2810608,0.19331668,-0.94001775,,,,,,
0.95856438,-0.00518911,0.28482873,0.05032879,-0.9810224,-0.18724943,0.28039498,0.19382572,-0.94011197,-0.00180641,-0.00452959,-0.00175069,,,
0.95868416,-0.00500732,0.28442856,0.05048798,-0.98097708,-0.18744283,0.2799565,0.19405869,-0.94019437,-0.00460194,0.00187731,0.0010339,,,
0.958744971,-0.00494760736,0.28422456,0.05051392,-0.980970682,-0.187469456,0.279743496,0.194092695,-0.940250783,-0.00631693192,-0.000895023288,-0.00610644743,,,
0.95882106,-0.00506882,0.28396561,0.05046501,-0.98088954,-0.18790606,0.2794914,0.19449862,-0.94024175,0.00176281,0.00321794,-0.00895313,,,
0.9587069,-0.00502876,0.28435154,0.0506779,-0.98082061,-0.18820917,0.27984431,0.19484777,-0.94006464,0.00140204,-0.00326967,-0.00440035,,,
0.95851825,-0.00506636,0.28498615,0.05096665,-0.98068154,-0.18885461,0.28043747,0.19554538,-0.93974293,-0.00233794,-0.00503796,-0.00491934,,,
0.95844386,-0.00517808,0.28523419,0.05107612,-0.98056528,-0.18942691,0.28067167,0.19612371,-0.93955229,-0.00346249,-0.00597608,-0.00422386,,,
0.95827207,-0.00556232,0.28580362,0.05128452,-0.98024375,-0.19102962,0.28121975,0.19771565,-0.93905495,-0.00412523,-0.0010674,-0.00708909,,,
0.95811135,-0.00574161,0.28633841,0.05137565,-0.98013552,-0.1915606,0.28175023,0.1982472,-0.938784,-0.00592124,-0.00551397,-0.00610152,,,
0.95784846,-0.00589851,0.28721341,0.05161269,-0.97998714,-0.19225285,0.28259948,0.19897295,-0.93837473,-0.00422759,-0.00338429,0.00116695,,,
0.95756918,-0.0059434,0.28814222,0.05199221,-0.97982164,-0.19299364,0.28347499,0.19978591,-0.93793801,,,,,,
