0,1,2,3,4,5,6,7,8,9,10,11
0.12549021,-0.98026819,-0.15273008,-0.87992975,-0.03887015,-0.47351108,0.4582312,0.19381274,-0.86744496,-0.01443734,0.01825941,-0.00555256
0.12577092,-0.98016225,-0.1531784,-0.87984376,-0.03887382,-0.47367052,0.45831933,0.19434704,-0.86727884,-0.01525466,0.0176537,0.00266537
0.12640793,-0.98002181,-0.15355135,-0.87977941,-0.03924862,-0.47375882,0.45826735,0.19497815,-0.86716434,-0.02825576,0.01161778,0.00413291
0.12686833,-0.9800359,-0.1530818,-0.87975147,-0.03988514,-0.47375784,0.45819401,0.1947788,-0.86724818,-0.01696037,0.01074529,-0.00144387
0.12703797,-0.98008318,-0.15263764,-0.87974166,-0.04025088,-0.47374508,0.4581658,0.19446529,-0.8673334,-0.00653683,0.01082647,-0.00344457
0.12702949,-0.98018219,-0.15200772,-0.87982559,-0.04058312,-0.47356087,0.45800699,0.19389647,-0.86754462,0.00202644,0.01142311,0.00342425
0.1267574,-0.98021694,-0.15201072,-0.87991133,-0.04036894,-0.47341982,0.45791762,0.19376541,-0.86762105,0.00423185,0.01773775,-0.0046863
0.1265878,-0.98016987,-0.152455,-0.87992105,-0.0400033,-0.47343284,0.45794591,0.19407918,-0.86753603,-0.0072442,0.02032781,-0.01116178
0.12647124,-0.97993251,-0.15406901,-0.87991844,-0.03911579,-0.47351182,0.45798311,0.19545378,-0.8672077,-0.02332774,0.00776708,0.01218142
0.12662877,-0.97978288,-0.15488886,-0.87983579,-0.03882826,-0.47368893,0.45809826,0.19625939,-0.86696482,-0.02399709,0.00863206,0.01438461
0.12672298,-0.97978635,-0.15478956,-0.87980195,-0.03894791,-0.47374188,0.45813713,0.19621812,-0.86695353,-0.02010832,0.01119244,0.00544166
0.12695034,-0.9798567,-0.15415728,-0.87968642,-0.03941246,-0.47391821,0.45829621,0.19577415,-0.86697006,-0.01349191,0.01937091,0.00149728
0.1271589,-0.97995337,-0.15336867,-0.87958688,-0.03994222,-0.47405852,0.45842937,0.19518182,-0.86703314,-0.00768841,0.0055654,0.00210098
0.12719752,-0.98000915,-0.15297943,-0.87951805,-0.0401365,-0.47416967,0.45855058,0.19486135,-0.86704099,-0.0052885,0.01136637,0.00166598
0.1270765,-0.98007622,-0.15265005,-0.87948501,-0.04017117,-0.47422805,0.45864753,0.19451665,-0.86706716,-0.00305334,0.01385891,0.00348986
0.12653228,-0.98010392,-0.15292417,-0.87953115,-0.03956038,-0.47419389,0.45870957,0.19450239,-0.86703759,0.00421602,0.01332593,-0.0015163
0.126165875,-0.980107294,-0.153205241,-0.879567096,-0.0391046543,-0.474165086,0.458741624,0.194577739,-0.867003799,0.00352431438,0.0084168911,-0.000845672854
0.125072384,-0.979869884,-0.155601807,-0.879521552,-0.0369259311,-0.474424211,0.459128252,0.196192512,-0.866435096,-0.0092910789,0.0164757967,-0.000607131049
0.12490217,-0.97980682,-0.15613481,-0.87948911,-0.03649847,-0.47451747,0.45923676,0.19658714,-0.86628817,-0.01476498,0.01619923,0.00452116
0.12478946,-0.97978758,-0.15634574,-0.87941348,-0.03626102,-0.4746759,0.45941227,0.19672712,-0.8661634,-0.01614834,0.00771761,-0.00174066
0.12494131,-0.97979975,-0.15614762,-0.87923196,-0.0364179,-0.47499986,0.45971818,0.19663708,-0.86602135,-0.00415669,0.01008356,-0.00535323
0.12506429,-0.979822,-0.15590967,-0.87916621,-0.03661756,-0.47510629,0.45981056,0.19648935,-0.86600595,-0.00337544,0.01364982,-0.00435669
0.12525468,-0.97994036,-0.15501019,-0.8790624,-0.03718329,-0.47525436,0.45995713,0.19579146,-0.8660861,0.00284876,0.01183891,-0.01038748
0.12525468,-0.97994036,-0.15501019,-0.8790624,-0.03718329,-0.47525436,0.45995713,0.19579146,-0.8660861,0.00284876,0.01183891,-0.01038748
0.12528342,-0.97996567,-0.15482678,-0.87905123,-0.03729372,-0.47526634,0.45997063,0.19564366,-0.86611231,0.00605454,0.01781356,-0.01055914
0.12528143,-0.97985492,-0.15552775,-0.87908762,-0.03696745,-0.47522451,0.45990162,0.19625933,-0.86600966,-0.00954596,0.01283026,-0.00223015
0.12528143,-0.97985492,-0.15552775,-0.87908762,-0.03696745,-0.47522451,0.45990162,0.19625933,-0.86600966,-0.00954596,0.01283026,-0.00223015
0.12568296,-0.97963002,-0.15661624,-0.87888868,-0.03672071,-0.47561127,0.46017205,0.19742444,-0.8656009,-0.0159833,0.0163393,-0.00459411
0.12597373,-0.97956118,-0.15681336,-0.87876613,-0.03683799,-0.4758287,0.46032665,0.19774417,-0.86544581,-0.01455148,0.01743484,0.00590231
0.12643443,-0.97952701,-0.15665578,-0.87859194,-0.03726042,-0.47611732,0.46053274,0.19783411,-0.86531553,-0.00518761,0.01398528,-0.00218579
0.1267068,-0.97949954,-0.15660767,-0.87852722,-0.03750483,-0.47621762,0.46058141,0.1979241,-0.86526913,-0.00733491,0.01587343,-0.00368821
0.12703422,-0.97941847,-0.15684898,-0.87849771,-0.03767381,-0.47625862,0.46054742,0.19829259,-0.86520275,-0.01037773,0.02348006,-0.00515397
0.12736154,-0.97934451,-0.15704569,-0.87848916,-0.03787362,-0.47625869,0.46047345,0.19861998,-0.86516718,-0.00567816,0.01420271,-0.00557196
0.12744536,-0.97932372,-0.15710724,-0.8785341,-0.03793966,-0.47617052,0.4603645,0.19870978,-0.86520451,-0.00841755,0.02022219,0.00909016
0.12746372,-0.97933206,-0.15704046,-0.87862259,-0.03802713,-0.47600028,0.46019053,0.19865206,-0.86531034,-0.00687731,0.02380538,-0.00847976
0.127573775,-0.979231867,-0.157574708,-0.878714073,-0.0379075636,-0.475840817,0.459985235,0.199167908,-0.865300831,-0.0112326369,0.0252792835,0.000803846167
0.12764698,-0.97915063,-0.1580198,-0.87873329,-0.03776658,-0.47581661,0.45992827,0.1995938,-0.86523305,-0.01731993,0.02543616,0.00182048
0.127981617,-0.979009554,-0.158622133,-0.878745723,-0.037785236,-0.475792192,0.45981153,0.200281172,-0.865136273,-0.00797544885,0.0120167732,8.42411537e-05
0.12796021,-0.97904661,-0.15840997,-0.87915383,-0.03804633,-0.4750166,0.45903651,0.20004993,-0.86560099,-0.01417072,0.02100527,0.00206235
0.12710356,-0.9792376,-0.15791806,-0.87989653,-0.03782397,-0.47365714,0.45784985,0.19915501,-0.86643533,-0.00516496,0.01461589,0.00259609
0.1269469,-0.97912721,-0.15872732,-0.88015652,-0.03740282,-0.47320765,0.45739364,0.19977712,-0.86653337,-0.01000376,0.00130206,0.00792415
0.12681205,-0.97906553,-0.15921487,-0.88025933,-0.03708872,-0.47304115,0.45723321,0.20013769,-0.86653486,-0.0071586,0.00473785,0.00946497
0.12622636,-0.97919297,-0.15889599,-0.88083104,-0.03695626,-0.47198603,0.45629322,0.19953758,-0.86716841,-0.02220198,0.01261127,0.00801766
0.12545993,-0.97953727,-0.15737347,-0.88139587,-0.03723311,-0.47090855,0.455413,0.19778846,-0.86803137,-0.01774276,0.02084136,0.00452524
0.12511489,-0.97967398,-0.15679637,-0.88152413,-0.03724998,-0.47066716,0.45525972,0.19710724,-0.86826678,-0.00564582,-0.00144398,0.01516767
0.124682012,-0.979733563,-0.156768661,-0.881685673,-0.0369365085,-0.470389114,0.455065537,0.196869724,-0.868422361,-0.0132791931,-9.68575478e-05,0.0216248743
0.12386507,-0.9797592,-0.1572558,-0.88228651,-0.03621461,-0.46931765,0.45412332,0.19687674,-0.86891405,-0.04957263,0.01414824,0.02720988
0.12320584,-0.97986523,-0.1571127,-0.88254616,-0.03579133,-0.4688616,0.45379791,0.19642569,-0.86918599,-0.0389046,-0.00114065,0.03177656
0.120266857,-0.980488344,-0.155494381,-0.883315537,-0.0342027359,-0.467529517,0.453088907,0.19357891,-0.870194045,0.0627730861,-0.000706017017,0.00445726607
0.11825642,-0.98049218,-0.15700453,-0.88441515,-0.03211367,-0.46559473,0.45147001,0.19391674,-0.87095978,0.05339942,0.01255703,-0.02060748
0.11688341,-0.98032891,-0.15903878,-0.88502184,-0.03015239,-0.46457182,0.45063782,0.19505351,-0.87113681,0.04878472,0.03953099,-0.02479743
0.11325922,-0.97967185,-0.16557604,-0.88696039,-0.02459436,-0.46119021,0.44774282,0.19909343,-0.87171567,0.03523211,0.04400933,-0.04281774
0.11172739,-0.97898227,-0.1706186,-0.88868711,-0.02160051,-0.45800508,0.4446934,0.20279826,-0.87242229,-0.02376998,0.0214777,-0.03601194
0.1113735,-0.97904136,-0.17051056,-0.88935278,-0.02162973,-0.4567096,0.44344951,0.20250937,-0.87312213,-0.0329827,0.02563536,-0.01510716
0.11056119,-0.98068242,-0.16136339,-0.89179957,-0.02622188,-0.45167008,0.43871367,0.19384098,-0.87747128,0.09317884,-0.01224303,0.0030543
0.1114021,-0.98095107,-0.15913682,-0.89221162,-0.02820273,-0.45073603,0.4376619,0.19219666,-0.87835778,0.10780582,-0.02117991,-0.00354056
0.11407926,-0.98054249,-0.1597569,-0.89261894,-0.0305695,-0.44977422,0.43613906,0.19391194,-0.87873815,0.11920901,-0.02493429,-0.01696098
0.11750512,-0.9794339,-0.16401739,-0.89309042,-0.03199996,-0.44873757,0.43426025,0.19921131,-0.87848319,0.01099197,0.02765727,-0.04211463
0.11906288,-0.9790146,-0.16539185,-0.89387053,-0.03317704,-0.44709595,0.43222625,0.20107143,-0.87906246,0.0233352,-0.00797474,-0.04544472
0.12244493,-0.97915987,-0.16202861,-0.89564448,-0.03868077,-0.44308561,0.42758424,0.19937362,-0.8817154,0.01885395,-0.01496291,-0.01696067
0.1257259,-0.97982174,-0.15537819,-0.89673164,-0.04524937,-0.44025548,0.42434112,0.19468405,-0.88432617,0.07985744,-0.05070513,-0.00539571
0.12777389,-0.97990259,-0.15318236,-0.89694887,-0.04825389,-0.43949335,0.42326901,0.19355253,-0.88508811,0.10944884,-0.07604599,-0.00148107
0.1317677,-0.97970393,-0.15105464,-0.89724693,-0.05309476,-0.43832514,0.42140865,0.19329041,-0.88603252,0.12005919,-0.05779493,0.02242493
0.13502748,-0.97921097,-0.15137197,-0.8993717,-0.05701276,-0.4334514,0.41581023,0.19466752,-0.88837292,0.06456592,-0.01118797,-0.03491989
0.13502748,-0.97921097,-0.15137197,-0.8993717,-0.05701276,-0.4334514,0.41581023,0.19466752,-0.88837292,0.06456592,-0.01118797,-0.03491989
0.13968523,-0.97657499,-0.16367469,-0.90294707,-0.05778115,-0.42584978,0.40641692,0.20727452,-0.8898667,0.00404266,-0.07107162,0.00932784
0.14095364,-0.97599165,-0.16604875,-0.90372578,-0.05836062,-0.424115,0.40424202,0.20984307,-0.89025495,-0.0353642,-0.04962605,0.01533557
0.142776,-0.9753013,-0.16852975,-0.90543647,-0.05993362,-0.42022925,0.39974955,0.21259161,-0.89163044,-0.04970665,0.02492094,0.00801297
0.14488171,-0.97516532,-0.16751656,-0.90706648,-0.06326703,-0.41620615,0.39527154,0.21224931,-0.89370601,-0.01760654,-0.05760777,0.04772474
0.14624039,-0.97508712,-0.16678958,-0.90779564,-0.06528156,-0.41430095,0.39309125,0.21199837,-0.89472663,-0.0143696,-0.06113493,0.05520892
0.14693736,-0.97498255,-0.16678829,-0.90994253,-0.06712283,-0.40926639,0.3878323,0.21190426,-0.89704093,0.01714804,-0.02221358,-0.04832996
0.14544742,-0.97412627,-0.17298226,-0.91351289,-0.06508765,-0.40156887,0.3799198,0.21642866,-0.89934373,-0.07181686,0.05116749,-0.09990538
0.143687464,-0.974125126,-0.174453881,-0.916457511,-0.0644584305,-0.394905996,0.373442829,0.216622611,-0.902006157,-3.78161203e-05,-0.0144088864,0.0194897596
0.1404456,-0.97443743,-0.17534699,-0.91918105,-0.06251033,-0.38884247,0.36794167,0.21578683,-0.90446372,0.04199308,0.0760932,-0.04792086
0.13899638,-0.97381739,-0.17988774,-0.92047714,-0.06005062,-0.38615494,0.36524204,0.21925668,-0.90472346,0.04318744,0.04422176,-0.04761719
0.13624161,-0.97109063,-0.19601293,-0.92278229,-0.05241026,-0.38174055,0.36043159,0.2328862,-0.9032457,-0.01420566,-0.02429771,-0.03149787
0.13385967,-0.96821213,-0.21129786,-0.92534639,-0.04580134,-0.37634586,0.35470491,0.24590124,-0.90206255,-0.1392803,0.0078547,0.02297522
0.132126442,-0.967515529,-0.215536816,-0.927056729,-0.043646562,-0.372371557,0.350867837,0.249014971,-0.902708646,-0.164791822,0.0768665075,-0.000417936593
0.12768382,-0.96726103,-0.21932338,-0.93032785,-0.04015362,-0.36452371,0.34378296,0.25058642,-0.90499684,-0.08301939,0.06680131,0.01305274
0.12392197,-0.96789153,-0.21869914,-0.93284514,-0.03849465,-0.35821514,0.33829466,0.24840315,-0.90766324,-0.02949196,-0.05411249,-0.06053792
0.11410021,-0.96949063,-0.21695396,-0.93745622,-0.0327771,-0.34655656,0.32887222,0.24292701,-0.91259489,0.05479226,0.02587056,-0.03895939
0.10740986,-0.96843675,-0.22492997,-0.94010717,-0.02531363,-0.33993801,0.32351467,0.24797097,-0.91315326,0.02118869,0.08208835,-0.0423866
0.1049749,-0.96691659,-0.23249202,-0.94118907,-0.021098,-0.33722095,0.32115942,0.25421868,-0.91226609,-0.0417353,0.02497971,-0.00703831
0.10085651,-0.96406681,-0.24577038,-0.94304155,-0.01392207,-0.3323834,0.31701817,0.26529471,-0.91055919,-0.1345685,-0.06675148,0.04640087
0.09474149,-0.9636169,-0.24993299,-0.94554938,-0.00857511,-0.32536565,0.31138464,0.2671496,-0.91195977,-0.13358615,0.04749703,0.04643732
0.09474149,-0.9636169,-0.24993299,-0.94554938,-0.00857511,-0.32536565,0.31138464,0.2671496,-0.91195977,-0.13358615,0.04749703,0.04643732
0.08524138,-0.9647913,-0.24882045,-0.94866269,-0.00224708,-0.31628152,0.30458654,0.26300695,-0.91545305,0.00525773,0.07408524,-0.04262455
0.08524138,-0.9647913,-0.24882045,-0.94866269,-0.00224708,-0.31628152,0.30458654,0.26300695,-0.91545305,0.00525773,0.07408524,-0.04262455
0.08524138,-0.9647913,-0.24882045,-0.94866269,-0.00224708,-0.31628152,0.30458654,0.26300695,-0.91545305,0.00525773,0.07408524,-0.04262455
0.07106511,-0.96566147,-0.24989551,-0.95409976,0.00726514,-0.29940099,0.29093552,0.25970222,-0.92082108,-0.01830428,-0.09601468,-0.04595895
0.05995823,-0.96558664,-0.2530758,-0.95769473,0.01584485,-0.28734932,0.28147062,0.25959831,-0.92378721,-0.00800981,0.05058944,-0.07435872
0.05419214,-0.96488673,-0.25701493,-0.95928759,0.02114193,-0.28163842,0.27718296,0.26181382,-0.92445814,-0.02217767,-0.00723791,-0.04747398
0.04357657,-0.96318301,-0.26529125,-0.96191386,0.03127651,-0.27155734,0.2698568,0.26702087,-0.92513617,-0.04571651,-0.18499142,0.05221829
0.03154011,-0.96316535,-0.26705368,-0.9645273,0.0407325,-0.26082157,0.26209206,0.26580691,-0.92771456,-0.09057353,-0.11418891,0.09358738
0.02454943,-0.9637074,-0.26582958,-0.96589161,0.04570168,-0.25488181,0.25778035,0.26301976,-0.92971494,-0.09297372,0.02715385,0.04391769
0.00975802,-0.9647539,-0.26297248,-0.96819914,0.05663136,-0.2436866,0.24999009,0.25698763,-0.93352129,-0.01124103,0.19321036,-0.01199804
-0.00291349,-0.96478767,-0.26301391,-0.96994145,0.06672375,-0.23401193,0.2433211,0.2544263,-0.93598195,-0.03329166,0.07312727,-0.08624379
-0.00822034,-0.96455994,-0.26373569,-0.97065768,0.07108345,-0.22971893,0.24032492,0.25410871,-0.93684184,-0.05275601,-0.05002952,-0.10623124
-0.01983748,-0.96398153,-0.2652283,-0.97213732,0.08057156,-0.22013002,0.23357113,0.2534715,-0.93872075,0.01322732,-0.15295565,0.04829969
-0.03301598,-0.96328823,-0.26643141,-0.97308936,0.09180796,-0.21134892,0.22805045,0.25228368,-0.94039665,0.0327506,0.0935899,0.00356954
-0.03924392,-0.96202294,-0.27013313,-0.97339674,0.09787982,-0.20716769,0.22574066,0.25481663,-0.94027118,0.03293368,0.11698759,-0.01856055
-0.04914024,-0.95793136,-0.28275906,-0.97375261,0.1089412,-0.19984398,0.22224092,0.26551699,-0.93814156,-0.0059262,-0.10652393,-0.03341845
-0.05734207,-0.9538194,-0.29485653,-0.9734789,0.11893758,-0.19542934,0.22147382,0.27583029,-0.93534319,-0.01637023,-0.17367685,0.06844632
-0.06194355,-0.95261329,-0.29780967,-0.97324348,0.12380067,-0.19357233,0.2212686,0.27785078,-0.93479333,-0.08546813,-0.07371604,0.08328593
-0.06194355,-0.95261329,-0.29780967,-0.97324348,0.12380067,-0.19357233,0.2212686,0.27785078,-0.93479333,-0.08546813,-0.07371604,0.08328593
-0.08085395,-0.95189167,-0.29557532,-0.97171352,0.1412963,-0.18923027,0.22189041,0.27191453,-0.93639038,-0.02681428,-0.0664804,0.00233393
-0.08474535,-0.95192002,-0.29439145,-0.97138718,0.14471785,-0.18831767,0.22186705,0.27000904,-0.93694707,0.00185373,-0.09752274,0.00333929
-0.09057848,-0.95229996,-0.29141064,-0.9710469,0.14940283,-0.18640437,0.22105044,0.26608918,-0.93826061,0.03986419,-0.0278365,0.01367622
-0.09419064,-0.95213424,-0.29080633,-0.97104209,0.15228488,-0.18408265,0.21955679,0.26504633,-0.93890623,0.00288253,0.13231862,0.02620975
-0.09565683,-0.95192399,-0.29101611,-0.97116943,0.15338165,-0.18249361,0.21835658,0.2651692,-0.93915148,-0.01965696,0.12353039,0.01877262
-0.09771594,-0.95185701,-0.29055046,-0.97178352,0.1542359,-0.17845972,0.21468144,0.2649138,-0.94007026,-0.05788771,-0.03034818,-0.03554849
-0.09769565,-0.95258482,-0.28816249,-0.97283796,0.15246505,-0.17418565,0.20986131,0.26331823,-0.94160584,-0.05520027,-0.13837636,-0.06670097
-0.09746619,-0.95318183,-0.28625999,-0.97340135,0.15122179,-0.17210989,0.20734077,0.26187096,-0.94256749,-0.02649385,-0.02591878,-0.00422076
-0.09792531,-0.95503708,-0.2798473,-0.97419229,0.14945497,-0.16915193,0.20337092,0.25606084,-0.94502518,0.02988654,0.21797574,-0.00345357
-0.09781784,-0.95616608,-0.27600336,-0.97510714,0.14753602,-0.16552642,0.19899118,0.25294142,-0.94679603,0.02592971,0.08255553,-0.05715104
-0.09726871,-0.95607053,-0.27652848,-0.97573833,0.14636441,-0.1628257,0.19614678,0.25398159,-0.94711134,0.01627466,-0.02377093,-0.05539341
-0.09519803,-0.95555173,-0.27903041,-0.97690161,0.14354854,-0.15829355,0.19131207,0.25751604,-0.94714556,-0.01987753,-0.05959296,0.00417901
-0.09423305,-0.95528975,-0.28025283,-0.97744993,0.14221369,-0.15609908,0.18897564,0.25922342,-0.94714912,-0.04422671,0.07433558,0.02814243
-0.09457305,-0.95535464,-0.27991677,-0.97755714,0.14229001,-0.1553562,0.18824962,0.25894213,-0.94737054,-0.03098869,0.09551775,0.0049205
-0.09550865,-0.95550113,-0.27909755,-0.97777074,0.14262785,-0.15369282,0.18666074,0.25821444,-0.94788323,-0.02040612,0.01320779,-0.06006011
-0.09488545,-0.95525395,-0.28015448,-0.97813136,0.14178598,-0.15216996,0.18508293,0.25958917,-0.94781728,0.02173198,-0.08224106,-0.03152736
-0.09323771,-0.95425209,-0.28409438,-0.97822431,0.14093943,-0.15235884,0.18542884,0.26370244,-0.94661347,0.01073298,0.0895555,0.01876702
-0.0939933,-0.95311979,-0.28762458,-0.97805341,0.1423618,-0.15213358,0.18594828,0.26701266,-0.94558311,-0.01380018,0.03501403,0.01857371
-0.09434435,-0.95228352,-0.2902677,-0.97801059,0.14312951,-0.15168821,0.18599606,0.26957395,-0.94484682,-0.02137935,-0.02220201,-0.01081826
-0.09411149,-0.9504336,-0.29634248,-0.978087,0.14379457,-0.15056172,0.18571135,0.27567914,-0.94313946,-0.02694397,-0.0437907,-0.00476824
-0.09287613,-0.94881676,-0.30186186,-0.97835656,0.14326892,-0.14930607,0.18491151,0.28146158,-0.94158737,0.02531686,0.088395,0.02772032
-0.09288127,-0.94837236,-0.30325374,-0.97845236,0.14334518,-0.14860364,0.18440153,0.28291685,-0.94125125,0.00902573,0.08863926,0.00941373
-0.09307822,-0.94666483,-0.3084835,-0.97862096,0.1440556,-0.14679554,0.18340495,0.28822496,-0.93983449,-0.04364882,-0.01691222,-0.03626248
-0.09209124,-0.94396432,-0.31693915,-0.97876177,0.14435686,-0.14555545,0.18315148,0.29680355,-0.93721019,-0.04061387,-0.06210196,0.00500652
-0.0913701124,-0.942972906,-0.320083349,-0.97863626,0.144478271,-0.146276807,0.184180139,0.299879861,-0.936028473,-0.0390758365,0.000376462936,0.043493282
-0.09064313,-0.9418498,-0.32357819,-0.97811296,0.14530158,-0.14893804,0.18729369,0.3029958,-0.93440609,-0.06366266,0.12420225,0.07163616
-0.09112889,-0.94062127,-0.32699705,-0.97747413,0.1472595,-0.1511916,0.19036745,0.30585324,-0.93285254,-0.05183855,0.07738173,-0.00334276
-0.09162859,-0.94027798,-0.32784331,-0.97722562,0.14818788,-0.15188886,0.19140014,0.30645953,-0.93244198,-0.05464165,0.0187043,-0.03599019
-0.09235116,-0.93946001,-0.32997889,-0.97676581,0.14983708,-0.15322318,0.19339012,0.30816177,-0.93147005,-0.02095148,0.04889071,0.03846861
-0.09550925,-0.93720015,-0.33546083,-0.97584392,0.15467321,-0.15428842,0.19648594,0.31262143,-0.92933379,-0.03692127,0.08070648,0.05156522
-0.09836696,-0.9345137,-0.3420643,-0.97503044,0.15927505,-0.15474822,0.19909664,0.318301,-0.9268467,-0.06755725,-0.03037149,0.03605368
-0.10106253,-0.93179475,-0.34863308,-0.97425723,0.16367262,-0.1550297,0.20151756,0.3239906,-0.92434894,-0.07518846,-0.00409406,0.04757076
-0.10106253,-0.93179475,-0.34863308,-0.97425723,0.16367262,-0.1550297,0.20151756,0.3239906,-0.92434894,-0.07518846,-0.00409406,0.04757076
-0.10715203,-0.93023931,-0.35096059,-0.97302621,0.17064887,-0.15523854,0.20430002,0.32485972,-0.9234326,-0.05213638,0.09456253,0.04891434
-0.11209422,-0.93014212,-0.34967185,-0.9722121,0.17543527,-0.15500323,0.20551979,0.32258024,-0.9239607,-0.02218857,-0.02368063,0.02254228
-0.11439755,-0.92999572,-0.3493152,-0.97180251,0.17773964,-0.15494664,0.20618687,0.32173987,-0.92410515,0.00874552,-0.04869872,0.0105773
-0.11785422,-0.92958566,-0.34925741,-0.97098042,0.18158042,-0.15564533,0.20810397,0.32077866,-0.92400949,0.03884353,0.02763116,0.01653916
-0.12062803,-0.92882693,-0.35032768,-0.97036173,0.18476785,-0.15575303,0.2093969,0.32115639,-0.92358629,0.00832021,0.13712883,0.02597104
-0.12193609,-0.9285184,-0.35069221,-0.9701407,0.18613399,-0.15550258,0.20966273,0.32125942,-0.92348994,-0.00532886,0.08358836,0.008511
-0.12379235,-0.92794967,-0.35154639,-0.96964205,0.1884066,-0.15587576,0.21087852,0.32157794,-0.92310231,-0.00205174,-0.05394876,-0.02550138
-0.124856,-0.92747038,-0.35243377,-0.96919831,0.19001251,-0.15668377,0.21228637,0.32201531,-0.92262693,0.0041499,-0.05723381,-0.00984378
-0.12520524,-0.92736783,-0.35257981,-0.96901529,0.1905708,-0.15713725,0.21291545,0.32198082,-0.92249408,0.024558,-0.00857973,0.02170444
-0.12519254,-0.92750635,-0.35221955,-0.96873041,0.19092929,-0.15845276,0.21421496,0.3213687,-0.92240653,0.027845,0.04291654,0.02131816
-0.1244215,-0.92752582,-0.35244143,-0.96863138,0.19054779,-0.15951382,0.21511011,0.32153889,-0.92213886,0.02309404,-0.06399238,-0.03551663
-0.12388283,-0.92709967,-0.3537503,-0.96851811,0.19054553,-0.16020328,0.21592995,0.32276713,-0.92151814,0.01516297,-0.1081897,-0.04031479
-0.12220537,-0.92607049,-0.35701412,-0.96799566,0.19065494,-0.16320212,0.21920315,0.32564396,-0.91973127,-0.02553125,-0.02274656,0.02452676
-0.12011777,-0.92602187,-0.35784796,-0.9674969,0.18999097,-0.1668926,0.22253408,0.32617003,-0.91874458,-0.0452377,0.15351498,0.07506608
-0.1185632,-0.92637705,-0.35744645,-0.96742667,0.18886166,-0.16857238,0.2236695,0.32581677,-0.91859391,-0.02708562,0.13528776,0.07905902
-0.11526139,-0.92775138,-0.35495367,-0.96730555,0.18609728,-0.17230126,0.22590865,0.32348897,-0.91886889,-0.02396751,-0.00985062,0.04979326
-0.11444702,-0.9284027,-0.3535114,-0.96645031,0.18641884,-0.17669701,0.22994717,0.32142876,-0.91859016,-0.06672647,0.14201653,0.11437415
-0.11538417,-0.92885823,-0.35200679,-0.9657735,0.18778214,-0.17893951,0.23231002,0.31931205,-0.91873375,-0.07291455,0.23786902,0.12777567
-0.11716699,-0.93104334,-0.34558681,-0.9646116,0.18945996,-0.18338327,0.23621263,0.31187058,-0.92029366,-0.00979813,0.25528955,0.06745696
-0.11779647,-0.93339093,-0.33897688,-0.96391587,0.18953536,-0.18692918,0.23872611,0.3047256,-0.92203692,0.0414499,0.1674155,0.02025597
-0.11826636,-0.93405649,-0.33697399,-0.96364573,0.18984001,-0.18800963,0.23958276,0.30248833,-0.92255123,0.02730649,0.14034748,0.00724102
-0.12006083,-0.93394102,-0.33665958,-0.96316023,0.19177714,-0.18853109,0.24064053,0.30162191,-0.92255977,-0.01599317,0.1317625,-0.01722853
-0.12337929,-0.93206971,-0.34062244,-0.96285084,0.19551964,-0.18625352,0.24019964,0.30498878,-0.92156718,-0.0308451,0.08950746,-0.02984305
-0.12524711,-0.93104509,-0.34273634,-0.96278392,0.19745372,-0.18455124,0.23950009,0.30686652,-0.92112575,-0.03345126,0.04088438,-0.02506466
-0.1289164,-0.9300498,-0.34407528,-0.9628196,0.20045592,-0.18109598,0.2374002,0.30793619,-0.92131224,-0.06445102,0.01647437,0.00846066
-0.1289164,-0.9300498,-0.34407528,-0.9628196,0.20045592,-0.18109598,0.2374002,0.30793619,-0.92131224,-0.06445102,0.01647437,0.00846066
-0.13679857,-0.92944886,-0.34265256,-0.96303122,0.20581827,-0.17380901,0.23207073,0.3062083,-0.92324392,-0.08488946,0.15684342,0.02537014
-0.14259147,-0.92976677,-0.3394132,-0.96313715,0.20937047,-0.16891053,0.22811049,0.30281626,-0.92534735,0.00457987,0.04390073,-0.01924543
-0.14831487,-0.93010566,-0.3360153,-0.96295815,0.21319848,-0.16510025,0.22519863,0.29908185,-0.92727333,0.01701089,-0.0130198,-0.00408846
-0.15125098,-0.93017929,-0.33449892,-0.96280815,0.21527138,-0.16327471,0.22388279,0.29736284,-0.92814421,0.00710082,-0.00289035,-0.00832453
-0.15682596,-0.92997894,-0.33248264,-0.9625637,0.21928366,-0.15932905,0.22108067,0.29504879,-0.92955334,0.00791664,-0.05036366,-0.01834789
-0.16195246,-0.92926292,-0.33202685,-0.96228468,0.22325223,-0.15545622,0.21858543,0.29432784,-0.93037172,0.02202874,-0.12976718,-0.03021963
-0.16406984,-0.92877043,-0.33236494,-0.96207184,0.22509946,-0.15410367,0.21794209,0.29447519,-0.93047591,0.01125773,-0.13039726,-0.01510761
-0.16784057,-0.92769547,-0.33348285,-0.96155453,0.22864332,-0.15210269,0.21735361,0.29513294,-0.93040541,-0.02092712,-0.13779444,-0.02872602
-0.16982108,-0.9271782,-0.3339181,-0.96104939,0.23078733,-0.15205665,0.21804767,0.29508937,-0.93025659,0.00565489,-0.16958046,-0.0451531
-0.17029879,-0.92709073,-0.33391766,-0.96083202,0.23141518,-0.15247549,0.21863223,0.2948724,-0.93018818,0.03083336,-0.17502457,-0.04022601
-0.17085048,-0.92738272,-0.33282309,-0.96056769,0.23197623,-0.15328604,0.21936186,0.29351012,-0.93044713,0.04848563,-0.09204811,-0.01539057
-0.17060596,-0.92763961,-0.33223217,-0.96045393,0.23185843,-0.15417467,0.22004936,0.29279058,-0.93051154,0.01831249,-0.00295484,-0.04426227
-0.17005506,-0.92736308,-0.33328468,-0.96044731,0.23165524,-0.15452056,0.22050379,0.29382539,-0.93007753,0.02831248,-0.0273453,-0.02468502
-0.16759723,-0.92650848,-0.33688746,-0.9605638,0.23037434,-0.1557075,0.22187454,0.29750576,-0.9285806,0.0264082,-0.17015749,0.01962867
-0.16260218,-0.92641038,-0.33959417,-0.96066212,0.22717386,-0.15975055,0.22514148,0.30025948,-0.92690632,-0.01034663,-0.04990864,0.05836366
-0.15968881,-0.92693519,-0.33954456,-0.96069843,0.2250407,-0.16252727,0.22706359,0.30024615,-0.92644167,-0.01075884,0.05060291,0.0791982
-0.15433877,-0.9292439,-0.33568598,-0.96089421,0.220236,-0.1678638,0.22991654,0.29665083,-0.92689603,-0.00946038,0.06780851,0.05119761
-0.14910083,-0.931663409,-0.331318804,-0.960908595,0.215566762,-0.173739989,0.233288509,0.292462314,-0.927384561,0.000533494167,0.00221657753,-0.0337736234
-0.14667416,-0.93244105,-0.33021241,-0.96076624,0.21373053,-0.17676934,0.23540346,0.29132945,-0.92720663,-0.00587015,-0.00773525,-0.05590842
-0.14132648,-0.93328469,-0.33016114,-0.96054263,0.20997789,-0.18239256,0.23955072,0.29135696,-0.92613517,-0.00795549,0.0189836,-0.01534183
-0.1246476,-0.93423362,-0.33417106,-0.96114014,0.19730271,-0.19308319,0.24631766,0.29711787,-0.92252273,-0.11193615,-0.1202476,-0.08724366
-0.12273903,-0.93560788,-0.33101799,-0.96113344,0.19517363,-0.19526822,0.24730046,0.29418543,-0.92319944,-0.03830015,-0.01223099,-0.05702361
-0.12045321,-0.93787288,-0.32540053,-0.96146433,0.19181847,-0.19695693,0.2471384,0.2891369,-0.92483647,0.03762118,-0.04298598,-0.08049306
-0.1192756,-0.93824517,-0.32476024,-0.96170794,0.19047261,-0.19707343,0.24676112,0.28881845,-0.92503656,0.0270567,-0.03676975,-0.08760905
-0.11725684,-0.93703265,-0.32896881,-0.96243929,0.18889849,-0.19500731,0.24486992,0.29374657,-0.92398668,-0.01137048,-0.00799203,-0.02901822
-0.11373673,-0.93580941,-0.33365353,-0.96332375,0.18603188,-0.19338945,0.24304586,0.29942089,-0.92264608,-0.02234072,-0.07702631,0.01866649
-0.11137976,-0.93567457,-0.33482465,-0.96372067,0.18393237,-0.19341998,0.24256325,0.30113437,-0.92221526,-0.0506271,-0.1146611,0.00870204
-0.10646061,-0.93567422,-0.33642188,-0.9643233,0.17963564,-0.19445169,0.24237678,0.30371802,-0.92141656,-0.07138418,-0.08427745,0.00869868
-0.100681,-0.93669458,-0.33536042,-0.96464732,0.17441996,-0.19756831,0.24355472,0.30361316,-0.92114069,-0.01454715,0.03475809,0.02426386
-0.09705989,-0.93776319,-0.33343602,-0.96477027,0.17096016,-0.19997737,0.24453569,0.30227938,-0.92131943,0.00293247,0.02147853,0.01245886
-0.0825384,-0.94044742,-0.32976641,-0.96460098,0.15855016,-0.21072887,0.25046393,0.30069978,-0.92024298,-0.00595477,0.02456784,0.05336982
-0.07920864,-0.94075561,-0.32970438,-0.96438831,0.15604264,-0.2135555,0.25235148,0.3010476,-0.91961364,0.00336472,0.02973604,0.07590622
-0.07341662,-0.94136333,-0.32930992,-0.96366803,0.15199172,-0.2196415,0.25681484,0.30122011,-0.91832046,-0.06747907,-0.0834139,0.01889492
-0.06866283,-0.94101828,-0.33131544,-0.96213104,0.15027496,-0.22742304,0.26379765,0.30315337,-0.9157012,-0.09657015,-0.06774068,-0.01753619
-0.06652368,-0.94077468,-0.33244217,-0.96110433,0.14992549,-0.23195035,0.26805458,0.30408141,-0.91415621,-0.04940476,0.00710618,0.00521042
-0.0524357946,-0.94262052,-0.329722544,-0.958335286,0.140336932,-0.248795002,0.280791522,0.302938987,-0.910705184,0.0990873277,0.0313717127,-0.000664422289
-0.04838911,-0.94226794,-0.33134508,-0.95762193,0.13806683,-0.25278002,0.28393427,0.30507151,-0.90901737,0.02134925,-0.05062789,-0.00667858
-0.0395303,-0.94006471,-0.33869721,-0.95578022,0.13442858,-0.26155919,0.29141315,0.31338058,-0.90380925,-0.14477938,-0.0233075,0.03288561
-0.02842175,-0.94044737,-0.33874909,-0.95204658,0.12874458,-0.27754663,0.30463011,0.31461655,-0.89900885,-0.08608076,0.19796121,0.05616174
-0.0228387,-0.94461739,-0.32737826,-0.94976978,0.12273379,-0.28787828,0.31211521,0.30435921,-0.89997212,0.07708783,0.15363455,-0.0146931
-0.01784158,-0.94697172,-0.32082109,-0.94617304,0.11970364,-0.30071174,0.32316897,0.29818709,-0.89813482,0.04376317,0.14810932,0.02040433
-0.01889282,-0.94552011,-0.325015,-0.9439767,0.12399002,-0.30583401,0.32947082,0.30102852,-0.89489147,-0.00871181,0.17572808,0.03162993
-0.02099415,-0.94428806,-0.32844993,-0.94208486,0.1286708,-0.30970952,0.33471691,0.30292562,-0.89230081,-0.01177572,0.1552304,0.0389986
-0.02186378,-0.9439936,-0.32923865,-0.94125826,0.13043573,-0.3114794,0.33697904,0.30308848,-0.89139359,0.00939024,0.05956566,0.03355907
-0.02275245,-0.94360646,-0.33028652,-0.93930337,0.13330303,-0.31613208,0.34233246,0.30304647,-0.8893657,-0.00365539,0.00998652,0.04719794
-0.02630751,-0.94278908,-0.33235025,-0.93694362,0.13915518,-0.32058152,0.34848902,0.30295975,-0.88700104,-0.00959468,0.13164568,0.04598691
-0.02782832,-0.94315204,-0.33119439,-0.93602779,0.14086741,-0.32250314,0.350824,0.30103243,-0.88673662,0.04158585,0.04125929,-0.05429206
-0.0274248,-0.94301608,-0.33161491,-0.93496899,0.14156822,-0.32525581,0.3536676,0.30112958,-0.88557327,0.04152267,0.02982783,0.0280102
-0.0278063162,-0.942694858,-0.33249519,-0.934329556,0.142745411,-0.326576015,0.355323695,0.301579206,-0.884756892,-0.0275634713,0.0659791231,4.55486588e-05
-0.02794706,-0.942938,-0.33179313,-0.93411976,0.14280114,-0.32715124,0.35586378,0.3007916,-0.8848079,-0.01192337,0.0431025,-0.03116738
-0.02740904,-0.94315623,-0.33121729,-0.93385731,0.1423583,-0.32809221,0.35659374,0.30031699,-0.88467524,0.00477609,0.05998588,0.00978561
-0.02665392,-0.94390364,-0.32914344,-0.93347707,0.14130212,-0.32962739,0.35764516,0.29846199,-0.88487866,0.03930224,0.16315806,0.04918954
-0.02801462,-0.94436831,-0.32769419,-0.93399267,0.14154312,-0.32805955,0.35619191,0.29687351,-0.88599836,0.02770587,0.1494534,-0.0095743
-0.03060956,-0.94453033,-0.3269946,-0.93431762,0.14327083,-0.32638016,0.35512475,0.29552646,-0.88687679,-0.04496022,0.00573611,-0.01073366
-0.03466057,-0.94468393,-0.32614571,-0.9340702,0.14667393,-0.32557597,0.35540346,0.29335834,-0.88748491,-0.0609959,-0.03092563,0.01272667
-0.03691216,-0.94480985,-0.3255331,-0.93388641,0.14855062,-0.32525197,0.35565941,0.29200518,-0.88782841,-0.05179114,-0.03716952,0.01803479
-0.04280505,-0.94613232,-0.32093814,-0.93333628,0.15247476,-0.32501506,0.35644222,0.28563092,-0.88958631,-0.00863346,-0.11266071,0.03265047
-0.04358169,-0.94638926,-0.32007486,-0.93311974,0.1530169,-0.3253818,0.3569147,0.28448748,-0.88976323,-0.04211825,-0.13622701,0.01068572
-0.0452408,-0.9464662,-0.31961699,-0.93258564,0.15470451,-0.32611432,0.35810237,0.28331654,-0.88965974,-0.05873258,-0.11149299,0.01400851
-0.04623109,-0.94725275,-0.31713568,-0.93164228,0.15543437,-0.32845533,0.360424,0.28027216,-0.88968661,-0.02120051,-0.05974686,0.00960094
-0.04456674,-0.9483122,-0.31419345,-0.93077876,0.15365007,-0.3317263,0.36285595,0.27766062,-0.88951654,-0.02102881,-0.09764856,-0.0131934
-0.04077584,-0.94907528,-0.31239944,-0.92911358,0.15102635,-0.33754847,0.36753946,0.27649074,-0.88795695,-0.02102668,0.07304668,-0.03392449
-0.03823944,-0.94988439,-0.31025378,-0.9263836,0.15010038,-0.34537416,0.37463473,0.2742071,-0.88569708,-0.00320101,0.13268471,-0.01570566
-0.04351091,-0.95058666,-0.30739514,-0.92442791,0.15499034,-0.34844081,0.37886646,0.26900366,-0.88549261,0.00390748,0.09306836,-0.03789079
-0.04542108,-0.94994635,-0.30909321,-0.92450277,0.15719376,-0.34725288,0.37845914,0.26998492,-0.88536794,-0.02275321,0.0556426,-0.02766857
-0.05448503,-0.94785987,-0.31399511,-0.92473423,0.16653149,-0.34224811,0.37669332,0.27171462,-0.88559194,-0.03047589,-0.0955773,0.02627907
-0.05646385,-0.94759503,-0.31444446,-0.92408224,0.16884123,-0.34287683,0.37799957,0.27121239,-0.88518916,-0.01289006,-0.05194217,0.02135914
-0.0548825053,-0.947597139,-0.314718063,-0.922895006,0.168449452,-0.346250634,0.381120199,0.271448622,-0.883777595,-0.00541209523,0.0183113813,-0.000203253119
-0.05179274,-0.94764254,-0.31510475,-0.92246357,0.16627886,-0.34844254,0.38259423,0.27262585,-0.88277776,-0.02186745,0.07509255,0.01620952
-0.04896726,-0.94790847,-0.31475632,-0.92221436,0.16392896,-0.3502111,0.38356575,0.27312391,-0.88220195,-0.02269423,0.06188583,-0.00952815
-0.04881086,-0.94841688,-0.31324559,-0.92191613,0.16344874,-0.35121939,0.384302,0.27164284,-0.8823389,-0.00222114,0.0270437,-0.02244184
-0.048981835,-0.948279166,-0.313635703,-0.921912113,0.16374135,-0.3510937,0.384289976,0.271947338,-0.882250401,-0.000882257591,0.0307657719,-0.00930626784
-0.04940702,-0.94779027,-0.31504359,-0.92205837,0.16451968,-0.35034492,0.38388438,0.27317908,-0.88204638,-0.01046009,0.03170574,0.0102483
-0.05011347,-0.94730285,-0.31639528,-0.92255779,0.1652612,-0.34867732,0.38259088,0.2744195,-0.88222344,-0.04466108,-0.00523847,0.01433004
-0.053216,-0.94720516,-0.31618117,-0.92409972,0.16670446,-0.3438741,0.37842813,0.27388333,-0.88418337,-0.01516689,-0.02244401,0.02110735
-0.05380078,-0.94755338,-0.31503639,-0.92497847,0.1661497,-0.34177331,0.37619166,0.27301421,-0.88540547,-0.00752601,-0.02611959,0.00171775
-0.05388951,-0.94760209,-0.31487479,-0.92544074,0.1658308,-0.3406751,0.37504038,0.27303914,-0.88588612,-0.00827928,0.00828254,0.00994695
-0.05347057,-0.94810534,-0.31342796,-0.92513918,0.16517279,-0.3418119,0.37584346,0.2716876,-0.88596128,0.0100081,0.02551746,-0.00475162
-0.0532932193,-0.94808711,-0.313513596,-0.925001308,0.165152485,-0.342194861,0.376208083,0.271763824,-0.885783325,-0.000381236314,0.0232621431,0.00496276142
-0.05259728,-0.94817722,-0.31335854,-0.92451012,0.16485907,-0.34366059,0.37751114,0.27162754,-0.88527057,0.00405259,0.03071046,-0.0166128
-0.0513595,-0.94770499,-0.31498761,-0.92443075,0.16445552,-0.34406682,0.3778753,0.27351312,-0.88453399,-0.02000206,0.01731098,0.02029822
-0.04985067,-0.94787821,-0.31470903,-0.92469404,0.16288041,-0.3441088,0.37743318,0.27385551,-0.88461703,-0.02768719,0.00411224,0.01447356
-0.04824708,-0.94845279,-0.31322414,-0.92512301,0.1606647,-0.34399732,0.37658928,0.27317399,-0.8851871,-0.00819345,0.01272535,-0.00771366
-0.04792012,-0.94845552,-0.31326628,-0.92527609,0.16028999,-0.34376045,0.37625495,0.27338475,-0.88526433,-0.02345759,0.0028522,0.00362155
-0.04758082,-0.9483558,-0.31361969,-0.92544061,0.16000896,-0.34344838,0.37589322,0.27389484,-0.88526033,-0.03349982,-0.0070771,0.01020399
-0.04741229,-0.94851196,-0.31317279,-0.92542234,0.15971658,-0.34363376,0.37595961,0.27352463,-0.88534668,-0.01253897,-0.00247622,0.0064457
-0.04711489,-0.9483101,-0.31382811,-0.92501605,0.15999621,-0.34459609,0.37699526,0.27406044,-0.88474027,-0.03058583,-0.00292456,0.0177225
-0.04690771,-0.94841562,-0.31354039,-0.92468782,0.15995297,-0.34549609,0.3778256,0.27372055,-0.8844914,-0.01178438,0.02373898,0.00743381
-0.04675861,-0.94893248,-0.31199486,-0.92427075,0.15956278,-0.34679,0.37886306,0.2721523,-0.88453147,-0.00289648,0.00618064,-0.00657949
-0.0455665,-0.94885806,-0.31239728,-0.92422037,0.15872883,-0.34730657,0.3791311,0.27289838,-0.88418667,-0.02322133,0.00793147,0.00186844
-0.04427598,-0.94940076,-0.31093057,-0.92403454,0.15722231,-0.34848429,0.37973647,0.2718811,-0.88424026,-0.01277917,-0.02229851,0.00761574
-0.04344624,-0.94990076,-0.3095174,-0.92360432,0.15629994,-0.35003633,0.38087732,0.27066385,-0.88412309,-0.00951775,0.03823555,-0.02679563
-0.04303149,-0.94988227,-0.30963197,-0.92336618,0.15615659,-0.35072784,0.38150123,0.27081135,-0.88380882,-0.01197447,0.03385258,-0.02423546
-0.04239206,-0.94973936,-0.31015785,-0.92273957,0.1562487,-0.35233208,0.38308541,0.27125883,-0.8829858,-0.01713152,0.00808895,-0.00580576
-0.04213205,-0.9499178,-0.30964615,-0.92189699,0.15643034,-0.35445059,0.38513699,0.27052811,-0.8823171,-0.02315648,0.02505481,0.0140082
-0.04286711,-0.95016507,-0.3087858,-0.92120906,0.15721778,-0.35588815,0.38669911,0.26920037,-0.88204015,-0.00634551,0.02429092,-0.0261746
-0.04320463,-0.94966915,-0.3102609,-0.92092215,0.15825882,-0.35616921,0.38734443,0.27033797,-0.88140887,-0.02096273,0.0041517,-0.00959068
-0.0433087262,-0.949447042,-0.310925557,-0.92083321,0.158659039,-0.356221189,0.387544303,0.270883094,-0.881153688,-0.0333560184,-0.000492155552,-0.00414228346
-0.04367935,-0.94977571,-0.30986798,-0.92072047,0.15865701,-0.35651329,0.38777039,0.26972952,-0.88140798,0.00447498,0.00654256,-0.0044607
-0.04377571,-0.9499887,-0.30920098,-0.92068849,0.15851097,-0.35666099,0.38783566,0.2690647,-0.88158259,0.006918,0.00969076,-0.01832555
-0.04375986,-0.94952668,-0.31061882,-0.92024845,0.15933609,-0.35742792,0.38888014,0.27020549,-0.88077298,-0.00844453,0.00542843,0.00179884
-0.04335496,-0.94926872,-0.31146307,-0.92019393,0.15934671,-0.35756364,0.38905459,0.27110426,-0.88041978,-0.01337464,0.02583241,0.00430147
-0.04076415,-0.94898098,-0.31268737,-0.92011565,0.15765394,-0.3585142,0.38951955,0.27309402,-0.87959888,-0.00561351,0.01048315,0.0031323
-0.04024275,-0.94918163,-0.31214525,-0.92000224,0.15708357,-0.35905507,0.38984137,0.27272496,-0.87957071,-0.0045331,0.0309782,0.00565073
-0.03907424,-0.94920865,-0.31221158,-0.9198886,0.15619063,-0.35973517,0.39022826,0.27314349,-0.87926924,0.00215435,0.03509617,0.0055728
-0.03892408,-0.94900466,-0.3128497,-0.91986384,0.15632167,-0.35974149,0.39030154,0.27377652,-0.87903974,-0.00957206,0.0370909,0.02089169
-0.0386396,-0.94878884,-0.31353878,-0.91991507,0.15630403,-0.35961811,0.39020903,0.27453354,-0.87884467,-0.02758999,0.02438605,0.02256128
-0.03938037,-0.94879276,-0.31343482,-0.91998568,0.15684722,-0.35920082,0.38996852,0.27421008,-0.87905245,-0.02599039,0.01720953,0.00468634
-0.04155006,-0.9486312,-0.31364358,-0.91991088,0.15882909,-0.35852083,0.38991978,0.27362758,-0.87925552,-0.02024423,0.01009834,0.00907495
-0.04307373,-0.94820179,-0.31473486,-0.91972098,0.1606722,-0.35818679,0.3902025,0.27403981,-0.87900183,-0.0338368,-0.0042789,0.00772453
-0.04407692,-0.94834544,-0.31416273,-0.91929534,0.16160727,-0.35885823,0.39109255,0.27299098,-0.87893269,-0.0028629,0.00827694,0.00886749
-0.04479895,-0.94840116,-0.31389224,-0.91849434,0.16267545,-0.36042319,0.39288834,0.27216167,-0.87838879,-0.00137381,0.01026917,-0.00444617
-0.04461462,-0.94829933,-0.31422566,-0.91833827,0.16275386,-0.36078508,0.3932737,0.27246915,-0.87812078,-0.01535442,0.01309001,0.00361884
-0.04305299,-0.94875703,-0.31305963,-0.917809,0.16134747,-0.36275814,0.39468073,0.27171112,-0.87772422,-0.01825003,0.01692891,0.00378299
-0.04220669,-0.94955563,-0.3107451,-0.9175195,0.15993953,-0.36411147,0.39544453,0.26974674,-0.87798633,-0.01149929,0.0191381,-0.00921717
