0,1,2,3,4,5,6,7,8,9,10,11
-0.0666591059,0.919305459,0.387858149,-0.898822333,-0.224101501,0.376691947,0.433214592,-0.323505616,0.841230777,-0.024167534,0.000750780106,-0.0126397461
-0.06573476,0.91970167,0.38707591,-0.8989149,-0.22297592,0.37713887,0.43316386,-0.32315717,0.84139082,-0.01272672,0.00450438,-0.02233602
-0.06500146,0.92012885,0.3861835,-0.89902081,-0.22194653,0.37749344,0.4330547,-0.32264937,0.84164185,-0.01464307,0.00098735,-0.01465587
-0.06469808,0.92033353,0.38574631,-0.8990653,-0.22149201,0.37765423,0.43300763,-0.32237762,0.84177019,-0.02166695,0.00400549,-0.01325702
-0.06413324,0.92050271,0.38543697,-0.89921873,-0.22080014,0.37769422,0.4327731,-0.32236939,0.84189395,-0.01356149,0.00485724,-0.01586333
-0.06388791,0.92063672,0.3851574,-0.89926205,-0.22045726,0.37779121,0.43271926,-0.32222114,0.84197836,-0.0080904,0.00757653,-0.01744362
-0.06383654,0.9207892,0.38480114,-0.89925317,-0.22027662,0.37791758,0.43274521,-0.32190869,0.84208453,-0.01547246,0.00853401,-0.01556078
-0.0636627732,0.921017648,0.384282981,-0.899276274,-0.219907975,0.378077388,0.432722891,-0.321507109,0.842249404,-0.0204501022,0.000377237797,-0.0102168825
-0.0635236,0.92096129,0.38444116,-0.89941502,-0.21975856,0.37783428,0.432455,-0.32177076,0.84228632,-0.00204923,-0.00183666,-0.01780142
-0.06357824,0.92092344,0.38452253,-0.89950154,-0.21977112,0.37762065,0.43226675,-0.32187015,0.84234496,0.00352171,0.00305015,-0.01613559
-0.0637554961,0.920974884,0.384370155,-0.899741751,-0.219671439,0.377106276,0.431740586,-0.321791276,0.842644901,-0.000416097464,0.0112329125,-0.0120437173
-0.06393937,0.92110848,0.38401923,-0.89997198,-0.21950316,0.37665453,0.43123317,-0.32152349,0.84300687,0.00200379,0.01123303,-0.01609446
-0.06400393,0.92123071,0.38371511,-0.90008496,-0.2193462,0.37647587,0.43098765,-0.32128026,0.84322512,0.00133415,0.01231843,-0.01463164
-0.06419454,0.92151954,0.38298933,-0.90038756,-0.21897684,0.37596731,0.430327,-0.32070378,0.84378182,-0.00936239,0.00178516,-0.00910703
-0.06431046,0.92174574,0.38242492,-0.90079655,-0.21853455,0.375244,0.42945267,-0.32035493,0.84435958,-0.00571843,0.00676686,-0.01387195
-0.0643072156,0.92186917,0.382127649,-0.900985902,-0.218269665,0.374943252,0.429055603,-0.32018006,0.844627716,-0.000613186741,0.0107842088,-0.0134115042
-0.0643171472,0.92226552,0.381168641,-0.901279079,-0.217669233,0.374587819,0.428438147,-0.3194469,0.845218564,-0.0132773276,0.00337010622,-0.000103564933
-0.0641911,0.92242759,0.38079736,-0.90145889,-0.21728333,0.37437893,0.42807846,-0.31924137,0.84547842,,,
-0.0642459,0.92242661,0.38079029,-0.90158547,-0.21722989,0.37410479,0.42780339,-0.31928028,0.84560293,0.01039354,-0.0089817,-0.00869389
-0.06441699,0.92235976,0.38092334,-0.90179197,-0.21726674,0.37358535,0.4273422,-0.31944835,0.84577263,0.02057024,-0.01782161,-0.00431285
-0.06502147,0.92226108,0.38106011,-0.90209688,-0.2175786,0.37266723,0.42660697,-0.31952177,0.84611604,0.02370654,-0.01818508,-0.00834323
-0.06537727,0.92210816,0.38136908,-0.90228551,-0.21784704,0.37205315,0.42615336,-0.31977997,0.84624706,0.02221238,-0.01753229,-0.01001953
-0.0659677,0.92182283,0.38195672,-0.90263249,-0.21829594,0.37094672,0.42532676,-0.32029604,0.84646772,0.04200312,-0.01292312,-0.01987891
-0.06684379,0.92204528,0.38126671,-0.90299613,-0.21844649,0.36997163,0.42441701,-0.31955205,0.84720521,0.04199203,-0.01838022,-0.00457436
-0.06715444,0.92212505,0.38101906,-0.90316565,-0.21846834,0.36954462,0.42400701,-0.31930676,0.84750294,0.04939611,-0.02042872,-0.00669203
-0.06733909,0.92216667,0.38088572,-0.90329035,-0.21846891,0.36923936,0.42371198,-0.31918615,0.8476959,0.0653124,-0.03100365,-0.01682863
-0.06740657,0.92227424,0.38061311,-0.90333614,-0.21837931,0.3691802,0.42360351,-0.3189364,0.84784409,0.06902447,-0.03855497,-0.01942152
-0.06786447,0.92262226,0.37968734,-0.90345673,-0.21828522,0.3689409,0.42327326,-0.3179931,0.8483632,0.05598381,-0.03663009,-0.01272408
-0.06861517,0.92275013,0.37924126,-0.90371267,-0.21851637,0.36817623,0.42260517,-0.31746265,0.84889475,0.06832688,-0.04372495,-0.02391334
-0.06965968,0.92260383,0.37940707,-0.90404206,-0.2191718,0.36697643,0.42172918,-0.31743649,0.84934008,0.06785759,-0.05933219,-0.02396612
-0.0713649,0.92203706,0.38046635,-0.90453642,-0.22058403,0.36490612,0.42038179,-0.31810418,0.84975812,0.0536644,-0.06145191,-0.02020689
-0.07503408,0.91994523,0.38479954,-0.90602783,-0.22407638,0.35903116,0.41651348,-0.32169952,0.85030932,0.07932223,-0.09058887,-0.04158052
-0.07919703,0.91799168,0.38861143,-0.90763966,-0.22760487,0.35268394,0.41221087,-0.32478763,0.85123155,0.05699637,-0.08412433,-0.05082111
-0.08205188,0.91681834,0.39078341,-0.90850398,-0.23001244,0.34887655,0.40974145,-0.32640231,0.85180601,0.02520513,-0.05668598,-0.03277456
-0.09500358,0.90927058,0.40521754,-0.91220081,-0.24249878,0.33027856,0.39857737,-0.33826212,0.85247569,0.05577307,-0.06872934,-0.06728482
-0.09849561,0.90739425,0.40857583,-0.91308498,-0.24566095,0.32546339,0.39569476,-0.34100774,0.85272467,0.0676285,-0.0728007,-0.06427044
-0.10616687,0.90468264,0.41264739,-0.91449353,-0.25177961,0.31671525,0.39042301,-0.3437387,0.85405713,0.03107272,-0.03062999,-0.0255489
-0.11362671,0.90243432,0.41557339,-0.91548624,-0.25759985,0.30907479,0.38597135,-0.34533256,0.85543646,-0.01054766,-0.03363413,0.00196301
-0.11688048,0.901006659,0.417762773,-0.916007367,-0.260340651,0.305209766,0.383756742,-0.347000717,0.855757697,-0.000152476074,-0.0404266715,-0.00544228684
-0.12251679,0.89773357,0.42315954,-0.91730643,-0.26519305,0.297021,0.37886472,-0.3517769,0.85598745,0.03798284,-0.05698818,-0.03089528
-0.12825159,0.89446277,0.42835494,-0.91871053,-0.26983157,0.28837816,0.37352719,-0.35654923,0.85635862,0.04362111,-0.07428038,-0.03235795
-0.13142671,0.89288807,0.43067145,-0.91926252,-0.27238345,0.28418947,0.37105717,-0.35855003,0.85659702,0.02844175,-0.0494464,-0.02125184
-0.1377988,0.88983721,0.43497264,-0.92008719,-0.2775845,0.27638083,0.36667562,-0.3621278,0.85697867,0.01782385,-0.01871157,-0.00221161
-0.14509775,0.88559667,0.4412085,-0.92087685,-0.28395856,0.26711996,0.36184557,-0.3675402,0.85672747,0.03251373,-0.03343862,-0.01285182
-0.14874479,0.88302505,0.44513101,-0.92125496,-0.28733742,0.26215711,0.35939414,-0.37108465,0.85623129,0.0382922,-0.05313146,-0.02297513
-0.15218355,0.88091212,0.44814493,-0.92131376,-0.29058797,0.25833978,0.35780021,-0.37356703,0.8558193,0.01955307,-0.04583579,-0.01775661
-0.15379159,0.88011265,0.44916575,-0.92122697,-0.29210357,0.25693653,0.35733601,-0.37426893,0.85570658,0.00811874,-0.04426783,-0.01772943
-0.15672606,0.87847839,0.45134509,-0.92087598,-0.29515093,0.25470188,0.35696511,-0.37571445,0.85522776,0.01509262,-0.04595822,-0.02211946
-0.15922555,0.87722381,0.4529077,-0.92017818,-0.29807014,0.25382288,0.35765781,-0.37634071,0.85466282,0.0049231,-0.05127841,-0.03699951
-0.16031051,0.87655904,0.4538112,-0.91979822,-0.29948065,0.25353967,0.35815023,-0.37676967,0.85426752,-0.01249669,-0.07004672,-0.01761122
-0.16258963,0.87446341,0.45703194,-0.91904018,-0.30277738,0.2523704,0.35906767,-0.37899792,0.85289563,-0.00940265,-0.04141492,-0.01188591
-0.16430648,0.87180125,0.46148242,-0.91836658,-0.30594641,0.25099738,0.36000869,-0.38256953,0.85090205,0.02685284,-0.04284245,-0.02791952
-0.16499977,0.8707025,0.46330585,-0.91802123,-0.30730977,0.25059492,0.36057201,-0.3839765,0.85002935,0.01461711,-0.06945622,-0.04537921
-0.16655307,0.86888727,0.46614895,-0.91743901,-0.30979942,0.24965943,0.36133862,-0.38608169,0.84874926,0.00968548,-0.10421807,-0.05895663
-0.16877755,0.86670281,0.46940416,-0.91657625,-0.31315348,0.24864181,0.36249415,-0.38827955,0.8472526,0.00546503,-0.05092394,-0.0365396
-0.16973337,0.86550675,0.47126288,-0.91610727,-0.31482928,0.248254,0.36323285,-0.38959036,0.84633401,0.03421955,0.00630599,-0.03676998
-0.17059402,0.86443928,0.4729083,-0.91525078,-0.31679392,0.24891251,0.36498428,-0.39036672,0.84522203,0.03235373,0.03042561,-0.02272274
-0.17001862,0.86619326,0.46989666,-0.91428867,-0.31655651,0.25272155,0.36765456,-0.38665382,0.84577121,-0.03622787,-0.0408898,0.03110241
-0.16918348,0.86727585,0.46819823,-0.91383425,-0.31597299,0.25508445,0.36916656,-0.3846995,0.84600375,-0.05813593,-0.04764396,0.02069686
-0.1664147,0.86838249,0.46713786,-0.91331632,-0.31432379,0.25894712,0.37169777,-0.38355203,0.84541622,-0.08803242,-0.0692479,-0.02465419
-0.1635608,0.86843089,0.46805504,-0.91296156,-0.31302537,0.26175591,0.37383007,-0.38450326,0.84404284,0.00599178,-0.05245143,-0.10211
-0.16272501,0.86914907,0.46701215,-0.91247751,-0.31263621,0.2639001,0.37537348,-0.38319494,0.84395283,0.03043284,-0.03698605,-0.11699958
-0.16140826,0.87368621,0.45893331,-0.91134309,-0.31039481,0.27038647,0.37868344,-0.37460309,0.84632817,-0.06865426,-0.055336,-0.04082354
-0.16024746,0.87818059,0.45068784,-0.91014846,-0.30817379,0.27687293,0.38203464,-0.36582466,0.84865885,-0.11409427,-0.04197937,0.04209651
-0.15954525,0.87937422,0.4486049,-0.90962887,-0.30751697,0.2793004,0.38356317,-0.36350291,0.84896698,-0.10152254,-0.02368975,0.03963904
-0.15752178,0.87963045,0.44881726,-0.90880956,-0.30693367,0.28258918,0.38633126,-0.36337548,0.84776553,-0.07787394,-0.00096673,0.02433003
-0.15461433,0.87796372,0.45307157,-0.90789947,-0.3071163,0.28530304,0.38963148,-0.36723152,0.84458764,-0.0555824,-0.01223701,-0.02545106
-0.15313792,0.87685174,0.45571881,-0.90728578,-0.30751863,0.28681806,0.391639,-0.36954448,0.84264805,-0.03238962,0.00247854,-0.03094633
-0.14716261,0.87534195,0.46056436,-0.90330726,-0.30863631,0.2979589,0.40296285,-0.37218273,0.83612257,-0.04559505,-0.00245333,0.00810453
-0.14555482,0.87501485,0.46169526,-0.90189279,-0.30918834,0.30164818,0.40669754,-0.37249329,0.83417373,-0.06354583,-0.01131994,-0.00531294
-0.14268107,0.8732148,0.46598066,-0.89878987,-0.31147614,0.30847906,0.41451036,-0.37480457,0.82927841,-0.04948364,0.02320129,-0.00910199
-0.13983533,0.87015221,0.47252632,-0.89558812,-0.31469186,0.31446917,0.42233626,-0.37921506,0.82330311,-0.02832545,0.0623427,-0.01374833
-0.13831741,0.86858112,0.47585204,-0.89395643,-0.31629483,0.31748942,0.42627484,-0.38147668,0.82022272,-0.03338173,0.07327145,-0.01138082
-0.13486348,0.86581325,0.48184997,-0.89057353,-0.31910172,0.32411885,0.4343855,-0.38541103,0.8141054,-0.01541917,0.07278067,0.00540638
-0.13053461,0.86431187,0.48572168,-0.88669578,-0.32094693,0.33281148,0.44354386,-0.38724395,0.80827652,0.00100125,0.08546656,0.0159272
-0.1280814,0.8641471,0.48666728,-0.88454685,-0.32145718,0.33799744,0.44852216,-0.38718882,0.80555118,-0.00147891,0.06889004,0.01839786
-0.12235157,0.86430562,0.48785838,-0.88001691,-0.32176186,0.34934142,0.45891201,-0.38658116,0.79997172,-0.01269026,0.0444544,0.01407304
-0.11553564,0.8645453,0.48909384,-0.87537503,-0.32132487,0.36120449,0.46943573,-0.38640855,0.793926,-0.01635033,0.00986844,-0.02077246
-0.11187192,0.86450226,0.49002076,-0.87296328,-0.32109995,0.3671917,0.47478376,-0.38669169,0.79060096,-0.0690252,-0.01013523,0.01664732
-0.10441993,0.86342599,0.49355038,-0.86780571,-0.32151692,0.3788668,0.48580827,-0.3887446,0.78285883,-0.02954537,0.00265712,-0.05416026
-0.09295881,0.86286777,0.49680765,-0.85945412,-0.32145586,0.39749804,0.50268999,-0.39003244,0.77147745,-0.03639552,-0.00580698,-0.03919929
-0.08522203,0.86380834,0.49656055,-0.85362533,-0.32033348,0.41074356,0.51386868,-0.38887226,0.76466813,-0.06870782,-0.03450561,-0.0163969
-0.0766658,0.86338197,0.49869203,-0.84788055,-0.31962268,0.42301263,0.52461485,-0.39040067,0.75654909,-0.0488004,-0.04334873,-0.0051228
-0.06333804,0.86075818,0.50505781,-0.83826536,-0.32051167,0.44111578,0.54157106,-0.39543305,0.74184461,,,
-0.05343907,0.85973724,0.50793321,-0.83119929,-0.32019308,0.45451527,0.5534004,-0.39790485,0.7317238,-0.02643647,-0.00915629,-0.0071783
-0.04817745,0.85952789,0.50881296,-0.82751384,-0.31962604,0.46158413,0.55937436,-0.39881182,0.7266701,-0.02413111,-0.01664203,-0.0264031
-0.03760142,0.86024591,0.50849103,-0.81980859,-0.31751954,0.47654511,0.57140181,-0.39894654,0.71717615,-0.02296881,-0.00513268,-0.04945908
-0.02706582,0.86131002,0.50735827,-0.81232453,-0.3147429,0.49098437,0.58257722,-0.39885067,0.70818211,-0.01260459,0.04624921,-0.08060572
-0.0218063,0.8621037,0.50626251,-0.80873122,-0.31292034,0.49803084,0.58777405,-0.39857009,0.70403378,-0.01851445,0.05932122,-0.04361055
-0.01074949,0.86361142,0.50404331,-0.80186124,-0.30860192,0.5116476,0.5974135,-0.39867283,0.69581395,-0.04186128,0.04256779,-0.00930336
0.000864101774,0.864733594,0.502229994,-0.795437363,-0.303774871,0.524404519,0.606035111,-0.399945635,0.687579016,-0.0495713763,0.0332197547,0.0186433326
0.00677254,0.86544108,0.50096494,-0.79211872,-0.30112469,0.53091607,0.61032948,-0.40041936,0.68349269,-0.04382587,0.02715451,0.03315109
0.01747326,0.86784489,0.49652775,-0.78484733,-0.29575929,0.54455573,0.61944268,-0.39921364,0.67595799,-0.02476754,0.00956017,0.02317185
0.02649091,0.87185934,0.48903936,-0.77686049,-0.28992293,0.55895656,0.62911524,-0.39472262,0.66963278,-0.0215774,0.02399689,0.00784379
0.03084906,0.87438404,0.48425282,-0.77266865,-0.28647579,0.56649329,0.63405946,-0.39164275,0.66677172,-0.03584611,0.03328913,0.04630649
0.03990801,0.87892343,0.47529023,-0.76377657,-0.27985912,0.58165628,0.64424572,-0.38622828,0.66013265,-0.05511289,0.03575855,0.06791379
0.04941726,0.88110754,0.47032709,-0.75464942,-0.27553242,0.59547152,0.65426473,-0.38435865,0.6513111,-0.01787845,0.0627628,0.02277222
0.05385476,0.88155602,0.46899751,-0.75002185,-0.27435878,0.60182597,0.65921689,-0.38416958,0.64641073,-0.00504073,0.0818581,-0.00879524
0.0620976,0.88224096,0.4666847,-0.74048046,-0.27279136,0.61422579,0.66920281,-0.38371283,0.63634267,-0.01495034,0.1396628,-0.03930309
0.07021497,0.88256927,0.46490985,-0.73139819,-0.27137398,0.62562979,0.67832616,-0.38396278,0.62645522,0.00339173,0.23305017,-0.05144922
0.08208265,0.88085674,0.46621219,-0.72050229,-0.27075288,0.63841152,0.68857741,-0.38830946,0.61243522,0.01523631,0.30618209,-0.03960957
0.08892418,0.87851442,0.46936638,-0.71582054,-0.27130728,0.64342301,0.69259897,-0.39319794,0.60473299,0.0377984,0.32425338,-0.0147132
0.0919379744,0.877503539,0.47067507,-0.714256722,-0.271232634,0.645190123,0.693819008,-0.395500315,0.601826151,0.0331546329,0.312048018,-0.000592681579
0.0919379744,0.877503539,0.47067507,-0.714256722,-0.271232634,0.645190123,0.693819008,-0.395500315,0.601826151,0.0331546329,0.312048018,-0.000592681579
0.10047152,0.87642312,0.47094347,-0.71335067,-0.26650688,0.64815474,0.69356763,-0.4010689,0.5984209,-0.02406823,0.18674785,0.02437722
0.10047152,0.87642312,0.47094347,-0.71335067,-0.26650688,0.64815474,0.69356763,-0.4010689,0.5984209,-0.02406823,0.18674785,0.02437722
0.10159655,0.87819532,0.46738772,-0.71707709,-0.26100232,0.64628048,0.68954967,-0.40081291,0.60321666,-0.0404053,0.09905869,0.04405575
0.10018814,0.8788278,0.46650179,-0.72275768,-0.25794601,0.64115913,0.68380082,-0.40140427,0.60933652,-0.02812331,0.01906961,0.06709596
0.09835731,0.87797796,0.46848737,-0.72660089,-0.2583164,0.6366503,0.67998298,-0.40302254,0.61253238,-0.0260491,-0.02049071,0.06240878
0.09552748,0.87660845,0.47162703,-0.72976064,-0.26055712,0.63210704,0.6769962,-0.40455842,0.61482404,-0.02526756,-0.03385043,0.05859724
0.09383379,0.8758022,0.47346121,-0.73095698,-0.26227137,0.63001217,0.6759415,-0.40519619,0.61556402,-0.01831396,-0.0319894,0.05215746
0.0900160494,0.874519462,0.476563419,-0.732400942,-0.266132429,0.626707436,0.674896912,-0.405449209,0.616542815,8.25962052e-05,-0.0410779119,0.0384801812
0.08566803,0.87410209,0.47812794,-0.73266469,-0.26993794,0.62476851,0.67517646,-0.40383012,0.61729888,-0.00599441,-0.0456717,0.00473068
0.08331482,0.87426583,0.47824468,-0.73244415,-0.27168999,0.62426775,0.67571021,-0.40229828,0.61771502,-0.02053069,-0.04526502,-0.01240186
0.07833207,0.87516201,0.47744684,-0.73157435,-0.27488413,0.62388911,0.67724664,-0.39815838,0.61871388,-0.01907084,-0.04113287,-0.03682993
0.07344763,0.87628925,0.47615402,-0.73035392,-0.27785265,0.62400409,0.67910871,-0.39359258,0.61959363,-0.01338282,-0.02791679,-0.0337428
0.07109015,0.87661737,0.4759078,-0.72977995,-0.27953961,0.62392219,0.67997608,-0.39166269,0.61986522,-0.01203871,-0.02372247,-0.02789163
0.06678614,0.87634691,0.4770281,-0.72872631,-0.28372883,0.62326244,0.68154067,-0.38924823,0.61966779,-0.00705761,-0.00903195,-0.02898652
0.06309194,0.87504543,0.47991137,-0.72773881,-0.28872577,0.62212031,0.6829463,-0.38850091,0.61858823,0.01579513,0.0153113,-0.03224197
0.06138532,0.87420208,0.48166648,-0.72729358,-0.29132444,0.62142912,0.68357583,-0.38845956,0.61791849,0.01821019,0.02237946,-0.03709718
0.05826667,0.87256777,0.4850055,-0.72651523,-0.29613953,0.62006193,0.68467545,-0.38849281,0.61667885,0.01532522,0.02713996,-0.03900575
0.05514117,0.87153192,0.48722822,-0.72589934,-0.30006487,0.61889491,0.68558688,-0.38780521,0.61609874,0.02376748,0.02181464,-0.04272497
0.05334481,0.87141541,0.48763652,-0.7256748,-0.30162738,0.61839861,0.68596669,-0.38685388,0.61627407,0.0193235,0.02205545,-0.05416957
0.04662221,0.87169594,0.48782418,-0.72620024,-0.30575035,0.61575138,0.68590047,-0.38296571,0.61877117,-0.00945351,0.00651938,-0.01162194
0.0454732377,0.871217706,0.488786147,-0.726856222,-0.306795102,0.614456511,0.685282585,-0.383218579,0.61929904,-0.00058808364,0.00265443325,-0.0223549623
0.04366638,0.86990575,0.49128109,-0.72850011,-0.30878176,0.61150736,0.68365248,-0.38460063,0.62024317,0.018186,0.02692586,-0.03847121
0.04212722,0.86910159,0.4928364,-0.73001507,-0.31000144,0.6090789,0.68213144,-0.3854368,0.62139776,0.02017097,0.04228073,-0.03504208
0.04125168,0.86899216,0.49310342,-0.73073323,-0.31034164,0.60804367,0.68141567,-0.38540988,0.62219927,0.01995469,0.03644818,-0.03184186
0.03955701,0.86930758,0.4926862,-0.73217442,-0.31031882,0.60631924,0.67996764,-0.38471642,0.62420937,0.01272078,0.03443307,-0.02461948
0.03676682,0.86995672,0.49175547,-0.73473704,-0.31001107,0.60336932,0.67735487,-0.38349492,0.62779137,-0.01399603,0.00208437,-0.03236837
0.03485953,0.86990748,0.49198156,-0.7369913,-0.31011682,0.60055931,0.67500275,-0.38352135,0.63030365,0.00578103,-0.01678264,-0.04161515
0.03301101,0.87017932,0.49162808,-0.73971172,-0.30951866,0.59751544,0.67211368,-0.38338763,0.63346437,-0.00416732,-0.04207045,-0.02449592
0.0320705,0.87032031,0.4914408,-0.74117895,-0.30916171,0.59587988,0.67054102,-0.38335574,0.63514811,-0.00877195,-0.05091769,-0.02324727
0.02931123,0.87037937,0.49150863,-0.74592884,-0.30827504,0.59038703,0.66538046,-0.38393544,0.64020502,0.01007501,-0.04256409,-0.03695546
0.02747422,0.87064824,0.49113815,-0.74884224,-0.30754065,0.58707229,0.66217848,-0.38391433,0.64352886,0.02334698,-0.03970963,-0.02223848
0.0259002,0.87108011,0.49045747,-0.75136768,-0.30664949,0.58430521,0.65937523,-0.38364751,0.64655925,0.03465929,-0.03051913,-0.02973695
0.02499111,0.87180044,0.48922317,-0.75390218,-0.30494543,0.58192751,0.6565111,-0.38336942,0.64963145,0.04210941,-0.02235514,-0.0244291
0.02490251,0.87235493,0.48823824,-0.75725291,-0.30238416,0.57890553,0.6526467,-0.38413601,0.65306335,0.02662015,-0.02175266,-0.01324848
0.02502213,0.87194739,0.48895965,-0.75913113,-0.30167317,0.57681287,0.65045655,-0.38561757,0.654374,0.04521422,-0.00531769,-0.03756551
0.02511689,0.87206057,0.48875291,-0.75992225,-0.3010039,0.57612039,0.64952846,-0.38588456,0.65513804,0.04410363,-0.01321715,-0.0305716
0.025698,0.87290302,0.48721632,-0.76129216,-0.29878728,0.57546516,0.64789943,-0.38570225,0.65685617,0.02030722,-0.01690167,-0.00122976
0.02694374,0.87367833,0.48575728,-0.76257701,-0.29622629,0.57508798,0.64633602,-0.38592234,0.65826564,0.00234064,-0.01441348,0.00305691
0.02777979,0.87361399,0.48582592,-0.76324954,-0.29530842,0.57466773,0.64550629,-0.38677056,0.65858192,0.00677482,-0.00571543,-0.00701726
0.0295263477,0.873349382,0.486198331,-0.764530889,-0.293609258,0.573834306,0.643910305,-0.388656851,0.659033603,0.0375073068,0.000472784042,-0.0313854963
0.03122429,0.87419747,0.48456575,-0.76572661,-0.29067085,0.57373635,0.64240793,-0.38895941,0.66032014,0.02064818,-0.02063245,-0.01944343
0.03192661,0.87505019,0.48297804,-0.76630212,-0.28880644,0.57390924,0.6416866,-0.38843007,0.66133227,-0.00948653,-0.02942652,-0.00618184
0.03192661,0.87505019,0.48297804,-0.76630212,-0.28880644,0.57390924,0.6416866,-0.38843007,0.66133227,-0.00948653,-0.02942652,-0.00618184
0.03438925,0.87719018,0.47890997,-0.76870589,-0.28301488,0.57357983,0.63867724,-0.3878659,0.6645686,0.00843816,-0.00823218,-0.02454894
0.0347665855,0.877874732,0.477626484,-0.76932165,-0.281545066,0.573477405,0.637914808,-0.387386229,0.665579856,0.0159834959,-0.000787377357,-0.0194845404
0.0352537089,0.879679134,0.474259081,-0.770559203,-0.278264263,0.573417259,0.636392622,-0.385659773,0.668035126,-0.00817819685,-0.0106162429,-0.000203735195
0.03533782,0.88033674,0.47303106,-0.77119974,-0.27701857,0.57315929,0.63561162,-0.38505562,0.66912631,-0.01948596,-0.01654816,0.0085335
0.03538222,0.88053434,0.47265976,-0.7725726,-0.2759135,0.57184189,0.6339397,-0.385397,0.6705144,-0.00731955,-0.01921386,0.01478807
0.03506607,0.87980205,0.4740449,-0.77394062,-0.27619477,0.56985275,0.63228643,-0.38686508,0.67122964,0.00123654,-0.01855832,0.00310661
0.03458985,0.87918608,0.47522144,-0.7752327,-0.27649076,0.56794997,0.63072803,-0.38805251,0.67200999,0.01369476,-0.01200193,-0.0110594
0.03445175,0.87911152,0.47536925,-0.77584835,-0.27630207,0.56720049,0.62997804,-0.38835549,0.67253822,0.00834158,-0.01265103,-0.0229856
0.03396577,0.87937566,0.47491557,-0.77700617,-0.27563037,0.56594112,0.62857598,-0.38823496,0.67391829,0.012277,-0.0010708,-0.02950048
0.03311832,0.88008665,0.47365651,-0.77790939,-0.27484861,0.56507964,0.62750298,-0.38717632,0.67552531,0.0217092,0.00114363,-0.02671591
0.03261789,0.88052061,0.47288428,-0.77835191,-0.2744263,0.56467559,0.62698037,-0.38648891,0.67640368,0.02054897,0.0038653,-0.01732611
0.03206447,0.88092338,0.47217142,-0.77922441,-0.27381482,0.56376834,0.62592425,-0.38600443,0.67765729,0.0119705,-0.00320333,-0.00249873
0.03151142,0.88089806,0.47225593,-0.7799573,-0.27379989,0.56276129,0.62503894,-0.38607287,0.67843502,0.01417276,0.00313544,-0.01243919
0.03128373,0.88075965,0.47252908,-0.78029083,-0.27392606,0.56223722,0.62463391,-0.38629899,0.67867928,0.01732953,0.01032525,-0.02472816
0.03075109,0.88067223,0.47272683,-0.78066696,-0.27418896,0.56158643,0.62419013,-0.3863116,0.67908025,0.00554405,0.01447278,-0.02513375
0.03043552,0.88038832,0.47327578,-0.78104514,-0.27452355,0.56089675,0.62373236,-0.38672093,0.67926787,0.01135935,0.02411395,-0.01957819
0.03035912,0.88029492,0.47345418,-0.78123616,-0.27457163,0.56060688,0.62349665,-0.38689903,0.67938278,0.02373918,0.03751022,-0.01748955
0.02990223,0.88070908,0.47271262,-0.78153165,-0.27423357,0.56036063,0.62314845,-0.3861959,0.68010197,0.00845462,0.0384317,0.00107442
0.0292055,0.88131665,0.4716226,-0.78166844,-0.27393963,0.56031364,0.62300993,-0.38501673,0.68089699,-0.0104987,0.03148192,0.01689361
0.02871529,0.88145287,0.47139832,-0.78179403,-0.27406023,0.56007966,0.6228753,-0.38461925,0.68124476,-0.01012284,0.02960855,0.02021909
0.02749512,0.88175671,0.47090229,-0.78209889,-0.27440519,0.55948449,0.62254733,-0.38367524,0.6820763,-0.00291793,0.03118318,0.01212112
0.02670991,0.88219594,0.47012427,-0.7822535,-0.27436259,0.55928931,0.62238731,-0.38269492,0.68277274,-0.01193991,0.02501565,0.01694448
0.02504931,0.88353212,0.46770029,-0.7825618,-0.273794,0.55913677,0.62206881,-0.38001037,0.6845601,-0.03696571,0.00704926,0.03765238
0.02293609,0.88491226,0.46519266,-0.78277102,-0.27355373,0.55896143,0.62188702,-0.37695972,0.68640943,-0.04138524,-0.00828362,0.04200155
0.02065119,0.88632331,0.46260601,-0.78273699,-0.27353517,0.55901793,0.62200975,-0.3736432,0.68810941,-0.04113425,-0.03645927,0.03912655
0.01929462,0.88721383,0.46095485,-0.78258245,-0.27353343,0.55923539,0.62224792,-0.37152541,0.68904021,-0.0353098,-0.04148549,0.04108498
0.0164469,0.88956398,0.45651428,-0.78188214,-0.27313839,0.56040661,0.62320918,-0.3661573,0.69104204,-0.0630567,-0.07907158,0.05848325
0.01264879,0.89198215,0.45189362,-0.78048777,-0.27369091,0.56207838,0.62504306,-0.35980705,0.69271932,-0.07027871,-0.11321992,0.07658449
0.01028829,0.8930696,0.44980081,-0.77951459,-0.27457678,0.56299599,0.6262995,-0.35641855,0.69333594,-0.07478559,-0.13429421,0.08268771
0.00517536,0.89559786,0.44483439,-0.77673771,-0.27656519,0.56585348,0.6298029,-0.34844813,0.69421336,-0.08896203,-0.18015331,0.14411271
-0.00091091,0.89958646,0.43674178,-0.77255005,-0.27794389,0.57088845,0.63495323,-0.33688485,0.69522874,-0.09346125,-0.26174986,0.19558589
-0.00463879,0.90246602,0.43073593,-0.76983836,-0.27813393,0.5744478,0.63822197,-0.32893229,0.69604328,-0.09164026,-0.30688292,0.2006955
-0.01420846,0.9106645,0.41290237,-0.7624753,-0.27701228,0.58471849,0.64686136,-0.30651992,0.69829503,-0.12112723,-0.38844627,0.24273856
-0.02623985,0.92137362,0.38779131,-0.75183432,-0.27385387,0.59979095,0.65882972,-0.27581639,0.69990621,-0.14454404,-0.44925314,0.27701324
-0.03273965,0.92698484,0.37366702,-0.74508954,-0.27182634,0.60905813,0.66616028,-0.25847501,0.69958638,-0.14572525,-0.46818519,0.28016427
-0.04609093,0.9383221,0.34267657,-0.7280362,-0.26643871,0.63164362,0.68398749,-0.2203679,0.6954129,-0.14018792,-0.52071834,0.24801648
-0.05982562,0.94946907,0.30810608,-0.70559088,-0.25855524,0.65976561,0.7060895,-0.17792594,0.68540497,-0.16289102,-0.5695284,0.25844479
-0.05982562,0.94946907,0.30810608,-0.70559088,-0.25855524,0.65976561,0.7060895,-0.17792594,0.68540497,-0.16289102,-0.5695284,0.25844479
-0.07880386,0.96450658,0.25202582,-0.65935979,-0.24004276,0.71247747,0.74768618,-0.11002972,0.65487315,-0.18096991,-0.63165104,0.23247534
-0.08433114,0.96916458,0.23153437,-0.64029676,-0.23074579,0.73265021,0.76348426,-0.08646545,0.64001209,-0.18139827,-0.64397842,0.21737479
-0.09453534,0.97786536,0.18666093,-0.59578916,-0.20578841,0.77632872,0.79755767,-0.03782002,0.60205595,-0.20518251,-0.66915512,0.18211088
-0.10519587,0.98511793,0.13592748,-0.54140139,-0.17138706,0.82311042,0.83415714,0.01299657,0.55137361,-0.24215879,-0.69247717,0.10051307
-0.11743731,0.98981718,0.08043918,-0.47561227,-0.127165,0.87041488,0.87178063,0.06396131,0.48570309,-0.30146572,-0.65206885,0.0121437
-0.1233004,0.99101534,0.05182248,-0.43800143,-0.10120595,0.89325924,0.89047837,0.08744091,0.44654489,-0.3331812,-0.6296711,-0.01119622
-0.13214077,0.9912245,-0.00358376,-0.35278347,-0.04365045,0.93468631,0.92632752,0.12477444,0.35545559,-0.38887,-0.58889174,-0.1214597
-0.13618657,0.98922069,-0.05381133,-0.25272405,0.01783026,0.9673741,0.95790594,0.14534277,0.24757161,-0.41767403,-0.54909694,-0.3716813
-0.13701102,0.98761424,-0.07646054,-0.19693424,0.04848983,0.97921691,0.97079607,0.14922114,0.18785134,-0.3798297,-0.49443018,-0.49983969
-0.13764716,0.98302319,-0.12131964,-0.07481818,0.11181649,0.99090824,0.98765139,0.14547273,0.05815689,-0.27830821,-0.41472584,-0.70831126
-0.1412765,0.97506203,-0.17115752,0.05979488,0.18098067,0.9816672,0.98816265,0.12845221,-0.08387199,-0.28002882,-0.31421971,-0.78869647
-0.14571175,0.96983845,-0.19540024,0.13024205,0.21459401,0.96798051,0.98071652,0.11559691,-0.15758255,-0.25654086,-0.24658495,-0.75535232
-0.1553887,0.9581599,-0.24038304,0.27397576,0.27559349,0.92140411,0.94910046,0.07731664,-0.30533672,-0.22211081,0.02269369,-0.89095742
