0,1,2,3,4,5,6,7,8,9,10,11
-0.52271724,-0.03953825,-0.85158883,-0.25986598,0.95877312,0.11499471,0.81193379,0.28140867,-0.51144188,,,
-0.522770487,-0.0396867674,-0.851549325,-0.260020847,0.958736996,0.114945809,0.811850018,0.281510818,-0.511518798,-0.000514185696,0.00595015241,-8.56400584e-06
-0.52289147,-0.03990619,-0.85146472,-0.26026008,0.95867795,0.1148968,0.81169536,0.28168081,-0.51167052,-0.0083514,0.00828475,-0.0020126
-0.522993325,-0.04001256,-0.85139701,-0.26038677,0.958643551,0.114896775,0.811588938,0.281782778,-0.511782917,-0.00343408366,0.00488442136,-0.000805163058
-0.52329905,-0.04029423,-0.85119586,-0.26080251,0.95852277,0.11496153,0.81125832,0.28215329,-0.51210289,,,
-0.52368742,-0.04064437,-0.85094033,-0.2611608,0.9584271,0.11494574,0.81089238,0.28242791,-0.51253093,-0.00330876,-0.00221091,-0.00846998
-0.52385685,-0.0408219,-0.8508274,-0.26137181,0.95836958,0.11494573,0.81071479,0.28259744,-0.51271816,,,
-0.52431237,-0.04124344,-0.8505265,-0.26181427,0.9582507,0.11492989,0.8102775,0.28293916,-0.51322081,,,
-0.52471844,-0.04170745,-0.85025347,-0.26228481,0.95812977,0.1148652,0.80986243,0.28328047,-0.51368759,-0.0040169,-0.0037545,0.00099645
-0.52495504,-0.04199389,-0.8500933,-0.26254433,0.95806646,0.11480039,0.80962496,0.28345223,-0.51396707,,,
-0.52532659,-0.04246019,-0.84984075,-0.2629369,0.95797432,0.11467084,0.80925666,0.28369411,-0.51441373,-0.00348301,-0.00429338,-0.00149765
-0.52556257,-0.04278423,-0.84967843,-0.26316076,0.95792835,0.11454124,0.8090305,0.28380062,-0.51471042,,,
-0.525629957,-0.0428928227,-0.849631242,-0.263209475,0.957922704,0.114476472,0.808970837,0.28380327,-0.514802665,-0.00516956719,0.00550657464,0.000776025408
-0.52578012,-0.04303227,-0.84953131,-0.26323654,0.9579249,0.11439586,0.80886448,0.28377476,-0.51498554,,,
-0.52596073,-0.04305362,-0.84941847,-0.26308738,0.95797156,0.11434822,0.80879563,0.28361395,-0.51518229,-0.00342354,-0.01088715,0.00463296
-0.52605879,-0.04304405,-0.84935838,-0.26295989,0.95801036,0.11431651,0.80877348,0.28348435,-0.51528864,,,
-0.52627262,-0.04317569,-0.8492189,-0.26278169,0.9580804,0.11413906,0.80869195,0.28322747,-0.51555726,,,
-0.52658477,-0.04333504,-0.84901732,-0.2624404,0.95820657,0.11386483,0.80859963,0.28277595,-0.51594985,,,
-0.52709556,-0.04366625,-0.84868347,-0.26202694,0.95837148,0.11342832,0.80840104,0.28216549,-0.51659508,-0.00209641,0.00194055,-0.00428139
-0.52734294,-0.04394539,-0.84851518,-0.26178427,0.95848185,0.11305543,0.80831813,0.28174694,-0.51695285,-0.00128612,0.00599986,-0.00495699
-0.52747464,-0.04400871,-0.84843031,-0.26166333,0.95852633,0.11295829,0.80827165,0.2815857,-0.5171138,-0.00330313,0.00187784,-0.00807846
-0.52757558,-0.04426498,-0.84835419,-0.26164763,0.95856121,0.11269843,0.80821083,0.28142678,-0.51729531,-0.00188692,0.00292855,-0.00462174
-0.52759383,-0.04445314,-0.84833288,-0.26168901,0.95857092,0.11251954,0.80818538,0.28136401,-0.517369,-0.00209387,-0.00118548,-0.00643233
-0.527545,-0.04449531,-0.84836107,-0.26171723,0.95856895,0.11247073,0.80820816,0.28136407,-0.51733344,0.00155979,0.00189024,-0.00616073
-0.52731575,-0.04459118,-0.84849847,-0.26182327,0.9585553,0.11234013,0.80832332,0.28139538,-0.51713631,,,
-0.52685405,-0.04462907,-0.84878318,-0.26181668,0.95858385,0.11211166,0.80862641,0.2812921,-0.51671841,-0.00600271,-0.00145209,-0.00484869
-0.52657278,-0.04461341,-0.84895867,-0.26173224,0.95862407,0.1119649,0.80883708,0.28115751,-0.51646211,,,
-0.52600638,-0.04435371,-0.84932322,-0.26141573,0.95872569,0.11183412,0.80930773,0.28085193,-0.51589059,,,
-0.52538726,-0.04402042,-0.84972364,-0.26087271,0.95889827,0.11162231,0.80988486,0.28031467,-0.51527665,,,
-0.525102017,-0.043814121,-0.849910719,-0.260604911,0.958976775,0.111573409,0.81015615,0.280078325,-0.514978815,-0.0065031508,8.06450771e-05,-0.000713926624
-0.52453062,-0.04343948,-0.85028253,-0.26003324,0.95915088,0.1114105,0.81070962,0.27953997,-0.51439971,,,
-0.52410916,-0.0431294681,-0.850558161,-0.259560138,0.959292254,0.111296453,0.811133695,0.279102516,-0.513968544,-0.00767100137,0.00401276303,-0.000705825165
-0.52389083,-0.04299467,-0.85069953,-0.2593766,0.95934757,0.11124752,0.81133348,0.27893313,-0.51374521,-0.00487816,0.00357574,-0.00517162
-0.52363452,-0.04263366,-0.8508755,-0.25896761,0.95945238,0.11129645,0.81162954,0.27862788,-0.51344312,-0.00727654,0.00389701,-0.00851717
-0.52350998,-0.04222351,-0.85097261,-0.25854483,0.95954934,0.11144339,0.81184468,0.27835631,-0.51325032,-0.00283303,0.00188488,-0.00540191
-0.523561681,-0.0415685798,-0.850973051,-0.257861426,0.959695246,0.111769934,0.812028673,0.27795159,-0.513178588,-0.00283530052,4.06503641e-05,-0.00598584535
-0.523704251,-0.0412131712,-0.850902542,-0.257629946,0.959721306,0.112079532,0.812010143,0.277914528,-0.513227872,-0.00282614818,-0.000291824312,-0.00616593705
-0.52380199,-0.04112848,-0.85084642,-0.25757385,0.95972493,0.11217734,0.81196484,0.27791454,-0.51329944,,,
-0.524035904,-0.041110266,-0.850703333,-0.25775873,0.959648642,0.112405147,0.811755291,0.278180563,-0.513486871,0.00468291109,-0.000667095126,-0.0038716062
-0.524371624,-0.0411983893,-0.850492278,-0.258070414,0.959538171,0.112632854,0.811439513,0.278548364,-0.513786675,0.00110817037,-0.000799775065,-0.00580669381
-0.52450735,-0.04130253,-0.85040344,-0.25827541,0.95947538,0.11269781,0.81128646,0.27874915,-0.51391931,0.00232788,-0.00761628,-0.00697293
-0.524730123,-0.0415907841,-0.850252074,-0.258677728,0.959365107,0.112713916,0.811014313,0.279085651,-0.514166382,0.000530177029,0.00475579454,-0.00292477314
-0.52489964,-0.04165555,-0.85014423,-0.2589964,0.9592562,0.1129088,0.81080285,0.27945008,-0.51430187,-0.00327864,0.00715011,0.00216932
-0.52515166,-0.04167623,-0.84998734,-0.25936482,0.95912027,0.11321743,0.81052161,0.27991318,-0.51449295,,,
-0.52540011,-0.04154356,-0.84984048,-0.25951437,0.95903945,0.11355892,0.8103129,0.28020969,-0.51466058,,,
-0.5254828,-0.04149938,-0.84979147,-0.25956415,0.9590125,0.11367269,0.81024329,0.28030846,-0.51471632,,,
-0.52574606,-0.04136395,-0.84963526,-0.25957161,0.95897958,0.11393309,0.81007014,0.28044106,-0.51491664,0.00373889,-0.00280267,-0.00204612
-0.52602805,-0.04137933,-0.84945996,-0.25965603,0.9589393,0.11407964,0.80986,0.28057649,-0.51517336,-0.00317255,-0.00576234,-0.00404122
-0.52611075,-0.04137265,-0.84940908,-0.25967005,0.9589297,0.11412845,0.8098018,0.2806103,-0.51524646,,,
-0.52632868,-0.04158287,-0.84926376,-0.2597817,0.95890909,0.11404746,0.80962432,0.28064964,-0.51550383,,,
-0.52649757,-0.04183537,-0.84914653,-0.25992152,0.95888664,0.11391756,0.80946948,0.28068882,-0.51572539,,,
-0.526614129,-0.0419016203,-0.849071106,-0.25994214,0.958882961,0.113901486,0.809387159,0.280691501,-0.515853311,-0.00474802544,-0.000730633677,-0.00326445512
-0.526832063,-0.0421493118,-0.848923764,-0.260018182,0.958879672,0.113755542,0.809221024,0.280665662,-0.516128145,-0.00462270342,-0.000702381076,-0.00670569018
-0.527113365,-0.042314374,-0.848740652,-0.259959809,0.958908941,0.113642121,0.809056301,0.280540777,-0.51645375,-0.00463043526,0.000297665567,-0.00666391663
-0.52714723,-0.04238731,-0.84871608,-0.25996641,0.95891485,0.11357717,0.80903222,0.28050958,-0.51650858,,,
-0.52736478,-0.04259769,-0.84857039,-0.26007807,0.95889418,0.113496,0.80885454,0.28054835,-0.51676575,-0.00558932,0.00457674,-0.00144837
-0.527432332,-0.0426314731,-0.848526742,-0.260198175,0.958853898,0.113561043,0.808771899,0.280680884,-0.516823178,-0.00656485325,0.00138086069,-0.000149531057
-0.52763105,-0.04254178,-0.84840763,-0.26037512,0.95877118,0.1138535,0.80858525,0.2809769,-0.51695426,,,
-0.52794604,-0.04251852,-0.84821282,-0.26057257,0.95868467,0.11412986,0.808316,0.28127543,-0.51721294,,,
-0.52811102,-0.04243072,-0.84811452,-0.26067157,0.95863065,0.11435738,0.80817631,0.28147275,-0.51732389,-0.00370959,0.0027073,0.00306183
-0.5285234,-0.0423607,-0.84786113,-0.26077654,0.9585652,0.11466621,0.80787283,0.28170608,-0.51767081,,,
-0.52896565,-0.0421352,-0.8475965,-0.26074044,0.95852634,0.1150725,0.80759497,0.2818721,-0.51801385,,,
-0.52922792,-0.04203798,-0.84743757,-0.26071141,0.95851081,0.11526739,0.80743247,0.28193939,-0.51823047,,,
-0.52971879,-0.04177058,-0.84714426,-0.26064647,0.95847369,0.11572211,0.80713171,0.28210531,-0.51860888,,,
-0.53029128,-0.04145978,-0.84680103,-0.26063033,0.95840933,0.1162901,0.80676064,0.28236969,-0.51904178,0.00097994,-0.00596362,-0.00216958
-0.53069924,-0.04127364,-0.84655467,-0.26048016,0.95841667,0.11656576,0.80654101,0.28237206,-0.51938196,,,
-0.531024654,-0.041131047,-0.846357502,-0.260280691,0.958451149,0.116727704,0.806391187,0.282275808,-0.519666806,0.000866358052,-0.00763446046,-0.00162140245
-0.53117039,-0.04104193,-0.84627029,-0.26015987,0.9584741,0.11680855,0.80633411,0.28221083,-0.51979052,0.00172535,-0.00403225,-0.0033205
-0.53141347,-0.0409429,-0.84612257,-0.25991129,0.95853566,0.11685675,0.80625421,0.28201606,-0.52002028,,,
-0.53152548,-0.04092952,-0.84605271,-0.25964197,0.95862256,0.1167426,0.80626699,0.28172249,-0.52015933,-0.00113706,0.0031206,-0.00651309
-0.53158912,-0.0408839,-0.84601504,-0.25947207,0.95867255,0.11670982,0.80627984,0.28155896,-0.52022813,,,
-0.53161905,-0.04080257,-0.84600022,-0.25926002,0.95873392,0.11667699,0.80632838,0.28136174,-0.52025969,,,
-0.53166367,-0.04068054,-0.84597794,-0.25894188,0.95882589,0.11662769,0.80640107,0.28106585,-0.52030678,-0.00125817,0.00167555,-0.00461317
-0.53167856,-0.04063985,-0.84597053,-0.25883586,0.95885651,0.11661129,0.80642528,0.28096725,-0.5203225,-0.0053481,0.00125527,-0.00515084
-0.531674712,-0.0404856083,-0.845980416,-0.258617049,0.958911643,0.116643396,0.806498092,0.280801309,-0.52029934,-0.00330111664,0.000638961734,-0.00397219043
-0.5317192,-0.04025209,-0.84596344,-0.25840508,0.95895106,0.11678896,0.80653654,0.28070023,-0.52029403,-0.0017161,0.0029729,-0.0039916
-0.53168557,-0.04017924,-0.84598808,-0.25839838,0.95894496,0.11685393,0.80656089,0.28073153,-0.52023944,,,
-0.53181228,-0.03979066,-0.84592679,-0.25834183,0.95890476,0.11730794,0.80649546,0.28092411,-0.52023692,,,
-0.53186091,-0.03971133,-0.84590006,-0.2583488,0.95888898,0.11742153,0.80646128,0.28098919,-0.52025494,,,
-0.531991452,-0.0395885309,-0.845823593,-0.258404661,0.958846118,0.117648397,0.806357138,0.281152739,-0.520327794,-0.000340455852,-0.0108632436,-0.00321483053
-0.532126256,-0.0396570965,-0.845735694,-0.258643949,0.958765642,0.117778385,0.806191576,0.281417404,-0.520441438,-0.00574614061,-0.000220239148,4.75955894e-05
-0.53214515,-0.03973358,-0.84572029,-0.25879209,0.95872365,0.11779478,0.80613164,0.28154964,-0.52046288,0.0010575,0.00661391,-0.00158753
-0.532260911,-0.0397629315,-0.845646025,-0.25884776,0.958702661,0.117843301,0.806037299,0.281616966,-0.520572497,-0.00181292859,0.00734704686,0.000553178717
-0.53248866,-0.03963029,-0.84550899,-0.25877566,0.95869826,0.11803729,0.80591015,0.28165064,-0.52075132,,,
-0.53258546,-0.03954608,-0.84545171,-0.25871844,0.95870176,0.11813425,0.80586429,0.28165056,-0.52082191,0.00151187,-0.00526106,-0.00670938
-0.532827846,-0.0393727181,-0.845307109,-0.258540223,0.958727954,0.1183117,0.8057613,0.281585679,-0.521016379,-0.000215694774,-0.00692850305,-0.00675629824
-0.5330217,-0.03924149,-0.84519104,-0.25839049,0.95875242,0.11844052,0.80568117,0.2815207,-0.52117547,,,
-0.53313329,-0.03907942,-0.84512809,-0.25826255,0.95876892,0.11858587,0.80564827,0.28148704,-0.52124438,0.00318223,-0.00334477,-0.00372443
-0.53334611,-0.0390247,-0.84499656,-0.2582609,0.95875139,0.11873118,0.80550817,0.28155436,-0.52142488,0.00351878,-0.00261778,-0.00748437
-0.533510035,-0.0390491829,-0.844891728,-0.258252476,0.958749703,0.118763042,0.805402092,0.281556678,-0.521587133,0.000136219896,-0.00144880998,-0.00891528279
-0.53354381,-0.03912203,-0.84486716,-0.25825922,0.95875593,0.1186981,0.80537769,0.28152537,-0.52164192,0.00320665,-0.00244415,-0.00943268
-0.53351405,-0.03927773,-0.84487857,-0.25840059,0.95872982,0.11860123,0.80535189,0.28159257,-0.52164522,0.00101408,-0.00541598,-0.00879824
-0.53327188,-0.0394882014,-0.845021674,-0.258543675,0.958721187,0.118358989,0.805466396,0.28159255,-0.521468472,0.000445503276,0.00219970918,-0.00702814572
-0.53276876,-0.03968411,-0.84533,-0.25882293,0.95867558,0.11811785,0.80570983,0.28172026,-0.52102356,-0.00341241,-0.00186151,-0.00900364
-0.532246149,-0.0398407471,-0.845651738,-0.258918427,0.958689535,0.117794848,0.806024438,0.281650658,-0.520574319,0.00150858494,-0.000100970261,-0.00913124718
-0.53198467,-0.03993771,-0.84581155,-0.25894833,0.95870529,0.11760074,0.8061873,0.28158329,-0.52035832,0.00220279,-0.00197554,-0.00690772
-0.53137962,-0.04013812,-0.84618242,-0.25899441,0.95874632,0.11716394,0.80657154,0.28141504,-0.51985381,-0.00215052,0.00668555,-0.0023713
-0.53098707,-0.04024655,-0.84642351,-0.25907436,0.95875236,0.11693754,0.8068042,0.28137898,-0.51951195,-0.00607729,0.00314683,-0.00324272
-0.53080749,-0.04033726,-0.84653173,-0.25911763,0.95875843,0.11679175,0.80690837,0.28134527,-0.51936825,-0.00247362,0.00865513,-0.00599312
-0.53061341,-0.04043137,-0.84664917,-0.25930239,0.95871633,0.11672733,0.80697694,0.28147522,-0.5191917,-0.00393078,0.0025031,-0.00250941
-0.53051993,-0.04055814,-0.8467016,-0.25968439,0.95860497,0.11679263,0.80691548,0.28183601,-0.51909136,-0.00448541,0.00233859,-0.00248966
-0.53057226,-0.04063297,-0.84666517,-0.25991007,0.95853391,0.11687384,0.80680835,0.28206684,-0.51913242,-0.00771459,0.00407261,-0.00401947
-0.53064329,-0.04074698,-0.84661519,-0.26031929,0.95840304,0.11703624,0.8066297,0.28249478,-0.51917737,-0.00276175,0.0042519,-0.00222751
-0.53079647,-0.04085474,-0.84651399,-0.26074213,0.95826229,0.11724726,0.80639233,0.2829563,-0.51929479,,,
-0.53089724,-0.04088761,-0.84644914,-0.26093919,0.95819276,0.11737705,0.80626217,0.28318693,-0.51937107,,,
-0.53109889,-0.04095353,-0.8463195,-0.26133323,0.95805354,0.11763657,0.80600176,0.28364807,-0.51952368,,,
-0.53143134,-0.04104557,-0.84610639,-0.26164136,0.95794153,0.11786362,0.80568266,0.28401284,-0.51981937,,,
-0.53161405,-0.04110961,-0.84598838,-0.26181639,0.95787973,0.11797707,0.80550513,0.28421191,-0.51998549,,,
-0.53184884,-0.04132317,-0.84583039,-0.26214602,0.95778158,0.11804199,0.8052429,0.28451159,-0.52022773,-0.00238536,-0.00410742,-0.00175107
-0.532034708,-0.0416531228,-0.845697202,-0.262433404,0.95771685,0.117928515,0.805026365,0.284681302,-0.520469769,0.00270589348,-0.000526010932,-0.0046449895
-0.532205411,-0.0420240056,-0.845571562,-0.262826694,0.957620974,0.117831222,0.804785321,0.284949207,-0.520696092,0.000169324921,-0.000715851726,-0.00513000414
-0.532144673,-0.0423354736,-0.845594231,-0.263108794,0.957567425,0.117636668,0.804733284,0.285083024,-0.520703237,0.000857968989,-0.00477802707,-0.00281034666
-0.53214772,-0.04252709,-0.84558271,-0.26329187,0.95752905,0.11753936,0.8046714,0.28518338,-0.52074394,-0.00153423,-0.00510621,-0.00273447
-0.5319743,-0.04303769,-0.84566613,-0.26366609,0.95747579,0.11713373,0.80466368,0.2852856,-0.52070009,,,
-0.53186738,-0.04358285,-0.84570547,-0.26415953,0.95738141,0.11679292,0.80457253,0.28551949,-0.52071277,-0.00331681,-0.00757378,0.00337457
-0.53177237,-0.04389566,-0.84574874,-0.26436407,0.9573566,0.11653313,0.80456784,0.28555473,-0.52070022,,,
-0.531631735,-0.0445164344,-0.84580495,-0.26470941,0.957326242,0.115997393,0.804547485,0.285560421,-0.52072893,-0.00671239197,0.000503122748,0.000953976414
-0.53150569,-0.04520787,-0.84584725,-0.26484277,0.95737955,0.11525058,0.80458662,0.28527292,-0.52082565,,,
-0.53154178,-0.04565833,-0.84580071,-0.26485578,0.95743447,0.11476349,0.80455884,0.28501677,-0.5210093,-0.00520581,-0.00316769,-0.00274028
-0.53154178,-0.04565833,-0.84580071,-0.26485578,0.95743447,0.11476349,0.80455884,0.28501677,-0.5210093,-0.00520581,-0.00316769,-0.00274028
-0.53154178,-0.04565833,-0.84580071,-0.26485578,0.95743447,0.11476349,0.80455884,0.28501677,-0.5210093,-0.00520581,-0.00316769,-0.00274028
-0.531746216,-0.0468512845,-0.845606817,-0.26490855,0.957567037,0.113528976,0.804406236,0.284377083,-0.521593954,-0.00695537636,0.000452518434,-8.93536489e-05
-0.531746216,-0.0468512845,-0.845606817,-0.26490855,0.957567037,0.113528976,0.804406236,0.284377083,-0.521593954,-0.00695537636,0.000452518434,-8.93536489e-05
-0.53191474,-0.047631,-0.84545723,-0.26491307,0.95766179,0.11271626,0.8042933,0.28392812,-0.5220125,-0.00866087,0.00994581,-0.0026944
-0.53212985,-0.04795401,-0.84530364,-0.26491846,0.9576928,0.11243984,0.80414927,0.28376913,-0.52232083,-0.00722701,0.00894099,-0.00623081
-0.532377885,-0.0482757293,-0.845129007,-0.265001311,0.957694676,0.112228368,0.803957642,0.283708222,-0.522648594,-0.00114107435,7.97510074e-05,-0.00879421644
-0.532377885,-0.0482757293,-0.845129007,-0.265001311,0.957694676,0.112228368,0.803957642,0.283708222,-0.522648594,-0.00114107435,7.97510074e-05,-0.00879421644
-0.53251078,-0.04853068,-0.84503075,-0.26506368,0.95770028,0.11203311,0.80384914,0.28364581,-0.52284944,,,
-0.53251078,-0.04853068,-0.84503075,-0.26506368,0.95770028,0.11203311,0.80384914,0.28364581,-0.52284944,,,
-0.532659188,-0.0487076098,-0.844927075,-0.265055658,0.957719618,0.111886694,0.803753502,0.283550177,-0.523048381,-0.00178053149,-0.00602740003,2.68821605e-05
-0.53279176,-0.04899965,-0.84482648,-0.26508277,0.95774249,0.11162635,0.80365656,0.28342257,-0.52326627,-0.00592024,-0.00422078,-0.006004
-0.53280955,-0.04918782,-0.84480454,-0.26512461,0.95775176,0.1114473,0.80363119,0.28335864,-0.52334019,-0.00614836,0.00307697,-0.00452167
-0.53286028,-0.04948608,-0.84475517,-0.26513795,0.957784,0.11113809,0.80359321,0.2831977,-0.5234857,-0.00944599,0.00713915,-0.00391558
-0.532942,-0.04962844,-0.84469502,-0.26501041,0.95784384,0.11092631,0.80358082,0.28297029,-0.52362727,-0.00702981,-0.00538123,-0.00509754
-0.53299077,-0.04962345,-0.84466453,-0.26494679,0.95786333,0.11090999,0.80356944,0.28290519,-0.52367989,-0.00492671,0.00299245,-0.00634738
-0.53294181,-0.04973987,-0.84468841,-0.26490438,0.95789579,0.11073083,0.80361573,0.28277481,-0.52367901,-0.00616363,-0.00173944,-0.00997414
-0.53294181,-0.04973987,-0.84468841,-0.26490438,0.95789579,0.11073083,0.80361573,0.28277481,-0.52367901,-0.00616363,-0.00173944,-0.00997414
-0.53282881,-0.04982781,-0.84475473,-0.26510209,0.95784295,0.11071477,0.80362569,0.28293827,-0.52357578,-0.00644929,0.00245255,-0.00283047
-0.5328637,-0.0499441,-0.84472581,-0.26543313,0.95773996,0.11081257,0.80349322,0.28326623,-0.52360167,,,
-0.53286536,-0.04998744,-0.84472207,-0.26575733,0.95763119,0.11097542,0.80338482,0.28362609,-0.52357301,-0.00628997,0.00419694,0.00227852
-0.53291607,-0.05006299,-0.84468589,-0.26598263,0.9575592,0.11105682,0.80327691,0.28385573,-0.52361457,-0.00386863,0.00201672,0.00457905
-0.53291607,-0.05006299,-0.84468589,-0.26598263,0.9575592,0.11105682,0.80327691,0.28385573,-0.52361457,-0.00386863,0.00201672,0.00457905
-0.53344215,-0.05010536,-0.8443511,-0.26643131,0.95738148,0.11151258,0.80277872,0.2844471,-0.52405727,,,
-0.533572821,-0.0500571685,-0.844271391,-0.266416691,0.957374175,0.111610178,0.802696735,0.284480166,-0.524164902,-0.000400699209,0.00101119268,-0.00516442256
-0.53381849,-0.05003887,-0.84411722,-0.26645784,0.95734565,0.11175655,0.80251978,0.28457937,-0.52438205,-0.00292481,-0.00402188,-0.0020658
-0.533982231,-0.0499896103,-0.844016641,-0.266520455,0.95730922,0.111919197,0.802390116,0.284710552,-0.524509368,-0.00375920278,0.000361382932,-0.00359733519
-0.53409711,-0.04994536,-0.84394658,-0.26664665,0.95725314,0.11209814,0.80227174,0.28490681,-0.5245839,-0.00459575,0.0025447,-0.0074451
-0.534162992,-0.0498690511,-0.843909227,-0.266871621,0.957159923,0.112358419,0.802152881,0.285233157,-0.52458804,-0.00494404603,-0.000455975503,-0.00665742485
-0.53406551,-0.04976779,-0.84397696,-0.26710454,0.95706818,0.11258621,0.80214033,0.2855585,-0.5244303,-0.00314173,0.0011462,-0.00873283
-0.5339838,-0.04966266,-0.84403496,-0.26719658,0.95702527,0.11273255,0.80216418,0.2857206,-0.52430569,-0.00558872,-0.00255698,-0.0089204
-0.53334292,-0.04881074,-0.8444896,-0.26743319,0.95685733,0.1135937,0.80251147,0.28642897,-0.52338669,,,
-0.53325934,-0.0484766,-0.8445616,-0.26737768,0.95683616,0.11390229,0.80258548,0.28655641,-0.52320338,-0.00622931,0.00241607,-0.00390194
-0.53307466,-0.04769422,-0.84472282,-0.26715438,0.95681902,0.11456834,0.80278262,0.28674488,-0.52279769,,,
-0.533051472,-0.046782184,-0.844788456,-0.26670488,0.956856603,0.115299385,0.802947455,0.286769713,-0.522530857,0.00613083038,-0.00264531351,0.000107594999
-0.53306476,-0.04643823,-0.84479886,-0.26652203,0.95687424,0.11557542,0.80299915,0.28676674,-0.52245275,0.00461229,-0.00648934,-0.00133853
-0.53306476,-0.04643823,-0.84479886,-0.26652203,0.95687424,0.11557542,0.80299915,0.28676674,-0.52245275,0.00461229,-0.00648934,-0.00133853
-0.53346823,-0.04557331,-0.84459138,-0.26628735,0.95681945,0.11656575,0.80280918,0.28708814,-0.52256838,0.00648273,0.00324315,-0.00260014
-0.53369843,-0.04563338,-0.8444427,-0.26639817,0.95677674,0.11666315,0.8026194,0.28722094,-0.52278689,0.00826863,-0.00197166,-0.00260193
-0.53424037,-0.04574774,-0.84409369,-0.26663302,0.95668159,0.11690661,0.80218068,0.28751951,-0.52329578,0.00264937,0.0013153,-0.00626953
-0.534718008,-0.0460562258,-0.843774524,-0.26689638,0.956606156,0.116922983,0.801774873,0.287721194,-0.523806778,0.000307284063,0.000106036656,-0.0109883109
-0.5349167,-0.04630953,-0.84363471,-0.26711277,0.95655369,0.11685808,0.80157025,0.28785495,-0.52404641,0.00188912,-0.00401986,-0.00989441
-0.53523174,-0.04682218,-0.84340649,-0.26753223,0.95645825,0.11667957,0.8012199,0.28808905,-0.52445325,0.00145894,0.00319225,-0.00650618
-0.53549774,-0.04726602,-0.8432128,-0.26808539,0.95630731,0.11664707,0.80085712,0.28851731,-0.52477173,-0.00558044,0.00420445,-0.00580799
-0.53564724,-0.04745067,-0.84310763,-0.26843553,0.95619919,0.11672822,0.80064,0.28884519,-0.5249229,-0.00191218,0.00142556,-0.0075777
-0.535813665,-0.0476757647,-0.842989172,-0.268967953,0.956029758,0.116890297,0.8003499,0.289368489,-0.525077062,-0.00256987801,-5.30481293e-06,-0.00686085364
-0.535813665,-0.0476757647,-0.842989172,-0.268967953,0.956029758,0.116890297,0.8003499,0.289368489,-0.525077062,-0.00256987801,-5.30481293e-06,-0.00686085364
-0.53572062,-0.04811452,-0.84302352,-0.26978374,0.95579994,0.11688977,0.80013774,0.29005427,-0.52502226,,,
-0.53572062,-0.04811452,-0.84302352,-0.26978374,0.95579994,0.11688977,0.80013774,0.29005427,-0.52502226,,,
-0.53572062,-0.04811452,-0.84302352,-0.26978374,0.95579994,0.11688977,0.80013774,0.29005427,-0.52502226,,,
-0.535270586,-0.0488210998,-0.843268634,-0.271332209,0.955357877,0.116919467,0.799915196,0.291389481,-0.524621709,-0.00616612099,-0.000383138628,0.00366072031
-0.53520679,-0.04891165,-0.8433038,-0.27182373,0.95519444,0.11711292,0.79979091,0.29190962,-0.52452189,-0.00289989,-0.00493491,-0.00150159
-0.53509317,-0.04896257,-0.84337292,-0.27205631,0.95512235,0.11716079,0.79978783,0.29213688,-0.52440002,,,
-0.53509317,-0.04896257,-0.84337292,-0.27205631,0.95512235,0.11716079,0.79978783,0.29213688,-0.52440002,,,
-0.534928839,-0.0487815722,-0.84348766,-0.271847242,0.955181883,0.117160768,0.799968844,0.291972476,-0.524215471,-0.000403056445,-0.00543588353,-0.00361593976
-0.53471442,-0.04863491,-0.84363199,-0.2713089,0.95536862,0.11688573,0.8002948,0.29138538,-0.52404446,-0.00352329,-0.00318933,-0.00764208
-0.53448384,-0.04856648,-0.84378196,-0.27084073,0.95554102,0.11656182,0.80060727,0.29083097,-0.523875,-0.0026537,0.00199765,-0.00947017
-0.53422013,-0.04846222,-0.84395489,-0.27033044,0.95572497,0.11623778,0.80095561,0.29024331,-0.52366833,-0.00432425,0.00271088,-0.00536951
-0.53408857,-0.04835476,-0.84404461,-0.27012788,0.95579013,0.116173,0.80111199,0.29004664,-0.52353855,-0.00519263,0.01225024,-0.01310818
-0.53377582,-0.04818186,-0.84425244,-0.26975107,0.95591822,0.11599451,0.80144747,0.28965302,-0.52324314,-0.00312154,-0.00358051,-0.00967963
-0.53351287,-0.04804827,-0.84442606,-0.26963363,0.95595534,0.11596162,0.80166184,0.28955268,-0.5229699,-0.00184987,0.00298935,-0.00746477
-0.53331611,-0.04798684,-0.84455383,-0.26959995,0.95596882,0.11592875,0.80180408,0.28951834,-0.52277082,-0.00413423,0.00403291,-0.00779042
-0.533070308,-0.0478562241,-0.844716274,-0.269700224,0.955926853,0.116041516,0.801933657,0.289678487,-0.522483052,-0.00367406895,-8.74996113e-05,-0.00475815078
-0.53287477,-0.0478757,-0.84483842,-0.2699546,0.95584731,0.11610525,0.8019779,0.28993763,-0.52227118,,,
-0.53277714,-0.04788545,-0.84489959,-0.27008186,0.95580749,0.1161371,0.80200007,0.29006727,-0.52216537,,,
-0.53277714,-0.04788545,-0.84489959,-0.27008186,0.95580749,0.1161371,0.80200007,0.29006727,-0.52216537,,,
-0.53250247,-0.0481835,-0.84505585,-0.27079326,0.95560455,0.11615057,0.80194267,0.2906859,-0.52190955,-0.00840771,0.00188142,0.00144991
-0.532470813,-0.048302412,-0.845069048,-0.270969024,0.955558744,0.116117501,0.801904363,0.290816717,-0.521895599,-0.00491635641,-0.00011211633,0.00168377871
-0.5325698,-0.04833659,-0.84500465,-0.27116491,0.95548743,0.11624699,0.80177233,0.29104527,-0.52197093,,,
-0.53281564,-0.04831931,-0.84485075,-0.27120523,0.95545813,0.1163937,0.80159545,0.29114432,-0.52218748,,,
-0.53314176,-0.04828928,-0.84464653,-0.2709008,0.95554819,0.11636326,0.80148136,0.29085357,-0.52252424,,,
-0.53341915,-0.04822705,-0.84447494,-0.27069493,0.95560044,0.11641328,0.80136635,0.29069219,-0.52279039,,,
-0.533648921,-0.0483987666,-0.84431999,-0.270700164,0.955610721,0.116316664,0.80121165,0.290629841,-0.523062182,0.000264375471,0.00164991606,0.00592366653
-0.533648921,-0.0483987666,-0.84431999,-0.270700164,0.955610721,0.116316664,0.80121165,0.290629841,-0.523062182,0.000264375471,0.00164991606,0.00592366653
-0.53497454,-0.04879094,-0.84345823,-0.27067535,0.95560748,0.11640104,0.80033568,0.29057493,-0.52443218,,,
-0.53536705,-0.04898827,-0.84319768,-0.27067215,0.9556162,0.11633685,0.80007422,0.29051304,-0.52486519,0.00156599,-0.00609428,-0.00716017
-0.53673962,-0.04975287,-0.84227982,-0.27059088,0.95568241,0.11598153,0.79918159,0.29016511,-0.52641529,-0.00303393,0.0026502,-0.00426017
-0.53708238,-0.04995522,-0.84204907,-0.27065115,0.95567123,0.11593295,0.79893061,0.29016714,-0.52679461,-0.00401088,0.00381762,-0.00701547
-0.537572309,-0.0502613904,-0.841718237,-0.270773433,0.955644454,0.115868112,0.798559669,0.290202454,-0.527337441,0.000225884374,0.00189572561,-0.00993688032
-0.537899107,-0.0505051313,-0.841494978,-0.27093918,0.955601407,0.115835708,0.798283488,0.290301882,-0.527700963,-0.00481948163,-6.69360088e-05,-0.00981792156
-0.53796447,-0.05057763,-0.84144876,-0.27102283,0.95557768,0.11583571,0.79821096,0.29036733,-0.52777453,-0.0062531,0.00295442,-0.01063938
-0.53786711,-0.05062444,-0.84150821,-0.271115,0.95555547,0.11580325,0.79824529,0.29043227,-0.5276869,-0.0041888,0.00317925,-0.00528387
-0.53786711,-0.05062444,-0.84150821,-0.271115,0.95555547,0.11580325,0.79824529,0.29043227,-0.5276869,-0.0041888,0.00317925,-0.00528387
-0.53750866,-0.05031573,-0.84175576,-0.2712999,0.95546361,0.11612774,0.79842394,0.29078793,-0.52722062,,,
-0.5372473,-0.04999701,-0.84194147,-0.2713577,0.95541167,0.1164196,0.79858008,0.29101345,-0.52685941,-0.00553476,0.00098538,0.0023436
-0.53719763,-0.04966219,-0.84199294,-0.27137838,0.95536027,0.11679263,0.79860642,0.29123944,-0.52669451,-0.00324479,-0.00285846,0.00927991
-0.53726229,-0.04954233,-0.84195875,-0.27127934,0.95537648,0.11689006,0.79859658,0.29120667,-0.52672756,0.00125132,-0.00362313,0.00606641
-0.53726229,-0.04954233,-0.84195875,-0.27127934,0.95537648,0.11689006,0.79859658,0.29120667,-0.52672756,0.00125132,-0.00362313,0.00606641
-0.53809187,-0.04947425,-0.84143278,-0.27091324,0.95545846,0.11706895,0.79816216,0.29094918,-0.52752765,,,
-0.53809187,-0.04947425,-0.84143278,-0.27091324,0.95545846,0.11706895,0.79816216,0.29094918,-0.52752765,,,
-0.539246026,-0.0495312574,-0.840690213,-0.270459614,0.955573137,0.117181772,0.797536819,0.2905626,-0.528685215,0.000130442902,-0.0099611273,-0.00801462028
-0.539246026,-0.0495312574,-0.840690213,-0.270459614,0.955573137,0.117181772,0.797536819,0.2905626,-0.528685215,0.000130442902,-0.0099611273,-0.00801462028
-0.539246026,-0.0495312574,-0.840690213,-0.270459614,0.955573137,0.117181772,0.797536819,0.2905626,-0.528685215,0.000130442902,-0.0099611273,-0.00801462028
-0.540871018,-0.0500463401,-0.839615095,-0.270128054,0.955683198,0.117048909,0.796548164,0.290112007,-0.530420258,-0.00085059891,0.0053661461,-0.00240744976
-0.540871018,-0.0500463401,-0.839615095,-0.270128054,0.955683198,0.117048909,0.796548164,0.290112007,-0.530420258,-0.00085059891,0.0053661461,-0.00240744976
-0.541811197,-0.0500089998,-0.839011045,-0.269815548,0.955744013,0.117272953,0.796015078,0.28991805,-0.53132601,0.000754289329,-0.00479406072,-0.011545673
-0.541811197,-0.0500089998,-0.839011045,-0.269815548,0.955744013,0.117272953,0.796015078,0.28991805,-0.53132601,0.000754289329,-0.00479406072,-0.011545673
-0.541811197,-0.0500089998,-0.839011045,-0.269815548,0.955744013,0.117272953,0.796015078,0.28991805,-0.53132601,0.000754289329,-0.00479406072,-0.011545673
-0.54294398,-0.04991452,-0.83828412,-0.26928286,0.95586701,0.11749463,0.79542345,0.28952856,-0.53242337,0.00517107,-0.00427383,-0.00679259
-0.54313856,-0.05001347,-0.83815216,-0.26928092,0.95587166,0.11746126,0.79529126,0.28949614,-0.53263843,0.00208744,-0.00440621,-0.00416886
-0.54330045,-0.0500759561,-0.838043474,-0.269237206,0.955888072,0.11742792,0.795195443,0.289431145,-0.532816727,0.00106647681,0.000472128362,-0.00974341203
-0.54330045,-0.0500759561,-0.838043474,-0.269237206,0.955888072,0.11742792,0.795195443,0.289431145,-0.532816727,0.00106647681,0.000472128362,-0.00974341203
-0.543252004,-0.0502275991,-0.838065755,-0.26916182,0.95593919,0.117184352,0.795254007,0.289235969,-0.532835228,0.000349430251,0.00557523919,-0.00608505961
-0.54320362,-0.05030601,-0.83809242,-0.26915593,0.95595475,0.11707089,0.79528906,0.2891709,-0.53281824,-0.0030709,0.00340551,-0.00925561
-0.54309015,-0.0502750504,-0.838167873,-0.269101205,0.955976086,0.117022477,0.79538513,0.289105756,-0.53271027,-0.000719815143,-0.00505399657,-0.00716650672
-0.54309015,-0.0502750504,-0.838167873,-0.269101205,0.955976086,0.117022477,0.79538513,0.289105756,-0.53271027,-0.000719815143,-0.00505399657,-0.00716650672
-0.54309015,-0.0502750504,-0.838167873,-0.269101205,0.955976086,0.117022477,0.79538513,0.289105756,-0.53271027,-0.000719815143,-0.00505399657,-0.00716650672
-0.542394451,-0.0502963178,-0.838616874,-0.269452983,0.955886442,0.116945254,0.795740581,0.289398312,-0.53201999,1.33697176e-05,0.00159615267,-0.00586254429
-0.54199026,-0.05025941,-0.83888054,-0.2698147,0.95577019,0.11706136,0.79589358,0.28978842,-0.53157887,,,
-0.54158632,-0.05041503,-0.839132,-0.27035936,0.95561398,0.11708006,0.79598367,0.29027616,-0.53117763,,,
-0.54142497,-0.05047176,-0.83923279,-0.27065548,0.95552207,0.11714598,0.79599289,0.29056871,-0.53100397,,,
-0.54116698,-0.05069459,-0.8393857,-0.2712964,0.95533214,0.11721249,0.7959501,0.29115385,-0.53074747,-0.00579306,-0.00139791,0.00433357
-0.54116698,-0.05069459,-0.8393857,-0.2712964,0.95533214,0.11721249,0.7959501,0.29115385,-0.53074747,-0.00579306,-0.00139791,0.00433357
-0.54116698,-0.05069459,-0.8393857,-0.2712964,0.95533214,0.11721249,0.7959501,0.29115385,-0.53074747,-0.00579306,-0.00139791,0.00433357
-0.54120148,-0.05098817,-0.83934554,-0.27255615,0.95490945,0.11773307,0.79549599,0.29248613,-0.53069555,-0.00360489,0.00220579,0.00592328
-0.54152603,-0.05089372,-0.83914206,-0.27267736,0.95483483,0.11805723,0.79523369,0.2927461,-0.53094548,,,
-0.54152603,-0.05089372,-0.83914206,-0.27267736,0.95483483,0.11805723,0.79523369,0.2927461,-0.53094548,,,
-0.54152603,-0.05089372,-0.83914206,-0.27267736,0.95483483,0.11805723,0.79523369,0.2927461,-0.53094548,,,
-0.54215795,-0.05084706,-0.83873671,-0.2725639,0.95483725,0.11829937,0.79484188,0.2927463,-0.53153168,,,
-0.54215795,-0.05084706,-0.83873671,-0.2725639,0.95483725,0.11829937,0.79484188,0.2927463,-0.53153168,,,
-0.542530862,-0.0512335742,-0.838471987,-0.272526348,0.954886185,0.117990506,0.79460024,0.292519214,-0.532017723,-0.00168442458,-0.000606656016,-0.00530800875
-0.542482711,-0.0515047167,-0.838486525,-0.272703299,0.954861652,0.117780019,0.7945724,0.292551681,-0.532041441,-0.000373480609,-0.00104403484,-0.00869422499
-0.5423373,-0.05174943,-0.83856557,-0.27304199,0.95477878,0.11766713,0.79455541,0.29277889,-0.53194191,-0.00430935,0.00418836,-0.00377405
-0.54201367,-0.05204607,-0.83875643,-0.27346,0.954683,0.1174734,0.79463247,0.29303853,-0.53168375,,,
-0.541835547,-0.0522543011,-0.838858527,-0.273756853,0.954611837,0.11736023,0.794651701,0.293233228,-0.531547598,-0.00538975419,0.00121504057,-0.000543398783
-0.54177065,-0.05233752,-0.83889514,-0.27389082,0.95457738,0.11732793,0.79464967,0.29333054,-0.53149677,-0.00391367,0.00423771,0.00144321
-0.541673602,-0.0524208754,-0.838952755,-0.273948434,0.954572782,0.117230794,0.794696124,0.293330625,-0.531427493,-0.00423575938,0.00318604684,0.000554643571
-0.54172211,-0.05237923,-0.83892394,-0.2739196,0.95457509,0.11727931,0.7946729,0.29333053,-0.53146213,,,
-0.54180305,-0.05241064,-0.83886963,-0.2738978,0.95458335,0.11726301,0.79462515,0.29329805,-0.53155133,-0.00134331,-0.00464767,0.00290522
-0.54180305,-0.05241064,-0.83886963,-0.2738978,0.95458335,0.11726301,0.79462515,0.29329805,-0.53155133,-0.00134331,-0.00464767,0.00290522
-0.54180305,-0.05241064,-0.83886963,-0.2738978,0.95458335,0.11726301,0.79462515,0.29329805,-0.53155133,-0.00134331,-0.00464767,0.00290522
-0.54245109,-0.05293791,-0.83841772,-0.27419287,0.95451463,0.11713281,0.79408121,0.293427,-0.53229269,-0.003965,-0.00843275,-0.0017251
-0.54279086,-0.0534079,-0.83816798,-0.27436591,0.95449874,0.11685671,0.79378921,0.29339349,-0.5327465,,,
-0.54304948,-0.0538465,-0.83797246,-0.27456076,0.95447449,0.11659687,0.793545,0.29339222,-0.53311102,-0.00627546,0.00755495,0.00225368
-0.543162674,-0.0539510789,-0.837892377,-0.274545991,0.954488681,0.116515484,0.793472654,0.293326849,-0.533254677,-0.00724909361,0.00698274327,0.000598848797
-0.543162674,-0.0539510789,-0.837892377,-0.274545991,0.954488681,0.116515484,0.793472654,0.293326849,-0.533254677,-0.00724909361,0.00698274327,0.000598848797
-0.54374503,-0.0538998987,-0.837517649,-0.274140276,0.954601527,0.116546227,0.793213792,0.292968796,-0.533835964,-0.00451285113,-0.000364601583,-0.00420363387
-0.543858537,-0.0537748676,-0.837452145,-0.273977422,0.954638438,0.116626856,0.793192413,0.292871499,-0.533921363,0.000105165178,-0.000450074644,-0.00590780936
-0.54405286,-0.05348823,-0.83734434,-0.27360995,0.95472413,0.11678799,0.79318606,0.29264458,-0.5340553,,,
-0.54413364,-0.05317024,-0.83731193,-0.27318788,0.95483122,0.11690044,0.79327595,0.29235296,-0.53408125,0.00310441,-0.00362021,-0.00856865
-0.54418216,-0.05300866,-0.83729061,-0.27290685,0.95490969,0.11691591,0.79333935,0.29212594,-0.53411123,-0.00429711,-0.00663716,-0.00780811
-0.54421442,-0.05273238,-0.83728719,-0.27251354,0.95501419,0.11697974,0.79345252,0.29183418,-0.53410278,0.00652408,-0.00441837,-0.00694713
-0.54413341,-0.05265434,-0.83734469,-0.27221382,0.95511761,0.11683309,0.79361089,0.29150962,-0.53404464,-0.00379007,0.00228149,-0.00560219
-0.54413341,-0.05265434,-0.83734469,-0.27221382,0.95511761,0.11683309,0.79361089,0.29150962,-0.53404464,-0.00379007,0.00228149,-0.00560219
-0.54379333,-0.05250413,-0.83757513,-0.27137198,0.95542267,0.116296,0.79413225,0.29053542,-0.53380063,-0.00177552,-0.0050056,-0.00700975
-0.54368016,-0.05250958,-0.83764835,-0.27128262,0.95546187,0.11618248,0.79424036,0.29040553,-0.5337106,-0.00269632,-0.00116748,-0.00670719
-0.54358304,-0.05270294,-0.83769906,-0.27123611,0.95551055,0.11589024,0.79432253,0.29021023,-0.53369427,-0.00345567,0.00162512,-0.00898959
-0.5434537,-0.05278664,-0.83777772,-0.27121726,0.95553554,0.11572822,0.79441748,0.29011273,-0.53360597,-0.00805008,0.00582451,-0.00696895
-0.543405195,-0.0528284421,-0.837806526,-0.271246045,0.955533248,0.115679686,0.794440811,0.290112672,-0.533571234,-0.00281572738,0.000302135915,-0.00581547478
-0.5433572,-0.05330234,-0.83780756,-0.27196252,0.95533915,0.11560054,0.79422858,0.29066468,-0.53358664,-0.00417805,-0.00284708,-0.00235569
-0.54343844,-0.05341671,-0.83774776,-0.27222781,0.9552537,0.11568225,0.79408228,0.29092442,-0.53366309,,,
-0.54343844,-0.05341671,-0.83774776,-0.27222781,0.9552537,0.11568225,0.79408228,0.29092442,-0.53366309,,,
-0.54368086,-0.05399971,-0.83755307,-0.27352759,0.95484463,0.11599311,0.79346946,0.2921571,-0.53390116,,,
-0.543922998,-0.0541405716,-0.837386622,-0.273783659,0.954757431,0.11610663,0.793215018,0.292415868,-0.534137324,-0.00464837439,-0.00242763734,0.000430672662
-0.54422997,-0.05416155,-0.83718577,-0.27394021,0.95468688,0.11631729,0.79295034,0.29264223,-0.53440623,,,
-0.54431078,-0.05415643,-0.83713355,-0.27395308,0.95467727,0.11636582,0.79289041,0.29267452,-0.53447745,-0.001491,-0.00501001,-0.00207684
-0.54465009,-0.05409422,-0.83691686,-0.27389923,0.95467107,0.11654334,0.792676,0.29270626,-0.53477805,,,
-0.54487633,-0.05400057,-0.83677567,-0.27379084,0.95468641,0.11667233,0.79255798,0.29267353,-0.53497089,0.0056418,-0.00259399,-0.00277928
-0.54492484,-0.05399541,-0.83674443,-0.27372727,0.95470667,0.11665573,0.79254661,0.29260839,-0.53502339,0.00427234,-0.00369644,-0.00275797
-0.54500546,-0.0540633206,-0.836687441,-0.273670887,0.95473279,0.116574163,0.792510544,0.292510594,-0.535130134,0.00357459998,-0.000313639612,-0.00651351968
-0.54489234,-0.05426155,-0.83674838,-0.27376468,0.95473159,0.11636363,0.79255603,0.29247782,-0.53508082,0.00145304,-0.00319815,-0.00476374
-0.544827757,-0.0543814769,-0.836782799,-0.273864125,0.954714879,0.116266686,0.792566236,0.292510096,-0.535048303,0.00064589479,-1.84178334e-05,-0.00681709591
-0.54455255,-0.05470986,-0.83694042,-0.27418409,0.95465643,0.11599217,0.79264464,0.29263959,-0.53486116,,,
-0.54419631,-0.05500687,-0.83715253,-0.2745257,0.9545896,0.11573389,0.79277093,0.29280188,-0.53458493,-0.00274821,0.00211877,-0.00724299
-0.544002177,-0.0551370484,-0.837270223,-0.274675618,0.954562122,0.115604742,0.792852335,0.292866962,-0.534428673,0.000450427644,0.00337392068,-0.00375405513
-0.54354894,-0.05532443,-0.8375521,-0.27489189,0.95453116,0.11534605,0.79308812,0.29293253,-0.53404264,-0.00277092,0.00138754,-0.00400839
-0.543063505,-0.055475207,-0.837857093,-0.275066235,0.954512173,0.115087258,0.793360305,0.292965889,-0.533620082,-0.00534758391,0.000715494098,-0.00337697007
-0.542868733,-0.0555688588,-0.837976988,-0.275250585,0.954466815,0.115022642,0.793429547,0.293095879,-0.533445548,-0.00624541333,-0.000235199914,0.000145377824
-0.54256024,-0.05571421,-0.83816691,-0.27566681,0.95434856,0.11500708,0.79349585,0.29345314,-0.53315013,-0.00699642,-0.001912,0.00104652
-0.54241381,-0.05584918,-0.838253,-0.27610897,0.9542109,0.11508867,0.79344254,0.29387486,-0.53299763,,,
-0.542348639,-0.0558958533,-0.838292041,-0.276277424,0.954158209,0.115121222,0.793428432,0.294037012,-0.532929167,-0.00541087752,0.000317037076,-0.00089624559
-0.54231553,-0.05597906,-0.83830777,-0.27648753,0.95409342,0.11515372,0.79337772,0.29423134,-0.53289718,-0.00134116,-0.00213385,0.00438391
-0.54236368,-0.05605713,-0.83827162,-0.27671068,0.95401891,0.11523503,0.79326723,0.294458,-0.53293682,,,
-0.54239574,-0.05609366,-0.8382483,-0.27675236,0.95400682,0.11523505,0.79323064,0.29449022,-0.53297328,,,
-0.542443609,-0.0562084456,-0.838209586,-0.276940731,0.953950196,0.115251243,0.793132102,0.294651706,-0.533030591,-0.00038263551,-0.00337332464,-0.00599264726
-0.542297469,-0.0562602161,-0.838300666,-0.277096184,0.953907016,0.115234991,0.793177738,0.294781591,-0.532890847,-0.00394539582,0.000688791217,-0.00570204901
-0.54216797,-0.05627039,-0.83838392,-0.27714665,0.95389629,0.11520249,0.79324882,0.29481438,-0.53276717,-0.0043166,0.00614387,-0.00459235
-0.54186054,-0.05613937,-0.83859121,-0.27709372,0.95391363,0.11518613,0.79347711,0.29478322,-0.53244402,,,
-0.54156968,-0.05589353,-0.83879549,-0.27700506,0.95392763,0.1152834,0.7937066,0.29478463,-0.53210106,-0.00166415,-0.00394583,-0.00360554
-0.541375762,-0.0557939416,-0.838927606,-0.277006789,0.953923222,0.115315794,0.793838605,0.29481779,-0.531886215,-0.000847717165,-0.000707983912,-0.00566920871
