0,1,2,3,4,5,6,7,8,9,10,11
0.938115046,-0.00551981279,0.34627979,0.0260613524,-0.995912785,-0.0864786219,0.345341812,0.090151416,-0.934136915,-0.00323564839,-0.0038220284,-0.000391484005
0.93799356,-0.00551068,0.34660887,0.02605164,-0.99592548,-0.08633507,0.34567237,0.09001147,-0.93402813,-0.01322721,-0.00327647,-0.00116506
0.93776503,-0.00546368,0.34722744,0.02608838,-0.99594233,-0.08612879,0.3462891,0.08982717,-0.93381735,-0.00322188,-0.00477314,-0.00107267
0.93756656,-0.00544439,0.34776328,0.02615294,-0.99594319,-0.08610002,0.34682123,0.08981953,-0.93362064,,,
0.93746028,-0.00552071,0.34804849,0.02614374,-0.99593342,-0.08621494,0.34710911,0.08992237,-0.93350368,0.00227789,0.00452638,-0.00521801
0.93724558,-0.00545961,0.34862718,0.02625124,-0.99593436,-0.08617019,0.3476803,0.08991452,-0.93329175,-0.00311351,-0.0012933,0.00686074
0.937045364,-0.00528204462,0.349167714,0.0263273656,-0.995971462,-0.0857201329,0.348213817,0.089516319,-0.933131387,0.000180167903,-0.00645261956,-0.00278603868
0.936922849,-0.00527246937,0.349496463,0.0263172213,-0.995984047,-0.0855759782,0.348544087,0.089375865,-0.933021457,0.00158881932,-0.00690162135,-0.000978581375
0.93675465,-0.00530721,0.34994649,0.02626625,-0.99599895,-0.08541591,0.34899971,0.08920553,-0.93286724,-0.00101915,-0.00665051,0.00519471
0.93658623,-0.00532712,0.35039671,0.02620053,-0.99602135,-0.08517483,0.34945639,0.08895415,-0.9327203,,,
0.93649401,-0.00531611,0.35064327,0.02618908,-0.99603271,-0.08504636,0.34970429,0.08882843,-0.93263944,-0.00379993,0.00197566,0.00500715
0.936246871,-0.00524098336,0.351303755,0.0262823439,-0.99604246,-0.0849037443,0.350358437,0.0887239511,-0.932403891,-0.00373724056,9.48905872e-05,0.00396677712
0.93592158,-0.00512624,0.35217113,0.02642045,-0.99605491,-0.08471302,0.35121609,0.08858926,-0.93209385,-0.0015583,-0.00387073,-0.00484108
0.93578204,-0.00510396,0.35254206,0.02648222,-0.99605315,-0.08471444,0.35158306,0.08861034,-0.93195348,0.00156761,-0.00788432,-0.00461402
0.93553351,-0.00502853,0.35320215,0.02657511,-0.99606291,-0.08457095,0.35223687,0.08850534,-0.93171659,0.00569816,-0.00152993,-0.00288632
0.935378513,-0.00497492217,0.353613186,0.0265208682,-0.996098648,-0.0841670064,0.352652348,0.0881061381,-0.931597332,0.00719105825,0.00403749896,-8.6088432e-05
0.93533246,-0.00497448,0.35373499,0.02643545,-0.99612268,-0.0839078,0.35278089,0.08783283,-0.93157437,0.00721137,0.00525594,-0.00318334
0.93528732,-0.00501427,0.35385376,0.02622076,-0.99616923,-0.08342147,0.35291656,0.08730136,-0.93157296,0.00313229,-0.00980723,-0.00112408
0.935289154,-0.00506498219,0.353848188,0.0259324982,-0.996228284,-0.0828046129,0.352932997,0.086622424,-0.931630158,0.000343997293,-0.0117894402,-0.000752129825
0.935304223,-0.00502198651,0.353808979,0.0259744289,-0.996227283,-0.0828046634,0.352889987,0.0866375374,-0.931645144,0.00348070217,-0.00481611444,-9.02949832e-05
0.9353202,-0.0050639,0.35376614,0.02593158,-0.996227,-0.0828206,0.35285079,0.0866375,-0.93165991,0.00425965,-0.00252604,-0.00133325
0.93530422,-0.00503686,0.35380875,0.02598926,-0.99622002,-0.08288569,0.35288888,0.08671856,-0.93163788,0.00807652,-0.0027436,-0.00559446
0.935305139,-0.00513668081,0.353804912,0.0259193556,-0.996213927,-0.0829828508,0.35289161,0.086784682,-0.931630872,0.00824092329,0.000148177132,-0.00206775824
0.93535304,-0.00526239,0.35367639,0.02579082,-0.99621308,-0.08303065,0.35277403,0.08678458,-0.9316752,0.00527432,-0.00207067,0.0018808
0.93538495,-0.0053462,0.35359073,0.02570516,-0.99621275,-0.08306263,0.35269566,0.08678464,-0.931705,0.00541981,-0.00233984,0.00213871
0.935447868,-0.00542890881,0.353422992,0.0256185402,-0.99621095,-0.0831104581,0.352535069,0.0867996821,-0.931764325,-0.000425581937,-0.005821764,0.0044387253
0.93546469,-0.0055706,0.35337626,0.02550576,-0.99620436,-0.08322346,0.35249861,0.08686574,-0.93177191,,,
0.935480621,-0.00564224267,0.353332941,0.025492581,-0.996189796,-0.0834016751,0.352457275,0.0870280195,-0.931772408,0.000254112441,-0.00513225747,0.00211120769
0.93549655,-0.0057584,0.35328889,0.02552381,-0.99615368,-0.08382286,0.35241274,0.08743328,-0.93175135,0.00469913,-0.00109518,0.00568121
0.935481489,-0.00586084353,0.353327104,0.0255412142,-0.996126063,-0.0841471625,0.352451469,0.0877425158,-0.931707807,0.00903492328,-0.000385045976,-0.000679403543
0.93546642,-0.0059187,0.35336599,0.02551414,-0.99611953,-0.08422813,0.35249338,0.08780842,-0.93168535,0.00815859,-0.00209212,0.00241996
0.935452208,-0.00609123571,0.353400708,0.0254319812,-0.996099887,-0.0844873281,0.352537059,0.0880215379,-0.931648922,0.00549601531,0.000127077088,0.000350548537
0.93554603,-0.00617266,0.35315085,0.02534421,-0.99609665,-0.08455096,0.35229433,0.08805165,-0.93173782,0.00404015,-0.00369376,0.00250128
0.9355929,-0.00621338,0.35302594,0.02530034,-0.99609519,-0.08458284,0.35217299,0.08806678,-0.93178239,0.00511737,-0.00449943,0.00592106
0.93564059,-0.00635383,0.35289704,0.02518648,-0.99608718,-0.08471158,0.35205444,0.08814783,-0.93181956,0.0050788,-0.00580829,0.00128295
0.93570414,-0.00661025,0.35272378,0.02510363,-0.99604237,-0.08526122,0.35189141,0.08863393,-0.93183503,0.00225497,-0.0070191,0.00239255
0.93568908,-0.00677186,0.35276067,0.02518007,-0.99598473,-0.08590919,0.35192601,0.08926683,-0.93176152,0.00270357,-0.00916642,0.00507144
0.93561127,-0.00688072,0.35296488,0.02537304,-0.99591381,-0.08667127,0.35211895,0.09004641,-0.93161361,,,
0.93556441,-0.00691426,0.3530884,0.02549104,-0.99587826,-0.08704412,0.35223491,0.09043597,-0.93153201,,,
0.93550244,-0.00702061,0.35325044,0.02559684,-0.99582847,-0.08757873,0.35239178,0.09097222,-0.93142025,0.0015528,-0.00448286,0.00393612
0.93547145,-0.00712569,0.35333042,0.02570153,-0.99577746,-0.088129,0.35246644,0.0915233,-0.93133825,0.00150057,0.00100183,0.00619719
0.93544045,-0.00715666,0.35341183,0.02573228,-0.99576348,-0.08827479,0.35254644,0.09166991,-0.93129326,0.00368456,-0.00432122,0.00225363
0.935363321,-0.00727659669,0.353613501,0.0257668778,-0.995729731,-0.088647396,0.352748529,0.0920290386,-0.931181573,0.000211390958,-0.00854241755,0.00142609759
0.935177849,-0.00757736825,0.354097379,0.0258966548,-0.995631843,-0.0896991787,0.353230425,0.0930546231,-0.930896596,-0.00639533997,-0.000591993274,0.00571179623
0.93499049,-0.00760478,0.35459124,0.02609256,-0.99558601,-0.09015311,0.35371169,0.09354449,-0.93066502,,,
0.93483236,-0.00738679,0.35501254,0.0263826,-0.99557537,-0.09018671,0.35410793,0.09367561,-0.93050118,-0.00394226,-0.00782639,0.00707944
0.93473804,-0.00732096,0.35526214,0.02648589,-0.99557093,-0.09020355,0.3543491,0.09372613,-0.93040411,0.00166166,-0.00662273,0.00319467
0.93453484,-0.00734715,0.35579582,0.02659575,-0.9955491,-0.0904145,0.35487647,0.09395816,-0.93017991,0.00219271,-0.00850779,-0.00557313
0.93437863,-0.00745856,0.35620353,0.02670615,-0.99550201,-0.09089936,0.35527928,0.09444724,-0.92997662,0.00211295,-0.00582695,-0.0048459
0.93428482,-0.00750757,0.35644846,0.0267546,-0.9954827,-0.09109333,0.35552223,0.09464375,-0.9298635,,,
0.9341427,-0.0074763,0.3568214,0.02697678,-0.99544133,-0.091481,0.35587872,0.0950822,-0.92968257,0.00179715,-0.00149775,-0.00583511
0.93400128,-0.00751508,0.3571906,0.02709944,-0.9954081,-0.09180388,0.3562404,0.09542461,-0.92950877,,,
0.93393857,-0.00754788,0.35735384,0.02713189,-0.9953954,-0.09193309,0.3564023,0.09555554,-0.92943337,,,
0.93382917,-0.00764026,0.35763766,0.02713883,-0.99537737,-0.0921267,0.35668832,0.09573647,-0.92930508,-0.00481264,-0.00342053,-0.00115245
0.933782515,-0.00771481405,0.35775788,0.0271283113,-0.995364282,-0.092271884,0.356811258,0.0958672389,-0.929244475,-0.000725881313,-0.00269794441,-0.00718887383
0.93370357,-0.00772096,0.35796372,0.02721872,-0.99534375,-0.09246532,0.35701089,0.09607851,-0.92914585,,,
0.93367215,-0.00773739,0.3580453,0.02723497,-0.99533724,-0.09252976,0.35709181,0.09614381,-0.92910792,,,
0.93364071,-0.00775384,0.35812693,0.02725125,-0.99533098,-0.09259432,0.35717277,0.09620923,-0.92907022,-0.00132184,-0.00582844,-0.00202686
0.93351492,-0.00781969,0.35845324,0.0273163,-0.99530481,-0.09285212,0.35749642,0.09647046,-0.92891826,-0.00536823,-0.00677365,0.00414446
0.93337282,-0.00784391,0.35882256,0.02742444,-0.9952793,-0.09309365,0.35785899,0.09673159,-0.92875152,,,
0.93329363,-0.00783522,0.35902868,0.02750003,-0.99526675,-0.09320631,0.35805967,0.09686215,-0.92866064,,,
0.93319905,-0.00791483,0.35927271,0.02757901,-0.9952314,-0.09356065,0.35830004,0.09721909,-0.9285307,,,
0.93311975,-0.00792126,0.35947849,0.02766968,-0.99521077,-0.09375371,0.35849954,0.0974301,-0.92843164,,,
0.93305661,-0.00795434,0.35964161,0.02770237,-0.99519782,-0.09388241,0.35866131,0.09756053,-0.92835555,,,
0.932866186,-0.00793868752,0.360135611,0.0278551376,-0.995173876,-0.094090919,0.359144501,0.0978058636,-0.928142926,0.00538065052,-0.00315111852,0.000681179343
0.93281918,-0.0080135,0.36025568,0.02784487,-0.99516045,-0.09423571,0.35926736,0.09793615,-0.92808163,,,
0.93266008,-0.00801162,0.36066743,0.0280115,-0.99512696,-0.0945408,0.35966726,0.09827727,-0.92789079,0.00739863,-0.00431675,0.00256543
0.93254876,-0.00806511,0.36095399,0.02814892,-0.99508336,-0.09495863,0.35994508,0.09871402,-0.92773674,,,
0.93248537,-0.00811347,0.36111663,0.02819684,-0.99506202,-0.09516745,0.36010552,0.0989246,-0.92765201,,,
0.932326741,-0.00821181862,0.36152373,0.0282941771,-0.995020524,-0.0955686778,0.360508364,0.0993302505,-0.927451888,-0.000340780884,-0.00551420404,0.000275236263
0.93218338,-0.0082823,0.36189162,0.02844837,-0.99496988,-0.09605014,0.36086678,0.09983157,-0.92725877,,,
0.93210347,-0.00828923,0.36209724,0.02853949,-0.99494872,-0.09624242,0.36106595,0.10004197,-0.92715858,,,
0.93197623,-0.0083864,0.36242237,0.02863577,-0.99490558,-0.09665942,0.36138664,0.10046252,-0.92698821,,,
0.93184888,-0.00845338,0.36274817,0.02870192,-0.99487896,-0.09691556,0.36170968,0.10072223,-0.92683423,,,
0.93180152,-0.00851329,0.36286834,0.02867685,-0.99487293,-0.09697945,0.36183359,0.10077153,-0.92677996,,,
0.93170589,-0.00856358,0.36311265,0.02872654,-0.99485296,-0.09717149,0.36207585,0.10096622,-0.92666436,0.00246336,-0.00560999,0.00221998
0.93159379,-0.00860269,0.36339923,0.02884959,-0.9948165,-0.09750762,0.36235439,0.10132141,-0.92651668,,,
0.93149712,-0.00864434,0.36364599,0.0290598,-0.99475386,-0.09808471,0.36258607,0.1019331,-0.92635917,,,
0.93146518,-0.00873715,0.36372554,0.02915221,-0.99470484,-0.09854999,0.36266066,0.10239929,-0.92627821,0.00354036,-0.00551391,-0.00248034
0.93146608,-0.00888275,0.36371972,0.02912821,-0.99467209,-0.09888759,0.36266029,0.10270495,-0.92624456,0.00250341,-0.00196052,-0.00550799
0.93148249,-0.00900028,0.36367479,0.02916091,-0.99462944,-0.09930526,0.3626155,0.1031062,-0.92621744,,,
0.93151442,-0.00899862,0.36359304,0.0291594,-0.99462793,-0.09932171,0.36253359,0.10312177,-0.92624786,,,
0.931545459,-0.00891215524,0.363515645,0.0292425229,-0.994625481,-0.0993217085,0.362447135,0.103152801,-0.926278228,-0.000885616057,-0.0047528143,0.00163913553
0.93156097,-0.00888412,0.36347658,0.02929922,-0.99461584,-0.09940198,0.36240269,0.10324858,-0.92628499,,,
0.93157559,-0.00878646,0.3634415,0.02945568,-0.99459683,-0.09954606,0.36235244,0.1034401,-0.92628331,0.00161626,-0.00700939,0.00418535
0.93157467,-0.00871686,0.36344551,0.02955543,-0.99458747,-0.09960988,0.36234666,0.10353583,-0.92627486,0.00109942,-0.00667214,0.00107379
0.93157189,-0.00849284531,0.363457947,0.0298395667,-0.994567814,-0.0997210586,0.362330523,0.103742763,-0.926257989,-0.000956748321,-0.00879192259,0.00335000851
0.93153807,-0.00834018,0.36354815,0.0300255,-0.99455903,-0.09975211,0.36240211,0.1038386,-0.92621917,,,
0.93153711,-0.00828575,0.36355186,0.03014037,-0.99454125,-0.09989607,0.36239504,0.10401448,-0.92620234,,,
0.931568075,-0.00824477006,0.363473434,0.0302688383,-0.994513063,-0.100136655,0.362304721,0.104286029,-0.926207053,0.000915525714,0.00148260582,-0.00838174485
0.93161546,-0.0081846,0.3633533,0.03029371,-0.99451853,-0.10007291,0.36218075,0.10423679,-0.92626089,,,
0.93163093,-0.00811101,0.3633153,0.030305,-0.99453441,-0.09991253,0.36214004,0.10409187,-0.92629319,,,
0.93166283,-0.00806376,0.36323456,0.03025807,-0.99455843,-0.09968818,0.3620619,0.10386654,-0.92634912,,,
0.93171211,-0.00812772,0.36310669,0.03006835,-0.99459133,-0.0994165,0.36195086,0.10354558,-0.92642838,0.00551367,-0.00319821,0.00433418
0.93182414,-0.00807322,0.36282032,0.02993004,-0.99463702,-0.09900068,0.36167382,0.10311045,-0.92658515,,,
0.93196696,-0.00788692,0.36245742,0.02982966,-0.99470526,-0.09834374,0.36131396,0.1024651,-0.92679717,0.00531342,-0.0090462,0.00536501
0.93203059,-0.00783816,0.36229483,0.02978138,-0.99472728,-0.0981355,0.36115378,0.10225493,-0.92688282,0.00390467,-0.00941789,0.00187923
0.93212598,-0.00778779,0.36205041,0.02973167,-0.99474773,-0.09794367,0.36091159,0.10206021,-0.92699866,,,
0.93214139,-0.00775969,0.36201135,0.02978836,-0.99473815,-0.09802407,0.36086713,0.10215601,-0.92700546,,,
0.93214042,-0.00769002,0.36201533,0.02988806,-0.99472879,-0.09808797,0.36086139,0.10225169,-0.92699707,,,
0.93213845,-0.00753553,0.36202364,0.03007244,-0.99471849,-0.0981356,0.36085115,0.1023629,-0.92698874,,,
0.932183625,-0.00727560925,0.361912629,0.0302365288,-0.994738922,-0.097878121,0.36072072,0.102183363,-0.927059342,-0.000861396198,-0.00484019471,0.00141142635
0.93221438,-0.00715891,0.36183575,0.03028955,-0.99475326,-0.09771756,0.3606368,0.10205355,-0.92710646,-0.00109072,-0.00293416,0.00437345
0.93227688,-0.00701028,0.36167757,0.03031094,-0.99478218,-0.09741243,0.36047338,0.10177815,-0.92719992,,,
0.93235571,-0.00690334,0.36147637,0.03028937,-0.9948112,-0.09712387,0.36027126,0.10150289,-0.92730879,-0.00369086,-0.00582206,-0.0010114
0.93238641,-0.00678664,0.36139936,0.03034243,-0.9948251,-0.09696307,0.36018731,0.10137278,-0.92735546,-0.00283107,-0.00790566,0.00233431
0.9323362,-0.0065468,0.36153331,0.03052604,-0.99484157,-0.09673675,0.36030176,0.10122736,-0.92732695,-0.00599025,-0.0040344,0.00359989
0.93226844,-0.00621074,0.36171395,0.03086745,-0.99484093,-0.09663837,0.360448,0.10125809,-0.9272671,-0.00535856,-0.0041405,0.00204
0.93221918,-0.00608593115,0.361843025,0.0309965322,-0.994841747,-0.0965891284,0.360564319,0.101258117,-0.927221926,-0.00743408035,-0.000517606677,0.00570244621
0.93210408,-0.00576439,0.36214466,0.03126748,-0.99485982,-0.09631318,0.36083837,0.10109726,-0.92713266,-0.00502523,-0.00412208,-0.00342647
0.93186034,-0.0053795,0.36277728,0.03164362,-0.99487471,-0.09603514,0.36143461,0.10097093,-0.92691406,-0.00463311,-0.00163829,-0.00149267
0.93176128,-0.0050994,0.36303569,0.03187133,-0.99489259,-0.09577524,0.36166993,0.10081009,-0.92683986,,,
0.931631387,-0.00492085542,0.363371333,0.0320308444,-0.994904508,-0.0955956471,0.361990283,0.100698997,-0.92672663,-0.00663039368,-0.000564575137,-0.0021538171
0.93156638,-0.00483916,0.36353906,0.03211816,-0.99490654,-0.09554604,0.36214982,0.10068368,-0.92666605,,,
0.93143748,-0.00476059,0.36387024,0.03220814,-0.99491163,-0.09546324,0.36247325,0.10063762,-0.92654464,,,
0.931356995,-0.00469160622,0.364077118,0.0322234271,-0.994931603,-0.0952527422,0.362678659,0.10044612,-0.92648534,5.397317e-05,0.00301289535,0.00422232784
0.93129306,-0.00466417,0.36424095,0.0321957,-0.99495062,-0.09505864,0.36284523,0.10025444,-0.92644041,,,
0.93104752,-0.00417174,0.36487408,0.03246442,-0.99502216,-0.09421576,0.36345091,0.09956477,-0.92627747,-0.00708871,-0.00730824,0.00314746
0.9309976,-0.0040162,0.36500321,0.03256278,-0.99503909,-0.09400505,0.36356999,0.099404,-0.92624823,-0.00261586,-0.00839776,0.0027603
0.93088351,-0.00389413,0.36529539,0.03269402,-0.99504249,-0.09392167,0.36385023,0.09937311,-0.92614132,,,
0.93073851,-0.00387365,0.36566488,0.03275714,-0.99504063,-0.09391871,0.3642153,0.0993919,-0.92599573,,,
0.93067302,-0.00380712,0.36583227,0.03285949,-0.99503466,-0.09394922,0.36437343,0.09945707,-0.92592682,,,
0.930527772,-0.00375596483,0.366202071,0.0328920475,-0.995048955,-0.0937851942,0.364741247,0.0993148638,-0.925797145,-0.00184780057,-0.00614166213,-0.000653496594
0.93044544,-0.00358634,0.36641289,0.03297611,-0.99507508,-0.0934769,0.36494362,0.09905803,-0.9257448,,,
0.9303811,-0.00357384,0.36657635,0.03296323,-0.99508608,-0.09336292,0.36510878,0.09894664,-0.92569146,-0.00278178,-0.00395507,0.00203355
0.9301208,-0.00340027,0.36723796,0.03312658,-0.995104,-0.09311495,0.36575663,0.09877349,-0.92545428,0.00268891,-0.00495094,0.00289488
0.930054977,-0.00330291648,0.367405543,0.0331981668,-0.995114007,-0.0929841694,0.365917509,0.0986775799,-0.925401087,-0.00073000975,-0.00988984015,0.0068217041
0.929955537,-0.00310670714,0.367658885,0.0333400899,-0.995132205,-0.0927391901,0.366157269,0.0985011032,-0.925325134,0.00485977391,-0.00706487847,0.000940428814
0.92987415,-0.00306778,0.367865,0.03338523,-0.99513527,-0.0926887,0.36635979,0.09847008,-0.92524814,,,
0.92982502,-0.00302746,0.3679895,0.03342925,-0.99513695,-0.09265506,0.36648046,0.09845461,-0.92520203,,,
0.92970989,-0.00287425,0.36828152,0.03352935,-0.9951565,-0.09241002,0.3667633,0.09826275,-0.92511048,,,
0.92959598,-0.00280574,0.36856946,0.0335448,-0.99517711,-0.09218162,0.3670505,0.09805525,-0.92501853,,,
0.92956362,-0.00279166,0.36865117,0.03353051,-0.99518655,-0.09208425,0.36713375,0.09795923,-0.9249956,,,
0.929514384,-0.00270489605,0.368775909,0.033528257,-0.995211715,-0.0918089709,0.367258552,0.0977021734,-0.924972892,-0.000557251973,-0.00286495662,0.00409574341
0.929466477,-0.00268744695,0.368896802,0.0334259999,-0.995246734,-0.0914700805,0.367389134,0.0973491177,-0.924958649,0.00254145963,-0.005880713,0.000912448741
0.9294496,-0.00263024,0.36893972,0.0334534,-0.99525474,-0.09137268,0.36742932,0.09726859,-0.92495114,,,
0.92940167,-0.00265911,0.36906023,0.03339733,-0.99526546,-0.09127522,0.36755563,0.09715697,-0.92491257,0.00543984,-0.00318527,-0.0028346
0.92938615,-0.00270218,0.36909902,0.03335558,-0.99526693,-0.09127526,0.36759869,0.09714147,-0.92489716,,,
0.92938749,-0.00278699,0.36909502,0.03327104,-0.99526833,-0.0912922,0.36760296,0.097126,-0.92489722,0.00113388,-0.00100422,-0.00648108
0.9294199,-0.00272376,0.36901386,0.03320829,-0.99529814,-0.09098682,0.36752668,0.09681928,-0.92495944,,,
0.92950022,-0.00260077,0.36881239,0.0331709,-0.99533316,-0.09061787,0.36732687,0.09646317,-0.92507612,,,
0.929515737,-0.00252676243,0.368773786,0.0331818334,-0.995347377,-0.0904566506,0.367286612,0.0963174708,-0.925107202,-0.00691774162,-0.000485897035,-0.0024679862
0.92957912,-0.002393,0.3686149,0.03321812,-0.99536685,-0.09023182,0.3671229,0.09612231,-0.92519276,0.00840341,0.00134492,0.00180122
0.9298055,-0.00230682,0.36804402,0.03313398,-0.99539497,-0.08994669,0.36655676,0.09582769,-0.92544726,0.00974095,-0.00336295,-0.00106806
0.92993605,-0.00237112,0.36771362,0.03302994,-0.99539818,-0.08995026,0.36623483,0.09579355,-0.92557831,0.00873092,-0.00386065,-0.00336154
0.93016586,-0.0025858,0.36713046,0.0327383,-0.99540725,-0.08995705,0.36567699,0.09569421,-0.92580918,0.01175404,-0.00690657,-0.00326677
0.93044415,-0.00284098,0.36642273,0.03240273,-0.99541478,-0.08999681,0.36499829,0.0956101,-0.9260858,0.00439643,-0.00316179,-0.00172052
0.93057406,-0.00292064,0.36609204,0.03231394,-0.99541016,-0.09008047,0.36467482,0.09565642,-0.9262085,,,
0.93076805,-0.00301298,0.36559781,0.03223823,-0.99539459,-0.09027793,0.36418612,0.09581403,-0.92638434,-0.00759651,-0.00612354,0.00517544
0.93089506,-0.00295356,0.36527477,0.03234902,-0.99537182,-0.09048925,0.36385151,0.09605227,-0.92649115,-0.0060504,-0.00189424,-0.00372808
0.93107194,-0.00300397,0.36482326,0.03231595,-0.99535656,-0.09066991,0.36340159,0.09620982,-0.9266515,,,
0.93119998,-0.00296803,0.3644966,0.03228106,-0.99536612,-0.09057532,0.36307645,0.09611007,-0.92678909,-0.00107378,-0.00304008,0.00453966
0.93126395,-0.00295005,0.36433331,0.03226361,-0.99537119,-0.09052791,0.36291393,0.09606008,-0.92685812,,,
0.93135986,-0.00293075,0.3640882,0.03224505,-0.9953745,-0.09049714,0.36266936,0.09602545,-0.92695735,,,
0.93144036,-0.00296981,0.36388189,0.03219996,-0.9953714,-0.09054697,0.36246657,0.09605609,-0.92703346,0.00500191,-0.00294089,-0.00383349
0.93147229,-0.00298371,0.36380004,0.03221406,-0.99536217,-0.09064423,0.36238326,0.09615206,-0.92705616,,,
0.93155273,-0.00302275,0.36359368,0.03216894,-0.99535913,-0.09069406,0.36218043,0.09618272,-0.92713228,,,
0.93167774,-0.00278669,0.36327514,0.03227293,-0.99538203,-0.09040474,0.36184948,0.09595204,-0.92728534,-0.00479123,-0.00601202,0.00322806
0.93174019,-0.00265344,0.36311591,0.03230979,-0.99540113,-0.09017936,0.36168534,0.09575594,-0.92736949,-0.01056904,-0.00237679,0.00532829
0.93178602,-0.00246326,0.36299963,0.03237438,-0.99542822,-0.0898568,0.36156147,0.0954792,-0.92744635,-0.00883998,-0.00368786,0.0054402
0.93175151,-0.00226443,0.36308953,0.03251436,-0.99544301,-0.08964571,0.36163787,0.09533314,-0.92743191,-0.00994573,-0.00401831,-0.0014617
0.93170304,-0.00223923,0.36321403,0.03257348,-0.99543652,-0.08969319,0.36175739,0.09539856,-0.92737828,-0.00907055,-0.0058558,-0.00571656
0.931621329,-0.00214577666,0.363424125,0.0327334824,-0.995422832,-0.0897881104,0.361953337,0.0955446559,-0.927286903,-0.0091276262,-0.00637948466,0.000210639089
0.93147435,-0.0019549,0.36380175,0.03296505,-0.99541829,-0.08975227,0.36231042,0.09559467,-0.92714215,-0.00797291,-0.00225472,0.00573423
0.93136052,-0.00183225,0.36409369,0.03309573,-0.99542147,-0.08966901,0.36259102,0.09556412,-0.92703561,-0.0087053,-0.00299925,0.00874052
0.931100503,-0.00160356634,0.364759207,0.0333732636,-0.995421555,-0.0895661739,0.363232813,0.0955683149,-0.926783992,-0.00321603124,0.000480294198,-0.00433002179
0.93089157,-0.0016156,0.36529202,0.03346816,-0.99540702,-0.089691,0.3637592,0.09571825,-0.92656192,0.00153552,-0.00164103,-0.00666484
0.93082743,-0.00160287,0.36545549,0.03345503,-0.99541781,-0.08957694,0.36392451,0.09560699,-0.92650857,0.00373576,-0.00609285,-0.00439735
0.930780018,-0.00161657245,0.365576177,0.0333837481,-0.995436207,-0.089398931,0.364052304,0.0954150418,-0.926478159,0.0123018837,0.000182390198,-0.000979559263
0.9307828,-0.00177092,0.3655684,0.03319931,-0.99544674,-0.08935183,0.36406208,0.09530377,-0.92648591,0.01453863,0.00277841,0.0019902
0.930784175,-0.00184038966,0.36556453,0.0330994438,-0.995455628,-0.0892878289,0.36406763,0.0952076811,-0.926493422,0.0111525236,-0.00349885202,-0.000731379725
0.93076882,-0.00185275,0.36560355,0.0330271,-0.99547237,-0.08912647,0.36411344,0.09503096,-0.92649344,0.00602162,-0.00943148,-0.00137976
0.9308316,-0.00178071,0.36544406,0.03312493,-0.99546063,-0.08922396,0.36394405,0.0951578,-0.92654723,0.00549374,-0.00779754,-0.00287374
0.93087901,-0.00176703,0.36532334,0.0331962,-0.99544225,-0.08940196,0.36381627,0.09534976,-0.92657763,0.00316583,-0.00738633,-0.00373062
0.931165909,-0.00179282311,0.364591311,0.0333931342,-0.995365265,-0.0901805891,0.363063268,0.0961479373,-0.926790321,-0.009592833,0.0039854045,0.000287247822
0.931196505,-0.00172193829,0.364513517,0.0334918767,-0.995354804,-0.0902612839,0.362975706,0.0962592338,-0.926813243,-0.00622789422,-0.000300765008,0.000599084422
0.93125906,-0.00168025,0.36435385,0.03361994,-0.99532688,-0.09051989,0.36280333,0.09654703,-0.92685068,-0.00446389,-0.00433171,-0.00115557
0.93127434,-0.00168299,0.36431479,0.03370731,-0.99530201,-0.09076173,0.362756,0.09680414,-0.92684249,,,
0.93130632,-0.00171217,0.36423293,0.03373659,-0.99528501,-0.09093959,0.3626712,0.09698059,-0.92685747,-0.00197196,-0.00212932,-0.00411671
0.93135635,-0.00192892,0.36410386,0.0336992,-0.99523708,-0.09147305,0.36254614,0.09746402,-0.92685536,-0.00274324,-0.008735,-0.00348083
0.9313244,-0.00202191,0.36418509,0.03379155,-0.99519111,-0.09193974,0.36261963,0.09793211,-0.92677744,-0.00157456,-0.00818455,0.00124832
0.931277154,-0.00212751251,0.364305275,0.0338118127,-0.995162062,-0.0922451313,0.362739054,0.0982236052,-0.926699756,-0.00236258027,-0.00457256986,-0.000103421684
0.93113112,-0.00214423,0.36467828,0.03408094,-0.99509494,-0.09286964,0.36308861,0.09890239,-0.92649079,,,
0.9309055,-0.0022379,0.36525325,0.03434148,-0.99501544,-0.09362113,0.36364214,0.09969577,-0.92618849,,,
0.93077721,-0.00233568,0.36557945,0.03443787,-0.99497294,-0.09403679,0.36396129,0.10011707,-0.9260177,,,
0.93055243,-0.00251479,0.36615005,0.03461442,-0.99489405,-0.09480398,0.3645189,0.10089414,-0.92571403,,,
0.93039164,-0.00267583,0.36655727,0.0347735,-0.99481951,-0.09552379,0.36491396,0.10162102,-0.9254787,,,
0.93032869,-0.00280977,0.36671601,0.03473737,-0.99479918,-0.095748,0.36507786,0.10181587,-0.92539261,,,
0.93019986,-0.00290815,0.36704191,0.03483432,-0.99475585,-0.09616281,0.36539676,0.10223629,-0.92522045,-0.00269213,-0.00413763,-0.00277588
0.92989274,-0.00309604,0.36781775,0.03510348,-0.99465341,-0.09711863,0.36615192,0.10322159,-0.92481229,-0.00390752,-0.00337934,-0.0015505
0.92964822,-0.00313491,0.36843498,0.03539373,-0.99457914,-0.09776929,0.36674438,0.10393134,-0.92449775,,,
0.9294371,-0.00322648,0.36896647,0.03556771,-0.99452155,-0.09829279,0.36726231,0.10448026,-0.92423045,,,
0.92935537,-0.0032499,0.36917209,0.03567488,-0.99449125,-0.09856281,0.36745871,0.10477005,-0.92411986,,,
0.92922566,-0.00333374,0.36949769,0.03575729,-0.99445494,-0.09889598,0.36777857,0.10510891,-0.92395383,,,
0.9290944,-0.00330197,0.36982792,0.03589357,-0.99443465,-0.09905178,0.36809679,0.1053029,-0.92380514,,,
0.928848472,-0.00324919052,0.370445613,0.0360924693,-0.9944107,-0.0992195943,0.368697496,0.105530266,-0.923539583,-0.000175570021,-0.00459706737,0.00206685439
0.92866728,-0.00316219356,0.370900361,0.0362577899,-0.99440057,-0.0992609144,0.369137441,0.105628391,-0.923352613,-0.00201491825,-0.00869989302,-0.000348449044
0.9285851,-0.00315499,0.37110615,0.03633443,-0.9943871,-0.09937022,0.36933661,0.10575764,-0.92325842,0.00386091,-0.00832993,0.00153728
0.92838797,-0.00315782,0.37159896,0.03650453,-0.99435226,-0.09965138,0.36981506,0.10608019,-0.92302937,0.00358542,-0.00675082,-0.00392522
0.92819057,-0.00320746,0.37209136,0.03672122,-0.99429221,-0.10017284,0.37028883,0.10664313,-0.92277487,0.00240936,-0.00650012,-0.00539477
0.92805979,-0.003292,0.37241669,0.03680428,-0.99425562,-0.10050479,0.37060825,0.10698098,-0.9226075,0.00430009,-0.0020256,-0.00378379
0.92781501,-0.00353402,0.37302386,0.03695875,-0.99416431,-0.10134546,0.37120526,0.10781634,-0.92226994,,,
0.92748551,-0.00365378,0.37384124,0.03724411,-0.99407492,-0.1021169,0.37199933,0.10863533,-0.921854,-0.00465836,-0.00153744,-0.00622321
0.92730404,-0.00373039,0.37429039,0.03740327,-0.99402194,-0.10257354,0.3724355,0.10911654,-0.92162104,,,
0.92692471,-0.0039431,0.37522661,0.03769624,-0.99390771,-0.10356582,0.3733491,0.11014235,-0.92112896,,,
0.92657742,-0.00413915,0.37608132,0.03797292,-0.99380029,-0.10449426,0.37418224,0.11110293,-0.92067573,,,
0.926429383,-0.00428391454,0.376444195,0.0380313665,-0.993754685,-0.104904081,0.374542654,0.111502911,-0.920480603,-0.00013966288,-0.00595366908,0.00468838075
0.926080936,-0.00444956811,0.377298692,0.0382777305,-0.993664139,-0.105671326,0.375378365,0.112302338,-0.920043098,0.00189577043,-0.0100622764,-0.000277461862
0.925712777,-0.0045054541,0.378200389,0.0386677635,-0.993562141,-0.106482403,0.376245448,0.113196286,-0.919578931,0.00403637765,-0.00927251484,-0.00049451855
0.92552759,-0.00451502,0.37865326,0.03892879,-0.99349679,-0.10699849,0.3766739,0.11377057,-0.91933292,,,
0.92514059,-0.00457812,0.37959707,0.03941001,-0.99336643,-0.10802915,0.3775735,0.11490208,-0.91882319,0.00296956,0.00141835,0.00486765
0.924838478,-0.00473255044,0.380330612,0.0397297131,-0.993250658,-0.108968804,0.378279423,0.11588897,-0.918408386,0.00372127397,0.00077879423,-0.00404069573
0.924688739,-0.00489470041,0.380692475,0.0398054531,-0.993194063,-0.1094559,0.378637352,0.116366275,-0.918200512,0.00565347355,0.00283217407,-0.000507261022
0.92442231,-0.00520153,0.3813349,0.03993982,-0.99308777,-0.11036709,0.37927322,0.11725625,-0.91782472,,,
0.924137864,-0.0054198892,0.382020711,0.0400703873,-0.993009737,-0.111021632,0.379952054,0.117907012,-0.917460712,0.000475552282,0.0012552737,-0.00504509034
0.92398587,-0.00545037,0.38238776,0.04018373,-0.99297959,-0.11125175,0.38030958,0.11816081,-0.9172801,-0.00182293,-0.0065558,-0.00237918
0.923731209,-0.00546611012,0.383002302,0.0404501073,-0.992914967,-0.111728849,0.380899502,0.118699909,-0.916965425,0.00078830251,-0.00589108421,0.00447623106
0.92349375,-0.00553938,0.38357347,0.04068954,-0.99284046,-0.11230249,0.38144941,0.11931808,-0.91665655,0.00387001,-0.0044722,-0.00173583
0.923358762,-0.00564343036,0.383896786,0.0407918997,-0.992790376,-0.112708159,0.381765126,0.119729946,-0.91647148,0.00544619374,-0.00310564018,-0.000830483332
0.9231384,-0.00575849,0.38442469,0.04098874,-0.99271522,-0.11329871,0.38227664,0.12034747,-0.91617751,,,
0.92293386,-0.00578249,0.38491511,0.04117936,-0.99266688,-0.1136508,0.3827497,0.12074274,-0.91592775,,,
0.92284844,-0.00579347,0.38511971,0.04127383,-0.99264185,-0.1138356,0.38294546,0.12094837,-0.91581886,,,
0.92269516,-0.00584076,0.38548608,0.04140382,-0.99260092,-0.11414328,0.38330061,0.12128005,-0.91562621,0.00372972,-0.00243163,-0.00235621
0.92261117,-0.00600059,0.38568463,0.04147779,-0.99253823,-0.11466282,0.38349477,0.12178655,-0.91547797,0.00787222,0.00230563,0.00266478
0.92259499,-0.00609204,0.38572189,0.04148433,-0.9925104,-0.11490052,0.38353297,0.12200805,-0.91543239,,,
0.92256262,-0.00622687,0.38579714,0.04144969,-0.99248413,-0.11513823,0.38361455,0.1222134,-0.91537064,0.00190476,-0.00687945,0.00146392
0.92263201,-0.00630713,0.38562984,0.04136161,-0.99248161,-0.11519143,0.38345713,0.12222958,-0.91543442,0.00598239,-0.00562268,-0.00202172
0.92266592,-0.00630496,0.38554876,0.04135973,-0.9924799,-0.11520919,0.38337576,0.12224578,-0.91546662,,,
0.92276762,-0.00629841,0.38530538,0.04135405,-0.99247386,-0.1152623,0.3831315,0.12229426,-0.91556228,,,
0.92285155,-0.00626663,0.38510483,0.0414074,-0.99245822,-0.11537702,0.38292353,0.12242205,-0.91563211,-0.00198098,-0.00411069,0.00227803
0.92288542,-0.00628045,0.38502349,0.0414214,-0.99244676,-0.11547404,0.38284044,0.12251752,-0.91565451,,,
0.92300466,-0.00634699,0.38473641,0.04140432,-0.99242045,-0.11570326,0.38255466,0.1227244,-0.91574591,,,
0.92310614,-0.00634033,0.38449297,0.04139853,-0.99241441,-0.11575627,0.38231035,0.12277277,-0.91584134,,,
0.92330735,-0.00617857,0.3840122,0.04140784,-0.9924408,-0.11552766,0.38182317,0.12256866,-0.91607203,,,
0.92342472,-0.00604882,0.38373192,0.04136407,-0.99248227,-0.11518444,0.38154396,0.12223687,-0.91623243,-0.00136614,-0.00311947,-0.00440483
0.92347611,-0.00605598,0.38360812,0.04128735,-0.99249979,-0.11506127,0.38142787,0.1220945,-0.91629979,,,
0.92355963,-0.00594448,0.38340877,0.04126141,-0.99253381,-0.1147795,0.38122843,0.1218257,-0.91641889,,,
0.92364311,-0.00584892,0.38320908,0.04125136,-0.9925576,-0.11457694,0.38102721,0.12163609,-0.91652772,,,
0.923708928,-0.00568035841,0.383052929,0.0412527985,-0.992601081,-0.114198075,0.380867457,0.121287787,-0.916640145,0.00036988745,-0.00485277129,-0.00377159356
0.92372498,-0.00560513,0.38301531,0.04126238,-0.99261878,-0.11403941,0.38082747,0.12114517,-0.91667547,,,
0.92377627,-0.00562828,0.38289126,0.04120158,-0.9926264,-0.11399535,0.38070964,0.12108193,-0.9167328,,,
0.92384515,-0.00567677,0.38272432,0.04108187,-0.99264357,-0.11388954,0.3805554,0.12093933,-0.91681573,,,
0.92399728,-0.00556637,0.38235853,0.04088908,-0.99272329,-0.1132635,0.38020667,0.12028946,-0.91704602,,,
0.92406294,-0.00539802,0.38220224,0.04089078,-0.99276647,-0.11288428,0.38004688,0.11994073,-0.91715798,,,
0.92414614,-0.005271,0.38200279,0.04084942,-0.99280924,-0.11252256,0.37984897,0.11959189,-0.91728551,0.00182751,-0.00366354,-0.0057286
0.924213287,-0.00525087669,0.381840575,0.0408299815,-0.99281492,-0.112478249,0.379687647,0.119544436,-0.917358344,0.000911003095,-0.00622123433,-0.00464051962
0.92428041,-0.00523079,0.38167835,0.04081057,-0.99282086,-0.11243406,0.37952631,0.11949711,-0.91743141,0.00349678,-0.00399524,-0.00133224
0.9243124,-0.00512814,0.38160226,0.04087733,-0.99282698,-0.11235461,0.37944121,0.11944964,-0.91747267,,,
0.92434594,-0.00509431,0.38152147,0.04084397,-0.99284433,-0.11221337,0.37936309,0.11930682,-0.91752355,,,
0.92441141,-0.00495785,0.38136462,0.0408774,-0.99286809,-0.11199263,0.37919993,0.11911646,-0.91761594,,,
0.92451195,-0.00490398,0.38112148,0.04082469,-0.99289081,-0.11180693,0.37896039,0.11892601,-0.91773921,,,
0.92456299,-0.0049115,0.38099759,0.0407483,-0.99290826,-0.11168324,0.37884411,0.1187832,-0.91780612,-0.0051293,-0.00452715,0.00301641
0.92462995,-0.00485979,0.38083568,0.04069745,-0.99293282,-0.11147991,0.37868609,0.1185767,-0.91789763,,,
0.92471441,-0.00483357,0.3806309,0.04058778,-0.99296705,-0.11121449,0.37849158,0.11829061,-0.91801475,,,
0.92471441,-0.00483357,0.3806309,0.04058778,-0.99296705,-0.11121449,0.37849158,0.11829061,-0.91801475,,,
0.92469688,-0.00480811,0.38067382,0.04064663,-0.99295788,-0.11127652,0.37852811,0.11837015,-0.91798962,,,
0.92461243,-0.00477098,0.38087938,0.04069329,-0.99296193,-0.11122398,0.37872935,0.11833831,-0.9179108,,,
0.92457736,-0.00468839,0.38096552,0.04077942,-0.99296226,-0.11118888,0.37880568,0.11833828,-0.91787923,-0.00145812,-0.0013659,0.0060328
0.924491211,-0.00453487161,0.381176371,0.040878882,-0.99298368,-0.110959706,0.379005156,0.118163338,-0.917819293,-0.000849242322,-0.00361782289,0.00386258075
0.92438907,-0.00444053,0.38142513,0.04095277,-0.99299737,-0.11081001,0.37924625,0.11805198,-0.91773405,-0.00158517,-0.00391352,-0.00423281
0.92438907,-0.00444053,0.38142513,0.04095277,-0.99299737,-0.11081001,0.37924625,0.11805198,-0.91773405,,,
0.92437311,-0.00446804,0.3814635,0.04089571,-0.99300877,-0.11073064,0.37929132,0.11795664,-0.91772788,,,
0.9243763,-0.00458977,0.38145431,0.04067965,-0.99304028,-0.11052734,0.37930676,0.11768628,-0.9177562,,,
0.92435874,-0.00445322,0.38149847,0.04062798,-0.9930972,-0.1100327,0.37935508,0.1172092,-0.91779715,0.00256373,-0.00405925,0.00356691
0.924307639,-0.00436624715,0.381623253,0.0406253616,-0.99312743,-0.10975895,0.379479843,0.11695462,-0.917777872,0.00408775685,0.000729918422,0.00612187479
0.924272479,-0.00428358632,0.381709343,0.0407114371,-0.993127837,-0.109723818,0.379556254,0.116954642,-0.917746323,0.000700098171,-0.006268322,0.00167574373
0.92423732,-0.00420094,0.3817954,0.04079749,-0.99312824,-0.10968868,0.37963264,0.11695467,-0.91771478,-0.0030655,-0.00489736,0.00157526
0.92423732,-0.00421683,0.38179523,0.0408133,-0.9931189,-0.10976825,0.37963095,0.11703423,-0.91770544,,,
0.92421972,-0.0041596,0.38183848,0.04084054,-0.99312869,-0.10967111,0.37967088,0.11695469,-0.91769925,,,
0.924219717,-0.00411190581,0.38183897,0.0407931113,-0.993156705,-0.10943242,0.379675952,0.116716,-0.917727262,-0.00226168637,-0.00457769586,0.000415506802
0.9242181,-0.00401137,0.38184397,0.04086167,-0.99316464,-0.10933533,0.37967253,0.11665247,-0.91773682,,,
0.92429954,-0.00379996,0.38164892,0.04090501,-0.99320448,-0.10895515,0.37946952,0.11631855,-0.917863,,,
0.92433309,-0.00376624,0.38156801,0.04087176,-0.99322159,-0.1088137,0.3793914,0.11617546,-0.91791366,,,
0.92438257,-0.00368917,0.38144888,0.04087987,-0.99323667,-0.10867212,0.37926995,0.11604819,-0.91797985,-0.00428664,-0.007375,0.00119684
0.92443038,-0.0035116,0.38133469,0.04095658,-0.9932597,-0.10843346,0.37914514,0.11585735,-0.91805562,-0.00149272,-0.00562489,0.0020461
0.924462247,-0.00339319244,0.381258478,0.0410077178,-0.993274743,-0.108274198,0.379061879,0.115729949,-0.918105841,0.00026911305,-0.00502037955,0.00254418049
0.9244765,-0.00320174,0.38122558,0.04107032,-0.99330889,-0.10793835,0.37902035,0.11544352,-0.91815923,,,
0.92451001,-0.00316802,0.38114458,0.04103712,-0.99332558,-0.10779664,0.37894219,0.11530015,-0.91820943,,,
0.92451001,-0.00315213,0.38114472,0.04102133,-0.99333492,-0.10771694,0.37894391,0.11522045,-0.91821877,,,
0.92452759,-0.00316176,0.38110198,0.04094678,-0.99335319,-0.10757534,0.37890906,0.11506127,-0.91825296,,,
0.9245435,-0.00308673,0.381064,0.0409566,-0.99337007,-0.10741612,0.37886918,0.11491797,-0.91828742,,,
0.92456108,-0.00311223,0.38102113,0.04089781,-0.99337901,-0.10735398,0.37883262,0.11483824,-0.91831226,,,
0.92457865,-0.003106,0.38097854,0.04080749,-0.99340663,-0.10713266,0.37879948,0.11459935,-0.9183558,,,
0.92459622,-0.00308388,0.3809361,0.04070138,-0.9934436,-0.10683157,0.37876803,0.11428069,-0.91840867,0.00523752,-0.00278121,-0.00305444
0.924613785,-0.00307769196,0.380893527,0.040611067,-0.993471226,-0.106610243,0.378734857,0.114041793,-0.918452205,-0.000873540645,-0.00539219333,-0.002182347
0.92468071,-0.00299458,0.38073166,0.04052903,-0.99351334,-0.10624692,0.3785802,0.11367516,-0.91856125,0.00328954,-0.00858384,-0.00167125
0.92479696,-0.00288225,0.38045011,0.04050269,-0.99354314,-0.1059808,0.37829899,0.11341997,-0.91870895,,,
0.92484627,-0.00280539,0.38033075,0.04051099,-0.99355745,-0.10583881,0.37817749,0.1132922,-0.91877423,,,
0.92491144,-0.00270116,0.38017302,0.04057653,-0.99356161,-0.10577675,0.37801106,0.11326023,-0.91884689,,,
0.92496072,-0.00262431,0.38005366,0.04058489,-0.99357641,-0.10563478,0.37788958,0.11313246,-0.91891264,,,
0.92499411,-0.00260661,0.3799725,0.04056759,-0.99358366,-0.10557255,0.37780969,0.11306856,-0.91895328,0.00261111,-0.00359398,-0.00283873
0.92506086,-0.00252373,0.37981047,0.04048578,-0.99362526,-0.10520891,0.37765496,0.11270157,-0.91906163,0.00190866,-0.00612813,-0.00228347
0.925127604,-0.00247258696,0.379648266,0.0404355055,-0.993649364,-0.105004793,0.377496874,0.112494102,-0.919152479,-0.00157363724,-0.000123977647,-0.00695979269
0.9251768,-0.00237999,0.37952893,0.0404282,-0.99367289,-0.10478295,0.37737704,0.11228643,-0.91922688,,,
0.92527681,-0.00229543,0.37928559,0.04034503,-0.99371278,-0.10443664,0.37714069,0.11193509,-0.91936678,,,
0.92539425,-0.00223655,0.37899929,0.04020325,-0.9937613,-0.10402776,0.37686757,0.11150369,-0.91953106,,,
0.92542921,-0.00227205,0.37891372,0.04007021,-0.99378827,-0.1038233,0.3767959,0.11126426,-0.91958965,,,
0.92549744,-0.00227419,0.37874703,0.03990429,-0.99383101,-0.10347667,0.3766459,0.11088103,-0.9196973,,,
0.92554652,-0.00211853,0.37862796,0.03983428,-0.99388995,-0.102935,0.37653266,0.1103535,-0.91980698,,,
0.92554486,-0.00198644,0.37863276,0.03987155,-0.99391517,-0.10267801,0.37653283,0.11012978,-0.91983387,,,
0.92556065,-0.00184837,0.37859485,0.03981872,-0.99396675,-0.10219859,0.37649959,0.10966615,-0.91990291,,,
0.925627169,-0.00176592374,0.378432568,0.0397373517,-0.994007214,-0.101834019,0.376344616,0.109298243,-0.920009895,-0.000709338929,-0.00122666347,-0.00506257592
0.925644626,-0.00177582124,0.378389814,0.0396630259,-0.994024697,-0.101691616,0.376309513,0.109138384,-0.920043164,0.000941449543,-0.00194835651,-0.0059284172
0.92574432,-0.00164437,0.37814647,0.0395332,-0.99408993,-0.10110442,0.37607789,0.10854618,-0.92020808,,,
0.92579332,-0.00144158,0.37802733,0.03941631,-0.99417418,-0.10032223,0.37596954,0.10777809,-0.92034301,,,
0.92582653,-0.00137677,0.37794621,0.03935214,-0.99420685,-0.10001963,0.37589446,0.10747382,-0.92040889,,,
0.925910338,-0.00132031343,0.377741026,0.0392124137,-0.994255169,-0.099591784,0.375702559,0.107025201,-0.920539347,0.00131105201,-0.00567465974,-0.000783709402
0.92596095,-0.00128134,0.37761711,0.03908973,-0.99429674,-0.09922642,0.37559062,0.10664074,-0.92062986,,,
0.92601153,-0.00128973,0.37749303,0.0390142,-0.99431218,-0.09910115,0.37547376,0.10649639,-0.92069421,,,
0.92604469,-0.00120926,0.37741191,0.03893442,-0.99435331,-0.09871823,0.37540022,0.10611181,-0.92076851,-0.00458317,-0.0041877,-0.00476734
0.92612838,-0.00118456,0.37720663,0.0388263,-0.99438447,-0.09845015,0.37520496,0.10582301,-0.9208817,,,
0.92614577,-0.00121038,0.37716381,0.03876775,-0.99439267,-0.09838743,0.37516805,0.10574289,-0.92090563,-0.00129028,-0.006998,-0.00274982
0.92619464,-0.0011341,0.37704403,0.0387767,-0.99440652,-0.09824457,0.37504647,0.10561412,-0.92097001,,,
0.92622775,-0.00111679,0.37696275,0.03875979,-0.9944136,-0.09818198,0.37496645,0.10554987,-0.9210102,,,
0.92624348,-0.00107363,0.37692419,0.03880135,-0.99441153,-0.09818186,0.37492327,0.10556548,-0.92102552,,,
