0,1,2,3,4,5,6,7,8,9,10,11
0.50205993,0.00490169,0.8648189,-0.02995322,0.99948254,0.01172403,-0.86431392,-0.03179028,0.50194696,,,
0.501931622,0.00489836667,0.864893403,-0.0298802905,0.99948524,0.0116800707,-0.864390976,-0.0317058641,0.501819612,-0.000318176812,-0.00346469879,0.00361175346
0.501674948,0.00489173459,0.865042339,-0.0297343833,0.999490614,0.0115922079,-0.864544992,-0.0315370221,0.501564854,0.00540213799,0.00149023533,0.000821906375
0.5015888,0.00495712,0.86509192,-0.02966804,0.99949394,0.01147456,-0.86459725,-0.0314211,0.50148203,0.00260652,-0.00175291,-0.00459303
0.50163274,0.00490802,0.86506674,-0.02964287,0.99949418,0.01151853,-0.86457264,-0.03142113,0.50152449,,,
0.5017206,0.00489483,0.86501588,-0.02950754,0.99949887,0.01145894,-0.8645263,-0.03127368,0.50161361,,,
0.50176452,0.00493073,0.8649902,-0.02939741,0.9995033,0.01135539,-0.86450457,-0.0311262,0.50166025,-0.00401785,0.00470567,-0.00806595
0.501808446,0.0050091036,0.864964277,-0.0292448159,0.999509775,0.0111780891,-0.864484258,-0.0309049805,0.501708937,0.000569119351,-0.00339192152,-0.00727235526
0.50181184,0.00498603,0.86496243,-0.02896887,0.99951929,0.01104475,-0.86449157,-0.03059937,0.50171506,,,
0.5017713,0.00505465,0.86498551,-0.02867554,0.9995305,0.01079357,-0.86452484,-0.03021983,0.50168066,-0.00489586,-0.00335866,0.00704404
0.501729013,0.00507096749,0.865010019,-0.0285839481,0.999533913,0.0107198681,-0.864552489,-0.0301038694,0.501640112,0.000597246049,-0.00503396988,0.0055716089
0.501688447,0.00505467352,0.865033607,-0.0283754977,0.999540959,0.0106161261,-0.86458286,-0.0298717471,0.501601581,0.00221779384,-0.000707507133,0.00753469998
0.50164621,0.00507109,0.86505796,-0.02828386,0.99954434,0.01054232,-0.86461032,-0.0297557,0.50156105,0.00465305,0.00220811,0.00778695
0.501646205,0.00507108559,0.865057958,-0.028283863,0.999544337,0.0105423172,-0.864610323,-0.029755696,0.501561054,0.00315223052,0.00391960144,-0.000323853601
0.50173241,0.00517555,0.86500738,-0.02818031,0.99954912,0.01036494,-0.86456371,-0.0295766,0.50165204,0.00786162,0.00149763,-0.00131159
0.50211914,0.00527967,0.86478235,-0.02815535,0.99955105,0.0102454,-0.86434002,-0.02949266,0.50204237,-0.00399196,-0.00333756,-0.00243604
0.50220525,0.00529919,0.86473225,-0.0281368,0.99955188,0.01021545,-0.86429061,-0.02946105,0.5021293,-0.00461738,-0.00336963,-0.00137522
0.50246357,0.00535773,0.86458179,-0.02808122,0.99955436,0.01012564,-0.86414225,-0.02936627,0.50239011,,,
0.50237909,0.005348,0.86463095,-0.0279404,0.99955905,0.01005173,-0.86419594,-0.02920791,0.502307,,,
0.50229301,0.00541348,0.86468056,-0.027874,0.99956208,0.00993408,-0.86424812,-0.02909192,0.50222394,0.00113446,0.00413382,-0.00805212
0.50233522,0.00552465,0.86465532,-0.02783812,0.99956454,0.00978635,-0.86422473,-0.02898641,0.50227027,0.00900823,-0.00161886,-0.00369766
0.50259352,0.00566813,0.86450428,-0.02769763,0.99957074,0.00954877,-0.86407905,-0.02874387,0.50253477,-0.00465157,0.00426197,0.00401068
0.50280955,0.00565789,0.86437868,-0.02763538,0.99957262,0.0095327,-0.86395532,-0.02868056,0.50275102,0.00510927,-0.0019328,0.00688293
0.502853402,0.00573630142,0.864352614,-0.0274826922,0.999578505,0.00935483873,-0.863934632,-0.0284588515,0.502799102,-0.00349989347,-0.000221967697,0.00684017967
0.5027268,0.00570045,0.8644265,-0.02729276,0.9995844,0.00928098,-0.86401433,-0.02825839,0.50267345,,,
0.50264401,0.00548789,0.86447599,-0.02720511,0.99958499,0.00947264,-0.86406524,-0.02827953,0.50258471,,,
0.50247505,0.00525594,0.86457568,-0.02713594,0.99958475,0.0096942,-0.86416571,-0.02833217,0.50240902,,,
0.50226224,0.00511567,0.86470018,-0.02704952,0.99958608,0.00979807,-0.86429214,-0.02831093,0.50219272,,,
0.502306089,0.00510901458,0.864674773,-0.0269818601,0.999588197,0.0097681135,-0.864268791,-0.0282371172,0.502237088,0.00582780689,0.00120508671,-0.000919002923
0.502349932,0.00514493325,0.864649053,-0.0268716453,0.999592176,0.00966418943,-0.864246707,-0.0280893493,0.502283315,0.00191015948,-0.000438213348,0.00535558909
0.502392178,0.00521350361,0.864624104,-0.0268783378,0.999592707,0.00959039281,-0.864221948,-0.0280577985,0.502327688,-0.00443211477,-0.000313639641,0.00974855013
0.502694232,0.00513771611,0.86444894,-0.0268825244,0.999591616,0.00969180305,-0.864046119,-0.0281105859,0.502627054,-0.00340577634,-0.000893950462,0.00442689657
0.502867986,0.00501637862,0.864348627,-0.0268561235,0.999591042,0.00982330011,-0.863945868,-0.028152878,0.502797055,0.00714785093,-0.000425457954,0.00470953621
0.50312925,0.00475424,0.86419804,-0.02682161,0.99958905,0.01011625,-0.8637948,-0.02826897,0.50305,,,
0.50317304,0.00466264,0.86417304,-0.02683883,0.99958739,0.0102339,-0.86376875,-0.02834282,0.50309057,,,
0.50330285,0.00459051,0.86409783,-0.02683748,0.99958652,0.01032147,-0.86369316,-0.02838503,0.50321794,0.00219058,-0.00450253,0.00248011
0.50334663,0.00449889,0.86407287,-0.02685471,0.99958484,0.01043918,-0.86366718,-0.02845895,0.50325848,0.00175652,-0.00523609,0.00259496
0.50330441,0.00438785,0.86409799,-0.02689046,0.99958232,0.01058685,-0.86369063,-0.0285644,0.50321218,,,
0.50317616,0.00429974,0.86417319,-0.02690234,0.9995809,0.01069078,-0.86376504,-0.02862763,0.50308096,,,
0.50291807,0.00432625,0.86432328,-0.02687317,0.9995823,0.01063324,-0.86391625,-0.02857475,0.50282426,,,
0.50274598,0.00432979,0.86442334,-0.02686784,0.99958259,0.01061946,-0.86401654,-0.02856408,0.50265246,,,
0.50261766,0.00424169,0.86449837,-0.02687973,0.99958116,0.01072334,-0.8640908,-0.02862722,0.50252116,,,
0.50265992,0.00426785,0.86447368,-0.02692886,0.99957984,0.01072329,-0.8640647,-0.02866946,0.50256365,,,
0.50270372,0.00421871,0.8644485,-0.02690364,0.99958004,0.01076712,-0.86404004,-0.02866948,0.50260611,0.00778733,0.00695252,0.00286433
0.502745977,0.00424481778,0.864423806,-0.0269527745,0.99957872,0.0107671382,-0.864013936,-0.0287117544,0.502648589,0.000111893401,0.000223755836,0.008218145
0.50278823,0.00427095,0.86439906,-0.02700188,0.99957739,0.01076711,-0.86398777,-0.02875397,0.50269107,-0.00773958,-0.00333911,0.00540448
0.50222783,0.00420319,0.86472513,-0.02713861,0.99957222,0.01090332,-0.86430938,-0.02894339,0.50212705,0.00237356,-0.00888193,-0.00598586
0.50192721,0.00407616,0.86490026,-0.02718763,0.99956908,0.01106695,-0.86448245,-0.02906939,0.50182174,0.01200247,-0.00399488,-0.02347923
0.502011772,0.00412837766,0.864850942,-0.0272859022,0.999566407,0.0110669439,-0.86443026,-0.0291539741,0.50190675,0.00598695595,0.00803101063,-9.86803789e-05
0.50214016,0.00417395,0.86477614,-0.02731646,0.9995659,0.01103702,-0.86435468,-0.02916475,0.5020362,0.009219,0.00141859,0.0087165
0.502357752,0.00400358514,0.864650611,-0.0272646931,0.999565365,0.0112123732,-0.864229914,-0.0292070558,0.502248566,0.000981210731,0.0021635294,0.025530722
0.502486098,0.00387928779,0.864576607,-0.0274650459,0.99955687,0.0114775669,-0.864148962,-0.0295129533,0.502369977,-0.000812848564,-0.00115084648,0.0222569574
0.502656735,0.00386617731,0.864477419,-0.0276295484,0.99955098,0.0115951392,-0.864044422,-0.0297134965,0.502537853,-0.000841719098,0.00370943546,0.014875913
0.50286951,0.0037519,0.86435417,-0.02797036,0.99953751,0.01193409,-0.86390964,-0.03017759,0.50274188,-0.00238711,-0.00258082,0.00533289
0.50269582,0.00353343,0.8644561,-0.02833646,0.99952162,0.01239262,-0.86399878,-0.03072534,0.50255547,-0.00412086,-0.00778705,-0.01523498
0.5025221,0.00352712,0.86455711,-0.02849048,0.99951612,0.01248232,-0.86409475,-0.03090429,0.50237943,-0.00298879,-0.00426352,-0.02639249
0.50221839,0.00350782,0.86473369,-0.02873086,0.99950737,0.01263172,-0.86426338,-0.03118842,0.50207176,-0.0059028,-0.00881863,-0.02822833
0.50191773,0.00350789,0.86490828,-0.02865285,0.99951034,0.01257383,-0.86444066,-0.03109312,0.50177247,0.00687061,-0.00122416,-0.00710186
0.50161704,0.00355048,0.86508246,-0.0285323,0.99951543,0.0124422,-0.86461909,-0.03092401,0.50147528,0.00232604,-0.00526512,-0.01033314
0.501103053,0.00353773928,0.865380414,-0.0282404744,0.99952589,0.0122666598,-0.864926733,-0.0305856132,0.500965383,0.0049921982,0.000102043152,-0.00297416933
0.50097611,0.003587,0.86545362,-0.02796567,0.99953631,0.01204546,-0.86500911,-0.03023748,0.50084413,0.00231409,-0.00330484,0.01268823
0.501020003,0.00366542692,0.865427912,-0.0278129993,0.999542686,0.0118682527,-0.864988638,-0.0300163788,0.500892826,-0.000278960681,-0.000262498856,0.0171725862
0.50102,0.00379304,0.86542738,-0.02768545,0.99954883,0.011647,-0.86499274,-0.02979513,0.50089897,-0.00235159,0.00205088,0.01337533
0.50102,0.00387811,0.86542696,-0.02760043,0.99955289,0.01149952,-0.86499542,-0.02964764,0.50090303,-0.00312044,0.00384378,0.01053303
0.50102,0.00392062,0.86542678,-0.02755793,0.99955491,0.0114258,-0.86499679,-0.02957393,0.50090505,-0.00134406,0.0088681,0.01375779
0.50067197,0.00407821,0.86562745,-0.02769582,0.99955241,0.01130987,-0.86519389,-0.02963679,0.50056083,-0.00256195,-0.00304055,-0.00424052
0.500582551,0.00420912674,0.865678595,-0.0278629593,0.999548424,0.0112518505,-0.865240314,-0.0297528468,0.500473778,0.00851049367,0.00219368935,-0.000405888655
0.50053541,0.00449378,0.86570441,-0.0279516,0.99954905,0.01097258,-0.86526471,-0.02968999,0.5004353,,,
0.500315707,0.0046969472,0.865830289,-0.0281197999,0.999545928,0.0108265583,-0.865386288,-0.0297636725,0.500220605,-0.000376327371,-0.00573211908,-0.00395124219
0.500271635,0.00474613817,0.865855522,-0.0281449823,0.999545695,0.0107825781,-0.865410984,-0.029763706,0.500177939,0.000109307519,-0.00709617138,0.000796680339
0.50026999,0.00477874,0.86585626,-0.02826183,0.99954208,0.01081241,-0.8654081,-0.0298798,0.50017596,-0.00215819,0.00342107,0.00844974
0.50044092,0.00489295,0.86575684,-0.02829907,0.99954214,0.0107089,-0.86530804,-0.02985928,0.50035026,0.00713665,0.00176609,-0.00193187
0.50039697,0.00494209,0.86578197,-0.0283242,0.99954189,0.01066495,-0.86533264,-0.02985929,0.50030771,0.01327661,-0.00326204,-0.0054889
0.500525515,0.00494513887,0.865707626,-0.028397304,0.999539351,0.0107088267,-0.865255881,-0.0299438048,0.500435378,0.00882196706,-0.000900268555,-0.01059114
0.50091278,0.0049641,0.86548352,-0.02845734,0.99953734,0.01073717,-0.8650298,-0.03000774,0.50082229,,,
0.501042918,0.00489189869,0.865408619,-0.0284562107,0.999536423,0.0108251202,-0.86495448,-0.0300500996,0.500949851,0.00358039839,0.000621438026,0.00399030373
0.50134706,0.00474106,0.86523327,-0.02838609,0.99953683,0.01097093,-0.8647805,-0.03006083,0.50124943,-0.00334664,-0.00445324,-0.00534829
0.50156506,0.00457065,0.86510782,-0.02833444,0.99953635,0.01114663,-0.86465577,-0.03010311,0.50146202,,,
0.50178451,0.00428262,0.86498203,-0.02825091,0.9995354,0.01143982,-0.86453117,-0.03017686,0.50167237,0.00360959,0.00356054,0.00361916
0.50191933,0.00402735,0.864905,-0.02798415,0.99954123,0.01158541,-0.86446154,-0.03001857,0.50180177,-0.00723894,-0.00590199,0.00242461
0.5020509,0.00387998,0.86482936,-0.02790843,0.99954181,0.01171705,-0.86438764,-0.03001858,0.50192915,,,
0.50231858,0.0034447,0.86467571,-0.02744901,0.99955161,0.01196401,-0.86424679,-0.02974424,0.50218789,,,
0.50245013,0.00329737,0.86459986,-0.02737317,0.9995521,0.01209549,-0.86417272,-0.02974423,0.50231534,-0.00439465,-0.00250214,0.00253131
0.502797435,0.00322496931,0.864398237,-0.0271499302,0.999558583,0.0120631538,-0.863977773,-0.029533675,0.50266305,-0.00346350321,0.000582098961,0.00524374563
0.50292877,0.00316258,0.86432209,-0.02698924,0.99956313,0.01204698,-0.86390639,-0.02938617,0.50279441,-0.00249307,0.00301027,0.00545348
0.502886493,0.00313648129,0.864346705,-0.0269401085,0.999564456,0.0120469006,-0.863932459,-0.0293438195,0.502751962,-0.00275543355,-1.04904175e-05,0.00856361073
0.50258895,0.00307123,0.86452002,-0.02662838,0.99957422,0.0119294,-0.86411529,-0.02901635,0.50245674,-0.00539657,-0.00171202,0.00836998
0.50246052,0.00302564,0.86459489,-0.02659785,0.99957467,0.01195938,-0.86419097,-0.02900548,0.50232728,-0.00316418,0.00336802,0.00970478
0.50224602,0.00300304,0.86471958,-0.02654355,0.99957628,0.01194563,-0.86431731,-0.02895237,0.50211292,-0.00566824,-0.00201726,0.0020383
0.502114649,0.00315040906,0.864795308,-0.0266192762,0.99957583,0.0118141888,-0.864391268,-0.0289523029,0.501985528,-0.00056500826,0.00344669819,-0.0101926224
0.50211465,0.00315041,0.86479531,-0.02661928,0.99957583,0.01181419,-0.86439127,-0.0289523,0.50198553,-0.00238758,-0.00446934,-0.00638336
0.501981742,0.00345800678,0.864871255,-0.026684456,0.999577855,0.0114913759,-0.864466416,-0.0288470813,0.501862108,-0.00762381218,0.00120580196,0.000374299474
0.50176415,0.00367095,0.86499662,-0.02669373,0.99958044,0.01124229,-0.86459243,-0.02873096,0.50165162,,,
0.50167649,0.00381174,0.86504688,-0.02670164,0.99958203,0.01108082,-0.86464308,-0.02865716,0.50156858,,,
0.50162959,0.00409633,0.86507279,-0.02679051,0.99958271,0.01080174,-0.86466755,-0.02859422,0.50153001,0.00662462,0.00728428,0.00826392
0.50171265,0.00426622,0.86502378,-0.02692066,0.99958048,0.01068411,-0.86461531,-0.02864737,0.50161702,0.00180644,-0.00488043,0.00729472
0.50183795,0.00437717,0.86495058,-0.02718489,0.999573,0.01071403,-0.86453436,-0.02889029,0.50174266,,,
0.50191773,0.00457012,0.86490328,-0.02759117,0.9995617,0.01072997,-0.86447516,-0.02924926,0.50182384,-0.00458434,0.00373113,0.01415322
0.50187064,0.0047272,0.86492979,-0.02780755,0.99955632,0.01067218,-0.86449559,-0.02940763,0.50177942,0.00340992,0.00229573,0.0209828
0.50159223,0.00531658,0.86508778,-0.0290098,0.9995221,0.01067758,-0.86461758,-0.03045181,0.50150675,-0.004856,-0.00355172,-0.00233205
0.5012388,0.00557222,0.86529106,-0.02949784,0.9995081,0.01065073,-0.86480607,-0.03086278,0.50115661,,,
0.50036771,0.00571035,0.86579415,-0.03009693,0.99948862,0.01080176,-0.86528972,-0.0314626,0.50028369,0.00551558,-0.00375754,-0.01045744
0.50023027,0.0059133,0.86587219,-0.030565,0.99947408,0.01083226,-0.86535276,-0.031884,0.50014793,-0.00613884,0.00278938,-0.00806739
0.50013655,0.00606709,0.86592529,-0.031008,0.99945963,0.01090673,-0.8653912,-0.03230547,0.50005442,-0.00230592,-0.00494629,0.00488131
0.49991991,0.00594937,0.8660512,-0.03119769,0.99945112,0.01114281,-0.86550955,-0.0325893,0.49983112,0.0183448,-0.00782144,-0.01204403
0.50000434,0.00578901,0.86600357,-0.03150842,0.9994372,0.01151103,-0.86544955,-0.03304196,0.49990534,0.01623317,0.00526071,-0.01579388
0.50099348,0.00551158,0.86543349,-0.03202216,0.99941303,0.01217257,-0.86485841,-0.03381143,0.5008759,0.01481677,-0.001858,0.00763598
0.50185524,0.00524157,0.86493575,-0.03230275,0.99939761,0.01268636,-0.86434823,-0.03430652,0.50172224,-0.00175038,-0.0064258,-0.00721692
0.502199686,0.00515077117,0.864736318,-0.0323977884,0.999392287,0.012862322,-0.864144556,-0.0344749992,0.502061367,-0.00699253194,-0.000657558441,-0.0180747956
0.50254965,0.00479176,0.8645351,-0.03231234,0.99939007,0.01324378,-0.86394433,-0.03459081,0.50239796,-0.01425513,-0.00570154,-0.01271504
0.50238112,0.00472885,0.86463336,-0.032074,0.99939872,0.01317017,-0.8640512,-0.03434869,0.50223072,-0.00672814,-0.0053879,-0.0156736
0.502044005,0.00477297519,0.864828897,-0.0314276318,0.999424982,0.0127283248,-0.864270853,-0.0335697036,0.501905324,0.00099288905,-0.000327348709,-0.0226850808
0.50157826,0.00485661,0.86509859,-0.03066557,0.99945562,0.01216881,-0.86456855,-0.03263235,0.50145414,0.01368839,-0.0065524,-0.01400994
0.501493864,0.00505901889,0.865146438,-0.030312788,0.99947167,0.0117267227,-0.864630029,-0.0321058791,0.501382263,0.0150874937,0.000469326973,0.00217027892
0.50167495,0.00510418,0.86504112,-0.02952205,0.99950112,0.01122355,-0.86455228,-0.03116837,0.50157536,0.01418817,0.00770521,0.01972364
0.502200277,0.00505756394,0.864736559,-0.0288269376,0.999525035,0.010895497,-0.864270734,-0.0303994282,0.502107544,0.00279345363,0.000249862671,0.0243651234
0.50250578,0.00495907,0.86455965,-0.02855492,0.99953319,0.01086363,-0.86410219,-0.03014647,0.50241281,-0.00285687,-0.00166744,0.03144629
0.5032397,0.00494848,0.86413273,-0.02834924,0.99953989,0.01078569,-0.86368176,-0.0299253,0.50314844,-0.00363134,0.00309813,0.0272862
0.50392767,0.00501998,0.86373119,-0.02828534,0.99954269,0.01069323,-0.86328252,-0.02981955,0.50383922,-0.00431344,0.00323844,0.02265024
0.50401362,0.00499706,0.86368128,-0.0283092,0.99954155,0.01073712,-0.86323167,-0.02986178,0.50392402,-0.0040324,-0.00374085,0.01127817
0.503841718,0.00495798735,0.863781786,-0.0283463475,0.999539847,0.0107971335,-0.863330782,-0.0299251043,0.503750415,-8.01167917e-05,-0.000357747078,-0.0119239967
0.50384337,0.00471301,0.86378214,-0.02844159,0.99953342,0.01113625,-0.86332663,-0.03017826,0.50374234,-0.00317953,0.0040586,-0.01217361
0.503929328,0.00473256141,0.863731889,-0.0284229911,0.999534284,0.0111062474,-0.863277074,-0.0301466087,0.503829153,0.00813122373,0.00414073467,0.0004112405
0.50414665,0.00460492,0.8636057,-0.02832849,0.99953584,0.01120758,-0.86315324,-0.03011492,0.50404309,-0.00783087,-0.00455248,-0.00173943
0.50376233,0.0045524,0.86383027,-0.0281523,0.99954146,0.01115006,-0.8633834,-0.02993579,0.50365949,-0.00143514,-0.00218111,-0.01620493
0.503548199,0.00452952987,0.863955265,-0.0280980234,0.999543138,0.0111362811,-0.863510115,-0.0298830895,0.503445418,-0.00279069669,-0.000795602798,-0.0135779306
0.503333904,0.00459165338,0.864079752,-0.0279588563,0.999548827,0.010974747,-0.863639511,-0.0296826454,0.503235191,-2.37168279e-05,-0.00585907698,0.00828777626
0.50316511,0.00457183,0.8641782,-0.02767766,0.99955826,0.01082719,-0.86374696,-0.02936629,0.50306938,0.00264664,-0.00193882,0.01562485
0.50294923,0.00466682,0.86430334,-0.02765513,0.9995603,0.01069573,-0.86387339,-0.02928183,0.50285715,0.00534937,0.00641322,0.00543023
0.50290379,0.00479119,0.8643291,-0.02775471,0.99955847,0.01060808,-0.86389665,-0.02932405,0.50281473,0.01031586,-0.00354344,0.01170128
0.503243,0.00492524,0.8641309,-0.02807326,0.99954911,0.01065192,-0.86368882,-0.02961947,0.50315436,-0.00156709,0.00200903,0.02275386
0.5032397,0.00499096,0.86413239,-0.02830678,0.99954189,0.01071181,-0.86368306,-0.02985142,0.50315044,0.0025325,0.01099682,0.02406679
0.50319085,0.00501122,0.86416082,-0.02880957,0.99952462,0.0109793,-0.86369499,-0.03042079,0.50309601,0.00603146,-0.00332671,0.01349779
0.50301372,0.00494335,0.86426426,-0.02932427,0.99950551,0.01135024,-0.86378078,-0.03105324,0.50290994,0.0087762,-0.00378197,-0.01072931
0.50296641,0.00493089,0.86429189,-0.02971018,0.99949139,0.01158734,-0.86379517,-0.03150631,0.5028571,0.01052799,0.00150263,-0.01523868
0.50295945,0.00493515,0.8642959,-0.03030414,0.99946955,0.01192788,-0.86377857,-0.03219099,0.50284221,0.01704171,0.00187755,-0.01123749
0.50308586,0.00467481,0.8642238,-0.03079023,0.99944748,0.01251748,-0.86368778,-0.03290702,0.50295183,0.00594634,-0.00321156,-0.0108493
0.50325789,0.00429036,0.86412561,-0.03117646,0.9994268,0.01319472,-0.86357368,-0.03358073,0.50310318,-0.00884306,0.00358784,-0.01495586
0.503345652,0.00410767365,0.864075384,-0.0312104834,0.999422606,0.0134297991,-0.863521307,-0.0337280416,0.503183225,-0.0111841206,0.000458240509,-0.00859636907
0.503305279,0.00400606075,0.864099396,-0.0310871771,0.999425859,0.0134736585,-0.863549305,-0.0336437741,0.503140848,-0.000298839994,-0.00355553627,-0.0138299074
0.50292426,0.00375985,0.8643223,-0.03080524,0.99943319,0.01357709,-0.86378134,-0.0334539,0.50275502,-0.00703433,-0.00854373,-0.01028709
0.50279776,0.00376572,0.86439589,-0.03057353,0.99944229,0.01342982,-0.86386324,-0.03318011,0.50263248,-0.00984683,0.00286031,0.01379896
0.50279947,0.00377522,0.86439485,-0.03041449,0.99944853,0.01332638,-0.86386785,-0.03299063,0.50263701,-0.00782551,0.0071131,0.01774446
0.50263069,0.00375493,0.86449306,-0.03013368,0.99945899,0.01317906,-0.86397588,-0.03267456,0.50247191,0.00815874,-0.00101757,0.01819389
0.50228637,0.00384608,0.86469273,-0.0300387,0.99946415,0.01300347,-0.86417937,-0.03250571,0.50213276,0.00876497,-0.0032562,0.00437517
0.502114114,0.00389165505,0.864792586,-0.0299911634,0.999466715,0.0129157043,-0.864281141,-0.0324212942,0.501963059,0.00308605656,-0.00629979372,0.000880596519
0.502026309,0.0040746566,0.864842674,-0.0299569108,0.999470754,0.0126805188,-0.86433329,-0.0322739715,0.501882678,-7.14383787e-05,0.00559079647,0.00328699779
0.50206852,0.00410089,0.86481809,-0.03000599,0.99946928,0.01268053,-0.86430711,-0.03231622,0.50192511,-0.00123932,-0.00491935,0.01134651
0.502068517,0.00414333257,0.864817848,-0.0299635704,0.999471486,0.0126068389,-0.864308545,-0.0322425299,0.501927316,0.00094495411,-0.00131011009,0.00519419601
0.50202461,0.00414991,0.86484337,-0.03003127,0.99946908,0.01263666,-0.86433176,-0.03231626,0.5018827,,,
0.5017206,0.00421534,0.86501945,-0.03018664,0.99946438,0.01263807,-0.86450286,-0.03245281,0.50157911,0.00648107,0.00305486,0.00578984
0.50171888,0.00424816,0.86502028,-0.03030333,0.99946047,0.01266778,-0.86449977,-0.03256866,0.50157692,0.01031321,0.00517094,-0.0068899
0.50162928,0.0043791,0.8650716,-0.0304705,0.99945613,0.01260956,-0.86454589,-0.03268449,0.50148989,,,
0.501757625,0.00434005424,0.864997342,-0.0305857723,0.999451114,0.0127271734,-0.86446732,-0.032842569,0.501614961,3.28884926e-06,-0.00224351883,0.00449203234
0.501836741,0.0044061887,0.864951133,-0.0311187163,0.999431625,0.0129635423,-0.864402396,-0.0334217509,0.501688624,-0.00673265755,0.000250577927,0.004013272
0.501748832,0.00446181982,0.865001852,-0.0312116958,0.99942891,0.0129492905,-0.86445008,-0.033495466,0.501601549,-0.000286466966,0.00752711296,-0.00230889628
0.50148676,0.00455337,0.86515331,-0.03141604,0.99942249,0.01295029,-0.86459471,-0.03367409,0.50134019,0.00612063,-0.00350827,-0.00118811
0.501354812,0.00465798728,0.86522923,-0.0315341421,0.999419529,0.0128919702,-0.864666939,-0.0337477135,0.501210676,0.00163174595,-0.00791591406,-0.000332128024
0.50139524,0.00471712,0.86520544,-0.03169982,0.99941391,0.01292153,-0.8646374,-0.03390566,0.50125091,,,
0.50151993,0.00482874,0.8651326,-0.03196353,0.99940512,0.01295117,-0.86455542,-0.03414797,0.50137593,-0.00141498,0.00138903,0.0066322
0.50147218,0.00494353,0.86515963,-0.03222213,0.99939662,0.01296634,-0.86457352,-0.03437954,0.5013289,,,
0.50147033,0.00497638,0.86516053,-0.03233876,0.99939247,0.01299594,-0.86457024,-0.0344953,0.5013266,,,
0.50159489,0.00513055,0.86508744,-0.03256,0.99938586,0.01295191,-0.8644897,-0.03466386,0.50145389,0.00314128,-0.0014537,0.00425709
0.501763463,0.0051933493,0.864989299,-0.032798416,0.999377106,0.0130255175,-0.864382856,-0.034906007,0.501621251,0.00540208677,-0.000790119171,0.00627549365
0.50180558,0.00521967,0.86496467,-0.0328474,0.9993755,0.0130255,-0.8643565,-0.03494811,0.50166366,0.0062568,0.00479746,0.00704832
0.501885987,0.00529572037,0.864917509,-0.0332210009,0.999361409,0.0131582642,-0.864295497,-0.0353373763,0.501741416,0.00840622373,0.00137197971,0.000578648411
0.50204853,0.00541516,0.86482248,-0.03385137,0.99933712,0.01339403,-0.86417668,-0.03599988,0.50189905,-0.00789006,-0.00336915,-0.00155493
0.50217283,0.00544252,0.86475016,-0.03419951,0.99932289,0.01357066,-0.86409077,-0.03638884,0.50201894,-0.00669071,-0.00475389,0.00324129
0.50208277,0.00540394,0.8648026,-0.0345359,0.99930809,0.01380625,-0.86412963,-0.03679861,0.501922,,,
0.50216688,0.00541437,0.86475374,-0.03467611,0.99930222,0.01387979,-0.86407518,-0.03695626,0.50200422,0.01059097,0.00622058,-0.00367586
0.502421186,0.00545515383,0.864605803,-0.0349378556,0.999291459,0.0139973965,-0.863916836,-0.0372400612,0.502255791,-2.7845148e-05,-0.0046210289,-0.0194843374
0.50271938,0.00548949,0.86443219,-0.03513191,0.99928342,0.01408547,-0.86373543,-0.0374502,0.50255199,-0.00407522,-0.00585097,-0.01216375
0.50288943,0.00556225,0.86433284,-0.03521106,0.99928105,0.01405595,-0.86363325,-0.03750267,0.50272373,-0.00812645,-0.00293475,-0.01788394
0.50297546,0.00558209,0.86428262,-0.0351924,0.99928212,0.01402646,-0.86358388,-0.03747115,0.50281083,-0.00451434,-0.00220531,-0.00518737
0.50267534,0.00566543,0.86445672,-0.0350303,0.99929068,0.01382077,-0.86376525,-0.03722953,0.50251724,,,
0.50250524,0.00563505,0.86455578,-0.03490877,0.99929554,0.01377674,-0.8638691,-0.03710346,0.50234796,,,
0.50233511,0.00564706,0.86465455,-0.03474494,0.99930286,0.01365919,-0.86397464,-0.03690386,0.50218112,0.00444316,-0.003631,0.00561023
0.50237915,0.00572519,0.86462848,-0.03459271,0.99931054,0.01348257,-0.86395516,-0.0366832,0.50223083,0.00215487,0.00206363,0.01005326
0.50242319,0.00571859,0.8646029,-0.03452512,0.99931328,0.01345306,-0.86393222,-0.03660965,0.50227561,-0.00226154,0.00286531,0.01500887
0.502295016,0.00571472177,0.864677409,-0.034452459,0.999316379,0.0134090265,-0.864009669,-0.036525551,0.502148523,0.00199528923,-0.00020301342,0.0118220756
0.50220893,0.00573726,0.86472732,-0.03442879,0.99931778,0.01336502,-0.86406071,-0.03648355,0.50206384,0.00214873,-0.00204265,0.00870391
0.502250971,0.00572131417,0.864702983,-0.0345200462,0.999313651,0.0134385334,-0.864032608,-0.0365991029,0.502103751,-0.000662999228,-0.00204133987,0.00892832875
0.50211673,0.00564704,0.86478136,-0.03496635,0.99929352,0.01377705,-0.86409261,-0.03715594,0.50195946,0.00873834,0.00365198,-0.00636053
0.501942491,0.00568273647,0.8648823,-0.0350778367,0.999289412,0.0137918846,-0.86418935,-0.0372609342,0.501785155,0.0153262839,0.000733971596,-0.013477888
0.50202453,0.00568386,0.86483474,-0.0353769,0.99927642,0.01396837,-0.86412957,-0.03760763,0.50186235,0.01110839,0.00264406,-0.01161661
0.50236691,0.0056693,0.86463592,-0.03554569,0.99926857,0.01410052,-0.86392357,-0.03781772,0.50220098,0.00353002,-0.00309467,0.0115602
0.502494993,0.00563093842,0.864561804,-0.0356605426,0.999262813,0.0142181367,-0.863844399,-0.0379752846,0.502325363,-6.23136293e-06,0.000537514687,0.00633184612
0.50253905,0.00541278,0.8645376,-0.03580436,0.9992528,0.01455617,-0.86381283,-0.03826926,0.50235736,,,
0.50258106,0.00527001,0.86451398,-0.03602234,0.99924064,0.01485012,-0.86377924,-0.03860521,0.50238926,-0.00177244,0.00109637,0.00514469
0.502623057,0.00521189716,0.864489954,-0.0361557534,0.999233631,0.0149970648,-0.863749273,-0.0387941566,0.502426302,0.000952239963,0.00231349468,0.00517648784
0.502581057,0.00501627021,0.864515521,-0.0362758697,0.999224825,0.0152908558,-0.863768668,-0.0390459476,0.502373438,0.00160762167,-0.000477075577,0.00796907116
0.50236691,0.00482305,0.86464111,-0.03639122,0.99921632,0.01557002,-0.86388842,-0.03928721,0.50214873,0.0018525,-0.00544661,0.01028403
0.50228077,0.00476085,0.86469147,-0.03645214,0.99921249,0.01567277,-0.8639359,-0.03939199,0.50205876,,,
0.50219262,0.00460485,0.86474349,-0.03675629,0.99919576,0.01602508,-0.86397424,-0.03983245,0.501958,0.00754972,0.00196993,-0.01055343
0.502320784,0.00448222303,0.864669749,-0.0369553885,0.999184146,0.0162893344,-0.863891292,-0.0401366769,0.502076605,0.00194862648,0.00475668907,2.38193315e-05
0.50227877,0.00437112,0.86469468,-0.03699105,0.99918042,0.01643618,-0.86391415,-0.04024151,0.50202881,0.00641483,-0.00421625,-0.00193797
0.50215061,0.00419784,0.86476996,-0.03708761,0.99917271,0.01668559,-0.8639845,-0.04045093,0.50189087,,,
0.50219673,0.00394688,0.8647444,-0.03711473,0.99916651,0.01699382,-0.86395657,-0.040629,0.50192464,-0.00850114,-0.00621128,-0.00484968
0.50215674,0.00380277,0.86476824,-0.0370339,0.9991675,0.01711119,-0.86398325,-0.04061824,0.50187953,,,
0.50190247,0.0035499,0.86491688,-0.03698407,0.99916505,0.01736058,-0.86413308,-0.04070147,0.50161469,0.00311436,-0.0051524,-0.00226687
0.501778306,0.00335275493,0.864989729,-0.0368056034,0.999169589,0.0174779885,-0.864212833,-0.0406065457,0.501485024,0.00580331078,-0.000104188919,0.00525954785
0.501956521,0.00303981162,0.864887506,-0.0366720702,0.999169318,0.0177716729,-0.864115037,-0.0406378228,0.501651031,0.0025615152,-5.00679016e-05,0.00434628455
0.50204657,0.00278238,0.86483611,-0.03663147,0.99916581,0.0180504,-0.86406445,-0.04074236,0.5017297,,,
0.502134638,0.00260027373,0.864785537,-0.0366650674,0.999160311,0.0182851224,-0.86401184,-0.0408890137,0.50180834,-0.00655932445,-0.000853538513,0.00165725371
0.502180612,0.00234946151,0.864759553,-0.0366920028,0.999153639,0.0185930741,-0.86398397,-0.0410668419,0.501841793,-0.000945722684,0.00110328197,0.00688232481
0.502142401,0.00200330688,0.864782615,-0.0366635524,0.999147515,0.0189743919,-0.864007389,-0.04123385,0.50178778,0.00426301733,0.000112533569,-0.0115145138
0.50214624,0.00181049,0.86478081,-0.03655725,0.99914833,0.01913565,-0.86400967,-0.0412229,0.50178476,-0.00109876,-0.00709826,-0.00746206
0.5022802,0.00158875,0.86470347,-0.03640663,0.99915045,0.01931174,-0.86393818,-0.04118084,0.50191132,-0.00833411,-0.00188524,0.00974911
