0,1,2,3,4,5,6,7,8,9,10,11
-0.326366463,-0.112142775,0.938567456,0.0328838295,-0.993683378,-0.10729355,0.94467112,-0.00415332675,0.327992674,-0.0150515232,0.000805497169,0.0195844006
-0.32554873,-0.11344315,0.93869518,0.03547471,-0.99354285,-0.10776862,0.94485953,-0.001784,0.32747102,-0.00891998,0.00436175,0.00819848
-0.32453009,-0.11500931,0.93885733,0.03855876,-0.99336388,-0.10835791,0.94508913,0.00103577,0.32681108,-0.00835677,0.00620043,-0.00374594
-0.32399859,-0.11575502,0.93894916,0.04003026,-0.9932748,-0.10863932,0.9452102,0.00238739,0.3264535,-0.00550389,0.00316393,-0.01055725
-0.3227924,-0.11713735,0.93919321,0.04286047,-0.99310299,-0.10913028,0.94549883,0.00502784,0.32558668,-0.00208773,-0.00390583,-0.00956455
-0.32152198,-0.11824037,0.9394908,0.04526068,-0.99295811,-0.10947998,0.94581987,0.00732178,0.32460936,-0.00352082,0.00255442,-0.01720573
-0.32152198,-0.11824037,0.9394908,0.04526068,-0.99295811,-0.10947998,0.94581987,0.00732178,0.32460936,-0.00352082,0.00255442,-0.01720573
-0.32005626,-0.12001835,0.9397657,0.04837189,-0.99271973,-0.11030714,0.94616284,0.01015375,0.3235317,0.00129877,0.00937939,-0.00791427
-0.31906426,-0.12108982,0.93996554,0.05018174,-0.99257132,-0.11083287,0.94640359,0.0118063,0.32277057,0.00377754,-0.00497574,-0.00670321
-0.31858072,-0.12154864,0.94007035,0.05095336,-0.99250654,-0.1110609,0.94652527,0.01251788,0.32238675,0.00485379,-0.00189871,-0.00524509
-0.31858072,-0.12154864,0.94007035,0.05095336,-0.99250654,-0.1110609,0.94652527,0.01251788,0.32238675,0.00485379,-0.00189871,-0.00524509
-0.31672377,-0.1229241,0.94051875,0.05323899,-0.99230744,-0.11176434,0.94702242,0.01467384,0.3208319,0.00966514,0.0065732,-0.00183796
-0.31630154,-0.12324986,0.94061827,0.05393595,-0.99225695,-0.11187908,0.94712416,0.01534561,0.32050008,0.01300193,0.00680816,-0.00270796
-0.31554651,-0.12400179,0.94077303,0.05537434,-0.99214157,-0.11219938,0.947293,0.01669056,0.31993338,0.00885516,-0.00288975,-0.00269713
-0.31492571,-0.12485627,0.94086799,0.05692792,-0.99200954,-0.11258811,0.94740745,0.01810477,0.31951725,0.01023012,-0.00720501,-0.00378996
-0.31464692,-0.12526633,0.94090679,0.05761854,-0.9919464,-0.11279331,0.94745836,0.0187236,0.31933062,0.00951545,-0.00610423,-0.00624817
-0.31418562,-0.12720023,0.94080157,0.06005959,-0.9916615,-0.11401948,0.94745994,0.02068088,0.31920529,0.01746833,-0.01119661,-0.01166034
-0.31420586,-0.12771654,0.94072465,0.06066381,-0.99158526,-0.11435962,0.94741452,0.02113547,0.31930997,0.02106202,-0.00808245,-0.01416321
-0.31426029,-0.12904633,0.94052506,0.0620654,-0.99139119,-0.11528742,0.94730577,0.0221438,0.31956433,0.02314267,-0.00276732,-0.01260461
-0.31432593,-0.13062396,0.9402854,0.06370943,-0.99115773,-0.11639383,0.94717493,0.02331945,0.31986852,0.02349999,-0.00181729,-0.01479916
-0.31435729,-0.13148478,0.940155,0.0644589,-0.99103242,-0.11704724,0.94711389,0.02380671,0.32001345,0.02088553,-0.00229162,-0.01368658
-0.3141362,-0.13301355,0.94001366,0.0658498,-0.99080451,-0.11819469,0.94709139,0.02477047,0.32000664,0.02190102,-0.00189227,-0.01370383
-0.31374331,-0.13451313,0.93993156,0.06683553,-0.99058766,-0.11945322,0.94715264,0.02534317,0.31978053,0.02701793,-0.00101805,-0.02128998
-0.31355665,-0.13529326,0.93988184,0.06715783,-0.99047888,-0.12017185,0.94719162,0.02543974,0.31965733,0.0239385,-0.00202596,-0.02090776
-0.31324875,-0.13672384,0.93977759,0.06772717,-0.9902787,-0.12149604,0.94725306,0.02559,0.31946338,0.02601469,0.00198388,-0.02562725
-0.31312825,-0.13792947,0.93964143,0.0680463,-0.99011286,-0.12266225,0.9472699,0.0255301,0.31941803,0.03155956,0.00522912,-0.01974992
-0.31318487,-0.1384696,0.93954314,0.06806759,-0.99004184,-0.12322261,0.94724967,0.02536097,0.31949151,0.02985864,0.00601053,-0.01851086
-0.31345352,-0.13920908,0.93934432,0.06776436,-0.98995355,-0.12409671,0.94718261,0.02475551,0.31973782,0.03167278,0.00305402,-0.02090112
-0.31404513,-0.13951443,0.93910145,0.06701169,-0.9899345,-0.12465687,0.94704025,0.0237829,0.32023306,0.0293259,0.00583673,-0.0107703
-0.31453552,-0.13959038,0.93892588,0.06648224,-0.98993893,-0.12490328,0.94691467,0.02313537,0.32065136,0.0292656,0.00433958,-0.01065705
-0.31560556,-0.13960163,0.93856504,0.06571186,-0.98995924,-0.12514945,0.94661233,0.02217698,0.3216103,0.03008966,0.00812733,-0.00671341
-0.31676411,-0.13942434,0.93820109,0.06527855,-0.98999657,-0.12508163,0.94625533,0.02162303,0.32269686,0.03094391,0.01214063,-0.00265714
-0.317287208,-0.13927837,0.938045945,0.0651853818,-0.99001965,-0.124946802,0.946086426,0.0215028545,0.323199653,0.031104289,0.0109943151,-0.000110674649
-0.31825464,-0.13877062,0.93779349,0.06492888,-0.99009595,-0.12447549,0.94577912,0.02127498,0.32411292,0.03233351,0.01665652,0.00522056
-0.31897449,-0.13792221,0.93767411,0.06429276,-0.99022457,-0.12378097,0.94558009,0.02080269,0.32472378,0.02628018,0.00973761,0.01490818
-0.31975477,-0.13645803,0.93762251,0.06280389,-0.99045099,-0.12272866,0.94541654,0.01964326,0.32527164,0.02541674,-0.01365083,0.01288905
-0.32033706,-0.13579101,0.9375206,0.06176129,-0.99056089,-0.12237047,0.94528812,0.01870268,0.32570008,0.02793485,-0.01258039,0.00642009
-0.32067921,-0.13568017,0.93741958,0.06133566,-0.99058441,-0.122393,0.94519972,0.01824835,0.32598213,0.02709908,-0.01082593,0.0036329
-0.32138701,-0.13564066,0.93718296,0.06065405,-0.99060432,-0.12257244,0.94500337,0.01745075,0.32659463,0.02969144,-0.00839895,-0.00336657
-0.32616595,-0.13549004,0.93555234,0.06066788,-0.99063518,-0.12231641,0.94336374,0.01686252,0.33133139,0.01351423,-0.00510293,-0.00257589
-0.32959453,-0.13509823,0.93440666,0.06138762,-0.99068129,-0.12158118,0.94212467,0.0172885,0.3348166,-0.00503661,0.01365793,-0.0065331
-0.33220797,-0.13451109,0.93356565,0.06174903,-0.99075728,-0.12077813,0.94118283,0.01752333,0.33744321,-0.0157256,0.02594709,0.00402377
-0.33383282,-0.13362292,0.93311336,0.06156211,-0.99087898,-0.11987041,0.94061986,0.01742775,0.33901406,-0.02907371,0.01224363,0.01051393
-0.33449932,-0.13303008,0.93295939,0.06121826,-0.99096292,-0.11935183,0.94040553,0.01719105,0.33962026,-0.04143424,0.01399744,0.01222323
-0.3356729,-0.1316027,0.93274021,0.06019497,-0.99116552,-0.11818322,0.94005326,0.01647536,0.34062936,-0.05323508,0.00407851,0.02525496
-0.33652232,-0.13002901,0.93265468,0.0589398,-0.99138691,-0.11695059,0.93982892,0.01561398,0.34128814,-0.05694428,-0.01587713,0.02400686
-0.33680974,-0.12925854,0.93265816,0.0584624,-0.9914919,-0.11629995,0.93975591,0.01535447,0.34150107,-0.05793466,-0.01720738,0.01774778
-0.3372252,-0.12808386,0.93267023,0.05797608,-0.99164663,-0.11522072,0.93963716,0.01521724,0.34183397,-0.061349,-0.01583838,0.00535951
-0.33758582,-0.12748549,0.93262164,0.05839164,-0.99171403,-0.11442686,0.93948182,0.01582842,0.34223282,-0.0637428,-0.01198858,0.0058248
-0.33771941,-0.12730448,0.93259804,0.05879567,-0.99172962,-0.11408473,0.93940864,0.0163041,0.34241137,-0.05923402,-0.00724268,0.00530631
-0.33779339,-0.126489,0.93268221,0.05926823,-0.9918207,-0.11304385,0.93935236,0.01709296,0.3425273,-0.0562536,-0.00161767,0.00727156
-0.337619687,-0.125568673,0.932869489,0.0591209882,-0.991934145,-0.112122269,0.939424124,0.0172974817,0.342320211,-0.0488235131,0.000212907791,0.0064773676
-0.337480169,-0.125003385,0.932995762,0.0588311085,-0.992006781,-0.111629529,0.93949233,0.0172164156,0.342136901,-0.04767536,0.00016605854,0.00430222973
-0.337066669,-0.123911098,0.933290926,0.0579915469,-0.992151288,-0.110781686,0.939692978,0.0167821656,0.341607073,-0.0419003032,0.00708448887,0.000317811966
-0.33657146,-0.12274542,0.93362373,0.05693793,-0.99230668,-0.10993445,0.93993498,0.0161578,0.34097093,-0.03720061,0.00886357,0.00259918
-0.33629607,-0.12221815,0.93379215,0.05638888,-0.9923775,-0.10957811,0.94006667,0.01580481,0.34062429,-0.03751421,0.00680006,-0.00224407
-0.335653689,-0.120966787,0.934185962,0.0553423636,-0.992539464,-0.108638378,0.940358228,0.015235179,0.339844346,-0.0313552879,-0.000454068184,0.00182914548
-0.335018313,-0.119743124,0.934571562,0.0541278825,-0.992699138,-0.107787436,0.940655406,0.014475604,0.339054142,-0.0245723557,-0.000419378281,0.00911055878
-0.334704408,-0.119097658,0.934766719,0.0534845227,-0.992782948,-0.107338669,0.940804165,0.0140688301,0.338658599,-0.0288808588,0.000514626503,0.00900461897
-0.33392962,-0.1176733,0.93522409,0.05225272,-0.99296232,-0.10628086,0.94114863,0.01337767,0.33772819,-0.02329517,-0.00457627,0.01249555
-0.33300694,-0.11616303,0.93574153,0.051029,-0.99314819,-0.10512957,0.9415424,0.01274107,0.33665325,-0.02419396,-0.00272161,0.01500829
-0.33254436,-0.11543156,0.93599658,0.05039399,-0.99323803,-0.10458668,0.94174014,0.01238888,0.33611296,-0.02141779,-0.00580293,0.01218143
-0.33139181,-0.11410065,0.93656845,0.04940205,-0.99339723,-0.10354378,0.94219895,0.01195484,0.33484056,-0.01931399,-0.01137871,0.01276758
-0.33011063,-0.11303181,0.9371502,0.04856388,-0.99352342,-0.10272452,0.94269201,0.01160118,0.3334622,-0.01935197,-0.01066428,0.02226722
-0.32941935,-0.11252784,0.93745412,0.04811175,-0.99358324,-0.10235897,0.94295705,0.01138353,0.33271961,-0.01486552,-0.00726533,0.0217423
-0.32795518,-0.11188137,0.93804467,0.04733392,-0.993661,-0.1019661,0.94350662,0.01096102,0.33117222,-0.01047127,-0.01039308,0.01812834
-0.3265007,-0.11165012,0.93857942,0.04677445,-0.99369067,-0.10193468,0.94403878,0.01061978,0.32966329,-0.00714909,0.0031209,0.01398205
-0.32566469,-0.1115427,0.93888276,0.04662118,-0.99370327,-0.10188437,0.94433526,0.01059169,0.32881422,-0.00218927,0.00532007,0.01466649
-0.32397385,-0.11150938,0.93947146,0.04641286,-0.9937071,-0.10194148,0.94492688,0.01057718,0.32711057,0.00227849,0.00477147,0.00950631
-0.32222653,-0.11144277,0.94008001,0.04630509,-0.99371328,-0.10192902,0.94552935,0.01068625,0.3253613,0.00204606,-0.0029754,0.00608644
-0.321370873,-0.111516303,0.940364214,0.0462503097,-0.993704973,-0.102035788,0.945823265,0.0107008053,0.32450552,0.000302480883,-0.00855541229,0.00618176162
-0.31960354,-0.11167844,0.94094724,0.04619241,-0.99368601,-0.10224807,0.94642487,0.01078578,0.32274407,0.00432578,-0.00414783,0.01114063
-0.31782541,-0.11190601,0.94152225,0.04620792,-0.99365878,-0.10250457,0.94702267,0.01092723,0.32098086,0.00635522,-0.00217682,0.01082956
-0.31684938,-0.11207635,0.94183082,0.04632899,-0.99363745,-0.10265532,0.94734366,0.01110779,0.32002587,0.01027456,0.00283754,0.01279679
-0.31480328,-0.11221601,0.94250003,0.04662639,-0.99361593,-0.10272836,0.94801093,0.01160615,0.31802594,0.01190133,-0.00220525,0.00874007
-0.312644945,-0.112335512,0.94320414,0.0470763585,-0.99359454,-0.102732544,0.948702868,0.0122838117,0.31593048,0.00726536382,-0.00870978832,0.000624852488
-0.31156418,-0.1123211,0.9435633,0.04737546,-0.99359046,-0.10263294,0.94904336,0.012725,0.31488849,0.00705267,0.00215852,-0.0012675
-0.30938344,-0.11247113,0.94426276,0.04807152,-0.99356123,-0.10259266,0.94972156,0.01365168,0.31279802,0.00337922,-0.00809348,-0.00510727
-0.30733768,-0.1127224,0.9449005,0.04888219,-0.99351834,-0.10262291,0.95034406,0.01464891,0.31085599,0.00585806,-0.00925112,-0.01064874
-0.30649296,-0.11289351,0.9451544,0.04921722,-0.99349305,-0.10270724,0.95059952,0.01503881,0.31005522,0.00620423,-0.00317264,-0.01318972
-0.304996023,-0.113421947,0.94557531,0.0498505616,-0.993422721,-0.103081924,0.95104791,0.015697876,0.308644347,0.00825038925,0.00065433979,-0.0098779425
-0.303966837,-0.11401334,0.945835608,0.0502390913,-0.993349819,-0.103595292,0.951356964,0.0160283841,0.307673451,0.0090388637,0.000135779381,-0.0109702582
-0.3035809,-0.11431332,0.94592343,0.050402,-0.99331357,-0.10386453,0.95147166,0.01614514,0.30731261,0.00647628,-0.00217497,-0.0085493
-0.3030115,-0.11493699,0.94603038,0.05071631,-0.99323841,-0.10442815,0.9516364,0.01633624,0.30679189,0.0100523,-0.00692499,-0.00741394
-0.30277461,-0.11580493,0.94600032,0.05115496,-0.99313414,-0.1052023,0.95168826,0.01654001,0.30661995,0.00848485,0.00355053,-0.00159425
-0.30272087,-0.11629989,0.94595679,0.05149146,-0.99307298,-0.10561449,0.9516872,0.01673698,0.30661254,0.01071659,0.00192416,-0.00226268
-0.30260351,-0.11740461,0.94585786,0.05218804,-0.99293645,-0.10655199,0.95168657,0.01711945,0.30659336,0.01275806,0.00286114,0.00122306
-0.30250338,-0.11837655,0.94576884,0.05273986,-0.99281645,-0.10739644,0.95168809,0.01739193,0.3065735,0.01640722,0.00187767,0.00205817
-0.302457382,-0.118853757,0.945723617,0.0529549754,-0.992758,-0.107828965,0.951690678,0.0174670991,0.306561039,0.0164076854,0.00744831562,0.000124801882
-0.302392804,-0.119511823,0.945661309,0.0532661159,-0.992676857,-0.108420779,0.95169381,0.0175860342,0.306544474,0.0147365322,0.00394785404,-0.000522809569
-0.302291198,-0.120003501,0.945631609,0.0535326019,-0.992615332,-0.108853047,0.951711218,0.0177168007,0.306483028,0.0128541421,-0.000577807426,-0.0012778861
-0.302217267,-0.120199241,0.945630439,0.0536799748,-0.99258996,-0.109012505,0.951726455,0.0178159591,0.306430056,0.0136986049,-0.00128704309,0.000561924418
-0.302114988,-0.12054397,0.945619087,0.0540942094,-0.992541905,-0.109243011,0.951735322,0.018148558,0.306382744,0.00691292528,0.00081884861,-0.00151833682
-0.301901914,-0.120820135,0.945651996,0.0547096439,-0.992497739,-0.109339129,0.951767859,0.0187265905,0.306247025,0.0073906472,0.00081884861,-0.00431335811
-0.30181823,-0.12093487,0.94566406,0.05507731,-0.992477,-0.109343,0.95177321,0.01908292,0.30620842,0.00328691,0.00196755,-0.01106823
-0.301604508,-0.121161701,0.945703216,0.0557421407,-0.992436721,-0.109371776,0.951802262,0.0197285014,0.306077191,0.000974452123,0.00277113914,-0.0116335647
-0.30124269,-0.12120201,0.94581326,0.05651451,-0.99241468,-0.10917385,0.95187119,0.02056434,0.30580752,-0.00231091,-0.00375473,-0.01081503
-0.30114097,-0.12111618,0.94585656,0.05659393,-0.99242248,-0.10906059,0.95189857,0.02068712,0.30571386,-0.00253664,0.00794828,-0.00958833
-0.30095688,-0.1210086,0.94592899,0.05641044,-0.99243849,-0.10901081,0.95196775,0.02055271,0.30550757,-0.00693673,0.00287855,0.00206205
-0.30088372,-0.12082299,0.94597598,0.0561735,-0.99246477,-0.10889376,0.95200488,0.02037442,0.30540378,-0.00886111,-0.00360364,0.00386004
-0.30079283,-0.1206331,0.94602928,0.0554511,-0.99250185,-0.10892822,0.95207611,0.01969354,0.30522661,-0.00552553,-0.01000643,-0.00349627
-0.30083019,-0.12066308,0.94601327,0.05486508,-0.99250997,-0.10914672,0.95209796,0.01906845,0.30519765,-0.00574481,-0.00153446,-0.00166173
-0.300830304,-0.120761026,0.946000819,0.0547665116,-0.992500748,-0.10928108,0.952103673,0.0189340922,0.305188314,-0.00873278268,-0.000133156776,-0.00175144896
-0.30092264,-0.12091265,0.94595216,0.05475973,-0.99248368,-0.10944041,0.95207496,0.01886699,0.30528216,-0.00614346,0.00293171,0.00189028
-0.30094034,-0.121015,0.94593344,0.05514655,-0.99246414,-0.10942338,0.95204704,0.01923505,0.30534626,-0.00600037,-0.00305516,-0.00513699
-0.300921551,-0.121048992,0.945935134,0.0553902217,-0.992455303,-0.109381289,0.952038896,0.0194803666,0.305356204,-0.000857462874,-0.00245267153,-0.00547585962
-0.30082821,-0.12113136,0.94595422,0.05592916,-0.99243429,-0.10929689,0.95203683,0.02002683,0.3053272,-0.00183334,-0.00402254,-0.00529166
-0.30063304,-0.12132369,0.94599172,0.05635042,-0.99240278,-0.10936794,0.95207374,0.02042741,0.30518571,-0.00494217,0.00102603,-0.00441167
-0.300420211,-0.12131579,0.94606032,0.0564833567,-0.992400265,-0.109321868,0.952133016,0.0205941623,0.304989467,-0.00640834309,-0.00054371357,-0.00562127121
-0.29994854,-0.1212974,0.94621248,0.05667874,-0.99239718,-0.10925081,0.95227026,0.02086052,0.30454282,-0.00449462,0.002563,-0.01351607
-0.29950495,-0.12113038,0.94637421,0.05660724,-0.99241665,-0.1091087,0.95241395,0.02089303,0.30409062,-0.00361963,0.00108612,-0.01658458
-0.29935696,-0.12109098,0.94642596,0.056567,-0.99242153,-0.10908363,0.95246275,0.02088152,0.30393834,-0.00627427,0.00107622,-0.01741466
-0.29913603,-0.12091516,0.94651838,0.05624052,-0.99244847,-0.10900845,0.95255158,0.02062433,0.30367755,-0.00358271,0.00562477,-0.01473911
-0.29913716,-0.12082857,0.94652901,0.05556049,-0.99247284,-0.1091344,0.95259107,0.01994346,0.30359904,-0.00203403,-0.0056392,-0.00379695
-0.2992306,-0.1206977,0.94651626,0.05507086,-0.9924984,-0.10915121,0.95259024,0.01946408,0.30363291,,,
-0.29938001,-0.12051409,0.94649245,0.05380089,-0.99254509,-0.10936037,0.95261591,0.01818182,0.30363193,-0.00310714,-0.01088107,0.00343162
-0.299722848,-0.120469215,0.94638974,0.0525435125,-0.992574261,-0.109707599,0.95257837,0.0168447727,0.303826902,0.000417875708,-0.000119805336,0.00698113069
-0.29985229,-0.12055268,0.94633808,0.05204956,-0.99257339,-0.10995034,0.95256472,0.01628763,0.30390001,-0.00121088,0.00305283,0.00881577
-0.30013867,-0.120755574,0.946221284,0.0513758898,-0.992561359,-0.110373156,0.952510968,0.0154857025,0.304110123,-0.00105743739,-0.000138401985,0.00944369752
-0.30036062,-0.12089226,0.94613351,0.0509739,-0.9925524,-0.1106412,0.95246271,0.01499586,0.30428595,0.00293438,-0.00471586,0.00694055
-0.30041591,-0.12097526,0.94610524,0.05082423,-0.99254498,-0.11077518,0.95245317,0.01480644,0.30432492,0.006631,-0.00570005,0.00560166
-0.300517827,-0.121207228,0.946043349,0.0505974499,-0.992521696,-0.111089374,0.952433257,0.0144830503,0.304403065,0.00655739289,0.00065946579,0.0066744932
-0.30051785,-0.1214026,0.94601831,0.05040076,-0.99250172,-0.11135721,0.9524437,0.01421522,0.30438306,0.00605953,0.01113582,0.00797233
-0.30051788,-0.12145144,0.94601205,0.05035158,-0.99249672,-0.11142416,0.9524463,0.01414826,0.30437804,0.00315369,0.00148678,0.00761538
-0.30036985,-0.12146141,0.9460577,0.05026196,-0.9924965,-0.11146556,0.95249765,0.01406983,0.30422083,0.00645224,0.00104415,0.00415441
-0.300064588,-0.121449697,0.946155934,0.0502535612,-0.992497278,-0.11146068,0.952594174,0.0141022961,0.303916729,-0.000637927034,-0.00563830137,0.00365224737
-0.29991656,-0.12141083,0.94620781,0.05021313,-0.99250213,-0.11143511,0.95264287,0.01409081,0.30376449,-0.00235669,-0.00311309,0.00321281
-0.29955595,-0.12141377,0.94632167,0.05025606,-0.99250054,-0.11143012,0.95275408,0.01417884,0.30341144,,,
-0.29918603,-0.12148264,0.94642986,0.05037149,-0.99249007,-0.11147141,0.95286423,0.01432239,0.30305862,-0.00496597,0.00156224,-0.00280031
-0.29902888,-0.12150972,0.94647613,0.05040355,-0.99248623,-0.11149209,0.95291193,0.0143664,0.30290662,0.00222934,0.00126362,-0.00507675
-0.29865884,-0.12157841,0.94658417,0.05051906,-0.99247577,-0.1115333,0.95302189,0.01451014,0.30255369,-0.00224061,0.00186622,-0.00746638
-0.298297621,-0.121581056,0.946697646,0.0505622238,-0.992474036,-0.111528167,0.95313265,0.0145985459,0.302200195,0.000614557182,0.000458359718,-0.00719239144
-0.298094128,-0.12155675,0.946764984,0.0505731738,-0.99247654,-0.111502491,0.953195852,0.0146426755,0.301998853,-0.000418521697,0.00772106647,-0.00732310768
-0.29791774,-0.121334495,0.946848872,0.0503668359,-0.992505333,-0.111337687,0.953261784,0.0145203031,0.301796353,-0.0036575445,0.000329136848,-0.00503556943
-0.29789902,-0.12108541,0.94688668,0.05012838,-0.99253822,-0.11115237,0.95328023,0.01435371,0.3017461,,,
-0.29791734,-0.12095345,0.94689766,0.04998349,-0.99255574,-0.11105963,0.953282,0.01424264,0.30174558,-0.00837908,-0.00475144,0.00156399
-0.29797237,-0.1207045,0.94691233,0.04940109,-0.99259388,-0.11098217,0.95329538,0.01370888,0.30172841,-0.00857327,-0.00900865,0.00199
-0.29816615,-0.12075595,0.9468448,0.04873454,-0.99259753,-0.11124428,0.95326912,0.01297477,0.30184384,-0.00870554,-0.01027954,0.00248359
-0.29833252,-0.12080946,0.94678545,0.04848228,-0.99259473,-0.11137792,0.95322982,0.01267466,0.30198049,-0.00615138,-0.00772715,0.00142983
-0.29859165,-0.12116094,0.94665886,0.0480756,-0.99255899,-0.11187177,0.9531693,0.01210721,0.30219477,-0.00125195,0.00255454,0.00455039
-0.29883266,-0.12154645,0.94653335,0.04791247,-0.9925157,-0.11232457,0.95310195,0.0117845,0.30241981,-0.00429843,-0.00263304,0.00383071
-0.29897168,-0.1217489,0.94646341,0.04792694,-0.99249164,-0.11253047,0.9530576,0.01171767,0.30256211,,,
-0.29928703,-0.1221244,0.94631543,0.04819724,-0.99244417,-0.1128343,0.95294506,0.01183995,0.30291173,,,
-0.2996573,-0.12248504,0.94615153,0.0484166,-0.99239878,-0.11313793,0.95281747,0.01190682,0.30331005,,,
-0.29979619,-0.12263856,0.94608767,0.04848046,-0.99237985,-0.1132768,0.95277056,0.01190681,0.30345743,,,
-0.30001846,-0.12291165,0.94598185,0.04870862,-0.99234472,-0.11348763,0.95268903,0.01202909,0.30370859,,,
-0.300101648,-0.123031189,0.945939841,0.0488728559,-0.992328297,-0.113559557,0.952654344,0.0121513655,0.303812387,-0.00357585447,-0.00046646595,-0.00535421353
-0.30019426,-0.12313354,0.94589722,0.04891547,-0.99231573,-0.1136521,0.95262307,0.0121513,0.3039106,-0.00301261,0.00199401,-0.00371277
-0.30032366,-0.12340171,0.94582115,0.0490029,-0.99228249,-0.11390381,0.95257774,0.01213997,0.30405301,-0.00267696,0.0080632,-0.00576357
-0.30042547,-0.12343805,0.94578417,0.04897307,-0.99227879,-0.11395009,0.95254727,0.01208445,0.30415084,-0.00232655,0.0078218,-0.0101963
-0.30048078,-0.12342316,0.94576845,0.04892195,-0.99228117,-0.11395007,0.95253235,0.01202903,0.30419959,-0.0038598,-0.00245947,-0.00980841
-0.30071176,-0.1233951,0.9456987,0.04854677,-0.99228956,-0.11403747,0.95247865,0.01161821,0.30438364,-0.00196311,-0.0069322,-0.00962568
-0.30115527,-0.12347055,0.94554773,0.04794158,-0.99228828,-0.11430467,0.9523692,0.0109076,0.30475223,,,
-0.301875116,-0.123567703,0.945305338,0.0469833685,-0.992287684,-0.114705379,0.952188911,0.00978691906,0.305352841,-0.00174821203,0.000455617905,0.00700738188
-0.30230878,-0.12361068,0.94516117,0.0465495,-0.99228741,-0.11488517,0.95207268,0.00926598,0.30573137,,,
-0.30252104,-0.1236165,0.94509255,0.04641784,-0.9922883,-0.11493142,0.95201174,0.00909998,0.30592615,,,
-0.30292697,-0.12371157,0.94494999,0.04634862,-0.99227772,-0.11504947,0.95188593,0.00894553,0.30632177,,,
-0.30342556,-0.12386001,0.94477076,0.04637144,-0.99226028,-0.11519312,0.95172621,0.00885785,0.30682054,,,
-0.30372055,-0.12398517,0.94465928,0.04640452,-0.99224466,-0.11531102,0.95163023,0.00881412,0.30711891,,,
-0.30421873,-0.12403623,0.94449229,0.0465254,-0.99223791,-0.11532076,0.95146522,0.00886013,0.30762848,,,
-0.30466142,-0.12415102,0.94433461,0.04664858,-0.99222339,-0.11539715,0.95131763,0.00889481,0.30808375,,,
-0.30479984,-0.12420695,0.94428264,0.04681105,-0.99221527,-0.11540192,0.95126537,0.00902838,0.3082413,,,
-0.30515931,-0.12438986,0.94414239,0.0473496,-0.99218802,-0.11541581,0.9511234,0.00948455,0.30866532,,,
-0.30515024,-0.12440754,0.94414308,0.04747113,-0.99218474,-0.11539505,0.95112033,0.00960671,0.30867112,,,
-0.305076469,-0.124457961,0.9441602,0.0477650544,-0.992175368,-0.115353445,0.951129207,0.00990623843,0.308634179,-0.000614979886,-0.00375539064,-0.00337738823
-0.30504882,-0.12460797,0.94414936,0.04803172,-0.9921542,-0.11542485,0.95112465,0.0101389,0.30864066,-0.00163904,-0.00158995,-0.00450094
-0.30513166,-0.124679,0.9441132,0.04824533,-0.99214332,-0.11542924,0.95108726,0.01032793,0.30874959,-0.00177283,0.00382841,-0.00476225
-0.305269795,-0.12478349,0.944054764,0.0483590108,-0.992129516,-0.115500545,0.951037183,0.0103947255,0.308901615,0.000562440255,0.000795006752,-0.00741932821
-0.30532504,-0.12471981,0.94404529,0.04835691,-0.99213737,-0.11543367,0.95101953,0.01040632,0.30895553,-0.00505166,0.00470877,-0.00543036
-0.305491,-0.12457727,0.94401051,0.04830164,-0.99215574,-0.11529992,0.95096913,0.01037417,0.30911185,,,
-0.30568442,-0.12428474,0.94398643,0.04797975,-0.99219512,-0.11509493,0.95092325,0.01010951,0.3092617,-0.00542459,-0.00711763,-0.00174711
-0.305803976,-0.124236629,0.943953951,0.0477563697,-0.992203363,-0.115115697,0.950895963,0.00987697081,0.30935295,-0.00491667679,-0.00981134176,-0.000862707151
-0.30608029,-0.124306,0.94385528,0.0473549,-0.99219933,-0.11531633,0.95082716,0.00940012,0.30957924,-0.00737065,-0.00216055,0.00318593
-0.30649456,-0.12457643,0.94368526,0.04696984,-0.99217054,-0.11572191,0.95071288,0.00885661,0.30994614,,,
-0.30664171,-0.12475986,0.94361315,0.04686468,-0.99214905,-0.11594764,0.95067055,0.00866774,0.31008118,,,
-0.30694553,-0.12496364,0.94348743,0.04667947,-0.99212603,-0.11621949,0.95058165,0.00836844,0.31036188,,,
-0.30723071,-0.12520279,0.94336288,0.04673719,-0.99209632,-0.11644949,0.95048666,0.00831327,0.31065411,,,
-0.30741445,-0.12540633,0.94327584,0.04682416,-0.9920704,-0.11663343,0.95042283,0.00831328,0.31084912,,,
-0.30762594,-0.12569645,0.94316833,0.04717582,-0.9920317,-0.11682152,0.95033707,0.0085574,0.31110469,-0.00307583,0.00600469,0.00619864
-0.30769959,-0.12588229,0.94311969,0.0474134,-0.99200684,-0.1169385,0.95030157,0.00873459,0.31120846,,,
-0.3077455,-0.12598156,0.94309144,0.04738642,-0.9919948,-0.11705131,0.95028803,0.00866772,0.31125164,,,
-0.30754306,-0.12595884,0.9431604,0.04739586,-0.99199714,-0.11702628,0.95035299,0.00871127,0.31105186,,,
-0.30748789,-0.12597418,0.94317636,0.04744672,-0.99199475,-0.1170263,0.95036832,0.00876646,0.31100349,,,
-0.30717495,-0.12598197,0.94327716,0.04755804,-0.99199219,-0.11700114,0.95046382,0.00892058,0.31070691,-0.0017335,0.00435913,0.00336896
-0.306852758,-0.12595915,0.943385006,0.047839576,-0.991991863,-0.116888394,0.950553708,0.00926359595,0.310421678,-0.00355790579,-0.00558954477,0.000923623797
-0.30659526,-0.12595156,0.94346984,0.04790002,-0.99199205,-0.11686334,0.95063386,0.00936247,0.31017335,-0.00419218,-0.00419408,0.00103325
-0.30654928,-0.125949068,0.943485105,0.0478295081,-0.991992983,-0.116884195,0.950652223,0.0092956534,0.310119043,-0.00289315381,-0.00445371866,-0.000722875353
-0.30644822,-0.12610711,0.94349693,0.04766352,-0.99197502,-0.11710553,0.95069325,0.00908361,0.30999971,-0.00385429,0.00292647,0.00261348
-0.306402166,-0.126298235,0.94348627,0.0473979107,-0.991953631,-0.117393519,0.950721318,0.00874964409,0.30992314,-0.00130709051,0.000612854958,0.00670803618
-0.30640197,-0.12634663,0.94347972,0.04734913,-0.99194786,-0.1174603,0.95072368,0.00868286,0.30991756,,,
-0.306291481,-0.126522454,0.943492052,0.0473045084,-0.991926259,-0.117660754,0.950761519,0.00859292654,0.30980399,-0.00208328967,-0.000855863094,0.00505653489
-0.30628229,-0.12668541,0.94347324,0.0472796,-0.99190624,-0.11784027,0.95076579,0.00851464,0.30979316,,,
-0.30627289,-0.12679995,0.94346084,0.04730346,-0.99189161,-0.11795301,0.95076756,0.00850314,0.30978792,-0.00197818,0.001881,0.00543251
-0.30616244,-0.12692732,0.94347972,0.04730773,-0.99187575,-0.11808657,0.95080309,0.00848021,0.30967977,,,
-0.30607041,-0.12687393,0.9435167,0.04721548,-0.99188305,-0.11806134,0.95083724,0.0084135,0.30957661,-0.00451676,-0.0068081,0.00608386
-0.3059692,-0.12693509,0.94354143,0.04714699,-0.99187607,-0.11814886,0.95087334,0.00833523,0.30946805,-0.00214363,-0.002267,0.0045863
-0.30585858,-0.12706239,0.94356012,0.04715121,-0.99185992,-0.11828233,0.95090868,0.00831234,0.30935999,,,
-0.30572927,-0.12727366,0.94357341,0.04734941,-0.99183132,-0.11844114,0.95094027,0.00846671,0.30925844,,,
-0.30560918,-0.12741861,0.94359266,0.04747505,-0.99181173,-0.11855377,0.95097252,0.00856597,0.30915638,,,
-0.305480153,-0.127532977,0.943619328,0.0477708548,-0.99179498,-0.11857908,0.950999496,0.00885395556,0.309065823,0.00389740267,-0.000591397285,-0.003829038
-0.305470531,-0.127599012,0.943613345,0.0478435347,-0.991785742,-0.118624959,0.950998764,0.0089093644,0.309066207,0.000661103521,0.00179350376,-0.005197227
-0.30552589,-0.12758384,0.94359749,0.04779261,-0.99178822,-0.11862502,0.95098356,0.00885397,0.30911461,0.00219718,-0.00296557,-0.0047006
-0.30554466,-0.12754842,0.94359623,0.0475498,-0.99179495,-0.11866654,0.95098972,0.00860989,0.30910258,,,
-0.30555403,-0.12757907,0.94358896,0.04737957,-0.9917925,-0.11875399,0.95099512,0.00842107,0.30909103,,,
-0.30556334,-0.12756134,0.94358831,0.04725818,-0.99179578,-0.11877472,0.95099814,0.00829905,0.30908499,,,
-0.3055174,-0.12751049,0.94361008,0.04723641,-0.99180235,-0.11872876,0.951014,0.00829904,0.30903622,,,
-0.305526833,-0.127444364,0.943616118,0.0471637034,-0.991811531,-0.118682807,0.951014737,0.00824365239,0.309035694,-0.00377712701,0.00421953201,-0.000511225371
-0.305490206,-0.127375752,0.943637257,0.0470205788,-0.991821376,-0.118657528,0.951033606,0.00812166268,0.308980877,-0.000716759707,-0.00428813696,0.00538185192
-0.30544457,-0.12708859,0.94369065,0.04646768,-0.99186186,-0.11853569,0.95107534,0.00764503,0.3088644,-0.00417421,-0.00416857,0.00913903
-0.30540803,-0.12688027,0.94373049,0.0456959,-0.99189388,-0.11856761,0.95112445,0.00691311,0.30873036,-0.00563575,-0.00541842,0.00485055
-0.30538045,-0.12679387,0.94375105,0.04543147,-0.99190662,-0.11856284,0.951146,0.00666922,0.30866938,-0.00351317,-0.00274074,0.00550003
-0.30534361,-0.12687038,0.9437527,0.04514213,-0.99189897,-0.11873739,0.95117161,0.0063473,0.30859725,-0.0042071,-0.00170833,0.00255085
-0.30522398,-0.12696717,0.94377844,0.04531639,-0.9918856,-0.11878345,0.95120178,0.00651308,0.30850088,,,
-0.30520553,-0.12705114,0.9437731,0.04551036,-0.99187367,-0.11880892,0.95119844,0.00669032,0.30850739,,,
-0.30531602,-0.12725702,0.9437097,0.0459396,-0.99184485,-0.1188852,0.95114242,0.0070561,0.30867203,,,
-0.30549077,-0.12738144,0.94363634,0.04624555,-0.99182699,-0.11891525,0.95107146,0.00731148,0.30888464,,,
-0.305536582,-0.127383871,0.943621044,0.046316093,-0.991825994,-0.118894525,0.951053177,0.00737821008,0.308939119,0.000214151922,0.00443518162,0.00535338977
-0.30563792,-0.12727429,0.94360305,0.04643329,-0.99183903,-0.11874043,0.95101493,0.00752302,0.30905339,,,
-0.305638,-0.1272259,0.9436096,0.04648207,-0.9918448,-0.11867372,0.95101258,0.00758973,0.30905909,,,
-0.30553675,-0.12704513,0.94366677,0.0466575,-0.99186602,-0.11842757,0.95103655,0.00784516,0.30897898,,,
-0.30507562,-0.12681501,0.94384686,0.04769788,-0.99188502,-0.11785222,0.95113294,0.00906566,0.30864866,,,
-0.30501071,-0.12675088,0.94387629,0.04796792,-0.99189008,-0.11769786,0.95114,0.00937666,0.30861731,-0.00328006,-0.00496566,-0.00452688
-0.304854053,-0.12663338,0.943942674,0.0481457344,-0.991902761,-0.117518348,0.951181251,0.00962085928,0.308482655,-0.000955888943,-0.00611686707,-0.00580855226
-0.30480797,-0.12658242,0.94396433,0.04812408,-0.99190918,-0.11747231,0.95119706,0.0096209,0.30843382,,,
-0.30486347,-0.12656728,0.94394855,0.04807313,-0.9919118,-0.11747234,0.95118196,0.00956553,0.30848228,-0.00487169,0.00329125,-0.00137879
-0.304882106,-0.126435119,0.943960224,0.0479278779,-0.991929699,-0.117380372,0.951183296,0.00945482888,0.308481539,-0.00622641668,-0.00165313482,0.000645033666
-0.304900702,-0.126351334,0.943965412,0.0477338692,-0.991942014,-0.117355055,0.951187067,0.00927747444,0.308475258,0.000415249146,-0.00464659929,-0.00293474714
-0.30495618,-0.12638459,0.94394314,0.04763405,-0.99193907,-0.11742182,0.95117439,0.00915532,0.30851816,,,
-0.30501148,-0.12646637,0.94391431,0.04748541,-0.99193035,-0.11755541,0.95116408,0.00896641,0.30855548,,,
-0.30496538,-0.12651232,0.94392299,0.04736611,-0.9919256,-0.11764285,0.95118475,0.00883295,0.3084955,-0.00416854,0.00231993,0.00545813
-0.3049748,-0.12649464,0.9439224,0.04724471,-0.99192906,-0.11766355,0.95118785,0.00871092,0.30848954,,,
-0.30481805,-0.12647407,0.94397572,0.0473248,-0.9919306,-0.11761749,0.95123404,0.00882152,0.30834382,,,
-0.30470742,-0.12640758,0.94402035,0.04752434,-0.9919369,-0.11748404,0.95125956,0.00906568,0.30825805,,,
-0.30465213,-0.1263743,0.94404268,0.0476241,-0.99194005,-0.11741731,0.9512723,0.00918774,0.30821515,,,
-0.30448625,-0.12637132,0.94409668,0.04782574,-0.99193837,-0.11735057,0.95131538,0.00942049,0.30807527,,,
-0.30438472,-0.12628702,0.94414059,0.04790389,-0.99194778,-0.11723775,0.95134383,0.00954263,0.30798347,,,
-0.30418173,-0.12611834,0.9442284,0.04806027,-0.99196664,-0.11701209,0.95140071,0.00978692,0.30779979,,,
-0.304015578,-0.1260181,0.944295232,0.0483598317,-0.991975611,-0.116811724,0.951438581,0.010153355,0.307670734,-0.00429309206,0.000739455223,-0.00461687241
-0.30395123,-0.12595373,0.94432488,0.04863015,-0.99198106,-0.11665744,0.9514457,0.01046449,0.30763884,-0.00371098,-0.00317866,-0.00354395
-0.30394169,-0.12592269,0.94433195,0.04880057,-0.99198279,-0.11656982,0.95143989,0.01065351,0.30765011,-0.00457634,-0.00236326,-0.00751057
-0.3039691,-0.12586316,0.94433104,0.04921195,-0.99198542,-0.11637393,0.95140992,0.01109829,0.30772703,-0.00533644,0.00145626,-0.00693097
-0.3040705,-0.12575346,0.94431301,0.04932929,-0.99199771,-0.11621948,0.95137144,0.01124337,0.3078407,-0.00372012,-0.00565702,-0.00345733
-0.30412573,-0.12568983,0.9443036,0.04932721,-0.99200549,-0.11615262,0.9513538,0.01125485,0.30789465,-0.00269049,-0.00943696,-0.00435255
-0.304245821,-0.125642134,0.944271256,0.0491036506,-0.992014147,-0.116173402,0.951326958,0.0110218804,0.307985976,-0.00680242153,0.00564229488,-0.000764008029
-0.30437535,-0.12552833,0.94424474,0.04880749,-0.99203185,-0.11614818,0.95130086,0.01073357,0.30807691,0.00133477,-0.00212175,0.01221243
-0.30434796,-0.1253937,0.94427147,0.04859178,-0.9920508,-0.11607692,0.95132068,0.01055605,0.30802187,-0.00419868,-0.00390267,0.00956474
-0.30433909,-0.12522394,0.94429687,0.04813311,-0.99207667,-0.11604715,0.95134685,0.01013426,0.30795523,-0.00506114,-0.00107396,0.00408862
-0.30434824,-0.12525487,0.94428974,0.04796275,-0.99207455,-0.11613469,0.95135244,0.00994534,0.30794397,-0.00136769,0.00278652,0.01006545
-0.304403502,-0.125239669,0.944273899,0.0479117466,-0.992076962,-0.116134627,0.951337288,0.00989001103,0.307992489,-0.00413293578,-0.00041615963,0.00832136627
-0.30435753,-0.12523725,0.9442891,0.04784123,-0.99207802,-0.11615541,0.9513556,0.00982317,0.30793814,-0.004836,-0.0020715,0.00497628
-0.30424692,-0.12521901,0.94432719,0.04799214,-0.9920786,-0.11608862,0.95138341,0.01000067,0.30784655,-0.00469315,-0.00163108,0.00099837
-0.30422844,-0.12530267,0.94432209,0.04818622,-0.99206628,-0.11611391,0.95137955,0.01017815,0.30785273,,,
-0.304218649,-0.125556061,0.944291577,0.0488389535,-0.992027902,-0.11616899,0.951349391,0.010777435,0.307925521,-0.00604388863,-0.00124245882,0.000851865974
-0.30418117,-0.12572331,0.94428133,0.04922732,-0.9920027,-0.11621944,0.95134129,0.01113266,0.3079378,-0.00386356,0.00689495,0.00121033
-0.304134348,-0.125810782,0.9442848,0.0498350106,-0.991984618,-0.116115209,0.95132466,0.0117438132,0.307966538,8.84736364e-05,0.00627934933,-0.00152514386
-0.30402347,-0.12564657,0.9443423,0.05013275,-0.99200079,-0.11584779,0.95134439,0.01212202,0.30789081,-0.0020027,-0.00504911,-0.00160384
-0.30397746,-0.12544976,0.94438327,0.05025801,-0.99202321,-0.11560114,0.95135248,0.01232267,0.30785785,,,
-0.303977339,-0.125401164,0.94438968,0.0503069588,-0.992028401,-0.11553425,0.951349846,0.0123895608,0.307863161,-0.00486286497,-0.00128084421,-0.000581277651
-0.303968209,-0.125321432,0.94440339,0.0505264413,-0.992035518,-0.115379597,0.951341318,0.0126456089,0.307879408,-0.00591750117,-6.33001328e-05,0.00211657817
-0.303912774,-0.125190602,0.94443856,0.0507243719,-0.992048706,-0.1151789,0.951348474,0.012901708,0.307846634,-0.00780484639,-0.00459307432,-0.000652165385
-0.30390344,-0.12515941,0.94444575,0.05089493,-0.99205025,-0.11509108,0.9513424,0.01309092,0.3078575,-0.00371455,-0.00224668,-0.00367797
-0.30420759,-0.12531623,0.94432702,0.05075755,-0.99203348,-0.11529594,0.95125252,0.01285782,0.30814492,-0.0070501,-0.00124431,-0.00165311
-0.30430886,-0.12540086,0.94428309,0.05067915,-0.99202426,-0.11540881,0.95122424,0.01273553,0.30823717,,,
-0.30451175,-0.12552157,0.94420176,0.05057138,-0.99201143,-0.11556772,0.95116516,0.01255785,0.30842691,,,
-0.30469569,-0.12577426,0.94410885,0.0506089,-0.99198037,-0.11581851,0.95110432,0.01249091,0.30861729,-0.00299932,-0.00359899,0.00209435
-0.30477811,-0.12594233,0.94405982,0.05072482,-0.99195831,-0.11595634,0.95107171,0.01254632,0.30871548,,,
-0.30493337,-0.126344543,0.943955892,0.0510294326,-0.991904982,-0.116277895,0.951005608,0.0127125243,0.30891219,0.000167688093,0.00549590588,0.0013534897
-0.30509791,-0.12663208,0.94386413,0.05131035,-0.99186593,-0.11648644,0.95093766,0.01289022,0.30911384,0.00111854,-0.00503612,0.00356551
-0.30513433,-0.12674912,0.94383668,0.05140469,-0.99185031,-0.11657824,0.95092091,0.01294561,0.3091631,,,
-0.30520722,-0.12693474,0.94378832,0.05164243,-0.99182445,-0.11669494,0.95088478,0.0131234,0.30926694,,,
-0.30528927,-0.12710272,0.94373908,0.05175853,-0.99180207,-0.11683252,0.95085204,0.01317884,0.30936509,,,
-0.30541707,-0.12722463,0.94368117,0.05199415,-0.99178373,-0.11688209,0.95079802,0.01336811,0.30952277,-0.00439723,-0.00371051,0.00489902
-0.30568257,-0.12749959,0.94355806,0.05229502,-0.99174581,-0.11706912,0.95069616,0.01355739,0.3098272,,,
-0.30599368,-0.12772851,0.94342633,0.05271541,-0.99171199,-0.11716793,0.95057293,0.01388045,0.31019093,0.00326308,-0.00221068,0.00444572
-0.30622269,-0.12783791,0.94333718,0.05297092,-0.99169503,-0.11719598,0.95048495,0.01408137,0.31045131,-0.00598964,0.00281084,0.00519531
-0.30672591,-0.1280108,0.9431502,0.05360142,-0.99166494,-0.11716361,0.9502873,0.01461707,0.31103104,-0.00195139,-0.00299829,0.00856508
-0.30737562,-0.12822224,0.94291,0.0542736,-0.99162951,-0.11715495,0.95003926,0.01516455,0.31176183,-0.00449465,0.0038389,0.00904446
-0.30774107,-0.12833921,0.94277496,0.05474131,-0.99160826,-0.11711816,0.94989418,0.01556667,0.31218391,-0.00103012,0.00345552,0.01057506
-0.308562242,-0.128723819,0.9424539,0.0556720023,-0.991546316,-0.117201865,0.949573485,0.0163042189,0.313120234,-0.000193804968,-0.00210565329,0.0163624864
-0.30948314,-0.129144347,0.942094367,0.0565742825,-0.991480201,-0.117329307,0.949220422,0.0169868654,0.314152783,-5.34951687e-05,-0.000301003456,0.0161518492
-0.30999374,-0.129348426,0.941898631,0.0570356078,-0.99144781,-0.117381557,0.949026336,0.0173342193,0.314719916,-0.000579188578,-0.00584828854,0.0133471908
-0.3111142,-0.12974405,0.94147451,0.05797855,-0.99138323,-0.11746269,0.94860226,0.018041,0.31595596,-0.00370729,0.00591981,0.01731351
-0.31216766,-0.13002755,0.94108674,0.05924124,-0.9913259,-0.11731807,0.94817819,0.01912824,0.31716282,-0.002483,0.00535429,0.02201963
-0.31266588,-0.1301527,0.9409039,0.05992274,-0.99129743,-0.11721096,0.94797107,0.01973366,0.31774416,-0.00271982,0.00218213,0.02128567
-0.313570853,-0.130253071,0.940588848,0.0612906505,-0.991258033,-0.116836855,0.947584666,0.0210126671,0.318812999,-0.000830958132,-0.00523144007,0.0173825771
-0.31449873,-0.1306333,0.9402263,0.06273008,-0.99118062,-0.11673005,0.94718292,0.02226902,0.31991969,0.00200075,-0.00295764,0.01050764
-0.314974091,-0.130890863,0.940031345,0.0635587816,-0.991130278,-0.116709435,0.946969708,0.0229867996,0.320499597,-0.000861385604,0.0084861517,0.0117155407
-0.31593355,-0.13134008,0.93964661,0.06514375,-0.99103782,-0.11662032,0.94654226,0.02436784,0.32165811,-0.00159366,0.00670755,0.01244287
-0.31635153,-0.13151611,0.93948131,0.06612152,-0.99099165,-0.11646184,0.94633481,0.02527705,0.32219786,0.00104947,0.00609624,0.00811114
-0.31737554,-0.13176463,0.93910085,0.06833732,-0.9909025,-0.11593784,0.9458342,0.02737979,0.32349309,,,
-0.31865401,-0.13214376,0.93861474,0.07100531,-0.99078009,-0.11538203,0.94520783,0.02987968,0.32509898,-0.00459898,-0.00609559,-0.00127215
-0.32038376,-0.13272629,0.93794346,0.07406934,-0.9906142,-0.11487893,0.9443876,0.03266751,0.3272077,-0.00924449,-0.00594741,-0.00184139
-0.321340101,-0.133062938,0.937568471,0.0756349514,-0.990521722,-0.114655296,0.943938418,0.0340695964,0.328358716,-0.0112281218,-0.000769972801,-0.00390167627
-0.323667226,-0.133871797,0.93665255,0.0790190981,-0.990306326,-0.114234668,0.942865653,0.0370394256,0.331107999,-0.0160162635,-0.00601112843,-0.000928459223
-0.326557051,-0.13493516,0.93549597,0.0824819798,-0.990049316,-0.114011604,0.941571521,0.0399302584,0.33443759,-0.0178920757,-0.000262618065,-0.00154611375
-0.32823761,-0.13565192,0.93480387,0.08443814,-0.98988612,-0.11399631,0.94081344,0.04151521,0.33637239,-0.01544192,0.00246394,-0.00219325
-0.33208693,-0.13727605,0.93320608,0.08870391,-0.98951363,-0.11399316,0.93906864,0.04492339,0.34078143,-0.01391954,-0.00633389,-0.00233057
-0.33648408,-0.13921153,0.93134219,0.09349807,-0.98906421,-0.11405962,0.93703588,0.04869944,0.34582071,-0.00820881,-0.00445485,0.00342258
-0.33899016,-0.14036642,0.93025966,0.09602491,-0.98880523,-0.11420849,0.93587658,0.05061255,0.34867382,-0.0136626,-0.00224298,0.00162607
