0,1,2,3,4,5,6,7,8,9,10,11
-0.01500092,-0.41790151,0.90836847,-0.96920329,0.2294087,0.08953556,-0.24580467,-0.8790506,-0.40847286,-0.02154788,0.05203747,0.02586074
-0.01024535,-0.4180891,0.90834826,-0.96934468,0.22716751,0.093626,-0.24549123,-0.87954332,-0.40759987,-0.02396637,0.0361917,0.00677121
-0.00760987,-0.41795001,0.90843815,-0.96936911,0.22610919,0.09590698,-0.24549053,-0.87988205,-0.40686849,-0.01493116,0.02258539,0.00958322
-0.00199471,-0.41601169,0.90935708,-0.96932616,0.22429781,0.10048527,-0.24576985,-0.88126317,-0.40369843,-0.01097532,0.01093578,-0.00731992
0.0045595,-0.41183159,0.9112485,-0.96913103,0.22281118,0.10554679,-0.24650382,-0.88360049,-0.39810284,0.0096789,-0.00256288,0.00844438
0.00827308,-0.40885292,0.91256278,-0.96900102,0.22206587,0.10827626,-0.2469181,-0.88517005,-0.39434172,0.01322563,-0.01046157,0.01482071
0.00827308,-0.40885292,0.91256278,-0.96900102,0.22206587,0.10827626,-0.2469181,-0.88517005,-0.39434172,0.01322563,-0.01046157,0.01482071
0.0262871827,-0.392903917,0.91920369,-0.968537841,0.217626037,0.120719928,-0.247473964,-0.893456973,-0.374821522,-0.000922320876,-0.0238589626,0.0235996507
0.03090804,-0.38832096,0.92100572,-0.96850907,0.21611885,0.12362377,-0.2470524,-0.89582336,-0.36941256,-0.01293048,-0.01667672,0.0133349
0.03889162,-0.37748897,0.92519696,-0.96855389,0.2134662,0.12781029,-0.24574522,-0.9010739,-0.35731634,-0.02792651,-0.01156634,-0.02884646
0.04411552,-0.36539562,0.92980638,-0.96850704,0.212648,0.12951821,-0.24504686,-0.90623777,-0.34450716,0.01564924,-0.00849461,-0.03461009
0.0456737352,-0.359792552,0.93191372,-0.968433549,0.212896844,0.129658616,-0.245051677,-0.908418524,-0.338711374,0.0411434099,-0.00012671946,-0.0232430622
0.04760562,-0.3498569,0.9355928,-0.96847512,0.21312334,0.12897443,-0.24451927,-0.91223824,-0.32868184,0.07078527,0.00402713,-0.00833043
0.04919382,-0.3427049,0.93815412,-0.96858849,0.21286493,0.12854851,-0.24375426,-0.91500915,-0.32146835,0.09660141,-0.00847512,-0.00228094
0.04963738,-0.34065492,0.9388771,-0.96870149,0.21249243,0.12831317,-0.24321474,-0.91586084,-0.31944532,0.10096744,-0.00363302,-0.0038807
0.05012911,-0.34003815,0.93907456,-0.96893148,0.21145505,0.12829054,-0.2421957,-0.91633003,-0.31887359,0.08596227,0.01047039,0.00314218
0.05139999,-0.34234234,0.93816833,-0.96898845,0.21026119,0.12981395,-0.24170121,-0.91574669,-0.32091835,0.0446216,0.00408745,-0.02159725
0.0524329,-0.34272118,0.93797283,-0.96880096,0.21037458,0.13102394,-0.24223033,-0.91557892,-0.32099807,0.0400318,0.00374699,0.00773164
0.0537114,-0.34194179,0.93818496,-0.9685065,0.21091801,0.13232104,-0.24312625,-0.91574533,-0.31984417,0.02241159,-0.00310522,0.01324412
0.05436534,-0.34107724,0.93846177,-0.9683575,0.2112527,0.13287532,-0.24357325,-0.9159904,-0.31879983,0.02466264,0.00791693,0.00922527
0.05576372,-0.33889511,0.93917007,-0.96808778,0.21182973,0.13391841,-0.2443284,-0.91666689,-0.31626777,0.01718061,0.0016197,0.00602275
0.05672782,-0.33633937,0.9400307,-0.96782083,0.21267906,0.13450057,-0.24516265,-0.91741124,-0.31345142,0.03430928,0.00235367,0.02078604
0.0568011224,-0.335544777,0.94031025,-0.967672353,0.213308689,0.134572088,-0.245731319,-0.917556065,-0.312581238,0.0394754075,-0.000771522464,0.0221650936
0.05616253,-0.33540854,0.94039715,-0.96742183,0.21460127,0.1343176,-0.24686165,-0.91730439,-0.31242897,0.03455495,-0.00484735,0.00383009
0.05501885,-0.33645853,0.94008961,-0.96722535,0.21578439,0.13383623,-0.24788697,-0.91664206,-0.31355899,0.03761598,-0.01229882,-0.01056435
0.05438436,-0.3372827,0.93983118,-0.96715592,0.21625704,0.13357491,-0.24829759,-0.91622771,-0.31444394,0.03804066,-0.0172894,-0.01174577
0.05300756,-0.3390795,0.93926307,-0.96704603,0.217126,0.13295913,-0.24902208,-0.91535854,-0.31639613,0.02528579,-0.01527733,-0.0080944
0.05191125,-0.3406097,0.93877071,-0.96694426,0.21785231,0.13251163,-0.24964818,-0.91461772,-0.31804165,0.01699971,-0.02542448,-0.00302973
0.05137182,-0.34118917,0.93858979,-0.96688871,0.21825209,0.13225801,-0.24997415,-0.91430624,-0.31867993,0.00733426,-0.01425135,-0.00763795
0.0503053592,-0.341886035,0.938393982,-0.96681479,0.218971875,0.131607154,-0.250476522,-0.913873744,-0.319525007,-0.00564394891,-0.0149748912,0.000519355875
0.04924658,-0.34171256,0.93851341,-0.9667389,0.21981234,0.13076138,-0.25097967,-0.91373693,-0.31952184,-0.00980317,-0.00964034,-0.00390343
0.0487643318,-0.341340022,0.938674041,-0.966699508,0.220251318,0.130312536,-0.251225053,-0.913770368,-0.319232808,-0.0103089418,-0.00692379428,-0.000356013421
0.0477580073,-0.339924471,0.939239221,-0.966631978,0.221197676,0.129205395,-0.251677531,-0.914069346,-0.318017857,-0.00517066056,-0.00159895408,-0.000232927734
0.04698638,-0.33840449,0.93982699,-0.96657651,0.22199145,0.12825646,-0.25203614,-0.91444096,-0.31666327,0.00201044,0.005795,0.00844391
0.04676409,-0.33788705,0.94002412,-0.96655831,0.22223767,0.12796626,-0.25214687,-0.9145724,-0.31619476,0.0119792,0.00873828,0.01048591
0.04626173,-0.33780399,0.9400789,-0.96650432,0.22269232,0.12758347,-0.25244656,-0.91449254,-0.31618689,0.02252219,0.01469278,0.00545369
0.04626745,-0.33805421,0.93998869,-0.96650077,0.22266845,0.12765215,-0.25245919,-0.91440591,-0.31642737,0.02651643,0.01460469,0.00165547
0.0466314,-0.33880182,0.93970136,-0.96646985,0.22249897,0.12817983,-0.25251007,-0.91417032,-0.31706626,0.03558871,0.01352477,0.00194369
0.0472864,-0.3395755,0.93938927,-0.96645667,0.22211627,0.1289405,-0.25243858,-0.91397627,-0.31768187,0.03643789,-0.00448596,0.00154453
0.05253243,-0.33522462,0.94067252,-0.96631208,0.22059898,0.13257848,-0.25195497,-0.91594789,-0.31234301,0.01521157,-0.01142836,0.00664131
0.05448922,-0.33270006,0.94145715,-0.96594467,0.22128386,0.13410563,-0.25294621,-0.91670284,-0.30931226,0.02046044,0.00254273,0.01258916
0.055507539,-0.332163827,0.941586991,-0.965336348,0.2230296,0.135585753,-0.255038437,-0.916474197,-0.308269982,-0.000958239136,0.015424489,0.00021370803
0.05552574,-0.33244097,0.94148808,-0.96519553,0.22348562,0.13583699,-0.25556679,-0.91626257,-0.30846132,-0.00835625,0.01779127,-0.00576233
0.0550667,-0.33328296,0.94121743,-0.96489015,0.22469312,0.13601511,-0.25681664,-0.91566128,-0.30920837,-0.0173837,0.0233196,-0.00790737
0.05403034,-0.3345994,0.9408102,-0.96462157,0.22598971,0.13577101,-0.25804227,-0.91486162,-0.31055146,-0.03283718,0.01090622,-0.01830591
0.05325513,-0.33508374,0.94068202,-0.96449677,0.22675727,0.1353773,-0.25866917,-0.91449436,-0.31111117,-0.03520762,0.01077294,-0.0244457
0.05160144,-0.33519741,0.94073368,-0.96431165,0.22822993,0.13421638,-0.25969252,-0.91408626,-0.31145775,-0.04191019,-0.00890916,-0.03312304
0.04950429,-0.33454932,0.94107713,-0.96416321,0.22988748,0.13244288,-0.26065055,-0.9139084,-0.31117974,-0.04091665,-0.02238822,-0.0262656
0.04833422,-0.33407032,0.94130795,-0.96405959,0.23089168,0.13144584,-0.26125227,-0.91383036,-0.31090369,-0.03669875,-0.03190547,-0.02388456
0.04573028,-0.33341022,0.94167206,-0.963867,0.23291332,0.1292738,-0.26242914,-0.91355839,-0.3107119,-0.03228672,-0.03487223,-0.0162708
0.0429402,-0.33419053,0.94152674,-0.96360579,0.23503273,0.12737077,-0.26385562,-0.91273004,-0.31193553,-0.04197953,-0.02791554,-0.01113914
0.04139483,-0.33533002,0.94119082,-0.96348136,0.23602849,0.12646801,-0.26455634,-0.91205497,-0.31331385,-0.04478768,-0.01626783,-0.01826468
0.03839135,-0.33869362,0.94011321,-0.96322812,0.2378283,0.12501753,-0.2659282,-0.91034302,-0.31710869,-0.05653825,-0.00460732,-0.02665719
0.0351388566,-0.34296541,0.938690546,-0.963034866,0.23939048,0.123515218,-0.267075012,-0.908331927,-0.32187573,-0.0708673447,0.000763177813,-0.0338638984
0.03350333,-0.34507133,0.93797828,-0.96296574,0.24007777,0.12271764,-0.26753406,-0.90735242,-0.32424845,-0.07375831,0.00395107,-0.03627406
0.03034922,-0.34919456,0.93655863,-0.96290821,0.24112464,0.12110605,-0.26811693,-0.90549548,-0.32892436,-0.07369734,0.00352573,-0.03448918
0.02752255,-0.35279098,0.93529718,-0.96297899,0.2416492,0.11948624,-0.2681674,-0.90396018,-0.33307946,-0.06508677,0.00432634,-0.03166847
0.02621104,-0.35444803,0.93470827,-0.96305984,0.24172883,0.11867136,-0.26800876,-0.90329051,-0.3350187,-0.0638046,-0.00292629,-0.02551031
0.02414617,-0.35748336,0.93360734,-0.96329862,0.24141992,0.11735513,-0.26734393,-0.90217632,-0.33853387,-0.05154312,-0.00120282,-0.02926487
0.02277511,-0.35984444,0.93273432,-0.96360964,0.24065339,0.11637195,-0.26634149,-0.90144215,-0.34126867,-0.05768151,-0.01218939,-0.02597571
0.0222094,-0.36078704,0.93238363,-0.96379349,0.2401515,0.11588434,-0.26572282,-0.90119909,-0.34239053,-0.05686793,-0.01304102,-0.0286419
0.02150725,-0.3620991,0.93189148,-0.964194,0.23892327,0.11508968,-0.26432444,-0.90099942,-0.3439952,-0.04333228,-0.00714666,-0.01891085
0.02126262,-0.36312621,0.93149721,-0.96465593,0.23731992,0.11453395,-0.26265306,-0.90100969,-0.34524577,-0.03341156,0.00401127,-0.00531309
0.02123505,-0.36379407,0.93123736,-0.9648952,0.23642767,0.11436464,-0.26177548,-0.90097497,-0.34600261,-0.02331306,0.01318347,-0.00473119
0.02142478,-0.36573445,0.93047257,-0.96537083,0.23446621,0.11438828,-0.26000008,-0.90070186,-0.34804596,-0.01951099,0.00935757,-0.00204928
0.02210227,-0.36818808,0.92948841,-0.96579195,0.23240994,0.1150273,-0.25837392,-0.90023492,-0.35045623,-0.00989258,0.01116753,0.00222983
0.02248122,-0.36947811,0.92896744,-0.96601495,0.2313082,0.11537595,-0.25750667,-0.89999024,-0.35172129,-0.005743,0.00889444,-0.00176002
0.02353564,-0.37213375,0.92788062,-0.9664239,0.22908193,0.1163883,-0.25587265,-0.89946532,-0.35424734,0.01049285,0.00334644,0.00388143
0.02488503,-0.37436893,0.92694571,-0.96679943,0.22687586,0.11758391,-0.25432126,-0.89909678,-0.3562938,0.01314782,0.013116,0.0095161
0.0256397,-0.3752477,0.92656987,-0.96698195,0.22577827,0.11819495,-0.25355171,-0.89900684,-0.35706886,0.01169958,0.01637912,0.00962003
0.02730965,-0.37665596,0.92595051,-0.96730059,0.22370275,0.11952641,-0.25215797,-0.89893675,-0.35823027,0.01268452,0.01829195,0.01636226
0.0290052,-0.37795146,0.92537087,-0.96753521,0.22190938,0.1209617,-0.25106608,-0.89883747,-0.35924479,0.02584556,0.01416683,0.02718743
0.02983915,-0.37876559,0.92501149,-0.96761679,0.22111857,0.12175521,-0.25065391,-0.89868972,-0.35990196,0.030245,0.01190519,0.02775023
0.03142526,-0.38067761,0.92417357,-0.96772464,0.21972304,0.12341241,-0.25004249,-0.8982239,-0.36148621,0.03387071,0.0030129,0.02645115
0.03292845,-0.38226265,0.92346681,-0.96775088,0.21868947,0.12503246,-0.2497477,-0.89780296,-0.3627339,0.02969175,-0.00264311,0.02220943
0.033518235,-0.382858871,0.923198624,-0.967728728,0.218400446,0.125707691,-0.249755326,-0.897619296,-0.363183148,0.027010031,0.00086116785,0.0225876961
0.03434826,-0.38377824,0.92278622,-0.96762676,0.21823303,0.12677838,-0.25003719,-0.89726728,-0.36385816,0.02323041,-0.00712526,0.02521173
0.03469458,-0.38428856,0.9225609,-0.96746959,0.21855511,0.12742161,-0.25059707,-0.89697045,-0.36420482,0.02021735,-0.00166666,0.02180228
0.03480065,-0.38439685,0.92251179,-0.96737038,0.21884253,0.12768131,-0.25096511,-0.89685396,-0.36423826,0.01968374,0.00099683,0.01907664
0.03469107,-0.38441935,0.92250643,-0.96715628,0.21965705,0.1279037,-0.25180364,-0.89664508,-0.36417342,0.02754623,0.00285768,0.02580543
0.0343650425,-0.384669572,0.922414374,-0.966912356,0.220649907,0.128039233,-0.252783413,-0.896293964,-0.364359102,0.0261503048,6.38961719e-05,0.0248606894
0.03406769,-0.38481986,0.92236264,-0.96680095,0.22116965,0.12798327,-0.25324905,-0.89610127,-0.36450942,0.02276562,-0.00290191,0.02035957
0.03317649,-0.3851314,0.92226514,-0.96656831,0.22238397,0.12763608,-0.2542536,-0.89566683,-0.36487787,0.02061815,0.0013001,0.01061147
0.03223229,-0.38514709,0.92229215,-0.96635306,0.22359721,0.12714583,-0.2551918,-0.89535804,-0.36498102,0.01208944,0.00322914,0.01193896
0.03174695,-0.38503158,0.92235728,-0.96623596,0.22425791,0.12687221,-0.25569577,-0.89524253,-0.36491188,0.00977947,0.00295246,0.01082776
0.03066789,-0.38490831,0.92244521,-0.96601909,0.22554986,0.12623172,-0.25664506,-0.89497091,-0.36491166,0.00819387,0.00227284,0.00664643
0.02958782,-0.38486219,0.92249964,-0.96582208,0.22675484,0.12557825,-0.25751156,-0.89468613,-0.36499921,0.00859552,0.00154257,0.00485536
0.02907406,-0.38490256,0.92249911,-0.96572577,0.22732612,0.12528565,-0.25793088,-0.89452377,-0.365101,0.00576795,-0.00514197,0.00364587
0.0280182107,-0.385257898,0.922383481,-0.965588399,0.228249156,0.124664871,-0.258561362,-0.894135693,-0.365605415,0.00109277072,-0.00577735854,0.0007071445
0.02701432,-0.38577934,0.92219546,-0.96546661,0.22906699,0.12410676,-0.25912234,-0.89370161,-0.36626896,-0.00845911,-0.00809431,-0.00358238
0.02660745,-0.38590697,0.92215383,-0.96540501,0.22945061,0.12387677,-0.25939361,-0.89354804,-0.36645139,-0.0084594,-0.00871515,-0.00424789
0.02579517,-0.38603429,0.92212371,-0.96531722,0.23011059,0.12333607,-0.25980239,-0.89332337,-0.36670981,-0.0117395,-0.01011348,-0.0081665
0.02503973,-0.38575792,0.92226011,-0.96522855,0.23079826,0.12274327,-0.26020517,-0.89326529,-0.3665654,-0.00828349,-0.00467539,-0.00686754
0.02471718,-0.38552145,0.92236769,-0.96519816,0.23108114,0.12244969,-0.26034872,-0.89329425,-0.3663929,-0.01275144,-0.00594437,-0.00117159
0.0242332162,-0.385186229,0.922520597,-0.965157905,0.231483639,0.122006103,-0.260543472,-0.893334674,-0.366155927,-0.00864823908,-0.000707149447,0.000332679134
0.0239890774,-0.385205195,0.922519125,-0.965118469,0.231727035,0.121856332,-0.260712332,-0.893263445,-0.366209741,-0.00704753771,-0.000512361468,-0.00519901048
0.02379575,-0.38571611,0.92231056,-0.96511594,0.23175554,0.1218217,-0.26073915,-0.89303549,-0.36674595,-0.00943001,-0.00563294,-0.00584422
0.02384879,-0.38592286,0.92222265,-0.96514434,0.23160684,0.12187923,-0.26062899,-0.89298471,-0.36694769,-0.00549224,-0.00407982,-0.00461171
0.02392946,-0.38601159,0.92218342,-0.96516038,0.23150359,0.12194832,-0.26056217,-0.89297313,-0.36702331,-0.00805164,-0.00243902,-0.00539456
0.02411842,-0.38614984,0.92212067,-0.96520237,0.23125576,0.12208649,-0.26038937,-0.89297761,-0.36713521,-0.00950459,0.00138748,-0.01339088
0.02433935,-0.38575742,0.92227912,-0.96525916,0.23101252,0.12209812,-0.26015826,-0.89321017,-0.36673318,-0.00935504,0.00619805,-0.01606457
0.02453246,-0.38532528,0.92245473,-0.96528386,0.23089726,0.12212137,-0.26004877,-0.89342654,-0.36628383,-0.00327338,0.00486898,-0.01284219
0.02489261,-0.38425386,0.92289183,-0.9653257,0.23073121,0.12210406,-0.2598589,-0.89393069,-0.36518663,-0.00541984,-0.00263667,-0.00325701
0.02525011,-0.38330953,0.92327463,-0.96533162,0.23067278,0.12216698,-0.25980203,-0.894351,-0.36419625,-0.0017824,-0.00464112,-0.00208612
0.02549551,-0.38288652,0.92344342,-0.96532897,0.23062613,0.12227613,-0.25978801,-0.89454423,-0.36373149,,,
0.02579714,-0.38205981,0.92377754,-0.96532651,0.23060684,0.12233288,-0.25976795,-0.89490273,-0.36286349,,,
0.02612296,-0.38156735,0.92397176,-0.96529513,0.23063116,0.12253361,-0.25985146,-0.89510643,-0.36230031,,,
0.02617623,-0.38153759,0.92398249,-0.96525669,0.23074304,0.12262545,-0.25998868,-0.89509024,-0.36224169,0.00425853,-0.00374603,0.00156547
0.02638752,-0.38186227,0.92384253,-0.96515603,0.2309499,0.12302876,-0.26034141,-0.89489856,-0.3624625,0.0025774,-0.00435966,-0.00172746
0.0264357377,-0.382413231,0.923613175,-0.965065178,0.231166281,0.123334394,-0.260672936,-0.894607339,-0.362942646,0.00203657639,0.00503790332,-0.000843693735
0.026459705,-0.382747869,0.923473887,-0.965036456,0.231209167,0.123478794,-0.260776895,-0.894453153,-0.363247933,0.00309191784,0.00528955413,-0.000245331496
0.02639918,-0.38336746,0.92321855,-0.96495315,0.23143946,0.12369805,-0.26109101,-0.89412816,-0.36382182,-0.00498552,0.00490725,0.00170986
0.026312673,-0.383859031,0.923016616,-0.96488472,0.231647182,0.123842202,-0.261352073,-0.893863333,-0.364284416,-0.00487993937,0.00259590126,-0.000620451639
0.0263106168,-0.383986774,0.922963607,-0.964848696,0.231754286,0.123922852,-0.261485477,-0.893780755,-0.364391523,-0.00709017273,0.000225901589,0.00128739222
0.02636142,-0.38404552,0.92293772,-0.96476274,0.23201669,0.12410094,-0.26179733,-0.89368743,-0.36439651,,,
0.02624893,-0.38425151,0.92285517,-0.96466456,0.23237546,0.12419279,-0.26217012,-0.89350564,-0.36457418,-0.00610495,-0.00458646,0.00411987
0.02608556,-0.3843594,0.92281498,-0.9646413,0.23251529,0.12411232,-0.26227236,-0.89342295,-0.36470367,-0.0009774,-0.00704205,-0.00255316
0.02581395,-0.38445712,0.92278187,-0.96460314,0.23275633,0.12395676,-0.26243938,-0.8933181,-0.36484019,-0.00259296,-0.00612396,-0.00173575
0.02562515,-0.38435821,0.92282831,-0.96457232,0.23296072,0.12381247,-0.26257107,-0.89330737,-0.36477163,-0.00130879,0.00386238,0.00304829
0.02546396,-0.38422004,0.92289018,-0.96455131,0.23312396,0.12366803,-0.26266345,-0.89332411,-0.36466364,-0.00673516,0.00535881,-0.0015598
0.02535573,-0.38405227,0.92296312,-0.96449172,0.23339858,0.12361559,-0.26289313,-0.89332466,-0.36449723,-0.00388971,0.00775206,-0.00390584
0.0255169288,-0.383796294,0.923065111,-0.964400312,0.233669852,0.123815853,-0.263212522,-0.893363718,-0.364170711,-0.000721036573,0.00162374962,-0.00614466565
0.02559752,-0.3836486,0.92312432,-0.96434899,0.23382719,0.12391876,-0.26339282,-0.89338603,-0.36398574,,,
0.02581165,-0.38348122,0.92318775,-0.96425216,0.23408009,0.12419365,-0.26372571,-0.89339154,-0.36373054,0.00438194,-0.00493491,-0.00779851
0.0260509208,-0.38336316,0.923230197,-0.964117702,0.234442227,0.124554677,-0.264193804,-0.893347356,-0.363499765,0.00311860535,-0.000585198344,-0.00689300895
0.02607619,-0.38337286,0.92322551,-0.96406874,0.23459501,0.12464631,-0.26437014,-0.89330313,-0.36348046,,,
0.02631563,-0.38329419,0.92325126,-0.96394501,0.23491381,0.12500151,-0.26479677,-0.89325301,-0.36329259,,,
0.02666049,-0.38343244,0.92318401,-0.96382212,0.23515167,0.1255012,-0.26520946,-0.89313112,-0.36329139,-0.00446862,-0.0029881,0.00639528
0.0267938541,-0.383452375,0.923171894,-0.963787795,0.235203511,0.125667735,-0.265320856,-0.893108935,-0.363264706,0.000308153336,-0.00637030555,0.00484343292
0.0270052029,-0.383610197,0.923100178,-0.963710226,0.235346064,0.125995363,-0.265581101,-0.893003611,-0.363333502,0.0005828758,-0.00598382903,-0.00345887081
0.0271662,-0.38363025,0.92308704,-0.96369709,0.23531341,0.12615629,-0.26561208,-0.89300354,-0.36331076,-0.00198673,-0.0034644,-0.00765833
0.0271939,-0.38351227,0.92313537,-0.96368456,0.23535914,0.12616731,-0.26565508,-0.89304226,-0.36318453,,,
0.02708828,-0.38321662,0.92326106,-0.96366087,0.23552728,0.12603336,-0.26575115,-0.89312469,-0.36291078,,,
0.0268465712,-0.382989546,0.923362597,-0.963623964,0.235793535,0.125819054,-0.265910386,-0.893152051,-0.362727699,0.00298373378,0.000719785632,0.00640840735
0.0266855367,-0.382890617,0.923408287,-0.96361428,0.235913172,0.125668838,-0.265961667,-0.89316287,-0.362663436,0.00342142605,0.000951290072,0.00712335063
0.02641371,-0.38302743,0.92335929,-0.96358692,0.23611041,0.12550772,-0.26608767,-0.89305203,-0.36284369,,,
0.02614184,-0.38316423,0.92331024,-0.9635595,0.23630766,0.12534668,-0.26621365,-0.89294114,-0.36302402,-0.00438135,0.00353146,-0.00143411
0.02606131,-0.38311472,0.92333302,-0.96355457,0.23636751,0.12527151,-0.26623927,-0.89294651,-0.36299188,-0.00934716,0.00315142,0.00202276
0.02590277,-0.38261195,0.92354588,-0.96350185,0.23668435,0.12507826,-0.26644524,-0.8930781,-0.36251651,-0.00336224,-0.00173652,-0.00450787
0.02577185,-0.38195145,0.92382296,-0.96342511,0.23709034,0.1249008,-0.26673553,-0.89325317,-0.36187135,,,
0.0256937792,-0.381497946,0.92401249,-0.963377195,0.237347305,0.124782151,-0.266915987,-0.893378712,-0.36142806,-0.000393828726,-0.000845789851,0.00509145949
0.025590406,-0.380718952,0.924336654,-0.963287564,0.237799036,0.12461428,-0.267249397,-0.893590918,-0.360656465,-0.00225448539,-0.000395417184,0.00496294489
0.02543392,-0.37992973,0.92466564,-0.96322575,0.23818234,0.12435974,-0.26748699,-0.8938247,-0.3599002,-0.00911505,0.00598216,0.00740883
0.0253281,-0.37959394,0.92480647,-0.96319038,0.23839323,0.12422973,-0.26762448,-0.89391117,-0.35958319,-0.01208386,0.00516939,0.00497278
0.0253004679,-0.379238245,0.924953045,-0.963065737,0.238869187,0.124281199,-0.26807493,-0.893935,-0.359187838,-0.00643784599,0.000734806003,0.00178070529
0.0252174333,-0.379000625,0.925052777,-0.962932055,0.239383807,0.124327296,-0.268562789,-0.893898173,-0.358915212,-0.00972367078,6.07967331e-06,-0.00249365252
0.02527039,-0.37889211,0.92509575,-0.96286953,0.23958266,0.12442824,-0.26878177,-0.89389087,-0.35876931,-0.00811261,0.00151587,-0.00871219
0.0252703863,-0.378497074,0.925257488,-0.962754713,0.240017455,0.124478992,-0.269192897,-0.893941621,-0.358334517,-0.00481206039,-0.000871419848,-0.00473335898
0.02524273,-0.37810174,0.92541979,-0.96261785,0.24053692,0.12453426,-0.26968421,-0.89396923,-0.35789565,-0.00467654,-0.00301635,-0.00385299
0.025323332,-0.377914511,0.925494166,-0.962553965,0.240738078,0.124639959,-0.269904969,-0.893994339,-0.35766684,-0.00999576878,-0.000699877681,-0.000876231352
0.02556274,-0.37775727,0.92555169,-0.96240509,0.2411449,0.1250021,-0.2704125,-0.89395108,-0.35739118,-0.01017567,0.00123203,-0.00359415
0.02574913,-0.37762962,0.92559856,-0.96229585,0.2414397,0.12527349,-0.27078316,-0.8939254,-0.35717453,-0.01374927,-0.00416017,-0.0034211
0.02591026,-0.37753173,0.92563406,-0.96224832,0.24153793,0.12544948,-0.27093689,-0.89394027,-0.35702095,-0.01270478,-0.00224906,-0.00243028
0.02645389,-0.37670578,0.92595517,-0.96214298,0.24175418,0.12584047,-0.27125837,-0.89423022,-0.35604949,-0.00385128,-0.00517654,-0.00720529
0.02661734,-0.37644015,0.92605838,-0.962121,0.24178925,0.12594038,-0.2713199,-0.89433249,-0.35574515,-0.00810703,-0.00284433,-0.00796789
0.02697413,-0.37570188,0.92634787,-0.96211351,0.24175446,0.12606463,-0.27131141,-0.89465233,-0.35494672,-0.01185152,-0.00351685,-0.0040768
0.02733038,-0.37492388,0.92665263,-0.9620944,0.24176352,0.12619324,-0.27134365,-0.89497623,-0.35410467,-0.00567197,-0.00576031,-0.00174417
0.0275211112,-0.374618823,0.926770396,-0.962082839,0.241757596,0.126292945,-0.27136551,-0.895105599,-0.353760911,-0.00344668864,0.000181198106,-0.00464919955
0.02787483,-0.37412682,0.92695847,-0.96207235,0.24170001,0.12648246,-0.27136632,-0.89532684,-0.3531997,,,
0.02822851,-0.37371374,0.92711444,-0.96208506,0.24155521,0.12666259,-0.27128487,-0.89553845,-0.35272566,-0.00444301,0.00166106,-0.00365371
0.02841895,-0.37344801,0.92721573,-0.96208498,0.24150595,0.12675735,-0.27126541,-0.89566261,-0.35242538,-0.00612797,0.00142741,-0.00504182
0.02885468,-0.37275848,0.92747961,-0.96208208,0.24141283,0.12695609,-0.2712294,-0.89597482,-0.35165834,-0.00233203,0.00489294,-0.00803123
0.02950733,-0.37156561,0.92793757,-0.9620314,0.24144818,0.12727223,-0.27133876,-0.89646061,-0.35033325,,,
0.03004658,-0.37114316,0.92808944,-0.96196854,0.24146939,0.1277071,-0.27150282,-0.89662999,-0.34977272,,,
0.03069208,-0.37089909,0.92816578,-0.96189426,0.24145416,0.12829342,-0.27169335,-0.89673499,-0.34935494,,,
0.0310412,-0.37074273,0.92821675,-0.96183124,0.24152452,0.12863364,-0.27187711,-0.89678079,-0.34909475,,,
0.03133718,-0.37053648,0.92828899,-0.96178493,0.24157014,0.12889306,-0.2720064,-0.89685361,-0.34880623,0.00375391,-0.00441158,-0.00644874
0.0314176,-0.37046779,0.92831378,-0.96175504,0.24164158,0.12898269,-0.27210311,-0.89686281,-0.34870745,,,
0.03166059,-0.37025128,0.92839189,-0.96173747,0.24161822,0.12915728,-0.27213701,-0.8969585,-0.34843474,,,
0.03176833,-0.37022203,0.92839982,-0.96174085,0.24156162,0.12923763,-0.27211231,-0.89698577,-0.3483836,-0.00176851,0.00332892,0.00412038
0.03168792,-0.37029075,0.92837517,-0.96177086,0.24149004,0.12914814,-0.27201566,-0.89697669,-0.3484825,,,
0.03160736,-0.37039905,0.92833477,-0.96181246,0.24137483,0.12905399,-0.2718781,-0.89696303,-0.34862519,0.00472617,0.00388074,-0.00409692
0.0315012705,-0.370259923,0.928393851,-0.961835085,0.241368077,0.128897743,-0.271810267,-0.897022268,-0.34852556,0.000163076504,-0.00524467183,-0.00211881753
0.03144816,-0.37017064,0.92843123,-0.96184059,0.24138658,0.12882185,-0.27179685,-0.89705412,-0.34845395,0.0049812,-0.00468981,-0.00749874
0.0312887877,-0.369823743,0.928574887,-0.961834045,0.241529264,0.128603322,-0.27183854,-0.897158817,-0.348151891,0.00728147523,0.000466108293,-0.00771822035
0.0310502629,-0.36925861,0.928807711,-0.961848676,0.241667873,0.128232638,-0.271813923,-0.897354202,-0.347667016,0.00218535447,0.00453472091,-0.000176725502
0.0309164706,-0.369079983,0.928883262,-0.961837871,0.241789306,0.128085211,-0.271867719,-0.897395052,-0.347519829,0.000670441485,0.00327885128,0.00470461464
0.03059458,-0.36888066,0.92897312,-0.96181862,0.24202665,0.12778132,-0.27197232,-0.89741305,-0.34739159,0.00103521,0.00641525,0.01399805
0.03037624,-0.36919662,0.9288548,-0.96173618,0.24235413,0.12778136,-0.27228827,-0.89719475,-0.34770796,,,
0.03037328,-0.36949368,0.92873674,-0.96167236,0.24252471,0.1279378,-0.27251383,-0.89702633,-0.3479656,0.00504567,0.00177968,-0.00225171
0.0302606283,-0.369909136,0.928575043,-0.961555554,0.242902671,0.128098694,-0.272938264,-0.896752803,-0.348337813,0.00310951471,-0.000525832118,-0.00598932151
0.03004161,-0.37006663,0.92851935,-0.96142614,0.24340478,0.12811663,-0.27341773,-0.89655161,-0.34847946,,,
0.02985153,-0.37013496,0.92849819,-0.96136806,0.24367157,0.12804506,-0.27364253,-0.89645089,-0.34856194,-0.00705027,0.00135827,-0.00319161
0.0294986116,-0.37019253,0.928486603,-0.961250529,0.244207684,0.127906477,-0.274093601,-0.896281282,-0.348643987,-0.00870896503,0.00223767734,-0.000117112417
0.02925348,-0.37022091,0.9284829,-0.96113621,0.2446873,0.1278481,-0.27451994,-0.89613862,-0.34867473,-0.00791116,-0.00133967,-0.00260282
0.02911807,-0.37017069,0.92850725,-0.96108702,0.24491569,0.12778097,-0.27470674,-0.89609704,-0.34863476,-0.00798715,-0.00430584,0.00114025
0.0290080568,-0.370130624,0.928526723,-0.960986742,0.245297551,0.127803008,-0.275069146,-0.896009179,-0.348575022,-0.00449157786,-0.00785624888,-0.000889027258
0.0288451076,-0.369961393,0.928599113,-0.960879838,0.245741558,0.127753109,-0.275459038,-0.895957302,-0.34839996,-0.00441856356,-0.00282931305,-0.000576577149
0.02870962,-0.36995062,0.9286077,-0.96084217,0.2459263,0.12768145,-0.27560487,-0.89591114,-0.3484037,-0.00279325,-0.00554812,-0.00532243
0.0284640586,-0.370176426,0.928525248,-0.960785911,0.246187684,0.127600938,-0.275826315,-0.895746047,-0.348652779,-0.00554485805,0.000693440379,-0.00439176103
0.0281907,-0.37052072,0.92839629,-0.96074262,0.24640289,0.12751168,-0.27600524,-0.89554453,-0.34902877,-0.01004965,0.006078,-0.00425632
0.0280805,-0.37075729,0.92830513,-0.96072409,0.24647953,0.12750294,-0.27608082,-0.89542549,-0.34927417,,,
0.02796796,-0.37116197,0.92814683,-0.96067925,0.24661945,0.12757029,-0.27624828,-0.8952193,-0.34967015,-0.0088715,-0.00149715,-0.00368932
0.02799095,-0.3714588,0.9280274,-0.960637,0.2467053,0.12772251,-0.27639292,-0.89507254,-0.34993155,-0.00989063,-0.00540686,-0.0012662
0.02804382,-0.37154821,0.92799004,-0.96063165,0.24668679,0.12779862,-0.27640625,-0.89504055,-0.35000294,-0.00705313,-0.00554836,-0.00332765
0.028071431,-0.371508856,0.928004916,-0.960642126,0.246645897,0.127798575,-0.276366893,-0.89506812,-0.349963346,-0.00724244863,-0.00259923912,0.000903835054
0.0281266414,-0.371351113,0.92806649,-0.960639692,0.246651091,0.127807481,-0.276370118,-0.895132236,-0.349797185,-0.00454184553,-0.00331330276,0.000456091715
0.0281266414,-0.371351113,0.92806649,-0.960639692,0.246651091,0.127807481,-0.276370118,-0.895132236,-0.349797185,-0.00454184553,-0.00331330276,0.000456091715
0.02802086,-0.37113266,0.92815695,-0.96063854,0.24673181,0.12765957,-0.27638446,-0.89520049,-0.34961069,-0.007191,-0.00267792,0.0051028
0.0280461557,-0.37130102,0.928088862,-0.960634462,0.246710611,0.127731287,-0.276396117,-0.895136528,-0.349765266,-0.000856174738,0.000114679329,0.00635686982
0.0279909454,-0.371458801,0.928027401,-0.960637003,0.246705298,0.127722507,-0.276392924,-0.895072538,-0.349931554,0.000769464183,-0.00337654329,0.00712999562
0.02806667,-0.37192407,0.92783867,-0.96061284,0.24668551,0.12794184,-0.27646896,-0.8948847,-0.35035137,,,
0.02808945,-0.37226041,0.92770317,-0.96058238,0.24672765,0.12808964,-0.27657273,-0.89473328,-0.35065635,,,
0.02811461,-0.37238908,0.92765066,-0.96056638,0.24675018,0.12816557,-0.27662535,-0.89467344,-0.3507671,-0.0019067,-0.00315398,-0.0070372
0.02822276,-0.37228125,0.92769069,-0.96054669,0.24678053,0.12825499,-0.27668289,-0.89470998,-0.35062867,-0.00357921,0.00395715,-0.00134262
0.02835852,-0.37205497,0.92777728,-0.96051383,0.24685724,0.12835307,-0.27678286,-0.8947829,-0.35036339,-0.00470758,0.00291777,0.00589678
0.028386168,-0.371936589,0.927824054,-0.960500895,0.246903372,0.128362041,-0.276825452,-0.894819511,-0.3502368,-0.00880668405,-0.000158786759,0.00576697057
0.02859988,-0.37188888,0.92783654,-0.96043484,0.24702763,0.12861651,-0.27703229,-0.89480498,-0.35011006,-0.00239474,0.00254226,0.00644536
0.02878336,-0.37216722,0.92771931,-0.96036724,0.24712514,0.12893393,-0.27724777,-0.89466237,-0.35030412,-0.00308496,-0.00384623,0.00172781
0.0288612,-0.37238533,0.92762938,-0.96034585,0.24712893,0.12908601,-0.27731382,-0.89457058,-0.35048628,-0.00469956,-0.0025332,-0.00232442
0.02891135,-0.37256374,0.9275561,-0.96029018,0.24726092,0.12924683,-0.27750103,-0.89445975,-0.35062064,-0.00164905,-0.00576729,-0.00206565
0.02896411,-0.3724951,0.92758202,-0.96023742,0.2474168,0.12934049,-0.27767805,-0.89444522,-0.35051752,-0.00498868,-0.00294143,-0.00767422
0.02901949,-0.37225831,0.92767529,-0.96021112,0.24750955,0.12935798,-0.27776302,-0.8945181,-0.35026394,-0.00228492,-0.00152898,-0.0042884
0.0291050555,-0.371576942,0.927945819,-0.960151054,0.247759678,0.129325453,-0.277961904,-0.894732192,-0.349558928,-0.000313506112,-0.000485420198,0.00498806499
0.02910761,-0.37117166,0.92810794,-0.96010659,0.24795812,0.12927531,-0.27811523,-0.89484545,-0.34914689,0.00241533,-0.00311601,0.00390223
0.02916038,-0.37118202,0.92810214,-0.96007743,0.24802685,0.12936004,-0.27821037,-0.8948221,-0.34913092,0.00493755,-0.00116265,0.00295504
0.02923302,-0.37173658,0.92787781,-0.96000264,0.24815714,0.12966447,-0.27846049,-0.89455568,-0.34961369,0.00149956,-0.0068959,-0.00330618
0.0292775,-0.37240931,0.92760666,-0.95994107,0.24824082,0.12996011,-0.27866819,-0.89425265,-0.35022312,-0.00468196,-0.00382268,-0.01278207
0.029302461,-0.372538069,0.927554132,-0.959924963,0.248263158,0.130036166,-0.278720912,-0.894192779,-0.350333854,-0.00948341563,-0.000599741878,-0.0120612197
0.02919434,-0.37252734,0.92756192,-0.95990936,0.24836345,0.1299602,-0.27878622,-0.89416946,-0.35034168,-0.00686739,0.00307727,-0.00871281
0.0290640521,-0.372140698,0.927721157,-0.959912597,0.248465605,0.129740587,-0.278788539,-0.894302027,-0.35000112,-0.000688665605,0.00613415195,-0.000241220099
0.02914445,-0.37219076,0.92769844,-0.9599176,0.24840625,0.12981655,-0.27876253,-0.89429759,-0.35003275,,,
0.0292775033,-0.372448814,0.927590802,-0.959952936,0.248197202,0.129955763,-0.278627307,-0.894248299,-0.350266736,0.000502188923,-0.00950449612,-0.00795946643
0.02935789,-0.37249886,0.92756807,-0.95995794,0.24813781,0.13003171,-0.27860131,-0.89424386,-0.3502984,-0.00189654,-0.00905359,-0.00761112
0.0293856146,-0.372617561,0.927519537,-0.960015965,0.2479224,0.130014294,-0.278398429,-0.894254171,-0.350433426,-0.000120519311,-0.00745010329,-0.00573603436
0.02952144,-0.37258894,0.92752671,-0.96004212,0.24778116,0.1300903,-0.27829379,-0.89430523,-0.35038618,-0.00466577,-0.00401938,-0.00240818
0.02952144,-0.37262844,0.92751085,-0.96005398,0.24773752,0.13008594,-0.27825291,-0.89430087,-0.35042982,-0.0044226,0.00185072,0.00213181
0.0294687709,-0.372736632,0.927469184,-0.960118833,0.247537835,0.129988151,-0.278035091,-0.894311185,-0.350576842,-0.00453712139,0.00541424705,0.000629665039
0.02952144,-0.37298396,0.92736792,-0.96016056,0.24734487,0.1300464,-0.27788485,-0.89426133,-0.35082247,,,
0.02952144,-0.37310246,0.92732035,-0.96019614,0.24721391,0.13003325,-0.27776222,-0.89424819,-0.35095343,,,
0.02962953,-0.37319209,0.92728078,-0.96023529,0.24702633,0.13010031,-0.27761514,-0.89426258,-0.35103292,,,
0.02971265,-0.37303456,0.92734146,-0.96025498,0.24694733,0.13010469,-0.27753798,-0.89435009,-0.35087079,,,
0.02976805,-0.37295589,0.92737142,-0.96027609,0.24686546,0.13010478,-0.27745931,-0.89440557,-0.35079191,,,
0.02968767,-0.3729059,0.92739414,-0.96027112,0.24692492,0.13002887,-0.27748527,-0.89441004,-0.35076015,,,
0.02957686,-0.37318173,0.92728667,-0.96026446,0.24695767,0.13001554,-0.27751997,-0.8942859,-0.35104891,,,
0.02960181,-0.37338938,0.92720226,-0.96027207,0.24689273,0.13008258,-0.27749092,-0.89421714,-0.3512469,-0.00346273,-0.00169706,0.00365821
0.02951586,-0.37387285,0.92701018,-0.96027311,0.24686044,0.1301363,-0.27749655,-0.89402404,-0.35173374,,,
0.02943262,-0.37418829,0.92688562,-0.96030074,0.24676491,0.130114,-0.27741002,-0.8939185,-0.35207038,-0.00296739,-0.0034641,-0.0043637
0.02935225,-0.37425673,0.92686053,-0.96033115,0.24669365,0.13002463,-0.27731322,-0.89390951,-0.3521694,-0.00463783,-0.00162005,-0.00275852
0.0293551,-0.37416772,0.92689634,-0.96038122,0.2465433,0.12993973,-0.27713935,-0.89398822,-0.35210636,-0.00104579,-0.00222218,-0.0054925
0.02933295,-0.37391058,0.92700082,-0.9604355,0.24641422,0.12978341,-0.27695359,-0.8941314,-0.35188895,,,
0.0292276046,-0.373810931,0.927044345,-0.960470039,0.246364237,0.129622645,-0.276844962,-0.894186845,-0.351833579,-0.00569103193,0.00117611873,0.000680079567
0.02925803,-0.37364307,0.92711093,-0.96051866,0.24621664,0.12954213,-0.27667261,-0.89429755,-0.3516873,,,
0.0291499313,-0.373829927,0.927039109,-0.960562155,0.246098916,0.129443827,-0.276533311,-0.894251946,-0.351913122,-0.0030621253,0.000118494027,0.00478788791
0.02912223,-0.37402718,0.92696034,-0.96059872,0.24596549,0.1294257,-0.27640896,-0.89420612,-0.35212695,,,
0.02909177,-0.37451082,0.92676605,-0.96064428,0.24576437,0.12946985,-0.27625393,-0.89405901,-0.35262195,,,
0.0290917746,-0.374668725,0.926702131,-0.960691262,0.24559004,0.129451521,-0.276090191,-0.894040683,-0.352796286,-0.00478448207,-0.000617027225,-0.00145283062
0.02914721,-0.37459009,0.92673224,-0.96071224,0.24550813,0.12945158,-0.27601156,-0.89409618,-0.3527174,-0.0092179,-0.00442684,-0.00219758
0.02909723,-0.3742934,0.92685359,-0.96073222,0.24550723,0.12930437,-0.27594695,-0.8942206,-0.35245211,-0.00282557,-0.00167274,-0.00637857
0.0291025321,-0.373839034,0.927036801,-0.960749703,0.245511557,0.129166309,-0.275885592,-0.894409473,-0.352020696,-0.00712403841,0.00287651992,0.000861365465
0.02902464,-0.37362109,0.92712722,-0.96077118,0.24550766,0.12901455,-0.27581941,-0.8945017,-0.35183861,-0.00665184,0.00245202,0.00293514
0.02881355,-0.37334288,0.92724581,-0.96081635,0.24549484,0.12870183,-0.27568395,-0.89462133,-0.35164035,0.00442943,0.00102961,0.00912317
0.02862249,-0.37364778,0.92712894,-0.96082822,0.2455001,0.1286033,-0.27566257,-0.8944926,-0.3519845,,,
0.0285118,-0.37396307,0.92700517,-0.96083332,0.24548954,0.12858508,-0.27565611,-0.8943637,-0.35231681,0.00585096,-0.00132966,-0.00402498
0.02855647,-0.37475372,0.92668452,-0.96080772,0.24544281,0.12886575,-0.27574098,-0.89404558,-0.35305729,,,
0.02849826,-0.37515815,0.92652266,-0.96080747,0.24541358,0.12892319,-0.27574784,-0.89388397,-0.3534609,-0.00555117,-0.00135732,-0.00798772
0.02841784,-0.37518714,0.92651328,-0.96082583,0.24538609,0.12883806,-0.2756918,-0.89387926,-0.35351612,-0.0104221,0.00177336,-0.00473207
0.02820428,-0.375077,0.92656446,-0.96084467,0.24543663,0.12860143,-0.27564827,-0.89391166,-0.35346836,-0.00887186,-0.00166655,-0.00098631
0.02802112,-0.37472016,0.92671436,-0.96088839,0.24542657,0.12829344,-0.27551442,-0.89406404,-0.3531871,-0.00762995,0.00136936,0.0042771
0.0279434489,-0.374581254,0.926772826,-0.960933072,0.245335572,0.128132554,-0.275366335,-0.894147194,-0.353091959,-0.00732490281,-0.000721216144,0.00416766061
0.0278931185,-0.374482227,0.926814531,-0.961011802,0.245116381,0.127962431,-0.275097127,-0.894248919,-0.353044807,-0.00663251709,-0.000841855945,-0.0024545379
0.0278480261,-0.374007713,0.927007347,-0.961130937,0.244814176,0.127645076,-0.274684751,-0.894530142,-0.352652774,-0.0032918076,-0.00438213302,0.000905539084
0.02774474,-0.37374031,0.9271184,-0.96119137,0.24470058,0.12740827,-0.27448405,-0.89467307,-0.35244683,,,
0.027694241,-0.373680735,0.927143809,-0.96128128,0.244437921,0.127233372,-0.274173734,-0.894769656,-0.352442754,-0.00405300967,0.000873684825,0.00500264112
0.0276689657,-0.373631186,0.927164508,-0.961320379,0.244328354,0.127148242,-0.274039079,-0.894820252,-0.352418934,-0.00876756385,-0.000456094713,0.00236560497
0.0276988673,-0.37354253,0.927199378,-0.961392007,0.244093186,0.127058554,-0.273784803,-0.894921474,-0.352359685,-0.0066269394,0.000227332101,0.00459783059
0.02775405,-0.37350337,0.92721344,-0.96142442,0.24396772,0.12705388,-0.27366514,-0.89497198,-0.35232414,,,
0.02778163,-0.37346407,0.92722854,-0.9614349,0.24392665,0.12705396,-0.27362583,-0.89499965,-0.35228471,,,
0.02783679,-0.3734249,0.92724261,-0.96146731,0.24380116,0.1270493,-0.27350617,-0.89505014,-0.35224918,,,
0.02786436,-0.37342509,0.9272417,-0.96148935,0.24371662,0.12704466,-0.27342584,-0.89507308,-0.35225321,,,
0.02794487,-0.37343549,0.92723515,-0.9614828,0.24370064,0.12712523,-0.27344087,-0.89507314,-0.35224162,,,
0.02797244,-0.37331709,0.92728193,-0.96146982,0.24374687,0.12713441,-0.27348347,-0.89510989,-0.35211489,,,
0.02810803,-0.37309069,0.92736905,-0.96143746,0.24382316,0.12723341,-0.27358369,-0.8951836,-0.35185,,,
0.02816314,-0.37297245,0.9274149,-0.96144654,0.24378483,0.12723797,-0.27354595,-0.89524327,-0.35172733,-0.00235761,-0.00293064,0.00434683
0.02835394,-0.37270673,0.92751589,-0.96144649,0.24373574,0.1273323,-0.27352637,-0.89536728,-0.35142671,,,
0.02854661,-0.37231257,0.92766828,-0.96148422,0.24357969,0.12734605,-0.27337369,-0.89557372,-0.35101929,,,
0.02865663,-0.372115465,0.927743959,-0.961514056,0.243459483,0.127350626,-0.273257194,-0.895688306,-0.350817517,-0.0057201907,-0.00213277317,-0.000890252762
0.0288235692,-0.371671405,0.927916633,-0.961590625,0.243193856,0.127279189,-0.27296956,-0.89594469,-0.350385967,-0.00969101861,-0.00633919192,0.000655213837
0.02891132,-0.37104883,0.92816303,-0.96169996,0.24288046,0.12705131,-0.27257481,-0.89628769,-0.34981559,-0.00848015,-0.00180423,-0.00114672
0.02886154,-0.37070225,0.92830312,-0.96178074,0.24268459,0.12681426,-0.27229514,-0.89648419,-0.34953,-0.00942483,-0.00684971,0.00493933
0.02878882,-0.3700093,0.92858183,-0.96196384,0.24220815,0.12633565,-0.27165541,-0.89689924,-0.34896266,-0.01146237,-0.00500846,0.00906203
0.02869024,-0.36917738,0.92891595,-0.96223425,0.24147067,0.12568648,-0.27070653,-0.89744075,-0.34830725,-0.00944596,-0.00477898,0.00590027
0.02861432,-0.36865235,0.92912683,-0.9623905,0.24105711,0.12528367,-0.27015875,-0.89776773,-0.34788984,-0.01187661,-0.00686246,0.00591433
0.0284340244,-0.36751286,0.929583626,-0.962728934,0.240163195,0.124396836,-0.268969181,-0.89847419,-0.346986441,-0.014639983,-0.000736713351,0.00151215773
0.02825099,-0.36608584,0.93015209,-0.96305733,0.23933516,0.12344696,-0.26781024,-0.89927734,-0.34580017,-0.01459768,-0.00109625,0.00236485
0.02806406,-0.36521327,0.93050081,-0.96324807,0.23889263,0.12281502,-0.26714349,-0.89974977,-0.3450867,-0.00677724,-0.00244784,0.00198502
0.02765958,-0.36354674,0.93116517,-0.96362893,0.23800388,0.12154558,-0.26580838,-0.90065966,-0.34374105,0.00388902,-0.00116491,0.00488993
0.02725148,-0.36241559,0.93161808,-0.96401358,0.23702384,0.12040544,-0.26445248,-0.90137373,-0.34291429,,,
0.02711358,-0.36187995,0.93183031,-0.9641938,0.23653852,0.11991591,-0.26380891,-0.90171637,-0.34250899,,,
0.02680665,-0.36055047,0.93235425,-0.96460421,0.2354358,0.11877898,-0.26233528,-0.90253703,-0.3414772,-0.01573528,-0.00181317,-0.0044308
0.0264655578,-0.358763891,0.933053077,-0.965008096,0.234417463,0.117506711,-0.2608811,-0.903513654,-0.340006071,-0.0163247027,0.000908970775,0.0113350376
0.02629299,-0.35785033,0.93340867,-0.96520352,0.23392937,0.11687243,-0.26017451,-0.90400229,-0.33924768,-0.00809994,-0.00456899,0.00676962
