0,1,2,3,4,5,6,7,8,9,10,11
-0.45100514,-0.53302444,-0.71587665,-0.79843436,0.59940476,0.0567145,0.39886966,0.59715903,-0.69591965,-0.01010259,0.01055145,-0.01693626
-0.45091285,-0.533209864,-0.715796451,-0.798615269,0.599159343,0.0567596346,0.398611303,0.597239687,-0.695998171,-0.0233213603,-0.000322580338,0.0110845724
-0.45089146,-0.53402669,-0.71520093,-0.79887142,0.59884272,0.05649645,0.39812225,0.59682735,-0.69663172,-0.01353374,0.00463188,0.01884378
-0.4510772,-0.53472556,-0.7145612,-0.79893766,0.59877651,0.05626048,0.39777853,0.59626772,-0.69730681,-0.00489469,0.01121199,0.0132639
-0.45191047,-0.53590383,-0.71315078,-0.79879525,0.59898447,0.05606927,0.39711851,0.59499974,-0.6987648,0.00619516,0.00952029,-0.0011594
-0.4529274,-0.53646968,-0.71207958,-0.79842488,0.59946387,0.0562215,0.39670489,0.59400625,-0.69984437,0.00502391,0.00995588,-0.00146816
-0.454422425,-0.536503392,-0.711100822,-0.797802114,0.600220834,0.0569801805,0.396247469,0.593210809,-0.700777348,0.0111890687,-7.2479248e-05,-0.00367881823
-0.45489041,-0.53603065,-0.7111582,-0.79761703,0.60040348,0.05764344,0.39608322,0.59345331,-0.70066498,0.01415429,0.0079478,-0.00672461
-0.454971419,-0.535723591,-0.711337658,-0.797602973,0.600389689,0.0579803777,0.396018342,0.593744441,-0.700454879,0.00771441543,0.0110795498,-2.61043897e-05
-0.45520285,-0.53509977,-0.71165914,-0.79749471,0.60047256,0.05860823,0.39597055,0.594223,-0.70007607,0.00506258,0.01731765,0.00714783
-0.45579114,-0.53462059,-0.71164265,-0.79729088,0.60066561,0.05939767,0.39570405,0.59445912,-0.70002618,0.01102714,0.01972091,0.00205316
-0.45618318,-0.53435099,-0.71159396,-0.79712706,0.60083984,0.05983267,0.39558236,0.59452545,-0.70003866,0.01632373,0.00909698,-0.00844474
-0.45688071,-0.53337362,-0.71187958,-0.79676516,0.60121213,0.06090351,0.39550631,0.5950265,-0.69965574,0.01090853,0.00454974,-0.0083326
-0.45709382,-0.53227175,-0.71256719,-0.79655889,0.60140012,0.06173996,0.39567556,0.59582269,-0.69888207,0.00969329,0.00893044,0.01801422
-0.45711094,-0.53201954,-0.71274447,-0.79654957,0.60139,0.06195817,0.39567442,0.59605809,-0.69868188,0.00243099,0.00544083,0.01213404
-0.45734129,-0.53227473,-0.71240605,-0.79646378,0.60151122,0.06188414,0.39558085,0.59570783,-0.69903345,0.0029483,0.00838029,0.00528192
-0.45753708,-0.53318345,-0.71160036,-0.79631365,0.60179012,0.06109969,0.3956567,0.59461249,-0.69992255,0.01222368,0.00160551,-0.00858655
-0.45677703,-0.533546431,-0.711816503,-0.796541345,0.601576372,0.0602303578,0.396076273,0.594503167,-0.699778049,-0.00364449644,0.000136375427,0.0162846837
-0.45590707,-0.53437757,-0.71175106,-0.79694216,0.60115432,0.05913316,0.39627281,0.59418361,-0.69993853,-0.0037647,0.00540304,0.00355075
-0.45556064,-0.534874115,-0.711599639,-0.797093304,0.601011649,0.0585425047,0.396366787,0.593880999,-0.700141819,-0.000387292821,0.00809657574,-0.0057824729
-0.454989902,-0.535161354,-0.711748978,-0.797254291,0.600864028,0.0578622567,0.396698724,0.593771649,-0.700046756,1.35123264e-06,0.0112010241,-0.00589614408
-0.45435517,-0.53468458,-0.71251207,-0.79736356,0.60073874,0.05765611,0.39720573,0.59432759,-0.69928673,-0.00655182,0.00773168,0.00226937
-0.45407841,-0.53435237,-0.71293804,-0.79737803,0.60072392,0.05761196,0.39749388,0.59464141,-0.69885662,-0.01057032,0.00469935,0.00574291
-0.45379484,-0.53409405,-0.71331161,-0.79740077,0.60070308,0.05751282,0.3977712,0.59489432,-0.69848295,-0.00912012,0.00386798,0.00513323
-0.45367936,-0.53405638,-0.71341339,-0.79739329,0.60072521,0.05738582,0.39791813,0.59490584,-0.6983896,-0.00533173,0.00356615,-0.01127298
-0.45362735,-0.53393345,-0.71353856,-0.79739775,0.60071493,0.05743158,0.39796863,0.59502659,-0.69825805,-0.00266604,0.00961781,-0.01117429
-0.45323376,-0.53344314,-0.71415518,-0.79747151,0.60061258,0.05747817,0.39826926,0.59556945,-0.6976236,-0.01123705,0.00547874,-0.00791049
-0.45301326,-0.53312929,-0.7145291,-0.79748955,0.60058676,0.05749674,0.39848348,0.59587635,-0.69723878,-0.00479678,0.01083958,0.00225124
-0.45294985,-0.53318464,-0.71452817,-0.7974943,0.60059181,0.0573786,0.39854638,0.59582178,-0.69724968,-0.01119378,0.01519358,0.0033695
-0.453054339,-0.533550877,-0.714188471,-0.797418322,0.600722179,0.0570689835,0.398579642,0.595362335,-0.697623032,0.000187713304,0.0080729723,-0.00800499413
-0.45322234,-0.53392172,-0.71380466,-0.79730416,0.6009022,0.05676809,0.39861707,0.594848,-0.69804031,-0.01062966,0.00753939,-0.02622712
-0.45327435,-0.53410472,-0.71363454,-0.79726612,0.60096725,0.05661295,0.39863371,0.5946179,-0.69822662,-0.0101962,0.00466883,-0.01954159
-0.45304956,-0.53465528,-0.71336515,-0.7973648,0.60089013,0.05603958,0.39869222,0.59420096,-0.69854831,-0.01446116,0.00560653,-0.01286238
-0.45265109,-0.53563872,-0.7128801,-0.79769156,0.60052629,0.05528402,0.39849097,0.59368284,-0.69910336,-0.02463608,0.00694382,-0.00621111
-0.45251219,-0.53644661,-0.71236068,-0.79792421,0.60025812,0.05483739,0.39818294,0.59322442,-0.69966785,-0.03955445,-0.00197506,-0.02146058
-0.45219672,-0.5383556,-0.71111975,-0.79852417,0.5995458,0.05388855,0.39733765,0.59221455,-0.70100259,-0.02146119,0.0047158,-0.01100679
-0.45196529,-0.53997202,-0.7100406,-0.79905192,0.59890676,0.05316711,0.39653937,0.59138898,-0.70215075,-0.02259627,0.01780677,-0.01547494
-0.4518984,-0.54054555,-0.70964651,-0.79927939,0.5986177,0.05300247,0.3961567,0.5911576,-0.70256129,-0.02540313,0.00531733,-0.02528941
-0.45154539,-0.54290216,-0.70807052,-0.80079867,0.59655934,0.05327671,0.39348202,0.59107882,-0.70412894,-0.04483571,0.03103149,-0.02627904
-0.45173058,-0.54378899,-0.70727165,-0.80117046,0.59604627,0.05343027,0.39251185,0.5907812,-0.70492001,-0.00673022,0.02709365,-0.00364164
-0.45273034,-0.54554938,-0.70527372,-0.80156765,0.59546662,0.05393309,0.39054378,0.58974177,-0.70688053,-0.01500233,0.00105131,-0.00548267
-0.45420943,-0.54633649,-0.70371167,-0.80149929,0.59545788,0.05503422,0.38896345,0.58902149,-0.70835089,-0.01844857,-0.02566969,0.03781483
-0.45508734,-0.54659193,-0.70294578,-0.80137109,0.59556756,0.05571044,0.38820083,0.58867354,-0.70905823,-0.02273788,-0.0049994,0.01667832
-0.45710315,-0.54772936,-0.70074918,-0.80139266,0.5953796,0.05738452,0.38578059,0.58780586,-0.71109619,0.03659918,0.02685368,-0.03251167
-0.45867289,-0.54806871,-0.69945682,-0.80163985,0.59482952,0.05959344,0.38339626,0.58804636,-0.71218589,0.03612766,0.02893925,-0.03072047
-0.45948628,-0.547376,-0.69946535,-0.80160634,0.59471329,0.06118298,0.38249124,0.58880862,-0.71204267,0.02690103,0.01133847,-0.01979652
-0.46109672,-0.54565004,-0.69975415,-0.80141329,0.59463334,0.06440451,0.38095482,0.59048898,-0.71147467,-0.0120844,-0.00778896,0.02042866
-0.462992442,-0.545367968,-0.698721554,-0.801256523,0.594573962,0.0668565412,0.37898023,0.590809269,-0.712262894,-0.0231269076,-0.000262141228,-0.00962996483
-0.46385046,-0.54589701,-0.69773855,-0.80142369,0.59423463,0.06786195,0.37757475,0.59066203,-0.71313079,-0.02219137,0.02091706,-0.01540099
-0.46538776,-0.5478779,-0.69515747,-0.80202284,0.59325145,0.06936891,0.37439747,0.58981564,-0.71550255,0.01111933,0.00890708,-0.03469237
-0.4663772,-0.54865305,-0.69388216,-0.80263907,0.59219731,0.0712247,0.37183754,0.59015443,-0.71655771,0.01532833,0.00242805,-0.02290215
-0.4668259,-0.54832906,-0.69383623,-0.80286506,0.59173025,0.07254645,0.37078454,0.59092345,-0.71646924,-0.00545385,-0.00252736,0.00097666
-0.46945613,-0.5479127,-0.69238928,-0.80338068,0.59040024,0.07750562,0.36632052,0.59263759,-0.7173495,-0.04951538,-0.01801866,0.01176388
-0.47034115,-0.54851349,-0.69131184,-0.80355831,0.59001812,0.07856612,0.36479193,0.59246227,-0.71827237,-0.05033546,-0.00960159,-0.00440005
-0.47221937,-0.54915247,-0.68952181,-0.80383397,0.58928799,0.08118244,0.36174537,0.59259699,-0.7197006,-0.02413717,-0.02291644,-0.00977074
-0.47380451,-0.54760168,-0.68966767,-0.80390068,0.58867729,0.08486868,0.35951745,0.59463552,-0.71913531,-0.05226373,-0.02123493,0.00316902
-0.47463524,-0.546548,-0.68993223,-0.80383802,0.58847865,0.08681738,0.3585605,0.59580039,-0.71864876,-0.04788917,-0.00617331,0.01874571
-0.47731698,-0.54454918,-0.68966292,-0.80322596,0.58866533,0.09111124,0.35636613,0.59744404,-0.71837601,-0.06104795,-0.02740562,0.02069656
-0.48042254,-0.54305851,-0.68868092,-0.80242835,0.58909949,0.09523899,0.35398121,0.59837211,-0.71878221,-0.06176852,-0.04647952,0.00307587
-0.48176389,-0.54229818,-0.68834298,-0.80211249,0.58921078,0.09719134,0.35287239,0.59895182,-0.71884461,-0.0874854,-0.05953842,-0.0082494
-0.48394792,-0.54139383,-0.68752241,-0.80179134,0.58909339,0.10049674,0.35060659,0.59988472,-0.7191754,-0.02988557,-0.02703011,-0.01443806
-0.48623101,-0.54112329,-0.68612325,-0.80150122,0.58896928,0.10349407,0.34810248,0.60025062,-0.72008611,-0.03259643,-0.01260239,-0.00118196
-0.48756155,-0.54095643,-0.68531029,-0.80121219,0.58909383,0.10501231,0.34690501,0.60027885,-0.7206404,-0.06118422,-0.03207815,-0.01118032
-0.49015387,-0.54047987,-0.6838351,-0.80073596,0.589145,0.10830523,0.3443412,0.60065764,-0.72155336,-0.06542798,-0.05876875,-0.0109064
-0.49172144,-0.54067523,-0.68255428,-0.80073846,0.58873262,0.11050714,0.34209349,0.60088619,-0.7224319,-0.03166857,-0.0480175,-0.00285582
-0.49225591,-0.54157523,-0.68145445,-0.80096559,0.5883264,0.11102302,0.34079031,0.60047336,-0.72339026,-0.00984811,-0.02489161,0.00511771
-0.49331195,-0.54439147,-0.67844024,-0.80153582,0.58747433,0.11141912,0.3379106,0.59875856,-0.72615737,-0.02238627,-0.05211675,-0.03077575
-0.49250018,-0.54703734,-0.67689998,-0.80285633,0.58579911,0.11072973,0.3359541,0.59798788,-0.72769856,-0.023927,-0.0783323,-0.07056163
-0.49108076,-0.54889576,-0.67642668,-0.80402173,0.58443698,0.10946443,0.3352442,0.59761764,-0.72832987,0.02197918,-0.05851388,-0.02078748
-0.48778658,-0.55398167,-0.67466179,-0.80653685,0.58169627,0.10548812,0.33400976,0.59559529,-0.73055027,-0.02061589,0.0318855,0.02185851
-0.48533086,-0.56124131,-0.67041931,-0.80898149,0.57912249,0.10082684,0.3316667,0.59129122,-0.73509985,-0.0152209,-0.02521443,-0.01317363
-0.48396818,-0.56511922,-0.66814277,-0.81024252,0.57781272,0.0981806,0.33057761,0.58887404,-0.73752658,0.01187384,-0.07255042,-0.02741371
-0.47975915,-0.57272035,-0.66469732,-0.81330284,0.57452181,0.09199549,0.32919541,0.5847359,-0.74142719,0.04574963,-0.02652705,-0.00198423
-0.47594646,-0.58072044,-0.66048351,-0.81602861,0.57166738,0.08540279,0.3279817,0.57962066,-0.74596754,0.02207344,0.0751375,0.03171388
-0.47451702,-0.58475353,-0.65794885,-0.81717798,0.57047292,0.08234518,0.32719034,0.57673555,-0.74854681,-0.01556074,0.03964639,-0.01985881
-0.47189238,-0.59280558,-0.65260938,-0.81942703,0.56805308,0.07651805,0.32535643,0.57087408,-0.75382083,0.00945883,-0.07071388,-0.05487793
-0.46729816,-0.59957438,-0.64972549,-0.82230774,0.56468024,0.07032967,0.3247193,0.56713918,-0.75690871,0.05052429,-0.06309813,-0.0258674
-0.46448816,-0.60258179,-0.64895742,-0.82388369,0.56276809,0.06713924,0.32475562,0.56585086,-0.75785642,0.06600597,-0.01608288,-0.00491345
-0.45867701,-0.60886882,-0.64722026,-0.82725776,0.55851813,0.06084464,0.32443783,0.56332604,-0.75987088,-0.01816875,0.01434362,-0.00552893
-0.4531581,-0.61700674,-0.64338974,-0.83073575,0.55406424,0.05376724,0.32330449,0.55885193,-0.76364825,-0.04692227,-0.04077971,-0.03080739
-0.45042175,-0.62153055,-0.64095251,-0.83252354,0.55172519,0.05003898,0.3225289,0.55614668,-0.76594784,-0.01882538,-0.07226968,-0.04877064
-0.44441004,-0.63001766,-0.63684965,-0.83650419,0.54624301,0.04335106,0.32056274,0.55199304,-0.7697683,0.06182138,0.04054677,-0.03630923
-0.43872808,-0.6366524,-0.63418562,-0.84034541,0.54067743,0.03856842,0.31833517,0.54985602,-0.77221829,0.02211611,0.12485278,-0.03152929
-0.43626954,-0.63949861,-0.63301665,-0.84203203,0.53818244,0.03662807,0.31725481,0.54900007,-0.7732709,0.00143142,0.10478604,0.00168729
-0.432608276,-0.644691439,-0.630256093,-0.844424261,0.534676413,0.0326911012,0.315907363,0.546346034,-0.775698521,0.000740215415,0.0177079439,-0.0134291621
-0.42908406,-0.64866792,-0.62858304,-0.84639324,0.53176784,0.02900683,0.31544442,0.54447484,-0.77720124,0.0018063,-0.03428543,0.00856953
-0.4273145,-0.65057051,-0.62782178,-0.84741263,0.53023088,0.02733134,0.31510951,0.54370321,-0.777877,0.00845263,-0.00877702,0.03646202
-0.42415753,-0.65554391,-0.62478213,-0.8495733,0.52692922,0.02389249,0.3135534,0.54093237,-0.7804336,0.00564863,-0.03043604,0.01952005
-0.41813706,-0.66699688,-0.61666558,-0.85407808,0.51987297,0.0168132,0.30937339,0.5337108,-0.78704556,0.03958984,0.00811946,-0.01847281
-0.4145946,-0.672705,-0.6128451,-0.85700337,0.51511104,0.01434504,0.30603328,0.53115773,-0.7900727,0.01444581,0.03475058,-0.03247595
-0.41112701,-0.67492688,-0.61273837,-0.85962992,0.51071903,0.01422967,0.30333317,0.53257843,-0.79015773,-0.01032972,-0.00412184,-0.02319908
-0.409437021,-0.675313423,-0.613443602,-0.860811609,0.50871665,0.0145163927,0.302265853,0.534002933,-0.789605062,-0.0030992236,-0.000645160675,-0.00517490041
-0.40677257,-0.67574891,-0.61473505,-0.86309894,0.5047735,0.01624277,0.2993259,0.53718434,-0.78856618,-0.00730046,-0.02106678,0.03062839
-0.40433754,-0.67617386,-0.61587325,-0.86557054,0.50043241,0.01884067,0.29546334,0.54069978,-0.78761977,-0.00692979,-0.09330106,-0.00468201
-0.40250151,-0.67668806,-0.61651091,-0.86699373,0.49793759,0.01949343,0.29379298,0.54235725,-0.78710494,0.00505168,-0.11979312,-0.02302222
-0.39803142,-0.67874137,-0.61715574,-0.87007695,0.49253122,0.01947094,0.29075274,0.54472302,-0.78660013,0.02079487,-0.05059499,-0.02365233
-0.39448635,-0.68070323,-0.61727104,-0.87305046,0.4871905,0.02069495,0.28664145,0.54707266,-0.78647826,0.02218241,0.0346458,-0.00154535
-0.392947366,-0.681182424,-0.617723809,-0.874438811,0.484644942,0.0218170396,0.284515316,0.548734656,-0.786092295,0.00749509549,0.000618100166,-0.0294165909
-0.388764073,-0.681627048,-0.619876739,-0.877497604,0.478999113,0.0236187749,0.280821226,0.553122462,-0.784343752,3.7541613e-05,-0.120965779,-0.0500835851
-0.38317839,-0.68249817,-0.62239095,-0.88114623,0.47219927,0.02468077,0.27704796,0.55787459,-0.78231725,0.03282477,-0.00378013,0.01065657
-0.38072424,-0.68314954,-0.62318192,-0.88295955,0.46875201,0.02557263,0.27464784,0.55998056,-0.78165867,0.00449539,0.10864961,0.06908028
-0.37738703,-0.68484163,-0.62335446,-0.88603988,0.4627619,0.02801209,0.26928083,0.56288835,-0.78143732,-0.03776621,0.05818212,-0.00415597
-0.37466692,-0.68608378,-0.62362947,-0.88871014,0.45744252,0.03066951,0.26423278,0.56571669,-0.7811182,-0.00097012,-0.09830922,-0.03636117
-0.37305997,-0.68621448,-0.62444833,-0.88997507,0.45489912,0.03179741,0.26224113,0.56760583,-0.78041842,0.04185192,-0.13225377,-0.03508062
-0.37009684,-0.68570345,-0.62676878,-0.89228885,0.4501523,0.03440232,0.25855162,0.57199098,-0.77844548,0.04830249,0.08298695,0.04160872
-0.36824009,-0.6854053,-0.62818663,-0.89437294,0.44570725,0.0379729,0.25396046,0.57581635,-0.77713521,-0.04683639,0.1559751,0.08396061
-0.36775261,-0.68608812,-0.62772676,-0.89502821,0.44432597,0.03871482,0.25235349,0.57607069,-0.77747024,-0.05715201,0.06005776,0.05751923
-0.36718503,-0.68889906,-0.62497463,-0.89556594,0.44334848,0.03746716,0.25127047,0.57346336,-0.77974546,0.04347443,-0.11665058,-0.01939438
-0.36634578,-0.69201964,-0.62201256,-0.89587796,0.44293042,0.03486189,0.25138318,0.57001884,-0.78223083,0.06840297,-0.06830841,-0.06234366
-0.3665527,-0.69333853,-0.62041971,-0.89603121,0.4426302,0.03473485,0.25053346,0.56864762,-0.78350025,0.03244353,0.02619553,-0.02198205
-0.36715662,-0.69744429,-0.61544075,-0.89670777,0.44124357,0.03491721,0.24720645,0.56469062,-0.78740921,-0.05981769,0.11233675,0.05079279
-0.36814214,-0.70442235,-0.60684469,-0.89739484,0.43993745,0.0337271,0.24321558,0.55699567,-0.7941045,-0.09369715,-0.00831074,-0.03791072
-0.36950883,-0.70768241,-0.60220313,-0.89726972,0.44023103,0.03322046,0.24159894,0.55261394,-0.79765124,-0.0450567,-0.06078172,-0.06448283
-0.37357341,-0.71197409,-0.59458876,-0.89621288,0.44236659,0.03338064,0.23926005,0.54534822,-0.80333675,0.0060348,0.0018549,-0.04991813
-0.37928792,-0.71282463,-0.58993348,-0.89420586,0.44622752,0.03573222,0.23777373,0.54107482,-0.80666066,-0.04547126,0.12681663,0.01250067
-0.38243882,-0.7131394,-0.58751411,-0.89291806,0.44873263,0.03655666,0.23756677,0.53858263,-0.80838784,-0.04490888,0.12941396,0.06190799
-0.38962413,-0.71566064,-0.57967465,-0.88981719,0.45485275,0.03652764,0.23752519,0.53003655,-0.81402874,-0.03086715,-0.03181314,0.04694733
-0.3979208,-0.71954314,-0.56913659,-0.88622267,0.46188413,0.03566986,0.23720912,0.51857557,-0.82146873,0.03783831,-0.11016238,0.00551974
-0.40231942,-0.72125566,-0.56385218,-0.88432209,0.46552565,0.03550041,0.23688277,0.51290946,-0.82511232,0.06450421,-0.10320222,-0.02156208
-0.41071477,-0.72332437,-0.55508139,-0.88061293,0.47247429,0.03590194,0.23629295,0.50355728,-0.83102097,0.08801986,-0.02185273,-0.02651111
-0.41804725,-0.72394788,-0.54875844,-0.8772184,0.47868121,0.03677132,0.23605982,0.49675318,-0.83517176,0.0435822,0.0034169,0.02429117
-0.42146629,-0.7242081,-0.54579172,-0.87559688,0.48161628,0.03709157,0.23600014,0.49352641,-0.83709937,0.02006545,-0.06025255,0.01304606
-0.42796337,-0.72433948,-0.54053647,-0.8725416,0.48704697,0.038163,0.23562368,0.48797292,-0.84045459,0.05464864,-0.12551892,-0.03595836
-0.43436771,-0.72313878,-0.53702407,-0.86970062,0.49186342,0.04112373,0.23440432,0.48491301,-0.84256382,0.02412759,0.0086695,-0.01125773
-0.43749589,-0.72240636,-0.53546839,-0.86830673,0.49418401,0.04272697,0.23375368,0.48364368,-0.84347378,-0.00505086,0.04543376,-0.00616796
-0.44355774,-0.72160761,-0.53154396,-0.86541989,0.49905214,0.04466963,0.23303421,0.47982228,-0.84585202,0.00154059,-0.06930172,0.00363364
-0.44891952,-0.72145363,-0.52723411,-0.86254751,0.50399074,0.04477808,0.23341579,0.47486625,-0.84853932,0.05202971,-0.14021856,-0.04994929
-0.45180586,-0.72099008,-0.52539927,-0.86102636,0.50653728,0.04531528,0.23346241,0.47285639,-0.84964796,0.0718174,-0.0962193,-0.04691821
-0.45864837,-0.7188134,-0.52244518,-0.85758129,0.51207409,0.04831618,0.23280032,0.47019935,-0.85130287,-0.04971384,0.07032764,-0.02023979
-0.46586322,-0.71717893,-0.51829112,-0.85410272,0.51754197,0.05156354,0.23125711,0.46669544,-0.85364824,-0.05322231,-0.00726634,0.0015327
-0.469492907,-0.717093269,-0.515124752,-0.852381617,0.520265474,0.0526247869,0.230264729,0.463789858,-0.855498066,0.000481080962,-0.0813905001,-0.0142942844
-0.47746918,-0.71632142,-0.50882873,-0.84873054,0.52583503,0.05616006,0.2273313,0.4586732,-0.85903388,0.02681406,-0.06155354,-0.03473176
-0.48693017,-0.71401879,-0.50306653,-0.84432161,0.53226316,0.06178087,0.22365105,0.45483295,-0.86203648,-0.03373968,0.10554862,0.0102696
-0.49170392,-0.7124928,-0.50058046,-0.84185256,0.53587608,0.06419468,0.2225108,0.4529798,-0.86330624,-0.02294146,0.12470257,0.05256283
-0.50076274,-0.70994638,-0.49518982,-0.8365736,0.54382658,0.06631215,0.22221933,0.44746936,-0.86625049,0.06245585,-0.01222754,0.02024743
-0.51001454,-0.70707348,-0.48982857,-0.83069577,0.55266135,0.06715585,0.22322518,0.44114902,-0.86922826,0.07446741,-0.05234879,0.01257286
-0.51504643,-0.70503245,-0.48750015,-0.82732603,0.55763885,0.0676058,0.22418474,0.4381417,-0.8705016,0.02771182,-0.03857559,0.00702964
-0.52480011,-0.70291755,-0.48009582,-0.82045607,0.56797094,0.06527567,0.22679708,0.42815417,-0.87478419,0.01862134,0.01081932,0.10884205
-0.53364089,-0.70340675,-0.46951742,-0.81395243,0.57789215,0.05934801,0.22958467,0.41383532,-0.88092653,0.0781045,-0.01324105,0.0354026
-0.53777753,-0.70400535,-0.46386599,-0.81081196,0.5826479,0.05572575,0.2310393,0.40607617,-0.8841509,0.11465596,-0.05077362,-0.01549302
-0.54541288,-0.70353499,-0.45559103,-0.80453698,0.5918622,0.04918691,0.23504239,0.39336702,-0.88882919,0.16721104,-0.05532086,-0.04716527
-0.55220061,-0.69922034,-0.45405385,-0.79810505,0.60080438,0.04541243,0.24104421,0.38745952,-0.88981583,0.09534152,0.02582264,-0.00526064
-0.55500405,-0.69624807,-0.45520244,-0.79499316,0.60502937,0.04387899,0.24486019,0.38623583,-0.88930621,0.06414468,0.04062593,0.02636629
-0.55948101,-0.69056308,-0.45837039,-0.78898925,0.6131499,0.03928246,0.25392273,0.38362713,-0.88789257,0.03618205,-0.03303981,0.05577613
-0.56496014,-0.68541932,-0.45936941,-0.7823011,0.62196677,0.03409231,0.26234497,0.37862601,-0.88759072,-0.00168261,-0.04991996,0.01510807
-0.56774448,-0.68285411,-0.45975708,-0.77895529,0.62627571,0.03173975,0.26626108,0.37615027,-0.8874774,0.00186252,-0.01872373,0.03237297
-0.5731931,-0.67782348,-0.46043964,-0.77238537,0.63456399,0.02737329,0.27362413,0.37132706,-0.88726864,0.04419389,0.00803912,0.01875337
-0.57747489,-0.67326317,-0.4617788,-0.76645188,0.64190404,0.02260016,0.28120184,0.36698223,-0.88670729,0.12082078,-0.01417804,-0.00106796
-0.57953138,-0.67076071,-0.46284252,-0.7635148,0.64546193,0.02059101,0.28493557,0.36532028,-0.88620117,0.12610719,-0.00541312,-0.03369295
-0.58375987,-0.66416438,-0.4670225,-0.7578598,0.65211362,0.01990813,0.29132946,0.36555916,-0.88402124,0.05922395,0.02564466,-0.02806128
-0.587428256,-0.656100872,-0.473771742,-0.751987341,0.658875712,0.0199456704,0.299070321,0.367987006,-0.88042176,-0.000727115606,0.00585985184,-0.00461980095
-0.58894475,-0.6523612,-0.47704147,-0.74891165,0.66240471,0.0187418,0.30376808,0.36829985,-0.87868068,0.01087959,-0.03049713,0.02060565
-0.5923782,-0.6461247,-0.48125974,-0.74233371,0.66987609,0.01437647,0.3130954,0.36577164,-0.87646014,0.03925757,-0.03881979,0.0016516
-0.59787204,-0.63995754,-0.48270408,-0.73525787,0.67767703,0.01223452,0.31928789,0.36222666,-0.87569797,-0.00463066,0.08977246,-0.04564651
-0.60096832,-0.63636675,-0.48360557,-0.73154686,0.68168437,0.01206616,0.32198785,0.36103152,-0.87520281,-0.0660208,0.1550777,-0.02972166
-0.60638479,-0.62946947,-0.48586544,-0.72433576,0.6893612,0.01089715,0.32807734,0.35853763,-0.87396539,-0.06365005,0.13689256,0.03756927
-0.61160929,-0.62303686,-0.48760533,-0.71693313,0.69708945,0.00855327,0.33457552,0.35481169,-0.87302215,0.03187031,0.00793278,0.03039157
-0.62000724,-0.61229734,-0.49059407,-0.70595009,0.70821324,0.00827011,0.34238143,0.35146251,-0.8713487,0.02054671,0.16801512,-0.01898399
-0.62339348,-0.60665372,-0.49330692,-0.70036422,0.71374823,0.00730685,0.34766421,0.35004958,-0.86982455,-0.00088782,0.0994662,0.05582409
-0.6246661,-0.60396492,-0.49499343,-0.6976333,0.71642778,0.00624388,0.35085595,0.34922426,-0.86887418,0.02407311,0.07463789,0.01572357
-0.62712845,-0.59824231,-0.49881442,-0.69204969,0.72183672,0.00435205,0.35745897,0.34793368,-0.86669775,0.05086894,0.08202589,-0.01866016
-0.62989525,-0.59065889,-0.50433519,-0.68617983,0.72741412,0.00509151,0.36385319,0.34927176,-0.86349291,0.00221833,0.1062758,0.00518874
-0.63083366,-0.5872133,-0.50717769,-0.6834769,0.72995519,0.0049705,0.36729824,0.34977982,-0.86182703,-0.05958807,0.1189642,0.04519939
-0.6319716,-0.58130677,-0.51253682,-0.67856831,0.7345284,0.00360891,0.37437495,0.35007201,-0.85865744,-0.07418346,0.11358476,0.03910839
-0.6333899,-0.576356992,-0.516361748,-0.674205128,0.738539312,0.00265816519,0.379821381,0.349817436,-0.856366176,-0.0671349764,0.0964603424,0.000465827063
-0.63462377,-0.57321978,-0.51833518,-0.67193164,0.74060411,0.00365596,0.38178548,0.35060601,-0.85516947,-0.07696023,0.10773647,-0.00879197
-0.63707585,-0.56621553,-0.52300509,-0.66803802,0.74408214,0.00818352,0.38452511,0.3546008,-0.85229026,-0.05997293,0.0962379,0.01871772
-0.638641831,-0.559870023,-0.527903458,-0.665308688,0.746451334,0.0132188452,0.386653401,0.359660877,-0.849201436,0.0206199475,0.0507223606,-2.47266144e-05
-0.63931041,-0.5568877,-0.53024308,-0.66406539,0.74751199,0.01558511,0.38768387,0.36207987,-0.84770203,0.05706672,0.01486754,-0.00676515
-0.64099367,-0.5505718,-0.53478741,-0.6613332,0.7498056,0.02073472,0.38957063,0.36696352,-0.84473204,0.01059694,0.01263607,-0.02685452
-0.64278092,-0.54505435,-0.5382827,-0.65928011,0.75143449,0.02638039,0.39010543,0.37183591,-0.84235124,-0.02559999,0.02402532,0.00137248
-0.64314987,-0.54340454,-0.53950867,-0.65867989,0.75190664,0.02787805,0.39051109,0.37329329,-0.8415183,0.00152863,0.03168738,-0.00187665
-0.64327969,-0.54086026,-0.54190533,-0.65742552,0.75296523,0.02889716,0.39240654,0.37485136,-0.83994258,0.02985759,0.03374326,-0.0328559
-0.64347323,-0.53711558,-0.54538868,-0.65529603,0.7547836,0.02981271,0.39563755,0.37657475,-0.83765274,0.01266769,0.02851331,-0.01933437
-0.64354806,-0.53499042,-0.54738586,-0.65404993,0.75584756,0.03021874,0.39757353,0.37746488,-0.83633468,-0.04652663,0.04145122,-0.00519654
-0.64353225,-0.53176875,-0.5505342,-0.65187795,0.75772637,0.03009695,0.40114965,0.37824951,-0.83426968,-0.04761277,0.02001882,0.02300806
-0.64421026,-0.53003457,-0.55141286,-0.64958346,0.75975192,0.02860593,0.40377483,0.37661695,-0.83374166,0.0067154,0.01920402,-0.0076698
-0.64505503,-0.52891236,-0.55150307,-0.64812785,0.76100793,0.02823494,0.4047644,0.3756576,-0.83369483,0.00652492,0.03164756,-0.01710997
-0.646704971,-0.526006397,-0.55234936,-0.645489251,0.763221068,0.0289345699,0.406344894,0.375247721,-0.833110332,-0.0143486382,0.083906889,-6.3840067e-05
-0.64769915,-0.52268579,-0.55433327,-0.64357519,0.76475999,0.03087299,0.40779503,0.37675155,-0.831722,-0.04532253,0.04165697,0.01548376
-0.6480752,-0.52124335,-0.55525112,-0.64275545,0.76541644,0.03167157,0.40848974,0.37741625,-0.83107942,-0.02220553,0.02046061,0.01487403
-0.64916725,-0.51842802,-0.5566094,-0.64082034,0.7669807,0.03301306,0.40979376,0.37811766,-0.83011797,-0.00252319,0.01517296,0.03394933
-0.65089741,-0.5157899,-0.55703993,-0.63825266,0.76909093,0.03365578,0.41105505,0.37743866,-0.82980357,-0.04344698,0.04724979,0.03962349
-0.65143398,-0.51511133,-0.55704049,-0.6371045,0.77007252,0.03295708,0.41198501,0.37636236,-0.82983116,-0.02332149,0.0726217,0.04479611
-0.65179271,-0.51367497,-0.55794692,-0.63488035,0.77199112,0.03093073,0.41484175,0.3743899,-0.82930034,0.03198507,0.02575588,0.01715399
-0.65205453,-0.51004831,-0.56095982,-0.63179908,0.77454573,0.03014762,0.41911231,0.37407175,-0.82729411,0.01554272,0.01728415,0.01134879
-0.65235196,-0.50766287,-0.56277447,-0.630061,0.77595092,0.03038541,0.42125982,0.37440426,-0.82605168,-0.00751429,0.00256193,0.03009169
-0.65250567,-0.50403234,-0.56585146,-0.62721709,0.77826539,0.03002862,0.42524722,0.37450554,-0.82396028,-0.01361188,-0.00349802,0.03944141
-0.65237854,-0.50142719,-0.56830677,-0.62486526,0.78019666,0.02892278,0.42888836,0.37398381,-0.82230798,-0.00335399,-0.05585939,0.01084089
-0.6525861,-0.49997664,-0.56934577,-0.6235341,0.78127229,0.02861503,0.43050722,0.37368029,-0.82159992,0.02303325,-0.05049771,0.00784991
-0.65387379,-0.49589664,-0.57143267,-0.62023746,0.78386008,0.02947598,0.4333062,0.37369755,-0.82011923,0.01409233,-0.02853036,-0.00722685
-0.655516935,-0.489678772,-0.574902151,-0.616023869,0.787077112,0.0320037886,0.436820758,0.375132444,-0.817596191,-0.0127508743,0.00699329376,-0.000136334915
-0.65641553,-0.48591726,-0.57706385,-0.61365469,0.78885134,0.03378501,0.43880086,0.37629499,-0.81599968,-0.04094911,-0.00856787,0.00452597
-0.65911859,-0.47808137,-0.58051781,-0.60815509,0.79293276,0.03748367,0.44239135,0.37775104,-0.81338435,-0.07991295,-0.01956433,0.0288778
-0.66313011,-0.47099551,-0.58174022,-0.60190505,0.79754518,0.04039804,0.44493681,0.37694154,-0.8123708,-0.04541999,0.00689435,0.01157695
-0.66557863,-0.46760483,-0.5816793,-0.59858706,0.79996414,0.04184378,0.44575623,0.37603603,-0.81234124,-0.02431774,0.03361905,-0.0246528
-0.67033197,-0.4599572,-0.58231804,-0.59180185,0.80479469,0.04556381,0.44768906,0.37515978,-0.81168313,-0.03583501,0.06178761,-0.00650348
-0.67461281,-0.45320821,-0.5826662,-0.58560273,0.80913687,0.04865156,0.44940742,0.37403188,-0.81125406,-0.04740561,0.08527946,-0.01706798
-0.67663169,-0.45045799,-0.58245785,-0.58300446,0.81092152,0.05012073,0.44975032,0.3734888,-0.81131422,-0.05464099,0.10829055,-0.01439901
-0.67995854,-0.44633802,-0.58175513,-0.57922611,0.81344846,0.05290315,0.44961514,0.37293967,-0.81164187,-0.0688543,0.14649343,0.00306165
-0.681661274,-0.444234222,-0.581372091,-0.577407527,0.814632267,0.0545415361,0.449375233,0.372867519,-0.811807447,-0.0513174273,0.170562625,-0.000461133197
-0.68175961,-0.44424989,-0.58124526,-0.57748615,0.81456086,0.05477567,0.44912556,0.37300491,-0.81188286,-0.02211322,0.15267074,-0.01437103
-0.68064347,-0.44663652,-0.58072397,-0.57935682,0.81331513,0.053518,0.4484085,0.37287307,-0.81233955,-0.03386572,0.12920356,0.03994177
-0.67844058,-0.45146829,-0.57956406,-0.58298333,0.81089617,0.05077216,0.44704424,0.37232211,-0.81334335,-0.00756119,0.11061192,0.01577026
-0.67676299,-0.45455428,-0.57911343,-0.58547358,0.80920703,0.04903753,0.44633245,0.37224239,-0.8137709,0.01615403,0.12180424,-0.00439896
-0.67155612,-0.46041264,-0.58054477,-0.59167216,0.8048584,0.04611907,0.44602252,0.37446377,-0.81292092,0.02236395,0.05037653,-0.01220058
-0.6649562,-0.46589029,-0.58376298,-0.59853144,0.79992421,0.04337437,0.44675843,0.37824259,-0.81076455,0.02042437,-0.02669609,0.03496732
-0.66172105,-0.4691238,-0.58484892,-0.60198148,0.79743289,0.04146204,0.44692694,0.37950451,-0.81008197,0.01416991,-0.0476681,0.02743529
-0.65598251,-0.47631098,-0.58550386,-0.60839899,0.79278228,0.03670037,0.44669629,0.38029476,-0.80983843,0.00961259,-0.07857752,0.00616858
-0.65122541,-0.48229437,-0.58591593,-0.61303365,0.78942647,0.03155264,0.44731988,0.37973408,-0.80975726,0.02425277,-0.12601072,-0.00484642
-0.64953294,-0.4836891,-0.58664443,-0.61417141,0.78860977,0.0298011,0.44821905,0.37965705,-0.80929604,0.02641119,-0.16229784,-0.01346275
-0.64784355,-0.48324216,-0.58887697,-0.61408757,0.78872915,0.02833424,0.45077214,0.37997814,-0.8077261,0.00166553,-0.15013069,-0.0064991
-0.64901198,-0.47898394,-0.59106481,-0.61110108,0.79098309,0.03002006,0.45314313,0.38068375,-0.80606509,-0.03314424,-0.11170202,0.01708827
-0.65048503,-0.47620149,-0.59169362,-0.60887729,0.79264073,0.03145018,0.45402384,0.38072668,-0.8055492,-0.03233265,-0.0868879,0.01571634
-0.65436408,-0.47048261,-0.59199142,-0.6038165,0.79637559,0.03451896,0.45520695,0.38004215,-0.80520475,0.02307467,0.02242947,-0.00255083
-0.65436408,-0.47048261,-0.59199142,-0.6038165,0.79637559,0.03451896,0.45520695,0.38004215,-0.80520475,0.02307467,0.02242947,-0.00255083
-0.65895654,-0.46385898,-0.59212448,-0.59837718,0.80026469,0.03900278,0.45576454,0.38001488,-0.80490228,0.05663674,0.17086232,-0.04788003
-0.65866203,-0.46165613,-0.59416974,-0.59844093,0.80007809,0.04175483,0.45610581,0.38307784,-0.80325498,0.00679027,0.17834079,-0.0469911
-0.65567929,-0.46231436,-0.59695044,-0.60147782,0.79774034,0.04283409,0.45640862,0.38713791,-0.80113365,-0.03729219,0.12723279,-0.02397474
-0.65354175,-0.46418055,-0.59784573,-0.60398674,0.79586976,0.04232415,0.45616129,0.3887515,-0.80049301,-0.05105212,0.09436691,-0.02354949
-0.64394323,-0.47848205,-0.59698586,-0.61620065,0.78685464,0.03400815,0.45346881,0.38976238,-0.80153067,0.01772524,0.01952899,-0.02876272
-0.6414744,-0.48158326,-0.59714982,-0.61898554,0.78474792,0.0320556,0.45317463,0.39018998,-0.80148878,0.01639047,-0.01287472,-0.02308372
-0.63711095,-0.48591539,-0.59831088,-0.62335245,0.78139677,0.02916869,0.45334468,0.39154224,-0.80073298,-0.01319608,-0.10159302,0.02082567
-0.63415988,-0.48877494,-0.59911617,-0.62577039,0.77956087,0.02638671,0.45415036,0.39164256,-0.80022711,0.01094406,-0.13220358,0.0460889
-0.63337369,-0.48948829,-0.59936536,-0.62616159,0.77928379,0.02526678,0.45470791,0.3913029,-0.80007662,0.01386554,-0.1302945,0.04861731
-0.63318955,-0.48931355,-0.59970284,-0.62537858,0.77995503,0.02391273,0.45604043,0.39018258,-0.79986559,0.02899717,-0.09893829,0.02562706
-0.63378425,-0.48642524,-0.60142168,-0.62338368,0.78152146,0.02483945,0.45794142,0.39065931,-0.79854555,0.03084061,-0.03524065,-0.0025877
-0.63398632,-0.48414114,-0.60304931,-0.62229847,0.78234343,0.02614074,0.45913585,0.39184957,-0.79727533,0.00288983,-0.01911253,0.0158326
-0.63447084,-0.47974686,-0.60604395,-0.62041693,0.78373159,0.02911312,0.46100884,0.39447141,-0.79489791,-0.02848732,0.0358901,0.02785746
-0.63486887,-0.47651747,-0.60817141,-0.61943105,0.78439745,0.0320279,0.46178624,0.39705379,-0.79315924,-0.0243189,0.08113074,0.00523099
-0.63477468,-0.47534746,-0.60918451,-0.61929413,0.78445699,0.03319625,0.46209929,0.39833655,-0.79233332,-0.01873715,0.09454167,-0.00415887
-0.63400859,-0.47318074,-0.61166437,-0.6195439,0.78415632,0.03555614,0.46281601,0.4014958,-0.79031809,-0.01305795,0.08026206,-0.05020114
-0.63250191,-0.47179043,-0.61429214,-0.62055153,0.78327449,0.03737428,0.46352652,0.40483927,-0.78819288,-0.02305427,0.0634253,-0.02082073
-0.63171633,-0.47196744,-0.61496424,-0.62128526,0.78268562,0.03752085,0.46361504,0.40577078,-0.7876617,-0.01569883,0.04837441,-0.02542381
-0.63024264,-0.47337243,-0.61539658,-0.62271287,0.78159779,0.0365184,0.46370582,0.4062308,-0.78737137,-0.00926638,0.03697073,-0.03935897
-0.62865984,-0.47510332,-0.61568158,-0.62399693,0.78065409,0.03474264,0.46412801,0.4060247,-0.78722889,0.00383344,0.00488031,-0.02306818
-0.627866203,-0.476003397,-0.615795642,-0.624644099,0.780176825,0.0338201117,0.464330976,0.40588769,-0.787179364,0.000559989829,-0.000824093819,-0.0306722615
-0.62664299,-0.47779063,-0.61565755,-0.62590546,0.77922801,0.03234198,0.46428488,0.40561036,-0.78734953,-0.00633983,-0.01673645,-0.00970499
-0.62588634,-0.47973425,-0.61491568,-0.62709883,0.77831976,0.03107085,0.46369527,0.40505973,-0.7879805,0.00904476,-0.01839459,-0.00202127
-0.6257181,-0.48049915,-0.61448959,-0.62760624,0.77792226,0.03077936,0.46323568,0.4049167,-0.78832431,0.01071057,-0.02983361,0.0101678
-0.62549765,-0.48094824,-0.61436248,-0.6282719,0.77737195,0.03110054,0.4626304,0.40544003,-0.78841059,-0.0012431,-0.03937614,0.03651352
-0.62529202,-0.48048634,-0.61493343,-0.62836875,0.77727271,0.03162119,0.46277744,0.40617738,-0.78794503,0.00950549,-0.0115,0.03724207
-0.62519402,-0.47983489,-0.61554093,-0.62823821,0.77735797,0.03211386,0.46308628,0.40678376,-0.78745016,-0.0016344,-0.00880635,0.02198114
-0.62516163,-0.47814208,-0.61688986,-0.62751793,0.77790284,0.03299138,0.4641058,0.40773439,-0.78635773,-0.00755954,-0.02474201,0.01112412
-0.62528906,-0.47618123,-0.61827588,-0.62611321,0.77902376,0.03322989,0.46582815,0.40788897,-0.7852584,-0.01421716,-0.03275758,0.01529822
-0.62545586,-0.47526578,-0.6188112,-0.62525517,0.77971716,0.03312264,0.46675565,0.40763167,-0.78484105,0.00161522,-0.01252598,0.00365775
-0.62604898,-0.47320778,-0.6197878,-0.62331052,0.78127332,0.03310546,0.46855791,0.40704592,-0.78407075,0.01530552,0.01384723,-0.00859886
-0.62674014,-0.470520863,-0.621133561,-0.621399339,0.782753451,0.0340572237,0.470169803,0.407317015,-0.78296436,0.000555247068,0.0298836231,-0.00786495954
-0.62710832,-0.46907649,-0.62185374,-0.62052511,0.7834129,0.03482491,0.47083268,0.4077149,-0.78235848,-0.00215924,0.03007555,-0.0176605
-0.62757531,-0.4663345,-0.62344303,-0.61906263,0.78449938,0.03636154,0.47213402,0.40876991,-0.7810227,-0.0236277,0.0405581,-0.01106644
-0.62772605,-0.46479227,-0.62444222,-0.61840699,0.78496839,0.0373821,0.47279249,0.40962516,-0.78017589,-0.02218946,0.06159818,-0.00461198
-0.6275674,-0.46472478,-0.62465192,-0.61848509,0.78490491,0.03742296,0.47290098,0.40982333,-0.78000609,-0.01155341,0.06087387,-0.00328834
-0.626674143,-0.46557969,-0.62491184,-0.619343083,0.784257897,0.0367921259,0.472962367,0.410091536,-0.779827701,0.000312122749,0.0559729338,-0.00743403565
-0.625040913,-0.466907429,-0.625556878,-0.620719194,0.783223433,0.0356194946,0.473319803,0.410558789,-0.779365094,-0.00076992868,0.0309069157,0.000644127256
-0.624090147,-0.46766252,-0.625941579,-0.621502559,0.782632889,0.0349324717,0.47354584,0.410825358,-0.77908692,-0.000409501285,0.0127954483,-0.000360918202
-0.62192114,-0.46958317,-0.62666231,-0.62335089,0.78123612,0.03322331,0.47397012,0.4112928,-0.77858234,0.0055402,0.00765836,0.005016
-0.61985175,-0.47170774,-0.62711701,-0.62526316,0.77977875,0.03148176,0.47416234,0.41162717,-0.7782887,-0.00095274,0.0016315,0.00826469
-0.61985175,-0.47170774,-0.62711701,-0.62526316,0.77977875,0.03148176,0.47416234,0.41162717,-0.7782887,-0.00095274,0.0016315,0.00826469
-0.61702632,-0.47330846,-0.62869522,-0.62717358,0.77831754,0.02958239,0.47532292,0.41255414,-0.77708897,-0.00875178,-0.02523351,0.00780124
-0.61558122,-0.47347964,-0.62998122,-0.62773297,0.77789821,0.02873391,0.47645631,0.4131481,-0.7760783,0.00556748,-0.0394038,0.00657834
-0.615046,-0.47369635,-0.63034149,-0.62796115,0.77773127,0.02826477,0.47684738,0.41321407,-0.77580342,0.01249938,-0.0350458,0.00172952
-0.615046,-0.47369635,-0.63034149,-0.62796115,0.77773127,0.02826477,0.47684738,0.41321407,-0.77580342,0.01249938,-0.0350458,0.00172952
-0.61423973,-0.47332162,-0.63140814,-0.62803752,0.77767952,0.02798991,0.47778495,0.41374051,-0.7749454,-0.01076857,-0.01383567,-0.01777601
-0.61423748,-0.47273272,-0.63185144,-0.62775474,0.77789826,0.02825424,0.47815944,0.41400253,-0.77457448,-0.00817785,-0.01044446,-0.01495968
-0.61455181,-0.47119751,-0.63269149,-0.62694582,0.77851652,0.02917029,0.47881579,0.41459001,-0.77385403,-0.01364419,-0.0023911,-0.01896285
-0.61518879,-0.46997485,-0.63298208,-0.62611489,0.77915304,0.03001121,0.4790854,0.41478207,-0.77358447,0.00668296,0.020244,-0.02120308
-0.61550773,-0.469513192,-0.633014845,-0.625751415,0.779432573,0.0303324506,0.479150913,0.414779766,-0.773545322,0.000534714665,0.0221165419,-0.0150427045
-0.61625307,-0.46867179,-0.63291295,-0.62512177,0.77990551,0.0311473,0.47901443,0.4148423,-0.7735961,-0.01995043,0.02046871,-0.01742335
-0.61684101,-0.46846842,-0.63249062,-0.62469681,0.78023826,0.03133906,0.47881202,0.41444611,-0.77393368,0.00709217,0.00758803,-0.01162408
-0.61705468,-0.46841637,-0.63232074,-0.62452561,0.78037468,0.03135467,0.47876005,0.41424806,-0.77407186,-0.00220167,0.01583052,-0.02305868
-0.61759163,-0.46866003,-0.63161559,-0.6242787,0.7805773,0.03122778,0.47838958,0.41359019,-0.77465248,-0.00110146,0.01483262,-0.02682654
-0.618075429,-0.468997344,-0.630891523,-0.624146114,0.780687899,0.0311129146,0.477937496,0.41299864,-0.775246876,0.000525534153,-0.0049943924,-0.0133728255
