0,1,2,3,4,5,6,7,8,9,10,11
-0.524520319,-0.506973879,-0.683999779,-0.75790245,0.644052666,0.103826715,0.387894427,0.572864379,-0.722055443,-0.000354795833,0.0128307343,-0.00931530632
-0.5248809,-0.50682598,-0.68383263,-0.75768889,0.64426459,0.10407014,0.38782366,0.5727569,-0.72217857,0.00470091,0.01401079,-0.01118989
-0.52520712,-0.50633816,-0.68394401,-0.75744838,0.64447217,0.10453535,0.38785267,0.57295493,-0.7220064,0.00675524,0.00316513,-0.00698291
-0.5253991,-0.50606686,-0.68399689,-0.75732295,0.64457233,0.10482542,0.38783676,0.57308181,-0.72191374,0.00256979,0.00247693,-0.00438812
-0.525477859,-0.505719068,-0.684193687,-0.75727079,0.644578228,0.10516559,0.387832087,0.573382137,-0.721677853,0.00633422239,0.000247120857,-0.00696170051
-0.52536914,-0.50565353,-0.68432572,-0.75728558,0.64457104,0.10510329,0.38795069,0.57344804,-0.72156186,,,
-0.525304817,-0.505725193,-0.684321905,-0.757337924,0.644519162,0.105043914,0.387935187,0.573443096,-0.721573867,0.00012311677,0.00584185123,0.00622947793
-0.5252213,-0.50611823,-0.68409542,-0.75741662,0.64448203,0.10470381,0.38789466,0.57313799,-0.72183803,-0.00505034,0.01655138,0.00882743
-0.52561177,-0.50638347,-0.68359908,-0.75724021,0.64469495,0.10466903,0.38771017,0.57266406,-0.72231316,0.00321888,0.00962651,-0.00976226
-0.52584381,-0.5063788,-0.68342403,-0.75713114,0.6448028,0.10479354,0.38760847,0.57254674,-0.7224607,0.00483593,0.0116967,-0.01180927
-0.52616944,-0.50594714,-0.68349334,-0.7568583,0.64506575,0.10514597,0.38769984,0.57263222,-0.72234417,0.00079449,0.01056254,-0.00305076
-0.5263217,-0.50549351,-0.68371161,-0.7566685,0.64524153,0.10543295,0.38786342,0.57283473,-0.72209562,-0.00467661,0.00350714,0.00340842
-0.526395549,-0.50527525,-0.683816259,-0.756594901,0.645299794,0.105604629,0.387907089,0.572961695,-0.721971619,-0.00921874959,-0.000165939331,-0.000848027994
-0.526499239,-0.505357716,-0.683675238,-0.756622455,0.645248046,0.105722991,0.387712153,0.572947178,-0.722087585,0.00517804548,-0.000184416771,0.00106473209
-0.52653936,-0.50554014,-0.6835098,-0.75668672,0.64517226,0.10572606,0.38753281,0.57287168,-0.72224411,,,
-0.52659383,-0.50553072,-0.68347495,-0.75670321,0.64513402,0.10584151,0.38742684,0.57292309,-0.72226033,,,
-0.52653463,-0.50552914,-0.68352171,-0.75674512,0.64508535,0.10583851,0.38742542,0.57297928,-0.72221651,-0.00195108,0.00423729,0.00507939
-0.52665747,-0.50545897,-0.68347853,-0.7566506,0.64518593,0.10590057,0.38744231,0.57292782,-0.72224781,-0.00238023,0.00942743,0.01188294
-0.52724941,-0.50533418,-0.6831146,-0.75631092,0.6455331,0.10621131,0.38730089,0.57264685,-0.72254671,-0.00198295,0.01275647,0.003733
-0.52803251,-0.50502192,-0.68274047,-0.75579711,0.64606354,0.10664256,0.38723689,0.57232401,-0.72283666,0.00860382,0.007388,-0.00640396
-0.52846544,-0.5046833,-0.68265583,-0.75549236,0.64636081,0.10699992,0.3872409,0.57228703,-0.72286372,0.00668059,0.00479126,-0.00295871
-0.52921246,-0.50397475,-0.68260047,-0.75498222,0.64682962,0.10776479,0.38721544,0.57238173,-0.72280226,-0.00704585,-0.0083822,-0.01046367
-0.529545636,-0.503423969,-0.682748342,-0.754670677,0.647125038,0.108172338,0.387366958,0.572532439,-0.722601525,-0.00197787676,0.00624656677,0.000189215847
-0.52956009,-0.50326022,-0.68285804,-0.75460694,0.64718999,0.10822865,0.3874717,0.57260303,-0.72248964,-0.00581977,0.00750744,0.001905
-0.529618999,-0.503317738,-0.682769852,-0.754533011,0.647294496,0.108118922,0.387534967,0.572434294,-0.722589295,-0.000309305964,0.00732529163,0.00282794726
-0.52977245,-0.50368843,-0.68237763,-0.75446014,0.64742503,0.10784593,0.38746762,0.5719605,-0.72300079,-0.00187824,0.01198328,-0.0021661
-0.52999868,-0.50381257,-0.68211,-0.75432894,0.6475854,0.10780047,0.38741323,0.57166947,-0.7232598,0.00407481,0.01067483,-0.00901595
-0.5304068,-0.5038397,-0.68177282,-0.75407675,0.64786661,0.1078754,0.38734594,0.57132688,-0.72356666,0.00717367,0.02205014,-0.0122732
-0.53077943,-0.50352705,-0.68171359,-0.75379706,0.6481424,0.1081728,0.38737953,0.57128966,-0.72357785,0.00255702,0.00768089,-0.008652
-0.53091176,-0.50325419,-0.68181224,-0.75371252,0.64819285,0.10845957,0.38736308,0.57147288,-0.72344219,0.00209936,0.00473118,-0.00582157
-0.53092595,-0.50297845,-0.68200456,-0.75371221,0.64814601,0.1087411,0.3873441,0.57176866,-0.72321853,0.00429802,0.0044893,0.00509958
-0.53097525,-0.5029584,-0.68198083,-0.75378678,0.64802101,0.10896878,0.38713112,0.57192792,-0.7232065,0.00307506,0.00709474,0.0038079
-0.53103442,-0.50293182,-0.68195466,-0.7537606,0.6480416,0.10902783,0.38710144,0.57192805,-0.72322259,0.00361623,0.01102209,-0.00676692
-0.53103899,-0.50283059,-0.68202554,-0.75376572,0.64801667,0.10914026,0.38708484,0.57204524,-0.72313857,0.00825646,0.01257992,0.00106876
-0.53104383,-0.50272935,-0.6820965,-0.75377093,0.64799167,0.10925282,0.38706825,0.57216255,-0.72305475,,,
-0.53115685,-0.502693465,-0.682034889,-0.75376082,0.647974047,0.109426869,0.386932726,0.572214029,-0.723086487,0.00430110842,0.00702285767,-0.000434147601
-0.53120625,-0.50275742,-0.68194927,-0.75378771,0.64793282,0.10948578,0.38681252,0.57220453,-0.72315832,0.00627819,0.01334274,-0.00498154
-0.53093059,-0.5025412,-0.68232309,-0.75390798,0.64778558,0.10952871,0.38695634,0.57256102,-0.72279899,0.01468099,0.00967526,-0.01801701
-0.53065499,-0.50232502,-0.68269678,-0.7540284,0.64763824,0.10957137,0.3871001,0.57291735,-0.7224398,0.00735334,0.01713169,-0.00185234
-0.52945644,-0.50303742,-0.68310267,-0.75465912,0.64710189,0.10839169,0.38751196,0.57289833,-0.72223404,0.00182917,0.00719881,0.0172697
-0.529309914,-0.503502239,-0.682873773,-0.754791351,0.6470144,0.107992598,0.387454658,0.572588752,-0.722510276,0.011629479,-0.000381112099,0.00501826499
-0.528834446,-0.504444421,-0.682546846,-0.755224286,0.646633986,0.107241885,0.387260441,0.572189104,-0.722931016,0.0136414664,-0.000449061394,-0.0221137423
-0.52771159,-0.50466831,-0.68324981,-0.75587912,0.64596115,0.10668145,0.38751408,0.57275131,-0.72234942,,,
-0.5269171,-0.50444237,-0.68402938,-0.75621728,0.64560915,0.10641537,0.3879352,0.57334693,-0.72165053,-0.00506754,0.01995647,0.01756527
-0.525263523,-0.505055455,-0.684848377,-0.756965755,0.644975591,0.104925452,0.388717323,0.573520264,-0.721091839,0.000262220623,-0.000288367271,0.0146582359
-0.52360501,-0.5070255,-0.6846626,-0.75816209,0.64388149,0.10298964,0.3886232,0.57301113,-0.72154708,0.02581467,-0.02069181,-0.00238491
-0.52360501,-0.5070255,-0.6846626,-0.75816209,0.64388149,0.10298964,0.3886232,0.57301113,-0.72154708,0.02581467,-0.02069181,-0.00238491
-0.52033957,-0.5109119,-0.68426294,-0.75989429,0.64261086,0.09804056,0.38962472,0.57098188,-0.72261489,-0.00497453,0.00194359,0.02054895
-0.51737999,-0.51351906,-0.6845552,-0.76134275,0.64146702,0.09421898,0.39073632,0.56992822,-0.72284619,0.00226689,0.01516354,-0.01983302
-0.51563551,-0.51429252,-0.68529045,-0.7621755,0.64070566,0.09265373,0.39141833,0.57008719,-0.72235174,0.00875657,0.0101186,-0.01098687
-0.51219221,-0.51542946,-0.68701639,-0.76407622,0.63875813,0.09041877,0.3922328,0.5712447,-0.72099432,-0.02465567,-0.00398338,0.01315239
-0.50908708,-0.51840858,-0.68708286,-0.76647528,0.6362348,0.08786873,0.39159412,0.57136487,-0.72124627,-0.03907293,0.06252193,-0.06536825
-0.50755827,-0.52077462,-0.68642428,-0.76797103,0.63463381,0.08637358,0.39064687,0.57099361,-0.72205345,0.04007969,0.05325651,-0.07821736
-0.50442845,-0.52273602,-0.68724006,-0.77039356,0.63190152,0.08481866,0.38993026,0.57223028,-0.72146156,-0.04977789,0.00626576,-0.02988144
-0.5008184,-0.52289045,-0.68975815,-0.77292774,0.6288429,0.08449422,0.38956828,0.57544951,-0.71909262,-0.03592069,-0.01506144,0.01371438
-0.49977179,-0.52438986,-0.68937893,-0.77442244,0.6270028,0.08448276,0.3879406,0.57609264,-0.71945759,-0.05933741,0.02233064,-0.00665441
-0.50051277,-0.52644741,-0.68726989,-0.77568278,0.62524055,0.08596762,0.38445155,0.57613135,-0.72129706,-0.02768336,0.03666341,-0.08067521
-0.50095938,-0.52699599,-0.68652382,-0.77636175,0.62420451,0.08735663,0.38249467,0.57675295,-0.72184063,-0.01949631,-0.00207698,-0.11119978
-0.5006259,-0.52521242,-0.68813197,-0.77779816,0.62185773,0.09123033,0.38000488,0.58090005,-0.71982734,-0.0585244,-0.04218876,-0.05101964
-0.49958179,-0.52490695,-0.68912311,-0.77918944,0.61989563,0.09269949,0.37852579,0.58326844,-0.71869052,-0.08116419,-0.03668451,0.03988092
-0.49951372,-0.52621613,-0.68817335,-0.77995061,0.61891114,0.09287637,0.3770451,0.58313426,-0.71957719,-0.08403955,-0.0542866,0.02664386
-0.49937018,-0.53118263,-0.68445184,-0.78188259,0.61661182,0.09192087,0.37321431,0.58106355,-0.72324,-0.075261,-0.09645921,-0.02380042
-0.49749466,-0.53724118,-0.68108079,-0.78464268,0.61349586,0.08921156,0.36991213,0.57878732,-0.72675328,-0.02314099,-0.08950603,-0.04348718
-0.49208601,-0.54611961,-0.67794152,-0.78994676,0.60737969,0.08410724,0.3658353,0.57692571,-0.73028847,-0.03027188,0.01091826,-0.04530795
-0.48832507,-0.5530014,-0.67507626,-0.79364668,0.6030876,0.08006405,0.36285458,0.57486934,-0.73339052,-0.07497045,-0.02732718,-0.0408027
-0.48621638,-0.5559874,-0.67414522,-0.79547826,0.60092496,0.07812529,0.36167403,0.57425364,-0.73445545,-0.04988742,-0.0767917,-0.01552761
-0.48067803,-0.56222718,-0.67294066,-0.79968841,0.59591973,0.07333549,0.35978739,0.57339363,-0.73605207,0.02477496,-0.0927158,0.00739767
-0.47422451,-0.56953437,-0.67137295,-0.80402994,0.59083415,0.06671462,0.35867379,0.57144167,-0.73811071,0.01451697,-0.03901386,0.06577662
-0.47128407,-0.57439771,-0.66929718,-0.80592742,0.58873418,0.06223413,0.358291,0.56873488,-0.74038391,0.00307134,-0.03540421,0.09995206
-0.46559833,-0.58508483,-0.66399836,-0.80951687,0.58475556,0.05237687,0.35763181,0.56190449,-0.74589724,-0.04135723,-0.08695763,0.01434862
-0.45924101,-0.59735737,-0.65746611,-0.81359382,0.57996079,0.04135861,0.35659868,0.55390397,-0.75234803,0.04514577,-0.01428056,-0.04606748
-0.44921287,-0.61193282,-0.65095763,-0.81973785,0.57205785,0.02792179,0.35529914,0.54615747,-0.75860024,0.06755131,0.04994345,-0.06956626
-0.44231223,-0.6188965,-0.64909702,-0.82386077,0.56638944,0.02136396,0.35441961,0.54421513,-0.76040552,-0.00132738,-0.02613866,-0.04084447
-0.43883862,-0.62152435,-0.64894396,-0.82577606,0.56369326,0.01854288,0.3542805,0.5440197,-0.7606103,-0.03664993,-0.02954555,0.02522011
-0.43339405,-0.62722494,-0.64711545,-0.82893639,0.5591879,0.01316541,0.35360145,0.54212337,-0.76227828,-0.03151775,0.12688279,0.0896453
-0.43088161,-0.63337193,-0.6427917,-0.83149253,0.55544473,0.01006806,0.35065845,0.53881461,-0.76597496,0.0045397,0.07312572,-0.02852882
-0.43052106,-0.63617575,-0.64025927,-0.83238711,0.55411946,0.0091258,0.3489745,0.53687243,-0.76810459,0.01369275,0.03338706,-0.0669356
-0.43029008,-0.63887594,-0.63772067,-0.83342556,0.55256196,0.0087756,0.34677363,0.53526882,-0.77021745,0.01988363,-0.04053074,-0.06841263
-0.4290641,-0.64040418,-0.63701371,-0.83446148,0.55100649,0.00811695,0.34580056,0.5350461,-0.77080973,0.0143812,0.0117172,0.01772421
-0.4284997,-0.64153284,-0.63625725,-0.83509666,0.55004779,0.00780363,0.34496558,0.53468021,-0.77143723,-0.0156393,-0.0371623,0.00938837
-0.4249469,-0.64960776,-0.63042011,-0.83934414,0.54357082,0.0056614,0.33900025,0.53154529,-0.7762332,0.05970262,-0.02767044,-0.04057471
-0.4233456,-0.65164548,-0.62939364,-0.84088345,0.54119044,0.0052752,0.33718422,0.53147999,-0.77706847,0.04652667,0.01777971,-0.03304021
-0.419501907,-0.655286005,-0.628186531,-0.844387469,0.535709021,0.00506151207,0.333208445,0.532556165,-0.778046244,0.0274958871,-0.000450849533,-0.0423293673
-0.41383811,-0.65807344,-0.62902893,-0.8485679,0.52906492,0.00477905,0.32965217,0.53575151,-0.77736722,0.04292855,-0.04721212,-0.04077761
-0.41036317,-0.65890878,-0.63042942,-0.85074404,0.52556123,0.00446859,0.32838486,0.53816782,-0.77623368,0.00837414,0.07246792,0.00192457
-0.4051284,-0.66201827,-0.63055761,-0.85450949,0.51942281,0.00367706,0.32509174,0.54030712,-0.77613383,0.01070763,0.14219558,0.05155683
-0.40174813,-0.6656125,-0.62893403,-0.85727109,0.51485797,0.0027211,0.32200046,0.54026024,-0.77745356,0.00349407,0.00944126,-0.03265339
-0.39980727,-0.66759542,-0.62806871,-0.85852474,0.51276998,0.00146744,0.32107511,0.53979925,-0.77815634,0.02449419,-0.04208207,-0.03446054
-0.39433279,-0.67219093,-0.62662645,-0.86123161,0.50820258,-0.00318714,0.32059551,0.53841377,-0.77931301,0.03255817,-0.09763396,-0.01936662
-0.38806129,-0.67818729,-0.62407572,-0.86404427,0.50332266,-0.00968623,0.32068053,0.53547018,-0.78130388,0.03604877,-0.02373582,0.01206573
-0.3851032,-0.68205928,-0.62168386,-0.86541936,0.50086839,-0.01342523,0.32053861,0.53284712,-0.78315333,0.00751239,0.00261176,-0.00228299
-0.37935319,-0.69043574,-0.61594587,-0.8680952,0.49594173,-0.02126977,0.32015863,0.52663096,-0.78750102,-0.02605717,-0.05258703,-0.01116095
-0.37309372,-0.69752446,-0.61176866,-0.87064758,0.49105664,-0.02891777,0.32058394,0.52184583,-0.79050814,0.00417777,-0.08579683,-0.0340573
-0.36926721,-0.70042111,-0.61077979,-0.87203852,0.48833768,-0.03278886,0.32123279,0.52051567,-0.79112128,0.03139849,-0.05937123,-0.01432056
-0.36194772,-0.70534522,-0.60949321,-0.87456307,0.48326677,-0.03990823,0.32269689,0.51859556,-0.79178619,0.03946793,0.00913298,-0.02291829
-0.35547658,-0.7101526,-0.60771663,-0.87723349,0.47791733,-0.04534706,0.32264162,0.51698959,-0.79285806,-0.03446428,-0.01479381,-0.0318736
-0.35213488,-0.71287829,-0.60646975,-0.87865713,0.47501567,-0.04818464,0.32243242,0.51591148,-0.79364517,-0.02524168,-0.02345979,-0.00573745
-0.345146201,-0.717423294,-0.605126079,-0.881352873,0.469385884,-0.053794683,0.322631162,0.514762637,-0.794309826,0.000782206189,-0.0373009443,0.0177235939
-0.33858389,-0.72078993,-0.60483276,-0.88351555,0.46465266,-0.05914483,0.32366813,0.51435369,-0.79415302,0.00428184,0.03091645,0.02104564
-0.33585371,-0.72261867,-0.60417264,-0.88445891,0.46253991,-0.06155723,0.32393636,0.51369164,-0.79447227,0.01413806,0.04587114,0.03909214
-0.33133461,-0.72674819,-0.60170956,-0.88597482,0.45894737,-0.06645236,0.32444715,0.51108155,-0.79594574,-0.00183648,-0.03084517,0.00468129
-0.32771132,-0.73033978,-0.59934051,-0.88711582,0.4560962,-0.07072319,0.32500888,0.50850767,-0.79736385,0.01611811,-0.08671111,-0.03190082
-0.32574819,-0.73129535,-0.59924528,-0.88761494,0.45483515,-0.07255739,0.32561866,0.50826367,-0.7972704,0.02355656,-0.06148374,-0.02428914
-0.32092144,-0.73223164,-0.60070476,-0.88864226,0.45218507,-0.07644325,0.32760389,0.50927936,-0.79580786,-0.02935049,0.00115955,-0.04298121
-0.316009488,-0.735470425,-0.599350482,-0.889967,0.448705778,-0.0813741808,0.328780301,0.507687179,-0.796339683,-0.0240519717,-0.0402282476,0.000347500667
-0.31424145,-0.73732439,-0.59800082,-0.89051304,0.44723358,-0.08347827,0.3289966,0.50629521,-0.79713631,-0.03254889,-0.0911501,-0.00381372
-0.31222402,-0.73925729,-0.59666968,-0.89115795,0.44553009,-0.08567618,0.32917103,0.50497679,-0.7979002,-0.02112411,0.01493204,-0.04967333
-0.31026621,-0.73915054,-0.59782222,-0.89162251,0.44439912,-0.08671063,0.32976388,0.50612837,-0.79692529,-0.00437106,0.08646965,0.03091637
-0.3090906,-0.73950096,-0.59799776,-0.89179797,0.44381572,-0.08788624,0.33039276,0.50612837,-0.79666472,0.0014277,0.04743946,0.04956523
-0.30769549,-0.74211134,-0.59547802,-0.8917118,0.44323469,-0.09161327,0.33192375,0.50280582,-0.79813076,0.00809876,-0.01692986,0.02607769
-0.30776316,-0.74484421,-0.59202105,-0.89119819,0.44359481,-0.09481259,0.33323808,0.49842827,-0.80032596,0.0344122,0.00180054,-0.02369304
-0.30818591,-0.74511478,-0.59146031,-0.89076983,0.44429208,-0.09556994,0.3339917,0.49740171,-0.80065033,0.02606856,0.02720106,-0.02425382
-0.30811291,-0.74479126,-0.59190549,-0.88967571,0.44594787,-0.09801787,0.33696182,0.49640342,-0.80002498,0.03081888,0.07690012,0.03066499
-0.30734801,-0.74589815,-0.59090851,-0.88822209,0.44769019,-0.10312563,0.34146513,0.49316258,-0.80011989,0.03941403,0.02708113,0.02649124
-0.30732965,-0.74672134,-0.5898778,-0.88738216,0.44874647,-0.1057334,0.34365897,0.49095201,-0.80054029,0.02731139,0.01894069,-0.00273526
-0.30784477,-0.7472705,-0.58891304,-0.88574691,0.45109582,-0.10938483,0.34739629,0.48795433,-0.80076004,0.03417756,0.04405534,-0.04813595
-0.30778191,-0.74618114,-0.59032532,-0.88431035,0.45329011,-0.11190744,0.35109185,0.48758771,-0.7993702,-0.0177369,0.04115963,0.00361635
-0.30733363,-0.74574902,-0.59110421,-0.88349897,0.45437666,-0.11389167,0.35351853,0.48723726,-0.79851371,-0.026959,0.01628256,0.03883271
-0.30651896,-0.74728741,-0.58958248,-0.88148969,0.45658601,-0.12043706,0.3591962,0.48279465,-0.79867841,0.03931105,-0.05780613,0.03673341
-0.30629948,-0.74932111,-0.58711046,-0.87929954,0.45900184,-0.12708152,0.36470966,0.47732093,-0.79946973,0.05159601,-0.01320374,-0.0214722
-0.30652434,-0.7496521,-0.58657015,-0.87823774,0.46037594,-0.12943131,0.36707123,0.4754742,-0.7994892,0.03377971,0.00793564,-0.02275156
-0.30330622,-0.75162948,-0.58571176,-0.87557806,0.46236587,-0.13993132,0.37598962,0.47039436,-0.79834872,0.02830541,-0.09440684,-0.00721767
-0.3024007,-0.75243457,-0.58514613,-0.87518384,0.46239118,-0.14229415,0.37763344,0.46908059,-0.79834599,0.04102005,-0.10153973,-0.02793485
-0.30139808,-0.75255699,-0.58550565,-0.87436804,0.46306556,-0.14508859,0.38031491,0.46821804,-0.79757885,0.03028055,-0.03317738,-0.03560237
-0.30027364,-0.7509269,-0.58817059,-0.87370739,0.46393935,-0.14627273,0.38271562,0.46996713,-0.79539915,-0.01769726,0.03644454,0.0157879
-0.29899673,-0.75045857,-0.58941738,-0.87330811,0.46415468,-0.14796402,0.38462171,0.47050222,-0.79416229,-0.00793877,0.00755656,0.02961238
-0.29691985,-0.75021994,-0.59076928,-0.8718884,0.46529735,-0.15267242,0.38942125,0.46975344,-0.79226407,0.01251752,-0.01267534,-0.00437115
-0.29753162,-0.74868354,-0.59240844,-0.87022769,0.46788129,-0.15424272,0.3926558,0.46963815,-0.79073462,-0.00455564,0.04429221,-0.01442075
-0.29837778,-0.74750116,-0.59347518,-0.86954032,0.469273,-0.15389127,0.39353579,0.47013286,-0.79000303,-0.02043864,0.05599582,0.00716039
-0.29951024,-0.74601387,-0.59477478,-0.86841737,0.47134724,-0.15389312,0.39515186,0.47042017,-0.78902473,-0.01886294,0.07904208,0.04106073
-0.30020962,-0.7465755,-0.59371652,-0.86765568,0.47232063,-0.15519947,0.39629269,0.46854912,-0.78956567,0.00465026,0.06676602,0.01629225
-0.30102107,-0.74704339,-0.59271619,-0.86733926,0.47282253,-0.15543956,0.39636967,0.46729544,-0.7902696,0.01102149,0.03966999,-0.018883
-0.30351346,-0.74713426,-0.59132885,-0.86673803,0.4742749,-0.15436465,0.39578354,0.46567547,-0.79151849,0.05481972,0.06099379,-0.02643585
-0.30526705,-0.74561761,-0.59233969,-0.86630417,0.47571464,-0.15235689,0.39538463,0.46663682,-0.79115165,0.0163949,0.14275563,0.03796224
-0.30647782,-0.74301189,-0.59498267,-0.86511927,0.478145,-0.15147899,0.39703866,0.46830606,-0.78933475,0.02173781,0.01515162,0.05237242
-0.30797274,-0.74046797,-0.59737744,-0.86446505,0.48000558,-0.14931428,0.39730693,0.47042721,-0.78793731,-0.00099228,-0.00133657,0.00985764
-0.30886384,-0.73920809,-0.59847669,-0.8643326,0.48073817,-0.14771562,0.39690316,0.47165892,-0.78740429,-0.03068018,0.01884818,0.01629237
-0.31029755,-0.73828629,-0.59887275,-0.86455525,0.48111627,-0.14515945,0.39529664,0.47271599,-0.78757849,-0.00959296,0.0675472,0.06344602
-0.31076547,-0.73949322,-0.59713859,-0.864911,0.4805338,-0.14496961,0.39414931,0.4714202,-0.78892913,0.0306256,0.02754295,0.00613145
-0.31086291,-0.73995421,-0.59651635,-0.86503743,0.4802989,-0.14499346,0.39379465,0.47093591,-0.78939519,0.04099767,0.0094831,-0.02375706
-0.31218354,-0.73896574,-0.59705193,-0.86508318,0.48086423,-0.14283083,0.392648,0.47191016,-0.78938473,-0.00639085,0.00678372,-0.04591214
-0.3136925,-0.73650592,-0.59929626,-0.86518595,0.48174957,-0.13917831,0.39121636,0.47484352,-0.7883358,-0.02280781,0.08437228,0.03822135
-0.31399544,-0.73577177,-0.60003877,-0.86514472,0.48205473,-0.13837541,0.39106423,0.47567116,-0.78791204,-0.00994913,0.06728256,0.06987715
-0.31496478,-0.73489149,-0.60060935,-0.86451374,0.48329556,-0.13799046,0.39167985,0.47577291,-0.78754487,0.01556684,-0.02716237,0.0208389
-0.31728666,-0.73347732,-0.60111562,-0.86313891,0.4859311,-0.13733939,0.39283608,0.47527035,-0.78727227,-0.00767366,-0.07474214,-0.02723086
-0.31913664,-0.7326161,-0.60118669,-0.8622271,0.48773868,-0.13665793,0.3933398,0.47474691,-0.78733674,-0.01755387,-0.05493021,-0.02395759
-0.32297025,-0.73128018,-0.60076583,-0.86025202,0.49146239,-0.13576162,0.3945336,0.47296304,-0.78781298,-0.03032678,0.00980306,0.01333618
-0.32651577,-0.73112843,-0.59903143,-0.85812336,0.49499232,-0.13640709,0.39624706,0.4695038,-0.78902118,0.00745695,-0.0361073,0.01013602
-0.32869507,-0.73076048,-0.59828822,-0.85673202,0.49730605,-0.1367369,0.39745428,0.46762792,-0.78952795,0.01690779,-0.07849669,-0.02056151
-0.33453003,-0.72848735,-0.59782601,-0.85331759,0.50337132,-0.13589127,0.39992355,0.46467573,-0.79002389,0.01055855,-0.10343093,-0.05547813
-0.3417074,-0.72470916,-0.59835828,-0.84971598,0.51025495,-0.13275018,0.40152054,0.46307289,-0.79015485,0.00142447,0.08756566,-0.01552921
-0.34517473,-0.72281999,-0.5986532,-0.84811966,0.51338978,-0.1308586,0.40192965,0.46256047,-0.79024702,-0.01550414,0.18797398,0.04263714
-0.35125683,-0.720263651,-0.598196109,-0.845387539,0.518588852,-0.12800545,0.402415482,0.460744788,-0.791059786,-0.000330719166,0.109709263,0.0621993542
-0.35569657,-0.71921655,-0.59683108,-0.8432106,0.52237604,-0.12696102,0.40308271,0.45809471,-0.79225838,0.09718056,-0.02494413,-0.02107306
-0.35789278,-0.71784838,-0.59716537,-0.84213327,0.52441706,-0.12569137,0.40339105,0.45790879,-0.79220908,0.09287445,0.01567042,-0.04863141
-0.36255622,-0.7130262,-0.60012218,-0.83994628,0.52899165,-0.12107061,0.40378613,0.46017549,-0.79069291,0.04835986,0.17521226,0.019037
-0.36387498,-0.70931174,-0.60371502,-0.83925489,0.53081889,-0.11782414,0.40403738,0.46379753,-0.78844506,-0.01521069,0.21836138,0.09051962
-0.36320868,-0.70877133,-0.60474994,-0.83944661,0.53055471,-0.11764793,0.4042384,0.46492456,-0.78767776,-0.00743115,0.15545595,0.08387865
-0.36121703,-0.70875927,-0.60595583,-0.83996658,0.52951156,-0.11863232,0.40494237,0.46613064,-0.7866027,0.00821645,0.09430397,0.01598722
-0.35944171,-0.7082652,-0.60758713,-0.84044555,0.52865567,-0.11905661,0.40552804,0.46784999,-0.78527923,-0.03154935,0.17283928,-0.01153934
-0.35864699,-0.70804188,-0.6083165,-0.84065145,0.52828199,-0.1192613,0.40580464,0.46860945,-0.78468318,-0.05155792,0.15564597,-0.01403978
-0.3560954,-0.70886832,-0.60885279,-0.84149443,0.52656392,-0.12090303,0.40630423,0.46929322,-0.78401573,-0.02149163,0.06763494,-0.02181336
-0.35283257,-0.71061938,-0.60871108,-0.84292998,0.52379904,-0.12289663,0.406175,0.46973889,-0.78381573,0.00600134,0.0406121,-0.04625884
-0.35128688,-0.71121058,-0.60891435,-0.84372886,0.52239251,-0.12339995,0.40585562,0.47040987,-0.78357852,0.00587455,0.0694834,-0.01525321
-0.3483084,-0.71116923,-0.61067146,-0.84550626,0.51963065,-0.12289494,0.40472272,0.4735212,-0.78228976,-0.0217072,0.1117059,0.018911
-0.34443376,-0.71154744,-0.61242591,-0.84733332,0.51649231,-0.12353904,0.40421715,0.47637789,-0.78081524,-0.01347219,-0.01347816,0.02282588
-0.34302199,-0.71160069,-0.61315587,-0.84797181,0.51539191,-0.1237534,0.40407856,0.47748879,-0.78020808,-0.02134182,-0.0567193,-0.00209246
-0.34217842,-0.7116326,-0.61359003,-0.84875583,0.51425575,-0.12310351,0.40314665,0.47866478,-0.77996953,-0.06151408,-0.02324927,0.01352057
-0.34206229,-0.71324075,-0.61178492,-0.84953859,0.5129748,-0.1230486,0.4015935,0.47764465,-0.78139487,-0.04266728,-0.01315248,0.0116352
-0.34179386,-0.71432894,-0.61066426,-0.84993044,0.51222497,-0.12346547,0.40099242,0.47682245,-0.78220525,-0.02774525,-0.01266348,-0.00405412
-0.34174371,-0.71547728,-0.60934665,-0.85015464,0.51171351,-0.12404154,0.40055981,0.47564849,-0.7831412,0.00222715,-0.02651024,-0.03443782
-0.34331858,-0.71457404,-0.60952125,-0.84953777,0.51300795,-0.1229161,0.40052188,0.47561196,-0.78318279,-0.00514214,-0.01620197,-0.03502276
-0.34431964,-0.71423635,-0.6093523,-0.84924542,0.51366212,-0.12220215,0.40028239,0.47541308,-0.7834259,-0.00437421,-0.02491295,-0.02693214
-0.34661862,-0.71471647,-0.60748315,-0.84891677,0.51450203,-0.12094597,0.39899338,0.47378053,-0.78507078,0.00398155,-0.09489745,-0.04889118
-0.35010067,-0.71552836,-0.6045235,-0.84859506,0.51554178,-0.11875644,0.39663072,0.47141895,-0.78768535,0.02171547,-0.05098116,-0.08060666
-0.3526,-0.71558025,-0.60300741,-0.84840194,0.51634129,-0.11664365,0.3948255,0.47046414,-0.78916161,-0.00358751,0.0369246,-0.05963802
-0.35767787,-0.71613893,-0.59934248,-0.84851809,0.51724998,-0.11166672,0.38997876,0.46861224,-0.79266571,-0.033089,0.09138834,-0.00843442
-0.36008353,-0.71874602,-0.59476377,-0.84966876,0.51591684,-0.10905408,0.38523082,0.46608363,-0.7964692,0.0469108,-0.02690774,-0.02437745
-0.36112437,-0.71991675,-0.59271333,-0.85023439,0.51524789,-0.10780126,0.38300223,0.46501559,-0.79816655,0.06191514,-0.06068486,-0.0464171
-0.36371942,-0.72109652,-0.58968459,-0.85116474,0.51446877,-0.10411744,0.37845303,0.4640492,-0.80089421,0.03233703,-0.03778505,-0.00645181
-0.36747114,-0.7219781,-0.58627002,-0.85165458,0.51451392,-0.0997992,0.37369692,0.46262623,-0.80394498,-0.02376073,-0.00777161,0.0552891
-0.36926867,-0.72273954,-0.58419863,-0.85179745,0.51458495,-0.09820065,0.3715933,0.4613565,-0.8056478,-0.00111427,0.00213158,0.06571811
-0.37218964,-0.72404639,-0.58071661,-0.85177633,0.51499903,-0.09619306,0.36871673,0.45883859,-0.80840288,0.03457678,-0.0556469,0.01920716
-0.37509111,-0.72457041,-0.57819053,-0.85108409,0.51636847,-0.09497073,0.36737233,0.4564661,-0.81035557,0.09675915,-0.08890605,-0.04634393
-0.37924645,-0.73203266,-0.5659507,-0.85100963,0.51606776,-0.09724523,0.36325559,0.4447496,-0.81868371,0.04263067,-0.08137608,-0.10904559
-0.38324277,-0.73063683,-0.56506161,-0.84987465,0.5185243,-0.09405087,0.3617152,0.44418725,-0.81967041,-0.05931723,-0.01868844,-0.01128425
-0.38545964,-0.72978146,-0.56465903,-0.84915739,0.5199963,-0.092388,0.36104366,0.44387255,-0.82013691,-0.04934073,-0.03796524,0.01754826
-0.39013916,-0.72856645,-0.56301182,-0.84743481,0.52323813,-0.08986705,0.36006337,0.44205517,-0.82154825,-0.01414214,-0.02769673,-0.01306056
-0.39637624,-0.72631219,-0.56156596,-0.84463577,0.52822323,-0.08700908,0.35982793,0.43983039,-0.8228444,-0.02308598,0.00568712,-0.02055341
-0.39986309,-0.7246509,-0.56124007,-0.84284262,0.53132068,-0.08552538,0.36017449,0.43883863,-0.82322219,-0.03395744,-0.01054478,0.0065111
-0.40665395,-0.7223218,-0.55936001,-0.83900736,0.53756306,-0.08421728,0.36152325,0.4350599,-0.82463546,0.02426705,-0.12646383,0.02167975
-0.41315081,-0.72174773,-0.5553255,-0.83521898,0.54334188,-0.08478677,0.36292624,0.4287887,-0.82729953,0.09738228,-0.08700746,-0.0420844
-0.41694493,-0.72116568,-0.55324211,-0.83317176,0.54652131,-0.08449389,0.36329269,0.42571642,-0.82872417,0.07275886,-0.00418842,-0.03894866
-0.42996661,-0.71810312,-0.54722614,-0.82619569,0.55734994,-0.08222941,0.36404564,0.41676,-0.83293557,0.0307791,0.01260495,0.03273946
-0.43226013,-0.71734909,-0.54640766,-0.82476111,0.55949462,-0.08206608,0.36458217,0.41518191,-0.83348885,0.05803202,-0.00417423,0.0255855
-0.43700072,-0.71435617,-0.54655817,-0.82129417,0.56467286,-0.08136646,0.36675121,0.41332781,-0.83345901,0.03862663,-0.0299114,0.03502572
-0.44238367,-0.70985146,-0.54809452,-0.81707082,0.57096203,-0.0799852,0.36971877,0.41244789,-0.8325832,0.01348146,-0.0931164,0.03752231
-0.445219,-0.70724699,-0.54916434,-0.81488358,0.57423132,-0.07888638,0.3711395,0.41238332,-0.83198265,0.01865064,-0.08980167,0.01196789
-0.45933309,-0.695923,-0.55200022,-0.80466183,0.58919867,-0.07324106,0.37620793,0.41053148,-0.83062112,-0.08290851,0.03800428,0.01799248
-0.46418476,-0.69257443,-0.5521534,-0.80105567,0.59425054,-0.07194559,0.37794514,0.40890954,-0.83063272,-0.09215104,0.04904866,0.0306747
-0.4744885,-0.68525073,-0.55253245,-0.7930171,0.60521281,-0.06957967,0.38207923,0.40515293,-0.83058206,-0.03076231,0.02962077,0.03602528
-0.48516624,-0.67635933,-0.55421283,-0.78429434,0.61684541,-0.06621293,0.38664737,0.4025417,-0.82973736,0.0284533,0.06747353,-0.01285356
-0.50129475,-0.66107562,-0.55828538,-0.77082893,0.6343084,-0.05895427,0.39309833,0.40078906,-0.82755168,-0.09906067,0.16248012,0.04572486
-0.5104317,-0.65512941,-0.5570141,-0.76424124,0.64254665,-0.05539923,0.3942012,0.39741565,-0.82865309,-0.0318342,0.14041412,0.05001669
-0.52143344,-0.64895125,-0.55404827,-0.7569325,0.65151993,-0.05074427,0.39390405,0.39291738,-0.83093657,0.00815887,0.09894168,-0.03412339
-0.527477217,-0.643178297,-0.555057893,-0.752672919,0.65679969,-0.0457995428,0.394019114,0.393618852,-0.830549757,-0.000273958314,0.143717766,0.00527833402
-0.52935259,-0.64063702,-0.55621039,-0.75119678,0.65863144,-0.04368076,0.39432115,0.39470094,-0.82989272,-0.02034506,0.1534065,0.012673
-0.53161443,-0.63738073,-0.55779194,-0.74916998,0.66108281,-0.04139868,0.39513338,0.39587285,-0.82894767,-0.0366361,0.05562675,0.01766191
-0.53359723,-0.635819,-0.55768094,-0.74739663,0.66311744,-0.04090838,0.39581828,0.39498027,-0.82904661,-0.01997655,0.00211942,0.00904642
-0.53736656,-0.6336348,-0.55654636,-0.74416059,0.66676546,-0.04060517,0.39681473,0.39234004,-0.8298235,-0.00389771,0.05437708,0.02137641
-0.53957598,-0.63057292,-0.55788495,-0.74176256,0.66950887,-0.0393216,0.39830406,0.39260117,-0.82898628,-0.02224673,0.084041,-0.02601519
-0.54042906,-0.62842026,-0.55948556,-0.74038739,0.67107196,-0.03858583,0.39970317,0.39338319,-0.82794122,-0.01781274,0.06026089,-0.00474238
-0.54318126,-0.62330558,-0.56253393,-0.73660999,0.6753054,-0.03699147,0.4029392,0.39427502,-0.82594636,-0.05522203,0.11655295,0.02346331
-0.54341726,-0.62422462,-0.56128532,-0.7366583,0.6752124,-0.03771937,0.40253216,0.39297814,-0.82676232,-0.01143215,0.10865605,0.00682566
-0.54319387,-0.62611596,-0.55939166,-0.73755543,0.67419319,-0.03841216,0.40118851,0.39171713,-0.82801283,0.01122589,0.11431086,-0.03410872
-0.54319387,-0.62611596,-0.55939166,-0.73755543,0.67419319,-0.03841216,0.40118851,0.39171713,-0.82801283,0.01122589,0.11431086,-0.03410872
-0.53514771,-0.63246277,-0.56000678,-0.74618429,0.66467599,-0.0376137,0.39601231,0.3977394,-0.82763362,-0.0256582,0.08294165,-0.00360872
-0.5289562,-0.63874234,-0.55876053,-0.75196653,0.65796857,-0.04029441,0.3933846,0.39885527,-0.82834942,0.03229101,0.00442231,-0.0184212
-0.5255015,-0.64167256,-0.55866301,-0.75486072,0.6545544,-0.04175879,0.39247079,0.39976847,-0.82834272,0.02508368,-0.02092773,-0.00943291
-0.51853394,-0.64715065,-0.55885459,-0.76035374,0.64795962,-0.04483849,0.39113245,0.40167691,-0.82805247,-0.0041407,-0.02903879,0.02659305
-0.50971138,-0.65536885,-0.55739196,-0.76732514,0.6393063,-0.04999532,0.38910956,0.4022177,-0.82874269,0.00851392,-0.09636807,0.02371901
-0.50575358,-0.65852685,-0.55727508,-0.76966742,0.63621618,-0.05330095,0.38964751,0.40195935,-0.82861527,0.05732412,-0.16947019,0.03903377
-0.50320519,-0.65721324,-0.56111965,-0.76931785,0.63644852,-0.05552762,0.39361725,0.40373758,-0.82587007,0.04281795,-0.14800125,0.05786702
-0.50326257,-0.6482715,-0.57137638,-0.76384248,0.64291177,-0.05664935,0.40406876,0.40793204,-0.81873074,-0.04348728,-0.1043523,0.07795181
-0.50569409,-0.64201,-0.57627814,-0.75846626,0.64915867,-0.05763604,0.41109886,0.40794134,-0.81521863,-0.03738845,-0.04416835,0.02541235
-0.50956379,-0.63439775,-0.5812781,-0.75142508,0.65721507,-0.058555,0.41917189,0.40694944,-0.81159538,-0.00376778,0.16480994,-0.02595757
-0.5099716,-0.63026844,-0.58539769,-0.74886573,0.66014631,-0.05836893,0.42323621,0.40861779,-0.8086423,0.01644748,0.17222869,-0.04235002
-0.49980006,-0.63144562,-0.59285426,-0.75272209,0.65528214,-0.06336197,0.42849643,0.4145862,-0.80281311,0.02091862,0.01704228,0.00239696
-0.49418958,-0.63487162,-0.59389782,-0.75564589,0.65147816,-0.06764236,0.42985567,0.4153483,-0.80169185,0.02041817,-0.02951419,-0.00951014
-0.48316751,-0.63944216,-0.59804915,-0.75870578,0.64668824,-0.07848468,0.43693776,0.4158221,-0.79760721,-0.01728942,-0.10699165,-0.01316063
-0.48304573,-0.63742445,-0.60029705,-0.75626675,0.6492484,-0.080852,0.44127892,0.41492953,-0.79567958,-0.0315151,-0.03739297,-0.01266803
-0.48689248,-0.6333349,-0.60151667,-0.75386671,0.65252033,-0.07682534,0.44115801,0.41605775,-0.79515733,-0.01073639,-0.00113213,-0.00753807
-0.49309461,-0.62646968,-0.60364987,-0.75032177,0.65742289,-0.06937093,0.44031201,0.41872524,-0.79422551,-0.0012796,0.04911458,0.00494403
-0.49574876,-0.62416451,-0.60386399,-0.74839072,0.6598055,-0.06758699,0.44061818,0.41842006,-0.79421668,0.0176359,0.05392301,-0.00453379
-0.49508221,-0.62393408,-0.60464859,-0.74819572,0.65994528,-0.06837688,0.44169765,0.41854331,-0.79355198,0.02860528,0.05703962,-0.0311133
-0.49320063,-0.62420061,-0.60590992,-0.7488285,0.65911236,-0.06947517,0.44272917,0.41945741,-0.79249384,0.00859745,0.04884756,-0.01330507
-0.49052912,-0.62528341,-0.60696114,-0.75014042,0.65745015,-0.07105388,0.4434755,0.42045209,-0.7915488,-0.0111463,0.02796221,-0.00563577
-0.48891936,-0.6262684,-0.60724441,-0.7510264,0.65631385,-0.07219052,0.44375356,0.42076124,-0.79122865,-0.01125911,0.01066017,-0.00636903
-0.48168385,-0.63008876,-0.60907199,-0.7557071,0.6505597,-0.0753579,0.44371985,0.42398136,-0.78952665,-0.01704912,-0.02686697,0.00280098
-0.47957426,-0.63026827,-0.61054938,-0.75741471,0.64865084,-0.07466635,0.44309321,0.42663101,-0.78845071,-0.0103146,-0.0100438,-0.02960047
-0.47953492,-0.62906377,-0.61182095,-0.75777768,0.64844095,-0.07278237,0.4425145,0.42872259,-0.78764056,-0.02277776,0.00768936,-0.00660468
-0.48062245,-0.62875295,-0.61128692,-0.75783991,0.64854144,-0.07122256,0.44122629,0.42902647,-0.78819765,-0.00121333,0.0280925,-0.01350739
-0.48159355,-0.62873526,-0.61054043,-0.75770943,0.64877998,-0.07043411,0.44039082,0.42869163,-0.78884689,0.01298787,0.02686656,-0.02799448
-0.48226617,-0.62918974,-0.6095406,-0.75774817,0.64876536,-0.07015163,0.43958752,0.42804651,-0.78964496,0.02453969,0.01547921,-0.00930126
-0.48106103,-0.63168442,-0.60791053,-0.7592209,0.64690417,-0.07140486,0.43836521,0.42718827,-0.7907884,0.00576865,0.02513754,0.0023648
-0.47845567,-0.63368758,-0.60788158,-0.76102846,0.64460138,-0.07297048,0.43808178,0.42770207,-0.79066747,0.01152222,0.00393462,0.00815073
-0.47539022,-0.63617213,-0.60769157,-0.7632363,0.64177699,-0.07478384,0.43757785,0.42826077,-0.79064417,0.00390728,-0.00538337,0.00820818
-0.47348378,-0.63793092,-0.60733584,-0.76453425,0.64005577,-0.07626192,0.43737862,0.42822032,-0.79077606,0.01129179,-0.00629497,-0.01234424
-0.47174581,-0.63888653,-0.60768403,-0.7652986,0.63897119,-0.07767798,0.43792,0.42841548,-0.79037094,0.00154869,-0.00748837,-0.00881045
-0.46957091,-0.63992497,-0.60827548,-0.76589915,0.63797464,-0.07991755,0.43920556,0.42835074,-0.78969233,-0.01313481,-0.01826942,0.01399274
-0.46842185,-0.64131788,-0.60769426,-0.76612834,0.63741703,-0.08213944,0.44003216,0.42709589,-0.78991186,-0.00365824,0.00286651,-0.00964973
-0.46808456,-0.64124621,-0.60802956,-0.76617756,0.63733465,-0.08231909,0.4403051,0.42732633,-0.78963496,-0.01460708,0.00601888,0.00442324
-0.46838943,-0.640356,-0.60873249,-0.76594902,0.63771634,-0.08148559,0.44037842,0.4280911,-0.78917964,-0.00104776,0.00262034,-0.01034992
-0.46865779,-0.63987615,-0.60903066,-0.76565633,0.63809983,-0.08123407,0.4406021,0.42823721,-0.78897568,0.00233004,0.00503612,-0.00348894
-0.468926782,-0.63893341,-0.609812718,-0.764588333,0.639296622,-0.081880744,0.442167541,0.427859641,-0.788304335,0.000631049043,0.0037586689,-0.0160606578
-0.46895353,-0.63877719,-0.60995585,-0.76415568,0.63973926,-0.08246052,0.4428866,0.42743109,-0.7881332,0.00652054,0.02210474,-0.00804907
-0.46904211,-0.6388687,-0.60979187,-0.76350372,0.6403661,-0.08362589,0.443916,0.42635431,-0.78813729,-0.03180446,0.02712715,-0.00721625
-0.46941572,-0.63930251,-0.60904929,-0.76295571,0.64088076,-0.08467821,0.44446296,0.42492837,-0.788599,-0.01013113,0.01622331,-0.00474859
-0.46962033,-0.63938278,-0.60880751,-0.76266364,0.6411758,-0.08507533,0.44474835,0.42436222,-0.78874319,0.00325572,0.02088761,-0.01902599
-0.46990381,-0.63901496,-0.60897476,-0.76216983,0.64173576,-0.08527814,0.44529488,0.42406967,-0.788592,0.00135839,-0.00223255,0.0156932
-0.46990434,-0.639380328,-0.608590672,-0.762275435,0.641584029,-0.0854755507,0.445113435,0.423748399,-0.788867036,0.0147770839,0.000434160233,0.00679750834
-0.469860568,-0.63975516,-0.608230565,-0.762667893,0.641151687,-0.0852185863,0.444487086,0.423837066,-0.789172617,0.0346663967,-0.000638842583,-0.00101494603
-0.46929975,-0.63889924,-0.60956182,-0.76289649,0.640978,-0.08447588,0.4446873,0.42538805,-0.7882248,-0.0123898,-0.00735819,0.01025174
-0.46899526,-0.6383279,-0.61039385,-0.76270347,0.64120138,-0.08452294,0.44533871,0.42590869,-0.78757531,0.00237287,-0.01527631,0.00792605
-0.46874065,-0.63747954,-0.61147527,-0.76198746,0.64196917,-0.08515096,0.44683026,0.42602277,-0.78666847,0.01480075,-0.01426136,-0.01524984
-0.468695295,-0.636366549,-0.612668028,-0.761170744,0.642895936,-0.0854626206,0.448267326,0.426289076,-0.785705897,-0.00483608572,0.00780832767,-0.000242683222
-0.469153626,-0.635146227,-0.613583056,-0.760062066,0.644179512,-0.0856645593,0.449667156,0.426171364,-0.784969707,-0.0146186873,0.000371813774,0.00565938745
-0.469989766,-0.63409309,-0.614032129,-0.759343921,0.645116507,-0.0849792534,0.450007013,0.426322199,-0.784692888,0.000658886274,0.0120124817,-0.00990966242
-0.47085673,-0.6316277,-0.6159063,-0.75861365,0.64625824,-0.08279887,0.45033259,0.4282485,-0.78345644,0.00685383,0.02879703,0.0011671
-0.47106611,-0.63033491,-0.61706947,-0.75845665,0.64660663,-0.08150713,0.450378,0.42962518,-0.78267617,-0.01227284,0.01916635,-0.00453643
-0.47121745,-0.62954986,-0.61775467,-0.75834123,0.64683892,-0.08073368,0.45041362,0.43042575,-0.7822154,-0.01329085,0.03117394,-0.00380409
-0.4713086,-0.62849654,-0.61875699,-0.75802715,0.64728757,-0.08008515,0.45084694,0.43128979,-0.78148963,-0.01343758,0.02412331,-0.00516183
-0.47122744,-0.627420411,-0.61990984,-0.757727983,0.647702561,-0.079559204,0.451434252,0.432232567,-0.78062922,-0.00587298721,0.0135012865,-0.000713470276
-0.47063636,-0.62740967,-0.62036952,-0.75788979,0.64747626,-0.07985932,0.45177904,0.43258705,-0.78023325,0.00347279,0.00530756,-0.00935386
-0.47034068,-0.62741829,-0.62058505,-0.75796041,0.64737106,-0.08004184,0.45196851,0.43273198,-0.78004317,-0.00110202,0.00324523,-0.00882347
-0.46946896,-0.62744648,-0.62121641,-0.75805182,0.64717192,-0.08078336,0.45272105,0.43298895,-0.77946407,-0.01243548,0.00305021,-0.00787602
-0.46946171,-0.62730246,-0.6213672,-0.75778247,0.64744719,-0.08110389,0.4531791,0.43278602,-0.77931047,0.00786644,0.00840056,-0.00731101
-0.46989138,-0.62674057,-0.62160947,-0.75711154,0.64821413,-0.08124376,0.4538548,0.43245197,-0.77910275,-0.00358468,0.00479603,-0.00339391
-0.47062348,-0.6258598,-0.62194292,-0.75610221,0.64938055,-0.08132852,0.45477789,0.43197731,-0.77882771,0.00086602,0.0262202,-0.00586339
