0,1,2,3,4,5,6,7,8,9,10,11
-0.733497381,0.13881938,-0.665365119,-0.017489467,-0.982451784,-0.185694842,-0.679467203,-0.124569802,0.723053718,0.000191425439,-0.00385308242,-0.0066448953
-0.733385286,0.139064694,-0.665437521,-0.0176384487,-0.982416398,-0.185868171,-0.679584409,-0.124575691,0.722942555,0.000235168845,-0.000983774546,-0.00918607414
-0.733293221,0.139430448,-0.66546215,-0.0179078619,-0.982368032,-0.186096704,-0.679676417,-0.124546476,0.722861045,-0.00322064362,0.00746726943,-0.000665007334
-0.73333419,0.13972828,-0.66535501,-0.01809072,-0.98231648,-0.18635291,-0.67962784,-0.12462218,0.72289374,,,
-0.733381929,0.139919052,-0.665262095,-0.0182214362,-0.982284389,-0.186508486,-0.679572642,-0.124659918,0.722939097,-0.00681063021,3.86238062e-05,-0.000486371806
-0.73344996,0.14025873,-0.6651155,-0.01844367,-0.98222632,-0.18679208,-0.67949317,-0.12473547,0.72300075,,,
-0.733573086,0.140710571,-0.664884194,-0.0187154784,-0.982142794,-0.187203584,-0.679352771,-0.124883892,0.723107056,-0.000574411417,0.00444245292,-0.00696171727
-0.73362089,0.14090133,-0.66479112,-0.01884629,-0.9821107,-0.1873591,-0.67929761,-0.1249217,0.72315236,-0.00251183,0.00956261,-0.00278934
-0.73383376,0.1413718,-0.66445618,-0.01918399,-0.98202899,-0.18775255,-0.67905815,-0.12503224,0.72335811,,,
-0.73405373,0.14170692,-0.66414158,-0.01949862,-0.98198057,-0.18797259,-0.67881124,-0.12503216,0.72358982,-0.00414418,0.0018034,0.00762617
-0.734109,0.14173406,-0.66407502,-0.01963523,-0.98199542,-0.18788207,-0.67874784,-0.12488664,0.72367446,-0.00356152,0.00771093,0.00618812
-0.73424892,0.14138919,-0.66399378,-0.01967033,-0.982092,-0.18737265,-0.6785954,-0.12451718,0.72388105,-0.00345439,0.00581109,0.0026643
-0.7345285,0.14072769,-0.66382477,-0.01971139,-0.98227109,-0.18642597,-0.67829129,-0.12385031,0.72428032,0.00399929,0.005584,-0.00502902
-0.73482089,0.14046366,-0.6635574,-0.0197514,-0.98233781,-0.18607134,-0.67797371,-0.12362291,0.72461649,0.00475871,0.00471687,-0.00483465
-0.73482089,0.14046366,-0.6635574,-0.0197514,-0.98233781,-0.18607134,-0.67797371,-0.12362291,0.72461649,0.00475871,0.00471687,-0.00483465
-0.73577851,0.13971282,-0.662654,-0.0200755,-0.98255793,-0.18486997,-0.67692464,-0.12272024,0.7257498,,,
-0.73591057,0.13955992,-0.66253957,-0.02007561,-0.98259392,-0.18467859,-0.67678107,-0.12260604,0.72590298,,,
-0.7361049,0.13932747,-0.66237271,-0.0201598,-0.98266419,-0.18429561,-0.67656732,-0.12230758,0.72615256,0.00184592,0.0053122,0.00233795
-0.73635364,0.13915073,-0.66213297,-0.02035134,-0.98273512,-0.18389438,-0.67629048,-0.12193603,0.72647281,-0.00643702,-0.00355369,0.00535092
-0.73650563,0.13914675,-0.66196492,-0.02044311,-0.9827453,-0.18383051,-0.67612237,-0.1218596,0.72664212,-0.00421852,-0.00329614,-0.00109614
-0.736774532,0.13917556,-0.66165971,-0.0206684897,-0.982764572,-0.183702872,-0.675822626,-0.12167208,0.726952338,0.000249444245,0.00714921905,0.000843434129
-0.736918643,0.139250264,-0.661483219,-0.020841543,-0.982767564,-0.183666229,-0.675659911,-0.121560758,0.727122157,-0.00513984635,-0.000745534839,0.0037591767
-0.73696589,0.13938459,-0.66140227,-0.02103032,-0.98276184,-0.18367526,-0.67560251,-0.12145292,0.7271935,,,
-0.73689571,0.14056171,-0.66123147,-0.02201117,-0.98261413,-0.18434995,-0.67564796,-0.12129221,0.72717813,,,
-0.73683812,0.14086242,-0.66123164,-0.02226821,-0.98257926,-0.18450483,-0.67570232,-0.12122575,0.72713869,,,
-0.73688197,0.141381332,-0.66107212,-0.0227928181,-0.982526314,-0.184723053,-0.675637119,-0.121051384,0.727228338,-0.00560437702,-0.00104290235,-0.000276443316
-0.73711168,0.14174682,-0.66073757,-0.02348281,-0.98253602,-0.18458449,-0.67536276,-0.12054342,0.72756747,,,
-0.73723996,0.14195058,-0.66055057,-0.0238475,-0.98253765,-0.18452859,-0.67520983,-0.12028939,0.72775141,0.00289686,-0.00399673,-0.00508019
-0.73759659,0.14315412,-0.65989244,-0.02555059,-0.98248583,-0.18457685,-0.67475796,-0.11928262,0.728336,,,
-0.7376894,0.14345094,-0.65972447,-0.02589973,-0.98246008,-0.18466627,-0.67464343,-0.11913965,0.72846553,0.00275727,-0.00099725,0.00608483
-0.737761242,0.144204727,-0.659479548,-0.0268342276,-0.982409952,-0.184798617,-0.674528132,-0.118640639,0.728653681,-0.000231424579,0.00651574088,0.00715181325
-0.73778415,0.14534518,-0.65920361,-0.02834368,-0.98235368,-0.18487285,-0.67444144,-0.117712,0.72888452,,,
-0.737702913,0.146102197,-0.659127046,-0.0291865482,-0.982291953,-0.185069046,-0.674494225,-0.11728834,0.728903951,-0.00388147566,0.00897574332,-0.000128104235
-0.7376375,0.1467584,-0.65905442,-0.02980904,-0.98221885,-0.1853574,-0.67453849,-0.11708081,0.72889635,-0.00271963,0.0119499,-0.0064728
-0.7377017,0.14678782,-0.65897601,-0.03034959,-0.98230101,-0.18483357,-0.67444418,-0.1163524,0.72910023,0.01093779,-0.01161325,0.01235794
-0.73760437,0.14664978,-0.65911541,-0.0305672,-0.98238162,-0.18436765,-0.67454053,-0.11584312,0.72909215,-0.01576737,0.01500165,0.00972438
-0.73756122,0.14659568,-0.65917599,-0.03086364,-0.9824498,-0.18395555,-0.67457447,-0.11533392,0.72914151,-0.009946,0.01223719,-0.00216762
-0.737773876,0.146034077,-0.659062464,-0.0315299449,-0.982708896,-0.182451645,-0.674310867,-0.113827891,0.72962182,-0.000780127128,-0.0102207055,-0.0106106605
-0.73806748,0.14565514,-0.65881811,-0.03225647,-0.98292225,-0.18117325,-0.67395567,-0.11246691,0.73016094,-0.00128794,-0.01726943,0.00183492
-0.73820124,0.14563993,-0.65867111,-0.03268414,-0.98299112,-0.18072038,-0.67378807,-0.11187994,0.73040569,-0.00522279,-0.01151776,0.00975127
-0.738549681,0.145848894,-0.658234404,-0.0335420206,-0.983060206,-0.180187776,-0.673364213,-0.110999108,0.730930807,-0.000858340762,0.00800776388,0.00818459038
-0.73884358,0.14594568,-0.65788268,-0.03434997,-0.98315293,-0.17952697,-0.67300062,-0.11004413,0.73140986,0.00412734,0.02093315,-0.0060591
-0.73902089,0.14581596,-0.65771265,-0.03465381,-0.98323028,-0.17904593,-0.67279071,-0.10952642,0.7316807,0.00605219,0.02547967,-0.00504202
-0.73977154,0.14515466,-0.65701432,-0.03577368,-0.98355699,-0.17701827,-0.67190619,-0.10744929,0.73280056,-0.00148687,-0.01741057,0.00710637
-0.73989624,0.14533139,-0.65683471,-0.03616714,-0.98356677,-0.17688349,-0.67174771,-0.10711963,0.73299408,-0.00725133,-0.00296372,0.01153446
-0.74020717,0.14560649,-0.65642356,-0.03703768,-0.98361797,-0.17641903,-0.67135784,-0.10627424,0.7334742,-0.00503508,0.01350748,0.00194337
-0.74068332,0.14527572,-0.65595988,-0.03772491,-0.98379497,-0.17528406,-0.67079448,-0.10508394,0.73416085,-0.00413331,0.00455785,-0.00520627
-0.74090288,0.1449474,-0.65578434,-0.03799064,-0.98391474,-0.17455206,-0.67053677,-0.10441246,0.73449198,,,
-0.74146502,0.14430307,-0.65529085,-0.0385158,-0.9841438,-0.1731397,-0.66988507,-0.10313799,0.7352663,0.00647422,-0.00954133,0.01107539
-0.741817,0.14413033,-0.6549307,-0.03903512,-0.984255,-0.17239088,-0.66946548,-0.10231717,0.73576301,-0.00895771,-0.00387561,0.00314238
-0.74198434,0.14413675,-0.65473974,-0.03936189,-0.98429649,-0.17207964,-0.66926092,-0.10190858,0.73600578,-0.00588929,0.00657988,-0.006539
-0.74252788,0.14373506,-0.65421111,-0.03996266,-0.98447078,-0.17093808,-0.66862167,-0.1007823,0.73674143,,,
-0.7428961,0.14332153,-0.65388405,-0.04040425,-0.98463065,-0.16991179,-0.66818628,-0.09980711,0.73726904,0.00192978,0.00563407,0.01516342
-0.743088505,0.143064353,-0.653721694,-0.0405145198,-0.984706364,-0.169445969,-0.667965595,-0.0994281319,0.737520175,0.000249278964,0.00716710044,0.0184344221
-0.74325337,0.14217693,-0.65372768,-0.04061752,-0.98494423,-0.16803212,-0.6677757,-0.09833766,0.73783825,0.00699826,0.00690389,0.00348096
-0.74330411,0.141226347,-0.653876054,-0.0406165583,-0.98518548,-0.166612155,-0.667719305,-0.0972853215,0.738028768,0.000564738177,0.000855803431,-0.0132490741
-0.74335596,0.14086381,-0.65389553,-0.0405834,-0.98527115,-0.16611389,-0.66766382,-0.09694444,0.73812385,-0.00734889,-0.00409293,-0.01220952
-0.74373997,0.14051855,-0.6535327,-0.04063058,-0.98535118,-0.1656253,-0.6672328,-0.09662877,0.73855481,-0.0187033,-0.00465751,-0.00515643
-0.74458813,0.14026255,-0.65262149,-0.04109743,-0.98545256,-0.16490637,-0.66625775,-0.09596627,0.73952083,-0.00941145,0.00105762,-0.0012879
-0.74509463,0.14015251,-0.65206675,-0.04147914,-0.98551676,-0.16442607,-0.66566752,-0.09546583,0.74011688,-0.01245878,0.00207269,-0.00149446
-0.7461587,0.13987792,-0.65090791,-0.04246364,-0.98568796,-0.16314347,-0.66441235,-0.09409102,0.74141963,,,
-0.74722885,0.139554097,-0.64974903,-0.0433364654,-0.985854335,-0.161905207,-0.663152394,-0.0928224078,0.742706481,0.0137937535,-0.00026357171,0.0097808782
-0.747593277,0.139339633,-0.649375538,-0.0435739897,-0.985928052,-0.161390798,-0.662725758,-0.0923588049,0.743144936,0.0066917087,0.000874400081,0.0169503577
-0.74826881,0.13854715,-0.64876692,-0.04368547,-0.98611674,-0.16020422,-0.66195574,-0.09153413,0.74393286,0.00914763,0.00747967,0.00600254
-0.74869969,0.13753457,-0.64848493,-0.04343957,-0.98631721,-0.1590315,-0.66148429,-0.09089695,0.74443014,0.004309,0.00143349,0.00409489
-0.74881162,0.13720701,-0.64842523,-0.04337281,-0.98638463,-0.15863175,-0.66136211,-0.09066129,0.74456744,-0.00505079,0.01035702,0.00393903
-0.74905296,0.13661729,-0.64827109,-0.04341723,-0.98652661,-0.15773461,-0.66108595,-0.09000544,0.7448922,-0.01585128,0.01016295,0.0012922
-0.74955393,0.13603469,-0.64781425,-0.04371131,-0.98669119,-0.15661936,-0.66049834,-0.08907785,0.74552468,-0.00871498,0.00191665,-0.01199747
-0.75072612,0.13477324,-0.6467196,-0.04399884,-0.9869952,-0.15461024,-0.65914655,-0.08761505,0.74689316,0.01869034,-0.00964469,0.00556816
-0.75064643,0.13405804,-0.64696049,-0.04391049,-0.98715625,-0.15360288,-0.65924298,-0.08689314,0.74689236,0.01447717,0.00765037,0.01345837
-0.75024835,0.13366385,-0.64750384,-0.04380443,-0.98724828,-0.1530419,-0.65970328,-0.08645591,0.74653662,0.00964196,0.01014233,0.00311369
-0.74931121,0.13271118,-0.64878373,-0.04350907,-0.98746252,-0.15173853,-0.66078707,-0.08547141,0.745691,-0.0118875,0.01040411,-0.03189241
-0.74914397,0.13171965,-0.6491789,-0.04361647,-0.98771193,-0.15007582,-0.66096968,-0.0841135,0.74568358,-0.01475871,-0.0077315,-0.01823404
-0.749333723,0.131323247,-0.649040066,-0.0438669245,-0.987829409,-0.14922654,-0.660737842,-0.0833490986,0.745974804,-0.00046021695,-0.00514084054,-0.00158231228
-0.74925514,0.13049071,-0.64929883,-0.04446665,-0.98809671,-0.14726743,-0.66078704,-0.08146873,0.74613895,0.02064031,-0.00263274,0.01167073
-0.74819971,0.1301303,-0.65058684,-0.04526891,-0.9883044,-0.14561955,-0.66192738,-0.07950116,0.74533999,0.01199918,0.0082041,-0.00713712
-0.747480792,0.130133718,-0.651412168,-0.0456360242,-0.988366779,-0.1450814,-0.662714079,-0.0787176896,0.744723837,0.000252809376,0.0113682738,-0.019518042
-0.74650887,0.13004443,-0.65254338,-0.04624706,-0.98848372,-0.14408693,-0.66376624,-0.07738396,0.74392613,-0.01065954,0.01912117,-0.0175736
-0.74644794,0.12958277,-0.65270488,-0.04671359,-0.98864069,-0.14285405,-0.66380207,-0.07614293,0.74402221,0.01345841,0.01003456,0.02262937
-0.74617762,0.12928323,-0.65307311,-0.0469236,-0.98873665,-0.14211844,-0.66409097,-0.07540108,0.74383991,0.0142872,0.00888801,0.03036964
-0.74403315,0.12738597,-0.65588679,-0.04704223,-0.98920824,-0.13875911,-0.66648458,-0.072387,0.74199624,-0.00812287,-0.00302196,-0.01992914
-0.74403072,0.1269345,-0.65597702,-0.0469331,-0.98929174,-0.13819933,-0.66649493,-0.07203751,0.74202095,-0.00291427,0.00543928,-0.00241319
-0.74410563,0.12587432,-0.6560965,-0.04712173,-0.98953226,-0.13640242,-0.66639816,-0.0705814,0.74224779,0.02422482,0.00911975,0.03593544
-0.74218231,0.12436901,-0.65855728,-0.04774566,-0.98994599,-0.13314351,-0.6684951,-0.06737351,0.74065856,0.00651981,-0.00565869,0.00234728
-0.740524987,0.123506059,-0.660582309,-0.0478117161,-0.990158828,-0.131527658,-0.670325871,-0.0658159441,0.7391424,-0.0168618485,-0.000299215288,-0.010246858
-0.739858782,0.122631684,-0.661491045,-0.0477758456,-0.990341215,-0.13016024,-0.671063634,-0.0646969054,0.738571528,-0.0116894385,0.0131032458,-0.000932609895
-0.73968927,0.12221735,-0.66175724,-0.04786411,-0.99043414,-0.12941857,-0.67124418,-0.06405511,0.73846339,-0.01357493,0.00818729,0.01463281
-0.7389789,0.12139615,-0.66270145,-0.04801517,-0.99062105,-0.12792394,-0.67201546,-0.06271337,0.73787686,-0.02198678,-0.00653285,-0.02345865
-0.7386738,0.12041296,-0.66322082,-0.04826904,-0.99083825,-0.12613399,-0.67233268,-0.06115884,0.73771836,-0.03541849,-0.02448207,-0.04041847
-0.7389753,0.12035874,-0.66289452,-0.04850036,-0.9908642,-0.12583994,-0.67198444,-0.06084199,0.73806175,-0.02848727,-0.02235764,-0.02985098
-0.74032243,0.12068926,-0.66132953,-0.04912046,-0.99083439,-0.12583454,-0.67045494,-0.06067332,0.73946529,0.01000964,0.00483465,0.00448021
-0.741574,0.12051352,-0.65995789,-0.04960204,-0.99088975,-0.12520803,-0.6690348,-0.06011577,0.74079587,0.02947155,0.00683856,0.02420172
-0.74189743,0.12002032,-0.65968421,-0.04979365,-0.99099465,-0.12429843,-0.66866189,-0.05936861,0.74119271,0.03947125,-0.00335687,0.03410595
-0.7414553,0.11920841,-0.66032794,-0.05019033,-0.99118827,-0.12258168,-0.66912223,-0.05774678,0.74090532,0.02111238,-0.00751102,0.00473612
-0.74083151,0.11885303,-0.66109191,-0.05068223,-0.99130585,-0.12142443,-0.66977598,-0.05644944,0.74041446,-0.0169396,-0.01783323,-0.04025449
-0.74100849,0.11881183,-0.66090081,-0.05089439,-0.99132841,-0.12115036,-0.66956396,-0.05613731,0.74062991,-0.02470006,-0.01067173,-0.0408399
-0.74212287,0.11932211,-0.65955723,-0.05156502,-0.99127387,-0.12131367,-0.6682773,-0.05601958,0.7418,-0.01177218,0.01101971,-0.00892267
-0.7433915,0.11972677,-0.65805363,-0.05226978,-0.9912389,-0.12129851,-0.66681103,-0.05577596,0.74313666,0.01080858,0.00900352,0.01380133
-0.743743309,0.119819367,-0.657639053,-0.052517337,-0.991237041,-0.121206272,-0.66639908,-0.0556089067,0.743518596,0.0122927725,-0.000949144305,0.0175455734
-0.74393772,0.11990127,-0.65740415,-0.05284892,-0.99124654,-0.12098405,-0.66615578,-0.05526151,0.74376248,0.01929713,-0.02184892,0.01507869
-0.74383627,0.12072133,-0.65736868,-0.05282321,-0.99109411,-0.1222364,-0.66627092,-0.05619956,0.74358901,0.00719306,0.0067215,-0.01190227
-0.744022601,0.121402621,-0.657032406,-0.0527091023,-0.990954218,-0.123415039,-0.666072016,-0.0571919996,0.743691547,0.000445831363,0.0183887463,-0.00011837358
-0.744187795,0.121420785,-0.656842036,-0.0524557341,-0.990926356,-0.123746861,-0.665907548,-0.0576357758,0.743804575,-0.000814756146,0.0109497299,0.00323225767
-0.74419575,0.12134192,-0.65684748,-0.052374,-0.99093392,-0.12372023,-0.66590498,-0.05767036,0.74380418,0.00302675,0.00321615,-0.01379045
-0.74419575,0.12134192,-0.65684748,-0.052374,-0.99093392,-0.12372023,-0.66590498,-0.05767036,0.74380418,0.00302675,0.00321615,-0.01379045
-0.74467718,0.12171803,-0.65623199,-0.05217858,-0.99083781,-0.12456971,-0.66538192,-0.05852298,0.74420557,0.0071861,0.01044094,-0.01431948
-0.74491373,0.12188748,-0.65593203,-0.05218051,-0.99080183,-0.12485496,-0.66511697,-0.05877932,0.74442219,0.00896314,0.00306129,-0.01230508
-0.74549463,0.12273788,-0.65511318,-0.05256317,-0.99066353,-0.12578953,-0.66443583,-0.05934059,0.74498573,0.00533969,-0.00986469,-0.01693396
-0.74556588,0.12300481,-0.65498196,-0.05270147,-0.99062332,-0.12604777,-0.66434487,-0.05945841,0.74505745,-0.00172738,-0.00823152,-0.01297326
-0.74586489,0.12349077,-0.65455004,-0.05295336,-0.99054708,-0.12654092,-0.66398921,-0.0597218,0.74535338,-0.00585091,0.00611901,-0.01258782
-0.746423377,0.123793604,-0.653855598,-0.0530796954,-0.990489873,-0.126933819,-0.663350997,-0.0600399215,0.745895865,-0.000884813257,0.00540375663,-0.0152240116
-0.74678887,0.12381331,-0.6534345,-0.05307802,-0.99047955,-0.12701576,-0.66293975,-0.06017095,0.74625086,-0.00183274,0.00309539,-0.01184197
-0.74759768,0.1240686,-0.65246037,-0.05310296,-0.9904176,-0.12748679,-0.6620254,-0.06066126,0.74702246,-0.00587907,0.004094,-0.00604927
-0.74857886,0.12439715,-0.65127158,-0.05322469,-0.9903466,-0.12798567,-0.66090579,-0.06114366,0.74797389,0.0055074,-0.00206321,0.00765214
-0.74902135,0.12460337,-0.65072328,-0.05328126,-0.99030325,-0.12829773,-0.6603998,-0.0614264,0.74839753,0.0115658,0.0034678,0.00757586
-0.74971513,0.12507039,-0.64983421,-0.05349179,-0.99021782,-0.12886876,-0.65959513,-0.06185407,0.74907164,0.00460791,0.0046984,0.00905346
-0.750225172,0.12520468,-0.649219527,-0.0534624915,-0.990178936,-0.129179925,-0.659017426,-0.0622051368,0.749550902,-0.000801639806,0.0131885996,-0.00539882574
-0.75051768,0.124957,-0.64892908,-0.05332248,-0.99020947,-0.12900353,-0.65869562,-0.06221693,0.74983274,-0.00154825,0.00499999,-0.01225366
-0.75131757,0.12459097,-0.64807345,-0.05284049,-0.99022157,-0.12910986,-0.65782216,-0.06275798,0.75055411,-0.01139331,-0.00315827,-0.00505573
-0.75236641,0.12456923,-0.64685965,-0.0524274,-0.99016597,-0.12970294,-0.65665536,-0.06367096,0.75149834,0.00237467,-0.0049929,0.00182085
-0.7528298,0.1245925,-0.64631562,-0.05218306,-0.99012829,-0.13008752,-0.65614335,-0.06420704,0.75189982,0.00328177,-0.00393623,-0.00221046
-0.753610874,0.124944466,-0.64533655,-0.0518646147,-0.990009969,-0.131110712,-0.655271276,-0.0653363421,0.752562742,-0.000529626617,0.00156998623,0.00912580453
-0.75446852,0.12539619,-0.64424604,-0.05169263,-0.98988295,-0.13213444,-0.65429736,-0.06638851,0.75331767,0.00575575,0.0075233,0.01017658
-0.755323214,0.125312757,-0.64326009,-0.0514944271,-0.98986205,-0.132368552,-0.653326224,-0.0668567309,0.754118705,-0.00523103913,-0.000401973695,0.00710041448
-0.75593855,0.12556417,-0.64248748,-0.05151382,-0.98979893,-0.13283062,-0.65261232,-0.06731482,0.75469584,0.00794479,0.00852585,0.01457543
-0.75617747,0.12562122,-0.64219511,-0.05146775,-0.98977725,-0.13300986,-0.65233911,-0.06752674,0.75491308,0.00863084,0.01339364,0.02238512
-0.75660239,0.1251441,-0.64178794,-0.05124101,-0.98984361,-0.13260457,-0.65186438,-0.06744307,0.75533056,0.01930549,0.01416373,0.02540794
-0.75689616,0.12425421,-0.64161433,-0.05045002,-0.98993885,-0.13219569,-0.65158488,-0.06768896,0.75554969,0.01423831,0.00569594,0.01939065
-0.7568926,0.12366474,-0.64173222,-0.049909,-0.99000385,-0.131913,-0.65163049,-0.06781578,0.75549895,0.01058395,-0.00110811,0.01150589
-0.75666247,0.12134849,-0.64244561,-0.04777364,-0.99025986,-0.13077842,-0.6520579,-0.06826316,0.75508981,-0.00843465,-0.00167447,0.0101801
-0.75671671,0.12076584,-0.64249127,-0.04722847,-0.99031987,-0.13052044,-0.65203442,-0.06842315,0.75509558,0.00258826,-0.00357515,0.00552638
-0.75692098,0.11979636,-0.64243222,-0.04643192,-0.99042844,-0.1299817,-0.65185459,-0.06855653,0.75523874,0.01456677,-0.00433743,0.00125774
-0.75712751,0.11921984,-0.64229614,-0.04580609,-0.99047468,-0.1298516,-0.65165904,-0.06889315,0.75537686,0.02587807,-0.00323874,0.0048306
-0.75692687,0.1191032,-0.64255445,-0.04510161,-0.99042789,-0.13045511,-0.65194144,-0.06976473,0.75505314,0.00543287,0.00398946,0.00628731
-0.75709833,0.11939996,-0.64229723,-0.04497105,-0.99034962,-0.13109228,-0.65175124,-0.07036497,0.75516163,-0.00278444,0.0061568,-0.00928327
-0.757362941,0.119499544,-0.641966518,-0.0449636199,-0.990322519,-0.131298615,-0.651444106,-0.0705755797,0.755406932,0.000651375158,0.0065031047,-0.00995397568
-0.758078181,0.119500358,-0.641121574,-0.044995791,-0.990309929,-0.131382366,-0.650609397,-0.0707503481,0.756109624,0.000143132056,-0.013245224,-0.000638647121
-0.75935176,0.12044337,-0.63943589,-0.04548159,-0.99014019,-0.13249067,-0.64908881,-0.07152446,0.75734269,-0.0024845,-0.01273882,0.0231532
-0.759979399,0.121676913,-0.638456062,-0.0460501633,-0.989931715,-0.133845792,-0.64831381,-0.0723190331,0.757930851,0.000590203563,-0.00341618038,0.0134559153
-0.76027501,0.12293886,-0.6378616,-0.04665603,-0.98972632,-0.13514597,-0.6479233,-0.07298805,0.75820055,-0.00424726,0.01059246,0.00555128
-0.76050655,0.12340955,-0.63749487,-0.04692219,-0.9896511,-0.13560544,-0.64763256,-0.07321618,0.75842695,-0.01143587,0.00701094,0.00314262
-0.7611971,0.12440118,-0.63647744,-0.04757752,-0.98949712,-0.13649932,-0.6467732,-0.07362086,0.75912083,-0.01252414,0.00552726,0.01516626
-0.76198737,0.12545331,-0.63532405,-0.04850282,-0.98935664,-0.13718909,-0.64577291,-0.07372136,0.75996217,-0.00211272,-0.00532943,0.0199208
-0.762326512,0.125932849,-0.634821995,-0.0489288142,-0.98929311,-0.137494878,-0.645340236,-0.0737549179,0.760326351,0.000815880951,-0.00519835902,0.0138517125
-0.76275987,0.12702692,-0.6340833,-0.04979506,-0.98914389,-0.13825665,-0.64476191,-0.0738824,0.7608045,,,
-0.76329222,0.12848455,-0.63314785,-0.05062315,-0.98890581,-0.13964966,-0.64406659,-0.07454159,0.76132891,0.00571091,-0.00996208,0.00470309
-0.76357888,0.12937774,-0.63262027,-0.05103434,-0.98874857,-0.14061092,-0.64369441,-0.07508219,0.76159053,0.01107712,-0.01022094,0.00897739
-0.76390656,0.13121585,-0.63184571,-0.05195519,-0.98843665,-0.14245511,-0.64323188,-0.07599474,0.76189075,0.01225867,-0.00181007,0.01949476
-0.76403961,0.13254834,-0.63140656,-0.05256454,-0.98820342,-0.14384288,-0.64302432,-0.07671208,0.76199407,0.01739984,0.00454783,0.00564013
-0.764147959,0.133057583,-0.631168446,-0.0527862817,-0.988110835,-0.144397443,-0.642877544,-0.0770239739,0.762086462,0.0112179918,-0.000586271228,-0.00156519003
-0.76445611,0.13404545,-0.63058601,-0.05318416,-0.98792322,-0.14553075,-0.64247829,-0.07771468,0.76235299,0.0055719,-0.01840138,-0.00981563
-0.76493031,0.13518494,-0.62976712,-0.05359968,-0.98769596,-0.146914,-0.64187901,-0.07862366,0.76276448,0.00533685,-0.01180094,-0.01037022
-0.765253982,0.135903612,-0.629218848,-0.0539462142,-0.987560975,-0.147691941,-0.641463917,-0.0790778838,0.763066646,0.00817445386,-0.00473678065,-0.000113286078
-0.7659083,0.13731461,-0.62811532,-0.05450341,-0.98727754,-0.14937229,-0.64063526,-0.08017107,0.76364849,0.0206784,0.00515699,0.00889148
-0.76632714,0.13872632,-0.6272938,-0.05504754,-0.98699574,-0.15102632,-0.64008771,-0.0812046,0.76399837,0.02297626,0.01460481,0.002647
-0.766549456,0.139245132,-0.626907247,-0.055265987,-0.986891609,-0.151626482,-0.639802761,-0.0815825515,0.764196774,0.0280429386,0.00742864562,0.000521760434
-0.7669191,0.1402352,-0.62623408,-0.05550204,-0.98666969,-0.15297834,-0.63933915,-0.08256475,0.76447924,0.02700487,-0.00142235,0.00245384
-0.7670888,0.141164,-0.62581743,-0.05570801,-0.98646315,-0.15423044,-0.63911764,-0.0834454,0.76456884,0.02554121,-0.00636405,0.00140667
-0.76707054,0.14145725,-0.62577342,-0.05573475,-0.98639473,-0.15465695,-0.63913705,-0.08375548,0.76451868,0.02351568,-0.00415742,0.00504724
-0.76706148,0.14164431,-0.62574224,-0.05570679,-0.9863451,-0.15498337,-0.63915038,-0.08402369,0.76447811,0.02754178,0.00442851,-0.00476709
-0.76698793,0.14138192,-0.62589193,-0.05572538,-0.98641497,-0.15453234,-0.63923724,-0.08364637,0.76444689,0.03263351,-0.00299931,-0.00531297
-0.76675494,0.1413855,-0.62617655,-0.055709,-0.98641948,-0.15450955,-0.63951813,-0.08358729,0.76421838,0.0358397,0.00160837,-0.01137996
-0.76576356,0.1415286,-0.62735622,-0.05550863,-0.98638991,-0.15476995,-0.64072222,-0.0836935,0.76319751,0.03055225,0.00867009,-0.01395032
-0.764378356,0.141444567,-0.629062023,-0.0551918152,-0.986413712,-0.154731061,-0.642401321,-0.0835540082,0.761800008,0.0197227467,-0.000867426337,-0.0114092296
-0.763557739,0.14149641,-0.63004608,-0.0550940703,-0.986414386,-0.154761058,-0.643384753,-0.0834572195,0.760980232,0.0127496915,0.000300645799,-0.0108201467
-0.7619689,0.14199403,-0.63185514,-0.05507087,-0.98633977,-0.15524455,-0.64526771,-0.08349472,0.75938013,0.00351877,0.00099623,-0.02192064
-0.760594994,0.142257215,-0.633449304,-0.0550533537,-0.986316467,-0.155398909,-0.646888139,-0.0833221319,0.758019222,-0.0137253245,-0.000557601394,-0.0153118894
-0.76003855,0.14224131,-0.63412058,-0.05495746,-0.9863257,-0.15537498,-0.64755013,-0.08324131,0.75746269,-0.02200924,0.00767457,-0.01053704
-0.75946756,0.14174181,-0.63491613,-0.0545383,-0.98641205,-0.15497441,-0.6482552,-0.08307078,0.75687811,-0.00994173,0.01572227,-0.01071252
-0.7592114,0.14058862,-0.6354786,-0.05390634,-0.98661961,-0.15387013,-0.64860798,-0.08256362,0.75663132,-0.00701254,0.01307154,-0.01160393
-0.75903537,0.14020777,-0.63577285,-0.05371436,-0.98669262,-0.15346813,-0.6488298,-0.0823376,0.75646574,-0.00821095,0.01900983,-0.00555003
-0.7586382,0.13995066,-0.63630317,-0.05362888,-0.98675576,-0.15309088,-0.64930105,-0.08201638,0.75609618,-0.00581723,0.02111983,-0.00784762
-0.7580107,0.13989609,-0.6370626,-0.05373229,-0.9868009,-0.15276354,-0.65002501,-0.08156557,0.75552269,-0.00646988,0.02895129,-0.01115455
-0.75760383,0.13968973,-0.63759177,-0.05375777,-0.98686576,-0.15233559,-0.65049719,-0.08113451,0.75516264,-0.00099195,0.03037011,-0.01637251
-0.7566456,0.13871928,-0.63893977,-0.05371766,-0.98711903,-0.15069844,-0.65161452,-0.07970298,0.75435131,-0.0121423,0.01096821,-0.02772903
-0.75565206,0.13744668,-0.64038912,-0.05349502,-0.98741829,-0.14880601,-0.65278488,-0.07818795,0.75349752,-0.01608522,-0.0123359,-0.03268373
-0.75511542,0.13696796,-0.64112423,-0.05338406,-0.98753077,-0.14809759,-0.65341461,-0.07760498,0.75301182,-0.02043619,-0.00937474,-0.02971443
-0.75397116,0.1361362,-0.64264623,-0.05319347,-0.98773034,-0.14682964,-0.6547501,-0.07652075,0.751962,-0.00834374,-0.00991481,-0.02419927
-0.75256613,0.1355436,-0.64441614,-0.05307141,-0.98788813,-0.14580976,-0.65637462,-0.07553141,0.75064463,-0.004039,-0.01205146,-0.0147503
-0.75164668,0.13540131,-0.64551794,-0.05292359,-0.98792694,-0.145599,-0.65743899,-0.0752759,0.74973827,-0.00516181,-0.01013845,-0.016307
-0.74986325,0.13517828,-0.64763548,-0.05256852,-0.98798246,-0.14535117,-0.6595009,-0.07494828,0.74795808,-0.00585363,-0.01064366,-0.02875158
-0.74798619,0.13501614,-0.64983612,-0.05206556,-0.98800939,-0.1453488,-0.66166874,-0.07488483,0.74604738,0.00126105,-0.01360029,-0.02267101
-0.74692792,0.13513374,-0.65102807,-0.05180887,-0.98798101,-0.14563439,-0.66288349,-0.07504936,0.74495173,0.00315726,-0.0180797,-0.0234631
-0.74451651,0.13598871,-0.65360707,-0.05146058,-0.98781112,-0.14690463,-0.66561772,-0.07573793,0.74243977,0.00105165,-0.01098013,-0.01121318
-0.741708017,0.137521554,-0.656473256,-0.0512921115,-0.987518298,-0.148918905,-0.668758875,-0.0767824399,0.739503914,0.000372559531,-0.000132799134,-0.0101446277
-0.74018788,0.138338,-0.65801549,-0.0511901,-0.98736055,-0.14999525,-0.67044862,-0.0773408,0.73791397,-0.01126811,0.00643051,-0.00954118
-0.7371606,0.139621359,-0.661135016,-0.0508544149,-0.98710799,-0.151759477,-0.673800758,-0.0782495135,0.734758095,-0.0103130862,0.000953912677,-0.0181487314
-0.73418758,0.14086351,-0.66417317,-0.05039946,-0.98684895,-0.15358698,-0.67707342,-0.07928769,0.73163176,-0.01881624,-0.01394045,-0.02380445
-0.73274388,0.14165347,-0.66559807,-0.05024414,-0.98668699,-0.15467525,-0.6786472,-0.07989493,0.73010601,-0.02568178,-0.01057798,-0.02031969
-0.73003237,0.14392874,-0.66808461,-0.05036411,-0.98624375,-0.15743723,-0.6815541,-0.0812868,0.72723891,-0.04658752,0.01389789,-0.01702853
-0.7280626,0.1461371,-0.66975273,-0.05115501,-0.98587096,-0.15950406,-0.68359926,-0.08186774,0.72525149,-0.05302796,-0.00116396,-0.00166354
-0.72742154,0.14692595,-0.67027631,-0.05160735,-0.98575511,-0.16007237,-0.68424721,-0.08184893,0.72464229,-0.04622602,-0.01602071,0.00908089
-0.72649816,0.14836984,-0.67095966,-0.05242502,-0.98553374,-0.16116737,-0.68516574,-0.08191272,0.72376669,-0.03430554,-0.03235489,0.02691469
-0.72600628,0.14984326,-0.67116449,-0.05283193,-0.98524111,-0.16281468,-0.68565557,-0.08274557,0.72320785,-0.04700097,-0.009377,0.02167577
-0.7260397,0.15068238,-0.67094064,-0.05302745,-0.98505974,-0.16384625,-0.68560529,-0.08338059,0.72318261,-0.05357923,0.00167489,0.01988933
-0.7268165,0.1525048,-0.66968639,-0.05355496,-0.98465228,-0.16610698,-0.68474042,-0.08486428,0.72382911,-0.03636265,0.00521588,0.02080116
-0.72834089,0.15387872,-0.66771327,-0.05361466,-0.98426853,-0.16834805,-0.6831143,-0.08681554,0.72513305,-0.01547724,-0.0081442,0.05740084
-0.72923733,0.15436137,-0.66662232,-0.05341647,-0.98409176,-0.16943999,-0.68217259,-0.08795337,0.72588204,-0.01110334,-0.00816303,0.05179766
