0,1,2,3,4,5,6,7,8,9,10,11
0.03720197,-0.72439123,-0.68838462,-0.97620186,-0.17362056,0.1299456,-0.21364917,0.66716811,-0.7136111,-0.00967801,-0.01446933,-0.00460301
0.0367868659,-0.721302983,-0.691642007,-0.976185473,-0.174008053,0.129549364,-0.213795653,0.670405193,-0.71052669,-0.0118448418,-0.00728058815,-0.000268052332
0.03642177,-0.71996649,-0.69305238,-0.97617695,-0.1740704,0.12952968,-0.21389699,0.6718241,-0.70915462,-0.00370158,-0.01048523,-0.0153459
0.03573905,-0.7166282,-0.696539,-0.97612767,-0.17444706,0.12939397,-0.21423662,0.67528664,-0.70575515,0.00453984,0.0061053,-0.03605399
0.03520794,-0.7115173,-0.70178593,-0.97601087,-0.17545052,0.12891793,-0.21485607,0.68041178,-0.70062586,-0.00771803,0.01140547,-0.01847942
0.03505137,-0.7085283,-0.70481138,-0.97591639,-0.17620662,0.12860198,-0.21531055,0.68332929,-0.69764068,-0.00955143,0.01028693,0.003175
0.03473243,-0.70294801,-0.71039256,-0.9757939,-0.17742318,0.12785568,-0.21591608,0.68875606,-0.69209468,-0.01847768,0.01540041,0.01728287
0.03414044,-0.69889161,-0.71441231,-0.97580587,-0.17777257,0.12727848,-0.21595678,0.69278238,-0.68805177,-0.01559725,0.00507164,0.02576027
0.03383994,-0.69754373,-0.71574256,-0.97583109,-0.17775919,0.12710283,-0.21588969,0.69414277,-0.68670018,-0.00838424,-0.00491065,0.02761499
0.0334460415,-0.696061679,-0.717202614,-0.975933413,-0.177467949,0.126724932,-0.215488804,0.69570351,-0.685245471,-0.00476610987,0.000558972359,0.015345104
0.03312002,-0.69520923,-0.718044,-0.97604383,-0.17707501,0.12642344,-0.2150384,0.69665526,-0.68441941,0.00370478,0.00214899,0.01217253
0.03290111,-0.69485507,-0.71839675,-0.97610536,-0.17681275,0.12631507,-0.2147924,0.69707504,-0.68406908,0.01093302,-0.0023613,0.00388122
0.03259666,-0.69362527,-0.71959805,-0.97624971,-0.17638508,0.12579627,-0.21418187,0.69840688,-0.68290101,0.00875069,-0.01443845,0.01683734
0.03262559,-0.69266972,-0.72051665,-0.97633927,-0.17627583,0.12525357,-0.21376903,0.69938223,-0.68203175,0.0054376,-0.00906467,0.0328887
0.03254821,-0.692842,-0.7203545,-0.97638377,-0.17605627,0.12521559,-0.21357754,0.69926689,-0.68221001,0.00897534,-0.00552773,0.02730853
0.03212723,-0.6943918,-0.7188796,-0.97647838,-0.17523618,0.12562745,-0.21320839,0.69793432,-0.68368844,0.01519084,-0.00443113,0.00379393
0.0317551,-0.69607027,-0.71727102,-0.97655408,-0.17448064,0.12608941,-0.21291703,0.69644999,-0.68529089,0.01807396,0.0017277,-0.01361394
0.03150472,-0.69669777,-0.71667257,-0.976575,-0.17415752,0.12637364,-0.2128582,0.69590319,-0.68586439,0.00726611,0.0043931,-0.01972612
0.03120162,-0.69712487,-0.71627039,-0.9766345,-0.17371263,0.12652611,-0.21262976,0.6955866,-0.68625629,0.00514037,0.00121474,-0.01895825
0.0310430033,-0.696393755,-0.716988146,-0.976711488,-0.173497821,0.126226355,-0.21229916,0.696372143,-0.685561658,0.000276379753,0.00581169128,-0.019981239
0.0309791,-0.69586007,-0.71750896,-0.97673236,-0.17348662,0.12608076,-0.21221274,0.69690833,-0.68504353,-0.00829761,0.00253117,-0.01577873
0.03105932,-0.69500903,-0.71832976,-0.97675367,-0.1736116,0.1257423,-0.21210248,0.69772581,-0.68424485,-0.01689039,0.00136107,-0.01563513
0.03037703,-0.69391948,-0.71941144,-0.97686398,-0.17304527,0.12566579,-0.21169277,0.69894984,-0.68312151,0.01157694,-0.00587058,-0.07408065
0.0294265,-0.68954265,-0.72364685,-0.97696618,-0.17291933,0.12504271,-0.21135493,0.70329904,-0.67874821,0.022247,0.00441861,-0.06667907
0.0279722614,-0.682046479,-0.730773711,-0.977203148,-0.172574066,0.123661944,-0.210455753,0.71065524,-0.67132527,0.000471045263,-0.0287531018,0.0486688688
0.01889957,-0.6707625,-0.74143139,-0.97895319,-0.16313339,0.12263029,-0.203208,0.72350895,-0.65972824,0.08968507,-0.03437781,-0.13489471
0.00703968,-0.65419451,-0.75629359,-0.98053584,-0.15291864,0.12314777,-0.19621398,0.74070604,-0.64253766,0.10429352,-0.06332552,-0.12904404
0.000967577454,-0.641373171,-0.767228445,-0.981217268,-0.148609977,0.122994756,-0.192903354,0.752698806,-0.629470214,0.0673923194,-0.0801138282,-0.0414581075
-0.01115394,-0.61383182,-0.78935796,-0.98258934,-0.13968051,0.12250484,-0.18545534,0.77698117,-0.60158658,0.04897408,-0.01705587,0.0862382
-0.02447461,-0.59382357,-0.8042229,-0.98399726,-0.12771631,0.12424911,-0.17649448,0.79439412,-0.58119493,0.1600813,0.03637421,0.05697358
-0.03230042,-0.58730644,-0.80871985,-0.98463561,-0.12022959,0.12663938,-0.17160819,0.80038488,-0.57439935,0.20633347,0.02701986,0.01331907
-0.0497957,-0.57643007,-0.81562777,-0.98552881,-0.10412473,0.13375686,-0.16202855,0.81048523,-0.56290344,0.27036348,0.06722617,-0.04268894
-0.0676521,-0.56550695,-0.82196408,-0.98579084,-0.08907153,0.14241679,-0.15375134,0.81991952,-0.55144566,0.27967659,0.1584475,-0.01769201
-0.07621928,-0.56071717,-0.82449191,-0.98572388,-0.08213096,0.14697947,-0.15013021,0.82392402,-0.54645235,0.31188473,0.17856956,-0.04732241
-0.09341136,-0.55016587,-0.82981435,-0.9852304,-0.06905736,0.15669131,-0.14351099,0.83219506,-0.53558941,0.33425441,0.19152403,-0.08465624
-0.11326497,-0.53320212,-0.8383712,-0.98396363,-0.05682411,0.16907491,-0.13779093,0.84407716,-0.51821523,0.31584254,0.19940221,-0.07493778
-0.12456052,-0.52227626,-0.84363034,-0.98294836,-0.05096028,0.17667919,-0.135267,0.85125233,-0.50702295,0.31664097,0.18705714,-0.05148016
-0.1492309,-0.49778234,-0.8543669,-0.9800432,-0.04029208,0.19465813,-0.13132164,0.86636552,-0.48183535,0.31951696,0.11106181,-0.00209126
-0.17592286,-0.4696329,-0.86515664,-0.97595451,-0.03169454,0.21565754,-0.12870065,0.88229266,-0.45276453,0.25896347,0.12839186,0.01399492
-0.19019316,-0.45412544,-0.87040017,-0.97338873,-0.02821135,0.22741665,-0.12783093,0.8904909,-0.43667492,0.21288188,0.16360784,0.01084939
-0.22065336,-0.42151553,-0.87956621,-0.96707986,-0.02265141,0.25346285,-0.12676196,0.90653822,-0.40264106,0.19555703,0.18670392,0.02995145
-0.25301246,-0.39085758,-0.88499437,-0.95913382,-0.018438,0.28235146,-0.12667674,0.92026648,-0.37021967,0.21203405,0.15498924,0.0914671
-0.26910668,-0.37659561,-0.8864296,-0.95474381,-0.01674078,0.29695804,-0.12667259,0.92622652,-0.3550473,0.18166885,0.20444083,0.11991514
-0.30230462,-0.3521047,-0.88579577,-0.94465163,-0.013591,0.32779343,-0.12745648,0.93586191,-0.32850764,0.10447972,0.28213918,0.20923424
-0.33742113,-0.33940405,-0.87803867,-0.9323446,-0.00824388,0.36147698,-0.12992519,0.94060457,-0.31365988,0.08689396,0.2710197,0.13308331
-0.35516443,-0.3365743,-0.87210989,-0.92551528,-0.00458233,0.37868226,-0.13145113,0.94164565,-0.30987706,0.08394526,0.2606355,0.06286746
-0.39054571,-0.32961783,-0.85954989,-0.91057174,0.00098658,0.41334978,-0.13539949,0.94411388,-0.30052593,0.04755002,0.26827443,-0.02978989
-0.42478008,-0.31579895,-0.84842946,-0.89437831,0.00127902,0.44730923,-0.14017475,0.94882514,-0.28298689,-0.02827406,0.27798605,0.07523514
-0.441680701,-0.308295815,-0.842538875,-0.885673616,-4.14956564e-05,0.46430828,-0.143179293,0.951290505,-0.273031103,-0.0333481729,0.266778588,0.116637409
-0.47491626,-0.29676425,-0.82848382,-0.86709386,-0.00303333,0.49813549,-0.1503419,0.95494592,-0.25588184,-0.05378878,0.20866692,0.01553731
-0.50655612,-0.28534176,-0.81362205,-0.84754306,-0.00850622,0.53065838,-0.15833989,0.95838804,-0.23753049,-0.0842169,0.21229637,-0.10602525
-0.52207487,-0.27596731,-0.80701914,-0.8373225,-0.01417385,0.54652552,-0.16226174,0.96106251,-0.22367383,-0.10853,0.20586824,-0.0755159
-0.55295691,-0.25103945,-0.79449228,-0.81532275,-0.03349239,0.57803734,-0.17171958,0.9673973,-0.18615839,-0.11435509,0.17167985,0.07155997
-0.58316512,-0.22815112,-0.77965703,-0.79155449,-0.05619615,0.608509,-0.18264586,0.97200246,-0.14782222,-0.14779654,0.19666767,0.05471192
-0.59783227,-0.21770863,-0.77149155,-0.77921259,-0.06814125,0.62304437,-0.18821263,0.97363212,-0.12890412,-0.16387531,0.22825241,0.07028949
-0.62671932,-0.19696479,-0.7539414,-0.75331108,-0.09439245,0.65085513,-0.19936195,0.97585596,-0.08921812,-0.14669304,0.22392106,0.17979574
-0.65519352,-0.18277562,-0.73301733,-0.72535129,-0.11900317,0.6780145,-0.21115594,0.97592584,-0.05460636,-0.12047949,0.21415639,0.21947977
-0.69508356,-0.17770762,-0.69661963,-0.68131517,-0.14648963,0.71718232,-0.22949629,0.97311913,-0.0192524,-0.18334055,0.17789483,-0.12114775
-0.71976439,-0.16398198,-0.67457329,-0.65082804,-0.17875464,0.73788186,-0.24158243,0.9701323,0.02193715,-0.24283515,0.16655266,0.00523432
-0.73204159,-0.15551442,-0.66327239,-0.63447761,-0.19893003,0.74690356,-0.2480991,0.967596,0.0469547,-0.23752344,0.20786631,0.08293714
-0.75602769,-0.14423611,-0.63844974,-0.59974635,-0.2380223,0.7639697,-0.26215729,0.96049015,0.09344637,-0.15975279,0.22305727,0.05209761
-0.777032,-0.1341923,-0.6149906,-0.56617831,-0.27794746,0.77600718,-0.27506933,0.95117688,0.13999746,-0.23864712,0.24836159,-0.07004884
-0.78684728,-0.12657571,-0.60402789,-0.54956991,-0.3016012,0.7791081,-0.28079176,0.94499477,0.16775205,-0.25543147,0.24628985,-0.07247517
-0.80626691,-0.11076794,-0.58108851,-0.51360976,-0.35628463,0.78055497,-0.29349344,0.92778851,0.2303692,-0.25008237,0.23349357,0.06315476
-0.82513297,-0.1034094,-0.55539336,-0.47277646,-0.41176481,0.77905836,-0.30925347,0.90540378,0.2908714,-0.18846673,0.17921758,0.09735747
-0.83392238,-0.10359085,-0.54207221,-0.45125542,-0.43746829,0.777811,-0.31771353,0.89324708,0.31806875,-0.18553236,0.20123267,0.1194627
-0.85009076,-0.10977507,-0.51506823,-0.40683687,-0.48415412,0.77464745,-0.33440935,0.86806932,0.36691428,-0.25055933,0.22840917,0.15385211
-0.86488654,-0.12325596,-0.48659953,-0.35967647,-0.52402707,0.77202872,-0.3501485,0.84273571,0.4088918,-0.32298392,0.13588834,0.05232675
-0.87176986,-0.13338201,-0.47140918,-0.3341028,-0.54190267,0.77117889,-0.35831927,0.82978961,0.42785106,-0.35033697,0.10729265,0.01989479
-0.88319046,-0.15931941,-0.44112578,-0.27960985,-0.57626634,0.76794234,-0.37655406,0.80158246,0.46440565,-0.35044867,0.14528394,0.07529768
-0.89170593,-0.18972942,-0.41092956,-0.22318969,-0.60552282,0.76389026,-0.39375972,0.77288079,0.49760278,-0.37232679,0.09951079,0.03193336
-0.89511393,-0.2063545,-0.39520737,-0.19396683,-0.6179031,0.76195316,-0.40143232,0.75869201,0.51306775,-0.37743002,0.03472948,-0.00814602
-0.89930954,-0.24341228,-0.36330849,-0.13287909,-0.63939663,0.75730793,-0.41663623,0.72933025,0.54267089,-0.37422088,-0.10931116,-0.06417198
-0.89942131,-0.28332243,-0.33282034,-0.07016124,-0.65799773,0.74974403,-0.43141439,0.69768697,0.5719392,-0.37124133,0.02552056,-0.01037567
-0.89813185,-0.30285127,-0.31881083,-0.0398859,-0.66592441,0.74495224,-0.43791363,0.68178137,0.58600838,-0.37423426,0.07863712,0.02967271
-0.89433951,-0.33920304,-0.29171551,0.01765803,-0.67829524,0.73457714,-0.44704008,0.65181031,0.61261606,-0.37389439,-0.02360272,-0.08715602
-0.88700064,-0.37705314,-0.26657225,0.07575795,-0.68828852,0.72147045,-0.45551132,0.61974979,0.63907717,-0.31058696,-0.24829924,-0.21044183
-0.88097263,-0.3971066,-0.25728127,0.10631298,-0.69596187,0.71016525,-0.46106925,0.59828378,0.65534089,-0.2934556,-0.2664808,-0.1325848
-0.86520169,-0.43765258,-0.24471662,0.1693998,-0.71447151,0.67884766,-0.47194249,0.54588521,0.69230024,-0.33694306,-0.19558233,0.08650182
-0.84500685,-0.48213112,-0.23132886,0.23354623,-0.72187885,0.65141931,-0.48106093,0.49642778,0.72259245,-0.47173709,-0.17377734,0.05741654
-0.83304015,-0.50634683,-0.22283856,0.26520111,-0.71902175,0.64239872,-0.48550232,0.47604689,0.7332577,-0.43971992,-0.20327222,0.05994027
-0.80669566,-0.55468465,-0.20388007,0.3257517,-0.70521447,0.62972884,-0.49308009,0.44158523,0.74958289,-0.31452796,-0.30462962,0.05636257
-0.77784691,-0.60129003,-0.18276879,0.38415301,-0.68508512,0.61893843,-0.4973737,0.41122818,0.76387877,-0.26789883,-0.34705812,0.04799909
-0.76158896,-0.62495958,-0.17148589,0.41309557,-0.67204456,0.61457937,-0.4993335,0.39721691,0.76999009,-0.24166748,-0.36978728,0.04088683
-0.72611131,-0.67120591,-0.14914725,0.46826532,-0.64157167,0.60754695,-0.50347777,0.37130625,0.78015498,-0.12975702,-0.42911923,-0.051816
-0.68868662,-0.71278567,-0.13284224,0.51810403,-0.61195485,0.59756107,-0.50722647,0.34270629,0.79074248,-0.01082476,-0.45169121,-0.05340226
-0.66917249,-0.73186587,-0.12876598,0.54169799,-0.59904269,0.5896705,-0.508696,0.32483896,0.79731302,-0.01669196,-0.43753314,-0.00142964
-0.62719644,-0.76863857,-0.12577369,0.58791655,-0.57313883,0.57084645,-0.51086045,0.28408852,0.8113663,-0.11330151,-0.38599694,0.05295312
-0.5824628,-0.80340744,-0.12358527,0.63107818,-0.54277584,0.55419714,-0.51232525,0.24480731,0.82315988,-0.07685333,-0.38080192,0.03684252
-0.55966411,-0.81980909,-0.12119812,0.65112402,-0.52546956,0.5476487,-0.51265334,0.22758435,0.82788399,-0.004628,-0.32383645,0.06403439
-0.51371804,-0.85043999,-0.11333621,0.6879233,-0.48723585,0.53792403,-0.51269368,0.19837479,0.8353398,0.06875168,-0.34948123,0.07280151
-0.46761409,-0.87824824,-0.10008374,0.72166356,-0.44469864,0.53051342,-0.51042965,0.17584884,0.84174742,0.00977849,-0.33729947,0.09714123
-0.40059274,-0.9141043,-0.0627587,0.7634018,-0.37085824,0.52884943,-0.50669815,0.16394317,0.84639211,0.21908738,-0.31212747,0.03977158
-0.356690134,-0.933533413,-0.0358831226,0.785456243,-0.32046448,0.529491349,-0.505797116,0.160679696,0.847556088,0.323572099,-0.345790744,-0.00082321465
-0.33475903,-0.94193962,-0.02619226,0.79535314,-0.2973507,0.52820057,-0.50532135,0.15598784,0.84871557,0.25768855,-0.34228063,0.02247046
-0.29256321,-0.95617948,-0.01129385,0.81186633,-0.25461329,0.52539996,-0.50525223,0.1445436,0.85078042,0.09695694,-0.29176474,0.05796072
-0.25465425,-0.96701852,0.00512174,0.82415357,-0.21425545,0.524276,-0.50588728,0.13773026,0.85153298,0.26919353,-0.24805218,-0.00371118
-0.23627062,-0.97160135,0.01292465,0.82951369,-0.19475537,0.52342853,-0.50604671,0.13439195,0.85197156,0.33647552,-0.22509038,-0.03085117
-0.19945722,-0.97969166,0.02052557,0.83904114,-0.15992672,0.52003233,-0.5061887,0.12094594,0.85389994,0.30616918,-0.2120474,0.02127355
-0.1639519,-0.98623645,0.02138207,0.84635695,-0.12949747,0.51663341,-0.50675382,0.10279996,0.85593966,0.15615347,-0.19864273,0.04770481
-0.14728297,-0.98882873,0.02292843,0.84885549,-0.11446774,0.51608308,-0.50769316,0.09547311,0.85623161,0.14542373,-0.18402159,0.04714951
-0.11572338,-0.99279112,0.03120691,0.85223359,-0.08310347,0.51651883,-0.51020191,0.08636889,0.85570697,0.24208462,-0.12548077,0.01035766
-0.08527528,-0.99546916,0.04206257,0.85457516,-0.05136975,0.51678082,-0.51227863,0.08001426,0.85508381,0.28507242,-0.10559511,-0.02013353
-0.07061557,-0.99643587,0.04613949,0.85528062,-0.03667895,0.51686514,-0.51333065,0.07596098,0.85482253,0.25169167,-0.11371207,-0.02323612
-0.0435969,-0.99764195,0.05300653,0.85546872,-0.00987439,0.5177602,-0.51601592,0.06791821,0.85388212,0.23688935,-0.10058558,-0.03976367
-0.01916288,-0.99808139,0.05887399,0.85447142,0.01422664,0.5193034,-0.51914467,0.06025754,0.85255956,0.26785707,-0.0424037,-0.04287263
-0.0078398,-0.99806786,0.06163702,0.85379259,0.02540634,0.51999304,-0.52055431,0.05670186,0.85194373,0.28359103,-0.03453702,-0.04574823
0.01273514,-0.9977589,0.06568881,0.85231378,0.04518442,0.52107542,-0.52287575,0.04935151,0.85097907,0.30175343,-0.0239886,-0.04689337
0.02971142,-0.99729775,0.06718931,0.85065536,0.06052587,0.52222796,-0.52488347,0.04163882,0.85015502,0.26847917,-0.0198946,-0.05133802
0.03650871,-0.99710183,0.06674648,0.84959665,0.06613579,0.52327013,-0.52616792,0.03760366,0.84954887,0.24829002,0.0019567,-0.04325744
0.0468044,-0.99681484,0.06457059,0.84739795,0.07384824,0.52579749,-0.5288912,0.0301074,0.84815542,0.25667107,0.02018213,-0.01007823
0.0539279772,-0.99659827,0.0623185367,0.845149087,0.0787924971,0.528691501,-0.531803283,0.0241572092,0.846523294,0.245952368,9.38773155e-05,-0.01285455
0.05656321,-0.99650488,0.06146931,0.84406204,0.08061267,0.5301516,-0.5332539,0.02189688,0.84567179,0.19397323,-0.0211423,-0.01021184
0.05899945,-0.99631882,0.0621917,0.84162298,0.08314851,0.5336263,-0.53683309,0.02085833,0.84343059,0.13347468,-0.0192669,-0.02602892
0.05765165,-0.99606908,0.06725011,0.83936133,0.08483153,0.53691347,-0.54050786,0.02549322,0.84095263,0.16313604,0.0182246,-0.03136579
0.0563056,-0.99592088,0.07050608,0.83833002,0.085513,0.53841446,-0.54224743,0.02879167,0.83972539,0.20133989,0.02068746,-0.04717164
0.05312908,-0.99574062,0.07535165,0.83632663,0.08560134,0.54150728,-0.545651,0.03424883,0.83731236,0.14259911,-0.00934088,-0.04468617
0.04884773,-0.99587838,0.07642039,0.83419653,0.08275582,0.54522248,-0.54929953,0.03711677,0.83480079,0.06017711,-0.02602899,-0.03369927
0.04619528,-0.99599211,0.07658643,0.83331278,0.0807021,0.54687911,-0.55086802,0.03855729,0.83370122,0.03005901,0.00769043,-0.02231898
0.04040212,-0.99624084,0.07662718,0.83184722,0.07602177,0.54977339,-0.55353207,0.04153013,0.83179172,0.03518911,0.02018821,-0.01977284
0.03497983,-0.99652639,0.07557393,0.83082356,0.07102448,0.55198515,-0.5554354,0.04348029,0.83042215,0.00670069,-0.01469827,-0.02031857
0.03217518,-0.99668852,0.07467772,0.83031872,0.06824547,0.55309437,-0.55635922,0.0442104,0.82976494,-0.01986655,-0.01263165,-0.02877398
0.02624135,-0.99694001,0.07363431,0.82930168,0.06284022,0.55525654,-0.55818466,0.04649437,0.82841304,-0.03395845,0.021963,-0.00463007
0.02097759,-0.99704621,0.07388277,0.82840205,0.05870761,0.55704878,-0.55974089,0.04951914,0.82718678,0.00450659,0.0150578,-0.015767
0.01871431,-0.99708585,0.0739559,0.82806904,0.05691002,0.55773006,-0.56031361,0.05080309,0.82672104,-0.00429358,0.01806855,-0.01252787
0.01432618,-0.99715687,0.0739789,0.82757895,0.05334777,0.55880859,-0.56116645,0.05321781,0.82599036,-0.03010304,0.00639176,0.00901937
0.01062727,-0.99705677,0.07592635,0.82720913,0.05142586,0.55953587,-0.56179362,0.05686065,0.82532102,-0.01389692,0.0149895,0.00837359
0.00925687722,-0.99695149,0.0774720392,0.826959147,0.0511897958,0.559926833,-0.562185698,0.0588830751,0.824912119,-0.000191959247,0.0174466372,-0.000660578255
0.00741419593,-0.996837813,0.0791157999,0.826585773,0.0506352376,0.56052827,-0.562761845,0.0612401581,0.824347458,-0.000610401388,-0.0150312781,-0.0167869981
0.00593818,-0.99685997,0.07896059,0.82632117,0.04936126,0.56103175,-0.56316772,0.06191535,0.82401976,-0.02051734,-0.00736684,0.00664184
0.00527185,-0.99687062,0.07887322,0.82631012,0.04876458,0.56110019,-0.56319056,0.06221576,0.82398153,-0.01833255,-0.00339288,0.00819021
0.0039925,-0.99686024,0.07908008,0.82689481,0.04776186,0.56032465,-0.5623424,0.06315384,0.8244893,-0.01829719,0.0074085,0.01805789
0.00259014,-0.9968081,0.07979136,0.82745885,0.04694119,0.55956067,-0.56152017,0.06457481,0.82493948,-0.01444905,-0.01206785,0.01708363
0.0021789,-0.99675233,0.08049834,0.82753175,0.04699043,0.55944888,-0.56141464,0.06539597,0.82494664,-0.00794351,-0.0124222,0.01503226
0.00188664,-0.99663225,0.0819804,0.82785786,0.04754243,0.55891972,-0.56093492,0.06681358,0.82515937,0.02064332,-0.00578833,0.00773028
0.00265366,-0.9965934,0.08242795,0.82852925,0.04834616,0.5578546,-0.55993933,0.06681367,0.82583524,-0.00851976,-0.01508558,0.02194292
0.00262835,-0.99664031,0.08186027,0.82863289,0.04799521,0.55773104,-0.55978615,0.06636623,0.82597516,-0.02848491,-0.02233267,0.02462367
0.00212438,-0.9966514,0.08173955,0.82869862,0.04750369,0.55767543,-0.55969095,0.06655278,0.82602466,-0.01428434,-0.0074296,0.02889045
0.00181778,-0.99652808,0.08323663,0.82918888,0.04802862,0.55690117,-0.55896543,0.06800661,0.82639744,0.02794175,0.00240082,0.01489192
0.00206213534,-0.996489073,0.0836983439,0.829352528,0.0484685291,0.556619545,-0.558721997,0.068267565,0.826540558,0.0328083038,-0.000771522522,0.0173791591
0.00250149,-0.99656055,0.08282972,0.82930396,0.04835226,0.55670185,-0.55879212,0.06729845,0.82657261,-0.00684132,-0.04631507,0.01980479
0.00214421,-0.99661938,0.08212922,0.82897638,0.0477049,0.55724537,-0.5592795,0.06688834,0.82627622,-0.02980669,-0.00867081,0.01925248
0.0015606,-0.99655891,0.08287298,0.82886262,0.04765248,0.55741908,-0.55945004,0.0678204,0.82608477,-0.01589076,0.01138699,0.01917648
0.00087053824,-0.996286442,0.0860959409,0.828398797,0.0489441294,0.557996282,-0.560138035,0.0708360347,0.825365148,0.0242445301,-0.00164449215,-0.0103279166
0.000747711864,-0.996151263,0.0876466221,0.827791067,0.0497895109,0.558822682,-0.561035844,0.0721353069,0.824642498,0.0305284169,0.00377213955,-0.0158614814
0.000756971001,-0.996178833,0.0873337703,0.827402673,0.0496713523,0.559408258,-0.561608646,0.0718367304,0.824278605,0.0111377342,0.00511908531,-0.00929785799
0.000638882477,-0.996364703,0.0851870951,0.826966216,0.0484229889,0.560162447,-0.562251135,0.0700890128,0.823991,0.0336213261,0.0120668411,0.0152282687
0.00125262,-0.99656684,0.08278102,0.8272788,0.04753836,0.55977642,-0.56178996,0.06778188,0.8244984,0.02556822,0.01343715,0.04366153
0.00184934,-0.99663148,0.08198805,0.82752945,0.04755508,0.55940442,-0.56141906,0.06681307,0.82483005,0.01343459,-0.00261158,0.0419227
0.00257107,-0.99667167,0.08147863,0.82802712,0.04780577,0.55864613,-0.56068197,0.06603027,0.82539427,-0.01421399,-0.02769256,0.00439688
0.00263387523,-0.996621782,0.0820861336,0.828224527,0.0481746693,0.55832193,-0.560390258,0.0665151845,0.825553449,0.0094270166,-0.00661468506,-0.00057057559
0.00314492,-0.99656995,0.08269476,0.82827347,0.04893154,0.55818342,-0.56031521,0.06673844,0.82558636,0.04477269,-0.00685114,-0.01193823
0.0054192,-0.9965375,0.08296659,0.82865526,0.05091574,0.55743866,-0.55973288,0.06572989,0.82606213,0.0230882,-0.01329279,0.00832506
0.00588973,-0.99668465,0.08114899,0.82840425,0.05031617,0.55786631,-0.56009986,0.06393844,0.82595402,-0.00697401,-0.04011828,0.02037977
0.00597657,-0.99673195,0.08055842,0.82814909,0.05008617,0.55826554,-0.56047598,0.06337789,0.82574204,0.00271468,-0.04677808,0.01924489
0.00643349,-0.99684084,0.07916423,0.82716242,0.04979124,0.55975279,-0.56192612,0.06188051,0.82486959,0.05425106,-0.02580857,0.02704598
0.0069914,-0.99691871,0.07812872,0.82683503,0.04970503,0.56024381,-0.56240096,0.06068271,0.82463492,0.03235932,-0.01810354,0.02780298
0.0076893,-0.99705404,0.0763151,0.82572601,0.04937664,0.56190603,-0.56401889,0.05869474,0.82367323,-0.01404924,-0.03340578,0.00263819
0.00727342,-0.99699112,0.07717254,0.82425515,0.04967267,0.56403535,-0.56617165,0.05950746,0.82213654,-0.03785675,-0.04272753,0.01185707
0.00667028317,-0.996923229,0.078099844,0.823533589,0.0497789567,0.565079184,-0.567228293,0.060548606,0.821331803,-0.0133871408,-0.0428007245,-0.000446048332
0.00526567,-0.99670555,0.08093307,0.82221403,0.05038003,0.56694426,-0.56915394,0.06355902,0.81977071,-0.01137538,0.01643085,0.00639984
0.00340703765,-0.996514481,0.0833497192,0.820482399,0.050434098,0.569442652,-0.571661543,0.0664468988,0.817794516,0.000895803561,0.0244380236,-0.0139942374
0.00212886,-0.9964443,0.08422557,0.8196056,0.04999372,0.57074252,-0.57292395,0.0678168,0.816798,-0.00653632,0.02215624,-0.02299323
-0.00105806,-0.99638944,0.08489231,0.81793146,0.04797756,0.57331146,-0.57531447,0.07004277,0.81492774,-0.02521046,-0.0041222,-0.02391604
-0.00441898607,-0.996348748,0.0852621267,0.816526819,0.045626869,0.575501633,-0.577290579,0.0721619514,0.813343862,0.000721653923,-0.00899296999,-0.0233529396
-0.00589338138,-0.996340067,0.0852737804,0.816024479,0.04449717,0.576301948,-0.577987193,0.0729818989,0.812775753,-0.000226749573,0.00141477585,-0.0291117355
-0.00818772,-0.99638648,0.08453844,0.81541243,0.04228335,0.57733395,-0.57882236,0.07366081,0.81211989,-0.00611646,0.00218493,-0.0171422
-0.00981819,-0.9964206,0.08396163,0.81518045,0.04065315,0.5777786,-0.57912381,0.07411663,0.81186349,-0.00495129,0.0149405,-0.00770983
-0.01036139,-0.99641624,0.0839482,0.81513354,0.04020983,0.57787581,-0.57918039,0.0744166,0.81179569,-0.00353036,0.02815843,-0.00545458
-0.0110324381,-0.996347802,0.0846710375,0.814931295,0.0401098938,0.578167822,-0.579452423,0.0753797303,0.811512634,0.000755583635,0.0221518278,-0.0044585783
-0.01141588,-0.99625303,0.08573001,0.81472967,0.0404394,0.57842913,-0.57972863,0.07645004,0.81121521,-0.02942197,-0.00768614,0.00339153
-0.0122032939,-0.996204779,0.0861796891,0.814665888,0.0400692684,0.578544532,-0.579802029,0.0772678597,0.811085231,-0.0343824774,-0.0109447241,3.28607857e-05
-0.01364837,-0.99598935,0.08842392,0.81469984,0.04019408,0.57848808,-0.57972212,0.07993442,0.81088392,0.00153129,0.00472713,0.00671501
-0.01454908,-0.99583092,0.09005021,0.8147433,0.04040085,0.57841254,-0.57963922,0.08178319,0.81075883,0.03223726,0.00107169,-0.0029842
-0.01465497,-0.99584538,0.08987285,0.81493904,0.0401842,0.57815181,-0.57936129,0.08171371,0.81096445,0.02280578,-0.00475407,0.00817725
-0.01556019,-0.99599978,0.08798976,0.81539834,0.03829117,0.57763242,-0.57869102,0.08073482,0.81154086,-0.00649677,-0.00425339,0.02561907
-0.0170792954,-0.996070384,0.0869019753,0.815766469,0.0363732167,0.57723646,-0.578129079,0.0807505528,0.811939709,-0.0125307664,-0.000970304012,0.0319653489
-0.01792734,-0.99603346,0.08715462,0.81595124,0.03580336,0.57701097,-0.57784267,0.0814582,0.8120729,-0.00563211,-0.00720572,0.02924445
-0.01925861,-0.99589868,0.0884017,0.81646919,0.03536732,0.57630474,-0.57706767,0.08327611,0.81243952,0.01296869,-0.01204491,0.01663402
-0.02034478,-0.99576508,0.08965448,0.81673121,0.03516882,0.5759455,-0.57665948,0.08494112,0.81255698,0.01122742,-0.0069769,0.01360026
-0.0206295455,-0.995720004,0.0900893042,0.816687133,0.0351947714,0.57600646,-0.57671183,0.0854575314,0.812465675,0.0207651742,-0.0185151696,0.000233487692
-0.02086545,-0.99575743,0.08961946,0.81651241,0.03475652,0.57628062,-0.5769506,0.0851998,0.8123232,0.01063229,-0.00896102,0.00958692
-0.02076599,-0.99593307,0.08766892,0.81633313,0.03373472,0.57659514,-0.57720771,0.0835407,0.81231285,-0.01702039,-0.02178019,0.02476965
-0.02072518,-0.99597051,0.08725342,0.81621244,0.03354481,0.5767772,-0.57738,0.08317116,0.81222835,-0.02246108,-0.02234346,0.0255954
-0.02075504,-0.99588776,0.08818533,0.81614641,0.03406977,0.5768398,-0.57747218,0.08394452,0.81208323,-0.00919755,-0.00544685,0.01862396
-0.02056934,-0.995697,0.09035678,0.81598971,0.03550202,0.57697518,-0.57770032,0.08559821,0.81174829,0.01634944,-0.0116896,0.00409706
-0.02028203,-0.99563805,0.09106805,0.81577516,0.03618004,0.57723634,-0.57801334,0.08599861,0.81148309,0.02350716,-0.02397186,0.00685706
-0.01958645,-0.99567859,0.09077729,0.81525424,0.03665447,0.57794201,-0.57877188,0.0853264,0.81101327,0.00977557,-0.01920497,0.0033708
-0.0189231,-0.99577323,0.08987559,0.81474947,0.03674403,0.57864774,-0.57950431,0.08417588,0.81061037,0.00703674,-0.01337498,0.01225419
-0.01845756,-0.9958044,0.08962661,0.81456933,0.03700376,0.57888474,-0.57977249,0.08369188,0.81046871,0.00830104,-0.01721585,0.0095132
-0.0177909428,-0.995845087,0.0893088704,0.81413124,0.0374234729,0.579473758,-0.580408336,0.0830185161,0.810082771,0.000828778138,-0.021032691,0.012681568
-0.0172294,-0.99584458,0.08942402,0.81353264,0.03803181,0.58027421,-0.5812639,0.08274716,0.80949687,-0.0060274,-0.01160359,0.01062494
-0.0170383952,-0.995801534,0.0899385575,0.81322866,0.0385300414,0.580667316,-0.581694753,0.0830342694,0.809157904,0.0115520097,-0.000213563442,0.00757978577
-0.01640162,-0.99570093,0.0911621,0.81236488,0.03988402,0.58178385,-0.58291866,0.08359913,0.80821841,0.02673082,0.00239557,0.00285467
-0.01563733,-0.99572807,0.09100081,0.81121631,0.0405722,0.58333699,-0.5845371,0.08294315,0.80711636,0.02116987,-0.02624267,-0.01815855
-0.01518969,-0.99579793,0.09030866,0.81065707,0.04060733,0.58411134,-0.58532408,0.08208186,0.80663391,-0.00162448,-0.0220238,-0.00486488
-0.01469508,-0.99589862,0.08927402,0.80952162,0.04055704,0.58568742,-0.58690602,0.08087601,0.80560559,-0.0088643,-0.02439785,-0.01002876
-0.01469508,-0.99589862,0.08927402,0.80952162,0.04055704,0.58568742,-0.58690602,0.08087601,0.80560559,-0.0088643,-0.02439785,-0.01002876
-0.01469508,-0.99589862,0.08927402,0.80952162,0.04055704,0.58568742,-0.58690602,0.08087601,0.80560559,-0.0088643,-0.02439785,-0.01002876
-0.01469508,-0.99589862,0.08927402,0.80952162,0.04055704,0.58568742,-0.58690602,0.08087601,0.80560559,-0.0088643,-0.02439785,-0.01002876
-0.01483226,-0.99553109,0.09326194,0.80691423,0.04316415,0.58908931,-0.59048231,0.08399194,0.80266804,0.01229521,0.00464356,0.00193805
-0.01518029,-0.99554275,0.09308066,0.80654503,0.04282946,0.58961901,-0.59097757,0.08402439,0.80230005,-0.00481465,-0.00908852,-0.00198569
-0.0162551317,-0.995613942,0.0921335608,0.80574388,0.041517793,0.590807092,-0.592040974,0.0838397185,0.801535012,-0.0193951521,2.69412994e-05,0.000821288442
-0.0173627171,-0.995609905,0.0919740665,0.804955711,0.0406454526,0.591940908,-0.593080614,0.0843128272,0.800716359,0.0153733045,0.00036996603,-0.0126198325
-0.01778337,-0.99562037,0.09178153,0.80461424,0.04024188,0.59243272,-0.59353154,0.08438417,0.80037468,0.01776576,-0.00624299,-0.01449128
-0.01824602,-0.99574343,0.09034391,0.80401908,0.03909882,0.59331655,-0.59432341,0.08346392,0.79988339,-0.01199616,-0.01599449,-0.00509375
