0,1,2,3,4,5,6,7,8,9,10,11
0.44994944,0.07603273,0.88981149,-0.1475764,0.98900127,-0.00988361,-0.88077618,-0.12686805,0.45622121,,,
0.45008982,0.07596441,0.88974638,-0.14758172,0.98900149,-0.00978243,-0.88070361,-0.12690732,0.45635046,,,
0.45017962,0.07590094,0.88970635,-0.1476514,0.98899228,-0.00966138,-0.88064602,-0.12701703,0.45643104,0.00547802,0.00142515,-0.00196846
0.45016827,0.07589057,0.88971293,-0.14780691,0.98896992,-0.00957108,-0.88062568,-0.12719713,0.45642003,,,
0.45015692,0.07592354,0.88971586,-0.14791956,0.98895327,-0.00955116,-0.88061257,-0.12730687,0.45641474,,,
0.450055766,0.0759332204,0.889766196,-0.148048335,0.988934387,-0.00951145422,-0.880642623,-0.127447728,0.456317411,0.00106616993,-0.000449419022,-0.00528184138
0.45009498,0.07591803,0.88974763,-0.14813942,0.98892142,-0.00944106,-0.88060723,-0.12755734,0.45635503,,,
0.450134198,0.0759895236,0.889721744,-0.14814473,0.988919952,-0.00951145422,-0.880586354,-0.127526159,0.456404137,0.0092715472,-0.000243246555,-0.000442690216
0.4503024,0.07602578,0.88963349,-0.14826784,0.98890199,-0.00946084,-0.88047959,-0.12764381,0.45657711,,,
0.4503024,0.07606915,0.88962976,-0.14822491,0.98890774,-0.00953132,-0.8804868,-0.12757333,0.45658287,,,
0.45021261,0.0760458,0.88967729,-0.14824116,0.9889055,-0.00951139,-0.88053007,-0.12760464,0.45649085,0.0038024,0.00435603,0.00549607
0.44958381,0.07596935,0.89000172,-0.14826862,0.98890136,-0.00951349,-0.88084665,-0.12768222,0.45585791,,,
0.44918516,0.07584794,0.89021329,-0.1482851,0.98889965,-0.0094343,-0.88104719,-0.12776763,0.45544617,,,
0.44909529,0.07582465,0.89026063,-0.14830126,0.98889742,-0.00941455,-0.8810903,-0.12779875,0.45535406,-0.00118912,0.00237703,0.00587549
0.4490054,0.07575786,0.89031171,-0.14836048,0.98888939,-0.00932425,-0.88112619,-0.12790043,0.45525615,0.00674545,0.00190914,0.00363833
0.4488535,0.0758591084,0.890379563,-0.148467645,0.988872532,-0.0094058508,-0.881185412,-0.127970728,0.455121523,0.007489176,0.000562787056,-0.00375924911
0.448892755,0.0758437987,0.890361113,-0.148558837,0.988859505,-0.0093354055,-0.881150081,-0.128080428,0.455159136,0.00560556399,0.000631690025,-0.00565938698
0.44906113,0.07588003,0.89027314,-0.14868202,0.98884147,-0.0092848,-0.88104353,-0.12819817,0.45533226,0.00682504,0.00133729,-0.00209635
0.44942058,0.07588658,0.89009119,-0.14870316,0.98883887,-0.00922304,-0.88085667,-0.12821435,0.45568912,0.00212273,0.00252819,-0.00479186
0.44960038,0.07584655,0.89000376,-0.14875663,0.98883176,-0.00912181,-0.88075584,-0.12829281,0.45586182,,,
0.449651,0.07575501,0.88998599,-0.14877808,0.98882964,-0.00900081,-0.88072638,-0.1283632,0.45589892,0.00325921,-0.00147694,-0.00769986
0.44970161,0.07566345,0.88996827,-0.14879956,0.98882751,-0.00887975,-0.88069698,-0.12843364,0.45593601,,,
0.44972438,0.075424,0.88997707,-0.14874597,0.98883771,-0.00863777,-0.88069439,-0.12849589,0.45592344,0.00366488,0.00402021,-0.0049603
0.44969651,0.07527616,0.89000359,-0.14867101,0.98885003,-0.00851683,-0.88072119,-0.12848777,0.4558738,-0.0046759,-0.00267667,-0.00427785
0.44960668,0.07529616,0.89004736,-0.14864436,0.98885361,-0.00856738,-0.88077164,-0.12844857,0.45578753,-0.0035398,0.00480759,0.01806959
0.44156333,0.07515523,0.89407692,-0.14896793,0.98879595,-0.0095455,-0.88477704,-0.12897385,0.44781175,-0.00718558,-0.00280815,-0.03397682
0.43841394,0.07471502,0.89566219,-0.14886945,0.9888101,-0.00961583,-0.88635827,-0.12912104,0.44463092,-0.01771869,-0.00408822,-0.05598063
0.43357572,0.07422976,0.89805456,-0.1486132,0.988845,-0.00998453,-0.88877791,-0.12913372,0.43977071,-0.00747109,-0.00180763,-0.03933909
0.43066007,0.07382043,0.89949003,-0.14814024,0.98891343,-0.01023239,-0.89027313,-0.12884401,0.4368213,-0.01286377,-0.00499725,0.01309694
0.42931067,0.07367615,0.90014676,-0.14788903,0.98894916,-0.01041122,-0.89096644,-0.12865218,0.43546232,-0.01669613,-0.00231743,0.01009325
0.42642352,0.07334483,0.90154504,-0.14741522,0.98901644,-0.01073482,-0.89243021,-0.12832389,0.43255202,-0.00744983,-0.00240129,-0.00369963
0.42402882,0.07307044,0.90269606,-0.14699593,0.98907578,-0.01101334,-0.89363956,-0.12802269,0.43013769,-0.0062442,-0.00761354,-0.00232673
0.42321214,0.07301075,0.90308402,-0.14684762,0.98909631,-0.01114733,-0.89405094,-0.12789808,0.42931902,-0.00968301,-0.00923145,-0.00792462
0.42259025,0.07301023,0.90337532,-0.14651097,0.98914329,-0.01140553,-0.89440035,-0.12753453,0.42869911,-0.0027981,0.001212,0.00896565
0.42250942,0.07308946,0.90340668,-0.14628159,0.9891748,-0.01161482,-0.89447604,-0.1272444,0.42862731,0.00793379,0.00492835,0.01786066
0.42245776,0.07318261,0.90342334,-0.14625778,0.98917689,-0.01173627,-0.89450438,-0.12717461,0.42858898,0.00112069,0.0040406,0.01601151
0.42235443,0.07328004,0.90346371,-0.14629822,0.98916968,-0.01183965,-0.89454652,-0.12717461,0.42850094,0.00214507,-0.0049392,0.00331948
0.42305722,0.0736454756,0.903105105,-0.146424468,0.989148215,-0.0120698786,-0.894193693,-0.127130447,0.429249795,-0.0103911618,-0.000265538692,-0.013886869
0.42391419,0.07382073,0.90268891,-0.14653404,0.98913192,-0.01207568,-0.89376985,-0.1271556,0.4301243,0.00421665,-0.00259566,-0.00239503
0.42524759,0.07433377,0.9020194,-0.146708,0.98910279,-0.01234621,-0.89310765,-0.12708326,0.43151894,0.01160225,0.00199854,0.00958183
0.42636698,0.07465432,0.90146427,-0.14683907,0.98908192,-0.01245963,-0.89255217,-0.12705781,0.43267404,0.01583182,0.00475156,-0.01568825
0.42718107,0.07475917,0.90107011,-0.14694297,0.98906728,-0.01239704,-0.89214575,-0.12711015,0.43349616,0.00368002,0.00138247,-0.02697911
0.429196498,0.0749097175,0.900099397,-0.146949302,0.989068244,-0.0122438647,-0.891176915,-0.127013951,0.435512557,0.000660640188,0.000688552856,-0.0221319161
0.43188159,0.07481814,0.89882172,-0.14681099,0.9890943,-0.01179014,-0.88990155,-0.12686497,0.43815574,0.0111422,-0.00750178,0.00390639
0.433170503,0.0747996567,0.898202883,-0.146783014,0.989100916,-0.0115812709,-0.88927957,-0.126824251,0.439428659,-0.000230443198,0.00348544121,0.0136349406
0.43547094,0.07482712,0.89708755,-0.14664147,0.98912493,-0.01132026,-0.88817873,-0.12662058,0.44170792,-0.00369,0.00536597,0.02096934
0.43634097,0.07485416,0.89666233,-0.14660852,0.98913085,-0.01122971,-0.88775697,-0.12655836,0.44257257,-0.00146355,-0.00233144,0.01448605
0.43634097,0.0748541567,0.896662335,-0.146608516,0.989130848,-0.0112297098,-0.887756966,-0.126558361,0.442572572,-0.00594546273,-0.00476235151,-0.000446541933
0.436562648,0.0749278693,0.896548299,-0.146625277,0.989127931,-0.0112678038,-0.887645237,-0.126537542,0.442802629,-0.00437847013,-0.000402450562,-0.00995681155
0.4372274,0.07519297,0.89620213,-0.14663196,0.98912482,-0.01145246,-0.88731691,-0.12640454,0.44349816,,,
0.43748878,0.07538206,0.89605861,-0.14661019,0.98912596,-0.01163099,-0.88719161,-0.1262829,0.44378329,,,
0.43751723,0.0757053,0.89601746,-0.14651056,0.98913591,-0.01203319,-0.88719402,-0.12601131,0.44385564,,,
0.43680147,0.07575242,0.89636268,-0.14626358,0.98916893,-0.01232067,-0.88758743,-0.12572353,0.44315026,0.00423763,0.00309896,-0.01273794
0.436488938,0.0757876306,0.896511877,-0.146131955,0.989186458,-0.0124740367,-0.887762785,-0.125564266,0.442843942,0.00644121505,-0.000663876534,-0.0192187261
0.43614779,0.07576329,0.89667998,-0.14583896,0.98922751,-0.01264643,-0.88797864,-0.12525517,0.44249863,,,
0.43578917,0.07555966,0.89687151,-0.14535866,0.9892973,-0.0127167,-0.88823344,-0.12482625,0.4421083,0.00415846,0.00320148,0.0040377
0.43549879,0.07544323,0.89702232,-0.14508818,0.98933634,-0.0127678,-0.88842002,-0.12458698,0.44180071,0.00574463,0.00742769,-0.00156333
0.43465535,0.07533041,0.89744087,-0.14426323,0.98945153,-0.01318305,-0.88896733,-0.12373762,0.44093781,-0.00461155,-0.00328541,0.0039399
0.434575452,0.07540783,0.897472985,-0.144035055,0.989481939,-0.0133938199,-0.889043307,-0.123446954,0.440865933,-0.000953872688,-0.00694918633,0.00838145707
0.4341934,0.07540144,0.89765844,-0.14364887,0.98953476,-0.01363654,-0.88929245,-0.12302673,0.44048079,0.01169415,-0.00205398,0.00941021
0.43403346,0.07546842,0.89773019,-0.14327959,0.98958439,-0.01391758,-0.88943012,-0.12258572,0.44032582,0.01314337,0.00281692,-0.00241361
0.43404461,0.07543659,0.89772743,-0.14316657,0.98960047,-0.01393676,-0.88944283,-0.12247538,0.44033075,0.00478699,-0.00742441,0.00213806
0.4344714,0.07540329,0.89752376,-0.14301372,0.98962294,-0.013911,-0.88925903,-0.12231428,0.44074657,0.01013304,-0.00476527,0.01232394
0.43488689,0.07540187,0.89732268,-0.14297384,0.98962933,-0.01386619,-0.88906238,-0.12226343,0.44115732,-0.00167151,0.01335573,0.00513847
0.43534231,0.07538388,0.89710326,-0.1430261,0.98962338,-0.01375131,-0.88883099,-0.12232267,0.44160679,-0.00307676,0.00660944,0.00415404
0.43613921,0.07556546,0.89670083,-0.14319738,0.98959869,-0.01374538,-0.88841265,-0.12241032,0.44242357,,,
0.4361967,0.07577233,0.89665545,-0.14343326,0.98956311,-0.01384744,-0.88834641,-0.12257001,0.44251244,-0.00256473,-0.00486732,0.00206975
0.43591246,0.07582385,0.89678934,-0.14350626,0.98955163,-0.01391124,-0.88847416,-0.12263079,0.44223908,0.00849537,0.00436938,-0.00924709
0.43549735,0.07586899,0.89698713,-0.14350272,0.98955052,-0.014026,-0.88867823,-0.12261181,0.44183404,0.00261294,0.00648952,-0.01509156
0.435486165,0.0761213185,0.896971186,-0.143397374,0.989561028,-0.0143584543,-0.888700713,-0.122370409,0.441855735,0.00169850863,-0.000887393951,0.00675263163
0.43530411,0.07611965,0.89705973,-0.14338516,0.98956234,-0.01439034,-0.88879191,-0.12236087,0.44167498,-0.00655894,-0.00956225,0.01584014
0.43457545,0.07611321,0.89741348,-0.14333625,0.98956755,-0.01451811,-0.88915628,-0.12232267,0.44095155,-0.00174294,-0.00104159,0.00790089
0.43401755,0.07614041,0.89768105,-0.14341223,0.98955541,-0.01459509,-0.88941642,-0.12240393,0.44040389,0.00317057,0.00818336,-0.00306802
0.43387523,0.07621035,0.89774391,-0.1434048,0.98955497,-0.01469745,-0.88948705,-0.12236394,0.44027233,,,
0.4336193,0.07632119,0.89785824,-0.14363905,0.98952033,-0.01474253,-0.88957415,-0.12257486,0.44003781,0.00265407,-0.00460583,0.00881079
0.4326334,0.07638176,0.89832852,-0.14386722,0.98948563,-0.01484634,-0.89001715,-0.12281701,0.43907336,-0.00466023,-0.00636709,0.00111429
0.43207441,0.07645332,0.89859147,-0.14389889,0.98947879,-0.01499447,-0.89028358,-0.12282759,0.43853001,-0.00797173,0.00699258,-0.00238903
0.43149273,0.07667691,0.89885185,-0.14406877,0.98945023,-0.01524541,-0.89053815,-0.12291821,0.43798734,-0.00768058,0.00820363,-0.00879892
0.43131624,0.07701907,0.89890729,-0.14422462,0.98942244,-0.01557222,-0.8905984,-0.12292802,0.43786201,-0.00185785,-0.00620914,0.01381069
0.43092817,0.0772125,0.8990768,-0.14429374,0.98940859,-0.01581007,-0.89077505,-0.12291816,0.43750531,0.006965,-0.00544107,0.01171949
0.429785536,0.0775081543,0.899598165,-0.144493641,0.989372932,-0.0162107866,-0.891294542,-0.123019056,0.436417611,0.0052453028,-0.000158190727,-0.00549210608
0.429008128,0.0777624754,0.899947224,-0.144762337,0.989329254,-0.0164770477,-0.891625411,-0.123209678,0.435687369,0.00982000493,0.00575911999,-0.000284369104
0.42889384,0.07789147,0.89999055,-0.14491594,0.98930536,-0.01656117,-0.89165545,-0.12332,0.4355947,0.01509775,0.00507355,0.00771745
0.42916287,0.07815788,0.89983916,-0.14532599,0.98924435,-0.01661266,-0.89145921,-0.12364049,0.43590531,0.01095036,-0.00273108,0.01432481
0.42963181,0.07851645,0.89958415,-0.14602335,0.98914196,-0.01659393,-0.89111933,-0.12423102,0.43643209,0.01147949,-0.00701898,0.01058493
0.43017448,0.07871923,0.89930707,-0.14651818,0.98907051,-0.01649101,-0.89077626,-0.12467082,0.43700669,0.00838911,0.00108039,0.00477954
0.43197742,0.07920908,0.89839935,-0.14762662,0.98891039,-0.01620584,-0.8897201,-0.12562711,0.43888033,0.0121887,0.00594425,0.01109911
0.434652,0.07998512,0.89703955,-0.14895845,0.98871428,-0.01598296,-0.88819421,-0.1266746,0.4416611,0.01363586,0.00395203,0.00750626
0.43589522,0.08030847,0.89640724,-0.14968206,0.9886082,-0.01578291,-0.88746305,-0.12729638,0.44295033,0.00424058,-0.00589663,0.00831513
0.437882926,0.0809041505,0.895384291,-0.151069413,0.988402736,-0.0154293183,-0.886248579,-0.128508948,0.445026825,-0.000121566933,-0.00448828936,-0.0026617113
0.43946367,0.08142742,0.89456202,-0.152425,0.98820013,-0.01507032,-0.88523345,-0.12973077,0.44668963,0.00227385,0.00622725,-0.00841196
0.44007739,0.08164949,0.89424004,-0.15305554,0.98810529,-0.01489758,-0.88481969,-0.1303123,0.44733971,0.0062551,0.00816417,-0.00923979
0.441375462,0.082436268,0.893527766,-0.155294971,0.987762903,-0.0144193664,-0.883782258,-0.132396026,0.448776247,-0.00100736157,0.000321269035,-0.00546634709
0.44114603,0.08251997,0.89363336,-0.15577592,0.98768882,-0.01430579,-0.88381219,-0.13289562,0.44856963,-0.00246909,-0.00421584,-0.01995512
0.4409314,0.08260966,0.89373101,-0.15661592,0.98756015,-0.01401444,-0.88377086,-0.1337931,0.44838427,0.00116406,0.00195968,-0.02383076
0.44123229,0.0826925,0.89357476,-0.15728669,0.98745774,-0.01371502,-0.88350145,-0.13449593,0.44870468,0.00720656,0.00483656,-0.01351365
0.44162077,0.08267302,0.89338469,-0.15755646,0.98741782,-0.01349096,-0.8832593,-0.13480066,0.44908989,-0.00099605,-0.00292403,-0.00916479
0.44213848,0.0825312,0.89314176,-0.15803076,0.98734854,-0.0130053,-0.88291556,-0.13539373,0.44958725,0.00370183,-0.00328273,-0.01284658
0.44269275,0.08211715,0.89290525,-0.15834013,0.98730807,-0.01229571,-0.88258224,-0.13593952,0.45007656,-0.0075228,-0.00767738,-0.02772516
0.44328562,0.08203666,0.89261852,-0.15839589,0.98730182,-0.01207719,-0.88227466,-0.13603347,0.45065097,0.0084666,0.00618386,-0.01479739
0.44448504,0.0820573,0.89201996,-0.15869309,0.98725812,-0.01174305,-0.88161755,-0.13633779,0.4518434,0.00626066,0.00315022,0.0152104
0.44485793,0.08181478,0.89185631,-0.15881774,0.98724271,-0.01134681,-0.88140698,-0.1365949,0.45217639,0.00369772,-0.01078343,0.00219611
0.44485793,0.08181478,0.89185631,-0.15881774,0.98724271,-0.01134681,-0.88140698,-0.1365949,0.45217639,0.00369772,-0.01078343,0.00219611
0.44529619,0.0815754,0.89165953,-0.15923625,0.98718152,-0.01079161,-0.88111014,-0.13717907,0.45257793,-0.01141525,0.0054096,0.00418911
0.445617533,0.0814248889,0.891512744,-0.159338644,0.987167965,-0.0105169001,-0.880929158,-0.13736592,0.452873485,-0.00378646166,0.000685214996,0.00554099865
0.44556639,0.08138613,0.89154184,-0.15944559,0.98715164,-0.01042784,-0.88093568,-0.13750613,0.45281825,,,
0.44497475,0.08129181,0.89184589,-0.15956275,0.98713337,-0.01036554,-0.88121347,-0.13769298,0.45222057,0.0021635,-0.00604618,-0.00953805
0.44416337,0.08116524,0.89226172,-0.15962084,0.98712428,-0.01033604,-0.88161214,-0.13783269,0.45140011,0.00698463,0.00749886,-0.0171137
0.44386608,0.08103279,0.89242175,-0.15950865,0.98714281,-0.01029834,-0.88178222,-0.1377779,0.45108464,0.00328248,0.00410402,-0.0235371
0.44376132,0.0807846,0.89249635,-0.15938113,0.98716539,-0.01010714,-0.881858,-0.13776192,0.45094136,,,
0.443539445,0.0805384093,0.892628878,-0.159023549,0.987223576,-0.0100559157,-0.882034161,-0.137488818,0.450680101,-0.00678136107,-0.000823318958,0.00712061999
0.4432539,0.08037325,0.8927856,-0.15879917,0.98725988,-0.01003705,-0.88221812,-0.13732465,0.45037,-0.0047302,0.00459576,0.0022738
0.44243851,0.080077,0.89321658,-0.15851545,0.98730591,-0.00999439,-0.88267833,-0.13716672,0.44951559,,,
0.44189365,0.0798956099,0.893502471,-0.158140486,0.987365189,-0.0100781694,-0.883018437,-0.13684544,0.448945138,0.0024940283,0.000489115715,0.00672464957
0.44155629,0.07977913,0.893679604,-0.157936856,0.987397449,-0.0101106748,-0.883223581,-0.136680528,0.448591621,0.00456614234,-0.000132799149,0.0133707076
0.44068785,0.07957571,0.89412638,-0.15763044,0.9874456,-0.01018967,-0.88371201,-0.13645107,0.44769883,,,
0.43989735,0.07942891,0.89452855,-0.15741998,0.98747836,-0.01026876,-0.88414322,-0.13629947,0.44689281,0.00137313,0.01142561,0.00415708
0.43950789,0.07927395,0.89473374,-0.15732323,0.98749435,-0.01021284,-0.88435413,-0.13627377,0.44648319,0.0092588,0.00244641,-0.00991219
0.43979164,0.07926839,0.89459477,-0.15720636,0.98751292,-0.0102175,-0.88423382,-0.13614242,0.44676143,,,
0.440516011,0.0793696111,0.89422934,-0.157165218,0.987519369,-0.0102269436,-0.883880502,-0.136036617,0.447492235,0.000411450397,-0.000499069691,0.0105810659
0.44078747,0.07939675,0.89409314,-0.15716053,0.98752026,-0.01021315,-0.88374597,-0.13601432,0.4477646,-0.00475824,0.00239527,0.01446828
0.441149324,0.0793602884,0.893917886,-0.157226006,0.987511222,-0.0100781417,-0.883553748,-0.136101178,0.44811741,-0.00370049523,-0.00065857172,0.0119077172
0.44171914,0.0794755037,0.893626165,-0.157376756,0.987487678,-0.010031895,-0.883242115,-0.136204723,0.448699807,0.00736293942,-0.00305694342,-3.14088538e-06
0.44206862,0.07955912,0.89344594,-0.15746821,0.98747324,-0.01001823,-0.883051,-0.13626059,0.44905896,0.00686286,-0.00629359,0.00337547
0.4427672,0.07968311,0.89308891,-0.15769387,0.98743821,-0.00992115,-0.88266066,-0.13644189,0.44977079,-0.00241838,0.00284302,0.00579255
0.4432728,0.07987991,0.89282051,-0.15797754,0.987393,-0.0099076,-0.88235614,-0.13665382,0.45030369,,,
0.44357066,0.07996845,0.8926646,-0.15813277,0.98736848,-0.00987524,-0.88217859,-0.13677916,0.45061332,,,
0.444295,0.08019786,0.89228374,-0.15847522,0.98731403,-0.00982952,-0.88175256,-0.13703766,0.45136806,,,
0.44501871,0.08047113,0.89189838,-0.1587745,0.9872657,-0.009854,-0.88133364,-0.13722551,0.45212847,0.00200935,0.00311244,-0.00434793
0.445354896,0.0806319281,0.891716069,-0.158934593,0.987239559,-0.00989185608,-0.881134979,-0.137319139,0.452487174,0.000825088937,0.0004529953,-0.0136825526
0.4461167,0.08102091,0.89129989,-0.15919592,0.98719579,-0.01005671,-0.8807023,-0.13740484,0.45330273,0.00772763,0.00244522,-0.00624193
0.446067834,0.0813699579,0.891292519,-0.159430019,0.987155171,-0.0103312613,-0.880684673,-0.137490348,0.453310984,0.0135710444,0.00201284885,-0.000584162306
0.44555414,0.08141919,0.89154497,-0.1595577,0.98713373,-0.01040893,-0.8809216,-0.13761512,0.45281258,0.00673649,0.00329304,-0.00336944
0.44386833,0.08142065,0.8923853,-0.15963539,0.98711846,-0.01066214,-0.88175812,-0.13772369,0.45114824,0.00313846,0.00553358,-0.00620891
0.44183068,0.0812519,0.8934113,-0.15970635,0.98710558,-0.01079127,-0.88276809,-0.13791555,0.44910998,-0.00878479,-0.00478691,0.00645555
0.44074567,0.08118554,0.89395306,-0.15968206,0.98710812,-0.0109175,-0.88331467,-0.13793644,0.44802751,,,
0.43911621,0.0810213953,0.894769471,-0.159709298,0.987102762,-0.0110034008,-0.884120926,-0.138071244,0.446392695,-0.000771861523,-0.00369560719,0.00534424745
0.43792545,0.08105237,0.89535011,-0.15972534,0.98709756,-0.0112345,-0.88470849,-0.13809022,0.44522127,,,
0.43760189,0.08102964,0.89551037,-0.15979363,0.98708656,-0.01123077,-0.88485628,-0.13818224,0.44489896,,,
0.43709674,0.08104708,0.89575538,-0.15980704,0.98708325,-0.0113302,-0.88510341,-0.13819563,0.44440277,0.00534849,-0.00139636,-0.00149706
0.43676065,0.08110066,0.89591447,-0.15994417,0.98706048,-0.01137825,-0.88524455,-0.13832674,0.44408076,,,
0.43652755,0.08110155,0.896028,-0.15999655,0.98705182,-0.0113931,-0.88535007,-0.13838799,0.44385128,,,
0.43629439,0.08105878,0.89614544,-0.16009206,0.98703697,-0.01133827,-0.88544774,-0.13851895,0.44361556,,,
0.436048757,0.0810922361,0.896261934,-0.160256531,0.987010313,-0.0113350991,-0.88553896,-0.138689182,0.443380182,0.00698126992,-0.000402927399,0.00338675757
0.43585477,0.08112122,0.89635366,-0.16035697,0.98699383,-0.01135021,-0.88561627,-0.13878953,0.44319432,0.00104567,-0.00578398,-0.00256273
0.435466694,0.081135348,0.896541005,-0.160601057,0.986954593,-0.0113106882,-0.885762958,-0.13906001,0.442816277,-0.000578949694,-0.000205874443,-0.0106566912
0.43536348,0.08110041,0.89659425,-0.16077216,0.98692794,-0.01120455,-0.88578262,-0.13926936,0.44271108,-0.00241022,0.00552237,-0.00454366
0.435363485,0.0810566783,0.896598207,-0.16081536,0.986921696,-0.0111348273,-0.885774774,-0.139339081,0.44270483,-0.000570081174,0.00301611423,-0.00441808067
0.43550597,0.08094461,0.89653915,-0.16086537,0.98691548,-0.01096177,-0.88569566,-0.1394482,0.44282877,,,
0.435505968,0.0809008423,0.89654304,-0.160908592,0.986909208,-0.0108920004,-0.885687752,-0.139517972,0.442822494,0.000352682546,-0.00203204155,-0.00528150098
0.43541509,0.08087716,0.89658939,-0.16092442,0.98690683,-0.01087377,-0.88572963,-0.13954853,0.44272924,0.00811864,0.00444698,0.00146311
0.43492117,0.08068713,0.89684624,-0.16099841,0.98689652,-0.01071335,-0.88595886,-0.13973135,0.44221269,0.00609673,-0.00288022,0.00110969
0.434245223,0.0805373102,0.897187176,-0.16101738,0.986894039,-0.010656375,-0.886286912,-0.139835249,0.441521929,-0.00127605617,0.00011241436,-0.00608613715
0.43397213,0.08051023,0.89732175,-0.16102145,0.98689321,-0.01067195,-0.88641994,-0.13985672,0.44124802,,,
0.4332439,0.08040876,0.8976826,-0.16106081,0.98688684,-0.01066717,-0.88676888,-0.13996001,0.4405134,-0.00399349,-0.00213748,0.00795549
0.432842474,0.0804550382,0.897872156,-0.161416881,0.986829265,-0.0106109782,-0.886900227,-0.140338837,0.440128421,0.00839581341,0.000403881073,0.00998451747
0.43293584,0.08069139,0.89780586,-0.16169897,0.98678196,-0.0107145,-0.88680319,-0.14053561,0.440261,0.00441917,-0.00308752,0.01375542
0.43313481,0.08104418,0.89767807,-0.16223762,0.98669261,-0.01080002,-0.8866076,-0.14095931,0.44051933,0.00574046,0.0104655,-0.00510615
0.43333136,0.08118433,0.89757065,-0.16247849,0.98665298,-0.01079997,-0.88646755,-0.14115595,0.44073838,0.00223847,0.00870156,-0.00740283
0.43395801,0.0814204313,0.897246346,-0.162951077,0.986575969,-0.0107144787,-0.886074059,-0.141557646,0.441400094,-0.000478643924,-0.00287973881,-0.00546805421
0.4347266,0.08167638,0.896851,-0.16334372,0.98651158,-0.01066491,-0.88562496,-0.14185866,0.44220415,-0.00235236,-0.00469899,-0.01784725
0.435298751,0.0817921241,0.896562892,-0.163495591,0.98648695,-0.010615472,-0.885315854,-0.141963182,0.44278919,0.00074408832,-0.00334531069,-0.00815871824
0.43648105,0.08200872,0.89596808,-0.16389003,0.98642329,-0.01044727,-0.88466055,-0.14228021,0.44399548,0.00603072,-0.00510544,0.00395557
0.43781671,0.08216944,0.89530144,-0.16413513,0.98638446,-0.0102642,-0.88395483,-0.14245659,0.44534249,-0.00277323,0.00226271,0.00364708
0.43847769,0.0823101,0.89496497,-0.16427032,0.98636227,-0.01023359,-0.88360201,-0.14252898,0.44601896,,,
0.43960464,0.0826207,0.89438326,-0.16464075,0.98630098,-0.01018809,-0.88297283,-0.14277322,0.44718522,-0.00522152,0.00335681,0.00516588
0.4407691,0.08300405,0.8937745,-0.16501566,0.98623807,-0.01021281,-0.88232214,-0.14298531,0.44840024,-0.01693774,0.00843215,-0.00478099
0.44137644,0.08319383,0.89345711,-0.16517106,0.98621183,-0.01023454,-0.88198943,-0.14305597,0.44903188,0.00669484,-0.00621009,0.01324214
0.442590086,0.0836607156,0.892812914,-0.165395667,0.986172265,-0.0104180785,-0.881338918,-0.143056449,0.450307188,0.00488644093,0.000895261765,-0.014028592
0.44390497,0.08407578,0.89212089,-0.16553505,0.98614727,-0.01056949,-0.88065122,-0.14298542,0.45167317,0.00876755,-0.00140268,-0.00778183
0.44448444,0.0842481,0.89181598,-0.16548735,0.98615408,-0.01068052,-0.88036778,-0.14283695,0.45227214,0.00137632,0.00325727,-0.00858624
0.44589899,0.08430993,0.89110381,-0.16532893,0.98618177,-0.01057667,-0.87968205,-0.1426091,0.45367632,0.00197377,-0.00618678,-0.01740069
0.44794063,0.08449684,0.89006149,-0.16510014,0.98622053,-0.01053575,-0.87868715,-0.14222989,0.45571869,0.00986214,0.0024662,0.00703634
0.44867147,0.08452578,0.88969056,-0.16498807,0.98623972,-0.01049493,-0.87833526,-0.14207956,0.45644337,0.01085405,0.00390959,0.01303078
0.449606583,0.0845359606,0.889217413,-0.164620107,0.986300835,-0.0105301624,-0.877926054,-0.141648633,0.457363666,0.00331776356,0.000910401344,0.0118293827
0.44987493,0.08434952,0.88909938,-0.16431643,0.9863525,-0.01043361,-0.87784547,-0.14139981,0.45759527,0.00940693,0.00234199,-0.02411803
0.450438024,0.0842970266,0.888819154,-0.164124122,0.986385131,-0.01037511,-0.877592588,-0.141203334,0.458140547,0.00740353484,7.6174736e-05,-0.0314211994
0.45244549,0.08437936,0.88779112,-0.16377489,0.98644406,-0.01029107,-0.87662463,-0.14074177,0.46013139,,,
0.454576073,0.0842131621,0.886717949,-0.163242365,0.986535247,-0.010006768,-0.875621212,-0.1402011,0.462202475,-0.0123097897,-0.00529181957,-0.000496698543
0.455722765,0.0842140383,0.8861291,-0.162972597,0.986580461,-0.00994618114,-0.875075264,-0.139882056,0.463331756,-0.01009038,0.00203156471,-0.00032396242
0.45770727,0.08415789,0.88511094,-0.16238998,0.98667759,-0.00984017,-0.87414726,-0.13922925,0.46527591,0.00805886,-0.00263363,0.00693489
0.45896446,0.08411512,0.88446379,-0.16187879,0.98676157,-0.00984208,-0.87358274,-0.13865877,0.46650495,0.00390781,-0.00102454,0.0073989
0.45916714,0.08405244,0.88436461,-0.16166487,0.98679655,-0.00985052,-0.87351591,-0.13844765,0.46669288,0.01134408,-0.00696027,0.00985368
0.45916614,0.08405037,0.8843653,-0.16115445,0.9868773,-0.01012109,-0.87361072,-0.13787214,0.46668573,0.00880587,0.00267005,-0.000989
0.459076145,0.0839815226,0.884418524,-0.160702421,0.986949142,-0.0103015127,-0.87374124,-0.137399029,0.466580843,0.00032097497,0.0050214529,-0.0048479652
0.459240418,0.0839327763,0.884337885,-0.160398203,0.986997799,-0.0103807949,-0.873710835,-0.137078931,0.466731949,0.0076914113,0.000294804573,-0.00227510021
0.45960719,0.08382111,0.8841579,-0.15987988,0.98708096,-0.01046905,-0.87361295,-0.13654742,0.46707081,-0.00361356,-0.00683981,0.01121602
0.45973299,0.08378622,0.88409577,-0.15948535,0.98714318,-0.01061913,-0.87361884,-0.13611837,0.46718497,-0.00490713,-0.00251877,0.01016871
0.45983415,0.08377623,0.88404421,-0.15935714,0.98716346,-0.01065894,-0.8735891,-0.1359774,0.46728181,,,
0.45980815,0.08384209,0.88405145,-0.15907021,0.98720721,-0.01089047,-0.87365504,-0.13561873,0.4672627,,,
0.459630408,0.0840087135,0.884127975,-0.158890861,0.987232586,-0.0112032178,-0.873781113,-0.135330536,0.467110336,0.00791942049,0.00083065033,0.00520335231
0.45949094,0.08411851,0.88419002,-0.15884408,0.98723815,-0.01137493,-0.87386296,-0.13522169,0.46698872,0.00607642,0.00099516,0.0011588
0.45913519,0.08423767,0.88436351,-0.15869702,0.98725862,-0.0116479,-0.87407669,-0.13499791,0.46665344,0.00607317,0.00332952,-0.00731836
0.45900794,0.08431379,0.88442232,-0.15853807,0.98728188,-0.01183965,-0.87417238,-0.13478012,0.46653717,0.00868538,-0.00273949,0.00865245
0.459007941,0.0843567002,0.884418277,-0.158495668,0.987287836,-0.0119101697,-0.87418011,-0.134709599,0.466543128,0.00577273499,0.000501036644,0.00547935395
0.45909687,0.08450925,0.88435753,-0.15835221,0.98730803,-0.01214177,-0.87415939,-0.13446572,0.46665225,0.00163779,0.00894284,0.00218374
0.45928699,0.08448012,0.88426152,-0.1582501,0.98732454,-0.01213113,-0.87407794,-0.13436282,0.4668343,-0.00367528,-0.00656319,0.00340211
0.45928699,0.08452299,0.88425748,-0.15820774,0.98733046,-0.01220161,-0.87408566,-0.13429234,0.46684022,0.00312653,-0.00563222,0.00349782
0.459452516,0.0846902673,0.884155476,-0.158202506,0.98732929,-0.0123628086,-0.873999608,-0.134195493,0.467029139,0.0058875354,0.00140714645,-0.000403470593
0.459592107,0.0847091198,0.884081081,-0.158122183,0.987341654,-0.0124028695,-0.873940712,-0.134092583,0.467168824,0.00735691562,-0.00206309557,-0.000461189542
0.459680987,0.0847758473,0.88402852,-0.158063561,0.987349899,-0.012493502,-0.873904617,-0.133989673,0.467265949,0.00116020464,-0.000179052353,-0.00897716265
0.45992156,0.08474167,0.88390668,-0.15789743,0.98737636,-0.012503,-0.87380809,-0.13381619,0.46749617,-0.0064568,0.00227284,-0.0041797
0.46003494,0.08474062,0.88384776,-0.15761468,0.98741987,-0.01263375,-0.87379943,-0.13349542,0.46760401,-0.00277,0.00374436,0.00629778
0.459996639,0.0847118285,0.883870431,-0.15756673,0.987427522,-0.0126337844,-0.87382822,-0.133457084,0.467561108,0.00216188002,-0.000684380531,0.00598698296
0.459526067,0.0847020875,0.884116067,-0.157317952,0.987464578,-0.0128361201,-0.874120544,-0.133188815,0.467090876,0.00871027354,0.000488996506,-0.00176709937
0.459283812,0.0845631979,0.884255296,-0.157142358,0.9874928,-0.0128159921,-0.874279499,-0.133067787,0.466827918,-0.000256064348,0.00115036964,-0.0120299943
