0,1,2,3,4,5,6,7,8,9,10,11
0.26191245,0.25803657,0.9299564,-0.44068591,-0.82529327,0.35311006,0.85860218,-0.50230261,-0.1024414,,,
0.26184415,0.25785727,0.93002543,-0.44070017,-0.82536833,0.35291722,0.85861576,-0.50227167,-0.10248016,,,
0.26171848,0.25764331,0.93012007,-0.44074008,-0.82545395,0.35266684,0.85863357,-0.50224062,-0.1024828,-0.00592365,0.00920576,0.00204139
0.261718479,0.25776035,0.930087637,-0.440848121,-0.825346352,0.352783596,0.858578095,-0.502357376,-0.102375199,-0.00707633235,-0.00193589926,-0.00028611999
0.26161414,0.25787485,0.9300853,-0.44094736,-0.82526813,0.35284287,0.85855898,-0.50242733,-0.10219264,-0.00647194,-0.00280732,0.00138394
0.26140545,0.25802574,0.93010208,-0.44107368,-0.82518317,0.35288337,0.85855761,-0.50248919,-0.101899,0.00264903,-0.00378752,-0.00244701
0.26113907,0.25802499,0.93017707,-0.44111766,-0.82521674,0.3527496,0.85861603,-0.50243424,-0.10167685,-0.00466422,0.00333208,-0.00212237
0.26109223,0.25805709,0.93018141,-0.44108312,-0.82523542,0.35274972,0.85864813,-0.50238752,-0.101638,-0.00494732,0.00420862,-0.00169666
0.26091962,0.25791417,0.93026952,-0.4411244,-0.82530383,0.35253825,0.85867943,-0.50234872,-0.10156587,-0.00239117,-0.00248557,-0.00379922
0.26068944,0.25777564,0.93037242,-0.4412273,-0.82534706,0.35230803,0.85869645,-0.50234868,-0.10142171,-0.00742602,0.00167507,-0.00109027
0.26052747,0.25781647,0.93040643,-0.44131616,-0.82531537,0.35227065,0.85869989,-0.50237957,-0.10123877,,,
0.26036549,0.257779195,0.930461993,-0.441332907,-0.825355296,0.352155448,0.858740297,-0.50233264,-0.101127417,-0.00487619871,-0.00334042311,-0.000838722219
0.26035477,0.25767348,0.93049436,-0.44135721,-0.82538368,0.35205902,0.85873115,-0.50234064,-0.10116652,,,
0.26007759,0.25752776,0.93061214,-0.44138927,-0.82548117,0.35178969,0.85879859,-0.50225485,-0.10101902,-0.00581434,0.00277203,0.00437249
0.25980036,0.25746024,0.93070829,-0.4414934,-0.82550716,0.35159825,0.85882902,-0.50224692,-0.10079999,-0.00486275,0.00369507,-0.0023882
0.25968515,0.2574691,0.93073799,-0.44161684,-0.82545705,0.35156082,0.85880039,-0.5023247,-0.10065616,,,
0.2593502,0.2573669,0.93085965,-0.44174649,-0.82549381,0.35131162,0.85883494,-0.50231673,-0.10040099,,,
0.25899342,0.25701408,0.93105641,-0.44188844,-0.82562243,0.35083027,0.85886953,-0.50228581,-0.10025909,-0.00403467,-0.00491452,0.00217504
0.25880963,0.2567652,0.93117629,-0.4419534,-0.82571895,0.35052192,0.85889164,-0.50225497,-0.10022584,-0.0028474,-0.00755173,0.00769062
0.258351553,0.255836822,0.931558829,-0.442108897,-0.82607725,0.349479249,0.85894939,-0.502138968,-0.100310462,-0.00820596982,-0.000659286976,0.00672836509
0.2576975,0.254435384,0.932123739,-0.442244037,-0.826665963,0.347913313,0.859076388,-0.501882553,-0.100507251,0.00330518209,0.000834882259,0.00572660798
0.25720214,0.25364338,0.93247622,-0.44233899,-0.82701319,0.34696534,0.85917582,-0.50171083,-0.10051302,0.0024565,0.00732058,0.00670803
0.25349552,0.24969801,0.9345538,-0.44292744,-0.8289223,0.34161795,0.85997395,-0.50053816,-0.09952989,-0.01299989,0.0311231,-0.00242404
0.25253168,0.24842558,0.93515368,-0.44303657,-0.82952714,0.34000457,0.86020129,-0.50016921,-0.09942017,-0.0067726,0.0304417,-0.01235493
0.25041296,0.24616116,0.93632155,-0.44325396,-0.83066521,0.33692917,0.8607086,-0.49939966,-0.09889744,0.00222805,0.03923935,-0.00173614
0.24704919,0.24421895,0.93772268,-0.44343484,-0.8319523,0.33349811,0.86158707,-0.49820934,-0.09723798,0.00904779,0.02449781,0.02790599
0.2420228,0.24248127,0.93948265,-0.4422201,-0.83428674,0.32925168,0.86363546,-0.49514454,-0.09468618,0.06976145,0.13473922,0.00413406
0.24025933,0.2433441,0.93971228,-0.44088074,-0.83510403,0.32897661,0.86481194,-0.49334074,-0.09335588,0.05056502,0.06143683,-0.03085931
0.23962275,0.24411327,0.93967525,-0.44044827,-0.83520804,0.32929119,0.86520876,-0.492784,-0.09261551,0.01995689,0.0100612,-0.03407438
0.23888739,0.24585835,0.93940752,-0.43969051,-0.83517344,0.33039003,0.86579736,-0.49197458,-0.09141082,-0.01096204,-0.10472792,0.02857709
0.23842377,0.246333,0.93940102,-0.43881717,-0.83559481,0.33048616,0.86636812,-0.49102104,-0.09113064,-0.00428213,-0.13235319,0.07408313
0.23812856,0.24589301,0.93959115,-0.43814749,-0.83618731,0.32987545,0.86678814,-0.49023226,-0.09138278,0.00368981,-0.10336465,0.06252927
0.23977959,0.24231716,0.94010003,-0.43312542,-0.83993579,0.32697104,0.86885444,-0.48558221,-0.09644566,-0.05294568,-0.01672512,-0.07590757
0.24146931,0.24004959,0.94024933,-0.43059168,-0.84180826,0.3254992,0.86964557,-0.4834616,-0.09990753,-0.09524072,-0.07471019,-0.07361836
0.24142969,0.238304,0.94070341,-0.43056824,-0.84243153,0.32391374,0.86966815,-0.48323941,-0.10078185,-0.0733406,-0.05479103,-0.03145119
0.24111689,0.23749176,0.94098901,-0.4308993,-0.84258658,0.3230691,0.86959096,-0.48336892,-0.10082682,-0.0637148,-0.05376524,-0.0256263
0.24123788,0.23680646,0.94113067,-0.4312547,-0.84260089,0.32255701,0.86938118,-0.48368,-0.10114331,-0.02597868,0.00610012,-0.02034933
0.24141519,0.23693698,0.94105228,-0.43175494,-0.84224358,0.32282036,0.86908354,-0.48423773,-0.10103151,-0.0057104,-0.01186889,-0.00466385
0.24142818,0.23698642,0.941036589,-0.432230192,-0.841959396,0.322926328,0.868843764,-0.484707942,-0.10084003,-0.0127953235,-0.00662308931,-0.000624738168
0.24140798,0.23765955,0.9408719,-0.43419658,-0.84063188,0.32374513,0.86786827,-0.48667804,-0.09974409,-0.02549835,-0.00721437,-0.01475848
0.24173854,0.23966683,0.94027776,-0.43704813,-0.83826893,0.32602773,0.86634369,-0.48976011,-0.09789595,-0.00448349,-0.01376873,-0.0420361
0.24215046,0.24063914,0.93992333,-0.43864394,-0.8369456,0.32728168,0.8654216,-0.49154309,-0.09711176,-0.0018989,0.00485414,-0.06470584
0.24267968,0.24238234,0.93933886,-0.44357596,-0.8334105,0.32964768,0.8627555,-0.49666692,-0.09473693,-0.01679607,0.02808791,-0.07665171
0.24274205,0.2445359,0.93876438,-0.45029527,-0.82873638,0.33231065,0.85924999,-0.50338693,-0.09105588,-0.00526333,-0.00835162,-0.03405038
0.24331103,0.24584973,0.93827365,-0.45323484,-0.82642148,0.33407365,0.85754166,-0.50654214,-0.08964959,0.02814644,-0.0304938,0.01069028
0.24610339,0.24742274,0.93713134,-0.45850208,-0.82212617,0.33746778,0.85393736,-0.51272863,-0.08888424,0.01430748,0.02674907,0.0151715
0.25130186,0.25052305,0.93492532,-0.46121626,-0.81821634,0.34322156,0.85095635,-0.517455,-0.09007376,0.05220167,0.01988536,0.05340451
0.2548272,0.2521065,0.93354444,-0.46121497,-0.81683981,0.34648668,0.84990803,-0.51885892,-0.09187752,0.0413689,0.02560371,0.04769107
0.27249202,0.26190994,0.92582467,-0.4555538,-0.81242821,0.36391102,0.84747795,-0.5209258,-0.10206618,0.00270647,0.01442689,0.02389962
0.27658214,0.26402207,0.92401009,-0.45371498,-0.81172865,0.36774894,0.84713932,-0.52095001,-0.10471886,0.00314635,0.02214152,0.02045481
0.28338102,0.26819503,0.92074237,-0.450976,-0.81005045,0.37475145,0.84635438,-0.52143017,-0.1086033,-0.03556141,0.02803272,-0.00365536
0.28828543,0.27314053,0.91776127,-0.44880921,-0.80810847,0.38148519,0.84584974,-0.52187634,-0.1103779,-0.03269557,-0.01612109,0.00867136
0.29030942,0.27530834,0.91647455,-0.44747533,-0.80750475,0.38431954,0.84586412,-0.52167135,-0.11123239,-0.03061943,-0.02494091,-0.00190084
0.29357806,0.27855313,0.91445069,-0.44491761,-0.80686096,0.38861766,0.84608524,-0.52094484,-0.11294347,-0.02688571,-0.01693398,0.00824209
0.29683431,0.28245051,0.9122012,-0.44214814,-0.8060382,0.39345555,0.84640082,-0.52011918,-0.11437476,0.00433075,0.00109166,0.01324961
0.29736101,0.2841303,0.91150779,-0.44144465,-0.80560427,0.39513104,0.8465832,-0.5198768,-0.11412756,0.00579356,0.00871485,0.00653206
0.29791486,0.28520107,0.91099235,-0.44116701,-0.80516192,0.3963406,0.84653315,-0.51997553,-0.11404837,0.01035645,0.00932282,0.01085925
0.29824753,0.28603398,0.9106223,-0.44158604,-0.80445238,0.39731364,0.84619748,-0.5206159,-0.11361732,0.00656096,0.01258904,0.02564444
0.29806184,0.28631762,0.91059392,-0.44159293,-0.80437411,0.39746419,0.84625927,-0.52058075,-0.11331732,-0.01163292,0.00494713,0.0311803
0.29786709,0.28642265,0.91062463,-0.44155721,-0.80440255,0.39744638,0.84634648,-0.52047908,-0.11313301,-0.02503871,0.00585955,0.00652306
0.29723616,0.28706989,0.91062701,-0.4416947,-0.80420489,0.39769373,0.84649658,-0.52042807,-0.11224153,-0.02647992,-0.04202306,-0.03361551
0.29618777,0.28750302,0.91083192,-0.44173675,-0.80427114,0.39751285,0.84684202,-0.52008638,-0.11121458,-0.00111116,-0.01009995,-0.02880283
0.29405457,0.2876991,0.91146091,-0.44237067,-0.80436706,0.39661249,0.84725436,-0.51982931,-0.10925803,0.01460903,-0.00402796,0.019536
0.29258891,0.28729758,0.91205907,-0.44309841,-0.80448572,0.39555823,0.84738152,-0.51986789,-0.10808243,-0.00954893,0.01008075,0.03653996
0.29226384,0.28716576,0.91220487,-0.44320668,-0.80456309,0.39527992,0.84743716,-0.51982131,-0.10787096,-0.00295705,0.01220816,0.03787459
0.291864907,0.286830419,0.912438028,-0.443430739,-0.804676693,0.394796808,0.847457388,-0.519830406,-0.107667432,-0.000866518356,-0.0076534152,0.0219793487
0.29075907,0.28604765,0.91303661,-0.44375879,-0.8051064,0.39355014,0.84766577,-0.5195963,-0.10715579,-0.00547942,-0.00684547,-0.00901155
0.29010775,0.28567048,0.91336193,-0.44386914,-0.80537332,0.3928796,0.84783125,-0.51939058,-0.10684489,-0.01377699,-0.00144559,-0.01415619
0.28882275,0.285311204,0.913881235,-0.444210118,-0.805656542,0.391911781,0.848091248,-0.519148332,-0.10595379,-0.010168558,-0.000318348408,-0.00591375725
0.287284226,0.28479602,0.91452666,-0.444331105,-0.806205843,0.390643106,0.848550325,-0.518578243,-0.105066503,0.000703001511,0.00601619482,0.00122134748
0.28682698,0.28460303,0.9147303,-0.44406697,-0.80656892,0.3901941,0.8488433,-0.51811969,-0.10496306,0.0055895,-0.01564264,-0.00282675
0.28648178,0.28403563,0.91501474,-0.44401551,-0.80693172,0.38950161,0.84898672,-0.51786585,-0.10505504,0.01048693,0.00436229,0.00547111
0.28618307,0.28354795,0.91525935,-0.44410188,-0.8071637,0.3889215,0.84904218,-0.51777116,-0.10507228,-0.0018217,0.02135307,0.00413231
0.28554781,0.28282259,0.91568209,-0.44431979,-0.80750296,0.38796719,0.84914206,-0.51763887,-0.10491689,-0.01004156,0.01552409,0.01075601
0.28498677,0.28252737,0.91594811,-0.44463239,-0.80758252,0.38744392,0.84916706,-0.51767658,-0.10452963,-0.01929048,0.00130254,-0.00515771
0.284715633,0.282502793,0.916039882,-0.444779993,-0.807572514,0.387294595,0.849180577,-0.517705048,-0.104276815,-0.0173425227,-5.9068203e-05,-0.00724636437
0.28419196,0.28273758,0.91613012,-0.44509329,-0.8074174,0.38725849,0.84919192,-0.51781912,-0.10361695,-0.01568453,-0.00135297,-0.00577972
0.28364045,0.28317601,0.91616561,-0.44528613,-0.80725658,0.38737194,0.84927518,-0.51783019,-0.10287625,-0.0086335,-0.01650447,0.00966113
0.28332234,0.2831467,0.91627309,-0.44536524,-0.8073027,0.3871848,0.84933987,-0.51777429,-0.10262316,-0.00438185,-0.01192719,0.00612068
0.28272316,0.28287506,0.91654198,-0.44551235,-0.80748179,0.38664144,0.84946232,-0.51764327,-0.10226935,-0.00504762,0.01140326,-0.00271974
0.28231135,0.28294948,0.91664591,-0.4455596,-0.80752737,0.38649162,0.84957447,-0.51753137,-0.10190312,0.0029429,0.00935322,-0.01080731
0.28220824,0.28298714,0.91666615,-0.44558901,-0.80752036,0.38647306,0.84959343,-0.51752224,-0.10179299,0.00333548,0.00992113,-0.00832784
0.28199265,0.28295797,0.91674154,-0.44567359,-0.80753658,0.38634182,0.84962069,-0.51751304,-0.1016126,,,
0.281823914,0.282933644,0.916800919,-0.445826471,-0.80749698,0.386248124,0.849596451,-0.517588068,-0.101432742,-0.0103803035,-0.000976026058,0.000877784332
0.281823914,0.282933644,0.916800919,-0.445826471,-0.80749698,0.386248124,0.849596451,-0.517588068,-0.101432742,-0.0103803035,-0.000976026058,0.000877784332
0.281767662,0.282938174,0.916816757,-0.445889125,-0.807471201,0.386229375,0.849582171,-0.517625571,-0.101360211,-0.014620184,-0.00824868679,-0.000505795237
0.28140235,0.28279019,0.91697456,-0.44579409,-0.80768497,0.38589171,0.84975306,-0.51737268,-0.10121817,-0.01182512,0.00267953,0.00191119
0.2811495,0.28270874,0.91707726,-0.44564378,-0.80787553,0.38566652,0.84991561,-0.51711973,-0.10114638,-0.01582223,0.00228387,-0.00459355
0.28077452,0.28260779,0.91722327,-0.44571474,-0.80797075,0.38538509,0.85000238,-0.51702624,-0.10089515,-0.01175493,-0.00613707,-0.00517221
0.28055883,0.28254061,0.91730995,-0.44576388,-0.80802416,0.38521618,0.85004782,-0.51697944,-0.10075191,-0.01523426,-0.00776058,-0.00479781
0.27986462,0.28237189,0.91757398,-0.44587771,-0.80820301,0.38470928,0.85021701,-0.51679229,-0.1002842,-0.01412513,-0.00137359,-0.00221997
0.27938611,0.28227015,0.917751,-0.4459421,-0.80832812,0.38437105,0.8503405,-0.51665175,-0.09995943,-0.00882722,0.00404876,0.00358237
0.27865402,0.28242784,0.91792504,-0.44617198,-0.80830864,0.38414517,0.85046013,-0.51659603,-0.09922699,,,
0.27810909,0.28234009,0.91811724,-0.4464297,-0.80832716,0.38380644,0.85050321,-0.51661487,-0.09875799,-0.00114206,-0.00418389,0.00350021
0.2777801,0.28216784,0.91826978,-0.44649789,-0.8084412,0.38348678,0.85057493,-0.51653053,-0.0985814,,,
0.27722515,0.28178565,0.9185548,-0.44660476,-0.80867633,0.38286604,0.85069987,-0.51637105,-0.09833846,-0.01164346,0.00145751,-0.00263443
0.27675516,0.28167361,0.91873087,-0.44653705,-0.80888288,0.38250851,0.85088841,-0.51610859,-0.09808466,-0.00826601,-0.00411838,-0.00460992
0.27598447,0.28154941,0.9190008,-0.44631901,-0.80926118,0.3819628,0.85125312,-0.51558334,-0.09768263,,,
0.27542876,0.28109022,0.91930801,-0.44635422,-0.80957016,0.38126616,0.85141461,-0.51534869,-0.09751302,-0.00391448,0.01046664,-0.00362589
0.27515563,0.28098888,0.91942081,-0.44642946,-0.80963526,0.38103997,0.85146351,-0.51530183,-0.09733398,-0.00848168,0.00612158,-0.00168981
0.27460916,0.28078592,0.91964606,-0.44657962,-0.80976513,0.38058715,0.85156107,-0.51520793,-0.09697546,-0.00947719,-0.00380212,-0.00280244
0.27400568,0.28058749,0.91988668,-0.44679201,-0.8098699,0.38011519,0.85164415,-0.51515174,-0.09654466,,,
0.27367556,0.28045241,0.92002619,-0.44689396,-0.80994663,0.37983207,0.85169686,-0.51510489,-0.09633018,-0.01133828,-0.00512928,-0.01793628
0.27296797,0.28029095,0.92028557,-0.44713449,-0.8100443,0.37934039,0.85179768,-0.51503919,-0.09578846,,,
0.272430285,0.280153832,0.920486596,-0.447222842,-0.81018119,0.3789435,0.851923396,-0.514898317,-0.0954267023,-0.00758360606,-0.00668996572,0.000808995683
0.272043,0.27990845,0.92067574,-0.44728057,-0.81034347,0.37852798,0.85201681,-0.51477626,-0.09525061,-0.01456895,0.00400144,0.00848689
0.27170253,0.27947761,0.92090717,-0.44723034,-0.81063536,0.37796214,0.85215185,-0.51455089,-0.09526083,-0.00377597,-0.00624061,-0.00197403
0.27124821,0.27897912,0.92119217,-0.44723364,-0.8109501,0.37728227,0.85229481,-0.51432527,-0.09519988,-0.01345457,-0.00152391,-0.00976564
0.27096423,0.27873432,0.92134988,-0.44729736,-0.8110821,0.37692305,0.85235174,-0.51425003,-0.09509715,-0.01163684,-0.00517005,-0.00687096
0.270301955,0.278424506,0.921638052,-0.447463399,-0.811271862,0.37631715,0.852474874,-0.514118552,-0.0947036449,-0.0101024937,0.00051599741,-0.00641676271
0.269555413,0.278283932,0.921899023,-0.447536326,-0.811468626,0.375805263,0.852672851,-0.513883656,-0.0941934681,-0.00925628003,0.000736474991,0.0039809444
0.26924384,0.2783187,0.92197957,-0.44755101,-0.81152211,0.37567223,0.85276357,-0.51378033,-0.09393538,,,
0.26870444,0.27821859,0.92216715,-0.44767274,-0.81162193,0.37531151,0.85286983,-0.51367697,-0.09353545,-0.01270415,-0.00369251,-0.00148018
0.26816496,0.27804166,0.92237757,-0.44772331,-0.81179568,0.37487546,0.85301313,-0.5134984,-0.09320943,-0.00572492,-0.00256807,-0.00347054
0.26789017,0.27793918,0.9224883,-0.44779643,-0.81186051,0.37464768,0.85306109,-0.51345139,-0.09302928,-0.00784217,0.00103706,-0.00275071
0.26735021,0.27776188,0.92269828,-0.44784653,-0.81203406,0.37421112,0.85320412,-0.51327265,-0.0927027,-0.00458688,0.00322229,0.00474693
0.26670614,0.27758306,0.92293853,-0.44788924,-0.81223798,0.37371755,0.85338333,-0.513047,-0.09230243,-0.0043962,0.00527078,0.00672953
0.266384,0.27755122,0.92304114,-0.44796364,-0.81228457,0.37352715,0.85344491,-0.51299052,-0.09204683,-0.00828792,0.0024299,0.00282872
0.265796546,0.277444235,0.923242555,-0.448014595,-0.812439774,0.373127791,0.85360122,-0.512802225,-0.0916445433,-0.00639568223,-0.00237983465,0.000773115433
0.265208695,0.277298665,0.923455304,-0.448029856,-0.812631949,0.372690648,0.853776023,-0.512576357,-0.0912788789,-0.00412618183,0.00069206953,-0.00276321825
0.2649433,0.2772619,0.92354248,-0.4480418,-0.81270379,0.37251935,0.85385211,-0.51248215,-0.09109533,-0.00621839,0.00307554,-0.00331375
0.26430801,0.27726375,0.9237241,-0.44812941,-0.81280457,0.37219495,0.85400318,-0.51232203,-0.09058084,-0.00316808,-0.0073632,0.00824047
0.2637197,0.27707911,0.92394757,-0.4481082,-0.81303351,0.37171976,0.8541961,-0.51205831,-0.09025155,-0.00320885,-0.00249404,0.00619899
0.26339687,0.27693119,0.92408393,-0.44807512,-0.81319048,0.37141581,0.85431299,-0.51188879,-0.09010576,-0.00387784,-0.0019682,0.0029217
0.2625793,0.27657209,0.92442415,-0.44812333,-0.8135025,0.370674,0.85453942,-0.51158734,-0.08967053,,,
0.26139075,0.27621183,0.92486863,-0.44821002,-0.81387966,0.36974025,0.85485831,-0.51118206,-0.08893978,0.00310199,0.0077011,-0.00853594
0.260686661,0.276035051,0.925119981,-0.448310805,-0.814057871,0.369224689,0.855020322,-0.510993248,-0.0884643982,0.000708963606,0.000988662243,0.00571354572
0.25942886,0.27561194,0.92559971,-0.44851739,-0.81440275,0.36821261,0.85529463,-0.51067254,-0.08766292,-0.01259387,-0.01533729,0.00848089
0.2578256,0.27490626,0.92625726,-0.44880742,-0.81488934,0.36677955,0.85562717,-0.51027629,-0.08671936,-0.0160047,-0.00801486,0.00746715
0.25717695,0.27460729,0.92652618,-0.44873671,-0.8152026,0.36616915,0.85585938,-0.50993659,-0.08642485,-0.0068914,-0.01611435,0.00260866
0.25619323,0.27370429,0.92706582,-0.44833177,-0.81603079,0.36481843,0.85636657,-0.50909707,-0.08635128,-0.01496275,-0.01266187,-0.00762451
0.25511438,0.27266919,0.92766802,-0.44767693,-0.8170769,0.36327704,0.85703081,-0.50797279,-0.08638017,-0.01357565,0.00770658,-0.00899829
0.25447477,0.27227852,0.92795852,-0.44739985,-0.8175423,0.36257136,0.85736572,-0.50743376,-0.08622653,-0.00951737,0.00813907,-0.0135329
0.25231777,0.27153428,0.92876521,-0.44664426,-0.81877458,0.36071726,0.85839652,-0.50584303,-0.08531208,-0.00343026,-0.00512463,-0.00114431
0.25188711,0.27118515,0.92898414,-0.44641767,-0.81914207,0.36016333,0.8586409,-0.50543543,-0.08526952,-0.00408288,-0.00262517,0.0047276
0.25100507,0.27031465,0.9294763,-0.44604712,-0.81989708,0.35890129,0.85909148,-0.50467629,-0.085225,-0.00573676,0.00347394,-0.00289684
0.25036368,0.26972469,0.92982076,-0.44558506,-0.82054125,0.35800293,0.85951848,-0.50394516,-0.08524847,-0.00734748,-0.00209004,-0.0043822
0.25016366,0.26955098,0.92992498,-0.44529057,-0.82082583,0.35771696,0.85972933,-0.50357461,-0.08531235,0.00695294,0.00475079,0.02209178
0.249406488,0.269242398,0.930217637,-0.445203174,-0.821165695,0.357044587,0.859994451,-0.503185089,-0.0849364012,0.000477687456,-0.000937461853,0.0125182755
0.24868587,0.26871819,0.93056203,-0.44510108,-0.82158772,0.35619967,0.86025588,-0.50277601,-0.08471032,-0.0088621,0.01046473,-0.00559655
0.24841744,0.26801236,0.93083729,-0.44449312,-0.82227257,0.35537795,0.86064775,-0.50203286,-0.08513712,-0.01006033,0.00692052,-0.00361589
0.2481592,0.26788132,0.93094397,-0.44429532,-0.82249557,0.35510965,0.86082446,-0.50173777,-0.08509149,-0.00966021,0.00246459,-0.00534545
0.248006391,0.267831473,0.930999031,-0.444179062,-0.822616288,0.354975435,0.860928484,-0.501566447,-0.0850490272,-0.00718026096,0.00102561712,0.000363360392
0.24767998,0.26771679,0.93111885,-0.44417492,-0.82273474,0.35470567,0.86102453,-0.50143314,-0.0848618,-0.00638925,0.00767583,0.00213318
0.247411363,0.267715167,0.931190711,-0.444218033,-0.82276978,0.354570257,0.861079491,-0.501376423,-0.0846386222,-0.00673433766,8.45789909e-05,-0.00500323903
0.247363862,0.267668301,0.931216925,-0.444110958,-0.822860793,0.354493955,0.8611485,-0.501252619,-0.0846717577,-0.00714130886,-0.00014847517,0.000817824854
0.24730598,0.26755524,0.93126471,-0.44406374,-0.82294393,0.35435959,0.86118939,-0.50117613,-0.08470739,-0.01198948,0.00323886,-0.00194038
0.2472481,0.26748142,0.93130122,-0.44405281,-0.82299103,0.35426347,0.86121157,-0.5011379,-0.08470698,-0.00577898,-0.00114077,-0.00370812
0.247190213,0.267407578,0.931337867,-0.444041885,-0.823038472,0.354167428,0.861233905,-0.501099741,-0.0847069263,-0.00728520146,-0.000533521175,-0.00462246779
0.24723771,0.26733685,0.93134555,-0.44404024,-0.82305578,0.35412917,0.8612211,-0.50110899,-0.08478212,-0.01005192,0.00228494,-0.00595198
0.24731636,0.26766059,0.93123164,-0.44404004,-0.82291523,0.35445567,0.86119859,-0.50116683,-0.08466832,-0.0099696,-0.0018357,0.00421044
0.24726885,0.26773128,0.93122395,-0.44404166,-0.82289793,0.35449388,0.8612114,-0.50115752,-0.08459314,-0.00595676,-0.00357294,0.00422236
0.24722133,0.26788037,0.93119368,-0.44411578,-0.82280854,0.35460845,0.86118682,-0.50122458,-0.08444587,-0.01192256,0.00432926,-0.0010235
0.24718418,0.26809556,0.93114157,-0.44412985,-0.82272651,0.35478083,0.86119018,-0.50124398,-0.0842956,-0.00509862,-0.00422603,0.00348611
0.247136656,0.268127077,0.931145142,-0.444095255,-0.822745264,0.354780878,0.861221697,-0.501196505,-0.084256484,-0.00846103393,-0.00593847036,0.000676903408
0.24684724,0.26779719,0.93131688,-0.44407689,-0.8229458,0.35433882,0.86131422,-0.50104387,-0.08421939,-0.0194892,0.00704402,-0.00192834
0.24675218,0.26793844,0.9313013,-0.44408001,-0.82291091,0.354415,0.86133969,-0.50102498,-0.08406872,-0.01120197,0.00428659,-0.00255851
0.24656202,0.26818196,0.93128162,-0.44405027,-0.82287774,0.35452957,0.86140953,-0.50094939,-0.08380398,-0.00659349,-0.00230783,-0.00267736
0.24635112,0.26825405,0.93131673,-0.44410415,-0.82286579,0.35449018,0.86144215,-0.50093069,-0.08358113,-0.00496,-0.00539178,-0.00313368
0.246245664,0.268211631,0.931356797,-0.444058508,-0.822931721,0.354394072,0.861495795,-0.500844924,-0.083541602,-0.00984493271,-1.94907188e-05,-0.000885553425
0.246024375,0.268178309,0.931424807,-0.444135919,-0.822948175,0.354258425,0.861519044,-0.500835443,-0.0833574635,-0.00814243872,-0.00209623575,-0.000680080615
0.24576554,0.26832109,0.9314522,-0.44419145,-0.82291926,0.35425711,0.86156448,-0.50080729,-0.08305937,-0.00995355,0.00396937,0.0044549
0.245717965,0.268391721,0.931444362,-0.44419305,-0.822901893,0.354295205,0.861577188,-0.500797805,-0.0829840751,-0.00580598321,0.000553488731,-0.00184381974
0.24551729,0.26856902,0.93144618,-0.4442232,-0.8228613,0.3543517,0.86161885,-0.50076947,-0.08272213,,,
0.24536418,0.26871491,0.9314445,-0.44428805,-0.82280209,0.35440821,0.86162909,-0.50078873,-0.08249947,-0.00518277,0.00159115,-0.00346958
0.24526898,0.26885616,0.93142877,-0.44429129,-0.82276742,0.3544844,0.86165448,-0.50076971,-0.08234894,-0.00121837,-0.00744057,-0.00158344
0.24522137,0.268966056,0.931409515,-0.444329237,-0.822713902,0.354560615,0.861648393,-0.500798324,-0.0822374923,-0.00604058243,-0.00196939707,-0.000266437652
0.244999955,0.268932772,0.931477417,-0.444406645,-0.822730621,0.354424946,0.861671486,-0.50078885,-0.0820534465,-0.0074029169,0.000244021416,0.00240900228
0.244884066,0.268902659,0.931516595,-0.444493369,-0.822717325,0.354347118,0.861659708,-0.500826911,-0.0819449279,-0.00882429723,0.00195747614,-0.000449850922
0.244672939,0.268896217,0.931573954,-0.444474504,-0.822777458,0.354231282,0.861729437,-0.500731675,-0.081793919,-0.00658099866,-0.00048571825,-0.00064190221
0.24427751,0.26871961,0.93172859,-0.44459114,-0.82286391,0.35388339,0.86178136,-0.50068404,-0.08153669,-0.01220076,0.00704962,0.00125793
0.24422989,0.26882948,0.93170946,-0.44462909,-0.82281083,0.35395962,0.86177536,-0.50071264,-0.08142562,-0.01064636,-0.00712931,0.00442713
0.24412428,0.26886552,0.93172672,-0.44465599,-0.82280478,0.35393979,0.86179139,-0.50070317,-0.08131397,-0.01269329,-0.00346118,-0.00254825
0.24401866,0.2688229,0.93176661,-0.44461013,-0.82287074,0.3538436,0.86184489,-0.50061733,-0.08127431,-0.00965047,-0.0012607,-0.00279241
0.24384469,0.2686404,0.93186483,-0.44461308,-0.82297676,0.35359349,0.86189265,-0.50054119,-0.08123743,-0.00717754,0.00330871,-0.00346057
0.24373905,0.26863705,0.93189346,-0.44460355,-0.82300692,0.35353548,0.86192748,-0.50049354,-0.08116195,-0.00841434,0.00692075,-0.00129954
0.243575407,0.268599061,0.93194722,-0.444619207,-0.823048329,0.353419499,0.861965682,-0.500445927,-0.0810500843,-0.00662044855,0.000854313374,5.95403835e-05
0.24336409,0.26863163,0.93199299,-0.44463643,-0.82307237,0.35334151,0.86201643,-0.50038867,-0.08086281,-0.01069192,-0.00101018,0.00127528
0.243305923,0.268636185,0.932006883,-0.444697946,-0.823047791,0.353321493,0.862001141,-0.500426758,-0.0807904459,-0.0148515301,0.000320374966,-0.00331556983
0.2430842,0.2686028,0.93207432,-0.44477505,-0.82306438,0.35318554,0.86202388,-0.50041723,-0.08060606,-0.00827622,0.00615448,-0.00186685
0.24294109,0.26885399,0.93203924,-0.44481628,-0.8229768,0.35333786,0.86204298,-0.50042651,-0.08034424,-0.00693658,-0.00094843,-0.00402545
0.242835388,0.26892921,0.932045097,-0.444879398,-0.82293493,0.353355974,0.862040199,-0.500454996,-0.0801966671,-0.00664435141,-0.00203222036,0.000830283039
0.24267164,0.26900903,0.93206472,-0.44500397,-0.8228684,0.35335408,0.86202202,-0.50052151,-0.07997676,-0.00931793,-0.00610059,0.0018451
0.24256593,0.26900567,0.93209321,-0.44499441,-0.82289851,0.35329605,0.86205672,-0.50047385,-0.07990116,-0.00870859,-0.00455707,-0.00097145
0.24251825,0.26903701,0.9320966,-0.44495975,-0.82291733,0.35329609,0.86208806,-0.50042621,-0.07986193,-0.01203984,0.00510162,0.00111497
0.242354473,0.269038177,0.932138776,-0.445011547,-0.822922622,0.353217935,0.862107279,-0.500416472,-0.0797138127,-0.0061344197,-0.000590980053,0.00209693005
0.242132615,0.269004715,0.9322061,-0.445088508,-0.822939446,0.353081824,0.862129903,-0.500406852,-0.079529526,-0.00737975817,-0.00335854292,0.000555159524
0.241699168,0.268964326,0.932330161,-0.445146154,-0.823016349,0.35282938,0.862221688,-0.50030177,-0.0791937591,-0.011308495,-0.00151020288,-5.59207983e-05
0.241641084,0.268929691,0.932355312,-0.445171305,-0.823027873,0.352771424,0.862225096,-0.500301898,-0.0791575852,-0.00770542491,-0.00186318159,-0.000600142637
0.24141911,0.268856836,0.932433802,-0.445211752,-0.823080625,0.352597122,0.862266367,-0.500254172,-0.0790091485,-0.00907736272,5.12599945e-05,-0.000453595538
0.241255206,0.268779343,0.932498542,-0.445190746,-0.823158,0.352442851,0.862323064,-0.5001684,-0.0789330176,-0.00856526196,0.00238853693,0.000120585319
0.241149393,0.268736542,0.932538221,-0.44514467,-0.823224022,0.352346664,0.862376417,-0.500082613,-0.0788932264,-0.00750370324,0.00336164236,0.000472816639
0.241043579,0.268733112,0.932566545,-0.445134918,-0.823254102,0.352288569,0.86241101,-0.500034845,-0.0788174783,-0.0122036114,-4.88162041e-05,0.00110618514
0.241006258,0.268909024,0.932525487,-0.4451132,-0.823208416,0.352422778,0.862432656,-0.500015511,-0.0787032881,-0.00867426395,-0.00111347437,-0.000588556053
0.24095854,0.26894032,0.93252886,-0.44507853,-0.8232273,0.35242286,0.86246395,-0.49996787,-0.07866407,-0.00911957,-0.00344402,0.00161694
0.2407467,0.26905137,0.9325516,-0.44516835,-0.82317983,0.3524207,0.86247682,-0.49998657,-0.07840478,,,
0.240535,0.26916238,0.93257412,-0.44525803,-0.8231321,0.35241845,0.86248952,-0.50000509,-0.07814533,-0.01088182,-0.0009504,-0.00677503
0.24041874,0.2691323,0.93261278,-0.44534445,-0.82311881,0.35234023,0.86247731,-0.50004313,-0.07803657,-0.00768694,-0.00223786,0.00246914
0.24019659,0.26901995,0.9327024,-0.44534828,-0.82320757,0.35212774,0.86253719,-0.4999573,-0.07792398,-0.008491,-0.00268072,0.00232847
0.2400803,0.26887175,0.93277504,-0.44532544,-0.82330212,0.35193537,0.86258133,-0.49988123,-0.07792305,-0.00788846,0.00365835,0.00273027
0.2400803,0.26883245,0.93278647,-0.44528912,-0.82333823,0.35189746,0.86260018,-0.49984331,-0.07795915,-0.00998305,-0.00186348,-0.00418651
0.23992666,0.26886015,0.93281803,-0.44524462,-0.82338718,0.35183933,0.86266591,-0.49974784,-0.07784406,-0.01115589,-0.00204605,-0.00103385
0.23987891,0.26889136,0.9328213,-0.44520986,-0.82340594,0.35183931,0.86269712,-0.49970007,-0.07780467,-0.01438029,0.00412673,-0.00271531
0.239725101,0.268997791,0.932830145,-0.44523809,-0.823383033,0.351857159,0.862725295,-0.499680504,-0.0776175335,-0.00634268578,-0.00361818075,-0.000662779668
0.23960877,0.26896763,0.93286875,-0.44532448,-0.82336983,0.35177884,0.86271304,-0.49971858,-0.07750882,-0.0075109,-0.00429279,0.00123197
0.239502845,0.268964048,0.932896935,-0.445314647,-0.823399892,0.35172062,0.862747481,-0.499670762,-0.0774329505,-0.0125627359,-0.000441849232,0.00204205443
0.239444675,0.268889893,0.932933204,-0.445303151,-0.823447104,0.35162438,0.862769517,-0.499632692,-0.077432398,-0.00789745525,0.00128287077,-0.000913113123
0.239290966,0.268917554,0.932964727,-0.445258627,-0.823496146,0.351566278,0.862835203,-0.499537227,-0.0773173252,-0.00883048866,0.000924050808,-0.00231566024
0.239290966,0.268917554,0.932964727,-0.445258627,-0.823496146,0.351566278,0.862835203,-0.499537227,-0.0773173252,-0.00585571537,-0.00257253647,0.000682451762
0.239079056,0.268910419,0.933021151,-0.445239004,-0.823556514,0.351449971,0.862904115,-0.499441728,-0.0771657835,-0.00851621199,0.000745356083,0.00102365413
0.238973091,0.2689462,0.933037963,-0.445265575,-0.823550705,0.351429782,0.862919733,-0.499431942,-0.0770540088,-0.00643419474,-0.00369989872,-0.000929489965
0.23858654,0.26883462,0.93316896,-0.44532053,-0.82364493,0.35113871,0.86299825,-0.49933628,-0.07679291,-0.01185596,0.00123018,0.00283162
0.23858654,0.26883462,0.93316896,-0.44532053,-0.82364493,0.35113871,0.86299825,-0.49933628,-0.07679291,-0.01478577,-0.00165766,-0.00169871
0.23833714,0.26908214,0.93316134,-0.44535216,-0.82358778,0.35123262,0.86305084,-0.49929721,-0.07645513,,,
0.238066732,0.269118893,0.933219759,-0.445430134,-0.823587679,0.351133891,0.863085217,-0.499277513,-0.0761950294,-0.00820588507,0.000290334225,0.000444485107
0.23800851,0.269084104,0.93324471,-0.445455019,-0.823599213,0.351075701,0.863088506,-0.499277545,-0.0761587509,-0.00966894813,-0.00110334158,3.41841951e-06
0.23790247,0.26904106,0.93328411,-0.44540867,-0.82366517,0.35097947,0.86314161,-0.49919173,-0.07611866,-0.00991177,-0.00490528,-0.0028627
0.23778601,0.26893207,0.93334521,-0.44542195,-0.82372381,0.35082502,0.86316686,-0.49915373,-0.07608167,-0.00580093,0.00227565,-0.00264639
0.237679952,0.268928361,0.93337323,-0.445411969,-0.823753871,0.350766705,0.863201151,-0.499105841,-0.0760056812,-0.00720838411,0.000281751156,-0.00132893678
0.237584304,0.269030067,0.933368337,-0.445378894,-0.823755715,0.350804788,0.863244618,-0.499048276,-0.0758910472,-0.00885839295,-0.00173443556,-0.00012226589
0.2374304,0.26909691,0.93338822,-0.44537061,-0.82376879,0.35078453,0.86329122,-0.4989906,-0.0757398,-0.00973756,0.00259691,0.00094062
0.237101724,0.269138225,0.933459821,-0.445509776,-0.823744128,0.350665496,0.863309713,-0.499008884,-0.0754072932,-0.00506434916,0.00113421679,0.000126424595
0.2369372,0.26906026,0.93352413,-0.44548822,-0.82382172,0.35051093,0.86336606,-0.49892309,-0.07533079,-0.00723708,0.00279802,-0.00403075
0.23687894,0.26902547,0.93354897,-0.44551306,-0.82383313,0.3504527,0.86336927,-0.49892312,-0.07529436,-0.0087232,0.00100559,-0.00592385
0.236762393,0.268916334,0.933609996,-0.445526147,-0.823891864,0.350298115,0.863394506,-0.498885079,-0.075257401,-0.00925988518,0.000366151333,-0.000316883903
0.236597985,0.268798903,0.933685457,-0.44546798,-0.824005062,0.350105573,0.863469549,-0.498761248,-0.0752166228,-0.00847084913,-0.00026589632,-0.00182112865
0.236454426,0.268892142,0.933694945,-0.445363438,-0.824061484,0.350105575,0.863562762,-0.49861761,-0.0750981878,-0.00498694461,-0.00502485037,0.000352281844
0.23640656,0.2689627,0.93368679,-0.44536515,-0.82404453,0.35014364,0.86357504,-0.49860781,-0.07502295,-0.0096741,-0.00194782,-0.00347852
0.236300411,0.268998397,0.933703379,-0.445391606,-0.824038842,0.350123344,0.863590444,-0.498597936,-0.0749111108,-0.00568399206,-0.00307446718,-0.000376229407
0.236098499,0.269135656,0.93371485,-0.445384888,-0.82403483,0.350140998,0.863649075,-0.498530255,-0.0746843573,-0.0103961565,0.00238710642,0.000166408252
0.23600273,0.26927671,0.93369843,-0.44538827,-0.8240008,0.35021701,0.86367354,-0.4985105,-0.07453374,-0.00652337,-0.00433171,-0.00237616
0.235954843,0.269347198,0.933690171,-0.445389922,-0.823983699,0.350254948,0.863685745,-0.49850055,-0.0744583538,-0.0105758477,-0.00382173061,6.62654638e-05
0.23580076,0.26941392,0.93370985,-0.44538155,-0.82399687,0.35023463,0.86373214,-0.49844274,-0.07430704,-0.00729125,-0.00119346,-0.00134268
0.23564667,0.26948067,0.9337295,-0.44537313,-0.82401006,0.35021436,0.86377855,-0.49838488,-0.07415573,-0.00880351,-0.00298721,-0.00454222
0.235482156,0.269481435,0.933770674,-0.445424251,-0.824015616,0.35013559,0.863796939,-0.49837481,-0.0740071712,-0.00898744725,-0.00160843134,0.00049768528
0.23531747,0.26944278,0.93382341,-0.445439,-0.82405739,0.35001894,0.86383429,-0.49832695,-0.07389467,-0.0106471,0.00437075,0.00177519
0.235163323,0.269548958,0.933831649,-0.445467149,-0.824034797,0.350036598,0.863861799,-0.498307094,-0.0737075332,-0.00683739176,0.000548064709,-0.000847281655
0.23501954,0.26976043,0.93380678,-0.4454722,-0.82398369,0.35015045,0.86389832,-0.49827717,-0.07348147,-0.00742093,-0.00618392,-0.00305474
0.234769468,0.269928537,0.933821091,-0.445430629,-0.823998669,0.350167997,0.863987732,-0.498161276,-0.0732152402,-0.00641871011,0.0011638999,0.00089679379
0.234663196,0.269924667,0.933848898,-0.445420497,-0.824028877,0.350109646,0.864021799,-0.498113298,-0.0731391768,-0.00709079392,-0.000674247742,-0.000512502622
0.23462547,0.27002159,0.93383046,-0.44532611,-0.82405536,0.35016806,0.86408081,-0.49801742,-0.07309681,-0.00687554,0.00112718,0.00175815
0.23452955,0.27016249,0.93381375,-0.44532945,-0.82402118,0.35024386,0.86410507,-0.49799729,-0.072946,-0.00778866,-0.0024386,0.00331042
0.23448158,0.27019347,0.93381684,-0.44529461,-0.82404004,0.35024387,0.86413605,-0.49794935,-0.07290654,-0.01031314,-0.00528866,-0.0063043
0.234375286,0.270071093,0.9338789,-0.44517482,-0.824177837,0.350071708,0.864226576,-0.497787531,-0.0729380367,-0.00585291767,-0.00288909674,-0.000758443261
0.234385634,0.270097447,0.933868725,-0.445078726,-0.824221174,0.35009214,0.864273309,-0.497701666,-0.0729710257,-0.00914928783,0.000784277916,-0.0052032331
0.234385634,0.269978954,0.933902991,-0.444969062,-0.824328736,0.34997829,0.864329778,-0.497587816,-0.073078588,-0.0152699919,0.0065395236,0.000143861398
0.23428967,0.27011983,0.93388628,-0.4449724,-0.82429458,0.35005413,0.86435401,-0.49756769,-0.07292779,-0.00995616,0.00351506,-0.0020308
0.234193698,0.270260774,0.93386963,-0.444975841,-0.824260616,0.350130089,0.864378315,-0.497547678,-0.0727771851,-0.00870910753,-0.00149971247,-0.000196413836
0.234049714,0.270551168,0.933821662,-0.445054035,-0.824137834,0.350319818,0.86437708,-0.497593343,-0.0724794339,-0.00630155439,-0.00523799658,0.000877353945
0.23388506,0.27055193,0.93386271,-0.4451052,-0.82414368,0.35024113,0.86439532,-0.4975833,-0.07233095,-0.00707087,-0.00138575,-0.00135984
0.23372039,0.27031548,0.93397227,-0.44493675,-0.82436444,0.34993463,0.86452642,-0.49734546,-0.07239736,-0.00893768,-0.00169849,-0.00293238
0.23361404,0.27027203,0.93401148,-0.44489001,-0.8244306,0.3498384,0.86457926,-0.49725955,-0.07235717,-0.00908625,0.001692,-0.00350175
0.23356602,0.27030298,0.93401457,-0.44485517,-0.8244495,0.34983845,0.86461021,-0.49721158,-0.07231773,-0.01343916,0.00178164,-0.00121756
0.233469981,0.270443845,0.933997803,-0.444858563,-0.824415449,0.349914318,0.86463439,-0.497191409,-0.0721670008,-0.00627774885,-0.00262385607,0.000864544185
0.23326755,0.27050165,0.93403159,-0.44477855,-0.82448327,0.34985592,0.86473013,-0.49704726,-0.07201177,-0.01091494,0.00223619,0.00455616
0.23321951,0.270532591,0.934034685,-0.444743707,-0.824502189,0.349855985,0.864761071,-0.496999288,-0.0719723435,-0.00826978683,-0.00035738945,-0.00195626821
0.233123422,0.270515281,0.934063613,-0.444600671,-0.824611359,0.349780021,0.864860447,-0.496827236,-0.0719648277,-0.00787031557,-0.00173407793,0.000168094877
0.23307538,0.27046714,0.93408952,-0.44449251,-0.82470178,0.34970414,0.86492896,-0.49670323,-0.0719969,-0.01140352,0.0020085,0.00238731
0.232872865,0.270564404,0.934111856,-0.444449059,-0.82473384,0.349683739,0.865005832,-0.496597006,-0.0718058668,-0.00848697592,2.98023224e-05,-0.0023064157
0.23278701,0.27069194,0.93409633,-0.4443197,-0.82477885,0.34974211,0.86509542,-0.49645283,-0.07172391,-0.0040608,-0.00445563,-0.0044091
0.23273893,0.27072285,0.93409943,-0.44428485,-0.82479779,0.3497422,0.86512633,-0.49640485,-0.07168451,,,
0.23262224,0.2705739,0.93417159,-0.44426085,-0.82489221,0.34954953,0.86516997,-0.49632887,-0.07168277,-0.00802357,0.00603992,0.00207164
0.23264277,0.270665881,0.934139793,-0.44410507,-0.824942655,0.349628233,0.865244393,-0.496194714,-0.0717126861,-0.0104202777,0.000180542469,0.00023600203
0.23259468,0.27073626,0.93413134,-0.44410675,-0.82492559,0.34966615,0.86525642,-0.49618454,-0.07163728,-0.01007752,-0.0012762,-0.00493686
0.23256694,0.27093829,0.93407977,-0.44398934,-0.82492347,0.34982086,0.86532424,-0.49607824,-0.07155617,-0.00647176,-0.00434238,-0.00252632
0.23251884,0.27092959,0.93409428,-0.44391779,-0.82497808,0.34978292,0.86537388,-0.49599219,-0.07155245,-0.00992607,-0.00218678,-0.00182574
0.23235405,0.27085104,0.93415808,-0.44389554,-0.82505565,0.34962831,0.86542958,-0.49590616,-0.07147547,-0.00666352,-0.00125319,-0.00212084
0.23218925,0.27077241,0.93422179,-0.44387318,-0.82513306,0.34947358,0.86548521,-0.49582002,-0.07139832,-0.00961395,0.00443858,-0.00133801
0.232055128,0.271009775,0.934186341,-0.443782141,-0.825125276,0.349607913,0.865567923,-0.495703524,-0.0712052543,-0.00913333055,0.000165939331,-0.000628523529
0.23191073,0.27122086,0.93416091,-0.44378726,-0.82507422,0.34972172,0.86560397,-0.49567294,-0.07097916,-0.0118998,0.0014779,-0.00345499
0.2318626,0.27129122,0.93415243,-0.44378898,-0.82505721,0.34975966,0.86561598,-0.49566274,-0.0709038,-0.00895363,-0.00131196,-0.00464375
0.23177636,0.27141866,0.9341369,-0.44365956,-0.82510229,0.34981807,0.86570551,-0.49551831,-0.07082184,-0.00721447,0.00139838,-0.00473259
0.23156336,0.27141034,0.93419211,-0.44363889,-0.8251628,0.34970135,0.86577307,-0.49542196,-0.07066935,-0.0084016,-0.00439429,0.00150369
0.231505006,0.27133579,0.934228164,-0.443626787,-0.825209971,0.349604976,0.865794807,-0.495383946,-0.0706683571,-0.00987481233,0.000507771969,-6.65313564e-05
0.231456845,0.271327035,0.934242684,-0.443555202,-0.82526462,0.349567086,0.865844406,-0.495297896,-0.0706646515,-0.00962389819,0.00341886282,0.000426615123
0.23130215,0.27135358,0.93427327,-0.44350992,-0.82531365,0.34950867,0.86590892,-0.49520157,-0.07054881,-0.01048254,0.004255,0.0016451
0.23125398,0.27138437,0.93427628,-0.44347499,-0.82533249,0.34950871,0.86593971,-0.49515344,-0.07050929,-0.00607147,0.00166577,0.00098235
0.23115762,0.27148544,0.93427071,-0.44344171,-0.82533419,0.34954659,0.86598242,-0.49509497,-0.07039428,-0.00882874,-0.00460142,-0.00289735
0.23115762,0.27140632,0.93429375,-0.44336838,-0.82540582,0.34947075,0.86602002,-0.49501913,-0.0704659,-0.00808556,0.00094181,-0.00235828
0.231051078,0.27144165,0.934309778,-0.443394649,-0.825400225,0.349450269,0.866034939,-0.495008824,-0.0703537681,-0.00789961498,0.000746250153,-2.49322038e-05
0.23088616,0.2713629,0.93437345,-0.44337219,-0.82547782,0.34929563,0.86609045,-0.49492273,-0.07027663,-0.00792866,0.00446504,-0.0039877
0.230673037,0.271394036,0.93441698,-0.443387989,-0.825502517,0.349216791,0.866139081,-0.494864176,-0.0700881835,-0.00423443271,-0.00046145916,-0.00511695771
0.230683213,0.271499397,0.934383945,-0.443365208,-0.825474184,0.349313211,0.866148123,-0.494854024,-0.0700496734,-0.011523867,-0.00458651781,-0.000763675198
0.23062484,0.27146438,0.93440847,-0.44338973,-0.82548558,0.34925476,0.86615105,-0.49485395,-0.07001287,-0.01067391,-0.00371969,-0.00197977
