0,1,2,3,4,5,6,7,8,9,10,11
0.24274984,0.18506977,0.95227187,-0.33697679,0.93659343,-0.09612178,-0.90968081,-0.29755996,0.28972212,0.00257818,0.00192392,-0.00499205
0.24264757,0.18499317,0.95231283,-0.33702907,0.93658068,-0.0960627,-0.90968874,-0.29764772,0.2896071,-0.00196424,0.0023905,-0.00811816
0.24277851,0.18484968,0.95230735,-0.3370604,0.93658921,-0.09586945,-0.90964223,-0.29771002,0.28968923,,,
0.24284398,0.18475379,0.95230924,-0.33709909,0.93658834,-0.09574175,-0.90961038,-0.29777225,0.28972517,,,
0.24284398,0.1847054,0.95231869,-0.33714534,0.93657807,-0.09567942,-0.90959331,-0.29783459,0.2897149,-0.00263414,0.00507987,0.0042365
0.24257396,0.18469641,0.9523891,-0.33716496,0.93656365,-0.09575133,-0.90965793,-0.29788548,0.28945912,,,
0.24247168,0.18466815,0.95242067,-0.33717104,0.93656113,-0.09575452,-0.90968299,-0.29791092,0.2893543,,,
0.242267057,0.184611745,0.952483632,-0.337183194,0.936556083,-0.0957611036,-0.90973296,-0.297961741,0.289144671,-0.000387102831,0.003444314,-0.00534923794
0.24226706,0.18461175,0.95248363,-0.33718319,0.93655608,-0.0957611,-0.90973296,-0.29796174,0.28914467,,,
0.24216475,0.18458347,0.95251519,-0.33718934,0.93655355,-0.09576428,-0.90975799,-0.29798723,0.28903983,,,
0.24220157,0.18465929,0.95249109,-0.33719065,0.9365467,-0.09582657,-0.90974765,-0.29796176,0.28909847,0.00362579,0.0027833,-0.00232163
0.24220157,0.18465929,0.95249109,-0.33719065,0.9365467,-0.09582657,-0.90974765,-0.29796176,0.28909847,0.00367387,0.00565052,-0.00372057
0.24216475,0.18463188,0.95250574,-0.33714307,0.93656383,-0.0958266,-0.90977507,-0.29792491,0.28905011,,,
0.2420256,0.1845762,0.95255187,-0.33710157,0.93657843,-0.09582984,-0.90982744,-0.2979135,0.28889689,0.00472172,0.00146604,0.00245929
0.2420256,0.1845762,0.95255187,-0.33710157,0.93657843,-0.09582984,-0.90982744,-0.2979135,0.28889689,0.0032759,0.00296617,0.0040796
0.241849597,0.184444751,0.952622062,-0.337058697,0.936599897,-0.0957708617,-0.909890155,-0.297927435,0.288685024,0.00461000251,0.00617969036,0.00094318355
0.24181275,0.18436892,0.95264615,-0.3370574,0.93660674,-0.09570856,-0.90990049,-0.29795289,0.28862636,0.00380433,0.00465345,-0.00402162
0.24174725,0.18436813,0.95266294,-0.33711101,0.9365871,-0.09571187,-0.90989804,-0.29801508,0.28856989,0.00555521,0.00739396,-0.0016108
0.24174725,0.18431974,0.95267222,-0.33715719,0.93657683,-0.09564967,-0.90988085,-0.29807728,0.28855961,-0.00829184,0.0050385,-0.00586403
0.24167355,0.18426491,0.95270159,-0.3370621,0.93661106,-0.09564964,-0.90993572,-0.29800362,0.28846284,0.00146449,0.00894713,-0.00706287
0.241636696,0.184285922,0.952706873,-0.336968285,0.936638461,-0.095711896,-0.909980253,-0.2979045,0.288424735,-0.000358006335,0.00705814362,-0.00340839545
0.2415546,0.18412871,0.95275811,-0.33677056,0.93671627,-0.09564639,-0.91007527,-0.29775705,0.28827725,-0.00691256,0.0122602,-0.00404311
0.24200848,0.18369829,0.95272587,-0.33588313,0.93706417,-0.09535853,-0.91028247,-0.29692704,0.28847865,-0.01024607,0.04696333,0.00536903
0.24192108,0.18344418,0.95279712,-0.33484933,0.93742336,-0.09546392,-0.91068658,-0.29594876,0.28820864,-0.00837279,0.05275834,0.01034429
0.24137301,0.18203505,0.95320635,-0.33290483,0.93817634,-0.09486585,-0.91154456,-0.29442894,0.28705079,-0.02141359,0.06057239,0.01497605
0.24102397,0.18082313,0.95352521,-0.33154176,0.93872473,-0.09421214,-0.91213343,-0.29342607,0.28620559,-0.02569879,0.06914616,0.01640978
0.239694,0.17274249,0.95535687,-0.32377023,0.94193262,-0.08908295,-0.91527021,-0.28796349,0.28170448,0.01712841,0.06914318,0.03007314
0.23909024,0.17014734,0.95597373,-0.32130109,0.94292895,-0.08746777,-0.91629771,-0.2862427,0.28011363,0.0327589,0.06468403,0.0388106
0.23693533,0.16402955,0.95757812,-0.31621831,0.944993,-0.0836313,-0.91862262,-0.28298855,0.27577139,0.01149121,0.00750899,0.03579754
0.23540675,0.15845438,0.95889301,-0.31174279,0.94679916,-0.07992354,-0.92054334,-0.28011346,0.27227993,-0.00906973,-0.04140675,0.00629167
0.23566279,0.156379012,0.95917086,-0.309808181,0.947563859,-0.078368552,-0.92113084,-0.278690408,0.271753036,-0.000100765712,-0.0329367518,-0.000429582084
0.23712848,0.15316448,0.95932827,-0.30580584,0.94906089,-0.07593557,-0.92209158,-0.2753617,0.27188795,0.0601816,0.01322186,0.01259832
0.23789741,0.14612955,0.96023483,-0.29412421,0.95303888,-0.07216543,-0.92568663,-0.26526035,0.26970572,0.09838018,-0.06904066,0.10408475
0.24619328,0.13256869,0.96011159,-0.26438034,0.96222102,-0.06506715,-0.93246541,-0.23781557,0.27194091,0.06326938,-0.0588823,0.17864153
0.25090204,0.12892035,0.95938922,-0.25503287,0.96488035,-0.06296135,-0.93381281,-0.22887867,0.27496938,0.06030234,-0.04814988,0.1711757
0.26174071,0.12060427,0.9575732,-0.23437189,0.97040583,-0.05815787,-0.9362487,-0.20920595,0.28226096,0.03672677,-0.04465991,0.14276145
0.27318838,0.11059409,0.95558199,-0.21085162,0.97609707,-0.05268868,-0.93856783,-0.18709209,0.28997733,0.0242568,-0.06738293,0.13590485
0.27859496,0.10500753,0.95465092,-0.19815636,0.97890209,-0.04984725,-0.93974412,-0.17528295,0.2935251,-0.00785962,0.03821826,0.18192986
0.29067655,0.09078411,0.95250483,-0.16936675,0.98465083,-0.0421622,-0.94171233,-0.14906707,0.30159072,-0.13806096,0.34206641,-0.15556401
0.29438956,0.08452647,0.95194016,-0.14948942,0.9878925,-0.04148889,-0.94392145,-0.13009109,0.30346105,0.22721405,0.09322548,-0.26251578
0.29569988,0.08447501,0.95153855,-0.14412557,0.98862562,-0.04297907,-0.94434605,-0.12443213,0.30451148,0.13972215,-0.09562159,-0.1090318
0.2939728,0.07820927,0.95260867,-0.13221518,0.99039289,-0.04051007,-0.94662512,-0.11404048,0.30148903,-0.18156905,-0.24394792,-0.07146856
0.2899884,0.06731377,0.95465989,-0.11957812,0.99225467,-0.03364145,-0.94953026,-0.10440081,0.2957916,-0.08020426,-0.1951896,-0.20227344
0.29089274,0.06328001,0.95466065,-0.11598164,0.99278399,-0.0304665,-0.94969973,-0.10186063,0.29613298,-0.06300973,-0.14001399,-0.29704365
0.29333105,0.06046539,0.95409679,-0.11770421,0.99268905,-0.02672374,-0.9487373,-0.10446232,0.29830355,0.0479825,-0.03426695,-0.39030087
0.29423646,0.06281165,0.95366639,-0.12567445,0.99171639,-0.02654318,-0.94743381,-0.11204153,0.29969294,0.12363437,0.04268706,0.05280952
0.29650528,0.06157023,0.95304445,-0.12741815,0.99154852,-0.02441619,-0.94649312,-0.11419563,0.30184454,-0.02528384,0.09260762,0.16512915
0.30362483,0.05422022,0.9512476,-0.12662696,0.9918195,-0.01611524,-0.94433969,-0.11556061,0.30800677,-0.14173111,0.10138118,-0.00443418
0.320253,0.0539614,0.94579394,-0.13375059,0.99095118,-0.01124885,-0.93784262,-0.12289802,0.32457246,-0.01746017,-0.05133241,0.02970145
0.3270563,0.05637776,0.94332164,-0.13854937,0.99029277,-0.01114895,-0.93479315,-0.12705029,0.3316926,-0.07773808,-0.07870215,0.07986093
0.33333,0.05582916,0.94115571,-0.14004072,0.99010361,-0.0091344,-0.93235163,-0.12875537,0.33784959,-0.06031045,-0.04102743,0.0251703
0.33647753,0.05560066,0.94004861,-0.14077714,0.99000763,-0.00816632,-0.93110935,-0.12958958,0.34094263,-0.06560604,-0.0228467,0.00807132
0.34095011,0.05653903,0.93837962,-0.14242228,0.98977456,-0.00788807,-0.92923025,-0.13095673,0.34551616,-0.04207795,0.03186953,-0.01219218
0.343144057,0.0577094744,0.93750819,-0.14367481,0.98958991,-0.00832799909,-0.928229249,-0.131838625,0.347863296,-0.0067283432,0.000804424286,-0.00878138002
0.34673855,0.05951822,0.93607152,-0.14461562,0.98944379,-0.00934344,-0.92674626,-0.13213084,0.35168557,-0.01712806,-0.00267059,-0.0177649
0.34891694,0.06062331,0.93519074,-0.14467171,0.98942752,-0.0101626,-0.92591955,-0.13174975,0.3539985,-0.02192035,0.01056385,-0.00446707
0.34956958,0.06113676,0.93491353,-0.14463557,0.98942798,-0.01062155,-0.92567897,-0.13150879,0.35471648,-0.01047081,0.00601184,0.00119587
0.350797589,0.0639059283,0.934268137,-0.143819856,0.98950928,-0.0136832865,-0.925341434,-0.129566259,0.356308413,0.0132644894,0.00234806538,0.000245452859
0.3507214,0.06457496,0.93425078,-0.14350399,0.98954314,-0.01452479,-0.92541939,-0.12897457,0.35632072,0.02620087,0.00567377,0.00266933
0.35043856,0.06560561,0.93428516,-0.14295514,0.98960194,-0.01586928,-0.92561152,-0.12799966,0.35617334,0.04967865,0.00402081,0.01451839
0.35030788,0.06618379,0.93429337,-0.14279544,0.98961364,-0.01656227,-0.92568562,-0.12761094,0.3561202,0.05295943,-0.00518286,-0.00224043
0.35053579,0.06646623,0.93418781,-0.14274472,0.98961614,-0.01684771,-0.92560714,-0.12744466,0.35638357,0.05323284,0.00875354,-0.00306636
0.35123097,0.06635291,0.93393469,-0.14276937,0.98961649,-0.01661671,-0.92533973,-0.12750097,0.35705712,0.00436524,0.01385152,-0.02084783
0.3513616,0.06601052,0.93390986,-0.14269532,0.98963304,-0.01626338,-0.9253016,-0.12755024,0.35713843,-0.00798783,-0.00109875,-0.01845034
0.35163355,0.06529882,0.93385751,-0.14243325,0.98968193,-0.01557063,-0.92523864,-0.12753721,0.3573061,-0.00613809,-0.00480705,0.00334045
0.35153607,0.0648156,0.93392784,-0.14226952,0.98971222,-0.015136,-0.92530084,-0.12754863,0.35714083,-0.00801838,-0.00268078,0.0074755
0.351405847,0.0646960127,0.933985092,-0.142166415,0.989728074,-0.0150680805,-0.925366109,-0.127486324,0.356993835,-0.0191472284,-0.00425648689,-0.000873228535
0.35147099,0.06461909,0.93396602,-0.14203594,0.98974743,-0.01502738,-0.92536152,-0.12737505,0.35704574,-0.02082413,0.00156176,-0.00355491
0.351395,0.06459094,0.93399654,-0.14177572,0.98978349,-0.01510902,-0.92543027,-0.1271088,0.3569624,-0.01097046,-0.00286424,0.00864877
0.35170975,0.06460096,0.93387735,-0.1415073,0.98982086,-0.01517746,-0.92535175,-0.1268124,0.35727115,-0.0171221,-0.00437087,0.00934137
0.35187256,0.06514861,0.93377799,-0.14140051,0.98982677,-0.01577557,-0.92530621,-0.1264857,0.35750493,-0.01908811,-0.0043059,-0.00827873
0.35180744,0.06546124,0.93378064,-0.14129759,0.98983532,-0.01615615,-0.92534667,-0.12625711,0.35748095,-0.01268044,-0.00198042,-0.01335046
0.35153607,0.06613556,0.93383532,-0.14096155,0.98986842,-0.01703987,-0.92550103,-0.12564476,0.35729703,-0.00631655,0.00452077,-0.00639461
0.35124298,0.06668516,0.93390653,-0.14039451,0.98993412,-0.0178833,-0.92569849,-0.12483397,0.35706964,0.00546645,0.00283957,0.00366203
0.35109097,0.0669973,0.93394136,-0.14014409,0.98996139,-0.01833243,-0.92579411,-0.12445001,0.35695578,0.01237444,0.0031563,0.01270194
0.35063469,0.06769806,0.93406218,-0.13962631,0.99001539,-0.01933951,-0.92604518,-0.12363856,0.35658617,0.01910559,0.00224555,0.01473521
0.34997188,0.06828961,0.93426771,-0.139342,0.99003889,-0.02016937,-0.92633872,-0.12312403,0.35600138,0.02685381,0.00372732,0.00874773
0.34966739,0.06853691,0.93436372,-0.13921473,0.99004953,-0.02052314,-0.92647295,-0.1229009,0.35572937,0.02882768,0.0022105,0.00361182
0.34901499,0.06881863,0.93458677,-0.13909702,0.99005695,-0.02095838,-0.92673645,-0.12268346,0.35511718,0.02668091,0.01068318,0.00140706
0.34838413,0.06871562,0.93482969,-0.13908031,0.9900596,-0.02094413,-0.92697629,-0.12271981,0.35447804,0.02087307,0.00199127,-0.00811886
0.348133842,0.0686761924,0.934925824,-0.139170737,0.990047763,-0.0209029132,-0.927056753,-0.122837317,0.354226849,0.016992474,5.84125519e-05,-0.0132066878
0.34785092,0.06834935,0.93505508,-0.13933213,0.99003276,-0.02053494,-0.92713871,-0.12314013,0.35390707,0.00660205,0.00589693,-0.022121
0.34757871,0.06790108,0.93518896,-0.13947368,0.99002288,-0.02004466,-0.92721952,-0.12346716,0.35358129,0.00314421,0.00476801,-0.00508831
0.34750253,0.06763718,0.93523637,-0.13944755,0.99003176,-0.01978601,-0.92725198,-0.12354074,0.35347039,,,
0.34746965,0.06688766,0.93530255,-0.13934224,0.99006127,-0.01903735,-0.92728019,-0.12371225,0.35333652,-0.00759295,-0.00128597,0.00712652
0.34716454,0.06634172,0.93545475,-0.13936696,0.99006811,-0.0184932,-0.92739078,-0.1239513,0.35296238,-0.0082225,-0.00414687,0.01348334
0.34647779,0.0657321808,0.935752266,-0.139284901,0.990089167,-0.0179765549,-0.927659818,-0.124107698,0.352199408,-0.0180412512,-0.00426137447,-0.000458429568
0.346336056,0.0655925359,0.935814538,-0.139342163,0.990083811,-0.0178271419,-0.927704151,-0.124224252,0.352041529,-0.0132438075,-0.000889599323,-0.00385757303
0.34628161,0.06564267,0.93583116,-0.13935879,0.99008049,-0.01788159,-0.92772197,-0.12422424,0.35199456,-0.01687898,0.00101101,-0.00293806
0.3459435,0.0656504,0.93595579,-0.13925513,0.99009335,-0.01797693,-0.92786379,-0.12411763,0.35165851,-0.01087274,-0.0011403,0.00457442
0.345583837,0.0659010182,0.936070978,-0.139190737,0.990096165,-0.0183172818,-0.928007413,-0.123962252,0.351334043,-0.0100750411,-0.000173687935,-0.00416193623
0.34547488,0.06604875,0.93610072,-0.13917687,0.99009482,-0.01849418,-0.92805,-0.1238943,0.35124535,,,
0.34522442,0.06694594,0.93612942,-0.13897282,0.99010309,-0.0195556,-0.9281738,-0.12334548,0.35111143,,,
0.34525723,0.06723349,0.93609677,-0.13890151,0.9901066,-0.01988209,-0.92817233,-0.12316081,0.3511803,,,
0.34502829,0.06769825,0.9361476,-0.13884577,0.99010332,-0.02042686,-0.92826571,-0.1229323,0.35101327,0.00869334,0.00163674,-0.00146798
0.34455904,0.06814505,0.9362881,-0.1387191,0.99010882,-0.02101286,-0.92845902,-0.12264087,0.35060397,0.01359532,0.00100005,-0.00263804
0.34425347,0.06829861,0.93638926,-0.13868417,0.99010906,-0.02123109,-0.92857754,-0.12255349,0.35032042,0.0122049,0.00184214,-0.00323187
0.34354381,0.06872785,0.93661844,-0.13848583,0.99012316,-0.02185851,-0.9288699,-0.12219903,0.34966852,0.01976232,0.00592911,-0.00318978
0.34344552,0.06870692,0.93665597,-0.13849904,0.99012161,-0.02184509,-0.92890423,-0.12222337,0.34956867,0.01357949,0.00196421,-0.00426161
0.343369036,0.0684904837,0.936699852,-0.138426251,0.990135981,-0.021654334,-0.928943342,-0.122228437,0.34946292,0.0077127777,-0.000630915165,0.000532837119
0.34290997,0.06816406,0.93689189,-0.13829246,0.9901597,-0.02142344,-0.9291329,-0.12221877,0.34896221,0.00717941,0.00147295,0.00995801
0.34262579,0.06802739,0.93700576,-0.13826553,0.99016551,-0.02132862,-0.92924172,-0.12224787,0.34866208,0.00188911,0.00115538,0.00738018
0.34210085,0.06777766,0.93721561,-0.13826191,0.99017008,-0.0211391,-0.92943561,-0.12234953,0.3481091,-0.00445785,-0.00365674,-0.00342085
0.341772678,0.0675698494,0.937350395,-0.138231916,0.990177725,-0.0209764324,-0.929560856,-0.122402568,0.347756002,-0.00955047831,0.000941634178,-0.011173618
0.34167424,0.06750134,0.93739121,-0.13829235,0.99017101,-0.02089516,-0.92958804,-0.12249469,0.34765085,-0.0047253,0.0010066,-0.01026372
0.34140058,0.06724328,0.93750946,-0.13824605,0.99018203,-0.02067798,-0.92969548,-0.1225475,0.34734484,-0.0073491,0.00397205,-0.00314304
0.34112683,0.06703288,0.93762406,-0.1381525,0.99019819,-0.02052883,-0.92980975,-0.12253219,0.34704393,-0.0029603,-0.00261652,0.00640253
0.34112683,0.06703288,0.93762406,-0.1381525,0.99019819,-0.02052883,-0.92980975,-0.12253219,0.34704393,-0.0029603,-0.00261652,0.00640253
0.34054649,0.06697668,0.93783912,-0.13802338,0.99021475,-0.02059833,-0.93004174,-0.12242904,0.3464585,,,
0.34024005,0.06713096,0.93793927,-0.13798769,0.99021515,-0.02081708,-0.93015915,-0.12234128,0.3461741,,,
0.34018537,0.06718128,0.93795552,-0.13800394,0.99021174,-0.02087175,-0.93017675,-0.1223413,0.34612682,-0.00483943,-0.00225145,-0.00490358
0.33997727,0.06735647,0.93801845,-0.13795507,0.99021363,-0.02110375,-0.93026013,-0.12222959,0.3459423,0.00162385,0.00341034,-0.00372044
0.33962682,0.06748743,0.9381359,-0.13786877,0.99022096,-0.02132265,-0.93040085,-0.1220979,0.34561001,0.00147517,0.00149989,0.00458539
0.33942962,0.0674935,0.9382069,-0.13784774,0.99022299,-0.02136416,-0.93047599,-0.12207806,0.34541484,,,
0.33912292,0.06764802,0.93830669,-0.13781167,0.99022327,-0.02158307,-0.93059316,-0.1219903,0.34513009,,,
0.33866273,0.06783222,0.93845956,-0.13780468,0.99021852,-0.02184368,-0.93076174,-0.12192647,0.34469771,0.0058848,0.00276351,-0.00478606
0.33841062,0.06793652,0.93854287,-0.13775222,0.99022218,-0.022008,-0.93086112,-0.12183864,0.34446011,0.00707984,0.00349104,-0.00833994
0.33801582,0.06799673,0.93868077,-0.13766233,0.99023131,-0.02215925,-0.93101784,-0.12173082,0.34407444,,,
0.33763162,0.06793546,0.93882353,-0.13755335,0.99024582,-0.02218782,-0.93117341,-0.12164702,0.34368305,,,
0.33748879,0.06789127,0.93887813,-0.13751595,0.99025131,-0.02217468,-0.93123076,-0.12162701,0.34353485,0.00488865,0.00118256,0.00458449
0.33710456,0.06778228,0.93902406,-0.13745424,0.99026075,-0.02213541,-0.93137906,-0.12161088,0.34313837,,,
0.33681901,0.06769404,0.93913283,-0.13737951,0.99027171,-0.02210919,-0.93149333,-0.12157081,0.34284211,,,
0.336522555,0.0676796714,0.939240092,-0.137371138,0.990272226,-0.0221379146,-0.931601664,-0.121574581,0.342546174,-0.00480794534,0.00242137909,-5.07868826e-05
0.3359843,0.0676006,0.93943851,-0.1373383,0.99027672,-0.02214066,-0.93180081,-0.12158198,0.34200158,,,
0.33540177,0.06749836,0.93965388,-0.13725488,0.99028822,-0.02214359,-0.93202282,-0.1215451,0.3414089,0.0016408,0.00198877,-0.00644308
0.33511568,0.06741029,0.93976233,-0.13717998,0.99029918,-0.0221175,-0.93213681,-0.12150466,0.34111213,0.00118007,0.00322258,-0.00826159
0.33454339,0.06728254,0.93997541,-0.13698252,0.99032615,-0.02213362,-0.93237143,-0.12135554,0.3405236,-0.00111758,0.00340784,-0.00429585
0.33388271,0.06706054,0.94022616,-0.13673144,0.99036201,-0.02208186,-0.93264509,-0.12118572,0.33983403,,,
0.33350806,0.06692652,0.94036863,-0.13655524,0.99038689,-0.02205612,-0.9328049,-0.12105638,0.33944118,-0.0060562,-0.00202912,0.00821427
0.33233999,0.06686771,0.94078626,-0.13624448,0.99042498,-0.02226644,-0.93326712,-0.12077691,0.33826819,,,
0.3308076,0.06701659,0.94131559,-0.13591049,0.99045983,-0.02275222,-0.93386005,-0.12040806,0.3367599,,,
0.33017818,0.06698916,0.94153854,-0.1356797,0.99048826,-0.02289179,-0.93411637,-0.12018929,0.33612667,,,
0.32931604,0.06687274,0.94184869,-0.13530971,0.99053592,-0.02301877,-0.93447429,-0.11986083,0.3352479,,,
0.32817799,0.06686565,0.94224626,-0.13516061,0.99055163,-0.02321808,-0.93489606,-0.11973494,0.33411484,,,
0.32762531,0.06695871,0.94243209,-0.13509639,0.9905558,-0.02341318,-0.93509929,-0.11964841,0.33357703,,,
0.32697283,0.06707989,0.94265002,-0.13499682,0.99056342,-0.02366371,-0.93534199,-0.11951736,0.3329429,,,
0.326563819,0.067168323,0.942785472,-0.135018024,0.990557168,-0.0238039989,-0.935481781,-0.119519511,0.332549067,-0.000783064868,0.000968337059,-0.0080440538
0.32575615,0.06732017,0.94305399,-0.134946,0.99055989,-0.02409743,-0.9357737,-0.11941149,0.33176556,0.00499268,0.00281119,-0.00582672
0.325058296,0.0674675107,0.943284252,-0.134746736,0.990579208,-0.0244161521,-0.936045064,-0.119167808,0.331087017,0.00724267308,0.00232708454,-0.00084542064
0.324670014,0.0674094363,0.943422194,-0.134635149,0.990593634,-0.0244464872,-0.936195943,-0.119080737,0.330691727,0.00910642743,0.00282537937,0.000646750443
0.32400385,0.06714353,0.94367015,-0.13442892,0.99062453,-0.02432898,-0.93645634,-0.11897387,0.3299922,,,
0.32385952,0.06710056,0.94372274,-0.13439073,0.99063002,-0.02431658,-0.93651174,-0.11895242,0.32984265,,,
0.32371517,0.06696085,0.94378206,-0.13444851,0.99062579,-0.02416885,-0.93655321,-0.11906629,0.32968338,,,
0.32337115,0.06682894,0.94390939,-0.13448349,0.9906236,-0.02406401,-0.93666708,-0.11915863,0.32932648,,,
0.32327131,0.06680869,0.94394497,-0.13449602,0.9906222,-0.0240517,-0.9366997,-0.11918163,0.32922524,,,
0.32277189,0.06675566,0.9441197,-0.13451087,0.99062004,-0.02405751,-0.93686987,-0.11922927,0.32872367,,,
0.32237233,0.0667230168,0.944258443,-0.134512996,0.990619304,-0.0240758727,-0.937007056,-0.119253649,0.328323367,0.00027203327,0.00303721428,-0.0093289325
0.322272421,0.0667026989,0.94429405,-0.134525609,0.990617893,-0.0240634711,-0.937039681,-0.119276737,0.328222048,-0.000549538527,0.00284361839,-0.00963154249
0.3221725,0.06668247,0.9443295,-0.13453811,0.99061649,-0.02405122,-0.93707217,-0.11929967,0.32812073,,,
0.32203851,0.06651772,0.94438683,-0.13448178,0.99062741,-0.02391602,-0.93712632,-0.11930096,0.3279656,,,
0.32189394,0.06647485,0.94443917,-0.13444354,0.9906329,-0.02390373,-0.93718151,-0.11927929,0.32781584,,,
0.32179399,0.06645459,0.94447467,-0.1344561,0.99063149,-0.02389143,-0.93721405,-0.11930226,0.32771449,,,
0.32159408,0.06646253,0.94454216,-0.13443309,0.99063358,-0.02393448,-0.93728593,-0.11928055,0.32751666,,,
0.32154943,0.06639149,0.94456241,-0.13443038,0.99063558,-0.02386688,-0.93730169,-0.1193035,0.32746334,,,
0.32134947,0.06639951,0.94462987,-0.13440739,0.99063765,-0.02391002,-0.93737353,-0.11928177,0.32726547,,,
0.32104948,0.06643569,0.94472935,-0.13434882,0.99064322,-0.02400841,-0.93748474,-0.11921538,0.32697105,-0.00364794,-0.00347769,-0.00119091
0.32073877,0.06654533,0.9448271,-0.13435606,0.9906385,-0.02416228,-0.93758998,-0.11919348,0.32667694,,,
0.32068342,0.06664456,0.94483895,-0.13432324,0.99063995,-0.02428512,-0.93761368,-0.11912599,0.32663371,,,
0.32067273,0.06671803,0.94483734,-0.13438924,0.99062963,-0.02434058,-0.93760782,-0.11917063,0.32663409,0.00400397,0.00296795,-0.00563578
0.32062806,0.06669541,0.94485415,-0.1343384,0.99063653,-0.02434052,-0.93763043,-0.11912594,0.32658562,,,
0.32052802,0.06672365,0.94488608,-0.1343028,0.99064,-0.02439586,-0.93766972,-0.11908129,0.32648905,,,
0.32052802,0.06672365,0.94488608,-0.1343028,0.99064,-0.02439586,-0.93766972,-0.11908129,0.32648905,,,
0.32047265,0.06677449,0.9449012,-0.13431795,0.99063657,-0.02445127,-0.93768641,-0.11908125,0.32644095,,,
0.32031708,0.06685365,0.94494848,-0.13429755,0.9906366,-0.02456204,-0.93774261,-0.11903661,0.32629611,,,
0.320261709,0.0668560049,0.944967026,-0.134360809,0.990628324,-0.0245498846,-0.937752408,-0.119104149,0.326243147,0.00419270433,0.000700831413,-0.00527164433
0.320261709,0.0668560049,0.944967026,-0.134360809,0.990628324,-0.0245498846,-0.937752408,-0.119104149,0.326243147,0.00472224969,0.00271868706,-0.000283726025
0.32011695,0.06681324,0.94501916,-0.13432248,0.99063383,-0.02453765,-0.93780739,-0.11908238,0.3260932,,,
0.32001688,0.06679307,0.94505443,-0.1343349,0.99063244,-0.02452551,-0.93783971,-0.11910522,0.32599174,,,
0.319916793,0.0667728183,0.945089689,-0.134347398,0.990631049,-0.0245132758,-0.93787201,-0.119128144,0.325890264,-0.000839177403,0.00343644619,-0.00506313937
0.31962718,0.06668743,0.94519375,-0.1342706,0.99064206,-0.02448899,-0.93798179,-0.11908439,0.32559029,,,
0.31952707,0.0666187,0.94523241,-0.13433122,0.99063581,-0.02440925,-0.93800719,-0.11917481,0.32548393,,,
0.31948235,0.06654771,0.94525254,-0.13432849,0.99063784,-0.02434174,-0.93802282,-0.1191976,0.32543056,,,
0.31923723,0.06648481,0.94533984,-0.13430248,0.99064197,-0.02431748,-0.93811006,-0.11919844,0.32517887,,,
0.31903694,0.06649299,0.94540683,-0.13427919,0.99064406,-0.0243608,-0.93818148,-0.11917647,0.32498067,,,
0.31899219,0.06642198,0.94542688,-0.13427648,0.99064608,-0.02429329,-0.93819704,-0.11919923,0.32492728,,,
0.31884728,0.06637937,0.94547876,-0.13423812,0.99065158,-0.02428122,-0.9382518,-0.1191773,0.3247772,,,
0.31884728,0.06637937,0.94547876,-0.13423812,0.99065158,-0.02428122,-0.9382518,-0.1191773,0.3247772,,,
0.31879185,0.06638168,0.94549733,-0.13430141,0.9906433,-0.0242691,-0.93826162,-0.11924484,0.32472417,,,
0.31869168,0.06641004,0.94552917,-0.1342657,0.99064678,-0.0243245,-0.93830082,-0.11920011,0.32462747,,,
0.318591493,0.0663899044,0.945564272,-0.134278082,0.990645396,-0.0243124679,-0.938332995,-0.119222816,0.324525905,0.00411506463,0.000663399696,0.00384168886
0.31853606,0.06639216,0.94558277,-0.1343414,0.99063711,-0.02430032,-0.93834273,-0.1192904,0.32447286,,,
0.318435865,0.0664205511,0.94561452,-0.134305643,0.990640596,-0.0243557652,-0.938381854,-0.119245627,0.324376151,0.0049536638,0.002202034,-0.000228304882
0.318180004,0.0664311233,0.945699831,-0.134345512,0.990634417,-0.0243871383,-0.938462865,-0.119291051,0.324124788,0.00542816659,0.00231862068,0.00072017312
0.318024335,0.0664617553,0.945750109,-0.134372987,0.990629624,-0.024430458,-0.938511766,-0.119313796,0.323974993,0.00468111504,0.00364637375,0.000118884258
0.31787932,0.06637062,0.94580519,-0.13438267,0.99063027,-0.02435098,-0.93855944,-0.11935918,0.32381994,0.00300922,0.00246108,-0.00366447
0.31777908,0.06625335,0.9458471,-0.13449144,0.99061911,-0.024204,-0.9385778,-0.11951684,0.32370854,,,
0.31773429,0.06618229,0.94586718,-0.13448883,0.99062111,-0.02413644,-0.9385934,-0.11953961,0.32365508,,,
0.31745469,0.06587814,0.94598229,-0.13449063,0.99062769,-0.02385461,-0.93868775,-0.11965301,0.32333941,,,
0.3173096,0.06578701,0.94603736,-0.13450036,0.99062828,-0.02377519,-0.93873547,-0.11969827,0.32318424,,,
0.31716436,0.06569581,0.94609238,-0.13451005,0.99062887,-0.02369575,-0.93878314,-0.11974349,0.32302892,,,
0.31706406,0.06572424,0.94612406,-0.13447426,0.9906324,-0.02375123,-0.93882218,-0.11969867,0.32293215,,,
0.31696376,0.06575269,0.94615573,-0.13443846,0.99063593,-0.0238067,-0.93886121,-0.11965385,0.32283537,,,
0.31675246,0.06583429,0.94622081,-0.13448094,0.99062778,-0.02390573,-0.93892644,-0.11967645,0.32263724,,,
0.31669697,0.06593374,0.94623243,-0.13444775,0.99062931,-0.02402866,-0.93894988,-0.11960902,0.32259394,,,
0.316596633,0.0659622247,0.946264007,-0.134411892,0.990632826,-0.0240841793,-0.938988833,-0.119564164,0.322497124,0.00540841976,0.000305533409,-0.00255930773
0.31644079,0.06599302,0.94631394,-0.13443923,0.99062805,-0.02412782,-0.9390374,-0.1195867,0.32234717,0.00557851,0.00117409,-0.00168975
0.316385275,0.0660438976,0.946328959,-0.134454245,0.990624663,-0.0241833175,-0.939053966,-0.119586707,0.322298939,0.00478985207,0.00177752972,-0.00060485478
0.31628491,0.06607241,0.94636059,-0.13441846,0.99062816,-0.02423881,-0.93909297,-0.11954195,0.32220209,0.00435789,0.00342488,-0.00182431
0.316139698,0.0660299246,0.946412029,-0.134379907,0.990633685,-0.0242269161,-0.939147337,-0.119519672,0.322051729,0.0064681042,0.00213265419,0.000179257244
0.316039324,0.0660098145,0.946446919,-0.134392252,0.990632301,-0.0242150104,-0.939179317,-0.119542245,0.321949971,0.0027511809,0.000828385353,-0.00432818802
0.31603932,0.06596121,0.94645033,-0.13444049,0.9906274,-0.0241476,-0.93917244,-0.11960966,0.32194507,,,
0.31589408,0.06582146,0.94650857,-0.13449847,0.9906231,-0.02400083,-0.93921303,-0.11972223,0.32178486,,,
0.31574883,0.06577891,0.9465599,-0.13445989,0.99062862,-0.0239889,-0.9392673,-0.11969989,0.32163445,,,
0.315603547,0.0656878032,0.946614698,-0.134469621,0.99062922,-0.0239095953,-0.939314748,-0.11974498,0.32147911,-0.00374314911,0.000658512115,-0.00425953791
0.31550313,0.06566772,0.94664962,-0.13448196,0.99062783,-0.02389774,-0.93934677,-0.11976749,0.32137731,,,
0.31530228,0.06567619,0.94671584,-0.13445833,0.99062998,-0.0239415,-0.93941748,-0.11974505,0.3211786,,,
0.31524673,0.06572707,0.9467309,-0.13447333,0.9906266,-0.023997,-0.93943407,-0.11974509,0.32113034,,,
0.31524673,0.06572707,0.9467309,-0.13447333,0.9906266,-0.023997,-0.93943407,-0.11974509,0.32113034,,,
0.31509073,0.06580651,0.94677725,-0.13445235,0.99062675,-0.02410811,-0.93948934,-0.1197002,0.32098515,,,
0.31488967,0.06581506,0.94684365,-0.13442876,0.99062889,-0.02415189,-0.93956024,-0.11967783,0.32078624,,,
0.31483411,0.06586599,0.94685856,-0.13444366,0.99062551,-0.02420751,-0.93957669,-0.11967778,0.32073796,,,
0.31443218,0.06583433,0.9469943,-0.13444462,0.99062489,-0.02422761,-0.93971113,-0.11970035,0.32033541,,,
0.31438713,0.06576327,0.94701423,-0.13444197,0.99062689,-0.02416018,-0.93972662,-0.11972281,0.32028169,,,
0.31409625,0.06558114,0.94712337,-0.13446137,0.99062811,-0.02400184,-0.9398211,-0.11981262,0.31997071,,,
0.31383959,0.06554326,0.94721105,-0.13454916,0.99061704,-0.02396659,-0.93989426,-0.11992479,0.31971364,,,
0.31368344,0.06557413,0.94726061,-0.13457631,0.99061229,-0.02401048,-0.93994247,-0.11994716,0.31956339,,,
0.31368344,0.06552544,0.94726395,-0.13462463,0.99060736,-0.02394314,-0.93993552,-0.1200145,0.31955846,,,
0.31363849,0.06550311,0.94728042,-0.13457375,0.99061427,-0.02394308,-0.93995785,-0.11996961,0.31950976,,,
0.31358287,0.06550542,0.94729863,-0.13463696,0.99060596,-0.02393145,-0.93996731,-0.12003693,0.31945652,,,
0.31348231,0.06553403,0.94732997,-0.13460096,0.99060951,-0.02398702,-0.94000604,-0.11999202,0.3193595,,,
0.31338174,0.06551401,0.94736463,-0.1346132,0.99060813,-0.02397534,-0.94003782,-0.12001436,0.31925755,,,
0.31302435,0.06555344,0.94748004,-0.1346165,0.99060555,-0.02406316,-0.94015641,-0.1200141,0.31890823,,,
0.31307998,0.06550251,0.94746518,-0.13460164,0.99060892,-0.02400753,-0.94014001,-0.1200141,0.31895657,,,
0.31297938,0.06548245,0.94749982,-0.13461393,0.99060754,-0.02399581,-0.94017177,-0.12003648,0.31885458,,,
0.31283379,0.06544014,0.94755083,-0.13457526,0.99061307,-0.02398411,-0.94022576,-0.12001387,0.31870387,,,
0.31262188,0.06552196,0.94761516,-0.13461722,0.99060496,-0.02408371,-0.94029028,-0.12003622,0.31850517,0.00333799,0.00159872,-0.00441213
0.31237561,0.06545967,0.94770053,-0.13459073,0.99060912,-0.02406045,-0.94037578,-0.12003583,0.3182524,,,
0.312375613,0.0654596743,0.947700532,-0.134590726,0.99060912,-0.0240604491,-0.940375778,-0.120035827,0.318252398,0.00277782208,0.00503659248,-0.000728786923
0.31228562,0.0653177,0.94774006,-0.1345856,0.99061308,-0.02392579,-0.94040647,-0.1200805,0.31814504,,,
0.3119278,0.06530863,0.94785847,-0.13463717,0.99060557,-0.02394664,-0.9405178,-0.12014737,0.31779038,0.0022287,0.0013603,-0.00437037
0.31188265,0.0652376,0.94787831,-0.13463456,0.99060755,-0.0238793,-0.94053324,-0.12016964,0.31773654,,,
0.31173694,0.0651954,0.94792915,-0.13459582,0.99061309,-0.02386774,-0.94058709,-0.12014684,0.31758572,,,
0.31169191,0.06512438,0.94794889,-0.1345933,0.99061505,-0.02380038,-0.94060243,-0.12016917,0.31753201,,,
0.31147984,0.0651575,0.94801629,-0.13468351,0.99060201,-0.02383287,-0.94065973,-0.12025869,0.3173282,,,
0.311334084,0.0651640745,0.94806369,-0.13459637,0.990612514,-0.0238885942,-0.940720434,-0.120168594,0.317182287,-0.00787292793,0.00355935097,0.00028241612
0.31133408,0.06516407,0.94806369,-0.13459637,0.99061251,-0.02388859,-0.94072043,-0.12016859,0.31718229,,,
0.31128904,0.06514187,0.94808002,-0.13454543,0.99061943,-0.02388858,-0.94074264,-0.12012357,0.31713352,,,
0.31123335,0.06524161,0.94809143,-0.1345118,0.99062103,-0.02401156,-0.94076586,-0.12005628,0.31709007,,,
0.31098681,0.06517944,0.94817661,-0.13448525,0.99062519,-0.02398841,-0.94085118,-0.12005569,0.31683705,,,
0.31071891,0.06531238,0.94825524,-0.13454178,0.99061374,-0.02414399,-0.94093157,-0.12007796,0.31658967,0.00451406,0.00145817,-0.0017788
0.31061814,0.06534121,0.9482862,-0.13450551,0.9906173,-0.02419976,-0.94096996,-0.12003285,0.31649246,0.00140614,0.00856066,-0.00479783
0.31057308,0.06527022,0.94830591,-0.13450291,0.9906193,-0.02413246,-0.94098526,-0.12005502,0.31643872,,,
0.31047229,0.06525022,0.94834027,-0.13451511,0.99061792,-0.02412091,-0.94101676,-0.12007723,0.31633656,0.0046225,0.00311697,-0.00313988
0.31047229,0.06525022,0.94834027,-0.13451511,0.99061792,-0.02412091,-0.94101676,-0.12007723,0.31633656,,,
0.31038215,0.0651083,0.94837954,-0.13451001,0.99062188,-0.02398639,-0.94104723,-0.1201216,0.31622907,,,
0.31033708,0.06498855,0.94840249,-0.13455587,0.9906189,-0.02385192,-0.94105553,-0.120211,0.31617036,,,
0.310236268,0.065017365,0.948433505,-0.134519647,0.990622475,-0.0239076265,-0.941093957,-0.120165937,0.316073134,-0.00522541394,0.00138223171,-0.000332908006
0.31018054,0.06501951,0.94845162,-0.13458284,0.99061417,-0.02389607,-0.94110332,-0.12023322,0.31601975,,,
0.31003463,0.06497742,0.94850217,-0.13454401,0.99061972,-0.02388462,-0.94115692,-0.12021023,0.31586875,,,
0.3099338,0.06495747,0.94853642,-0.13455615,0.99061835,-0.02387318,-0.94118832,-0.12023233,0.31576654,,,
0.30972147,0.06499065,0.94860354,-0.1346462,0.99060532,-0.02390595,-0.94124537,-0.12032169,0.31556249,0.00271043,0.0024761,-0.00357618
0.30976657,0.06506156,0.948584,-0.13464879,0.99060335,-0.02397311,-0.94123021,-0.12029963,0.31561626,,,
0.30976657,0.06501278,0.94858725,-0.13469717,0.99059839,-0.02390596,-0.9412232,-0.12036678,0.31561131,,,
0.30956472,0.0650217,0.94865264,-0.13467313,0.99060059,-0.02395027,-0.94129315,-0.12034387,0.31541167,,,
0.30940809,0.06505269,0.94870156,-0.1347,0.99059587,-0.02399455,-0.94134075,-0.12036601,0.31526098,,,
0.30925145,0.06513254,0.94874714,-0.13467839,0.9905961,-0.02410606,-0.9413953,-0.12032092,0.31511523,,,
0.30920621,0.06506154,0.94876683,-0.13467581,0.99059808,-0.02403883,-0.94141061,-0.12034299,0.31506129,,,
0.30916109,0.06503942,0.9487831,-0.13462484,0.99060501,-0.02403881,-0.94143276,-0.1202979,0.31501245,,,
0.309004421,0.0650704556,0.948831983,-0.13465166,0.990600289,-0.0240831388,-0.941480338,-0.120320003,0.314861714,0.00575247221,0.000278711319,0.00139583647
0.30890352,0.06505053,0.94886618,-0.13466377,0.99059892,-0.02407175,-0.94151169,-0.12034205,0.31475944,,,
0.308746817,0.0650815891,0.948915036,-0.134690551,0.990594199,-0.0241161402,-0.941559246,-0.120364112,0.314608681,0.00796735566,-0.000942230225,-0.00423379755
0.308645895,0.0650616572,0.948949216,-0.134702661,0.990592829,-0.0241047585,-0.941590583,-0.120386158,0.314506389,0.000349676237,0.00221502781,-0.00493096281
0.30849983,0.06501962,0.94899964,-0.1346638,0.99059839,-0.02409334,-0.94164406,-0.12036311,0.31435522,,,
0.30861142,0.06486876,0.94897364,-0.13468296,0.99060012,-0.02391458,-0.9416047,-0.12043028,0.31444723,,,
0.30856628,0.06484664,0.94898982,-0.13463199,0.99060705,-0.02391454,-0.94162678,-0.12038518,0.31439836,,,
0.3083644,0.06480677,0.94905815,-0.13465624,0.9906043,-0.02389177,-0.94168943,-0.12042924,0.31419374,,,
0.30815183,0.0648889,0.94912163,-0.1346977,0.99059624,-0.02399203,-0.94175313,-0.12045131,0.31399442,,,
0.30810667,0.06486685,0.94913772,-0.13464665,0.99060318,-0.02399208,-0.94177513,-0.12040611,0.31394555,0.00103006,0.00119376,-0.0066093
0.30796054,0.06477591,0.94919142,-0.13465624,0.99060378,-0.02391346,-0.94182162,-0.12045015,0.31378936,,,
0.30785956,0.06475592,0.94922549,-0.1346684,0.9906024,-0.02390204,-0.94185284,-0.12047222,0.313687,,,
0.30785956,0.06475592,0.94922549,-0.1346684,0.9906024,-0.02390204,-0.94185284,-0.12047222,0.313687,,,
0.30764692,0.06488697,0.94928551,-0.13466119,0.99059932,-0.02406956,-0.94192338,-0.120427,0.31349259,,,
0.307591093,0.0649379498,0.949300077,-0.134675822,0.990595976,-0.0241253492,-0.941939486,-0.120427041,0.313444072,0.000435469439,0.00349485874,-0.00531512173
0.30759109,0.06493795,0.94930008,-0.13467582,0.99059598,-0.02412535,-0.94193949,-0.12042704,0.31344407,0.00475232,0.00294697,0.0018235
0.30750074,0.06489392,0.94933238,-0.13457373,0.99060985,-0.02412541,-0.9419836,-0.12033663,0.31334628,,,
0.30745556,0.06482295,0.94935186,-0.13457125,0.99061182,-0.02405821,-0.9419987,-0.12035865,0.31329242,,,
0.30739973,0.064874,0.94936642,-0.13458581,0.99060848,-0.02411409,-0.9420148,-0.12035861,0.3132439,,,
0.307242862,0.0649051151,0.949415078,-0.134612497,0.990603773,-0.0241585917,-0.942062174,-0.120380596,0.31309298,0.00486868015,0.000431537628,-0.00145099976
0.30708583,0.0649852,0.9494605,-0.13459068,0.99060401,-0.02427032,-0.94211658,-0.12033546,0.31294686,,,
0.306883734,0.0649454032,0.94952852,-0.134614808,0.990601282,-0.0242477261,-0.942178948,-0.120379373,0.312742034,0.000269109383,0.00387370586,-0.00450960128
0.30689439,0.06482344,0.94953344,-0.13459774,0.9906066,-0.02412473,-0.94217794,-0.12040131,0.3127367,,,
0.306894391,0.064774502,0.94953676,-0.134646299,0.990601639,-0.0240575581,-0.942170987,-0.120468485,0.312731734,0.00617371174,-0.000160098076,-0.000850616954
0.30683853,0.06477659,0.9495547,-0.13470945,0.99059333,-0.02404622,-0.94218019,-0.12053568,0.31267822,,,
0.30674799,0.06463471,0.94959363,-0.13470436,0.99059727,-0.02391198,-0.9422104,-0.12057945,0.3125703,,,
0.30669213,0.06468572,0.94960818,-0.13471894,0.99059394,-0.02396783,-0.94222648,-0.12057947,0.31252176,,,
0.30654584,0.06464383,0.94965829,-0.13467998,0.99059951,-0.02395657,-0.94227968,-0.12055616,0.31237039,,,
0.30638888,0.06467495,0.94970681,-0.13470662,0.99059481,-0.02400115,-0.94232691,-0.12057811,0.31221938,0.00616151,0.0012182,-0.00187247
0.306388884,0.064674946,0.949706811,-0.134706618,0.990594807,-0.0240011483,-0.942326908,-0.120578106,0.312219381,0.000918095699,0.00502252579,-0.00213083718
0.30628779,0.06470401,0.94973746,-0.13467011,0.99059842,-0.02405704,-0.94236501,-0.12053287,0.31212189,0.00417556,0.00313818,-0.00491166
0.30623191,0.06470613,0.94975531,-0.13473319,0.99059011,-0.02404583,-0.94237413,-0.12059996,0.31206836,,,
0.3061308,0.0646862,0.94978928,-0.13474529,0.99058874,-0.02403452,-0.94240527,-0.12062192,0.31196588,,,
0.30602968,0.06466632,0.94982317,-0.13475732,0.99058737,-0.02402331,-0.94243634,-0.12064379,0.3118634,,,
0.30592856,0.06464641,0.94985712,-0.1347694,0.990586,-0.02401206,-0.94246747,-0.1206657,0.31176091,,,
0.30587267,0.06464855,0.9498749,-0.13483244,0.99057769,-0.02400091,-0.94247651,-0.12073274,0.31170736,,,
0.30577152,0.06462869,0.94990884,-0.13484456,0.99057632,-0.02398969,-0.94250763,-0.12075469,0.31160486,,,
0.30572628,0.0646067,0.94992494,-0.13479353,0.99058326,-0.02398968,-0.94252964,-0.12070946,0.31155591,,,
0.30562514,0.06463581,0.94995548,-0.13475696,0.99058688,-0.02404562,-0.94256765,-0.12066418,0.31145838,,,
0.30552398,0.06461592,0.94998934,-0.134769,0.99058551,-0.02403442,-0.94259869,-0.12068604,0.31135586,-0.00346847,0.00401616,-0.00145255
0.30541216,0.06471802,0.95001836,-0.13479802,0.99057885,-0.02414622,-0.94263079,-0.12068605,0.31125869,,,
0.305311,0.06474709,0.95004895,-0.1347614,0.99058247,-0.02420212,-0.94266885,-0.12064075,0.31116113,,,
0.30516457,0.06465631,0.95010213,-0.13477093,0.99058308,-0.02412386,-0.94271486,-0.12068441,0.31100465,,,
0.30496219,0.06466557,0.95016647,-0.13474635,0.99058533,-0.02416864,-0.94278385,-0.12066096,0.31080452,,,
0.30496219,0.06466557,0.95016647,-0.13474635,0.99058533,-0.02416864,-0.94278385,-0.12066096,0.31080452,,,
0.304962187,0.064665572,0.950166471,-0.134746355,0.99058533,-0.0241686378,-0.942783845,-0.120660959,0.31080452,0.00196375232,0.000289797783,-0.00536859827
0.304860985,0.0645967146,0.950203688,-0.134806996,0.990578986,-0.0240903657,-0.942807965,-0.120749891,0.310696975,0.00378518132,-0.00408613682,-0.000555991894
0.3047145,0.06455493,0.9502535,-0.13476793,0.99058457,-0.02407923,-0.94286089,-0.12072641,0.31054542,,,
0.30461328,0.06448604,0.95029057,-0.13482857,0.99057822,-0.02400098,-0.94288486,-0.12081532,0.31043784,,,
0.30435472,0.06449744,0.95037274,-0.13486711,0.99057216,-0.0240347,-0.94296295,-0.12085895,0.31018389,,,
