0,1,2,3,4,5,6,7,8,9,10,11,12,13,14
-0.57376902,-0.16480852,0.80226385,0.27941218,-0.96016778,0.00258546,0.76988179,0.22564575,0.59696402,,,,,,
-0.57369231,-0.16481581,0.80231719,0.27939474,-0.96017296,0.00253632,0.76994525,0.22561827,0.59689253,-0.00451389,-0.00671184,0.00236591,,,
-0.57369231,-0.16481581,0.80231719,0.27939474,-0.96017296,0.00253632,0.76994525,0.22561827,0.59689253,-0.00265355,-0.00253814,0.0046842,,,
-0.57356627,-0.16486678,0.80239667,0.27940345,-0.96017052,0.00243792,0.77003583,0.22559073,0.59678604,-0.00418194,-0.00277221,-0.00154952,,,
-0.57351738,-0.16491044,0.80242293,0.27942968,-0.96016332,0.00238879,0.77006303,0.22559078,0.59675102,,,,,,
-0.57344049,-0.16488126,0.8024837,0.27944717,-0.96015798,0.00241035,0.77011375,0.225634,0.59666915,,,,,,
-0.573363816,-0.164852082,0.80254452,0.279464726,-0.960152867,0.00243196816,0.770164516,0.225677288,0.596587273,-0.000821258873,-0.0024895072,-0.00582961552,,,
-0.57336365,-0.16481557,0.80255197,0.27949974,-0.96014232,0.00250276,0.77015176,0.22574808,0.5965769,,,,,,
-0.57325943,-0.16471359,0.80264739,0.27950864,-0.96013952,0.00259508,0.77022615,0.22583455,0.59644813,-0.00942307,-0.00420207,-0.00107501,,,
-0.57310584,-0.16469179,0.80276155,0.27950876,-0.96013958,0.0025674,0.77034041,0.22585029,0.5962946,-0.00692067,-0.00336039,-0.00300505,,,
-0.573029191,-0.16466257,0.802822349,0.279526309,-0.960134504,0.00258901893,0.770391153,0.225893556,0.596212678,-0.006022844,-0.00474768877,-0.000806489727,,,
-0.57292493,-0.16459709,0.80291023,0.27950019,-0.9601421,0.00261054,0.77047822,0.2259092,0.59609425,-0.00252651,-0.00635779,-0.00216341,,,
-0.57287562,-0.16464071,0.80293638,0.27952638,-0.96013451,0.00256137,0.77050529,0.22590925,0.59605921,-0.00297452,-0.00436443,0.00147735,,,
-0.572798908,-0.164648066,0.802989658,0.279508874,-0.9601398,0.00251213391,0.770568729,0.225881685,0.595987659,-0.00782957301,-0.00340610743,-0.000258525601,,,
-0.57279891,-0.16464807,0.80298966,0.27950887,-0.9601398,0.00251213,0.77056873,0.22588169,0.59598766,-0.00377619,-0.00325936,0.0019999,,,
-0.57279891,-0.16464807,0.80298966,0.27950887,-0.9601398,0.00251213,0.77056873,0.22588169,0.59598766,-0.00503433,-0.00376338,0.0028145,,,
-0.57274954,-0.16472824,0.80300829,0.27949997,-0.96014255,0.00239212,0.77060851,0.2258109,0.595963,,,,,,
-0.57270048,-0.16473541,0.80304198,0.27956117,-0.96012486,0.00241364,0.77062294,0.22588165,0.59591758,-0.00708979,-0.00319499,-0.00265292,,,
-0.57270048,-0.16473541,0.80304198,0.27956117,-0.96012486,0.00241364,0.77062294,0.22588165,0.59591758,-0.00415813,-0.00491023,-0.0027681,,,
-0.5726294,-0.16489557,0.80305964,0.27962206,-0.96010737,0.00224438,0.77065351,0.22583841,0.59589439,,,,,,
-0.57250336,-0.16498312,0.80313151,0.27959562,-0.96011545,0.00207512,0.77075674,0.22574009,0.59579812,-0.00361858,0.00106883,-0.00579823,,,
-0.57245427,-0.16502679,0.80315769,0.27962178,-0.9601081,0.0020259,0.77078387,0.22574012,0.59576306,0.00329219,-0.00542521,-0.00328886,,,
-0.57200056,-0.16580559,0.8033204,0.28008334,-0.95997469,0.00129297,0.77095297,0.22573625,0.59554564,-0.03317493,0.05069911,-0.02235995,,,
-0.57274551,-0.16512064,0.80293071,0.27994528,-0.96001326,0.00226595,0.77044999,0.22607447,0.59606806,-0.06133784,-0.00702536,-0.01113393,,,
-0.57435889,-0.16388378,0.80203113,0.27948211,-0.96014273,0.00395398,0.76941638,0.22642436,0.59726914,0.00182004,-0.00311017,-0.00357885,,,
-0.57509306,-0.16246541,0.80179348,0.2787729,-0.96034198,0.00536049,0.76912513,0.22660109,0.59757714,-0.02397497,-0.05904639,0.03976375,,,
-0.57391169,-0.1609454,0.8029459,0.27708053,-0.96083133,0.00545288,0.77061788,0.22561013,0.59602701,-0.02048288,-0.01286954,0.02542627,,,
-0.570269301,-0.160428037,0.805639932,0.276191484,-0.961093765,0.00411739872,0.773635004,0.224858919,0.592391195,0.000672223046,0.00198197365,0.0485219434,,,
-0.5685559,-0.16046073,0.80684343,0.27630369,-0.96106359,0.00357087,0.77485497,0.22496407,0.5907545,-0.00313261,-0.01525313,0.03869935,,,
-0.56554008,-0.16099555,0.80885389,0.27725022,-0.96079404,0.00261178,0.77672163,0.225732,0.58800383,0.01640338,0.00755978,-0.02674535,,,
-0.5640556,-0.16129136,0.80983103,0.27818268,-0.960525,0.00245251,0.77746742,0.22666433,0.58665805,0.02892254,-0.01315957,-0.00648608,,,
-0.5637019,-0.16126046,0.81008354,0.27846273,-0.96044365,0.00257798,0.77762381,0.22703128,0.58630883,0.02374728,-0.02388144,0.02101268,,,
-0.55997988,-0.16131819,0.81264914,0.28021044,-0.95993503,0.00253152,0.77968218,0.2291304,0.58274769,0.04126184,0.01959467,-0.01548785,,,
-0.5567878,-0.16053421,0.81499436,0.28097302,-0.95971104,0.00291525,0.78169124,0.23061462,0.57946148,0.0476101,0.03426409,-0.06227846,,,
-0.5562706,-0.15887978,0.81567172,0.28092789,-0.9597177,0.00464915,0.78207587,0.23173112,0.57849638,0.04681912,0.00667143,-0.03180136,,,
-0.55613618,-0.15794307,0.81594512,0.28084144,-0.95973754,0.00564033,0.78220236,0.232288,0.57810183,0.04427754,-0.02050215,-0.02262096,,,
-0.55568091,-0.15638416,0.81655546,0.28026797,-0.95989713,0.00689097,0.78273156,0.23268352,0.57722588,0.01525266,0.00555968,-0.00382308,,,
-0.55580866,-0.15475631,0.81677861,0.27931959,-0.96016366,0.00815013,0.78297981,0.23267217,0.57689367,-0.02048651,0.01835978,-0.00317209,,,
-0.55600008,-0.15385376,0.81681881,0.27887307,-0.9602863,0.00894909,0.78300304,0.23276447,0.57682489,-0.02845189,0.01224995,-0.01831195,,,
-0.55611084,-0.15242142,0.81701182,0.2781062,-0.96049707,0.01010702,0.783197,0.23283668,0.57653231,-0.0065939,0.00978851,-0.06608404,,,
-0.55719855,-0.15153023,0.81643629,0.27724727,-0.96073665,0.01090242,0.7827283,0.23242956,0.57733255,0.00547259,0.02861762,-0.06658943,,,
-0.5590049,-0.15083756,0.81532897,0.27673751,-0.96087081,0.01197336,0.78161989,0.23232529,0.57887412,0.01504195,0.0203433,-0.02987619,,,
-0.56406895,-0.14869044,0.81222984,0.27536659,-0.96121799,0.01526886,0.77845963,0.23227366,0.58313766,-0.02565801,-0.01663649,0.03837907,,,
-0.56796058,-0.14628818,0.80995081,0.27392549,-0.96157453,0.01841087,0.77613489,0.23232284,0.58620872,-0.02472847,-0.00644082,0.08440328,,,
-0.56856589,-0.14525862,0.80971151,0.27312572,-0.96178581,0.01924425,0.77597367,0.23209467,0.58651251,-0.01640573,0.01484823,0.07569151,,,
-0.56591551,-0.14332873,0.81190907,0.27158046,-0.96221941,0.0194331,0.77844943,0.23149615,0.58346035,0.03530511,0.03305078,-0.01340418,,,
-0.56245332,-0.14079198,0.81475375,0.26947696,-0.96280613,0.01965359,0.78168295,0.2306116,0.5794739,0.05995742,0.02853394,-0.01004579,,,
-0.56132659,-0.13932185,0.81578282,0.26806507,-0.96319396,0.01995396,0.7829772,0.22988359,0.57801398,0.05637147,0.01918745,0.01376683,,,
-0.55760793,-0.13353647,0.81929321,0.26296187,-0.96456085,0.02175726,0.78735279,0.2275749,0.57296181,0.00483374,0.02169013,0.03364145,,,
-0.55663656,-0.13255063,0.82011327,0.26155824,-0.96494649,0.02156852,0.78850665,0.22651323,0.57179449,0.00438745,0.05096436,0.03069977,,,
-0.5547979,-0.12992299,0.82177798,0.25850521,-0.96576289,0.0218348,0.79080597,0.22454781,0.56938925,0.01017212,-0.02278525,0.03573002,,,
-0.55225001,-0.12776203,0.82383047,0.25537016,-0.96660902,0.02128137,0.79360309,0.22213437,0.56643659,-0.00741005,-0.04673308,0.04459717,,,
-0.55014368,-0.12691374,0.82536939,0.25370589,-0.96706606,0.02040387,0.79559729,0.22062615,0.56422424,-0.02769005,-0.05289137,0.02775582,,,
-0.54575204,-0.12594233,0.82842822,0.25025762,-0.96801751,0.01770125,0.79970364,0.21698096,0.55981548,-0.03159349,-0.04002392,-0.01628312,,,
-0.54242987,-0.12355263,0.8309661,0.24325876,-0.96985176,0.01458913,0.80411137,0.21005336,0.55613174,-0.10000564,-0.04895353,0.06890069,,,
-0.54395698,-0.11985056,0.83050974,0.23592976,-0.97166466,0.01430579,0.80526253,0.20372371,0.5568203,-0.10582845,-0.05661553,0.12445309,,,
-0.54444585,-0.11501551,0.83087299,0.22591732,-0.97405688,0.0132007,0.80779939,0.19489568,0.55630545,-0.09956106,-0.01794803,0.15231301,,,
-0.54143768,-0.10638321,0.83398302,0.20713179,-0.97826499,0.00968604,0.81482605,0.17798879,0.55170504,-0.06703647,0.07132494,0.09046295,,,
-0.54127399,-0.09955264,0.8349323,0.19217441,-0.98133168,0.00757527,0.81859127,0.16455291,0.55030058,-0.11400037,0.27844942,-0.05751933,,,
-0.54084025,-0.09645029,0.83557694,0.18551201,-0.98261926,0.00665224,0.82041256,0.15860737,0.54933307,-0.0233401,0.21881366,-0.10859358,,,
-0.54084025,-0.09645029,0.83557694,0.18551201,-0.98261926,0.00665224,0.82041256,0.15860737,0.54933307,-0.0233401,0.21881366,-0.10859358,,,
-0.54285571,-0.08403256,0.83561113,0.16389171,-0.98645138,0.00727075,0.82367891,0.14089672,0.54927325,-0.08285905,-0.11880285,0.04124549,,,
-0.54797064,-0.0734433,0.83326719,0.14384823,-0.98957223,0.00737718,0.8240363,0.12390649,0.55282126,-0.01391943,-0.0687471,0.02348521,,,
-0.54955123,-0.06729212,0.83274549,0.12957784,-0.99155451,0.00538682,0.82535015,0.1108657,0.55362974,-0.01032564,0.00223279,-0.04200896,,,
-0.55016356,-0.0643844,0.83257122,0.1226689,-0.99243836,0.00431243,0.8259979,0.10450313,0.55390126,0.01040133,0.00536919,-0.06592681,,,
-0.55127563,-0.05876144,0.83225125,0.11045168,-0.99387692,0.0029891,0.82697973,0.09357137,0.55439055,0.02538052,-0.04096317,-0.09154835,,,
-0.55347685,-0.05464498,0.83107008,0.10139544,-0.99484407,0.0021139,0.82666953,0.08543671,0.55616374,0.01121492,-0.07217139,-0.09786059,,,
-0.55416758,-0.05317054,0.83070497,0.09796556,-0.99518815,0.0016548,0.82661999,0.08229753,0.55671033,-0.00773094,-0.06677985,-0.10899206,,,
-0.554583077,-0.0515403707,0.830530493,0.0934606567,-0.995622585,0.000622428037,0.826862997,0.0779671209,0.556972735,0.016598925,-0.0542298555,-0.140272781,,,
-0.55407594,-0.05368703,0.830733,0.09258992,-0.9957008,-0.00259334,0.82730086,0.0754806,0.55666497,0.07433201,-0.03270662,-0.1109378,,,
-0.55527366,-0.05692864,0.82971693,0.09488555,-0.99547654,-0.00480125,0.82623713,0.07606215,0.55816371,0.05434241,-0.00309211,0.04452549,,,
-0.558891,-0.05763498,0.82723567,0.09565046,-0.99540362,-0.00472887,0.82370604,0.07648256,0.56183514,-0.03868573,0.03078759,0.05258598,,,
-0.56077572,-0.05732344,0.8259809,0.09544445,-0.99542543,-0.00428372,0.82244804,0.07643309,0.56368178,-0.03456818,0.04555988,0.00861723,,,
-0.56065016,-0.05792678,0.82602396,0.0957503,-0.99539355,-0.00481526,0.82249801,0.07639237,0.56361436,0.05918586,0.03642333,-0.01096296,,,
-0.5615211,-0.05805251,0.82542352,0.09597215,-0.99537286,-0.00471698,0.82187799,0.07656899,0.56449425,0.01397328,-0.01959193,0.02882577,,,
-0.56254512,-0.05780218,0.82474336,0.09589116,-0.99538211,-0.00435547,0.82118669,0.07663545,0.56549035,0.01280164,-0.01740688,0.03142031,,,
-0.5628453,-0.05742955,0.82456472,0.09589634,-0.99538379,-0.00386827,0.82098052,0.07689551,0.56575441,0.0288048,-0.01407582,0.00513263,,,
-0.56218713,-0.0574853,0.82500971,0.09611308,-0.99536291,-0.00386081,0.82140603,0.07712373,0.56510535,0.01320663,0.00167739,-0.00623339,,,
-0.56204776,-0.05754831,0.82510031,0.09642395,-0.99533334,-0.00373881,0.821465,0.07745804,0.5649739,0.00521894,0.0022099,0.00340176,,,
-0.56198861,-0.05747625,0.82514552,0.09687324,-0.99529098,-0.00334963,0.8214525,0.07805207,0.56491027,-0.00193126,0.00733078,-0.00377523,,,
-0.5621572,-0.05704956,0.82506049,0.09715414,-0.99526601,-0.00262234,0.82130416,0.07868387,0.56503838,-0.00604868,0.01016808,-0.01010124,,,
-0.56242078,-0.05660744,0.824911,0.09715057,-0.99526737,-0.00206087,0.82112382,0.07898151,0.56525879,-0.00916709,0.0096885,-0.00526799,,,
-0.56283863,-0.0557107,0.82468713,0.09692219,-0.99529128,-0.00108747,0.82086457,0.07931841,0.56558812,-0.02043694,-0.0088855,0.00634518,,,
-0.562225295,-0.0552189407,0.825138503,0.096773161,-0.995306215,-0.000668294315,0.821302402,0.0794755302,0.564930078,-0.00753102824,-0.00818353891,-0.00075845886,,,
-0.561742688,-0.0551234368,0.825473538,0.0968447825,-0.99529934,-0.000560250444,0.821624149,0.0796280885,0.564440542,-0.00445080735,-0.00854504108,-0.00952902157,,,
-0.56136924,-0.0550409419,0.825733016,0.0971370093,-0.995270936,-0.000303875244,0.821844827,0.0800386509,0.564061059,-0.00903206132,-0.000825107098,-0.0205171295,,,
-0.562824365,-0.0545034946,0.824777353,0.0975902717,-0.995226062,0.000827969141,0.820795012,0.0809562582,0.565456909,-0.0175861996,0.00338828564,0.0121555915,,,
-0.56348962,-0.05417501,0.82434488,0.09749275,-0.99523544,0.00123645,0.82035027,0.08106438,0.56608655,-0.01248513,-0.00488597,0.00146343,,,
-0.56346042,-0.05406632,0.82437188,0.09737116,-0.9952472,0.00128029,0.82038468,0.08099144,0.56604709,0.00662465,-0.00613421,-0.00354708,,,
-0.56358466,-0.05404151,0.82428867,0.09732574,-0.99525171,0.0012937,0.82030482,0.08095362,0.56616827,-0.0014864,-0.01433527,0.00510934,,,
-0.5638254,-0.05399152,0.82412714,0.09738715,-0.99524536,0.0014252,0.82013192,0.08106296,0.56640299,-0.01390523,-0.01756787,0.01824446,,,
-0.56335787,-0.05419945,0.82443326,0.09769045,-0.99521588,0.00132761,0.82041718,0.08128718,0.5659576,-0.01065288,-0.00392532,-0.0031335,,,
-0.562706897,-0.0547139873,0.824843742,0.0981360027,-0.99517249,0.000935877089,0.820810663,0.0814734956,0.565359964,-0.00345984008,0.00368452072,-0.00531762559,,,
-0.56307237,-0.05459989,0.82460196,0.0981912,-0.99516691,0.00115541,0.82055349,0.08161923,0.56571219,-0.00797032,-0.00134128,0.00843214,,,
-0.56339364,-0.05457244,0.82438425,0.0982342,-0.99516249,0.0012568,0.82032773,0.08169081,0.56602916,-0.01055317,-0.00971663,0.00640185,,,
-0.56386029,-0.0547855,0.82405085,0.09834936,-0.9951511,0.00113518,0.81999308,0.08168497,0.56651463,-0.0047136,-0.00444859,-0.00714423,,,
-0.56403494,-0.05505629,0.82391349,0.09862123,-0.99512456,0.00101704,0.81984053,0.08182901,0.56671469,-0.00213783,-0.00165868,-0.00780206,,,
-0.564333291,-0.0553415477,0.823690037,0.0988087176,-0.99510611,0.000838101918,0.819612592,0.0818607244,0.567039706,-0.0026261094,-0.00463825464,0.000177859794,,,
-0.564682742,-0.0555015231,0.823439567,0.0988950983,-0.995097417,0.000746790222,0.819361275,0.0818558434,0.567403428,-0.0107830884,-0.00307768583,0.00181916263,,,
-0.564835662,-0.0556247489,0.823326418,0.0989321433,-0.995093865,0.000641979491,0.819251447,0.0818160646,0.56756775,-0.00549621694,-0.00621592999,-0.00110759726,,,
-0.564835662,-0.0556247489,0.823326418,0.0989321433,-0.995093865,0.000641979491,0.819251447,0.0818160646,0.56756775,-0.00549621694,-0.00621592999,-0.00110759726,,,
-0.565461592,-0.0558833134,0.822879051,0.099010308,-0.995086103,0.000459146627,0.818810012,0.0817331462,0.568216306,-0.00209749117,-0.00555902719,0.00715808105,,,
-0.565286423,-0.0560334458,0.822989362,0.0991568419,-0.995071737,0.000358107252,0.818913401,0.0818074598,0.568056666,0.0,0.0,0.0,0.0,0.0,0.0
-0.565227244,-0.0562761201,0.823013352,0.0992932366,-0.995058087,0.000152168407,0.818937624,0.081805674,0.568021962,0.0,0.0,0.0,0.0,0.0,0.0
-0.565532672,-0.0564052084,0.822794746,0.0994844236,-0.99503907,0.000165662817,0.818703604,0.0819489502,0.568338599,-0.00424441416,-0.0052472949,-0.00290207844,,,
-0.5657652,-0.0564729206,0.822630129,0.0995809253,-0.995029311,0.000178955139,0.818531099,0.0820195218,0.568576801,-0.00551759219,-0.00320798159,0.00376099418,,,
-0.566070141,-0.0566413469,0.822408706,0.0997331443,-0.995014039,0.000117974841,0.818301669,0.0820881954,0.56889703,-0.00456519937,-0.00575757027,-1.18587632e-05,,,
-0.566091131,-0.0569066089,0.822376007,0.0998510305,-0.995002281,-0.000118462247,0.818272834,0.0820480359,0.568944321,0.00182189676,-0.00565934181,-0.00325039541,,,
-0.566156056,-0.057046364,0.82232177,0.100019892,-0.994985464,-0.000162267543,0.818207433,0.0821566644,0.569022756,-0.000883862376,-0.00764882565,-0.00527190324,,,
-0.566052821,-0.0572972961,0.822375276,0.100222095,-0.994964951,-0.000337801681,0.818253999,0.0822289632,0.568945301,-0.00104861311,0.00034070015,-0.00647435337,,,
-0.566233758,-0.0574514311,0.82224005,0.10045864,-0.994941201,-0.0003377643,0.818099889,0.0824098624,0.569140752,-0.00838162657,0.00514578819,-0.00533929281,,,
-0.566509953,-0.0575110089,0.822045533,0.100489284,-0.994938014,-0.000354856565,0.81790481,0.0824057395,0.569421627,-0.010376011,-0.00100016594,-0.00276510185,,,
-0.567054193,-0.0577085613,0.821656271,0.100624868,-0.994924192,-0.000433133631,0.81751082,0.0824334499,0.569983088,-0.002180991,-0.00733631849,-0.000481451571,,,
-0.567206503,-0.0577929229,0.821545368,0.100700956,-0.99491665,-0.000463644163,0.817395945,0.082467421,0.570142966,0.00189430302,-0.00915938616,0.0031374949,,,
-0.56724268,-0.0579018886,0.821512794,0.100670543,-0.994919729,-0.000612412347,0.817374664,0.0823547489,0.570189791,0.0,0.0,0.0,0.0,0.0,0.0
-0.567430513,-0.0580172062,0.821374555,0.100793882,-0.994906829,-0.00064304924,0.817228701,0.082424656,0.570388728,-0.00478765182,-0.0020403266,-0.00422291458,,,
-0.567654941,-0.0581633966,0.821209322,0.100964571,-0.994889707,-0.000673549719,0.817051948,0.0825307062,0.570626637,0.0,0.0,0.0,0.0,0.0,0.0
-0.567726954,-0.0582642077,0.821152296,0.101020296,-0.994883895,-0.000747940636,0.816994927,0.0825284292,0.570708566,-0.00625507534,-0.00145101547,0.00708181225,,,
-0.567994923,-0.0583632861,0.82096004,0.101163924,-0.994869431,-0.000734813232,0.81679099,0.082634172,0.570985152,-0.00349741243,-0.00537508726,0.00244629872,,,
-0.568218995,-0.0585875806,0.820789009,0.101256884,-0.994859848,-0.00091417611,0.816623625,0.082591087,0.57123073,-0.00441761082,0.0007417202,0.00265876856,,,
-0.568254943,-0.0586185187,0.820761849,0.101304133,-0.994854971,-0.000914209523,0.816592687,0.0826270677,0.571269729,0.0,0.0,0.0,0.0,0.0,0.0
-0.568239354,-0.0587749221,0.820761585,0.101452659,-0.994839886,-0.00100180628,0.816585225,0.0826991782,0.571270012,-0.00650973991,-0.000385642052,0.00663771899,,,
-0.56845548,-0.05896055,0.8205987,0.10173628,-0.99481104,-0.00100179,0.8163996,0.08291518,0.571504,-0.01375769,-0.00203383,0.00125868,,,
-0.568599205,-0.0591233372,0.820487189,0.101886559,-0.994795348,-0.00107619276,0.816280544,0.0829846979,0.571663864,-0.0143107297,3.02791595e-05,0.000384718645,,,
-0.56900245,-0.05950269,0.82018011,0.10221581,-0.9947613,-0.00125573,0.81595827,0.08312087,0.57210397,-0.01392669,-0.00656205,-0.004378,,,
-0.569847798,-0.0599094371,0.81956347,0.102464454,-0.994735539,-0.00147017522,0.815337021,0.083138349,0.572986509,-0.0195605308,-0.00791758299,-0.000688496977,,,
-0.57046103,-0.06020911,0.81911468,0.10265554,-0.9947155,-0.00162363,0.81488394,0.08316045,0.57362744,-0.02286857,-0.00780058,-0.00177907,,,
-0.571519246,-0.0609194714,0.818324202,0.103071472,-0.99467177,-0.00206219935,0.814089647,0.0831672951,0.57475319,-0.0160332173,-0.00382000208,0.000611597672,,,
-0.57228549,-0.06184314,0.81771923,0.10348966,-0.99462661,-0.0027946,0.81349813,0.08302617,0.5756105,-0.01572414,-0.00864756,-0.00217862,,,
-0.57259824,-0.06239568,0.81745806,0.10379584,-0.99459322,-0.00321117,0.81323879,0.08301004,0.57597909,-0.0139634,-0.00374216,-0.0018245,,,
-0.5734256,-0.06357682,0.816787,0.1042674,-0.99454034,-0.00421176,0.81259543,0.08274913,0.57692394,-0.00885024,0.00469279,-0.01608342,,,
-0.5734256,-0.06357682,0.816787,0.1042674,-0.99454034,-0.00421176,0.81259543,0.08274913,0.57692394,-0.00885024,0.00469279,-0.01608342,,,
-0.5751763,-0.06518874,0.81542783,0.10481901,-0.99447567,-0.00556665,0.81128608,0.08227054,0.57883195,-0.00791713,-0.00440407,-0.00592854,,,
-0.577992687,-0.067588,0.813238174,0.105259151,-0.99441397,-0.00783464481,0.809224923,0.0810723917,0.581878247,-0.00483575882,0.000817894936,0.00346694817,,,
-0.57854594,-0.06816958,0.81279605,0.10539876,-0.9943947,-0.0083778,0.80881124,0.08082076,0.58248808,-0.00287796,-0.00598371,0.0031813,,,
-0.57952862,-0.06939604,0.81199187,0.10568566,-0.99435372,-0.00955225,0.80807001,0.0802801,0.58359059,0.0027487,-0.00599897,0.00435661,,,
-0.58018611,-0.07076475,0.81140389,0.10596675,-0.99430933,-0.01094599,0.80756113,0.07963113,0.58438333,0.00589373,0.00357866,-0.00406714,,,
-0.5804224,-0.07137143,0.81118161,0.10606486,-0.99429144,-0.01158998,0.8073783,0.07931078,0.58467938,0.01473077,0.00641406,-0.00390133,,,
-0.581060516,-0.072435849,0.810630382,0.106265897,-0.994256921,-0.012672762,0.806892885,0.0787787255,0.585421007,0.0137198362,-0.000195980072,-0.00368447555,,,
-0.581793172,-0.073288528,0.810027941,0.106377236,-0.994233359,-0.0135505787,0.806350021,0.078284904,0.586234643,0.0212842394,-0.00296008587,0.000794397667,,,
-0.582516163,-0.0742968493,0.80941629,0.106486702,-0.994206486,-0.0146231089,0.805813462,0.0776738775,0.587053141,0.0227176901,0.000889539719,0.00457416475,,,
-0.58284692,-0.07465313,0.80914535,0.10653375,-0.99419601,-0.01498739,0.80556802,0.07746594,0.58741735,0.01777119,0.00483489,0.00833547,,,
-0.58291656,-0.07479297,0.80908235,0.1065517,-0.99419189,-0.0151379,0.80551535,0.07738497,0.58750028,0.01986133,0.00271392,0.0079488,,,
-0.58302945,-0.07484701,0.80899581,0.10658099,-0.99418807,-0.01516961,0.80542957,0.07737925,0.58761855,0.01523977,-0.00489712,0.00259853,,,
-0.58302944,-0.0748085252,0.808999373,0.10661931,-0.994185101,-0.0150943511,0.805424499,0.0774545116,0.587615587,0.00997200329,-0.00180840492,0.000345158856,,,
-0.58296024,-0.07466865,0.80906248,0.10660136,-0.99418963,-0.01494377,0.80547728,0.07753554,0.58753266,0.01306992,0.00552034,-0.00345426,,,
-0.58297764,-0.07435727,0.80907845,0.10660596,-0.99419472,-0.01455571,0.80546391,0.07776693,0.58752035,,,,,,
-0.582925643,-0.0739060296,0.809157283,0.106592593,-0.994203919,-0.0140171853,0.805503339,0.0780791979,0.587424878,0.00038859772,0.00339996815,-0.00433936622,,,
-0.58286489,-0.073649,0.80922457,0.10653864,-0.99421355,-0.01374797,0.80555453,0.07820048,0.58733858,-0.00442326,-0.00116783,-0.00380855,,,
-0.58266447,-0.07311233,0.80941734,0.10644877,-0.99423069,-0.01317812,0.80571118,0.07848306,0.58708588,-0.00661738,-0.0019989,-0.00110996,,,
-0.58241196,-0.07274005,0.8096327,0.10642212,-0.99423897,-0.01277058,0.80589736,0.07872509,0.58679791,-0.00583546,-0.00461942,-0.00409213,,,
-0.58235081,-0.07248306,0.80969961,0.10636817,-0.99424804,-0.01250161,0.80594855,0.07884595,0.58671133,-0.01194684,0.00181723,-0.00561061,,,
-0.582185132,-0.0720548024,0.809856973,0.106249078,-0.994265971,-0.0120823825,0.806083956,0.0790123788,0.586502883,-0.00936917402,-0.000156879425,0.00396010792,,,
-0.58224604,-0.07169621,0.8098451,0.10622652,-0.99427362,-0.01165121,0.80604302,0.07924315,0.58652804,-0.01732136,-0.00713283,0.0014726,,,
-0.582219913,-0.0715091506,0.809880554,0.106181529,-0.994280811,-0.0114574631,0.806067958,0.0793235904,0.586482942,-0.0109895933,-0.00666165352,0.000200762879,,,
-0.58195809,-0.07129254,0.81008763,0.10615274,-0.99428614,-0.01124414,0.80626062,0.0794494,0.58620095,-0.01027119,-0.00251371,-0.00181506,,,
-0.58195809,-0.07129254,0.81008763,0.10615274,-0.99428614,-0.01124414,0.80626062,0.0794494,0.58620095,-0.01264057,-0.00408411,-0.00352809,,,
-0.581914774,-0.0713397834,0.810114794,0.106179854,-0.994282965,-0.0112876683,0.806288523,0.0794494066,0.586162646,-0.00743512064,-0.00570291281,0.000904281624,,,
-0.58179264,-0.07140285,0.81019682,0.10618681,-0.99428109,-0.01137476,0.8063756,0.07941447,0.58604754,,,,,,
-0.58174907,-0.0714886,0.81022051,0.10617559,-0.99428089,-0.01149341,0.80640848,0.07933937,0.58601245,,,,,,
-0.58170551,-0.07157435,0.8102442,0.10616436,-0.9942807,-0.01161205,0.80644137,0.07926427,0.58597735,,,,,,
-0.58174058,-0.07160575,0.8102164,0.10621162,-0.9942758,-0.01161203,0.80641,0.07929921,0.58601585,,,,,,
-0.58178406,-0.07159702,0.81018589,0.10614619,-0.99428236,-0.01164361,0.80638718,0.07922408,0.58605738,,,,,,
-0.581740548,-0.0716442315,0.810212987,0.10617332,-0.994278983,-0.0116870857,0.806415034,0.0792241503,0.58601906,0.0027372113,-1.65700912e-05,0.00426911842,,,
-0.58154876,-0.07160602,0.81035412,0.10612406,-0.99428418,-0.0116991,0.80655992,0.07919447,0.58582368,0.00525417,-0.00376564,0.0029116,,,
-0.58143513,-0.07155195,0.81044027,0.10609491,-0.99428751,-0.01166761,0.80664552,0.07919963,0.58570506,0.00538479,-0.0016275,-0.00105992,,,
-0.58132176,-0.07145939,0.81052983,0.10610415,-0.99428784,-0.01156102,0.80672607,0.07927991,0.58558325,,,,,,
-0.58117334,-0.07133539,0.81064717,0.10606618,-0.99429311,-0.01145438,0.80683799,0.07932527,0.5854229,,,,,,
-0.581138374,-0.0712269013,0.810681764,0.106095609,-0.994291678,-0.0113041714,0.806859291,0.0794404876,0.585377907,-0.00648104446,0.000146985054,-0.000976954587,,,
-0.580884765,-0.070893255,0.810892582,0.106030947,-0.994302126,-0.010972538,0.807050228,0.0796059337,0.585092092,-0.00437240954,-0.00826275349,-0.000157697825,,,
-0.58069276,-0.07077794,0.81104031,0.10605843,-0.99430086,-0.01083449,0.80718493,0.07972615,0.58488993,-0.01325046,-0.00373435,-0.00235829,,,
-0.58069286,-0.07073941,0.8110437,0.10609678,-0.99429769,-0.01075946,0.80717992,0.07980118,0.58488665,-0.01072137,0.00196695,-0.00482944,,,
-0.580614048,-0.0707552752,0.811098503,0.1060766,-0.994299125,-0.010803055,0.807239026,0.0797661708,0.584809755,-0.00547850691,-0.00337159634,-0.00011214125,,,
-0.58053555,-0.07073258,0.81115675,0.10609481,-0.99429761,-0.01077156,0.80729317,0.07980625,0.58472957,-0.00222891,-0.00468957,-0.00112272,,,
-0.58045717,-0.07074846,0.81121166,0.10607464,-0.99429949,-0.01081515,0.80735238,0.07977124,0.58465267,-0.00399224,-0.0032261,-0.00128276,,,
-0.580413433,-0.0707957157,0.811238685,0.106101691,-0.994295985,-0.0108587633,0.807380126,0.0797712248,0.584614301,-0.00470030727,-0.000569820404,0.00367207523,,,
-0.58025613,-0.07078889,0.81135171,0.10609966,-0.99429597,-0.01087091,0.80749336,0.07977623,0.58445718,,,,,,
-0.58005524,-0.07086794,0.81148839,0.10608629,-0.99429591,-0.01100175,0.80763938,0.07970618,0.58426491,,,,,,
-0.57997674,-0.0708453,0.81154661,0.10610445,-0.99429445,-0.01097037,0.8076935,0.07974615,0.58418469,,,,,,
-0.58005533,-0.07082938,0.81149178,0.10612468,-0.99429273,-0.01092673,0.80763436,0.0797812,0.58426164,,,,,,
-0.579941562,-0.0707752972,0.811577702,0.106095648,-0.994296062,-0.0108952238,0.807719767,0.0797862747,0.584142838,0.000849155127,-0.0068385601,-0.00126467436,,,
-0.57989815,-0.07078404,0.81160822,0.10616114,-0.99428968,-0.01086386,0.80774259,0.07986132,0.58410112,,,,,,
-0.57974066,-0.07077726,0.81172118,0.10615905,-0.99428963,-0.01087612,0.80785577,0.07986622,0.58394385,,,,,,
-0.57966186,-0.070716,0.81178266,0.10621561,-0.99428461,-0.01076974,0.80790475,0.07998119,0.5838603,,,,,,
-0.57962691,-0.07064608,0.81181379,0.10620675,-0.99428645,-0.01069475,0.80793107,0.08002114,0.58381843,-0.00607422,-0.00300694,-0.00118195,,,
-0.57959196,-0.07057615,0.81184491,0.1061979,-0.9942883,-0.01061976,0.8079574,0.0800611,0.58377655,-0.00346371,-0.00457031,0.00460587,,,
-0.5795568,-0.07050622,0.81187598,0.10618904,-0.99428993,-0.01054477,0.80798367,0.08010104,0.58373466,,,,,,
-0.57939954,-0.07049942,0.81198891,0.10618699,-0.99429012,-0.01055703,0.80809682,0.08010592,0.58357738,-0.00908362,-0.00422686,-0.0016587,,,
-0.57932066,-0.07047673,0.81204698,0.10620517,-0.99428833,-0.01052567,0.80815081,0.08014586,0.58349707,,,,,,
-0.57924229,-0.07049263,0.81210183,0.10618499,-0.99429036,-0.01056925,0.80820996,0.08011086,0.58342006,-0.0034269,-0.00335711,0.00472419,,,
-0.57912834,-0.07043865,0.81218761,0.10615587,-0.99429363,-0.01053799,0.80829527,0.08011563,0.58330115,,,,,,
-0.57912834,-0.07043865,0.81218761,0.10615587,-0.99429363,-0.01053799,0.80829527,0.08011563,0.58330115,-0.00241011,-0.00311881,-0.0043345,,,
-0.57900596,-0.0704632,0.81227272,0.1062011,-0.99428866,-0.01055027,0.80837699,0.08015559,0.58318239,,,,,,
-0.57900596,-0.0704632,0.81227272,0.1062011,-0.99428866,-0.01055027,0.80837699,0.08015559,0.58318239,,,,,,
-0.57900596,-0.0704632,0.81227272,0.1062011,-0.99428866,-0.01055027,0.80837699,0.08015559,0.58318239,-0.00591988,-0.0042454,-0.001067,,,
-0.57900609,-0.07042459,0.8122761,0.10623953,-0.99428548,-0.01047528,0.80837198,0.08023058,0.58317908,-0.00336818,-0.00559711,-0.00184087,,,
-0.57889216,-0.07037053,0.81236187,0.10621045,-0.99428879,-0.01044391,0.80845727,0.08023543,0.58306012,,,,,,
-0.578813366,-0.070386473,0.812416585,0.106190194,-0.994290449,-0.0104875911,0.808516299,0.0802003194,0.582983079,-0.000985517167,-0.00524204969,-0.000315610087,,,
-0.57876964,-0.07043377,0.81244369,0.10621727,-0.99428715,-0.01053127,0.8085441,0.08020038,0.58294454,,,,,,
-0.57869078,-0.07041112,0.81250172,0.10623542,-0.99428543,-0.01050002,0.80859805,0.0802402,0.58286417,,,,,,
-0.57869078,-0.07041112,0.81250172,0.10623542,-0.99428543,-0.01050002,0.80859805,0.0802402,0.58286417,-0.00349888,-0.00576967,0.00206142,,,
-0.57857686,-0.0703571,0.81258747,0.10620635,-0.9942888,-0.01046871,0.80868333,0.080245,0.58274517,-0.0049269,-0.00449407,0.00139482,,,
-0.57854193,-0.07028715,0.81261855,0.10619755,-0.99429071,-0.01039371,0.80870964,0.0802849,0.58270322,,,,,,
-0.57841936,-0.07031173,0.81270356,0.10624268,-0.99428563,-0.01040616,0.80879127,0.08032469,0.58258439,-0.0054918,-0.00535154,-0.00211123,,,
-0.578384508,-0.0702803881,0.812731325,0.106195459,-0.994290935,-0.010406079,0.808822641,0.0802896574,0.582545753,-0.00432213768,-0.00350165367,-0.000948305824,,,
-0.578305658,-0.0702577205,0.812789337,0.106213626,-0.994289264,-0.0103748373,0.808876579,0.0803294739,0.582465346,-0.00770896534,-0.00431668758,-0.000614013057,,,
-0.57827038,-0.07022642,0.81281698,0.10616634,-0.99429415,-0.01037487,0.80890785,0.08029433,0.58242671,,,,,,
-0.57819175,-0.07020373,0.81287504,0.10618455,-0.9942927,-0.01034357,0.80896183,0.0803342,0.58234629,,,,,,
-0.578191749,-0.0702037317,0.812875044,0.106184547,-0.994292703,-0.0103435706,0.808961831,0.0803341988,0.582346288,-0.000159391609,-0.00646394491,0.00202362356,,,
-0.57811275,-0.07021971,0.81292967,0.10616425,-0.99429423,-0.0103873,0.80902077,0.08029904,0.58226919,,,,,,
-0.57803413,-0.07019702,0.81298772,0.10618246,-0.9942928,-0.01035601,0.80907475,0.08033891,0.58218875,-0.00713304,-0.0035153,-0.0034885,,,
-0.57791142,-0.07026025,0.81306932,0.1061891,-0.994291,-0.01044343,0.80916135,0.08030373,0.58207317,0.00109617,-0.00230336,-0.00461443,,,
-0.57787615,-0.07022896,0.81309695,0.10614182,-0.99429591,-0.01044345,0.80919261,0.08026858,0.58203451,,,,,,
-0.57776219,-0.07013633,0.81318595,0.1061512,-0.99429604,-0.01033726,0.80927277,0.0803482,0.58191207,,,,,,
-0.577525757,-0.0701070044,0.813356658,0.106167279,-0.994294772,-0.0103185853,0.809439655,0.0803926138,0.581673865,-0.00501310639,0.000130176544,-0.000603268389,,,
-0.577481993,-0.0701155892,0.813386949,0.106232747,-0.994288059,-0.0102873481,0.809462247,0.080467572,0.581632044,-0.00499798171,-0.00121235847,0.000547068892,,,
-0.577446889,-0.0700455975,0.81341795,0.106224,-0.994289817,-0.010212347,0.809488485,0.0805074194,0.581590029,-0.00340544712,-0.00583273172,0.000329850474,,,
-0.57741157,-0.06997565,0.81344889,0.1062152,-0.99429137,-0.01013745,0.80951468,0.08054716,0.58154801,-0.00768562,-0.00367713,-0.00200973,,,
-0.57736786,-0.07002292,0.81347586,0.10624217,-0.99428805,-0.01018117,0.80954233,0.08054716,0.58150953,-0.00513132,-0.00401288,0.00148169,,,
-0.57728883,-0.07000024,0.81353376,0.10626034,-0.99428629,-0.01015,0.80959617,0.0805869,0.58142901,-0.00646289,-0.00154245,-0.00342336,,,
-0.57725377,-0.06996897,0.81356143,0.10621307,-0.99429144,-0.01015,0.80962747,0.08055174,0.58139033,-0.00328936,-0.00457716,-0.00224376,,,
-0.57717496,-0.06994629,0.81361938,0.10623125,-0.99428991,-0.01011883,0.80968136,0.08059147,0.58130981,-0.00434924,-0.00252366,0.00140448,,,
-0.57705227,-0.0700095544,0.813700918,0.106237903,-0.99428826,-0.0102062719,0.809767887,0.0805563307,0.581194121,-0.0051616868,0.0013409853,-0.000404462218,,,
-0.57697329,-0.07002555,0.81375549,0.10621753,-0.99428992,-0.01025003,0.80982677,0.08052111,0.58111692,,,,,,
-0.57700856,-0.07005682,0.81372788,0.10626486,-0.99428496,-0.01025,0.80979553,0.08055635,0.58115562,,,,,,
-0.57689449,-0.07000285,0.81381343,0.10623574,-0.99428842,-0.01021881,0.80988064,0.0805609,0.58103637,-0.00581793,-0.00545955,-0.00114869,,,
-0.57677181,-0.07006614,0.81389494,0.10624235,-0.99428682,-0.01030631,0.80996716,0.08052572,0.58092065,,,,,,
-0.576771551,-0.0700274727,0.8138982,0.10628082,-0.994283226,-0.0102314794,0.809962045,0.0806005521,0.580917306,-0.000243843679,-0.00703954697,0.000580753433,,,
-0.5766577,-0.06997352,0.81398378,0.10625174,-0.99428694,-0.0102003,0.8100472,0.08060511,0.58079803,,,,,,
-0.5764205,-0.06994423,0.8141541,0.10626774,-0.99428523,-0.01018187,0.81021372,0.08064928,0.58055951,,,,,,
-0.57638542,-0.06987424,0.81418507,0.10625902,-0.99428705,-0.01010692,0.81023994,0.08068903,0.58051744,-0.0035925,-0.00528866,0.00213897,,,
-0.57630666,-0.06989028,0.81423966,0.10623867,-0.994289,-0.01015068,0.81029885,0.08065383,0.58044018,,,,,,
-0.57622746,-0.0698676,0.81429745,0.10625684,-0.99428716,-0.01011958,0.81035258,0.0806935,0.58035957,,,,,,
-0.576069469,-0.0698222546,0.81441313,0.106293168,-0.994283922,-0.010057421,0.810460151,0.0807727798,0.580198313,-0.00493190717,-0.00598859787,-0.000632109353,,,
-0.575990291,-0.0698382894,0.814467592,0.106272751,-0.994285492,-0.0101012261,0.810518937,0.0807375109,0.580121036,-0.00522551779,-0.00499492884,-0.000798235182,,,
-0.57591131,-0.06981557,0.81452543,0.10629096,-0.9942839,-0.01007007,0.81057271,0.08077723,0.58004039,-0.00419237,-0.00383329,-0.00234981,,,
-0.575832348,-0.0698316163,0.814579939,0.1062706,-0.994285697,-0.0101138336,0.810631539,0.0807420304,0.579963091,-0.00746888388,-0.00312829018,-0.000160734402,,,
-0.57583235,-0.06983162,0.81457994,0.1062706,-0.9942857,-0.01011383,0.81063154,0.08074203,0.57996309,,,,,,
-0.575717918,-0.0698164942,0.814661964,0.106202877,-0.994292329,-0.0101577109,0.810721535,0.0806714774,0.579847043,-0.00360628054,-0.0046223402,0.000436961069,,,
-0.57567419,-0.06982502,0.81469221,0.10626836,-0.99428573,-0.0101266,0.81074408,0.08074639,0.57980512,,,,,,
-0.57563894,-0.0697938,0.81471978,0.10622106,-0.99429077,-0.01012661,0.8107753,0.08071114,0.57976637,-0.0039776,-0.00679398,-0.00223964,,,
-0.57559524,-0.06984107,0.81474671,0.10624799,-0.99428756,-0.01017036,0.8108029,0.0807112,0.5797278,-0.00502315,-0.00615376,-0.00143153,,,
-0.57543689,-0.06983452,0.814859,0.10624575,-0.99428754,-0.0101832,0.81091547,0.08071552,0.57956968,,,,,,
-0.57535794,-0.06985061,0.81491349,0.10622534,-0.9942894,-0.01022701,0.81097428,0.08068028,0.57949234,,,,,,
-0.575279,-0.0698667,0.81496797,0.10620493,-0.99429127,-0.01027081,0.81103309,0.08064504,0.57941499,,,,,,
-0.57519981,-0.06984405,0.81502571,0.10622307,-0.99428955,-0.01023982,0.81108678,0.08068459,0.57933429,,,,,,
-0.575208428,-0.0697267591,0.815029727,0.106187489,-0.994294622,-0.0101211072,0.81108538,0.0807242136,0.579330744,-0.0100450963,0.000582933426,0.00378127373,,,
-0.575208428,-0.0697267591,0.815029727,0.106187489,-0.994294622,-0.0101211072,0.81108538,0.0807242136,0.579330744,-0.00549670029,-0.00556027889,-0.000210345956,,,
-0.575093973,-0.069634073,0.815118328,0.106196919,-0.994294597,-0.0100151999,0.811165215,0.0808033768,0.579207884,-0.00492097205,-0.00461053848,0.00015919935,,,
-0.57497111,-0.06965868,0.81520297,0.10624199,-0.99428973,-0.01002797,0.81124648,0.08084299,0.57908856,,,,,,
-0.574891938,-0.0696360107,0.815260686,0.106260139,-0.994288045,-0.00999699238,0.811300156,0.0808825254,0.579007813,-0.00929907896,-0.00519162416,0.000556747429,,,
-0.574848023,-0.0696445431,0.815290851,0.106325585,-0.994281285,-0.00996602728,0.811322626,0.0809573306,0.578965845,-0.00461475691,-0.00633251667,0.000357019831,,,
-0.574848023,-0.0696445431,0.815290851,0.106325585,-0.994281285,-0.00996602728,0.811322626,0.0809573306,0.578965845,-0.00386940828,-0.00471395254,-0.000926360604,,,
-0.57481298,-0.06961332,0.81531846,0.10627833,-0.99428658,-0.00996596,0.81135388,0.08092212,0.57892706,-0.00211267,-0.00317228,-0.0037161,,,
-0.57472518,-0.06970795,0.81537216,0.10633203,-0.99427984,-0.01005371,0.81140893,0.08092206,0.57884986,,,,,,
-0.574768868,-0.0696606271,0.815345256,0.106305174,-0.994283001,-0.0100098328,0.811381352,0.0809220849,0.578888459,-0.00643154047,-0.00101238489,0.000866500428,,,
-0.57464603,-0.06972404,0.81542656,0.10631161,-0.99428157,-0.01009751,0.81146766,0.08088682,0.57877246,,,,,,
-0.57456688,-0.06974023,0.81548105,0.10629119,-0.99428342,-0.01014145,0.81152648,0.08085151,0.57869495,0.00125362,-0.00526512,0.00252672,,,
-0.57452277,-0.06978754,0.81550784,0.10631803,-0.99427985,-0.01018533,0.81155395,0.08085149,0.57865633,-0.00378397,-0.00157619,-0.00501372,,,
-0.57452277,-0.06978754,0.81550784,0.10631803,-0.99427985,-0.01018533,0.81155395,0.08085149,0.57865633,,,,,,
-0.57448772,-0.0697175,0.81553876,0.10630935,-0.99428179,-0.01011041,0.81158014,0.08089109,0.57861416,,,,,,
-0.57440856,-0.06969485,0.81559645,0.10632748,-0.99428016,-0.01007949,0.81163379,0.08093057,0.57853338,,,,,,
-0.57425004,-0.06968832,0.81570846,0.10632516,-0.99428011,-0.01009243,0.81174609,0.08093476,0.57837515,,,,,,
-0.57409153,-0.06964291,0.81582378,0.10636152,-0.99427671,-0.01003044,0.81185331,0.08101387,0.57821351,-0.00450131,-0.00306344,0.00197497,,,
-0.574056282,-0.0695729043,0.815854614,0.106352805,-0.99427846,-0.00995562339,0.811879438,0.0810533444,0.578171314,-0.00358537911,-0.000171899796,-0.00433232635,,,
-0.57402103,-0.06954175,0.81588214,0.10630549,-0.99428359,-0.00995564,0.81191063,0.08101801,0.57813249,-0.003858,-0.00342286,-0.00154237,,,
-0.57394189,-0.06951905,0.81593981,0.10632367,-0.99428202,-0.00992467,0.81196426,0.08105753,0.57805165,,,,,,
-0.57386254,-0.06949637,0.81599742,0.10634182,-0.99428025,-0.00989376,0.81201783,0.081097,0.57797081,-0.00581529,-0.00404793,0.00182366,,,
-0.573783194,-0.0694736946,0.816055028,0.106359974,-0.994278491,-0.00986285132,0.8120714,0.0811364634,0.577889952,-0.00531913247,-3.19480896e-05,0.00105488522,,,
-0.57366038,-0.06953714,0.81613626,0.10636635,-0.99427724,-0.00995059,0.81215763,0.08110118,0.57777383,-0.00496655,-0.00622541,-0.00523895,,,
-0.57366038,-0.06953714,0.81613626,0.10636635,-0.99427724,-0.00995059,0.81215763,0.08110118,0.57777383,,,,,,
-0.57361627,-0.06958445,0.81616303,0.10639317,-0.99427373,-0.00999449,0.81218507,0.08110118,0.57773518,-0.00263542,-0.00653863,-0.00200754,,,
-0.573572381,-0.0696318381,0.816189959,0.106420022,-0.994270539,-0.0100384703,0.81221267,0.0811011661,0.577696423,0.0002325229,-0.00529623032,-0.00178980478,,,
-0.57353714,-0.06960069,0.81621748,0.10637271,-0.9942757,-0.01003847,0.81224385,0.08106582,0.57765758,,,,,,
-0.57345801,-0.0696168,0.81627181,0.10635221,-0.99427757,-0.0100823,0.81230252,0.08103053,0.57758008,,,,,,
-0.573378461,-0.0696329895,0.816326032,0.106331672,-0.994279028,-0.0101262583,0.812361077,0.080995138,0.577502568,-0.00405611657,-0.00538092852,0.000726568862,,,
-0.573334567,-0.0696414801,0.816356156,0.106397121,-0.994272361,-0.0100954091,0.812383507,0.0810699018,0.577460531,-0.00551937753,-0.000119447708,-0.00039183232,,,
-0.57329933,-0.06961031,0.81638367,0.10634983,-0.99427753,-0.01009535,0.81241468,0.08103461,0.57742167,,,,,,
-0.57329933,-0.06961031,0.81638367,0.10634983,-0.99427753,-0.01009535,0.81241468,0.08103461,0.57742167,-0.0065182,-0.00232935,0.00175892,,,
-0.57325545,-0.06965762,0.81641048,0.10637665,-0.99427426,-0.01013925,0.81244217,0.08103463,0.57738301,,,,,,
-0.573140657,-0.069603819,0.816495513,0.106347453,-0.994277537,-0.0101083991,0.81252682,0.0810386877,0.577263242,-0.00205624057,-0.00493705273,-0.000888263574,,,
-0.57301744,-0.0695896,0.8165832,0.10643107,-0.99426921,-0.01004666,0.81260277,0.08115292,0.57714027,,,,,,
-0.572973554,-0.0696369413,0.816610008,0.106457852,-0.994265951,-0.0100906239,0.812630257,0.0811528892,0.577101592,-0.00471982267,-0.000796794891,-0.00308588264,,,
-0.572858776,-0.0695831015,0.816695015,0.106428645,-0.994269282,-0.0100597577,0.812714894,0.0811569293,0.576981787,-3.53056821e-05,-0.0063470006,-0.00116421597,,,
-0.57285878,-0.06954426,0.81669832,0.1064673,-0.9942659,-0.00998502,0.81270983,0.08123167,0.5769784,,,,,,
-0.57282354,-0.06951309,0.81672582,0.10642002,-0.9942711,-0.00998495,0.81274099,0.08119636,0.57693953,-0.00520112,-0.00368571,0.00318495,,,
-0.57277967,-0.06952155,0.81675594,0.10648548,-0.99426447,-0.00995413,0.8127634,0.08127113,0.57689745,,,,,,
-0.57265625,-0.06958508,0.81683692,0.10649171,-0.99426276,-0.01004205,0.81284941,0.08123572,0.5767812,,,,,,
-0.572621012,-0.0695539548,0.816864415,0.106444396,-0.994267977,-0.0100420245,0.812880566,0.0812003642,0.576742316,-0.00814546831,-0.00167959929,0.000178414164,,,
