0,1,2,3,4,5,6,7,8,9,10,11
0.0595089,0.78122887,-0.62140173,0.98972921,0.03488063,0.13863402,0.12997978,-0.62326942,-0.77112932,-0.03638,0.01453245,-0.03501213
0.05979039,0.77989189,-0.62305192,0.98969303,0.03505113,0.13884905,0.1301259,-0.624932,-0.76975784,-0.04835802,-0.00169444,-0.01657696
0.06080359,0.77717595,-0.6263388,0.98960916,0.03497339,0.13946463,0.1302937,-0.62831061,-0.76697392,-0.07801852,-0.02174347,0.019827
0.06222855,0.77632277,-0.62725622,0.98947416,0.03428033,0.14059002,0.13064573,-0.62940258,-0.76601809,-0.0445053,-0.04231763,0.02147401
0.06369471,0.77852699,-0.62437062,0.98934178,0.03283,0.14186262,0.13094195,-0.62675185,-0.76813818,0.0649174,-0.03189039,-0.05047324
0.063762,0.77932223,-0.62337081,0.98937907,0.03239738,0.14170169,0.13062684,-0.62578524,-0.76897938,0.06553607,-0.01901573,-0.04567534
0.06348036,0.77936525,-0.62334578,0.98945177,0.03234542,0.14120503,0.13021265,-0.62573436,-0.76909102,0.05665836,-0.01652759,-0.02413223
0.06278955,0.7794338,-0.62333009,0.98966225,0.03206557,0.13978695,0.1289421,-0.62566343,-0.76936282,0.05146854,0.01004207,0.00900566
0.06222513,0.77991421,-0.6227856,0.98988643,0.03147948,0.13832553,0.12748703,-0.62509432,-0.77006768,0.05621593,0.02144754,-0.01142944
0.06213858,0.78009086,-0.62257293,0.98999852,0.03098325,0.13763345,0.12665594,-0.62489863,-0.77036354,0.059885,0.01633513,-0.02045763
0.06244721,0.78007906,-0.62255676,0.99021388,0.02957768,0.13638748,0.12480678,-0.62498139,-0.77059807,0.08750508,-0.00267887,-0.02671002
0.06307084,0.77800931,-0.62507874,0.99048242,0.02797943,0.1347649,0.12233765,-0.62762927,-0.76883985,0.08133294,-0.03655898,0.00342097
0.06313677,0.77573087,-0.62789758,0.99056574,0.02796606,0.13415445,0.12162757,-0.63044391,-0.76664673,0.08073977,-0.0483067,0.01094842
0.06326177,0.77371324,-0.63036953,0.99055673,0.0283046,0.13414987,0.12163588,-0.63290334,-0.76461626,0.09153611,-0.0704171,0.03860945
0.06322666,0.77296449,-0.63129093,0.99054063,0.02858645,0.13420887,0.12178504,-0.63380491,-0.7638453,0.09578537,-0.07375985,0.04786857
0.06175804,0.77215134,-0.63243033,0.99042892,0.0309525,0.13450783,0.12343567,-0.63468426,-0.76284944,0.13048834,-0.04026454,0.01178484
0.06106098,0.77228861,-0.63233054,0.99041675,0.03174669,0.13441304,0.12388008,-0.63447813,-0.76294909,0.14225081,-0.02264768,0.00438095
0.05906415,0.77279165,-0.63190535,0.99045908,0.03358544,0.13365144,0.1245075,-0.63377043,-0.7634348,0.14335327,0.0227468,-0.00795737
0.05658372,0.77342715,-0.63135469,0.99057003,0.03554165,0.13231712,0.12477704,-0.63288802,-0.76412268,0.13055845,0.04505336,-0.01456259
0.05536242,0.77381323,-0.63098979,0.99064115,0.03639479,0.13155061,0.12476035,-0.6323674,-0.76455632,0.1168769,0.05115854,-0.01722138
0.05317007,0.77479131,-0.62997733,0.99077845,0.0378011,0.13011229,0.12462373,-0.63108603,-0.76563666,0.0822961,0.04105079,-0.01395397
0.05210935,0.7761951,-0.62833565,0.99085213,0.03824543,0.12941886,0.12448523,-0.62933167,-0.76710162,0.06167427,0.020352,-0.01841974
0.05216541,0.77703762,-0.62728866,0.99084837,0.03803207,0.12950997,0.12449114,-0.62830395,-0.76794249,0.05428602,0.00814116,-0.02544543
0.05341789,0.7782862,-0.62563334,0.99074694,0.03697468,0.13058839,0.12476772,-0.62682008,-0.76910956,0.04756463,-0.01707244,-0.02933232
0.05570618,0.77849377,-0.6251754,0.99056561,0.03542802,0.13238066,0.12520625,-0.62665167,-0.7691756,0.03753619,-0.01376712,-0.02451551
0.05723668,0.77827576,-0.62530852,0.99042509,0.03454923,0.13365788,0.1256266,-0.6269714,-0.76884635,0.02648124,-0.00231165,-0.01742038
0.06053629,0.77782411,-0.62555966,0.99006527,0.03289124,0.13670697,0.12690938,-0.62762066,-0.76810552,0.01746183,0.02824187,-0.01083984
0.06405369,0.77748397,-0.62563229,0.98959643,0.0314438,0.14039287,0.12882545,-0.62811617,-0.76738127,0.01854951,0.0558691,-0.00999543
0.06563699,0.77758619,-0.62534106,0.98935618,0.03085051,0.14220599,0.1298695,-0.62801903,-0.76728476,0.02558535,0.07273542,-0.00942566
0.0684788,0.77803203,-0.62448122,0.98887888,0.02989786,0.14568687,0.1320197,-0.62751275,-0.76733207,0.01073014,0.10136627,-0.00916039
0.07098607,0.77945555,-0.62242257,0.9884387,0.02884483,0.14885143,0.1339767,-0.62579297,-0.76839644,-0.03157296,0.09209346,-0.00360878
0.07232399,0.78065842,-0.62075897,0.98820512,0.02814356,0.1505278,0.13498117,-0.62432396,-0.7694152,-0.04936499,0.06903075,-0.00621648
0.08008124,0.78504732,-0.6142375,0.987115,0.02318241,0.15832424,0.13853153,-0.61900185,-0.77307551,-0.05772147,0.00466704,-0.03925228
0.08252057,0.78510522,-0.6138404,0.98685482,0.02150555,0.16017166,0.13895256,-0.61898884,-0.77301021,-0.05381145,-0.01111472,-0.03543817
0.08777924,0.7836154,-0.61501352,0.98635805,0.01793643,0.1636337,0.13925701,-0.6209872,-0.77135091,-0.05414931,-0.01433575,-0.02128162
0.093343466,0.780690781,-0.617906864,0.985857692,0.0142841149,0.166974748,0.139181897,-0.624754239,-0.768316683,-0.0545790121,-0.0151858917,-0.00038860552
0.09600442,0.77914932,-0.61944275,0.985638,0.01244469,0.16841219,0.13892697,-0.62671467,-0.76676442,-0.04370612,-0.02264643,0.01043793
0.10087027,0.77638236,-0.62213782,0.98530311,0.00868774,0.17059347,0.13785069,-0.63020218,-0.76409561,-0.03433207,-0.03963923,0.01674214
0.10508486,0.77397185,-0.62443942,0.98507006,0.00508631,0.17207829,0.1363598,-0.63319944,-0.76188199,-0.02547567,-0.04747164,0.01154487
0.10696513,0.77259367,-0.62582536,0.98498582,0.00344142,0.17260064,0.13550386,-0.63489138,-0.76062569,-0.01872406,-0.03181564,0.00406409
0.110001274,0.769275555,-0.629376499,0.9849428,0.000599609798,0.172879294,0.133369178,-0.63891681,-0.757626456,-0.0118770646,-0.00258421875,-0.00677287765
0.11254328,0.76541983,-0.63361383,0.98497733,-0.00188698,0.17267337,0.13097201,-0.64352849,-0.75413355,-0.00256853,0.02492761,-0.0080341
0.11358339,0.76325453,-0.63603553,0.98503197,-0.00296772,0.17234573,0.12965604,-0.64609098,-0.75216718,0.00462135,0.0290904,-0.00633412
0.11517982,0.75877491,-0.6410883,0.9852329,-0.00495282,0.17114777,0.12668742,-0.65133406,-0.74814047,-0.00514949,0.01111364,0.01453278
0.11654002,0.75474617,-0.6455824,0.985491,-0.00711809,0.16957833,0.12339328,-0.65597831,-0.7446251,-0.02108958,-0.02477962,0.03312532
0.11737621,0.75296529,-0.64750762,0.98559538,-0.00838451,0.16891266,0.12175634,-0.65800684,-0.74310326,-0.02201661,-0.03403121,0.03590372
0.12020392,0.74691339,-0.65396581,0.98601349,-0.01321782,0.1661402,0.1154483,-0.66478985,-0.7380555,0.03948331,-0.0444405,-0.00264127
0.12052699,0.745258,-0.65579238,0.98615637,-0.01410309,0.16521678,0.11388039,-0.66662695,-0.73664071,0.04739623,-0.03847736,-0.00333482
0.12018198,0.74168165,-0.65989741,0.98657187,-0.0151748,0.16262111,0.11059927,-0.67058036,-0.73354599,0.05934662,-0.01484424,0.00810391
0.12018198,0.74168165,-0.65989741,0.98657187,-0.0151748,0.16262111,0.11059927,-0.67058036,-0.73354599,0.05934662,-0.01484424,0.00810391
0.1179223,0.73613869,-0.66647893,0.98745338,-0.01594309,0.15710392,0.10502454,-0.67664293,-0.72878268,0.06411214,0.01743316,0.00998227
0.115674928,0.732691434,-0.670658201,0.988166767,-0.0164183693,0.152501491,0.100725374,-0.680362791,-0.725920505,0.0607906319,0.030686615,0.000266296789
0.11341567,0.72877517,-0.67529523,0.9888791,-0.0169884,0.14774823,0.09620306,-0.6845423,-0.72259729,0.0438697,0.02352238,-0.01532888
0.11240916,0.72654832,-0.67785818,0.98921709,-0.01737121,0.1454228,0.09388147,-0.68689575,-0.7206667,0.0364773,0.02440667,-0.01838532
0.11081614,0.72146363,-0.6835275,0.98981007,-0.01823908,0.14122026,0.08941831,-0.69221194,-0.71613313,0.00657406,0.01247466,-0.01534341
0.10989055,0.71616365,-0.68922678,0.9902573,-0.01921917,0.13791646,0.08552434,-0.69766761,-0.71129827,-0.00644095,0.01654124,0.00166614
0.109693009,0.713787549,-0.691718752,0.990415192,-0.0197243427,0.136706838,0.0839359591,-0.700084528,-0.709109661,-0.000261487789,0.017106412,0.00515384274
0.10966939,0.70966633,-0.69594991,0.99061341,-0.02055968,0.13513819,0.0815945,-0.70423785,-0.70525974,0.01416332,0.02885449,-0.0068744
0.11001565,0.7059763,-0.69963855,0.99070759,-0.02125437,0.13433843,0.0799694,-0.70791653,-0.70175441,0.02762337,0.03486681,-0.00911586
0.1101522,0.70423208,-0.70137269,0.99074678,-0.02150227,0.13400911,0.0792924,-0.70964414,-0.70008419,0.02997268,0.03581071,-0.01070052
0.11060594,0.70074562,-0.70478495,0.99077565,-0.02187923,0.13373415,0.07829344,-0.71307558,-0.69670165,0.02268417,0.03461516,-0.01017816
0.1119404,0.69568724,-0.70956933,0.99066295,-0.02220643,0.13451328,0.07782218,-0.71800151,-0.69167737,0.01356383,0.02708125,-0.00583446
0.11422365,0.6897162,-0.71501369,0.99036954,-0.02237393,0.13662957,0.07823799,-0.72373409,-0.68562955,0.00326392,-0.00513953,0.01639418
0.11613687,0.68753904,-0.7168,0.9901108,-0.02296066,0.13839559,0.07869415,-0.72578428,-0.6834064,0.01046877,-0.03455323,0.00722683
0.11729589,0.68611796,-0.71797195,0.98998909,-0.02363314,0.13915088,0.07850595,-0.72710625,-0.68202135,0.02543459,-0.0304271,-0.01974564
0.11836201,0.67219149,-0.73085496,0.99007602,-0.02373387,0.13851397,0.07576188,-0.73999678,-0.66832985,-0.01867274,0.05227577,0.02515038
0.11845719,0.66715146,-0.73544314,0.99007225,-0.02292122,0.138677,0.07566123,-0.7445692,-0.6632433,-0.06486371,0.04162013,0.02210852
0.11877552,0.66723109,-0.73531974,0.99000314,-0.02284708,0.13918289,0.07606727,-0.74450035,-0.66327456,-0.06023772,0.0243392,0.01561134
0.12049084,0.66729544,-0.7349821,0.98957469,-0.02189896,0.1423457,0.07889127,-0.74447105,-0.66297729,-0.04450974,-0.02511358,-0.00349433
0.12094875,0.66656693,-0.73556766,0.98946657,-0.02157715,0.14314384,0.07954344,-0.74513273,-0.66215539,-0.04051317,-0.03133827,-0.00248017
0.12138141,0.6626136,-0.73906001,0.98928418,-0.01989465,0.14464074,0.08113756,-0.7486971,-0.65792798,-0.00585605,-0.05316513,0.03514839
0.119204109,0.661147831,-0.740725268,0.989542818,-0.0180886405,0.143100696,0.0812120006,-0.750037561,-0.656390327,-0.000967795029,-0.0710474178,0.032336425
0.11496429,0.65997838,-0.74243633,0.99014012,-0.01591482,0.13917323,0.08003556,-0.75111597,-0.6553007,-0.00605974,-0.06807148,-0.004004
0.10777636,0.65511609,-0.74780153,0.991106,-0.01174219,0.1325556,0.07805847,-0.75543695,-0.65055502,-0.0161181,-0.01640522,-0.02460401
0.10164177,0.6496294,-0.75342581,0.99173786,-0.00658788,0.12811106,0.07826117,-0.76022239,-0.64493165,-0.00842836,0.03858733,-0.01243446
0.09760898,0.64740069,-0.75587359,0.9920583,-0.00275494,0.12574894,0.07932758,-0.76214488,-0.64252815,-0.02164471,0.06341194,0.01331466
0.0958045239,0.64730073,-0.756189939,0.992166894,-0.000917536477,0.124915871,0.0801642899,-0.762234141,-0.642318255,-0.0307696089,0.0610469542,0.029370524
0.09324832,0.64974143,-0.75441429,0.9922391,0.00195662,0.12432958,0.08225822,-0.76015285,-0.64451642,-0.04488151,0.0255661,0.03486508
0.09256198,0.65782064,-0.74746511,0.99193723,0.00433957,0.12665495,0.08655984,-0.75316197,-0.65211508,-0.00250493,-0.02979833,-0.02920448
0.09339462,0.66134732,-0.74424265,0.99162242,0.00520703,0.12906518,0.08923218,-0.75006171,-0.65532051,0.04557206,-0.03870207,-0.08768873
0.09425034,0.65865276,-0.74652087,0.99133684,0.00680996,0.13116744,0.09147757,-0.75241622,-0.6523049,0.06129491,-0.03444141,-0.01935824
0.09441811,0.65464514,-0.75001659,0.99124925,0.00799087,0.13176107,0.09225,-0.75589404,-0.64816201,0.03557536,-0.02362919,0.04443504
0.09490356,0.65337534,-0.75106192,0.99110205,0.0087175,0.13281853,0.09332774,-0.75698395,-0.64673433,0.02481341,-0.00495094,0.07063483
0.09635833,0.6586683,-0.74623789,0.99071726,0.00875662,0.13565572,0.09588659,-0.75238237,-0.65171026,0.04522723,0.00777721,0.00242874
0.09732982,0.66322655,-0.74206298,0.99043037,0.00875975,0.13773512,0.09784989,-0.74836744,-0.65602714,0.04876437,0.01833725,-0.0425576
0.09831224,0.66716318,-0.73839554,0.9900439,0.00953799,0.1404353,0.10073606,-0.74485052,-0.65958313,0.00514001,0.01075637,-0.01205033
0.09977416,0.6682635,-0.73720349,0.9897074,0.00973618,0.14277406,0.10258822,-0.74386092,-0.66041391,-0.01045798,-0.00468326,0.02554957
0.10087605,0.66891138,-0.73646559,0.98949772,0.00957454,0.14423093,0.10352902,-0.74328048,-0.66092044,-0.01194367,-0.01595676,0.02998776
0.10372859,0.67012642,-0.73496324,0.98900727,0.00879814,0.14760493,0.10538028,-0.74219484,-0.66184729,0.00432164,-0.00927573,0.01310201
0.10372859,0.67012642,-0.73496324,0.98900727,0.00879814,0.14760493,0.10538028,-0.74219484,-0.66184729,0.00432164,-0.00927573,0.01310201
0.10855296,0.67043778,-0.73398192,0.98825708,0.0070904,0.15263581,0.10753704,-0.74193189,-0.6617952,0.02989403,0.00335944,-0.00991562
0.11145411,0.66877819,-0.73506036,0.98788131,0.00583963,0.15510136,0.1080209,-0.74343907,-0.66002263,0.02447548,0.00789297,-0.00434052
0.11382219,0.66579088,-0.73740553,0.9876264,0.00477051,0.15675213,0.10788191,-0.74612307,-0.65700966,0.01122409,-0.00505006,0.01421374
0.114677632,0.664120518,-0.738778004,0.98755098,0.00438768251,0.157237926,0.107666442,-0.747612628,-0.655349694,0.000512263272,-0.0134515753,0.0251741074
0.11788403,0.65823731,-0.74352336,0.98721353,0.00321957,0.15937082,0.10729764,-0.7528036,-0.64944124,-0.02118255,-0.03873169,0.02686593
0.12103193,0.65647342,-0.74457641,0.98672941,0.00222753,0.16235833,0.10824253,-0.75434595,-0.64749204,0.00789869,-0.02385521,0.01459442
0.12156857,0.65702491,-0.74400233,0.98657955,0.00233239,0.16326512,0.1090046,-0.75386535,-0.64792382,0.04300746,-0.01504856,-0.0102971
0.12077719,0.65587354,-0.74514602,0.98667261,0.00313829,0.16268717,0.10904063,-0.75486412,-0.6467534,0.02887314,-0.01187086,-0.00651855
0.120005308,0.65395094,-0.746958445,0.986781108,0.00396959006,0.162010232,0.108911871,-0.756526562,-0.644830064,0.0171129927,-0.000912666263,-0.0102497544
0.11904915,0.65078698,-0.74986909,0.98690265,0.00524413,0.16123185,0.10886002,-0.7592423,-0.64163909,-0.00445038,0.02792394,-0.00190988
0.119127989,0.64956167,-0.750918155,0.986788117,0.00618554781,0.161897671,0.109807332,-0.760283685,-0.640242855,-0.0104967095,0.0413608514,4.50813677e-05
0.12196971,0.65177108,-0.74854382,0.98622505,0.00531238,0.16532372,0.11172977,-0.75839715,-0.64214502,0.00677789,0.01838434,-0.02476218
0.1226685,0.65179931,-0.74840501,0.9861242,0.00494115,0.16593553,0.11185463,-0.75837537,-0.64214895,0.01019829,0.01732826,-0.020581
0.125956,0.64987094,-0.74953517,0.98575608,0.00288907,0.16815693,0.11144581,-0.76003918,-0.64025035,0.0059327,0.02004111,0.00493555
0.129405114,0.648171549,-0.750418506,0.985417994,0.000256377834,0.170150762,0.110479264,-0.761494286,-0.638686727,-0.0177961215,-0.0143994084,0.00800031889
0.129903121,0.648019966,-0.750463322,0.985354205,-4.89333212e-05,0.170519697,0.110463407,-0.761623267,-0.638535541,-0.0115926154,-0.0120685091,-0.00285340473
0.130571253,0.647116588,-0.751126632,0.985183276,0.000285858708,0.171504436,0.111198063,-0.762390963,-0.637491108,-0.0153131587,0.00153267372,0.00740064774
0.130327117,0.647070821,-0.751208512,0.985185258,0.000664652835,0.171492284,0.111466958,-0.762429636,-0.637398016,-0.0198188778,0.00506615592,0.0156991798
0.12915374,0.64947484,-0.74933415,0.98518187,0.0019586,0.17150147,0.11285351,-0.7603805,-0.63959786,-0.01622895,-0.01297206,0.00706277
0.12805609,0.651227,-0.74800069,0.98532811,0.00226247,0.1706558,0.112828,-0.75887962,-0.64138254,0.01218512,-0.01336181,-0.0420494
0.12585534,0.64827221,-0.75093512,0.98578273,0.00321887,0.16799415,0.11132309,-0.76140184,-0.63865043,0.00904902,0.01263773,-0.02020609
0.12155838,0.6431362,-0.75604192,0.98658955,0.00529984,0.1631348,0.1089248,-0.76573346,-0.63386722,-0.02911229,0.01343,0.02540313
0.11864242,0.64449775,-0.75534537,0.98697546,0.00668868,0.16073175,0.10864351,-0.76457694,-0.6353099,-0.01916335,-0.01117849,-0.02058258
0.11623717,0.64648234,-0.75402219,0.98721026,0.00819724,0.15921264,0.10910904,-0.76288488,-0.63726117,-0.00602191,-0.0056203,-0.04043934
0.11367416,0.64575885,-0.75503227,0.98757481,0.00955733,0.15685886,0.1085091,-0.76348163,-0.63664876,-0.00277238,0.00900626,-0.00841795
0.113216456,0.645583896,-0.755250537,0.987642574,0.00978459969,0.156417083,0.10837014,-0.763626604,-0.63649835,0.000505793141,0.00762510253,-0.0128586199
0.112758732,0.645505912,-0.755385698,0.987724088,0.00989342563,0.155894863,0.108104395,-0.763691168,-0.636466164,-0.000338569749,-0.00162118662,-0.0187303498
0.11240578,0.6458811,-0.75511754,0.98778922,0.00986995,0.15548307,0.10787654,-0.76337418,-0.63688495,-0.00483795,-0.00607634,-0.01572722
0.11222209,0.64640777,-0.7546941,0.98780673,0.00990531,0.15536972,0.10790767,-0.76292783,-0.63741436,-0.00635669,-0.00384748,-0.00851929
0.11191585,0.64803643,-0.75334164,0.9878608,0.00963349,0.15504273,0.10773065,-0.76154841,-0.63909165,-0.00377128,-0.00798845,0.00230585
0.11184328,0.65149908,-0.75035992,0.98794817,0.00840774,0.15455646,0.10700222,-0.75860282,-0.64270697,0.01258626,-0.0112226,0.00925317
0.1121748,0.65350918,-0.74856023,0.98802301,0.0069749,0.15414832,0.10595842,-0.75688634,-0.64489967,0.02662979,-0.00821,0.00734265
0.11238898,0.6547515,-0.74744182,0.98818574,0.00523236,0.153172,0.10420051,-0.75582617,-0.64642804,0.02955983,-0.01645791,-0.00162467
0.11234213,0.65495529,-0.74727025,0.98832467,0.0042465,0.15230337,0.10292519,-0.75565571,-0.64683141,0.03297621,-0.024297,0.00589423
0.111309601,0.653149887,-0.749002954,0.989047531,0.000703013668,0.147595793,0.0969287448,-0.757228342,-0.645918035,0.0203064457,-0.0477666222,0.0204503741
0.110982872,0.652270164,-0.749817567,0.989241871,-0.000151587889,0.14628889,0.0953061963,-0.757986512,-0.645269774,0.021604009,-0.043370124,0.0162900053
0.11054201,0.64976395,-0.75205533,0.98956352,-0.00157874,0.14408844,0.09243615,-0.76013437,-0.64315721,0.02073785,-0.01970184,-0.0021252
0.11030531,0.64634256,-0.75503244,0.98980056,-0.00253026,0.14243732,0.09015286,-0.76304315,-0.64002932,0.00758779,0.00340319,-0.00246702
0.110167055,0.644276916,-0.756815931,0.989896003,-0.00273360546,0.141768443,0.089269253,-0.76478732,-0.63806828,0.000479033391,0.0197395068,0.000210076687
0.1101927,0.64040832,-0.76008861,0.98999416,-0.00290137,0.14107832,0.08814241,-0.7680291,-0.6343202,-0.00396102,0.05488407,0.01735866
0.11052276,0.63855043,-0.76160223,0.98994992,-0.0027052,0.14139203,0.08822561,-0.76957515,-0.63243192,-0.01365695,0.07648908,0.04117049
0.11221037,0.64214502,-0.75832616,0.98954251,-0.00260492,0.14421784,0.09063337,-0.76657873,-0.63572209,-0.01737322,0.04512047,0.02116865
0.11400416,0.64694706,-0.75396447,0.98916637,-0.0032703,0.14676188,0.09248142,-0.76252781,-0.64031108,0.00845659,-0.00560689,-0.01080752
0.11488758,0.64904557,-0.75202433,0.98900576,-0.00378083,0.14782827,0.09310397,-0.76074006,-0.64234417,0.01576658,-0.02881563,-0.01975637
0.11684114,0.65151759,-0.74958186,0.98873709,-0.00523279,0.14957126,0.09352589,-0.75861547,-0.64479101,0.03327692,-0.05278456,-0.03122929
0.11891664,0.65090555,-0.74978724,0.98855625,-0.00702213,0.15068962,0.09281965,-0.75912633,-0.64429181,0.04856547,-0.04220843,-0.03207738
0.11995649,0.64956109,-0.75078683,0.98848842,-0.00791232,0.15108962,0.09220148,-0.76026826,-0.64303275,0.04992961,-0.03198123,-0.03163685
0.12269358,0.64091211,-0.75774529,0.98855985,-0.01143506,0.15039492,0.08772505,-0.76752907,-0.63498298,0.01608651,-0.03209269,-0.00445279
0.12315149,0.63868094,-0.75955268,0.98863225,-0.01243377,0.1498385,0.08625485,-0.76937114,-0.63295179,0.00471699,-0.03151142,0.00888543
0.12552902,0.63345337,-0.76353077,0.98874096,-0.01669675,0.14870261,0.08144766,-0.77360066,-0.62841721,-0.0139242,0.03541231,0.00159817
0.12626536,0.63353793,-0.76333916,0.98869191,-0.01761369,0.14892269,0.08090292,-0.77351106,-0.62859782,-0.00945331,0.04802858,-0.00980967
0.12764007,0.6344286,-0.7623701,0.98857868,-0.01928272,0.1494662,0.08012498,-0.77274077,-0.62964381,0.00530633,0.02476942,-0.00697465
0.12871205,0.63564001,-0.76117989,0.9885048,-0.02084417,0.14974508,0.07931774,-0.77170403,-0.63101608,0.00106698,-0.02362478,0.01530227
0.12905111,0.63648014,-0.76042001,0.98849113,-0.02152711,0.1497384,0.07893577,-0.77099243,-0.63193303,0.00272193,-0.02843594,0.02596695
0.12984407,0.63928762,-0.75792593,0.98838106,-0.02253612,0.15031578,0.07901425,-0.76863729,-0.63478594,0.00814819,-0.01533818,0.02111868
0.13080832,0.64375546,-0.75396815,0.98819527,-0.02349156,0.15138736,0.07974451,-0.76487053,-0.63922898,0.03009875,-0.00186318,-0.00522144
0.13110039,0.64590679,-0.75207516,0.98814422,-0.02399817,0.15164103,0.07989751,-0.76303894,-0.64139522,0.03657117,0.00323629,-0.00214142
0.13096479,0.64936623,-0.74911392,0.98817341,-0.02471368,0.15133566,0.07975888,-0.76007412,-0.64492306,0.04822252,0.00385141,0.00142485
0.12965391,0.65162386,-0.74737947,0.98843937,-0.02519113,0.14950873,0.07859607,-0.75812373,-0.64735679,0.04436903,-0.00986445,0.01016338
0.12882948,0.65252639,-0.74673426,0.98862533,-0.02558172,0.14820684,0.07760604,-0.75733389,-0.64839977,0.03998313,-0.00688863,0.01525743
0.12761368,0.65421778,-0.74546221,0.98892882,-0.02654342,0.14599764,0.07572716,-0.75584033,-0.65036213,0.02866647,0.0046587,-0.00694224
0.1269879,0.65538246,-0.74454536,0.98913566,-0.02762725,0.14438574,0.07405809,-0.75479165,-0.65177047,0.00464828,0.01322913,-0.0161996
0.12668627,0.65544551,-0.74454127,0.9892402,-0.02811299,0.14357371,0.07317344,-0.754719,-0.65195457,0.00131488,0.02261424,-0.0127988
0.12601635,0.65439605,-0.74557735,0.98946548,-0.02892607,0.14184931,0.07125897,-0.75559842,-0.65114745,-0.00190581,0.00446248,-0.00270259
0.12535346,0.65303668,-0.74688001,0.98964267,-0.02922202,0.14054763,0.06995747,-0.75676241,-0.64993606,-0.01666312,-0.02887761,0.01584283
0.12507389,0.65289724,-0.74704861,0.98969278,-0.02917059,0.14020405,0.06974695,-0.75688451,-0.64981615,-0.02181458,-0.03371864,0.0206489
0.125172782,0.654228792,-0.74586613,0.989606395,-0.0286923772,0.140910325,0.0707868505,-0.755752092,-0.651020476,-0.018432878,-0.00239092088,0.000316346064
0.1255703,0.65777253,-0.7426758,0.98936218,-0.02760558,0.14282984,0.07344753,-0.75271055,-0.6542417,-0.00499098,0.02641737,-0.02382483
0.12555501,0.65981721,-0.74086231,0.98924913,-0.02682619,0.14375759,0.07497913,-0.75094696,-0.65609173,0.00639006,0.03794884,-0.02569496
0.1247892,0.66416086,-0.73710109,0.98911084,-0.02485468,0.1450586,0.07802184,-0.74717642,-0.6600303,0.02279911,0.03338599,-0.00724113
0.12302804,0.66953144,-0.73252421,0.98910161,-0.02256613,0.14549481,0.08088311,-0.74244083,-0.66501089,0.02717416,-0.01097667,-0.00246351
0.12216195,0.67272998,-0.7297333,0.98909167,-0.02154682,0.14571631,0.08230425,-0.73957416,-0.6680238,0.02298535,-0.03157317,-0.0151168
0.12077907,0.67977992,-0.72340278,0.98903866,-0.02004958,0.14628887,0.08494028,-0.73314198,-0.67475017,0.01468924,-0.04940652,-0.04667295
0.11965773,0.68609451,-0.71760448,0.98895866,-0.01872347,0.14700345,0.08742216,-0.72727132,-0.6807595,0.02326367,-0.0348283,-0.0556685
0.11897998,0.68872209,-0.71519615,0.98893293,-0.01790263,0.14727873,0.08863018,-0.72480429,-0.68322999,0.02176838,-0.0260545,-0.05222322
0.11689088,0.69305845,-0.71134129,0.98900315,-0.01588744,0.14703836,0.09060476,-0.72070625,-0.68729408,0.02264878,-0.00389689,-0.00605004
0.11392388,0.69812632,-0.70685295,0.98916728,-0.01341114,0.1461792,0.09257188,-0.71584908,-0.69209157,0.04556826,0.00638664,0.01153668
0.11209169,0.70159841,-0.70370094,0.98928185,-0.01210179,0.14551575,0.09357754,-0.71246972,-0.69543507,0.05729434,0.00583553,-0.00268889
0.10823252,0.71007113,-0.69576195,0.98952181,-0.00967172,0.14405905,0.09556295,-0.7040635,-0.70367766,0.0685359,0.00259793,-0.04392318
0.10182949,0.72138145,-0.68501057,0.99003679,-0.00617175,0.14067327,0.09725134,-0.69251038,-0.71482264,0.07524565,0.01989174,-0.0724063
0.09732736,0.72561328,-0.6811849,0.99047163,-0.00361268,0.13766994,0.09743427,-0.68809334,-0.71905099,0.05322611,0.01898157,-0.04456027
0.0930103773,0.728175467,-0.679050518,0.990883486,-0.000936280688,0.134718572,0.0974629927,-0.685390156,-0.721624135,0.0243218914,0.00139927852,0.00809810963
0.0911062455,0.729760738,-0.677605226,0.991034094,0.00033502466,0.133608491,0.0977292218,-0.683702472,-0.723187242,0.00966504682,-0.0159267168,0.0212730542
0.08528908,0.74106523,-0.66599404,0.99119869,0.00481627,0.13229481,0.10124668,-0.67141574,-0.7341321,0.05485876,-0.04047989,-0.02923884
0.08391742,0.74421743,-0.66264493,0.99120228,0.00596159,0.13222144,0.10235192,-0.66791085,-0.73716973,0.07330377,-0.03021926,-0.04095234
0.0808567,0.7494396,-0.65711677,0.99126756,0.00843713,0.13159566,0.10416717,-0.66201894,-0.74221296,0.07867433,0.00273752,-0.03799769
0.07764381,0.75335847,-0.65301024,0.99139408,0.0109028,0.13045624,0.10539993,-0.65751963,-0.74602858,0.06107673,0.02802694,-0.02117479
0.07611286,0.75503366,-0.65125344,0.99147449,0.0119681,0.12975028,0.10576011,-0.65557683,-0.74768569,0.05755707,0.03891444,-0.01632999
0.07343484,0.75852844,-0.64748892,0.99157481,0.01393457,0.12878348,0.10670841,-0.65149091,-0.75111441,0.05191,0.05215144,-0.00924211
0.07089808,0.76247051,-0.64312683,0.99163085,0.01586567,0.12812678,0.10789651,-0.64682837,-0.75496443,0.04921336,0.05986046,-0.03307499
0.06973232,0.76440049,-0.64095971,0.99164949,0.01675689,0.12786925,0.10848382,-0.64452397,-0.75684886,0.04490436,0.05941677,-0.0349947
0.06753433,0.76823573,-0.63659473,0.99168723,0.01835497,0.12735536,0.10952358,-0.63990376,-0.76060996,0.03648702,0.06904494,-0.02532063
0.06504735,0.7743088,-0.62945596,0.99174685,0.01967806,0.12669271,0.11048577,-0.63250197,-0.76663831,0.00614435,0.05280232,-0.00573439
0.064713446,0.778649478,-0.624112958,0.99171978,0.019337657,0.126955694,0.110922819,-0.627160953,-0.770950668,-0.00324832345,0.020922659,0.000154949841
0.06546465,0.78267444,-0.61897907,0.99165688,0.01800173,0.12764238,0.11104512,-0.62217092,-0.77496602,-0.00818069,-0.00716281,0.00178561
0.06769945,0.78714854,-0.61303673,0.99152946,0.01518226,0.12899189,0.11084309,-0.61657664,-0.77945315,0.00333257,-0.02532768,0.00484515
0.06933607,0.78852365,-0.61108348,0.99148267,0.01322698,0.12956554,0.1102483,-0.61486223,-0.78089044,-0.00478916,-0.03276336,0.01652042
0.06992595,0.78882549,-0.61062637,0.99148535,0.01244857,0.12962126,0.10984994,-0.61449103,-0.78123843,-0.00903401,-0.03675919,0.03312395
0.07082341,0.78925262,-0.60997069,0.99151613,0.01111572,0.12950716,0.10899411,-0.61396795,-0.78176944,-0.02614571,-0.02568948,0.05245062
0.07137711,0.79010684,-0.60879916,0.99153154,0.01018364,0.12946594,0.1084917,-0.61288449,-0.78268897,-0.03759145,-0.01775217,0.06547488
0.07158152,0.7909206,-0.60771771,0.99152823,0.00978373,0.12952293,0.10838814,-0.61184068,-0.78351978,-0.03404213,-0.01149678,0.06238616
0.07149413,0.79286181,-0.60519307,0.99158518,0.00915302,0.12913154,0.10792279,-0.60933265,-0.78553563,-0.03060658,-0.00409061,0.04392061
0.0707200708,0.79473452,-0.602823198,0.991728718,0.00887490695,0.128044857,0.107111693,-0.606892395,-0.787533419,-0.0369990356,0.000289142103,0.0316172019
0.07020628,0.79539371,-0.60201329,0.9918111,0.00888575,0.12740434,0.10668597,-0.60602803,-0.78825649,-0.04279923,0.00340426,0.03262783
0.06890758,0.79633877,-0.60091275,0.99198626,0.00924674,0.12600622,0.10590007,-0.60478002,-0.78931993,-0.05732498,-0.00512481,0.05040756
0.06721345,0.79703053,-0.60018731,0.99217437,0.01004862,0.12445555,0.10522596,-0.60385552,-0.79011787,-0.06073742,-0.01523006,0.05548364
0.06641796,0.79735039,-0.59985087,0.99225111,0.01048669,0.12380564,0.10500694,-0.60342559,-0.79047531,-0.05709515,-0.01406741,0.05358469
0.06490805,0.79784604,-0.59935691,0.99238959,0.01137315,0.12261166,0.10464182,-0.60275402,-0.79103589,-0.05453381,-0.00988382,0.04178172
0.0628372224,0.798126972,-0.599203409,0.992522173,0.0129794972,0.121372028,0.104647623,-0.602349375,-0.791343114,-0.0458323061,0.000860094966,0.0275921337
0.06171727,0.79811019,-0.59934223,0.99258556,0.01392018,0.12074822,0.10471334,-0.60235069,-0.79133353,-0.04103206,0.00752139,0.0254908
0.0591309,0.79770077,-0.60014744,0.99272554,0.01617348,0.11930781,0.10487838,-0.60283649,-0.79094156,-0.03901565,0.03257978,0.02335036
0.05632164,0.79703599,-0.60129989,0.99283965,0.01883408,0.11796084,0.10534398,-0.60363811,-0.79026817,-0.04782025,0.03912139,0.0165353
0.05502005,0.7967053,-0.60185833,0.99287208,0.02017034,0.11746564,0.10572519,-0.6040313,-0.78991667,-0.05312861,0.03730178,0.02045344
0.05279232,0.79619788,-0.60272864,0.99286419,0.02277891,0.1170544,0.10692794,-0.60460728,-0.7893138,-0.06601323,0.0161798,0.02022963
0.05111814,0.79604412,-0.60307595,0.99278823,0.02506191,0.11723199,0.10843605,-0.60471941,-0.78902211,-0.06026144,-0.00617933,0.00696877
0.04917071,0.79531028,-0.60420504,0.99259727,0.02835108,0.11809656,0.11105325,-0.60553918,-0.78802876,-0.03430033,-0.02061736,-0.01360024
0.0479694212,0.794252781,-0.605690882,0.992462991,0.0305588855,0.118673317,0.112765848,-0.606818477,-0.786800598,-0.0300016813,-0.0175770503,0.000816812739
0.04733192,0.7937495,-0.60640039,0.9924032,0.03164866,0.11888757,0.11355872,-0.60742086,-0.78622156,-0.0273847,-0.01623785,0.00421471
0.04608786,0.79293865,-0.60755596,0.992303,0.03363901,0.11917722,0.11493782,-0.60837222,-0.78528505,-0.02712655,-0.00962496,0.0023773
0.04477158,0.79270167,-0.60796341,0.99223451,0.03540643,0.11923513,0.11604368,-0.60858064,-0.78496075,-0.02903527,-0.01155323,-0.00682104
0.04407143,0.79270995,-0.6080037,0.99221619,0.03621901,0.11914305,0.11646713,-0.60852195,-0.78494341,-0.02927216,-0.01055372,-0.01182354
0.04298371,0.79263694,-0.6081768,0.99217521,0.03755644,0.11907052,0.11722063,-0.60853605,-0.7848204,-0.03009822,-0.01767707,-0.02661184
0.04205071,0.79214907,-0.6088773,0.99214368,0.03876056,0.11894753,0.11782459,-0.6090956,-0.78429578,-0.02824753,-0.01370656,-0.03047604
0.04162001,0.79174146,-0.60943679,0.99213394,0.03932472,0.11884349,0.11805924,-0.6095892,-0.78387687,-0.03157903,-0.01127976,-0.02582112
0.04074593,0.79074164,-0.61079245,0.9921395,0.04036806,0.11844668,0.11831722,-0.61081754,-0.78288118,-0.03060319,-0.0050689,-0.01370131
0.03986076,0.79002564,-0.61177654,0.99217661,0.04119852,0.11784817,0.11830735,-0.6116879,-0.78220275,-0.02669911,-0.00419384,-0.00532839
0.03941916,0.78993001,-0.61192855,0.9922036,0.04151647,0.1175085,0.11822857,-0.61178984,-0.78213485,-0.02128894,-0.00514352,-0.00644749
0.03855766,0.79002857,-0.61185621,0.99227494,0.04198236,0.11673809,0.11791355,-0.61163077,-0.7823068,-0.01269236,-0.00835574,-0.00756196
0.03761234,0.79032695,-0.61152968,0.99236862,0.04237266,0.11579732,0.11742987,-0.61121829,-0.78270192,-0.01005512,-0.01056909,-0.01115399
0.03720216,0.79040325,-0.61145622,0.99241264,0.04253295,0.11536081,0.1171886,-0.61110854,-0.78282386,-0.00815583,-0.00789696,-0.00756693
0.03627571,0.79040934,-0.6115039,0.99249426,0.0430147,0.11447601,0.11678653,-0.61106684,-0.78291633,-0.00930552,-0.00178778,-0.01128665
0.0354319753,0.7902995,-0.611695347,0.992568294,0.0434719881,0.113658659,0.116415974,-0.611176577,-0.782885922,-0.00701601477,-0.000965833606,-0.0138712907
0.03510467,0.79023155,-0.61180191,0.99259911,0.04364153,0.11332363,0.11625183,-0.61125227,-0.7828511,-0.00721541,0.00444448,-0.01096484
0.0344497214,0.790067495,-0.612051073,0.992655192,0.0440136006,0.112687264,0.115969102,-0.611437735,-0.782748341,-0.0117400736,0.0125274649,-0.000174568733
0.03388128,0.79014445,-0.61198349,0.99268961,0.04436898,0.11224401,0.11584206,-0.61131263,-0.7828649,-0.00497803,0.01047802,0.00196823
0.03371442,0.79031956,-0.61176654,0.99269209,0.04448519,0.11217601,0.11586944,-0.61107776,-0.78304418,-0.00264934,0.00771892,-0.0026394
0.03350577,0.79055249,-0.61147703,0.99269787,0.0446138,0.11207401,0.1158807,-0.61076706,-0.78328495,-0.00475364,-0.00210077,-0.00838326
0.03323279,0.79063736,-0.61138217,0.99270506,0.04482379,0.11192627,0.11589756,-0.6106418,-0.78338009,-0.00413715,-0.00447535,-0.00544912
0.03308502,0.7906332,-0.61139548,0.99271837,0.0448967,0.11177845,0.11582536,-0.61064174,-0.78339068,0.00235808,-0.00185913,-0.00573451
0.0328086,0.79038942,-0.61172541,0.99274525,0.04506544,0.11147105,0.11567317,-0.61094475,-0.7831768,0.00468273,0.00710797,-0.00339715
0.03244837,0.79014853,-0.61205594,0.99275736,0.04539207,0.11123148,0.1156719,-0.6112323,-0.78295288,,,
0.0322265541,0.790085865,-0.612148488,0.992766512,0.0455678422,0.111077539,0.115655078,-0.611300166,-0.782902294,0.00285452814,-0.000362038583,0.00693393871
0.0318795,0.79014019,-0.61209643,0.99277457,0.04584771,0.11088964,0.11568155,-0.61120891,-0.78296948,0.00121905,-0.0062443,-0.0015195
0.03119457,0.79013102,-0.61214368,0.9927907,0.04641873,0.11050766,0.11573047,-0.61117779,-0.78298672,0.00279019,-0.00242728,-0.00841893
0.0304678,0.79015106,-0.61215445,0.99280415,0.0470356,0.11012554,0.11580888,-0.61110475,-0.78303218,,,
0.02970222,0.79052881,-0.61170418,0.99279511,0.04774034,0.10990339,0.11608477,-0.61056129,-0.78341515,0.00235305,-0.00278461,0.01030505
0.0293996872,0.790853072,-0.611299396,0.992779428,0.0480497955,0.109909512,0.116295054,-0.610116802,-0.783730003,2.16569752e-05,-0.00224822736,0.00481303222
0.02872204,0.79188303,-0.60999704,0.99274543,0.04868056,0.10993996,0.1167546,-0.60872945,-0.78474005,0.00547534,-0.00305402,0.00513214
0.02812774,0.79323504,-0.60826546,0.99270643,0.04919625,0.11006157,0.11722904,-0.60692485,-0.78606573,0.01300447,-0.00245965,0.00104095
0.02776025,0.79387705,-0.6074442,0.99269874,0.04946368,0.11001095,0.11738156,-0.60606307,-0.78670762,0.01570795,-0.0013904,-0.00221868
0.02720243,0.79492501,-0.60609762,0.99269262,0.04982662,0.10990333,0.11756472,-0.60465826,-0.78776079,0.01754002,0.00204575,-0.00099887
0.0264529105,0.795641878,-0.605189463,0.992710816,0.0503009018,0.109522118,0.11758197,-0.603675294,-0.788511696,0.0119859613,0.00466895057,-0.00047625252
0.026019776,0.795892621,-0.604878388,0.992739694,0.05050915,0.109163572,0.117434364,-0.603327208,-0.788799957,0.00795923173,0.00621199561,0.000571806915
0.02526922,0.79625481,-0.60443335,0.99277142,0.05097542,0.10865701,0.11732989,-0.60280985,-0.78921091,0.00858196,0.00543618,0.0072927
0.02445498,0.79652573,-0.60410989,0.99281436,0.05145677,0.10803654,0.11713944,-0.60241099,-0.78954381,0.00719076,0.00841117,0.01120096
0.02410597,0.79660569,-0.60401841,0.99282553,0.05170554,0.10781445,0.1171167,-0.60228388,-0.78964405,0.00714825,0.00808537,0.00822454
0.02346032,0.79686053,-0.60370756,0.99281426,0.05230947,0.10762663,0.11734301,-0.60189445,-0.78990729,0.00386314,0.00273609,0.00350427
0.02265426,0.79732697,-0.6031223,0.99275141,0.05328282,0.10772922,0.11803148,-0.60119104,-0.79034039,0.00244703,-0.01141846,0.00464048
0.02199639,0.79758506,-0.60280532,0.99271715,0.05400817,0.10768372,0.11844334,-0.60078383,-0.79058838,0.00665132,-0.01667636,0.01264599
0.02136961,0.79784601,-0.60248233,0.99266824,0.05477554,0.10774633,0.11896624,-0.60036761,-0.79082586,0.01866402,-0.00304288,0.00664108
0.02099768,0.7979894,-0.60230542,0.99264527,0.05520085,0.10774063,0.1192236,-0.60013798,-0.79096131,0.01997514,-0.00141776,0.00484916
