0,1,2,3,4,5,6,7,8,9,10,11
-0.08080197,0.43297131,-0.8977788,0.98853954,0.15004548,-0.01660835,0.12751667,-0.88883188,-0.44013321,-0.03504403,0.01522237,-0.00598072
-0.07931531,0.43148375,-0.8986272,0.98878463,0.14849172,-0.01597326,0.12654649,-0.88981569,-0.43842217,-0.04471814,0.01830989,0.00734563
-0.07651144,0.4283556,-0.90036504,0.98919625,0.14586117,-0.01466579,0.12504603,-0.89175993,-0.43488774,-0.04870873,0.01897651,0.03405329
-0.07403323,0.42633739,-0.90152957,0.98949418,0.14397159,-0.01317199,0.12417895,-0.8930334,-0.43251706,-0.04499756,0.01440138,0.04478472
-0.07109115,0.42561899,-0.90210547,0.98974371,0.14244558,-0.01079101,0.12390799,-0.89362047,-0.43138029,-0.03688609,0.0055396,0.01822173
-0.07022276,0.42504193,-0.90244556,0.98976807,0.14233578,-0.00997918,0.12420867,-0.89391262,-0.43068811,-0.04559255,0.00276774,0.01543534
-0.07017582,0.42452046,-0.90269458,0.9897409,0.14252886,-0.00991433,0.12445111,-0.89412958,-0.43016729,-0.04087476,0.00303143,0.01860991
-0.07051808,0.42336259,-0.90321165,0.98965678,0.1430926,-0.01019546,0.12492652,-0.89458851,-0.42907427,-0.03416112,0.00620049,0.02144798
-0.0709587337,0.422361999,-0.903645514,0.989601768,0.143438482,-0.0106655928,0.125112805,-0.895006008,-0.428148397,-0.0331447497,0.00608974695,-0.000912794843
-0.07136491,0.42192857,-0.90381607,0.98957193,0.14361214,-0.01109357,0.12511832,-0.89518264,-0.42777757,-0.03326567,0.00121123,-0.00620496
-0.07223286,0.42109974,-0.90413351,0.98952576,0.14385201,-0.01205601,0.12498463,-0.89553425,-0.42707987,-0.0278239,-0.00171208,-0.01358785
-0.07320267,0.4197777,-0.90467018,0.98945053,0.14427631,-0.01311681,0.12501636,-0.89608654,-0.4259107,-0.02146899,-0.00131053,-0.00929666
-0.07363305,0.41929875,-0.90485722,0.98940158,0.14457397,-0.01351934,0.12515011,-0.89626269,-0.42550023,-0.01617265,-0.00516725,-0.01437795
-0.07450583,0.41837688,-0.90521251,0.98928614,0.14529001,-0.01427465,0.12554616,-0.89657772,-0.4247194,-0.01396914,-0.00128156,-0.01493162
-0.075408966,0.417733901,-0.905434697,0.989174706,0.145970395,-0.0150378422,0.125884886,-0.896767039,-0.424219312,-0.00597956358,0.000685870647,-0.0113199018
-0.0758821853,0.417609271,-0.905452563,0.989106961,0.146393384,-0.0153739634,0.126131938,-0.896756063,-0.424168876,-0.00681013986,0.000497639179,-0.0116664125
-0.0766389441,0.417535103,-0.905423081,0.988980603,0.147196285,-0.0158321377,0.126664457,-0.896659204,-0.424215097,-7.03777187e-06,-0.00187629461,-0.0078014601
-0.07733244,0.41778855,-0.90524713,0.9888688,0.14790369,-0.01621569,0.12711465,-0.89642466,-0.42457581,0.00388128,-0.00927502,-0.01587203
-0.0776728,0.41795576,-0.90514082,0.98881316,0.14825566,-0.01639479,0.12733995,-0.89628859,-0.42479558,0.00490769,-0.00605899,-0.01927645
-0.07829646,0.41805541,-0.90504095,0.98871458,0.14886933,-0.01676981,0.12772206,-0.89614029,-0.42499337,0.00648149,-0.00423473,-0.02210872
-0.0787309887,0.41821284,-0.904930517,0.988642346,0.149321674,-0.0170053782,0.128013796,-0.895991569,-0.425219117,0.00344255101,0.00089854002,-0.0205225442
-0.078894952,0.418395605,-0.904831869,0.988606452,0.1495552,-0.0170449516,0.128190781,-0.895867381,-0.425427747,0.00368933426,-0.000577151775,-0.0171874855
-0.07897067,0.41922545,-0.904441,0.98856571,0.14984477,-0.0168602,0.12845748,-0.89543088,-0.42626521,0.00604774,-0.00667,-0.02637453
-0.07870617,0.42000585,-0.90410195,0.98856471,0.14990017,-0.0164221,0.12862763,-0.89505584,-0.42700101,0.0121666,-0.00463027,-0.03064796
-0.07850459,0.4202626,-0.90400016,0.98857567,0.14985387,-0.0161834,0.12866661,-0.89494307,-0.42722558,0.01541683,-0.00581729,-0.03599226
-0.07780491,0.42112023,-0.90366153,0.98861328,0.14969253,-0.01536018,0.1288029,-0.89456688,-0.42797187,0.01573232,-0.00509757,-0.02900979
-0.07703394,0.42294533,-0.9028748,0.98865695,0.14950704,-0.01431751,0.12893057,-0.89373642,-0.42966493,0.00971713,0.00880021,-0.03032843
-0.07655822,0.4244644,-0.90220206,0.98867906,0.14942794,-0.01359433,0.12904379,-0.89302915,-0.43109895,0.00917735,0.00479907,-0.02390377
-0.07547782,0.42859512,-0.90033854,0.9887608,0.14902844,-0.01194722,0.12905559,-0.89112113,-0.43502643,-0.02004652,-0.00680989,-0.02970797
-0.0744584504,0.432960809,-0.898332283,0.988884207,0.148317885,-0.0104804713,0.128701115,-0.889126961,-0.439191629,-0.0812080726,0.000578045845,-0.0125081521
-0.07435006,0.43553549,-0.89709581,0.98897715,0.14771289,-0.0102512,0.12804785,-0.88796945,-0.44171711,-0.12319249,-0.02053583,0.04449531
-0.0756349,0.44464578,-0.89250734,0.98929663,0.14547497,-0.01136194,0.12478538,-0.88381392,-0.45088953,-0.2064404,-0.07080096,0.12034339
-0.08179434,0.46175385,-0.88322878,0.98957189,0.14305022,-0.01685564,0.11856291,-0.87539707,-0.46863933,-0.25701684,-0.06197578,0.03576053
-0.08690772,0.47175284,-0.87743733,0.98957171,0.14243742,-0.02143309,0.11486877,-0.87014987,-0.47921217,-0.28137755,-0.03321129,0.02652204
-0.09989187,0.49357053,-0.86394991,0.98915881,0.14319296,-0.03256358,0.10763902,-0.85783663,-0.50252339,-0.32592216,0.05451101,0.02994636
-0.12396559,0.53447591,-0.83604316,0.98755144,0.14866506,-0.05139019,0.09682363,-0.83200619,-0.54625184,-0.43495402,0.13509148,-0.01656186
-0.14335849,0.56457069,-0.81283967,0.98575221,0.15447344,-0.06656262,0.08798286,-0.8108008,-0.57867189,-0.42794549,0.17271382,-0.08327146
-0.16671024,0.59173328,-0.78870742,0.98294883,0.16267822,-0.08571687,0.07758399,-0.78954892,-0.60876366,-0.45193434,0.19619042,-0.0443773
-0.17982368,0.60367668,-0.77668374,0.98104346,0.16802966,-0.09653793,0.07222812,-0.77932041,-0.62244872,-0.46558592,0.21292049,-0.01282696
-0.2077678,0.62662177,-0.75111776,0.97622616,0.18131816,-0.11877011,0.06176741,-0.75793734,-0.64939666,-0.48712358,0.22497076,0.02625564
-0.23747037,0.64954437,-0.7222879,0.97007369,0.19733896,-0.14147188,0.05064325,-0.73426791,-0.67696804,-0.41942802,0.23533815,-0.01686273
-0.25336621,0.65991618,-0.70733027,0.96633428,0.20648757,-0.15349553,0.0447607,-0.7224081,-0.69001658,-0.37638226,0.23804325,-0.03891341
-0.28782778,0.67625345,-0.67811229,0.95713507,0.2270588,-0.17982399,0.03236473,-0.70080345,-0.7126197,-0.30859429,0.24961132,-0.04387145
-0.34490353,0.69394361,-0.63204714,0.93857709,0.26264581,-0.22380816,0.01069424,-0.67041727,-0.74190701,-0.21441039,0.33235449,0.03590872
-0.38405141,0.705206,-0.59597726,0.92329978,0.29005394,-0.25176609,-0.00468143,-0.64695684,-0.76251215,-0.117121,0.35896319,0.00698858
-0.42243432,0.7137719,-0.55864013,0.90619201,0.31959313,-0.27690472,-0.01910928,-0.62320931,-0.78182148,-0.03208215,0.34115297,-0.06738762
-0.44175018,0.71557902,-0.54111327,0.89676611,0.33483536,-0.2893024,-0.02583484,-0.61305139,-0.78962061,-0.04027395,0.31414241,-0.06238824
-0.4814765,0.71489329,-0.50705783,0.87561313,0.36693455,-0.31410277,-0.03849298,-0.59521969,-0.80264028,-0.09770884,0.34037489,0.06700838
-0.52219284,0.71325515,-0.46752696,0.85131874,0.40336696,-0.33548681,-0.05070281,-0.57320336,-0.81784278,0.00448516,0.37930244,0.11434519
-0.58088925,0.70796538,-0.40168747,0.81109592,0.46191523,-0.35882833,-0.06849245,-0.53424655,-0.84254944,0.15750575,0.30115622,-0.01857487
-0.61872489,0.69699973,-0.36245109,0.78177231,0.5007264,-0.37162494,-0.07753366,-0.51328785,-0.85470697,0.11952493,0.31264025,0.00249624
-0.6376302,0.68989801,-0.34273642,0.76598791,0.52057693,-0.37717651,-0.08179268,-0.50303114,-0.8603891,0.07544946,0.3509416,0.07293172
-0.67523136,0.67516852,-0.29700143,0.73203975,0.56403682,-0.38207355,-0.09044431,-0.47540496,-0.87510553,0.09746498,0.36421877,0.16520691
-0.71046648,0.66052834,-0.24277518,0.69681869,0.61206579,-0.37392408,-0.09839306,-0.43483078,-0.89512072,0.2664859,0.21544403,0.00492066
-0.7265174,0.65185561,-0.21738533,0.67956426,0.63472605,-0.36785212,-0.10180637,-0.41497834,-0.90411728,0.31262177,0.15461665,-0.07662085
-0.75636295,0.63014607,-0.17558636,0.64529543,0.67472289,-0.35824956,-0.10727746,-0.38427186,-0.91696576,0.2354372,0.20419163,-0.02798387
-0.78554428,0.6033399,-0.1374817,0.60879129,0.71370832,-0.34640093,-0.11087567,-0.35581092,-0.92795757,0.28563097,0.16371804,0.01019362
-0.86004138,0.50865093,-0.04004036,0.49537083,0.81363101,-0.30432277,-0.12221597,-0.28156497,-0.95172717,0.2319805,0.11719936,0.04100633
-0.88135052,0.47221609,-0.01526694,0.45544045,0.8405571,-0.2933219,-0.1256786,-0.26547262,-0.95589174,0.29958424,0.10183948,-0.02806889
-0.901606746,0.432502202,0.00683989558,0.413445701,0.866313895,-0.280290678,-0.127151843,-0.249884087,-0.959890621,0.310069919,0.000123798847,-0.0336094722
-0.91099914,0.4120669,0.01677692,0.39233915,0.8784853,-0.27264184,-0.12708495,-0.24179424,-0.96196933,0.29793444,-0.01160449,-0.01855984
-0.9280347,0.37088254,0.03460802,0.35048429,0.90088664,-0.25605472,-0.12614413,-0.2254981,-0.96604257,0.31837279,-0.00922781,0.01173129
-0.94323329,0.32851028,0.04890966,0.30832359,0.92082387,-0.23878855,-0.12348167,-0.21015328,-0.9698392,0.29273891,0.02048272,-0.00599943
-0.950171397,0.306861127,0.054865582,0.287079885,0.929976805,-0.22962637,-0.121487131,-0.202433641,-0.971731013,0.279629767,0.0149610639,0.000649046153
-0.96271142,0.26249247,0.06545511,0.2440312,0.94704455,-0.20869931,-0.1167709,-0.18494412,-0.97578696,0.27415952,-0.02334648,-0.01036764
-0.97334696,0.21736718,0.07312353,0.20101376,0.9621033,-0.18425718,-0.11040386,-0.16464734,-0.98015412,0.24943456,-0.08450818,-0.02232695
-0.97785557,0.19508824,0.07575727,0.17983474,0.96843232,-0.17262188,-0.10704229,-0.15517547,-0.98207058,0.25381947,-0.08155423,-0.01869779
-0.98540441,0.15071621,0.07913779,0.13736796,0.97859466,-0.15324013,-0.10053959,-0.1401325,-0.98501508,0.24633029,-0.02310836,-0.00579396
-0.99106748,0.1059219,0.08102805,0.09440003,0.98636822,-0.13478265,-0.09419993,-0.12592967,-0.9875565,0.27225468,0.05096978,0.01551699
-0.993210973,0.083288966,0.0812071827,0.0730021334,0.989802509,-0.122317944,-0.090566809,-0.115559245,-0.989162985,0.292243212,0.0519103408,0.0001424402
-0.9962093,0.03829762,0.07810238,0.03122546,0.9954664,-0.08984221,-0.08118904,-0.08706288,-0.99288874,0.24761584,-0.0771361,-0.02778785
-0.99747076,-0.00611695,0.07081088,-0.01017985,0.9983132,-0.05715885,-0.0703418,-0.05773514,-0.9958505,0.21369931,-0.19037008,-0.02692596
-0.99738611,-0.02822037,0.06651466,-0.03119781,0.9985373,-0.04415833,-0.0651712,-0.04611803,-0.99680765,0.20593686,-0.17317784,0.00162213
-0.9957793,-0.07128837,0.05780714,-0.07278221,0.99705521,-0.02415913,-0.05591464,-0.02826449,-0.99803546,0.26575941,-0.07072628,-0.006436
-0.99237258,-0.11413388,0.04658172,-0.11442622,0.99342504,-0.00364954,-0.04585891,-0.00895187,-0.99890769,0.29348466,-0.07893014,-0.06065543
-0.98999798,-0.13550147,0.03927792,-0.13528402,0.9907733,0.00815453,-0.04002047,0.0027593,-0.99919475,0.23589139,-0.11732489,-0.04477473
-0.98384733,-0.17755918,0.02273737,-0.17684971,0.9837762,0.03014238,-0.02772054,0.02563441,-0.99928688,0.17480783,-0.21543223,-0.03009015
-0.97578846,-0.21865153,0.00529166,-0.2181742,0.97478974,0.0467438,-0.01537886,0.04445757,-0.9988927,0.17971234,-0.18047148,-0.02685283
-0.97107158,-0.23875403,-0.00404454,-0.23862136,0.96962039,0.05381587,-0.00892709,0.05322418,-0.99854261,0.19877818,-0.17989355,-0.0367552
-0.96018245,-0.27832949,-0.02413314,-0.27933654,0.95787617,0.06666592,0.00456147,0.07075271,-0.99748348,0.20752342,-0.17615694,-0.03710201
-0.93997318,-0.33622973,-0.05830713,-0.34022207,0.93660521,0.0837831,0.02644039,0.09859126,-0.99477656,0.15515937,-0.18314785,-0.01604316
-0.92439906,-0.37253548,-0.08187702,-0.37922985,0.92065656,0.09260793,0.04088087,0.11665688,-0.99233063,0.1482936,-0.15436584,-0.02433546
-0.90709349,-0.40731163,-0.10620031,-0.41724335,0.90337725,0.09908348,0.05558109,0.13418936,-0.98939569,0.12105983,-0.1726765,-0.03010316
-0.89782155,-0.42409487,-0.11857327,-0.43580407,0.89434639,0.10109073,0.06317351,0.14243618,-0.98778572,0.13095526,-0.16962844,-0.03130767
-0.87775376,-0.45680739,-0.14448094,-0.472591,0.87508469,0.10432879,0.07877489,0.15985543,-0.98399193,0.1493585,-0.19754332,-0.02866062
-0.85561978,-0.48807087,-0.17234149,-0.50875059,0.85432004,0.10634902,0.09532893,0.17867316,-0.97927947,0.11243496,-0.22843242,-0.03027842
-0.84380798,-0.50312965,-0.18667713,-0.52646423,0.8435378,0.10620435,0.10403465,0.18789494,-0.97666369,0.07855408,-0.20936197,-0.01057344
-0.81897147,-0.53226815,-0.21442104,-0.56083322,0.82152703,0.10275913,0.12145727,0.20441123,-0.97132086,0.06962222,-0.15868288,-0.03029602
-0.79291574,-0.55982413,-0.24058638,-0.5935704,0.79887097,0.09736208,0.13769184,0.22000486,-0.9657324,0.04702708,-0.17443132,-0.03304974
-0.77935174,-0.57307045,-0.25337899,-0.60941122,0.78728077,0.09384526,0.14570045,0.22755048,-0.9628042,0.00986513,-0.21159267,-0.03207156
-0.72168137,-0.62366019,-0.3003728,-0.66910067,0.73969834,0.07176794,0.17742645,0.25277324,-0.95111796,-0.01811273,-0.14673436,-0.0478606
-0.70659443,-0.63564517,-0.31093316,-0.68298791,0.72755537,0.06473557,0.18507223,0.25810539,-0.94822453,-0.00247069,-0.12082785,-0.04980794
-0.70659443,-0.63564517,-0.31093316,-0.68298791,0.72755537,0.06473557,0.18507223,0.25810539,-0.94822453,-0.00247069,-0.12082785,-0.04980794
-0.62969221,-0.68831838,-0.36014641,-0.74523673,0.66613029,0.02987696,0.21933957,0.28720763,-0.9324172,-0.0452449,-0.16199416,-0.04205509
-0.59810993,-0.70664773,-0.3780387,-0.76705114,0.64141954,0.01461053,0.2321569,0.29871374,-0.92567434,-0.03874915,-0.12018001,-0.05564125
-0.566550904,-0.723415526,-0.394575269,-0.787208688,0.616686532,-0.000320906071,0.243561383,0.310431311,-0.918863295,-0.0213353075,-0.105505109,-0.0396277532
-0.55081338,-0.73113773,-0.40254478,-0.79672433,0.60429761,-0.0073989,0.24866646,0.3166418,-0.91537043,-0.0280004,-0.11368644,-0.04581009
-0.51939902,-0.74478449,-0.41895203,-0.81454754,0.57972541,-0.020755,0.25833515,0.33047621,-0.90777119,-0.0773026,-0.16431916,-0.05036959
-0.48747553,-0.75680136,-0.43545273,-0.83092356,0.55529184,-0.03488461,0.26820405,0.34482256,-0.89953526,-0.13970174,-0.16933566,-0.04169735
-0.47129136,-0.76261791,-0.44305555,-0.83862294,0.54304005,-0.0426498,0.2731224,0.35145608,-0.89547895,-0.15219685,-0.16512489,-0.03490178
-0.43917657,-0.77388251,-0.45632185,-0.85294811,0.5186805,-0.05873671,0.28214054,0.36342309,-0.88787395,-0.17972189,-0.14583689,-0.03279341
-0.39293843,-0.78914866,-0.4720632,-0.87121121,0.48375348,-0.08350782,0.29426229,0.37845333,-0.87760049,-0.25952885,-0.16446531,-0.00272436
-0.3645856,-0.79820561,-0.47952594,-0.88079641,0.46270098,-0.100526,0.30211754,0.38571439,-0.87175075,-0.32048935,-0.15498137,0.01851576
-0.3645856,-0.79820561,-0.47952594,-0.88079641,0.46270098,-0.100526,0.30211754,0.38571439,-0.87175075,-0.32048935,-0.15498137,0.01851576
-0.32950181,-0.81295651,-0.48013553,-0.89081674,0.4361912,-0.1272113,0.31284814,0.38579643,-0.86792106,-0.31951585,-0.07163948,-0.00813795
-0.31250371,-0.82096579,-0.47786642,-0.89477274,0.42330918,-0.14209488,0.31894026,0.38317669,-0.8668635,-0.37870756,-0.04334038,0.00439966
-0.30098181,-0.82712944,-0.4746228,-0.89691159,0.41461247,-0.15377282,0.32397456,0.37941188,-0.86665279,-0.36235827,-0.05137765,-0.02123252
-0.2913837,-0.83326387,-0.46985811,-0.89758262,0.40801259,-0.16694626,0.33081831,0.37309108,-0.86681138,-0.25828969,-0.04251295,-0.03785188
-0.28857657,-0.83347815,-0.47120865,-0.89689085,0.4075789,-0.17165714,0.33512717,0.37308651,-0.86515665,-0.297629,-0.04165685,-0.01354908
-0.28787819,-0.83259179,-0.47319894,-0.89633892,0.40823264,-0.17298186,0.33719854,0.37434891,-0.8638057,-0.30089036,-0.03768045,0.00530024
-0.28804172,-0.83028898,-0.47712923,-0.89502284,0.4105989,-0.17419159,0.3405381,0.3768671,-0.86139722,-0.22751546,-0.02213335,-0.00409979
-0.2897654,-0.82897318,-0.4783716,-0.89355678,0.41339117,-0.17511133,0.34291718,0.376711,-0.86052106,-0.0791733,0.01182598,-0.06639306
-0.29114981,-0.8283333,-0.47863952,-0.89262903,0.41519805,-0.17556771,0.34415878,0.37613102,-0.86027919,-0.02079684,0.03066343,-0.08738791
-0.29405968,-0.82544609,-0.48183788,-0.89066428,0.41955525,-0.17518724,0.34676524,0.37764028,-0.85856964,-0.05423319,0.01899379,-0.02932909
-0.29754359,-0.82307406,-0.4837527,-0.88879577,0.42381566,-0.17441977,0.34858235,0.37805989,-0.85764838,-0.07193928,-0.00501627,0.03001213
-0.29953264,-0.82289514,-0.48282877,-0.88795821,0.42556265,-0.17443215,0.34901325,0.37648366,-0.8581664,-0.03248528,0.01282889,0.02538939
-0.30874781,-0.82425238,-0.47463956,-0.8844791,0.43233699,-0.1754463,0.34981626,0.36564012,-0.86251711,0.09808325,0.03586763,-0.04909898
-0.31096137,-0.82420297,-0.47327838,-0.88369822,0.43402303,-0.17521826,0.34982913,0.36374915,-0.86331109,0.07514694,0.0110113,-0.03193377
-0.31481063,-0.82421273,-0.47070974,-0.88238273,0.43685831,-0.17480144,0.34970704,0.3603168,-0.86479872,0.0587179,0.0220111,-0.01746059
-0.31784448,-0.82404098,-0.46896805,-0.88134439,0.43914624,-0.17430578,0.34958065,0.35792026,-0.8658441,0.05755018,0.04512614,-0.01715064
-0.31923628,-0.82390925,-0.46825383,-0.88087832,0.44020072,-0.17400192,0.34948746,0.35692693,-0.86629184,0.06915864,0.0536105,-0.01829226
-0.32174716,-0.82354269,-0.46717902,-0.88010985,0.44207057,-0.17314812,0.34912097,0.35545894,-0.86704299,0.0861993,0.05036122,-0.03042751
-0.32522467,-0.8220342,-0.46742766,-0.87944633,0.44460528,-0.17000077,0.34756725,0.3557891,-0.86753157,0.0379489,0.00226301,-0.03815448
-0.326890954,-0.820839985,-0.468363376,-0.879187956,0.445919385,-0.167882508,0.346656995,0.356900149,-0.867439643,0.0268292874,-0.000312149525,-0.0337593928
-0.32727537,-0.82030316,-0.46903443,-0.87925159,0.44618699,-0.16683434,0.34613179,0.35779852,-0.86727887,0.01197461,0.01621467,-0.03607154
-0.32687849,-0.82007707,-0.46970649,-0.8794467,0.44591946,-0.16652144,0.34601168,0.35864953,-0.86697555,0.00508593,0.00980848,-0.02032688
-0.325915404,-0.820220367,-0.470124996,-0.879843407,0.445102767,-0.166610406,0.345911176,0.359335494,-0.86673133,0.00493740756,0.000635325909,-0.00518571958
-0.32567654,-0.82075563,-0.46935567,-0.88003633,0.44462442,-0.16686845,0.3456452,0.35870492,-0.86709851,0.01487621,0.00244349,-0.02758695
-0.32571625,-0.82105643,-0.46880192,-0.8799546,0.44461667,-0.16731982,0.34581616,0.35802562,-0.86731126,0.02553409,0.01433772,-0.04187581
-0.32435937,-0.82184823,-0.46835527,-0.88043618,0.44333208,-0.16819297,0.34586602,0.35780195,-0.86738382,0.00958182,0.02217871,-0.03375616
-0.32402056,-0.8219446,-0.46842013,-0.88060157,0.44300035,-0.16820054,0.3457618,0.3579911,-0.86734693,0.00797981,0.01868457,-0.02698088
-0.32330792,-0.82136122,-0.46993352,-0.88124688,0.44227287,-0.166729,0.34478357,0.36022266,-0.86681233,0.0076511,-0.00198746,-0.02064104
-0.32333557,-0.82094475,-0.47064194,-0.88138901,0.44228165,-0.16595288,0.34439445,0.36116017,-0.86657707,-0.0023788,-0.00201619,-0.01733351
-0.32331952,-0.82025899,-0.47184699,-0.8817039,0.44218482,-0.16453201,0.34360243,0.36283293,-0.86619253,-0.02659259,0.00178474,-0.02172434
-0.32295725,-0.8200852,-0.47239687,-0.88211145,0.44168053,-0.16369991,0.34289637,0.36383862,-0.86605048,-0.00615226,-0.01138061,-0.01850558
-0.32181794,-0.82036288,-0.47269224,-0.88231248,0.44095115,-0.1645806,0.34345,0.36409727,-0.8657224,-0.01457764,-0.00705522,-0.00750129
-0.32135209,-0.82031851,-0.47308589,-0.88239411,0.44070801,-0.1647939,0.34367622,0.36449135,-0.86546667,-0.02264679,-0.003187,-0.00103388
-0.32022389,-0.820801404,-0.473013502,-0.882744449,0.439750306,-0.165474865,0.343829837,0.364561034,-0.865376437,-0.0186646711,0.010769546,0.000837475527
-0.32043361,-0.82141948,-0.47179681,-0.88264085,0.43972089,-0.16610421,0.34390014,0.36320178,-0.86591974,0.01748263,0.02870649,-0.01957229
-0.32186574,-0.82151119,-0.47066092,-0.88203168,0.44086243,-0.16631414,0.34412564,0.36160702,-0.8664974,0.01808565,0.02343982,-0.02418865
-0.32421751,-0.82128427,-0.46944126,-0.88113234,0.44275656,-0.16604937,0.34422193,0.35980376,-0.86720957,-0.01272343,0.02478904,-0.00956378
-0.325570274,-0.821504738,-0.468117261,-0.880676788,0.443653496,-0.166071942,0.344110738,0.358191932,-0.867920543,-0.0006363797,0.0280298591,-0.0171805434
-0.3274464,-0.82172876,-0.46641243,-0.88025534,0.44470386,-0.16549606,0.34340828,0.35637096,-0.86894781,-0.00154112,0.01759547,-0.02531209
-0.32898422,-0.82151129,-0.46571304,-0.87973965,0.44588084,-0.16507099,0.34326021,0.35540047,-0.86940382,0.00999347,0.00572795,-0.04052378
-0.33155026,-0.82118073,-0.46447458,-0.8786539,0.4480582,-0.16495806,0.34357203,0.35342052,-0.87008747,0.00992252,0.01845998,-0.02739684
-0.333263196,-0.820501162,-0.464449508,-0.878326095,0.449259756,-0.163428532,0.342751766,0.353473418,-0.870389323,0.000157561386,-0.00607949495,-0.0035336439
-0.33352864,-0.82034335,-0.46453757,-0.87834324,0.44939375,-0.16296716,0.34244929,0.35366924,-0.87042871,0.00446802,-0.01009285,-0.00541558
-0.334258685,-0.820076008,-0.464484926,-0.878267032,0.449830183,-0.162171923,0.341932632,0.35373444,-0.870605366,0.016623009,-0.000598549843,-0.016953608
-0.33552648,-0.81889875,-0.46564646,-0.87788812,0.45108785,-0.16072374,0.34166392,0.35485844,-0.8702534,-0.01709072,-0.00662786,-0.00492446
-0.33608036,-0.81859469,-0.46578177,-0.87786403,0.45141585,-0.15993263,0.34118127,0.35514285,-0.87032683,0.02039228,-0.00362951,-0.00144806
-0.33615678,-0.81909957,-0.46483782,-0.8777717,0.45136523,-0.16058063,0.34134314,0.35404124,-0.8707119,0.03266867,0.03274471,-0.02229707
-0.33617007,-0.81892872,-0.46512928,-0.87754657,0.45166239,-0.16097522,0.34190863,0.35405757,-0.87048347,-0.00143437,0.01318592,0.00808254
-0.33692809,-0.81966795,-0.46327503,-0.87709954,0.45213837,-0.16207166,0.34230935,0.35173184,-0.8712685,0.03569588,0.02089614,-0.03205554
-0.33731972,-0.81940918,-0.46344777,-0.87671789,0.45276141,-0.16239697,0.34290083,0.35153326,-0.87111603,0.01136314,0.02085513,-0.01694732
-0.33736487,-0.81877006,-0.46454336,-0.87655575,0.45316749,-0.16213955,0.34327096,0.35249797,-0.8705804,0.01139875,0.01962858,-0.0072608
-0.33700723,-0.81820624,-0.46579446,-0.87660563,0.45318444,-0.16182195,0.34349452,0.35378289,-0.86997063,0.02045817,0.01996583,-0.01499638
-0.3365396,-0.81760565,-0.46718522,-0.87668458,0.45314395,-0.16150754,0.34375163,0.3552204,-0.86928314,0.00992819,0.01811522,-0.01308505
-0.33643403,-0.81737473,-0.46766496,-0.87673973,0.45312893,-0.16124992,0.34371413,0.3557705,-0.86907289,0.00162805,0.01654357,-0.01808058
-0.33643032,-0.81738563,-0.46764868,-0.87684899,0.4530107,-0.16098793,0.34343907,0.35589606,-0.8691303,0.00347248,0.01091963,-0.01406602
-0.3364889,-0.81766173,-0.46712349,-0.87685546,0.45292975,-0.16118029,0.34336508,0.35536442,-0.86937698,0.00811321,0.02456409,-0.01417026
-0.33639512,-0.81786729,-0.46683083,-0.87689394,0.45278542,-0.16137601,0.34335834,0.35507505,-0.86949768,0.0084763,0.02323121,-0.01416744
-0.33603625,-0.8181162,-0.46665333,-0.8770009,0.45246031,-0.16170654,0.34343685,0.35491615,-0.86953171,0.00667376,0.0265587,-0.00595406
-0.33579067,-0.81825142,-0.46659335,-0.87707142,0.45225259,-0.16190542,0.3434974,0.35486936,-0.86952714,0.00753122,0.01722342,-0.0184752
-0.33589991,-0.818333,-0.46637166,-0.87700875,0.45232815,-0.16203385,0.34355069,0.35458486,-0.86962219,0.01096014,0.01588768,-0.01987251
-0.33614569,-0.81822083,-0.46639136,-0.87692136,0.4525454,-0.16190015,0.34353335,0.3545665,-0.8696365,0.01066021,0.0081144,-0.01206632
-0.33550954,-0.81798432,-0.4672631,-0.87718076,0.45213129,-0.16165124,0.34349244,0.35563868,-0.86921447,0.00346743,0.00884193,-0.01523445
-0.33425997,-0.8185215,-0.46721798,-0.87756351,0.4511002,-0.16245255,0.34373302,0.35571208,-0.86908934,-0.00777445,0.00368863,-0.00311656
-0.33405303,-0.81881742,-0.4668476,-0.87765473,0.45082832,-0.16271456,0.34370163,0.35537571,-0.86923955,,,
-0.33287237,-0.81985107,-0.46587562,-0.87752551,0.45017058,-0.1652131,0.34517363,0.35382288,-0.86928958,-0.00800495,0.01727182,-0.01086196
-0.331874832,-0.820484893,-0.465471158,-0.877426353,0.449682064,-0.167059685,0.346383968,0.352973772,-0.869153225,-0.000728134764,0.0218699574,-0.00702668354
-0.331874832,-0.820484893,-0.465471158,-0.877426353,0.449682064,-0.167059685,0.346383968,0.352973772,-0.869153225,-0.000728134764,0.0218699574,-0.00702668354
-0.33172243,-0.82106031,-0.46456458,-0.87697615,0.44987525,-0.16889382,0.34766812,0.35138618,-0.86928402,0.0087781,0.01238364,-0.02086801
-0.33204688,-0.8208266,-0.46474564,-0.87660159,0.45045759,-0.16928553,0.34830226,0.35118604,-0.86911094,0.01014691,0.01705307,-0.01656296
-0.33187441,-0.8207112,-0.46507251,-0.87659633,0.45044158,-0.16935535,0.34847983,0.35147615,-0.86892245,-0.0112859,0.00851089,-0.00608271
-0.331205,-0.82082918,-0.46534132,-0.87687396,0.44987237,-0.16943096,0.34841807,0.35192932,-0.86876371,-0.01758346,0.01248759,-0.00363858
-0.33077836,-0.82100711,-0.46533119,-0.8770552,0.44946746,-0.16956775,0.34836756,0.35203179,-0.86874266,0.01083966,0.01021713,-0.01637966
-0.3307979,-0.82112175,-0.46511474,-0.8770399,0.4494483,-0.1696974,0.34838725,0.35178865,-0.86883309,0.02563987,0.0169031,-0.02041744
-0.33049212,-0.82102772,-0.46549803,-0.87706779,0.44934176,-0.16983539,0.34860727,0.35214408,-0.86860089,0.00557037,0.0168888,-0.01069732
-0.329124737,-0.821817105,-0.465073667,-0.878032473,0.447572433,-0.1695225,0.347470641,0.352555737,-0.868889265,-0.000444296747,0.00967973471,-0.0180264916
-0.32960678,-0.82192473,-0.46454177,-0.8779687,0.44777611,-0.16931479,0.34717472,0.35204583,-0.86921423,0.02012654,0.01294893,-0.02069758
-0.32958737,-0.82181015,-0.46475836,-0.87798393,0.44779524,-0.16918536,0.34715483,0.35228901,-0.86912376,0.00823138,0.01368731,-0.0122657
-0.32887763,-0.8215126,-0.46578586,-0.87842788,0.44718939,-0.16848167,0.3467043,0.35374944,-0.86871015,-0.00229411,0.00558859,-0.00417076
-0.32874018,-0.82161321,-0.46570524,-0.87851949,0.44700875,-0.16848313,0.34660228,0.35374398,-0.86875296,0.00150118,0.00379473,-0.00779067
-0.328493013,-0.821724389,-0.465683642,-0.878604945,0.44679001,-0.16861788,0.346620218,0.353762164,-0.868738507,-0.00235681282,0.000588536263,-0.0112249078
-0.32775935,-0.82182941,-0.46601531,-0.87879514,0.44628643,-0.16896016,0.34683274,0.35415372,-0.86849425,-0.01945835,-0.00290304,-0.00677958
-0.32702089,-0.82208285,-0.46608682,-0.87899168,0.44572003,-0.16943199,0.34703136,0.35427865,-0.86836374,-0.01447979,0.00673479,-0.00106121
-0.32643566,-0.82238357,-0.46596677,-0.87917411,0.44520694,-0.16983421,0.3471205,0.35422598,-0.86834976,-0.00378145,0.01054317,-0.01102128
-0.3262311,-0.82255225,-0.46581203,-0.87923864,0.44500345,-0.17003309,0.34714905,0.35408987,-0.86839368,-0.00626039,0.01282698,-0.00683301
-0.32644706,-0.82270318,-0.4653941,-0.87924141,0.44502592,-0.16996003,0.34693909,0.35371082,-0.86863211,-0.00192346,0.01901704,-0.01278112
-0.32662393,-0.82271693,-0.46524595,-0.87920579,0.44512308,-0.16989019,0.34686325,0.35355672,-0.86872534,-0.0015161,0.02853435,-0.01561294
