0,1,2,3,4,5,6,7,8,9,10,11
0.449495655,0.175925065,-0.87578763,0.0647710986,-0.984253138,-0.164469647,-0.890931145,0.0172026572,-0.453812314,0.0072724889,-1.74045545e-05,0.00773686636
0.44911207,0.17596478,-0.87597647,0.0649947,-0.9842515,-0.16439218,-0.89110834,0.01689669,-0.45347603,0.00327252,0.00251389,0.00998055
0.44901006,0.17588367,-0.87604504,0.0652166,-0.98427118,-0.16418599,-0.89114352,0.01658849,-0.4534182,,,
0.44895905,0.17586404,-0.87607514,0.06530626,-0.98427678,-0.16411725,-0.89116267,0.01646874,-0.45338503,-0.00345589,0.00300312,-0.00614827
0.44854887,0.17574503,-0.87630908,0.06546699,-0.98430333,-0.16389339,-0.89135739,0.01614488,-0.45301365,,,
0.44826715,0.17573978,-0.87645425,0.06559678,-0.98430751,-0.16381586,-0.89148953,0.01594069,-0.45276064,0.00153822,0.0026089,0.00615024
0.4482161,0.17572,-0.87648425,0.06568653,-0.98431273,-0.16374706,-0.89150852,0.01582084,-0.45272708,,,
0.44807509,0.1756754,-0.87656537,0.06579401,-0.9843237,-0.1636396,-0.89157156,0.01565007,-0.45260929,,,
0.44802403,0.17561369,-0.87660388,0.06592644,-0.98433784,-0.16350209,-0.89158748,0.0154615,-0.45258465,,,
0.44802403,0.17561369,-0.87660388,0.06592644,-0.98433784,-0.16350209,-0.89158748,0.0154615,-0.45258465,,,
0.44787083,0.1756802,-0.8766688,0.06606773,-0.98432826,-0.16350208,-0.89165396,0.01530829,-0.4524587,,,
0.44755012,0.17575341,-0.87681786,0.06604043,-0.98431503,-0.16359195,-0.89181695,0.01531016,-0.45213708,0.00687446,0.00169587,-0.00509409
0.447460233,0.175770414,-0.87686035,0.0660156207,-0.9843118,-0.163621874,-0.891863919,0.015327798,-0.452043954,0.00794371683,-0.000961244048,-0.00498811249
0.447255841,0.175900895,-0.876938392,0.0661613793,-0.984290384,-0.16369055,-0.891955571,0.0151920818,-0.451867328,0.00222678646,8.11815189e-05,-0.0102095101
0.44709019,0.17603651,-0.87699568,0.06637905,-0.98426939,-0.16372936,-0.89202248,0.01498764,-0.45174225,,,
0.44702674,0.1760859,-0.87701818,0.06654518,-0.98426334,-0.16369948,-0.89204196,0.01481671,-0.45170973,,,
0.44693843,0.17623175,-0.87703392,0.06690683,-0.98424244,-0.16367841,-0.8920592,0.01447462,-0.45168697,,,
0.44690132,0.17635538,-0.87702795,0.0672213,-0.98422443,-0.16365725,-0.89205412,0.01418368,-0.45170607,,,
0.4469277,0.17642969,-0.87699957,0.06736963,-0.98421287,-0.163666,-0.89202972,0.01406374,-0.45175804,0.00210101,-0.00294691,0.00357222
0.447135491,0.1766409,-0.876851061,0.0679114234,-0.984181047,-0.163632158,-0.891884426,0.0136175334,-0.45205815,0.000938652316,-0.00109636772,0.00643949723
0.447264117,0.176629126,-0.876787866,0.0680082045,-0.984184464,-0.163572076,-0.891812589,0.0135311518,-0.452202624,-0.000190608203,-0.00280415989,0.00827612821
0.44734156,0.17663936,-0.87674621,0.06815214,-0.98418426,-0.16351188,-0.89176268,0.01339351,-0.45230474,,,
0.44743144,0.17666448,-0.8766954,0.06813424,-0.98417941,-0.16355068,-0.89171906,0.01344475,-0.45238977,,,
0.44890725,0.17685998,-0.8759012,0.06813442,-0.98413874,-0.16379553,-0.89097703,0.01384999,-0.45383736,,,
0.44925374,0.1769452,-0.8757063,0.06822506,-0.98412313,-0.16385115,-0.89079541,0.01386564,-0.45419315,,,
0.449728541,0.177060422,-0.875439215,0.0683699373,-0.984102284,-0.163915047,-0.890544644,0.0138635465,-0.454684466,-0.000547710108,0.00301814056,0.00770325633
0.449946486,0.177073527,-0.875324613,0.0684490817,-0.984100574,-0.163893169,-0.890428512,0.0138279965,-0.454913166,-0.00410823012,0.00059771532,0.0117257712
0.45058652,0.17696906,-0.87501637,0.0684617,-0.98411821,-0.16378045,-0.89010376,0.01389214,-0.45554592,-0.00784323,0.00200069,0.01230857
0.45111039,0.17680689,-0.87477928,0.06830102,-0.98414474,-0.16368959,-0.8898508,0.01409377,-0.45603406,-0.00514104,-0.00210971,0.00918999
0.45131438,0.17667603,-0.8747005,0.06815536,-0.9841663,-0.16362068,-0.88975852,0.01422884,-0.45620988,-0.00577215,-0.00144088,0.00549099
0.45133785,0.17632413,-0.87475939,0.06770104,-0.98422466,-0.1634581,-0.8897813,0.01455271,-0.45615521,0.00127137,0.00143516,-0.00706167
0.4513348,0.17593943,-0.87483837,0.06705593,-0.98428564,-0.16335587,-0.88983165,0.01506509,-0.45604011,0.00284336,0.00523877,-0.00890763
0.45119263,0.17572363,-0.87495505,0.06681942,-0.98432228,-0.16323155,-0.88992151,0.01518487,-0.45586064,0.00329434,0.00670111,-0.01265392
0.4507797,0.17526207,-0.87526042,0.06629233,-0.98440058,-0.16297419,-0.89017017,0.0154424,-0.45536627,0.00483918,-0.00113541,-0.002224
0.450252,0.17499811,-0.87558487,0.0658509,-0.98444393,-0.16289263,-0.89047002,0.01568468,-0.45477168,0.00465202,-0.0012089,-0.00970725
0.44991771,0.17488582,-0.87577913,0.06564138,-0.98446226,-0.16286669,-0.89065445,0.01578926,-0.45440682,0.00911497,-0.00203413,-0.01052877
0.44923636,0.17468863,-0.87616811,0.06534154,-0.98449566,-0.16278429,-0.89102029,0.01587844,-0.45368566,0.01336258,-0.00498658,-0.00942786
0.44870986,0.17467978,-0.87643962,0.06515904,-0.98449578,-0.16285663,-0.89129891,0.01596741,-0.45313491,,,
0.44844042,0.17464702,-0.87658398,0.06516994,-0.98450276,-0.1628089,-0.89143364,0.01588315,-0.45287244,,,
0.44806887,0.17470064,-0.8767633,0.06523242,-0.9844952,-0.16282998,-0.89161591,0.01576564,-0.45251771,,,
0.447607175,0.174729249,-0.876993387,0.0653128577,-0.984492786,-0.16281218,-0.891841882,0.0155969414,-0.452077998,0.00091284886,0.00307261921,0.00730627403
0.447376319,0.174785444,-0.877099995,0.065310433,-0.984483112,-0.162871958,-0.891957903,0.0155812663,-0.451849669,0.00575636793,0.000637054385,0.00444767438
0.44687547,0.17485064,-0.87734235,0.06527635,-0.98447222,-0.16295258,-0.89221149,0.01554981,-0.45135013,0.00665367,-0.00488639,0.00620456
0.44603889,0.17484528,-0.87776895,0.06499062,-0.98447068,-0.1630745,-0.89265078,0.0156908,-0.4504754,0.00463148,0.00210643,0.00500405
0.445793041,0.174799836,-0.877902972,0.0647209545,-0.98447545,-0.163154688,-0.892793262,0.0159145124,-0.450185562,-0.00153244287,-0.000720381679,0.00682624755
0.44567623,0.17486861,-0.87794857,0.06441976,-0.98445758,-0.16338129,-0.89287335,0.01625792,-0.45001435,-0.00174584,-0.00254232,0.00944184
0.445739499,0.174819251,-0.877926285,0.0642536345,-0.984463532,-0.163410972,-0.892853741,0.0164287744,-0.450047087,-0.00368433096,-0.000200748429,0.0101752002
0.44604607,0.17468647,-0.877797,0.0639709,-0.98448192,-0.16341101,-0.89272093,0.01673538,-0.45029916,0.00437387,-0.00333393,0.00462622
0.44655684,0.17446473,-0.87758134,0.06349977,-0.98451232,-0.16341098,-0.89249915,0.01724608,-0.45071915,0.00669834,0.00446963,0.00616173
0.44685098,0.17440077,-0.87744428,0.06329342,-0.98451902,-0.16344989,-0.89236654,0.01750128,-0.45097161,0.00843967,0.00320542,0.01336442
0.44842229,0.17411861,-0.87669841,0.06208323,-0.98454099,-0.163782,-0.89166309,0.01901522,-0.45229992,-0.00287129,0.00181222,0.00444839
0.448817612,0.174051061,-0.876509482,0.0617406231,-0.984544522,-0.163889571,-0.891487936,0.0194402702,-0.452626836,-0.000693463138,0.00921702292,0.000690895715
0.449682401,0.173711988,-0.87613351,0.0608985887,-0.984585806,-0.163958259,-0.891110063,0.0203738551,-0.453329767,-0.00430373847,-0.000689208449,0.0186825469
0.451346472,0.173122105,-0.875394194,0.0593393565,-0.984651385,-0.164134437,-0.890373573,0.0221361576,-0.454691781,-0.000676550437,-0.0044178362,0.0180406254
0.45229014,0.1724589,-0.87503801,0.05779486,-0.9847316,-0.16420509,-0.88999627,0.02369564,-0.4553516,-0.00251838,-0.00475693,0.03145117
0.45229014,0.1724589,-0.87503801,0.05779486,-0.9847316,-0.16420509,-0.88999627,0.02369564,-0.4553516,-0.00251838,-0.00475693,0.03145117
0.45440346,0.17056809,-0.87431344,0.05284893,-0.98492995,-0.16468109,-0.88922689,0.02862512,-0.45656988,0.00290567,-0.00908238,0.00313168
0.45738096,0.16997071,-0.872876,0.05153526,-0.98498019,-0.1647961,-0.88777625,0.0303907,-0.45927057,0.0133979,0.00224948,-0.04174081
0.45877439,0.16980856,-0.87217607,0.05106436,-0.98498555,-0.16491161,-0.88708426,0.03112011,-0.4605573,0.01897864,0.01093364,-0.06284382
0.46045516,0.16961588,-0.8713274,0.05034853,-0.98498505,-0.16513411,-0.88625392,0.0321668,-0.4620813,0.01716736,0.00121307,-0.03987338
0.461427895,0.169615239,-0.870812786,0.0499027639,-0.984962027,-0.165406454,-0.885773081,0.0328671795,-0.462953164,0.0108965468,0.000939845981,-0.015401762
0.462011159,0.169689877,-0.87048897,0.0497963688,-0.984939878,-0.165571135,-0.885475026,0.0331485235,-0.463503166,0.00590161607,-0.000590503158,-0.00239518215
0.46429636,0.17026621,-0.8691595,0.04967895,-0.98480872,-0.16638362,-0.88428548,0.03407237,-0.46570168,,,
0.464562259,0.170376267,-0.868995858,0.0495868512,-0.984782185,-0.166568504,-0.884151016,0.0342906678,-0.465941026,-0.0019834456,0.000443696947,0.00839094911
0.46538188,0.17044237,-0.86854421,0.04928373,-0.98475143,-0.16683967,-0.88373681,0.03483905,-0.46668543,-0.00212949,0.00309587,0.02536721
0.4662728,0.17046663,-0.86806149,0.04865652,-0.98471491,-0.1672391,-0.88330186,0.03574218,-0.46744005,-0.007029,-0.00331277,0.00869909
0.46657139,0.17044723,-0.86790484,0.04825235,-0.9846998,-0.16744485,-0.88316634,0.03624652,-0.46765717,-0.00665431,0.00253916,-0.00547429
0.46687517,0.17034584,-0.86776142,0.04726236,-0.98467583,-0.1678685,-0.88305937,0.03736118,-0.46777166,0.00483804,0.00347662,-0.02071039
0.46691319,0.17025783,-0.86775822,0.04623904,-0.98464856,-0.16831245,-0.88309343,0.038463,-0.46761793,,,
0.46681876,0.17018248,-0.86782378,0.04578797,-0.98464416,-0.16846106,-0.88316683,0.03890488,-0.46744262,0.00159848,0.00233781,0.005065
0.466765828,0.169854619,-0.867916478,0.0438120073,-0.984619102,-0.169131673,-0.883295032,0.0409197156,-0.467028166,-0.00416379469,-0.000238656983,-0.00389343384
0.46677009,0.16977232,-0.86793033,0.04322678,-0.98460795,-0.16934793,-0.88332166,0.04152872,-0.46692427,-0.00178889,0.00116944,-0.01509963
0.46634622,0.169425,-0.86822601,0.04206223,-0.9846243,-0.16954618,-0.88360173,0.0425477,-0.46630225,,,
0.46575129,0.16937234,-0.86855556,0.04110646,-0.98459371,-0.16995752,-0.88396041,0.04345469,-0.4655381,0.01457633,-0.00375593,0.01588017
0.46583277,0.16934176,-0.86851779,0.04062299,-0.98457486,-0.17018204,-0.88393979,0.04399458,-0.46552635,0.00751959,0.00412953,0.01070075
0.466477294,0.169315369,-0.868176957,0.0397292614,-0.984528682,-0.170659955,-0.883640486,0.0451169638,-0.46598704,0.000548215583,-0.000486016244,-0.027177481
0.4668556,0.1692213,-0.86799189,0.03888511,-0.98449967,-0.17102072,-0.88347819,0.04609001,-0.4661993,-0.00376876,0.0019238,-0.01771865
0.466837618,0.169197435,-0.868006281,0.0385363405,-0.984486496,-0.171176606,-0.883503043,0.0464618977,-0.466115618,0.00226239371,0.000710487308,-0.00916182436
0.466890142,0.169130876,-0.867990976,0.0378640254,-0.984463365,-0.171458941,-0.883504331,0.0471868558,-0.466040208,0.00621202029,-1.63316708e-05,0.0114867175
0.46747324,0.169114921,-0.867680169,0.0371774887,-0.98442323,-0.171838874,-0.883225094,0.0480719012,-0.466478748,-0.00291568623,-0.000333309144,0.0124410307
0.467720396,0.169156755,-0.867538799,0.036780344,-0.984390487,-0.172111489,-0.883110854,0.0485916716,-0.466641096,-0.00672097178,-0.000902533473,0.00778866094
0.467969915,0.168992345,-0.867436304,0.0359236258,-0.984372889,-0.172393416,-0.883013956,0.0495134746,-0.46672771,-0.000883446832,0.00218605972,-0.00534597458
0.467885918,0.16872102,-0.867534431,0.0348549915,-0.98436727,-0.172644778,-0.883101297,0.0505401556,-0.466452356,0.00739088934,-2.98023206e-05,-0.00604243018
0.46779945,0.16857446,-0.86760954,0.0343288,-0.98436716,-0.17275072,-0.88316771,0.0510287,-0.46627337,0.00569457,0.0020088,-0.00659972
0.46766518,0.168286586,-0.86773777,0.0333480331,-0.98436878,-0.172932843,-0.883276356,0.0519373137,-0.465966964,0.00543051213,-0.000929593982,-0.0099997595
0.46760855,0.1682945,-0.86776677,0.03222048,-0.98430084,-0.17353264,-0.88334821,0.05318548,-0.46568998,0.00908025,0.00668263,-0.00801479
0.46786527,0.16842707,-0.8676026,0.0315823,-0.98423226,-0.17403719,-0.88323526,0.05402506,-0.46580728,-0.00120469,-0.00109017,-0.01770011
0.46754165,0.168535354,-0.867756084,0.0310038363,-0.984179134,-0.174442335,-0.883427161,0.0546552876,-0.465369961,-0.00983019732,-0.000201940522,-0.0108797513
0.467158358,0.168535345,-0.867962511,0.0307547327,-0.984168536,-0.174546537,-0.883638631,0.0548469202,-0.464945831,0.00477664731,0.000905990542,-0.00778387953
0.46608629,0.1685057,-0.86854437,0.03019195,-0.9841527,-0.17473293,-0.88422392,0.05521756,-0.46378751,0.01633148,0.00330138,-0.01012074
0.46513098,0.16853304,-0.86905108,0.02980232,-0.98413499,-0.17490029,-0.88474006,0.0554518,-0.46277434,0.01147779,-0.00247973,0.00473796
0.46499291,0.16865793,-0.86910076,0.02974015,-0.98410775,-0.17506441,-0.88481475,0.05555653,-0.46261906,0.0071985,0.00451994,0.00736352
0.46508162,0.16884256,-0.86901742,0.02955817,-0.9840579,-0.17537496,-0.88477421,0.05587711,-0.46265791,-0.01490543,-0.00160408,0.00715549
0.46505231,0.1689295,-0.86901622,0.02924473,-0.98402088,-0.17563519,-0.88480004,0.05626541,-0.4625615,-0.0143034,-0.002657,0.02218691
0.46505231,0.1689295,-0.86901622,0.02924473,-0.98402088,-0.17563519,-0.88480004,0.05626541,-0.4625615,-0.0143034,-0.002657,0.02218691
0.46505231,0.1689295,-0.86901622,0.02924473,-0.98402088,-0.17563519,-0.88480004,0.05626541,-0.4625615,-0.0143034,-0.002657,0.02218691
0.46551736,0.1684813,-0.8688542,0.02742866,-0.983988,-0.17611132,-0.88461361,0.05815137,-0.46268468,-0.00533038,0.00665963,-0.00669243
0.46564561,0.168301781,-0.868820225,0.0270254626,-0.983995951,-0.176128497,-0.884558476,0.0585331828,-0.462741737,-0.000329150353,-0.00439757062,-0.0185246505
0.465369291,0.167851148,-0.869055472,0.0256082273,-0.983996473,-0.176338175,-0.884746087,0.059807401,-0.462220109,0.0108427163,-0.000245332689,-0.00279791746
0.46542831,0.1678373,-0.86902656,0.02540333,-0.98398467,-0.17643406,-0.88472097,0.06004124,-0.46223799,0.00727839,0.00288796,-0.00151258
0.465970297,0.167935898,-0.868716927,0.0251899958,-0.98394231,-0.176699063,-0.884441648,0.0604535263,-0.462718079,0.00558242667,0.000239372239,0.00443559699
0.46686629,0.1680382,-0.868216,0.02499603,-0.98389583,-0.17698623,-0.88397458,0.06092695,-0.46354807,0.00104986,0.00242352,-0.01395715
0.467171409,0.168107548,-0.868038446,0.0250197807,-0.983879098,-0.177076228,-0.883812707,0.0610068211,-0.463846214,0.00222760462,0.000483512849,-0.0120103266
0.467535471,0.168122004,-0.867839641,0.0248802077,-0.983861451,-0.177194449,-0.883624143,0.0612526668,-0.464173104,-0.00541245332,0.000566840114,0.00740865525
0.46753547,0.168122,-0.86783964,0.02488021,-0.98386145,-0.17719445,-0.88362414,0.06125267,-0.4641731,0.00341829,0.00568032,0.00229035
0.467801026,0.168145207,-0.867691987,0.0248739825,-0.98385238,-0.17724491,-0.883483718,0.061332395,-0.464429589,0.00539374817,0.000393152208,-0.00293458626
0.467801026,0.168145207,-0.867691987,0.0248739825,-0.98385238,-0.17724491,-0.883483718,0.061332395,-0.464429589,0.00539374817,0.000393152208,-0.00293458626
0.468351872,0.168459896,-0.867333661,0.0249615532,-0.983786084,-0.177599161,-0.883189299,0.0615288925,-0.464962969,0.00210574223,-0.000655949058,-0.00773874857
0.46849942,0.16879539,-0.86718874,0.02507592,-0.9837232,-0.17793117,-0.88310781,0.06161509,-0.46510635,0.00451902,0.00392008,-0.00609058
0.46839136,0.16899659,-0.86720795,0.02516141,-0.98368948,-0.17810583,-0.88316271,0.06160305,-0.46500379,0.00387846,-0.00486469,-0.00482231
0.468381542,0.16910779,-0.867191548,0.0251963173,-0.983669125,-0.178212808,-0.883166899,0.0616215448,-0.46499325,0.00950672477,0.000294804544,0.00236519752
0.46845034,0.16927034,-0.86712266,0.02533282,-0.9836442,-0.17833077,-0.88312649,0.06157244,-0.46507643,,,
0.4684405,0.16938152,-0.86710631,0.0253677,-0.98362404,-0.17843774,-0.88313075,0.06159096,-0.46506611,,,
0.46839136,0.16940627,-0.86712802,0.02541363,-0.98362286,-0.17843774,-0.8831555,0.06154182,-0.46502563,,,
0.46812597,0.16942373,-0.86726794,0.0253784,-0.98362072,-0.17845512,-0.88329724,0.0615296,-0.46475811,0.00758648,-0.00275546,-0.00300476
0.46777191,0.1694604,-0.86745181,0.02531758,-0.98361405,-0.17850072,-0.88348655,0.06153584,-0.46439738,,,
0.46750638,0.16947772,-0.86759152,0.02528237,-0.98361172,-0.1785179,-0.88362806,0.06152348,-0.46412951,0.00607489,-0.00149781,0.00175545
0.467043847,0.169756028,-0.867786233,0.0252657452,-0.983559985,-0.178805584,-0.883873123,0.061584783,-0.463654663,-0.00042229594,0.00869285967,-0.0020203602
0.46703398,0.16986715,-0.86776979,0.0253006,-0.98353963,-0.17891247,-0.88387733,0.06160311,-0.46364418,0.00431927,0.00688052,-0.00915185
0.46708313,0.17021146,-0.86767588,0.02554798,-0.98348515,-0.17917682,-0.88384426,0.0615231,-0.4637179,-0.00118868,-0.00122666,-0.01058463
0.46703355,0.17060506,-0.86762528,0.02588728,-0.98342816,-0.17944104,-0.8838606,0.06134453,-0.4637105,,,
0.46696428,0.17077097,-0.86762995,0.02608549,-0.98340867,-0.17951966,-0.8838914,0.06119673,-0.46367146,0.00346979,-0.00228721,-0.00292519
0.46687526,0.17107792,-0.86761726,0.02643598,-0.9833702,-0.17967675,-0.88392789,0.0609503,-0.46363371,,,
0.466913787,0.171411598,-0.867530663,0.0268421817,-0.983328451,-0.179844871,-0.883895291,0.0606856198,-0.463730545,0.00719870999,0.00503301574,-6.96140341e-05
0.46693298,0.17155815,-0.86749141,0.02706594,-0.98331328,-0.17989508,-0.88387837,0.06051947,-0.46378473,0.00525427,0.00217485,0.0026798
0.46704966,0.17202413,-0.86733626,0.02749147,-0.98324385,-0.18020901,-0.88380354,0.06032219,-0.46395278,-0.00514113,0.00394106,-0.00493197
0.46657661,0.17216973,-0.86756199,0.02775714,-0.98323852,-0.18019817,-0.88404511,0.05999521,-0.46353499,,,
0.466251264,0.17228189,-0.867714593,0.0278438495,-0.983225591,-0.180254836,-0.884213992,0.0598835198,-0.463227073,0.000807025703,-0.000116586678,-0.00865897443
0.46551185,0.17240344,-0.86808739,0.02811566,-0.98322912,-0.18019375,-0.88459492,0.05947547,-0.46255199,0.00476979,0.00881839,-0.00780877
0.46476162,0.17259487,-0.8684513,0.0284638,-0.98322326,-0.18017177,-0.88497822,0.0590175,-0.46187714,0.00105866,0.00552773,0.00468329
0.464475069,0.172671309,-0.868589343,0.0286635777,-0.983224482,-0.180132485,-0.885122154,0.058770161,-0.461632555,6.24228269e-05,-0.0017365216,0.0114527605
0.464335292,0.173002009,-0.868598292,0.0290600248,-0.983184111,-0.180289602,-0.885182582,0.0584733316,-0.461554476,0.00066525978,0.00316083408,0.0112507567
0.464205454,0.17326221,-0.86861584,0.0293803928,-0.983153024,-0.180407408,-0.885240117,0.0582258254,-0.461475484,-0.00170620508,-0.000582396926,0.00843384024
0.4641952,0.17333263,-0.86860731,0.02945652,-0.98314367,-0.18044667,-0.88524301,0.05817634,-0.46147639,,,
0.4641952,0.17333263,-0.86860731,0.02945652,-0.98314367,-0.18044667,-0.88524301,0.05817634,-0.46147639,,,
0.46410468,0.17363866,-0.86859452,0.02980709,-0.98310416,-0.18060358,-0.88527869,0.05792869,-0.46143888,-0.00533131,0.00262821,0.00782216
0.46423266,0.17366559,-0.8685207,0.02986279,-0.98310034,-0.1806145,-0.88520967,0.05791069,-0.46157334,,,
0.46448856,0.17371946,-0.86837317,0.02997432,-0.98309318,-0.18063626,-0.88507172,0.05787459,-0.46184268,-0.001793,0.0029726,0.00523803
0.46489289,0.17365939,-0.86816878,0.02998932,-0.98310111,-0.18059036,-0.88485889,0.05791938,-0.46224464,-0.00138267,0.00289106,0.01147049
0.465208534,0.173618235,-0.868007898,0.0299787198,-0.983104626,-0.180572708,-0.884693324,0.0579821971,-0.462553496,-8.48192722e-05,0.00214695907,0.00874510594
0.46520021,0.17344215,-0.86804754,0.02963727,-0.98311886,-0.18055117,-0.88470918,0.05826587,-0.46248739,-0.00506589,0.00429559,-0.00289733
0.464896632,0.173085104,-0.868281429,0.0292369665,-0.983170886,-0.18033332,-0.884882079,0.0584504349,-0.462133289,0.0042682304,-0.000220298753,-0.0201417524
0.46478915,0.17291732,-0.86837242,0.02902895,-0.98319352,-0.18024392,-0.88494541,0.05856748,-0.4619973,0.0017723,0.00468934,-0.01379993
0.464464877,0.172619939,-0.868605046,0.0288638363,-0.983248679,-0.179969125,-0.885121036,0.0585180629,-0.461666943,-0.000340374885,0.00353598571,-0.0131931165
0.464219005,0.172333159,-0.868793416,0.0288420148,-0.983309973,-0.179637529,-0.88525073,0.0583334027,-0.461441614,0.00365033979,0.000249624223,-0.00353953941
0.46404135,0.17224937,-0.86890494,0.02891517,-0.98333454,-0.17949135,-0.88534149,0.05816688,-0.46128851,0.00618204,0.00174069,0.00168856
0.46378517,0.17199217,-0.86909265,0.02901111,-0.98339739,-0.17913132,-0.88547259,0.05786511,-0.46107483,0.00336754,-0.00177073,0.01261526
0.463499741,0.171699665,-0.869302657,0.0289181346,-0.983455136,-0.178827694,-0.885624992,0.0577479664,-0.46079633,0.00346502825,-0.00085514778,0.00503491517
0.463332225,0.171585987,-0.869414403,0.0288740108,-0.983477906,-0.178709698,-0.885714089,0.0576984706,-0.46063129,0.0103392322,0.00232195831,-0.000351428753
0.46245459,0.17097093,-0.87000265,0.02862381,-0.98359951,-0.17807961,-0.88618076,0.05745093,-0.45976386,0.00330083,-0.00121951,-0.00679411
0.462375768,0.170838043,-0.870070614,0.0286053206,-0.983626455,-0.177933187,-0.886222458,0.0573833295,-0.459691777,-0.00425035879,0.000633001269,-0.00554518122
0.46229694,0.17058278,-0.87016259,0.02871143,-0.98368653,-0.17758382,-0.88626016,0.05711283,-0.45965282,-0.0030064,-0.00114334,0.00423157
0.46242617,0.17011902,-0.8701848,0.02859867,-0.98377236,-0.17712744,-0.88619646,0.05702224,-0.45978728,-0.00132774,-0.00277138,0.02936626
0.463009799,0.169693275,-0.869957515,0.0283291944,-0.983833821,-0.176828515,-0.885900301,0.0572281354,-0.460331935,0.000950723421,-3.45706903e-05,0.0195418764
0.46375129,0.16924573,-0.86964965,0.0277208,-0.98387534,-0.17669318,-0.88553159,0.0578343,-0.46096498,-0.00573188,0.00237203,0.00840447
0.46410691,0.16900417,-0.869507,0.02732221,-0.98389388,-0.17665382,-0.88535775,0.05822941,-0.46124958,-0.01245819,0.01027226,0.00430461
0.46407762,0.16839396,-0.86964102,0.02638175,-0.98395592,-0.17645102,-0.88540162,0.05894433,-0.4610745,0.00718123,0.00321674,-0.01885255
0.46416603,0.16792164,-0.86968508,0.02553149,-0.98399333,-0.17636606,-0.88538012,0.05965877,-0.4610235,0.00307546,-0.00452119,-0.00904913
0.464333455,0.167747622,-0.869629342,0.0251998237,-0.984004085,-0.1763547,-0.885301884,0.0599728825,-0.46113324,-0.000204134267,-0.0037000177,-0.00505638728
0.46488516,0.167447489,-0.869392362,0.0245758775,-0.98401472,-0.176382779,-0.885029812,0.0606316515,-0.461568964,0.00822684448,0.000213623032,-0.00292850658
0.46526842,0.16699267,-0.86927478,0.02394947,-0.98405841,-0.17622463,-0.88484554,0.06117307,-0.4618506,0.01404458,0.00185394,-0.00386865
0.465474812,0.166864143,-0.869189001,0.0236479864,-0.984060775,-0.176252717,-0.884745124,0.0614866265,-0.462001467,0.005945832,-0.00141012657,-0.000827788841
0.466104323,0.166614127,-0.868899524,0.0231258283,-0.984065967,-0.176292263,-0.884427412,0.0620765527,-0.462530383,5.18932939e-06,0.000971198024,-0.0136719206
0.46631996,0.16641455,-0.86882214,0.02274845,-0.98407705,-0.17628083,-0.88432359,0.06243892,-0.46268046,0.00431399,0.00396335,-0.02279851
0.46632953,0.16638442,-0.86882273,0.02263101,-0.98407461,-0.1763089,-0.88432152,0.06255571,-0.46266845,0.00411137,0.00641143,-0.01114793
0.46612208,0.16638766,-0.86893343,0.02239154,-0.98405997,-0.17642117,-0.88443698,0.06277704,-0.46241771,0.00786591,0.00323939,-0.00627018
0.465559877,0.166346316,-0.869242734,0.0221746402,-0.984061198,-0.176442462,-0.884738556,0.0628693888,-0.461828107,0.00729798432,-0.000168204293,-0.000382510363
0.46533329,0.16640966,-0.8693519,0.02216991,-0.98405115,-0.17649841,-0.88485783,0.06285713,-0.461601,0.00149034,-0.00504851,-0.00219067
0.46501789,0.16649226,-0.86950483,0.02213982,-0.98403678,-0.17658223,-0.88502438,0.06286321,-0.46128077,0.00992842,-0.00432032,-0.00329693
0.464998656,0.166674355,-0.869480258,0.0222504815,-0.98400802,-0.176729091,-0.885031737,0.0628324367,-0.461271002,0.00559897581,-0.000529766025,-0.0039403867
0.46507785,0.16680703,-0.86941241,0.02226906,-0.98398108,-0.17687592,-0.88498961,0.06290007,-0.46134239,0.00407239,-0.00172287,-0.0026935
0.46517758,0.16708635,-0.86930542,0.02251113,-0.98393996,-0.17707387,-0.88493107,0.06280174,-0.46146804,0.00355071,-0.00182426,-0.00450257
0.46540535,0.16743292,-0.86911682,0.02276734,-0.98388426,-0.17735082,-0.88480477,0.06275254,-0.46171698,-0.00266949,0.00456357,-0.00368307
0.46555388,0.16764688,-0.86899603,0.02300492,-0.98385531,-0.17748096,-0.8847205,0.06263577,-0.46189436,0.00763823,0.00401223,-0.01263786
0.46548683,0.16846999,-0.86887279,0.0238714,-0.98374912,-0.17795513,-0.88473286,0.06209456,-0.46194393,,,
0.4654576,0.16864128,-0.8688552,0.02414089,-0.98373326,-0.17800604,-0.8847409,0.06187933,-0.46195729,-0.00391948,0.002666,0.00588745
0.46552723,0.16901042,-0.86874606,0.02473547,-0.98369772,-0.17811898,-0.88468774,0.06143037,-0.46211847,-0.00751685,0.00161374,0.00893342
0.46492602,0.16937632,-0.86899682,0.02536338,-0.9836749,-0.17815846,-0.88498616,0.06078981,-0.46163202,0.00463386,-0.00576675,0.00351464
0.464886574,0.169370932,-0.869018919,0.0252919481,-0.983671478,-0.178186549,-0.885008876,0.0608573444,-0.461579306,0.00559903961,0.000756740512,0.0035737569
0.464975312,0.1693517,-0.868975178,0.0253174108,-0.983675881,-0.178158403,-0.884961517,0.0608390462,-0.461672447,-0.000774542801,-0.0025514958,0.00483724941
0.466019986,0.169299144,-0.868425638,0.0250685501,-0.983654713,-0.178310571,-0.884418937,0.0613261087,-0.462646756,-0.000855529448,0.00423097564,-0.00745949242
0.46603963,0.1691173,-0.86845051,0.02495772,-0.98368401,-0.17816411,-0.8844117,0.06135698,-0.4626564,,,
0.46609867,0.16894089,-0.86845315,0.02491831,-0.98371659,-0.17798955,-0.88438169,0.06132029,-0.46271859,0.00586223,0.00516915,-0.00649312
0.46614789,0.16883507,-0.86844734,0.024955,-0.98374021,-0.17785436,-0.88435475,0.06123432,-0.46278164,,,
0.46625612,0.16859334,-0.86843619,0.02491101,-0.98378504,-0.17761203,-0.88429891,0.06117906,-0.46289552,,,
0.46632488,0.16830564,-0.86845515,0.02483679,-0.98383798,-0.17733036,-0.88426482,0.06112392,-0.46296833,,,
0.46629521,0.16814833,-0.86850149,0.024772,-0.98386582,-0.17718375,-0.88428222,0.0611054,-0.4629372,,,
0.466147159,0.167812518,-0.868645918,0.0246583199,-0.983928552,-0.176851267,-0.884363465,0.0610193612,-0.462793421,0.00701963948,0.00248587108,0.000701417681
0.46631415,0.16747542,-0.86862137,0.02449218,-0.98398338,-0.17656944,-0.88428006,0.06106239,-0.46294719,-0.00222256,0.00532758,0.0047458
0.46650111,0.16740679,-0.86853413,0.0244256,-0.98398986,-0.17654118,-0.88418321,0.06114217,-0.46312123,,,
0.46662848,0.16706414,-0.86853175,0.02418806,-0.98404144,-0.17628741,-0.8841226,0.06125262,-0.46322268,,,
0.46667674,0.16662948,-0.86858936,0.02389042,-0.98410839,-0.17595467,-0.88410526,0.06136299,-0.46324138,0.00168,-0.00295442,0.00619119
0.4667846,0.16646877,-0.86856218,0.02376368,-0.98413049,-0.17584749,-0.88405169,0.06144266,-0.46333283,,,
0.466842179,0.165963197,-0.868627937,0.0233899772,-0.984205785,-0.175475049,-0.884031212,0.0616019553,-0.463350545,0.0077623562,0.000878333987,-0.00650024274
0.46689949,0.16549823,-0.86868592,0.02297501,-0.98427009,-0.17517026,-0.8840119,0.06182884,-0.46335755,0.00489339,0.00161862,-0.01299052
0.466829916,0.165294784,-0.868762022,0.022880322,-0.984305386,-0.174983858,-0.884051077,0.0618101434,-0.463285186,0.00412793551,0.000970363559,-0.0117673799
0.466818869,0.164955195,-0.868832467,0.0227048241,-0.984361498,-0.174690197,-0.884061402,0.0618219843,-0.463263728,0.00428174529,9.39369129e-05,-0.00338470098
0.46667005,0.16461901,-0.86897622,0.02259152,-0.98442336,-0.17435691,-0.88414292,0.06173565,-0.46311991,0.00208708,-0.00104952,-0.00557775
0.46659087,0.16448625,-0.86904385,0.02257294,-0.98444973,-0.17420999,-0.88418516,0.06166791,-0.46304818,,,
0.46657017,0.16405475,-0.86913655,0.02263912,-0.98454106,-0.1736849,-0.88419442,0.06135971,-0.46307156,0.00514907,-0.00124383,-0.0011697
0.466609771,0.164060144,-0.86911426,0.0227104508,-0.984544357,-0.173656763,-0.884171682,0.0612919667,-0.463123904,0.0035565244,-0.000203013406,-0.00424341345
