0,1,2,3,4,5,6,7,8,9,10,11
0.96347202,-0.12520317,-0.23673999,-0.1043894,-0.98964184,0.09854717,-0.24662626,-0.07023429,-0.9665621,-0.0081952,0.01618153,0.00777112
0.96361382,-0.12612113,-0.23567322,-0.10535885,-0.98951835,0.09875517,-0.24565813,-0.07033158,-0.96680152,-0.00527399,0.0103845,0.01781227
0.96373753,-0.12693438,-0.23472882,-0.1061749,-0.98939566,0.09910854,-0.24482003,-0.0705923,-0.96699497,-0.00843686,-0.01217705,0.0243384
0.96378523,-0.12713923,-0.23442193,-0.10640004,-0.98936833,0.09914074,-0.24453436,-0.07060787,-0.96706619,-0.00185915,-0.02763397,0.0273837
0.96380126,-0.12714573,-0.23435249,-0.10665587,-0.98943709,0.09817545,-0.24435967,-0.06962655,-0.96718155,-0.00204132,-0.02557319,0.0260745
0.963791065,-0.127004801,-0.234470806,-0.106976634,-0.989586977,0.096298494,-0.244259653,-0.067728729,-0.96734163,0.000594340498,-0.0250698328,0.0119205406
0.96374444,-0.12702628,-0.23465074,-0.10721334,-0.98964874,0.09539767,-0.24433981,-0.06678129,-0.96738739,0.00103289,-0.01743639,0.01184136
0.96358921,-0.12743802,-0.23506465,-0.10799672,-0.98971084,0.0938564,-0.24460692,-0.06505281,-0.96743757,,,
0.96351215,-0.12803773,-0.23505462,-0.10885013,-0.98970581,0.09291996,-0.24453217,-0.06394379,-0.9675305,0.00187281,0.01645595,-0.01349854
0.963528209,-0.128290302,-0.234850983,-0.109198255,-0.989695114,0.0926234096,-0.244313582,-0.0635999488,-0.967608235,0.000617947895,0.0147318244,-0.0167631563
0.963658858,-0.128766049,-0.234053225,-0.109843505,-0.989662017,0.0922149033,-0.243507725,-0.0631544823,-0.967840685,0.010278604,-0.000195920467,-0.0100508397
0.96379366,-0.12925424,-0.23322759,-0.11056328,-0.98964213,0.09156406,-0.24264693,-0.06246245,-0.96810158,0.01203283,-0.00223613,-0.00414344
0.96382958,-0.12947637,-0.23295578,-0.11094428,-0.98964913,0.0910251,-0.24233013,-0.06188757,-0.96821777,0.02144347,-0.00150698,0.00118522
0.96373458,-0.13029733,-0.23289111,-0.1120023,-0.98960717,0.0901825,-0.24222128,-0.06082765,-0.96831224,0.02611201,0.00252563,0.00584153
0.96347731,-0.13134852,-0.23336462,-0.11324721,-0.98953658,0.08940103,-0.24266551,-0.05970798,-0.96827089,0.02998238,-0.00297099,-0.00479124
0.96334021,-0.13192471,-0.23360543,-0.11385999,-0.98947894,0.08925671,-0.24292288,-0.05938626,-0.96822579,0.02804638,-0.00588703,-0.01677393
0.96290954,-0.13379411,-0.23431678,-0.11598594,-0.98932154,0.08826266,-0.24362364,-0.05781151,-0.96814539,0.01350731,0.0082671,-0.00255242
0.962886757,-0.134101146,-0.234234864,-0.116362276,-0.989296935,0.0880405801,-0.243534206,-0.0575170047,-0.968185228,0.0105071729,0.00446659327,0.000944807427
0.96283589,-0.13471307,-0.23409279,-0.11702983,-0.98922888,0.08792048,-0.24341541,-0.05725715,-0.96823051,0.01442245,0.00216824,0.00161617
0.962817645,-0.135091196,-0.233949873,-0.117419608,-0.98917996,0.0879498777,-0.243299836,-0.057209388,-0.968262268,0.0125776771,0.000551879406,-0.00792231411
0.96282744,-0.13515471,-0.23387289,-0.11752841,-0.98918087,0.08779515,-0.24320855,-0.05704487,-0.968295,0.0174523,0.00286168,-0.01585088
0.96294107,-0.13520198,-0.2333772,-0.11766029,-0.98918438,0.08758241,-0.24269436,-0.05687747,-0.96843418,0.0258395,0.00736302,-0.01237962
0.96302888,-0.13524821,-0.23298778,-0.1177046,-0.98916943,0.08768904,-0.24232418,-0.05702335,-0.96851806,0.02818007,0.01560611,0.00141818
0.96299227,-0.135302191,-0.233107713,-0.117733396,-0.989159216,0.0877665262,-0.242455637,-0.0570739242,-0.968482267,0.0200069789,0.0139002204,0.000245683361
0.962842093,-0.135318784,-0.233717631,-0.117620041,-0.989139533,0.0881389849,-0.243106212,-0.0573740472,-0.968301378,0.00632780418,-0.00686591864,-0.000977967633
0.962703684,-0.135063779,-0.2344342,-0.117267086,-0.989164727,0.088326981,-0.243823808,-0.0575412951,-0.968111063,0.00284940912,-0.0132976174,0.000606776914
0.96271085,-0.13477999,-0.23456804,-0.11695281,-0.98919672,0.08838453,-0.24394641,-0.05765536,-0.96807332,-0.00441469,-0.00718355,0.00408424
0.962875837,-0.134215168,-0.234214455,-0.116417331,-0.989268135,0.0882923918,-0.243551077,-0.0577479888,-0.968167355,0.00714394962,-0.000832498074,0.00622888142
0.96315903,-0.13380755,-0.2332814,-0.11598663,-0.98929393,0.08856875,-0.24263506,-0.05824826,-0.96836727,0.01182071,0.00530463,-0.0041641
0.963295302,-0.133586454,-0.232845058,-0.115701763,-0.989296988,0.0889076726,-0.242229775,-0.0587037596,-0.968441328,0.0169111155,0.000367224216,-0.0171109308
0.963380113,-0.13334345,-0.232633363,-0.115262324,-0.989274938,0.0897201555,-0.242101949,-0.0596207515,-0.968417279,0.0217545982,-0.000677227974,-0.0308611505
0.96323685,-0.13311615,-0.23335566,-0.11479325,-0.98926061,0.09047761,-0.24289356,-0.06036372,-0.96817311,0.02708325,0.00401324,-0.00849042
0.963112943,-0.132996492,-0.233934597,-0.114561923,-0.989261427,0.0907613311,-0.243493385,-0.0606134172,-0.968006822,0.0286617987,0.00516575575,0.00030139694
0.96292095,-0.13286937,-0.23479562,-0.11424733,-0.98925096,0.09127082,-0.24439885,-0.06106181,-0.96775045,0.02821625,0.00406235,0.00881548
0.96280624,-0.13289231,-0.23525258,-0.11404247,-0.98920155,0.09205636,-0.24494583,-0.06180365,-0.96756479,0.02443803,-0.00700742,0.01011513
0.96268049,-0.13300008,-0.23570587,-0.11392299,-0.98914157,0.09284652,-0.24549507,-0.06252921,-0.96737906,0.02882796,-0.00486511,-0.0136339
0.96273263,-0.13308,-0.23544765,-0.11401709,-0.98912869,0.09286686,-0.24524678,-0.06256089,-0.96743986,0.02505788,-0.01929075,-0.02745475
0.96281132,-0.13299299,-0.23517487,-0.11402508,-0.9891571,0.09255385,-0.24493394,-0.06229606,-0.96753619,0.01850004,-0.01514292,-0.02941514
0.96307845,-0.13264644,-0.23427511,-0.1139655,-0.98925178,0.09161446,-0.24390935,-0.06153264,-0.9678442,0.00856265,-0.00505841,-0.0281984
0.965565528,-0.129640541,-0.225558296,-0.112004307,-0.989681996,0.0893578196,-0.234815354,-0.0610173314,-0.970123122,0.0232260209,-0.000150680542,0.0186973959
0.96673738,-0.12725175,-0.22186896,-0.10975792,-0.98991887,0.08952046,-0.23102389,-0.0621909,-0.97095846,-0.01597191,-0.0074234,0.02823207
0.96783723,-0.12527484,-0.21816809,-0.10829769,-0.99020201,0.08815618,-0.22707424,-0.06169373,-0.97192134,-0.02975421,-0.0040676,0.03216914
0.969049181,-0.12428236,-0.213301608,-0.107999067,-0.990388416,0.0864101234,-0.221990726,-0.0606992828,-0.973157459,-0.0380976945,0.010374248,0.000775412656
0.96964021,-0.12382132,-0.21086998,-0.10789929,-0.99048265,0.0854525,-0.21944387,-0.06010546,-0.97377204,-0.04231647,0.01411027,-0.01189194
0.97053742,-0.12287764,-0.20726358,-0.10753181,-0.99066425,0.08379116,-0.21562471,-0.05903503,-0.97468998,-0.02371186,0.01884276,-0.01776586
0.970902492,-0.121968374,-0.20608752,-0.106925244,-0.990824994,0.0826606565,-0.214278655,-0.0582194789,-0.975035954,-0.0133017693,0.00427025557,0.000711780973
0.97095637,-0.12154251,-0.20608528,-0.10658514,-0.99089745,0.08223117,-0.21420395,-0.05787725,-0.97507282,-0.01357967,-0.00127137,0.01103436
0.97090736,-0.12084011,-0.20672824,-0.10591601,-0.9910015,0.08183751,-0.2147573,-0.05756081,-0.97496954,-0.0395031,-0.02084172,0.03305333
0.97087036,-0.12029724,-0.20721805,-0.10534361,-0.99106698,0.08178643,-0.21520564,-0.05757492,-0.9748701,-0.06115994,-0.02158624,0.05345033
0.97088139,-0.12004425,-0.20731303,-0.10508342,-0.99109576,0.08176927,-0.21528305,-0.0576031,-0.97485109,-0.06297056,-0.01783931,0.05604672
0.97101031,-0.11928419,-0.2071479,-0.10439612,-0.99119789,0.081413,-0.21503585,-0.05742743,-0.97491618,-0.0535209,-0.00713664,0.05175214
0.97123226,-0.11815384,-0.20675487,-0.10339995,-0.99135223,0.08080435,-0.21451423,-0.05710135,-0.97505037,-0.04704916,0.00180477,0.03227802
0.97133094,-0.11765703,-0.20657452,-0.10296102,-0.99141904,0.08054333,-0.21427841,-0.05696511,-0.97511007,-0.04528691,0.0115388,0.01878282
0.97147703,-0.11677044,-0.20639051,-0.10205662,-0.99150885,0.08059111,-0.21404865,-0.05722889,-0.97514527,-0.04436494,0.00670415,-0.00243974
0.97143864,-0.11612848,-0.20693272,-0.10123798,-0.99154413,0.08118592,-0.21461091,-0.05791769,-0.9749809,-0.0353878,0.00180417,0.00253996
0.97136177,-0.11580029,-0.20747674,-0.10078965,-0.99155986,0.08154993,-0.21516912,-0.05830298,-0.97483481,-0.02846538,-0.00385052,-0.0032721
0.97115573,-0.11518225,-0.20878123,-0.09993803,-0.99159379,0.0821846,-0.21649236,-0.05894887,-0.97450308,-0.02833787,0.00637811,-0.00720938
0.97098457,-0.11471218,-0.20983345,-0.09928354,-0.99161865,0.0826749,-0.21755859,-0.05944304,-0.97423544,-0.01217404,-0.00331199,0.00558341
0.9708961,-0.11445209,-0.21038412,-0.09893859,-0.99163606,0.08287584,-0.21810987,-0.05964872,-0.9740993,-0.01632172,-0.00280702,0.008117
0.97067596,-0.11406202,-0.2116082,-0.09837332,-0.9916588,0.08327662,-0.21934189,-0.06001801,-0.97380002,-0.01578577,-0.00727719,0.00447792
0.97037854,-0.11368788,-0.21316789,-0.09778792,-0.99167797,0.08373903,-0.22091402,-0.06041331,-0.97342033,-0.00704364,-0.00528061,0.00125892
0.9701979,-0.11348716,-0.21409508,-0.09746432,-0.99168778,0.08400076,-0.22184847,-0.06063073,-0.97319435,,,
0.96974385,-0.11332228,-0.21622887,-0.0970032,-0.99167498,0.08468164,-0.22402509,-0.0611446,-0.97266333,0.01221552,-0.001315,-0.00627794
0.96921253,-0.11323413,-0.21864379,-0.09654616,-0.99164147,0.08559094,-0.22650809,-0.06184659,-0.97204366,0.01817016,-0.01255959,-0.00534669
0.968930184,-0.113220065,-0.219898872,-0.09637291,-0.991629876,0.0859203383,-0.227786214,-0.0620585141,-0.971731463,0.0229152013,-0.0177093744,-0.000308904331
0.9683922,-0.11338624,-0.22217136,-0.09634889,-0.99161531,0.08611385,-0.23007268,-0.06198601,-0.97119716,0.02404448,-0.00768989,0.00901125
0.9678901,-0.11371693,-0.22418119,-0.09650443,-0.99158136,0.08633155,-0.23211126,-0.06192498,-0.97071597,0.00495337,-0.01345593,0.00286053
0.96762745,-0.11387351,-0.22523307,-0.09659064,-0.9915708,0.08635464,-0.23316809,-0.06180372,-0.97047023,-0.00221801,-0.00662827,-0.00224939
0.966992267,-0.114133228,-0.227814745,-0.0967258285,-0.991571045,0.0862019972,-0.235733039,-0.0613210935,-0.969881161,-0.00315148244,0.000230491161,-0.0081341099
0.96631284,-0.11421966,-0.23063686,-0.09677696,-0.99161709,0.08561235,-0.2384821,-0.06040797,-0.96926616,0.00510525,0.00470823,-0.00752442
0.966035229,-0.114116458,-0.231847733,-0.0966960574,-0.991660808,0.0851982422,-0.239636829,-0.0598857418,-0.969013887,0.00977588445,-0.000642001629,-0.0075010173
0.965560896,-0.114041065,-0.23385208,-0.0967504609,-0.991744209,0.0841604376,-0.241519168,-0.0586367323,-0.968622955,0.00856452622,0.000989079475,-0.00184634072
0.96517437,-0.11419735,-0.23536651,-0.09700424,-0.99178228,0.08341421,-0.24295804,-0.05767771,-0.96832046,0.00583444,-0.00955153,0.0055428
0.96498316,-0.11431562,-0.23609202,-0.09713316,-0.99178681,0.08320857,-0.24366504,-0.05736251,-0.96816139,0.00918804,-0.00616103,0.00634345
0.96454775,-0.11463859,-0.23770912,-0.09747278,-0.99178879,0.08279072,-0.24524822,-0.05668544,-0.96780179,0.01592081,0.00542825,0.01340493
0.964179,-0.11503871,-0.23900825,-0.09782279,-0.99175954,0.08272547,-0.24655537,-0.05638171,-0.96748713,0.01627746,0.0024156,0.00732492
0.9640181,-0.11526834,-0.23954604,-0.09801182,-0.99173596,0.08278411,-0.24710884,-0.05632703,-0.96734907,0.01576058,0.00175303,0.00138507
0.96366119,-0.11591948,-0.24066529,-0.09862408,-0.99167824,0.08274829,-0.24825471,-0.05600592,-0.96707428,0.02637403,0.00272864,0.00335218
0.9632871,-0.11662322,-0.24182016,-0.09926774,-0.99161018,0.08279482,-0.24944715,-0.05575024,-0.96678221,0.02013363,0.00714165,0.00166721
0.96309933,-0.11699025,-0.24239011,-0.09957377,-0.99156715,0.0829418,-0.25004949,-0.0557455,-0.96662681,0.01234428,-0.0028888,0.0030337
0.96273439,-0.11781794,-0.24343671,-0.10026322,-0.99146537,0.08332984,-0.2511768,-0.05581675,-0.96633061,0.00670054,-0.00901526,0.01044693
0.96241693,-0.11866445,-0.24427935,-0.10102217,-0.99136787,0.08357108,-0.25208764,-0.05575259,-0.96609696,0.0039066,-0.00495911,0.00516759
0.96229796,-0.11905938,-0.24455571,-0.10138949,-0.99132283,0.08365946,-0.25239415,-0.05570994,-0.9660193,0.00667706,-0.00503147,0.00571613
0.962149788,-0.119718336,-0.244816868,-0.102003438,-0.991243883,0.0838483865,-0.252711451,-0.0557025427,-0.965936769,0.00454255566,0.000395715237,0.00394948991
0.96210136,-0.12015157,-0.24479496,-0.10242166,-0.99119126,0.0839608,-0.25272668,-0.05570649,-0.96593257,,,
0.96209765,-0.12027788,-0.24474752,-0.10255146,-0.99117686,0.0839728,-0.25268818,-0.05569082,-0.9659436,,,
0.96202507,-0.12053383,-0.24490683,-0.10280414,-0.99115017,0.08397878,-0.25286175,-0.05561226,-0.96590268,0.00790169,0.00187153,0.00139373
0.961964347,-0.120842289,-0.244993347,-0.103176871,-0.991131053,0.083749469,-0.252940966,-0.0552863578,-0.965900869,0.00672107749,-0.000401198864,0.00541709596
0.961929048,-0.121033621,-0.245037472,-0.103411446,-0.991119253,0.0835965862,-0.252979392,-0.0550743031,-0.965902657,0.00949694123,-0.00333714485,-0.000582143897
0.96191156,-0.12132953,-0.24495979,-0.10379942,-0.99110414,0.08329669,-0.252887,-0.05469737,-0.96594847,-0.00233437,-0.0022673,-0.00502538
0.96197476,-0.12158974,-0.24458227,-0.10414177,-0.99108489,0.0830968,-0.25250553,-0.05446579,-0.96606122,-0.01535783,-0.00225878,-0.00509264
0.9620299,-0.12166081,-0.24432991,-0.10424499,-0.9910789,0.08303808,-0.25225273,-0.05441495,-0.96613007,-0.01151003,-0.00397283,-0.0059859
0.96206334,-0.12172268,-0.24416741,-0.10435656,-0.99107974,0.08289085,-0.25207904,-0.05426578,-0.96618405,-0.00716404,-0.00411791,-0.00523075
0.96206923,-0.12176443,-0.24412339,-0.10440058,-0.99107459,0.08289673,-0.25203834,-0.05426577,-0.96619465,,,
0.96207511,-0.12180617,-0.24407937,-0.1044446,-0.99106944,0.0829026,-0.25199764,-0.05426576,-0.96620524,,,
0.962173299,-0.121875114,-0.243657542,-0.104552333,-0.991061924,0.0828553252,-0.251577723,-0.0542462165,-0.966315647,0.00265696109,0.000151336193,0.00765490672
0.96231842,-0.12181563,-0.24311357,-0.10453482,-0.99106783,0.08280802,-0.25102933,-0.05427385,-0.9664568,0.00221765,-0.00651199,0.0103103
0.96238302,-0.12177146,-0.24287989,-0.1045839,-0.99108867,0.08249567,-0.25076112,-0.05399111,-0.96654224,-0.00199041,-0.01045281,0.00159567
0.962494581,-0.121568243,-0.242539355,-0.104539295,-0.991139656,0.0819356377,-0.250351178,-0.053507712,-0.966675202,0.000541366171,-0.0157725215,-0.00922914036
0.96252591,-0.12144177,-0.24247838,-0.10449796,-0.99117152,0.08160567,-0.25024797,-0.05320908,-0.96671869,0.0014709,-0.01101577,-0.01012951
0.96256886,-0.12132731,-0.24236515,-0.10461838,-0.99123195,0.08070931,-0.25003235,-0.05233242,-0.96682208,0.01085307,0.00540715,-0.01186951
0.96259786,-0.12147501,-0.24217594,-0.10490151,-0.99123992,0.08024297,-0.24980199,-0.05183709,-0.96690833,-0.00516858,0.01458699,-0.01330691
0.96258799,-0.12155959,-0.24217274,-0.10498728,-0.99123048,0.08024881,-0.24980401,-0.05182148,-0.96690876,-0.00931377,0.01119679,-0.00689055
0.96247247,-0.12185814,-0.24248162,-0.10519375,-0.99118226,0.08057327,-0.25016198,-0.052042,-0.96680435,-0.01645516,0.00208479,0.00314578
0.962327769,-0.121937501,-0.243015439,-0.105190733,-0.991165051,0.0807860089,-0.250719301,-0.0521796448,-0.966652342,-0.00830704905,0.00034236908,0.0102155395
0.96226316,-0.12193021,-0.24327481,-0.10519474,-0.99117301,0.08068614,-0.25096549,-0.05205007,-0.9665957,-0.00238937,0.00099647,0.01787204
0.96222006,-0.12191161,-0.24345455,-0.10521155,-0.99118544,0.0805093,-0.25112365,-0.05185343,-0.96656501,0.00185588,0.00150758,0.0155442
0.96228642,-0.12208715,-0.24310403,-0.10538124,-0.99115802,0.08062685,-0.250798,-0.05196752,-0.9666436,0.00394557,0.00176972,0.01273875
0.96233527,-0.12214744,-0.24288025,-0.10540845,-0.99114009,0.08080926,-0.25059903,-0.05216396,-0.96668444,0.00112203,0.00240296,0.01298435
0.96242289,-0.12238318,-0.24241394,-0.10551715,-0.99107769,0.08142751,-0.25021649,-0.05278887,-0.96674937,-0.00340631,0.00107318,0.00964771
0.962445944,-0.122652368,-0.24218628,-0.105587756,-0.991000296,0.0822756984,-0.250098027,-0.053614004,-0.966734798,-0.00786292739,0.000675797462,0.00222872244
0.96244594,-0.12270339,-0.24216045,-0.10553507,-0.99097174,0.08268813,-0.25012028,-0.05402644,-0.96670624,,,
0.96244174,-0.12291128,-0.24207172,-0.10558059,-0.99091073,0.0833593,-0.25011725,-0.0546704,-0.9666709,,,
0.96244325,-0.12313025,-0.24195438,-0.10570181,-0.99086143,0.08378868,-0.25006021,-0.05506683,-0.96666299,0.00544378,-0.00475097,0.00400159
0.96246045,-0.12327579,-0.24181185,-0.10581293,-0.99083445,0.08397072,-0.24994702,-0.05523168,-0.96668315,0.00502935,-0.00801003,0.00236714
0.962483322,-0.123483334,-0.241614814,-0.105947089,-0.990789939,0.0843232418,-0.249802054,-0.055561327,-0.966701491,0.000851886405,-0.00680202246,0.00258040847
0.96246901,-0.12372463,-0.24154837,-0.10613115,-0.9907476,0.08458745,-0.24977906,-0.05577699,-0.96669489,,,
0.96245898,-0.12381937,-0.24153979,-0.10620642,-0.99073203,0.08467554,-0.24978572,-0.05584365,-0.96668934,-0.00564502,0.00295085,0.00188669
0.96246033,-0.1240178,-0.2414326,-0.10634881,-0.99069409,0.08493969,-0.24971993,-0.05607501,-0.96669289,,,
0.96253148,-0.12425433,-0.241027,-0.1065425,-0.99064878,0.08522655,-0.24936288,-0.05635361,-0.966769,0.01016221,-0.00178802,-0.00211502
0.96259115,-0.12438714,-0.24071998,-0.1066691,-0.99062569,0.08533717,-0.24907825,-0.05646742,-0.96683579,0.01247919,-0.00196296,-0.00328785
0.96266197,-0.12459314,-0.24032996,-0.10689439,-0.99059812,0.08537662,-0.24870772,-0.0564989,-0.96692945,0.00745018,-0.00234395,-0.00178058
0.96262044,-0.12476342,-0.24040791,-0.10706352,-0.99057909,0.08538208,-0.24879565,-0.05645162,-0.96690928,,,
0.962589,-0.124859313,-0.240484031,-0.1071364,-0.990564307,0.0854645349,-0.248885935,-0.0565026281,-0.966883284,-0.00206727884,-0.00480979681,-6.68177381e-05
0.962472115,-0.124949846,-0.240904469,-0.107210096,-0.990558256,0.085442056,-0.249305881,-0.0564082052,-0.966780585,-0.00782565493,0.00229197741,5.89077827e-05
0.962397844,-0.125017668,-0.241165866,-0.107309625,-0.99056269,0.0852661251,-0.249549667,-0.056180517,-0.966730998,-0.00476788962,0.000539362431,0.00262521394
0.962376445,-0.125018828,-0.241250632,-0.107307219,-0.990563321,0.0852604298,-0.249633202,-0.0561646938,-0.966710228,-0.0080790855,0.000965237617,-0.00284967758
0.9623708,-0.12499746,-0.24128421,-0.10724212,-0.9905568,0.08541956,-0.24968293,-0.05632946,-0.96668794,,,
0.96240797,-0.12497369,-0.24114822,-0.10718184,-0.99054829,0.08558989,-0.24956551,-0.05652568,-0.96670647,,,
0.96242936,-0.12498264,-0.24105821,-0.10717377,-0.99054154,0.08567785,-0.24948648,-0.05662376,-0.96672111,,,
0.96246199,-0.12508506,-0.24087475,-0.10724341,-0.99051861,0.08585944,-0.24933064,-0.05680422,-0.96675106,0.00570151,-0.0061233,0.00188536
0.96248336,-0.125083843,-0.240789958,-0.107245842,-0.990517533,0.0858650152,-0.249247068,-0.0568199226,-0.966771357,-9.96636227e-05,-0.00386190414,0.00701648835
0.96248336,-0.12507373,-0.24079522,-0.10725632,-0.99052367,0.08578276,-0.24924257,-0.05673766,-0.96677749,-0.00387296,-0.00141174,0.00793149
0.96248336,-0.125043322,-0.240811012,-0.10728779,-0.990541606,0.0855356196,-0.249229023,-0.056490527,-0.96679543,-0.00919280946,0.000724732876,0.00430228282
0.96254742,-0.12501949,-0.24056722,-0.107316,-0.99055142,0.08538776,-0.24896935,-0.05637306,-0.9668693,-0.00606453,-0.00828046,0.0009928
0.96256315,-0.1249665,-0.24053181,-0.10728478,-0.99056199,0.08530546,-0.24892198,-0.05630649,-0.96688548,-0.00650271,-0.00990593,-0.00303036
0.96260021,-0.12492243,-0.24040634,-0.10724553,-0.99056563,0.085311,-0.24879554,-0.05633788,-0.96691606,0.00727871,-0.00553054,-0.00157328
0.96270676,-0.12489624,-0.23999296,-0.1072785,-0.9905738,0.08517424,-0.24836871,-0.05625172,-0.96703077,0.00986812,0.00497812,0.00170902
0.96279186,-0.12488139,-0.2396591,-0.10729859,-0.99057698,0.08511428,-0.24802995,-0.05623225,-0.96711905,,,
0.96291929,-0.12486411,-0.23915561,-0.1073235,-0.99057843,0.08506523,-0.24752398,-0.05624393,-0.96724792,-0.00947536,-0.00591826,-0.00426081
0.96288239,-0.12491826,-0.23927584,-0.10735234,-0.99056872,0.08514205,-0.24765495,-0.05629496,-0.96721144,-0.00591425,-0.0096001,-0.00378631
0.96283992,-0.12492065,-0.23944542,-0.10734751,-0.99057011,0.0851309,-0.24782209,-0.05626356,-0.96717037,,,
0.96283437,-0.12483867,-0.23951052,-0.10734512,-0.99059914,0.08479587,-0.24784472,-0.05593409,-0.96718372,0.00377937,0.00129372,0.00860079
0.962998553,-0.124747237,-0.238897292,-0.107361906,-0.990622244,0.0845050265,-0.247198727,-0.0557297504,-0.96736089,0.00454983162,0.000896036625,0.00937900133
0.96310441,-0.12473126,-0.23847853,-0.10738427,-0.9906245,0.08445027,-0.24677625,-0.05572558,-0.967469,-0.00106329,0.00528449,0.00858474
0.96332651,-0.1247927,-0.23754752,-0.10750681,-0.99061276,0.08443388,-0.24585428,-0.05579943,-0.96769961,-0.00354717,0.0075832,0.00415247
0.96346914,-0.12493045,-0.23689577,-0.10763291,-0.99058053,0.08464775,-0.24523943,-0.05605772,-0.9678404,,,
0.96351114,-0.12493797,-0.23672087,-0.10762745,-0.99057299,0.08474099,-0.24507672,-0.05617123,-0.96787487,-0.00451861,-0.00216556,0.00163199
0.9636005,-0.12496479,-0.23634271,-0.10769156,-0.99057111,0.08468572,-0.24469696,-0.05615109,-0.96797248,-0.01024345,-0.0052402,-0.00233645
0.96379903,-0.12483935,-0.23559831,-0.10765846,-0.9905919,0.0844817,-0.24392844,-0.05605923,-0.96817152,-0.00327135,-0.00260478,-0.00355151
0.96391356,-0.1247189,-0.23519322,-0.10761556,-0.99061594,0.08425593,-0.24349444,-0.05590498,-0.96828983,-0.00645393,-0.00180322,-0.00210546
0.96409033,-0.124535592,-0.234564952,-0.107641155,-0.990672651,0.0835513655,-0.242782232,-0.0553022194,-0.968503075,-0.00390768703,0.000120103359,0.00609121844
0.9640951,-0.1243204,-0.23465947,-0.10760324,-0.99073995,0.08279846,-0.24278009,-0.05457546,-0.96854481,-0.00213239,-0.00431645,0.01003786
0.964120651,-0.124113879,-0.234663849,-0.107557512,-0.990800631,0.0821331067,-0.242698906,-0.0539463671,-0.968600734,3.99574637e-05,-0.0132353306,0.00786324777
0.96433839,-0.12395859,-0.2338498,-0.10755623,-0.99083762,0.08168587,-0.24183283,-0.05362081,-0.96883528,0.00391512,-0.00360614,0.00975432
0.96451935,-0.12385741,-0.23315608,-0.10758394,-0.99086479,0.08131543,-0.24109773,-0.05334646,-0.96903332,0.00209155,-0.00298756,0.00439561
0.964849023,-0.123751144,-0.231844812,-0.107712013,-0.990904954,0.0806565062,-0.23971751,-0.0528488797,-0.969403161,-0.0064089885,0.00215452909,-6.07367838e-05
0.96506418,-0.12355777,-0.23105108,-0.10774991,-0.99096393,0.07987723,-0.23883275,-0.05219092,-0.96965713,-0.00563809,-0.00354278,-0.00527396
0.9651103,-0.12354866,-0.23086325,-0.10784881,-0.99098505,0.07947953,-0.23860165,-0.05180818,-0.96973445,-0.00264408,0.00274843,-0.0054073
0.965146005,-0.12340741,-0.230789519,-0.107909831,-0.991044141,0.0786580023,-0.238429569,-0.0510119994,-0.969819168,0.00060389447,-0.00430864096,-0.00904165953
0.96520212,-0.12325544,-0.23063599,-0.10798297,-0.99110692,0.07775864,-0.23816914,-0.05014804,-0.96992798,0.00595025,-0.00670731,0.00127347
0.965278586,-0.123170643,-0.230361107,-0.107987892,-0.991131151,0.0774430843,-0.23785681,-0.049877939,-0.970018612,0.00575201958,-0.00775098801,0.000716162845
0.96590224,-0.12293327,-0.22786022,-0.10818063,-0.99120731,0.07618906,-0.23522291,-0.04894112,-0.97070835,-0.00284797,0.00295228,0.00916839
0.96600298,-0.12291868,-0.22744062,-0.10820129,-0.99120957,0.07613151,-0.23479932,-0.0489339,-0.97081136,,,
0.966023115,-0.122917668,-0.227355631,-0.108203428,-0.991208812,0.0761365903,-0.234715475,-0.0489490454,-0.970830733,-0.000646897475,-0.0039280653,0.00662074098
0.96598285,-0.12291969,-0.22752558,-0.10819914,-0.99121033,0.07612655,-0.23488313,-0.04891887,-0.97079199,0.00516715,-0.00808847,0.00596614
0.9659224,-0.12291306,-0.22778565,-0.10820263,-0.99121739,0.07602857,-0.23512999,-0.0487907,-0.97073859,,,
0.96594759,-0.12296351,-0.22765152,-0.10823883,-0.99120606,0.07612146,-0.23500977,-0.0488886,-0.97076253,0.00206294,0.00425118,0.0018648
0.96601304,-0.12300237,-0.22735265,-0.10828927,-0.99119937,0.07614166,-0.23471737,-0.04893399,-0.97083135,,,
0.96605823,-0.12323927,-0.22703213,-0.10848167,-0.99115685,0.07642012,-0.23444239,-0.04919746,-0.97088444,0.00493794,0.00290221,-0.00278868
0.965977697,-0.123440423,-0.227265377,-0.108617116,-0.991123152,0.07666344,-0.234711337,-0.0493702637,-0.970810603,-0.000824854302,-0.00587153435,0.00376072014
0.965907195,-0.123537763,-0.227512002,-0.1086865,-0.991109831,0.0767362755,-0.23496922,-0.0493926367,-0.970747002,0.000534122926,-0.00419473648,0.00416825619
0.96581134,-0.12376259,-0.22779656,-0.10888351,-0.9910821,0.07681405,-0.23527183,-0.04938459,-0.97067403,0.00277204,-0.00263417,0.00436457
0.965740665,-0.123850296,-0.228048385,-0.108962811,-0.991074122,0.0768039878,-0.235525089,-0.0493239387,-0.970615654,-0.00448190374,-0.00685620308,-0.000147726038
0.965644654,-0.123906813,-0.228423948,-0.108986003,-0.991066784,0.0768666638,-0.235907714,-0.0493308685,-0.970522448,-0.000149581232,-0.00950574875,-0.00299415132
0.96546233,-0.12390617,-0.22919368,-0.1089765,-0.99107784,0.07673841,-0.23665715,-0.04911132,-0.97035118,0.00337009,0.00622863,-0.0022969
0.96542174,-0.12388877,-0.22937403,-0.10899218,-0.99108985,0.0765626,-0.2368155,-0.04891522,-0.97032259,0.00753281,0.00565022,0.00628659
0.965467404,-0.123918981,-0.229165409,-0.109050455,-0.991088716,0.0764950726,-0.236602402,-0.0488629095,-0.970377275,0.00426487997,0.0034160018,0.000257585198
0.96556869,-0.124092,-0.22864442,-0.10922501,-0.99105972,0.07661829,-0.23610801,-0.04900653,-0.97049019,-0.00961244,-0.00351977,0.00548534
0.96552306,-0.12423978,-0.22875683,-0.10933055,-0.99103529,0.07678391,-0.23624572,-0.04912653,-0.97045063,-0.00463335,-0.00253642,0.00914118
0.96541152,-0.12433906,-0.22917328,-0.10939557,-0.99102327,0.07684649,-0.23667108,-0.04911795,-0.97034742,,,
0.96519295,-0.12441113,-0.2300531,-0.1093958,-0.99101422,0.07696123,-0.23756076,-0.0491156,-0.97012999,,,
0.9650706,-0.12441701,-0.23056266,-0.10938284,-0.99101823,0.07693072,-0.23806328,-0.04902397,-0.97001165,,,
0.9650553,-0.12445982,-0.23060361,-0.10942469,-0.99101356,0.07693069,-0.23810608,-0.04900864,-0.97000187,-0.0042179,-0.00234848,-0.00167672
0.96504002,-0.12468061,-0.23054827,-0.10963024,-0.99098304,0.07702868,-0.23807346,-0.0490607,-0.97000705,,,
0.96494808,-0.12493742,-0.23079392,-0.1098812,-0.99095527,0.0770287,-0.23833026,-0.04896878,-0.96994865,0.00772573,-0.00278503,0.00750625
0.96486115,-0.12506775,-0.2310866,-0.11000239,-0.99094276,0.07701855,-0.23862614,-0.04889213,-0.96987992,0.00546881,-0.00576621,0.00906553
0.96467671,-0.12522507,-0.2317704,-0.11017704,-0.99093853,0.07682226,-0.23929031,-0.04857287,-0.96973225,0.00217533,-0.00816172,0.01053393
0.9645586,-0.1252431,-0.23225176,-0.1102386,-0.99095304,0.07654813,-0.2397377,-0.04823205,-0.96963889,0.00703594,-0.00737327,0.0020902
0.96451746,-0.125225311,-0.232432129,-0.110254614,-0.990964887,0.0763722851,-0.239895797,-0.0480356892,-0.969609607,-9.40847676e-05,-0.00412607193,0.00522763142
0.964486609,-0.125261731,-0.232540495,-0.110388987,-0.990981695,0.075958283,-0.239958027,-0.0475908379,-0.969616092,0.00372177665,-0.000903666019,0.00690550404
0.96446091,-0.12533996,-0.23260493,-0.11056735,-0.99099293,0.0755493,-0.2399792,-0.04714584,-0.96963245,,,
0.96443519,-0.12543781,-0.23265882,-0.11072543,-0.99099402,0.07530602,-0.24000969,-0.04686653,-0.96963866,,,
0.96435278,-0.12557021,-0.23292883,-0.11093148,-0.99099632,0.07496941,-0.24024555,-0.04645782,-0.96959974,,,
0.96424447,-0.12567127,-0.23332239,-0.11108152,-0.99099942,0.07470535,-0.24061068,-0.04611641,-0.96952546,,,
0.96416699,-0.12569667,-0.23362867,-0.11113769,-0.99100679,0.07452411,-0.24089505,-0.04588874,-0.96946567,,,
0.964048,-0.12572357,-0.23410473,-0.11118994,-0.99101529,0.07433236,-0.24134672,-0.04562987,-0.96936551,0.00209897,-0.00313032,0.00764459
0.963934001,-0.125792241,-0.234536879,-0.111286183,-0.991018367,0.0741457313,-0.241757359,-0.0453708744,-0.969275232,-0.00124099106,0.000886023045,0.0122519173
0.963918458,-0.125825006,-0.234583184,-0.111338305,-0.991018825,0.0740629062,-0.241795336,-0.0452725073,-0.969270479,-0.000551629346,-0.000269293785,0.0103590926
0.963908121,-0.125869891,-0.234601567,-0.111465006,-0.991028743,0.07373645,-0.241778157,-0.0449252942,-0.969290735,-0.00116814114,-0.000630736351,0.00801758654
0.96391853,-0.12591405,-0.2345351,-0.11159366,-0.99103822,0.07341528,-0.24167729,-0.04459371,-0.96933131,0.00112815,-0.00599521,0.00809006
0.96391853,-0.12590411,-0.23454041,-0.11160389,-0.99104294,0.07333222,-0.24167255,-0.04451066,-0.96933603,0.00242562,-0.0073185,0.00614321
0.963856247,-0.12587653,-0.234811061,-0.11162874,-0.991060118,0.0730678818,-0.241909404,-0.0442152718,-0.969290925,0.000812577375,-0.00636529922,0.000239558925
0.96374706,-0.12580833,-0.23529528,-0.11160596,-0.99108332,0.07278775,-0.24235452,-0.04388862,-0.9691946,,,
0.96368459,-0.12579047,-0.23556054,-0.11162073,-0.99109479,0.07260604,-0.24259601,-0.04367588,-0.96914359,,,
0.963616792,-0.12571063,-0.235880285,-0.111612242,-0.991121477,0.0722531717,-0.242869057,-0.0432972391,-0.969092137,-0.000482592615,0.00918644667,0.00485261064
0.9636429,-0.125722,-0.23576756,-0.11168883,-0.99113057,0.07201479,-0.24273024,-0.04306394,-0.96913769,0.00481424,-0.00339139,0.00736457
0.96367934,-0.12567873,-0.23564167,-0.11164876,-0.99113473,0.07202005,-0.24260399,-0.04309514,-0.96916794,0.00149361,-0.00877386,0.00576557
0.96366883,-0.12557483,-0.23573998,-0.11158162,-0.99115463,0.07184346,-0.24267657,-0.04292906,-0.96915666,-0.00223645,-0.00808764,0.00184747
0.96357484,-0.12546352,-0.23618306,-0.11151732,-0.99118244,0.07156292,-0.24307903,-0.04261773,-0.96906982,0.00641083,-0.00870305,-0.00162788
0.963548667,-0.125412166,-0.236317049,-0.111481912,-0.991192997,0.0714693842,-0.243198977,-0.0425191509,-0.969043875,0.00487809163,-0.00275844336,-0.000566101691
0.96347033,-0.12545665,-0.23661267,-0.11151832,-0.99119014,0.07145356,-0.24349248,-0.04245673,-0.968973,,,
0.963323698,-0.12546097,-0.237206642,-0.111505384,-0.991194149,0.07141632,-0.244077847,-0.0423472128,-0.96883038,0.000721895718,0.00410574675,0.00555761578
0.96325541,-0.12541077,-0.23751033,-0.1114664,-0.99120621,0.07131196,-0.24436501,-0.04221721,-0.96876383,0.00331259,0.00713152,0.00280349
0.96322371,-0.12529722,-0.23769873,-0.111408,-0.9912317,0.07104697,-0.24451654,-0.04195258,-0.96873698,0.00247359,0.00379115,0.00245863
0.96334433,-0.1252617,-0.23722815,-0.1113648,-0.99122863,0.07115665,-0.24406059,-0.04212949,-0.96884422,-0.002528,-0.00721532,0.00160622
0.96342285,-0.12522734,-0.23692728,-0.11131801,-0.99122705,0.07125566,-0.24377187,-0.04227506,-0.96891085,-0.00378734,-0.0073967,-0.00115572
0.9634438,-0.12524679,-0.2368318,-0.1112992,-0.99121696,0.07142705,-0.24369766,-0.04245676,-0.96892171,-0.00397422,-0.00813097,0.00220431
0.96332832,-0.12516592,-0.2373437,-0.11120234,-0.99123034,0.07138965,-0.24419783,-0.0423785,-0.96879901,,,
0.96326534,-0.12516775,-0.23759823,-0.11119681,-0.99123194,0.07137364,-0.24444867,-0.04233158,-0.96873762,,,
0.963191978,-0.125264207,-0.237844673,-0.111266734,-0.991218961,0.0714459605,-0.24470579,-0.0423519751,-0.968671889,0.00547068426,0.00369757414,-1.1863769e-05
0.96323403,-0.12526299,-0.23767499,-0.11127041,-0.991218,0.07145667,-0.24453857,-0.0423833,-0.96871297,,,
0.96329704,-0.12526114,-0.23742043,-0.11127594,-0.99121591,0.07147267,-0.2442877,-0.04243023,-0.96877389,0.001454,-0.00965822,-0.00396032
0.96328138,-0.1253138,-0.23745619,-0.11130759,-0.99120658,0.07155565,-0.24433504,-0.04249755,-0.96875921,0.00243756,-0.01197225,-0.00273689
0.96326038,-0.12530435,-0.23754633,-0.11131608,-0.99121199,0.07146731,-0.24441393,-0.0423989,-0.96874363,-0.00113511,-0.0092181,0.00343674
0.96321836,-0.12528545,-0.23772665,-0.11133312,-0.99122285,0.07129064,-0.24457175,-0.04220161,-0.96871246,,,
0.963249683,-0.125180123,-0.237655156,-0.111269854,-0.991241495,0.071124553,-0.244477107,-0.0420668441,-0.968741821,-0.00486200536,0.00426501036,-0.000495179207
0.96328099,-0.12508489,-0.23757841,-0.11119624,-0.99125591,0.07104153,-0.24438725,-0.04201512,-0.96876694,-0.00661775,0.00228363,-0.00261181
0.96333327,-0.1249891,-0.23741679,-0.11112444,-0.99126964,0.07096392,-0.24421378,-0.0419791,-0.96881237,,,
0.96334891,-0.12492637,-0.23738633,-0.11110314,-0.9912837,0.07079772,-0.24416175,-0.04182854,-0.96883178,,,
0.96334891,-0.12492637,-0.23738633,-0.11110314,-0.9912837,0.07079772,-0.24416175,-0.04182854,-0.96883178,,,
0.96336454,-0.12487375,-0.23735058,-0.11107149,-0.99129329,0.07071475,-0.24411448,-0.0417612,-0.96884671,-0.00108444,-0.00115979,0.00530401
0.96338017,-0.12483119,-0.23730955,-0.1110295,-0.99129815,0.07071483,-0.24407192,-0.04177691,-0.96885692,-0.00224795,-0.00600153,0.00411219
0.963374821,-0.124789197,-0.237353353,-0.110985688,-0.991303439,0.0707094835,-0.244112955,-0.0417769119,-0.96884659,0.000862089917,-0.00362801552,0.00354109495
0.96335874,-0.1246632,-0.23748478,-0.11085428,-0.9913191,0.07069331,-0.24423608,-0.04177681,-0.96881537,-0.00126662,0.00199276,0.00574144
0.96336901,-0.12457862,-0.23748754,-0.11076846,-0.99132925,0.07068803,-0.24423454,-0.04179253,-0.96881526,,,
0.96340561,-0.124535449,-0.237361639,-0.11072829,-0.991333191,0.0706933147,-0.24410832,-0.0418236861,-0.968845552,3.34664946e-05,0.00800293684,-0.00453984505
0.963489477,-0.1245632,-0.23700639,-0.110704546,-0.991316387,0.0709639209,-0.243787865,-0.042135303,-0.968912613,0.000765547389,-0.00320643187,-0.00435584271
0.96355229,-0.12458144,-0.23674129,-0.11068942,-0.99130505,0.07114599,-0.24354635,-0.04234812,-0.96896409,,,
0.96355229,-0.12459148,-0.23673602,-0.1106791,-0.99130033,0.07122904,-0.24355105,-0.04243117,-0.96895937,0.00158846,-0.00843602,0.0060258
0.96352602,-0.12457017,-0.23685416,-0.1106128,-0.99129678,0.07138436,-0.2436851,-0.04258159,-0.9689193,0.00305722,-0.00628853,0.00256469
0.9634578,-0.12453006,-0.23715252,-0.11056344,-0.99130352,0.07136291,-0.243977,-0.04253475,-0.96884758,,,
0.963447075,-0.124446096,-0.237240168,-0.110475795,-0.991314105,0.0713521976,-0.244059065,-0.0425347676,-0.968826952,-0.00158378086,0.00635761023,0.000563125766
0.96353579,-0.12432706,-0.2369421,-0.11034323,-0.99132197,0.07144585,-0.24376864,-0.04269567,-0.96889283,,,
0.96365065,-0.12424932,-0.23651539,-0.11025637,-0.99132453,0.07155035,-0.24335356,-0.04287222,-0.96898982,-0.00360473,-0.00966752,0.00141105
0.96366087,-0.12416474,-0.23651819,-0.11017058,-0.99133445,0.071545,-0.24335197,-0.04288778,-0.96898952,-0.00135459,-0.00641942,0.00239276
0.96362924,-0.1240714,-0.23669596,-0.11009137,-0.99135031,0.0714459,-0.243513,-0.04278918,-0.96895334,0.00965589,-0.00398695,0.0035829
0.96361851,-0.12399746,-0.23677835,-0.1099934,-0.99135566,0.07151812,-0.24359969,-0.04287212,-0.96892755,0.00300109,-0.00513285,0.00150076
0.96361314,-0.12395549,-0.23682217,-0.10994957,-0.99136093,0.07151276,-0.24364071,-0.04287214,-0.96891726,-0.00329935,-0.00474042,0.0014362
0.963518551,-0.123904242,-0.237233509,-0.109823523,-0.991359443,0.0717295189,-0.244071286,-0.0430589015,-0.968800813,-0.00793365762,-0.00117725134,-0.000104694162
0.963376314,-0.123761994,-0.237884523,-0.109701643,-0.991388496,0.071514761,-0.244686793,-0.0427993036,-0.968657088,-0.000477106776,0.0130893588,0.00285089551
0.963360017,-0.123625989,-0.23802121,-0.109580541,-0.991409183,0.0714155438,-0.244805201,-0.0427163883,-0.968630974,0.000313605968,0.0106996894,0.00101238699
0.963496282,-0.123527578,-0.237520201,-0.109516118,-0.991420032,0.0713596675,-0.244297213,-0.0427424816,-0.96875777,-0.00520936586,-0.000115573406,0.00318356464
0.96370048,-0.12348926,-0.23671033,-0.10948045,-0.99141454,0.0714912,-0.24350649,-0.04298095,-0.96894633,-0.00328609,-0.0047769,0.00343246
0.96376322,-0.12348733,-0.23645575,-0.109486,-0.99141273,0.07150744,-0.24325554,-0.04302765,-0.96900725,-0.0023974,-0.00760198,0.00482819
0.96378412,-0.12349668,-0.23636569,-0.10947757,-0.99140741,0.07159576,-0.24317654,-0.04312611,-0.96902284,-0.00244686,-0.00563139,0.00515634
0.963731547,-0.12342406,-0.236617826,-0.109375888,-0.991413931,0.0716572061,-0.243430502,-0.0431780212,-0.96895649,-0.00247823494,0.0002784729,0.0071561737
0.96371063,-0.12344476,-0.23669225,-0.10935341,-0.9914051,0.07181782,-0.24352343,-0.04332849,-0.96892673,,,
0.96375246,-0.12345345,-0.23651731,-0.10934683,-0.99139916,0.07191163,-0.24336077,-0.04344259,-0.96896263,-0.0048148,0.00115114,-0.00202886
0.96386764,-0.12353399,-0.23600533,-0.10944391,-0.99138529,0.07194912,-0.24286044,-0.04352008,-0.96908424,,,
0.96392005,-0.12361656,-0.2357479,-0.10953536,-0.99137374,0.07197057,-0.24261108,-0.04355114,-0.9691454,0.00399379,-0.00376749,0.00453208
0.964035258,-0.123865579,-0.235145347,-0.109805994,-0.99133996,0.0720238162,-0.242030286,-0.0436131275,-0.969287853,-0.000645010965,-0.009732306,0.00847903173
0.964035258,-0.123855641,-0.235150605,-0.109816242,-0.991345155,0.0719408814,-0.242025659,-0.0435301927,-0.969293048,0.000855964608,-0.00634676218,0.00743030012
0.96404056,-0.12387769,-0.23511723,-0.10988057,-0.9913494,0.07178021,-0.24197532,-0.04336421,-0.96931278,,,
0.96411836,-0.12381313,-0.23483207,-0.10986473,-0.99136219,0.07163009,-0.24167237,-0.04326012,-0.96939318,,,
0.96418589,-0.12384311,-0.23453883,-0.10992443,-0.99135995,0.07156818,-0.24137563,-0.04322348,-0.96946865,,,
0.964351532,-0.123817825,-0.233870186,-0.10995986,-0.991364825,0.0714443152,-0.240696794,-0.0431810995,-0.969639174,-0.0051037143,0.000202536583,0.00381995668
0.96447545,-0.12378405,-0.23337656,-0.11000167,-0.99137601,0.07122666,-0.24018065,-0.04302456,-0.96977427,,,
0.96451669,-0.12376293,-0.23321724,-0.11002577,-0.99138436,0.07107094,-0.24000391,-0.0428892,-0.96982387,,,
0.96453209,-0.12370055,-0.23318665,-0.11000409,-0.99139885,0.07090499,-0.23995196,-0.04273865,-0.96984358,,,
0.96457826,-0.1235726,-0.23306347,-0.10987819,-0.99141259,0.07090487,-0.239824,-0.0427847,-0.96987296,,,
0.96459886,-0.12357191,-0.23297857,-0.10988004,-0.99141207,0.07091011,-0.23974029,-0.04280012,-0.96989304,,,
0.96467077,-0.12348526,-0.23272663,-0.10979984,-0.99142024,0.07092055,-0.23948755,-0.04286163,-0.96995279,,,
0.96476316,-0.12338806,-0.23239499,-0.10973163,-0.99143273,0.07085317,-0.23914643,-0.04285545,-0.97003735,,,
0.96481957,-0.12332434,-0.23219454,-0.10971363,-0.99144565,0.07069739,-0.23892702,-0.04273531,-0.97009652,,,
0.96500896,-0.12316213,-0.23149253,-0.10963105,-0.9914699,0.07048444,-0.23819893,-0.04263934,-0.97027973,-0.00703159,-0.00581563,0.00339997
0.96518766,-0.12307487,-0.23079289,-0.10964424,-0.99148927,0.07019346,-0.23746773,-0.04244474,-0.97046766,-0.00450655,-0.00895894,0.00170245
0.96526407,-0.12300085,-0.23051261,-0.10963796,-0.99150652,0.06995957,-0.23715984,-0.04225653,-0.97055118,-0.00864188,-0.00948304,0.00717159
0.96538105,-0.12286707,-0.23009365,-0.10969547,-0.99155052,0.06923711,-0.23665652,-0.04159995,-0.97070204,-0.00934424,-0.01160282,0.00462055
0.96558396,-0.12258492,-0.2293917,-0.1096502,-0.99161664,0.06835817,-0.23584835,-0.04085271,-0.97093058,-0.00825888,-0.00881517,0.00505863
0.96572561,-0.1223439,-0.22892363,-0.10955913,-0.99166556,0.06779626,-0.23531012,-0.04039191,-0.97108072,-0.01204471,-0.00935286,0.0050679
0.96610355,-0.12179816,-0.22761621,-0.1093609,-0.99177343,0.0665253,-0.23384637,-0.03937801,-0.97147579,-0.01243495,0.0057531,0.00583993
0.96654415,-0.12130369,-0.22600405,-0.10920004,-0.99186884,0.06535587,-0.2320943,-0.03848968,-0.97193138,-0.00406398,-0.00556523,0.00527632
0.966753426,-0.120968009,-0.225287704,-0.109036327,-0.991928571,0.064719002,-0.231298267,-0.0380027715,-0.972140249,-0.00912557822,-0.00948274136,0.000157003291
0.967115598,-0.120341326,-0.224065599,-0.108746397,-0.992043737,0.0634345181,-0.229916612,-0.0369821886,-0.972507664,-0.000819864217,-0.0127011538,0.00700003235
0.96743645,-0.11968829,-0.22302783,-0.10848086,-0.99217002,0.0618883,-0.22868888,-0.03567874,-0.97284533,-0.00294626,-0.00497979,0.01190064
0.96760852,-0.1193784,-0.22244673,-0.10837493,-0.99223174,0.06107783,-0.22801014,-0.03499177,-0.9730295,-0.00546854,-0.00437921,0.00886449
0.967931744,-0.118760138,-0.221368846,-0.108160145,-0.992354228,0.05945052,-0.226736674,-0.0336007584,-0.973376271,-0.00897383597,-0.00640749931,0.000769423204
0.96826317,-0.11805853,-0.22029213,-0.10785764,-0.99248365,0.05781681,-0.22546212,-0.03222169,-0.97371887,-0.01390038,-0.0014714,-0.00252541
