0,1,2,3,4,5,6,7,8,9,10,11,12,13,14
0.53788493,-0.01293575,0.84291898,-0.0031721,0.99984413,0.01736817,-0.84301226,-0.0120159,0.53776006,-0.00229799,0.00199842,-0.03501643,,,
0.537224466,-0.0121556287,0.843351675,-0.00360477352,0.999853919,0.0167076498,-0.84343157,-0.0120158497,0.53710217,-0.000241692178,-0.00496548414,-0.0244720988,,,
0.53565057,-0.01063807,0.84437268,-0.0042093,0.99987458,0.01526749,-0.8444292,-0.01173226,0.53553861,0.01267592,-0.0035041,-0.01783316,,,
0.53403064,-0.00918634,0.8454152,-0.00480194,0.99989189,0.01389818,-0.84545148,-0.01148169,0.5339288,0.02648868,-0.00446165,-0.03662718,,,
0.53357336,-0.00852462,0.84571077,-0.00497228,0.9999003,0.01321592,-0.84573911,-0.01125678,0.53347777,0.0317726,0.00310552,-0.04229376,,,
0.53303293,-0.00711176,0.84606463,-0.00560038,0.99991311,0.01193328,-0.84607599,-0.01109912,0.53294679,0.03082278,-0.00270742,-0.01556916,,,
0.532991592,-0.00585896731,0.84610025,-0.0060856999,0.999923614,0.0107577638,-0.84609865,-0.0108829098,0.532915223,0.0120826988,0.00903809071,0.000333623262,,,
0.53299144,-0.00535683,0.84610365,-0.00633922,0.99992661,0.01032401,-0.84609686,-0.01086624,0.53291837,0.0114207,0.00801945,-0.02011693,,,
0.53332446,-0.00434432,0.84589956,-0.00653602,0.9999358,0.00925625,-0.84588547,-0.0104654,0.53326183,-0.00272053,0.0024122,-0.01076136,,,
0.53386532,-0.00342526,0.84556258,-0.00675119,0.99994265,0.00831315,-0.84554256,-0.01014665,0.53381158,,,,,,
0.53398969,-0.00302833,0.84548554,-0.0068836,0.99994487,0.0079291,-0.84546294,-0.01005404,0.53393941,0.00637094,0.00635743,0.0048349,,,
0.53411303,-0.00220439,0.84541017,-0.00719381,0.99994855,0.00715225,-0.84538244,-0.00990183,0.53406969,0.01273925,0.01121628,0.00438661,,,
0.534402582,-0.00142506127,0.845228815,-0.00754894065,0.999950647,0.00645879938,-0.845196305,-0.00983218159,0.53436545,0.00168323587,0.00087749958,0.0191210583,,,
0.534526399,-0.00106933845,0.845151092,-0.00772276481,0.99995127,0.00614956057,-0.845116483,-0.00981400564,0.534492093,-0.00317568099,0.000333547592,0.0266293958,,,
0.534439869,-0.000324294893,0.845206455,-0.00833838178,0.999949238,0.005656183,-0.845165385,-0.0100705437,0.534410036,-0.00549593708,-0.0019069314,0.00567706535,,,
0.534270288,0.000208968087,0.845313676,-0.00886312808,0.999946385,0.00535463838,-0.845267235,-0.0103529476,0.534243495,0.00811601616,0.00146722794,-0.0170994047,,,
0.533223343,0.000993059492,0.845973908,-0.00966299852,0.999941224,0.00491685967,-0.845919302,-0.0107964291,0.533201598,0.00972122978,0.00290441513,-0.0128076859,,,
0.53226076,0.00137627,0.84657929,-0.01010752,0.99993773,0.00472921,-0.84652007,-0.01107399,0.53224153,0.02198233,0.00213993,-0.01003619,,,
0.53196705,0.00156086,0.84676365,-0.01029956,0.99993625,0.00462735,-0.84670245,-0.01118289,0.53194922,0.01916116,0.00460958,-0.01185547,,,
0.53167143,0.00193106,0.84694847,-0.01075908,0.99993211,0.00447414,-0.84688233,-0.01149116,0.53165611,0.01224366,0.00780809,-0.01250684,,,
0.531836554,0.00211336304,0.846844395,-0.0110307006,0.999929337,0.0044321203,-0.846775188,-0.0116984505,0.531822285,0.00460908562,-0.000157117844,-0.0189204346,,,
0.532211958,0.00209209723,0.846608547,-0.0111291132,0.99992783,0.00452523268,-0.84653798,-0.0118303855,0.532196831,0.000335974153,-0.00841104984,-0.0219971128,,,
0.53267142,0.00209738,0.84631951,-0.01105027,0.99992892,0.00447695,-0.84624996,-0.0117368,0.53265673,0.001869,-0.00118113,-0.01471097,,,
0.53292234,0.00203758,0.8461617,-0.01096002,0.99992983,0.00449488,-0.84609317,-0.01166937,0.53290728,0.00208342,-0.00451142,-0.00154915,,,
0.533048408,0.00197351885,0.846082421,-0.010797934,0.999931707,0.00447053031,-0.846015817,-0.0115189515,0.533033315,0.0066712657,-0.000446200371,0.00515660876,,,
0.533382023,0.00200867166,0.845872054,-0.0107641211,0.999932327,0.00441302256,-0.845805947,-0.0114588965,0.533367549,0.00196769554,-0.00053524971,0.0130270086,,,
0.53334127,0.00190618,0.84589806,-0.01063974,0.99993347,0.0044551,-0.84583329,-0.01137622,0.53332607,-0.00140591,0.0013504,0.01896383,,,
0.53313366,0.00176543,0.84602916,-0.01055289,0.9999339,0.00456342,-0.84596518,-0.01136096,0.53311706,0.00304135,0.0036155,0.01271365,,,
0.53250828,0.00160464,0.84642325,-0.01063561,0.99993194,0.00479549,-0.84635795,-0.01155586,0.53248911,0.01002572,0.0065695,0.00988698,,,
0.53188236,0.0013193,0.84681718,-0.01084289,0.99992742,0.00525253,-0.84674879,-0.01197567,0.53185806,0.02126158,0.00633836,0.00737191,,,
0.531715333,0.00119788301,0.846922271,-0.0109635864,0.999924943,0.00546887676,-0.846852153,-0.0121931914,0.531688557,0.0248360913,0.00398719311,-0.000582590699,,,
0.531506201,0.000834874014,0.847053963,-0.0114013067,0.999915976,0.00616851001,-0.846977641,-0.0129361237,0.53147106,0.0243749376,0.00886702538,-0.000745160505,,,
0.532006711,0.00036196366,0.846740034,-0.012027236,0.999902255,0.00712927366,-0.846654688,-0.0139767639,0.531959063,0.0158554986,0.0102628469,0.00572466943,,,
0.532423546,0.000119458679,0.84647806,-0.0124225372,0.999893401,0.00767250219,-0.846386909,-0.0146004264,0.532368275,0.00688797981,0.0159186125,0.0216842853,,,
0.5333005,-0.000640265403,0.845925561,-0.0129590733,0.999876181,0.00892663032,-0.845826535,-0.0157229886,0.53322617,0.000958077144,-0.0029053092,0.0248176865,,,
0.533885246,-0.00197863827,0.845554574,-0.0139972163,0.999839557,0.0111775477,-0.845441028,-0.0178029387,0.533771893,0.0139546897,-0.000513315201,0.00833559874,,,
0.53363639,-0.00297244,0.8457088,-0.01468763,0.99981043,0.01278186,-0.84558647,-0.01924232,0.53349157,0.01732441,0.00241017,-0.03298425,,,
0.53351388,-0.00414652,0.84578109,-0.01518093,0.99977995,0.01447756,-0.84565501,-0.02056373,0.53333353,0.02987063,0.00459599,-0.06136594,,,
0.533599866,-0.00491774188,0.845722714,-0.0151965836,0.9997659,0.0154016009,-0.845600471,-0.0210703887,0.533400218,0.0344396085,0.000544428825,-0.0556222722,,,
0.54734038,-0.01842813,0.83670718,-0.0096223,0.9995529,0.02830927,-0.83685477,-0.02354586,0.54691834,-0.02144734,-0.01730549,-0.0401409,,,
0.55787714,-0.02307197,0.82960274,-0.0056291,0.99948532,0.03158192,-0.82990441,-0.02228875,0.55746014,-0.11083434,-0.0165664,0.07999498,,,
0.56134314,-0.02740818,0.82712914,-0.00163436,0.99941277,0.03422623,-0.82758151,-0.02056449,0.56096871,-0.05542982,-0.00380009,0.07173673,,,
0.562112999,-0.0297337959,0.826525739,0.000317542017,0.999361233,0.0357354942,-0.827060333,-0.0198249277,0.561763381,-0.0122636659,0.00528347492,0.0518777482,,,
0.56337178,-0.03168679,0.82559559,0.00158115,0.9993038,0.03727485,-0.82620193,-0.0196942,0.56302966,-0.01529303,0.00116134,0.04721388,,,
0.56392119,-0.03262785,0.82518378,0.00201939,0.9992707,0.03813123,-0.82582611,-0.01983665,0.56357581,-0.02128197,0.00277531,0.0369781,,,
0.564779209,-0.0342579657,0.824530701,0.00284119064,0.999212777,0.0395696037,-0.825237186,-0.0200054415,0.564431935,-0.0274144392,0.000551819801,0.00600939244,,,
0.56556171,-0.03552421,0.82394055,0.00341643,0.99916419,0.0407339,-0.82469893,-0.0202226,0.56521037,-0.04406613,-0.0046224,0.00998221,,,
0.56591499,-0.03603331,0.82367577,0.0035988,0.99914292,0.04123687,-0.82445572,-0.02037232,0.56555963,-0.04813631,-0.00998312,0.00577852,,,
0.566381571,-0.0368372569,0.823319438,0.00402252589,0.999112225,0.041935446,-0.824133302,-0.0204396392,0.566026931,-0.0259943195,-0.00633758307,-0.000501031522,,,
0.56673408,-0.03734598,0.82305392,0.0042057,0.99909026,0.04243767,-0.82389003,-0.02058935,0.56637557,-0.01186155,-0.01374489,-0.01864477,,,
0.56705326,-0.03742185,0.82283058,0.00428683,0.99908796,0.04248366,-0.82366994,-0.02056317,0.5666965,-0.01087707,-0.00333822,-0.01391182,,,
0.568182769,-0.0371940039,0.82206139,0.00407118445,0.99909285,0.0423898826,-0.822892307,-0.0207384368,0.567818765,-0.011157088,-0.000938057899,0.010146128,,,
0.569513845,-0.0367826302,0.821158311,0.00381209924,0.999105723,0.0421096526,-0.821972871,-0.0208516921,0.569144761,-0.0278804507,-0.000890254974,0.0199216567,,,
0.57019911,-0.03660171,0.82069071,0.00361952,0.9991092,0.04204416,-0.82149853,-0.02100303,0.56982366,-0.03545275,-0.00604546,0.02599633,,,
0.5711778,-0.03576196,0.82004694,0.00294207,0.99913323,0.04152265,-0.82082108,-0.02130418,0.57078794,-0.03798448,-0.01134187,0.02303363,,,
0.571558545,-0.0347793867,0.819823853,0.0021699658,0.999161928,0.040874602,-0.820558375,-0.0215832367,0.571155008,-0.0305247027,-0.000712990761,0.0229353644,,,
0.57137038,-0.03419753,0.81997949,0.00175525,0.9991801,0.04044808,-0.82069041,-0.02167157,0.57096194,-0.01984431,-0.00644249,0.01644873,,,
0.570877059,-0.0328926754,0.820376366,0.000683569338,0.999215874,0.0395874965,-0.821035226,-0.022038808,0.570451904,-0.0104373042,0.00109887123,-0.0104505019,,,
0.570586968,-0.0312521171,0.820642352,-0.000584940719,0.99925993,0.0384610297,-0.821237008,-0.0224253904,0.570146413,-0.00114842504,-0.00740587711,-0.00605619047,,,
0.570640807,-0.0304604476,0.820634599,-0.00124579025,0.999278572,0.0379576589,-0.821198777,-0.0226825261,0.570191183,-0.00751262531,-0.00290423632,0.000223755138,,,
0.57074901,-0.02860661,0.82062608,-0.00260301,0.99932491,0.03664636,-0.8211204,-0.02305197,0.57028924,-0.00341462,-0.00545001,0.00969315,,,
0.57013171,-0.02688659,0.82111325,-0.00379363,0.99936753,0.03535743,-0.82154456,-0.02327339,0.56966913,0.00436893,0.00277436,-0.01770984,,,
0.56978191,-0.02603618,0.82138341,-0.00439844,0.99938706,0.03472966,-0.82178418,-0.02340114,0.56931815,0.00431583,-0.00232649,-0.01973519,,,
0.56923908,-0.02433197,0.82181188,-0.00544988,0.99942835,0.03336572,-0.82215395,-0.02347185,0.56878107,0.00142093,-0.00815153,-0.0045282,,,
0.568572834,-0.0226357118,0.822321433,-0.00643251329,0.999468463,0.0319595607,-0.822607767,-0.0234609314,0.568125012,-0.00289847143,-0.000752568245,-0.00412939209,,,
0.567976973,-0.0218781192,0.822753577,-0.00682415515,0.999487094,0.0312886623,-0.823016119,-0.0233858373,0.567536355,0.00743442727,-0.000349521637,-0.00213255221,,,
0.56666203,-0.02037052,0.82369847,-0.00753792,0.99952434,0.0299045,-0.82391584,-0.02315472,0.56623894,0.01442033,-0.00540394,-0.01701306,,,
0.56558486,-0.01888091,0.82447391,-0.008267,0.99955785,0.02856155,-0.82464864,-0.02296991,0.5651787,0.01717091,-0.00190359,-0.0122061,,,
0.565105432,-0.018189303,0.824818134,-0.0086458397,0.999571469,0.0279665504,-0.824973366,-0.0229352946,0.564706005,0.019620182,0.000987529755,-0.0131597184,,,
0.56442617,-0.0168304,0.82531194,-0.00919728,0.99960186,0.02667462,-0.82543229,-0.02264648,0.56404666,0.01352362,0.00314188,-0.00395952,,,
0.563865929,-0.0155782299,0.825719396,-0.00977807965,0.99962607,0.0255364358,-0.825808447,-0.0224730761,0.563502758,0.00944608636,-0.000692844391,-0.00370002934,,,
0.5636254,-0.01501829,0.82589393,-0.00998166,0.99963788,0.02498961,-0.82597016,-0.02232857,0.56327139,0.01429989,-0.00299096,-0.00366646,,,
0.56302241,-0.01398562,0.82632324,-0.01039955,0.99965774,0.02400515,-0.82637616,-0.02210883,0.56268427,0.02451774,0.00222802,-0.0059167,,,
0.56290271,-0.01295277,0.82642169,-0.01081651,0.99967613,0.02303572,-0.82645241,-0.02190587,0.56258029,0.00920046,0.00370586,-0.01814131,,,
0.563104884,-0.0123444873,0.826293202,-0.0110474024,0.999686623,0.022463532,-0.826311562,-0.0217777181,0.562792046,-0.00245514535,-0.000882506371,-0.010517084,,,
0.563145487,-0.0113844042,0.826279348,-0.0112318154,0.999707282,0.0214288522,-0.826281437,-0.0213481785,0.562852777,-0.00632107444,-0.000299811363,0.0128457639,,,
0.56225748,-0.01062661,0.82689387,-0.0113894,0.99972309,0.02059205,-0.82688372,-0.02099586,0.56198075,0.0184675,-0.00310093,-0.01548893,,,
0.56189372,-0.01022934,0.82714614,-0.01152599,0.99972965,0.02019348,-0.82712909,-0.02088027,0.56162391,0.01686443,0.00440061,-0.02403493,,,
0.56177184,-0.00942753,0.82723848,-0.01186817,0.99974033,0.01945301,-0.82720706,-0.02074596,0.56151408,,,,,,
0.56165002,-0.00881459,0.82732798,-0.01194153,0.99975273,0.01875843,-0.82728875,-0.02041523,0.56140588,-0.01331497,0.00447071,0.02087042,,,
0.561205206,-0.00858919765,0.827632125,-0.0119444921,0.999757974,0.0184749109,-0.827590502,-0.0202538616,0.560966786,0.000701800687,-0.00172150135,0.0155986529,,,
0.56031492,-0.00817422,0.82823928,-0.01183347,0.99977024,0.01787262,-0.82819508,-0.01981525,0.56008946,0.01371784,0.00181949,-0.02867006,,,
0.55926146,-0.00792172,0.82895343,-0.012037,0.99977133,0.01767498,-0.82890389,-0.01986305,0.55903822,0.01995484,-0.00346798,-0.02343925,,,
0.559180429,-0.00798145423,0.829007559,-0.0120966808,0.999768657,0.0177849219,-0.828957723,-0.0199732201,0.558954517,0.01042875,0.000825285912,0.00256348844,,,
0.5591402,-0.00820583,0.8290325,-0.01209229,0.99976393,0.01805137,-0.82898492,-0.02011815,0.55890898,0.0045384,0.01010597,0.0200289,,,
0.55861361,-0.00842452,0.82938521,-0.01192941,0.99976338,0.01818993,-0.8293422,-0.02005522,0.55838093,0.01149672,0.00688946,0.00392227,,,
0.55743714,-0.00860423,0.83017455,-0.01187932,0.99976126,0.01833849,-0.83013415,-0.02008447,0.55720185,0.02948581,0.00519133,-0.00956533,,,
0.5565034,-0.00911351,0.83079532,-0.01170231,0.99975467,0.01880565,-0.83076289,-0.02018763,0.55626022,0.02449608,0.00128305,0.00760186,,,
0.55739719,-0.00933802,0.83019348,-0.01192755,0.99974349,0.01925335,-0.83016031,-0.02063393,0.55714283,-0.0136459,0.00155246,0.00787026,,,
0.55780316,-0.0094397,0.82991954,-0.01202961,0.99973833,0.01945657,-0.82988604,-0.02083655,0.55754365,-0.01053732,0.00235713,0.0152346,,,
0.558492659,-0.0095779733,0.829454141,-0.0123969942,0.999725286,0.0198913605,-0.829416798,-0.021391917,0.558220496,-0.00857947487,-0.00225353241,-0.000183802913,,,
0.55910046,-0.00953911,0.82904503,-0.0127397,0.99971692,0.02009442,-0.82900202,-0.02179658,0.55882066,,,,,,
0.55918134,-0.00956306,0.82899015,-0.01291613,0.99971162,0.02024482,-0.82894469,-0.02202787,0.55889657,0.00107129,-0.00348562,-0.00581231,,,
0.5594239,-0.00947477,0.82882754,-0.01328536,0.99970372,0.0203952,-0.82877522,-0.02242084,0.55913228,0.01359578,0.00223422,-0.01954241,,,
0.56007166,-0.00935976,0.82839126,-0.01332358,0.99970508,0.02030339,-0.82833699,-0.0224085,0.55978178,-0.0093028,0.01137817,-0.03367238,,,
0.56043585,-0.00925244,0.82814616,-0.01329296,0.99970829,0.02016504,-0.82809116,-0.02230973,0.56014937,-0.00270648,-0.00793803,-0.02455468,,,
0.560719678,-0.00899091436,0.827956856,-0.0124981343,0.999735224,0.0193204299,-0.827911341,-0.0211812614,0.560458843,-0.00350332656,-0.00379043818,-0.000730380765,,,
0.56055804,-0.00898696,0.82806637,-0.01234154,0.9997394,0.0192047,-0.82802317,-0.02098496,0.56030104,,,,,,
0.56055804,-0.00878716,0.82806848,-0.01214175,0.99974901,0.01882829,-0.82802609,-0.02060855,0.56031065,0.01095664,-0.00118756,0.00596436,,,
0.560840928,-0.00862358376,0.827878653,-0.0122071971,0.999750923,0.0186835727,-0.827833567,-0.0205845902,0.560595966,-0.000205310644,-0.000567436218,0.00660782959,,,
0.56092169,-0.00848755,0.82782531,-0.01222379,0.99975352,0.01853295,-0.82777857,-0.0205147,0.56067968,-0.00237319,0.00380301,0.0092361,,,
0.56084043,-0.00831476,0.82788212,-0.01235587,0.99975415,0.0184113,-0.82783167,-0.020555,0.56059981,-0.00482838,-0.00437188,0.00409595,,,
0.56079962,-0.00819021,0.82791102,-0.01246003,0.99975435,0.0183302,-0.82785777,-0.02059537,0.56055981,-0.00568185,-0.00505632,0.00202256,,,
0.560597052,-0.00806527185,0.828049481,-0.0125635172,0.99975464,0.0182433117,-0.827993448,-0.0206303606,0.560358176,-0.0104129249,-8.16583633e-05,6.42505474e-05,,,
0.560070119,-0.00774679484,0.828408984,-0.0127778813,0.999756549,0.0179879969,-0.828346656,-0.0206598513,0.559834782,-0.00506150397,-0.000950932503,0.00371852843,,,
0.55934011,-0.00737942,0.8289054,-0.01301906,0.99975883,0.01768564,-0.828836,-0.02068386,0.55910914,0.00682729,-0.00253779,0.00261595,,,
0.55901533,-0.00718582,0.82912616,-0.01312966,0.99976036,0.01751696,-0.82905334,-0.02067839,0.55878702,0.01322523,-0.00338739,-0.00813573,,,
0.55897276,-0.00663973,0.82915942,-0.01357412,0.99976067,0.01715678,-0.82907489,-0.02084528,0.55874885,0.01227632,0.00195229,-0.0184471,,,
0.55965955,-0.00615212,0.82869979,-0.01392641,0.99976142,0.0168272,-0.82860561,-0.02095832,0.55944035,-0.00329383,0.00363028,0.00493514,,,
0.55990178,-0.00594013,0.82853766,-0.01401995,0.99976321,0.016642,-0.82844033,-0.02093394,0.55968593,-0.01210905,-0.00196379,0.00855123,,,
0.559778834,-0.00560263023,0.828623107,-0.0142156944,0.999765052,0.0163632396,-0.8285201,-0.0209392481,0.559567669,-0.00638775481,-0.000102758408,0.0100027537,,,
0.559615557,-0.00541314149,0.828734618,-0.0144831143,0.99976208,0.0163102011,-0.828625735,-0.0211301008,0.559404014,0.00341073377,-0.000151515007,-0.00499261823,,,
0.55957393,-0.00521223,0.82876404,-0.01466313,0.99976144,0.01618807,-0.82865071,-0.02121069,0.55936401,0.00756148,0.00299752,-0.00573378,,,
0.55953077,-0.0047822,0.82879574,-0.01507136,0.9997593,0.01594353,-0.8286725,-0.02141198,0.55932402,0.00692366,0.00528467,0.00262511,,,
0.55920515,-0.00463239,0.82901638,-0.01537772,0.99975438,0.01595934,-0.82888669,-0.02167293,0.55899656,0.00632587,-0.0030027,-0.00948635,,,
0.55920408,-0.00451973,0.8290177,-0.0155699,0.99975151,0.01595305,-0.8288838,-0.02182874,0.55899475,0.00896248,0.00155795,-0.0186569,,,
0.55883847,-0.00451448,0.82926421,-0.01579185,0.99974592,0.01608465,-0.82912613,-0.02208434,0.55862519,0.01160727,-0.00514477,-0.00201607,,,
0.5594455,-0.00459141,0.82885441,-0.01609967,0.99973581,0.01640467,-0.82871075,-0.0225218,0.55922378,0.00808507,0.00364339,0.01151314,,,
0.55972872,-0.00462384,0.82866301,-0.01620929,0.99973202,0.01652712,-0.82851737,-0.02268274,0.55950377,0.00210417,-0.00415283,0.00205216,,,
0.55981026,-0.00480029,0.8286069,-0.0162336,0.99972776,0.01675912,-0.82846177,-0.0228332,0.55957994,0.00663493,-0.00483519,-0.00217779,,,
0.55984996,-0.00481572,0.82858,-0.01647785,0.99972065,0.01694405,-0.82843013,-0.02313934,0.55961421,-0.00488494,-0.0016281,-0.00956201,,,
0.56001132,-0.00477955,0.82847112,-0.0165947,0.99971803,0.0169848,-0.82831869,-0.02325992,0.5597741,-0.01087164,-0.00541049,-0.00111393,,,
0.560455081,-0.00457917563,0.828172101,-0.0167771618,0.999716732,0.0168814206,-0.828014809,-0.023355656,0.560219497,-0.0108685624,-0.000457644463,0.00677838735,,,
0.559969374,-0.00465855101,0.828500231,-0.0168546258,0.999713198,0.0170130188,-0.828341871,-0.0234908306,0.559730256,0.00432210322,0.000653028488,0.00528397458,,,
0.55940298,-0.00479416,0.8288819,-0.0168356,0.99971127,0.01714437,-0.82872477,-0.02354534,0.55916075,0.00928807,-0.0024665,-0.0104154,,,
0.558875863,-0.0049052534,0.829236833,-0.0170208241,0.999703982,0.0173850569,-0.829076642,-0.0238303828,0.558626934,0.00685145333,-0.000900745392,-0.0135120759,,,
0.558996,-0.00486454,0.82915605,-0.01736157,0.99969489,0.0175698,-0.82898853,-0.0242169,0.55874099,-0.00781465,0.00242531,0.00841606,,,
0.55899533,-0.00482813,0.82915675,-0.01747758,0.99969227,0.01760406,-0.82898659,-0.02433224,0.55873893,-0.00471615,0.00303173,0.0126593,,,
0.558872175,-0.0046871422,0.829240501,-0.0177170386,0.999688282,0.0175910826,-0.829064464,-0.0245228535,0.558614922,-0.00280298316,0.000414252281,-0.0123455906,,,
0.55862695,-0.00447779,0.82940693,-0.01796382,0.99968554,0.01749618,-0.82922446,-0.02467315,0.55837084,0.00102453,-0.00333679,-0.00985681,,,
0.558586071,-0.00446962202,0.829434524,-0.0180316489,0.99968372,0.0175305416,-0.829250545,-0.0247483885,0.558328807,0.00925225206,0.000626087189,-0.0051575359,,,
0.558545192,-0.00458140574,0.829461422,-0.0182194031,0.999675729,0.0177901937,-0.829273955,-0.0250489194,0.558280601,0.00471580867,-0.000608563423,-0.00230680499,,,
0.55838365,-0.00481768,0.82956887,-0.01830263,0.99966819,0.01812504,-0.82938094,-0.02530402,0.5581102,0.0024474,0.00149739,-0.00752693,,,
0.55826231,-0.00490577,0.82964994,-0.01831396,0.999666,0.01823435,-0.82946229,-0.02537373,0.557986,-0.0013594,-0.00104761,-0.01168363,,,
0.558100051,-0.00506572618,0.829758179,-0.01847318,0.999657666,0.0185281377,-0.829567983,-0.0256688271,0.557815414,-0.00344131235,-0.00666755438,0.000144727121,,,
0.55797801,-0.00507747,0.82984019,-0.01856056,0.99965478,0.01859648,-0.82964813,-0.02577872,0.55769114,-0.00950364,-0.00212282,-0.00336273,,,
0.5578968,-0.0050974,0.8298947,-0.01858019,0.99965378,0.01863063,-0.82970234,-0.02581357,0.55760894,,,,,,
0.557774066,-0.00495279172,0.829978028,-0.0186635379,0.999654506,0.01850786,-0.829782942,-0.025813531,0.557488922,0.000588195864,0.00378143787,-0.00965712778,,,
0.557692223,-0.0048563941,0.830033569,-0.018719106,0.999654979,0.0184260215,-0.829836674,-0.0258135359,0.5574089,0.00934325531,-0.000423550606,-0.0010032861,,,
0.55773315,-0.00486455,0.83000603,-0.01865129,0.99965688,0.01839182,-0.8298107,-0.02573841,0.55745105,,,,,,
0.55748955,-0.00492443329,0.830169315,-0.0187100812,0.999653887,0.018494302,-0.829973057,-0.0258429159,0.557204459,0.0059120222,0.000402450562,-0.00339245982,,,
0.55712445,-0.00499237,0.83041396,-0.01870025,0.99965293,0.01855581,-0.83021838,-0.02586685,0.55683773,-0.01130692,-0.00329942,0.00576528,,,
0.557002211,-0.0049240781,0.830496415,-0.0187075712,0.999654311,0.0184739323,-0.830300289,-0.0258265919,0.556717543,-0.00377241825,2.2649765e-06,0.00721727312,,,
0.55692097,-0.00494403,0.83055078,-0.01872716,0.99965331,0.01850803,-0.83035434,-0.02586136,0.55663531,-0.00581933,0.00891483,0.00294791,,,
0.556474965,-0.00506804155,0.830848939,-0.0186207503,0.999654165,0.0185692854,-0.830655712,-0.0258043729,0.556188146,0.0161162205,0.00028860569,-0.00317854341,,,
0.556393677,-0.00512806253,0.830902981,-0.0186804032,0.999651019,0.0186783909,-0.830708795,-0.0259141414,0.556103712,0.0025544134,7.33137131e-05,-0.00841674022,,,
0.55635135,-0.00488715,0.83093279,-0.01882001,0.99965208,0.01848041,-0.83073401,-0.02591976,0.55606581,0.00364664,0.00714719,0.01142802,,,
0.5559851,-0.00483847704,0.831178152,-0.0188458722,0.999652608,0.0184254354,-0.830978558,-0.0259085451,0.55570077,-0.00174192386,0.000890731812,0.0100100879,,,
0.55578135,-0.00483017,0.83131444,-0.0189127,0.99965085,0.01845247,-0.83111331,-0.02597794,0.55549595,0.00363374,0.00339532,0.00515527,,,
0.55545515,-0.00487378,0.83153222,-0.01910708,0.999644,0.01862245,-0.83132695,-0.02623209,0.55516429,-0.00346566,-0.00274104,-0.01009711,,,
0.55582034,-0.0049302,0.83128776,-0.01939346,0.99963336,0.01889558,-0.83107613,-0.02662409,0.55552094,,,,,,
0.55606434,-0.00503062,0.83112401,-0.01949499,0.99962762,0.01909368,-0.83091057,-0.02682007,0.5557592,,,,,,
0.55630756,-0.00513472,0.8309606,-0.01975247,0.99961665,0.01940068,-0.83074167,-0.02720627,0.55599287,,,,,,
0.55671257,-0.00516233,0.83068916,-0.02008649,0.99960466,0.01967366,-0.83046232,-0.0276382,0.55638879,,,,,,
0.5567931,-0.00510603,0.83063553,-0.02018284,0.99960272,0.0196737,-0.83040599,-0.02771876,0.55646884,,,,,,
0.556549242,-0.00508601975,0.830799054,-0.0201617064,0.999604091,0.0196256704,-0.83056995,-0.0276729786,0.556226356,0.00159150315,-0.000422358513,-0.00537738018,,,
0.55658951,-0.00505783131,0.830772215,-0.020209842,0.99960312,0.0196256061,-0.830541762,-0.0277131823,0.556266393,0.000601952197,-0.00221717358,-0.0109919375,,,
0.556954157,-0.00499332323,0.830528212,-0.0203755181,0.999598812,0.0196736831,-0.830293251,-0.0278797824,0.556628972,0.00569037721,-0.000487923622,-0.00433122925,,,
0.55731928,-0.00496499,0.83028338,-0.02042518,0.99959752,0.01968766,-0.83004696,-0.027931,0.55699356,-0.00602832,-0.00101936,0.01156566,,,
0.557400487,-0.00498498772,0.830228796,-0.0204455298,0.999596298,0.0197286866,-0.829991978,-0.0279712471,0.557073542,-0.0110825971,-0.000674724579,0.00987597648,,,
0.55719709,-0.00489688,0.83036581,-0.02043262,0.99959898,0.01960571,-0.83012882,-0.0278908,0.55687358,0.00492709,-0.00494939,0.00791554,,,
0.55666704,-0.00457604,0.83072309,-0.02048985,0.99960498,0.01923657,-0.83048297,-0.02772976,0.55635338,,,,,,
0.55597237,-0.00410231,0.83119065,-0.02069773,0.99960942,0.01877797,-0.83094303,-0.02764379,0.55567031,,,,,,
0.55572582,-0.003773,0.83135706,-0.02082385,0.99961279,0.01845644,-0.83110478,-0.02756878,0.55543207,-0.00199885,0.00270987,-0.01201934,,,
0.55592627,-0.00347581,0.8312243,-0.02106064,0.99961134,0.01826537,-0.83096472,-0.02766032,0.555637,-0.00509513,0.00614738,0.00701297,,,
0.55576267,-0.00335931,0.83133422,-0.02109551,0.99961285,0.01814206,-0.83107331,-0.0276201,0.55547664,-0.00127736,0.00324237,-0.0046235,,,
0.55547747,-0.00329092,0.83152504,-0.02110161,0.99961434,0.01805251,-0.83126376,-0.02757428,0.5551938,-0.00136711,-0.00525492,-0.00641479,,,
0.555068692,-0.00303771302,0.831798959,-0.0211505351,0.999618465,0.0177645733,-0.831535562,-0.0274535516,0.554792664,0.00331290066,0.000864744186,-0.00885395147,,,
0.55510716,-0.00273651,0.83177431,-0.02123013,0.99962219,0.01745723,-0.83150784,-0.02734931,0.55483934,0.00419525,0.00791764,-0.00826462,,,
0.555107157,-0.00269636471,0.831774431,-0.0211899962,0.999624351,0.0173821988,-0.831508844,-0.0272742808,0.554841495,0.00581755117,-0.00158178806,-0.000299615203,,,
0.554903162,-0.00256775823,0.831910975,-0.0211362469,0.99962892,0.01718378,-0.831646393,-0.0271188098,0.554642975,0.00533657614,-0.000849604607,-0.00969296601,,,
0.55502575,-0.00259594,0.8318291,-0.02108912,0.99962979,0.01719102,-0.83156578,-0.027084,0.55476552,-0.00654155,-0.00326651,0.00260487,,,
0.55514831,-0.00262421,0.83174722,-0.02104203,0.99963066,0.01719836,-0.83148515,-0.02704929,0.55488805,-0.00425099,0.00170648,0.00774639,,,
0.55514921,-0.00266039,0.83174648,-0.02092602,0.99963367,0.01716446,-0.83148746,-0.02693398,0.55489017,,,,,,
0.55486558,-0.00278465,0.83193529,-0.02082029,0.99963472,0.01723221,-0.83167939,-0.02688269,0.55460492,0.00639495,-0.00245434,-0.00494405,,,
0.55470265,-0.00274433,0.83204409,-0.02077898,0.99963699,0.01714991,-0.83178911,-0.02680213,0.55444427,0.00767211,-0.00216812,-0.00710503,,,
0.55478326,-0.00260784,0.83199076,-0.02079521,0.99963922,0.01699986,-0.83173493,-0.02673266,0.55452888,,,,,,
0.5552315,-0.00255619,0.83169192,-0.0206701,0.99964398,0.01687159,-0.83143895,-0.0265588,0.55498099,-0.0099673,0.00492132,0.0075506,,,
0.5552315,-0.00251602,0.83169204,-0.02062995,0.99964608,0.01679651,-0.83143995,-0.02648371,0.55498309,-0.00713667,0.00556111,0.01019361,,,
0.55494701,-0.00248352,0.83188193,-0.02051972,0.99965041,0.01667305,-0.83163252,-0.02632264,0.55470205,,,,,,
0.55445823,-0.00244258,0.83220799,-0.02047596,0.99965292,0.01657614,-0.83195964,-0.02623103,0.55421577,0.0108981,-0.00166017,-0.00957177,,,
0.5542532,-0.00227753,0.83234504,-0.02053797,0.99965437,0.01641144,-0.83209473,-0.02619077,0.55401486,-0.00107066,0.00946248,-0.00159939,,,
0.55404902,-0.00214849,0.83248124,-0.02048389,0.99965872,0.01621278,-0.83223197,-0.02603513,0.55381592,,,,,,
0.55364045,-0.00197075,0.83275348,-0.02045589,0.99966327,0.01596547,-0.83250454,-0.02587385,0.55341371,0.0010512,-0.00235927,-0.00819109,,,
0.55339573,-0.00190985,0.83291628,-0.0203935,0.99966652,0.0158418,-0.83266877,-0.02575286,0.55317223,-0.00412351,0.00254703,-0.00779499,,,
0.55315101,-0.0018488,0.83307894,-0.02033107,0.99966974,0.01571801,-0.83283287,-0.02563182,0.55293073,-0.00521492,-0.00100732,-0.00208042,,,
0.55314918,-0.00157544,0.83308072,-0.02036193,0.9996739,0.0154104,-0.83283333,-0.02548738,0.55293672,0.01028496,0.00210047,0.00583603,,,
0.55306759,-0.0015148047,0.833135,-0.0203008214,0.999676932,0.0152940895,-0.832889008,-0.0253719903,0.55285816,0.0119137708,0.00367820263,0.000676885247,,,
0.55266039,-0.00161002,0.83340496,-0.02024149,0.99967721,0.01535409,-0.83316067,-0.02535496,0.55244941,0.0081966,-0.00148189,-0.01689218,,,
0.55274202,-0.00159015,0.83335087,-0.02022212,0.99967812,0.01532037,-0.833107,-0.02532033,0.55253195,,,,,,
0.5529053,-0.0015906,0.8332425,-0.02022354,0.99967798,0.01532782,-0.83299857,-0.02532595,0.55269509,-0.0030411,0.00413144,0.00634167,,,
0.5533554,-0.00173653,0.8329434,-0.02014395,0.99967745,0.01546651,-0.8327016,-0.02533725,0.55314194,-0.00210645,-0.00133717,0.01016159,,,
0.55368351,-0.00193021,0.83272486,-0.0200353,0.99967696,0.01563877,-0.83248604,-0.02534282,0.55346598,,,,,,
0.55380537,-0.00192258,0.83264394,-0.02010444,0.99967492,0.01568005,-0.83240341,-0.02542354,0.55358668,0.00519969,-0.00378877,-0.00149782,,,
0.55404902,-0.00178643,0.8324821,-0.02012193,0.9996768,0.01553713,-0.8322408,-0.02535947,0.553834,,,,,,
0.55433379,-0.00173895,0.83229264,-0.02015216,0.9996766,0.01551066,-0.83205046,-0.02537057,0.55411948,-0.0056688,0.00352347,0.00209136,,,
0.55437408,-0.00167071,0.83226597,-0.02016025,0.9996776,0.01543557,-0.83202344,-0.02533577,0.55416166,,,,,,
0.554333789,-0.00169870864,0.832292705,-0.0201119285,0.999678576,0.0154355356,-0.832051407,-0.0252954505,0.554121448,0.00368834892,-0.000524997711,-0.00488145603,,,
0.554253204,-0.00175474683,0.832346283,-0.0200153406,0.999680513,0.0154355871,-0.832107445,-0.0252149177,0.554041006,-0.000485183555,-0.00189435482,-0.00767935952,,,
0.55441616,-0.00175509,0.83223771,-0.02001664,0.99968038,0.0154428,-0.83199881,-0.02522034,0.55420383,0.00860253,-0.00160754,-0.00205386,,,
0.55494701,-0.00192101,0.83188348,-0.01995738,0.99967878,0.015622,-0.83164627,-0.0252716,0.55473041,-0.00721486,-0.00181985,0.00142474,,,
0.55506869,-0.00179269,0.83180255,-0.01990588,0.99968266,0.01543786,-0.83156627,-0.02512684,0.55485686,0.00176574,0.00814116,0.01057101,,,
0.554946123,-0.00168391036,0.831884518,-0.0198725064,0.999685747,0.0152804248,-0.831648827,-0.0250114441,0.554738265,-0.011751404,-0.00592428446,0.000530787976,,,
0.554660652,-0.00157473973,0.832075142,-0.0198377759,0.999688939,0.0151158015,-0.831840119,-0.024890661,0.55445688,0.00625823485,-0.000552296638,-0.00496328715,,,
0.554577341,-0.00136151212,0.832131057,-0.0199284728,0.99969012,0.0149170843,-0.831893507,-0.0248557784,0.554378356,0.00326881744,-0.000412225723,-0.00995014794,,,
0.55465788,-0.00126528,0.8320775,-0.0199849,0.99969011,0.01484197,-0.83183843,-0.0248612,0.55446071,-0.00438067,0.00164032,-0.00181967,,,
0.554617612,-0.00129329746,0.832104308,-0.0199365937,0.999691076,0.0148419886,-0.831866446,-0.0248209544,0.554420494,-0.0105321212,-0.0030092597,0.000353833311,,,
0.554331971,-0.00122422627,0.832294733,-0.0199418995,0.999692297,0.0147523233,-0.832056694,-0.0247752229,0.554136988,-0.00726181455,0.000427126884,-0.0014365894,,,
0.55412871,-0.00125178,0.83243004,-0.01989216,0.9996934,0.01474505,-0.83219327,-0.02472949,0.55393391,,,,,,
0.554087502,-0.0012839329,0.832457412,-0.0200001178,0.999689628,0.0148540314,-0.832218113,-0.02487968,0.55388985,0.000238151755,0.00122988224,-0.00630095322,,,
0.554372249,-0.00135713701,0.832267723,-0.0201511372,0.999683623,0.0150527751,-0.832024841,-0.0251159819,0.554169511,-0.00336001092,0.000797152519,-0.00728207314,,,
0.55449405,-0.00134946,0.83218659,-0.02022022,0.99968161,0.015094,-0.83194199,-0.02519653,0.55429021,0.00569823,-0.0034321,-0.00640409,,,
0.554698145,-0.00143834267,0.832050377,-0.0202342347,0.999679449,0.015217555,-0.831805551,-0.0252770529,0.554491232,0.0057445839,-0.000625252724,-0.00133515557,,,
0.55469814,-0.00143834,0.83205038,-0.02023423,0.99967945,0.01521755,-0.83180555,-0.02527705,0.55449123,-0.00491748,-0.00682408,0.00564824,,,
0.5544528,-0.00134133,0.83221409,-0.02028797,0.99967972,0.01512786,-0.83196784,-0.02527162,0.554248,0.0140521,-0.00318629,0.01131106,,,
0.55408378,-0.00105908,0.8324602,-0.02038392,0.99968209,0.01483932,-0.83221127,-0.02519103,0.55388604,-0.00547318,0.00430548,-0.01038905,,,
0.55396009,-0.000954347576,0.8325426,-0.0205066218,0.999680306,0.0147907019,-0.832290556,-0.0252660963,0.553763421,-0.00968974642,-0.00268948078,-0.00262046396,,,
0.55396009,-0.000994602139,0.832542622,-0.0205468658,0.999678365,0.0148658162,-0.832289633,-0.0253412105,0.553761481,-0.00418345723,-0.00221073627,0.00636965455,,,
0.553918853,-0.000986524173,0.832570011,-0.0206145877,0.999676467,0.0148996613,-0.832315346,-0.0254162921,0.553719306,0.0147095695,0.00664186478,0.00871839002,,,
0.55428703,-0.00135334,0.83232444,-0.02075536,0.99966524,0.01544747,-0.83206672,-0.02583753,0.55407339,0.00747125,0.0011462,-0.00373432,,,
0.55481614,-0.00160749,0.83197141,-0.02108881,0.99964965,0.01599494,-0.83170564,-0.02641954,0.55458786,-0.01092758,-0.00111872,-0.00480904,,,
0.55506041,-0.00174841,0.8318082,-0.02123127,0.99964222,0.01626867,-0.83153903,-0.02669044,0.5548247,-0.01306201,-0.00175744,0.00208943,,,
0.55502018,-0.00185684,0.83183478,-0.02126327,0.99963908,0.01641878,-0.83156504,-0.02680028,0.55478038,-0.01269569,-0.00329238,-0.00457622,,,
0.554776848,-0.00199313672,0.831996801,-0.0212458565,0.999637099,0.0165615093,-0.831727878,-0.0268644266,0.554533173,0.00738495775,-0.000725150108,-0.00589739066,,,
0.55432825,-0.00192426,0.83229592,-0.02125029,0.99963861,0.01646434,-0.83202681,-0.02681318,0.55408703,0.01201907,0.00228775,-0.01057407,,,
0.55428703,-0.00187599,0.83232344,-0.02127785,0.9996387,0.01642312,-0.83205353,-0.02681317,0.55404685,0.00360221,0.00331056,-0.00985815,,,
0.55485734,-0.00185662,0.83194341,-0.02126204,0.99963923,0.01641139,-0.83167374,-0.02679479,0.55461768,-0.0067742,-0.00355202,0.00374147,,,
0.55497995,-0.0018046,0.8318618,-0.02113472,0.99964426,0.0162687,-0.83159523,-0.02660997,0.55474438,-0.00895755,0.00459778,0.01001036,,,
0.554817094,-0.00176420582,0.831970463,-0.0210933263,0.999646475,0.016186295,-0.831704897,-0.0265294579,0.554583739,0.000460076262,0.00848352909,0.0079523949,,,
0.554410662,-0.00181982376,0.832241245,-0.0209942642,0.999648799,0.0161715467,-0.83197839,-0.0264379706,0.554177747,0.0132599901,-0.000137925148,-0.0119927526,,,
0.55424771,-0.00185976,0.83234972,-0.02103318,0.99964688,0.0162392,-0.832086,-0.0265075,0.55401288,-0.00191833,-0.00112194,-0.00712662,,,
0.55432919,-0.00187999,0.83229538,-0.0210539,0.99964578,0.01628041,-0.83203117,-0.02654778,0.55409325,-0.00535923,-0.00571245,0.00166588,,,
0.554410662,-0.00190021042,0.832241045,-0.0210746249,0.999644669,0.0163216303,-0.831976339,-0.0265880543,0.554173617,-0.00433600275,-0.00046312809,0.00612960849,,,
0.554410662,-0.00190021042,0.832241045,-0.0210746249,0.999644669,0.0163216303,-0.831976339,-0.0265880543,0.554173617,-0.00433600275,-0.00046312809,0.00612960849,,,
0.55433012,-0.00195629,0.83229456,-0.02097805,0.9996467,0.01632158,-0.83203244,-0.02650746,0.55409324,,,,,,
0.554411597,-0.00193633451,0.832240326,-0.0209586054,0.999647661,0.0162877764,-0.831978634,-0.0264727295,0.554175673,0.000966932625,-0.000155568123,-0.00763731543,,,
0.554614841,-0.00182821267,0.832105178,-0.0209277826,0.999650621,0.0161451135,-0.831843975,-0.0263684359,0.55438281,-0.000364572625,-0.00313031673,0.00404977007,,,
0.55473753,-0.0018565,0.83202335,-0.02088079,0.99965148,0.01615245,-0.83176336,-0.02633367,0.55450543,-0.00210831,-0.00286883,0.00385208,,,
0.5549004,-0.00185671,0.83191467,-0.02088199,0.99965134,0.01615969,-0.83165462,-0.02633906,0.55466816,-0.00352468,0.00202274,-0.00575123,,,
0.55494065,-0.00178846,0.83188799,-0.0208901,0.99965238,0.01608462,-0.83162758,-0.02630423,0.55471038,,,,,,
0.55485922,-0.00180845,0.83194226,-0.02090958,0.99965143,0.01611854,-0.83168142,-0.02633908,0.554628,,,,,,
0.554655154,-0.00167954253,0.832078599,-0.0208555336,0.999655743,0.0159198811,-0.831818888,-0.0261834878,0.554429182,-0.000489676546,-0.000954866409,-0.00492843334,,,
0.55441066,-0.00161887,0.83224169,-0.02079338,0.999659,0.01579636,-0.83198346,-0.02606278,0.55418794,,,,,,
0.55432825,-0.00148205,0.8322968,-0.02080823,0.99966117,0.01563882,-0.83203797,-0.02598766,0.55410958,0.0055356,0.00196612,0.00318153,,,
0.55436756,-0.00125703,0.83227098,-0.02081172,0.99966523,0.01537234,-0.83201168,-0.02584292,0.55415581,,,,,,
0.55436756,-0.00121682,0.83227107,-0.02077152,0.99966721,0.01529727,-0.83201272,-0.02576785,0.55415779,-0.00525944,-0.00265372,-0.00454946,,,
0.55420459,-0.00117623,0.83237962,-0.02072997,0.99966933,0.0152148,-0.83212227,-0.02568732,0.55399695,,,,,,
0.55396009,-0.00111534,0.83254246,-0.02066757,0.9996725,0.0150911,-0.83228664,-0.02556649,0.55375562,,,,,,
0.55367517,-0.00108237,0.83273204,-0.02055676,0.99967665,0.01496735,-0.83247897,-0.02540532,0.55347389,0.00989316,-0.00469428,-0.00549946,,,
0.553552381,-0.000973432108,0.832813787,-0.0205231386,0.999679685,0.0148097359,-0.83256144,-0.0252899174,0.553355092,-0.00135834503,0.00421404839,-0.00759757496,,,
0.55342957,-0.000864506204,0.832895518,-0.0204895194,0.999682696,0.0146521827,-0.832643904,-0.0251745803,0.553236251,-0.00856264867,0.00116217136,0.00913868286,,,
0.553183834,-0.000686810428,0.833058902,-0.0204624063,0.999686743,0.0144120262,-0.832807838,-0.0250188901,0.552996492,-0.000546955271,0.00328063965,0.0101596145,,,
0.553265413,-0.000707138659,0.833004739,-0.0204833007,0.99968572,0.0144532413,-0.832753163,-0.0250591649,0.553077048,0.0123269949,0.00726652145,0.0136728007,,,
0.553021619,-0.000802897752,0.833166528,-0.0204253544,0.999685925,0.0145208769,-0.83291651,-0.0250480803,0.552831529,0.0244892091,-0.00272852182,-0.0201130994,,,
0.553426596,-0.000434159143,0.832897862,-0.0205156151,0.999689354,0.0141528904,-0.832645271,-0.0249199975,0.55324577,-0.00711616315,-0.00944137573,-0.00725264242,,,
0.553711632,-0.000346464903,0.8327084,-0.0205058413,0.999690987,0.0140513534,-0.832455951,-0.0248557844,0.553533423,-0.00807909388,-0.00874739885,0.0146190263,,,
0.553750909,-0.000121329805,0.832682381,-0.0205091934,0.999694631,0.0137847014,-0.832429778,-0.0247109346,0.553579322,-0.010526251,0.00543320179,0.0139875598,,,
0.553546503,-7.24723273e-05,0.832818272,-0.0205351121,0.999694769,0.0137359978,-0.832565065,-0.02470553,0.553376055,0.00236009969,-0.00602382421,-0.00977395941,,,
0.553505225,-2.40926867e-05,0.832845711,-0.0205625241,0.999694773,0.0136946736,-0.832591834,-0.0247054832,0.553335785,0.00701852702,-0.0108769536,-0.0119756218,,,
0.553788133,0.000216249453,0.832657569,-0.0207044535,0.999694348,0.0135105919,-0.832400144,-0.0247217257,0.553623344,0.0,0.0,0.0,0.0,0.0,0.0
0.553991413,0.000284051594,0.832522303,-0.0207141,0.999695061,0.013442844,-0.832264616,-0.024692171,0.553828364,-0.00130184391,-0.000232696533,0.0139897736,,,
0.553584748,6.78399797e-05,0.832792799,-0.0207753449,0.999689907,0.013728617,-0.832533624,-0.0249015116,0.553414495,0.00287501188,-0.00177508593,-0.013672227,,,
0.553504216,-0.000108942185,0.832846341,-0.0207994364,0.999686286,0.0139539338,-0.832586586,-0.0250462962,0.553328308,0.0122709461,-0.00299632549,-0.00559305027,,,
0.553544484,-0.000121220243,0.832819561,-0.0208880272,0.999683388,0.0140290082,-0.832557581,-0.0251616386,0.553366693,-0.00718044071,0.00196385384,-0.00427248701,,,
0.553505225,-0.000265831716,0.832845651,-0.0208041881,0.999683496,0.014145447,-0.832585812,-0.0251562566,0.553324508,0.0,0.0,0.0,0.0,0.0,0.0
0.553383334,-0.000313733358,0.832926626,-0.0207751719,0.999683621,0.0141792411,-0.832667554,-0.0251507499,0.553201737,0.00656051096,-0.00153416395,0.00581069291,,,
0.55346495,-0.000293800918,0.832872367,-0.0207558345,0.999684501,0.0141454245,-0.832613753,-0.0251159587,0.553284234,0.00031718926,0.00488293171,-0.00563723408,,,
0.553546503,-0.000273898125,0.832818212,-0.0207364756,0.999685381,0.0141116211,-0.832560056,-0.0250811533,0.553366667,-0.00031270372,-0.00519919395,-0.00246277614,,,
0.553831433,-0.000266702494,0.832628695,-0.0208071595,0.999683224,0.0141603022,-0.832368715,-0.0251670601,0.553650444,-0.00782749429,0.00272834301,0.0045635351,,,
0.553831433,-0.000306962842,0.832628742,-0.0208474087,0.999681318,0.0142354137,-0.832367768,-0.0252421716,0.553648538,-0.00655294349,0.00149643421,0.0048109279,,,
0.553628048,-0.000415052147,0.832763948,-0.0208781224,0.999678634,0.014378183,-0.832502294,-0.0253467132,0.553441465,-0.0110164955,-0.000923514366,0.00515789306,,,
0.553341095,-0.000309881493,0.832954678,-0.0209992268,0.999676905,0.0143219264,-0.832689993,-0.0254163151,0.553155806,0.0193552729,0.000781059265,-0.00177424634,,,
0.553217151,-0.00012453813,0.833037017,-0.0210412908,0.999678852,0.0141229004,-0.832771248,-0.025341206,0.553036866,0.00170516712,0.00502324104,-0.0113302767,,,
0.553296662,4.79908891e-05,0.832984285,-0.0211735238,0.999677697,0.0140065848,-0.832715139,-0.025387009,0.553119349,-0.00301769469,-0.00557804108,-0.0059273215,,,
0.553294569,0.000200656311,0.832985644,-0.0213250626,0.99967563,0.0139239496,-0.832712654,-0.0254675166,0.553119376,0.0,0.0,0.0,0.0,0.0,0.0
