0,1,2,3,4,5,6,7,8,9,10,11
0.94582346,0.2455715,0.21239732,0.27972066,-0.94844225,-0.14904105,0.1648464,0.20037845,-0.96575034,0.01815975,0.03092051,-0.02148001
0.9461334,0.24489043,0.21180239,0.27884639,-0.94876203,-0.14864375,0.16454866,0.19969716,-0.96594226,0.01050832,0.01562774,-0.03183651
0.94622215,0.24465018,0.21168355,0.27851547,-0.94891937,-0.14825993,0.16459882,0.19924397,-0.96602739,0.00214119,0.00820196,-0.03209236
0.946240831,0.244271294,0.212037322,0.277994072,-0.949267549,-0.147004937,0.16537106,0.198047191,-0.966141686,0.00192561222,-0.00967222452,-0.000500182912
0.94632139,0.24374905,0.21227863,0.27728773,-0.94968213,-0.14565359,0.16609433,0.19669737,-0.96629313,0.0084294,-0.01836085,0.01288811
0.946495869,0.243535782,0.211744831,0.276862616,-0.94989714,-0.145058031,0.165809054,0.195921064,-0.966499667,-0.00738010881,-0.000347137451,0.0132402275
0.94682814,0.24332154,0.21050201,0.27621806,-0.95024297,-0.14401962,0.164985,0.19450629,-0.96692659,-0.01630554,0.01097131,0.0057411
0.94719072,0.24263667,0.20965968,0.27519711,-0.95068476,-0.14305651,0.16460949,0.19319953,-0.9672527,0.01739985,-0.0087055,0.01164171
0.94742546,0.24226034,0.2090333,0.27460225,-0.95093787,-0.14251631,0.16425162,0.19242459,-0.96746799,0.02032206,-0.02394187,0.00099139
0.94805293,0.24185743,0.20664131,0.27358893,-0.95134811,-0.14172471,0.16231064,0.1908973,-0.96809788,-0.01199457,0.00935411,0.00887029
0.94860417,0.24150494,0.20451279,0.27268291,-0.95172648,-0.14092752,0.16060556,0.18945158,-0.96866599,-0.01849601,0.01217079,0.00854976
0.94884484,0.24120042,0.20375431,0.27218031,-0.9519137,-0.1406345,0.16003543,0.18889823,-0.96886841,-0.01760816,-0.00176477,0.00405809
0.94907919,0.24054548,0.20343689,0.27135504,-0.95224411,-0.13999134,0.1600473,0.18806649,-0.9690283,0.02010562,0.00555086,0.00305321
0.9493256,0.23994363,0.20299743,0.27056264,-0.95256125,-0.13936656,0.15992735,0.18722776,-0.96921057,0.03894909,0.00460577,0.01093308
0.949519896,0.239815117,0.202239161,0.270219181,-0.95271886,-0.138954861,0.159353579,0.186589304,-0.969428158,0.0124702193,-0.0105025172,6.19865023e-05
0.94987461,0.23976293,0.20062892,0.26974418,-0.95295356,-0.13826626,0.15803893,0.1854541,-0.96986104,-0.00247433,0.01423967,-0.00141917
0.95011187,0.23952878,0.19978332,0.26918516,-0.95325563,-0.13726759,0.1575651,0.18419828,-0.97017708,0.01252256,-0.00940984,0.01056829
0.95019443,0.23934722,0.19960824,0.26888082,-0.95342062,-0.1367204,0.15758694,0.18358179,-0.97029085,0.02605743,-0.00228089,0.00932137
0.9504298,0.23929226,0.19855079,0.26855475,-0.95357486,-0.13628431,0.15672125,0.18285042,-0.97056904,-0.00717203,-0.00554478,0.00425759
0.9504765,0.23934624,0.19826191,0.26851317,-0.95362272,-0.13602905,0.15650906,0.18252835,-0.9706636,-0.020019,0.00181103,0.01088914
0.95065872,0.23910776,0.19767519,0.26810593,-0.95378859,-0.13567229,0.1561,0.18197593,-0.97083365,0.019433,-0.00336844,0.01950728
0.951049523,0.239061972,0.195842233,0.267700926,-0.953915541,-0.135578088,0.154405379,0.181368622,-0.971218032,0.00336736953,-0.000377655029,0.0191051997
0.95122492,0.2390656,0.19498409,0.26755192,-0.95395012,-0.13562845,0.15358101,0.18118152,-0.97138358,-0.00808741,-0.00225854,0.02109364
0.95140178,0.23880879,0.19443511,0.26723357,-0.95400164,-0.13589376,0.15303879,0.18124915,-0.97145658,0.01581591,-0.00509936,0.00201734
0.95143782,0.23850121,0.19463622,0.26702725,-0.95400114,-0.13630258,0.15317484,0.18165661,-0.97135908,0.01866103,0.0010674,-0.01402129
0.95142602,0.23843225,0.19477828,0.26700641,-0.95398693,-0.13643977,0.15328435,0.1818194,-0.97131092,0.00732508,-0.00128198,-0.01422416
0.95138859,0.23848587,0.19489547,0.26711323,-0.95392943,-0.13663647,0.15333062,0.18205353,-0.97126031,-0.00936666,-0.00220788,0.0021906
0.95136988,0.23849293,0.19497817,0.26718214,-0.95386806,-0.13692963,0.15332668,0.1823654,-0.97120239,0.0100464,0.01007915,0.00133787
0.9514004,0.23849959,0.19482098,0.26717743,-0.95385256,-0.13704501,0.15314533,0.18243645,-0.97121741,0.01632499,0.00234485,-0.00195801
0.95146962,0.23862004,0.19433484,0.26723362,-0.95381209,-0.1372165,0.15261634,0.18249013,-0.97129052,0.00853978,-0.00307435,-0.00189149
0.95145566,0.23879586,0.19418717,0.26739429,-0.95375587,-0.13729447,0.15242182,0.18255414,-0.97130907,0.01095568,-0.00319719,-0.00188064
0.951441639,0.238971718,0.194039491,0.267554974,-0.953699674,-0.137372471,0.152227271,0.182618121,-0.971327652,0.00489064073,0.00324463844,-0.000291963399
0.95136793,0.23930149,0.19399446,0.26789266,-0.95359038,-0.13747221,0.15209397,0.18275635,-0.97132242,-0.00680923,-0.01309466,0.01010259
0.95142233,0.23959797,0.19336069,0.26810921,-0.95349364,-0.13772162,0.15137037,0.18287321,-0.97141357,-0.01103541,-0.03428775,0.04273533
0.95156949,0.23969375,0.19251601,0.26811109,-0.9534323,-0.13814209,0.15043919,0.18306748,-0.97152163,0.03242235,-0.02341831,0.03508615
0.95290026,0.241046,0.18405955,0.26826092,-0.95300793,-0.14075397,0.14148205,0.18350048,-0.97278472,0.01505493,0.0227685,0.00950893
0.953103,0.24140364,0.1825348,0.26842925,-0.9528598,-0.14143557,0.13978701,0.18380034,-0.97297334,0.01395806,0.00740814,0.00532087
0.95314345,0.24199662,0.18153568,0.26900684,-0.95251532,-0.14265307,0.13839395,0.18480318,-0.97298249,0.04055712,-0.00303411,-0.00225685
0.95272936,0.24282662,0.18259788,0.27021434,-0.95198804,-0.14388494,0.13889191,0.18642398,-0.97260219,0.01959455,-0.00177068,0.00507058
0.94990398,0.24774281,0.19054116,0.27741992,-0.94913167,-0.14895319,0.14394658,0.19435114,-0.97031273,-0.00752354,-0.01686758,0.01291863
0.94901523,0.2490139,0.19329298,0.27960583,-0.94810787,-0.15136677,0.14557018,0.19769522,-0.96939454,-0.00134605,-0.00703001,0.01396104
0.94821301,0.25051673,0.19527787,0.28205045,-0.94680895,-0.15491971,0.14608088,0.2019751,-0.96843492,-0.01560589,-0.00298661,-0.00774478
0.94806177,0.25086597,0.19556368,0.28258946,-0.94650623,-0.15578594,0.14602084,0.20295893,-0.96823845,-0.0048496,-0.00314593,-0.02266538
0.94764714,0.25175323,0.1964312,0.28388961,-0.94586267,-0.15732339,0.14619025,0.20485184,-0.96781418,0.00813178,0.03164208,-0.03014126
0.94710558,0.25268971,0.19783563,0.28522621,-0.94534565,-0.15801095,0.14709532,0.20608096,-0.96741586,-0.00133587,0.01234019,-0.03951813
0.94680327,0.2531645,0.19867389,0.28588972,-0.94513316,-0.15808414,0.14775197,0.2064734,-0.96723229,-0.01353006,0.01512146,-0.04326246
0.94628934,0.25401793,0.20002838,0.286997,-0.94483381,-0.15786452,0.14889321,0.20679307,-0.96698854,-0.01505174,0.01519179,-0.05508876
0.94567855,0.2550791,0.20156072,0.28823915,-0.9446116,-0.1569298,0.1503671,0.20650284,-0.96682271,-0.0241932,-0.00375819,-0.04636393
0.94537171,0.25561798,0.20231602,0.28885349,-0.94451442,-0.15638424,0.15111579,0.20628093,-0.96675336,-0.01560177,-0.00788909,-0.02964751
0.94494509,0.25645009,0.20325383,0.28968381,-0.94447101,-0.15510432,0.15219088,0.20544441,-0.96676268,-0.00385836,-0.00428516,-0.01123529
0.94485197,0.25708085,0.20288958,0.29001014,-0.94460685,-0.15366142,0.15214749,0.20402734,-0.9670697,-0.00148811,0.01013875,-0.00330722
0.944857725,0.257464156,0.202376093,0.290158589,-0.944692088,-0.152855042,0.151828417,0.203147431,-0.967305052,-0.0175599195,-0.000532388687,-0.00263164239
0.944858959,0.257982583,0.201709052,0.290278197,-0.944921705,-0.151201194,0.151591963,0.201415539,-0.96770446,-0.0184230898,-0.0041642189,-0.000638874481
0.94492357,0.25833978,0.20094774,0.29022793,-0.94519088,-0.14960491,0.1512851,0.19968586,-0.96811056,-0.03245866,-0.00212491,0.01158939
0.94490378,0.25845884,0.2008877,0.29021102,-0.94532086,-0.14881394,0.1514411,0.19891468,-0.96824485,-0.02542196,0.00119424,0.01884834
0.94486324,0.25833431,0.20123828,0.28994013,-0.9456221,-0.14742291,0.15221097,0.19764154,-0.96838504,-0.0252391,-0.01047915,0.0220989
0.94494683,0.25771071,0.20164491,0.28924371,-0.94598813,-0.14643871,0.15301489,0.19670132,-0.96844969,0.01050992,-0.00697792,0.02536348
0.9450669,0.25733831,0.20155778,0.28879557,-0.94618134,-0.14607418,0.15311976,0.19625887,-0.96852283,-0.01065682,-0.00866443,0.02945365
0.94547992,0.25627931,0.20096925,0.28755335,-0.9466209,-0.14567665,0.1529078,0.19552373,-0.96870502,-0.00545183,-0.01943725,0.0254321
0.9460906,0.25495107,0.1997812,0.28600367,-0.94707089,-0.14580255,0.15203447,0.19508058,-0.96893181,0.00645829,-0.02239585,0.01361094
0.94649735,0.25420245,0.19880613,0.28511009,-0.94728887,-0.14613613,0.1511787,0.1949991,-0.96908209,0.0070903,0.00647545,0.01054509
0.94749206,0.25278457,0.19585389,0.28318841,-0.94777473,-0.14672113,0.14853655,0.19448066,-0.96959469,-0.00567607,0.01867104,-0.01150131
0.94847528,0.25139664,0.19285843,0.28124114,-0.94831375,-0.14698568,0.14593857,0.19365201,-0.97015523,0.00424958,-0.01071942,-0.01110362
0.94893949,0.25061708,0.1915853,0.2802215,-0.9486014,-0.14707559,0.14487843,0.19325216,-0.97039362,0.0338546,-0.00936937,-0.00779422
0.950040743,0.249265116,0.187854965,0.278168943,-0.94916464,-0.147338098,0.141579043,0.192232613,-0.971082894,0.0222766586,-0.00420480967,8.47335905e-05
0.95105215,0.24822411,0.18407767,0.27639015,-0.94967848,-0.14737446,0.13823271,0.19103805,-0.97180046,-0.00244348,0.01140606,0.00188956
0.95152115,0.24755648,0.18254663,0.27542844,-0.94995206,-0.14740947,0.13691844,0.19054177,-0.97208357,-0.00281582,0.01442766,-0.00451719
0.95233118,0.24624231,0.18008345,0.27363492,-0.95047166,-0.14740235,0.13486753,0.18965298,-0.9725443,0.0059172,0.00474262,-0.00552221
0.953137629,0.245033011,0.177447103,0.271906297,-0.95097909,-0.147327281,0.13264847,0.188672164,-0.973039971,-0.00051381404,-0.00459975004,0.00508591393
0.95351736,0.24440884,0.17626388,0.27105628,-0.95122037,-0.14733701,0.13165533,0.18826583,-0.97325369,0.01238371,-0.00350809,0.01438993
0.95432846,0.24328255,0.17340931,0.26940767,-0.95166051,-0.14751793,0.12913827,0.18749836,-0.97373889,0.0130657,-0.0047431,0.022477
0.955233697,0.242195125,0.169912047,0.267724937,-0.952050587,-0.148064009,0.12590449,0.186925424,-0.974272476,0.00947701558,-0.000915169716,0.00866069086
0.9556348,0.24176998,0.16825399,0.26701336,-0.95221531,-0.14828852,0.12436234,0.18663573,-0.9745259,-0.00352178,0.00819027,-0.00347477
0.95620575,0.2407081,0.16652382,0.26568122,-0.95251972,-0.14872787,0.12281719,0.18645669,-0.97475646,0.01178888,-0.00160009,0.00340846
0.95663559,0.23940231,0.1659364,0.26431671,-0.95283944,-0.14911033,0.12241337,0.18650401,-0.97479815,0.01776615,0.00577998,-0.00181426
0.95683087,0.23893366,0.1654853,0.26378787,-0.95295589,-0.14930088,0.1220272,0.18650871,-0.97484542,,,
0.95715898,0.23821043,0.16462834,0.26293563,-0.9531524,-0.14955131,0.1212912,0.18643103,-0.97495239,0.01538337,0.01992297,-0.00703171
0.95748697,0.23776585,0.16335876,0.2622385,-0.95336063,-0.14944587,0.12020672,0.18593144,-0.97518175,-0.00863397,0.00131774,-0.01144714
0.95762409,0.23747158,0.16298267,0.26187188,-0.95346448,-0.14942764,0.11991337,0.18577608,-0.97524769,-0.00404187,0.00443017,-0.00530065
0.9577799,0.23701909,0.16272555,0.26133213,-0.95366393,-0.14909792,0.11984647,0.18532841,-0.97534084,0.01723836,-0.0124191,0.00849403
0.95800654,0.23650591,0.16213704,0.26068946,-0.95386623,-0.14893102,0.11943396,0.18494431,-0.97546469,0.02057338,0.00240207,0.01902372
0.95815318,0.23637128,0.16146547,0.26042103,-0.95394932,-0.14886793,0.11884177,0.18468729,-0.97558563,0.00306925,-0.00210196,0.02415255
0.95837941,0.23607732,0.16055038,0.25997746,-0.95404278,-0.14904492,0.11798578,0.18458105,-0.97570974,0.00291539,-0.00109583,0.01633669
0.95851968,0.23571059,0.16025147,0.25959123,-0.95410217,-0.14933587,0.11769625,0.18474125,-0.97571411,,,
0.9585752,0.23553621,0.16017583,0.25942829,-0.95411445,-0.14954233,0.11760342,0.18490171,-0.97569521,0.01502045,0.00519753,-0.00684687
0.95867185,0.2353322,0.15989694,0.2592129,-0.95412013,-0.14987705,0.11729002,0.18513026,-0.97568925,,,
0.95871038,0.23518344,0.15988482,0.259104,-0.9540955,-0.15022185,0.11721572,0.18544605,-0.97563822,,,
0.95869559,0.23506303,0.16015037,0.25904906,-0.95409125,-0.15034358,0.11745787,0.18562053,-0.97557592,0.00463873,0.00479484,0.00659214
0.95859246,0.23476303,0.16120426,0.25898632,-0.95406155,-0.15064095,0.11843386,0.18615297,-0.97535662,0.01165789,-0.0040893,0.00491623
0.958537519,0.234486782,0.161931378,0.258903591,-0.954013983,-0.151083291,0.119057771,0.186743619,-0.975167666,0.00359115331,-0.00532054901,-0.000814099796
0.95855145,0.23432882,0.16207752,0.25880272,-0.95400424,-0.15131637,0.11916488,0.18699064,-0.97510707,-0.00587598,-0.00544614,-0.00825187
0.9585453,0.23408307,0.16246854,0.25869528,-0.95395248,-0.15182626,0.11944732,0.18756219,-0.97496284,0.00896059,0.00212002,-0.00587676
0.95855452,0.23396461,0.16258473,0.25863772,-0.95391875,-0.15213694,0.11949795,0.18788209,-0.97489521,0.00514674,0.00709891,-0.00607555
0.95855913,0.2339119,0.16263338,0.25860411,-0.95391529,-0.15221448,0.11953371,0.18796424,-0.97487479,-0.00248837,0.00575495,-0.00481316
0.958472475,0.233831348,0.163258728,0.258667622,-0.953867509,-0.152406234,0.120089854,0.188306929,-0.974740349,-0.000502689974,0.001090765,-0.00618491601
0.958349158,0.233581008,0.164337428,0.258641379,-0.953854644,-0.152529688,0.121126028,0.188681163,-0.974539506,-0.00298704463,-0.00759059191,0.000634205993
0.958141446,0.233076716,0.166253445,0.258517226,-0.953878289,-0.152593655,0.123019541,0.189185687,-0.974204668,-0.00555183832,-0.00601249933,-0.000176342903
0.958066207,0.232717219,0.167188019,0.25835231,-0.953907616,-0.152689515,0.123948464,0.189480078,-0.974029681,-0.00377930142,-0.00452959538,5.83757064e-05
0.958070922,0.232517953,0.167438068,0.258210055,-0.953936494,-0.152749987,0.124208182,0.189579515,-0.973977288,0.00914694555,0.000599622726,-0.00242259912
0.95821219,0.23217141,0.16711028,0.25780906,-0.95403566,-0.15280932,0.1239512,0.1895063,-0.97402449,0.01728225,0.002931,0.00403235
0.95841626,0.23202347,0.1661427,0.2574753,-0.95412483,-0.15281562,0.12306404,0.18923861,-0.97418906,-0.00125996,-0.00413924,0.00877971
0.95850969,0.23189214,0.16578661,0.25727881,-0.95417342,-0.1528401,0.12274681,0.18915211,-0.9742454,0.01034265,-0.00746578,0.00895448
0.95869171,0.23166229,0.16505386,0.25693405,-0.95423365,-0.15304415,0.12204543,0.18913012,-0.97433782,-0.00134132,0.00462067,0.00221824
0.95881048,0.23138027,0.16475934,0.25663071,-0.9542715,-0.1533182,0.12175034,0.18928541,-0.97434479,-0.00759132,-0.00340116,0.00230837
0.95883625,0.23123623,0.16481159,0.25651896,-0.95427401,-0.15349028,0.1217829,0.18944934,-0.97430899,0.01137565,0.00469971,-0.00388773
0.95890402,0.23106942,0.16465118,0.25634976,-0.95428348,-0.15371331,0.12160546,0.1896046,-0.97430086,-0.00923694,0.00273812,-0.00540028
0.95889649,0.23084909,0.1650037,0.25622366,-0.95428525,-0.1539121,0.12193014,0.18986362,-0.97420978,0.0086619,-0.00277209,0.0054047
0.95892655,0.23066545,0.16508578,0.25606867,-0.95431169,-0.15400664,0.12201928,0.18995435,-0.97418101,0.0133737,-0.00775421,0.00943299
0.95904504,0.23037688,0.16480019,0.25576997,-0.95433496,-0.15435772,0.12171414,0.19018695,-0.9741737,0.01393643,0.00841594,-0.00304623
0.95918769,0.23025722,0.16413586,0.25556218,-0.95433828,-0.15468181,0.12102453,0.1903158,-0.97423457,-0.00471028,0.00710154,-0.00939827
0.959217041,0.230220097,0.164016369,0.255515831,-0.954332488,-0.154792998,0.120889712,0.190388863,-0.974236863,-0.00677306112,-7.82012939e-05,-0.0105525209
0.95916709,0.23017548,0.16437072,0.25555125,-0.95430887,-0.15488059,0.12121073,0.19056151,-0.97416329,,,
0.95909244,0.22996189,0.16510361,0.25549576,-0.95430493,-0.15499493,0.1219163,0.19083775,-0.97402094,0.01085976,0.00324178,0.00362739
0.959079879,0.229954014,0.165187582,0.255502199,-0.95430622,-0.154978164,0.122001689,0.19084223,-0.97400965,0.00567302667,-0.000470042229,0.00749062886
0.95907163,0.22989995,0.16531068,0.25547027,-0.95431757,-0.15496116,0.12213332,0.19085081,-0.97399151,-0.00590115,-0.00594091,0.01634007
0.959101531,0.229702919,0.165411035,0.255325088,-0.954315581,-0.155210559,0.122202051,0.191096277,-0.973934449,0.0084704347,-0.000790834427,0.00778551959
0.95915225,0.2295812,0.16528589,0.25519563,-0.95432961,-0.15533881,0.12207435,0.1911738,-0.97393551,-0.00215943,-0.00305456,0.00487231
0.95927436,0.22939316,0.16483768,0.25496694,-0.95433057,-0.15570636,0.1215917,0.19139328,-0.97395252,-0.00170902,0.00611234,0.00246558
0.95942988,0.22912856,0.16429974,0.25464846,-0.95435029,-0.1561075,0.12103083,0.19161288,-0.97397942,0.02232409,0.00196171,-0.00988324
0.95953023,0.22903855,0.16383859,0.25449289,-0.95435974,-0.15630268,0.12056164,0.1916729,-0.9740257,0.01221013,0.00678062,-0.0079189
0.95963398,0.22904901,0.16321513,0.25440742,-0.95434791,-0.15651455,0.11991452,0.19171982,-0.97409645,-0.00394844,-0.00615573,-0.00224565
0.95961792,0.22892754,0.16347975,0.25435339,-0.95434234,-0.15663589,0.12015739,0.19189223,-0.97403251,0.00225732,-0.00249046,0.00827974
0.959614225,0.228820517,0.163651169,0.25428804,-0.954349797,-0.156696563,0.12032509,0.191982788,-0.97399396,0.00479725981,0.000200510025,0.00418551732
0.95961484,0.22865406,0.16388008,0.25419406,-0.95433953,-0.15691219,0.12051863,0.19223261,-0.97392088,0.00782574,0.00519848,0.00455065
0.95968571,0.22858148,0.16356603,0.25409929,-0.95431283,-0.1572285,0.12015362,0.19245195,-0.97392278,-0.00364933,-0.00418586,0.00149205
0.9597149,0.22854454,0.16344633,0.25405269,-0.95430666,-0.15733933,0.1200189,0.19252488,-0.97392467,,,
0.95978194,0.22837156,0.16329441,0.2538877,-0.95430137,-0.15763881,0.11983185,0.19275732,-0.97390194,,,
0.959794996,0.228206471,0.163448401,0.253792007,-0.954275776,-0.157948552,0.11992994,0.193080124,-0.973826095,0.0052028019,0.000618696213,-0.000683355029
0.959791269,0.228092759,0.163628869,0.25373155,-0.954268634,-0.158086532,0.120087527,0.193247882,-0.97377303,0.00811553001,0.00369477272,0.000790777383
0.95979993,0.22798045,0.16373453,0.2536694,-0.95424674,-0.15831875,0.12014957,0.19348877,-0.97371762,0.00364054,0.00185633,-0.00596597
0.95983344,0.2278907,0.16366305,0.25358926,-0.95423667,-0.15850702,0.12005104,0.19364354,-0.97369889,0.00853561,0.0019778,-0.00724396
0.959845856,0.227898704,0.163579069,0.253582687,-0.954235767,-0.158523843,0.119965629,0.193639275,-0.973710411,-0.000177718,0.000914812088,-0.00794009864
0.959875,0.2278684,0.16345022,0.25353122,-0.95424395,-0.15855736,0.11984117,0.19363498,-0.97372667,-0.004028,-0.00463939,0.00228737
0.95989174,0.22783009,0.16340531,0.2534863,-0.95425303,-0.15857406,0.11980207,0.19363494,-0.97373141,0.00405957,-0.006989,0.00645837
0.95989607,0.22778379,0.16344439,0.25344801,-0.95426323,-0.15857407,0.11984837,0.19363929,-0.97372487,0.00349632,0.00221288,0.00747241
0.95990473,0.22767805,0.16354083,0.25338101,-0.95425518,-0.15872877,0.11992065,0.19380264,-0.97368336,,,
0.95990906,0.22762519,0.16358905,0.25334754,-0.95425128,-0.15880619,0.11995678,0.19388438,-0.97366272,,,
0.95988421,0.22760917,0.16375701,0.25336073,-0.95425332,-0.1587727,0.12012756,0.193893,-0.97363992,,,
0.9598512,0.22753226,0.16405714,0.25334706,-0.95425244,-0.15879982,0.12041986,0.1939876,-0.97358497,-0.00288112,-0.00834024,0.00261705
0.95987654,0.22739475,0.16409952,0.25323038,-0.9542676,-0.15889386,0.12046326,0.19407348,-0.97356234,,,
0.95991003,0.227311569,0.164018846,0.25314542,-0.954271835,-0.159004797,0.120374945,0.19415092,-0.973557988,0.00597023591,-0.00101298094,0.000337051461
0.95997696,0.22715839,0.16383922,0.2529658,-0.9543083,-0.15907173,0.12021867,0.19415091,-0.97357729,0.0054505,-0.00448895,0.00382931
0.9600147,0.2270289,0.16379758,0.25284251,-0.95432253,-0.15918255,0.12017669,0.19423258,-0.97356622,0.01018686,0.00636649,0.00099678
0.96004813,0.22694575,0.16371687,0.25275751,-0.95432656,-0.15929333,0.12008842,0.19430993,-0.97356167,0.01160926,0.00450981,-0.00470824
0.96006055,0.22695376,0.16363287,0.25275086,-0.95432542,-0.15930998,0.12000303,0.19430558,-0.97357295,,,
0.96006055,0.2269472,0.16364199,0.25275569,-0.95431132,-0.15938738,0.11999289,0.19438298,-0.97355885,,,
0.96005241,0.2268863,0.16377414,0.25272886,-0.95430832,-0.15944803,0.12011446,0.19446892,-0.97352673,,,
0.9600567,0.22683997,0.16381318,0.25269056,-0.9543183,-0.15944794,0.12016078,0.19447311,-0.97351999,-0.00264446,-0.00328708,0.00902544
0.96008583,0.22680314,0.16369339,0.25264383,-0.95431235,-0.1595588,0.12002619,0.19454627,-0.97352219,0.00552829,0.00123072,0.00301546
0.96010253,0.22675829,0.16365756,0.25260371,-0.95430709,-0.15965276,0.11997701,0.19462353,-0.97351263,,,
0.96010682,0.22670537,0.16370574,0.25257024,-0.95430295,-0.15973024,0.12001319,0.19470529,-0.9734918,,,
0.96010294,0.2265981,0.16387689,0.25250513,-0.95430994,-0.15979082,0.12018109,0.19479539,-0.97345296,,,
0.960094766,0.226537136,0.164009018,0.25247831,-0.954306978,-0.159851491,0.12030268,0.194881303,-0.973420846,-0.000271107885,-0.000314235687,-0.00678797904
0.96009507,0.22638353,0.16421925,0.25237497,-0.95432448,-0.15991216,0.12051695,0.1949757,-0.97337577,,,
0.96009932,0.22634375,0.16424922,0.25233183,-0.95434858,-0.15983481,0.12057341,0.1949026,-0.97338315,,,
0.96008283,0.22623499,0.16449524,0.25226853,-0.95437098,-0.1598013,0.12083685,0.19491946,-0.97334716,,,
0.96008299,0.22609454,0.16468728,0.25215545,-0.95441633,-0.15970722,0.12107135,0.19485899,-0.97332985,0.00715469,0.00385225,0.00227637
0.96011643,0.22602458,0.16458837,0.25206076,-0.95444896,-0.15966336,0.12100337,0.19478168,-0.97335405,0.00245621,0.00463033,-0.00309858
0.96014564,0.22600752,0.16444133,0.25199949,-0.95448545,-0.15954207,0.12089916,0.19462276,-0.97339882,,,
0.960191528,0.22595214,0.164249384,0.251893325,-0.954531001,-0.159437522,0.12075588,0.194463881,-0.973448416,3.45925218e-05,-0.00470507145,0.00171834626
0.96020822,0.22592043,0.16419539,0.25184355,-0.95455415,-0.1593768,0.12072693,0.19438647,-0.97346734,-0.00265752,-0.00412375,0.00436247
0.96022087,0.22578806,0.1643035,0.25172382,-0.95459872,-0.15929949,0.120876,0.1943218,-0.97346184,,,
0.960262658,0.225625376,0.164282719,0.251552502,-0.954651139,-0.159255477,0.120900626,0.194252818,-0.973472467,0.0040995907,0.00333845615,-0.000589563511
0.960254364,0.22557763,0.164396727,0.25151596,-0.954676457,-0.159161427,0.121042444,0.194183858,-0.973468607,0.00532431435,0.00104522705,0.000367751927
0.960250253,0.225329971,0.164759981,0.251337624,-0.954728996,-0.159128049,0.121444828,0.194213133,-0.973412658,0.00361174997,-0.000410795212,0.00439318595
0.96024188,0.22528225,0.164874,0.25130105,-0.95475438,-0.15903403,0.12158663,0.19414414,-0.97340881,-0.00142747,-0.00584853,-0.0015232
0.96024594,0.22508232,0.16512323,0.25115928,-0.95478145,-0.15909462,0.12184723,0.1942422,-0.97335652,0.00591327,0.00699949,0.00494621
0.96025008,0.225036,0.1651623,0.25112099,-0.95479173,-0.15909473,0.12189355,0.19424645,-0.9733501,0.00250911,0.01240659,-0.0029201
0.96031272,0.22494231,0.16492551,0.25096985,-0.95484591,-0.15900667,0.12171114,0.19408746,-0.97340441,0.0022918,-0.00515991,-0.00335815
0.960371157,0.224894913,0.164649653,0.250857056,-0.954890106,-0.158918604,0.121482376,0.193924375,-0.973465389,0.000719566713,0.00512957573,0.00398148922
0.96039619,0.22491751,0.16447269,0.250839,-0.95490245,-0.15887471,0.12132166,0.19383884,-0.97350276,0.00209215,-0.0055725,0.00808197
0.96041701,0.22483949,0.16445781,0.2507509,-0.95493583,-0.1588139,0.121339,0.19376551,-0.97351533,0.00184849,0.00291574,0.00445081
0.960441978,0.224708496,0.164491007,0.2506293,-0.954964655,-0.158830503,0.121392558,0.193773752,-0.973506674,0.00493152905,-0.00102120638,0.000956161995
0.96047529,0.22463186,0.16440118,0.25053947,-0.95498271,-0.15886382,0.12131443,0.19377376,-0.97351643,,,
0.96054605,0.22458578,0.16405034,0.25042497,-0.95501173,-0.15886963,0.12099016,0.1936839,-0.97357463,,,
0.96057514,0.22455545,0.16392144,0.25037346,-0.95501983,-0.15890296,0.12086571,0.19367981,-0.97359104,-0.00487242,-0.00360429,-0.00185785
0.96058346,0.22446282,0.16399957,0.25029681,-0.95503982,-0.1589029,0.12095835,0.19368807,-0.97357778,-0.00521314,-0.0038932,-0.0011451
0.96055015,0.2243925,0.1642906,0.25027826,-0.95505295,-0.158853,0.12126083,0.19370464,-0.97353682,0.00846908,0.00117707,0.00140043
0.96058755,0.22427611,0.16423084,0.25014522,-0.95509514,-0.15880887,0.12123907,0.19363138,-0.9735541,0.00647736,-0.00290388,0.00649042
0.96061667,0.22424578,0.16410191,0.25009371,-0.9551032,-0.15884218,0.12111459,0.1936273,-0.97357052,0.00615831,0.00675523,0.00388891
0.960658237,0.224223426,0.163888994,0.25003558,-0.955110104,-0.158892013,0.12090474,0.193619003,-0.973598222,-0.00207958301,0.000853776932,-0.00500491681
0.960633289,0.224214054,0.164048004,0.250043949,-0.955126585,-0.158781417,0.121085562,0.193549922,-0.973589762,0.00546137569,0.000716686249,-0.00255442131
0.96063743,0.22416772,0.16408708,0.2500056,-0.95513659,-0.1587814,0.12113189,0.19355404,-0.97358314,0.00817719,-0.0027777,-0.00127558
0.96066652,0.22414395,0.16394913,0.2499492,-0.95515831,-0.15873714,0.12101744,0.19347242,-0.97361321,0.00293314,-0.00321263,0.00951703
0.96067899,0.22415852,0.16385615,0.24993778,-0.9551717,-0.1586764,0.12094209,0.19339092,-0.97363907,,,
0.96067899,0.22415852,0.16385615,0.24993778,-0.9551717,-0.1586764,0.12094209,0.19339092,-0.97363907,0.00214397,0.00628877,0.00186874
0.96068313,0.22410563,0.16390422,0.2499043,-0.95516759,-0.15875379,0.12097837,0.19347246,-0.97361835,0.00176322,-0.00474608,-0.00921267
0.96064982,0.22403534,0.1641953,0.24988573,-0.95518071,-0.15870394,0.12128089,0.19348898,-0.97357741,0.00728422,0.00961006,-0.00599516
0.96064569,0.22408168,0.16415622,0.24992408,-0.9551707,-0.15870396,0.12123456,0.19348486,-0.97358402,,,
0.96065817,0.22410281,0.16405424,0.24990775,-0.95519771,-0.15856577,0.12116922,0.19332593,-0.97362352,-0.00573839,-0.00347698,0.00454626
0.960674792,0.224071064,0.164000324,0.249857974,-0.955221095,-0.158505004,0.12114017,0.193248548,-0.97364277,0.00505245337,-0.000230073929,0.000497579575
0.96070387,0.22404726,0.1638624,0.24980159,-0.95524282,-0.15846073,0.12102573,0.19316693,-0.97367284,0.004763,0.00271773,0.00341527
0.96071634,0.22405525,0.1637784,0.24979504,-0.95524211,-0.1584774,0.12094032,0.19316285,-0.97368459,,,
0.960716338,0.224055254,0.163778398,0.249795035,-0.955242112,-0.158477396,0.12094032,0.193162853,-0.973684594,0.000122104655,0.00309956074,0.00422575092
0.96071634,0.22405525,0.1637784,0.24979504,-0.95524211,-0.1584774,0.12094032,0.19316285,-0.97368459,-0.0014475,0.00674438,-0.00376872
0.96070387,0.22404726,0.1638624,0.24980159,-0.95524282,-0.15846073,0.12102573,0.19316693,-0.97367284,,,
0.9607122,0.22410814,0.16373033,0.24982852,-0.95524623,-0.1584,0.12090404,0.19308131,-0.97370531,,,
0.96070805,0.22416101,0.16368226,0.24986201,-0.95525034,-0.1583226,0.12086776,0.19299977,-0.97372602,,,
0.96070805,0.22416101,0.16368226,0.24986201,-0.95525034,-0.1583226,0.12086776,0.19299977,-0.97372602,-0.00301518,-0.00138402,0.00400426
0.9607122,0.22412128,0.16371234,0.24981882,-0.95527444,-0.15824516,0.12092409,0.19292648,-0.97373352,,,
0.960708054,0.224161013,0.163682257,0.249862015,-0.955250345,-0.1583226,0.120867757,0.192999773,-0.973726024,0.00363479089,0.00494623184,0.000720186625
0.96076612,0.22410682,0.1634154,0.24975418,-0.95528026,-0.15831148,0.12062882,0.19291399,-0.97377252,,,
0.96079513,0.22407643,0.16328647,0.24970267,-0.95528795,-0.15834461,0.12050433,0.1929098,-0.97378849,0.00275745,0.00744939,0.00242636
0.96081171,0.22403809,0.16324155,0.24965776,-0.95529726,-0.15836124,0.12046524,0.19290985,-0.97379364,,,
0.960840682,0.224014263,0.163103612,0.249601426,-0.955319085,-0.158316942,0.120350763,0.192828256,-0.973823719,0.00544143096,-0.000116825104,0.00178596238
0.96086965,0.22398388,0.16297468,0.24954993,-0.95532729,-0.15835008,0.12022628,0.1928241,-0.97384016,-0.00334566,-0.00555199,0.00462039
0.96086965,0.22398388,0.16297468,0.24954993,-0.95532729,-0.15835008,0.12022628,0.1928241,-0.97384016,-0.0031777,0.00253522,0.0083849
0.96088212,0.2238384,0.16310092,0.2494397,-0.95534307,-0.15842742,0.12035521,0.19291392,-0.97380626,0.00399605,-0.00577176,0.00106447
0.96090283,0.22374067,0.16311306,0.24936612,-0.95533413,-0.15859897,0.12034241,0.19307307,-0.97377662,0.00917181,0.00866449,0.00106386
0.96092763,0.223756593,0.162945016,0.249352909,-0.955331909,-0.158631985,0.120171618,0.193064671,-0.973799185,-0.00145582983,0.00877165794,0.000924627413
0.96096893,0.22373419,0.16273202,0.24929477,-0.95533857,-0.15868159,0.11996172,0.19305632,-0.97382645,0.00204199,0.00272286,0.00427408
0.96102269,0.22356632,0.16264527,0.24912644,-0.95536147,-0.15880865,0.11988078,0.19313795,-0.97382033,,,
0.96106809,0.22349763,0.16247137,0.24902996,-0.95537861,-0.15885821,0.11971723,0.19313379,-0.9738415,0.00645851,-0.00337183,-0.00443231
0.9611381,0.22343837,0.16213835,0.24892503,-0.95537912,-0.15901814,0.11937286,0.19319869,-0.97387068,,,
0.96117921,0.22341599,0.16192534,0.24886684,-0.95538597,-0.15906757,0.11916299,0.19319029,-0.97389796,,,
0.96117921,0.2234095,0.1619343,0.24887162,-0.95537186,-0.15914499,0.119153,0.19326771,-0.97388385,-0.00149081,-0.00587684,0.00304988
0.961171083,0.223348686,0.162066359,0.248844688,-0.955368688,-0.159205892,0.119274732,0.193353456,-0.973851888,0.00831023417,0.00181531906,0.000369036803
0.961187567,0.223303854,0.162030364,0.248804517,-0.955363474,-0.159299764,0.119225678,0.193430843,-0.973842499,8.28776974e-05,-0.00647479296,0.00599588966
0.96120823,0.22321269,0.16203346,0.24872602,-0.95536865,-0.15939374,0.11922296,0.19351251,-0.97382701,0.00783067,0.00141478,0.0057181
0.9612124,0.22315334,0.1620904,0.24869723,-0.95534988,-0.15954841,0.11924933,0.19367135,-0.97379176,,,
0.961212557,0.222980304,0.162327446,0.248608073,-0.955324252,-0.15984159,0.119433839,0.193997659,-0.973704369,0.00561242271,-0.000419378281,-0.00341046485
0.961229043,0.222935464,0.162291409,0.248567882,-0.955319027,-0.159935462,0.119384799,0.194075044,-0.973694989,-0.000282655586,0.0060441494,2.42397145e-05
0.96122086,0.22286807,0.16243238,0.2485458,-0.95530155,-0.16007367,0.11949662,0.19423804,-0.9736487,,,
0.96121266,0.2228137,0.16255545,0.24851414,-0.95531254,-0.16005718,0.11962835,0.19424632,-0.97363086,,,
0.96121266,0.22280719,0.1625644,0.24851895,-0.95529844,-0.1601346,0.11961838,0.19432374,-0.97361676,0.00570183,0.00306678,0.00240006
0.961225,0.22282173,0.16247143,0.24850748,-0.95531149,-0.16007365,0.11954296,0.19424217,-0.97364215,,,
0.96123734,0.22282974,0.16238739,0.24850081,-0.95531043,-0.16009013,0.11945756,0.19423801,-0.97365343,-0.00414889,0.00253582,0.00154839
0.96122086,0.22286156,0.16244133,0.2485506,-0.95528745,-0.16015109,0.11948665,0.19431546,-0.97363459,,,
0.96118794,0.22279113,0.16273247,0.24853228,-0.95530058,-0.16010166,0.11978919,0.19433205,-0.97359418,,,
0.961175575,0.222783092,0.162816463,0.248538914,-0.955301426,-0.160085062,0.119874581,0.194336082,-0.973582663,0.00618585525,0.00053024292,-0.00724472199
0.96118794,0.22279765,0.16272352,0.24852746,-0.95531469,-0.16002424,0.11979916,0.19425464,-0.97360829,,,
0.96120031,0.22281219,0.16263056,0.248516,-0.95532795,-0.15996342,0.11972372,0.19417319,-0.97363392,-0.00394414,0.00148332,0.00643452
0.96118794,0.22280417,0.16271458,0.24852265,-0.95532879,-0.15994682,0.11980913,0.19417722,-0.9736224,,,
0.961175575,0.222796152,0.162798596,0.248529301,-0.955329875,-0.159930355,0.119894516,0.194181375,-0.973611113,0.00243788655,0.00508356094,-0.000279548316
0.9611797,0.22275633,0.16282871,0.24848615,-0.95535393,-0.15985293,0.11995084,0.19410807,-0.97361867,,,
0.96116732,0.22274831,0.16291273,0.2484928,-0.95535502,-0.15983646,0.12003623,0.19411223,-0.97360738,,,
0.96111362,0.22275604,0.16321873,0.24856255,-0.95533517,-0.15984788,0.12032151,0.19420203,-0.97355445,0.00373507,-0.00390548,0.00281486
0.961080462,0.222685626,0.163509815,0.248544146,-0.95534831,-0.159798345,0.120624024,0.194218474,-0.973513804,0.000288578449,-0.00395041704,0.00417306228
0.96108046,0.22268563,0.16350981,0.24854415,-0.95534831,-0.15979834,0.12062402,0.19421847,-0.9735138,0.00654566,0.00181341,0.00379527
0.96110531,0.22270166,0.16334178,0.24853084,-0.95534603,-0.15983128,0.12045326,0.19421017,-0.97353637,,,
0.961088793,0.222746533,0.163377807,0.248570971,-0.955351298,-0.159737392,0.120502274,0.194132801,-0.973545746,0.0031363829,-0.000611305237,-0.00465187244
0.96105983,0.22277685,0.16350681,0.2486226,-0.95534361,-0.15970445,0.12062672,0.19413702,-0.97352973,,,
0.96099349,0.22278968,0.16387884,0.24868922,-0.95535285,-0.15954428,0.12101732,0.19407592,-0.97349326,,,
0.96088538,0.22282487,0.16446385,0.24881398,-0.95535544,-0.1593344,0.12161777,0.194023,-0.97342902,-0.00330156,-0.00228256,-0.00401293
0.96084779,0.22280746,0.16470689,0.24882892,-0.95537258,-0.15920717,0.12188394,0.1939577,-0.97340857,0.00500795,0.00352001,-0.00164354
0.96083076,0.22271866,0.16492619,0.24875078,-0.95543752,-0.15894186,0.12217733,0.19374174,-0.9734152,0.01003331,-0.0036127,0.00237723
0.960872472,0.222716101,0.164686449,0.248677939,-0.955486536,-0.158759425,0.121997419,0.193501449,-0.97348529,7.23334961e-05,3.79085541e-05,0.0111974915
0.96088097,0.22278364,0.1645455,0.24869993,-0.95550393,-0.15862117,0.12188567,0.19333851,-0.97353182,-0.00591821,0.00254869,0.01027844
0.96088501,0.22275053,0.1645667,0.2486518,-0.95554218,-0.15846635,0.12195194,0.19318775,-0.97355348,-0.002596,-0.00210166,0.00772119
0.9608931,0.22265787,0.16464483,0.24857507,-0.95556177,-0.15846627,0.12204458,0.19319575,-0.9735399,0.00844362,-0.00183594,-0.00417407
0.960905639,0.222665848,0.164560847,0.248568509,-0.955560987,-0.158482875,0.121959207,0.193191733,-0.973551658,0.00496445457,0.000556826591,-0.00186598173
0.960930704,0.222688384,0.164383898,0.248550473,-0.95557307,-0.15843864,0.121798379,0.193106249,-0.973588806,0.000574726961,-0.00412327051,0.00498169521
0.96091817,0.22268042,0.1644679,0.24855704,-0.95557384,-0.15842203,0.12188377,0.19311027,-0.97357705,,,
0.960905639,0.222672451,0.16455191,0.248563614,-0.955575094,-0.158405453,0.121969183,0.193114312,-0.973565765,-0.000286251307,0.00027179718,0.00792433042
0.96091371,0.22257322,0.164639,0.24849182,-0.95558105,-0.15848294,0.12205184,0.19319987,-0.97353856,0.00710627,0.00127101,0.00655414
0.96094687,0.22248989,0.16455805,0.24840683,-0.9555845,-0.15859347,0.12196371,0.19327724,-0.97353394,,,
0.96094687,0.22248989,0.16455805,0.24840683,-0.9555845,-0.15859347,0.12196371,0.19327724,-0.97353394,,,
0.9609509,0.22243036,0.16461498,0.24837829,-0.95556631,-0.15874834,0.12199009,0.19343615,-0.97349918,,,
0.960971504,0.222332469,0.164626964,0.248304789,-0.955556911,-0.15891971,0.12197744,0.193594978,-0.973469177,0.00539648952,-0.00306814909,-0.000543449889
0.960971504,0.222332469,0.164626964,0.248304789,-0.955556911,-0.15891971,0.12197744,0.193594978,-0.973469177,0.0038979901,0.00736558437,0.000718643714
0.96100061,0.22229553,0.16450693,0.24825815,-0.9555508,-0.15903021,0.12184302,0.19366831,-0.97347158,0.00750512,0.00197423,-0.00219998
0.961000609,0.222288929,0.164515849,0.248263045,-0.955536692,-0.15910763,0.121833055,0.193745734,-0.97345747,0.000292808836,0.00825238228,-0.00198158482
0.96097553,0.22226634,0.16469278,0.24828115,-0.95552462,-0.15915189,0.12199389,0.19383118,-0.97342032,,,
0.96097553,0.22227294,0.16468386,0.24827625,-0.95553873,-0.15907447,0.12200385,0.19375376,-0.97343443,0.00726349,0.00143576,0.00197825
0.961000609,0.22228233,0.164524773,0.248267938,-0.955522585,-0.159185049,0.121823093,0.193823153,-0.973443363,-0.00582475727,0.000423192978,0.000111709116
0.96101717,0.22224398,0.16447983,0.24822299,-0.95553137,-0.15920165,0.12178403,0.1938232,-0.97344812,,,
0.961021196,0.222197663,0.164518878,0.248184655,-0.955541395,-0.159201573,0.121830372,0.193827146,-0.973441585,0.00667205546,-0.00374114513,6.3128653e-05
0.96103775,0.22215932,0.16447392,0.2481397,-0.95555018,-0.15921806,0.12179132,0.19382707,-0.97344634,0.00740145,-0.00501055,0.00379723
0.96103775,0.22216591,0.16446502,0.24813482,-0.95556428,-0.15914075,0.12180126,0.19374977,-0.97346045,,,
0.961041778,0.222119569,0.164504094,0.248096474,-0.955574313,-0.159140794,0.121847609,0.193753838,-0.973453918,-0.000518569956,0.00203609467,0.00847331714
0.961041778,0.222112979,0.164512997,0.248101358,-0.955560206,-0.159218095,0.121837668,0.193831139,-0.973439811,0.00040779321,-0.00144100189,0.00621153647
0.96104178,0.22210638,0.16452191,0.24810625,-0.9555461,-0.15929551,0.12182771,0.19390856,-0.9734257,-0.00266626,0.00152636,0.00568711
0.9610458,0.22204682,0.16457878,0.24807768,-0.95552744,-0.15945031,0.12185413,0.19406738,-0.97339049,0.00240142,-0.00465864,-0.00135049
0.961062356,0.222001884,0.164542735,0.248037623,-0.95552235,-0.159544344,0.121805114,0.194144852,-0.973381381,0.00798486546,2.47955322e-05,-3.6763493e-05
0.96110395,0.22197299,0.16433867,0.2479843,-0.95551502,-0.15967138,0.12158532,0.1942142,-0.97339508,,,
0.96113299,0.22193609,0.1642186,0.24793757,-0.95550849,-0.15978171,0.12145096,0.19428744,-0.97339702,,,
0.96113702,0.22188975,0.16425764,0.24789925,-0.9555185,-0.15978175,0.1214973,0.1942915,-0.97339051,0.00616702,-0.00453341,0.00821794
0.96117008,0.22180649,0.16417663,0.24781419,-0.95552223,-0.15989224,0.12140927,0.19436894,-0.97338617,,,
0.96124898,0.22180828,0.16371157,0.24773599,-0.95552578,-0.15999125,0.12094325,0.19434868,-0.97344808,-0.00337114,0.01293564,-0.01299964
0.961261434,0.221822867,0.163618666,0.247724497,-0.955538956,-0.159930394,0.120867801,0.194267273,-0.973473705,-0.00970506202,-0.000760316849,-0.0159483328
0.961269525,0.221743306,0.163678956,0.247638139,-0.955587148,-0.159775613,0.120980357,0.194120582,-0.973488902,0.00995285902,-0.000638961792,-0.0133815473
0.96128198,0.22178413,0.16355046,0.24760724,-0.95565699,-0.15940512,0.12094464,0.19372955,-0.9735712,-0.00678387,0.00110102,-0.00197382
0.961253025,0.221827605,0.163661639,0.247649115,-0.955677553,-0.159217395,0.121088952,0.193578864,-0.973583349,0.000640722807,0.00857138634,-0.00579464948
0.96118616,0.22171995,0.16419938,0.24758764,-0.95577437,-0.15873116,0.1217437,0.19322394,-0.97357221,0.00289678,0.00105047,-0.00637995
0.96108581,0.22168928,0.16482698,0.24761575,-0.95585332,-0.1582117,0.12247657,0.19286877,-0.97355082,-0.00498537,0.00292289,-0.00695242
0.961018888,0.221722365,0.165172294,0.247667165,-0.955904797,-0.157819047,0.122896986,0.19257484,-0.973555914,-0.00133518351,-0.000397443771,-0.00534503814
0.960955761,0.221735863,0.165521072,0.247660221,-0.956022239,-0.157116286,0.123403537,0.191974789,-0.973610229,0.00590807525,0.000294923782,0.000125851016
0.96095971,0.22174941,0.16548004,0.24757721,-0.95615836,-0.15641882,0.12353933,0.19128127,-0.97372976,0.01029762,0.0026021,0.00673909
0.960959708,0.221782645,0.165435499,0.2475524,-0.956228196,-0.156031186,0.123589058,0.190893635,-0.973799596,-0.00378752896,0.00032055378,0.00593956141
0.960921732,0.221812307,0.165616186,0.247531928,-0.956342361,-0.155360871,0.123924839,0.190284933,-0.973875784,-0.00863881316,-0.000803828239,0.00606264174
0.96084846,0.22160586,0.16631617,0.24739807,-0.95645881,-0.15485666,0.12475744,0.18994008,-0.97383684,0.0033733,0.00308347,0.003591
0.9608141,0.221556259,0.166580558,0.247363738,-0.956513308,-0.154573933,0.125089726,0.189722807,-0.973836455,0.00567266811,0.000107645988,0.00717692543
0.96085899,0.22138077,0.16655492,0.24712849,-0.95664385,-0.15414157,0.1252098,0.18926878,-0.97390934,0.00289759,0.00402737,0.00723736
0.96095486,0.22123633,0.16619338,0.2468678,-0.95677018,-0.15377543,0.12498818,0.18879904,-0.97402908,0.01114862,-0.01200372,0.01558249
0.96101352,0.22119493,0.16590904,0.24675039,-0.95682724,-0.15360893,0.12476878,0.18855838,-0.97410385,0.00149219,-0.01116514,0.01675945
0.96117153,0.22092919,0.16534681,0.24635903,-0.9569512,-0.15346401,0.12432418,0.18823993,-0.97422215,-0.01528548,-0.00308853,0.01400724
0.96125325,0.22059697,0.16531537,0.24602077,-0.95704034,-0.1534527,0.12436226,0.18817792,-0.97422957,-0.00680169,0.00264418,-0.00531322
0.96130179,0.2203417,0.16537355,0.24577209,-0.95711135,-0.15340792,0.12447873,0.18811551,-0.97422669,-0.00188237,0.00426447,-0.00856577
0.96142784,0.21980038,0.1653611,0.24522354,-0.95726069,-0.15335165,0.12458697,0.18798699,-0.9742373,0.00515907,0.00857973,-0.0120109
0.96155983,0.219532176,0.164949404,0.244834822,-0.957413705,-0.153017536,0.124332588,0.187520879,-0.974359678,-0.0187380202,-0.000569462776,-0.0170235261
