0,1,2,3,4,5,6,7,8,9,10,11
0.230729764,-0.156860789,0.960290789,0.966599991,-0.0762146567,-0.244695091,0.111571346,0.984675542,0.134036691,0.0204260647,-0.000650823116,0.0112226587
0.23076947,-0.15585176,0.96044558,0.96659478,-0.0764289,-0.24464911,0.11153478,0.98481921,0.13300802,0.01346772,0.00240886,0.00420168
0.23075186,-0.15418651,0.96071854,0.96662743,-0.07660381,-0.24446531,0.11128794,0.98506771,0.13136444,0.02229206,-0.01109397,0.00291844
0.23066799,-0.15265758,0.96098278,0.9667034,-0.07650745,-0.24419475,0.11080055,0.98531326,0.12992681,0.02108545,-0.04194987,-0.00758001
0.230845327,-0.152112433,0.961026601,0.966705986,-0.0762211147,-0.244273861,0.110407689,0.985419703,0.129452783,0.00240209233,8.86321068e-05,-0.0250701942
0.23126761,-0.15136936,0.96104243,0.96664612,-0.07598545,-0.24458418,0.11004783,0.98555236,0.12874766,0.0259252,-0.02676213,-0.00776983
0.23242591,-0.14961466,0.96103772,0.96651339,-0.07496759,-0.24542108,0.10876538,0.98589811,0.12718027,0.01084432,-0.03728306,-0.04398097
0.23359517,-0.14957217,0.96076082,0.96634218,-0.07381271,-0.24644338,0.1077775,0.98599174,0.12729567,0.00524908,0.03386319,-0.01257589
0.2347782,-0.14910661,0.96054476,0.96605374,-0.0737879,-0.24757881,0.10779234,0.98606405,0.12672131,0.01665966,0.06901503,0.05456871
0.23409064,-0.14514706,0.9613188,0.96625631,-0.07457022,-0.2465521,0.10747211,0.98659593,0.12279311,0.03657951,0.00771415,0.03265747
0.234096123,-0.142124151,0.961768999,0.966333636,-0.0746191924,-0.246233848,0.106762288,0.987032182,0.119871361,0.0346925594,0.0269072056,0.000531202648
0.23434268,-0.13609074,0.96258133,0.96646014,-0.07439533,-0.24580507,0.10506335,0.98789911,0.11409227,0.03092763,0.00130415,-0.02549944
0.234621519,-0.130712187,0.963258552,0.966625296,-0.0735213338,-0.245418235,0.102899228,0.988690496,0.109100037,0.0344337001,0.000319838524,-0.0119806863
0.23562178,-0.12531198,0.96373198,0.96668097,-0.07187061,-0.24568799,0.10005162,0.98951079,0.10420239,0.0370488,0.00881648,-0.03586951
0.23656824,-0.12531222,0.96350003,0.96657932,-0.07047615,-0.24649038,0.09879203,0.98961101,0.10445179,0.02725721,0.00268555,-0.0403967
0.23839218,-0.13100275,0.96229273,0.9662254,-0.06785542,-0.24860392,0.09786468,0.98905698,0.11040207,0.01086201,0.00916886,-0.03613861
0.240715616,-0.136180106,0.960994735,0.965753592,-0.0651705295,-0.25114274,0.0968292437,0.98853814,0.115828919,0.0127808535,0.000742316246,-0.0498203374
0.242316185,-0.138878177,0.960206081,0.965406937,-0.0637137671,-0.252843824,0.0962928367,0.988257763,0.118635079,-0.000554461963,0.00863027573,-0.0149197048
0.245180101,-0.143198217,0.958843545,0.964733365,-0.0616870653,-0.255898762,0.0957925228,0.987769666,0.123023685,-0.000604334753,-0.0362068415,-0.0316333733
0.24771697,-0.14606455,0.95775854,0.96404957,-0.06094582,-0.25863871,0.09614935,0.98739592,0.12571617,0.00942983,-0.0268203,-0.00656871
0.24866026,-0.14786163,0.95723815,0.9637267,-0.06114891,-0.25979118,0.09694732,0.98711577,0.12729298,-0.01436664,0.01783204,-0.0243892
0.2498339,-0.150354,0.95654414,0.9631939,-0.06261594,-0.26141297,0.0991994,0.98664731,0.12917647,-0.00351446,-0.00883913,0.00140912
0.25095681,-0.15087805,0.95616756,0.96257029,-0.06556258,-0.26298265,0.10236718,0.98637581,0.1287774,0.00206136,0.01238573,-0.0127352
0.25157423,-0.14962702,0.95620187,0.96221526,-0.06767355,-0.26374586,0.10417318,0.98642377,0.12694857,-0.00138456,0.01741111,-0.03071979
0.25224037,-0.1483226,0.95622966,0.96189046,-0.069359,-0.264492,0.1055533,0.98650377,0.12517497,0.00103283,0.02371132,-0.03545619
0.25235893,-0.14813942,0.95622672,0.96180574,-0.06989316,-0.26465912,0.10604026,0.98649351,0.12484328,0.00394316,0.01087296,-0.0450545
0.25282774,-0.14906098,0.95595973,0.96172618,-0.06916978,-0.26513836,0.10564528,0.98640581,0.12586778,0.00126248,-0.00144863,-0.06364716
0.25278159,-0.15310841,0.95533204,0.96173924,-0.06804395,-0.26538217,0.10563679,0.98586402,0.13005009,0.00277052,0.0092591,-0.06549861
0.25264471,-0.15694106,0.95474609,0.96174287,-0.06729883,-0.26555873,0.1059304,0.98531228,0.13393429,0.00141078,0.00979936,-0.05759328
0.25301573,-0.16639363,0.95304575,0.96169727,-0.06412366,-0.26650798,0.10545801,0.98397221,0.14379601,0.0085164,-0.02064085,0.05748121
0.25361461,-0.17335396,0.95164496,0.96171642,-0.06041606,-0.26730425,0.10383282,0.9830048,0.1513949,-0.01249942,-0.01981163,-0.05277421
0.25347216,-0.17677471,0.9510534,0.96184558,-0.05860738,-0.26724196,0.10298036,0.9825049,0.15517463,0.00799034,0.01640844,-0.01133768
0.25274413,-0.18406951,0.9498625,0.96221107,-0.05501055,-0.26669011,0.10134202,0.98137259,0.16321016,0.01323953,-0.00944364,-0.01237943
0.25148566,-0.18800446,0.94942573,0.96269855,-0.05259231,-0.26541563,0.09983186,0.98075903,0.16776546,-0.08316191,0.00989604,-0.1378402
0.24999745,-0.1913152,0.94915735,0.96310983,-0.05170598,-0.26409435,0.09960243,0.98016573,0.17133125,0.01339692,-0.0362066,-0.05867932
0.24790785,-0.19922181,0.94807815,0.96364235,-0.04997726,-0.26247939,0.0996741,0.97867905,0.17958894,0.00681298,-0.02719605,0.00227543
0.24620151,-0.20493875,0.94730407,0.96399967,-0.04951507,-0.26125273,0.10044659,0.9775216,0.18537015,0.01166971,-0.02373964,0.00678183
0.2453364,-0.20663628,0.94715967,0.9641787,-0.04962232,-0.26057052,0.10084362,0.97715864,0.18706017,0.01570264,-0.02570796,0.01488913
0.244124817,-0.207854244,0.94720621,0.964356959,-0.0507752508,-0.259687145,0.102071766,0.976841016,0.188050243,0.0161067769,-0.0176955462,0.000192683656
0.24312736,-0.20730128,0.94758386,0.96446935,-0.05245395,-0.25893498,0.10338213,0.97686981,0.1871828,0.01972225,-0.00732601,0.01243589
0.24282895,-0.20623565,0.94789287,0.96449456,-0.05327574,-0.25867325,0.10384739,0.97705089,0.18597632,0.0228684,-0.0094986,0.01320179
0.242470108,-0.202568702,0.948775093,0.964521833,-0.0549373762,-0.258223801,0.104431268,0.97772584,0.182061258,0.0399345458,-0.000103056431,0.0229757875
0.24234965,-0.19651384,0.95007842,0.96450633,-0.05703408,-0.25782691,0.10485337,0.97884089,0.17571662,0.03112344,0.02083969,0.05000903
0.24245442,-0.19260855,0.95085106,0.96447926,-0.05808006,-0.25769434,0.10485966,0.97955529,0.17168522,0.03255995,0.0344007,0.04532805
0.24247095,-0.18275052,0.95279061,0.96457706,-0.05978412,-0.25693728,0.10391726,0.98133986,0.16178113,0.0314767,0.00520504,0.02862115
0.24255527,-0.17023846,0.95508417,0.96477281,-0.06106259,-0.25589987,0.10188393,0.98350912,0.14943041,0.01338671,0.00852096,0.03973701
0.24296519,-0.16275886,0.95628314,0.96485573,-0.06118712,-0.25555724,0.10010644,0.9847668,0.1421725,-0.00766835,0.02961588,0.01674226
0.243496006,-0.145364258,0.958946759,0.965267079,-0.0602217997,-0.254229707,0.0947054405,0.987543676,0.12565159,6.93745678e-05,0.0328631401,0.0101343133
0.24371478,-0.12853449,0.96129183,0.96583685,-0.0578756,-0.25260563,0.08810388,0.9900148,0.11003821,-0.04927485,0.03506243,-0.06586234
0.24371478,-0.12853449,0.96129183,0.96583685,-0.0578756,-0.25260563,0.08810388,0.9900148,0.11003821,-0.04927485,0.03506243,-0.06586234
0.24191442,-0.10713094,0.96436521,0.96723306,-0.05230288,-0.24844406,0.07705521,0.99286817,0.09096784,0.02840723,0.02741587,0.10230885
0.240709188,-0.0815592484,0.967164436,0.968202686,-0.049774834,-0.245164933,0.0681360055,0.995424721,0.0669846984,-0.000807977747,0.0140740871,-0.0156609919
0.24004374,-0.06763467,0.96840303,0.96869731,-0.04833905,-0.24349267,0.06328032,0.99653836,0.05391411,0.00800849,0.00862646,-0.02944358
0.23841043,-0.04080115,0.97030698,0.96970947,-0.04466859,-0.24014185,0.05314038,0.99816824,0.02891586,-0.01026345,-0.00453645,-0.12915124
0.23550202,-0.02059547,0.97165559,0.97100064,-0.03738519,-0.23613567,0.04118888,0.99908864,0.01119394,-0.02673749,0.04534543,-0.12538208
0.23413337,-0.01416033,0.97210131,0.97159035,-0.03212529,-0.23447821,0.03454938,0.99938347,0.00623648,-0.02607874,-0.0357917,-0.18878759
0.23385106,-0.00852117,0.97223506,0.97207733,-0.01798079,-0.23397068,0.0194753,0.99980198,0.00407844,-0.05307081,0.01894736,-0.10203227
0.23421709,-0.00379536,0.97217688,0.97216586,-0.00524264,-0.23423487,0.00598582,0.99997902,0.00246183,-0.01522407,0.00418532,-0.01752313
0.23385832,0.00122029081,0.97226986,0.972270575,2.92668526e-05,-0.233858452,-0.000313756345,0.999999179,-0.00117955012,0.0102849072,-0.0381218791,-0.00411709677
0.23278648,0.01609423,0.97239466,0.97244795,0.0089639,-0.23294756,-0.01246552,0.99983026,-0.01356409,0.03698456,-0.03850448,-0.01466919
0.22973876,0.04796611,0.97206954,0.97277955,0.01980812,-0.23088387,-0.03032937,0.99865243,-0.04210968,0.01577747,0.01594412,-0.05517157
0.22598128,0.07171997,0.97148791,0.97320928,0.02676697,-0.22835779,-0.04238163,0.99706561,-0.06374973,-0.00506095,0.03322506,-0.08868112
0.22147632,0.09328176,0.97069394,0.97368102,0.0337544,-0.22540157,-0.05379102,0.99506739,-0.08335086,-0.00617157,0.05786633,-0.09498309
0.21385771,0.11860913,0.96963735,0.9743528,0.04523806,-0.22043127,-0.07000958,0.99190988,-0.10589257,-0.03225639,0.08755994,-0.0921199
0.20720109,0.12652913,0.97008142,0.9749852,0.05483148,-0.21540016,-0.08044533,0.99044624,-0.11200284,0.05200993,0.02412784,-0.00976114
0.18829506,0.15832795,0.96926635,0.97650017,0.07517605,-0.20198025,-0.10484475,0.98452063,-0.14045201,0.11401767,-0.05568904,0.01486137
0.18393488,0.16661783,0.96871379,0.97676921,0.07926037,-0.19909708,-0.10995371,0.98283073,-0.1481684,0.10838177,-0.05712509,0.01699818
0.17480512,0.18327244,0.96739564,0.97720852,0.08789551,-0.19322997,-0.12044342,0.97912487,-0.16373078,0.10903598,-0.07493389,0.016037
0.16511053,0.19865263,0.96606185,0.97751511,0.09729777,-0.18707539,-0.13115861,0.97522824,-0.17812101,0.11675283,-0.07884365,0.00982525
0.16026922,0.20564923,0.96541299,0.97759324,0.10215753,-0.18405261,-0.13647451,0.97327915,-0.18466862,0.12227315,-0.0767253,0.00561135
0.15084625,0.21789774,0.96424374,0.97762635,0.11176967,-0.17819731,-0.146602,0.96955048,-0.19616254,0.14768797,-0.06245738,0.02118283
0.14088958,0.22921779,0.96312468,0.97755609,0.12170389,-0.17196531,-0.15663344,0.9657366,-0.20692638,0.16618037,-0.04507273,0.03834297
0.13559517,0.23506134,0.96247605,0.97751841,0.12657922,-0.16862827,-0.16146747,0.96370322,-0.21261327,0.17935316,-0.051853,0.0382171
0.11432559,0.25960799,0.95892302,0.97726525,0.14409994,-0.1555244,-0.17855613,0.95490257,-0.23723156,0.18884225,-0.07197195,0.01291996
0.10873101,0.26531106,0.95801232,0.97721891,0.14817418,-0.15194611,-0.18226567,0.95270901,-0.24315585,0.18982299,-0.0837009,0.0036905
0.09798636,0.27538328,0.95632774,0.97718974,0.15530601,-0.1448457,-0.18841154,0.94870655,-0.25388384,0.19960454,-0.08944732,0.00387031
0.09798636,0.27538328,0.95632774,0.97718974,0.15530601,-0.1448457,-0.18841154,0.94870655,-0.25388384,0.19960454,-0.08944732,0.00387031
0.09798636,0.27538328,0.95632774,0.97718974,0.15530601,-0.1448457,-0.18841154,0.94870655,-0.25388384,0.19960454,-0.08944732,0.00387031
0.07503439,0.29177728,0.95353856,0.97774585,0.16634332,-0.12783932,-0.19591535,0.94191075,-0.27280254,0.23643272,-0.03372985,0.01447713
0.06744193,0.29402979,0.95341384,0.97824419,0.16841605,-0.12113726,-0.19618811,0.94084133,-0.2762746,0.25787815,-0.00586003,0.03277563
0.06394152,0.29447867,0.95351651,0.97857228,0.16889028,-0.11778081,-0.19572358,0.94061593,-0.27736955,0.26873621,-0.01155221,0.04250546
0.05714925,0.2950826,0.95376101,0.97944879,0.16851614,-0.11082529,-0.19342667,0.94049372,-0.27938768,0.28785139,-0.0196898,0.05011589
0.05102498,0.29661521,0.95363299,0.98049811,0.16658327,-0.10427599,-0.18978914,0.94035601,-0.28233075,0.30866528,0.00173169,0.05447367
0.04816878,0.29768476,0.95344827,0.9810521,0.16524086,-0.10115473,-0.18766085,0.94025491,-0.28408482,0.31520417,0.02757001,0.0603946
0.04252383,0.29987053,0.9530316,0.98219061,0.16218448,-0.09485597,-0.18301138,0.9400924,-0.28763327,0.33902562,0.06406546,0.08413734
0.03649022,0.30291979,0.95231721,0.98330527,0.15910977,-0.08828835,-0.17826726,0.93964019,-0.29205668,0.36896747,0.10901523,0.12322524
0.03649022,0.30291979,0.95231721,0.98330527,0.15910977,-0.08828835,-0.17826726,0.93964019,-0.29205668,0.36896747,0.10901523,0.12322524
0.02643706,0.31351067,0.94921658,0.98479932,0.15490009,-0.07858904,-0.17167223,0.93686552,-0.30464999,0.39356154,0.15790391,0.13368431
0.01856146,0.32731044,0.94473458,0.98577943,0.15184945,-0.07197733,-0.16701639,0.93263588,-0.31983737,0.39906263,0.12890041,0.07770681
0.01442721,0.33560843,0.94189107,0.98627354,0.15018571,-0.06862019,-0.16448808,0.92995225,-0.32883495,0.37897453,0.11503601,0.03986409
0.00608633,0.3517383,0.93607868,0.98725485,0.14675774,-0.06156448,-0.15903145,0.92452284,-0.34636217,0.34941915,0.1044755,-0.01835214
-0.000846216351,0.36306694,0.931762651,0.988239243,0.142782541,-0.0547385405,-0.152913177,0.920758115,-0.358917813,0.311996549,0.0642564297,-0.0595265441
-0.003523,0.36595041,0.93062773,0.98875655,0.14039873,-0.05146595,-0.14949297,0.91998292,-0.36233051,0.2892544,0.02172458,-0.08163071
-0.00564289,0.36559661,0.93075625,0.98987732,0.13403995,-0.04664887,-0.14181316,0.9210713,-0.36265215,0.25042206,-0.07283139,-0.08506143
-0.00171405,0.35849643,0.93352949,0.99114966,0.12452422,-0.04600023,-0.13273793,0.92518862,-0.35553705,0.21083051,-0.10124958,-0.08078077
0.00280921,0.35274977,0.93571345,0.9918552,0.11817132,-0.04752652,-0.12733944,0.92822578,-0.34954471,0.18908632,-0.10807794,-0.08357032
0.01620485,0.33683849,0.94142299,0.99333342,0.1020513,-0.05361207,-0.11413206,0.93601569,-0.33293921,0.13170509,-0.09771872,-0.10487672
0.03549754,0.31315084,0.9490398,0.9946016,0.08158485,-0.06412199,-0.09750715,0.94619264,-0.30856429,0.13371237,-0.03422201,-0.10841206
0.04702797,0.29848536,0.95325496,0.99501994,0.06996459,-0.07099599,-0.08788543,0.95184641,-0.29370864,0.18300352,-0.00444198,-0.06782923
0.04702797,0.29848536,0.95325496,0.99501994,0.06996459,-0.07099599,-0.08788543,0.95184641,-0.29370864,0.18300352,-0.00444198,-0.06782923
0.10084888,0.22870117,0.96825893,0.99390161,0.02046902,-0.10835449,-0.04460015,0.9732815,-0.22524221,0.05977585,0.09848237,-0.03810085
0.117090354,0.208343615,0.971021424,0.992569569,0.0080330296,-0.121412182,-0.0330956005,0.978022599,-0.205854873,0.121953882,0.103166342,0.000639297068
0.14867279,0.17184109,0.97384141,0.98882941,-0.01525417,-0.14826929,-0.01062364,0.98500661,-0.17218943,-0.05641259,-0.00294679,-0.02324121
0.18196894,0.13235521,0.97435584,0.98318968,-0.03961565,-0.17823733,0.01500916,0.99041031,-0.13733906,0.58796108,0.06996751,0.69566357
0.19833863,0.11341977,0.97354895,0.97979222,-0.04915135,-0.19388423,0.02586106,0.99233052,-0.12087634,0.22378404,0.11175263,0.54806036
0.23632877,0.10799581,0.96565289,0.97041876,-0.07671274,-0.22891573,0.04935601,0.99118711,-0.12293053,0.08862181,0.14187217,0.42236543
0.27380301,0.12867226,0.95313963,0.9589769,-0.11220619,-0.26033205,0.07345079,0.98531869,-0.15411603,0.036365,0.15034938,0.2257207
0.2927042,0.14280428,0.9454793,0.95228348,-0.13297085,-0.27472681,0.08648907,0.98077805,-0.17491125,-0.00957333,0.1188767,0.13504687
0.33094417,0.16895165,0.92840247,0.93684509,-0.17676727,-0.30178525,0.11312417,0.96964344,-0.21678155,-0.0602769,0.00583625,-0.00981459
0.37128926,0.18699684,0.90949244,0.91795788,-0.22122722,-0.32925962,0.13963395,0.9571263,-0.25379453,-0.05419764,-0.00380749,0.00447108
0.3923228,0.19174058,0.89962124,0.90707751,-0.24292589,-0.34379852,0.15262115,0.95090619,-0.26922894,-0.09214841,0.0122745,-0.02712218
0.43474294,0.19161411,0.87993326,0.88242768,-0.28569817,-0.37376169,0.17977737,0.93896775,-0.29329083,-0.17783611,0.01137996,-0.07008444
0.47584604,0.17742971,0.86144596,0.8540259,-0.32735761,-0.40432225,0.21026222,0.92809236,-0.30730133,-0.17358141,-0.00947404,-0.04309281
0.49592344,0.16572326,0.85240585,0.83827823,-0.34752365,-0.42013915,0.22660437,0.92291012,-0.31126732,-0.16046456,0.00345898,-0.02460654
0.53442053,0.13660183,0.83410705,0.80408452,-0.38628115,-0.45192341,0.26046634,0.91220975,-0.31627596,-0.1832763,-0.02226329,-0.04575586
0.56934854,0.1022965,0.81570684,0.76767129,-0.42117741,-0.48300139,0.29414796,0.90119086,-0.31832682,-0.20874749,-0.10939068,-0.07946846
0.58530631,0.0831683,0.80653552,0.74894834,-0.4365491,-0.49849898,0.31063305,0.89582805,-0.31780369,-0.20775899,-0.14354348,-0.09425161
0.6139498,0.04172434,0.78824158,0.71109368,-0.46272763,-0.52936674,0.34265359,0.88551818,-0.31376149,-0.20957279,-0.16391754,-0.09314081
0.63791664,-0.00246879,0.77010143,0.67424226,-0.4813898,-0.56005448,0.37210171,0.87650303,-0.30542196,-0.22972259,-0.12822974,-0.07818328
0.6477091,-0.02495536,0.76147889,0.6570035,-0.48776909,-0.57482821,0.385771,0.87261578,-0.29953667,-0.23840043,-0.12512261,-0.06504887
0.66281909,-0.06911163,0.74558332,0.62592858,-0.49535064,-0.60236319,0.41095538,0.86593971,-0.28506896,-0.24443901,-0.13884306,-0.05268913
0.67252589,-0.11095695,0.73170857,0.59999058,-0.4970759,-0.62683862,0.43326687,0.86058347,-0.26772325,-0.24120556,-0.15073097,-0.05548146
0.67583281,-0.13057683,0.72539624,0.58885656,-0.49625186,-0.63795145,0.44328091,0.85830286,-0.25849227,-0.24340169,-0.14259565,-0.05554945
0.67964969,-0.16606815,0.71449121,0.57137012,-0.49098277,-0.65762621,0.46001359,0.85519437,-0.23880994,-0.29554203,-0.09178728,-0.07016711
0.67873053,-0.19564175,0.70784825,0.56313714,-0.48002483,-0.67264592,0.47138243,0.85516097,-0.21563433,-0.33042625,-0.0213052,-0.08775318
0.67629021,-0.20804407,0.70664643,0.56324387,-0.47220476,-0.67806992,0.47475031,0.85658633,-0.20216787,-0.33503023,0.00708568,-0.08163062
0.66795502,-0.2278474,0.70846432,0.57168141,-0.45239282,-0.68448616,0.47646248,0.86222184,-0.17192197,-0.32893547,0.03256059,-0.0603268
0.65496521,-0.24075896,0.71627902,0.59102854,-0.42742067,-0.68410276,0.47085643,0.87140487,-0.1376502,-0.33376449,0.09447455,-0.05815844
0.64640754,-0.24476384,0.72266719,0.60484599,-0.41297403,-0.68089168,0.46510057,0.87723589,-0.11890503,-0.34161079,0.13435364,-0.06626046
0.62413144,-0.24864611,0.74069897,0.64016544,-0.38076359,-0.66723829,0.44793756,0.8906143,-0.07847179,-0.3492392,0.23664558,-0.11312854
0.59350881,-0.24810501,0.76563123,0.68443372,-0.34490454,-0.64233271,0.42343566,0.90525396,-0.03489244,-0.30381939,0.25967646,-0.14887173
0.57494255,-0.2467268,0.78010702,0.70893999,-0.32576739,-0.62552356,0.40846685,0.91268917,-0.01238305,-0.26575404,0.24430263,-0.13849917
0.53327546,-0.24227683,0.81050554,0.75929442,-0.28531222,-0.58486662,0.37294675,0.92730735,0.03180942,-0.19020778,0.2030642,-0.09856868
0.4879903,-0.23547784,0.84048537,0.80761555,-0.24344852,-0.53711261,0.33109303,0.94089479,0.07137504,-0.11660646,0.12655306,-0.09978701
0.4211413,-0.22420134,0.87884799,0.86839462,-0.17999864,-0.46205122,0.26178392,0.9577757,0.11889036,-0.12134336,0.06214392,-0.17701384
0.38152375,-0.21953942,0.89790977,0.89905804,-0.13758271,-0.41565063,0.21478865,0.96585363,0.14488769,-0.14664289,0.00857937,-0.23709497
0.36250787,-0.21864329,0.90597086,0.91214026,-0.11627886,-0.39303873,0.1912805,0.9688521,0.15728132,-0.1416035,-0.06338769,-0.25967717
0.32709446,-0.21855659,0.91937051,0.93384821,-0.07420832,-0.3498864,0.144695,0.97299845,0.17982561,-0.11375095,-0.18180197,-0.25010696
0.29917807,-0.21874879,0.92878495,0.94896665,-0.03356806,-0.31358497,0.09977382,0.97520367,0.19754246,-0.13886538,-0.0468539,-0.14861198
0.28705913,-0.21678859,0.93305934,0.95473571,-0.01451717,-0.29710086,0.07795349,0.9761106,0.20280855,-0.12444567,0.05261302,-0.0639703
0.26190975,-0.20244517,0.94362025,0.96456971,0.02273717,-0.26284636,0.03175677,0.97902956,0.20122761,-0.06527069,0.08746946,0.05063624
0.23601952,-0.16901346,0.9569374,0.97161527,0.05733791,-0.22951269,-0.01607803,0.98394449,0.17774895,0.02974309,0.0424962,-0.02409856
0.22425221,-0.14617366,0.96350623,0.97379097,0.07213808,-0.21570189,-0.03797558,0.98662527,0.15851969,0.08418107,0.03001511,-0.10269133
0.20397387,-0.09299244,0.97454967,0.97600651,0.09679778,-0.19504224,-0.07619679,0.99095034,0.11050545,0.18866973,-0.02000034,-0.16411534
0.18700272,-0.03631099,0.98168816,0.9764086,0.11669857,-0.18168061,-0.10796468,0.99250346,0.05727725,0.35206831,-0.10697234,-0.09388869
0.18135559,-0.0057678,0.98340063,0.97589683,0.12448996,-0.17924155,-0.12138963,0.99220405,0.02820576,0.34255522,-0.10007954,-0.0703868
0.17277502,0.06121667,0.98305708,0.97423119,0.13629866,-0.17971134,-0.14499065,0.98877454,-0.03609015,0.14184847,-0.07678962,-0.0907806
0.16252553,0.12873168,0.97827067,0.97261584,0.14604208,-0.18080382,-0.1661438,0.98086684,-0.10147086,0.14805406,-0.14303207,-0.16977561
0.15827592,0.15845876,0.97459716,0.97160731,0.15080595,-0.18230979,-0.17586367,0.97578094,-0.13009076,0.13525426,-0.16727972,-0.16256961
0.15367693,0.20646328,0.96631062,0.96910308,0.15944904,-0.18818907,-0.19293139,0.96537496,-0.17558053,0.03254857,-0.15627027,-0.08415423
0.15154928,0.24091939,0.95863996,0.96658151,0.1667548,-0.19471245,-0.20676777,0.95611223,-0.20759663,0.04967418,-0.12639892,-0.02271813
0.15154928,0.24091939,0.95863996,0.96658151,0.1667548,-0.19471245,-0.20676777,0.95611223,-0.20759663,0.04967418,-0.12639892,-0.02271813
0.15064542,0.27481447,0.94962251,0.96272878,0.17748627,-0.20408787,-0.22463123,0.94497385,-0.23783429,0.07572897,-0.11185551,0.08932079
0.14968062,0.29170884,0.94472318,0.96043562,0.18406597,-0.20900559,-0.23486026,0.93862979,-0.25261651,0.12188158,-0.11172783,0.10720973
0.14742367,0.31100547,0.93890458,0.95801151,0.19113175,-0.21373477,-0.24592714,0.93099098,-0.26976946,0.17555532,-0.10706031,0.08786017
0.14686372,0.32014008,0.93591735,0.95694608,0.19350678,-0.21635442,-0.25037003,0.92739709,-0.27793764,0.18488485,-0.07913494,0.08373357
0.1471848,0.32462556,0.93432048,0.9565596,0.19361657,-0.2179593,-0.25165504,0.92581357,-0.28202626,0.18369146,-0.06346804,0.09359687
0.14864203,0.33419101,0.93071046,0.95610859,0.19175709,-0.22155274,-0.25251128,0.9227923,-0.29101975,0.19575226,-0.02460527,0.10914657
0.14897434,0.34255308,0.92761198,0.95620197,0.18912289,-0.22340608,-0.25196109,0.9202662,-0.29937547,0.18793359,-0.01332593,0.09144497
0.14839811,0.34504496,0.92678041,0.95641521,0.18825064,-0.22322992,-0.25149135,0.9195138,-0.3020702,0.19153182,-0.00736034,0.0941078
0.14636262,0.34557101,0.92690809,0.95718354,0.18709491,-0.22089614,-0.24975507,0.91955213,-0.30339117,0.24553671,0.0478704,0.15149024
0.14211746,0.34164166,0.92902294,0.958397,0.18722178,-0.21546046,-0.2475436,0.92099348,-0.30082086,0.34274462,0.14508724,0.25669974
0.13843222,0.33954087,0.93034857,0.9592281,0.18775842,-0.21125382,-0.24641006,0.92166085,-0.29970532,0.38215709,0.15464067,0.29086524
0.12701839,0.33837802,0.93239822,0.9612156,0.19001049,-0.19990093,-0.24480743,0.9216269,-0.30111936,0.43919626,0.17253661,0.33805335
0.11091157,0.34406311,0.9323729,0.96326717,0.19365482,-0.18604892,-0.24457108,0.91875917,-0.30994614,0.47775388,0.19349372,0.33549345
0.1011428,0.34945081,0.93147952,0.96430071,0.19588487,-0.17819401,-0.24473272,0.91624947,-0.31716328,0.48462853,0.17100835,0.31000704
0.07886901,0.36463113,0.927806,0.96626861,0.20092519,-0.16110301,-0.24516282,0.90921578,-0.33648487,0.45490593,0.10885143,0.22781201
0.055716,0.38243792,0.92229968,0.96776645,0.20654498,-0.14410774,-0.24560854,0.9005999,-0.35860268,0.40020919,0.07014585,0.1384846
0.04488188,0.38996646,0.9197346,0.96831658,0.20941548,-0.13604452,-0.24565945,0.89670022,-0.36821202,0.3596479,0.05506396,0.09159118
0.0271794,0.39924513,0.91644132,0.96927613,0.21368153,-0.12183618,-0.24446911,0.89159609,-0.38117106,0.27314267,0.05333483,-0.00294989
0.01886533,0.39957189,0.91650771,0.9704319,0.21330612,-0.11297083,-0.24063667,0.89153956,-0.38373322,0.17497185,-0.0200032,-0.04748116
0.01896861,0.39779249,0.91727929,0.97134198,0.21007553,-0.1111891,-0.23692811,0.89310099,-0.3824077,0.1394742,-0.04802716,-0.05054806
0.02746517,0.39146513,0.91978299,0.97436279,0.19505854,-0.11211305,-0.22329988,0.89928151,-0.37607174,0.07287709,0.02580619,-0.10352354
0.04322568,0.3757927,0.92569505,0.97863481,0.17049656,-0.114912,-0.20101088,0.91088458,-0.36039397,0.02558506,-0.01472902,-0.1658051
0.05356977,0.36243795,0.93046696,0.98083762,0.15569547,-0.11711648,-0.18731686,0.91891101,-0.34715215,0.03410333,-0.02749908,-0.17234956
0.07938313,0.32488509,0.942416,0.98460453,0.12213983,-0.12504281,-0.15573104,0.93783339,-0.31018746,0.10520653,-0.00937158,-0.13025025
0.11138584,0.27574789,0.95475453,0.98662824,0.08434591,-0.13946471,-0.1189867,0.95752221,-0.26266569,0.17503446,0.05581498,-0.05645224
0.12927221,0.24828682,0.96002202,0.98665693,0.06442991,-0.14952196,-0.09897843,0.96654145,-0.2366449,0.18743347,0.11167097,-0.01784529
0.16685204,0.18948352,0.96760348,0.98434721,0.02447643,-0.17453255,-0.05675458,0.98157885,-0.18243368,0.16358714,0.16080213,0.01852542
0.20483522,0.12717253,0.97049971,0.97870371,-0.01296093,-0.2048684,-0.01347506,0.99179593,-0.12711908,0.1453411,0.08142698,0.05146308
0.22394545,0.09598425,0.96986368,0.97456756,-0.03038683,-0.22202437,0.00816019,0.99491898,-0.10034817,0.14513235,0.03582263,0.07747762
0.26270533,0.0368511,0.96417214,0.96353258,-0.06273454,-0.26013333,0.05090069,0.99734968,-0.05198794,0.11249417,-0.01925588,0.12342527
0.26270533,0.0368511,0.96417214,0.96353258,-0.06273454,-0.26013333,0.05090069,0.99734968,-0.05198794,0.11249417,-0.01925588,0.12342527
0.319833728,-0.036458824,0.946771919,0.940775278,-0.106390808,-0.321904877,0.112464161,0.993655689,0.000272234771,0.0284101069,-0.0456980467,0.115700848
0.319833728,-0.036458824,0.946771919,0.940775278,-0.106390808,-0.321904877,0.112464161,0.993655689,0.000272234771,0.0284101069,-0.0456980467,0.115700848
0.38894463,-0.110806,0.91457315,0.90185314,-0.15690281,-0.40254481,0.18810353,0.98137834,0.03890427,-0.08841065,-0.08115792,0.04095274
0.40504905,-0.12726364,0.90539455,0.89088763,-0.16770282,-0.42213166,0.20555917,0.9775888,0.04544969,-0.10138749,-0.10037684,0.04777318
0.43640704,-0.15677621,0.88598538,0.86781772,-0.18666231,-0.46048836,0.23757372,0.96983418,0.05459245,-0.13828349,-0.11421496,0.01741295
0.47858921,-0.19438911,0.85625067,0.83239077,-0.20989339,-0.51290377,0.2794243,0.95820538,0.06135502,-0.19382612,-0.11074513,-0.07528865
0.50158734,-0.21914447,0.83689054,0.81015005,-0.22030971,-0.54324981,0.30342538,0.95049417,0.06703539,-0.19233793,-0.12589151,-0.07807392
0.5205973,-0.24302294,0.81848535,0.79002135,-0.22644309,-0.56972775,0.32379731,0.94321964,0.07410767,-0.18197776,-0.13091332,-0.04804977
0.5288105,-0.2539143,0.8098685,0.78086586,-0.22835181,-0.58146706,0.33257775,0.93988455,0.07751818,-0.18718246,-0.14153713,-0.03416843
0.54300189,-0.272278,0.79436371,0.7644141,-0.23129539,-0.60180869,0.34759185,0.93400605,0.08253926,-0.21085998,-0.14638817,-0.02796464
0.55445989,-0.2856527,0.78164996,0.75079767,-0.23346863,-0.61789562,0.35899442,0.92945934,0.08501847,-0.25952852,-0.09084046,-0.04352034
0.55913517,-0.29050796,0.77651328,0.74544882,-0.23377115,-0.62422497,0.36286887,0.92787708,0.08584924,-0.28864959,-0.05246699,-0.03095292
0.57054821,-0.29296632,0.76723232,0.73765267,-0.22787331,-0.63556445,0.3610308,0.92857114,0.08609471,-0.42337078,0.14489245,0.04967701
0.57111519,-0.28800376,0.76868802,0.73972807,-0.22537721,-0.63404061,0.35585084,0.93073033,0.08432812,-0.43641955,0.15935504,0.05649765
0.56910197,-0.27149986,0.77615124,0.74869356,-0.21917334,-0.62563643,0.33997189,0.93715037,0.07853823,-0.43319064,0.17476964,0.05423818
0.56910197,-0.27149986,0.77615124,0.74869356,-0.21917334,-0.62563643,0.33997189,0.93715037,0.07853823,-0.43319064,0.17476964,0.05423818
0.56910197,-0.27149986,0.77615124,0.74869356,-0.21917334,-0.62563643,0.33997189,0.93715037,0.07853823,-0.43319064,0.17476964,0.05423818
0.51800332,-0.16489247,0.83933488,0.82034378,-0.18218559,-0.54207426,0.24229868,0.96933941,0.04089577,-0.32548419,0.26434314,-0.1527423
0.47151084,-0.1219114,0.87339294,0.8604599,-0.15326149,-0.48592166,0.19309681,0.98063689,0.03263536,-0.24176493,0.14643693,-0.3036249
0.43766763,-0.1042319,0.89307494,0.88447414,-0.12873742,-0.44847783,0.16171777,0.98618588,0.03584616,-0.19005892,0.08915901,-0.30447888
0.42025215,-0.09843661,0.90205226,0.89553562,-0.11528518,-0.4297966,0.14630105,0.98844292,0.03970469,-0.14501026,0.02784824,-0.30516115
0.38626279,-0.09313356,0.91767488,0.91494901,-0.08741934,-0.39398749,0.116916,0.99180843,0.05144563,-0.09563603,-0.09897983,-0.31622154
0.35665732,-0.09668347,0.9292189,0.92972155,-0.06092168,-0.36318897,0.09172402,0.99344889,0.0681606,-0.11433439,-0.16138816,-0.3098585
0.32077408,-0.11391599,0.9402803,0.94502546,-0.02805062,-0.32579118,0.06348834,0.99309423,0.09865566,-0.16043238,-0.04753661,-0.23952435
0.29797244,-0.12724827,0.94605517,0.95337993,-0.00989556,-0.30161052,0.0477411,0.99182159,0.1183673,-0.16490079,0.02412975,-0.1991924
0.28631627,-0.13314722,0.9488387,0.95729487,-0.0017136,-0.28910846,0.04011987,0.99109484,0.12697047,-0.15822503,0.01741147,-0.18993193
0.24785541,-0.15259517,0.95670395,0.9687246,0.02695975,-0.24666955,0.01184806,0.98792102,0.15450479,0.01507588,0.03831494,-0.01705275
0.24029846,-0.15444694,0.95833323,0.97068638,0.03320999,-0.23804365,0.004939,0.98744264,0.15789997,0.03315888,0.00116205,0.00963132
0.22761539,-0.15131929,0.96192179,0.97371686,0.04364557,-0.22354046,-0.00815753,0.9875208,0.15727664,0.04442375,-0.08554876,0.019783
0.2224893,-0.14574214,0.96398014,0.9748331,0.04756001,-0.21780368,-0.01410372,0.98817875,0.15265587,0.05316848,-0.10678375,0.02724776
0.21388038,-0.12617094,0.96867748,0.97653981,0.05299723,-0.20871342,-0.02500365,0.99059183,0.13454602,0.16786689,-0.1833818,0.11447508
0.20933724,-0.04229929,0.97692812,0.97686125,0.05381386,-0.20699278,-0.04381654,0.99765459,0.05258585,0.14386539,-0.13351387,0.02213825
0.20857733,-0.0158393,0.97787751,0.9767948,0.0531159,-0.20748592,-0.04865431,0.99846262,0.02655061,0.14343826,-0.14548302,-0.03426392
0.20919245,0.03407913,0.97728047,0.97614827,0.05207852,-0.21076614,-0.05807805,0.99806134,-0.02237185,0.12698016,-0.15326917,-0.07170032
0.21242567,0.08986486,0.97303629,0.97442987,0.05513608,-0.217822,-0.07322394,0.99442662,-0.07585468,0.09787025,-0.11940247,-0.03297178
0.21285153,0.11818049,0.96991113,0.97340271,0.06044594,-0.22098291,-0.08474305,0.99115067,-0.1021712,0.13685839,-0.14384031,0.0107293
0.21193934,0.14343158,0.96670002,0.9725509,0.06626742,-0.22305423,-0.09605365,0.98743902,-0.12544978,0.19357657,-0.1520896,0.03811917
0.21091394,0.15603418,0.96497077,0.97222472,0.06897981,-0.22365332,-0.10146103,0.98534007,-0.13715146,0.21529251,-0.14060038,0.01819415
0.20315714,0.20177381,0.9581307,0.97164217,0.07937095,-0.22273681,-0.12099017,0.97621079,-0.17992715,0.1946878,-0.08168238,-0.08298872
0.20062398,0.20939982,0.9570275,0.97161207,0.08249355,-0.22173108,-0.12537899,0.97434409,-0.18690517,0.1848903,-0.04595131,-0.07923827
0.19487254,0.21837675,0.95620933,0.97164818,0.09009178,-0.21859386,-0.13388241,0.971697,-0.19462896,0.17258726,0.00611448,-0.04493176
0.18727377,0.21962637,0.95744073,0.97199066,0.0994621,-0.21293519,-0.14199523,0.97050064,-0.19484812,0.19774523,0.03285301,0.03208579
0.18727377,0.21962637,0.95744073,0.97199066,0.0994621,-0.21293519,-0.14199523,0.97050064,-0.19484812,0.19774523,0.03285301,0.03208579
0.18727377,0.21962637,0.95744073,0.97199066,0.0994621,-0.21293519,-0.14199523,0.97050064,-0.19484812,0.19774523,0.03285301,0.03208579
0.16512951,0.21155763,0.96331481,0.97313484,0.12393687,-0.194031,-0.16043887,0.96947554,-0.1854084,0.29518014,0.0637536,0.2682375
0.1496682,0.21309111,0.96550075,0.97373933,0.13766506,-0.18132878,-0.17155531,0.96728517,-0.18689113,0.34380656,0.09039187,0.36150956
0.10639587,0.26568371,0.95817113,0.97527818,0.15981972,-0.15261047,-0.19368068,0.9507206,-0.24211131,0.48157808,0.19176948,0.3432897
0.06878195,0.3339972,0.94006105,0.97502298,0.17696493,-0.13421435,-0.211185,0.92581271,-0.31348292,0.26373053,0.13630939,0.02357588
0.03290121,0.40343444,0.91441676,0.97404357,0.1920686,-0.11978585,-0.22395644,0.89462292,-0.3866434,0.13496374,-0.00186694,-0.04638442
0.0304025,0.41148145,0.91091077,0.97502951,0.18836224,-0.1176303,-0.21998378,0.89174125,-0.39547982,0.05661322,-0.02133065,-0.12941884
0.03246923,0.40976553,0.91161273,0.97595769,0.18368664,-0.11732714,-0.21552763,0.89350505,-0.39394962,0.00924068,-0.00804925,-0.16867591
0.06561945,0.35565193,0.93231209,0.98180456,0.14384086,-0.12397435,-0.17819631,0.92348337,-0.33974194,0.06580699,0.04478157,-0.09504634
0.07889037,0.33198064,0.93998145,0.98328616,0.12929122,-0.12818759,-0.16408713,0.93438354,-0.31623212,0.09856508,0.06321418,-0.04603189
0.14259345,0.21968963,0.96509241,0.98543001,0.05981732,-0.15921476,-0.09270696,0.97373411,-0.20795912,0.13698639,0.17338037,0.04176604
0.160101,0.18971811,0.96869739,0.98448617,0.04068801,-0.17067912,-0.07179524,0.98099512,-0.18026063,0.1184532,0.16956806,0.04232508
0.1958292,0.12918335,0.97209185,0.9802634,0.00160984,-0.19768929,-0.02710307,0.99161941,-0.12631845,0.09172956,0.08063507,0.03230783
0.24986453,0.04128853,0.96740008,0.96724572,-0.05682637,-0.24739928,0.04475912,0.99752992,-0.05413502,0.06129276,-0.00145698,0.04643185
0.28540976,-0.01328224,0.95831352,0.9537773,-0.09421193,-0.28536451,0.09407488,0.99546352,-0.01422067,0.03862913,-0.05102688,0.04866661
0.31995892,-0.06351236,0.9453002,0.93665692,-0.12884066,-0.32568988,0.14247844,0.98962935,0.01826558,0.01039657,-0.06588221,0.04733603
0.31995892,-0.06351236,0.9453002,0.93665692,-0.12884066,-0.32568988,0.14247844,0.98962935,0.01826558,0.01039657,-0.06588221,0.04733603
0.31995892,-0.06351236,0.9453002,0.93665692,-0.12884066,-0.32568988,0.14247844,0.98962935,0.01826558,0.01039657,-0.06588221,0.04733603
0.43430427,-0.23465449,0.86966492,0.84562276,-0.22640518,-0.48338684,0.31032554,0.94534542,0.10010044,-0.16692959,-0.10516399,0.00465731
0.45614674,-0.2684668,0.84844314,0.82077588,-0.24150458,-0.51768963,0.34388535,0.93252409,0.11018953,-0.19769837,-0.09059811,-0.03956403
0.48219606,-0.31157725,0.8187836,0.78741054,-0.25554566,-0.56096442,0.38402034,0.91521367,0.12211609,-0.2144756,-0.1013298,-0.067136
0.49549519,-0.33518101,0.80133529,0.76901502,-0.25965596,-0.5841188,0.40385697,0.90566691,0.12910092,-0.21619694,-0.11758125,-0.05024227
0.50960781,-0.36114003,0.78094667,0.74864954,-0.26122383,-0.60933227,0.42405623,0.89517586,0.13724567,-0.24109456,-0.07835793,-0.06456186
0.51483179,-0.3712225,0.77274965,0.74089706,-0.26081945,-0.61890599,0.43130003,0.89116044,0.14075956,-0.25672713,-0.04143357,-0.10443372
0.5159227,-0.37458002,0.77039828,0.73918178,-0.25984904,-0.62136028,0.43293648,0.89003826,0.14282077,-0.26047063,-0.03995448,-0.11668012
0.51533588,-0.37904674,0.76860426,0.74036449,-0.25478175,-0.62205039,0.4316125,0.88961218,0.14933457,-0.26155666,-0.03895056,-0.11372694
0.50042684,-0.3734272,0.78110502,0.76553575,-0.2305444,-0.60066976,0.40438588,0.8985551,0.17050131,-0.24502894,0.0470345,-0.08923675
0.48734712,-0.363755,0.79383571,0.78433764,-0.21722932,-0.58105594,0.38380634,0.90581114,0.17944061,-0.20151499,0.06613362,-0.10600314
0.47916453,-0.35772285,0.80152087,0.79525894,-0.20950084,-0.56892232,0.37143582,0.91002404,0.18409693,-0.18683338,0.0952127,-0.12002666
0.45989304,-0.34464622,0.81836263,0.81924626,-0.19083295,-0.54075723,0.34254048,0.919131,0.19458737,-0.19472325,0.22147536,-0.15651166
0.4363174,-0.33352925,0.83569456,0.84544453,-0.16593183,-0.50763199,0.30797841,0.92802206,0.20958151,-0.20448545,0.30625939,-0.15995419
0.39440712,-0.32482581,0.85961102,0.88516764,-0.1169634,-0.45033054,0.24682211,0.93851348,0.24139419,-0.23733962,0.39324677,-0.11689794
0.36523481,-0.32476225,0.87242938,0.90869726,-0.07915347,-0.40988296,0.20217031,0.94247771,0.26620095,-0.22650516,0.30079389,-0.05841219
0.36523481,-0.32476225,0.87242938,0.90869726,-0.07915347,-0.40988296,0.20217031,0.94247771,0.26620095,-0.22650516,0.30079389,-0.05841219
0.29513057,-0.32608838,0.89808931,0.95016628,0.00138667,-0.31174069,0.1004096,0.94533834,0.31024736,-0.17392789,0.05636573,-0.01994465
0.28173268,-0.32280552,0.9035614,0.95591378,0.01316781,-0.29335193,0.08279775,0.94637366,0.3122841,-0.13808897,-0.05668747,-0.05835
0.25893631,-0.3125483,0.91392863,0.96449423,0.03273723,-0.26206709,0.05198912,0.94933758,0.30992789,-0.10294338,-0.18361402,-0.18657562
0.24237083,-0.2982456,0.92320413,0.96974602,0.04589608,-0.23976258,0.02913673,0.95338503,0.30034641,-0.13763146,-0.14584816,-0.20019291
0.23531985,-0.28975311,0.92772171,0.97171831,0.05079622,-0.23061462,0.01969663,0.95575243,0.29351185,-0.14724268,-0.15258056,-0.17407218
0.21656436,-0.25799219,0.94156243,0.97624431,0.06398887,-0.2070081,-0.00684298,0.96402559,0.26572118,-0.09637938,-0.12352228,-0.00392962
0.20737829,-0.2287481,0.95114058,0.97797282,0.0720655,-0.19589682,-0.02373331,0.97081445,0.23865433,-0.03959596,-0.07852829,0.10764229
0.20043719,-0.18961631,0.96118189,0.97890481,0.07844525,-0.18865778,-0.03962758,0.97871959,0.20133965,-0.00941483,-0.09503573,0.11761416
0.19548634,-0.14013399,0.9706429,0.97926936,0.08145357,-0.1854641,-0.05307255,0.98677651,0.15315193,0.06490064,-0.1294564,0.05113437
0.19397121,-0.05588477,0.97941414,0.9788253,0.07757575,-0.18942817,-0.06539264,0.99541896,0.06974889,0.06268946,-0.08940881,-0.05396773
0.19503677,0.01110505,0.98073302,0.97801728,0.07301284,-0.19532339,-0.07377513,0.99726912,0.0033793,0.00990366,-0.04863125,-0.12183793
0.1955558,0.03667386,0.98000654,0.97742804,0.07417984,-0.19781714,-0.07995137,0.99657023,-0.02133969,0.03544413,-0.07637966,-0.0162306
0.19489304,0.05086172,0.97950487,0.97708621,0.07703987,-0.19841216,-0.08555251,0.99572985,-0.03468175,0.08132237,-0.07074195,0.10191286
0.19350861,0.05754445,0.9794095,0.9771577,0.07808144,-0.19765127,-0.08784738,0.9952848,-0.04112053,0.13365877,-0.07242036,0.15842602
0.18932147,0.07619617,0.97895433,0.97764728,0.07822677,-0.19515746,-0.09145072,0.99401951,-0.05968299,0.22561392,-0.07729709,0.18189761
0.16404534,0.13259739,0.97750041,0.98112042,0.08096247,-0.17563536,-0.10242963,0.98785778,-0.11681249,0.17253952,-0.14026928,-0.05594748
0.15989308,0.13083176,0.97842583,0.98175187,0.08228889,-0.17143991,-0.10294329,0.98798352,-0.11528685,0.19239171,-0.13154221,-0.02345522
0.15041369,0.12182164,0.98108879,0.98320881,0.08528506,-0.16132856,-0.10332554,0.98888117,-0.10694807,0.23335248,-0.0908345,0.0183288
0.14526755,0.11576588,0.98259629,0.98400008,0.08664059,-0.15568267,-0.1031554,0.98949054,-0.10132752,0.24960537,-0.07352191,0.02887396
0.12660428,0.08753459,0.98808348,0.98698261,0.08847797,-0.13430146,-0.0991796,0.99222439,-0.07519339,0.27172849,-0.04464239,0.04537059
0.11900758,0.07296743,0.99020859,0.98822053,0.08793762,-0.12524874,-0.09621571,0.99344996,-0.06164271,0.27721846,-0.02513111,0.05676351
0.11513993,0.06520574,0.99120685,0.98882052,0.08765091,-0.12062878,-0.09474587,0.99401486,-0.05438466,0.27898192,-0.02313697,0.06253624
0.10149251,0.03569849,0.99419561,0.99097608,0.08432397,-0.10419167,-0.08755401,0.99579873,-0.0268181,0.2700333,-0.0013659,0.10351187
0.0992179,0.03035417,0.99460262,0.99142978,0.08235276,-0.10141466,-0.0849866,0.99614084,-0.02192312,0.26644433,-0.00549465,0.10378235
0.0934551,0.01723979,0.99547423,0.99301061,0.07077577,-0.09444952,-0.07208374,0.99734326,-0.01050494,0.25177521,0.01461959,0.08648868
0.09268765,0.01548624,0.99557479,0.9933495,0.06715521,-0.09352507,-0.06830639,0.99762235,-0.00915879,0.26495749,0.08641732,0.10893799
0.09086255,0.01414407,0.99576291,0.99399198,0.05998202,-0.09155285,-0.06102271,0.99809915,-0.0086089,0.31654984,0.23931611,0.15137577
0.08706757,0.01545556,0.99608253,0.99482863,0.0511439,-0.08775155,-0.05229982,0.99857171,-0.01092268,0.33949959,0.31108451,0.09611717
0.09136118,-0.00170135,0.9958163,0.994901,0.04305546,-0.09120357,-0.04272009,0.99907116,0.00562633,0.15572037,0.24752784,-0.15246043
0.09532279,-0.016066,0.99531676,0.99467494,0.04089479,-0.09460121,-0.03918341,0.99903428,0.01987865,0.11230332,0.17642832,-0.18186912
0.10694093,-0.05865538,0.99253366,0.9938558,0.03495468,-0.10501762,-0.02853379,0.99766607,0.06203314,0.08962276,0.09909427,-0.13217974
0.13220364,-0.14730732,0.98021562,0.99121335,0.02390383,-0.1300946,-0.00426697,0.98880183,0.14917321,0.07223548,0.10266805,0.0053003
0.15210301,-0.21538015,0.96461197,0.98826549,0.01931091,-0.15152109,0.01400699,0.97633944,0.21578989,-0.00891506,0.13545108,-0.0031126
