0,1,2,3,4,5,6,7,8,9,10,11
0.28821618,0.95539979,-0.06436313,-0.92870841,0.26252167,-0.26188355,-0.23330678,0.13525365,0.96295088,-0.01147916,0.00218302,0.01884306
0.28836542,0.95537033,-0.06413214,-0.9286992,0.26274844,-0.26168887,-0.23315916,0.13502148,0.96301921,0.0087824,0.00823545,0.0106158
0.28837365,0.95532827,-0.06471955,-0.92877332,0.262639911,-0.261534864,-0.232853695,0.135529562,0.963021754,0.000812677492,0.0055873394,0.00531874085
0.28839209,0.95531296,-0.06486182,-0.9288002,0.26263756,-0.2614414,-0.23272322,0.13564129,0.96303756,-0.00802621,0.00577503,0.00153724
0.28857785,0.95524412,-0.06505007,-0.92881206,0.26280337,-0.26123277,-0.23244568,0.13580528,0.96308148,,,
0.28861545,0.95524538,-0.06486329,-0.9287945,0.26288684,-0.2612109,-0.23246883,0.13563416,0.9631,-0.00628352,0.00114113,-0.00193095
0.288597187,0.955263629,-0.0646760512,-0.928778512,0.262908021,-0.261246577,-0.232555515,0.135464748,0.963102918,-0.00459914282,0.000430345535,0.00696339179
0.28844885,0.95534282,-0.06416614,-0.92878208,0.2628816,-0.2612605,-0.23272526,0.13495664,0.96313325,0.0060648,-0.0095343,0.00698284
0.28829043,0.95538591,-0.06423619,-0.92879978,0.26269342,-0.26138675,-0.23285082,0.13501785,0.96309432,,,
0.28835547,0.95534935,-0.06448741,-0.92876806,0.26267988,-0.26151302,-0.23289677,0.13530254,0.96304325,-0.00261936,-0.00339961,0.00375992
0.28842035,0.9553159,-0.06469371,-0.92874744,0.26268482,-0.26158157,-0.23289897,0.13552957,0.9630108,-0.01004942,0.00445551,0.00750281
0.28852304,0.95529565,-0.06453341,-0.92875289,0.26284817,-0.26139776,-0.23274968,0.13535485,0.96307146,-0.01120633,0.01065099,0.00965904
0.28845802,0.95533528,-0.06423728,-0.92879557,0.26288035,-0.26121382,-0.23266007,0.13501251,0.96314117,-0.00896435,0.01126325,0.01127391
0.28842129,0.95539243,-0.06354837,-0.92884011,0.26305281,-0.26088158,-0.23252773,0.13427008,0.96327691,0.01040989,0.00449568,0.01511179
0.28831874,0.95541867,-0.06361878,-0.9288564,0.26292701,-0.26095025,-0.23258967,0.13432955,0.96325366,0.00555995,-0.0013231,0.00612452
0.28835547,0.95537654,-0.06408307,-0.92886652,0.2628476,-0.26099418,-0.23250367,0.1347837,0.96321098,0.00288018,-0.00425822,0.00355382
0.28864278,0.95521652,-0.06516641,-0.92881316,0.26284581,-0.26118598,-0.23236046,0.13591686,0.9630863,-0.00388441,-0.00336909,0.01180053
0.28906806,0.95499235,-0.06655307,-0.92877585,0.26292703,-0.2612371,-0.23198082,0.13732819,0.96297761,-0.01547868,-0.00225121,0.00122884
0.28933593,0.95487047,-0.06713432,-0.92878299,0.26307668,-0.26106076,-0.23161776,0.13788747,0.96298507,-0.01672205,-0.00273502,0.00112636
0.289928623,0.954651331,-0.0676916178,-0.92875673,0.263582934,-0.260643233,-0.23098107,0.138436973,0.96305916,-0.0135273533,-0.000366270542,0.00216811709
0.290169032,0.954571365,-0.0677906644,-0.928788432,0.263848614,-0.260261588,-0.230551758,0.138483049,0.963155407,0.0102343112,-0.00135588646,-0.000608221802
0.29016903,0.95457447,-0.06774581,-0.92879919,0.26386735,-0.2602039,-0.2305081,0.13842537,0.96317414,0.01658188,0.00138873,0.00123908
0.29011957,0.9545445,-0.06837697,-0.92886406,0.26367801,-0.26016429,-0.23030889,0.13899166,0.96314025,0.01075708,0.0009951,0.00820122
0.29029776,0.95437602,-0.06995468,-0.92891058,0.26347947,-0.26019941,-0.22989645,0.14051696,0.96301745,-0.00143666,0.00621819,0.0077266
0.29041405,0.95428082,-0.0707658,-0.92892784,0.26340179,-0.26021639,-0.22967967,0.14130682,0.9629536,-0.01078428,-0.00178319,0.00856745
0.29068377,0.95409118,-0.07220102,-0.92894493,0.2633296,-0.26022845,-0.229269,0.14271496,0.96284379,-0.0123515,0.00669599,0.00560677
0.29080268,0.95395517,-0.07350798,-0.92905859,0.26318072,-0.25997332,-0.228657,0.14389416,0.96281382,0.00887895,-0.0048399,0.00611896
0.291044696,0.953793425,-0.0746395832,-0.9290572,0.263149378,-0.260009811,-0.228354292,0.145018917,0.9627169,0.0205793679,-0.0109620094,0.000552866841
0.291734409,0.953282682,-0.0783779913,-0.929065079,0.262929328,-0.260204136,-0.227440235,0.14872875,0.962367235,0.0205167998,-0.00762760639,0.000303520123
0.29307522,0.95237678,-0.08417464,-0.92899498,0.26285321,-0.26053117,-0.22599827,0.15455304,0.96178903,0.00139253,-0.00492465,0.00767393
0.29378992,0.95182639,-0.08782952,-0.92899467,0.26268666,-0.26070026,-0.22506974,0.15818426,0.96141633,0.00784976,-0.00485998,0.00406867
0.29574727,0.95040048,-0.09629399,-0.92898401,0.26266255,-0.26076262,-0.22253608,0.16657542,0.96058853,0.05209158,-0.0185473,-0.00433207
0.29943005,0.94777221,-0.10986076,-0.92876515,0.26316762,-0.26103259,-0.21848766,0.18019584,0.95905818,0.07308545,-0.03907204,-0.00108742
0.301765925,0.945876396,-0.119395073,-0.92865854,0.263291383,-0.261287157,-0.215709657,0.189724815,0.957848547,0.0154898493,-0.0169245005,-0.000257674837
0.30714998,0.94122792,-0.14053057,-0.92841519,0.2639233,-0.26151419,-0.20905518,0.21079479,0.95491439,-0.09743956,0.00930309,0.00567123
0.31320177,0.93604886,-0.16036577,-0.92785679,0.26561074,-0.26178752,-0.20245104,0.23078878,0.95170905,-0.10766928,0.05636108,-0.01283918
0.3165584,0.93331892,-0.1694301,-0.92741165,0.26700172,-0.26194983,-0.1992446,0.24005387,0.95009248,-0.10626302,0.06512213,-0.01764402
0.32467695,0.92707466,-0.18739623,-0.92603071,0.27125811,-0.26246153,-0.19248872,0.25874987,0.94657096,-0.07378489,0.05018318,-0.00963288
0.33462513,0.91926019,-0.20733255,-0.92408524,0.27698891,-0.26333185,-0.18464166,0.2797104,0.94216217,-0.13577479,0.04536569,-0.01085322
0.34031078,0.91470642,-0.21794668,-0.92286343,0.28045497,-0.26394721,-0.18030997,0.2909591,0.93959093,-0.15633994,0.05846751,-0.01443693
0.35265997,0.90474243,-0.23889762,-0.92001627,0.28861791,-0.26508443,-0.170883,0.31327437,0.93416175,-0.19748317,0.08623075,-0.00149286
0.36618602,0.89371514,-0.25919281,-0.91653265,0.2982495,-0.26648637,-0.16085882,0.33514227,0.92833404,-0.2442752,0.08372867,0.00570188
0.37357489,0.88781336,-0.26875491,-0.91444295,0.30385452,-0.26733215,-0.15567867,0.34562961,0.92536713,-0.21948738,0.07052338,0.01203096
0.39015172,0.87472052,-0.28748156,-0.90929262,0.31693165,-0.26970586,-0.14480524,0.36663107,0.91902835,-0.20765272,0.04728603,0.02514698
0.40883254,0.85966171,-0.30632929,-0.90292142,0.33224526,-0.27266452,-0.13262282,0.38806541,0.9120397,-0.23613717,0.06979907,0.01628694
0.4187536,0.85169894,-0.31504654,-0.89929993,0.34075854,-0.27412267,-0.1261152,0.39811118,0.90862668,-0.20712137,0.06719959,0.01569983
0.43968206,0.83463001,-0.33177159,-0.89105447,0.35900352,-0.27773792,-0.11270125,0.41774294,0.90154825,-0.15582651,0.04952836,0.02797126
0.46211193,0.81478116,-0.35012013,-0.88128765,0.37788651,-0.28378465,-0.09891676,0.43969684,0.89268255,-0.1342847,0.04838264,0.01768257
0.47389279,0.80362587,-0.3600152,-0.87579696,0.38756257,-0.28770606,-0.09167967,0.45164207,0.88747634,-0.13025737,0.06181192,0.0157459
0.49815213,0.77941225,-0.37994883,-0.86371719,0.407429,-0.2966384,-0.07640138,0.47593936,0.87615328,-0.15293762,0.09312332,0.0088303
0.52296085,0.75346182,-0.39850628,-0.85019783,0.42785822,-0.30675891,-0.06062693,0.49923207,0.86434468,-0.11565665,0.09744239,0.01622705
0.53568348,0.73960498,-0.40746484,-0.8427838,0.4382695,-0.31246634,-0.05252229,0.51078784,0.8581009,-0.09245817,0.08998156,0.02664684
0.56143828,0.70953301,-0.42585196,-0.82672965,0.45846507,-0.32607941,-0.03612589,0.53513792,0.84399189,-0.13093232,0.09035707,0.00690685
0.58712507,0.67772786,-0.44268384,-0.80925491,0.4780573,-0.3414199,-0.01976161,0.55870029,0.82913414,-0.12196451,0.10449886,0.00497033
0.5997525,0.66169184,-0.44995656,-0.8001019,0.48776449,-0.34917448,-0.01157304,0.56942935,0.82195882,-0.07748895,0.10311091,0.0348447
0.62501134,0.62762567,-0.46416255,-0.78060091,0.50616627,-0.36668507,0.00480247,0.59150803,0.80628481,-0.03589404,0.12206268,0.03971501
0.64980829,0.5909173,-0.47808562,-0.75980051,0.52257623,-0.38680378,0.02126709,0.61459803,0.7885537,-0.0826472,0.16216028,-0.02595863
0.66195563,0.57262258,-0.48365081,-0.74896207,0.53071724,-0.3967304,0.02950502,0.62485404,0.78018387,-0.06131282,0.15639424,-0.0066037
0.68583356,0.53581277,-0.49248046,-0.72631151,0.54659266,-0.416783,0.04586856,0.64353799,0.76403857,-0.03703941,0.13781607,0.00406088
0.70906813,0.4980033,-0.49921446,-0.70247405,0.5603879,-0.43874317,0.06125817,0.66178401,0.74718762,-0.05531346,0.14395833,-0.02963777
0.72031362,0.47928594,-0.50143115,-0.69021762,0.56705818,-0.44949365,0.06890459,0.66987305,0.73927139,-0.02794466,0.12480068,0.00327904
0.74215747,0.44073598,-0.50492973,-0.66483973,0.57943199,-0.4714304,0.08479606,0.68557296,0.72304861,0.01227377,0.10808873,0.03841786
0.76306459,0.39979231,-0.50783712,-0.63836415,0.58911516,-0.49541352,0.10111204,0.70221753,0.70474599,0.01435599,0.1609596,0.00369682
0.77311848,0.37884029,-0.50869223,-0.62478684,0.5929899,-0.50794122,0.10922071,0.71052298,0.69514592,0.01094798,0.16578519,-0.02203155
0.792430614,0.337695706,-0.507952109,-0.597031551,0.599976361,-0.532523914,0.124928231,0.725251682,0.677054618,-0.00629356923,0.122029305,0.000232065213
0.81068875,0.29752163,-0.50424658,-0.56858614,0.60546646,-0.55688432,0.13961925,0.73816748,0.66001153,0.02047712,0.13504505,-0.03563221
0.8193917,0.27790361,-0.50136496,-0.55409458,0.60809714,-0.56850423,0.14688921,0.74363125,0.65225463,0.04954723,0.1490041,-0.03533436
0.83566906,0.23980114,-0.49411801,-0.52503565,0.61288213,-0.59051925,0.16122888,0.75290825,0.6380708,0.07995626,0.10900092,-0.00120487
0.85068839,0.20165917,-0.48545117,-0.49563924,0.61536809,-0.61291424,0.17513139,0.76200768,0.62343669,0.06830451,0.08937764,0.01600777
0.85765188,0.18236835,-0.48080663,-0.48089001,0.61563162,-0.62429355,0.18214835,0.76664166,0.61569675,0.05274282,0.09879279,0.01086014
0.87093756,0.14393256,-0.46984164,-0.45080657,0.61453605,-0.64739388,0.19555355,0.77564735,0.60010828,0.04545885,0.06632292,-0.02787996
0.88345279,0.10681588,-0.45618145,-0.41985219,0.61260835,-0.66965297,0.20793097,0.78313557,0.58605744,0.06265489,0.05598319,-0.00586816
0.88931966,0.08886854,-0.44856762,-0.40419088,0.61153915,-0.68018347,0.21386973,0.78620748,0.57977365,0.08440457,0.03313363,0.01026865
0.90010061,0.05292035,-0.43245618,-0.3728301,0.60713591,-0.70170062,0.22542544,0.79283382,0.5662137,0.13758653,0.00229043,0.04807132
0.90943518,0.01646004,-0.41551982,-0.34175948,0.59885309,-0.7242758,0.23691372,0.80068973,0.55024345,0.10263146,-0.00314969,-0.02492815
0.91371483,-0.00116817,-0.40635432,-0.32625769,0.59402071,-0.73531987,0.24224186,0.80444889,0.54238441,0.09944268,0.03561544,-0.03802458
0.92127124,-0.03402867,-0.38742916,-0.29591898,0.58508161,-0.75505726,0.25237128,0.81026018,0.52894913,0.11383481,0.00589842,0.03728371
0.93068438,-0.08230616,-0.35644396,-0.25072783,0.56600181,-0.78535186,0.26638722,0.82028512,0.5061326,0.10145567,-0.0275076,-0.02134651
0.93553602,-0.11216511,-0.33494976,-0.22159605,0.55207759,-0.80380688,0.27507734,0.82621383,0.49163313,0.09784661,0.02035725,-0.03637073
0.9394973,-0.13847641,-0.31331948,-0.19343122,0.54042309,-0.81885721,0.28271748,0.82991991,0.48094037,0.13713293,0.00480843,0.02101658
0.94102604,-0.15093805,-0.30279978,-0.17985771,0.53486796,-0.82557102,0.28656798,0.8313447,0.4761773,0.11196057,-0.02580082,0.04307641
0.94334822,-0.17488298,-0.28197531,-0.15359565,0.52312599,-0.8383004,0.29411308,0.83411937,0.46662871,0.04923768,-0.04426271,-0.01957459
0.94508796,-0.19692435,-0.26082476,-0.12772222,0.51205693,-0.84940261,0.30082518,0.8360733,0.45878722,0.09553647,-0.03319514,0.03155308
0.9457567,-0.2072634,-0.25017219,-0.11497541,0.50668128,-0.85443233,0.30385012,0.83684875,0.45536702,0.11525988,-0.04784381,0.05589857
0.94657091,-0.22752194,-0.22855473,-0.09016991,0.49372087,-0.86493293,0.30963347,0.83932911,0.44682618,0.11168539,-0.05749881,0.02121256
0.94661789,-0.24680157,-0.20737301,-0.0664446,0.48010218,-0.87469252,0.31543572,0.8417784,0.43807468,0.04559369,-0.03378767,-0.00517007
0.94649762,-0.25570314,-0.19687092,-0.05480635,0.47382381,-0.87891254,0.31802283,0.8426784,0.43445895,0.04909997,-0.03766716,0.01090724
0.9460387,-0.27231328,-0.17565948,-0.03185256,0.46130143,-0.88667152,0.3224844,0.84442078,0.42773513,0.07661124,-0.05261999,0.03351449
0.94520545,-0.28766122,-0.15439453,-0.00964985,0.44808917,-0.89393673,0.32633346,0.84644374,0.42076044,0.07884543,-0.04754412,0.00197092
0.94463986,-0.29470729,-0.14423295,0.00098438,0.44213211,-0.89694939,0.32810754,0.84715216,0.41794572,0.0599644,-0.04658049,0.00897087
0.94336642,-0.30769917,-0.12402021,0.02196519,0.43094438,-0.90211112,0.33102466,0.84829722,0.41329713,0.06810091,-0.02404237,0.03587514
0.94186216,-0.31947578,-0.1040716,0.04233635,0.42010832,-0.90648588,0.33332163,0.84937874,0.40920957,0.05667666,-0.01759475,0.00819079
0.94101579,-0.32496465,-0.0942722,0.0523647,0.4151206,-0.90825808,0.33428612,0.84974866,0.40765172,0.05872332,-0.02167618,0.02879509
0.93903493,-0.33560242,-0.07472893,0.07202814,0.40454314,-0.91167804,0.33619242,0.85071495,0.40405295,0.02601163,-0.04077715,0.06035001
0.93676274,-0.34575835,-0.05409942,0.09146143,0.39108749,-0.91579771,0.3378023,0.85293716,0.39797974,0.05599778,-0.0213607,0.014364
0.9355611,-0.3504045,-0.0440694,0.10071422,0.38431702,-0.91769113,0.33849974,0.8541177,0.39484277,0.05537565,-0.00505406,-0.01685884
0.93307513,-0.35884343,-0.02453963,0.11905042,0.37249784,-0.92036537,0.33940802,0.85584858,0.39028893,0.05167821,-0.01049662,-0.00474222
0.93053704,-0.36615725,-0.00544919,0.13722622,0.36246003,-0.9218415,0.33951405,0.85705989,0.38752886,0.03136942,-0.01907361,0.00206136
0.92916631,-0.36963724,0.00427405,0.14642525,0.35740728,-0.92239884,0.3394254,0.85768775,0.38621503,0.03519275,-0.03180647,0.02810061
0.92611504,-0.37650161,0.02361073,0.16467905,0.34717963,-0.92322649,0.33939909,0.85890214,0.3835302,0.04545847,-0.00969291,0.01606211
0.92276666,-0.38297052,0.04283991,0.1825489,0.33651122,-0.92381596,0.33937822,0.86028694,0.3804322,0.0235769,0.00379133,-0.01015409
0.92100232,-0.38602055,0.05237221,0.19143035,0.33138827,-0.9238702,0.33927737,0.86091223,0.37910542,0.03526642,0.00501597,-0.01357408
0.91729762,-0.39172131,0.07155057,0.20916497,0.32109055,-0.92366167,0.33884375,0.86223853,0.37646997,0.04755398,-0.0122413,0.00845346
0.91334547,-0.39702314,0.09040278,0.2264704,0.31080023,-0.92310039,0.33839503,0.86358311,0.37378198,0.04567704,0.00758857,-0.02387473
0.91129172,-0.39959588,0.09935043,0.23491245,0.30637457,-0.92246985,0.33817675,0.86397779,0.37306667,0.03351061,0.01407087,-0.02190394
0.906953768,-0.404778928,0.116571361,0.251662942,0.298774698,-0.920543015,0.337787842,0.864226647,0.372842694,0.034576226,0.00033301115,0.0116702551
0.90218061,-0.40997074,0.1341422,0.26835367,0.28995794,-0.91864613,0.33772244,0.86478228,0.37161158,0.02859208,-0.01507258,0.03692476
0.89962379,-0.41247516,0.14332225,0.27660387,0.28432067,-0.9179608,0.33788655,0.86546287,0.36987387,0.03078081,-0.00485253,0.00422581
0.88859745,-0.42216438,0.17936502,0.30949208,0.26321428,-0.91374663,0.33853984,0.86746498,0.36454807,0.03698163,0.01073539,-0.01242704
0.88570122,-0.42436368,0.18827853,0.31772696,0.258374,-0.91230062,0.33850098,0.86784694,0.36367395,0.03759322,-0.00692111,0.00439998
0.8798049,-0.42840503,0.20594288,0.33393344,0.24872573,-0.90918862,0.33827769,0.86867981,0.36188888,0.03182206,0.01198339,0.00178099
0.8737198,-0.43203667,0.22351289,0.34999629,0.2392555,-0.90568169,0.33781104,0.86954071,0.36025351,0.0426057,0.02355146,-0.01034307
0.8705671,-0.4338351,0.23216381,0.358085,0.23498715,-0.903635,0.33747306,0.86980928,0.35992192,0.03638498,0.01814127,-0.02542957
0.86387233,-0.43761544,0.24943401,0.37478135,0.2275603,-0.89875208,0.33654649,0.86989027,0.36059315,0.0552362,0.00856793,-0.01293822
0.8569336,-0.44124999,0.26638924,0.39146744,0.22097521,-0.89326541,0.33528798,0.86975185,0.36209611,0.0542438,0.01880085,0.03868754
0.85335203,-0.44290036,0.27500828,0.39969295,0.21713008,-0.89056157,0.33471753,0.86988139,0.36231258,0.04724162,0.02505648,0.06480453
0.84596916,-0.4456095,0.29286234,0.4159572,0.20782976,-0.8853171,0.33364022,0.87076916,0.36117205,0.0418198,0.02223456,-0.01219378
0.83832226,-0.4479125,0.31078958,0.43259463,0.1995975,-0.87921705,0.33177952,0.87151313,0.36109159,0.05106228,0.00716454,-0.00699011
0.83433966,-0.44906213,0.31971941,0.4409648,0.19565101,-0.87593983,0.33079804,0.87181634,0.36126002,0.03994732,-0.00957125,0.02883519
0.82597661,-0.45138834,0.3376554,0.45729506,0.18630588,-0.86958102,0.32961163,0.87266172,0.360302,0.00481718,-0.00319892,0.04409154
0.81695339,-0.45315453,0.35670456,0.47393872,0.17513189,-0.86296637,0.32858676,0.8740594,0.35784206,0.02526755,-0.02922571,-0.00290084
0.81225404,-0.45368419,0.36662518,0.48256084,0.16955177,-0.85929459,0.32768644,0.87488446,0.35664934,0.05781424,-0.03197718,-0.02787138
0.80272709,-0.45465394,0.38590025,0.49966567,0.15955148,-0.85139739,0.32552024,0.87626086,0.35525126,0.03419672,-0.0522325,-0.01400565
0.78825716,-0.45696473,0.41210907,0.52399757,0.14735595,-0.8388759,0.32260997,0.87719408,0.35560279,0.02827868,-0.03665948,0.00429689
0.77823488,-0.45847371,0.4291297,0.53986315,0.13938907,-0.83013155,0.32077754,0.87770864,0.35599052,0.0260271,-0.05836684,0.02583967
0.767915683,-0.459155742,0.446633522,0.555335002,0.129727342,-0.821446182,0.319231161,0.878832634,0.354604921,0.00027619116,-0.051794827,0.0298938863
0.76283802,-0.45919301,0.45521418,0.56266167,0.12455766,-0.81724982,0.31857497,0.8795608,0.35338761,0.01126403,-0.06388324,-0.00640424
0.75285979,-0.45972821,0.47101181,0.57684722,0.11627767,-0.80853376,0.3169376,0.88041441,0.3527337,0.04070395,-0.06558555,-0.04569187
0.74327077,-0.4612003,0.48460585,0.59022205,0.11106055,-0.7995645,0.31493884,0.88031798,0.35475868,0.01130517,-0.07701308,0.05540761
0.73852241,-0.4617477,0.49129793,0.59656034,0.10797664,-0.79527141,0.31416613,0.88041463,0.35520359,-0.00699654,-0.08490676,0.09322061
0.72923807,-0.46112065,0.50554881,0.60847886,0.09905211,-0.78736409,0.31299414,0.88179163,0.35281472,0.01413895,-0.0558514,0.02587934
0.72041032,-0.45920546,0.51974929,0.61955405,0.08928873,-0.77985919,0.31170782,0.88383138,0.34882711,0.02941907,-0.0216459,0.03105329
0.71619223,-0.45796938,0.52662385,0.62468844,0.08421683,-0.7763193,0.31117998,0.88496969,0.34640368,0.01713428,-0.02078903,0.03358445
0.70803207,-0.45520548,0.53988752,0.63425528,0.07376313,-0.76959677,0.3105009,0.88732571,0.34094316,0.02224172,-0.00345236,0.03717342
0.69985593,-0.45209847,0.55299965,0.64353508,0.0631495,-0.76280707,0.30994231,0.88972973,0.33513682,0.04858664,-0.0047906,0.00679066
0.68745214,-0.44594255,0.57318823,0.65757533,0.04724351,-0.75190598,0.30822751,0.89381383,0.32571852,0.02805471,-0.01229787,0.03711515
0.67898604,-0.44027842,0.58748007,0.66704065,0.03572666,-0.74416413,0.30665076,0.89715016,0.31794154,0.02781462,0.0022139,-0.0036826
0.67463047,-0.43709963,0.59482567,0.67196539,0.03014398,-0.7399687,0.30550971,0.89890771,0.31405193,0.04160757,0.00278479,-0.00756405
0.66577201,-0.43070018,0.60929873,0.68191835,0.01975004,-0.73116153,0.30287778,0.90227888,0.30685142,0.03748526,0.02539718,0.01579074
0.65658463,-0.42428805,0.62359941,0.6919456,0.00979276,-0.72188311,0.3001797,0.90547423,0.30001408,0.08668041,0.0323838,0.00608492
0.651986295,-0.420819843,0.630733257,0.696960596,0.00502633475,-0.717091632,0.298596231,0.907130168,0.296572032,0.0607960373,0.025793314,-4.64776531e-05
0.64236219,-0.41293087,0.64564615,0.70730271,-0.00498486,-0.7068933,0.29511647,0.9107488,0.288865,0.05615671,0.03747594,0.01284939
0.632392916,-0.403853902,0.661045573,0.717760409,-0.0154979953,-0.696117716,0.291374705,0.914692246,0.280069498,0.0804922134,0.000800073147,-0.0478693768
0.62710649,-0.39959417,0.66862691,0.72314286,-0.02034947,-0.69039864,0.28948548,0.91646625,0.27620239,0.06147305,0.00927031,-0.0526
0.61606748,-0.39167862,0.68340961,0.73407143,-0.02915415,-0.6784461,0.28565709,0.91964005,0.26955919,0.03150614,-0.00332487,-0.03415363
0.60415115,-0.38444641,0.69799881,0.74519155,-0.03773403,-0.665782,0.28229582,0.92237578,0.26368917,0.05024258,-0.00508827,-0.04990725
0.59796218,-0.38124154,0.70505046,0.7507652,-0.04165005,-0.65925485,0.28070069,0.92353681,0.2613177,0.01611272,0.00235593,-0.05618386
0.58490278,-0.37562153,0.71888603,0.76205467,-0.04904573,-0.64565239,0.27777932,0.92547436,0.25755723,0.03006466,-0.0309785,-0.04568791
0.57155391,-0.37019997,0.73231015,0.77301252,-0.05647715,-0.63187188,0.27527769,0.92723375,0.25388944,0.01267335,-0.0221647,0.00251297
0.56490796,-0.36725835,0.73891832,0.77825312,-0.06046624,-0.6250327,0.27422811,0.92815144,0.25166211,0.00685404,-0.03009677,0.03152084
0.55140493,-0.35942188,0.75284031,0.78847785,-0.07023702,-0.61103968,0.27249826,0.9305282,0.24466713,0.00658228,-0.08046818,0.01384554
0.53776141,-0.34956948,0.7672117,0.79839004,-0.08124654,-0.59663406,0.27089842,0.93338097,0.23540159,0.01956601,-0.03564608,-0.005012
0.531245665,-0.344546922,0.773993143,0.802933144,-0.0867434788,-0.589723459,0.270326345,0.934752807,0.230566111,0.0242829211,-0.000795006752,0.00288441358
0.51898653,-0.33425124,0.78672043,0.811219,-0.09747335,-0.57656097,0.26940055,0.93742996,0.22056364,0.04874868,-0.02627647,0.03476272
0.50664569,-0.32224285,0.79966848,0.81930529,-0.10881639,-0.56293678,0.2684194,0.94038212,0.20888392,0.02641681,-0.0403114,0.03441078
0.50045,-0.31551236,0.80622685,0.82335011,-0.11445933,-0.55587195,0.26766467,0.94199309,0.20249598,0.03480272,-0.02758563,-0.01069201
0.48813965,-0.30256563,0.81864133,0.83127452,-0.12458828,-0.5417197,0.26589897,0.94495058,0.1906987,0.04556121,-0.04746199,0.01029745
0.47660477,-0.29061335,0.82969373,0.83865187,-0.13274051,-0.52824504,0.26364912,0.94758834,0.18045874,0.0396053,0.02745461,0.00603641
0.47109917,-0.28508377,0.8347412,0.84227545,-0.13568555,-0.52169108,0.26198793,0.94885024,0.17619767,0.06402145,-0.04217523,0.07231852
0.45939211,-0.27159668,0.84569147,0.84987463,-0.14237355,-0.50738817,0.2582091,0.95182188,0.1654179,0.06711826,-0.03745377,0.03105053
0.44669168,-0.25650795,0.85712908,0.85818931,-0.14800038,-0.49153544,0.25293814,0.95514378,0.15402181,0.0087009,-0.0506438,-0.00364882
0.44029545,-0.25029522,0.86225989,0.86242171,-0.14922473,-0.48369469,0.24973708,0.95660026,0.15015714,0.0504025,-0.05257893,0.01098907
0.42772771,-0.24064749,0.87128511,0.87081409,-0.14872856,-0.46857502,0.24234643,0.95914989,0.14594393,0.10669623,-0.07176477,0.05663555
0.41462037,-0.23135649,0.88009322,0.87955357,-0.14617034,-0.45279096,0.2333997,0.96182551,0.14288527,0.0527355,-0.06333017,0.06168605
0.40769343,-0.22630511,0.88463102,0.8841184,-0.14438882,-0.44439453,0.22829959,0.9632953,0.14121414,0.0092926,-0.01679182,0.0341806
0.39396915,-0.21661751,0.89323294,0.89296301,-0.14000592,-0.42780281,0.21772755,0.96616512,0.13827347,0.06509844,-0.05471671,0.0429389
0.38120271,-0.20686292,0.90105059,0.90098979,-0.13523509,-0.41222419,0.2071276,0.96897838,0.13482944,0.03338653,-0.03170443,0.04291438
0.3744403,-0.20136276,0.90512288,0.9050487,-0.13296246,-0.40398973,0.20169591,0.97045035,0.13245665,0.00165611,-0.03606284,0.02009582
0.3599942,-0.1892549,0.91355712,0.91324773,-0.12871457,-0.38653704,0.19074227,0.97345512,0.12650021,-0.00440624,-0.06609786,0.01817701
0.34638607,-0.17760706,0.92112566,0.92055281,-0.12463257,-0.37020175,0.18055265,0.97617752,0.12032566,0.01370372,-0.02321976,-0.06231814
0.33986146,-0.17254522,0.92451192,0.92388839,-0.12255623,-0.36250536,0.1758533,0.97734745,0.11776042,-0.00677469,-0.00206375,-0.01033368
0.32692368,-0.16266272,0.93094663,0.9300806,-0.11926045,-0.34745766,0.16754362,0.97944759,0.11230046,0.00154225,-0.0169009,0.03349643
0.31404836,-0.1507111,0.93736856,0.93576399,-0.11764061,-0.33242517,0.16037275,0.98155331,0.10408516,0.04050513,-0.09056187,0.02147653
0.30827172,-0.14363353,0.94039241,0.93827188,-0.11712324,-0.3254657,0.15688964,0.98267566,0.09866156,-0.00968775,-0.06804949,-0.03994629
0.28662248,-0.11245624,0.95142061,0.94715537,-0.11603536,-0.29905274,0.14402876,0.98685836,0.07325517,0.02380544,-0.04375917,-0.02900335
0.28159863,-0.10477909,0.9537943,0.94909665,-0.11578725,-0.29293151,0.14113031,0.98773208,0.06683995,0.01974685,-0.0799495,-0.02898972
0.27110129,-0.0898137,0.95835148,0.9529787,-0.11501935,-0.28036066,0.13540921,0.9892947,0.05440867,-0.05809984,-0.10074747,-0.00110075
0.26058269,-0.07527509,0.96251249,0.95676385,-0.11330919,-0.26788789,0.12922682,0.99070411,0.04249409,-0.07903766,-0.03694493,-0.10567402
0.25526987,-0.06961775,0.96436018,0.95863263,-0.11169267,-0.26181687,0.12593914,0.99130114,0.03822614,-0.03415834,-0.06946921,-0.0612853
0.24546613,-0.06046821,0.96751746,0.96203684,-0.10762657,-0.25080217,0.1192961,0.99235084,0.03175393,-0.08553343,-0.07487851,-0.03549782
0.230305619,-0.0493231305,0.971867511,0.966923529,-0.100911811,-0.234255339,0.109627182,0.993671929,0.0244511917,-0.0439768136,-0.0633407831,-0.000461177435
0.22206504,-0.04211874,0.97412168,0.96947037,-0.09701702,-0.22519944,0.10399155,0.99439107,0.01928883,-0.04635694,-0.0283103,0.03287235
0.2151667,-0.03272272,0.97602892,0.97152848,-0.09432396,-0.21733688,0.09917481,0.99500358,0.01149571,-0.02550136,-0.04316938,0.04970333
0.21185439,-0.02663016,0.97693834,0.9724843,-0.09338188,-0.21343396,0.09691214,0.99527413,0.00611407,-0.01604277,-0.04878747,-0.00518036
0.200148737,-0.000180246116,0.97976552,0.975741211,-0.0905061768,-0.199343307,0.0887107465,0.995895894,-0.0179388363,-0.0233929344,-0.0200072527,-0.0348152667
0.19698464,0.00664581,0.98038404,0.97657107,-0.08969656,-0.19561047,0.08663709,0.99594696,-0.02415895,-0.01673748,-0.015939,-0.05938878
0.18950283,0.01901181,0.98169606,0.97843414,-0.08734768,-0.18718151,0.08219026,0.9959964,-0.03515439,-0.0183556,-0.02701008,-0.04552808
0.17687091,0.0335182,0.98366305,0.98134842,-0.08247865,-0.17364413,0.0753111,0.99602888,-0.047481,0.0060792,-0.01603341,-0.01469601
0.1682717,0.04156569,0.98486384,0.9832205,-0.07847368,-0.16467889,0.07044099,0.99604919,-0.05407306,0.02667115,-0.03669572,-0.01314483
0.15987927,0.0507507,0.98583101,0.98494205,-0.07475463,-0.15588659,0.06578421,0.99590955,-0.06193811,0.00708177,-0.0218811,0.05700258
0.15571856,0.05638686,0.98619072,0.98575109,-0.07316238,-0.15146591,0.06361144,0.99572469,-0.06697609,0.02071254,-0.01890939,0.0172529
0.14752529,0.06748271,0.98675337,0.98729728,-0.06955453,-0.14284976,0.05899338,0.99529295,-0.07688647,-0.01653614,-0.01546264,-0.05903543
0.139281863,0.0769169517,0.987261012,0.988752633,-0.0656585184,-0.134376857,0.0544862611,0.994873204,-0.08519686,-0.022040097,-0.00254809856,0.000525643583
0.135199511,0.0813094366,0.987476425,0.989431416,-0.0637924374,-0.130214355,0.052405979,0.994645204,-0.0890747311,-0.000254228595,0.000559270382,0.0107236532
0.1273605,0.08971477,0.98779076,0.99067985,-0.06000176,-0.12228343,0.04829854,0.99415847,-0.09652047,-0.00386201,-0.0030967,-0.02078203
0.11519797,0.10252248,0.98803773,0.99243979,-0.05427485,-0.11007945,0.04233999,0.99324889,-0.10799974,0.00579225,-0.00800169,0.00754087
0.10808834,0.110759067,0.987952064,0.993386607,-0.0507474107,-0.102993598,0.038728568,0.992550785,-0.11551175,4.85845376e-05,-0.0371351242,-0.0134167969
0.10096891,0.11896617,0.98775112,0.9942677,-0.04716354,-0.09595456,0.03517053,0.99177749,-0.12304624,-0.01728634,-0.03658456,-0.01325429
0.09738792,0.12282002,0.987639,0.99468289,-0.04540307,-0.09243627,0.03348884,0.99138981,-0.12658866,-0.00316754,-0.01939476,-0.00660058
0.09075935,0.13031156,0.98731024,0.99540887,-0.04212782,-0.08594344,0.03039387,0.99057761,-0.13353672,-0.00217096,-0.02352047,0.00117515
0.08379393,0.13783536,0.98690416,0.99611308,-0.03857031,-0.07918881,0.02715027,0.98970377,-0.14053148,-0.0228329,-0.07459033,-0.02269707
0.07356796,0.14939649,0.98603673,0.99704798,-0.03280762,-0.06941874,0.02197861,0.98823293,-0.15136905,-0.02780632,-0.01016629,-0.02381109
0.06730717,0.15539351,0.98555692,0.99756067,-0.02879789,-0.06358627,0.01850115,0.98743271,-0.15695269,-0.04357535,-0.02836025,-0.01966402
0.06420946,0.15767285,0.98540157,0.9977932,-0.02686873,-0.06071758,0.01690306,0.98712571,-0.15905006,-0.04485545,-0.03067815,-0.01613496
0.05371613,0.1643216,0.9849431,0.99850214,-0.01910315,-0.05126851,0.01039104,0.98622178,-0.16510158,-0.05875248,-0.0373801,-0.01132696
0.04810339,0.16860311,0.98450958,0.99882876,-0.01326832,-0.04653078,0.00521753,0.98559474,-0.16904391,-0.05494609,-0.02441126,0.00591214
0.04169585,0.17030113,0.9845095,0.99912793,-0.00494425,-0.04145969,-0.00219296,0.98537965,-0.17035876,-0.06847013,-0.04421705,-0.01640801
0.04035224,0.16799961,0.98496083,0.99915027,0.00149594,-0.04118871,-0.00839313,0.98578593,-0.16779649,-0.03579223,0.00488365,-0.01418796
0.04051481,0.1670175,0.98512105,0.99912403,0.00355334,-0.041693,-0.01046382,0.98594741,-0.16672714,-0.01730212,-0.0231418,-0.01492382
0.04071464,0.16677945,0.9851532,0.9991064,0.0043959,-0.04203544,-0.01134123,0.98598438,-0.16645139,-0.02712877,-0.00472862,-0.02641777
0.04110593,0.16638939,0.98520296,0.99906895,0.00608021,-0.04271134,-0.01309695,0.98604138,-0.16598454,-0.02799974,-0.02608538,-0.03069356
0.04238276,0.16411337,0.98553052,0.99899813,0.00722165,-0.04416444,-0.01436508,0.986415,-0.16364284,0.00938118,0.01977813,-0.02268976
0.0457051553,0.159585728,0.986125388,0.998797503,0.0102225691,-0.0479467202,-0.0177322693,0.987131063,-0.15892654,-0.000662968028,-0.00467461348,-0.0256848354
0.04761166,0.15753607,0.98636487,0.99868027,0.01153382,-0.05004832,-0.01926104,0.98744595,-0.15677908,0.02665798,0.00941408,-0.02594059
0.04970545,0.15311711,0.98695721,0.99856532,0.01208713,-0.05216527,-0.01991688,0.98813413,-0.15229664,0.02757913,-0.00365376,-0.03076711
0.04950105,0.15211798,0.98712193,0.99858729,0.01157362,-0.05185948,-0.0193133,0.98829454,-0.15133015,0.01874273,-0.04474318,-0.02796723
0.04950105,0.15211798,0.98712193,0.99858729,0.01157362,-0.05185948,-0.0193133,0.98829454,-0.15133015,0.01874273,-0.04474318,-0.02796723
0.04950105,0.15211798,0.98712193,0.99858729,0.01157362,-0.05185948,-0.0193133,0.98829454,-0.15133015,0.01874273,-0.04474318,-0.02796723
0.04950105,0.15211798,0.98712193,0.99858729,0.01157362,-0.05185948,-0.0193133,0.98829454,-0.15133015,0.01874273,-0.04474318,-0.02796723
0.04950105,0.15211798,0.98712193,0.99858729,0.01157362,-0.05185948,-0.0193133,0.98829454,-0.15133015,0.01874273,-0.04474318,-0.02796723
0.04673848,0.14793601,0.98789184,0.99870433,0.01300476,-0.04919739,-0.02012528,0.98891135,-0.14713645,0.00415907,-0.01776659,0.01163326
0.04673848,0.14793601,0.98789184,0.99870433,0.01300476,-0.04919739,-0.02012528,0.98891135,-0.14713645,0.00415907,-0.01776659,0.01163326
0.04673848,0.14793601,0.98789184,0.99870433,0.01300476,-0.04919739,-0.02012528,0.98891135,-0.14713645,0.00415907,-0.01776659,0.01163326
0.04602501,0.14624806,0.9881768,0.99871449,0.0142992,-0.04863217,-0.02124259,0.98914469,-0.14540201,-0.00766395,-0.01178956,-0.01115316
0.04558459,0.14518178,0.9883542,0.99872922,0.01465833,-0.04821614,-0.02148759,0.98929627,-0.14432899,-0.00830951,-0.02162337,0.00711806
0.0454727466,0.143910785,0.988545284,0.998722029,0.0152979413,-0.0481678395,-0.0220545101,0.989472343,-0.143031175,-0.00860717054,-0.000520467758,-0.0048253946
0.0454307,0.1430204,0.98867646,0.99871585,0.01570883,-0.04816439,-0.0224194,0.98959503,-0.14212305,0.00674286,-0.02604115,0.01296364
0.04635465,0.1398684,0.98908442,0.99862173,0.0179084,-0.04933404,-0.02461315,0.9900081,-0.13884545,0.00821482,-0.02341831,-0.00405149
0.04659272,0.13941495,0.98913736,0.99859443,0.01854602,-0.04965225,-0.0252669,0.99006043,-0.13835494,0.00699776,-0.01642799,-0.00927193
0.04725762,0.13833685,0.98925704,0.99853118,0.01972806,-0.05045933,-0.02649644,0.99018866,-0.13720129,0.00698866,-0.00920582,-0.00357905
0.04843972,0.13692642,0.98939615,0.99843568,0.02105557,-0.05179624,-0.02792457,0.99035742,-0.13569229,0.02029625,-0.00313359,-0.01059857
0.04966279,0.13492027,0.98961105,0.99833246,0.02248484,-0.05316592,-0.02942436,0.99060125,-0.13357858,0.01719055,-0.01427889,-0.00639064
0.05109488,0.13405812,0.98965528,0.99823343,0.02322733,-0.05468403,-0.03031781,0.99070114,-0.13263444,0.0174495,-0.00501692,-0.00190863
0.0516813069,0.133731341,0.989669113,0.998191833,0.0235403436,-0.0553073029,-0.0306934616,0.990737989,-0.132272929,0.0177759062,0.000737071037,-0.00356984092
0.0523444,0.13357474,0.98965537,0.998148,0.02375791,-0.05600016,-0.03099229,0.99075388,-0.13208373,0.01010049,-0.00407887,0.0056507
0.05325847,0.13375466,0.98958225,0.99810025,0.02360573,-0.0569074,-0.03097134,0.99073319,-0.13224327,0.02471796,0.00310528,-0.00242555
0.05453426,0.13372095,0.98951739,0.99803553,0.02330689,-0.05815332,-0.03083887,0.99074489,-0.13218722,0.02307959,-0.010391,0.01191378
0.05537735,0.13414459,0.98941326,0.99800295,0.0227229,-0.05893889,-0.03038868,0.99070122,-0.13261836,0.01819274,-0.01767606,0.01206031
0.05569111,0.13453005,0.98934319,0.99798834,0.0225614,-0.0592455,-0.03029115,0.99065252,-0.13300286,0.02079677,-0.01213467,-0.00731316
0.05604636,0.13522224,0.98922886,0.99796459,0.02260159,-0.05963081,-0.03042155,0.99055747,-0.13368027,0.0160354,-0.00340271,0.01441737
0.05643642,0.1357774,0.98913048,0.99794772,0.02234351,-0.06000639,-0.03024799,0.99048722,-0.13423762,0.01635648,-0.01534653,0.00817277
0.05671454,0.13642448,0.98902558,0.99792955,0.02234711,-0.06030752,-0.03032918,0.99039827,-0.13487453,0.0231914,-0.01504117,0.0099696
0.05674187,0.13665286,0.98899254,0.99791323,0.02280945,-0.06040528,-0.03081287,0.9903563,-0.1350734,0.01599123,-0.01265991,0.01491312
0.05661609,0.13699918,0.98895178,0.99791492,0.02297865,-0.0603123,-0.0309874,0.99030449,-0.13541247,0.00861618,-0.01618308,0.01387278
0.05612559,0.1380882,0.98882833,0.9979169,0.02379241,-0.05996396,-0.03180688,0.99013407,-0.13646514,-0.00534142,-0.00401789,0.00335984
0.055360706,0.139056024,0.988735784,0.99792111,0.0250151403,-0.059393041,-0.032992242,0.989968432,-0.137382019,-0.004534584,-0.0101718903,-0.000619582133
0.05443357,0.13910275,0.98878067,0.99790359,0.027135,-0.05875306,-0.03500318,0.98990602,-0.137334,0.00596935,-0.01560915,-0.00378183
0.05394945,0.13841025,0.9889044,0.99787766,0.02868966,-0.05845439,-0.03646194,0.98995927,-0.13656864,0.00646526,0.01012301,-0.00386489
0.05366897,0.13799958,0.98897719,0.99786536,0.02949285,-0.05826674,-0.0372086,0.98999314,-0.1361222,0.00798838,-0.00890261,0.00790811
0.05313957,0.13786098,0.98902506,0.99783937,0.03099054,-0.05793298,-0.03863714,0.98996666,-0.13591631,-0.00681592,-0.01699018,0.00415941
0.05237446,0.13853066,0.98897226,0.99782491,0.03243695,-0.05738688,-0.04002907,0.98982678,-0.13653046,-0.01154871,-0.01130128,-0.00652083
0.0521241978,0.138719058,0.988959075,0.997807006,0.0332197919,-0.0572501792,-0.0407946858,0.989774433,-0.136683277,3.34042124e-05,0.00121128559,-0.0161292963
0.0516069748,0.138324064,0.989041532,0.997771081,0.0348098677,-0.0569308517,-0.0423033011,0.989775078,-0.13621931,0.000929034082,-0.0133798122,-0.0206298828
0.05129493,0.13693608,0.98925089,0.99773963,0.03603008,-0.05672251,-0.04341013,0.9899244,-0.13477838,0.01140866,-0.00384259,-0.00556981
0.05121881,0.13639044,0.98933016,0.9977236,0.03652308,-0.0566884,-0.04386509,0.98998162,-0.13420925,0.00977013,-0.0042671,-0.00789621
0.05083063,0.13606584,0.98939493,0.99770284,0.03750186,-0.05641486,-0.04478028,0.98998974,-0.13384702,-0.00714427,-0.02041078,0.00664469
0.05056362,0.13646605,0.9893534,0.99768343,0.03823649,-0.05626338,-0.04550736,0.98990646,-0.13421647,-0.00567145,-0.00453353,-0.00998195
0.05058595,0.13681852,0.98930365,0.99766603,0.03856708,-0.05634725,-0.04586387,0.98984505,-0.13454821,-0.00428544,-0.00134248,-0.00865067
0.05030247,0.13751469,0.98922156,0.99765239,0.03916541,-0.05617564,-0.0464682,0.98972506,-0.13522171,0.00968305,-0.00979483,-0.01278303
0.05088868,0.136484,0.98933441,0.99757134,0.04022744,-0.05686203,-0.0475592,0.98982523,-0.13410545,0.01048504,-0.01641142,-0.00557551
0.05141434,0.13565387,0.98942128,0.99751467,0.04081703,-0.05743101,-0.04817592,0.98991508,-0.13321809,0.0101911,-0.00751305,-0.00628189
0.05188553,0.13563134,0.98939973,0.9974699,0.04117154,-0.0579526,-0.0485952,0.98990345,-0.13315189,0.01465577,-0.00792354,0.00114905
0.05225726,0.13594497,0.98933716,0.99743835,0.0413508,-0.05836712,-0.04884454,0.989853,-0.1334358,0.00629342,-0.00882572,-0.01050153
0.05329789,0.13543995,0.98935099,0.99732718,0.04236737,-0.05952759,-0.04997863,0.98987931,-0.13281986,0.00941241,-0.01218003,-0.00695918
0.05347291,0.135233,0.98936979,0.99731095,0.04249082,-0.05970994,-0.05011383,0.98990224,-0.1325972,0.0013487,-0.01421785,-0.00734655
0.053778343,0.134514552,0.989451136,0.997288013,0.0426217814,-0.0599985589,-0.0502427627,0.989994466,-0.13185755,0.000624337525,0.00560003519,0.00941142906
0.05386194,0.13434983,0.98946907,0.99727485,0.04279274,-0.06009724,-0.05041616,0.99000956,-0.13167882,0.00146152,-0.009197,-0.00455283
0.0539921,0.13417135,0.98948612,0.99728496,0.04244706,-0.06017327,-0.05007424,0.99004857,-0.13151521,,,
