0,1,2,3,4,5,6,7,8,9,10,11
-0.46501847,-0.04921335,-0.88393203,-0.23585774,0.96925479,0.07011618,0.8533047,0.24108753,-0.46232873,-0.01269669,0.00135869,0.01109461
-0.46543101,-0.04995735,-0.88367302,-0.23633281,0.9691701,0.06968581,0.85294815,0.24127489,-0.46288838,-0.00879123,0.00985998,0.01194114
-0.466202,-0.05043153,-0.88323964,-0.23659715,0.96911546,0.06954862,0.85245375,0.2413957,-0.46373552,-0.0056654,0.00755364,0.00612712
-0.46669303,-0.05044864,-0.88297929,-0.23655472,0.96911786,0.06965936,0.85219678,0.24138247,-0.46421441,-0.0048393,0.00344557,0.00172052
-0.46771821,-0.0502931,-0.88244558,-0.23622357,0.96917638,0.06996826,0.85172649,0.24117989,-0.46518186,-0.00373327,0.00232524,-0.00562253
-0.4687858,-0.04994753,-0.88189856,-0.23564583,0.96928838,0.07036395,0.85129952,0.24080135,-0.46615855,0.00332719,-0.0080145,-0.00918464
-0.46993187,-0.0494846,-0.88131445,-0.23482657,0.9694569,0.07077987,0.85089386,0.24021778,-0.46719899,0.00542441,-0.00505054,-0.01404907
-0.47036896,-0.04933892,-0.88108954,-0.23414026,0.96962881,0.07069868,0.85084161,0.23955299,-0.46763553,0.00855459,-0.00607842,-0.01891469
-0.47041186,-0.04922937,-0.88107267,-0.23381616,0.96971024,0.07065442,0.85090692,0.23924572,-0.46767382,0.00744864,-0.00247884,-0.02117077
-0.47027125,-0.04903817,-0.88115828,-0.23319229,0.96987324,0.07047865,0.85115569,0.23862343,-0.46753882,0.00385614,0.00587577,-0.01985372
-0.46969193,-0.04874591,-0.88148356,-0.23262579,0.97002146,0.07031087,0.8516306,0.23808026,-0.4669508,0.00219423,-0.00243038,-0.02515823
-0.46923055,-0.04865648,-0.88173412,-0.23245273,0.97007295,0.07017263,0.85193206,0.23788866,-0.4664982,0.00166348,0.00447267,-0.02241489
-0.46799252,-0.04839733,-0.88240617,-0.23222773,0.97014257,0.06995478,0.85267416,0.2376575,-0.46525867,-0.00173219,0.0095126,-0.00743337
-0.46677526,-0.04804571,-0.88306978,-0.23231091,0.9701184,0.0700137,0.85331839,0.23782743,-0.46398881,,,
-0.46624736,-0.04791642,-0.88335578,-0.23238721,0.97009856,0.07003551,0.85358632,0.23793445,-0.46344106,,,
-0.46453539,-0.04850477,-0.884225,-0.23382676,0.9697807,0.06964499,0.85412623,0.23910807,-0.46183916,,,
-0.46418496,-0.04883939,-0.88439071,-0.23433692,0.96967182,0.06944612,0.85417704,0.23948125,-0.46155195,-0.00213493,0.00315517,0.00353618
-0.46357866,-0.04972262,-0.8846593,-0.2355197,0.96942204,0.06893019,0.85418083,0.2403093,-0.46111403,-0.00524926,-0.00616759,0.00586732
-0.46316243,-0.05066691,-0.88482405,-0.23651624,0.96922366,0.06830494,0.85413161,0.24091152,-0.46089154,-0.0085037,-0.00370812,0.00421584
-0.46293507,-0.05114322,-0.88491553,-0.2369724,0.96913655,0.0679591,0.85412833,0.2411612,-0.46076683,-0.00892784,0.00264329,0.00312455
-0.46263411,-0.0520032,-0.88502285,-0.2377721,0.96898279,0.06735562,0.8540692,0.24159474,-0.4606494,-0.01449985,0.0051592,0.00713219
-0.46237644,-0.05255187,-0.8851251,-0.23844352,0.96883988,0.0670372,0.85402156,0.24204875,-0.46049938,-0.01531693,0.00799578,0.00686909
-0.462332,-0.05274148,-0.88513696,-0.23868878,0.96878564,0.06694815,0.85397703,0.24222454,-0.4604894,-0.01052423,0.00632876,0.00245399
-0.462110765,-0.0527929149,-0.885249187,-0.239050299,0.968691655,0.0670180824,0.853995415,0.242588905,-0.460262999,-0.00786503777,-0.00340896822,9.67322849e-05
-0.46190469,-0.05268647,-0.8853633,-0.23942149,0.96858249,0.06727038,0.85400316,0.24304751,-0.46000707,-0.0068752,0.00412112,-0.00353612
-0.46177942,-0.05254441,-0.8854369,-0.23947438,0.96855934,0.0674153,0.85405587,0.24317049,-0.4598438,-0.00537942,0.00583178,0.00487538
-0.46149272,-0.05214685,-0.88561002,-0.2396142,0.96849539,0.06783598,0.85417179,0.24351055,-0.4594487,-0.00461394,0.00817221,0.00579466
-0.46146347,-0.05156795,-0.88565907,-0.23959348,0.96845739,0.0684488,0.85419331,0.24378478,-0.45926305,-0.00267144,-0.00124812,0.00797227
-0.461456269,-0.0512604372,-0.88568069,-0.239529104,0.96845211,0.0687481935,0.854215268,0.243870608,-0.459176662,-0.000929732574,-0.0046590562,0.00916977786
-0.461743567,-0.0507634814,-0.88555964,-0.239387623,0.968447389,0.06930526,0.854099744,0.243993283,-0.4593265,-6.43470557e-05,-0.00090557331,0.00597313
-0.46234681,-0.05038897,-0.88526599,-0.23908586,0.96849064,0.06974106,0.85385765,0.24389919,-0.45982584,0.00733766,-0.00756025,0.00277607
-0.4626412,-0.05028059,-0.88511851,-0.2389302,0.96851993,0.06986773,0.85374192,0.24380526,-0.46009077,0.00742379,-0.00814575,0.00157269
-0.46327372,-0.05036309,-0.88478308,-0.23876656,0.96855891,0.06988679,0.85344482,0.24363332,-0.46073291,0.00369361,-0.01252937,-0.0031091
-0.46389835,-0.0507082,-0.8844359,-0.23885353,0.96854724,0.06975121,0.85308099,0.24360812,-0.4614193,0.00635797,-0.00209302,-0.01198116
-0.4640967,-0.05087435,-0.88432232,-0.23892831,0.96853452,0.06967175,0.85295218,0.24362408,-0.461649,0.00521302,0.00136715,-0.00521445
-0.46446379,-0.05136038,-0.88410147,-0.23921554,0.96848242,0.06940984,0.85267181,0.24372918,-0.46211121,-0.00193989,0.00200945,-0.00887826
-0.4647347,-0.05199987,-0.88392181,-0.23985057,0.96834475,0.06913855,0.85234585,0.24414023,-0.46249561,-0.00165007,0.00324494,-0.00955042
-0.46483677,-0.05235999,-0.88384693,-0.24023413,0.96826068,0.06898425,0.85218221,0.24439659,-0.46266182,-0.00528023,-0.00484049,-0.00852039
-0.4652125,-0.05367204,-0.88357031,-0.24217791,0.96779499,0.06872195,0.85142648,0.24595154,-0.46322851,-0.00472683,0.00365704,-0.00776055
-0.4652467,-0.05403247,-0.88353026,-0.24277098,0.96765073,0.06866077,0.85123879,0.24643974,-0.46331382,-0.00281647,0.00355738,-0.01186642
-0.46531445,-0.05455174,-0.88346282,-0.24415127,0.96728886,0.06886518,0.85080703,0.24774254,-0.46341237,-0.00605923,0.01554125,-0.00364906
-0.465478047,-0.0547969391,-0.883361521,-0.245300335,0.966968823,0.0692751245,0.850386987,0.248934916,-0.463544468,-0.000683808234,-0.00211548782,-0.00940051302
-0.46555658,-0.0548468,-0.88331701,-0.24576437,0.96683494,0.06949873,0.85020997,0.24944344,-0.46359576,-0.0017211,-0.00987303,-0.00857362
-0.46569236,-0.05487758,-0.8832434,-0.24654051,0.96660606,0.06993207,0.84991072,0.25032213,-0.4636706,-0.00126993,0.00401264,-0.01620179
-0.46581244,-0.05490499,-0.88317828,-0.24746233,0.9663333,0.07044392,0.84957686,0.25136704,-0.46371698,0.00299311,0.0035128,-0.00816527
-0.46589057,-0.05487485,-0.88313899,-0.24800325,0.96616877,0.0707975,0.84937631,0.25200526,-0.46373806,0.00222909,0.00691348,-0.00540202
-0.46621219,-0.05497524,-0.88296314,-0.24945065,0.96573818,0.07158311,0.84877591,0.25362865,-0.46395252,0.00606575,-0.00645381,-0.00177161
-0.46647545,-0.05545066,-0.88279425,-0.25146746,0.96516508,0.07225282,0.84803572,0.25569822,-0.46416985,0.00613201,-0.00292289,-0.00682809
-0.46656715,-0.05582091,-0.88272251,-0.25270411,0.96481933,0.07255547,0.84761763,0.25691962,-0.46425918,0.00456182,-0.00637728,0.00173828
-0.466659843,-0.0565741129,-0.882625626,-0.255155636,0.964132249,0.0731068265,0.846831877,0.259322919,-0.464357008,0.00318803778,0.0084571233,-0.000147155486
-0.466804234,-0.057512638,-0.882488381,-0.257721319,0.963416739,0.0735384226,0.845974686,0.261764158,-0.464549241,0.000298679573,-0.00388324237,-0.00410400424
-0.466839303,-0.057969608,-0.882440181,-0.258939977,0.963075974,0.0737208189,0.845583371,0.262914807,-0.464612366,-0.000924207852,-0.00874805357,-0.00631140498
-0.46706941,-0.05952754,-0.88221467,-0.26357743,0.96174534,0.07465146,0.84402204,0.26739927,-0.46489195,-0.00376949,0.00487,-0.00206159
-0.46711561,-0.05986985,-0.8821669,-0.26476234,0.9613968,0.07494722,0.84362536,0.26857361,-0.46493473,-0.00324097,0.00492901,0.00394787
-0.4674495,-0.06037516,-0.88195548,-0.26711316,0.96067863,0.07580975,0.84269875,0.27101918,-0.46519573,-0.00573257,0.00211781,-0.00202217
-0.46797197,-0.06078641,-0.88165027,-0.26942997,0.95995065,0.07682606,0.84167077,0.27349545,-0.46560767,-0.00707863,0.00839811,-0.00648405
-0.46822274,-0.06095798,-0.88150523,-0.270512,0.95960605,0.0773271,0.84118405,0.27466407,-0.46579924,-0.0023774,0.00244552,-0.00512679
-0.468617948,-0.0613898885,-0.88126536,-0.272723114,0.958907285,0.0782235666,0.840249639,0.276998384,-0.466103607,-0.00404024404,0.000683963241,-0.00904909708
-0.468905574,-0.0619110341,-0.881075672,-0.274980281,0.95819764,0.0790134269,0.839352823,0.279328302,-0.466328524,-0.00476474641,-0.000862419547,-0.00544780539
-0.468905574,-0.0619110341,-0.881075672,-0.274980281,0.95819764,0.0790134269,0.839352823,0.279328302,-0.466328524,-0.00476474641,-0.000862419547,-0.00544780539
-0.469244032,-0.0625184637,-0.880852657,-0.27816247,0.957176168,0.0802460024,0.838114313,0.282675118,-0.466539494,-0.00382460374,-0.00603759242,0.000871212105
-0.46947227,-0.06304868,-0.88069312,-0.28047431,0.95643419,0.08104188,0.83721543,0.28505874,-0.46670287,-0.00992591,-0.01076168,-0.0089717
-0.46933242,-0.0635656541,-0.880730706,-0.281827303,0.956024421,0.0811830012,0.836839614,0.286315762,-0.466607794,-0.0111452946,-5.8293339e-05,-0.00604952499
-0.46897883,-0.06441333,-0.88085734,-0.28455735,0.95517525,0.08165382,0.83611354,0.28894836,-0.46628626,-0.01566025,0.01132566,0.00621672
-0.46878067,-0.06471683,-0.8809407,-0.28689026,0.95439995,0.08255136,0.83542729,0.29143177,-0.46597088,-0.0081919,0.01036352,0.01024886
-0.46882969,-0.06472432,-0.88091387,-0.28788834,0.95405009,0.08311867,0.83505616,0.29257336,-0.46592038,-0.00524198,-0.00588393,0.00742043
-0.468769248,-0.0648293446,-0.880938481,-0.289994447,0.953320928,0.084157183,0.834361235,0.29491756,-0.465687685,-0.00960225333,0.000459372968,0.00610911939
-0.4686541,-0.06497842,-0.88098872,-0.29212264,0.95258364,0.08513968,0.83368321,0.29725781,-0.46541389,-0.00578303,0.01046508,0.01775237
-0.46871911,-0.06491071,-0.88095898,-0.29304977,0.95224355,0.0857557,0.83332104,0.2983602,-0.46535682,-0.0106988,0.01051158,0.01328558
-0.46916473,-0.06452058,-0.88075054,-0.29475261,0.95157725,0.08730193,0.83246941,0.30056251,-0.46546409,-0.00300185,0.01677769,0.00879696
-0.46979914,-0.06399249,-0.88045073,-0.29682043,0.95075077,0.08927825,0.83137607,0.30327864,-0.46565617,0.00339732,0.0071432,0.00790645
-0.47019495,-0.06366628,-0.88026313,-0.29781491,0.95033901,0.09034405,0.83079652,0.30463482,-0.46580537,-0.00206982,0.00183076,0.01222286
-0.471092922,-0.0629007215,-0.87983781,-0.299423663,0.949632593,0.0924304906,0.82970871,0.306987662,-0.466199151,-0.00122073002,-0.0195690971,-0.00069569773
-0.47183212,-0.06257995,-0.87946459,-0.30080776,0.94905564,0.09385135,0.82878761,0.30883189,-0.46661946,-0.00263322,-0.01385325,-0.00917169
-0.4720684,-0.0625424,-0.87934059,-0.30172424,0.94869997,0.0945032,0.82831994,0.30993035,-0.46672184,-0.00592167,0.00812024,-0.0024586
-0.47236601,-0.06240565,-0.87919041,-0.3035946,0.94797033,0.09582574,0.82746635,0.3121823,-0.46673498,-0.00563872,0.00852281,0.01419828
-0.47287648,-0.06210875,-0.87893703,-0.30499971,0.9473846,0.09714725,0.82665772,0.31401419,-0.46693905,-0.00277018,-0.01684338,0.00455006
-0.47318553,-0.06192192,-0.87878378,-0.30549562,0.94716222,0.09775559,0.82629758,0.31472115,-0.46710033,-0.00212705,-0.01530772,0.00834038
-0.47399514,-0.06134159,-0.87838795,-0.30656159,0.94665515,0.09931765,0.82543817,0.31635615,-0.46751491,0.00376225,0.00780863,0.01405015
-0.47525164,-0.0607255,-0.87775179,-0.30792589,0.9460046,0.10127657,0.82420716,0.31841437,-0.46828919,0.00557815,0.01405066,0.01558738
-0.47593916,-0.06039459,-0.87740202,-0.30867169,0.94564658,0.10234422,0.82353117,0.3195388,-0.46871234,0.00897988,0.00690967,0.02171322
-0.47758592,-0.06006287,-0.87652952,-0.31009785,0.94497632,0.10420687,0.82204067,0.32157768,-0.46993275,0.00507099,-0.03836387,0.00471673
-0.478858005,-0.0604899355,-0.875805766,-0.311621586,0.944369551,0.105157641,0.820723314,0.323275595,-0.471068884,-0.000256562955,0.00361782289,0.00406434666
-0.479380339,-0.0607126757,-0.87550448,-0.312397324,0.944065482,0.105585342,0.820123183,0.324120847,-0.4715329,7.31036998e-05,0.00538009359,0.00741790514
-0.48047561,-0.06119627,-0.87487018,-0.31384842,0.94349617,0.10636791,0.81892734,0.32568387,-0.47253324,-0.00643847,-0.00180286,0.00752932
-0.481491952,-0.061462948,-0.874292741,-0.314783491,0.943106591,0.107057514,0.817971176,0.326760254,-0.473445754,-0.00606724201,0.00633519841,-8.11364735e-05
-0.481954287,-0.0614303856,-0.874040241,-0.314939192,0.943017693,0.107382192,0.817638881,0.32702284,-0.473838255,-0.00406600628,0.012862145,-0.000489918748
-0.48307804,-0.06085818,-0.87345954,-0.31489576,0.94290882,0.10846015,0.81699202,0.32744347,-0.47466252,-0.00188238,0.01309329,-0.00716607
-0.48497058,-0.05928257,-0.87251881,-0.31460023,0.94273419,0.1108104,0.81598419,0.32823441,-0.47584866,0.0058526,-0.00600594,-0.00433238
-0.48626635,-0.05831987,-0.87186225,-0.31458444,0.94255056,0.11240584,0.81521876,0.32893348,-0.47667714,0.00950749,-0.01121217,-0.01150512
-0.487347648,-0.0576002415,-0.871306187,-0.314955533,0.942250369,0.113873851,0.814429415,0.329918859,-0.477345016,0.00955158845,0.00136750925,-0.000918667065
-0.48796373,-0.05725525,-0.87098401,-0.31520677,0.94207045,0.11466456,0.81396315,0.33049222,-0.47774345,0.01260736,-0.00396246,-0.00241766
-0.48911945,-0.05702901,-0.87035047,-0.31583572,0.94172236,0.11578771,0.81302524,0.33152178,-0.47862653,0.01120764,-0.01930225,-0.00339864
-0.48988565,-0.0575905305,-0.869882239,-0.316679632,0.941410763,0.116016274,0.812235058,0.332308736,-0.479421365,0.000342775602,-0.0159625392,-0.015043553
-0.49011224,-0.05807176,-0.86972256,-0.31710983,0.94128642,0.11584993,0.81193042,0.3325771,-0.47975111,-0.00400167,0.00458032,-0.01449146
-0.49038562,-0.05847398,-0.86954163,-0.31790369,0.94099948,0.11600528,0.81145493,0.33331783,-0.48004171,-0.00455744,0.01215833,0.00612342
-0.49100325,-0.05851327,-0.86919033,-0.31872076,0.94063442,0.11672169,0.81076057,0.33433976,-0.48050395,0.00275584,-0.02826619,0.00172585
-0.49119588,-0.05873078,-0.86906707,-0.31932224,0.94040468,0.11692887,0.81040742,0.33494738,-0.48067695,-0.0077632,-0.0315395,-0.00420616
-0.49105296,-0.05984502,-0.86907158,-0.32089617,0.93991042,0.11659348,0.8098719,0.33613534,-0.48074983,-0.0131611,0.00794965,0.00329506
-0.49078837,-0.06035669,-0.86918553,-0.32202221,0.93952568,0.11658977,0.80958515,0.337118,-0.48054447,-0.01264401,0.02894026,0.01490699
-0.49097187,-0.06027036,-0.86908808,-0.32233722,0.93937255,0.11695268,0.80934871,0.33755991,-0.48063288,-0.00212171,0.00283796,0.01454006
-0.49165086,-0.05988978,-0.86873047,-0.32277145,0.93910138,0.11792874,0.80876325,0.33838116,-0.48104071,0.00248908,-0.00326604,-0.0096991
-0.491976705,-0.059605209,-0.868565367,-0.322861562,0.939006362,0.118437535,0.808528905,0.338694932,-0.481213478,0.00473712618,-4.29153406e-05,-0.0194027107
-0.49193069,-0.05937924,-0.86860707,-0.32278245,0.93901131,0.11861385,0.80858866,0.33872092,-0.48109506,0.00332511,0.02978569,-0.00708693
-0.49215617,-0.05837621,-0.86854707,-0.3223933,0.93902386,0.11956895,0.80860643,0.33886043,-0.48096647,0.01246029,-0.0228914,-0.01271764
-0.49223338,-0.05780116,-0.86854203,-0.32236956,0.93894999,0.12021141,0.80856917,0.33916359,-0.48081585,0.00701706,-0.03089034,-0.0226632
-0.49200576,-0.0579666446,-0.868659756,-0.322614963,0.938883109,0.120075289,0.808609602,0.339320435,-0.480636794,0.000756393187,-0.0186911207,-0.0261355601
-0.49098362,-0.05859597,-0.86919597,-0.32318753,0.93878862,0.11927178,0.80900243,0.33947378,-0.47986732,-0.01475316,0.01362401,-0.01205475
-0.49001783,-0.05876535,-0.86972923,-0.32376811,0.93862364,0.11899523,0.80935561,0.33990041,-0.47896866,-0.0076749,0.0374574,0.01474375
-0.48991343,-0.05858125,-0.86980042,-0.32406901,0.93847797,0.1193246,0.80929834,0.34033413,-0.47875732,-0.00318249,0.00696605,0.01548634
-0.49016986,-0.05845459,-0.86966454,-0.32513894,0.93799466,0.12021099,0.80871381,0.34168563,-0.47878257,0.00176306,-0.02561247,-0.01484205
-0.48997569,-0.05903974,-0.8697343,-0.32691158,0.93733593,0.12054107,0.80811649,0.34338847,-0.47857258,-0.01179431,0.00104123,-0.01053344
-0.48975407,-0.05920572,-0.8698481,-0.32772309,0.93702678,0.12074104,0.8079224,0.34420271,-0.47831576,-0.01029075,0.02466625,0.00798226
-0.48990421,-0.05885908,-0.86978709,-0.32912523,0.93637025,0.12201369,0.80726114,0.34604388,-0.47810373,0.00677798,0.03287989,0.02745849
-0.49106621,-0.05819563,-0.86917623,-0.33037423,0.9356683,0.12400685,0.806044,0.34804899,-0.47870142,0.01364682,-0.02931338,0.00753254
-0.49161348,-0.05824734,-0.86886317,-0.33102828,0.93535897,0.12459479,0.80544165,0.3488708,-0.47911659,0.00216047,-0.03527444,-0.01647143
-0.49199503,-0.05914771,-0.86858637,-0.33236268,0.93488516,0.12459843,0.80465879,0.34998753,-0.47961734,-0.00767278,-0.0068081,-0.01807784
-0.49194103,-0.05953384,-0.86859083,-0.33298926,0.93467117,0.12453099,0.804433,0.35049328,-0.47962723,-0.00669388,0.03955549,0.0094407
-0.49221474,-0.05933106,-0.86844937,-0.33306818,0.93459049,0.12492477,0.8042326,0.35074269,-0.4797805,-0.00097029,0.01450425,0.00825508
-0.493153353,-0.0589829402,-0.867940576,-0.333148828,0.934445864,0.125788668,0.803624097,0.35118648,-0.48047521,-0.000922095496,-0.0137833348,-0.012574085
-0.4938024,-0.05914523,-0.86756015,-0.33357144,0.93424329,0.12617269,0.80304973,0.35169773,-0.48106072,-0.00262335,-0.00922578,-0.02432197
-0.493996636,-0.0592526578,-0.867442502,-0.333919753,0.934093912,0.126357287,0.802785756,0.352076253,-0.481224884,-6.22584485e-05,0.0183827262,-0.0232895501
-0.49447133,-0.05874092,-0.86720678,-0.33437913,0.93378676,0.12740836,0.80230213,0.35297563,-0.48137252,0.00241083,0.00757581,-0.00820467
-0.49529819,-0.05783227,-0.86679564,-0.33453984,0.93352777,0.12887583,0.80172461,0.35380971,-0.4817218,0.00569944,-0.02745718,-0.03097591
-0.49543501,-0.05767526,-0.86672816,-0.33463058,0.93345537,0.1291644,0.80160246,0.35402631,-0.48176638,0.00492101,-0.03453761,-0.04007024
-0.49510976,-0.05746553,-0.86692789,-0.33499809,0.93328311,0.12945623,0.80164989,0.35451424,-0.48132842,0.00234134,0.01619774,-0.01654241
-0.494523339,-0.057269959,-0.867275367,-0.335674926,0.932993032,0.129793432,0.801728604,0.355308517,-0.480610912,-0.000589768111,0.00743907643,-0.00201189425
-0.49431461,-0.0571685,-0.86740107,-0.33602673,0.93283569,0.13001383,0.80170998,0.35573771,-0.48032445,-0.00341023,-0.01423293,-0.00942107
-0.493556,-0.05762744,-0.86780273,-0.3369963,0.93252419,0.12973866,0.80177053,0.3564796,-0.47967314,-0.01463255,-0.02819687,-0.02636302
-0.49200257,-0.05854493,-0.86862289,-0.33885814,0.93193479,0.12912283,0.80194039,0.35786874,-0.47835273,-0.02934858,0.03334158,-0.00748116
-0.49131315,-0.05873422,-0.86900028,-0.33987048,0.93155636,0.12919286,0.80193469,0.35882172,-0.47764791,-0.02655951,0.04596167,0.01016523
-0.49053814,-0.05828555,-0.86946827,-0.34146,0.93082806,0.13024666,0.80173397,0.3607796,-0.47650885,-0.01540964,0.01428562,0.01432539
-0.49021453,-0.05770131,-0.86968964,-0.34273449,0.93018707,0.13147269,0.80138791,0.36252249,-0.47576745,-0.01469784,-0.02856582,-0.0155606
-0.48993171,-0.05749014,-0.86986315,-0.34338773,0.92987865,0.13194911,0.8012814,0.36334637,-0.47531845,-0.02100159,-0.01539498,-0.00765126
-0.48926834,-0.05688118,-0.87027628,-0.34464232,0.92926156,0.1330211,0.80114789,0.36501709,-0.47426191,-0.02020231,0.02657646,0.00998645
-0.48930902,-0.05570984,-0.87032913,-0.34544389,0.92871241,0.1347656,0.80077769,0.36659196,-0.47367197,-0.00321577,0.01202339,0.027797
-0.48972982,-0.0549745163,-0.870139312,-0.34560862,0.928492605,0.135853449,0.800449438,0.367259146,-0.47371018,-9.87038948e-05,-0.0125730028,0.018141469
-0.49077575,-0.05421831,-0.86959742,-0.3459381,0.92814691,0.13736869,0.79966627,0.36824408,-0.47426818,-0.00635633,-0.02546787,-0.00903174
-0.49165436,-0.05403822,-0.86911194,-0.34627988,0.92789653,0.13819644,0.79897805,0.36890091,-0.47491672,-0.01441008,0.00538129,-0.00524578
-0.49204529,-0.05391159,-0.86889858,-0.34637304,0.92780458,0.13857985,0.79869702,0.36915064,-0.47519538,-0.01423602,0.02952117,0.00233331
-0.49337441,-0.05326297,-0.86818472,-0.34670679,0.92744721,0.14012879,0.79773182,0.3701415,-0.47604535,-0.00435418,0.0036748,0.00191514
-0.49491406,-0.05268871,-0.86734288,-0.34727825,0.92697172,0.14184931,0.79652846,0.37141259,-0.47706897,0.00408165,-0.0367881,-0.01347117
-0.49554808,-0.05256124,-0.86698856,-0.34775263,0.92668076,0.1425863,0.7959271,0.37215597,-0.47749318,-0.00628125,-0.02606004,-0.02489925
-0.49609155,-0.05267453,-0.86667084,-0.3489096,0.92611517,0.14343214,0.79508179,0.37354528,-0.47781655,-0.0151605,0.01117176,-0.01113052
-0.49639931,-0.05215155,-0.86652629,-0.34991823,0.92552908,0.144752,0.79444624,0.37506816,-0.47768077,-0.00939337,0.02837044,0.00408442
-0.4967448,-0.05150361,-0.86636701,-0.35020213,0.92525887,0.14578918,0.79410508,0.37582362,-0.4776542,-0.01273575,0.00642925,0.00126931
-0.49741241,-0.05009142,-0.86606672,-0.35045143,0.9248477,0.14778536,0.79357703,0.37702463,-0.47758533,-0.00832345,-0.01391482,-0.01585275
-0.49752249,-0.0487701,-0.86607897,-0.35062096,0.92453141,0.14935397,0.7934332,0.37797241,-0.47707499,-0.0140509,0.01577848,-0.00789925
-0.49748734,-0.047943,-0.86614534,-0.35074213,0.92433347,0.15029171,0.79340169,0.37856189,-0.47665982,-0.01125816,0.02783292,-0.00267778
-0.497685299,-0.0459735235,-0.866138251,-0.350602503,0.924039483,0.152410312,0.793339095,0.379522665,-0.475999288,0.00396843534,-0.00057756895,0.00329570659
-0.49821849,-0.04407148,-0.86593057,-0.35044035,0.92373473,0.15461464,0.79307604,0.38048894,-0.47566614,-0.00131085,-0.01572084,-0.00768036
-0.49835065,-0.04335282,-0.86589093,-0.35048174,0.92357484,0.15547367,0.79297485,0.38095938,-0.47545849,-0.00414362,-0.00629258,-0.01092153
-0.498542232,-0.0419586541,-0.865849288,-0.350727328,0.923188292,0.157205953,0.792745773,0.382050837,-0.474964394,-0.000331806717,0.0316438042,0.00904897973
-0.499361911,-0.040214102,-0.865459719,-0.351085132,0.922623624,0.159702475,0.792071291,0.383599369,-0.47484167,0.0140087903,-0.000474989385,0.0109325489
-0.49992544,-0.03949264,-0.86516743,-0.35138915,0.92229185,0.16094533,0.79158071,0.38447115,-0.47495444,0.01476605,-0.02710491,-0.00489595
-0.500841473,-0.0388928792,-0.864664571,-0.35239409,0.92160667,0.162663867,0.790554161,0.386171558,-0.475284451,-6.39325008e-05,-0.0279402714,-0.0200389512
-0.50122587,-0.03861006,-0.86445463,-0.35353873,0.92095719,0.16385424,0.78979929,0.38774619,-0.47525772,-0.00345591,0.02165884,0.00315238
-0.50281407,-0.03713894,-0.86359625,-0.35450349,0.92005039,0.16683685,0.78835592,0.39003584,-0.47578016,0.00998758,-0.01861512,-0.00508361
-0.50399796,-0.03672505,-0.86292364,-0.35522707,0.91949722,0.16834069,0.78727357,0.39137722,-0.47647045,-0.003404,-0.01297504,-0.02222148
-0.50431256,-0.03654158,-0.86274761,-0.35557069,0.91925978,0.16891102,0.7869169,0.39195173,-0.47658736,-0.00442022,0.00509781,-0.02185849
-0.50491331,-0.03552787,-0.86243839,-0.35586255,0.91885576,0.1704873,0.78639943,0.39299089,-0.47658553,0.00446919,0.01588982,-0.00174864
-0.50592999,-0.03363092,-0.86191852,-0.35553402,0.91854117,0.17285157,0.78589448,0.3938922,-0.47667445,0.02445317,-0.01305842,0.00883278
-0.506664475,-0.0329454785,-0.861513498,-0.355470521,0.918360965,0.173936299,0.785449947,0.394370033,-0.477012015,0.0254016407,-0.0400249921,0.000103818253
-0.50797448,-0.03248512,-0.86075932,-0.35561686,0.91806052,0.17521854,0.78453715,0.39510708,-0.47790357,0.01515342,-0.02273965,-0.00818164
-0.50912075,-0.03244474,-0.86008329,-0.35592268,0.91778003,0.17606494,0.78365488,0.39576149,-0.47880867,0.00856551,0.01743489,-0.00837693
-0.50969106,-0.03218015,-0.85975529,-0.35601724,0.91761883,0.17671276,0.78324099,0.39615667,-0.47915879,0.01000338,0.01170081,-0.01017661
-0.51085807,-0.03145512,-0.85908943,-0.35589626,0.91740851,0.17804348,0.78253558,0.39670165,-0.4798603,0.01343918,-0.01400459,-0.00635891
-0.51180615,-0.03091587,-0.85854459,-0.35565107,0.91732084,0.17898268,0.78202744,0.39694671,-0.48048572,0.00887035,-0.02152407,-0.00936979
-0.5121771,-0.03083269,-0.85832611,-0.35548728,0.91734732,0.17917221,0.78185879,0.39689196,-0.48080491,0.00473393,-0.00263655,-0.00820275
-0.512894528,-0.0304352112,-0.857911895,-0.354946149,0.917462745,0.179653385,0.781634411,0.396655777,-0.48136448,0.00077905599,0.0164890867,-0.0158017501
-0.51329891,-0.02985325,-0.85769034,-0.35439752,0.91757598,0.18015742,0.78161776,0.396438,-0.48157066,0.00280142,-0.00685644,-0.01847057
-0.51330614,-0.02962434,-0.85769406,-0.3542558,0.917599,0.18031888,0.78167738,0.3964019,-0.48150379,-0.00154261,-0.0060538,-0.00707225
-0.513286793,-0.0295204356,-0.85770928,-0.354488798,0.917461003,0.180563011,0.781584517,0.396728941,-0.481385279,0.000178098679,-0.0104498854,0.00638309494
-0.51344334,-0.02996023,-0.85760041,-0.35536946,0.91708926,0.18072037,0.7810817,0.39755464,-0.48152033,0.00314055,0.01468962,0.00492654
-0.51360628,-0.03031615,-0.85749006,-0.35597604,0.91683772,0.18080277,0.78069798,0.39810741,-0.48168542,,,
-0.51388035,-0.03103109,-0.85730028,-0.35725072,0.91630773,0.18097525,0.77993501,0.39927083,-0.48195841,,,
-0.513916045,-0.0318266288,-0.857249695,-0.358635833,0.915761386,0.181001118,0.779275505,0.4004599,-0.482038626,0.000807025936,0.00720959855,0.021452168
-0.51416014,-0.03218352,-0.85709018,-0.35925043,0.91549413,0.18113429,0.77883149,0.40104205,-0.48227253,0.00395343,0.01792115,0.02001545
-0.51505657,-0.0325177,-0.856539,-0.36030954,0.91492027,0.18192835,0.77774899,0.40232262,-0.48295212,0.00832639,0.00555128,0.00518858
-0.5159202,-0.03292336,-0.85600375,-0.36123008,0.91443423,0.18254552,0.77674912,0.40339322,-0.483668,0.01284415,-0.01446241,-0.01096739
-0.51606802,-0.03320194,-0.85590383,-0.36169485,0.91423571,0.18261953,0.77643452,0.40382012,-0.48381678,0.01473998,-0.0130291,-0.00237881
-0.51626944,-0.03367926,-0.85576369,-0.36247597,0.91390847,0.18270875,0.77593618,0.40452073,-0.48403093,0.01455991,0.00858122,0.01048246
-0.516839787,-0.0340399211,-0.855404863,-0.363124285,0.913583452,0.183046454,0.775252829,0.405224055,-0.484536982,0.0243435893,-0.00380581594,-0.000570072327
-0.51706914,-0.03439155,-0.85525223,-0.3635322,0.91341969,0.18305407,0.77490871,0.40556341,-0.48480356,0.02197793,-0.01012242,-0.00880892
-0.51720948,-0.03555499,-0.85511974,-0.36466578,0.91305865,0.18259999,0.77428212,0.40627543,-0.48520826,0.00929408,-0.01032263,-0.01675199
-0.51672112,-0.0369555,-0.85535569,-0.36614309,0.91263551,0.18175713,0.77391105,0.40710037,-0.48510904,0.0043957,0.00814897,-0.0041362
-0.516486194,-0.0375091303,-0.855473653,-0.366944956,0.9123572,0.18153717,0.773688248,0.407673166,-0.484983688,-0.00405513681,0.00762993051,-0.000226251897
-0.51590023,-0.03857705,-0.85577935,-0.36850016,0.9118282,0.18104402,0.77333959,0.40875557,-0.48462801,-0.0031744,0.0040701,-0.00136311
-0.51531212,-0.03968066,-0.85608334,-0.37002146,0.91132177,0.18049027,0.77300541,0.40977806,-0.48429785,-0.00728087,-0.00695729,-0.00174586
-0.51497044,-0.04041883,-0.85625439,-0.3707825,0.91111166,0.17998855,0.77286843,0.41017296,-0.48418216,-0.01093223,-0.00792795,-0.00420417
-0.51431533,-0.04186193,-0.85657869,-0.37240646,0.91062414,0.17910077,0.77252372,0.41110976,-0.4839376,-0.00955493,0.00372356,0.0036489
-0.51394843,-0.04273458,-0.85675602,-0.37374004,0.91013659,0.17880094,0.77212403,0.41209847,-0.4837349,-0.01160346,0.01060229,0.00692729
-0.51382187,-0.04312596,-0.85681237,-0.37420953,0.90998163,0.17860758,0.77198091,0.4123998,-0.48370662,-0.01468217,0.0059151,0.00756702
-0.5136431,-0.04377198,-0.85688674,-0.37451317,0.90997373,0.17801038,0.77195256,0.41234915,-0.48379491,-0.01186937,-0.00387055,0.00958509
-0.51349691,-0.04429159,-0.85694749,-0.37444614,0.91013341,0.17733374,0.77208214,0.41194104,-0.4839355,-0.02081819,0.00668329,0.00623419
-0.51351821,-0.04435859,-0.85693136,-0.3742488,0.91025018,0.1771509,0.77216376,0.41167575,-0.48403119,-0.01660988,0.00710493,0.00165091
-0.51339775,-0.04418191,-0.85701261,-0.37355646,0.91059562,0.17683661,0.77257894,0.41093013,-0.48400218,-0.01581398,0.00427061,-0.0065063
-0.51322692,-0.04373419,-0.85713779,-0.37261371,0.9110227,0.17662573,0.77314739,0.41003042,-0.48385733,-0.01556305,-0.00290328,0.01468252
-0.51324968,-0.04356404,-0.85713283,-0.37207183,0.91127232,0.17648033,0.77339322,0.4094935,-0.48391917,-0.01170594,-0.01093483,0.01198736
-0.51354227,-0.04329737,-0.85697114,-0.37095023,0.91177856,0.17622651,0.77373776,0.40839343,-0.48429799,-0.01403213,-0.01211136,0.00930724
-0.51400981,-0.04316301,-0.85669739,-0.36937954,0.9125275,0.17564818,0.77417841,0.40673146,-0.4849916,-0.01228198,-0.00212717,-0.00861897
-0.514094243,-0.0430861605,-0.856650772,-0.368339941,0.913047973,0.175125893,0.774617745,0.405569936,-0.485263055,-0.0152908433,0.000882506312,-0.0156897902
-0.51390006,-0.04265702,-0.85678862,-0.36583616,0.91428652,0.17390816,0.77593187,0.40281574,-0.48545737,-0.02235589,0.01467878,-0.01675765
-0.51368059,-0.04143607,-0.85698014,-0.36306419,0.91549511,0.17335822,0.77737784,0.40018961,-0.48531601,-0.02023805,0.01927525,-0.01033285
-0.51359396,-0.040526,-0.85707585,-0.36163659,0.91605354,0.17339231,0.77810047,0.39900321,-0.48513525,-0.01680655,0.0161981,-0.0125552
-0.513453623,-0.0383358178,-0.857260477,-0.358839814,0.917053472,0.173916377,0.779486464,0.396917224,-0.484620837,-0.0044778334,-0.000492036284,-0.0115465438
-0.51300778,-0.03642406,-0.85761067,-0.35638629,0.91795652,0.17419707,0.78090433,0.39500519,-0.48389986,-0.00545931,-0.0248307,-0.0100033
-0.5126145,-0.03564819,-0.85787868,-0.355433,0.91832085,0.17422464,0.78159709,0.39422842,-0.48341513,-0.00339661,-0.02283567,-0.01246915
-0.51180773,-0.03433855,-0.85841336,-0.35400657,0.91885521,0.17431133,0.78277198,0.3930979,-0.48243326,0.00352487,-0.00323421,-0.00664359
-0.51098277,-0.03319797,-0.8589495,-0.3531276,0.91914837,0.17454844,0.78370738,0.39251007,-0.48139209,0.00698725,0.01261157,0.00324273
-0.5106329,-0.03263174,-0.8591792,-0.35283226,0.91921672,0.17478561,0.78406832,0.39239748,-0.48089582,0.01407873,-0.00203943,0.01233609
-0.51035363,-0.03187682,-0.85937357,-0.35250643,0.91925446,0.17524398,0.78439677,0.39237113,-0.48038163,0.01858705,-0.01564538,0.01235279
-0.51050058,-0.03184345,-0.8592876,-0.35269379,0.91913889,0.17547306,0.78421699,0.39264449,-0.48045193,0.02089223,-0.008636,0.00785349
-0.51071091,-0.03195939,-0.85915816,-0.3528924,0.91904155,0.17558352,0.7839905,0.39286285,-0.48064277,0.01797531,-0.01596349,0.00413643
-0.51107323,-0.03256834,-0.85891991,-0.3533608,0.91889398,0.17541379,0.7835434,0.39315792,-0.48113049,0.01063794,-0.01456529,-0.0075706
-0.51125642,-0.03320871,-0.85878626,-0.35356997,0.91890087,0.17495556,0.78332939,0.39308823,-0.48153557,0.00359853,-0.01152134,-0.0252206
-0.51113443,-0.03354547,-0.85884597,-0.35353017,0.91900183,0.1745052,0.78342716,0.39282356,-0.48159282,-0.00121711,0.00626022,-0.0262986
-0.51033469,-0.03384514,-0.85930934,-0.35323749,0.91929019,0.17357648,0.78407992,0.39212246,-0.48110103,-0.0090011,0.01107627,-0.02732828
-0.50911386,-0.03384202,-0.86003358,-0.35261164,0.91972463,0.17254458,0.78515481,0.39110269,-0.48017765,-0.01167505,0.01406974,-0.01768099
-0.50842276,-0.03369127,-0.86044819,-0.35225028,0.91994313,0.1721173,0.78576455,0.39060149,-0.47958778,-0.01024045,0.00735539,-0.01512044
-0.50567744,-0.03233639,-0.86211652,-0.35191606,0.92011057,0.17190592,0.78768371,0.39032155,-0.47665886,-0.00168805,0.00810772,0.00874655
-0.50521437,-0.03182244,-0.86240675,-0.35205297,0.91998589,0.17229234,0.78791927,0.39065749,-0.47599326,0.00596875,0.00203866,0.01356493
-0.50490602,-0.03089841,-0.86262095,-0.35237134,0.91967343,0.17330671,0.78797465,0.39146655,-0.47523636,0.01621072,-0.00866973,0.00719452
-0.50475831,-0.03049397,-0.86272195,-0.35258396,0.91950117,0.17378768,0.78797436,0.3919027,-0.47487754,0.01842426,-0.0193029,0.00544041
-0.5047261,-0.03041937,-0.86274336,-0.35257836,0.91949214,0.17384677,0.78799742,0.39192967,-0.47481689,0.01877518,-0.0172075,0.00525332
-0.50457145,-0.03064616,-0.86282579,-0.3525644,0.91956021,0.1735147,0.7881027,0.39175224,-0.47478857,0.01463201,-0.00844115,0.00463909
-0.50457145,-0.03064616,-0.86282579,-0.3525644,0.91956021,0.1735147,0.7881027,0.39175224,-0.47478857,0.01463201,-0.00844115,0.00463909
-0.50442937,-0.03153744,-0.86287674,-0.35215536,0.91995595,0.17224299,0.78837648,0.39075111,-0.47515888,0.00774862,-0.01887119,-0.00296665
-0.5039971,-0.03273332,-0.86308468,-0.35171583,0.92045329,0.17047494,0.78884891,0.38947948,-0.4754186,-0.00750063,-0.01183379,0.00136146
-0.50335237,-0.03385368,-0.86341772,-0.35104032,0.92106834,0.16853424,0.78956122,0.38792657,-0.47550593,-0.01265808,0.00584155,-0.00431614
-0.50301711,-0.03429961,-0.86359545,-0.35059463,0.92140584,0.16761467,0.78997276,0.38708501,-0.47550816,-0.01797041,0.02334863,-0.00590854
-0.50232798,-0.03462435,-0.86398379,-0.34944725,0.92209436,0.16621861,0.79091937,0.38541297,-0.47529319,-0.01792595,0.01801556,-0.00094593
-0.501618351,-0.0343825269,-0.864405532,-0.34804303,0.922796435,0.165265822,0.791988087,0.38375068,-0.474858226,-0.0139878672,0.0138347736,0.000736657064
-0.50136611,-0.03411,-0.86456248,-0.34735082,0.92310266,0.16501171,0.79245138,0.38303781,-0.47466052,-0.01876404,0.01314098,0.00761075
-0.50111291,-0.03337647,-0.86473799,-0.34616721,0.92355712,0.16495609,0.79312927,0.38200558,-0.47436023,-0.00912222,0.00771373,0.011335
-0.50117507,-0.03263977,-0.86473,-0.34516229,0.92389419,0.16517419,0.79352776,0.38125342,-0.47429875,-0.00656662,-0.00183851,0.00889277
-0.50138742,-0.03232725,-0.86461883,-0.34483971,0.92396992,0.16542419,0.79353409,0.38109649,-0.47441462,-0.0030007,-0.00364399,0.00434337
-0.50179212,-0.03177932,-0.8644042,-0.34426192,0.92410507,0.16587206,0.79352901,0.38081477,-0.47464905,,,
-0.5022478,-0.03119196,-0.86416086,-0.34365533,0.92424115,0.16637096,0.79350359,0.38053297,-0.47491737,,,
-0.50240764,-0.03095572,-0.86407638,-0.34332683,0.92433837,0.166509,0.79354454,0.38031605,-0.47502258,0.0034943,-0.00674134,0.00251815
-0.50267584,-0.03059619,-0.86393336,-0.34263055,0.92457775,0.16661418,0.7936758,0.37976289,-0.47524609,0.00173928,-0.01357561,0.00435831
-0.50292451,-0.03057149,-0.86378941,-0.34176498,0.92496368,0.16624942,0.79389134,0.37882392,-0.47563517,0.00093328,-0.0102666,0.00200031
-0.503051129,-0.0305554377,-0.863716111,-0.341159649,0.925237535,0.165968606,0.794071313,0.378155853,-0.475866056,0.000327735121,-0.00920867827,0.000253054022
-0.503304418,-0.0306337575,-0.863565875,-0.3398467,0.925853335,0.165226545,0.794473831,0.376639302,-0.476396848,-0.000562394969,0.00553601934,-0.00187516469
-0.503561761,-0.030631096,-0.86341603,-0.338255138,0.926582091,0.164405256,0.794989916,0.374843117,-0.476952433,-0.00806208793,-0.000254213781,-0.0119780349
-0.5035895,-0.03057637,-0.86340165,-0.33746187,0.9269427,0.16400217,0.79530926,0.37395496,-0.47711696,-0.009227,-0.00272214,-0.01499552
-0.50352349,-0.03047608,-0.86344365,-0.33613528,0.92755182,0.16328097,0.79591256,0.37244974,-0.4772882,-0.01301741,0.004013,-0.02008071
-0.50318181,-0.03031962,-0.86364825,-0.33532451,0.92793121,0.16279166,0.79647037,0.37151631,-0.47708501,-0.01518368,0.00632948,-0.01255267
-0.50293389,-0.03017188,-0.86379777,-0.3350808,0.92803876,0.16268031,0.79672943,0.37125959,-0.47685214,-0.01560972,0.00164574,-0.01066806
-0.5023392,-0.02969075,-0.86416046,-0.33454224,0.92825101,0.16257776,0.79733075,0.37076745,-0.47622966,-0.00979653,0.00510806,-0.00335303
-0.50176214,-0.0290222,-0.86451849,-0.33403765,0.92841012,0.16270672,0.79790561,0.37042184,-0.47553555,-0.00840422,-0.00265032,0.00724791
-0.5015501,-0.02864697,-0.86465399,-0.3337255,0.92850285,0.16281808,0.79816944,0.37021856,-0.47525091,-0.00713492,0.00375646,0.00608062
-0.501176838,-0.0279681728,-0.864892819,-0.332970234,0.928757527,0.162911879,0.798719369,0.369631219,-0.474784331,-0.0031175781,-0.000140309319,0.00790194608
-0.50102548,-0.02727602,-0.86500259,-0.33182748,0.92916828,0.16290126,0.79928967,0.36864932,-0.47458792,0.00169262,-0.00532037,0.0038756
-0.50093277,-0.02692996,-0.86506707,-0.33121875,0.92939166,0.16286581,0.79960015,0.36811127,-0.47448244,0.00147774,0.00748926,0.0030529
-0.50081542,-0.02623283,-0.86515641,-0.32980126,0.92992178,0.16271635,0.80025927,0.36682055,-0.47437078,0.00510594,0.00099826,0.0037682
-0.500630273,-0.0254991944,-0.865285674,-0.328268531,0.930500712,0.162506013,0.801005168,0.365401455,-0.474207415,0.00518452376,0.000150859341,-0.00511320727
-0.50045346,-0.02504001,-0.86540118,-0.32740181,0.93082445,0.16240044,0.80147006,0.3646078,-0.47403245,0.00736182,-0.00345772,-0.0018739
-0.50000005,-0.02396933,-0.86569375,-0.32523291,0.93164554,0.16204983,0.8026355,0.36257698,-0.47361844,0.00855516,-0.01267701,-0.00977588
-0.49908672,-0.02287513,-0.86624987,-0.32261305,0.93269589,0.16124261,0.80425924,0.35993762,-0.47287594,0.01243893,-0.01106739,-0.01487039
-0.49840002,-0.02228023,-0.86666081,-0.32111127,0.93331255,0.16067122,0.80528561,0.3583731,-0.47231742,0.00897204,-0.01352233,-0.01529541
-0.4964421,-0.02100757,-0.86781548,-0.31798375,0.93462074,0.1592809,0.80773223,0.355025,-0.47066514,0.00184283,0.00105959,-0.01616247
-0.49382455,-0.01943724,-0.86934417,-0.31478522,0.93593937,0.15788524,0.81058458,0.35162434,-0.46830838,0.00334902,-0.00442404,-0.01288645
-0.4922532,-0.01859524,-0.87025322,-0.31321398,0.93658921,0.15715486,0.81214743,0.34993551,-0.46686331,-0.00121175,0.00293893,-0.01386203
-0.488665351,-0.0166452376,-0.872312567,-0.309925516,0.937921616,0.155721615,0.815568792,0.346447662,-0.463488583,-0.000623370521,-0.00105285633,-0.0287641566
-0.4840855,-0.01435559,-0.87490281,-0.30665198,0.93923821,0.15425997,0.81952765,0.34296573,-0.45907376,0.00502817,-0.0060336,-0.0373439
-0.48130709,-0.0131166,-0.87645378,-0.30505966,0.93988781,0.15345848,0.82175537,0.34123138,-0.456376,-0.0013317,-0.00482368,-0.03988066
-0.47461983,-0.01035267,-0.88012994,-0.30211524,0.94109947,0.15184918,0.82671777,0.33797132,-0.44979216,-0.00194591,0.00324196,-0.03104241
-0.466747481,-0.00721080078,-0.884361166,-0.299288492,0.942254578,0.150275428,0.832209749,0.334819817,-0.441953057,-0.00542477798,0.000749111117,-0.0194545053
-0.46250682,-0.00550687,-0.88659858,-0.29787358,0.94282073,0.14953394,0.83508005,0.33325477,-0.43770136,-0.00613518,0.00426453,-0.01862246
-0.45328413,-0.00195857,-0.89136392,-0.29519536,0.94389802,0.1480413,0.84106669,0.33023127,-0.42843215,-0.00861053,0.00136334,-0.0115434
-0.44339943,0.00186729,-0.8963222,-0.29253384,0.94493836,0.14668142,0.84724313,0.32724303,-0.41843889,-0.01020097,0.00241989,-0.00917906
