0,1,2,3,4,5,6,7,8,9,10,11,12,13,14
0.10060427,-0.97929092,-0.17569294,-0.90804652,-0.01820753,-0.41847331,0.40660818,0.20163755,-0.89107347,0.06686772,0.019333,-0.05425953,,,
0.10056303,-0.97890313,-0.17786424,-0.90873151,-0.01758446,-0.41701051,0.40508526,0.20356668,-0.89132847,0.0274616,0.02502799,-0.04991706,,,
0.10188744,-0.97778329,-0.18318996,-0.9092101,-0.0168035,-0.41599806,0.40367775,0.20894311,-0.8907225,-0.04014411,0.00985754,0.00933246,,,
0.10282797,-0.97745979,-0.18438718,-0.90932985,-0.01723984,-0.41571848,0.40316931,0.21041624,-0.89060611,-0.07713094,0.0064826,0.02675277,,,
0.10524329,-0.97775871,-0.18141564,-0.90952368,-0.0208748,-0.41512743,0.40210746,0.20869118,-0.89149163,-0.05867134,0.00840306,0.01039952,,,
0.10820217,-0.97857449,-0.17516915,-0.90955394,-0.02632819,-0.41475103,0.4012529,0.20420275,-0.89291505,0.02022472,0.01362884,-0.01266295,,,
0.112265327,-0.978816558,-0.171214842,-0.909227962,-0.0316758101,-0.415091575,0.400875153,0.202273698,-0.893523478,0.00186225493,0.000548481941,-0.00871069171,,,
0.114613092,-0.978217443,-0.173073496,-0.90875395,-0.0328661479,-0.416036093,0.401285509,0.204964402,-0.892725856,-0.026844088,5.48958778e-05,0.0185655467,,,
0.115543922,-0.977932897,-0.174059819,-0.908480343,-0.033187014,-0.416607792,0.401637944,0.206266418,-0.892267372,-0.0313428305,-0.00023663044,0.017814666,,,
0.11656531,-0.97747486,-0.17594124,-0.90795353,-0.03307912,-0.41776313,0.40253299,0.20844315,-0.89135762,-0.02004779,0.01174235,0.00509522,,,
0.1167656,-0.97700476,-0.17840237,-0.90745785,-0.03195727,-0.41892586,0.40359132,0.21080875,-0.89032215,-0.02696119,0.00133181,0.01971722,,,
0.11671967,-0.97679582,-0.17957234,-0.90724615,-0.0313009,-0.41943346,0.4040801,0.21187243,-0.88984767,-0.03948047,0.01069736,0.02365852,,,
0.11635882,-0.97653276,-0.1812299,-0.90699155,-0.03011367,-0.42007066,0.40475528,0.2132529,-0.88921095,-0.04015105,0.02364242,0.002978,,,
0.1158331,-0.97634386,-0.18257963,-0.90691822,-0.02899747,-0.42030756,0.40507036,0.21427032,-0.8888229,-0.03641079,0.03841448,0.01560527,,,
0.11573244,-0.97631285,-0.18280929,-0.906893,-0.02879021,-0.4203763,0.40515566,0.21443964,-0.88874324,-0.02988805,0.032166,0.01502812,,,
0.11532053,-0.976826299,-0.180309737,-0.906834671,-0.0294466558,-0.420456686,0.405403625,0.211998414,-0.889215761,0.000849858159,0.023955822,-0.00828414597,,,
0.1153069,-0.97685666,-0.18015375,-0.90684871,-0.02950823,-0.42042202,0.40537603,0.21184975,-0.8892637,0.00400542,0.01966822,-0.01065348,,,
0.11532492,-0.97677253,-0.18059759,-0.90695281,-0.02938865,-0.42020567,0.40513785,0.21225367,-0.88927583,0.00111078,0.01368594,0.00833305,,,
0.11516462,-0.97674504,-0.18084866,-0.90714051,-0.0292278,-0.41981166,0.40476315,0.2124026,-0.889411,-0.01186077,0.01281989,-0.00488683,,,
0.11512793,-0.97675764,-0.18080381,-0.90724457,-0.02926698,-0.4195839,0.40454021,0.21233909,-0.88952751,-0.01324742,0.00173044,-0.00430112,,,
0.114899882,-0.976865601,-0.180364961,-0.907464684,-0.029355392,-0.419101418,0.404111086,0.211829525,-0.889843964,0.00344871916,0.00900316238,0.00014721317,,,
0.11440304,-0.9770556,-0.17965033,-0.90768545,-0.02930799,-0.41862643,0.40375612,0.21095812,-0.89021208,0.0055886,0.00759053,-0.00203471,,,
0.114124646,-0.977097953,-0.179596696,-0.907780647,-0.0291176032,-0.41843309,0.403620713,0.210787912,-0.890313645,0.000794077176,0.00585317612,-0.000814968429,,,
0.11368569,-0.97702133,-0.18029042,-0.90785742,-0.02844603,-0.41831262,0.40357183,0.21123412,-0.89022997,0.0019302,0.00316584,0.00363204,,,
0.11325967,-0.97688031,-0.18132056,-0.90784551,-0.02759659,-0.41839574,0.40371873,0.21199842,-0.88998198,0.0037546,0.00699842,0.00779207,,,
0.11302123,-0.97680579,-0.18187038,-0.90784245,-0.0271345,-0.41843282,0.40379262,0.21240146,-0.88985254,0.0086457,0.01449549,0.00862963,,,
0.11255764,-0.97663321,-0.18308032,-0.90784057,-0.02617744,-0.41849766,0.40392613,0.21331285,-0.88957372,0.00291078,0.01204085,0.00904744,,,
0.11225805,-0.97644162,-0.18428158,-0.90778821,-0.02535194,-0.41866172,0.40412685,0.21428678,-0.88924815,,,,,,
0.11229801,-0.97632318,-0.18488443,-0.90769035,-0.02507932,-0.41889057,0.40433579,0.21485839,-0.88901548,-0.00216724,0.00857913,0.00412136,,,
0.11286108,-0.97594004,-0.18655658,-0.90732636,-0.02469805,-0.41970088,0.40499532,0.21663559,-0.88828357,-0.01118733,0.00864971,0.00758159,,,
0.11409315,-0.97563765,-0.18738723,-0.90690884,-0.02527893,-0.42056794,0.40558496,0.21792706,-0.88769856,0.00500361,0.0061928,0.00243243,,,
0.11480168,-0.97556575,-0.18732885,-0.9066821,-0.02585079,-0.42102181,0.40589185,0.21818173,-0.88749572,0.00711766,0.00303316,-0.00539869,,,
0.11635552,-0.975405272,-0.18720532,-0.906072927,-0.0270429479,-0.422256314,0.406808466,0.218753512,-0.886934904,0.00837293919,0.00288176537,0.000453337794,,,
0.11802123,-0.9752866,-0.18678074,-0.90556619,-0.02852709,-0.42324474,0.40745661,0.21909419,-0.88655337,0.00232072,0.00465119,-0.00128433,,,
0.11887843,-0.97524278,-0.18646527,-0.90533667,-0.02935005,-0.42367903,0.40771716,0.21918013,-0.88641213,0.01792479,-0.01164329,-0.00730794,,,
0.120641,-0.97516893,-0.18571791,-0.90488808,-0.03109922,-0.42451172,0.40819498,0.21926742,-0.88617058,0.0556432,0.00436509,-0.00444282,,,
0.12188128,-0.97496518,-0.18597794,-0.90474855,-0.03208354,-0.42473597,0.40813596,0.22003063,-0.88600872,0.06594767,0.00720298,-0.01336091,,,
0.12246606,-0.97477515,-0.18658876,-0.9046839,-0.03233555,-0.42485447,0.40810415,0.22083409,-0.88582339,0.04154063,-0.00635457,-0.02666371,,,
0.12586246,-0.97307764,-0.1930767,-0.90409295,-0.03239227,-0.42610652,0.40838053,0.2281901,-0.8838296,0.02840229,-0.00195181,-0.00422514,,,
0.12679709,-0.97279564,-0.19388411,-0.90393466,-0.03283571,-0.42640808,0.40844161,0.22932586,-0.88350717,0.0349058,0.01668537,-0.01073608,,,
0.12911797,-0.97199006,-0.19637648,-0.90340669,-0.03364467,-0.42746253,0.40888233,0.2326009,-0.88244645,0.02676236,0.01028442,-0.00716266,,,
0.13265359,-0.97057388,-0.20097074,-0.90262585,-0.03452822,-0.42903871,0.40947462,0.2383149,-0.88064537,-0.02064711,-0.0128054,0.02304115,,,
0.13409646,-0.97009257,-0.20233266,-0.9024033,-0.0351681,-0.42945483,0.40949529,0.24017403,-0.88013065,-0.02948697,0.0134325,0.02351337,,,
0.1364158,-0.97004518,-0.20100488,-0.90230998,-0.03790978,-0.42941753,0.40893437,0.23994803,-0.88045294,-0.02992696,0.05100143,-0.02471312,,,
0.13886934,-0.96968574,-0.20105914,-0.90219677,-0.04015975,-0.42945089,0.40835794,0.24103246,-0.8804243,-0.01774283,0.02701426,-0.02047069,,,
0.140181502,-0.969285998,-0.202073518,-0.902084116,-0.0408971122,-0.429617922,0.408158424,0.242511786,-0.88011052,-0.027846748,0.00829684734,0.000384336803,,,
0.14278897,-0.96842995,-0.2043397,-0.90170381,-0.04215812,-0.43029396,0.40809498,0.24569511,-0.8792567,-0.02057688,0.00746417,0.00256839,,,
0.1457025,-0.967498,-0.20668376,-0.90111567,-0.04354957,-0.43138581,0.40836395,0.24909994,-0.87817289,-0.0214235,0.01734757,0.0044961,,,
0.14704466,-0.96708024,-0.20768632,-0.90091329,-0.04426605,-0.43173565,0.40832957,0.25059178,-0.87776452,-0.0114162,0.03405142,-0.00338719,,,
0.14942665,-0.96634005,-0.20942451,-0.90059624,-0.04558153,-0.43226009,0.40816434,0.2531981,-0.87709331,-0.01115072,0.02440405,-0.01539512,,,
0.15186848,-0.96567421,-0.21073469,-0.90022533,-0.04711258,-0.43286781,0.40808104,0.25544766,-0.8764793,-0.01694238,-0.00592124,0.01561977,,,
0.153094932,-0.965404951,-0.2110811,-0.900072037,-0.0480425415,-0.43308458,0.407961124,0.25629125,-0.87628907,-0.00689020054,-0.000963389874,0.0162111875,,,
0.1585898,-0.96442748,-0.21149215,-0.89940448,-0.05274102,-0.43392394,0.40733386,0.25903289,-0.87577458,0.03143717,0.00804126,-0.0039959,,,
0.16002213,-0.96418137,-0.21153513,-0.89927277,-0.05402403,-0.43403892,0.40706427,0.25968361,-0.87570709,0.04798801,0.01224518,-0.00219724,,,
0.16331251,-0.96366442,-0.21137578,-0.89920514,-0.05724357,-0.43376614,0.40590512,0.26090961,-0.87588059,0.02513649,-0.0152539,-0.02318794,,,
0.16779944,-0.96268841,-0.212307,-0.89859424,-0.06079414,-0.4345484,0.4054277,0.26369481,-0.87526748,0.01158722,-0.02966952,0.01410493,,,
0.1697846,-0.96218238,-0.21302149,-0.89834342,-0.06224378,-0.43486168,0.405157,0.26519926,-0.87493824,0.03700347,-0.05403298,0.0254427,,,
0.17338546,-0.96125484,-0.21430516,-0.89756585,-0.06466959,-0.43611179,0.40535553,0.26796844,-0.87400228,0.05782337,-0.02166486,-0.00550457,,,
0.17586707,-0.96021137,-0.21694427,-0.89695352,-0.06549206,-0.43724714,0.40564156,0.27148629,-0.87278286,0.04899316,-0.01513267,0.0187384,,,
0.17683812,-0.95988289,-0.21760761,-0.89688876,-0.06609837,-0.43728881,0.40536254,0.27249915,-0.87259688,0.03655355,-0.02718663,0.00888433,,,
0.17834272,-0.95935073,-0.21872335,-0.89670046,-0.06693915,-0.43754684,0.40511974,0.2741626,-0.87218835,0.03403107,-0.0360446,-0.00344466,,,
0.17967962,-0.95869772,-0.22048539,-0.89655061,-0.06734674,-0.43779137,0.40486063,0.27633849,-0.87162187,0.0859159,-0.03340352,0.01688002,,,
0.18041589,-0.95834918,-0.22139761,-0.89637763,-0.0675357,-0.43811642,0.40491628,0.27749903,-0.87122728,0.08205336,-0.05088609,-0.00427247,,,
0.18264298,-0.95660452,-0.22704469,-0.89558068,-0.06658682,-0.4398879,0.40568058,0.28367927,-0.86887814,0.04666443,-0.04510713,0.00843612,,,
0.18558859,-0.95452037,-0.23334014,-0.8950203,-0.06619272,-0.44108618,0.40558034,0.29070471,-0.86659971,0.00872836,-0.01210606,-0.00681856,,,
0.18717623,-0.95384621,-0.23482427,-0.89489325,-0.06698403,-0.44122462,0.40513096,0.29272942,-0.86612836,-0.02552375,0.016837,-0.0079054,,,
0.18876029,-0.95378853,-0.233788,-0.89522807,-0.06927328,-0.44019055,0.40365345,0.29238406,-0.86693431,-0.05691086,-0.01816547,0.00524436,,,
0.18839852,-0.95482985,-0.22979541,-0.89593156,-0.07125972,-0.43843889,0.40225939,0.2884822,-0.86888742,0.00877939,-0.05396056,0.00808929,,,
0.18839852,-0.95482985,-0.22979541,-0.89593156,-0.07125972,-0.43843889,0.40225939,0.2884822,-0.86888742,0.00877939,-0.05396056,0.00808929,,,
0.18538281,-0.95692378,-0.22345023,-0.89813793,-0.07273151,-0.43365686,0.3987247,0.28108165,-0.87293272,0.07652606,0.07110584,-0.08173928,,,
0.18435486,-0.955433896,-0.230563047,-0.898715898,-0.0688998318,-0.433084863,0.397898207,0.287051972,-0.87136565,-0.00516189449,-0.000175058842,-0.0379870608,,,
0.184604582,-0.954140483,-0.235662813,-0.898827048,-0.0669152073,-0.433165244,0.397531082,0.291784388,-0.869960126,-0.0493979305,-0.0315028429,0.000135942362,,,
0.18401336,-0.95290205,-0.24107388,-0.89961908,-0.06445995,-0.43189146,0.39601067,0.29634845,-0.86911036,-0.09575142,-0.03590316,0.06211631,,,
0.18060254,-0.95452442,-0.23720439,-0.90136041,-0.0641092,-0.4282984,0.39361429,0.29115843,-0.8719488,-0.07252419,0.06281781,-0.04183279,,,
0.17828707,-0.95558853,-0.2346577,-0.90229327,-0.06363515,-0.42640048,0.39253093,0.28775175,-0.87356643,-0.02852518,0.04997754,-0.06563678,,,
0.17369633,-0.956894,-0.23277344,-0.9043456,-0.06141489,-0.42235918,0.38985721,0.28386988,-0.87603043,0.03662637,-0.07233393,-0.02750988,,,
0.16930019,-0.95808936,-0.23108899,-0.90709731,-0.0597939,-0.41665217,0.3853723,0.28015948,-0.8792034,0.02474622,-0.05504626,-0.00297095,,,
0.16657532,-0.95893117,-0.22957263,-0.90887178,-0.05903491,-0.41287633,0.38236719,0.27742708,-0.88137924,0.00976591,0.02824056,-0.03158707,,,
0.16020498,-0.95993799,-0.22989854,-0.91243313,-0.05516457,-0.40549052,0.37656351,0.27472864,-0.88471686,-0.0255957,0.0832665,-0.07378802,,,
0.15537549,-0.95916101,-0.23636538,-0.91534919,-0.04981312,-0.3995679,0.37147585,0.27843992,-0.88570699,-0.0226315,-0.0187394,-0.05674781,,,
0.15384115,-0.95868408,-0.23928565,-0.91646094,-0.04791389,-0.39724483,0.36936719,0.28040854,-0.88596764,0.02020123,-0.04576457,-0.02354698,,,
0.15076611,-0.95861617,-0.24150515,-0.91877074,-0.04570815,-0.39213674,0.36486986,0.2810088,-0.88763973,0.04342591,0.00956082,-0.00142988,,,
0.14688281,-0.95885221,-0.24295637,-0.92151883,-0.04338277,-0.38590269,0.35948353,0.28057133,-0.88997254,0.01313375,0.11858666,-0.03876755,,,
0.14544676,-0.9584377,-0.24544354,-0.92259803,-0.04180086,-0.38349147,0.35729293,0.28222332,-0.89033253,-0.00302245,0.09025836,-0.06752077,,,
0.14545078,-0.95601468,-0.25471573,-0.92378591,-0.03905919,-0.38091218,0.35420864,0.29070678,-0.88883408,-0.03813809,-0.02919465,-0.01316385,,,
0.14734683,-0.95413269,-0.26061413,-0.92482417,-0.03947985,-0.37834059,0.35069812,0.29676954,-0.88822221,-0.03771452,0.01074779,0.06847097,,,
0.14800574,-0.9540828,-0.26042329,-0.92561254,-0.04088717,-0.37625742,0.34833276,0.29673932,-0.88916254,-0.06403472,0.03717709,0.02962023,,,
0.14946157,-0.95414898,-0.25934735,-0.92719269,-0.04413229,-0.37197604,0.34347497,0.2960611,-0.89127604,-0.04860114,0.04020119,-0.00939422,,,
0.15265422,-0.95357991,-0.25958027,-0.92963487,-0.0494202,-0.36515269,0.33537376,0.29705697,-0.89402534,-0.04213754,-0.01705122,0.0323732,,,
0.15526841,-0.95338823,-0.25873265,-0.93152073,-0.05410691,-0.35964088,0.32887815,0.2968557,-0.896502,-0.04143042,-0.02996349,0.02002032,,,
0.15717604,-0.95341356,-0.25748447,-0.93344937,-0.05829764,-0.35394014,0.32244059,0.29597963,-0.89912628,-0.02354285,-0.01032084,-0.00237918,,,
0.15768467,-0.95358301,-0.25654433,-0.93435894,-0.06000997,-0.35124376,0.31954486,0.29509024,-0.90045146,-0.02092667,-0.01507664,-0.0030941,,,
0.15792045,-0.95440306,-0.25332962,-0.93616479,-0.06310226,-0.34585193,0.31409647,0.29177536,-0.90344368,-0.00924583,-0.07959962,-0.01124403,,,
0.15732786,-0.95555271,-0.24933275,-0.93784363,-0.06548045,-0.34082469,0.30934954,0.28745635,-0.90646092,0.01040887,-0.12729418,0.01065421,,,
0.15638438,-0.9562522,-0.2472359,-0.93878745,-0.06611532,-0.33809288,0.30695598,0.28497441,-0.90805697,0.01514409,-0.08846313,0.003634,,,
0.15313919,-0.95735102,-0.24500512,-0.94080662,-0.06537936,-0.33257867,0.30237624,0.28143327,-0.91069432,0.02700333,-0.01137698,-0.05479378,,,
0.14921585,-0.95701961,-0.24869246,-0.94255778,-0.06164698,-0.32830517,0.29886336,0.28339534,-0.91124499,0.05530111,-0.10463381,-0.08333325,,,
0.14763159,-0.95632266,-0.25229306,-0.94315504,-0.05932702,-0.3270149,0.29776396,0.2862292,-0.91071908,0.06761201,-0.13989025,-0.03778579,,,
0.14515762,-0.9545074,-0.26047042,-0.94385623,-0.05462973,-0.32580816,0.29675688,0.29314016,-0.90884768,0.02668152,-0.0613113,0.05455361,,,
0.1431249,-0.9529477,-0.26721884,-0.94434685,-0.05069275,-0.32502189,0.2961828,0.298866,-0.90716856,-0.03397437,0.12524354,0.06291212,,,
0.14231588,-0.95222454,-0.27021204,-0.94445913,-0.04894037,-0.32496413,0.29621454,0.30145178,-0.90630215,-0.05911313,0.09343374,0.02928504,,,
0.14242653,-0.95053245,-0.27604815,-0.9441278,-0.04671869,-0.32625123,0.29721577,0.30709156,-0.9040781,-0.06430583,-0.06224614,-0.00688593,,,
0.14475849,-0.94925466,-0.27921419,-0.94330425,-0.04720979,-0.3285549,0.29870063,0.31094505,-0.90226998,-0.04032248,-0.0047152,0.06214787,,,
0.14605103,-0.94915021,-0.27889587,-0.94302417,-0.04838058,-0.32918788,0.2989556,0.31108377,-0.90213762,-0.03167799,0.08194888,0.06697658,,,
0.14812205,-0.94951922,-0.27653792,-0.94298315,-0.05132554,-0.32885954,0.29806499,0.30948195,-0.90298306,-0.041544,0.09648728,0.01013444,,,
0.15066811,-0.94911409,-0.27655303,-0.94298135,-0.05399459,-0.32843687,0.2967917,0.31026932,-0.90313216,-0.06802419,-0.03619903,-0.0238343,,,
0.15213697,-0.94877188,-0.27692272,-0.9428619,-0.05528958,-0.32856417,0.29642151,0.31108664,-0.90297245,-0.05631572,-0.076855,0.00327349,,,
0.154149315,-0.948933983,-0.275249511,-0.942737693,-0.0578640186,-0.328477411,0.295776335,0.310122658,-0.903515533,-0.0492866486,-0.000625193119,0.0582191944,,,
0.1535917,-0.95067984,-0.26947628,-0.94311645,-0.05966092,-0.32706569,0.29485755,0.30438209,-0.90576522,0.01053412,0.10141325,-0.06675467,,,
0.15286094,-0.95125986,-0.26783975,-0.94372404,-0.06007663,-0.32523165,0.29328891,0.30248202,-0.90691017,0.02293696,0.06801176,-0.14035392,,,
0.15230627,-0.95077566,-0.26986724,-0.94502928,-0.06015865,-0.32140388,0.28934814,0.30398427,-0.90767338,-0.00951379,-0.07890928,-0.11347221,,,
0.15417292,-0.94858162,-0.27644847,-0.94585854,-0.06081225,-0.31883171,0.28562644,0.31063636,-0.90659962,0.04164476,0.01028526,0.02337063,,,
0.15525446,-0.94755572,-0.2793459,-0.94622811,-0.06140039,-0.31761968,0.2838104,0.31363681,-0.90613654,0.06803327,0.09201431,0.0253674,,,
0.15794673,-0.94563501,-0.28430122,-0.94666872,-0.06312599,-0.31596416,0.28083998,0.31904457,-0.90517363,0.04435284,0.10882258,0.01944531,,,
0.16267342,-0.9428883,-0.29068679,-0.94631032,-0.06568369,-0.31651567,0.27934554,0.3265686,-0.90294992,-0.03474599,-0.03911644,-0.03261001,,,
0.1660019,-0.94156446,-0.29308644,-0.94595837,-0.06808315,-0.31706051,0.27857866,0.32988022,-0.90198271,-0.05694243,-0.06465042,-0.01380403,,,
0.17240532,-0.9395266,-0.29591557,-0.94577375,-0.07392855,-0.31630111,0.27529669,0.33440117,-0.90132527,-0.04996473,0.0676012,0.02636005,,,
0.1782964,-0.9383844,-0.29604899,-0.94574288,-0.08037308,-0.31481808,0.27162601,0.33611716,-0.9018006,-0.01695349,0.08714235,-0.03931679,,,
0.18142821,-0.93781078,-0.29596379,-0.94563733,-0.08376809,-0.31424944,0.26991419,0.33688812,-0.90202678,-0.03278836,0.02666235,-0.04282689,,,
0.18812464,-0.93592198,-0.29775699,-0.94555854,-0.09061574,-0.31258266,0.26557151,0.34035117,-0.90201607,-0.05053898,-0.0448879,0.03024418,,,
0.19498639,-0.93434828,-0.29828414,-0.94588354,-0.09870591,-0.30912982,0.2593925,0.34241817,-0.90303097,-0.03484651,0.10525608,0.03833521,,,
0.19750235,-0.93404113,-0.29759016,-0.94638833,-0.10251381,-0.30633303,0.25562054,0.34213734,-0.90421234,-0.02618944,0.07213342,-0.01783508,,,
0.20100514,-0.93366707,-0.29641628,-0.94732888,-0.10825565,-0.30141093,0.24932872,0.34138885,-0.90624973,-0.08665306,-0.04978919,-0.03557389,,,
0.20375504,-0.93290818,-0.2969279,-0.94822185,-0.11257335,-0.29698907,0.24363737,0.34206654,-0.90754131,-0.06514381,-0.0360691,-0.01460672,,,
0.20513663,-0.93246616,-0.29736478,-0.94872987,-0.11479635,-0.29450537,0.2404799,0.34253269,-0.90820744,0.00097231,0.04001021,-0.00871051,,,
0.20798359,-0.9309212,-0.3002141,-0.94969609,-0.11872094,-0.28979755,0.23413698,0.3453853,-0.90878423,0.06741556,0.01798487,-0.04096821,,,
0.21119448,-0.92827644,-0.30610384,-0.94997898,-0.12121867,-0.28782933,0.23007968,0.35158019,-0.90744382,-0.03867954,-0.10810769,-0.04320648,,,
0.21258059,-0.92658127,-0.31025266,-0.94993302,-0.12155973,-0.28783781,0.2289909,0.35590797,-0.90603138,-0.07239974,-0.14740032,-0.02550043,,,
0.21537504,-0.92362879,-0.31705411,-0.94948859,-0.1221878,-0.28903522,0.2282211,0.36329024,-0.9032912,-0.08320041,-0.04621887,0.0161189,,,
0.21867856,-0.92219224,-0.3189686,-0.94853967,-0.12417229,-0.29129619,0.22902401,0.36625461,-0.90188974,0.00612223,0.0752784,0.00573498,,,
0.22049432,-0.92176719,-0.31894746,-0.94790202,-0.1254205,-0.29283344,0.22992171,0.36689906,-0.90139949,0.01777601,0.02703094,-0.02840687,,,
0.22426762,-0.92025776,-0.32067027,-0.94621366,-0.12688368,-0.29762366,0.23320264,0.37016996,-0.89921636,-0.0586691,-0.14414436,-0.07986525,,,
0.2271444,-0.91786167,-0.32547701,-0.9444513,-0.12610393,-0.3034953,0.23752277,0.37633445,-0.89551945,-0.06247931,-0.01317799,0.01194434,,,
0.22820572,-0.91687647,-0.32750527,-0.94374383,-0.12563271,-0.30588237,0.23931097,0.37888519,-0.89396662,-0.01675331,0.12768996,0.04088307,,,
0.22962211,-0.91625253,-0.32826052,-0.94269481,-0.12548824,-0.30915882,0.24207472,0.38043919,-0.89256138,0.02829553,0.19719458,0.00201424,,,
0.2309468,-0.91474796,-0.3315113,-0.94160251,-0.1243157,-0.31293822,0.24504754,0.38442395,-0.89003929,-0.02764335,0.03416336,-0.03783783,,,
0.23198093,-0.91313324,-0.33521993,-0.94095951,-0.12331536,-0.31525913,0.24653582,0.38856249,-0.88782821,-0.06015037,-0.04402149,-0.03233419,,,
0.23426269,-0.90865308,-0.34564501,-0.93974104,-0.12058377,-0.3199159,0.24901338,0.39976117,-0.88214687,-0.09288866,-0.07282567,-0.01614923,,,
0.23457621,-0.90421404,-0.35689055,-0.93914943,-0.11602549,-0.32332072,0.25094273,0.41101691,-0.87640892,-0.07252231,0.0996716,-0.00719705,,,
0.23359889,-0.90293974,-0.36073715,-0.93901415,-0.11320515,-0.32471047,0.25235668,0.4145893,-0.87431779,-0.0720007,0.09662557,-0.0028504,,,
0.23125633,-0.90154391,-0.36570343,-0.93812822,-0.10705263,-0.32932514,0.25775155,0.41923524,-0.87052038,-0.09169935,-0.01707935,0.0601543,,,
0.22898163,-0.90100237,-0.36845907,-0.93677024,-0.10106152,-0.33503435,0.26462971,0.42187821,-0.86717344,-0.09564129,-0.08902228,0.03044321,,,
0.22821757,-0.90101703,-0.36889702,-0.9359099,-0.09860679,-0.33815576,0.26830834,0.42242746,-0.86577457,-0.07756586,-0.07789862,0.02089431,,,
0.22683929,-0.90055817,-0.37086219,-0.93412379,-0.09342119,-0.34450689,0.2756021,0.4245789,-0.86242441,-0.01580449,-0.01024008,-0.00424607,,,
0.22626217,-0.89880429,-0.37544134,-0.93237392,-0.08828422,-0.35054908,0.28192946,0.42936771,-0.85799705,0.04378396,0.00979686,0.01763518,,,
0.22678292,-0.89718388,-0.37898597,-0.93162765,-0.08637584,-0.35299975,0.28397044,0.43312813,-0.85542987,0.02200139,-0.01709032,0.03054595,,,
0.22678292,-0.89718388,-0.37898597,-0.93162765,-0.08637584,-0.35299975,0.28397044,0.43312813,-0.85542987,0.02200139,-0.01709032,0.03054595,,,
0.23222972,-0.8895817,-0.39333665,-0.9290805,-0.08318609,-0.36040178,0.28788668,0.44913742,-0.84581129,-0.12535016,-0.00643885,0.05942536,,,
0.23369221,-0.88889356,-0.39402546,-0.92836731,-0.08353532,-0.36215439,0.28900165,0.45043302,-0.84474128,-0.12190441,0.04021752,0.05423244,,,
0.23693456,-0.88970892,-0.39023063,-0.92707848,-0.08695183,-0.36464328,0.2904951,0.44817102,-0.84543188,-0.06138629,0.03590441,0.01660558,,,
0.24105505,-0.89190683,-0.38261554,-0.92604209,-0.09340988,-0.36567828,0.29041088,0.44246669,-0.84846019,-0.01315781,-0.0616712,-0.04367871,,,
0.24309787,-0.89258706,-0.3797258,-0.92545088,-0.09614626,-0.3664648,0.29059252,0.44050439,-0.84941843,-0.00682557,-0.05719787,-0.08535595,,,
0.2461773,-0.89256488,-0.37778883,-0.92396769,-0.0984027,-0.36959467,0.29271176,0.4400505,-0.84892561,0.03931424,0.04185879,-0.04375446,,,
0.24895519,-0.89138559,-0.37875211,-0.92224876,-0.09875927,-0.37376996,0.29576788,0.44235563,-0.84666589,0.03149735,0.08977592,-0.03177896,,,
0.25075544,-0.89035617,-0.37998363,-0.92132684,-0.09902376,-0.37596686,0.297117,0.44436485,-0.84513978,0.00488434,0.03095889,-0.03247275,,,
0.25488856,-0.88711283,-0.38478906,-0.91933633,-0.09896298,-0.38082412,0.29975409,0.45081827,-0.84077958,-0.01901805,0.0067513,0.02284538,,,
0.25901777,-0.88437627,-0.38831478,-0.91721608,-0.09922165,-0.38583631,0.30269524,0.45610703,-0.83686431,0.0019177,0.13743687,0.05536181,,,
0.26591625,-0.88213485,-0.38874986,-0.9138784,-0.10234798,-0.39287512,0.30678106,0.45974199,-0.83337997,-0.04097951,0.04397702,-0.01817302,,,
0.27144795,-0.87924951,-0.39145396,-0.91131414,-0.10399078,-0.39836201,0.30955199,0.46487208,-0.8295006,-0.05996308,0.00175035,0.0104728,,,
0.27394385,-0.87778289,-0.39300355,-0.91004399,-0.10440946,-0.40114627,0.31108604,0.46754209,-0.82742338,-0.02800931,0.05520856,0.04865821,,,
0.27770988,-0.87627242,-0.39373064,-0.9078935,-0.10542826,-0.40572676,0.31401683,0.47013982,-0.8248405,0.05799703,0.20062912,0.09817314,,,
0.279829032,-0.876732474,-0.391197899,-0.906107743,-0.10652337,-0.409415924,0.317276513,0.46903391,-0.824222415,-0.000701676647,0.0999567509,0.00441044895,,,
0.28064177,-0.87667115,-0.39075304,-0.90506222,-0.10617614,-0.41181196,0.31953502,0.46922745,-0.82323939,-0.04318991,0.04927957,-0.00543719,,,
0.28147475,-0.87578268,-0.39214352,-0.90304671,-0.10357956,-0.41686655,0.32446645,0.47146133,-0.8200277,-0.04157614,0.05574989,0.05688035,,,
0.281949513,-0.875917267,-0.391501275,-0.901755126,-0.102588725,-0.419896409,0.327630891,0.471427876,-0.818787727,0.000844027847,0.107578278,0.0707784966,,,
0.28169037,-0.87636835,-0.39067787,-0.90148053,-0.10227948,-0.42056153,0.32860849,0.47065662,-0.81884015,0.00938704,0.08760655,0.05035998,,,
0.27921162,-0.87787287,-0.38907593,-0.90136297,-0.09992672,-0.42137798,0.33103721,0.46835227,-0.8191828,-0.02124438,0.01205707,0.02831391,,,
0.27658246,-0.8793597,-0.38759317,-0.90097122,-0.09697831,-0.4229016,0.33429448,0.46617746,-0.81910028,-0.00180046,-0.0329088,0.05083107,,,
0.27601726,-0.87988449,-0.38680445,-0.9005273,-0.09607614,-0.42405171,0.33595384,0.46537356,-0.81887868,0.01186426,-0.00221086,0.06345666,,,
0.27576785,-0.88104023,-0.38434366,-0.89958448,-0.09567403,-0.4261385,0.33867345,0.46326489,-0.81895394,-0.01520781,0.00409198,0.02056364,,,
0.27589172,-0.88213478,-0.38173544,-0.89811144,-0.09508461,-0.42936546,0.34246104,0.46129934,-0.81848839,-0.04913265,-0.08901441,-0.01810251,,,
0.27595503,-0.8825592,-0.38070721,-0.89706227,-0.09425308,-0.43173545,0.34514926,0.46065764,-0.81772016,-0.04020318,-0.09540933,-0.00578235,,,
0.27716816,-0.88342901,-0.37779758,-0.89446773,-0.09365747,-0.43721366,0.35086367,0.45910944,-0.81615761,0.0275088,-0.00969434,0.01791148,,,
0.280006748,-0.884178177,-0.373931892,-0.891606521,-0.0951327721,-0.442704637,0.3558566,0.4573604,-0.814976847,0.0206382405,-0.00670659542,6.61271624e-05,,,
0.28179631,-0.88421115,-0.37250707,-0.88997635,-0.09581217,-0.44582751,0.35851495,0.45715503,-0.81392652,-0.01338124,-0.03520525,-0.02985565,,,
0.28565765,-0.88396842,-0.37013436,-0.88606563,-0.09648498,-0.45340732,0.36508535,0.45748261,-0.81081571,-0.03483045,-0.08061969,-0.02233904,,,
0.29019182,-0.88336366,-0.36804518,-0.88162077,-0.09719729,-0.46184126,0.37220079,0.45849883,-0.8069976,0.02687959,0.05066764,0.0380617,,,
0.29274441,-0.8833502,-0.36605081,-0.87939473,-0.09840596,-0.46581248,0.37545396,0.45826715,-0.8056213,0.03173133,0.11803067,0.05603008,,,
0.29717477,-0.8841148,-0.36059404,-0.87528019,-0.10133687,-0.47287975,0.38153851,0.45614874,-0.80396293,-0.03737871,0.06839275,-0.00683803,,,
0.30044825,-0.8849323,-0.35584515,-0.87085123,-0.10234043,-0.48077513,0.38903609,0.45433624,-0.80139239,-0.04443987,-0.01186132,-0.00502951,,,
0.30207684,-0.8852494,-0.35367088,-0.86838264,-0.10248039,-0.48519005,0.39326987,0.45368633,-0.79969216,0.00163322,0.01764393,0.01052167,,,
0.30465071,-0.88598853,-0.34958862,-0.86427196,-0.10289962,-0.4923876,0.40027723,0.45214587,-0.79708348,0.08355287,0.18608165,0.04294542,,,
0.30617035,-0.88642868,-0.34713651,-0.86185818,-0.103236,-0.49653051,0.4043019,0.45120535,-0.79558361,0.00664974,0.11741161,-0.00453708,,,
0.30650532,-0.88638239,-0.34695914,-0.86056834,-0.10226876,-0.49896199,0.40678804,0.45151655,-0.79413855,-0.04794574,0.04830813,-0.02333864,,,
0.30614563,-0.88606384,-0.34808842,-0.85759158,-0.09795199,-0.50491765,0.41329332,0.45309602,-0.78986847,-0.06944333,0.03719044,0.05708073,,,
0.3043449,-0.88744952,-0.34613233,-0.85501952,-0.09432934,-0.5099448,0.41989984,0.451149,-0.78749532,-0.01412877,0.13409245,0.09114542,,,
0.302510439,-0.88910365,-0.34348508,-0.854110133,-0.0929102776,-0.511725855,0.423064039,0.448176494,-0.787498765,0.000814432278,0.133823752,0.0335613191,,,
0.29709501,-0.89317561,-0.3375972,-0.85248682,-0.08885027,-0.51514252,0.43011714,0.44084343,-0.78781741,-0.00225652,0.03043652,-0.0261717,,,
0.29099339,-0.89605933,-0.33526176,-0.85010276,-0.08140286,-0.52028718,0.43891692,0.43640708,-0.78543021,0.04306217,-0.03975779,-0.00233781,,,
0.288382,-0.89697838,-0.33506045,-0.84857687,-0.07731053,-0.52339299,0.4435685,0.43526166,-0.78345007,0.06937599,-0.00701153,0.04127714,,,
0.28421846,-0.89863732,-0.3341719,-0.84603582,-0.07110188,-0.52836345,0.45104686,0.43289204,-0.78048783,0.04892973,0.10433733,0.07893395,,,
0.28090271,-0.90015706,-0.33288272,-0.84392786,-0.06650157,-0.53231875,0.45703326,0.43045878,-0.77834809,0.01079071,0.03856862,-0.03160996,,,
0.27961571,-0.9007973,-0.33223375,-0.84246407,-0.06422162,-0.53491108,0.46050987,0.42946454,-0.77684674,0.02034143,0.02484524,-0.03793742,,,
0.278215,-0.90194667,-0.33028551,-0.83951825,-0.06126348,-0.53986641,0.46669628,0.42747963,-0.77424511,0.05074769,0.07042325,0.03671169,,,
0.27745748,-0.90376198,-0.32593165,-0.83759044,-0.06137319,-0.54284003,0.47059474,0.42361224,-0.77401085,0.02167061,0.09943247,0.03420392,,,
0.27674731,-0.90500795,-0.32306591,-0.83702874,-0.06189068,-0.54364739,0.47201043,0.42086841,-0.77464575,-0.00637056,0.07284713,0.01475571,,,
0.27588439,-0.9077145,-0.31613634,-0.83567162,-0.06400748,-0.54548692,0.4749113,0.41467749,-0.77620991,-0.0094155,0.03554845,-0.04886923,,,
0.27566996,-0.90918478,-0.31207219,-0.8334162,-0.0642921,-0.54889331,0.47898167,0.41139941,-0.77545273,0.09700898,0.05274832,-0.08420262,,,
0.27567077,-0.90922741,-0.31194735,-0.83241006,-0.06350579,-0.55050932,0.4807277,0.41142744,-0.77435674,0.12104038,0.0841347,-0.04628936,,,
0.27585394,-0.90825163,-0.31461689,-0.83148452,-0.06127155,-0.55215904,0.48222226,0.41391434,-0.77209918,0.04253438,0.16252112,0.04023281,,,
0.27466998,-0.90715583,-0.31878617,-0.83118985,-0.05732868,-0.55302507,0.48340434,0.41687121,-0.76976518,-0.05312138,0.11541688,0.02751898,,,
0.27325734,-0.90730648,-0.31957042,-0.83117528,-0.05546807,-0.55323663,0.48422924,0.41679499,-0.76928777,-0.05093123,0.09458506,0.04051973,,,
0.26935908,-0.90908578,-0.31781867,-0.8316212,-0.05314832,-0.55279419,0.48564581,0.41320487,-0.77033099,0.0181949,0.14282537,0.04296087,,,
0.26436882,-0.91106822,-0.31632871,-0.83347616,-0.05081585,-0.55021386,0.48520785,0.40911183,-0.77278777,0.05812563,0.14789951,-0.00205942,,,
0.26156124,-0.91151606,-0.31737063,-0.83503698,-0.04880466,-0.54802486,0.4840443,0.40835827,-0.77391503,0.04202741,0.10872293,-0.00797489,,,
0.25537063,-0.91194022,-0.32117108,-0.8383227,-0.04336192,-0.54344713,0.48166471,0.40802544,-0.77557355,-0.0557945,-0.04769945,-0.02850016,,,
0.24872466,-0.91235271,-0.32518997,-0.84088408,-0.0367815,-0.5399639,0.48067656,0.4077494,-0.77633133,-0.08154849,-0.06776369,0.02339518,,,
0.24524873,-0.91281132,-0.32654008,-0.84210916,-0.03370352,-0.53825278,0.4803177,0.40698819,-0.77695252,-0.06397724,-0.04766333,0.05671231,,,
0.23906472,-0.91424367,-0.3271186,-0.84460465,-0.02958352,-0.53457255,0.47905224,0.40408332,-0.77924682,-0.00562037,-0.0116334,0.01737308,,,
0.23422813,-0.91603078,-0.32561412,-0.84648291,-0.02744257,-0.53170786,0.4781251,0.40016771,-0.78183222,-0.00552552,-0.11433494,-0.08071944,,,
0.23236236,-0.91666047,-0.32517882,-0.84687749,-0.02625519,-0.53113946,0.47833692,0.39880343,-0.78239984,-0.00432241,-0.1602568,-0.07694954,,,
0.23004412,-0.9166146,-0.32695164,-0.84685324,-0.02301391,-0.53132847,0.47949899,0.39910904,-0.78153225,0.01198475,-0.09593368,-0.01371527,,,
0.2295902,-0.91583891,-0.32943513,-0.84666048,-0.02098392,-0.53171966,0.48005671,0.40099734,-0.78022231,-0.00844437,-0.02567267,-0.01496124,,,
0.22980368,-0.91566167,-0.32977864,-0.84641615,-0.02078161,-0.53211634,0.48038521,0.40141226,-0.77980652,-0.01276959,-0.01442128,-0.0105611,,,
0.23125456,-0.91554825,-0.32907847,-0.84564095,-0.02191033,-0.53330217,0.48105365,0.40161078,-0.77929195,0.00167368,0.04160249,0.02785885,,,
0.2333645,-0.91587748,-0.32666395,-0.84495518,-0.02473851,-0.53426454,0.48123969,0.40069476,-0.7796485,0.01496647,0.11068892,0.01751073,,,
0.23437267,-0.91597174,-0.32567637,-0.8447606,-0.02610597,-0.53450711,0.48109133,0.40039242,-0.77989537,0.02221893,0.13228357,-0.00122772,,,
0.23545641,-0.9159742,-0.32488708,-0.84460546,-0.02746341,-0.53468446,0.48083466,0.40029629,-0.78010325,0.0208176,0.11917257,-0.02603781,,,
0.23449782,-0.91608273,-0.32527375,-0.84506807,-0.02671513,-0.53399064,0.48048989,0.40009809,-0.7804169,-0.0298549,0.07850313,-0.02345927,,,
0.23298717,-0.91632368,-0.32568038,-0.84555307,-0.02545241,-0.53328411,0.48037153,0.39962838,-0.78073039,-0.05184925,0.05079472,-0.02233209,,,
0.22365185,-0.91684287,-0.33072489,-0.84931312,-0.01685486,-0.5276202,0.4781705,0.39889222,-0.78245629,-0.01447279,-0.01781768,0.00269155,,,
0.2210452,-0.91707087,-0.33184324,-0.85044885,-0.01470669,-0.52585201,0.47736325,0.39845275,-0.78317271,-0.02591663,-0.03151244,0.00653313,,,
0.21546349,-0.9177073,-0.33374936,-0.85276206,-0.01030366,-0.52219776,0.47578587,0.39712333,-0.78480603,-0.06284711,-0.10180223,0.00324,,,
0.21072461,-0.91861269,-0.33428388,-0.85429206,-0.00683286,-0.5197482,0.47516319,0.39509979,-0.78620338,-0.05842781,-0.1332956,0.03838188,,,
0.20893541,-0.91908933,-0.33409695,-0.85484492,-0.00572358,-0.51885197,0.47495908,0.39400763,-0.7868747,-0.03661582,-0.11380786,0.04905855,,,
0.20685208,-0.91988494,-0.33320228,-0.85567512,-0.00496734,-0.51748934,0.47437554,0.39215664,-0.78815016,-0.01430434,-0.07675952,0.0234671,,,
0.20643159,-0.92043005,-0.33195544,-0.85571386,-0.00530754,-0.51742195,0.47448885,0.3908711,-0.7887204,-0.01429976,-0.0695526,0.01686259,,,
0.20694461,-0.9206103,-0.33113525,-0.85537834,-0.00597213,-0.51796928,0.47487028,0.39043686,-0.78870601,-0.00168882,-0.04636228,0.02354048,,,
0.20898793,-0.92092946,-0.32895731,-0.8542459,-0.00818027,-0.51980472,0.47601253,0.38964334,-0.78840979,0.02738967,0.05038977,0.03668044,,,
0.21123657,-0.92180354,-0.32504972,-0.85315118,-0.01159897,-0.52153474,0.47698233,0.38748376,-0.7888879,0.04320268,0.11350811,0.04589168,,,
0.21220029,-0.92246409,-0.32253843,-0.85260178,-0.01347731,-0.52238735,0.47753662,0.38584759,-0.78935441,0.02578225,0.10512567,0.00700423,,,
0.21333791,-0.92370283,-0.31821361,-0.85121918,-0.01588384,-0.5245698,0.47949217,0.38278014,-0.78966219,0.00190797,0.05539978,-0.05507284,,,
0.21300909,-0.9246903,-0.31555475,-0.85013794,-0.01622964,-0.52630966,0.48155211,0.38037379,-0.78957136,0.01190119,0.09439719,-0.04043277,,,
0.21253543,-0.924983,-0.31501605,-0.84992042,-0.01592303,-0.52667037,0.48214513,0.37967468,-0.78954615,0.01152257,0.09370887,-0.05180005,,,
0.21107389,-0.92500756,-0.31592503,-0.84982584,-0.01396941,-0.5268782,0.48295306,0.37969146,-0.7890439,-0.01945765,0.04553902,-0.03424927,,,
0.20864991,-0.92505811,-0.31738405,-0.85014308,-0.01113493,-0.52643391,0.48344791,0.37966223,-0.78875505,-0.05006998,0.0277729,-0.02166293,,,
0.20726394,-0.92530931,-0.31755959,-0.85056961,-0.0100834,-0.52576549,0.48329365,0.37907874,-0.7891299,-0.04753617,0.02748692,-0.01554905,,,
0.20438081,-0.9257923,-0.31802065,-0.85175334,-0.00807652,-0.52388077,0.48243628,0.37794633,-0.79019738,-0.01091019,0.01699412,-0.01580835,,,
0.20159036,-0.92586776,-0.31957812,-0.85335227,-0.00586579,-0.52130168,0.48078185,0.3778021,-0.79127385,-0.01020377,0.00510216,0.00566761,,,
0.20032451,-0.92583872,-0.32045691,-0.85422307,-0.00488356,-0.51988359,0.4797634,0.3778871,-0.79185109,-0.02054786,-0.01400661,0.02023767,,,
0.19840076,-0.92598411,-0.32123281,-0.85567617,-0.00381169,-0.51749756,0.47797008,0.37754317,-0.79309878,-0.04173114,-0.02577585,0.03136002,,,
0.19720079,-0.9264304,-0.32068443,-0.85663297,-0.00376014,-0.51591254,0.47675124,0.3764472,-0.79435232,-0.01828688,-0.00402403,0.03306909,,,
0.19665597,-0.92671456,-0.32019754,-0.85702567,-0.00383541,-0.51525933,0.47627024,0.37574632,-0.79497242,-0.00264546,-0.00194281,0.02430142,,,
0.195596279,-0.92720814,-0.319416923,-0.857539703,-0.00369071923,-0.514404558,0.475781214,0.374528312,-0.795839684,-0.00543724513,-0.000319123268,0.00801917166,,,
0.1942504,-0.92775402,-0.31865228,-0.85766301,-0.00296333,-0.51420365,0.47611023,0.37318054,-0.79627594,-0.01651165,-0.03944296,-0.02225806,,,
0.19361753,-0.92803543,-0.31821782,-0.85746419,-0.00246227,-0.51453785,0.47672581,0.37248394,-0.79623388,-0.01651179,-0.03440356,-0.01479494,,,
0.19279647,-0.92836926,-0.3177418,-0.85681298,-0.00145921,-0.51562502,0.47822679,0.37165597,-0.79572016,-0.01012097,0.003093,-0.00656542,,,
0.192489328,-0.92830888,-0.318104488,-0.856117137,-0.00043395233,-0.516781616,0.479594922,0.371809647,-0.794824671,-0.0129050249,0.015868783,-0.00582951307,,,
0.192459646,-0.928432373,-0.317761728,-0.855745568,-0.000309687109,-0.517396661,0.480269413,0.371501159,-0.79456149,-0.00689543551,0.0144796371,-0.00446207123,,,
0.192616144,-0.928951666,-0.316145096,-0.855066205,-0.000831587938,-0.51851805,0.481415315,0.370199926,-0.794475352,0.0042045773,0.0269880295,-0.0219006762,,,
0.19291205,-0.92903022,-0.31573378,-0.85464408,-0.00100963,-0.51921334,0.48204611,0.37000252,-0.79418495,0.00331961,0.03512383,-0.02226815,,,
0.19315074,-0.92890818,-0.31594665,-0.8546031,-0.00107888,-0.51928053,0.48202307,0.37030839,-0.79405619,-0.00120137,0.04132986,-0.01061111,,,
0.19380816,-0.92856682,-0.3165469,-0.85484404,-0.00153455,-0.51888263,0.48133144,0.37116191,-0.79407722,-0.01719454,0.03893709,-0.00380136,,,
0.19416625,-0.92851872,-0.31646896,-0.85534933,-0.00229874,-0.51804674,0.4802886,0.37127872,-0.7946542,-0.02788725,0.02690935,0.00386305,,,
0.19416625,-0.92870584,-0.31591919,-0.85563345,-0.00282481,-0.51757455,0.4797821,0.37080653,-0.79518027,-0.01556959,0.01803458,0.00300435,,,
0.19396804,-0.92910667,-0.3148605,-0.85636192,-0.00379371,-0.51636209,0.47856098,0.36979228,-0.79638743,0.01154188,0.01331902,-0.00280062,,,
0.1935218,-0.92899151,-0.31547439,-0.85717306,-0.00366795,-0.51501542,0.47728781,0.37008286,-0.79701633,0.00414813,0.01164341,0.00129245,,,
0.193103827,-0.92872288,-0.316519844,-0.857590301,-0.00302578148,-0.514324634,0.476707326,0.370762411,-0.797048025,-0.00995202176,-0.000407516956,0.0264000073,,,
0.19196793,-0.92836734,-0.31824869,-0.85816415,-0.0014644,-0.51337311,0.4761328,0.37166078,-0.79697269,-0.03545059,-0.01074553,0.02731998,,,
0.190726275,-0.928603982,-0.318305351,-0.858192244,-0.000306666476,-0.513328532,0.476581289,0.371072437,-0.796979225,-0.0136246672,-0.00516188145,0.00841331761,,,
0.19018061,-0.928787796,-0.318095204,-0.858081536,0.000167633189,-0.513513428,0.476998329,0.370611918,-0.796943778,0.0,0.0,0.0,0.0,0.0,0.0
0.18933649,-0.92900911,-0.3179525,-0.85784901,0.00104831,-0.51390078,0.47775181,0.37005541,-0.79675106,0.00469907,-0.00106049,0.01167844,,,
0.1887891,-0.92885734,-0.31872019,-0.8575923,0.00217682,-0.51432529,0.47842863,0.37043098,-0.79616994,-0.01982691,-0.01523703,-0.01037084,,,
0.18862974,-0.92867804,-0.31933646,-0.85734752,0.00285455,-0.51472993,0.47892995,0.37087568,-0.79566136,-0.03019854,-0.02601671,-0.00765542,,,
0.18857074,-0.9284827,-0.31993904,-0.85665985,0.00377525,-0.51586791,0.48018228,0.37135653,-0.79468195,-0.02529436,-0.01549459,0.01839509,,,
0.18898992,-0.92879447,-0.31878452,-0.85594087,0.00330277,-0.51706307,0.4812982,0.3705804,-0.79436895,-0.03091745,-0.00107032,0.0126333,,,
0.18937737,-0.92896559,-0.31805517,-0.85553204,0.00285495,-0.51774194,0.48187248,0.37015499,-0.79421916,-0.02972194,0.00437784,0.01500238,,,
0.19052712,-0.92924928,-0.3165361,-0.85461346,0.00165533,-0.51926197,0.48304779,0.36944949,-0.79383356,-0.0207254,0.00469613,0.0011575,,,
0.192265271,-0.929571012,-0.314534094,-0.853391728,-0.000129404396,-0.521270002,0.484516792,0.368642902,-0.793313091,-0.0191090666,0.000496506691,-0.000542441616,,,
0.1932316,-0.92968438,-0.31360573,-0.85282965,-0.00111061,-0.5221881,0.48512182,0.36835551,-0.79307701,-0.02467983,0.02059901,-0.0113552,,,
0.19493415,-0.92992688,-0.31182789,-0.85201635,-0.00305745,-0.52350619,0.48586908,0.36773169,-0.79290891,0.00371679,0.03553522,-0.01532337,,,
0.1960645,-0.93012041,-0.31053941,-0.85162532,-0.0045263,-0.52413149,0.4860998,0.3672268,-0.79300154,0.0071427,0.01171398,-0.04842085,,,
