0,1,2,3,4,5,6,7,8,9,10,11
-0.99959236,-0.02479973,-0.01414192,0.02207058,-0.98550555,0.1682011,-0.01810829,0.16782042,0.98565125,0.24499604,0.12690896,-0.355445
-0.99948901,-0.02670291,-0.01755938,0.0233455,-0.98525924,0.16946645,-0.02182579,0.16896995,0.98537951,0.2546728,0.13068146,-0.34938753
-0.99943125,-0.02771649,-0.01919495,0.02404933,-0.98510627,0.17025494,-0.02362794,0.16969653,0.98521308,0.26184034,0.13215613,-0.34974429
-0.99930831,-0.02997246,-0.02200544,0.02574252,-0.98472166,0.17222154,-0.02683115,0.17153597,0.98481242,0.26799622,0.13022202,-0.35248306
-0.99918549,-0.03242867,-0.02400864,0.02774928,-0.98425248,0.17457582,-0.02929183,0.17376743,0.98435099,0.27626672,0.14435142,-0.35793889
-0.99913219,-0.03362452,-0.02457288,0.02878367,-0.98395753,0.17606438,-0.03009876,0.17520433,0.9840719,0.28223372,0.17748618,-0.37085184
-0.99903975,-0.03605001,-0.02489328,0.03098602,-0.98314026,0.18020764,-0.03097008,0.17926328,0.98331355,0.27839527,0.18770814,-0.37252337
-0.99889253,-0.0408059,-0.02341659,0.03564833,-0.9812714,0.18930237,-0.03070269,0.18825798,0.98163958,0.25280762,0.09621483,-0.38895351
-0.99882984,-0.04297023,-0.02218887,0.03784259,-0.98014516,0.19463617,-0.03011188,0.19356874,0.9806245,0.25105253,0.1783886,-0.40146631
-0.9987929,-0.04443454,-0.02092964,0.03936001,-0.97898301,0.20010697,-0.02938143,0.19904165,0.97955048,0.25635546,0.12504196,-0.38148734
-0.99877785,-0.04513014,-0.02014288,0.04011036,-0.97833539,0.20310269,-0.02887255,0.20204656,0.97895023,0.24226916,0.13124973,-0.37774414
-0.99876664,-0.04673789,-0.01675189,0.04204992,-0.97568518,0.21510482,-0.02639812,0.21413512,0.97644728,0.23123971,0.11632568,-0.34697261
-0.99876195,-0.04711597,-0.01594897,0.04251502,-0.97502337,0.21799453,-0.02582165,0.21704661,0.97581966,0.22460243,0.10228974,-0.35574794
-0.99874267,-0.04793843,-0.01464665,0.04346546,-0.97377924,0.22330314,-0.02496741,0.2223858,0.974639,0.20526636,0.11135316,-0.34686306
-0.99870224,-0.04889681,-0.01424881,0.04436645,-0.97263276,0.22807288,-0.0250109,0.22714471,0.9735398,0.20481397,0.10197276,-0.33821759
-0.99867243,-0.04945776,-0.01438711,0.0448203,-0.97205881,0.23041808,-0.02538109,0.22946739,0.97298536,0.20480669,0.08973169,-0.3373028
-0.99859119,-0.05072917,-0.01555851,0.04566329,-0.97093206,0.23495889,-0.02702553,0.23391744,0.97188078,0.20909765,0.06452495,-0.33372378
-0.99849183,-0.05203914,-0.01749398,0.04638825,-0.97012215,0.23814111,-0.02936396,0.23697043,0.971073,0.22462797,0.05842078,-0.3186017
-0.99843573,-0.0527424,-0.0185611,0.04679222,-0.96989717,0.2389773,-0.0306066,0.23773494,0.97084774,0.22119932,0.06149989,-0.30993307
-0.99815284,-0.0559434,-0.02368709,0.04873281,-0.97012617,0.23765557,-0.03627473,0.23606226,0.97106063,0.24244906,0.12451482,-0.32967889
-0.99807229,-0.05682382,-0.0249409,0.04930963,-0.97020581,0.23720992,-0.03767699,0.23552291,0.9711382,0.24051775,0.13466483,-0.3124797
-0.99790629,-0.05875594,-0.02702722,0.05071773,-0.97026072,0.23668875,-0.04013033,0.23482247,0.97120953,0.24240735,0.1095379,-0.35746258
-0.99772208,-0.06110446,-0.02858016,0.05264958,-0.97023236,0.23638342,-0.04217348,0.23434023,0.97123944,0.22929463,0.11409521,-0.31824294
-0.99762893,-0.06230474,-0.02922574,0.05367557,-0.97023197,0.23615328,-0.04306922,0.23402469,0.97127621,0.22531152,0.09508872,-0.35166267
-0.99746401,-0.06437508,-0.03034925,0.05546089,-0.97031661,0.23539209,-0.04460177,0.23311198,0.97142652,0.22464383,0.1295507,-0.34299332
-0.99732625,-0.06603407,-0.03130582,0.05688742,-0.97041829,0.23463238,-0.04587347,0.2322241,0.97157995,0.22358537,0.13739979,-0.36787653
-0.99725601,-0.06679647,-0.03191544,0.05749475,-0.97041889,0.23448125,-0.04663387,0.23200287,0.9715966,0.23530707,0.15746891,-0.36339262
-0.99714499,-0.06810213,-0.03261471,0.05858083,-0.97024522,0.23493033,-0.04764353,0.23234903,0.97146488,0.22565171,0.11241633,-0.33342838
-0.9970843,-0.06880027,-0.03300725,0.05916516,-0.97019213,0.23500376,-0.0481917,0.23236567,0.97143387,0.24143226,0.12422895,-0.37296081
-0.99708074,-0.06880778,-0.03309827,0.05915873,-0.97022879,0.2348539,-0.04827267,0.23221025,0.97146701,0.23477706,0.12502241,-0.33287504
-0.99720084,-0.06703488,-0.03310905,0.05752319,-0.97077801,0.23298184,-0.04775946,0.23042522,0.9719173,0.23284435,0.13878471,-0.32373431
-0.99724579,-0.06640582,-0.03302871,0.05695869,-0.97095532,0.23238171,-0.0475009,0.22986044,0.9720637,0.24842384,0.15009338,-0.35838562
-0.99732028,-0.06533653,-0.03291739,0.0559795,-0.97119119,0.23163358,-0.04710321,0.22917015,0.97224603,0.2495382,0.14220989,-0.35076097
-0.99737412,-0.06453896,-0.03285103,0.05523964,-0.97133996,0.23118578,-0.04683001,0.22876408,0.97235484,0.25254247,0.12270647,-0.34191823
-0.99739341,-0.06426853,-0.03280277,0.05499815,-0.9714075,0.2309605,-0.04670835,0.22855438,0.97241001,0.23845012,0.06981826,-0.35783133
-0.99744055,-0.06357655,-0.03271282,0.05441687,-0.97179791,0.2294502,-0.04637791,0.22708283,0.97277052,0.2460545,0.10411757,-0.36149675
-0.99749168,-0.06282431,-0.03260841,0.05381516,-0.97236471,0.22717981,-0.04597968,0.22485516,0.97330675,0.24555562,0.12897086,-0.33688346
-0.99755822,-0.06189583,-0.03234853,0.05314207,-0.97326319,0.22346055,-0.04531491,0.22119585,0.97417604,0.24645951,0.13277274,-0.36529979
-0.99756999,-0.0618973,-0.03198037,0.05332699,-0.97375834,0.22124834,-0.04483583,0.2190053,0.97469299,0.26507139,0.15793461,-0.36222756
-0.99756905,-0.06206575,-0.03168066,0.05359222,-0.97391768,0.22048142,-0.04453871,0.21824762,0.97487654,0.24633409,0.16124624,-0.35141534
-0.99757884,-0.06241831,-0.03066176,0.05418706,-0.97402597,0.21985655,-0.04358843,0.2176628,0.97505023,0.24398413,0.11922979,-0.36199668
-0.99760588,-0.06250633,-0.02958323,0.054532,-0.97413022,0.21930864,-0.0425261,0.21717039,0.97520693,0.23778106,0.12390625,-0.35630029
-0.99766634,-0.06224131,-0.02807094,0.05463169,-0.97428297,0.21860503,-0.0409553,0.21656131,0.97540959,0.2307291,0.11159807,-0.33762237
-0.9977141,-0.0618662,-0.02718972,0.05450061,-0.97453134,0.21752808,-0.03995487,0.21554896,0.97567528,0.23556656,0.12592542,-0.34242508
-0.99777977,-0.06117211,-0.02633383,0.05409592,-0.9750469,0.21530707,-0.03884751,0.21340449,0.97619127,0.23343137,0.13177723,-0.33325073
-0.99779995,-0.06098263,-0.02600715,0.05403791,-0.97537064,0.21385044,-0.03840778,0.21197459,0.97652016,0.23825203,0.13738698,-0.36138532
-0.99780548,-0.06095614,-0.0258547,0.05406843,-0.97550342,0.21323596,-0.03821939,0.2113701,0.97665857,0.23650999,0.13968837,-0.35168242
-0.99780217,-0.06105779,-0.02574336,0.05423032,-0.97571225,0.21223716,-0.03807684,0.21037464,0.97687904,0.24020776,0.13319176,-0.3684158
-0.99780079,-0.06108496,-0.02572226,0.0542942,-0.97589165,0.21139309,-0.03801508,0.20953168,0.9770626,0.24030551,0.13001144,-0.35276559
-0.9978093,-0.06104171,-0.0255032,0.05434538,-0.9761547,0.21016302,-0.03772378,0.20831665,0.97733366,0.24349509,0.13484919,-0.36073464
-0.99781249,-0.06109337,-0.02525352,0.05446874,-0.97626427,0.20962145,-0.03746059,0.20778738,0.97745645,0.24505594,0.13069558,-0.36035013
-0.99781182,-0.06119545,-0.02503506,0.05462594,-0.97632241,0.20930984,-0.0372511,0.20748427,0.97752884,0.24569751,0.12901616,-0.3558197
-0.99781129,-0.06143307,-0.02445539,0.0549908,-0.97636992,0.20899101,-0.03671647,0.20718883,0.97761172,0.23855074,0.11831456,-0.3558982
-0.99780846,-0.06187756,-0.02343435,0.05566641,-0.97650054,0.20820103,-0.03576663,0.20644027,0.97780528,0.23598652,0.12219763,-0.36308253
-0.99781123,-0.06206123,-0.02283601,0.05600343,-0.97668038,0.20726644,-0.03516669,0.20553385,0.97801797,0.22960511,0.1249097,-0.35652268
-0.99781723,-0.06212935,-0.02238237,0.0561992,-0.97688256,0.20625799,-0.03467962,0.20454988,0.97824162,0.23644027,0.12778467,-0.35701609
-0.99781941,-0.06218235,-0.02213314,0.05632125,-0.97699011,0.20571418,-0.03441565,0.20401903,0.97836179,0.23296523,0.12716854,-0.35981071
-0.99782136,-0.06230015,-0.02171325,0.05655207,-0.97715665,0.20485845,-0.03397995,0.20318418,0.97855074,0.23326901,0.12999254,-0.36102778
-0.99782184,-0.06238946,-0.02142417,0.05672505,-0.97730894,0.20408178,-0.03367058,0.20242199,0.97871938,0.22896333,0.11946881,-0.35985139
-0.99782031,-0.06242455,-0.02138669,0.05677765,-0.97737032,0.20377229,-0.03362311,0.20211389,0.97878468,0.23173876,0.12429857,-0.3579458
-0.99785525,-0.06184445,-0.02145437,0.05625351,-0.97775103,0.20208564,-0.03347491,0.20044532,0.97913283,0.24330471,0.13660926,-0.36339945
-0.9978708,-0.06158389,-0.02149018,0.05600141,-0.97782855,0.20178131,-0.03344018,0.20014815,0.97919481,0.24996714,0.13559508,-0.36027572
-0.99789859,-0.06107393,-0.02164017,0.0554845,-0.97793525,0.20140516,-0.0334633,0.19978124,0.97926894,0.25690848,0.12617433,-0.35906792
-0.99792387,-0.060641,-0.02169548,0.05506211,-0.97803719,0.20102608,-0.03340941,0.19941412,0.97934561,0.26273853,0.12804735,-0.36059466
-0.99792984,-0.06058346,-0.02157581,0.05503489,-0.9780706,0.20087038,-0.0332721,0.19926714,0.9793802,0.26134551,0.11940885,-0.36310473
-0.99793264,-0.06073752,-0.02100814,0.05531239,-0.9781366,0.20047263,-0.03272504,0.19889617,0.97947403,0.2628592,0.11364764,-0.36737153
-0.99795718,-0.06070254,-0.01990975,0.05552478,-0.97830205,0.19960422,-0.03159423,0.19809101,0.97967431,0.25800818,0.14577729,-0.37149963
-0.99798733,-0.06045074,-0.01916376,0.05543585,-0.97837233,0.19928549,-0.03079624,0.19782201,0.97975407,0.25501841,0.15989345,-0.37169832
-0.99805727,-0.05980189,-0.01745555,0.05514319,-0.97842429,0.19910903,-0.02898604,0.19775973,0.97982187,0.26037443,0.1493746,-0.37073234
-0.99813676,-0.05903861,-0.0153914,0.05478944,-0.97833969,0.19962219,-0.02684344,0.19840702,0.97975205,0.25495541,0.14260173,-0.37106013
-0.9981765,-0.05866367,-0.01420361,0.0546481,-0.97827232,0.19999089,-0.0256272,0.19885006,0.9796948,0.25245816,0.13979048,-0.36765683
-0.9982546,-0.0578678,-0.01177617,0.05432287,-0.9780447,0.2011895,-0.02316002,0.20019867,0.97948155,0.24636291,0.12541419,-0.36186188
-0.99832109,-0.05718493,-0.00920341,0.05414102,-0.97777733,0.20253409,-0.02058079,0.20169579,0.97923196,0.25133467,0.13417822,-0.36595705
-0.99834551,-0.05696283,-0.0078117,0.0541867,-0.97758832,0.20343159,-0.01922467,0.20267177,0.979058,0.24695522,0.1310575,-0.3616924
-0.99839656,-0.05640275,-0.00477366,0.05422096,-0.97716446,0.2054494,-0.01625257,0.20486117,0.97865609,0.24019217,0.12670487,-0.36679828
-0.99844867,-0.05564434,-0.00196945,0.0540236,-0.97671562,0.20762461,-0.01347673,0.20719613,0.97820659,0.23547333,0.11528277,-0.35923368
-0.998476167,-0.0551758215,-0.000775622726,0.0538004509,-0.976519478,0.208602143,-0.0122672065,0.208242578,0.978000276,0.244909182,0.106649876,-0.359581798
-0.99852939,-0.05418801,0.00163615,0.0533219,-0.97622599,0.21009417,-0.00978734,0.20987245,0.97767979,0.25805655,0.12930095,-0.36481136
-0.99854612,-0.0537119,0.00449594,0.05344535,-0.97586952,0.21171161,-0.00698398,0.21164414,0.97732184,0.25557727,0.1597048,-0.37132466
-0.9985422,-0.05362839,0.00608303,0.05369311,-0.97559888,0.21289296,-0.00548251,0.21290927,0.97705659,0.25670481,0.15663648,-0.37001479
-0.9985268,-0.05343264,0.0094513,0.05421194,-0.97486861,0.21608425,-0.00233218,0.21627827,0.97632898,0.25436044,0.14338183,-0.36457333
-0.998513796,-0.0529559392,0.0128883888,0.0544940297,-0.974038742,0.219725211,0.000918034273,0.220100968,0.975476665,0.254726499,0.128956676,-0.359458089
-0.99850666,-0.0526165,0.01468537,0.05456384,-0.97359738,0.22165432,0.00263497,0.22212464,0.97501472,0.25976151,0.11496186,-0.36050802
-0.99847383,-0.05203582,0.01849172,0.05486521,-0.97282229,0.2249584,0.00628326,0.22562966,0.97419288,0.27749062,0.12453431,-0.36072406
-0.99832278,-0.05172682,0.02599572,0.05633415,-0.97147242,0.23036406,0.01333813,0.23144216,0.97275722,0.26060507,0.17087024,-0.37993395
-0.99798126,-0.05105676,0.03777284,0.05871171,-0.96846073,0.24215061,0.02421809,0.24387946,0.96950312,0.25765818,0.12658173,-0.36592954
-0.9978803,-0.05071304,0.04077898,0.05920088,-0.96763378,0.24531606,0.0270184,0.24721024,0.9685851,0.25274843,0.11757815,-0.36110011
-0.9976405,-0.05011318,0.04692553,0.06034798,-0.96600636,0.2513757,0.03273313,0.25361445,0.96675139,0.26605213,0.11427623,-0.36098069
-0.99730645,-0.05001567,0.05364768,0.06218886,-0.96441906,0.25695955,0.03888685,0.25960373,0.96493197,0.2531313,0.13727844,-0.37441948
-0.99711856,-0.05001106,0.05703948,0.06319131,-0.96359221,0.25980171,0.04196984,0.2626575,0.96397592,0.24849305,0.13991672,-0.37345099
-0.99670946,-0.0500462,0.06376482,0.06531418,-0.96172755,0.26610993,0.04800658,0.26939898,0.96183136,0.25792691,0.14897537,-0.37899494
-0.99623105,-0.05037437,0.07061279,0.06789757,-0.95949171,0.27343303,0.05397837,0.2771969,0.95929569,0.26451752,0.14329433,-0.38811356
-0.99595516,-0.05048908,0.07432448,0.0692756,-0.95827095,0.2773403,0.05722034,0.28136738,0.9578926,0.26039514,0.1305694,-0.37696472
-0.99469429,-0.050362,0.08970457,0.07474532,-0.95293345,0.29382129,0.07068506,0.29896736,0.95164181,0.24619403,0.15724784,-0.39061776
-0.99434746,-0.05016551,0.09357623,0.07607603,-0.95142356,0.29833809,0.07406435,0.30377064,0.94986203,0.24557818,0.15245682,-0.38416672
-0.99362721,-0.0497063,0.10116324,0.07878972,-0.94811086,0.30802229,0.08060333,0.31402999,0.94598534,0.24584991,0.15054142,-0.38190714
-0.99285579,-0.04948717,0.1085734,0.0819207,-0.94430168,0.31872108,0.08675345,0.32533852,0.94160962,0.24171244,0.12608171,-0.37638396
-0.99243296,-0.04944713,0.112388,0.08366372,-0.94227641,0.32421416,0.08986914,0.33116374,0.93928382,0.23962235,0.1209476,-0.37246963
-0.99156604,-0.04933518,0.11984373,0.08717197,-0.93816288,0.33503905,0.09590374,0.34266041,0.93455139,0.22816405,0.09722352,-0.36236075
-0.99069932,-0.04907245,0.12691157,0.09048717,-0.93417595,0.34514805,0.10162049,0.35342184,0.9299281,0.22451746,0.12112349,-0.36330506
-0.99026076,-0.04898317,0.13032303,0.09218372,-0.93216714,0.35009485,0.1043341,0.35869889,0.92760417,0.22393239,0.13218021,-0.37058941
-0.98935558,-0.04904638,0.13700249,0.09590881,-0.92783969,0.36043682,0.10943825,0.36973999,0.92266765,0.2128778,0.12882292,-0.36847562
-0.98849031,-0.04916477,0.14307229,0.09964197,-0.92319705,0.37118544,0.11383468,0.38116922,0.91747027,0.2099859,0.10575509,-0.35853446
-0.98811547,-0.04912075,0.14565247,0.10127167,-0.92087627,0.37647129,0.11563538,0.38674763,0.91490694,0.21409389,0.09656334,-0.34947279
-0.9873928,-0.04905227,0.15049678,0.10442686,-0.91637836,0.3864527,0.11895561,0.39729653,0.90994782,0.2213154,0.10213792,-0.34728885
-0.98669476,-0.04900954,0.15502202,0.10747192,-0.91207112,0.39569729,0.12199815,0.4070929,0.90520265,0.21260168,0.12371272,-0.34190121
-0.986392,-0.04892488,0.15696061,0.10880615,-0.9099749,0.40013293,0.1232538,0.41176632,0.90291582,0.20684208,0.11479205,-0.33815217
-0.9859265,-0.04848387,0.1599931,0.11090581,-0.90579377,0.40894634,0.12509349,0.42093529,0.89842366,0.22208971,0.10044348,-0.3329114
-0.98557149,-0.04786937,0.16234898,0.11251655,-0.90185088,0.41713889,0.12644641,0.42938718,0.89422477,0.23644137,0.08593738,-0.3229323
-0.98538862,-0.04762669,0.16352629,0.11334552,-0.90000678,0.42088059,0.12712963,0.43326594,0.89225483,0.24479252,0.08575428,-0.32397494
-0.98494084,-0.04752883,0.16622978,0.11538349,-0.89673007,0.42727231,0.12875551,0.44001816,0.88871031,0.23607795,0.12749708,-0.33405426
-0.98449964,-0.0474322,0.16885043,0.11741449,-0.89340986,0.43362713,0.13028476,0.44673128,0.88513108,0.23490551,0.14329147,-0.3379631
-0.98430257,-0.04726943,0.17004058,0.11832747,-0.89159485,0.43710067,0.13094582,0.45035984,0.88319261,0.23331058,0.13458198,-0.33731961
-0.98393926,-0.04686876,0.17223961,0.1200538,-0.88783227,0.44423033,0.13209939,0.45777376,0.87920015,0.23933212,0.10503769,-0.32722503
-0.98356269,-0.04634034,0.17451968,0.12166147,-0.8842625,0.45086407,0.133428,0.46468538,0.87536534,0.22749417,0.10482889,-0.31315172
-0.98339598,-0.04597709,0.17555146,0.12228018,-0.88266764,0.45381193,0.13408866,0.46774332,0.87363402,0.22843145,0.1131981,-0.31999221
-0.98306032,-0.04528565,0.17760089,0.12349075,-0.87968619,0.45924141,0.13543597,0.47339397,0.87037652,0.23667881,0.1153903,-0.32316917
-0.98268797,-0.04469572,0.17979703,0.12485037,-0.8767716,0.46441818,0.1368834,0.47882581,0.86717288,0.23771922,0.12522519,-0.32477388
-0.98246924,-0.04440912,0.18105723,0.12564134,-0.87523696,0.46709124,0.1377249,0.48165112,0.8654733,0.22002539,0.13227415,-0.32264328
-0.98212765,-0.04355212,0.18310811,0.1267606,-0.87219511,0.47244845,0.13912986,0.48721556,0.86212754,0.21259987,0.12131017,-0.3158429
-0.981934,-0.04225142,0.18444717,0.12709239,-0.86942631,0.47743662,0.14019082,0.492253,0.85908878,0.23184814,0.10496414,-0.31395245
-0.98185442,-0.04160162,0.18501603,0.12718081,-0.86815357,0.47972302,0.14066509,0.49454872,0.8576916,0.23591682,0.09975666,-0.31503484
-0.98163566,-0.04047854,0.18642221,0.12753048,-0.86600902,0.48349214,0.14187223,0.49838756,0.85526728,0.24071443,0.10969937,-0.32277292
-0.98143293,-0.03925624,0.18774594,0.12773589,-0.86396277,0.48708527,0.14308435,0.50202337,0.85293577,0.23252502,0.12075281,-0.32879072
-0.98139569,-0.03851786,0.18809172,0.12759251,-0.86288507,0.48902879,0.14346522,0.50392994,0.85174663,0.24566904,0.11547357,-0.33080009
-0.98135475,-0.03735803,0.18854005,0.1274135,-0.86087023,0.49261379,0.14390542,0.5074514,0.8495789,0.25878876,0.09608793,-0.32427824
-0.98123147,-0.03698857,0.18925344,0.12794978,-0.85914914,0.49547131,0.14427014,0.51038692,0.84775665,0.24983709,0.11016411,-0.33521402
-0.98112655,-0.03706826,0.18978024,0.12849593,-0.85839507,0.49663528,0.14449702,0.51164808,0.84695741,0.23099326,0.11762726,-0.33265227
-0.98103304,-0.03719131,0.19023997,0.1292199,-0.8570193,0.49881901,0.14448757,0.51394065,0.84556985,0.23898073,0.1398297,-0.34541836
-0.98102902,-0.03741552,0.19021489,0.12983675,-0.85543901,0.50136424,0.14395847,0.51654986,0.84406881,0.25638315,0.12751853,-0.34682721
-0.98099888,-0.03776811,0.19030121,0.13043558,-0.85450243,0.50280408,0.1436229,0.51807235,0.84319244,0.26250333,0.13174003,-0.35759211
-0.98082795,-0.0387589,0.19098326,0.13223512,-0.85224243,0.50615909,0.14314584,0.52170959,0.84102818,0.24622644,0.11556369,-0.34164757
-0.98062033,-0.03966853,0.191859,0.13403268,-0.8500885,0.50929805,0.14289405,0.52514347,0.83893122,0.23110387,0.11689943,-0.33580691
-0.980558,-0.03998031,0.19211193,0.13466908,-0.84918136,0.51064147,0.14272231,0.52658527,0.83805623,0.22845873,0.11936903,-0.33300653
-0.98053009,-0.04008766,0.1922322,0.13523301,-0.847655,0.51302297,0.14238074,0.52903073,0.83657287,0.24185529,0.11292887,-0.33451951
-0.98055076,-0.04033155,0.19207567,0.13574737,-0.84618145,0.51531458,0.14174748,0.53136601,0.83519924,0.26782337,0.12055051,-0.34623849
-0.98049523,-0.04076226,0.19226941,0.13643168,-0.84532975,0.51653073,0.14147609,0.53268756,0.83440306,0.26395845,0.14083219,-0.35716158
-0.98023873,-0.04203895,0.19329978,0.13859542,-0.8431849,0.51945219,0.14115023,0.53597761,0.83234886,0.24437648,0.13052791,-0.34549558
-0.9799948,-0.04308568,0.19430179,0.14063804,-0.8407059,0.52290912,0.14082082,0.53977461,0.82994747,0.24782953,0.11462998,-0.34463677
-0.9798748,-0.04353971,0.19480745,0.14160315,-0.83946696,0.52463705,0.14069185,0.5416639,0.82873762,0.24884756,0.11286926,-0.34849194
-0.97952511,-0.04429716,0.19638814,0.14368165,-0.83711364,0.52782225,0.14101817,0.54523252,0.82633853,0.2461288,0.09965158,-0.34373137
-0.9788505,-0.04538028,0.19947957,0.14695851,-0.83432387,0.53132539,0.14231889,0.54940341,0.82334756,0.22480188,0.12412435,-0.34776554
-0.97846918,-0.04569224,0.20127096,0.14860353,-0.83271533,0.5333872,0.14322978,0.55181259,0.82157657,0.23115148,0.11725783,-0.35093483
-0.97815465,-0.04578632,0.20277193,0.14989534,-0.83119201,0.53539765,0.14402858,0.55409645,0.81989807,0.23028341,0.13092995,-0.36240959
-0.97748212,-0.0463946,0.20585325,0.15335095,-0.82630171,0.54194864,0.14495347,0.56131309,0.81481043,0.23116516,0.11782885,-0.3548544
-0.9773644,-0.0466096,0.20636553,0.15406285,-0.82531521,0.54324927,0.14499594,0.56274566,0.81381419,0.22040218,0.1154933,-0.34797347
-0.97723615,-0.04677663,0.20693214,0.15494697,-0.82362482,0.5455576,0.14491515,0.56520227,0.81212434,0.23638171,0.10730928,-0.34546387
-0.97713591,-0.04676066,0.20741061,0.15554133,-0.82229869,0.54738655,0.14495729,0.56713189,0.81077052,0.25134555,0.11687046,-0.3504357
-0.97679658,-0.04697956,0.20895254,0.15708418,-0.82033426,0.54988734,0.14557748,0.56995126,0.80867962,0.2300535,0.12761891,-0.36204132
-0.97656303,-0.04690374,0.21005811,0.15804479,-0.81877775,0.55192806,0.14610344,0.57219121,0.80700123,0.23552828,0.12371647,-0.35671434
-0.97645302,-0.04663435,0.21062918,0.15834696,-0.81801945,0.55296504,0.14651161,0.5732969,0.80614205,0.23598422,0.11638618,-0.35425207
-0.97582351,-0.04420981,0.21404018,0.15896064,-0.81568023,0.55623428,0.1499974,0.57681067,0.80298826,0.21839561,0.11548752,-0.35317251
-0.97565403,-0.04336415,0.21498579,0.15894987,-0.81521812,0.55691513,0.15111016,0.57752842,0.80226346,0.21500993,0.1241622,-0.35452917
-0.97542672,-0.04139457,0.216401,0.15846955,-0.81418702,0.55855802,0.1530696,0.57912533,0.80073939,0.21730711,0.11756659,-0.34721014
-0.97532211,-0.03951283,0.21722267,0.15774249,-0.8130915,0.56035674,0.1544806,0.58079352,0.79925881,0.23086476,0.11704427,-0.3379665
-0.97526013,-0.03895699,0.21760048,0.15768674,-0.81246659,0.56127789,0.15492743,0.58170468,0.79850933,0.23005703,0.11704737,-0.33829302
-0.97511502,-0.03858411,0.21831576,0.15814539,-0.81118727,0.56299651,0.15537226,0.58351204,0.79710297,0.21793839,0.11605608,-0.32951611
-0.97506272,-0.03848487,0.2185656,0.15850819,-0.81007157,0.56449852,0.15532919,0.5850661,0.79597138,0.20978652,0.12456614,-0.32889241
-0.97511502,-0.03828252,0.21836885,0.15835986,-0.80960054,0.56521585,0.15515367,0.58573138,0.79551623,0.21803227,0.10485923,-0.3161982
-0.97551632,-0.037289,0.21674205,0.15680165,-0.80896494,0.56655862,0.15421034,0.58667279,0.79500577,0.237867,0.12179971,-0.31927484
-0.97557191,-0.03722378,0.21650306,0.15662203,-0.80892491,0.5666655,0.15404131,0.58673217,0.79499472,0.23858172,0.12450916,-0.32470247
-0.97566926,-0.03731841,0.21604789,0.15644759,-0.80886587,0.56679805,0.15360177,0.58680765,0.79502406,0.2155221,0.110466,-0.31254551
-0.9758785,-0.03702973,0.21515099,0.15554991,-0.80943805,0.5662281,0.15318413,0.58603655,0.79567317,0.19690587,0.08650082,-0.29048419
-0.97609931,-0.03675664,0.21419343,0.15456764,-0.81024895,0.5653364,0.15277016,0.58493192,0.79656506,0.20126209,0.08994651,-0.2944726
-0.97668313,-0.036546,0.21155207,0.15223496,-0.81270658,0.56243432,0.15137505,0.58152578,0.79932055,0.23268737,0.12273991,-0.3314853
-0.9772951,-0.03682342,0.20865906,0.1501508,-0.81518558,0.5593992,0.14949684,0.57802834,0.80220569,0.2479676,0.12737435,-0.35136145
-0.97756416,-0.03715516,0.20733479,0.14939376,-0.8162073,0.55811026,0.14849151,0.57656313,0.80344584,0.23744205,0.12611234,-0.35068974
-0.978665,-0.03814763,0.20189156,0.14617852,-0.81978753,0.5536974,0.14438589,0.5713963,0.80787316,0.2567533,0.10455275,-0.34062532
-0.97889836,-0.03830315,0.20072533,0.14535389,-0.82093724,0.55220839,0.1436316,0.56973215,0.80918182,0.26081288,0.10863799,-0.34547177
-0.97930028,-0.03854175,0.19871,0.14378218,-0.82343841,0.54888616,0.1424704,0.56609528,0.81193493,0.2589215,0.14853096,-0.36489362
-0.97962492,-0.03861914,0.19708809,0.14242467,-0.82547821,0.54616945,0.14159931,0.56311137,0.81415922,0.26033521,0.16813266,-0.39261776
-0.97975679,-0.03865595,0.19642363,0.14193098,-0.82608777,0.54537555,0.14118116,0.56221403,0.81485168,0.25191051,0.14871526,-0.35955134
-0.97999276,-0.03865008,0.19524497,0.14108063,-0.82684657,0.5444458,0.14039474,0.56109816,0.81575621,0.227383,0.13749814,-0.36343375
-0.98029897,-0.03870628,0.19368916,0.14008627,-0.82755285,0.54362845,0.13924621,0.56005167,0.81667166,0.22728011,0.11619306,-0.35882738
-0.98048542,-0.03875207,0.1927341,0.13949308,-0.82795946,0.54316171,0.1385274,0.55944726,0.817208,0.23183507,0.11478281,-0.35503668
-0.98088065,-0.03902032,0.19065811,0.13837502,-0.82871605,0.5422933,0.13684098,0.55830734,0.81827102,0.22819734,0.12106985,-0.3480455
-0.98163168,-0.03906237,0.18674392,0.13595545,-0.82992256,0.54105875,0.13384796,0.55650929,0.8199891,0.24859716,0.12901002,-0.34989065
-0.9821492,-0.03920017,0.18397286,0.13438906,-0.83056022,0.54047114,0.131614,0.55554731,0.82100238,0.2604461,0.11151797,-0.3509216
-0.98256699,-0.03970858,0.18161876,0.1333545,-0.83121505,0.53972044,0.12953271,0.55453116,0.82201976,0.26545975,0.10671997,-0.35127431
-0.98270728,-0.04002343,0.18078768,0.1330647,-0.83160105,0.53919677,0.12876274,0.55392914,0.82254643,0.25809553,0.11658448,-0.35298592
-0.98291216,-0.0406712,0.17952695,0.13271304,-0.83241659,0.53802438,0.12755908,0.55265617,0.82358963,0.24669811,0.1245513,-0.35578138
-0.98313427,-0.04077352,0.17828308,0.13191924,-0.83327315,0.53689242,0.12666749,0.55135622,0.8245979,0.25088525,0.11546224,-0.35580084
-0.9834032,-0.0403254,0.17689646,0.13039802,-0.83501071,0.53455943,0.12615409,0.5487543,0.82641024,0.24774256,0.1149196,-0.36233568
-0.98354036,-0.0399317,0.17621956,0.12937825,-0.83644286,0.53256376,0.12613145,0.54659706,0.82784206,0.24464002,0.11770433,-0.36382282
-0.98359527,-0.03971935,0.17596124,0.12888546,-0.83721684,0.53146605,0.12620826,0.54542644,0.8286021,0.25204152,0.12273204,-0.36014712
-0.98366954,-0.03930988,0.17563723,0.12804202,-0.83864843,0.52940868,0.12648694,0.54325228,0.82998672,0.24988508,0.13050312,-0.36592296
-0.98370123,-0.03896811,0.17553657,0.12744453,-0.83977128,0.52777062,0.12684436,0.54153986,0.83105058,0.24341014,0.1355437,-0.36131963
-0.98372439,-0.03833261,0.1755464,0.12657714,-0.84125396,0.52561357,0.12753099,0.53927916,0.83241444,0.23385017,0.11816931,-0.35484877
-0.9837206,-0.03800758,0.17563918,0.12612004,-0.84225883,0.52411232,0.12801342,0.53773173,0.83334095,0.23363477,0.12675011,-0.36017808
-0.98376247,-0.0374842,0.17551568,0.12529904,-0.84360956,0.52213267,0.12849502,0.53564662,0.8346087,0.23721874,0.13004601,-0.34911227
-0.98377934,-0.0370636,0.17551266,0.12476184,-0.84438988,0.52099942,0.12889099,0.5344457,0.83531726,0.23794517,0.12722409,-0.35393324
-0.9837873,-0.03684101,0.17551396,0.12450207,-0.84470527,0.52054983,0.12907999,0.5339622,0.83559722,0.23623158,0.11647445,-0.34867346
-0.98380671,-0.03646132,0.1754851,0.12400277,-0.84540503,0.51953224,0.12941315,0.53287991,0.83623635,0.2291622,0.11852521,-0.34721288
-0.98404447,-0.03449322,0.17454717,0.12107067,-0.84869068,0.51484565,0.13037787,0.52776355,0.83932547,0.21620595,0.11122066,-0.33517569
-0.98429603,-0.03321582,0.17337156,0.11888148,-0.85075432,0.51194137,0.13049208,0.52451261,0.84134316,0.21118763,0.10109204,-0.32663101
-0.98446977,-0.03253026,0.17251281,0.11755274,-0.85200043,0.51017277,0.13038497,0.52252912,0.84259305,0.20505852,0.10373026,-0.32802883
-0.98495056,-0.0311171,0.17001092,0.11437072,-0.85483314,0.50614154,0.12958134,0.51796877,0.84552765,0.18887986,0.09990895,-0.32687885
-0.98567808,-0.02955948,0.16602622,0.11019109,-0.85816866,0.50140227,0.12765733,0.5125159,0.84913547,0.1825545,0.10571778,-0.32067937
-0.98614953,-0.02889029,0.16332286,0.10779086,-0.86003893,0.49871241,0.12605609,0.50940975,0.85124119,0.17988817,0.10282981,-0.32375208
-0.98869811,-0.02770623,0.14733787,0.0967964,-0.86844992,0.48623578,0.1144838,0.49500217,0.86131662,0.15194182,0.12737459,-0.34496298
-0.98950937,-0.02788511,0.14175104,0.09371599,-0.87063195,0.48292553,0.10994657,0.49114374,0.86411201,0.13891646,0.14343429,-0.35815099
-0.99336652,-0.03023994,0.11094097,0.0793654,-0.87845195,0.47119289,0.0832075,0.47687226,0.87502533,0.19407606,0.1190263,-0.34598672
-0.99431208,-0.03134055,0.10179061,0.07567253,-0.88042467,0.4681091,0.07494817,0.47314927,0.87778844,0.21195121,0.12430525,-0.35249338
-0.99596982,-0.0338781,0.0830437,0.06859831,-0.88422403,0.46199784,0.05777763,0.4658326,0.88298456,0.2382156,0.13353091,-0.35788327
-0.99596982,-0.0338781,0.0830437,0.06859831,-0.88422403,0.46199784,0.05777763,0.4658326,0.88298456,0.2382156,0.13353091,-0.35788327
-0.99842359,-0.03829581,0.04103537,0.05263294,-0.89276405,0.44743967,0.01949984,0.4488941,0.89337218,0.33516106,0.15104622,-0.37225342
-0.99881495,-0.03876212,0.02943314,0.04778901,-0.89564061,0.44220382,0.00922076,0.44308634,0.89643152,0.33154553,0.15418881,-0.37437609
-0.99894569,-0.0386925,0.02470539,0.04561898,-0.89687322,0.43992874,0.00513566,0.44059196,0.89769279,0.33346713,0.15556699,-0.37869784
-0.999123899,-0.0380556264,0.0174239579,0.0418442664,-0.898861176,0.436231607,-0.000939349366,0.436578431,0.899665722,0.316891938,0.144359767,-0.375773996
-0.99923677,-0.03707024,0.01230489,0.03873971,-0.90039738,0.43334,-0.00498473,0.43348601,0.9011465,0.30686697,0.13279343,-0.37102485
-0.99935491,-0.03519081,0.00715277,0.03484853,-0.90229288,0.42971263,-0.00866804,0.42968473,0.90293737,0.29230556,0.12219149,-0.3649635
-0.99940691,-0.03404397,0.00516713,0.03298519,-0.90345224,0.42741772,-0.00988274,0.42733469,0.90403948,0.282666,0.1343295,-0.36560035
-0.999428,-0.03350034,0.00462716,0.03227453,-0.90396406,0.42638872,-0.01010138,0.42629416,0.90452819,0.26923126,0.13733202,-0.36289591
-0.9994633,-0.03254132,0.0037621,0.0310577,-0.90479463,0.42471411,-0.01041683,0.42460301,0.90531971,0.25407848,0.13465285,-0.37026906
-0.99949667,-0.03159868,0.00282254,0.02982001,-0.90540735,0.42349538,-0.01082635,0.42336638,0.90589387,0.25525832,0.12055701,-0.35840267
-0.99953434,-0.03047735,0.00147687,0.02826087,-0.9064213,0.42142816,-0.01150535,0.42127367,0.90686058,0.25981069,0.13180035,-0.36313596
-0.99954799,-0.03004712,0.00100415,0.02769014,-0.90710452,0.41999364,-0.01170873,0.4198316,0.90752649,0.25214821,0.13649631,-0.36213928
-0.999552717,-0.0298973631,0.000875190492,0.0275060052,-0.907321756,0.41953652,-0.0117489556,0.419372889,0.907738043,0.254854679,0.132966638,-0.362424642
-0.99956821,-0.02934714,0.00135349,0.0272216,-0.90787764,0.4183502,-0.01104858,0.41820647,0.90828479,0.2479047,0.12349606,-0.36019829
-0.99957222,-0.02920764,0.00158371,0.02719432,-0.90800097,0.41808483,-0.01077326,0.417949,0.90840661,0.24431592,0.12243372,-0.35520893
-0.99958577,-0.02870895,0.00203929,0.02693837,-0.90828213,0.41749008,-0.01013345,0.41737206,0.9086792,0.24482143,0.118981,-0.35617545
-0.99960521,-0.02799113,0.00248526,0.0264825,-0.90874934,0.41650157,-0.00939987,0.4164029,0.90913161,0.23980975,0.12830168,-0.35913604
-0.99961625,-0.02758479,0.00252201,0.02613302,-0.90896923,0.41604319,-0.00918403,0.41594945,0.90934136,0.24441323,0.13207245,-0.35424531
-0.99962347,-0.02731375,0.00254828,0.02589943,-0.90906538,0.41584733,-0.0090418,0.41575683,0.90943086,0.24619681,0.120305,-0.35302964
-0.99963724,-0.02680457,0.00265329,0.02548318,-0.90922681,0.41552057,-0.00872541,0.41543742,0.90957992,0.2437074,0.11723506,-0.35692552
-0.99964903,-0.02638703,0.00233774,0.02497479,-0.90935772,0.41526463,-0.00883176,0.41517728,0.90969765,0.24812751,0.12372202,-0.35755956
-0.99965416,-0.02620396,0.00216255,0.02473743,-0.90945274,0.41507054,-0.00890975,0.41498054,0.90978666,0.2557134,0.12734854,-0.3563461
-0.9996612,-0.02595498,0.00188286,0.02439809,-0.90960983,0.41474622,-0.00905206,0.4146517,0.90993517,0.25220025,0.12702733,-0.35432631
-0.99966394,-0.02585609,0.00172701,0.02424477,-0.90967275,0.41461696,-0.00914936,0.4145196,0.90999438,0.25406945,0.12373465,-0.35760719
-0.99966671,-0.02575358,0.00179119,0.02417941,-0.90973486,0.41448502,-0.00904497,0.41439019,0.91005437,0.25312358,0.11393118,-0.35199931
-0.99966637,-0.02573191,0.00209275,0.0242866,-0.90982371,0.41428294,-0.00875626,0.41419568,0.91014572,0.25485477,0.12214053,-0.35590994
-0.99966494,-0.02577974,0.0022788,0.02440784,-0.90985203,0.41421411,-0.00860496,0.41413099,0.91017662,0.24756151,0.12265283,-0.35116664
-0.99966234,-0.02583898,0.00281865,0.02468716,-0.90993856,0.41400813,-0.00813275,0.41393784,0.91026883,0.24083784,0.13327938,-0.35650176
-0.9996561,-0.02601886,0.00321087,0.02501332,-0.90993255,0.41400086,-0.00785016,0.41393888,0.91027082,0.2425053,0.1299867,-0.35401085
-0.99964743,-0.02630047,0.00354369,0.02540357,-0.90971437,0.41445594,-0.00767664,0.41439999,0.91006246,0.24153887,0.11535448,-0.34546998
-0.99963535,-0.02673643,0.00377373,0.02589403,-0.90961392,0.41464674,-0.00765354,0.41459328,0.90997463,0.24050838,0.11857051,-0.34886378
-0.99962854,-0.02697111,0.00391297,0.02616534,-0.90960816,0.41464242,-0.00762409,0.41459079,0.90997602,0.23787771,0.11813778,-0.34731045
-0.99961688,-0.02735628,0.00417217,0.0266239,-0.90962835,0.41456859,-0.00754593,0.4145209,0.9100085,0.23172143,0.12409693,-0.3505829
-0.99961456,-0.02745892,0.00410612,0.02668992,-0.90962664,0.41456861,-0.00764857,0.41451838,0.9100088,0.23546913,0.12306643,-0.34865505
-0.99962044,-0.02729813,0.00362455,0.02634682,-0.90978268,0.41424714,-0.00801062,0.41418554,0.9101572,0.25441909,0.11689764,-0.34680662
-0.99962041,-0.02731732,0.00353326,0.02633059,-0.90999326,0.41378576,-0.00808827,0.41372179,0.91036742,0.25666437,0.12718016,-0.35348675
-0.9996197,-0.02733261,0.00366495,0.02640132,-0.91011249,0.41351936,-0.00796704,0.41345885,0.91048795,0.25057933,0.12810242,-0.35101333
-0.99961695,-0.02737784,0.00406596,0.02661167,-0.9102895,0.41311618,-0.00760903,0.41306611,0.91066926,0.24551903,0.12549239,-0.35072088
-0.99961387,-0.0273873,0.00463269,0.02685908,-0.91055591,0.41251179,-0.00707926,0.41247706,0.91094047,0.24063833,0.12904847,-0.35677257
-0.99960692,-0.02758589,0.00493939,0.02716703,-0.91057985,0.4124387,-0.00687978,0.4124109,0.91097195,0.24204701,0.12588787,-0.35215524
-0.99959157,-0.02810685,0.00518422,0.02774263,-0.91056715,0.41242937,-0.00687151,0.4124047,0.91097484,0.24552009,0.11745334,-0.34527001
-0.99958163,-0.02842681,0.00533724,0.02809924,-0.9106787,0.41215863,-0.00685585,0.41213617,0.91109647,0.23996943,0.11992514,-0.35124096
-0.99957792,-0.02852764,0.00548277,0.02825503,-0.91091491,0.41162554,-0.00674836,0.41160673,0.91133657,0.23480456,0.12807214,-0.35435614
-0.99957789,-0.02854659,0.00539425,0.02823784,-0.91103453,0.41136198,-0.00682863,0.41134067,0.9114561,0.23659694,0.13360405,-0.35156596
-0.9995812,-0.02846565,0.00515506,0.02806615,-0.91106734,0.41130045,-0.00701133,0.411273,0.91148524,0.24595419,0.12119746,-0.34763116
-0.99958511,-0.0283845,0.0049169,0.02789421,-0.91107083,0.41130536,-0.00719505,0.41127182,0.91148436,0.24552102,0.11892557,-0.3479926
-0.99957742,-0.0286753,0.00479425,0.02811314,-0.91130364,0.41077438,-0.00741006,0.41073552,0.91172443,0.24428318,0.11599523,-0.34462035
-0.9995724,-0.02882785,0.00490335,0.02830294,-0.91162751,0.41004181,-0.0073506,0.41000524,0.91205355,0.24241154,0.11730635,-0.3478657
-0.99957108,-0.02886225,0.00494724,0.02835604,-0.91183492,0.40957644,-0.00731023,0.40954108,0.91226238,0.23930481,0.11880547,-0.3499811
-0.99957003,-0.0288799,0.00506816,0.02842901,-0.91225042,0.40864525,-0.00717821,0.40861363,0.91267923,0.23611097,0.11897302,-0.35585141
-0.99956739,-0.02898686,0.00497542,0.02850197,-0.91299007,0.40698493,-0.00725471,0.40695068,0.91342132,0.23221931,0.12053609,-0.35735151
-0.99955939,-0.02931497,0.00467237,0.02868834,-0.91351638,0.40578932,-0.00762741,0.40574453,0.91395471,0.23088944,0.12051523,-0.35703024
-0.99955433,-0.02957881,0.00404443,0.02868671,-0.91410343,0.40446521,-0.00826657,0.40440095,0.91454444,0.23487249,0.13141459,-0.36116481
-0.99955325,-0.02966933,0.00361141,0.02860065,-0.91439788,0.40380507,-0.00867836,0.40372796,0.91483792,0.24086952,0.12589186,-0.35982054
-0.99955413,-0.02973154,0.0026774,0.02829356,-0.91495957,0.40255193,-0.00951878,0.40244828,0.91539322,0.24565071,0.12851208,-0.35836312
-0.99953881,-0.03031728,0.00175826,0.02847902,-0.91568308,0.40089088,-0.01054391,0.40075605,0.91612413,0.24754584,0.12770522,-0.35632038
-0.99952131,-0.03089359,0.00173169,0.02900663,-0.91604886,0.40001668,-0.01077164,0.39987537,0.91650623,0.24171995,0.13300723,-0.35966775
-0.99950926,-0.03126534,0.00184524,0.02939832,-0.91624283,0.39954288,-0.01080116,0.39940112,0.91671264,0.23290077,0.13114405,-0.35712156
-0.99950937,-0.03126554,0.00184182,0.0293995,-0.91633034,0.39934232,-0.01079794,0.39920055,0.91680004,0.23257549,0.11807507,-0.35764185
-0.999515,-0.03109865,0.00158094,0.0291463,-0.91648165,0.39901346,-0.01095988,0.39886605,0.9169437,0.23553777,0.12071019,-0.35493618
-0.99951871,-0.03100057,0.00119422,0.0289119,-0.91683556,0.39821699,-0.01125005,0.39805984,0.91729047,0.2344873,0.13160861,-0.34934515
-0.999515288,-0.0311219886,0.000814762577,0.0288781219,-0.917038134,0.397752645,-0.0116316848,0.397583368,0.917492328,0.233541101,0.125220418,-0.351520658
-0.999511923,-0.0312447139,0.000217490244,0.0287576249,-0.917184043,0.397425185,-0.0122179565,0.397237393,0.917634562,0.233065695,0.112987339,-0.349380136
-0.999507805,-0.0313657371,-0.000157505088,0.0287224235,-0.917270068,0.397228328,-0.012603835,0.397028353,0.917719792,0.234875917,0.109857142,-0.344952226
-0.999500855,-0.0315738524,-0.000964337042,0.0286037309,-0.917588796,0.396500233,-0.0134039054,0.396274778,0.91803411,0.235048115,0.115740895,-0.34594357
-0.99947326,-0.03235946,-0.00246154,0.02875899,-0.91830151,0.39483573,-0.0150371,0.39455696,0.91874844,0.23456882,0.11318046,-0.34344292
-0.99945359,-0.03283707,-0.00375604,0.0287144,-0.91896049,0.39330263,-0.01636656,0.3929799,0.9194014,0.2340349,0.12259102,-0.34731549
-0.99943647,-0.03316029,-0.00517283,0.02848703,-0.91967938,0.391635,-0.01774408,0.39126702,0.92010611,0.24434859,0.12095952,-0.34934646
-0.99943089,-0.03321084,-0.00588241,0.02827324,-0.92005513,0.39076702,-0.01838984,0.39037838,0.92047082,0.24800751,0.12363267,-0.35210681
-0.99941122,-0.03330468,-0.00821118,0.0275251,-0.92149338,0.38741679,-0.02046935,0.38696279,0.92186809,0.24962901,0.12612712,-0.35052925
-0.99940874,-0.03328448,-0.00858129,0.02738144,-0.92183665,0.38660938,-0.02077864,0.38614596,0.92220362,0.25339466,0.12724859,-0.35584787
-0.9994029,-0.03327013,-0.00929511,0.02716139,-0.92308399,0.38363744,-0.02134384,0.38315601,0.923437,0.24487719,0.12554199,-0.35858589
-0.99940438,-0.03319894,-0.00940881,0.02706775,-0.92336776,0.38296099,-0.02140169,0.38247825,0.92371659,0.24118505,0.12581968,-0.35921985
-0.99940607,-0.03309093,-0.0095829,0.02692972,-0.92387625,0.38174183,-0.02148561,0.38125716,0.9242193,0.23858583,0.12463284,-0.35748848
-0.99940836,-0.03298271,-0.00975687,0.02679183,-0.92438388,0.3805217,-0.02156973,0.38003514,0.92472052,0.23975305,0.12604421,-0.35772872
-0.99941395,-0.0327194,-0.01005595,0.02647283,-0.92506139,0.37889382,-0.02169955,0.37840558,0.92538551,0.23868556,0.13095784,-0.35844633
-0.99941541,-0.03256142,-0.01040834,0.02621252,-0.92540129,0.37808082,-0.02194274,0.37758702,0.92571408,0.23821536,0.12848502,-0.35530618
-0.99941658,-0.03243995,-0.0107016,0.02599736,-0.92554548,0.37774339,-0.0221588,0.37724472,0.92584849,0.23821193,0.12968463,-0.36048877
-0.99941005,-0.03236635,-0.01147135,0.02565035,-0.92574682,0.37727246,-0.0228305,0.37675572,0.92603125,0.24048063,0.12438387,-0.35304502
-0.99939971,-0.03239311,-0.01231039,0.02537269,-0.92597462,0.37673312,-0.02360266,0.37619451,0.92624005,0.24643438,0.11855298,-0.35469258
-0.99939532,-0.03240634,-0.01262109,0.02527678,-0.92611495,0.37639425,-0.02388614,0.37584754,0.92637363,0.2464819,0.12069219,-0.34964004
-0.99938411,-0.03248257,-0.01327781,0.02512026,-0.92642201,0.37564777,-0.02450286,0.37508287,0.92666739,0.24180005,0.12116516,-0.35253611
-0.99937579,-0.03255896,-0.01371577,0.02504871,-0.92675472,0.37483119,-0.02491527,0.37425362,0.92699162,0.24062617,0.12386864,-0.3510775
-0.9993597,-0.03273104,-0.01445056,0.02496898,-0.92727911,0.37353707,-0.02562596,0.37293709,0.92750269,0.2419022,0.12079918,-0.35257569
-0.99934319,-0.03290657,-0.01517591,0.02488251,-0.9275827,0.37278836,-0.0263441,0.37216591,0.92779229,0.24400753,0.12437159,-0.35166466
-0.99933326,-0.0330527,-0.01550702,0.02490861,-0.92777379,0.37231071,-0.02669288,0.37167624,0.92797859,0.2432235,0.11921859,-0.34838697
-0.99931037,-0.03342976,-0.01615192,0.02504509,-0.9281257,0.37142306,-0.0274076,0.37076245,0.92832323,0.24417083,0.12324828,-0.35374439
-0.99929422,-0.03365473,-0.01669446,0.02507956,-0.92848007,0.37053481,-0.02797072,0.36985456,0.92866854,0.24889809,0.12156856,-0.34679702
