0,1,2,3,4,5,6,7,8,9,10,11
0.84756447,-0.05853504,-0.52745433,-0.04881338,-0.99828365,0.03234802,-0.52844269,-0.0016702,-0.848967,-0.01355551,-0.03023219,0.00646455
0.847751149,-0.0590639096,-0.527095284,-0.0492023812,-0.998252522,0.032725248,-0.5281071,-0.0018085228,-0.8491758,8.88119393e-05,-0.015335083,0.00406218087
0.84814452,-0.06011881,-0.52634265,-0.05006717,-0.99818935,0.03333524,-0.52739372,-0.00192061,-0.8496188,0.01117832,0.00827307,0.00269003
0.84857242,-0.0608308865,-0.52557057,-0.0508615862,-0.99814659,0.0334082881,-0.526628825,-0.00161799607,-0.850093594,0.0188830663,0.0088430047,-9.48517118e-05
0.84877739,-0.06079688,-0.52524344,-0.05115103,-0.99814955,0.03287723,-0.52627037,-0.0010387,-0.85031658,0.01558193,0.0112043,0.00505429
0.849154769,-0.0604760864,-0.524670203,-0.0514838614,-0.998169656,0.0317296982,-0.525628758,6.86232986e-05,-0.850714068,0.00825086702,-0.00198912621,-0.00427271659
0.84983911,-0.05971469,-0.5236484,-0.05143648,-0.99821488,0.03035503,-0.52452625,0.00113774,-0.85139356,0.00701234,-0.01067013,-0.02036523
0.85178235,-0.05724683,-0.52075869,-0.05089107,-0.99835224,0.02650823,-0.52141817,0.00392272,-0.85329215,0.00868106,0.01639169,0.00384762
0.85323423,-0.05607863,-0.51850416,-0.05027407,-0.99841627,0.02525391,-0.51909912,0.00451981,-0.85470226,-0.00614554,0.01302332,0.00529491
0.85385739,-0.05565101,-0.51752344,-0.05005482,-0.99843894,0.02478045,-0.51809465,0.00474557,-0.85531006,-0.01694307,0.00603217,0.00208209
0.85480126,-0.05450452,-0.51608533,-0.0498156,-0.99849491,0.02294204,-0.51655901,0.00609822,-0.85622988,-0.01112894,0.00956303,0.00600225
0.85536322,-0.0531944,-0.51529035,-0.05006132,-0.99854641,0.01998185,-0.51560416,0.00870437,-0.85678288,-0.02033903,-0.00653762,0.02225006
0.85493099,-0.05256784,-0.516071311,-0.0504267118,-0.998562146,0.018177538,-0.516284924,0.0104832413,-0.856352521,-0.015886372,0.000982999802,0.00463343598
0.85416429,-0.0521475469,-0.517381854,-0.0509089969,-0.998565233,0.0165991243,-0.517505192,0.0121610136,-0.855593527,-0.000159201329,0.00680011511,0.0115512209
0.85371632,-0.052181193,-0.518117333,-0.0511122255,-0.998559107,0.0163489289,-0.518223879,0.0125247823,-0.855153305,-0.00229804544,-0.000657200813,0.0102625042
0.85271582,-0.05242098,-0.51973818,-0.05167536,-0.99853688,0.01593088,-0.51981284,0.01327314,-0.85417707,,,
0.85167447,-0.05244014,-0.52144092,-0.05212526,-0.99852368,0.01528259,-0.52147249,0.01416446,-0.85315059,0.0079197,-0.01281571,-0.01134063
0.85115009,-0.05240448,-0.5223,-0.05247829,-0.99851428,0.01466537,-0.52229259,0.01492698,-0.8526356,0.01286961,-0.00797904,-0.01484576
0.85033346,-0.05244114,-0.52362478,-0.0530827,-0.99849463,0.01379654,-0.52356013,0.01606376,-0.85183708,0.00672714,-0.00212985,-0.02524432
0.84968187,-0.05217895,-0.5247076,-0.05390722,-0.99847379,0.01199779,-0.52453286,0.01809123,-0.85119789,0.00457892,0.00245553,-0.01804356
0.849618339,-0.0517097263,-0.524856902,-0.0541254633,-0.998476127,0.0107552092,-0.524613284,0.0192703014,-0.851122428,1.29756518e-05,-0.0081332922,-0.0227737539
0.849915016,-0.0509078505,-0.524454798,-0.054437444,-0.99847913,0.00870090763,-0.52410019,0.0211549488,-0.851393677,-0.000842671143,-0.000617265701,-0.0115549089
0.85013378,-0.05052249,-0.52413742,-0.05457979,-0.99847956,0.00771849,-0.52373047,0.02204556,-0.8515987,-0.00156664,0.00483388,-0.00900119
0.85053081,-0.05002532,-0.52354066,-0.05517077,-0.99846038,0.00577576,-0.52302346,0.02397168,-0.85198128,-0.01325306,-0.01216608,-0.01055268
0.85078661,-0.04949987,-0.52317483,-0.05578588,-0.99843569,0.00374742,-0.52254194,0.02599752,-0.8522171,-0.02101813,0.00420386,-0.00710666
0.8509015,-0.04927165,-0.52300949,-0.05610008,-0.99842118,0.00278815,-0.52232117,0.02696843,-0.85232222,-0.02663402,0.00452882,-0.00603644
0.85102111,-0.04884369,-0.52285499,-0.05644784,-0.9984044,0.00139133,-0.52208878,0.02832999,-0.85242031,-0.01987695,0.01197988,-0.00729058
0.851093769,-0.048561141,-0.522763047,-0.056649064,-0.998393963,0.000515506094,-0.521948533,0.0291752941,-0.852477816,-0.0119143333,0.00844436884,-0.0155859459
0.851140628,-0.048462835,-0.522695867,-0.0567485433,-0.99838839,0.000160219958,-0.521861302,0.0295258608,-0.852519102,-0.00685093878,0.0108974576,-0.0146118719
0.851255416,-0.0483985366,-0.522514852,-0.0568989296,-0.998379734,-0.000220843655,-0.521657647,0.0299185329,-0.852629954,-0.00669507729,0.0188789964,0.0019129978
0.850892032,-0.0486468399,-0.523083385,-0.0570555898,-0.998370956,3.7179141e-05,-0.522233092,0.0298131963,-0.852281459,-0.00979515351,0.0101725459,-0.0111808348
0.850596283,-0.048952484,-0.523535703,-0.0572397491,-0.998360493,0.000352035661,-0.522694547,0.0296676107,-0.852003766,-0.0124437744,-0.00157862902,-0.00821217522
0.850326013,-0.0492371921,-0.523947853,-0.0573625641,-0.998353038,0.000723785425,-0.523120627,0.0294395404,-0.851749914,-0.00963196438,-0.00538349152,-0.00833340362
0.850326013,-0.0492371921,-0.523947853,-0.0573625641,-0.998353038,0.000723785425,-0.523120627,0.0294395404,-0.851749914,-0.00963196438,-0.00538349152,-0.00833340362
0.85011885,-0.04980296,-0.52423051,-0.05745532,-0.99834678,0.00167249,-0.52344708,0.02869802,-0.85157488,-0.00114072,0.00244135,-0.01052658
0.850156212,-0.0501750577,-0.524134399,-0.0574166699,-0.998347247,0.00244020634,-0.52339061,0.0280194963,-0.851631987,-0.000529736164,0.00854724646,-0.00940907001
0.850156212,-0.0501750577,-0.524134399,-0.0574166699,-0.998347247,0.00244020634,-0.52339061,0.0280194963,-0.851631987,-0.000529736164,0.00854724646,-0.00940907001
0.85014654,-0.05064606,-0.52410475,-0.05727786,-0.9983516,0.0035642,-0.52342149,0.02698951,-0.85164601,-0.00253201,0.00877661,-0.00367746
0.85036042,-0.05081352,-0.52374147,-0.05703391,-0.99836304,0.00425967,-0.52310063,0.02624877,-0.85186649,,,
0.85060003,-0.0508662,-0.52334711,-0.05682231,-0.99837319,0.00468216,-0.52273396,0.02575515,-0.85210658,-0.00403452,-0.00226027,0.00363739
0.85079252,-0.05094748,-0.52302623,-0.05658074,-0.99838437,0.00521331,-0.52244684,0.02515777,-0.85230059,-0.00555056,0.00105566,0.00739699
0.850860448,-0.0510744787,-0.522903329,-0.0565388544,-0.998385124,0.00551789606,-0.522340743,0.0248693961,-0.852374102,-0.0103283403,-0.000416219234,0.00675886311
0.85079904,-0.0517278,-0.52293903,-0.0563823,-0.99838454,0.00702611,-0.52245768,0.0235067,-0.85234114,-0.01052565,0.00930387,0.00373148
0.85079904,-0.0517278,-0.52293903,-0.0563823,-0.99838454,0.00702611,-0.52245768,0.0235067,-0.85234114,-0.01052565,0.00930387,0.00373148
0.85000227,-0.05240689,-0.52416566,-0.05642739,-0.9983719,0.00831447,-0.5237481,0.02250999,-0.85157554,-0.00582813,0.00371677,-0.00847209
0.85000227,-0.05240689,-0.52416566,-0.05642739,-0.9983719,0.00831447,-0.5237481,0.02250999,-0.85157554,-0.00582813,0.00371677,-0.00847209
0.85000227,-0.05240689,-0.52416566,-0.05642739,-0.9983719,0.00831447,-0.5237481,0.02250999,-0.85157554,-0.00582813,0.00371677,-0.00847209
0.85000227,-0.05240689,-0.52416566,-0.05642739,-0.9983719,0.00831447,-0.5237481,0.02250999,-0.85157554,-0.00582813,0.00371677,-0.00847209
0.85000227,-0.05240689,-0.52416566,-0.05642739,-0.9983719,0.00831447,-0.5237481,0.02250999,-0.85157554,-0.00582813,0.00371677,-0.00847209
0.85000227,-0.05240689,-0.52416566,-0.05642739,-0.9983719,0.00831447,-0.5237481,0.02250999,-0.85157554,-0.00582813,0.00371677,-0.00847209
0.85000227,-0.05240689,-0.52416566,-0.05642739,-0.9983719,0.00831447,-0.5237481,0.02250999,-0.85157554,-0.00582813,0.00371677,-0.00847209
0.85000227,-0.05240689,-0.52416566,-0.05642739,-0.9983719,0.00831447,-0.5237481,0.02250999,-0.85157554,-0.00582813,0.00371677,-0.00847209
0.84847022,-0.0568398215,-0.52618201,-0.0574270013,-0.998233435,0.0152310689,-0.526118249,0.0172939479,-0.850235471,0.000727151346,-0.00190383196,-0.0116051082
0.84891132,-0.05775827,-0.52536989,-0.05751814,-0.9982029,0.0168009,-0.52539624,0.01595582,-0.85070787,-0.00616722,0.01135296,-0.00142941
0.84922054,-0.05844483,-0.52479392,-0.05750513,-0.9981808,0.01810993,-0.52489772,0.01479902,-0.8510365,-0.00334706,0.0077551,-0.0046409
0.84937756,-0.0587583987,-0.524504719,-0.0574454823,-0.998171637,0.0187950029,-0.524650137,0.0141663741,-0.851199983,-0.000441572542,0.00832718611,-0.00417548092
0.84964954,-0.05924829,-0.52400886,-0.05729602,-0.99815769,0.01995692,-0.52422592,0.01306724,-0.85147891,0.00104165,-0.00129753,-0.00623609
0.84985328,-0.0596855,-0.52362872,-0.05711415,-0.99814512,0.02107628,-0.52391542,0.01199487,-0.85168578,0.00125542,-0.0035007,-0.00677396
0.84994731,-0.05981696,-0.52346105,-0.05698555,-0.99814258,0.02153198,-0.52377685,0.01152867,-0.85177727,-0.0038764,-0.00343764,-0.00814421
0.85007261,-0.05987543,-0.52325084,-0.0566819,-0.99814666,0.02213231,-0.52360641,0.01084478,-0.85189095,-0.00273145,-0.00424117,-0.00777842
0.85019263,-0.06006262,-0.52303436,-0.05641526,-0.99814414,0.02291881,-0.52344033,0.01002172,-0.85200322,-0.0017781,-0.00453544,-0.00683333
0.85022915,-0.06035099,-0.52294182,-0.05646002,-0.99813064,0.023395,-0.52337621,0.00963419,-0.85204717,-0.00356601,0.01099592,-0.00478214
0.85029168,-0.06064844,-0.5228057,-0.05641346,-0.99811802,0.02403649,-0.52327962,0.00905525,-0.85211282,0.00280373,0.00841051,-0.00744285
0.850265555,-0.0607561544,-0.522835705,-0.0563879319,-0.998113541,0.0242845405,-0.523324837,0.00883331597,-0.852087477,-0.000404218561,0.00787705183,-0.00835420936
0.850187249,-0.0610324601,-0.52293085,-0.0563580322,-0.998100944,0.0248630939,-0.523455258,0.00833306916,-0.852012357,0.00607241504,-0.000831961632,-0.0145559506
0.85021335,-0.06106493,-0.5228846,-0.0562433,-0.99810109,0.02511105,-0.52342518,0.008059,-0.85203334,0.0018801,-0.00154895,-0.01446402
0.85026033,-0.06111862,-0.52280196,-0.05619107,-0.99809952,0.0252972,-0.52335451,0.0078676,-0.85207875,-0.00179162,-0.00374883,-0.00418409
0.850354189,-0.061225857,-0.522636747,-0.0560866478,-0.998096013,0.0256693769,-0.52321321,0.00748487864,-0.852169099,-0.00278870738,-0.00416946411,-0.000876704464
0.850354189,-0.061225857,-0.522636747,-0.0560866478,-0.998096013,0.0256693769,-0.52321321,0.00748487864,-0.852169099,-0.00278870738,-0.00416946411,-0.000876704464
0.85046357,-0.06166961,-0.52240653,-0.05589506,-0.99807619,0.02682635,-0.52305589,0.00638512,-0.85227447,-0.00916881,0.01653427,-0.01135856
0.85043748,-0.06196364,-0.5224142,-0.05568289,-0.99806318,0.02773435,-0.52312093,0.0055032,-0.85224064,-0.00662281,0.01614815,-0.00831751
0.850197563,-0.062198151,-0.522776683,-0.0556065868,-0.998051067,0.028311056,-0.523518842,0.00499983998,-0.851999177,0.00378112704,0.00327640772,-0.000593805104
0.85003053,-0.0623087,-0.52303507,-0.05557366,-0.99804531,0.02857859,-0.5237935,0.0047743,-0.85183168,0.00334273,-0.00573403,-0.00253748
0.849675364,-0.0623919841,-0.523601957,-0.0555619962,-0.998040826,0.0287624799,-0.524370703,0.00465360011,-0.851477318,0.00533784134,-0.0127058029,0.000274570863
0.84952892,-0.06245369,-0.52383216,-0.05566169,-0.99803638,0.02872074,-0.52459734,0.00475828,-0.85133703,0.00186116,-0.00563198,-0.00302444
0.849455687,-0.0625078693,-0.523944447,-0.0556881249,-0.998033142,0.0287823234,-0.524713112,0.00472817771,-0.851265854,0.00377221731,-0.000856041908,-0.00480197743
0.84940331,-0.06265329,-0.52401202,-0.05570693,-0.99802518,0.02902968,-0.52479593,0.00453319,-0.85121614,0.0037256,0.00820333,-0.00610908
0.84961242,-0.0627718,-0.52365871,-0.05567805,-0.99801884,0.029299,-0.52446039,0.0042635,-0.85142422,0.00691009,0.00384861,-0.00449458
0.849565348,-0.0627883292,-0.523733085,-0.0556599573,-0.998017997,0.0293605886,-0.524538548,0.0042072225,-0.851376303,0.00914245006,0.000518023968,0.000620681909
0.8496177,-0.06275963,-0.5236516,-0.05552425,-0.99802071,0.0295254,-0.52446814,0.00399006,-0.85142074,0.01004767,0.00441223,-0.01573771
0.84988426,-0.06255706,-0.52324311,-0.05548646,-0.99803243,0.02919658,-0.52404007,0.0042192,-0.85168311,0.01115122,0.00652295,-0.0124965
0.84995742,-0.06245618,-0.5231363,-0.0555067,-0.99803781,0.0289701,-0.52391924,0.00441422,-0.85175636,0.00421313,0.00278813,-0.00901179
0.85015061,-0.06223799,-0.52284831,-0.0555652,-0.9980494,0.02845532,-0.52359949,0.00486087,-0.85195056,0.00179141,-0.00196034,-0.01019775
0.85041138,-0.0621411534,-0.522435618,-0.0555874382,-0.998054762,0.0282294667,-0.523173523,0.00503419652,-0.852211407,0.0014649767,0.000493168831,-0.00615628203
0.850854382,-0.0616175086,-0.521775921,-0.055461178,-0.998084168,0.0274257003,-0.522466159,0.00560302899,-0.852641676,0.00464165164,0.00808554888,-0.000755763263
0.85124988,-0.0611803,-0.52118192,-0.05524667,-0.9981094,0.02693095,-0.52184426,0.0058686,-0.85302051,-0.00520242,0.00818318,-0.00500449
0.85143185,-0.06086984,-0.52092097,-0.05498155,-0.99812849,0.02676582,-0.52157533,0.00585177,-0.85318509,-0.00108623,0.00326675,-0.00647795
0.85154611,-0.0605080204,-0.520776322,-0.0546825904,-0.998150338,0.026559125,-0.521420188,0.00586108138,-0.853279749,0.00656112051,-0.000398218632,-0.00801012572
0.85167069,-0.06035517,-0.52059034,-0.05459017,-0.99815944,0.02641468,-0.5212264,0.00592251,-0.85339795,0.00177583,0.00428241,-0.00252169
0.85191969,-0.06004953,-0.52021813,-0.05440528,-0.99817708,0.02612586,-0.52083866,0.00604548,-0.85363372,,,
0.85191969,-0.06004953,-0.52021813,-0.05440528,-0.99817708,0.02612586,-0.52083866,0.00604548,-0.85363372,,,
0.85210607,-0.05961029,-0.5199633,-0.05410278,-0.99820254,0.02577458,-0.52056518,0.00616879,-0.85379951,-0.00657373,0.00694221,0.00349441
0.85211629,-0.05949213,-0.5199601,-0.05388892,-0.998211,0.02589828,-0.52057065,0.00595174,-0.85379781,-0.00222579,0.00545353,-0.01115783
0.85220399,-0.0590288,-0.51986919,-0.05377372,-0.99823534,0.02519567,-0.520439,0.00648345,-0.85387436,0.00575242,-0.00115907,-0.00806564
0.852349,-0.0587582,-0.51966206,-0.05388278,-0.99824682,0.02449332,-0.52019018,0.00712398,-0.85402074,,,
0.852519723,-0.058449939,-0.519416718,-0.0539471691,-0.998260348,0.0237905906,-0.519903669,0.00773911377,-0.854189845,0.00663953461,0.000722706318,-0.00512273377
0.85263876,-0.05833318,-0.5192344,-0.05398457,-0.99826499,0.02350122,-0.51970452,0.00799259,-0.85430848,0.00507861,0.00106019,-0.00226663
0.85287665,-0.05809975,-0.51886976,-0.05405917,-0.99827446,0.02292234,-0.51930628,0.00849974,-0.85454577,,,
0.85302629,-0.05770086,-0.51866823,-0.05413041,-0.99829067,0.02203253,-0.51905301,0.0092814,-0.85469155,0.00225402,0.00342578,0.00370614
0.85309858,-0.05750788,-0.51857076,-0.05424264,-0.99829663,0.02147367,-0.51892246,0.0098095,-0.85476478,,,
0.85309858,-0.05750788,-0.51857076,-0.05424264,-0.99829663,0.02147367,-0.51892246,0.0098095,-0.85476478,,,
0.853175015,-0.0563715747,-0.518569787,-0.0543845337,-0.998338243,0.019049276,-0.51878194,0.0119498113,-0.854822973,-0.00430659484,-0.00307643414,0.000924852735
0.85316415,-0.05599977,-0.51862795,-0.0543406,-0.99835278,0.01840639,-0.51880442,0.01247888,-0.85480186,,,
0.8530186,-0.05538481,-0.5189333,-0.05436972,-0.99837286,0.01718202,-0.51904064,0.01355768,-0.85464184,-0.00594832,0.00308043,-0.00158659
0.85263012,-0.05494458,-0.51961809,-0.05454926,-0.99838181,0.0160605,-0.51965974,0.01465112,-0.85424757,-0.0011995,0.00639325,-0.01067622
0.85244854,-0.05460541,-0.51995166,-0.05471695,-0.99838702,0.01514361,-0.51993993,0.01554102,-0.85406139,0.00308173,0.00685972,-0.01236351
0.85234418,-0.05375813,-0.52021094,-0.05514572,-0.99839577,0.01281937,-0.52006568,0.01776089,-0.85394132,-0.00242716,-0.00423849,-0.00359336
0.85245693,-0.05255081,-0.52014957,-0.05569138,-0.99840184,0.00959786,-0.5198227,0.02078608,-0.85402119,-0.01205695,-0.0021385,0.00364848
0.85237335,-0.05197608,-0.52034428,-0.0559311,-0.99840173,0.00810775,-0.51993402,0.0221926,-0.85391811,-0.01978965,0.00472707,0.00870016
0.8519515,-0.05072168,-0.52115827,-0.05642487,-0.99839467,0.0049294,-0.52057168,0.02520667,-0.8534458,-0.00254588,0.00457829,-0.0159532
0.8519515,-0.05072168,-0.52115827,-0.05642487,-0.99839467,0.0049294,-0.52057168,0.02520667,-0.8534458,-0.00254588,0.00457829,-0.0159532
0.85093892,-0.04805997,-0.52306138,-0.05764278,-0.9983353,-0.00204667,-0.52209222,0.0318923,-0.8522927,-0.00825494,-0.00860864,0.01986256
0.850237211,-0.0463293632,-0.524357005,-0.0584375271,-0.998269512,-0.00655386884,-0.523145997,0.0362144705,-0.851473253,9.24182241e-05,0.0198351741,0.00722037535
0.84975496,-0.04507846,-0.52524705,-0.05925724,-0.99819074,-0.01019947,-0.52383691,0.03979174,-0.85088877,-0.00833953,0.01685983,0.00448353
0.84949357,-0.04458827,-0.52571148,-0.05982159,-0.99813685,-0.01200823,-0.52419658,0.04164981,-0.85057817,0.00481254,0.01699919,-0.00279468
0.84897473,-0.04347656,-0.5266419,-0.06091526,-0.99801774,-0.01580797,-0.52491069,0.04550109,-0.84994023,0.00119847,0.00375658,-0.00538026
0.84842901,-0.04252348,-0.52759829,-0.06193252,-0.99789625,-0.01916481,-0.52567344,0.04893548,-0.8492777,0.01241307,0.02560753,-0.01067671
0.8482091,-0.04222664,-0.52797559,-0.0624705,-0.99783504,-0.02055553,-0.52596459,0.05041829,-0.84901067,0.01028529,0.01829475,-0.00293382
0.84772131,-0.04161311,-0.52880706,-0.06356457,-0.99770355,-0.02338753,-0.52661951,0.0534395,-0.84841967,0.01489084,0.0241335,-0.02210268
0.84739405,-0.04058189,-0.52941141,-0.06441661,-0.99756749,-0.02663918,-0.52704253,0.05667677,-0.8479469,-0.00788368,0.01183599,0.0013715
0.84708781,-0.0399154,-0.5299519,-0.06498868,-0.99747178,-0.02875099,-0.52746443,0.05879548,-0.84754024,-0.00790212,0.01884633,0.00231825
0.84668143,-0.03892111,-0.53067475,-0.06604936,-0.99729541,-0.03223616,-0.52798487,0.06234449,-0.8469622,0.00193058,0.03140825,-0.02154971
0.84622685,-0.03772049,-0.53148589,-0.06731354,-0.99706703,-0.03641238,-0.52855366,0.06658933,-0.84628397,0.00659714,0.01823837,-0.01233952
0.84611011,-0.03689814,-0.53172942,-0.06804527,-0.99691572,-0.03909779,-0.52864685,0.06926271,-0.84601119,-0.00243441,0.03304106,-0.00752422
0.84587646,-0.03511564,-0.53222165,-0.0696451,-0.99655906,-0.04493679,-0.5288124,0.0750776,-0.84541145,-0.01389581,0.02175349,0.00773678
0.8453015,-0.03394367,-0.53321027,-0.07170156,-0.99615923,-0.05025434,-0.52945656,0.08071208,-0.84448869,-0.01332441,0.01373655,-0.0068419
0.8449263,-0.03340161,-0.53383881,-0.07280701,-0.99594105,-0.05291957,-0.52990441,0.08358034,-0.84392865,-0.012594,0.03564066,-0.02322185
0.84422713,-0.03215948,-0.53501995,-0.07500991,-0.99546402,-0.05852456,-0.53071093,0.08953982,-0.84281003,-0.01091429,0.01916343,-0.03601071
0.84368212,-0.03111467,-0.53594059,-0.07743212,-0.99493256,-0.06413226,-0.53122943,0.09560626,-0.84181605,-0.00317936,0.04598552,-0.00613552
0.8434125,-0.03070257,-0.5363886,-0.0788218,-0.99463442,-0.06700639,-0.5314532,0.09879314,-0.84130717,-0.01180975,0.06145388,-0.01810574
0.84300123,-0.03030657,-0.53705718,-0.08167319,-0.99404726,-0.07210483,-0.53167508,0.10464764,-0.84045826,-0.0186898,0.04930967,-0.01783233
0.84277836,-0.0289941,-0.53747929,-0.08395331,-0.99340817,-0.07805149,-0.53167328,0.11090327,-0.83965706,0.00787372,0.03022593,-0.00114528
0.84261861,-0.02835192,-0.53776392,-0.0850774,-0.99308047,-0.08095013,-0.53174778,0.11396164,-0.83920019,-0.00869529,0.03414649,-0.01489131
0.84238161,-0.02610954,-0.53824854,-0.08638231,-0.99245157,-0.08704977,-0.53191286,0.11982428,-0.83827833,-0.02889542,0.04699939,0.00336621
0.84208867,-0.02262498,-0.5388643,-0.08595319,-0.99197972,-0.09267022,-0.53244593,0.12435365,-0.83727954,-0.00709124,0.02470762,-0.0173619
0.84202377,-0.02109693,-0.53902773,-0.08557076,-0.99180666,-0.09485326,-0.53261019,0.12599372,-0.83693006,0.00970153,0.00780612,0.00255479
0.84187223,-0.01810034,-0.53937326,-0.08540442,-0.99131166,-0.10003561,-0.53287636,0.13028206,-0.83610359,0.01785542,-0.03733218,-0.02158348
0.84173432,-0.01559631,-0.53966662,-0.08590253,-0.9907175,-0.10535313,-0.53301413,0.13503808,-0.83526066,0.00360342,-0.02653646,0.00221127
0.84166946,-0.01433038,-0.53980288,-0.08600124,-0.99044574,-0.10780074,-0.53310064,0.13715631,-0.83486036,0.01260309,-0.0145278,-0.01474019
0.84147685,-0.01225468,-0.5401542,-0.08623947,-0.98997184,-0.11188795,-0.53336619,0.14073374,-0.83409526,-0.00280055,-0.02411222,-0.00145795
0.84127442,-0.01050547,-0.54050621,-0.08648376,-0.98954984,-0.11537495,-0.53364584,0.14380701,-0.83339149,-0.01342619,-0.06395996,-0.00737538
0.84171291,-0.00770917,-0.53987029,-0.08638227,-0.98894076,-0.12055702,-0.53297042,0.14810962,-0.83307012,0.00807071,-0.01037163,-0.02059618
0.8422688,-0.00609739,-0.53902327,-0.08609879,-0.98862073,-0.12335333,-0.53213745,0.15030591,-0.83320938,0.00925251,-0.00293958,-0.01073408
0.842627394,-0.00543449714,-0.538469614,-0.085940687,-0.988489582,-0.124508472,-0.531595013,0.151190699,-0.833395431,-0.000103729428,-0.0371951461,-0.00605672039
0.84355511,-0.00182239,-0.53703951,-0.08509482,-0.98781462,-0.13031067,-0.53025808,0.15562352,-0.83343113,-0.00148146,-0.02711058,0.01772449
0.843471684,-0.000470313088,-0.537173451,-0.0848683526,-0.987557045,-0.132395963,-0.530427093,0.15726127,-0.833016337,0.00297428062,-0.00410169363,0.00561590632
0.843409695,0.000794743251,-0.537270376,-0.0846386492,-0.987315894,-0.134326632,-0.530562332,0.158766223,-0.832644532,-0.000913708529,-0.00391674042,0.00317782653
0.84339881,0.00135496,-0.5372863,-0.08461705,-0.98718231,-0.13531611,-0.53058304,0.15958903,-0.83247368,-0.01061239,-0.01411909,0.01322006
0.84327251,0.00406296,-0.53747088,-0.08433413,-0.9865852,-0.13977521,-0.53082879,0.16319573,-0.83161751,-0.00412159,-0.00985384,0.00569118
0.84326464,0.00468328,-0.53747819,-0.08420798,-0.98646285,-0.14071175,-0.53086133,0.1639172,-0.83145485,-0.00773595,-0.01102024,0.01550029
0.84300376,0.00580049,-0.5378764,-0.08399335,-0.98625679,-0.14227708,-0.5313095,0.16511815,-0.83093099,-0.00847026,0.01754373,-0.00152305
0.84216047,0.00787263,-0.53916951,-0.08364471,-0.98588308,-0.14504486,-0.53270001,0.16724973,-0.82961325,0.0014124,-0.0157491,-0.0097887
0.84154221,0.00931798,-0.54011102,-0.0833386,-0.98564142,-0.1468534,-0.5337241,0.16859543,-0.82868232,0.00552585,-0.03684598,0.00317513
0.840863363,0.0103591132,-0.541148286,-0.0831247914,-0.985483401,-0.148028409,-0.534826184,0.169454506,-0.827795762,-0.00231080363,-0.0167052746,-0.000529450481
0.84060095,0.01064665,-0.54155025,-0.08315817,-0.98541691,-0.148452,-0.53523336,0.16982322,-0.82745701,-0.00528418,-0.02441698,-0.00843425
0.84006559,0.01173058,-0.54235795,-0.08298994,-0.98521884,-0.14985338,-0.53609927,0.17089693,-0.82667489,-0.00409981,-0.00635999,-0.01672713
0.83968153,0.0129326,-0.5429251,-0.08261358,-0.98503975,-0.15123305,-0.53675871,0.17184058,-0.82605125,0.00460534,0.00709468,-0.02120938
0.83959962,0.0134843,-0.54303833,-0.08233769,-0.98498151,-0.15176179,-0.5369292,0.17213167,-0.82587981,-0.00383866,0.02228731,-0.01564055
0.83951438,0.01397571,-0.54315769,-0.08216622,-0.98490672,-0.15233973,-0.53708873,0.17252061,-0.82569502,-0.00314899,0.03373045,-0.00448466
0.83941365,0.0138049,-0.54331774,-0.08215964,-0.98496588,-0.15196132,-0.53724719,0.1721972,-0.82565961,-0.01367743,-0.02105397,-0.00884811
0.83945801,0.01441048,-0.54323346,-0.08169326,-0.98494166,-0.15236828,-0.53724898,0.17228528,-0.82563992,0.00573598,-0.00468719,-0.01689038
0.839866395,0.0148985554,-0.542588655,-0.0811986829,-0.984926276,-0.152730836,-0.536685373,0.172330982,-0.825996713,0.000296815182,-0.000269889832,-0.00886654388
0.84011308,0.01490825,-0.54220639,-0.08104831,-0.98494977,-0.15266074,-0.53632191,0.17219719,-0.82626091,0.00101441,-0.00556493,-0.01489981
0.84070608,0.01505317,-0.54128243,-0.08070917,-0.98496393,-0.15274746,-0.53544308,0.17210218,-0.82685021,-0.0041464,-0.01174659,-0.01626167
0.84159499,0.01544629,-0.53988823,-0.08029192,-0.98490615,-0.15333994,-0.53410775,0.17239879,-0.82765187,-0.00343007,-0.01204139,-0.00836332
0.84215947,0.01566174,-0.53900104,-0.08010376,-0.98485353,-0.15377458,-0.53324553,0.17267872,-0.82814913,-0.0055038,-0.00126266,-0.01078582
0.84321444,0.01617925,-0.5373338,-0.07972956,-0.98472847,-0.15476652,-0.53163199,0.17334275,-0.82904728,0.00212774,-0.00370443,-0.0139751
0.84452872,0.01680086,-0.53524664,-0.07954391,-0.98448409,-0.15640881,-0.52956964,0.17466734,-0.83008867,-0.00635329,-0.00705975,-0.02864692
0.84452872,0.01680086,-0.53524664,-0.07954391,-0.98448409,-0.15640881,-0.52956964,0.17466734,-0.83008867,-0.00635329,-0.00705975,-0.02864692
0.84624523,0.01766633,-0.53250061,-0.07952299,-0.98406663,-0.15902478,-0.52682549,0.17692,-0.8313568,0.00591725,0.02127832,-0.00136624
0.846554275,0.0176142717,-0.532010863,-0.079558292,-0.984039056,-0.159176328,-0.526323378,0.177077279,-0.831641069,-0.000768321916,0.0187876821,-0.00299507962
0.84721627,0.01735937,-0.5309644,-0.0796448,-0.9840194,-0.1592542,-0.52524399,0.17721131,-0.83229462,-0.00149251,0.01832718,-0.00291788
0.84777882,0.01695886,-0.53007871,-0.0797502,-0.98404716,-0.15903081,-0.52431951,0.17709683,-0.83290185,-0.00214243,0.01844555,-0.00622518
0.84789058,0.01665967,-0.52990944,-0.07986684,-0.98408623,-0.15873069,-0.52412102,0.17690845,-0.83306687,-0.00278278,0.00910872,-0.00554115
0.847996449,0.0161288852,-0.529756436,-0.0800830294,-0.984161448,-0.158154854,-0.523916722,0.176539254,-0.833273763,-0.00160750886,0.00914269686,-0.000784317381
0.8480013,0.01539162,-0.52977062,-0.08042222,-0.98426642,-0.15732772,-0.52385692,0.17601944,-0.83342139,-0.00167398,0.00291067,0.00792034
0.847334168,0.0146643021,-0.530857562,-0.0810889955,-0.984324122,-0.156621862,-0.524832705,0.175757762,-0.832862333,-0.000540935202,-0.00123864412,-0.0051789619
0.84694708,0.01464287,-0.53147552,-0.08139009,-0.98426799,-0.15681928,-0.5254106,0.17607447,-0.83243113,-0.00276385,-0.00135684,-0.00482355
0.846804082,0.0147355683,-0.531700774,-0.0814793977,-0.984224808,-0.157043592,-0.525627204,0.176307813,-0.832244945,0.000166693819,-0.00383466482,-0.00637610164
0.84668034,0.01470308,-0.53189866,-0.0816916,-0.98417519,-0.15724249,-0.52579354,0.17658579,-0.83208063,,,
0.846750365,0.0147470692,-0.53178599,-0.0818184109,-0.98411278,-0.157568174,-0.525661073,0.176930794,-0.832091269,0.00597402127,0.000695943832,0.0017523088
0.84686804,0.01474547,-0.53159863,-0.08190081,-0.9840739,-0.15776906,-0.52545865,0.17714793,-0.83217309,,,
0.84719553,0.01458973,-0.53108083,-0.08208083,-0.98402624,-0.15797065,-0.52490232,0.17742358,-0.83246506,-0.00274826,0.0020631,-0.00646705
0.84721781,0.0145474181,-0.531046463,-0.0821214983,-0.984022965,-0.157970711,-0.524860012,0.177445932,-0.832487117,-0.000364379841,0.00227361917,-0.0134925721
0.84733834,0.01460665,-0.53085249,-0.08209985,-0.98400048,-0.15812171,-0.52466879,0.1775655,-0.83258211,0.0025693,0.00104326,-0.00938284
0.847576244,0.0145762616,-0.530473406,-0.0820737333,-0.983994417,-0.158173254,-0.524288474,0.177601826,-0.832813955,0.000299532723,-0.00244909525,-0.00547508895
0.847576244,0.0145762616,-0.530473406,-0.0820737333,-0.983994417,-0.158173254,-0.524288474,0.177601826,-0.832813955,0.000299532723,-0.00244909525,-0.00547508895
0.84761766,0.01449618,-0.53040942,-0.08232382,-0.98392933,-0.15844806,-0.5241823,0.1779687,-0.83280249,-0.00716078,0.00697309,-0.01148919
0.8475448,0.01445725,-0.53052688,-0.08236625,-0.9839338,-0.15839737,-0.52429341,0.17794638,-0.83273716,-0.00365081,0.01097327,-0.0180371
0.84758932,0.01435063,-0.53045866,-0.08242591,-0.98394097,-0.15832241,-0.52421207,0.17791593,-0.83279499,0.00432829,0.00557953,0.00167889
0.8476338,0.01417831,-0.53039223,-0.08242061,-0.98398973,-0.15802231,-0.524141,0.1776603,-0.83289436,0.00500392,0.00418025,0.0011053
0.847630717,0.0138980995,-0.530404589,-0.0823078859,-0.984111587,-0.157321371,-0.524163712,0.177006905,-0.833019304,-0.000944201951,0.00170379877,-0.00656673079
0.847630717,0.0138980995,-0.530404589,-0.0823078859,-0.984111587,-0.157321371,-0.524163712,0.177006905,-0.833019304,-0.000944201951,0.00170379877,-0.00656673079
0.848402852,0.0138531811,-0.529169828,-0.0816191748,-0.984279974,-0.156625244,-0.523020963,0.176071707,-0.833935269,-0.000697565672,-0.000123441219,-0.00750755006
0.848595546,0.0138858364,-0.528859894,-0.0814902702,-0.984294409,-0.156601083,-0.522728361,0.175987917,-0.834136294,9.13317781e-05,-0.000491678715,-0.00945951417
0.84903098,0.01407617,-0.52815553,-0.08119253,-0.98429476,-0.1567532,-0.52206721,0.17597061,-0.83455386,0.00160923,-0.00219655,-0.00925019
0.84961046,0.01438792,-0.52721444,-0.08085267,-0.98425863,-0.15715561,-0.52117648,0.17614774,-0.83507313,-0.00359736,-0.00849742,-0.00739102
0.84985257,0.01461061,-0.52681792,-0.08074798,-0.98420289,-0.15755668,-0.52079781,0.17643943,-0.83524755,-0.00190771,0.00535399,-0.00507645
0.85028309,0.01476095,-0.52611858,-0.08057469,-0.98417292,-0.15783251,-0.52012149,0.17659415,-0.83563621,-0.00345307,0.00479501,-0.00838532
0.85076296,0.01503571,-0.52533448,-0.0803607,-0.98411415,-0.15830821,-0.51936937,0.176899,-0.83603959,-0.00359705,0.00169379,-0.01903403
0.85088503,0.01528586,-0.52512953,-0.08036326,-0.98402527,-0.15885903,-0.51916898,0.17737189,-0.83606396,-0.00631012,0.00729591,-0.00639529
0.850718836,0.015445804,-0.52539405,-0.0806010195,-0.983912727,-0.159434871,-0.519404425,0.177981543,-0.835788161,-0.000526266405,0.00620800257,-0.0019804968
0.85047749,0.01541914,-0.52578542,-0.08089963,-0.98384354,-0.15971029,-0.51975313,0.17836585,-0.83548939,-0.00417151,0.00817782,-0.00388602
0.85047749,0.01541914,-0.52578542,-0.08089963,-0.98384354,-0.15971029,-0.51975313,0.17836585,-0.83548939,-0.00417151,0.00817782,-0.00388602
0.85003534,0.01498096,-0.5265126,-0.08144579,-0.98383512,-0.1594845,-0.52039075,0.1784497,-0.8350745,0.00783258,0.01387602,-0.00780548
0.85017685,0.01488854,-0.52628662,-0.08135667,-0.98387857,-0.15925935,-0.5201734,0.17821554,-0.83525946,0.01249691,0.01754981,-0.00361408
0.8503183,0.01479615,-0.52606066,-0.08126769,-0.98392231,-0.15903423,-0.51995606,0.17798145,-0.83544466,0.00358614,0.01882809,-0.00471028
0.850673076,0.0146070314,-0.525492099,-0.0810042445,-0.984033098,-0.158483697,-0.519416618,0.177384905,-0.835907224,-0.000927855144,0.0106291175,-0.00975383073
0.850673076,0.0146070314,-0.525492099,-0.0810042445,-0.984033098,-0.158483697,-0.519416618,0.177384905,-0.835907224,-0.000927855144,0.0106291175,-0.00975383073
0.85128145,0.01417536,-0.52451786,-0.0807518,-0.98418692,-0.15765664,-0.51845836,0.17656594,-0.83667541,0.00452298,0.00645548,-0.00715734
0.85250638,0.01379754,-0.52253465,-0.08006916,-0.98440696,-0.15662473,-0.51654793,0.17536249,-0.83810842,-0.0088221,-0.01129633,-0.00295154
0.852765085,0.0137213635,-0.522114348,-0.0799157611,-0.984455531,-0.156397605,-0.516144495,0.175095585,-0.838412709,-0.00889634993,-0.00543820858,-0.000403747836
0.85335328,0.01362978,-0.52115487,-0.07958781,-0.98453465,-0.15606782,-0.51522223,0.17465856,-0.83907109,-0.00222843,0.0032602,0.00315796
0.85387193,0.01364714,-0.52030421,-0.07928413,-0.98457972,-0.15593798,-0.51440912,0.17440293,-0.83962297,0.00205348,0.00889713,0.00737549
0.854061081,0.0136586327,-0.519993362,-0.0791338576,-0.984607971,-0.155835726,-0.514118164,0.174242311,-0.839834473,0.000355678145,0.00902670622,0.0110279312
0.85469896,0.01377497,-0.51894119,-0.07868284,-0.9846613,-0.15572828,-0.51312641,0.17393257,-0.84050515,-0.00447413,0.00742203,0.00497295
0.85474539,0.01373032,-0.51886584,-0.07863936,-0.98468439,-0.15560217,-0.51305569,0.17380352,-0.84057467,-0.00350761,0.00540954,0.00637187
0.85469896,0.0137107,-0.51894288,-0.07861929,-0.98470201,-0.15550223,-0.51313614,0.17370651,-0.84054585,-0.00306551,0.00555021,-0.00252113
0.854540764,0.0137988071,-0.519201,-0.0784569184,-0.984746578,-0.155302019,-0.513424383,0.173446816,-0.840423483,0.000104442588,0.00504213572,0.0047661378
0.854404223,0.0138443829,-0.519424432,-0.0783351536,-0.984787697,-0.155101792,-0.513670138,0.17320882,-0.840322248,0.000782336225,0.00500816107,-0.00218015746
0.8542429,0.01380623,-0.51969074,-0.07821264,-0.98485671,-0.15472617,-0.51395706,0.17282012,-0.84022705,,,
0.85408442,0.01382955,-0.5199505,-0.07798621,-0.98494134,-0.1542995,-0.51425474,0.17233377,-0.84014451,,,
0.85404076,0.0138499224,-0.520021678,-0.0778410436,-0.984988334,-0.154073256,-0.514349237,0.172063872,-0.84014208,0.00445421878,-0.000874817371,-0.00478781154
0.85401893,0.01387086,-0.52005697,-0.07777903,-0.98500498,-0.1539978,-0.51439486,0.17196656,-0.84013401,,,
0.85388213,0.01393756,-0.52027979,-0.07767825,-0.98503261,-0.15387301,-0.51463716,0.17180384,-0.8400191,-0.00450481,0.00295419,-0.00693762
0.853884992,0.0140421677,-0.520272255,-0.0776171216,-0.985021632,-0.153973096,-0.514641608,0.171857352,-0.840005257,0.000236791762,0.0080294013,-0.00336106285
0.85391253,0.01418754,-0.52022313,-0.07751433,-0.98501027,-0.15409799,-0.51461142,0.17191095,-0.84001286,0.00665111,-0.00149965,-0.00960619
0.85396193,0.01429046,-0.52013918,-0.07745225,-0.98499549,-0.15422276,-0.51453876,0.17198632,-0.8400418,0.00222047,-0.00291228,-0.0065419
0.85398666,0.01435271,-0.52009689,-0.07743183,-0.98498156,-0.15432299,-0.51450081,0.17206183,-0.84004975,,,
0.854104443,0.0144329596,-0.519901226,-0.0774307574,-0.984946368,-0.154547902,-0.514305427,0.172256396,-0.840129509,-0.000380500569,0.00173908472,-0.010022941
0.85415381,0.01455732,-0.51981665,-0.07738989,-0.98491813,-0.15474809,-0.51422959,0.17240722,-0.84014497,-0.00638685,0.00482637,-0.00542413
0.854227822,0.0147438854,-0.519689762,-0.0773285337,-0.984875786,-0.155048429,-0.514115871,0.172633529,-0.840168177,-6.04001107e-05,0.00816112757,-0.00911681447
0.85427433,0.01476363,-0.51961276,-0.07734878,-0.98485854,-0.15514855,-0.51403555,0.17273083,-0.84019745,,,
0.85425249,0.01482753,-0.51964682,-0.07732932,-0.98484796,-0.15522394,-0.51407475,0.17278437,-0.8401622,,,
0.85411572,0.01502326,-0.51986595,-0.07735617,-0.98479409,-0.1555515,-0.5142979,0.17307383,-0.83996595,-0.00100146,0.0065468,-0.01032233
0.854069185,0.0150679515,-0.519941096,-0.0773996769,-0.984770659,-0.155677533,-0.51436862,0.173202659,-0.83989598,0.000544347102,0.00848120451,-0.0120970579
0.854050112,0.0152579655,-0.519966918,-0.0773404036,-0.984735856,-0.155928468,-0.514409237,0.173385177,-0.839833706,0.000555132225,0.0110304952,-0.00488093495
0.85402544,0.01526022,-0.52000734,-0.07742458,-0.98470906,-0.15605439,-0.5144375,0.17353577,-0.83978503,,,
0.85397889,0.01526199,-0.52008377,-0.07742568,-0.98471309,-0.15602981,-0.51451464,0.17351401,-0.83974251,0.00183377,0.00127369,-0.00691839
0.85390761,0.01526609,-0.52020067,-0.07751093,-0.98469037,-0.15613116,-0.5146201,0.17364282,-0.83965131,0.00311031,0.00213283,-0.00917088
0.85388572,0.01535149,-0.52023408,-0.07751277,-0.98466633,-0.15628185,-0.51465614,0.17377162,-0.83960258,0.00137437,-0.00121546,-0.01285217
0.853935087,0.0154972492,-0.520148728,-0.0774930738,-0.984624101,-0.156557182,-0.514577193,0.173997595,-0.839604134,0.00359108206,0.00068372488,-0.0107242558
0.85403102,0.01561975,-0.51998755,-0.07745101,-0.98459177,-0.15678192,-0.51442431,0.17417019,-0.83966216,-0.0027426,0.0071196,-0.00686158
0.854148762,0.0156782011,-0.519792339,-0.0774283401,-0.984569614,-0.15693113,-0.514232179,0.174289189,-0.839754969,-0.000185331097,-0.0026678443,-0.00763367489
0.85419529,0.01569787,-0.51971526,-0.07744849,-0.98455189,-0.15703116,-0.51415183,0.17438644,-0.83978378,-0.00830328,0.00413519,-0.00722876
0.854239027,0.0156344032,-0.519645288,-0.0775510057,-0.984531897,-0.157106513,-0.514063714,0.174505531,-0.839813082,0.000157609233,0.00734239817,-0.00729437824
0.85421437,0.01561521,-0.51968641,-0.07761397,-0.98451903,-0.15715715,-0.5140952,0.17458082,-0.83977835,,,
0.85418972,0.01557457,-0.51972813,-0.07765571,-0.98451943,-0.15713247,-0.51412983,0.1745808,-0.83975688,0.00386209,0.00262946,0.00241936
0.85409105,0.01539055,-0.51989573,-0.07780145,-0.98453567,-0.1569585,-0.51427169,0.17450549,-0.83968566,-0.00369712,0.01029879,-0.00743649
0.85401419,0.0151210554,-0.520029916,-0.0779453364,-0.984576222,-0.156633785,-0.51437757,0.174301382,-0.839663446,-0.000755823799,0.003924191,-0.00955802016
0.853940074,0.0149775889,-0.520155752,-0.078049285,-0.984591675,-0.156484318,-0.514484833,0.174226016,-0.839613283,-0.00195709988,-9.45329666e-05,-0.00700614741
0.85371472,0.01446408,-0.52054008,-0.07844333,-0.98463556,-0.15601119,-0.51479882,0.17402195,-0.83946326,,,
0.853618628,0.0143844888,-0.520699832,-0.0785277805,-0.984640518,-0.155936914,-0.514945256,0.174000057,-0.839377898,0.00527932821,0.000673532486,-0.00782732386
0.85340157,0.01420618,-0.5210604,-0.07875957,-0.98463751,-0.1558389,-0.51526952,0.17403166,-0.83917231,,,
0.85320615,0.01394235,-0.52138743,-0.07898939,-0.98465844,-0.15559003,-0.51555788,0.17393444,-0.83901533,,,
0.853035377,0.0137622546,-0.521671584,-0.0792200536,-0.984651583,-0.155516489,-0.515805025,0.173987918,-0.838852383,-0.000929852773,-0.000295460224,-0.00638094312
0.852985724,0.0137024534,-0.521754338,-0.0793246844,-0.984639085,-0.155542152,-0.515871051,0.174063234,-0.838796132,-0.000536202802,0.00538975,-0.00512499921
0.85291418,0.01370666,-0.52187119,-0.07940997,-0.98461635,-0.15564318,-0.51597623,0.17419205,-0.83870481,-0.00128225,0.0068019,-0.00430118
0.85267754,0.01369701,-0.52225793,-0.07956118,-0.98459154,-0.15571994,-0.51634386,0.17433036,-0.83844927,0.00112206,0.00947875,-0.00465114
0.85258101,0.01366058,-0.52241648,-0.07968819,-0.98456945,-0.15579604,-0.51648367,0.17445917,-0.8383366,0.00349676,0.0053516,-0.01120866
0.85248742,0.01377205,-0.52256627,-0.07979684,-0.984509,-0.15612278,-0.51662137,0.17479184,-0.83818256,,,
0.85251527,0.01396053,-0.52251584,-0.07973685,-0.98447007,-0.15639833,-0.51658468,0.17499573,-0.83816257,,,
0.85249335,0.01404613,-0.52254929,-0.07973888,-0.98444593,-0.15654888,-0.51662052,0.17512438,-0.83811356,-0.00693641,0.00225574,-0.00589699
0.85244657,0.01409109,-0.52262443,-0.07978259,-0.98442256,-0.15667461,-0.516691,0.17525306,-0.8380434,,,
0.852374889,0.0141169722,-0.52274061,-0.0798892775,-0.984385805,-0.156850561,-0.516792742,0.17545685,-0.837937932,0.000863266701,0.00991183519,-0.00203993544
0.85230616,0.0142044,-0.5228503,-0.07989231,-0.98436553,-0.15697616,-0.51690562,0.17556347,-0.83784596,-0.00190567,0.00780183,-0.00293542
0.85223445,0.01418712,-0.52296764,-0.07995638,-0.98435623,-0.15700159,-0.51701393,0.17561676,-0.83776792,,,
0.85216272,0.01419146,-0.5230844,-0.08004177,-0.98433325,-0.15710226,-0.51711894,0.17574529,-0.83767617,,,
0.852044118,0.0142192563,-0.523276789,-0.0801495911,-0.984300244,-0.157253291,-0.51729762,0.175927165,-0.837527531,-0.00440448476,-0.000802516937,-0.00435485225
0.85195036,0.01428765,-0.52342759,-0.08021576,-0.98426696,-0.15742905,-0.51744179,0.17610888,-0.83740049,-0.00448387,-0.00180274,-0.007359
0.85183461,0.01452827,-0.52360931,-0.08036949,-0.98415389,-0.15805594,-0.51760847,0.17671973,-0.8371687,-0.00367995,0.00171429,-0.00495741
0.851765752,0.0147238562,-0.523715861,-0.0804795021,-0.984064304,-0.158557167,-0.517704688,0.177201957,-0.837007295,-0.00193045964,0.00731438398,0.000872770441
0.85171885,0.01479055,-0.52379026,-0.08054468,-0.98402668,-0.15875766,-0.51777172,0.17740541,-0.83692277,,,
0.85164996,0.01494299,-0.52389794,-0.08061199,-0.98396455,-0.15910841,-0.51787455,0.17773713,-0.83678878,-0.00129881,0.00748605,-0.00559059
0.85155611,0.01511966,-0.5240454,-0.08078519,-0.98386103,-0.15965937,-0.51800188,0.17829402,-0.83659141,-0.00301679,0.01022536,-0.0061445
0.85148717,0.0152505,-0.52415359,-0.08083121,-0.98381242,-0.15993472,-0.51810798,0.17855034,-0.83647092,-0.00423155,0.00499779,-0.00382073
0.85137712,0.01559267,-0.52432231,-0.0807566,-0.9837455,-0.1603852,-0.51830048,0.17889077,-0.83627922,,,
0.851358031,0.0158046566,-0.524346949,-0.0807192286,-0.983695438,-0.160710258,-0.518337647,0.17914685,-0.836201279,-0.00061674224,0.00406008959,-0.00546992151
0.85133889,0.01599508,-0.52437221,-0.08066048,-0.98365911,-0.16096029,-0.51837819,0.17932788,-0.83613706,0.0019922,0.00584465,-0.00129827
0.85131686,0.0160808,-0.52440539,-0.08066268,-0.98363463,-0.16111035,-0.51841406,0.17945591,-0.83608764,,,
0.85134474,0.01629088,-0.52435367,-0.08062412,-0.98358051,-0.16146032,-0.5183743,0.17973395,-0.83605267,-0.00129904,0.0041905,-0.00270545
0.8513227,0.01635498,-0.52438745,-0.08060494,-0.98356973,-0.1615353,-0.51841347,0.17978689,-0.83601697,-0.00246935,0.00744301,-0.00804008
0.8513946,0.01645837,-0.52426743,-0.08062606,-0.98352258,-0.1618101,-0.51829206,0.18003386,-0.83603882,-0.00227933,0.0036779,-0.00583123
