0,1,2,3,4,5,6,7,8,9,10,11,12,13,14
-0.96544957,-0.06819108,0.25150902,0.06931623,-0.9975849,-0.00439373,0.25120125,0.01319173,0.96784498,0.01059572,-0.01130176,0.01099705,,,
-0.96555266,-0.0688528,0.25093255,0.06977064,-0.99754915,-0.00524774,0.2506789,0.01244076,0.96799035,0.00124155,-0.00289881,0.00499947,,,
-0.96557033,-0.06913154,0.25078802,0.06992042,-0.99753579,-0.00577421,0.25056923,0.0119598,0.96802481,-0.00113921,-0.00857317,0.0064597,,,
-0.96551209,-0.06978932,0.25083026,0.07028754,-0.99750232,-0.00698296,0.25069111,0.01088811,0.9680059,-0.0167169,-0.00850189,0.00158365,,,
-0.96545175,-0.07034077,0.25090821,0.07050411,-0.99747646,-0.00834946,0.25086236,0.00962906,0.96797487,-0.01177741,-0.00558454,0.0056332,,,
-0.965431693,-0.070565309,0.250922616,0.0705355567,-0.997467527,-0.00912369876,0.250930981,0.00889065848,0.967964151,-0.0091204606,0.0015206337,0.000633718097,,,
-0.96543351,-0.07084664,0.2508368,0.07051095,-0.99745755,-0.0103369,0.25093136,0.00770716,0.9679742,0.00202293,0.00460809,-0.00464602,,,
-0.965583275,-0.0713747376,0.250109228,0.0706727118,-0.9974298,-0.0117984519,0.250308503,0.00628350959,0.968145739,-0.000333458651,-0.00304353237,-0.00786927342,,,
-0.96582861,-0.07199315,0.24898214,0.07108998,-0.99738997,-0.01262946,0.24924152,0.00550224,0.96842573,-0.0039704,0.00489509,-0.00203672,,,
-0.96611557,-0.07257063,0.24769778,0.07154986,-0.99735055,-0.01313263,0.24799457,0.0050351,0.96874834,0.00636451,0.00195211,-0.0068362,,,
-0.96620452,-0.07284446,0.24727013,0.07179279,-0.99733117,-0.01327913,0.24757752,0.00492186,0.96885559,0.0073994,-0.00471014,-0.00681803,,,
-0.96623464,-0.07376616,0.246878,0.07266943,-0.99726363,-0.01356377,0.24720305,0.0048347,0.96895164,-0.00662812,-0.00306273,0.00186561,,,
-0.96617153,-0.07390061,0.2470857,0.07278938,-0.99725407,-0.01364165,0.24741534,0.00480504,0.9688976,,,,,,
-0.966023082,-0.0741356621,0.247595292,0.0730623102,-0.997235611,-0.0135335535,0.247914146,0.00501615919,0.968769021,0.000281533634,-0.00798040628,-0.00251428434,,,
-0.96587303,-0.07426375,0.24814141,0.07318533,-0.99722587,-0.01358095,0.24846161,0.00504284,0.96862862,,,,,,
-0.96578775,-0.07438579,0.24843687,0.07331683,-0.99721648,-0.01356577,0.24875443,0.00511295,0.96855309,,,,,,
-0.96566115,-0.07477212,0.24881225,0.07369587,-0.99718726,-0.0136511,0.24913315,0.0051541,0.96845553,0.00243196,-0.00903863,0.00204772,,,
-0.965578996,-0.0753008066,0.248972119,0.0741909143,-0.997147906,-0.013852367,0.249305106,0.00509591485,0.968411585,-0.0049255495,-0.000367879868,0.00248535746,,,
-0.96556706,-0.07561004,0.24892483,0.07448021,-0.99712476,-0.0139681,0.24926522,0.00505284,0.96842208,-0.00343057,0.00424057,0.00884442,,,
-0.96566872,-0.07671872,0.24818953,0.07551466,-0.9970409,-0.0143824,0.24855853,0.00485332,0.96860472,-0.00801813,0.00101405,0.00953532,,,
-0.96577853,-0.0770154879,0.247670216,0.075735528,-0.997019538,-0.0147058426,0.24806461,0.00455484776,0.968732782,0.000346290151,-0.00559878349,-0.00713754026,,,
-0.96602498,-0.07750355,0.24655381,0.07611276,-0.99698356,-0.01518102,0.2469867,0.00410064,0.96901019,-0.00523578,-0.00628811,0.00231512,,,
-0.966169749,-0.077909154,0.245857487,0.0763973451,-0.996953758,-0.0156961673,0.246331455,0.00361769642,0.969178891,-0.000682382612,-0.0073723793,-0.00204119761,,,
-0.96619927,-0.07810352,0.2456803,0.07654642,-0.9969393,-0.01589618,0.24616989,0.00344707,0.96922056,-0.00369411,-0.00979084,0.00178138,,,
-0.96620123,-0.07855232,0.24553034,0.07686783,-0.99690577,-0.01645201,0.2460629,0.00297743,0.96924929,-0.00911337,0.00295907,0.01097747,,,
-0.966265473,-0.0787381436,0.245216022,0.0769411844,-0.996891915,-0.0169149186,0.245785775,0.00252290777,0.969320886,0.00196411298,0.00472950935,-0.000829833851,,,
-0.96633715,-0.07881755,0.2449091,0.07695012,-0.99688666,-0.01719989,0.24550225,0.00222489,0.96939347,0.00575658,0.00318503,-0.00672366,,,
-0.96653608,-0.07893699,0.24408372,0.07692395,-0.9968783,-0.01778409,0.2447256,0.00158692,0.96959108,0.01036865,-0.00745589,-0.00889411,,,
-0.96660022,-0.07911163,0.24377261,0.07700849,-0.99686488,-0.01816111,0.24444514,0.00121803,0.96966236,0.00178035,-0.008717,-0.00861737,,,
-0.96660812,-0.07930421,0.24367975,0.07715856,-0.99685002,-0.01835327,0.24436763,0.00106156,0.96968208,-0.00208116,-0.00349939,-0.00899685,,,
-0.96651741,-0.07976849,0.24388786,0.07763217,-0.99681283,-0.01837489,0.24457626,0.00117389,0.96962935,0.00465961,-0.00226784,-0.00351394,,,
-0.96646776,-0.0798402,0.24406003,0.07772968,-0.99680666,-0.01828246,0.24474038,0.0013013,0.96958777,0.00149126,-0.00446135,-0.00452423,,,
-0.96639032,-0.07996378,0.2443267,0.07794549,-0.9967963,-0.01793434,0.24497805,0.00171259,0.96952711,,,,,,
-0.96633412,-0.08009924,0.24450523,0.0781502,-0.99678501,-0.01767861,0.24513515,0.00202469,0.9694868,-0.00207377,-0.00581193,0.00853862,,,
-0.96629148,-0.08020343,0.24463826,0.07830112,-0.99677585,-0.01750803,0.24525375,0.00223759,0.96945633,-0.00533991,-0.00750142,0.00774448,,,
-0.96624935,-0.08030761,0.24477134,0.07845205,-0.99676718,-0.01733758,0.24537237,0.00245039,0.96942581,-0.00121269,-0.00464177,0.00745681,,,
-0.96622088,-0.08039117,0.2448554,0.07853849,-0.99676015,-0.01733753,0.24545593,0.00247869,0.96940458,0.00169651,-0.00585508,0.00609484,,,
-0.96618564,-0.08058102,0.24493186,0.07868952,-0.99674509,-0.01751527,0.24554607,0.00235056,0.96938207,0.00725137,0.00198025,-0.00481626,,,
-0.96615783,-0.08080346,0.24496917,0.07889384,-0.9967274,-0.01761498,0.24559083,0.00230771,0.96937084,,,,,,
-0.96615094,-0.08088848,0.24496853,0.07897971,-0.99672054,-0.01762221,0.24559058,0.00232183,0.96937087,-0.0042271,-0.00489146,-0.00306813,,,
-0.96613676,-0.08104785,0.2449708,0.07916212,-0.99670707,-0.01755123,0.24558666,0.00243552,0.96937158,-0.0037678,-0.0066002,0.00278852,,,
-0.96612299,-0.08121788,0.24496959,0.07933387,-0.99669336,-0.01756564,0.2455862,0.00246381,0.96937163,-0.00196867,-0.00920558,-0.00232872,,,
-0.96614441,-0.08133692,0.24484512,0.07947248,-0.99668332,-0.01750193,0.24545662,0.00254906,0.96940422,,,,,,
-0.96615159,-0.08136953,0.244806,0.07952578,-0.99668046,-0.01742385,0.24541114,0.0026343,0.96941551,0.00116278,-0.00477844,0.00127906,,,
-0.96609472,-0.0813978,0.24502096,0.07958078,-0.9966778,-0.01732426,0.24561712,0.00276208,0.96936299,,,,,,
-0.96605195,-0.08137363,0.24519737,0.07960324,-0.99667916,-0.01713942,0.24577783,0.00296093,0.96932166,,,,,,
-0.966037576,-0.0812765395,0.245286189,0.0795286174,-0.996686826,-0.0170397835,0.245858474,0.00304619957,0.969300948,-0.00618336629,-0.00615721941,-0.000842303853,,,
-0.96599451,-0.08111344,0.24550935,0.07943332,-0.99669917,-0.01675514,0.24605808,0.00331625,0.96924941,,,,,,
-0.96595171,-0.08097157,0.24572545,0.07931672,-0.99671061,-0.01664095,0.2462646,0.00341578,0.96919662,-0.0011404,-0.00534016,0.00391827,,,
-0.96593658,-0.08060724,0.24590413,0.07899584,-0.99673951,-0.01642693,0.24642651,0.00355803,0.96915495,,,,,,
-0.965964566,-0.0803954694,0.245863212,0.0787808566,-0.99675669,-0.0164124029,0.246385322,0.00351551377,0.969165574,-0.000667176908,-0.00568002462,0.00227245898,,,
-0.96596433,-0.0802672359,0.24590642,0.0786523571,-0.996767171,-0.0163980032,0.246427683,0.00350123302,0.969154857,-0.00288896589,-0.00576817989,0.000355646625,,,
-0.96597106,-0.0800646333,0.245946723,0.0784273007,-0.996784032,-0.016461472,0.24647372,0.00338763281,0.969143556,-0.000188601131,-0.00328451395,0.00451170094,,,
-0.96607694,-0.07969792,0.2456495,0.07802803,-0.99681401,-0.01653951,0.24618502,0.00318911,0.96921761,0.0046377,-0.00177705,-0.00159215,,,
-0.96611205,-0.07952935,0.24556599,0.07785567,-0.99682759,-0.01653223,0.24610174,0.00314672,0.96923889,-0.00320916,-0.00362021,-0.00293321,,,
-0.96617514,-0.07927721,0.24539837,0.07759682,-0.99684768,-0.0165249,0.24593489,0.00307618,0.96928147,-0.00407919,-0.00552911,-0.00272447,,,
-0.96620361,-0.07919367,0.2453143,0.07751034,-0.99685467,-0.01652497,0.24585136,0.00304791,0.96930275,,,,,,
-0.966288053,-0.0789429653,0.245062001,0.0772508769,-0.996874718,-0.0165249888,0.245600648,0.00296335514,0.969366566,0.000641713501,-0.00467860699,0.00228289352,,,
-0.96630146,-0.07878353,0.24505972,0.07706847,-0.99688748,-0.01659573,0.24560449,0.0028499,0.96936593,,,,,,
-0.966315216,-0.0786134823,0.245060926,0.0768967356,-0.996901195,-0.0165811367,0.245605027,0.00282178063,0.96936588,0.00703359721,-0.000373184681,-0.00906228367,,,
-0.9664055,-0.07816001,0.24484905,0.07641225,-0.99693718,-0.01664453,0.2454001,0.0026241,0.96941833,0.00173779,-0.00314444,-0.00371958,,,
-0.966390788,-0.0780735263,0.244934304,0.0763269892,-0.996943867,-0.016629864,0.245484174,0.00262414861,0.969397042,-0.0021355215,-0.006495893,0.000869819312,,,
-0.966368486,-0.0778155341,0.245105458,0.0760705803,-0.996964354,-0.0165932746,0.24565262,0.00261009675,0.969354413,-0.00103895064,-0.00856435299,-2.48365322e-05,,,
-0.96637432,-0.07761284,0.24514589,0.07584554,-0.99698024,-0.01665655,0.24569842,0.00249676,0.9693431,0.00254,-0.00418437,0.00492905,,,
-0.96637399,-0.0774952,0.24518577,0.07570638,-0.99698997,-0.01672718,0.245744,0.00239742,0.9693318,,,,,,
-0.96640112,-0.07730456,0.24513822,0.07547009,-0.99700506,-0.01688295,0.24570919,0.0021849,0.96934113,,,,,,
-0.96643587,-0.07715715,0.24504806,0.07527645,-0.99701703,-0.01704616,0.24563231,0.00197233,0.96936107,0.00111246,-0.0051288,-0.00392424,,,
-0.96644223,-0.07708271,0.24504533,0.07517993,-0.99702271,-0.01712397,0.24563578,0.00187316,0.96936038,,,,,,
-0.96646221,-0.07681693,0.24505052,0.07493296,-0.99704327,-0.01701662,0.24563316,0.00191644,0.96936096,0.00317589,0.00498933,0.00172587,,,
-0.96646811,-0.07657172,0.24510435,0.07475052,-0.99706175,-0.01673874,0.24566589,0.00214422,0.96935219,,,,,,
-0.966459881,-0.0763895505,0.245193522,0.074590042,-0.997075551,-0.016631231,0.245746927,0.00221557732,0.96933149,1.19314027e-05,-0.00825875998,0.0017491224,,,
-0.966479425,-0.0761237508,0.245198605,0.0743430851,-0.997095646,-0.016523742,0.245744353,0.00225896284,0.969332041,0.000489879516,-0.0085849762,-0.00358071714,,,
-0.96648512,-0.0759103873,0.245242417,0.0741287027,-0.997112004,-0.0165015105,0.24578683,0.00223103689,0.969321336,0.0029481689,1.29342079e-05,-0.00542990398,,,
-0.96645537,-0.07574805,0.24540966,0.07394752,-0.99712451,-0.01655705,0.24595819,0.00214579,0.96927806,0.0022011,-0.00459856,-0.00701554,,,
-0.96638286,-0.07556157,0.24575277,0.07378893,-0.99713848,-0.01642708,0.24629082,0.00225898,0.96919334,,,,,,
-0.96633812,-0.07529144,0.24601177,0.07354388,-0.99715879,-0.01629703,0.24653984,0.00234422,0.96912982,,,,,,
-0.96630146,-0.07519281,0.24618491,0.07346997,-0.99716575,-0.01618929,0.24670454,0.00244346,0.96908766,-0.00143358,-0.00602472,0.00454385,,,
-0.96625769,-0.07505093,0.24640069,0.07335348,-0.99717639,-0.016074,0.24691133,0.00254273,0.96903474,-0.00276337,-0.00763172,0.00782948,,,
-0.96622744,-0.0748886,0.24656785,0.07317232,-0.99718861,-0.01612924,0.24708262,0.00245742,0.9689913,,,,,,
-0.966212623,-0.0748127981,0.246649847,0.0730763777,-0.997194741,-0.0161995246,0.24716987,0.00237209202,0.96896926,-0.000838619715,0.00100070238,0.0052646813,,,
-0.96623273,-0.07471799,0.24659866,0.0729151,-0.99720219,-0.01644771,0.24713774,0.00208844,0.9689781,0.00153978,-0.00285989,0.00451586,,,
-0.96625351,-0.07464457,0.24654108,0.0727324,-0.99720894,-0.01686653,0.24711194,0.00163418,0.96898556,0.00177386,-0.00509965,0.00128519,,,
-0.966267429,-0.0746241271,0.246492594,0.0726677422,-0.997210732,-0.0170370549,0.247076422,0.00144970941,0.968994913,0.00282413629,-0.00518506765,-0.000113282367,,,
-0.96630272,-0.07462641,0.24635298,0.07258108,-0.9972109,-0.0173855,0.24696331,0.00108091,0.96902423,,,,,,
-0.966338181,-0.0746393288,0.246210175,0.0724837855,-0.997210378,-0.0178191818,0.246853358,0.000626889609,0.969052643,0.00596640864,-3.93390656e-05,-0.00138706504,,,
-0.966310032,-0.0747870453,0.246274705,0.0725060016,-0.997199217,-0.0183303706,0.246955891,0.000143570411,0.969026706,0.0,0.0,0.0,0.0,0.0,0.0
-0.966310205,-0.0748083964,0.246268232,0.0724845975,-0.997197799,-0.0185008113,0.246962186,-2.6870247e-05,0.969025115,0.00702358549,-0.00256669521,-0.00763874594,,,
-0.966304944,-0.0750430626,0.246217708,0.0726776157,-0.997180211,-0.0186936907,0.246926275,-0.000169290443,0.969034253,-0.00231664465,-0.00355213881,-0.00426316308,,,
-0.966306131,-0.0751713257,0.246174356,0.0728061411,-0.997170662,-0.0187087725,0.246884198,-0.000155396312,0.969044978,0.0,0.0,0.0,0.0,0.0,0.0
-0.966285703,-0.0752982451,0.246215639,0.0729352143,-0.997161063,-0.0187162086,0.246925942,-0.000127414286,0.969034346,0.0,0.0,0.0,0.0,0.0,0.0
-0.966264936,-0.0754144977,0.246260183,0.0730749842,-0.997151941,-0.0186384911,0.246964513,-1.426455e-05,0.969024519,0.000582095061,-0.00715303421,0.00264836708,,,
-0.966209264,-0.075571267,0.246431384,0.0732584799,-0.997140286,-0.0185533713,0.24712879,0.000126748423,0.968982632,-0.000379179721,-0.00535970926,0.000840896857,,,
-0.966195403,-0.0756024424,0.246476644,0.0733123865,-0.997138026,-0.0184681975,0.247167472,0.000225903569,0.96897275,-0.000486380217,-0.00535058975,0.000276525796,,,
-0.966175777,-0.075868282,0.246471309,0.0735592781,-0.997117696,-0.0185758497,0.247170255,0.000182714275,0.968972047,-0.0035209558,-0.0016580224,0.00641188957,,,
-0.966169317,-0.0759746908,0.246464046,0.0736237256,-0.997109659,-0.0187537028,0.247176509,2.634827e-05,0.968970469,0.0,0.0,0.0,0.0,0.0,0.0
-0.966162885,-0.0760810993,0.246456771,0.0736881875,-0.997101622,-0.018931497,0.247182775,-0.000129957026,0.968968864,0.000298158295,-0.00806230307,0.00148913066,,,
-0.966192015,-0.0761576327,0.246319562,0.0736982216,-0.997095874,-0.0192019988,0.247066557,-0.000399502703,0.968998432,0.00160525204,-0.00790941715,0.0024089131,,,
-0.966199439,-0.076222148,0.246270268,0.0737195113,-0.997090808,-0.019379735,0.247030959,-0.000569764201,0.969007422,0.0,0.0,0.0,0.0,0.0,0.0
-0.966214379,-0.0763511638,0.246171684,0.0737620915,-0.997080688,-0.0197353218,0.246959818,-0.000910412287,0.969025295,0.0,0.0,0.0,0.0,0.0,0.0
-0.96622895,-0.07649076,0.24606974,0.07379404,-0.99706916,-0.02017576,0.24689186,-0.00133593,0.96904211,,,,,,
-0.96622894,-0.07652271,0.2460598,0.07376198,-0.99706632,-0.02043106,0.24690144,-0.00159123,0.96903929,0.00177103,-0.0069167,0.00161084,,,
-0.96623744,-0.07675798,0.24595371,0.07386917,-0.99704747,-0.02096406,0.24683671,-0.00208786,0.96905484,,,,,,
-0.96623099,-0.07690687,0.24593296,0.07389096,-0.99703494,-0.02148187,0.24685586,-0.00258422,0.96904876,,,,,,
-0.9662168,-0.0769807,0.24596488,0.07390204,-0.99702841,-0.02173709,0.24690735,-0.00282544,0.96903497,,,,,,
-0.96618124,-0.07708527,0.24607145,0.07388145,-0.99701875,-0.02223982,0.24705228,-0.00330759,0.9689965,-0.00288117,-0.00455415,0.00384369,,,
-0.96612447,-0.07719938,0.24625932,0.07385046,-0.99700814,-0.02282011,0.24728426,-0.0038607,0.96893528,,,,,,
-0.96608895,-0.0772721,0.24637586,0.07386184,-0.99700162,-0.02306762,0.24741963,-0.0040876,0.9688998,,,,,,
-0.96606761,-0.07733486,0.24644047,0.07379799,-0.99699475,-0.02356999,0.24752261,-0.00458339,0.96887128,0.00488218,-0.00341839,0.00249755,,,
-0.96602541,-0.0775353,0.24654263,0.07385234,-0.99697642,-0.02416468,0.24767079,-0.00513595,0.96883064,,,,,,
-0.96600378,-0.07756614,0.24661722,0.07382051,-0.99697265,-0.024412,0.24776419,-0.00537667,0.96880545,-0.00229048,-0.00773942,0.00430565,,,
-0.965990589,-0.0777894872,0.246598574,0.073938724,-0.99695303,-0.0248515367,0.247780399,-0.00577316762,0.968799021,-0.00296580466,-0.00496065617,-5.73382131e-05,,,
-0.96600539,-0.0779395,0.24649276,0.07396014,-0.99693813,-0.02537585,0.24771585,-0.00628258,0.96881236,0.00141848,0.00105411,0.0054734,,,
-0.96600551,-0.07797142,0.24648267,0.07392805,-0.99693411,-0.02563047,0.24772544,-0.00653719,0.96880822,,,,,,
-0.9659914,-0.07807727,0.24650427,0.0739069,-0.99692241,-0.02613971,0.24778658,-0.00703237,0.96878912,-0.00191511,-0.00793105,-0.00343474,,,
-0.96592695,-0.07812743,0.24674137,0.073854,-0.99691585,-0.02654159,0.24805399,-0.0074144,0.96871783,0.00703957,-0.00714886,-0.00507514,,,
-0.965905428,-0.0781583521,0.246815902,0.073822064,-0.996911627,-0.0267885393,0.248147376,-0.00765473529,0.968692049,-0.000715046423,-0.0045889616,-0.00251403195,,,
-0.96588373,-0.07818932,0.24689042,0.07379012,-0.99690718,-0.02703555,0.24824074,-0.00789512,0.96866619,,,,,,
-0.96582645,-0.07825064,0.24709473,0.07381202,-0.99690129,-0.02719023,0.24845675,-0.00802248,0.96860977,-0.00636548,0.00754106,0.0107993,,,
-0.965804853,-0.0782603228,0.247175999,0.0738014827,-0.996899937,-0.0272675382,0.248543746,-0.00809316854,0.968586858,-0.00388983358,-0.000265657902,0.0152793499,,,
-0.96579079,-0.078345,0.24720427,0.07380159,-0.99689064,-0.0276067,0.2485985,-0.00841823,0.96857004,-0.00410801,-0.00780141,0.01039515,,,
-0.9659279,-0.07847896,0.24662652,0.07375797,-0.99687364,-0.02833728,0.24807932,-0.0091811,0.96869622,0.00537893,-0.00106263,-0.00943252,,,
-0.965970768,-0.078523322,0.246443698,0.0737150062,-0.996866517,-0.0286910541,0.247924396,-0.00954812146,0.968732329,0.00670300703,0.00077778101,-0.00608999142,,,
-0.96597086,-0.07858706,0.24642339,0.07365088,-0.99685659,-0.02919944,0.24794346,-0.0100565,0.96872231,-0.00401898,-0.00499541,-0.0026511,,,
-0.96593445,-0.078564,0.24657349,0.07350099,-0.99685331,-0.02968547,0.24812979,-0.01055082,0.96866934,0.00403881,-0.00608546,-0.00653921,,,
-0.96588376,-0.07854055,0.24677891,0.07343681,-0.99685352,-0.02983238,0.24834549,-0.01069196,0.96861251,,,,,,
-0.9657385,-0.07836401,0.2474031,0.07317965,-0.99686459,-0.03009624,0.24898584,-0.01096023,0.96844511,-0.00882796,0.00121474,0.001893,,,
-0.96565671,-0.07805156,0.24782085,0.07280424,-0.99688646,-0.03028253,0.24941284,-0.01120012,0.96833248,-0.00537728,-0.00475556,0.00700178,,,
-0.96563407,-0.07794408,0.24794287,0.07265401,-0.99689295,-0.03042925,0.24954427,-0.01136948,0.96829665,-0.00659135,-0.00172287,0.00607676,,,
-0.96559513,-0.07763344,0.24819148,0.07227845,-0.996914,-0.03063018,0.2498035,-0.01163746,0.96822662,0.00854139,0.00134277,-0.00613843,,,
-0.96560695,-0.07735678,0.24823133,0.07195645,-0.99693288,-0.03076916,0.24985022,-0.01184907,0.96821199,0.00397914,-0.01039916,0.00334005,,,
-0.96560589,-0.07725019,0.2482688,0.07180616,-0.99693899,-0.03092324,0.24989771,-0.01203244,0.96819748,0.00226621,-0.01389188,-0.00196411,,,
-0.965618922,-0.0771335736,0.248254639,0.0715806471,-0.996942537,-0.0313311907,0.249912314,-0.0124837645,0.968187992,-0.000506946351,-0.00684219599,-0.000259292487,,,
-0.96560274,-0.07697323,0.24836811,0.07131219,-0.99694956,-0.0317238,0.25005233,-0.01292091,0.96814611,0.00430578,0.00699294,-0.00206659,,,
-0.96558728,-0.07690877,0.24844734,0.07120481,-0.99695211,-0.03187761,0.25014179,-0.01308997,0.96812072,,,,,,
-0.96551985,-0.07669333,0.24877635,0.07090405,-0.99696455,-0.03216247,0.25048783,-0.01341425,0.96802681,-0.00449329,-0.00528866,-0.00404143,,,
-0.9654597,-0.07652089,0.24906249,0.07064617,-0.99697333,-0.03245471,0.25079213,-0.01373841,0.96794347,-0.00308422,-0.00812101,-0.00195725,,,
-0.96543015,-0.07648793,0.24918672,0.0705924,-0.99697478,-0.03252385,0.25092059,-0.01380882,0.96790918,0.00219353,-0.00411183,-0.00303253,,,
-0.96539176,-0.07630563,0.2493916,0.07034525,-0.99698529,-0.03273914,0.25113794,-0.01406259,0.96784915,0.00913741,0.00359511,0.0030567,,,
-0.96537495,-0.07612409,0.24951193,0.07009814,-0.9969953,-0.03296185,0.25127143,-0.01433023,0.96781058,0.00140714,-0.00975507,0.00177621,,,
-0.96534559,-0.07610193,0.24963292,0.07003351,-0.99699493,-0.03311541,0.25140287,-0.01448515,0.96777414,-0.00377539,-0.01258808,0.00589037,,,
-0.96535964,-0.07611347,0.24957492,0.06993655,-0.99698757,-0.03353809,0.25137577,-0.01492191,0.96777454,0.00157452,0.00191146,0.00781168,,,
-0.96543898,-0.07615918,0.24925331,0.06980755,-0.99697271,-0.03423703,0.25110623,-0.015654,0.96783295,,,,,,
-0.9654315,-0.07616991,0.24927993,0.06971057,-0.9969654,-0.03465177,0.25116285,-0.01607646,0.96781133,,,,,,
-0.96546692,-0.07619262,0.24913409,0.06960313,-0.99695448,-0.03516601,0.2510548,-0.01661111,0.96783033,0.0015321,-0.00709128,0.00587589,,,
-0.96559641,-0.07628215,0.24860553,0.06925995,-0.99691659,-0.03688486,0.25065262,-0.01839748,0.96790227,,,,,,
-0.96561041,-0.07628256,0.24855085,0.0691741,-0.99690997,-0.03722221,0.25062222,-0.01874887,0.96790339,,,,,,
-0.96563197,-0.07635776,0.24844332,0.06909908,-0.99689249,-0.03782026,0.25055919,-0.01935325,0.96790782,,,,,,
-0.96567404,-0.07630551,0.24829582,0.06889553,-0.99688402,-0.03841033,0.25045309,-0.01998539,0.96792243,-0.00333596,-0.00786841,0.00499656,,,
-0.96573917,-0.07643461,0.24800267,0.06876767,-0.99685246,-0.03944471,0.25023705,-0.02103874,0.96795598,,,,,,
-0.96578112,-0.07639267,0.24785198,0.06855366,-0.99684026,-0.04011853,0.25013365,-0.02175457,0.96796689,,,,,,
-0.965795074,-0.0763928221,0.247797404,0.0684680706,-0.996832495,-0.0404553198,0.250103059,-0.0221053458,0.967966842,-0.00483941147,-0.00491183996,-0.000228334829,,,
-0.96575532,-0.07621085,0.24800886,0.06796258,-0.99681744,-0.04166417,0.25039484,-0.02338207,0.96786141,,,,,,
-0.9657182,-0.07615701,0.24816998,0.06784366,-0.99681596,-0.0418933,0.25057029,-0.02362037,0.96781021,-0.00213695,-0.00442708,-0.00891752,,,
-0.96563619,-0.07599614,0.24853864,0.06757323,-0.99681898,-0.04225998,0.25095962,-0.02401321,0.96769966,,,,,,
-0.96553197,-0.07583508,0.24899192,0.06730224,-0.99682196,-0.04261832,0.25143259,-0.02439164,0.96756741,0.00638639,-0.00789934,-0.00317539,,,
-0.96549455,-0.07577077,0.24915638,0.0671939,-0.99682302,-0.04276312,0.25160503,-0.02454577,0.96751869,0.0020036,-0.00785077,-0.00124058,,,
-0.965435419,-0.0757275491,0.249398868,0.0670634696,-0.996818747,-0.0430683262,0.251866925,-0.024854134,0.967442672,0.00745069608,0.000654757023,-0.00594962155,,,
-0.96539769,-0.07567398,0.24956005,0.06694429,-0.99681657,-0.04329706,0.25204213,-0.02509227,0.96739089,-0.00208268,-0.00469333,0.00318544,,,
-0.96537614,-0.07568439,0.2496414,0.06693298,-0.99681431,-0.04337333,0.2521288,-0.02516233,0.96736649,,,,,,
-0.96533051,-0.07564165,0.24982959,0.06671658,-0.99680043,-0.04401435,0.25235963,-0.02582062,0.96728895,,,,,,
-0.96532273,-0.0756097,0.24986954,0.06666259,-0.99680073,-0.04409056,0.25240386,-0.02590467,0.96727516,,,,,,
-0.96531338,-0.07547144,0.24994802,0.06645799,-0.99680441,-0.04431914,0.25249414,-0.02617082,0.96724444,,,,,,
-0.96528201,-0.07532228,0.25011435,0.06626362,-0.99681132,-0.04445575,0.25266532,-0.02633885,0.96719517,-0.00453995,-0.00913948,0.00260345,,,
-0.965274069,-0.0752796352,0.250157529,0.0662204319,-0.996814468,-0.0444478487,0.252706682,-0.026338819,0.967184365,0.000921632629,-0.00971627235,-0.00106378167,,,
-0.96527231,-0.07517335,0.25019613,0.0660698,-0.99681763,-0.04460008,0.25275268,-0.02652082,0.96716737,,,,,,
-0.965328563,-0.0750250461,0.250024216,0.0658776425,-0.996822979,-0.0447681426,0.252588603,-0.0267449591,0.967204067,0.000903725624,-0.00488984585,0.00153092854,,,
-0.96535646,-0.07495088,0.24993829,0.0657816,-0.99682544,-0.04485207,0.25250656,-0.0268569,0.96722239,,,,,,
-0.965534147,-0.0746652796,0.249337739,0.065388436,-0.996831508,-0.0452957287,0.251929681,-0.0274307606,0.967356705,-0.000111688874,-0.00553703308,0.000813418825,,,
-0.96558354,-0.07459118,0.24916724,0.06529305,-0.99683324,-0.0453875,0.25176373,-0.02755654,0.96739633,0.00346809,-0.00463426,0.0027062,,,
-0.96565328,-0.07441082,0.24895094,0.06504773,-0.99683782,-0.04563938,0.25155981,-0.02787812,0.96744016,-0.00259731,-0.00324225,0.00428904,,,
-0.96574492,-0.07421987,0.24865329,0.06481384,-0.99684525,-0.04581513,0.25126921,-0.02812955,0.96750841,0.00379384,0.00562203,0.00227133,,,
-0.96577271,-0.07414553,0.2485674,0.0647179,-0.99684759,-0.04589906,0.251187,-0.02824129,0.9675265,0.00122304,0.00157583,0.00520174,,,
-0.965856,-0.0739119,0.24831303,0.06444086,-0.99685774,-0.04606707,0.25093765,-0.02849265,0.96758383,0.00342039,-0.00772375,-0.00155873,,,
-0.96593308,-0.07376322,0.24805676,0.06424971,-0.99686181,-0.04624271,0.25068933,-0.02872979,0.96764118,,,,,,
-0.965968722,-0.0737208146,0.247930816,0.064207766,-0.996864216,-0.0462505972,0.250562988,-0.028757546,0.967673082,0.00483643916,-0.00422281027,0.000678209821,,,
-0.96601026,-0.07358273,0.24780992,0.0640907,-0.99687562,-0.04616667,0.25043274,-0.02871516,0.96770806,0.00304489,-0.00448579,-0.00322449,,,
-0.96607166,-0.07330647,0.24765273,0.06385592,-0.99689891,-0.04599083,0.25025614,-0.02861634,0.96775667,0.00443782,0.00195652,-0.0017195,,,
-0.96609119,-0.07315771,0.24761952,0.06374885,-0.9969136,-0.04581509,0.25020703,-0.0284761,0.9677735,0.00176115,-0.00902915,0.00419771,,,
-0.966117193,-0.0729450298,0.247581959,0.0635345893,-0.996928287,-0.045799395,0.250162267,-0.0285175605,0.967783857,-0.000726394879,-0.00664424896,0.00374420825,,,
-0.96613082,-0.07289194,0.24754372,0.06350269,-0.996934,-0.04571536,0.25011704,-0.02844733,0.96779761,,,,,,
-0.96616453,-0.07272186,0.24746288,0.06333165,-0.99694542,-0.04570759,0.25003089,-0.02848882,0.96781865,,,,,,
-0.96617624,-0.0725411,0.24746976,0.06317066,-0.99696008,-0.04560796,0.25002592,-0.0284325,0.96782159,0.00418231,-0.00634134,0.00519239,,,
-0.96622364,-0.07234962,0.24734136,0.06293567,-0.99696777,-0.04576794,0.24990261,-0.02865546,0.96784686,,,,,,
-0.96624314,-0.07224313,0.24729575,0.0627859,-0.99696972,-0.04592786,0.24986434,-0.02885079,0.96785094,0.00145808,-0.00472921,-0.00225836,,,
-0.96624905,-0.0721686,0.24729453,0.06268936,-0.99697231,-0.04600409,0.24986583,-0.02894868,0.96784763,,,,,,
-0.96626836,-0.07206208,0.24724891,0.06253961,-0.99697402,-0.0461639,0.24982747,-0.02914388,0.96785167,0.0036825,-0.00239438,0.00482761,,,
-0.966250684,-0.0718597757,0.24737751,0.0623133413,-0.996985928,-0.0462163151,0.24995301,-0.0292416299,0.967816314,0.00382897747,-0.00593179464,-0.000925408211,,,
-0.96623287,-0.07167863,0.24749997,0.06206573,-0.99699123,-0.04643645,0.25008379,-0.02950716,0.96777447,,,,,,
-0.96623063,-0.07156151,0.2475421,0.06192597,-0.99699663,-0.04650444,0.25012659,-0.02960474,0.96776043,0.00370242,-0.00704384,-0.00497,,,
-0.96625033,-0.07144444,0.24749962,0.06178687,-0.99700187,-0.04658049,0.25008549,-0.02971619,0.96776764,,,,,,
-0.9662263,-0.07130611,0.24763243,0.0616678,-0.99701405,-0.04647267,0.25020684,-0.02963217,0.96773884,,,,,,
-0.96620492,-0.07129549,0.24772006,0.0616778,-0.99701799,-0.04638097,0.25028808,-0.02953469,0.96772082,0.00149038,-0.00446624,0.00431404,,,
-0.966204919,-0.0712954925,0.247720061,0.0616777983,-0.997017994,-0.0463809681,0.250288084,-0.0295346873,0.967720818,0.000732271292,-0.00690430403,-0.00295904675,,,
-0.96622058,-0.07138065,0.24763356,0.06176431,-0.99701168,-0.04639674,0.25020541,-0.02953457,0.9677422,,,,,,
-0.96621281,-0.07134865,0.24767377,0.06171037,-0.99701165,-0.04647279,0.25024939,-0.02961856,0.96772826,,,,,,
-0.96620492,-0.07129549,0.24772006,0.0616778,-0.99701799,-0.04638097,0.25028808,-0.02953469,0.96772082,0.0010548,-0.00579226,0.00920792,,,
-0.96619673,-0.07125289,0.24776329,0.06163457,-0.9970208,-0.0463729,0.25032939,-0.02953457,0.96771013,,,,,,
-0.966196728,-0.0712528941,0.247763294,0.0616345658,-0.997020798,-0.046372899,0.250329393,-0.0295345652,0.967710132,0.0047949343,-0.00387918949,0.000833609782,,,
-0.966188954,-0.0712209038,0.247803504,0.0615806149,-0.997020768,-0.0464489405,0.250373364,-0.0296185594,0.967696192,0.0055664517,-0.00293189287,-2.88383162e-05,,,
-0.9661692,-0.07134854,0.2478429,0.06170905,-0.99701223,-0.04645678,0.25041707,-0.02959097,0.96768572,,,,,,
-0.9661692,-0.07134854,0.2478429,0.06170905,-0.99701223,-0.04645678,0.25041707,-0.02959097,0.96768572,,,,,,
-0.96608824,-0.07123141,0.24819228,0.06165269,-0.99702934,-0.0461653,0.25074343,-0.02929803,0.96761013,,,,,,
-0.96605278,-0.0712526468,0.248324259,0.0617160603,-0.997033571,-0.0459895045,0.250864516,-0.0291026966,0.967584635,-0.000457424845,-0.00211548805,-0.00558489608,,,
-0.965985235,-0.0710715609,0.248638283,0.0616387333,-0.997059342,-0.0455298285,0.251143045,-0.0286554001,0.967525727,-0.000840455061,-0.00437456369,-0.0035119711,,,
-0.96588426,-0.07101785,0.24904523,0.06177563,-0.99708644,-0.04474218,0.25149718,-0.02783085,0.9674578,,,,,,
-0.96584887,-0.07097494,0.24919544,0.06190374,-0.99710897,-0.04406218,0.25160234,-0.02713128,0.96745034,0.00440216,0.0035935,0.00297286,,,
-0.965799688,-0.0709850277,0.249384033,0.0620638528,-0.997125417,-0.0434659944,0.251752554,-0.0265017044,0.967428714,-0.0029182483,-8.73804092e-05,0.00431996956,,,
-0.9658132,-0.07091058,0.24935174,0.0620535,-0.99713673,-0.04321386,0.25170213,-0.02626337,0.96744833,0.0054459,-0.00609195,0.0046575,,,
-0.96582115,-0.07088924,0.24932678,0.06216128,-0.99715134,-0.04271753,0.25164479,-0.02575903,0.9674768,-0.00435289,-0.00552255,0.00982625,,,
-0.965881079,-0.0709537354,0.249077393,0.0622700785,-0.997150692,-0.0425814444,0.251388977,-0.0256185385,0.967547041,0.00639653625,0.00151693821,0.000253514503,,,
-0.96597574,-0.0709867,0.24869899,0.06232593,-0.99714867,-0.04253721,0.25100952,-0.02558952,0.96764631,0.00289639,-0.00585473,0.00191813,,,
-0.96602737,-0.07105114,0.24848064,0.06234861,-0.99713922,-0.04272935,0.25080579,-0.0257853,0.96769394,,,,,,
-0.96604901,-0.07105135,0.24839604,0.0623491,-0.99713875,-0.04273726,0.25072191,-0.02579903,0.96771531,-0.00251182,0.00416768,-0.00145338,,,
-0.966106149,-0.0709987309,0.248188509,0.0623181558,-0.997143538,-0.0426690723,0.250509088,-0.0257562126,0.967771567,0.00375807541,-0.000589847565,-0.0058442126,,,
-0.96609852,-0.07093483,0.24823776,0.06229644,-0.99715274,-0.04249296,0.25054518,-0.02558805,0.96776669,0.00153413,-0.00417674,-0.00299701,,,
-0.96609625,-0.07074328,0.24830086,0.06223179,-0.99717873,-0.04197245,0.25056962,-0.02509722,0.96777321,0.00527254,-0.00313771,0.00280153,,,
-0.96606662,-0.07066844,0.24843765,0.06222036,-0.99719075,-0.04170422,0.2506869,-0.02483118,0.9677497,,,,,,
-0.966050507,-0.070572408,0.248526945,0.0621448205,-0.997199482,-0.0416040764,0.25076708,-0.024746982,0.967731085,-0.00407469971,-0.00561666489,0.000451121479,,,
-0.96598302,-0.07040116,0.24883759,0.06205752,-0.99722054,-0.04122757,0.25104847,-0.0243829,0.96766737,,,,,,
-0.96596719,-0.07030509,0.24892686,0.06198202,-0.99722955,-0.04112741,0.25112869,-0.02429874,0.96764867,0.00374059,-0.00328308,0.00109489,,,
-0.965913409,-0.0701232947,0.249186938,0.0618198493,-0.997244786,-0.0410032263,0.251375641,-0.0242008651,0.967587003,0.000626579917,-0.00695973635,-0.000319052488,,,
-0.96585922,-0.06993079,0.24944996,0.06166851,-0.99726246,-0.04079477,0.25161994,-0.0240188,0.96752804,0.00141016,-0.00511831,0.00160581,,,
-0.96584872,-0.06974954,0.24954084,0.06150722,-0.99727671,-0.04068641,0.2516992,-0.02394836,0.96750916,0.00542629,-0.00154918,0.00378115,,,
-0.96584103,-0.06970684,0.24958397,0.06146411,-0.99728006,-0.04067842,0.25174067,-0.02394843,0.96749838,,,,,,
-0.96585249,-0.06954732,0.24958433,0.06128168,-0.99728857,-0.04074647,0.25174138,-0.02406013,0.96749542,0.00407146,-0.00582361,0.00176723,,,
-0.965858149,-0.069483567,0.249580057,0.0611742805,-0.997288568,-0.0409066715,0.251745662,-0.0242421594,0.967489763,0.0041691782,-0.00480544567,-0.000342417014,,,
-0.96586387,-0.06940914,0.24957877,0.06107767,-0.9972914,-0.04098276,0.25174731,-0.02434007,0.96748688,,,,,,
-0.96586141,-0.06930271,0.24961763,0.06092716,-0.99729428,-0.04113495,0.25179298,-0.02452217,0.96747039,0.00443551,-0.00466156,0.00312804,,,
-0.965828932,-0.0691532738,0.249784192,0.0607330977,-0.997300381,-0.0412708414,0.251963904,-0.0246904075,0.96742161,-0.000552380574,-0.00717264414,-0.000472456275,,,
-0.96584022,-0.06901511,0.24977873,0.06052907,-0.99730298,-0.04150698,0.2519697,-0.02497024,0.96741292,,,,,,
-0.96583759,-0.06889798,0.2498206,0.06038934,-0.99730847,-0.0415748,0.25201268,-0.02506801,0.96739919,,,,,,
-0.96585153,-0.06885556,0.2497792,0.06034663,-0.99731125,-0.0415749,0.25197028,-0.02508185,0.96740988,,,,,,
-0.965843383,-0.0688235587,0.24981938,0.0602927144,-0.997311304,-0.0416508687,0.252014272,-0.0251659301,0.967396237,0.00344807934,-0.00452244282,-0.000626045745,,,
-0.96584894,-0.0687491282,0.249818151,0.0601961054,-0.997313903,-0.0417268216,0.252015833,-0.0252637313,0.967393281,0.0041567781,-0.00265115499,0.000853167148,,,
-0.96585455,-0.06868539,0.24981399,0.06008871,-0.99731367,-0.04188689,0.25201996,-0.02544565,0.96738744,,,,,,
-0.96583855,-0.06862143,0.24989442,0.05998085,-0.99731402,-0.04203893,0.25210795,-0.02561394,0.96736007,,,,,,
-0.96583037,-0.06857873,0.24993755,0.05993771,-0.99731691,-0.04203078,0.25214935,-0.02561392,0.96734928,,,,,,
-0.96581409,-0.06850406,0.25002089,0.05984064,-0.99731986,-0.04209858,0.25223471,-0.02569799,0.9673248,,,,,,
-0.965797678,-0.0684079755,0.250110078,0.0597651695,-0.997328499,-0.0419981551,0.252314935,-0.025613852,0.967306105,0.0048499601,-0.00514000654,5.72830177e-05,,,
-0.965783975,-0.0684504072,0.250151477,0.0598078519,-0.997325965,-0.0419981677,0.252357367,-0.0256001365,0.9672954,-0.000135486582,-0.00493913889,-0.00407423265,,,
-0.96579215,-0.0684931,0.25010835,0.05985099,-0.99732306,-0.04200633,0.25231597,-0.02560015,0.9673062,,,,,,
-0.96579215,-0.0684931,0.25010835,0.05985099,-0.99732306,-0.04200633,0.25231597,-0.02560015,0.9673062,,,,,,
-0.96577839,-0.06852482,0.25015268,0.05990447,-0.99732337,-0.04192223,0.25235583,-0.02550232,0.96729838,,,,,,
-0.96576469,-0.06856726,0.25019408,0.05994717,-0.99732083,-0.04192225,0.25239826,-0.0254886,0.96728768,,,,,,
-0.96576464,-0.06855655,0.25019701,0.05995798,-0.99732367,-0.04183814,0.25239569,-0.02540449,0.96729056,,,,,,
-0.96576725,-0.06867366,0.2501551,0.06009773,-0.99731817,-0.04177036,0.25235275,-0.02530669,0.96730433,,,,,,
-0.96577539,-0.06870564,0.25011492,0.06015165,-0.9973181,-0.0416944,0.25230877,-0.0252226,0.967318,,,,,,
-0.96579169,-0.06876963,0.25003455,0.06025951,-0.99731797,-0.04154248,0.2522208,-0.02505442,0.96734531,0.00385332,-0.0053491,0.00190594,,,
-0.96577774,-0.06880133,0.2500789,0.06031301,-0.99731804,-0.04145827,0.25226062,-0.02495647,0.96733745,,,,,,
-0.96576404,-0.06882234,0.25012621,0.06037733,-0.99732117,-0.04129007,0.25229787,-0.02477452,0.96733242,,,,,,
-0.96575037,-0.06884333,0.25017352,0.06044163,-0.99732431,-0.04112188,0.25233511,-0.02459257,0.96732735,,,,,,
-0.96572265,-0.06888527,0.25026819,0.0605703,-0.99733013,-0.04078519,0.25240956,-0.02422837,0.96731711,0.00183537,-0.0060122,0.00448622,,,
-0.965717,-0.06894894,0.25027242,0.06067774,-0.99733013,-0.04062503,0.25240533,-0.02404632,0.96732276,0.00178861,-0.0047105,0.00108258,,,
-0.96572532,-0.06897024,0.2502352,0.06074246,-0.99733289,-0.04046495,0.25235868,-0.02387812,0.9673391,,,,,,
-0.96571973,-0.0690339,0.25023946,0.06084992,-0.99733289,-0.04030466,0.25235442,-0.02369596,0.96734469,,,,,,
-0.96570024,-0.0691185,0.25029112,0.06102173,-0.99733556,-0.03997602,0.25238732,-0.02333165,0.96734496,0.00211692,-0.00526559,0.00283898,,,
-0.96570266,-0.0692249,0.25025229,0.06117227,-0.99733241,-0.03982387,0.25234153,-0.02314952,0.96736128,,,,,,
-0.9656969,-0.06931002,0.25025068,0.06125811,-0.99732675,-0.03983193,0.25234248,-0.02313569,0.96736137,0.0040163,-0.0044353,0.00395063,,,
-0.96569138,-0.06939514,0.25024902,0.06134393,-0.99732131,-0.03984011,0.25234338,-0.02312199,0.96736146,,,,,,
-0.965685615,-0.0694802366,0.250247384,0.0614297506,-0.997315634,-0.0398481678,0.252344293,-0.0231081686,0.967361551,0.00314028631,-0.00649923086,0.000830311445,,,
-0.96568788,-0.0696188,0.25019967,0.06154786,-0.99730422,-0.03994846,0.25230639,-0.0231785,0.96736975,,,,,,
-0.96569845,-0.06978939,0.25011186,0.06171988,-0.99729275,-0.03997276,0.25222442,-0.02316476,0.96739146,,,,,,
-0.96567899,-0.06991687,0.25015168,0.06184843,-0.99728454,-0.03998088,0.25226772,-0.0231372,0.96738083,,,,,,
-0.96566507,-0.06995924,0.25019312,0.06189118,-0.99728177,-0.03998082,0.25231007,-0.02312333,0.96737011,,,,,,
-0.96566737,-0.07007635,0.25015139,0.0620309,-0.9972758,-0.03991276,0.25226688,-0.02302533,0.96738371,,,,,,
-0.96567183,-0.07032132,0.25006495,0.06229957,-0.99726102,-0.03986073,0.25218313,-0.02291345,0.96740821,,,,,,
-0.96566622,-0.07039571,0.25006634,0.06239619,-0.99725818,-0.03978467,0.25218137,-0.02281553,0.96741098,0.00416423,-0.0016579,0.00244796,,,
-0.96566038,-0.0704700884,0.250067726,0.0624928235,-0.997255109,-0.0397084916,0.252179595,-0.0227174808,0.967413751,0.00281827501,-0.00467056036,-0.000923857675,,,
-0.965646696,-0.07051247,0.25010919,0.062535568,-0.997252571,-0.0397085653,0.252221962,-0.0227037222,0.967403032,-0.00233935355,-0.00652050972,-1.86292164e-06,,,
-0.965626937,-0.0706291918,0.250152042,0.0626749487,-0.997246727,-0.0396323439,0.252262518,-0.0225917938,0.967395075,0.00251887832,-0.00538015366,-0.000689947163,,,
-0.96562111,-0.07070356,0.25015345,0.06277158,-0.99724365,-0.03955617,0.25226072,-0.02249375,0.96739783,0.00285615,-0.00283802,0.00559815,,,
-0.96562903,-0.0707463,0.25011036,0.06281467,-0.99724052,-0.03956414,0.25221925,-0.02249369,0.96740864,,,,,,
-0.96564536,-0.07083181,0.25002421,0.06290083,-0.99723472,-0.03958033,0.25213635,-0.02249383,0.96743025,,,,,,
-0.96565328,-0.07087454,0.2499811,0.06294393,-0.99723159,-0.0395883,0.25209485,-0.02249378,0.96744107,,,,,,
-0.96564734,-0.07097035,0.24997646,0.06301896,-0.99722309,-0.03968046,0.25209846,-0.02256408,0.96743849,0.00221357,-0.00323677,0.00437148,,,
-0.96564734,-0.07097035,0.24997646,0.06301896,-0.99722309,-0.03968046,0.25209846,-0.02256408,0.96743849,,,,,,
-0.96567142,-0.07110929,0.24984413,0.06313743,-0.99721133,-0.03978871,0.25197676,-0.02264831,0.96746823,,,,,,
-0.96567935,-0.07115202,0.24980104,0.06318053,-0.99720821,-0.03979667,0.25193529,-0.02264827,0.96747902,,,,,,
-0.96567359,-0.07123712,0.24979942,0.06326635,-0.99720254,-0.03980471,0.25193619,-0.02263446,0.96747911,,,,,,
-0.96565959,-0.07126875,0.24984392,0.06331989,-0.99720235,-0.03972044,0.25197582,-0.02253634,0.96747108,,,,,,
-0.96561596,-0.07123584,0.25002221,0.06335161,-0.99721109,-0.03945188,0.25213533,-0.02225606,0.96743601,,,,,,
-0.96555036,-0.07121318,0.25028198,0.06337224,-0.9972174,-0.03925945,0.25238135,-0.02204605,0.96737667,,,,,,
-0.9655422,-0.0711704221,0.250325044,0.0633291763,-0.997220305,-0.0392513607,0.252422804,-0.0220459726,0.967365854,0.000664563733,-0.00344711542,0.00844366755,,,
-0.9655422,-0.0711704221,0.250325044,0.0633291763,-0.997220305,-0.0392513607,0.252422804,-0.0220459726,0.967365854,0.00896020234,-0.00168961287,0.000746161211,,,
-0.96555034,-0.07120245,0.25028503,0.06338306,-0.99722,-0.03917522,0.25237863,-0.02196182,0.9673793,,,,,,
-0.96556426,-0.07116012,0.25024356,0.06334031,-0.99722276,-0.03917524,0.2523363,-0.02197571,0.96739002,,,,,,
-0.96556447,-0.07114939,0.25024663,0.06335114,-0.9972256,-0.03909095,0.25233359,-0.02189142,0.96739264,0.0034001,0.00370717,-0.00469662,,,
-0.96557814,-0.07109631,0.25020816,0.06331919,-0.99723072,-0.03900675,0.25228851,-0.02182108,0.96740599,,,,,,
-0.9655539,-0.07095729,0.25034043,0.0632008,-0.99724228,-0.03889837,0.25241023,-0.02173676,0.96737613,-0.00108814,-0.00493598,0.00242574,,,
-0.96558174,-0.07087264,0.25025748,0.06311528,-0.99724781,-0.03889843,0.25232558,-0.02176454,0.96739759,,,,,,
-0.96560381,-0.07087306,0.25017292,0.06311559,-0.99724767,-0.03890643,0.25224176,-0.02177838,0.96741914,,,,,,
-0.9656175,-0.07084145,0.2501284,0.06306202,-0.99724761,-0.03899069,0.25220212,-0.0218765,0.96742726,0.00414646,0.00141799,-0.0040938,,,
-0.965623491,-0.0707456287,0.250133038,0.0629870073,-0.997256116,-0.0388984065,0.252198568,-0.0218060804,0.967429781,-8.50619181e-05,-0.00542467833,-0.0019581262,,,
-0.96562904,-0.07062834,0.2501437,0.06293361,-0.99726935,-0.03863765,0.2521896,-0.0215672,0.96743747,,,,,,
-0.96563505,-0.07053252,0.25014832,0.0628586,-0.99727786,-0.03854536,0.25218607,-0.02149678,0.96743996,,,,,,
-0.96562669,-0.07047902,0.25019438,0.06282636,-0.99728312,-0.03845303,0.25222484,-0.02141248,0.96743172,,,,,,
-0.96558886,-0.07037157,0.25037107,0.06276158,-0.99729474,-0.03826047,0.25238624,-0.02123021,0.96739364,-0.00103104,-0.00335568,0.00639451,,,
-0.96557842,-0.07017943,0.25046478,0.06261131,-0.99731144,-0.03806773,0.25246303,-0.02107546,0.96737699,,,,,,
-0.96556242,-0.07008314,0.25055388,0.06253603,-0.9973201,-0.0379674,0.25254334,-0.02099125,0.96735786,,,,,,
