0,1,2,3,4,5,6,7,8,9,10,11
0.9494361,-0.01676605,-0.31351234,0.02875024,-0.98973454,0.13999595,-0.31264119,-0.14193077,-0.93920767,0.09277096,-0.05693144,0.00541685
0.95073739,-0.01469952,-0.30964872,0.02890049,-0.99032176,0.13574747,-0.30864732,-0.13800919,-0.9411111,0.10249288,-0.03359944,0.02477415
0.95372238,-0.01103958,-0.30048585,0.02891554,-0.99132704,0.12819651,-0.29929502,-0.13095259,-0.94513156,0.18839899,-0.05741888,-0.06852387
0.95644757,-0.00791644,-0.29179681,0.02887609,-0.99216302,0.12156701,-0.29047241,-0.12469842,-0.9487233,0.21783067,-0.0631265,-0.0832671
0.95741414,-0.00661018,-0.28864245,0.02902564,-0.99246931,0.11900524,-0.28725541,-0.12231534,-0.95001229,0.23107617,-0.08141011,-0.07828671
0.95879937,-0.00365087,-0.28406062,0.03008519,-0.99298942,0.11430991,-0.28248654,-0.11814628,-0.95196779,0.23511329,-0.08199966,-0.04673673
0.959732527,-0.000364455811,-0.280915187,0.0320111152,-0.99334338,0.110653104,-0.279085585,-0.115189791,-0.953332283,0.236157984,-0.0766333342,-0.0428308919
0.96018419,0.00131828,-0.27936459,0.03314854,-0.99346192,0.10924449,-0.27739409,-0.11415537,-0.95395013,0.2284203,-0.07587677,-0.03436256
0.96127598,0.0046367,-0.27554851,0.03555921,-0.99358706,0.10733228,-0.27328378,-0.11297423,-0.95527626,0.27236769,-0.10106379,-0.03825929
0.96272856,0.0086632,-0.27033067,0.03846534,-0.99371293,0.10514141,-0.26772027,-0.111621,-0.95700904,0.24760382,-0.08990341,-0.06080287
0.96350243,0.0111733,-0.26746632,0.04032139,-0.99378728,0.10373594,-0.26464554,-0.11073444,-0.95796698,0.22304778,-0.07713425,-0.08782368
0.96475278,0.01738695,-0.26258286,0.04531899,-0.99388443,0.10069582,-0.25922626,-0.10904656,-0.95964073,0.17605571,-0.04878354,-0.07693046
0.965659833,0.0254590739,-0.258559315,0.0521359505,-0.993932634,0.0968481251,-0.254524904,-0.10700258,-0.96112815,0.125936955,0.000833809376,-0.01616152
0.966226248,0.030375655,-0.255898717,0.0562943428,-0.993924573,0.0945763129,-0.251471233,-0.105787767,-0.962065985,0.084087342,0.0224304795,0.000787856057
0.96844756,0.04053319,-0.24589915,0.06432782,-0.99390608,0.08951615,-0.24077222,-0.10250985,-0.96515334,0.1142794,0.02529961,-0.02555334
0.97230708,0.04949705,-0.2284053,0.07012483,-0.99407116,0.08309469,-0.22293822,-0.09681044,-0.97001339,0.22711983,0.13082677,-0.10084599
0.97455835,0.05319013,-0.21773112,0.0720789,-0.99420604,0.07974585,-0.21222786,-0.0934108,-0.97274568,0.31043667,0.17497033,-0.15373552
0.97892687,0.05794761,-0.19581689,0.07356951,-0.99458043,0.07346456,-0.19049858,-0.08632259,-0.97788468,0.47381181,0.17739815,-0.28606939
0.98227487,0.0594827,-0.17775794,0.07225184,-0.99518413,0.06624129,-0.1729617,-0.0779105,-0.9818421,0.58065295,0.15673476,-0.32905468
0.98342242,0.05928984,-0.17136234,0.07077602,-0.99558137,0.06171045,-0.16694638,-0.07281578,-0.98327334,0.58527273,0.15019196,-0.3007991
0.98440382,0.05829527,-0.16598424,0.06761406,-0.99640442,0.05105222,-0.16241135,-0.06147887,-0.9848059,0.56148154,0.20484859,-0.24595036
0.98417059,0.05704724,-0.16779111,0.06440503,-0.9971716,0.03873649,-0.16510674,-0.04892991,-0.98506109,0.45080411,0.3464449,-0.20594385
0.98099671,0.05244892,-0.18680085,0.05750024,-0.99810915,0.0217226,-0.18530831,-0.0320509,-0.98215762,0.14249562,0.39298433,-0.06905684
0.97626372,0.04770805,-0.21126543,0.05121937,-0.99862498,0.01117627,-0.21044172,-0.02173187,-0.97736492,-0.09501772,0.22229534,0.0708364
0.95729043,0.02817856,-0.28775163,0.02612923,-0.99959843,-0.01096078,-0.28794495,0.00297392,-0.95764229,-0.56137216,-0.13542825,0.30556756
0.95454779,0.02423044,-0.29707138,0.0208232,-0.99967602,-0.01462897,-0.29732964,0.00777807,-0.95474308,-0.49204543,-0.01449859,0.38230622
0.95126258,0.00890978,-0.30825333,0.00575449,-0.99992142,-0.0111436,-0.30832837,0.00882665,-0.95123911,-0.48633644,0.223885,0.40295407
0.95189569,-0.01453053,-0.30607751,-0.01420624,-0.99989355,0.00328716,-0.30609274,0.00121918,-0.95200078,-0.36697239,0.29012102,0.33034348
0.95408558,-0.02600936,-0.29840276,-0.02390264,-0.99965681,0.01070791,-0.2985789,-0.00308365,-0.95437983,-0.26890239,0.24555081,0.26274371
0.9594504,-0.04645708,-0.27802278,-0.04076978,-0.99882485,0.02620615,-0.27891352,-0.01380858,-0.96021695,-0.05056117,0.24698621,0.13641746
0.96324404,-0.06262834,-0.26122522,-0.05220222,-0.99754541,0.04666908,-0.26350684,-0.03131718,-0.964149,0.02652716,0.01489979,-0.16484745
0.96440074,-0.06866597,-0.2553746,-0.05645111,-0.99689636,0.05486603,-0.25834952,-0.03849666,-0.96528385,0.06813773,-0.05851412,-0.18761042
0.96451816,-0.07723362,-0.25246717,-0.06128566,-0.99563089,0.07044507,-0.25680493,-0.05247293,-0.96503738,0.14316876,-0.08960199,-0.06215348
0.96196643,-0.0839361,-0.25995252,-0.06195705,-0.99386338,0.09163371,-0.26604868,-0.07204266,-0.96126364,0.07994581,-0.16255575,-0.05904324
0.96033582,-0.08669248,-0.26502739,-0.06115115,-0.99278283,0.10316358,-0.27205816,-0.08286495,-0.95870626,0.0285942,-0.18481058,-0.01890455
0.95376421,-0.09696932,-0.28448334,-0.05361523,-0.9862345,0.15641765,-0.29573506,-0.13393292,-0.94583419,0.08578955,-0.15442073,-0.01311026
0.95220959,-0.09976562,-0.28869309,-0.05143936,-0.98403231,0.17039396,-0.30108284,-0.14740057,-0.94213688,0.10042899,-0.18148965,0.0047866
0.94724876,-0.11784757,-0.29804655,-0.04941674,-0.97252776,0.22748153,-0.31666667,-0.20075311,-0.92704936,0.07910563,-0.33023828,0.07686235
0.9463874,-0.12290742,-0.29873844,-0.04985484,-0.96928196,0.24084601,-0.31916357,-0.21304007,-0.92344376,0.06807499,-0.36041814,0.06068438
0.94576348,-0.13131578,-0.29713229,-0.05140175,-0.96362742,0.26225895,-0.32076361,-0.23276182,-0.91811347,0.09217566,-0.37826043,0.0887072
0.9464771,-0.13809004,-0.29174003,-0.05478041,-0.95947213,0.27642808,-0.31808837,-0.24565121,-0.91568302,0.22178891,-0.34724861,0.04628326
0.94716462,-0.14068033,-0.28825028,-0.05680471,-0.95804868,0.28091974,-0.31567769,-0.24970326,-0.91542112,0.16095352,-0.26873624,0.06188678
0.94863314,-0.14378341,-0.28181822,-0.05994765,-0.95631647,0.286121,-0.31064684,-0.25452953,-0.91581298,0.37649739,-0.20207793,0.07475474
0.94973622,-0.14470058,-0.27760197,-0.06151209,-0.95573349,0.28773189,-0.30694849,-0.25619352,-0.91659554,0.35171208,-0.07276738,0.07127633
0.94976881,-0.14510812,-0.27727753,-0.06168189,-0.95542359,0.28872234,-0.30681353,-0.25711647,-0.91638206,0.33083937,-0.00559229,0.00922918
0.94886565,-0.14636884,-0.27969649,-0.0619638,-0.95513289,0.28962251,-0.30953909,-0.25748179,-0.91536235,0.42025858,0.13290387,-0.05892808
0.94733326,-0.14686801,-0.28458651,-0.06210628,-0.9560232,0.28664001,-0.31416955,-0.253869,-0.914794,0.32850453,0.35175639,-0.08537755
0.94604132,-0.14553262,-0.28952736,-0.06020299,-0.95685706,0.28425427,-0.31840452,-0.25148587,-0.91398782,0.17936707,0.39726597,-0.0732775
0.94248592,-0.1396425,-0.30367787,-0.05320387,-0.95963899,0.27615611,-0.32998428,-0.24411641,-0.91187576,0.11198461,0.4810763,0.19068237
0.93973005,-0.13686979,-0.31332745,-0.04870882,-0.96062636,0.27354003,-0.33843002,-0.24179198,-0.90939621,0.12401997,0.24468392,0.28565642
0.93941102,-0.13592856,-0.31469089,-0.04727013,-0.96061795,0.27382215,-0.33951799,-0.24235607,-0.90884044,0.22618139,0.1823321,0.25708088
0.94172071,-0.13387123,-0.30861074,-0.04603325,-0.96005724,0.27599039,-0.3332312,-0.24569951,-0.9102683,0.23688072,0.13932961,0.13993983
0.94645696,-0.13091472,-0.29509416,-0.04553237,-0.95908073,0.2794476,-0.31960293,-0.25104879,-0.91368948,0.03758841,0.28978187,0.02727193
0.94859819,-0.12883408,-0.28907311,-0.0440375,-0.95823889,0.28255804,-0.31340418,-0.25530399,-0.91465721,-0.31493762,0.43461961,0.00988425
0.9530423,-0.12023188,-0.27794725,-0.03477909,-0.95519222,0.2939357,-0.3008335,-0.2704664,-0.91452014,-0.91852129,0.91002601,-0.19984689
0.95725791,-0.1149543,-0.26541062,-0.02284955,-0.9448151,0.32680553,-0.28833173,-0.30677266,-0.90705837,-0.66719228,0.08710104,0.08480471
0.95995013,-0.11380401,-0.25601637,-0.01931877,-0.93849818,0.34474282,-0.27950406,-0.32599,-0.90311001,-0.45863864,-0.30044031,0.00608882
0.96644883,-0.11500105,-0.22967676,-0.02343871,-0.9299272,0.36699537,-0.25578757,-0.34929892,-0.90142252,-0.11687798,-0.66716444,-0.08642677
0.96991842,-0.11958407,-0.21203282,-0.03359274,-0.92843901,0.36996298,-0.24110121,-0.35171115,-0.90452725,0.01201332,-0.36869973,-0.29386443
0.96975438,-0.122598,-0.21105964,-0.03752167,-0.92930437,0.36740357,-0.24118161,-0.34837191,-0.90579706,0.02823547,-0.22415972,-0.32984754
0.96497407,-0.12864086,-0.22864071,-0.03952195,-0.93286248,0.35805778,-0.25935123,-0.33648014,-0.90527224,0.0223261,-0.07964385,-0.32641891
0.95529818,-0.12984249,-0.26560554,-0.03146376,-0.9379449,0.34535364,-0.29396498,-0.32155875,-0.90010238,-0.22256678,-0.11891955,-0.01222944
0.94990181,-0.12733342,-0.28543431,-0.02452513,-0.94079876,0.33807664,-0.31158476,-0.3141393,-0.8967893,-0.28887153,-0.1904003,0.10238844
0.94173232,-0.11774978,-0.31507972,-0.01125889,-0.94723447,0.32034365,-0.33617477,-0.29813052,-0.89336704,-0.2181955,-0.27935451,0.20967802
0.93927247,-0.10540085,-0.3265852,-0.00367313,-0.95469854,0.29755167,-0.34315264,-0.2782825,-0.8971092,-0.3272332,-0.2531451,0.29818761
0.9411132,-0.09866795,-0.32337373,-0.00265417,-0.95859436,0.28476238,-0.33808119,-0.26713535,-0.90240768,-0.38287923,-0.17842871,0.2654089
0.94981286,-0.08894015,-0.29990861,-0.00779982,-0.96516514,0.26152487,-0.31272142,-0.24606045,-0.91741998,-0.29985955,-0.22630608,0.18452546
0.9609717,-0.08504905,-0.263249,-0.01956734,-0.9700837,0.24198016,-0.2759538,-0.227385,-0.93388717,-0.18082879,-0.2627632,0.04382931
0.96576225,-0.08498431,-0.24511413,-0.02636559,-0.97208269,0.23315217,-0.2580855,-0.21870699,-0.94104143,0.37035745,-0.33146304,-0.20993897
0.97229013,-0.07923734,-0.21993944,-0.03210363,-0.97714949,0.21011549,-0.23156267,-0.19723236,-0.95261661,-0.82305998,0.40716773,0.20797324
0.97818677,-0.07779409,-0.19261029,-0.03855883,-0.97911176,0.19963299,-0.20411727,-0.18785152,-0.96075382,0.59775043,0.10173768,-0.41285902
0.98049247,-0.0739302,-0.18212314,-0.03843291,-0.98079268,0.19122791,-0.19276261,-0.180498,-0.96450119,0.04901278,-0.01507425,-0.09563253
0.9832207,-0.06519845,-0.17037081,-0.03350175,-0.98260024,0.18268625,-0.17931727,-0.17391318,-0.96829716,0.23823075,-0.13062108,0.00313535
0.98782523,-0.0531137,-0.14621988,-0.02756949,-0.98480314,0.17147253,-0.15310533,-0.16535369,-0.9742777,0.15584183,-0.12771481,-0.07688314
0.98944126,-0.0426641,-0.1385127,-0.01919213,-0.98584452,0.16656003,-0.14365812,-0.16214301,-0.97625406,0.181678,-0.0247764,-0.13844115
0.99025611,-0.03256859,-0.13539616,-0.01017005,-0.98658449,0.16293451,-0.1388863,-0.15996991,-0.97730255,0.16062124,0.05266899,-0.10341802
0.99048485,-0.0279651,-0.13475059,-0.00585133,-0.98680865,0.16178447,-0.13749739,-0.1594566,-0.97758264,0.14593551,0.08873016,-0.05275912
0.99107349,-0.0195644,-0.13187333,0.0017943,-0.98712605,0.15993234,-0.13330462,-0.15874133,-0.97827935,0.10416918,0.11436218,0.046584
0.99222845,-0.01261164,-0.12378874,0.00711547,-0.98747142,0.15763791,-0.1242259,-0.15729363,-0.9797075,0.15257534,0.09569126,0.00955318
0.99323022,-0.0101169,-0.11572109,0.00805514,-0.98780387,0.15549559,-0.11588286,-0.15537506,-0.98103517,0.24729733,0.10184604,-0.08123794
0.99542983,-0.00846344,-0.09512008,0.00579815,-0.98887078,0.14866373,-0.09531967,-0.14853583,-0.98430239,0.42274562,0.06857949,-0.22064641
0.99702347,-0.00958792,-0.07650016,0.0010694,-0.990422,0.13806906,-0.07709123,-0.1377399,-0.98746373,0.61046976,0.04485077,-0.35765296
0.997331083,-0.0102997086,-0.0722815752,-0.000717522025,-0.991334347,0.13135919,-0.0730081864,-0.13095674,-0.988695947,0.622974992,0.0564796329,-0.334167421
0.9969456,-0.01082439,-0.07734531,-0.00183332,-0.99331934,0.11538334,-0.07807755,-0.11488911,-0.99030519,0.32893074,0.13880128,-0.13198285
0.99529267,-0.01132684,-0.09625074,-0.00184821,-0.99518442,0.09800217,-0.0968973,-0.09736295,-0.99052069,-0.10752249,0.14462692,-0.10222429
0.99420842,-0.01262341,-0.10672515,-0.00313421,-0.99606067,0.08861662,-0.10742339,-0.08776889,-0.99033147,-0.2565482,0.13134402,-0.05982047
0.99153524,-0.0205688,-0.12819824,-0.01128003,-0.99728518,0.07276549,-0.12934691,-0.07070347,-0.98907542,-0.64288932,0.0441156,0.05004925
0.98823124,-0.03436585,-0.14905706,-0.02550747,-0.99781547,0.06093974,-0.15082568,-0.05642048,-0.986949,-0.66336066,-0.20833957,0.18417974
0.98688946,-0.04153737,-0.15596099,-0.03354542,-0.99800243,0.0535312,-0.15787301,-0.0475976,-0.98631147,-0.52669358,-0.15477294,0.1695314
0.98411092,-0.06188353,-0.16642153,-0.05579432,-0.99759908,0.04102324,-0.16856065,-0.03108604,-0.98520089,-0.43058035,0.345339,0.18398534
0.97915403,-0.09322379,-0.18046251,-0.0875012,-0.99538365,0.03943357,-0.18330558,-0.02282086,-0.9827911,-0.50661182,0.55436498,0.19205576
0.97626331,-0.110759,-0.18612469,-0.10492372,-0.99363706,0.04094603,-0.18947551,-0.02044521,-0.98167265,-0.59715325,0.59109491,0.29633674
0.97238965,-0.14133849,-0.18569278,-0.13506638,-0.98976504,0.04606928,-0.19030357,-0.01971644,-0.98152735,-0.57975674,0.67759734,0.24553563
0.97229348,-0.15803269,-0.17225289,-0.15082539,-0.98707106,0.05423994,-0.17859757,-0.02675703,-0.98355809,-0.41608405,0.6879496,0.32011506
0.97328745,-0.16279609,-0.16189186,-0.15433277,-0.98596783,0.06363227,-0.16997923,-0.03694727,-0.98475488,-0.23055951,0.43345398,0.22321768
0.97672399,-0.17087756,-0.12965761,-0.15593805,-0.98071683,0.1178032,-0.14728734,-0.09484266,-0.98453597,0.35942638,-0.2046963,-0.25442094
0.97664165,-0.17256224,-0.12803655,-0.15583529,-0.97907505,0.1308703,-0.14794069,-0.10786077,-0.98309675,0.37936592,-0.12910748,-0.29714251
0.97485387,-0.17362303,-0.13969599,-0.15153557,-0.97611194,0.15569881,-0.16339185,-0.13061468,-0.97787656,0.31848732,-0.10159582,-0.19483583
0.97060579,-0.17360972,-0.16668552,-0.14258081,-0.97273747,0.18290071,-0.19389458,-0.15375834,-0.96889804,0.12018942,-0.16732591,0.02175909
0.96778808,-0.17394626,-0.18201357,-0.13748107,-0.97076923,0.19673879,-0.21091514,-0.16537803,-0.9634132,0.05870936,-0.18612897,-0.01581922
0.95635615,-0.17645908,-0.2329058,-0.11666783,-0.96136976,0.24931291,-0.26790211,-0.21125932,-0.93999898,-0.19322164,-0.50915802,0.24358454
0.95497384,-0.17737535,-0.23782965,-0.1134208,-0.95898111,0.25978986,-0.27415448,-0.22111769,-0.93591993,-0.15564084,-0.53871226,0.23071899
0.95461622,-0.17905504,-0.23800667,-0.11029405,-0.95482363,0.27594805,-0.27666424,-0.23717377,-0.93123884,-0.01561688,-0.57149631,0.11136184
0.95572618,-0.18160834,-0.23152945,-0.11177088,-0.95190385,0.28528265,-0.2722035,-0.24677384,-0.93005795,0.1222067,-0.59225702,0.08083339
0.95647925,-0.18297789,-0.22730274,-0.11380722,-0.95120089,0.28681794,-0.26869195,-0.24846671,-0.93062812,0.18006051,-0.53768116,0.05633612
0.95774816,-0.1843729,-0.22073759,-0.11773058,-0.95157124,0.28399203,-0.262408,-0.24600528,-0.93307193,0.19215275,-0.32378513,0.06742913
0.95853987,-0.18381312,-0.21774767,-0.12012872,-0.95357649,0.27615324,-0.25839969,-0.23854614,-0.93612232,0.22952405,-0.13954222,-0.00963184
0.95850752,-0.18316904,-0.21843175,-0.12061661,-0.95486851,0.27143675,-0.25829239,-0.23382767,-0.93734188,0.1995143,0.0016157,0.01648264
0.95806646,-0.18167224,-0.22159391,-0.12091581,-0.95742105,0.26215281,-0.25978458,-0.2243656,-0.93924003,0.13501005,0.33420342,0.06735186
0.95767456,-0.17922434,-0.22525116,-0.11784083,-0.95804523,0.26127206,-0.26262709,-0.22366982,-0.93861549,0.06786682,0.56658608,-0.00430643
0.95767203,-0.17807083,-0.22617482,-0.11544609,-0.95733883,0.26490419,-0.26369769,-0.22758033,-0.9373742,0.04588667,0.43492752,-0.05287369
0.95769644,-0.175312,-0.22821752,-0.11073019,-0.95645544,0.27005903,-0.26562447,-0.233364,-0.93540631,0.13763498,0.40967363,0.09873212
0.95769644,-0.175312,-0.22821752,-0.11073019,-0.95645544,0.27005903,-0.26562447,-0.233364,-0.93540631,0.13763498,0.40967363,0.09873212
0.95800835,-0.17388061,-0.22800337,-0.10656454,-0.95410579,0.27986772,-0.26620293,-0.24381854,-0.93257081,0.29633075,0.11208814,0.16054377
0.96109479,-0.17123181,-0.21674056,-0.10670004,-0.95391146,0.28047872,-0.25477815,-0.24644041,-0.93506979,0.40811333,0.13450044,0.07984386
0.96514194,-0.16526721,-0.20294776,-0.10510144,-0.95488097,0.27776955,-0.23969716,-0.24675693,-0.93896549,0.39238465,0.35116071,-0.00915159
0.96691304,-0.16230504,-0.19681527,-0.10348971,-0.95472781,0.27889903,-0.23317173,-0.24930276,-0.93993566,0.28803715,0.33915192,-0.13915649
0.96908331,-0.15798389,-0.18952211,-0.09977645,-0.95344174,0.28459345,-0.22565948,-0.25688492,-0.93972755,-0.30218923,0.28485209,-0.06419585
0.96947791,-0.14746369,-0.19587508,-0.08463606,-0.95108317,0.29711516,-0.2301072,-0.27146849,-0.93453486,-0.82529235,0.68503696,-0.12098739
0.96983796,-0.14229684,-0.19790387,-0.07568143,-0.94757392,0.31044404,-0.23170381,-0.28610276,-0.92976238,-0.70057821,0.44658273,-0.25236836
0.97042592,-0.13690494,-0.19882299,-0.06316572,-0.93894109,0.33823057,-0.23298849,-0.31566891,-0.91982047,-0.49425006,-0.22767568,0.04621947
0.97080206,-0.13275192,-0.19980061,-0.05470883,-0.93348868,0.35440832,-0.23356005,-0.33312947,-0.91349542,-0.31366208,-0.24606705,-0.00248111
0.97088361,-0.13346541,-0.19892714,-0.05459428,-0.93183881,0.3587422,-0.2332477,-0.33743663,-0.91199347,-0.20232686,-0.27541208,0.02754783
0.96994077,-0.13895416,-0.19976646,-0.0593344,-0.9312032,0.35963852,-0.23599645,-0.33697504,-0.91145671,-0.08072032,-0.34830087,-0.07805631
0.96661395,-0.14378391,-0.21209351,-0.06256457,-0.93510744,0.34879725,-0.24848168,-0.32388275,-0.91288367,-0.03818008,-0.20735967,-0.08859437
0.96425694,-0.14478903,-0.22191147,-0.0623476,-0.9379668,0.34107379,-0.2575293,-0.31504712,-0.91346825,-0.1210359,-0.19279337,-0.08473805
0.95924192,-0.14092112,-0.24494115,-0.05588388,-0.94426515,0.32440751,-0.27700527,-0.29749702,-0.91365394,-0.23031728,-0.23153228,0.00256167
0.95924192,-0.14092112,-0.24494115,-0.05588388,-0.94426515,0.32440751,-0.27700527,-0.29749702,-0.91365394,-0.23031728,-0.23153228,0.00256167
0.95417765,-0.12417828,-0.27225865,-0.04068894,-0.95522195,0.29307917,-0.29646151,-0.26857167,-0.91650411,-0.25785071,-0.209907,0.16198169
0.9553064,-0.11112167,-0.2739373,-0.03452507,-0.96225869,0.26993689,-0.29359443,-0.24841473,-0.92308836,-0.3370845,-0.22028536,0.25283253
0.96112273,-0.09801394,-0.25814019,-0.03254646,-0.96857512,0.24658201,-0.27419668,-0.22859402,-0.93410957,-0.29768345,-0.20895833,0.17213653
0.96515754,-0.09207857,-0.2449336,-0.03292629,-0.97133797,0.23541211,-0.25958966,-0.21914502,-0.94052598,-0.28711084,-0.18321759,0.14404635
0.97342462,-0.08307554,-0.21340797,-0.03567387,-0.97551327,0.21702786,-0.22621203,-0.20364717,-0.95255226,-0.10901271,-0.18993217,-0.02747815
0.98017093,-0.07613657,-0.18294306,-0.03820514,-0.97852727,0.20254474,-0.19443587,-0.1915391,-0.9620328,0.01223768,-0.0178206,-0.123852
0.98280755,-0.0732163,-0.1694954,-0.03909683,-0.97972264,0.19650686,-0.18044599,-0.18650169,-0.96574133,0.10422774,0.00799578,-0.17307349
0.98280755,-0.0732163,-0.1694954,-0.03909683,-0.97972264,0.19650686,-0.18044599,-0.18650169,-0.96574133,0.10422774,0.00799578,-0.17307349
0.98900298,-0.06019639,-0.13509068,-0.03549263,-0.98333039,0.17832934,-0.14357358,-0.17157352,-0.97465322,0.20830153,-0.12798792,-0.09479252
0.99109367,-0.04668481,-0.12471513,-0.02514646,-0.98529653,0.16899218,-0.13077076,-0.16435093,-0.97769511,0.20701304,-0.14350939,-0.09067888
0.99109367,-0.04668481,-0.12471513,-0.02514646,-0.98529653,0.16899218,-0.13077076,-0.16435093,-0.97769511,0.20701304,-0.14350939,-0.09067888
0.99193218,-0.03040453,-0.12306953,-0.01020793,-0.98681649,0.16151943,-0.126358,-0.15896003,-0.97916539,0.13637276,-0.03529423,-0.06648797
0.992141521,-0.0190425116,-0.123663185,0.000751000654,-0.987426451,0.158075991,-0.12511849,-0.156926625,-0.979652479,0.167755187,-0.0247088075,-0.0412304252
0.9923434,-0.00794705,-0.12325347,0.01129674,-0.98790471,0.15465018,-0.1229917,-0.15485844,-0.98025095,0.12953083,0.05549997,0.00212875
0.99251847,-0.00270481,-0.12206465,0.01610497,-0.98811861,0.15284645,-0.12102778,-0.15366877,-0.9806824,0.13570754,0.07666379,0.04340455
0.993228168,0.00558299726,-0.116045839,0.0229443985,-0.988598476,0.148817754,-0.113891884,-0.150472587,-0.982031953,0.127937555,0.114956915,-6.90892339e-05
0.99441181,0.00977563,-0.10511701,0.02495495,-0.98925159,0.14407687,-0.10257875,-0.14589493,-0.98396741,0.1721081,0.10548419,-0.06834924
0.99511528,0.01076185,-0.09813137,0.02458118,-0.98974331,0.14072601,-0.0956104,-0.14245079,-0.98517323,0.23195505,0.05692285,-0.08763585
0.99724778,0.01474509,-0.07265976,0.02339717,-0.99253368,0.1197055,-0.07035219,-0.12107608,-0.990147,0.52070206,0.05879623,-0.16165368
0.99728327,0.01617677,-0.07186366,0.02429784,-0.99322776,0.11361249,-0.06953912,-0.11504997,-0.99092249,0.4393326,0.08387285,-0.1596095
0.996735,0.01679461,-0.07897648,0.02480735,-0.99451598,0.10159786,-0.0768371,-0.10322534,-0.99168552,0.10568292,0.21288723,-0.11716872
0.99541835,0.01056,-0.09503046,0.01915434,-0.99575871,0.08998551,-0.09367718,-0.09139348,-0.99139877,-0.32767272,0.10526353,-0.09786263
0.99438768,0.00447305,-0.10570302,0.0134394,-0.99635254,0.08426656,-0.10494055,-0.08521421,-0.99082081,-0.49690253,0.04488117,-0.05905861
0.99165285,-0.01205118,-0.12837208,-0.00249585,-0.99722995,0.07433691,-0.12891234,-0.07339601,-0.988936,-0.65921819,-0.08262056,0.17364337
0.98861673,-0.03292898,-0.14680817,-0.02350471,-0.99757729,0.06547357,-0.14860849,-0.06127758,-0.98699559,-0.61922842,-0.01147205,0.1068891
0.98697492,-0.04567819,-0.15425307,-0.03636261,-0.99737081,0.06268341,-0.15671078,-0.0562579,-0.98604095,-0.55980998,0.12713867,0.12497896
0.98294122,-0.07747925,-0.16680383,-0.06771193,-0.99568357,0.06347565,-0.17100189,-0.05109822,-0.98394469,-0.53782547,0.35387522,0.09770519
0.97772544,-0.11423391,-0.17607833,-0.10343011,-0.99221319,0.06939043,-0.182634,-0.04963299,-0.9819273,-0.23751712,0.15903646,0.19981523
0.97566893,-0.13157486,-0.17538018,-0.12079117,-0.99014638,0.07085265,-0.18297444,-0.04794436,-0.98194814,-1.44069791,0.0849641,-0.04319903
0.97378903,-0.16151383,-0.16015059,-0.15158636,-0.98578432,0.07246107,-0.16957742,-0.04628515,-0.98442924,-0.35493258,0.51162153,0.20005397
0.97464748,-0.18247479,-0.12948065,-0.17388242,-0.98191271,0.07491654,-0.14080907,-0.05050281,-0.98874791,-0.25499377,0.33916813,0.23407185
0.97477015,-0.18935857,-0.11817984,-0.18041859,-0.98013731,0.08233867,-0.13142403,-0.05893943,-0.98957241,0.01299292,0.24305111,0.03088343
0.97473477,-0.2011092,-0.09719685,-0.19111252,-0.97613376,0.10314581,-0.11562069,-0.08196428,-0.989906,0.44065061,0.11210591,0.0802089
0.97314271,-0.21005722,-0.0941766,-0.1973122,-0.97184313,0.12879774,-0.11857978,-0.10675639,-0.98718891,-0.16240378,0.25188082,0.53536421
0.96809886,-0.21454538,-0.12944065,-0.19065081,-0.96591659,0.17509265,-0.16259418,-0.14482903,-0.97600599,-0.23348762,-0.2573573,0.26026362
0.96474176,-0.21655296,-0.14959329,-0.18412854,-0.96143186,0.20431689,-0.18806919,-0.16956864,-0.96740705,-0.05204175,-0.31841397,-0.16145094
0.96201786,-0.2175458,-0.16491045,-0.1795386,-0.95927104,0.21809431,-0.20563931,-0.18020283,-0.96189374,-0.01244514,-0.2353701,0.04918636
0.95752748,-0.2189299,-0.18764544,-0.17120278,-0.95531462,0.240963,-0.23201448,-0.19860327,-0.9522214,-0.09066951,-0.22626477,0.00914623
0.95317005,-0.22106658,-0.20638898,-0.16364656,-0.95088763,0.26273944,-0.25433569,-0.21666051,-0.94253439,-0.02100448,-0.34156215,0.06860308
0.95145267,-0.221811,-0.21339566,-0.16041078,-0.94904553,0.27125876,-0.26269033,-0.22385891,-0.93855278,0.00976184,-0.3454625,0.12554526
0.95145267,-0.221811,-0.21339566,-0.16041078,-0.94904553,0.27125876,-0.26269033,-0.22385891,-0.93855278,0.00976184,-0.3454625,0.12554526
0.94940401,-0.22198587,-0.22215827,-0.15378313,-0.94537266,0.28743941,-0.27382982,-0.23873193,-0.93167828,0.09796306,-0.36962086,0.09772742
0.94989428,-0.22104851,-0.22099416,-0.15297371,-0.94532333,0.28803239,-0.27258009,-0.23979402,-0.93177183,0.17038503,-0.34437191,0.03903979
0.94989428,-0.22104851,-0.22099416,-0.15297371,-0.94532333,0.28803239,-0.27258009,-0.23979402,-0.93177183,0.17038503,-0.34437191,0.03903979
0.95185426,-0.21433603,-0.21916554,-0.15038485,-0.94948562,0.27542903,-0.26712893,-0.22920911,-0.93600481,0.22871512,-0.16486663,0.00150394
0.95137303,-0.21192949,-0.22355143,-0.14811581,-0.95104166,0.27125918,-0.27009453,-0.22495716,-0.9361855,0.13880849,-0.09295899,0.07733838
0.94988777,-0.20805254,-0.23329674,-0.14381196,-0.95351942,0.26479971,-0.27754521,-0.21797914,-0.93565688,0.11376128,0.06991023,0.08926675
0.94908115,-0.20517197,-0.23905948,-0.14070172,-0.95501738,0.26104568,-0.28186521,-0.21411745,-0.93525704,0.03411982,0.15299088,0.01240786
0.948756622,-0.202014472,-0.24300417,-0.13700523,-0.955905686,0.259757504,-0.284763832,-0.213153811,-0.934598891,-0.0275495555,0.177114069,-0.000152563676
0.94818986,-0.19359781,-0.2519045,-0.12777497,-0.9583162,0.25554527,-0.29087719,-0.21011834,-0.93340265,-0.09302899,0.39290947,0.19800158
0.94846776,-0.19071104,-0.25305769,-0.12395418,-0.95826953,0.25759371,-0.29162348,-0.21295177,-0.93252718,-0.02799966,0.22189289,0.24083658
0.94953508,-0.19037168,-0.2492825,-0.12427779,-0.95804895,0.25825822,-0.28798988,-0.21424496,-0.93336006,0.07277857,0.24489444,0.21318482
0.95362592,-0.18867587,-0.2345187,-0.12576373,-0.95764087,0.25905051,-0.27346131,-0.21754333,-0.93695973,0.26438946,0.28686458,0.06268609
0.95362592,-0.18867587,-0.2345187,-0.12576373,-0.95764087,0.25905051,-0.27346131,-0.21754333,-0.93695973,0.26438946,0.28686458,0.06268609
0.96060192,-0.1795645,-0.21213328,-0.12044684,-0.95683124,0.26451064,-0.25047255,-0.22853864,-0.94076189,-0.27939409,0.61527437,-0.0770392
0.9630813,-0.16872605,-0.20977588,-0.10795746,-0.95588065,0.27319726,-0.24661627,-0.2404643,-0.93880601,-0.53703314,0.78083962,-0.01918958
0.96399324,-0.16175162,-0.21107685,-0.09644698,-0.95235759,0.28933144,-0.24782051,-0.25855582,-0.93366673,-0.69308954,0.50981122,-0.01908244
0.96459471,-0.16052936,-0.2092543,-0.09282966,-0.94930329,0.30034291,-0.24685966,-0.27028417,-0.93059482,-0.50400454,0.13415283,-0.06606871
0.96633744,-0.16587773,-0.19666351,-0.09628375,-0.94201893,0.32144944,-0.23858205,-0.29169313,-0.92627949,-0.06068494,-0.54270744,-0.07028412
0.96712313,-0.1726912,-0.18668315,-0.10330632,-0.93756623,0.33211079,-0.23238041,-0.30190648,-0.92458209,0.09087184,-0.5239538,-0.11804524
0.96712313,-0.1726912,-0.18668315,-0.10330632,-0.93756623,0.33211079,-0.23238041,-0.30190648,-0.92458209,0.09087184,-0.5239538,-0.11804524
0.96457476,-0.1717012,-0.20028538,-0.09739617,-0.93734573,0.33451017,-0.24517243,-0.30315304,-0.92086307,-0.23087403,-0.14633304,-0.17023881
0.9599415,-0.16455063,-0.22679374,-0.08325212,-0.9403418,0.32988861,-0.267547,-0.29779271,-0.91637232,-0.41569653,0.25661534,-0.09679635
0.95726269,-0.16118045,-0.24014371,-0.07593092,-0.94124672,0.32907275,-0.2790746,-0.29677473,-0.91325894,-0.43824983,0.15914887,0.00246674
0.95303889,-0.15607015,-0.2595361,-0.06532467,-0.94275044,0.32703837,-0.29571873,-0.29472617,-0.90867306,-0.34813294,-0.18093318,0.1584781
0.95207046,-0.15355903,-0.26454014,-0.06344292,-0.94518099,0.32032538,-0.2992271,-0.28818913,-0.90962114,-0.21071306,-0.24226022,0.20129699
0.95280274,-0.15327747,-0.26205525,-0.06536383,-0.94651595,0.31596673,-0.29647007,-0.28392503,-0.91186179,-0.14768629,-0.26921815,0.11288081
0.95606039,-0.15295752,-0.25010504,-0.0723254,-0.94979571,0.30439595,-0.28410838,-0.27293196,-0.91912477,-0.09660026,-0.20952529,-0.00496729
0.96008885,-0.15215385,-0.23468832,-0.08003207,-0.9534493,0.29073919,-0.2680005,-0.26035286,-0.92757322,-0.08598278,-0.06116068,-0.0757662
0.96184038,-0.15222187,-0.22735785,-0.08381273,-0.95492339,0.28477468,-0.26045828,-0.25485231,-0.931242,-0.09611996,-0.05478799,-0.09058487
0.96479589,-0.15226413,-0.21444007,-0.09014804,-0.95742771,0.27423706,-0.24706727,-0.24525144,-0.93744864,-0.0683642,-0.10302442,-0.07314413
0.96720299,-0.14972747,-0.20518297,-0.09239049,-0.95983822,0.26490411,-0.23660592,-0.23725909,-0.94219179,-0.05543882,-0.13374078,-0.06941532
0.968293,-0.14671274,-0.20219798,-0.09129603,-0.96121608,0.26024672,-0.2325375,-0.2335352,-0.9441331,-0.04014617,-0.10971385,-0.06049581
0.9700205,-0.13777602,-0.20019491,-0.0848928,-0.96397571,0.25207926,-0.22771352,-0.22752694,-0.94677239,-0.03813832,-0.04141694,-0.05306373
0.97080508,-0.1274539,-0.20320681,-0.07534029,-0.96630083,0.24614362,-0.22773086,-0.22364781,-0.94769216,-0.06842474,-0.01426601,-0.02985208
0.97093081,-0.12271011,-0.20551297,-0.07058337,-0.96719367,0.24403752,-0.22871672,-0.22243775,-0.94773943,-0.05953924,0.00485319,0.01741112
0.971391644,-0.108567911,-0.211213828,-0.0560110067,-0.969031473,0.240500842,-0.230783534,-0.221790209,-0.947390072,-0.0967726111,-0.000820755959,0.0538528524
0.97190431,-0.10613647,-0.21008824,-0.05404369,-0.96934254,0.23969598,-0.22908797,-0.22160761,-0.94784419,-0.09482884,-0.00334609,0.02384218
0.973417799,-0.102160712,-0.204990202,-0.0516201072,-0.969840016,0.238214321,-0.223143807,-0.221300446,-0.949333085,-0.0131845158,-0.000623881817,-0.0236933548
0.97495442,-0.09947033,-0.1989209,-0.05045343,-0.97001018,0.23777011,-0.21660638,-0.22177878,-0.95073433,0.07555091,-0.06251472,-0.06778707
0.97563239,-0.09837399,-0.19612242,-0.0501309,-0.97015574,0.23724351,-0.21360791,-0.22163066,-0.95144693,0.08169314,-0.07215279,-0.07324354
0.97664566,-0.09624464,-0.19209431,-0.04941802,-0.97071348,0.23510357,-0.20909595,-0.22011997,-0.95279933,0.06920286,-0.03326291,-0.04216695
0.97758265,-0.09360779,-0.18859944,-0.04836671,-0.97162148,0.23154303,-0.20492152,-0.21723051,-0.9543678,0.03278429,-0.05401444,-0.05120501
0.97824965,-0.09173567,-0.18604347,-0.04763931,-0.97227795,0.22892204,-0.20188636,-0.21507992,-0.95550079,0.02666466,-0.05718219,-0.06283705
0.98206264,-0.07744778,-0.17191515,-0.03997019,-0.97653827,0.21160144,-0.18426981,-0.20093438,-0.96211735,0.10028779,-0.07121009,-0.18772125
0.98288703,-0.07197918,-0.16956439,-0.03609144,-0.97790505,0.20590996,-0.18063912,-0.1962664,-0.96376802,0.08956389,-0.06507856,-0.2019002
0.98376816,-0.05960741,-0.16925475,-0.02604412,-0.98065826,0.1939865,-0.17754413,-0.18642965,-0.96629279,0.06225871,-0.04108566,-0.14351209
0.98342571,-0.04721982,-0.17505476,-0.01475654,-0.98313334,0.18229393,-0.18071006,-0.17668934,-0.9675354,0.00381009,0.01221031,-0.02426583
0.983090563,-0.0415441548,-0.178345238,-0.00956877374,-0.984249,0.176527432,-0.182869843,-0.171835907,-0.968003427,-0.0615317971,0.0475497842,-0.00088638626
0.98416617,-0.02618525,-0.17530342,0.00124208,-0.98798425,0.15454937,-0.17724393,-0.15232,-0.97230815,-0.15295243,0.09055597,-0.01894962
0.98715134,-0.02104359,-0.15839631,0.00104463,-0.99041895,0.13809146,-0.15978464,-0.13648263,-0.97767141,-0.22372353,0.11228377,0.0345211
0.98918917,-0.0221050701,-0.144969479,-0.00349560954,-0.991846993,0.127385638,-0.146603427,-0.125501737,-0.981201574,-0.180203706,0.183349311,0.00027564913
0.99023062,-0.03636258,-0.13461458,-0.02071759,-0.99305094,0.11584705,-0.13789164,-0.1119264,-0.98410279,-0.07658952,-0.20308387,-0.03001488
0.99016988,-0.0558365,-0.12824158,-0.04131212,-0.99270732,0.11324945,-0.13362981,-0.10683826,-0.98525561,-0.26985613,0.39499468,-0.12194186
0.98983821,-0.07171459,-0.12278982,-0.05704275,-0.99124315,0.11909372,-0.13025531,-0.11087925,-0.98526114,-0.09693121,0.0550335,-0.04881128
0.98960528,-0.09990085,-0.10344661,-0.08648133,-0.98813148,0.12695251,-0.11490153,-0.11668667,-0.98649969,-0.32872042,-0.0540964,0.11998107
0.98906954,-0.13142334,-0.06685312,-0.12086816,-0.98232779,0.14290751,-0.08445308,-0.13326505,-0.98747539,-0.28783798,-0.23055404,0.18096521
0.98914169,-0.13874545,-0.04846045,-0.13013318,-0.98009955,0.14989987,-0.068294,-0.1419659,-0.98751271,-0.19387291,-0.0394423,0.13609754
0.98913202,-0.14295206,-0.03438822,-0.13609131,-0.97867437,0.15386843,-0.05565068,-0.14751625,-0.98749269,-0.02655115,-0.0581792,0.00318337
0.98890181,-0.14540509,-0.0305053,-0.13911793,-0.97832356,0.15339175,-0.052148,-0.14744554,-0.98769439,0.01058916,0.01953965,-0.02210012
0.98684271,-0.15395336,-0.04939454,-0.14566673,-0.97915043,0.14158178,-0.07016169,-0.1325238,-0.98869335,0.21342325,0.30228621,-0.0813499
0.98590946,-0.15515504,-0.06252554,-0.1450862,-0.97916973,0.14204276,-0.08326179,-0.1309697,-0.98788355,0.56423128,0.40590805,0.03227141
0.98087149,-0.16076348,-0.10975528,-0.14237701,-0.97701282,0.15866592,-0.13273999,-0.14000425,-0.98121305,-0.12540033,0.09399861,0.14978904
0.97953997,-0.16195457,-0.1194661,-0.14108717,-0.97594269,0.16622202,-0.14351252,-0.14596598,-0.97882459,-0.15360254,-0.12747109,0.12240185
0.97760986,-0.15996958,-0.13670663,-0.13457222,-0.97473778,0.17825958,-0.16176923,-0.15587141,-0.97444072,0.17617314,-0.07196623,0.11033036
0.97721066,-0.15649627,-0.14341629,-0.12812691,-0.97352696,0.18928382,-0.16924187,-0.16659468,-0.97139231,-0.12176263,-0.01192898,0.05656507
0.97772667,-0.15893024,-0.13708298,-0.12920221,-0.97048429,0.20363465,-0.16540057,-0.1813876,-0.96940251,-0.05521107,0.00307316,0.04860599
0.97776033,-0.16026371,-0.13527855,-0.13029915,-0.96963559,0.20695129,-0.16433769,-0.18472208,-0.96895344,-0.04503554,0.00976199,0.0398759
0.977636656,-0.163116972,-0.132738145,-0.132549742,-0.967964653,0.213247117,-0.163270107,-0.190883788,-0.967938835,-0.000412180088,-0.0254021883,0.0228006747
0.97723365,-0.16593171,-0.13221596,-0.13448161,-0.96643515,0.21890151,-0.16410085,-0.19613731,-0.96674772,0.07015571,0.01902276,-0.01283683
0.97576204,-0.17269293,-0.13440835,-0.13886242,-0.96332398,0.22961782,-0.16913214,-0.20538809,-0.96395552,0.03549435,-0.08208734,-0.01851555
0.97413985,-0.17771613,-0.13952965,-0.14161849,-0.96142221,0.23582101,-0.1760561,-0.20996266,-0.96172758,-0.1113014,-0.0967688,0.0486082
0.97520217,-0.17064876,-0.14092451,-0.13398472,-0.96203542,0.23777252,-0.17614997,-0.21299455,-0.96104336,-0.05697276,0.05189174,0.08672978
0.97520217,-0.17064876,-0.14092451,-0.13398472,-0.96203542,0.23777252,-0.17614997,-0.21299455,-0.96104336,-0.05697276,0.05189174,0.08672978
0.97935409,-0.16477605,-0.11710857,-0.13321205,-0.9617802,0.2392357,-0.15205299,-0.21869619,-0.96387354,0.06592798,-0.00805753,-0.11573254
0.9809072,-0.15502577,-0.11742262,-0.12343154,-0.96286639,0.24010926,-0.15028545,-0.22103125,-0.96361764,-0.08599322,-0.02370244,0.0212987
0.9812855,-0.14545763,-0.12617782,-0.11146489,-0.96340989,0.24375497,-0.15701701,-0.22512882,-0.96159358,-0.24763094,-0.04742712,0.06715535
0.98148575,-0.14047217,-0.13020483,-0.1053438,-0.96364335,0.24554871,-0.15996377,-0.22728629,-0.96060009,-0.23726091,-0.05865443,0.08337031
0.98215218,-0.13179149,-0.13419427,-0.09551587,-0.9640996,0.24776766,-0.1620303,-0.23052787,-0.9594807,-0.21766883,-0.07882899,0.07809561
0.98417219,-0.12082089,-0.12964338,-0.08585626,-0.96504862,0.24760771,-0.15502837,-0.23255793,-0.96014724,-0.13151731,-0.11133271,0.02080096
0.98593481,-0.11332272,-0.12284346,-0.08039834,-0.96597185,0.24583364,-0.14652188,-0.23249953,-0.96149623,-0.09695913,-0.05996472,-0.01399967
0.9875416,-0.105459412,-0.116789973,-0.0743417183,-0.966818017,0.244409149,-0.138689921,-0.232681833,-0.962613044,-0.125330582,0.00516551733,0.000185281038
0.98966312,-0.09364539,-0.10861606,-0.06479797,-0.967643,0.24386041,-0.12793799,-0.23430156,-0.96370862,-0.17001969,-0.0051915,0.05810691
0.9911732,-0.08645539,-0.10050445,-0.05973461,-0.96803123,0.24361291,-0.1183531,-0.23545899,-0.964651,-0.17130412,-0.04149878,0.06887282
0.99371379,-0.0763859,-0.08184184,-0.05459648,-0.96888949,0.2413954,-0.09773493,-0.23540966,-0.96696925,-0.18492354,0.00476176,0.03059657
0.99527224,-0.07039126,-0.06691964,-0.05243412,-0.9693933,0.23984861,-0.0817547,-0.23520579,-0.96850115,-0.16577232,0.02532846,-0.00367663
0.9971526,-0.06209002,-0.04279622,-0.05018287,-0.96996834,0.2379974,-0.05628825,-0.23517209,-0.97032231,-0.17474213,0.05294019,-0.0321133
0.99804254,-0.05661296,-0.02657164,-0.04865235,-0.96982735,0.2388892,-0.03929413,-0.23712881,-0.97068331,-0.17248255,-0.0023343,-0.01761381
0.99839817,-0.05363356,-0.01801485,-0.0477837,-0.96981606,0.23910993,-0.03029541,-0.2378661,-0.97082539,-0.16620359,0.00753492,-0.02986359
0.99903299,-0.03996298,0.01833169,-0.04320767,-0.96952333,0.24115859,0.00813559,-0.24171746,-0.97031249,-0.19091187,-0.00876546,-0.02350835
0.99896728,-0.0360202,0.02769326,-0.04166221,-0.96937993,0.24200503,0.01812823,-0.24290887,-0.96987952,-0.21281418,-0.01142323,-0.02023649
0.99745596,-0.01611648,0.06943966,-0.03275658,-0.96879844,0.24567538,0.06331362,-0.24732498,-0.9668617,-0.28056347,-0.01961631,-0.00214764
0.99657391,-0.0103333,0.08205895,-0.03039525,-0.96849243,0.24718065,0.07691929,-0.24882799,-0.96548837,-0.2927905,-0.01656091,-0.00364678
0.99376721,0.00175972,0.11146138,-0.02629493,-0.96796054,0.24972214,0.10832965,-0.25109654,-0.96188117,-0.34628561,-0.00680918,-0.05214301
0.98630225,0.02226402,0.16343863,-0.02013135,-0.96719391,0.25324012,0.16371501,-0.25306154,-0.95349732,-0.35559845,-0.01036465,-0.08856479
0.96686949,0.05508039,0.24925799,-0.01128903,-0.96626231,0.25731221,0.25502148,-0.25160121,-0.93362774,-0.30818045,-0.09153229,-0.0721339
0.96686949,0.05508039,0.24925799,-0.01128903,-0.96626231,0.25731221,0.25502148,-0.25160121,-0.93362774,-0.30818045,-0.09153229,-0.0721339
0.922064085,0.100876456,0.373659925,0.000292559065,-0.965617796,0.259964613,0.387037096,-0.239594713,-0.890390979,-0.0600127541,-0.00116151571,-0.275277734
0.91061277,0.10988462,0.3983839,0.00329043,-0.96589861,0.2588988,0.41324754,-0.2344457,-0.87992116,-0.04285381,0.03494877,-0.27817267
0.8516269,0.14581695,0.50345706,0.01399641,-0.96650769,0.2562552,0.52396154,-0.21118723,-0.82514485,-0.02365792,0.00672382,-0.29900873
0.79712903,0.17296937,0.578504,0.02214832,-0.96582217,0.25825682,0.60340262,-0.19305111,-0.77371583,0.02723049,-0.00722212,-0.20405281
