0,1,2,3,4,5,6,7,8,9,10,11
-0.15284381,0.36295057,0.9191875,0.93452992,0.35556854,0.01499509,-0.32139168,0.86130013,-0.39353462,-0.07693565,-0.0232541,0.05706301
-0.14451849,0.35254184,0.92456937,0.93564986,0.35273382,0.01175181,-0.32198385,0.86677161,-0.38083226,-0.05281215,-0.02371365,0.0329081
-0.13880212,0.34498106,0.9282898,0.93584952,0.35228455,0.00901275,-0.3239129,0.86999058,-0.37174818,-0.03805237,-0.02255708,0.01064209
-0.13620119,0.34158021,0.9299313,0.93575337,0.35257438,0.00754709,-0.32529202,0.87121426,-0.36765589,-0.03054367,-0.0151282,-0.0020554
-0.13159519,0.33611414,0.93258251,0.93513895,0.35425545,0.00427784,-0.32893464,0.87265712,-0.36093177,-0.02256572,0.00115639,-0.02246029
-0.127984415,0.333159895,0.934143682,0.933958785,0.357380337,0.000500356637,-0.33367787,0.872515758,-0.356896714,-0.0118836612,0.0163717866,-0.0349963419
-0.12652933,0.33272664,0.93449626,0.93313645,0.35951852,-0.00166103,-0.33652136,0.87180238,-0.35596898,-0.0035656,0.01559955,-0.04092846
-0.12204742,0.33687997,0.93360393,0.92879537,0.37039103,-0.01223242,-0.34991937,0.86563408,-0.35809782,0.00933367,0.01485962,-0.01595847
-0.12106329,0.33860539,0.93310775,0.92756371,0.3733582,-0.01513993,-0.35350989,0.863684,-0.35927804,0.01572263,0.01171631,-0.01146624
-0.11876145,0.34152287,0.93233997,0.92520782,0.37888286,-0.02093455,-0.36039725,0.86012202,-0.3609763,0.02512955,0.0229798,-0.00138356
-0.11603459,0.34322934,0.93205661,0.92306107,0.38374636,-0.02639963,-0.36673444,0.85728193,-0.36134948,0.02669901,0.02346796,-0.00488179
-0.11137283,0.34324925,0.93261784,0.92048944,0.38933984,-0.03337175,-0.37456011,0.85474817,-0.35931919,0.03298549,0.0039292,-0.0128024
-0.10793685,0.3417731,0.93356347,0.919276,0.39185448,-0.03717106,-0.37852509,0.85419037,-0.35647934,0.04985934,-0.00620508,-0.0116282
-0.10616904,0.34061631,0.93418883,0.91882023,0.39276606,-0.0387848,-0.38012843,0.85423381,-0.35466477,0.05306009,-0.01330239,-0.01503066
-0.10270562,0.33792462,0.93555246,0.91818092,0.39398069,-0.04150849,-0.38261632,0.8547433,-0.35073995,0.05820796,-0.02194977,-0.02191816
-0.09973493,0.33526556,0.9368297,0.91780684,0.39463484,-0.04351916,-0.3842961,0.85548835,-0.3470679,0.05765975,-0.00978786,-0.043112
-0.09854651,0.33429483,0.9373022,0.91767962,0.39483937,-0.04433848,-0.3849059,0.85577378,-0.34568557,0.05890234,-0.00674248,-0.04773962
-0.09694852,0.33345368,0.93776835,0.9175801,0.39493059,-0.04556877,-0.38554845,0.85605981,-0.34425837,0.05096144,0.00185293,-0.05067116
-0.09648169,0.33389732,0.93765873,0.9178366,0.39428849,-0.04596284,-0.38505492,0.85618292,-0.34450481,0.05288881,0.00971276,-0.04505402
-0.09665312,0.33635197,0.93676319,0.91824199,0.39328376,-0.04646923,-0.3840437,0.85568399,-0.34686456,0.04924177,0.01787394,-0.02933283
-0.09713286,0.33798668,0.9361251,0.91870262,0.39222809,-0.04628832,-0.38281939,0.85552447,-0.34860748,0.04648706,0.01572126,-0.01942097
-0.09741182,0.33860932,0.93587099,0.91900715,0.39154677,-0.0460097,-0.38201654,0.8555903,-0.34932565,0.04589918,0.01254147,-0.01628895
-0.09795952,0.33935621,0.9355432,0.91967981,0.3900599,-0.04519057,-0.38025353,0.85597343,-0.3503091,0.03728539,0.00565988,-0.01912722
-0.09866425,0.33969676,0.93534559,0.92042697,0.38843267,-0.0439795,-0.37825845,0.85657814,-0.35099046,0.03331824,0.00560564,-0.02377595
-0.09909561,0.33982918,0.93525181,0.9207708,0.38769233,-0.04330885,-0.3773075,0.85686093,-0.35132336,0.0320372,0.009247,-0.01764118
-0.099961,0.34030485,0.9349868,0.92147326,0.38616078,-0.0420337,-0.37535948,0.85736364,-0.35218282,0.02485031,0.01263279,-0.01967574
-0.1009104,0.34093483,0.93465526,0.92223619,0.38448107,-0.04067779,-0.37322571,0.85786812,-0.35322056,0.01779723,0.01755303,-0.01396964
-0.10142635,0.34130577,0.93446397,0.92263961,0.38358743,-0.03995933,-0.37208695,0.8581206,-0.35380807,0.01790699,0.01412278,-0.01419901
-0.10254326,0.34228697,0.93398307,0.92353984,0.38157086,-0.03844168,-0.36953878,0.85862869,-0.35524316,0.00822395,0.00547308,-0.01497827
-0.1036602,0.3436504,0.93335892,0.92451709,0.37934131,-0.03699018,-0.36677326,0.85907189,-0.35703325,,,
-0.1050359,0.34554302,0.932506,0.92624375,0.37532018,-0.03474552,-0.36199438,0.86007835,-0.35947915,-0.00749304,-0.0053919,0.01538531
-0.105801647,0.346245574,0.932158795,0.927494462,0.372373628,-0.0330440293,-0.358552703,0.861076005,-0.360538597,-0.0211659633,-0.000456631184,0.0138964755
-0.10605786,0.3465185,0.93202823,0.92811104,0.370901,-0.03228503,-0.35687755,0.86160162,-0.3609446,-0.02541855,0.00189072,0.00393593
-0.10648219,0.34716166,0.93174044,0.92924414,0.36816514,-0.03097948,-0.35378922,0.86251561,-0.36180096,-0.03413197,-0.00381517,0.0010938
-0.10665357,0.348007502,0.931405256,0.930095697,0.366067654,-0.030272792,-0.351492484,0.863067336,-0.362722694,-0.0423688032,-0.00378912687,4.11691144e-05
-0.10665568,0.34860757,0.93118062,0.9304143,0.36526508,-0.03017697,-0.35064769,0.86316522,-0.36330707,-0.04377559,-0.0053491,0.00151037
-0.106411945,0.349886307,0.93072877,0.930856489,0.364113656,-0.0304536814,-0.349546374,0.86313429,-0.364439977,-0.0550707914,-0.000719547272,0.00131452829
-0.10534858,0.35194247,0.93007431,0.93122552,0.36304485,-0.03189815,-0.34888501,0.86274849,-0.36598408,-0.05015367,-0.01666665,0.00756921
-0.10428423,0.35315497,0.92973456,0.93139896,0.36248128,-0.03321576,-0.34874169,0.86248993,-0.36672926,-0.04966103,-0.01736063,0.00955656
-0.10281112,0.35410885,0.92953567,0.93148975,0.36208831,-0.03491102,-0.34893624,0.86226379,-0.36707543,-0.04402228,-0.01210004,0.00491306
-0.10199278,0.35451763,0.9294701,0.93152098,0.36191879,-0.03582487,-0.34909323,0.86216705,-0.36715371,-0.04136606,-0.01536149,-0.00117793
-0.10010936,0.35550263,0.92929856,0.93148039,0.36179499,-0.03805996,-0.34974593,0.8618133,-0.36736276,-0.03584681,-0.01519084,-0.00649559
-0.09682881,0.3576257,0.92883152,0.93130989,0.36177416,-0.04220581,-0.35112112,0.86094326,-0.36809051,-0.01480363,-0.00168598,0.00192267
-0.09428311,0.35898509,0.92856892,0.93114919,0.36180965,-0.04533054,-0.35223814,0.86036236,-0.36838119,-0.00136749,0.00433904,0.01066958
-0.09009077,0.35979345,0.92867225,0.93102868,0.36153888,-0.04975073,-0.35365106,0.86013848,-0.36754931,0.01511966,-0.00173348,0.01473545
-0.08720959,0.35968571,0.92898904,0.93098923,0.36125554,-0.05247343,-0.35447637,0.86030262,-0.36636847,0.02645019,0.00734693,0.01159633
-0.08457159,0.35919905,0.92942119,0.93099999,0.36088843,-0.05475954,-0.35508695,0.86065999,-0.36493523,0.03756334,0.00844437,0.00433514
-0.08333326,0.35898129,0.92961713,0.93100178,0.3607185,-0.05583781,-0.35537483,0.86082205,-0.36427208,0.04043079,0.01206535,0.00890464
-0.08118481,0.35856555,0.92996768,0.93102911,0.36036024,-0.05766588,-0.3558004,0.86114535,-0.36309076,0.0485119,0.01347429,0.00752482
-0.07870183,0.35829694,0.93028452,0.93105566,0.35993342,-0.05986043,-0.35628828,0.86143555,-0.36192181,0.05197663,0.01664776,0.00523953
-0.0776247,0.35821359,0.93040706,0.93104947,0.35978484,-0.06084144,-0.35654055,0.86153225,-0.36144274,0.05265628,0.01846212,0.00340538
-0.0769617236,0.358174811,0.930477094,0.931023047,0.35974598,-0.0614725125,-0.35675328,0.861564617,-0.361155662,0.0438808873,0.0146953464,0.000118786469
-0.0767129098,0.358181163,0.930495204,0.931009045,0.359739609,-0.0617214399,-0.356843423,0.861564642,-0.361066566,0.0421581455,0.0102269053,-0.000258728862
-0.07663007,0.35819713,0.93049594,0.93100978,0.35972357,-0.06180428,-0.35685945,0.86156474,-0.36105069,0.02408592,0.01468903,-0.01257999
-0.07671274,0.35822326,0.93047899,0.93105699,0.35962098,-0.06168931,-0.35671829,0.86159665,-0.36111376,0.02033253,0.01697296,-0.01678072
-0.07687834,0.35819235,0.9304772,0.93115134,0.35942149,-0.06142716,-0.35643621,0.86169272,-0.36116299,0.02516962,0.0090304,-0.01581285
-0.07712656,0.35827121,0.93042629,0.93132468,0.35903641,-0.06104992,-0.3559293,0.86182046,-0.36135804,0.02061485,-0.0049485,-0.01920759
-0.077209,0.35846392,0.93034521,0.93137206,0.35892213,-0.0609991,-0.35578741,0.86178792,-0.36157527,0.0179658,-0.00852239,-0.02139639
-0.0776222,0.35905084,0.93008451,0.9314332,0.35880115,-0.06077717,-0.35553746,0.86159397,-0.36228279,0.02738593,0.0052523,-0.02179158
-0.07836606,0.35969845,0.92977175,0.93147526,0.3587743,-0.06028829,-0.35526374,0.86133493,-0.36316589,0.0466196,0.01439625,-0.02568025
-0.08043172,0.36112941,0.92904046,0.93142531,0.35912503,-0.05895804,-0.35493313,0.86058974,-0.3652501,0.11655901,0.01842946,-0.03280294
-0.08315247,0.36251797,0.92825991,0.93152204,0.35921548,-0.05684156,-0.35405143,0.85996802,-0.36756314,0.19053388,0.01602608,-0.03632731
-0.08512577,0.36355219,0.92767635,0.93165456,0.35912054,-0.05524691,-0.35323277,0.85957097,-0.36927547,0.22341639,0.02611667,-0.03867301
-0.09101992,0.36707068,0.92572913,0.93196974,0.35897245,-0.05070642,-0.35092407,0.85813627,-0.3747724,0.23226005,0.0389275,-0.02264143
-0.10011207,0.37270542,0.92253365,0.93242609,0.35870484,-0.04373194,-0.34721644,0.85581631,-0.38343096,0.22210887,0.03160113,-0.06824651
-0.10582088,0.37670059,0.92027094,0.93268753,0.35851545,-0.03950485,-0.34481284,0.8541448,-0.38928237,0.24048881,0.04247254,-0.09410364
-0.1192809,0.38766359,0.9140508,0.93339212,0.35761317,-0.0298645,-0.33845394,0.8496056,-0.40449853,0.26533663,0.08650678,-0.09398106
-0.13517436,0.4016668,0.90575467,0.9344783,0.35555382,-0.01821306,-0.32936008,0.8439462,-0.42341064,0.28374866,0.12432855,-0.0516315
-0.1442617,0.40936442,0.90089356,0.93497634,0.35452749,-0.01137714,-0.3240489,0.84067292,-0.43389077,0.28553286,0.13332778,-0.01825752
-0.164387,0.42457544,0.89034409,0.93547867,0.35335802,0.00421567,-0.31282035,0.8335909,-0.45526873,0.2918973,0.12891322,-0.01334321
-0.18673976,0.43882092,0.87895646,0.93528043,0.35319977,0.02237038,-0.30063063,0.82624822,-0.47637706,0.28068835,0.10030943,-0.03639901
-0.19857965,0.44586102,0.87279645,0.93490951,0.353425,0.03216766,-0.29412568,0.82237369,-0.48702266,0.26629576,0.10471553,-0.04985942
-0.22355848,0.46067187,0.85895452,0.93359456,0.35440281,0.05291278,-0.28004042,0.81374443,-0.50931048,0.25857866,0.14770788,-0.05595818
-0.25077029,0.47740237,0.8421409,0.93119316,0.35671236,0.07507084,-0.26456308,0.80302136,-0.53400669,0.24077994,0.17002052,-0.06242456
-0.26526998,0.4867431,0.8322938,0.92951373,0.35847208,0.08661399,-0.25619533,0.79660461,-0.54752627,0.20520964,0.16590065,-0.0605559
-0.29533284,0.50723029,0.80962702,0.92515904,0.36333837,0.10984519,-0.23845175,0.78147466,-0.57657444,0.13872537,0.1594643,-0.0155592
-0.32663743,0.52791838,0.78397077,0.91919725,0.37047719,0.13350307,-0.21996457,0.76423087,-0.60627284,0.1053309,0.1587953,0.00615007
-0.34262826,0.53781676,0.77029797,0.91557289,0.37491422,0.14548399,-0.21055192,0.75511088,-0.62086664,0.07917884,0.16488498,-0.00198721
-0.3748475,0.55738814,0.7408156,0.90705098,0.38572614,0.16874192,-0.19169719,0.73521003,-0.65016793,0.0294947,0.16061085,0.00483185
-0.4070576,0.57624709,0.70869128,0.89690693,0.39895522,0.19076859,-0.17280623,0.71328395,-0.67923775,-0.00697327,0.1587854,0.04639164
-0.42315558,0.58513981,0.69177348,0.89119201,0.40652747,0.20127626,-0.16345013,0.70167424,-0.69349627,-0.01160408,0.16353863,0.05312886
-0.45551869,0.60128244,0.65647714,0.87830139,0.42384418,0.22123024,-0.14522217,0.67735926,-0.72117615,-0.03428581,0.16517371,0.07460637
-0.48790787,0.61480544,0.61964498,0.86350785,0.44377936,0.23961213,-0.12767076,0.65197703,-0.74741274,-0.06761061,0.1290223,0.06420937
-0.50393375,0.6206916,0.60066009,0.85547668,0.45464098,0.24791363,-0.11920676,0.6387828,-0.7600961,-0.07016192,0.10135251,0.06258533
-0.56578646,0.63788789,0.52247958,0.81976952,0.50331103,0.27323249,-0.08867807,0.58290403,-0.80768763,-0.05467278,0.12346202,0.12571187
-0.61162072,0.64109497,0.46359149,0.78816314,0.54462202,0.2866804,-0.06869274,0.54072546,-0.83838952,-0.08136003,0.08286685,0.07689163
-0.64144865,0.63977537,0.42335694,0.76508405,0.57411014,0.29162295,-0.05648033,0.51096479,-0.85774411,-0.07762304,0.09498948,0.10275903
-0.65593773,0.63783705,0.40362002,0.7530973,0.58907352,0.29297906,-0.05088892,0.49614127,-0.86674888,-0.07094732,0.09344739,0.11602386
-0.6839117,0.63105647,0.36610454,0.72842096,0.61872911,0.29424001,-0.04083748,0.46791241,-0.88283084,-0.03718704,0.11126107,0.12335759
-0.71052383,0.61999891,0.33280191,0.70294732,0.64686369,0.29568969,-0.03195018,0.44403681,-0.89543864,-0.0510612,0.13164324,0.11691608
-0.7234455,0.61299157,0.31759645,0.68982446,0.66030264,0.29688813,-0.02771981,0.43386827,-0.90054952,-0.04968354,0.12610775,0.09508573
-0.7483197,0.59696352,0.28922724,0.66303471,0.68632526,0.2989024,-0.02007015,0.41544221,-0.90939825,-0.03657992,0.09960598,0.054822
-0.77172763,0.57919878,0.26261208,0.63580506,0.71160201,0.29895565,-0.01372053,0.39768245,-0.91742045,-0.00917231,0.10757536,0.05580937
-0.80553093,0.5485725,0.2240267,0.5925261,0.74934904,0.29561599,-0.00570738,0.37086952,-0.92866735,-0.03538945,0.15462106,0.06483098
-0.82732463,0.52479846,0.20030118,0.56172263,0.77375696,0.2928615,-0.00129117,0.35480523,-0.93493936,-0.06830363,0.12825865,0.09077487
-0.837903861,0.511901267,0.189403939,0.545817388,0.785601687,0.291398914,0.000371437582,0.347544301,-0.937663288,-0.0682395771,0.111185968,0.0827597156
-0.85820617,0.48462403,0.16918008,0.51329758,0.80843105,0.2880362,0.00281883,0.33403414,-0.94255686,-0.05673536,0.13973325,0.06351259
-0.87700268,0.45604647,0.15128822,0.48046173,0.82920871,0.28560366,0.00479902,0.32316334,-0.94633115,-0.07061128,0.17443091,0.05064511
-0.88588668,0.4411709,0.14343227,0.46386812,0.83871098,0.28528975,0.00556332,0.31926808,-0.947648,-0.08485951,0.14474148,0.05170132
-0.90267064,0.4103941,0.12946951,0.43028474,0.85629311,0.28568714,0.00638047,0.31359016,-0.94953697,-0.11471561,0.12362951,0.06204795
-0.91799019,0.37873761,0.11769241,0.3965572,0.87204492,0.28684494,0.00600591,0.30999267,-0.9507198,-0.12730235,0.12598103,0.07408212
-0.92501621,0.36287344,0.11255081,0.37988881,0.87918324,0.28761314,0.00541439,0.30880364,-0.9511103,-0.12408204,0.1454801,0.06014781
-0.9380033,0.33078836,0.10358086,0.34660473,0.89173806,0.29097836,0.00388526,0.30884026,-0.95110605,-0.14338984,0.12216944,0.04506248
-0.95000454,0.29738772,0.09514017,0.31222835,0.90272238,0.29598268,0.00213646,0.31089038,-0.95044324,-0.17053637,0.05733126,0.04404628
-0.95568521,0.28000498,0.0909017,0.29438913,0.90796116,0.29823075,0.00097088,0.31177517,-0.95015548,-0.17222404,0.03012592,0.03413637
-0.96612711,0.24460731,0.08225349,0.25805947,0.9180838,0.30087779,-0.00191869,0.31191249,-0.95010888,-0.15513864,0.03818816,0.02595248
-0.97514163,0.20901947,0.07355232,0.22152125,0.92743849,0.30130747,-0.00523613,0.31011082,-0.95068614,-0.13947247,0.11605591,0.00370833
-0.979059441,0.191405366,0.0693294216,0.203459973,0.931438561,0.30170556,-0.00682803339,0.309493443,-0.950877047,-0.136527896,0.131545722,9.49501991e-05
-0.98586673,0.15597789,0.06113309,0.16724345,0.93765413,0.3046873,-0.00979721,0.31060525,-0.95048828,-0.1464577,0.06425065,-0.01489166
-0.9914775,0.11903396,0.05294262,0.12959407,0.94271392,0.30740174,-0.01331849,0.31164302,-0.95010573,-0.16713732,-0.02067238,-0.03174339
-0.99381533,0.09989546,0.04849578,0.11000345,0.94531729,0.30704147,-0.01517185,0.31047725,-0.95045965,-0.181416,-0.013879,-0.03296124
-0.99730267,0.06177054,0.03964531,0.0709226,0.95010307,0.30376658,-0.0189033,0.30575897,-0.95192126,-0.16398136,0.0188126,0.01103823
-0.99916832,0.02471754,0.03242368,0.03336083,0.95282524,0.30168047,-0.0234373,0.30251131,-0.95285738,-0.19574136,0.06979758,0.00538606
-0.99956296,0.00617393,0.02890546,0.01463644,0.95301154,0.30258019,-0.02567913,0.30287106,-0.9526854,-0.19522718,0.03527302,-0.03250576
-0.99927388,-0.03148923,0.02144598,-0.02341843,0.95168472,0.30618258,-0.03005126,0.30545806,-0.9517311,-0.17558298,-0.01620519,-0.0101447
-0.9975457,-0.06860705,0.01398845,-0.06088813,0.94862123,0.31050023,-0.03457225,0.30888643,-0.95047039,-0.15976398,0.04158717,-0.00918768
-0.99618459,-0.08666633,0.01024387,-0.07911187,0.94637437,0.3132361,-0.03684156,0.31123061,-0.94961989,-0.17086132,0.04648775,-0.0377586
-0.99249964,-0.12222769,0.00215193,-0.11515225,0.94066632,0.31919715,-0.04103898,0.31655529,-0.94768577,-0.18081048,-0.01463133,-0.09281327
-0.98743545,-0.15789498,-0.00637882,-0.15153024,0.93463513,0.32170758,-0.04483414,0.318632,-0.94681773,-0.16290675,-0.06254846,-0.0657436
-0.98432603,-0.17604939,-0.01041547,-0.17005551,0.93185028,0.32052484,-0.04672255,0.31727221,-0.94718264,-0.18129791,-0.04316628,-0.04188191
-0.97681678,-0.21333355,-0.01782525,-0.20794833,0.92577644,0.3157459,-0.050857,0.31213263,-0.94867631,-0.18128097,-0.07812852,-0.05782664
-0.9674653,-0.25190891,-0.02351116,-0.24673374,0.91884681,0.3079659,-0.0559762,0.30374732,-0.95110684,-0.14635682,-0.11658466,-0.0275731
-0.9620987,-0.27152174,-0.02534131,-0.26627067,0.91528261,0.30225433,-0.05887416,0.29754612,-0.95289049,-0.15857401,-0.10192478,-0.02541815
-0.94997434,-0.31115029,-0.02708981,-0.30543048,0.90736929,0.28877877,-0.06527314,0.28260653,-0.95701232,-0.15627916,-0.04664057,-0.0255261
-0.93612696,-0.35061977,-0.02705658,-0.34415232,0.89760454,0.27543652,-0.07228738,0.26715514,-0.96093842,-0.16337453,-0.03352869,-0.03539594
-0.92860158,-0.37012213,-0.02662061,-0.36321632,0.891897,0.26943207,-0.07597993,0.2598641,-0.96265136,-0.15632388,-0.04627675,-0.02863961
-0.9123036,-0.40872459,-0.02542321,-0.40093351,0.87882205,0.25869698,-0.08339334,0.2462032,-0.9656239,-0.16938469,-0.08399451,-0.04823852
-0.89459026,-0.44622618,-0.02430164,-0.43762081,0.86372714,0.2499269,-0.09053393,0.23421706,-0.96795975,-0.11106503,-0.13700557,-0.04117015
-0.8852489,-0.46454775,-0.02301237,-0.4554668,0.85579316,0.24529177,-0.09425592,0.22762566,-0.96917603,-0.11802415,-0.13468128,-0.04793128
-0.86534908,-0.50080761,-0.0190455,-0.49062078,0.83876695,0.23613821,-0.10228508,0.2136861,-0.97153283,-0.10833952,-0.12659544,-0.04830115
-0.84369119,-0.53665976,-0.01347079,-0.52526002,0.82006815,0.22713461,-0.11084704,0.19870714,-0.97377019,-0.11077987,-0.1180746,-0.03632184
-0.83236974,-0.55412546,-0.01029637,-0.54209898,0.81015875,0.22309534,-0.1152811,0.19127942,-0.97474248,-0.09465535,-0.12295389,-0.04499976
-0.80934632,-0.58731641,-0.00423569,-0.57420812,0.7897254,0.21591393,-0.12346476,0.17718132,-0.9764032,-0.05765475,-0.14539045,-0.07289456
-0.78612963,-0.61805871,0.00176236,-0.60413403,0.76901432,0.20889946,-0.13046743,0.1631574,-0.97793523,-0.06050544,-0.1650148,-0.08040515
-0.77412925,-0.63300632,0.00518761,-0.61870209,0.75831874,0.20533002,-0.13390907,0.15574239,-0.97867905,-0.06069813,-0.16631216,-0.05968972
-0.74900413,-0.66244307,0.01273907,-0.64743588,0.73585055,0.19837035,-0.1407831,0.14033245,-0.98004452,-0.03924344,-0.15812463,-0.04600178
-0.72273715,-0.69081549,0.02061838,-0.67505512,0.71201541,0.19322182,-0.14816123,0.12573003,-0.98093852,-0.05483709,-0.1320737,-0.04482039
-0.70932868,-0.70448411,0.02356137,-0.6883186,0.69948035,0.19221026,-0.15188978,0.1201225,-0.98107099,-0.04420312,-0.15793222,-0.0604205
-0.68235009,-0.7305157,0.02729171,-0.71347135,0.67363315,0.19281328,-0.15923774,0.11209433,-0.98085565,0.00287431,-0.19984192,-0.04785959
-0.65462371,-0.75532425,0.03086646,-0.73749935,0.64707692,0.19335485,-0.1660186,0.1038107,-0.98064303,0.04246549,-0.19903934,-0.01111227
-0.640464,-0.76724962,0.0336715,-0.74903868,0.6337399,0.19317032,-0.16954883,0.09849739,-0.98058724,0.03773626,-0.18592566,-0.00560025
-0.58388223,-0.81038567,0.04854525,-0.79092593,0.58130868,0.19109263,-0.1830785,0.0731799,-0.98037085,0.00382756,-0.17218322,-0.0122344
-0.569749034,-0.82016458,0.052114131,-0.800448027,0.568183751,0.19091915,-0.186195536,0.0670613654,-0.980221262,-0.000820521498,-0.160128653,0.00175633491
-0.54150894,-0.83864674,0.05864699,-0.81832337,0.54180112,0.19182894,-0.19265173,0.0558849,-0.97967437,0.017457,-0.13319325,0.00676309
-0.47060646,-0.87951561,0.07058086,-0.85714869,0.47468296,0.19993036,-0.20934541,0.03359024,-0.97726452,0.00924181,-0.129695,-0.00295087
-0.442392,-0.89375674,0.07408019,-0.87056517,0.44781408,0.20390858,-0.21541883,0.02571591,-0.97618286,0.02584697,-0.12962443,0.04532594
-0.42840996,-0.90034334,0.07646469,-0.87672275,0.43466349,0.20597307,-0.21868289,0.02120258,-0.97556566,0.01550434,-0.12587076,0.04358149
-0.400563136,-0.912642478,0.0814413461,-0.888049973,0.408579258,0.21078462,-0.225646252,0.0121085781,-0.974133915,-0.000914781936,-0.090572536,0.00540423719
-0.36022223,-0.92892012,0.0857157,-0.90245963,0.37027496,0.2201431,-0.23623374,0.0019455,-0.97169418,0.0362305,-0.10741109,-0.00376198
-0.33431118,-0.93838242,0.08760491,-0.91050018,0.34557734,0.22708106,-0.24336313,-0.00384856,-0.96992773,0.04888568,-0.11827099,0.03100568
-0.30890281,-0.94681491,0.09011298,-0.91749079,0.32161102,0.23404461,-0.25057827,-0.01038077,-0.96804051,0.05959831,-0.11945021,0.04297419
-0.27170231,-0.95780194,0.09377091,-0.92617325,0.28671131,0.24494808,-0.26149695,-0.02029512,-0.96499066,0.05194826,-0.10976797,0.0064859
-0.24816029,-0.9640969,0.09451815,-0.93084403,0.26433602,0.25230118,-0.26822733,-0.02537053,-0.96302155,0.07927907,-0.10682511,-0.00359907
-0.24816029,-0.9640969,0.09451815,-0.93084403,0.26433602,0.25230118,-0.26822733,-0.02537053,-0.96302155,0.07927907,-0.10682511,-0.00359907
-0.24816029,-0.9640969,0.09451815,-0.93084403,0.26433602,0.25230118,-0.26822733,-0.02537053,-0.96302155,0.07927907,-0.10682511,-0.00359907
-0.24816029,-0.9640969,0.09451815,-0.93084403,0.26433602,0.25230118,-0.26822733,-0.02537053,-0.96302155,0.07927907,-0.10682511,-0.00359907
-0.24816029,-0.9640969,0.09451815,-0.93084403,0.26433602,0.25230118,-0.26822733,-0.02537053,-0.96302155,0.07927907,-0.10682511,-0.00359907
-0.16545031,-0.98203365,0.09075364,-0.9416517,0.18465358,0.28141646,-0.29311841,-0.03889789,-0.95528465,0.13919719,-0.09749115,0.00700148
-0.14828196,-0.98501066,0.08812668,-0.94264802,0.16772423,0.28858828,-0.29904352,-0.04027998,-0.95338882,0.14396185,-0.08722067,-0.0052165
-0.12481015,-0.98871766,0.08282336,-0.94323419,0.14413414,0.2992232,-0.30778495,-0.04077572,-0.9505817,0.14654756,-0.06218153,-0.00788769
-0.11032649,-0.99080666,0.07829446,-0.94323566,0.12920693,0.30596062,-0.31326403,-0.04009454,-0.94881911,0.17312762,-0.08187312,-0.00536504
-0.10333399,-0.99169654,0.07655009,-0.94319134,0.12213107,0.30898865,-0.31577214,-0.04027234,-0.94797987,0.18473537,-0.0882135,-0.00303556
-0.08985842,-0.99318594,0.07420913,-0.94307082,0.1088076,0.31429001,-0.32022296,-0.04174284,-0.94642196,0.19754353,-0.06560695,0.00418844
-0.07717524,-0.9943248,0.07322678,-0.94294624,0.09665125,0.31860776,-0.32387706,-0.04446028,-0.94505391,0.20010597,-0.05570477,0.02738442
-0.07145618,-0.99475673,0.07316382,-0.94286827,0.0912952,0.32041305,-0.32541256,-0.04608833,-0.94444816,0.20269865,-0.05492198,0.02345903
-0.06137496,-0.99540373,0.07351586,-0.94253861,0.08203482,0.32386926,-0.32841152,-0.04941408,-0.94324133,0.18688172,-0.05581695,0.02021525
-0.05354642,-0.99584514,0.07365415,-0.94214995,0.07482516,0.32673291,-0.3308866,-0.05189783,-0.94224206,0.18284397,-0.05962348,0.03524877
-0.04486766,-0.99615384,0.07526301,-0.9414497,0.06736319,0.33035551,-0.33415485,-0.05603408,-0.94085116,0.15972973,-0.01635009,0.02328939
-0.04146105,-0.99617075,0.07697285,-0.94089065,0.06484786,0.33244478,-0.33616329,-0.05863953,-0.9399764,0.11941363,0.00109226,-0.01046353
-0.04055243,-0.99621612,0.07686913,-0.94057693,0.06402017,0.33349123,-0.33715052,-0.05877744,-0.93961407,0.10798724,0.008102,-0.00865269
-0.03920303,-0.99637587,0.07548601,-0.93981323,0.06242843,0.33593702,-0.33943203,-0.05777299,-0.9388546,0.08899807,-0.00436711,-0.00449359
-0.03903064,-0.99643784,0.07475462,-0.93928059,0.06211032,0.33748227,-0.34092313,-0.05704341,-0.93835893,0.06977135,-0.00350052,-0.01976589
-0.0394174,-0.99640366,0.07500705,-0.93915575,0.06257723,0.3377434,-0.34122249,-0.05713034,-0.93824486,0.04838969,-0.00712579,-0.0294773
-0.0406437567,-0.996247506,0.0764114782,-0.939300534,0.0641715235,0.337040463,-0.340679196,-0.0580747145,-0.938383981,0.0381035917,-0.000134885311,-0.0167331621
-0.04232363,-0.99600278,0.07865694,-0.93956734,0.06644895,0.33585343,-0.33973765,-0.05968892,-0.93862404,-0.00105722,0.00428015,-0.01561319
-0.04334318,-0.99586928,0.07978521,-0.93971746,0.06775209,0.33517263,-0.33919375,-0.0604481,-0.93877234,-0.00290584,0.00333887,-0.0227886
-0.0468227709,-0.9954855,0.0825603676,-0.940421478,0.0717957661,0.332344372,-0.336771492,-0.0620802542,-0.939537621,-0.0137911327,-0.00769519806,0.000794446096
-0.04745218,-0.99541799,0.08301397,-0.94054929,0.07250965,0.33182735,-0.33632622,-0.06233281,-0.93968043,-0.00716456,-0.00590283,-0.00290751
-0.0485511414,-0.995292763,0.083874649,-0.940758408,0.0737808973,0.33095297,-0.335583461,-0.0628376181,-0.93991218,-0.0166449118,-0.000412046909,-0.00539026596
-0.04950648,-0.99519571,0.08446768,-0.9409558,0.07483022,0.33015569,-0.33489024,-0.06313553,-0.94013976,-0.00545311,0.00219542,0.00888697
-0.0498364435,-0.995158414,0.0847112836,-0.941132725,0.0751850696,0.329569943,-0.334343332,-0.0632999599,-0.940323106,0.00239348644,-6.12735748e-05,0.0176538825
-0.05056473,-0.994998,0.08615092,-0.94146567,0.07627572,0.328366,-0.33329476,-0.06450437,-0.94061331,-0.00969068,-0.00353092,0.00862607
-0.0517222,-0.99463818,0.08955328,-0.94179404,0.07840868,0.32691916,-0.33218802,-0.06743177,-0.94079978,-0.01376723,0.00212306,0.00980071
-0.052624,-0.99438935,0.09176282,-0.94192181,0.07994731,0.32617729,-0.33168343,-0.06926864,-0.94084416,-0.03689976,0.00459939,-0.00573065
-0.05418729,-0.99423223,0.0925528,-0.94193587,0.08165756,0.32571286,-0.33139186,-0.06952931,-0.9409278,-0.01409086,-0.00461149,-0.00629221
-0.05463051,-0.99421276,0.09250208,-0.94192662,0.08205504,0.32563988,-0.33134557,-0.06934031,-0.94095818,-0.00858261,-0.00173169,0.00100183
-0.05540956,-0.99415199,0.09269017,-0.94208999,0.08280724,0.32497586,-0.33075083,-0.0693157,-0.94116895,-0.00992853,0.00895625,0.01423813
-0.05669917,-0.99395692,0.09399269,-0.94232768,0.08438166,0.32387974,-0.32985379,-0.07020817,-0.94141748,-0.03250705,0.00674456,-0.01008428
-0.05713106,-0.99399132,0.09336586,-0.94205448,0.08463647,0.32460735,-0.33055905,-0.06941055,-0.94122935,-0.01888313,0.01186496,-0.01852668
-0.05714114,-0.99420194,0.09108907,-0.94182252,0.08394935,0.32545766,-0.33121752,-0.0671927,-0.94115874,0.00365587,0.0069024,-0.00266221
-0.05696156,-0.99424908,0.09068735,-0.94162244,0.08369093,0.32610282,-0.33181713,-0.06681792,-0.94097441,-0.00116993,-0.00204176,-0.01919119
-0.05661103,-0.99428016,0.09056481,-0.94145036,0.08335948,0.32668376,-0.33236464,-0.06676835,-0.94078448,0.01025822,0.01106304,-0.00593756
-0.05623757,-0.99429642,0.09061849,-0.94143823,0.08303231,0.32680189,-0.33246224,-0.06693314,-0.94073819,0.01246078,0.0039013,0.00552119
-0.05462896,-0.99420331,0.09260262,-0.94157496,0.08216035,0.32662837,-0.3323433,-0.06934892,-0.94060528,0.03525268,-0.01382565,-0.00388716
-0.05400369,-0.99405175,0.09457629,-0.94174012,0.08219188,0.32614414,-0.33197756,-0.07145329,-0.94057708,0.040857,-0.01720363,-0.0029402
-0.05361525,-0.9938583,0.09680314,-0.94185671,0.08253574,0.3257201,-0.33170937,-0.07371109,-0.94049728,0.0299734,-0.01964968,0.01531903
-0.0535494,-0.99376448,0.09779828,-0.94186333,0.08279909,0.32563425,-0.33170138,-0.07467509,-0.94042416,0.02029857,-0.0107435,0.01487181
-0.05393237,-0.9936668,0.09857781,-0.94173664,0.08343888,0.32583744,-0.33199907,-0.07526115,-0.94027249,0.05265968,-0.01755947,0.02865812
-0.05483341,-0.99354542,0.09930153,-0.94140128,0.08458909,0.32650929,-0.33280164,-0.07557897,-0.93996325,0.15828107,-0.02359939,0.09123565
-0.05805705,-0.99244199,0.1081112,-0.94077843,0.09062232,0.32668536,-0.33401358,-0.08274227,-0.93892928,0.07219587,-0.01855904,0.02709684
-0.06044237,-0.99154988,0.11478494,-0.94069253,0.0950434,0.32567519,-0.33383275,-0.08829276,-0.93848822,-0.05089019,0.01499075,-0.00363259
-0.061219,-0.9904441,0.12358289,-0.94049607,0.09870284,0.32515365,-0.33424449,-0.09632365,-0.93755127,-0.06621259,0.02276891,-0.02035749
-0.06063243,-0.98984879,0.12854237,-0.94001142,0.09993711,0.32617657,-0.33571163,-0.10105443,-0.9365286,-0.27590132,-0.04941052,-0.10417646
-0.06000354,-0.98996653,0.12792895,-0.93987505,0.09919764,0.32679457,-0.33620594,-0.1006284,-0.93639706,-0.27558839,0.02362317,-0.13166304
-0.05656798,-0.99100709,0.12126338,-0.93984685,0.09383875,0.32845397,-0.33687944,-0.095389,-0.93670315,0.03559827,0.03537959,-0.04605486
-0.05594601,-0.99064229,0.12448998,-0.94003035,0.09428134,0.32780152,-0.33647115,-0.09868516,-0.93650848,-0.03949964,0.03550225,-0.03726093
-0.05551783,-0.99012218,0.12874641,-0.94042193,0.0951755,0.32641699,-0.33544623,-0.10295396,-0.93641655,-0.06162725,0.03209513,-0.03798466
-0.05684767,-0.99020639,0.12751307,-0.94075049,0.09589335,0.32525827,-0.33430048,-0.10146781,-0.93698846,-0.04513987,0.0107041,0.02473045
-0.0578151,-0.99032412,0.12615681,-0.94090686,0.09629191,0.32468777,-0.33369401,-0.09992995,-0.93736988,-0.01331459,-0.00153685,0.04169799
-0.05931578,-0.99030124,0.12563867,-0.94122396,0.09740987,0.32343277,-0.33253432,-0.09906946,-0.93787319,0.00980888,-0.01731777,0.03649149
-0.0607899,-0.98972042,0.12945271,-0.94166731,0.09987463,0.32138399,-0.33100934,-0.10236448,-0.93805873,-0.03638847,-0.00755817,0.0057751
-0.06105751,-0.98933066,0.13227538,-0.94199683,0.10093231,0.32008529,-0.33002106,-0.10505937,-0.93810902,-0.04081528,0.00205654,0.01571618
-0.06144098,-0.98917817,0.13323405,-0.94241183,0.10146169,0.31869308,-0.32876241,-0.10598051,-0.93844711,-0.01932169,0.01449174,0.02159403
-0.06176012,-0.98920929,0.13285508,-0.9425087,0.10160196,0.31836179,-0.3284248,-0.10555499,-0.93861331,-0.01244926,0.02742118,0.02438915
-0.06263845,-0.98929414,0.13180873,-0.94243864,0.10209534,0.3184116,-0.32845979,-0.10427683,-0.93874412,0.00351148,0.01078171,0.00290369
-0.06476039,-0.98937895,0.13013535,-0.94218483,0.1035882,0.31868021,-0.32877599,-0.10197368,-0.93888625,0.00672163,0.00807959,0.00169986
-0.06647609,-0.98938445,0.1292263,-0.94198074,0.10493595,0.31884293,-0.32901872,-0.10053327,-0.93895682,0.01385088,0.00539714,0.0159155
-0.06802898,-0.98931412,0.12895533,-0.94168464,0.10636667,0.31924292,-0.3295481,-0.09971747,-0.93885793,-0.01001329,-0.00234014,-0.00151014
-0.06993621,-0.98935842,0.12758867,-0.94124936,0.1078084,0.32004219,-0.33039157,-0.09771022,-0.93877269,0.00952754,-0.00150657,-0.00381949
-0.07083544,-0.98939736,0.12678771,-0.94105219,0.10843372,0.32041041,-0.33076129,-0.09661743,-0.9387555,0.00934182,0.00244206,-0.01152055
-0.07111323,-0.98937609,0.12679848,-0.94095974,0.10871943,0.32058518,-0.33096477,-0.09651441,-0.93869446,0.00596788,0.0013234,-0.01165709
-0.07314815,-0.98920512,0.12697488,-0.9405669,0.11076024,0.32103909,-0.33163727,-0.09594496,-0.9385155,-0.00793469,0.00828773,-0.01513488
-0.07376076,-0.98919531,0.12669676,-0.94049827,0.11125237,0.32107006,-0.3316963,-0.09547572,-0.93854254,-0.00860867,0.00357908,-0.01345168
-0.07483154,-0.98921216,0.12593428,-0.94033719,0.11203443,0.32126965,-0.33191283,-0.09437957,-0.93857669,-0.00431258,0.00276297,-0.01785275
-0.07563405,-0.98931694,0.12462454,-0.9400556,0.1124251,0.32195636,-0.33252783,-0.09280311,-0.9385161,0.01161605,0.00837713,-0.0116231
-0.07595371,-0.989354,0.12413452,-0.94001013,0.11257198,0.32203764,-0.33258333,-0.09222772,-0.93855303,-0.00329448,0.00516647,-0.00154998
-0.07614768,-0.98942203,0.12347227,-0.94002793,0.11252959,0.32200069,-0.33248888,-0.09154776,-0.93865321,-0.00443297,-0.00428283,-0.01677058
-0.07617497,-0.98946798,0.12308614,-0.94007778,0.11241541,0.32189488,-0.33234149,-0.09119018,-0.9387401,-0.00133055,-0.00376719,-0.01126689
-0.0755593,-0.98959114,0.12247516,-0.94026916,0.11159822,0.32162049,-0.3319408,-0.0908582,-0.93891432,0.01061444,0.00456506,0.00770149
-0.07491652,-0.98971928,0.12183248,-0.94054992,0.11072177,0.32110195,-0.33129031,-0.09053368,-0.93917528,0.00960189,-0.00650251,0.00718695
-0.07464985,-0.98981926,0.12118231,-0.94064096,0.11024072,0.32100078,-0.33109199,-0.09002638,-0.939294,0.02063535,-0.00532669,0.00563254
-0.0742315079,-0.989852795,0.121166417,-0.940780747,0.1098124,0.320738158,-0.330789121,-0.0901821742,-0.939385995,0.00521114841,-0.000934064388,0.00903347787
-0.0739526922,-0.989868448,0.121207952,-0.940856164,0.109548905,0.320606681,-0.330636644,-0.090329512,-0.939425266,0.01174655,0.000887572765,0.0107371984
-0.07367394,-0.98987779,0.12130183,-0.9409142,0.10930682,0.32051912,-0.33053387,-0.09052071,-0.93944313,-0.00135018,0.00474089,0.00385267
-0.0738241049,-0.989988821,0.12029942,-0.940812037,0.109148261,0.320872584,-0.330790761,-0.089490991,-0.93945117,0.0127496365,0.000502109528,-0.00762416236
-0.07358439,-0.990101,0.11952111,-0.94068939,0.10870806,0.32138137,-0.33119293,-0.08878358,-0.93937673,0.01690691,0.00247258,-0.01275666
-0.07316512,-0.99015331,0.11934571,-0.9407054,0.10826068,0.32148571,-0.33124058,-0.08874762,-0.93936347,0.01121154,-0.00551277,-0.00596762
-0.07302564,-0.99015791,0.11939261,-0.94073426,0.1081398,0.32144184,-0.33118927,-0.08884323,-0.93937245,,,
-0.07283007,-0.99018084,0.11932185,-0.94078496,0.10792316,0.32136624,-0.33108828,-0.08885107,-0.93940729,-0.00426681,0.00450951,0.00579117
-0.07268924,-0.99032404,0.11821353,-0.94084674,0.10741739,0.32135462,-0.33094341,-0.08786177,-0.93955123,0.008091,-0.0030399,0.00435468
-0.07254893,-0.99044749,0.11726158,-0.94085615,0.10697669,0.32147404,-0.33094743,-0.08700367,-0.93962965,0.02240751,-0.00410795,0.00345829
-0.07228376,-0.99047565,0.11718812,-0.94092988,0.10668897,0.32135407,-0.33079606,-0.08703712,-0.93968001,0.01570728,-0.00108403,0.00149543
-0.0722282478,-0.990437543,0.117543713,-0.940970066,0.106742584,0.321218509,-0.330693793,-0.0874040618,-0.93968191,0.0107638082,-0.000747263432,-0.000515772961
-0.0722991,-0.99038161,0.11797011,-0.94115822,0.10689624,0.32061546,-0.33014224,-0.08784831,-0.93983429,0.01283769,-0.00282425,0.01107226
-0.0721734672,-0.990405137,0.117849735,-0.941203062,0.106729516,0.320539434,-0.330041957,-0.0877860792,-0.939875386,0.00824333541,-0.000551462173,0.0109800454
-0.07176834,-0.99048157,0.1174545,-0.94125195,0.10621512,0.32056687,-0.32999102,-0.08754773,-0.93991559,0.00760914,0.00442344,0.00543493
-0.07183806,-0.99048237,0.11740486,-0.94124632,0.10626485,0.32056685,-0.32999183,-0.08747798,-0.93992175,0.01023094,0.00260836,0.0059513
-0.07206165,-0.99044756,0.11756199,-0.94126404,0.10651701,0.32043126,-0.3298927,-0.08756608,-0.93994846,0.00700666,0.00162321,0.00292836
-0.07231456,-0.99034996,0.11822619,-0.94138526,0.10693271,0.31993606,-0.32949092,-0.08816035,-0.94003364,-0.00654626,-0.00153118,0.01853092
-0.07239902,-0.99031317,0.11848233,-0.94141404,0.10708557,0.31980019,-0.32939011,-0.08838769,-0.94004762,-0.01686709,0.00314254,0.01059247
-0.0727044,-0.99036712,0.11784207,-0.94128332,0.10719517,0.32014789,-0.32969607,-0.08764659,-0.94000961,0.0207308,-0.00539303,-0.00259901
-0.07288466,-0.99041938,0.11729055,-0.94112776,0.10722403,0.32059533,-0.33010022,-0.08701889,-0.93992616,0.00455368,0.00514704,-0.01152165
-0.07308009,-0.99037796,0.11751825,-0.94102482,0.10750506,0.32080329,-0.33035034,-0.08714323,-0.93982672,,,
-0.07328958,-0.99035542,0.1175786,-0.940938,0.1077404,0.3209792,-0.33055146,-0.08710973,-0.93975929,0.01006463,-0.00975937,0.00657958
-0.07341527,-0.99033803,0.11764663,-0.94091047,0.10788552,0.32101114,-0.33060191,-0.08712781,-0.93973986,0.0107148,-0.00776631,-0.00325123
-0.07376421,-0.99029814,0.11776469,-0.94075966,0.10828488,0.32131872,-0.33095346,-0.08708645,-0.93962009,-0.00243749,0.00611681,-0.00270159
-0.07387569,-0.99031803,0.11752689,-0.94069749,0.10832681,0.32148644,-0.33110513,-0.08680722,-0.9395924,0.0027211,0.0095306,-0.00679615
-0.0742805695,-0.990346795,0.117027619,-0.940593521,0.108564925,0.321710047,-0.331309624,-0.0861785968,-0.939578041,-0.0013960714,0.00949317217,0.000910054194
-0.07492348,-0.9903151,0.11688656,-0.94057628,0.10911573,0.32157427,-0.33121402,-0.08584726,-0.93964223,,,
-0.07523096,-0.9902803,0.1169834,-0.94055122,0.10943701,0.32153825,-0.33121532,-0.08583923,-0.93964239,0.0046444,0.00191373,-0.00353628
-0.07636359,-0.99012087,0.1175977,-0.94047631,0.11069892,0.32132542,-0.33116895,-0.08606028,-0.93963859,-0.00950764,0.01162189,-0.01269644
-0.07662926,-0.99011017,0.11751388,-0.94045404,0.11092233,0.32131323,-0.33117044,-0.08589437,-0.939653,-0.0098466,0.00537282,-0.00313675
-0.077049,-0.99006926,0.11758384,-0.94047187,0.11132694,0.32112097,-0.33102229,-0.08584221,-0.93970991,-0.00229225,-0.00680131,0.00101693
-0.07703567,-0.99001289,0.11806719,-0.94052638,0.11145703,0.32091644,-0.33087084,-0.08632328,-0.9397194,-0.00550324,0.0144766,0.00246805
-0.07699406,-0.9899813,0.11835985,-0.94054788,0.11150778,0.32083607,-0.33081974,-0.08662064,-0.93971025,-0.01273958,0.01226276,-0.00212629
-0.0767977479,-0.990036295,0.11802578,-0.940511026,0.111228587,0.321040625,-0.330969728,-0.0863493336,-0.939682155,-0.0065455758,0.00513547659,0.000139479525
-0.07682554,-0.9900616,0.11779575,-0.9405085,0.11118013,0.32106499,-0.33097067,-0.08612191,-0.93970282,0.00208944,0.00485998,-0.00265899
-0.07665798,-0.99003538,0.11812522,-0.9405229,0.11112887,0.32104067,-0.33096874,-0.08648915,-0.93966987,,,
-0.07616937,-0.98997465,0.11894599,-0.94058202,0.11092991,0.32093581,-0.33091301,-0.08743295,-0.93960182,,,
-0.07580641,-0.98995888,0.11930937,-0.9406127,0.11070536,0.32092369,-0.33090945,-0.08789583,-0.93956006,-0.00117242,-0.00147331,0.00769103
-0.07450614,-0.99005413,0.11933867,-0.94059661,0.10952213,0.32137669,-0.33125054,-0.08830502,-0.93940163,-0.00984808,0.00596625,0.00490431
-0.07439354,-0.99011634,0.11889195,-0.94053466,0.10928988,0.32163693,-0.33145166,-0.0878943,-0.9393692,,,
-0.07425284,-0.990241,0.11793803,-0.94036846,0.10889395,0.32225665,-0.33195447,-0.08697674,-0.93927709,0.00532027,0.0048824,-0.00318346
-0.07408498,-0.99028336,0.11768693,-0.94022292,0.1086958,0.32274762,-0.33240368,-0.08674118,-0.93913983,0.00618876,0.00513738,-0.0025712
-0.07348437,-0.99023998,0.11842594,-0.94009618,0.10841711,0.32321016,-0.33289503,-0.08758087,-0.93888779,-0.00704365,0.0100649,-0.00538633
-0.07314905,-0.99022388,0.11876771,-0.94005316,0.10823136,0.32339749,-0.33309032,-0.08799173,-0.93878011,-0.00845449,0.00417441,-0.00503034
-0.0726464384,-0.99023085,0.119017312,-0.939987836,0.107867681,0.323708561,-0.333384349,-0.0883585255,-0.938641154,-0.00539994426,1.38878822e-05,-0.00571056828
-0.07203233,-0.99022968,0.11940003,-0.94002001,0.10741898,0.32376443,-0.33342699,-0.08891689,-0.93857335,,,
-0.07161379,-0.99021788,0.11974897,-0.94003635,0.10714353,0.32380822,-0.33347104,-0.08937922,-0.93851376,,,
-0.07077694,-0.99019983,0.12039439,-0.94008637,0.10657092,0.32385207,-0.33350882,-0.09025985,-0.93841613,0.00249584,0.00627893,0.01142803
-0.06949402,-0.99026332,0.12061959,-0.94013429,0.10545086,0.32407959,-0.33364358,-0.09087701,-0.9383087,0.00698762,0.0029735,0.00615559
-0.0688248618,-0.990316389,0.120566783,-0.940115062,0.104823045,0.324338711,-0.333836142,-0.091024056,-0.938225783,0.013240342,0.00153881311,-0.000894894823
-0.0681005115,-0.99033609,0.120817012,-0.940153884,0.104227468,0.32441842,-0.333875721,-0.0914935226,-0.938166265,0.00937229674,0.00018030405,0.000581903383
-0.0677525041,-0.990329866,0.121063574,-0.940181255,0.103980362,0.324418436,-0.333869497,-0.0918415456,-0.938134507,0.0122934235,-0.000966489315,0.00214219652
-0.0671123608,-0.990292201,0.121726089,-0.940196632,0.10360403,0.324494159,-0.333955353,-0.0926688847,-0.938022502,0.0115002776,0.003066957,8.87089409e-05
-0.06658355,-0.99028211,0.1220986,-0.94016712,0.10324754,0.32469342,-0.33414445,-0.09317386,-0.93790527,0.01041718,-0.00166744,-0.00278585
-0.0664443124,-0.990272698,0.122249041,-0.940160253,0.103170956,0.324737116,-0.334190881,-0.0933567213,-0.93787015,0.00729296077,-0.00080293417,0.00146173709
-0.06605471,-0.99026491,0.12252278,-0.94011961,0.10291362,0.32493631,-0.33438233,-0.09372246,-0.93776539,0.00719072,-0.00415796,0.00809553
-0.0655545,-0.99018975,0.1233975,-0.94001861,0.10276867,0.32527477,-0.33476513,-0.09467273,-0.93753374,-0.00245476,-0.00357145,-0.00773422
