0,1,2,3,4,5,6,7,8,9,10,11
0.96598012,-0.10703407,-0.23542752,-0.11092933,-0.99382257,-0.00332434,-0.2336174,0.02932706,-0.97188606,-0.02969316,-0.00502884,-0.04224623
0.9652648,-0.10676987,-0.23846186,-0.11089649,-0.99382415,-0.00391675,-0.23657099,0.03022528,-0.97114387,0.00810473,-0.00743651,-0.0315625
0.96488563,-0.10665328,-0.24004334,-0.11090615,-0.99382191,-0.00423835,-0.23810828,0.03071181,-0.97075299,0.02544475,-0.00517458,-0.02943888
0.96405631,-0.10643918,-0.24344637,-0.11090264,-0.99382048,-0.00466206,-0.24144573,0.03149333,-0.9699033,0.04418716,0.02241009,-0.02182425
0.96275026,-0.10771359,-0.24801153,-0.11195133,-0.9937092,-0.00300466,-0.24612768,0.03065796,-0.96875247,0.05384919,0.04102331,0.02584823
0.962015853,-0.110386732,-0.249680328,-0.114197194,-0.993457767,-0.00078080439,-0.247960678,0.0292639395,-0.968327976,0.0474313721,0.0618061423,0.065508768
0.9616806,-0.11442174,-0.24915473,-0.11758215,-0.99306062,0.00221254,-0.24767893,0.0271684,-0.96846108,0.0262495,0.0642733,0.06926775
0.96157587,-0.11658845,-0.24855378,-0.11934253,-0.9928449,0.00401268,-0.24724321,0.02580454,-0.96860965,0.01666883,0.06650335,0.05738484
0.96114296,-0.12069894,-0.24826593,-0.1224734,-0.99243674,0.00834433,-0.24739537,0.02238588,-0.96865599,0.02840762,0.01838356,0.03788733
0.96030663,-0.12401848,-0.24986116,-0.12465798,-0.99211026,0.01332788,-0.24954272,0.01834834,-0.96818995,0.07367101,-0.01707792,0.01274972
0.95979937,-0.12542729,-0.25110388,-0.1255242,-0.99196634,0.01569712,-0.25105545,0.01645353,-0.96783283,0.10509391,-0.01218766,-0.02446771
0.95873429,-0.13292854,-0.25131368,-0.13033741,-0.99110196,0.02700521,-0.25266722,0.00686476,-0.96752901,0.19157441,0.03739411,-0.11303015
0.958638,-0.13602816,-0.25001905,-0.13252426,-0.99069861,0.03087815,-0.25189384,0.00353262,-0.96774836,0.18657996,0.01440328,-0.0990858
0.95831646,-0.1436148,-0.24699059,-0.13831589,-0.98962905,0.03876667,-0.24999655,-0.00298802,-0.96824201,0.15805532,-0.03017318,-0.05163967
0.9578522,-0.15204734,-0.24372275,-0.14529572,-0.98833896,0.04555378,-0.24780703,-0.00822192,-0.96877446,0.11484221,-0.07874864,-0.02906086
0.95643306,-0.16356269,-0.24183272,-0.15508099,-0.98643396,0.05383547,-0.24735744,-0.01398637,-0.96882351,0.03118418,-0.09307927,-0.02472988
0.95490909,-0.16919173,-0.24397292,-0.15981299,-0.98544843,0.05788706,-0.25021678,-0.01628683,-0.96805269,0.00616431,-0.04082555,-0.02332621
0.95412197,-0.17128503,-0.24558644,-0.16157411,-0.98507629,0.05931683,-0.25208147,-0.01691508,-0.96755816,0.01309061,-0.02122682,-0.02187313
0.95302319,-0.17423306,-0.24776934,-0.16407095,-0.98454481,0.06125392,-0.2546125,-0.01772465,-0.96688061,0.04185585,-0.00369298,-0.03076036
0.95259348,-0.17625134,-0.2479942,-0.16593589,-0.98418088,0.0620731,-0.25501164,-0.01797928,-0.96677071,0.0540988,-0.00717419,-0.048662
0.95249102,-0.17714203,-0.24775304,-0.16682672,-0.98402234,0.06220206,-0.2548131,-0.01791508,-0.96682446,0.06109131,-0.01896775,-0.05264071
0.95226659,-0.17874416,-0.24746489,-0.16835841,-0.98373031,0.06269152,-0.25464445,-0.01803625,-0.96686659,0.06902672,-0.04642397,-0.05955204
0.95180996,-0.18024554,-0.24813172,-0.16971332,-0.98345283,0.06338636,-0.25545096,-0.01822051,-0.96665026,0.06132289,-0.06580764,-0.02940141
0.95160263,-0.18099669,-0.248380011,-0.170391911,-0.983312797,0.0637369483,-0.255771438,-0.0183303012,-0.966563413,0.0645129532,-0.0789621472,0.000827779993
0.95142858,-0.18243058,-0.24799745,-0.1718406,-0.98305072,0.06388965,-0.25544952,-0.01817041,-0.96665153,0.06214581,-0.05186152,0.04013566
0.95147164,-0.18399474,-0.24667316,-0.17378004,-0.98278266,0.06275554,-0.25397285,-0.01684324,-0.96706443,0.0275027,0.01329964,0.06676804
0.95149885,-0.18482453,-0.24594677,-0.17491739,-0.98264555,0.06173432,-0.25308858,-0.01571976,-0.96731513,0.00708982,0.03644198,0.06583412
0.95164792,-0.18631092,-0.24424264,-0.17711955,-0.98240283,0.05927274,-0.25098783,-0.01314663,-0.96790092,-0.05813288,0.05012792,0.0558856
0.95199877,-0.18758997,-0.24188498,-0.1793805,-0.98219985,0.05573237,-0.24803423,-0.0096677,-0.96870303,-0.10426965,0.08617753,0.01805875
0.95223825,-0.18811969,-0.2405271,-0.18041368,-0.98211416,0.05387428,-0.24635991,-0.00790677,-0.96914603,-0.1163071,0.07654375,0.00183124
0.95275205,-0.18889178,-0.23787268,-0.18208728,-0.98198616,0.05046865,-0.24312083,-0.00477051,-0.96998411,-0.14064576,0.00944287,-0.03128982
0.953589558,-0.189231422,-0.234218733,-0.183543509,-0.981931894,0.0460562168,-0.238702171,-0.000929395154,-0.971092195,-0.117621683,-0.021400094,-0.0572820604
0.954496779,-0.189602921,-0.230188252,-0.184371135,-0.981860815,0.0442334728,-0.234399624,0.000219362363,-0.97214029,-0.061212793,-0.0507922173,-0.0439466015
0.95528353,-0.19040555,-0.22622799,-0.1856097,-0.98170462,0.04248853,-0.23017909,0.00140151,-0.97314738,-0.00839279,-0.04566312,-0.01888425
0.95538885,-0.19090033,-0.22536462,-0.18640756,-0.98160588,0.04125408,-0.22909468,0.00259598,-0.97340057,0.00383333,-0.02885586,-0.01006108
0.95484593,-0.19179826,-0.22689794,-0.18819465,-0.98141078,0.03762052,-0.22989568,0.00677918,-0.97319148,0.00467492,0.03323406,-0.01058436
0.95337881,-0.192794409,-0.232161912,-0.190218132,-0.981164709,0.0336539313,-0.234277398,0.0120764635,-0.972094631,-0.000321288127,0.0394582152,-0.0159675851
0.952493662,-0.193383314,-0.235284324,-0.191250064,-0.981016884,0.0320796547,-0.237021586,0.0144424764,-0.971396933,0.000150925014,0.0269543529,-0.0108229183
0.95084163,-0.19465719,-0.24085006,-0.19322562,-0.98070185,0.02978519,-0.24200008,0.01821741,-0.97010489,0.01967245,0.00757307,-0.01091347
0.94944337,-0.19613078,-0.24513262,-0.19527852,-0.9803473,0.02802719,-0.24581209,0.02125891,-0.96908437,0.02203866,0.02113312,-0.02722723
0.94877853,-0.19682385,-0.24714301,-0.1963084,-0.98017092,0.02697965,-0.24755264,0.02291853,-0.9686033,0.02213858,0.03515738,-0.0344997
0.94730316,-0.19810232,-0.25173834,-0.1984584,-0.97980953,0.02424054,-0.25145772,0.02699645,-0.96749174,0.00668819,0.02607352,-0.04324518
0.94568815,-0.19915296,-0.25692803,-0.20064715,-0.97944546,0.02066668,-0.25576285,0.03200765,-0.96620944,0.01697065,0.01617354,-0.03228004
0.94482145,-0.19976408,-0.25962806,-0.20190293,-0.9792271,0.01868904,-0.25796826,0.03476186,-0.96552772,0.02920518,0.00613922,-0.03039391
0.94288603,-0.20114373,-0.26553178,-0.2044027,-0.97876244,0.01560448,-0.26303129,0.03956216,-0.96397576,0.06712203,-0.01645875,-0.02906683
0.94043335,-0.20291621,-0.27278221,-0.2069617,-0.9782464,0.01418104,-0.26972574,0.04311914,-0.96197143,0.08814749,-0.01866841,-0.02564754
0.935675232,-0.205479011,-0.286862721,-0.210430329,-0.977510971,0.0138170256,-0.283250633,0.0474363755,-0.957871811,0.116309099,-3.01599503e-05,-0.0220465474
0.9321689,-0.20673056,-0.2971929,-0.21261456,-0.97705269,0.01276606,-0.29301228,0.05128741,-0.95473205,0.09139383,0.02664024,-0.0066997
0.9304541,-0.20730282,-0.30212696,-0.21380275,-0.97680566,0.01178626,-0.29756267,0.053629,-0.95319474,0.06469855,0.02493018,0.00398738
0.92710478,-0.20855636,-0.31141766,-0.21649449,-0.97623974,0.00927351,-0.30595236,0.0588227,-0.95022783,0.00342462,0.06320888,0.01664129
0.92369163,-0.21022391,-0.32031185,-0.21926718,-0.97563197,0.00801066,-0.31419051,0.06283449,-0.94727829,-0.05498507,0.0451346,0.00751549
0.92202072,-0.21118259,-0.32446835,-0.22048953,-0.97535429,0.00826563,-0.31821716,0.0639208,-0.94586041,-0.06490798,0.01847345,0.00157917
0.919115593,-0.212789335,-0.331582896,-0.222360347,-0.974920249,0.00928212662,-0.325242055,0.0651995448,-0.943380306,-0.05286837,-0.0150684118,0.000967276283
0.91661627,-0.2137865,-0.33780165,-0.22378105,-0.97459248,0.00957175,-0.33126525,0.06681999,-0.94116869,0.01219003,-0.02100152,0.01803322
0.91533006,-0.21418848,-0.34101932,-0.22449698,-0.974429,0.00944999,-0.33432318,0.06790794,-0.94000882,0.05077273,-0.02336031,0.02294768
0.91261268,-0.21493398,-0.34776641,-0.22613398,-0.97405836,0.0085848,-0.34058995,0.0708072,-0.93754189,0.08118687,-0.00899422,0.03839819
0.90973317,-0.21581124,-0.35469856,-0.22778606,-0.97367664,0.00819246,-0.34712976,0.07334244,-0.93494471,0.05028852,0.00815457,0.02554698
0.90822237,-0.21636917,-0.35821292,-0.22865229,-0.97347291,0.00827003,-0.3505,0.07439518,-0.93360317,0.02560142,0.01127487,0.02076245
0.9050609,-0.21770669,-0.36533348,-0.23056428,-0.97301859,0.00864405,-0.35735817,0.07640946,-0.93083646,-0.03543654,0.02016157,0.01420118
0.9020146,-0.21936902,-0.37181565,-0.23274827,-0.97249409,0.00912485,-0.36359028,0.07830871,-0.92826162,-0.08047073,0.02669853,0.00352725
0.900603578,-0.220239771,-0.374710054,-0.233812055,-0.972235432,0.00948191299,-0.366394738,0.0790722891,-0.927093412,-0.0842495561,0.0128859878,-6.10854477e-05
0.89592284,-0.22343358,-0.38392667,-0.23703641,-0.97142413,0.01219621,-0.37568071,0.08007774,-0.92328295,0.026667,-0.02983224,-0.00737213
0.89284939,-0.22381143,-0.39080478,-0.23779491,-0.97122887,0.01294038,-0.38245721,0.08137759,-0.9203823,0.0871819,-0.02537543,0.02512481
0.89006339,-0.22371387,-0.39716404,-0.2389673,-0.97096088,0.01138415,-0.38817754,0.0847766,-0.91767702,0.00103169,-0.0054096,0.00896717
0.885082178,-0.226436129,-0.406640158,-0.242086035,-0.970163435,0.0133140255,-0.397522188,0.0866578968,-0.913491391,-0.138605222,-0.000568687916,0.0545537472
0.88025946,-0.22688851,-0.41673118,-0.24295819,-0.96992261,0.01487309,-0.40757158,0.08815608,-0.90890797,0.03020297,-0.00097072,0.03790837
0.87951541,-0.22451818,-0.41957627,-0.24129683,-0.9703584,0.01343929,-0.41015668,0.08942236,-0.9076207,0.04839631,0.02086729,-0.0323909
0.87918328,-0.22388117,-0.42061145,-0.24113479,-0.97041131,0.01249401,-0.41096324,0.09043953,-0.90715495,0.03990986,0.0045473,-0.02255246
0.87780135,-0.22567929,-0.42253241,-0.24326003,-0.9698784,0.01265587,-0.41266128,0.09167591,-0.9062593,-0.02716997,-0.05075783,0.00956294
0.87608694,-0.22731132,-0.42520729,-0.24525567,-0.96937268,0.01289744,-0.41511605,0.09298522,-0.90500414,-0.0612841,-0.05235571,0.03230441
0.8739438,-0.22730691,-0.42959723,-0.24615075,-0.96915651,0.01204408,-0.41908474,0.09521984,-0.90294006,0.00147475,-0.04620153,0.04580357
0.87322598,-0.22311762,-0.43323771,-0.24429157,-0.96967659,0.00699428,-0.42166101,0.09972874,-0.90125254,0.04999007,0.01808256,0.0472913
0.87302773,-0.21928054,-0.43558996,-0.24182367,-0.97031265,0.00379243,-0.42349012,0.10202508,-0.90013706,-0.06198172,0.02972192,0.0234603
0.87380433,-0.21998638,-0.43367265,-0.23991101,-0.97075274,0.00903245,-0.42297598,0.09615026,-0.90102509,-0.12097076,0.03167099,0.06900837
0.8757266,-0.22027958,-0.42962753,-0.23646809,-0.97150551,0.01611038,-0.42093438,0.08748492,-0.90286229,0.01010255,0.03794926,0.08111513
0.87692581,-0.21909846,-0.42778147,-0.23338194,-0.9721893,0.01951126,-0.42015948,0.08272655,-0.9036715,0.1281265,0.06846482,0.01291008
0.87789808,-0.21795733,-0.42636785,-0.23063931,-0.97278152,0.02239167,-0.41964325,0.07867959,-0.90427255,0.13167338,0.05088466,-0.08287111
0.87829913,-0.21805156,-0.42549282,-0.22976387,-0.97294231,0.02432518,-0.41928414,0.0763981,-0.90463476,0.10779102,0.01043791,-0.10498698
0.87859741,-0.22393847,-0.42180342,-0.23113327,-0.97230074,0.03476142,-0.41790427,0.06695152,-0.90602053,-0.05859827,-0.036731,0.00106501
0.87824496,-0.22638481,-0.42123115,-0.23216328,-0.97192237,0.03829791,-0.41807413,0.06415947,-0.90614414,-0.07356086,-0.03773618,0.03525885
0.87579352,-0.23477025,-0.42174477,-0.23527601,-0.97055272,0.05169877,-0.42146284,0.05394897,-0.9052396,0.06395601,0.02554482,0.02265377
0.87518651,-0.23603309,-0.42229958,-0.23577588,-0.97032212,0.05370666,-0.42244324,0.05256472,-0.90486372,0.08089102,0.03115314,-0.0132363
0.87414899,-0.2378377,-0.42343451,-0.23668132,-0.96996049,0.05620329,-0.42408196,0.05108898,-0.90418173,0.04301178,-0.00489366,-0.05496944
0.87253433,-0.24068965,-0.42514975,-0.23871875,-0.96930499,0.05882964,-0.42625952,0.05016034,-0.903209,-0.02486785,-0.0286566,-0.00597788
0.87157722,-0.24328784,-0.42563388,-0.24092398,-0.96866687,0.06033586,-0.42697636,0.04995804,-0.90288186,-0.02690349,-0.04306459,0.04169042
0.870325282,-0.246894332,-0.426118642,-0.245002451,-0.967648397,0.0602533301,-0.427209209,0.0519601128,-0.902658585,0.000513560139,-0.0465750694,0.0439649597
0.86977651,-0.24776643,-0.42673246,-0.24706375,-0.96725972,0.05803236,-0.42713967,0.05495495,-0.90251387,0.04486448,-0.04165268,0.00779242
0.86865634,-0.24735431,-0.42924585,-0.24799514,-0.96717175,0.05547298,-0.42887594,0.05826393,-0.90148255,0.05812505,0.01444644,-0.02792949
0.8675888,-0.24706167,-0.43156714,-0.24822934,-0.96715815,0.05465372,-0.43089657,0.05971068,-0.90042352,0.04592732,0.04822618,-0.03925421
0.86515951,-0.24766089,-0.43607693,-0.2489749,-0.96693579,0.05519485,-0.43532805,0.06081987,-0.89821503,-0.04040867,0.05926913,-0.02906916
0.863693487,-0.249858624,-0.43772618,-0.250248698,-0.966449514,0.0578846191,-0.437503291,0.0595458468,-0.89724293,-0.0832771063,0.0166968703,-0.000222211704
0.86333224,-0.25126778,-0.43763217,-0.25104066,-0.96614714,0.05947966,-0.43776249,0.05851277,-0.89718438,-0.07955097,0.00160545,0.01884542
0.86292284,-0.25349641,-0.43715413,-0.25250534,-0.96563786,0.06151861,-0.43772733,0.05729794,-0.89728016,-0.03146109,0.00337809,0.04619814
0.86276353,-0.25515283,-0.4365044,-0.25357574,-0.96525966,0.06303002,-0.43742246,0.05630694,-0.89749139,0.04787407,-0.01327556,0.02248416
0.86280078,-0.25785532,-0.43483956,-0.25487473,-0.96469589,0.0663368,-0.43659326,0.05359418,-0.89806117,0.10718458,0.01510638,-0.05373729
0.85780488,-0.2643615,-0.44077634,-0.25857044,-0.96312037,0.07443447,-0.44419827,0.05012148,-0.89452543,-0.01184677,-0.02401066,0.00779194
0.85471877,-0.26787596,-0.44463276,-0.26093401,-0.96219258,0.07809388,-0.44874186,0.04927151,-0.89230199,-0.04384899,-0.04461181,0.02941727
0.853282475,-0.270443617,-0.44583545,-0.263145272,-0.961467231,0.0795931816,-0.450181702,0.0494040321,-0.891569084,0.0178532433,-0.00324785709,0.000615308061
0.85301014,-0.27081109,-0.44613342,-0.26365313,-0.9613403,0.07944457,-0.4504006,0.04985747,-0.89143319,0.01525749,0.0311057,-0.00418658
0.85092518,-0.27464113,-0.44777069,-0.26582431,-0.96036532,0.08388046,-0.45306046,0.04765234,-0.89020532,0.00266902,0.00321549,0.01613755
0.84965344,-0.27585569,-0.44943595,-0.26674669,-0.96001478,0.08495823,-0.45490135,0.0477005,-0.88926346,0.02854817,-0.03042585,0.03095622
0.846650035,-0.275778621,-0.455115184,-0.269049885,-0.959711508,0.0810276042,-0.459125079,0.0538466815,-0.886737958,-0.0448106825,-0.000602841377,0.000473725609
0.84608476,-0.27683067,-0.45552755,-0.27007045,-0.95939222,0.08141487,-0.45956776,0.05414065,-0.88649091,-0.02672843,-0.00959027,-0.00131388
0.84522153,-0.27797279,-0.45643362,-0.27128805,-0.95902539,0.08168661,-0.46043818,0.05478172,-0.88599959,-0.01083341,0.01336735,0.00158917
0.84458657,-0.2775942,-0.45783731,-0.27224059,-0.95896233,0.07922383,-0.46104078,0.05773051,-0.88549912,-0.02714134,-0.01775342,0.00506911
0.84480951,-0.27802918,-0.45716151,-0.27283412,-0.95881721,0.07893564,-0.46028079,0.05804368,-0.88587373,-0.00182091,-0.031703,-0.00156257
0.844824391,-0.278945736,-0.456575347,-0.274575173,-0.958437596,0.0774992296,-0.459216992,0.0598910056,-0.886303048,0.066771023,0.0103257298,0.000282118097
0.8444773,-0.27882406,-0.45729115,-0.2757254,-0.95829634,0.07512128,-0.45916615,0.06264858,-0.88613836,0.04628653,0.02190536,-0.01937687
0.84449526,-0.27730295,-0.45818207,-0.27575958,-0.95853626,0.07186514,-0.45911261,0.06565833,-0.88594826,-0.03853455,-0.02058482,-0.00284172
0.84398325,-0.27562994,-0.46013082,-0.2747041,-0.95893628,0.07055809,-0.46068416,0.06684999,-0.88504281,-0.05406916,-0.0116114,0.02617392
0.84495637,-0.27357701,-0.45956972,-0.2738351,-0.95939441,0.06764931,-0.45941598,0.06868561,-0.88556139,-0.02230328,0.00179976,-0.0122873
0.8466828,-0.27173277,-0.45748172,-0.27303187,-0.95982019,0.06479656,-0.45670759,0.07004496,-0.88685493,0.02113336,-0.01921231,-0.0018665
0.84689145,-0.26940589,-0.45847061,-0.27215269,-0.96028289,0.06155713,-0.45684544,0.07264181,-0.88657489,0.01178268,0.01856011,-0.01510749
0.84755393,-0.26717415,-0.45855244,-0.27008436,-0.96092315,0.0606751,-0.45684439,0.07242241,-0.88659377,-0.04716739,0.02476925,0.00459081
0.84857718,-0.26616296,-0.45724613,-0.26800948,-0.96140299,0.06224911,-0.45616627,0.06972313,-0.88715882,-0.02475271,-0.02352577,0.03572599
0.84947698,-0.26501807,-0.45623925,-0.26687721,-0.96174966,0.061755,-0.45515424,0.06930042,-0.88771145,0.00931231,-0.01032835,0.01944486
0.849972589,-0.264661591,-0.455522599,-0.266557693,-0.961856901,0.0614675334,-0.45441566,0.069177336,-0.888099581,0.0228047408,0.00794833899,-0.000527009834
0.8508999,-0.2645521,-0.45385191,-0.26630232,-0.96192962,0.06143823,-0.45282717,0.06858403,-0.88895667,0.01873285,0.01046795,-0.02871897
0.85174411,-0.2646537,-0.45220614,-0.26623888,-0.96194261,0.06150796,-0.45127468,0.06800581,-0.88979004,0.04851539,-0.00174034,-0.0204421
0.85201928,-0.26457909,-0.45173114,-0.26626967,-0.9619535,0.06120001,-0.4507367,0.06813873,-0.89005229,0.04926794,0.00543803,-0.0233022
0.8518644,-0.26397477,-0.45237634,-0.26651845,-0.96199309,0.05947336,-0.45088241,0.06990341,-0.8898418,-0.00205956,-0.00679326,-0.01672265
0.85155684,-0.26399063,-0.4529458,-0.26662448,-0.9619683,0.05939946,-0.45140042,0.07018443,-0.88955704,-0.0058691,-0.01300728,-0.00986111
0.85073862,-0.26415769,-0.45438365,-0.26708697,-0.96185749,0.05911495,-0.45266802,0.07106858,-0.88884238,0.00896462,-0.01762331,0.00714228
0.84998792,-0.26351665,-0.45615733,-0.267452,-0.96186608,0.0572977,-0.45386117,0.07329784,-0.8880526,0.01391649,-0.03012097,0.00522188
0.84972663,-0.26161261,-0.45773735,-0.26756901,-0.96207149,0.05315176,-0.45428126,0.07731187,-0.88749718,-0.04691517,0.00337797,-0.01852538
0.84998524,-0.26104512,-0.45758115,-0.2675073,-0.96215224,0.05198626,-0.45383356,0.07821875,-0.88764667,-0.09006415,0.02536291,-0.03379525
0.84996151,-0.26123135,-0.45751898,-0.26748467,-0.96213459,0.0524307,-0.45389138,0.07781524,-0.88765275,-0.08499672,0.01994485,-0.03042537
0.84978475,-0.26193856,-0.45744296,-0.2674191,-0.96205979,0.05410928,-0.45426083,0.07634775,-0.8875911,-0.0065051,-0.01159483,-0.00184348
0.84995879,-0.2622632,-0.45693329,-0.26761784,-0.96199123,0.05434236,-0.45381793,0.07609475,-0.88783918,0.07882448,-0.00222266,0.02971958
0.85005084,-0.26238731,-0.45669079,-0.26800412,-0.96191357,0.05381495,-0.45341743,0.07664957,-0.88799631,0.08114268,0.04104096,0.03615625
0.84964368,-0.26344792,-0.45683783,-0.26929149,-0.96156188,0.0536726,-0.4534178,0.07741995,-0.88792925,0.04744672,0.08001322,0.02971257
0.84812251,-0.26633684,-0.45798784,-0.2717443,-0.96076798,0.05549385,-0.4548002,0.07739001,-0.88722445,0.05396327,0.01338786,0.00600575
0.84715305,-0.26740149,-0.45916026,-0.27352212,-0.9603142,0.0546092,-0.45554073,0.07932814,-0.88667331,0.06353347,-0.02079791,-0.02196881
0.84617919,-0.2677837,-0.46073057,-0.27556078,-0.95988658,0.05180516,-0.45612172,0.08312284,-0.88602672,0.00495741,-0.04642004,-0.05107369
0.84590131,-0.26802854,-0.46109831,-0.27659758,-0.95966273,0.05040745,-0.45600957,0.08489896,-0.88591598,-0.03639103,-0.04125142,-0.05366836
0.84541875,-0.26926024,-0.4612657,-0.27868896,-0.95912568,0.04909438,-0.45563097,0.08704435,-0.88590268,-0.12731029,-0.03325129,-0.03545991
0.84463629,-0.2705607,-0.46193768,-0.28058424,-0.95860685,0.04842592,-0.45591885,0.08871016,-0.88558919,-0.08638959,-0.03759152,0.01218762
0.84370246,-0.27001884,-0.46395685,-0.28237849,-0.95828369,0.04420941,-0.45653973,0.09371186,-0.88475381,0.07636696,-0.02402896,0.06225998
0.843992,-0.26871443,-0.46418755,-0.2832924,-0.95821506,0.0396169,-0.45543709,0.09806445,-0.88485061,0.06403437,0.04099649,0.00827307
0.84341929,-0.27058667,-0.46414085,-0.28514609,-0.95764331,0.04013403,-0.45534117,0.09849814,-0.88485156,-0.04043131,0.03727561,0.00254828
0.84218094,-0.27256975,-0.46522791,-0.28637977,-0.95717867,0.0423757,-0.45685655,0.09754385,-0.8841761,0.09424515,-0.02828473,0.06603543
0.84166582,-0.27239503,-0.46626129,-0.28672026,-0.95711136,0.04158555,-0.45759168,0.09868542,-0.88366909,0.1547019,-0.00987554,0.06969091
0.84131766,-0.27055277,-0.46795919,-0.28708008,-0.95718122,0.03727346,-0.45800615,0.10298293,-0.88296379,0.11251564,0.02621955,0.05054198
0.84125967,-0.26936846,-0.468746,-0.28724699,-0.95723293,0.03455827,-0.45800802,0.10557339,-0.88265673,-0.0652831,0.04479629,-0.00793083
0.84095919,-0.27003865,-0.46889951,-0.28728394,-0.95716882,0.03599602,-0.45853633,0.10443612,-0.88251769,-0.12306745,-0.00118941,-0.02336355
0.84096691,-0.27192988,-0.46779135,-0.28674379,-0.95713364,0.04089706,-0.45886012,0.09974321,-0.88289188,-0.02863114,-0.11174285,0.02929424
0.84200105,-0.27057232,-0.46671708,-0.28527729,-0.95758967,0.04048171,-0.45787671,0.09905814,-0.88347964,0.13689156,-0.09667575,0.05488812
0.84254951,-0.26841567,-0.46697254,-0.28427455,-0.95799953,0.03774679,-0.45749131,0.10094487,-0.88346577,0.16534019,-0.06506419,0.04980116
0.84310952,-0.26259037,-0.4692682,-0.28218867,-0.95890269,0.02958363,-0.45775091,0.10747993,-0.88256001,0.04227528,0.03727645,-0.02975357
0.84352761,-0.25820159,-0.47094916,-0.28063709,-0.95952827,0.02341358,-0.45793448,0.1124158,-0.88184952,-0.15426418,0.08281881,-0.06312026
0.84413185,-0.25779855,-0.47008652,-0.28013493,-0.95967893,0.02325741,-0.45712782,0.11205533,-0.88231394,-0.2034447,0.05557412,-0.04821812
0.84649723,-0.25908649,-0.46509852,-0.27962792,-0.9597642,0.02570996,-0.45304599,0.10829112,-0.88488556,-0.07271766,-0.05104733,0.02578552
0.84872803,-0.25893633,-0.46109944,-0.27902842,-0.9599449,0.02547256,-0.44922585,0.10704057,-0.88698274,0.07364175,-0.09647977,0.11393487
0.84984907,-0.25743366,-0.45987438,-0.27844026,-0.9601793,0.02294178,-0.44746794,0.10855051,-0.88768736,0.09121497,-0.08166152,0.10756949
0.8527113,-0.253065,-0.45699184,-0.27654076,-0.9608675,0.01608892,-0.44318015,0.11265767,-0.88932536,0.03124991,0.0227161,0.00697298
0.8562902,-0.24995204,-0.45198567,-0.27416382,-0.96160331,0.01236975,-0.43772282,0.11332603,-0.89193929,-0.08207439,0.07879692,-0.04934188
0.85821616,-0.2496482,-0.44848724,-0.27292184,-0.96194557,0.01320451,-0.4347168,0.11106964,-0.89369168,-0.06490611,0.0614683,-0.0370334
0.86166081,-0.25026142,-0.44148601,-0.2710765,-0.96241668,0.01648916,-0.42902005,0.10546841,-0.89711674,0.091369,-0.0018841,0.04767717
0.86427211,-0.24945741,-0.43681199,-0.2695045,-0.96285546,0.01663461,-0.42473644,0.10334597,-0.89939902,0.18059471,-0.02149522,0.05630472
0.865557,-0.24809218,-0.43504176,-0.2687056,-0.96311134,0.01462019,-0.42262083,0.10424356,-0.90029152,0.14384843,0.00727648,0.03853919
0.86873819,-0.24498803,-0.43043562,-0.26697097,-0.9636562,0.00965616,-0.41715759,0.10652514,-0.90256964,0.01878501,0.06351119,-0.01570828
0.87266898,-0.24355436,-0.42323768,-0.26502079,-0.96420605,0.00841407,-0.41013759,0.10482408,-0.90597969,-0.08780583,0.07484704,-0.02837278
0.87481608,-0.24398628,-0.41853017,-0.2640629,-0.96445045,0.01028895,-0.40616202,0.10151735,-0.90814448,-0.0936029,0.03051335,-0.00568432
0.87894508,-0.24576954,-0.40872103,-0.26180179,-0.96496753,0.01724946,-0.39864191,0.09184257,-0.91249637,-0.02290506,-0.06981885,0.05585949
0.88216492,-0.24638216,-0.40134879,-0.25906383,-0.96557808,0.02333195,-0.39328227,0.08339234,-0.9156278,0.1079748,-0.12042898,0.07684919
0.88370889,-0.24536403,-0.39856627,-0.25744653,-0.96599752,0.02386882,-0.39087065,0.08151642,-0.91682869,0.16242629,-0.09790516,0.05898464
0.88740798,-0.24090839,-0.39302699,-0.25325259,-0.96717167,0.02102001,-0.38518852,0.08088179,-0.91928652,0.17889096,0.00546807,-0.02059358
0.89181821,-0.23576051,-0.38610522,-0.24831279,-0.96851546,0.01783936,-0.37815475,0.07996541,-0.92228207,0.09942318,0.09193939,-0.09899214
0.89404864,-0.23389849,-0.38205825,-0.24592873,-0.96912406,0.01781001,-0.37442766,0.07803609,-0.92396639,0.04614932,0.11155599,-0.10315076
0.90149766,-0.23373195,-0.36424078,-0.24001115,-0.97034749,0.02863967,-0.36013416,0.06160326,-0.93086426,-0.05717269,0.00266403,-0.02717337
0.90319629,-0.23424205,-0.35967641,-0.23887843,-0.97051541,0.03219957,-0.35661402,0.05683641,-0.93252128,-0.05371087,-0.05153292,-0.01724051
0.90709136,-0.23353263,-0.35021104,-0.2357806,-0.97110677,0.03686515,-0.34870155,0.04913292,-0.93594502,-0.00122002,-0.11403769,0.0106
0.91173158,-0.23030163,-0.34015685,-0.23148245,-0.97210782,0.03771247,-0.33935439,0.04435669,-0.93961219,0.06590221,-0.09528565,0.00897953
0.91887821,-0.22361318,-0.32505378,-0.2233925,-0.97396696,0.03852094,-0.32520548,0.03721853,-0.94491052,0.08941048,0.02010268,-0.04497319
0.92308421,-0.22052372,-0.31509492,-0.21875972,-0.97489861,0.0414309,-0.31632216,0.03068588,-0.94815522,0.07103198,0.06592673,-0.07728796
0.92487137,-0.21985672,-0.31028368,-0.21725772,-0.97515018,0.0433728,-0.31210899,0.02729727,-0.94965405,0.0579381,0.07435459,-0.08486606
0.92779494,-0.21970743,-0.30153803,-0.21552889,-0.97534133,0.04750032,-0.30453873,0.0209196,-0.95227004,0.01599824,0.02448624,-0.0805643
0.93009187,-0.21975834,-0.2943389,-0.21462894,-0.97541258,0.05004584,-0.29809988,0.01662642,-0.95438981,-0.02015703,0.01114601,-0.03281201
0.93121567,-0.21943139,-0.29101072,-0.21406265,-0.97550969,0.05057866,-0.29498229,0.01519488,-0.95538199,-0.02017023,0.02408415,-0.01466825
0.93360822,-0.21768626,-0.28458456,-0.21208488,-0.97593246,0.05075089,-0.28878311,0.01297464,-0.95730653,0.00857866,0.06139296,0.00235062
0.93624157,-0.21488537,-0.27798561,-0.20888981,-0.97658858,0.05138125,-0.28251862,0.00996309,-0.9592102,0.02018629,0.06999677,0.00355955
0.93760488,-0.21331227,-0.27458144,-0.20695539,-0.97695278,0.0522746,-0.27940392,0.00781319,-0.96014181,0.01286168,0.06307119,-0.00372497
0.94217377,-0.20761713,-0.26306599,-0.19951672,-0.97820869,0.05745129,-0.26926133,-0.00164303,-0.96306565,-0.05457982,-0.01188004,-0.01060774
0.94310268,-0.20633606,-0.26073504,-0.19799915,-0.97847583,0.05814845,-0.26712108,-0.00321464,-0.96365754,-0.06384918,-0.02604568,-0.00949338
0.94484685,-0.20366765,-0.25648376,-0.19505666,-0.97902413,0.05886094,-0.26309187,-0.00558571,-0.96475459,-0.06435746,-0.04957688,-0.00863188
0.94713083,-0.19893221,-0.25173232,-0.1901437,-0.97998033,0.0590257,-0.25843482,-0.00803975,-0.9659953,-0.01167063,-0.04712492,0.00681323
0.9486431,-0.19566248,-0.24858091,-0.18657361,-0.98061613,0.05985182,-0.25547321,-0.01039938,-0.96676017,0.03155969,-0.03090578,0.01404723
0.95025991,-0.19268074,-0.24470437,-0.18331639,-0.98117749,0.0607092,-0.25179595,-0.0128312,-0.96769516,0.05766021,-0.01504433,0.01430933
0.95104327,-0.19141617,-0.24264488,-0.18201241,-0.98141356,0.06081635,-0.24977625,-0.0136746,-0.96820688,0.05797632,-0.00251502,0.01265776
0.95246835,-0.18925594,-0.2387179,-0.17987312,-0.98181495,0.06070294,-0.24586522,-0.01487869,-0.96918971,0.02212746,0.02209824,0.00433898
0.95349746,-0.18746807,-0.23600488,-0.17808923,-0.98214348,0.06064681,-0.24316004,-0.01579664,-0.96985736,-0.03446911,0.02064365,-0.00489999
0.95387907,-0.18652173,-0.23521129,-0.17710839,-0.98231606,0.06072549,-0.24237847,-0.01626688,-0.9700453,-0.05206927,0.01742274,-0.00427117
0.95459935,-0.18400627,-0.23426858,-0.17448452,-0.98277297,0.06092835,-0.24144405,-0.01728592,-0.97026068,-0.06135955,-0.00232053,0.01060527
0.9553935,-0.18078771,-0.23353601,-0.17120397,-0.9833544,0.06085254,-0.24065008,-0.01815582,-0.97044196,-0.04464507,-0.01101637,0.02309609
0.95581524,-0.1789788,-0.23320338,-0.16938076,-0.98367829,0.06072316,-0.24026524,-0.01853996,-0.97053027,-0.03212566,-0.00790423,0.02767706
0.95651793,-0.1756362,-0.2328634,-0.16586939,-0.98425652,0.06104041,-0.23991829,-0.01976133,-0.97059167,-0.00749066,-0.01479363,0.02469646
0.95713215,-0.17270796,-0.23252959,-0.16270099,-0.98474463,0.06169904,-0.23963813,-0.02122134,-0.97063051,-0.00742624,-0.02176005,0.02017992
0.95740961,-0.17143793,-0.23232705,-0.1613468,-0.9849537,0.06191052,-0.23944526,-0.02178849,-0.9706651,-0.01401745,-0.01772463,0.01440272
0.95794599,-0.16924512,-0.23172301,-0.15905796,-0.98531386,0.06210285,-0.23883054,-0.02263379,-0.97079724,-0.04136349,0.00178212,0.01484218
0.95842798,-0.16717915,-0.23122918,-0.15697948,-0.98565606,0.06196292,-0.23827137,-0.02308876,-0.97092404,-0.06866554,0.00805551,0.01430819
0.95869625,-0.16612003,-0.23088012,-0.15592562,-0.98583027,0.06185396,-0.23788379,-0.02329904,-0.97101416,-0.07200336,0.01283532,0.01427613
0.95922886,-0.16397142,-0.23020291,-0.153848,-0.98618606,0.06138443,-0.23708817,-0.02346546,-0.9712048,-0.07224024,0.02119464,0.0165598
0.95975655,-0.16158887,-0.22968759,-0.15148959,-0.98657065,0.06106445,-0.23647042,-0.02381173,-0.97134667,-0.05903979,0.02127022,0.0226135
0.96000115,-0.16033735,-0.22954241,-0.1501971,-0.98676597,0.0611044,-0.23630196,-0.02418369,-0.97137868,-0.04993848,0.00800771,0.02423386
0.96033325,-0.15800791,-0.22976847,-0.14768042,-0.987116,0.0615825,-0.23653867,-0.02520742,-0.97129499,-0.03541483,-0.01090783,0.02523484
0.96056374,-0.15509513,-0.23078732,-0.1444556,-0.98754082,0.06241237,-0.2375918,-0.02661253,-0.97100026,-0.02338176,-0.01405591,0.02926093
0.9607008,-0.15342094,-0.23133521,-0.14272206,-0.98779376,0.06239893,-0.23808481,-0.02693006,-0.97087081,-0.03388162,-0.01554054,0.02300266
0.96095247,-0.15185565,-0.23132272,-0.14123126,-0.98803834,0.06191652,-0.23795813,-0.02682883,-0.97090464,-0.04857677,0.00107175,0.00484667
0.96112852,-0.15106796,-0.231107,-0.14049453,-0.98816062,0.06164295,-0.23768311,-0.02677753,-0.97097357,-0.05035065,0.00808161,-0.00755569
0.96151457,-0.14970014,-0.23039011,-0.13915624,-0.98836197,0.06144873,-0.23690773,-0.02702363,-0.97115614,-0.04595925,0.00386423,-0.01967696
0.961731494,-0.148329098,-0.230371466,-0.137722021,-0.988556451,0.0615531182,-0.236865317,-0.0274703484,-0.971154056,-0.0201841481,-0.000810086727,-0.0172300357
0.96172908,-0.14767451,-0.23080167,-0.13700844,-0.98864822,0.0616684,-0.23728855,-0.02768651,-0.97104439,-0.01365601,0.00246257,-0.01089674
0.961603386,-0.146658057,-0.231970558,-0.135791781,-0.988781164,0.0622272894,-0.238494272,-0.0283382754,-0.970730271,-0.0053338143,-0.000892460346,-0.00871939026
0.96140544,-0.14600918,-0.23319711,-0.13488539,-0.98885333,0.06304595,-0.23980305,-0.02915783,-0.97038348,-0.01159102,-0.00809628,-0.00753444
0.96130184,-0.1458785,-0.23370541,-0.13457932,-0.98885463,0.06367546,-0.2403896,-0.02975942,-0.97022,-0.02172053,-0.00987238,-0.00739572
0.96106851,-0.14557605,-0.23485086,-0.1339209,-0.9888629,0.06492463,-0.24168679,-0.03094558,-0.96986067,-0.0234012,-0.00378847,-0.00209455
0.96092464,-0.14504757,-0.2357648,-0.13324145,-0.98892691,0.06534675,-0.24263255,-0.03137966,-0.96961058,-0.01900363,0.01524538,0.00475618
0.96089401,-0.14475301,-0.23607046,-0.13293579,-0.98896999,0.06531608,-0.24292133,-0.03137962,-0.96953819,-0.0119533,0.00167304,0.00769137
0.960820152,-0.14421794,-0.236697739,-0.132441324,-0.989056646,0.0650087626,-0.243482915,-0.0311131663,-0.96940597,-0.013842837,-0.00255942345,0.00043359329
0.96064208,-0.14392407,-0.23759765,-0.13212483,-0.98910296,0.06494622,-0.2443559,-0.03099752,-0.96918987,-0.02065166,-0.00883156,0.00407483
0.96053692,-0.14394487,-0.23800988,-0.13209626,-0.98909745,0.06509047,-0.24478441,-0.03108159,-0.96907919,-0.01754337,-0.00988173,0.00756766
0.96034715,-0.14399657,-0.23874324,-0.13203007,-0.98908144,0.06546633,-0.24556346,-0.03134912,-0.96887342,-0.01617672,-0.00346148,0.0041799
0.9603244,-0.14382678,-0.23893702,-0.13176995,-0.98909533,0.06577687,-0.24579203,-0.03168241,-0.96880441,-0.01577646,0.0032658,0.00223325
0.96039068,-0.14367825,-0.23875992,-0.13158072,-0.9891097,0.06594347,-0.24563439,-0.0319153,-0.96883703,-0.01768564,0.00220627,0.00463629
0.96056523,-0.14333005,-0.23826648,-0.13125768,-0.98915725,0.06586926,-0.24512413,-0.03199741,-0.96896323,-0.01529292,0.00103641,0.00482977
0.96065691,-0.14317272,-0.23799131,-0.13116587,-0.98918547,0.06562848,-0.24481382,-0.03183011,-0.96904722,-0.0117148,-0.009534,0.00214346
0.96062389,-0.14323691,-0.23808597,-0.13127088,-0.98918292,0.06546186,-0.24488711,-0.03163047,-0.96903559,-0.00856191,-0.00832975,0.002681
0.960515641,-0.143385732,-0.238432876,-0.13145697,-0.98916976,0.0652861018,-0.245211683,-0.0313646587,-0.96896208,-0.00492861075,-0.0102145076,-0.000486496836
0.96044947,-0.14355455,-0.2385978,-0.13162534,-0.98914729,0.06528606,-0.2453805,-0.03129845,-0.9689214,-0.00405367,-0.0102787,-0.00353021
0.96047511,-0.143596525,-0.238469281,-0.131670549,-0.989140663,0.0652951521,-0.245255839,-0.031314986,-0.968952418,-0.00785039179,-0.00543546677,-0.000862247543
0.96058795,-0.14346957,-0.23809089,-0.13154897,-0.98915602,0.06530881,-0.24487887,-0.03141425,-0.96904463,-0.00162726,0.00689548,0.01605536
0.96070514,-0.14338461,-0.23766885,-0.13147105,-0.98916504,0.06532684,-0.24446061,-0.03151326,-0.96914686,0.00220695,0.0059101,0.02264347
0.96076366,-0.14334212,-0.23745782,-0.13143209,-0.98916962,0.06533587,-0.24425148,-0.03156275,-0.96919798,0.0030721,0.00500768,0.02671702
0.96114358,-0.14323122,-0.2359827,-0.13122549,-0.98915963,0.06590313,-0.24286393,-0.03237542,-0.96952002,0.00591729,0.00334471,0.01522192
0.96127623,-0.14315372,-0.23548886,-0.13105418,-0.98915302,0.06633732,-0.24243101,-0.03290668,-0.96961017,0.00956724,0.00511998,0.01671517
0.96155714,-0.14295567,-0.2344601,-0.13067028,-0.98914545,0.06720549,-0.24152255,-0.03398495,-0.96979993,0.01509749,-0.00680143,0.00867329
0.96182382,-0.14260054,-0.23358087,-0.1301868,-0.98916776,0.06781,-0.24072045,-0.03481212,-0.96996981,0.00981052,-0.00659335,0.00508225
0.96192584,-0.14240837,-0.2332778,-0.129958,-0.98918632,0.06798097,-0.24043626,-0.03507634,-0.97003099,0.00489757,0.00253135,0.00444571
0.96209703,-0.1421084,-0.23275416,-0.12958459,-0.98921175,0.06832252,-0.23995235,-0.03557154,-0.97013275,0.00565199,-0.00331575,0.00689918
0.96232512,-0.14177485,-0.2320135,-0.12916278,-0.98923707,0.06875602,-0.23926418,-0.03619814,-0.97027972,0.00958931,-0.00425178,0.01014518
0.96246748,-0.14157154,-0.23154665,-0.12894804,-0.9892583,0.06885223,-0.23880693,-0.03641055,-0.97038432,0.00482642,-0.00670487,0.01069175
0.96275139,-0.1411743,-0.23060695,-0.1285086,-0.98929602,0.06912784,-0.23789765,-0.03691794,-0.97058823,0.00101086,-0.00357282,0.00357368
0.96302127,-0.14066038,-0.22979271,-0.12792807,-0.98934723,0.06947351,-0.23711694,-0.03750753,-0.97075683,,,
0.96312904,-0.14032128,-0.22954824,-0.12759048,-0.98939105,0.06946915,-0.23686098,-0.03761959,-0.97081491,0.00146185,0.00260001,-0.00768826
0.96329616,-0.13978972,-0.22917098,-0.12702113,-0.98945315,0.06962673,-0.23648707,-0.0379616,-0.97089266,0.00290823,0.00397748,-0.0079538
0.96342663,-0.1393204,-0.22890817,-0.12647193,-0.98950093,0.06994621,-0.23624982,-0.03843758,-0.97093166,0.01910536,-0.00187659,0.00518877
0.963506207,-0.139117692,-0.22869643,-0.126252138,-0.989523247,0.0700293991,-0.236042765,-0.0386003473,-0.970975696,0.0173052773,0.00079625845,0.00477525359
0.96387838,-0.13863169,-0.22741973,-0.12573569,-0.98956865,0.07031778,-0.23479569,-0.03918302,-0.97125478,0.01322343,-0.01044744,0.0031816
0.96394166,-0.13846161,-0.22725504,-0.1255679,-0.98958979,0.07031782,-0.2346256,-0.03924633,-0.97129316,0.0078404,-0.00607485,0.00249384
0.96407666,-0.13820529,-0.226838,-0.12532005,-0.98962057,0.0703263,-0.23420305,-0.03937259,-0.97138999,0.01379311,0.00955003,0.00348604
0.964218571,-0.137870461,-0.226438256,-0.124893012,-0.989645042,0.0707418325,-0.233846709,-0.0399300325,-0.971453184,0.0104298778,0.000407516956,0.000873726094
