0,1,2,3,4,5,6,7,8,9,10,11
0.03762624,-0.27023306,0.96205948,-0.96210526,0.25039532,0.10796167,-0.27007003,-0.92966464,-0.25057124,-0.00541154,0.0304389,-0.04305939
0.02789176,-0.28485048,0.95816602,-0.96172554,0.25374411,0.10343016,-0.27259106,-0.92437764,-0.26687058,0.0071243,0.02271306,-0.02494003
0.02315516,-0.29367156,0.95562592,-0.96160323,0.25492801,0.10164147,-0.27346504,-0.92128647,-0.27649264,0.01982306,0.01459348,-0.02964316
0.01398529,-0.31276862,0.94972642,-0.96148338,0.25655116,0.09864717,-0.27450718,-0.91452575,-0.29713391,0.01619427,-0.00214958,-0.03834013
0.000543450072,-0.340727232,0.940162004,-0.961310848,0.258804066,0.0943496712,-0.275465231,-0.903839234,-0.327404124,-0.0146311428,-0.0215392094,-0.0286851209
-0.00778145,-0.35587489,0.93450111,-0.96099062,0.26103973,0.0914065,-0.27647114,-0.8973356,-0.34402367,-0.02944647,-0.00233769,-0.02650682
-0.01521534,-0.36737969,0.92994652,-0.96060715,0.2634842,0.08837357,-0.27749283,-0.8919687,-0.35691653,-0.03406136,0.02368784,-0.01282308
-0.0185073531,-0.372007526,0.928045119,-0.960492469,0.264412102,0.0868352501,-0.277689684,-0.88977331,-0.362203969,-0.0292559955,0.0434467755,-0.000896373764
-0.02381876,-0.37967304,0.92481394,-0.96040867,0.26554096,0.0842795,-0.27757457,-0.88619198,-0.3709661,-0.02106027,0.04438376,0.03646953
-0.02734861,-0.38635902,0.92194283,-0.96054572,0.26551793,0.08277687,-0.27677389,-0.88330448,-0.37837702,-0.02748717,0.02543688,0.06099495
-0.02872259,-0.38923459,0.92069063,-0.9606828,0.26521553,0.08215314,-0.27615823,-0.88213208,-0.38154862,-0.03853534,0.01165199,0.06762677
-0.03373046,-0.39722429,0.91710141,-0.96120864,0.26423778,0.07909657,-0.27375188,-0.87885788,-0.39072826,-0.04011649,0.0165745,0.06470194
-0.03468119,-0.39802564,0.9167185,-0.9613375,0.2640172,0.07826315,-0.27318019,-0.87856161,-0.3917934,-0.0224928,0.02274716,0.07509071
-0.0359929,-0.39918064,0.91616556,-0.96156904,0.26353155,0.07704616,-0.27219387,-0.87818331,-0.39332501,0.02186111,0.02152061,0.09659191
-0.0363184204,-0.400516761,0.915569359,-0.961716961,0.26302992,0.0769136937,-0.271627345,-0.877725215,-0.394736586,0.0564827956,-0.000748395862,0.111449502
-0.03512221,-0.40207451,0.91493303,-0.96158863,0.26298355,0.07865694,-0.27223827,-0.87702662,-0.39586683,0.08732939,-0.02215314,0.1062983
-0.03368465,-0.4022458,0.91491186,-0.96129889,0.26349823,0.08045592,-0.27344072,-0.87679361,-0.39555429,0.10464445,-0.01647806,0.09593466
-0.03285909,-0.40159686,0.91522685,-0.96104891,0.26412202,0.08139113,-0.27441797,-0.87690335,-0.39463302,0.11285451,-0.01783067,0.08169996
-0.03148934,-0.39867886,0.91654974,-0.96032459,0.26629704,0.08283993,-0.27710097,-0.87757674,-0.39124661,0.12994103,-0.01489484,0.07262549
-0.03044779,-0.39400344,0.91860438,-0.95943464,0.26922776,0.08367459,-0.2802818,-0.87879324,-0.38621789,0.1346972,-0.02741092,0.07250509
-0.03005704,-0.39109501,0.91985942,-0.95892321,0.27098088,0.08387904,-0.28206902,-0.87955336,-0.38317499,0.12883122,-0.04415381,0.06052773
-0.02980272,-0.38486963,0.92248955,-0.95778033,0.27501789,0.08379656,-0.28595182,-0.88104506,-0.37681681,0.10311455,-0.04598736,0.05341849
-0.02980272,-0.38486963,0.92248955,-0.95778033,0.27501789,0.08379656,-0.28595182,-0.88104506,-0.37681681,0.10311455,-0.04598736,0.05341849
-0.02980272,-0.38486963,0.92248955,-0.95778033,0.27501789,0.08379656,-0.28595182,-0.88104506,-0.37681681,0.10311455,-0.04598736,0.05341849
-0.02980272,-0.38486963,0.92248955,-0.95778033,0.27501789,0.08379656,-0.28595182,-0.88104506,-0.37681681,0.10311455,-0.04598736,0.05341849
-0.0258160017,-0.373197512,0.927392613,-0.952738445,0.290087552,0.0902142142,-0.302692745,-0.881233661,-0.363048501,-0.0275379177,-0.013960599,0.000338693149
-0.02506278,-0.37265171,0.92763275,-0.95197202,0.29214874,0.09164256,-0.30515749,-0.88078363,-0.36207606,-0.03880525,0.00860214,0.00162751
-0.0238094102,-0.371931461,0.927954724,-0.950563387,0.295895402,0.0942075823,-0.30961626,-0.879836809,-0.360589501,-0.0443139561,0.0473082028,0.000493424945
-0.0238094102,-0.371931461,0.927954724,-0.950563387,0.295895402,0.0942075823,-0.30961626,-0.879836809,-0.360589501,-0.0443139561,0.0473082028,0.000493424945
-0.02391818,-0.37189302,0.92796738,-0.94874528,0.30104665,0.09619396,-0.31513532,-0.87810391,-0.36003223,-0.04111481,0.09579968,-0.01088601
-0.02391818,-0.37189302,0.92796738,-0.94874528,0.30104665,0.09619396,-0.31513532,-0.87810391,-0.36003223,-0.04111481,0.09579968,-0.01088601
-0.02591792,-0.37670988,0.92596868,-0.94703314,0.30584359,0.09791823,-0.32008837,-0.87438516,-0.36468359,-0.00487607,-0.00302291,-0.05406332
-0.02677293,-0.3773433,0.92568631,-0.946517,0.30742892,0.0979437,-0.32154111,-0.87355563,-0.3653926,-0.02442389,-0.05848086,-0.06541185
-0.0281347,-0.37583241,0.92626037,-0.94591485,0.30960761,0.09689224,-0.32319246,-0.87343747,-0.36421615,-0.02999512,-0.07996636,-0.06394372
-0.02913967,-0.37432339,0.92684027,-0.94554115,0.31105535,0.09589844,-0.32419566,-0.87357116,-0.36300222,-0.03668807,-0.064673,-0.06416041
-0.03206682,-0.37048674,0.92828401,-0.94473254,0.31441826,0.09285215,-0.3262699,-0.87400267,-0.36009326,-0.03652433,-0.02848697,-0.05628344
-0.03659773,-0.36819484,0.92902807,-0.94376794,0.31840084,0.08901107,-0.32857673,-0.87352931,-0.35914323,-0.01801985,0.01067734,-0.04248004
-0.03943509,-0.36839592,0.92883223,-0.94325328,0.32046024,0.08705443,-0.32972429,-0.87269105,-0.36012804,-0.00432328,0.01719498,-0.05360027
-0.04610765,-0.37163218,0.92723432,-0.942191,0.32457319,0.0832363,-0.33188865,-0.86979405,-0.36511378,0.02811584,0.01756573,-0.03634332
-0.0540659,-0.37870284,0.92393769,-0.94107992,0.32867145,0.07964645,-0.33383423,-0.86519312,-0.37415952,0.03211774,0.05507099,-0.04179629
-0.05807394,-0.383533,0.92169948,-0.94051912,0.33059358,0.0783053,-0.33474062,-0.86232846,-0.37991901,0.04044447,0.05140006,-0.04892152
-0.06603283,-0.39524554,0.91619902,-0.93949861,0.33393637,0.07634708,-0.33612803,-0.85572629,-0.3933834,0.04832799,0.05709076,-0.07973009
-0.07340436,-0.40783881,0.9100985,-0.93882014,0.33616001,0.07492112,-0.33649446,-0.84891928,-0.4075629,0.04211579,0.04173588,-0.08522601
-0.07675351,-0.41383842,0.9071089,-0.93854759,0.33704611,0.07435242,-0.33650738,-0.8456581,-0.41427651,0.03493512,0.02002168,-0.09793365
-0.08249093,-0.42437408,0.90172157,-0.93803724,0.33863731,0.07355849,-0.33657286,-0.83978054,-0.42601319,0.0291132,-0.01121831,-0.10573148
-0.08678258,-0.43139677,0.89797854,-0.93751924,0.3402229,0.07284208,-0.33693666,-0.83555079,-0.43396817,0.00194568,-0.04126584,-0.09861212
-0.09113577,-0.43409536,0.8962452,-0.93680054,0.34264585,0.07070043,-0.33778542,-0.83315966,-0.43788806,-0.00560842,-0.01344573,-0.06457512
-0.09309773,-0.43323757,0.89645859,-0.93644031,0.34397734,0.06898637,-0.33824892,-0.83305749,-0.43772463,0.00771472,0.01134097,-0.03360778
-0.09393971,-0.43299641,0.89648727,-0.93630667,0.34448358,0.06827066,-0.33838609,-0.83297369,-0.43777812,0.01566571,0.02585697,-0.01961707
-0.09535638,-0.43430244,0.89570563,-0.93612252,0.34510184,0.06767104,-0.33849936,-0.83203733,-0.43946796,0.01842463,0.03274917,0.00916242
-0.09684023,-0.43854132,0.89347828,-0.93605173,0.34523047,0.06799308,-0.33827369,-0.82975744,-0.44392955,0.01749967,0.02586043,0.00827104
-0.0976263041,-0.441777929,0.891796596,-0.936079885,0.345061249,0.0684621363,-0.337969458,-0.828109219,-0.44722646,0.0184424911,0.00697874976,0.00058332039
-0.09927,-0.44938647,0.8878047,-0.93612342,0.34467613,0.06979437,-0.33736971,-0.82416632,-0.45489719,0.01555115,-0.02071231,-0.01530706
-0.10102089,-0.45710774,0.88365554,-0.936196,0.34422475,0.0710371,-0.33664767,-0.82009861,-0.46271631,0.01632792,-0.0376662,-0.0200497
-0.10197619,-0.46068345,0.88168675,-0.93625294,0.3439853,0.07144575,-0.33620114,-0.81819607,-0.46639453,0.00971618,-0.03624338,-0.0148756
-0.104004065,-0.466681314,0.878289095,-0.936451695,0.343415325,0.0715832077,-0.335024487,-0.815030357,-0.472741101,-0.000426701998,-0.0292106252,-0.00278393156
-0.10621251,-0.4717553,0.87530899,-0.93673308,0.34275491,0.07106481,-0.33354165,-0.81238292,-0.47831365,0.00782937,-0.0288133,0.00552718
-0.10743797,-0.47410611,0.87388814,-0.93688467,0.342437,0.0705977,-0.33272244,-0.81114752,-0.48097349,0.01320379,-0.02952242,0.01012539
-0.11006608,-0.47908388,0.87084102,-0.93727217,0.34160645,0.06946878,-0.33076628,-0.8085689,-0.48663127,0.01206559,-0.03054744,0.02638644
-0.11299121,-0.48458682,0.86741488,-0.93775385,0.34055824,0.06810129,-0.32840627,-0.80572681,-0.49290324,0.01077136,-0.03942811,0.03181877
-0.1145859,-0.4874062,0.86562405,-0.93801104,0.34001213,0.06728211,-0.32711633,-0.80425542,-0.49615296,0.00291725,-0.03639412,0.02708415
-0.12177998,-0.49709607,0.85910713,-0.93936106,0.33727849,0.06199972,-0.32057816,-0.79946149,-0.50802645,-0.01405033,-0.00433779,0.02773661
-0.12717115,-0.50314052,0.854796508,-0.940587513,0.334718634,0.0570836244,-0.314837393,-0.796751546,-0.515814238,-0.00549124274,0.000553369464,0.0297448635
-0.13199738,-0.50900967,0.85057968,-0.94185893,0.33188977,0.05244912,-0.30899579,-0.79420294,-0.52322387,-0.00692071,-0.0295819,0.02500537
-0.13746789,-0.51560644,0.84572603,-0.94317034,0.32893581,0.0472325,-0.30254295,-0.79117078,-0.53152281,-0.01297625,-0.03688073,0.02150766
-0.14270477,-0.52195693,0.84094958,-0.94486694,0.32484175,0.04128227,-0.29472307,-0.78869432,-0.5395363,-0.02958408,0.00809753,0.04690707
-0.14459883,-0.52660306,0.8377234,-0.94620791,0.32124678,0.03861542,-0.28945096,-0.78707673,-0.54472791,-0.05538112,0.00328398,0.04497726
-0.14549282,-0.52913197,0.8359732,-0.94718042,0.31858273,0.03680064,-0.28579901,-0.78646322,-0.54753494,-0.04934695,-0.01714182,0.03814121
-0.14618712,-0.53108789,0.83461073,-0.94859568,0.31465143,0.03406995,-0.28070562,-0.78672752,-0.54978567,-0.03216624,-0.03954458,0.03060524
-0.14624748,-0.5307802,0.83479574,-0.9494813,0.3121727,0.0321465,-0.27766314,-0.78792164,-0.54962033,-0.0410905,-0.02701402,0.02139482
-0.14571814,-0.52892363,0.83606581,-0.95065309,0.30883221,0.02968817,-0.27390683,-0.79048243,-0.54782534,-0.0420377,0.01571178,-0.00595384
-0.14334483,-0.5242651,0.83940353,-0.95173551,0.30560763,0.02834513,-0.27138846,-0.79482705,-0.54276898,-0.03739265,0.03859937,-0.01627398
-0.13744197,-0.51725654,0.844722,-0.9525649,0.3028099,0.0304336,-0.27153213,-0.80046971,-0.5343392,-0.00886526,0.02749157,-0.01033802
-0.13241635,-0.51497646,0.84691513,-0.95276067,0.30175413,0.03451967,-0.27333697,-0.80233643,-0.5306065,-0.01052818,0.01557028,0.00734516
-0.127942398,-0.517055679,0.846335724,-0.952765769,0.301073133,0.0399042938,-0.275441687,-0.801254259,-0.531152968,-3.11192125e-05,0.037444111,0.0286059827
-0.12524996,-0.52077641,0.84445508,-0.95290533,0.30009777,0.0437353,-0.2761954,-0.7992079,-0.53383785,-0.01387795,0.04696631,0.01469352
-0.12264224,-0.5247489,0.84237611,-0.95309467,0.2989294,0.04745295,-0.27671188,-0.79704444,-0.53679675,-0.04781538,0.03453421,-0.00228722
-0.12138975,-0.52645269,0.84149399,-0.95314357,0.298484,0.04924084,-0.27709548,-0.79608724,-0.53801789,-0.05317063,0.01385999,-0.01891812
-0.11649738,-0.52689597,0.84190797,-0.95287943,0.29834683,0.05486325,-0.2800878,-0.79584536,-0.53682496,-0.00712241,-0.0146451,-0.03861726
-0.11534713,-0.52558076,0.84288791,-0.95271812,0.29867656,0.05586205,-0.28111091,-0.79659102,-0.53518182,0.01641471,-0.00378418,-0.0282244
-0.11083449,-0.52241256,0.8454589,-0.95202352,0.29997458,0.06055102,-0.28524878,-0.79818564,-0.53059656,0.0387533,0.05388021,0.01746873
-0.10980654,-0.52315164,0.845136,-0.9518069,0.30031723,0.06223472,-0.28636709,-0.79757251,-0.53091613,0.03349306,0.05974829,0.01350977
-0.10797128,-0.52612988,0.84352201,-0.95128767,0.30114267,0.0660662,-0.28877983,-0.7952989,-0.53301561,0.02004376,0.03176236,0.0036334
-0.10578925,-0.53123085,0.84059643,-0.95050414,0.30237958,0.0714733,-0.292148,-0.7914293,-0.53692563,0.00974579,-0.01487261,0.0108274
-0.10450454,-0.53305233,0.83960341,-0.9503457,0.30235044,0.0736694,-0.29312407,-0.79021474,-0.53818096,0.00370105,-0.0383867,0.00536261
-0.103101,-0.53118588,0.84095876,-0.95056355,0.30159353,0.07396094,-0.2929147,-0.79175933,-0.53602052,-0.005366,-0.05642283,0.00507424
-0.10232383,-0.52694949,0.84371437,-0.95099025,0.30062042,0.07242111,-0.2918,-0.79495378,-0.53188444,-0.01150283,-0.05482745,0.01570667
-0.10208324,-0.52110841,0.84736355,-0.95136151,0.30004069,0.0699058,-0.29067202,-0.79901287,-0.5263916,-0.01884498,-0.03955412,0.0294687
-0.10219108,-0.51816009,0.8491567,-0.95145612,0.30004514,0.06858697,-0.29032437,-0.80092636,-0.52366852,-0.02532628,-0.02511215,0.01616341
-0.10309385,-0.51286626,0.85225565,-0.95146063,0.30064802,0.0658281,-0.28998995,-0.80410128,-0.51896699,-0.02507289,0.02062177,-0.00873601
-0.10448272,-0.50937113,0.85418054,-0.95120774,0.30190741,0.06368459,-0.29032252,-0.80584921,-0.51606187,-0.0111596,0.06130433,-0.02609748
-0.10514566,-0.50843838,0.85465476,-0.95099136,0.30271328,0.06308794,-0.29079167,-0.80613588,-0.51534949,0.00632731,0.08481454,-0.02711703
-0.10644581,-0.5087027,0.85433649,-0.95033997,0.30475855,0.06305687,-0.29244354,-0.80519798,-0.51588078,0.04257344,0.07613634,-0.02953128
-0.10748236,-0.5117172,0.8524043,-0.94948757,0.30707871,0.0646223,-0.29482357,-0.80240152,-0.51887467,0.05483671,0.03627586,-0.02833013
-0.10829182,-0.51818735,0.84838356,-0.94806317,0.31057804,0.06868363,-0.29908027,-0.79688336,-0.52490739,0.00752411,-0.00311601,-0.04290102
-0.1084075,-0.52430098,0.84460422,-0.94530395,0.31730044,0.07563648,-0.30764957,-0.79020814,-0.53002154,-0.01394206,-0.0182172,0.00743859
-0.10927901,-0.5265726,0.8430773,-0.94374062,0.32127419,0.07833576,-0.31210843,-0.78708586,-0.53205647,0.02034569,-0.00795615,0.01013592
-0.11279116,-0.53265358,0.83878386,-0.94177527,0.32642729,0.08065101,-0.316761,-0.78084916,-0.53845808,0.01741174,-0.02363217,0.0058796
-0.11404485,-0.53436943,0.83752192,-0.9413672,0.32756258,0.08081135,-0.31752393,-0.77919959,-0.54039467,0.01002146,-0.02060401,-0.00218137
-0.11882296,-0.53988219,0.83331154,-0.94018723,0.33103294,0.0804055,-0.31926302,-0.77391491,-0.54692463,0.00553857,0.00948274,0.00688675
-0.12214412,-0.54325978,0.83063199,-0.93990908,0.3321533,0.07902545,-0.31882847,-0.7710661,-0.55118536,-0.00434936,-0.00481403,0.01938846
-0.12796731,-0.54875225,0.82613268,-0.94003335,0.33265473,0.07535279,-0.31616693,-0.76694962,-0.55841434,-0.01613929,-0.0334801,0.01296089
-0.13005104,-0.55064288,0.82454785,-0.94018549,0.33257178,0.07380552,-0.31486183,-0.76562944,-0.56095775,-0.02537559,-0.02383333,0.00292673
-0.13279264,-0.55257076,0.82281918,-0.94059932,0.33198098,0.07114339,-0.31247202,-0.76449593,-0.56383229,-0.02279552,0.01690638,0.00824987
-0.13581925,-0.5564285,0.81971969,-0.94070626,0.33202351,0.06951311,-0.31084526,-0.76167425,-0.56853094,-0.02098073,-0.00971532,0.00185865
-0.13654738,-0.55700258,0.81920879,-0.94058373,0.33242609,0.06924732,-0.31089733,-0.76107889,-0.56929949,-0.01532423,-0.01321697,-0.01097206
-0.13696474,-0.5553573,0.82025541,-0.94089855,0.33187606,0.06758855,-0.30975892,-0.76251987,-0.5679902,-0.0230385,-0.02231514,-0.02037293
-0.13656943,-0.5522785,0.82239713,-0.94126022,0.33115388,0.06607714,-0.30883293,-0.76506564,-0.56506326,-0.0289496,-0.02385133,-0.01654103
-0.13560655,-0.54543202,0.82711227,-0.94161444,0.3306226,0.06364678,-0.30817699,-0.77018996,-0.55842125,-0.00561332,-0.02053076,0.00347301
-0.134243745,-0.539881949,0.830966961,-0.941894434,0.330082754,0.0622916213,-0.307917983,-0.774320897,-0.552823347,0.024384575,0.00159978855,0.000422115438
-0.13233128,-0.53949016,0.8315279,-0.94224696,0.328861,0.0634115,-0.30766695,-0.77511336,-0.55185155,0.00904439,0.00993132,-0.03097145
-0.13123622,-0.54172554,0.83024728,-0.94257083,0.32765969,0.06480264,-0.30714382,-0.7740624,-0.55361552,-0.00344234,-0.00360751,-0.03543356
-0.12964627,-0.54304122,0.82963726,-0.94331018,0.32537249,0.06556355,-0.30554482,-0.77410524,-0.55443963,-0.02353585,-0.01881587,-0.00582095
-0.126899541,-0.543446235,0.829796724,-0.944576939,0.321558353,0.0661405784,-0.302771895,-0.77541367,-0.554132378,-0.0199887902,0.0176625233,-5.11296093e-05
-0.12530264,-0.54686281,0.82779242,-0.94492616,0.32005528,0.06840431,-0.3023471,-0.77363148,-0.55684875,0.02427007,0.0405966,0.00510042
-0.12498878,-0.55199368,0.82442755,-0.94488193,0.31966847,0.07078286,-0.30261518,-0.77013963,-0.56152382,0.01303974,0.01481008,-0.01182518
-0.12502604,-0.55477855,0.82255045,-0.94475739,0.31975147,0.07205878,-0.30298839,-0.76810139,-0.5641084,-0.00279189,0.00979471,-0.02069626
-0.12554744,-0.5593123,0.81939459,-0.94450255,0.32010971,0.07378784,-0.30356659,-0.76465644,-0.56846084,-0.01693784,0.01089036,-0.02492583
-0.12600664,-0.562234449,0.81732169,-0.944393822,0.320222863,0.0746834804,-0.303714716,-0.762462943,-0.571320947,-0.0284301285,0.000334501237,-0.015205944
-0.12607223,-0.56278671,0.8169312,-0.94440879,0.32014964,0.07480683,-0.30364045,-0.76208604,-0.57186266,-0.03408833,-0.00133634,-0.00871354
-0.12632143,-0.55907077,0.81944039,-0.94477114,0.31962749,0.07242675,-0.30240731,-0.76503464,-0.56856971,-0.02939352,-0.00718498,-0.00215915
-0.126600006,-0.556572373,0.821096561,-0.944790265,0.319859537,0.0711420367,-0.302231242,-0.766757476,-0.566338372,-0.00529348571,0.00426435424,-7.11138127e-05
-0.12749922,-0.55131246,0.82449881,-0.94479994,0.32047388,0.06818668,-0.30182244,-0.77029275,-0.56174013,0.01542809,0.02060628,-0.0041079
-0.12854985,-0.54767722,0.82675553,-0.9447837,0.32102854,0.06576103,-0.30142797,-0.77265154,-0.5587047,0.02430114,0.01819789,-0.00747012
-0.12905956,-0.54678902,0.82726376,-0.94477398,0.32122682,0.06492625,-0.30124024,-0.77319794,-0.55804943,0.01916533,0.00806236,-0.01719322
-0.13033322,-0.54643628,0.82729708,-0.94457425,0.32202122,0.06388823,-0.30131802,-0.77311682,-0.55811968,-0.01393799,-0.00882912,-0.04176631
-0.13058092,-0.54630543,0.82734456,-0.94437089,0.32260181,0.06396648,-0.30184809,-0.77296731,-0.55804059,-0.01002658,0.00212502,-0.03266038
-0.13129256,-0.54634161,0.82720802,-0.94388753,0.32397462,0.0641621,-0.30304883,-0.77236733,-0.55822049,0.0229411,0.02388584,-0.01028811
-0.13224049,-0.5480395,0.82593278,-0.94339101,0.3252916,0.06479707,-0.30418031,-0.77060883,-0.56003224,0.01924318,0.03720688,-0.00367995
-0.13271271,-0.54968384,0.8247636,-0.94316174,0.32583604,0.06539721,-0.30468549,-0.76920644,-0.56168335,0.00865942,0.05887091,-0.00727457
-0.13365616,-0.55420963,0.82157626,-0.94264027,0.32697313,0.06721454,-0.30588427,-0.76546728,-0.56612227,-0.00236665,0.05978059,-0.01779243
-0.13612865,-0.56183259,0.81597362,-0.94230822,0.32768015,0.06841657,-0.30581698,-0.75958525,-0.5740261,-0.00511294,0.03362202,-0.00690546
-0.1381897,-0.56577768,0.81289552,-0.94255384,0.32716792,0.06747855,-0.30413117,-0.75687298,-0.57848716,-0.01118199,-0.00957632,0.00684405
-0.14026294,-0.5677446,0.81116729,-0.9430719,0.32613645,0.06519515,-0.30156541,-0.75584461,-0.58116883,-0.04110205,-0.05337047,-0.00122575
-0.14123801,-0.56750819,0.81116348,-0.94336166,0.32562151,0.06355599,-0.30020081,-0.75624403,-0.5813556,-0.05287762,-0.06075084,-0.00150651
-0.14335107,-0.56416101,0.81312527,-0.94384486,0.3250542,0.05913192,-0.29766968,-0.75898752,-0.57907732,-0.01677974,-0.03347599,0.00419227
-0.14580088,-0.55935525,0.81600479,-0.94418753,0.32494559,0.0540397,-0.29538455,-0.7625825,-0.57551361,0.04618745,-0.00996196,0.02677611
-0.1500363,-0.55618878,0.81740039,-0.94467255,0.32456518,0.0474486,-0.29169014,-0.76505662,-0.57411286,0.03992947,-0.01423591,0.01124906
-0.15279604,-0.55762687,0.8159078,-0.94488873,0.32432469,0.04470705,-0.28954887,-0.76411106,-0.57645086,-0.01328068,-0.04524123,-0.00468269
-0.15800286,-0.55841239,0.81437743,-0.94440208,0.32628839,0.04050356,-0.28833957,-0.7627001,-0.57892031,0.0122417,0.03312587,-0.00432308
-0.16158121,-0.55928522,0.81307532,-0.94418812,0.32726765,0.03747851,-0.28705441,-0.76164025,-0.58095075,0.05841282,0.05920148,0.03272661
-0.16317526,-0.56045765,0.81194879,-0.944185,0.3274147,0.03625143,-0.28616131,-0.7607146,-0.58260167,0.05081233,0.05420565,0.04847587
-0.16569251,-0.56443833,0.80867501,-0.9444511,0.32682498,0.03460476,-0.28382742,-0.75802029,-0.58723684,-0.00693319,0.00112891,0.01293085
-0.1673909,-0.56786502,0.80592162,-0.94488003,0.32572339,0.03325713,-0.2813931,-0.75593229,-0.59108746,-0.02910416,-0.04817843,0.00896768
-0.16823637,-0.56844168,0.80533874,-0.94507052,0.32527955,0.03216927,-0.28024656,-0.75568989,-0.59194131,-0.01753355,-0.02968156,0.00633804
-0.17019221,-0.56828911,0.80503541,-0.94545873,0.32443531,0.02914566,-0.27774506,-0.75616742,-0.59251025,0.03511368,-0.01241195,0.04103826
-0.17250412,-0.56795631,0.8047782,-0.94605838,0.32301663,0.02517509,-0.27425509,-0.75702436,-0.59304153,0.04106764,0.00115967,0.05584113
-0.17335339,-0.5679632,0.80459078,-0.94640438,0.32212917,0.02348405,-0.27252022,-0.75739722,-0.59336503,0.03123313,-0.02461135,0.072593
-0.17523649,-0.56850887,0.80379717,-0.94711409,0.32027073,0.02003969,-0.26882546,-0.75777592,-0.59456589,-0.00276347,-0.05793267,0.06608146
-0.17729512,-0.5684138,0.80341268,-0.94763428,0.31892975,0.01652074,-0.26562276,-0.75841244,-0.59519306,-0.04668205,-0.05438649,0.02022722
-0.1782073,-0.56750806,0.80385113,-0.94781943,0.31846802,0.01471013,-0.26434897,-0.7592843,-0.59464848,-0.03369437,-0.03875756,0.01920237
-0.18000156,-0.56428475,0.80571837,-0.94811331,0.31775164,0.01072396,-0.26206969,-0.761982,-0.59220167,0.02553997,-0.00408709,0.04546956
-0.18181682,-0.56117715,0.80747916,-0.9484552,0.31684151,0.00663664,-0.25956719,-0.76465124,-0.58985847,0.05411285,0.0026176,0.06369481
-0.18257319,-0.56033706,0.80789203,-0.94863019,0.3163471,0.00503364,-0.25839487,-0.76547172,-0.58930916,0.04235911,-0.00755489,0.06074085
-0.18367078,-0.55975307,0.80804789,-0.94889087,0.3155906,0.00293199,-0.25665348,-0.76621079,-0.58910933,-0.01580222,-0.04404616,0.01789723
-0.18426436,-0.5585124,0.80877106,-0.94894073,0.31545024,0.00164072,-0.25604341,-0.76717344,-0.58812141,-0.0537764,-0.02814704,-0.0112924
-0.184387402,-0.556711212,0.809983849,-0.948969214,0.315367808,0.000729369947,-0.255848862,-0.768515275,-0.586451643,-0.0289544724,-0.00234281993,-0.00277115125
-0.18418296,-0.55165491,0.81348226,-0.94908295,0.31502368,-0.00125462,-0.25557403,-0.77229326,-0.58158825,0.03391025,0.04923319,0.04519052
-0.18320905,-0.54735542,0.81660041,-0.94949828,0.31376024,-0.00271672,-0.25472967,-0.7758585,-0.57719671,0.03953397,0.05676281,0.06978246
-0.18236111,-0.54582067,0.81781667,-0.94981661,0.31279247,-0.0030338,-0.25415095,-0.77732914,-0.57547071,0.02154486,0.03612887,0.06312691
-0.17999526,-0.54350722,0.81987892,-0.95056517,0.31051195,-0.00284414,-0.25303635,-0.77986033,-0.57252969,-0.02183785,-0.02569979,0.04347534
-0.17715332,-0.54020798,0.82267358,-0.95109708,0.30888557,-0.00197855,-0.25304312,-0.78279302,-0.5685103,-0.03659324,-0.07480942,0.01604827
-0.17559064,-0.53754391,0.82475114,-0.95127836,0.30832936,-0.00157019,-0.25345094,-0.78484364,-0.56549364,-0.02131015,-0.07602917,0.01633921
-0.17226709,-0.53040762,0.83005532,-0.95162884,0.30724778,-0.00116588,-0.25441427,-0.79010542,-0.55767988,0.04156879,-0.04129004,0.04584306
-0.168694245,-0.52336047,0.835246132,-0.952068984,0.305882785,-0.00062446456,-0.2551606,-0.795317269,-0.54987594,0.0805804282,0.0137079945,0.0691890121
-0.166787318,-0.520603874,0.837349185,-0.952285523,0.305208638,7.60599486e-05,-0.255605816,-0.797382801,-0.546668471,0.0832218975,0.0311230402,0.0814863518
-0.16268901,-0.51674863,0.84053738,-0.95263105,0.30411739,0.00258122,-0.25695586,-0.80030209,-0.54174734,0.04090225,0.02999353,0.05264654
-0.158139564,-0.513722108,0.843256466,-0.953011823,0.302877676,0.00579429768,-0.258380215,-0.802717077,-0.537480186,0.0133390827,-0.0129144778,0.000440094154
-0.15588266,-0.51168366,0.8449144,-0.95320513,0.30223904,0.00717537,-0.25903762,-0.80425826,-0.5348533,0.01197185,-0.02889943,-0.0123088
-0.14772454,-0.49653655,0.85535309,-0.95334277,0.30170751,0.01049471,-0.26327745,-0.81389436,-0.51793913,0.09209342,-0.01925272,0.01237657
-0.14558084,-0.49255793,0.85801678,-0.95329783,0.30181225,0.01151266,-0.2646306,-0.81626955,-0.51349248,0.10142303,-0.00627387,0.01780607
-0.14122423,-0.48644267,0.86222347,-0.95307698,0.30238114,0.01448994,-0.26776866,-0.81971898,-0.50632086,0.09672613,-0.00177443,0.02234651
-0.13655942,-0.48315575,0.86481905,-0.95266429,0.30342451,0.01908606,-0.27162882,-0.82127587,-0.5017207,0.07014263,-0.01673525,-0.00360415
-0.12902872,-0.48119092,0.86706796,-0.9517295,0.30565805,0.02800174,-0.27850047,-0.82160114,-0.49740226,-0.00663453,-0.02456546,-0.04453046
-0.12391927,-0.47824052,0.86944226,-0.95101302,0.30732993,0.03350271,-0.28322794,-0.82269934,-0.49289704,-0.02499173,0.01080394,-0.05663387
-0.12136171,-0.47608225,0.87098613,-0.95069184,0.30805059,0.03591298,-0.28540528,-0.82368101,-0.48999302,-0.01891289,0.03127527,-0.05368355
-0.11603439,-0.47066133,0.87465064,-0.95016708,0.30912609,0.04029211,-0.28934122,-0.82638904,-0.48307613,-0.00616891,0.04588878,-0.03615705
-0.11022636,-0.46528708,0.87826991,-0.94995721,0.3091834,0.04457478,-0.29228653,-0.82940553,-0.47608297,0.01527496,0.05806172,-0.02430636
-0.1071299,-0.46279033,0.87997054,-0.94996723,0.30882857,0.04676621,-0.29340295,-0.83093317,-0.4727204,0.02502202,0.05080175,-0.02391493
-0.10064154,-0.45827757,0.88309282,-0.95017343,0.30747541,0.05127677,-0.29502831,-0.83393077,-0.46638797,0.0108898,0.03494119,-0.03370583
-0.09384835,-0.45336118,0.88637244,-0.95055108,0.30554421,0.05563601,-0.29604917,-0.83732094,-0.45961778,-0.01884793,0.01678276,-0.05225955
-0.09049932,-0.45044646,0.88820481,-0.95077807,0.30448317,0.0575414,-0.29636271,-0.83927822,-0.45583012,-0.02985525,0.01011479,-0.05694026
-0.0781246,-0.43697203,0.89607587,-0.95182461,0.30003283,0.06332613,-0.29652392,-0.84795974,-0.43936067,-0.03109806,-0.02452731,-0.0315412
-0.0752115,-0.43350109,0.89800888,-0.95215948,0.29872615,0.06445896,-0.29620174,-0.85019964,-0.43522981,-0.03032618,-0.0287919,-0.02592129
-0.06936633,-0.4273011,0.90144442,-0.95287912,0.29587541,0.06692607,-0.2953128,-0.85432517,-0.42769008,-0.0282572,-0.03845429,-0.02286986
-0.06049857,-0.41898482,0.90597549,-0.95402388,0.29120791,0.07096724,-0.29356141,-0.86002885,-0.41733918,-0.02978871,-0.02539217,-0.03068287
-0.05445423,-0.41403037,0.9086327,-0.95475595,0.28802967,0.07402594,-0.2923621,-0.86349153,-0.41098236,-0.02781526,-0.01055241,-0.03139052
-0.04806025,-0.40970922,0.91094919,-0.95549133,0.28462914,0.07760471,-0.291078,-0.8666744,-0.40515293,-0.02833857,0.00381422,-0.03889641
-0.0447336,-0.40776063,0.91199236,-0.95585631,0.28285247,0.07958085,-0.2904092,-0.86817376,-0.40241356,-0.03000157,0.00846481,-0.04043728
-0.03774957,-0.40401095,0.91397489,-0.95661383,0.27903726,0.08383417,-0.28890296,-0.87115632,-0.39701599,-0.03342629,0.02097106,-0.04389416
-0.03052169,-0.40022066,0.91591038,-0.95741105,0.27491886,0.08822521,-0.28711058,-0.87420994,-0.39156666,-0.04486696,0.03158736,-0.03851349
-0.02690964,-0.39827163,0.91687262,-0.95779227,0.27287041,0.09041887,-0.28619862,-0.87574044,-0.3888043,-0.03773124,0.03367614,-0.03218822
-0.01970424,-0.39487528,0.91852339,-0.95855534,0.2686291,0.09492123,-0.28422415,-0.87858517,-0.38380294,-0.02019775,0.02498793,-0.02915914
-0.01263618,-0.39179836,0.91996423,-0.95923604,0.2645186,0.09947859,-0.28232314,-0.88120589,-0.37916958,-0.01066342,0.01073027,-0.01216071
-0.00917819,-0.39048479,0.9205636,-0.95954835,0.26250235,0.10178138,-0.28139418,-0.88239113,-0.37709832,-0.00658601,0.00450063,-0.00933829
-0.00260163,-0.38820707,0.92156851,-0.96007929,0.25874879,0.10628657,-0.27971595,-0.88450232,-0.37338274,-0.00234319,-0.0167129,-0.00191772
0.00325644691,-0.386103475,0.922449628,-0.960523157,0.255402806,0.110292936,-0.278180649,-0.886393465,-0.370029589,-0.0107264984,-0.019421814,-1.75980385e-05
0.00593042,-0.38507366,0.92286675,-0.96072981,0.25383858,0.11208989,-0.27742203,-0.88729037,-0.36844636,-0.01570473,-0.0115006,-0.00129952
0.0104926,-0.38340073,0.92352243,-0.96107189,0.25114503,0.1151821,-0.27609893,-0.88878005,-0.36584047,-0.00727045,0.00986171,-0.00719164
0.01437727,-0.38229568,0.92392822,-0.96133683,0.24884753,0.11792557,-0.2749997,-0.88990166,-0.36393718,-0.0165212,0.02929771,-0.01051029
0.01601333,-0.38191252,0.92405963,-0.9614223,0.2479398,0.11913382,-0.27460979,-0.89031934,-0.36320884,-0.02159736,0.03343749,-0.01319394
0.01887004,-0.38138325,0.92422427,-0.96155248,0.24637923,0.12130095,-0.27397174,-0.89097919,-0.36207078,-0.02336907,0.0293318,-0.0180928
0.02098569,-0.3810193,0.92432879,-0.96158268,0.24541919,0.12299606,-0.27371184,-0.89139978,-0.36123124,-0.02898802,0.01841807,-0.00937792
0.02182696,-0.38067185,0.92445255,-0.96155984,0.24517455,0.12366126,-0.2737266,-0.8916156,-0.36068735,-0.0243053,0.0130825,-0.01071966
0.02293773,-0.38007925,0.92466944,-0.96145768,0.24510113,0.12459747,-0.27399442,-0.89188854,-0.35980804,-0.02726208,-0.00620055,-0.00586046
0.02399507,-0.37888351,0.92513327,-0.96120727,0.24561222,0.12551996,-0.2747815,-0.89225667,-0.35829211,-0.03320681,-0.01105332,-0.01279663
0.02442584,-0.37814606,0.92542358,-0.96096232,0.24631667,0.12601354,-0.27559874,-0.89237523,-0.3573676,-0.03028836,-0.0134424,-0.01655421
0.02480061,-0.37744748,0.92569878,-0.96068384,0.24714695,0.12651034,-0.2765346,-0.89244143,-0.35647828,-0.04109067,0.00317681,-0.03262836
0.02488114,-0.37694427,0.92590172,-0.96052383,0.24769631,0.12665131,-0.27708294,-0.89250188,-0.355901,-0.03922769,0.01529825,-0.02843353
0.02495512,-0.37618315,0.9262091,-0.9601324,0.2490255,0.12701159,-0.27842925,-0.89245303,-0.35497114,-0.04322756,0.0172534,-0.02814408
0.02507812,-0.37571865,0.92639435,-0.95971931,0.25035599,0.1275173,-0.27983897,-0.89227647,-0.35430597,-0.04742481,0.02087927,-0.02826685
0.02504317,-0.37565822,0.92641983,-0.95952379,0.25100231,0.12771809,-0.28051186,-0.89212034,-0.3541671,-0.04546085,0.01611805,-0.02020849
0.02515803,-0.37604322,0.92626044,-0.9592103,0.25189348,0.12831657,-0.28157149,-0.89170681,-0.35436736,-0.04334417,0.00482273,-0.03720366
0.0256574371,-0.376453042,0.926080233,-0.959065084,0.252076437,0.129040604,-0.282020665,-0.891482148,-0.354575294,-0.0429909974,-0.000781059207,-0.0448948629
0.0261399735,-0.376596604,0.926008441,-0.959049481,0.251892917,0.129514478,-0.282029658,-0.891473446,-0.354590291,-0.0370560624,0.000176429734,-0.0448226854
0.0273574087,-0.376254403,0.926112241,-0.959029672,0.251462992,0.130492184,-0.28198111,-0.89173917,-0.353959701,-0.0405814871,-3.58819925e-05,-0.0413778126
0.0286934046,-0.3752217,0.926490786,-0.959045283,0.250962157,0.131339235,-0.281795394,-0.892315262,-0.352653607,-0.0325606689,-1.44243231e-05,-0.0299522225
0.02934676,-0.37472462,0.92667158,-0.95904731,0.25073266,0.13176257,-0.28172151,-0.8925887,-0.35202045,-0.02818907,-0.00131822,-0.01960999
0.03066993,-0.37443092,0.92674748,-0.95905215,0.2501606,0.13281067,-0.28156414,-0.89287244,-0.35142638,-0.0193927,-0.00648916,-0.008669
0.03195016,-0.37547841,0.92628018,-0.95912846,0.24918226,0.13409198,-0.28116117,-0.89270602,-0.35217058,-0.01861404,-0.00569147,-0.01028354
0.03261225,-0.37637182,0.92589456,-0.95918402,0.24857097,0.13482776,-0.28089589,-0.89250028,-0.35290339,-0.02001511,-0.00538254,-0.01669701
0.0338588,-0.37805678,0.9251631,-0.95935088,0.24721321,0.13613078,-0.28017773,-0.89216522,-0.35431878,-0.02029126,-0.00940251,-0.02126814
0.03506757,-0.37878208,0.92482128,-0.95956882,0.24584154,0.13707526,-0.27928114,-0.89223656,-0.3548464,-0.02353779,-0.00246429,-0.01617082
0.03563926,-0.37870479,0.92483093,-0.95970432,0.24514808,0.13736751,-0.27874217,-0.89246002,-0.35470768,-0.01964302,0.00316548,-0.00577428
0.03662837,-0.37795682,0.9250983,-0.95997132,0.2439307,0.13766901,-0.27769277,-0.89311048,-0.3538929,-0.00826855,-0.00361633,0.00827283
0.03662837,-0.37795682,0.9250983,-0.95997132,0.2439307,0.13766901,-0.27769277,-0.89311048,-0.3538929,-0.00826855,-0.00361633,0.00827283
0.03786478,-0.37696951,0.92545136,-0.96036433,0.24221558,0.13795631,-0.27616405,-0.89399417,-0.35285663,0.00214618,-0.00864804,0.00880754
0.03857518,-0.37664201,0.92555544,-0.96060978,0.24112473,0.13815863,-0.27521068,-0.89442705,-0.35250458,0.00609047,-0.01008755,0.00662746
0.03909722,-0.37609726,0.92575484,-0.96078876,0.24036945,0.13822915,-0.27451071,-0.89485932,-0.3519522,0.00414761,-0.00529146,0.0030954
0.03915776,-0.37568156,0.92592113,-0.9608621,0.24016295,0.13807865,-0.27424553,-0.89508941,-0.35157391,0.00596114,-0.00210404,0.00174197
0.03933309,-0.37449579,0.92639402,-0.9609476,0.2399751,0.13781043,-0.27392095,-0.89563659,-0.35043188,0.00914231,0.01419032,0.00522677
0.03958729,-0.37320153,0.92690523,-0.96099059,0.23990295,0.13763547,-0.273733,-0.89619588,-0.34914602,0.00961412,0.01353621,0.01914573
0.03977913,-0.37264886,0.92711942,-0.96098063,0.23992451,0.13766787,-0.27374044,-0.89642012,-0.34856435,0.01627305,0.01190066,0.01751561
0.04055827,-0.37149871,0.92754707,-0.96074201,0.24049677,0.13833278,-0.27446247,-0.89674405,-0.34716025,0.00860365,0.00470674,0.01410222
0.0407435227,-0.371372973,0.927589333,-0.96062907,0.240794069,0.138599853,-0.274830211,-0.896716368,-0.346940854,0.00702196546,-0.000485658617,0.0144448783
0.04106123,-0.37103236,0.9277117,-0.9604089,0.24140766,0.13905791,-0.2755517,-0.89669245,-0.34643029,0.00448949,-0.00373661,0.00622348
0.04145876,-0.37054498,0.92788876,-0.96013358,0.24218133,0.13961264,-0.27645009,-0.89668534,-0.34573213,0.00236435,-0.0030365,0.0151074
0.0415639,-0.37025208,0.92800084,-0.95998041,0.24267024,0.13981614,-0.27696531,-0.89667404,-0.34534837,0.00271326,-0.00720894,0.01851614
0.04187894,-0.36988424,0.92813344,-0.95967285,0.2435661,0.1403691,-0.27798212,-0.89658302,-0.34476755,0.00217871,-0.00613582,0.01674356
0.04208397,-0.36983276,0.92814468,-0.95936993,0.244449,0.14090396,-0.2789949,-0.89636395,-0.34451902,-0.00653317,-0.00562614,0.01360471
0.04218626,-0.3698267,0.92814248,-0.95922402,0.24486844,0.14116897,-0.27948084,-0.89625198,-0.34441656,-0.00687099,-0.00174856,0.01070145
0.04247034,-0.36974656,0.92816136,-0.95889975,0.24577967,0.14178657,-0.28054821,-0.89603552,-0.34411149,-0.00938594,-0.00242776,-0.00112281
0.04286683,-0.3691427,0.92838349,-0.95858377,0.24668606,0.14234815,-0.28156598,-0.89603544,-0.34327952,-0.00838344,0.00188708,-0.0076808
0.04318609,-0.36871322,0.9285395,-0.95840943,0.2471507,0.14271632,-0.28211061,-0.89608435,-0.34270477,-0.01179115,0.00311577,-0.00611931
0.04374748,-0.36755703,0.92897143,-0.95805873,0.24816643,0.14330681,-0.28321293,-0.89627853,-0.34128455,,,
0.0445204427,-0.366550793,0.929332309,-0.957696438,0.249088976,0.144125943,-0.284315943,-0.896434756,-0.339954855,0.00453647599,-0.000449180574,-0.00534561556
0.04497157,-0.36626089,0.92942473,-0.95751752,0.24947657,0.14464264,-0.28484657,-0.89644534,-0.33948183,0.00360673,-0.00148439,-0.00671346
0.04721846,-0.36601605,0.92940984,-0.95682801,0.25057087,0.14729013,-0.28679358,-0.89624019,-0.33838284,0.00198901,-0.0039376,-0.00929871
0.0479317599,-0.366123667,0.929330917,-0.956677518,0.250669707,0.148097207,-0.287176984,-0.896168576,-0.338247231,-0.000728911255,-0.00240683532,-0.0136042014
0.04935728,-0.36633912,0.92917136,-0.95637459,0.2508673,0.14971026,-0.2879434,-0.89602521,-0.33797528,-0.0079343,0.00334501,-0.00964209
0.0508396,-0.36634499,0.92908907,-0.95613044,0.25087896,0.15124213,-0.28849564,-0.8960195,-0.33751897,-0.00737975,-0.00660276,-0.01138993
