0,1,2,3,4,5,6,7,8,9,10,11
0.95690772,-0.0058882,0.29033245,0.03433706,-0.99048587,-0.13325954,0.28835493,0.13748625,-0.94760138,0.00380375,-0.00866008,0.00318823
0.95687036,-0.00594908,0.29045436,0.03431244,-0.99047822,-0.13332558,0.28848186,0.13754149,-0.94755512,0.00588251,-0.00429684,-0.00239916
0.95680766,-0.00607364,0.29065826,0.0343509,-0.99041637,-0.13377441,0.28868517,0.13798075,-0.94742934,0.00560647,0.00316811,0.00129136
0.95670747,-0.00623544,0.29098441,0.03434128,-0.9903684,-0.1341307,0.28901814,0.13831662,-0.94727872,0.00746159,0.00563598,0.00290332
0.956631332,-0.00627207611,0.291233852,0.0343772509,-0.990351153,-0.134249206,0.289265795,0.138438816,-0.947185327,0.00309378048,-0.00401920034,-0.000825670373
0.956490947,-0.0063006588,0.291693955,0.0344897179,-0.990314964,-0.134485947,0.289716277,0.138695034,-0.947009984,0.00220616022,-5.53131067e-05,0.00688623032
0.95638916,-0.00634167,0.29202664,0.03452988,-0.99029937,-0.13459098,0.29004734,0.138805,-0.9468926,,,
0.95635157,-0.00640265,0.29214839,0.03450538,-0.99029124,-0.13465678,0.29017418,0.13885991,-0.94684565,0.00345111,-0.00340277,0.00409406
0.95633945,-0.00647131,0.29218654,0.03448864,-0.9902701,-0.13481519,0.2902161,0.1390062,-0.94681116,0.00780464,-0.0012604,0.00167233
0.95631519,-0.00657277,0.29226366,0.03441956,-0.99026171,-0.13489434,0.29030422,0.13906109,-0.94677607,0.00440312,-0.00663125,0.00238055
0.9562897,-0.00660098,0.29234641,0.03444741,-0.99024109,-0.13503935,0.29038487,0.13920732,-0.94672997,0.00346426,-0.00577438,0.00193937
0.9562144,-0.00674693,0.29258929,0.03442224,-0.99020236,-0.13532918,0.29063572,0.13947529,-0.9466135,,,
0.95612446,-0.0067912,0.29288205,0.03455058,-0.99014022,-0.13575051,0.29091627,0.13991363,-0.94646263,-0.00224502,-0.00615686,0.00355356
0.95607336,-0.00683579,0.29304779,0.03459456,-0.99010995,-0.13596115,0.29107894,0.14012669,-0.94638126,,,
0.95600883,-0.00688785,0.293257,0.03473079,-0.99003463,-0.13647464,0.29127459,0.14065601,-0.94624263,,,
0.95595768,-0.0069325,0.29342266,0.03477486,-0.99000394,-0.13668506,0.29143718,0.14086886,-0.94616079,,,
0.95591867,-0.0069204,0.29354999,0.0348475,-0.98998307,-0.13681638,0.29155641,0.14101482,-0.94610213,0.00328404,-0.00430548,-0.00147958
0.95582841,-0.00694107,0.29384328,0.03495237,-0.98994337,-0.13707896,0.29183965,0.14129448,-0.9459734,,,
0.95576371,-0.00698143,0.2940527,0.03507693,-0.98987859,-0.13751286,0.29203654,0.14174427,-0.94584514,,,
0.95572462,-0.00696944,0.29418,0.03514964,-0.9898578,-0.13764409,0.29215569,0.14189016,-0.9457865,,,
0.95565984,-0.00697388,0.29439027,0.03523852,-0.9898272,-0.13784072,0.29235683,0.14210271,-0.94569235,,,
0.955608479,-0.00700673182,0.294556184,0.0352708883,-0.989808013,-0.137971914,0.292520776,0.142236389,-0.9456218,0.00480028614,-0.00378435827,0.000941345585
0.955505654,-0.00709657214,0.294887418,0.0353595329,-0.989746237,-0.138391937,0.292845786,0.142661359,-0.945457199,0.00385917444,0.000199079499,-0.00396015774
0.95546645,-0.00710875,0.29501408,0.03545622,-0.98970182,-0.13868073,0.29296194,0.14296487,-0.94537482,,,
0.95544072,-0.00712524002,0.295097025,0.0354724593,-0.989692279,-0.138746314,0.293043901,0.143031696,-0.945339546,-0.00657799607,0.000925302447,0.00671928655
0.95538798,-0.00707299,0.295269,0.03558995,-0.98967182,-0.13886373,0.29320157,0.14317735,-0.94526884,,,
0.95534871,-0.00703707,0.29539688,0.03563887,-0.98967379,-0.1388368,0.29332355,0.14316517,-0.94523279,0.0058874,-0.0068689,-0.00284202
0.955336457,-0.00709393722,0.295435145,0.0356104561,-0.989663626,-0.13891569,0.293366911,0.143231803,-0.945209118,0.00584658375,-0.00934696104,-0.000890053459
0.955297176,-0.00708211384,0.295562415,0.0356833085,-0.989642561,-0.139046511,0.293485943,0.143377384,-0.945150022,0.00442874525,-0.00394010497,-0.000197142363
0.95528366,-0.00708998,0.29560592,0.03577589,-0.98959691,-0.13934886,0.29351868,0.14369325,-0.9450921,0.001754,0.00138259,-0.00718847
0.95527014,-0.00706167,0.29565028,0.03583251,-0.98958558,-0.13941422,0.29355577,0.14377214,-0.94506852,,,
0.95528113,-0.00694369,0.29561754,0.03596986,-0.98957128,-0.13947956,0.29350318,0.14387551,-0.945069,-0.00348302,0.00286651,-0.00371226
0.95529211,-0.0068016,0.29558539,0.03608329,-0.98958025,-0.13938716,0.29345354,0.14382115,-0.94509278,-0.0036259,-0.00230932,-0.0055163
0.95533012,-0.00672817,0.29546418,0.03609544,-0.98960014,-0.13924279,0.29332826,0.14368775,-0.94515197,,,
0.95542091,-0.0066829,0.29517152,0.03596619,-0.98966377,-0.13882326,0.29304832,0.14325084,-0.9453051,,,
0.95548201,-0.00638651,0.29498023,0.0360964,-0.98972547,-0.13834946,0.29283301,0.14283814,-0.94543436,0.00120113,-0.00652325,0.00279075
0.95549422,-0.00632964,0.2949419,0.03612483,-0.98973542,-0.1382704,0.29278967,0.1427713,-0.94545782,0.00519353,-0.00524878,0.00299851
0.95590083,-0.00587108,0.29363093,0.03618098,-0.98982997,-0.1375768,0.29145245,0.14213364,-0.94596687,,,
0.95595202,-0.00582631,0.29346514,0.03613685,-0.98986086,-0.13736666,0.29128999,0.14192084,-0.94604895,-0.00279275,0.00336623,0.00282311
0.95599105,-0.00581439334,0.2933382,0.0360404385,-0.989904335,-0.137077365,0.29117382,0.141616772,-0.946130125,0.00505039515,-0.00294488645,-0.00059954857
0.956016617,-0.00578606272,0.293255418,0.0360124402,-0.989925333,-0.136932708,0.291093324,0.141470788,-0.94617669,0.0137564894,-0.00594389392,0.000495736953
0.95614436,-0.00571624,0.29284002,0.03594393,-0.98996222,-0.13668366,0.29068193,0.14121513,-0.94634132,0.01052816,-0.01008552,0.00446851
0.95633628,-0.0056782,0.2922134,0.03582245,-0.98999558,-0.13647456,0.29006494,0.14098338,-0.94656527,0.00401439,-0.01027149,0.00939895
0.95643812,-0.00564873,0.29188046,0.03579381,-0.99000005,-0.136449,0.28973249,0.14095254,-0.94667159,0.00432988,-0.00975621,0.00548766
0.956604007,-0.00567471598,0.291335843,0.0357357583,-0.989978538,-0.136621765,0.289191514,0.141104035,-0.946814647,0.00091331685,-0.00533628417,0.00319513935
0.95664274,-0.00578207,0.29120651,0.03575772,-0.98990847,-0.13712291,0.28906063,0.14159052,-0.946782,-0.00859503,0.00293326,0.00200606
0.95666812,-0.00580142,0.29112274,0.03577707,-0.98988403,-0.13729437,0.28897424,0.14176067,-0.94678294,-0.00830152,0.00721717,0.0104059
0.95670552,-0.00576403,0.29100057,0.03582501,-0.9898695,-0.13738677,0.28884447,0.14186378,-0.94680712,-0.01021098,0.00264835,0.00846175
0.95666548,-0.00560716,0.29113521,0.0359236,-0.98990426,-0.13710954,0.28896478,0.14162658,-0.94680581,-0.00905086,-0.0012877,0.00241202
0.95662675,-0.0055474,0.29126358,0.03594888,-0.98992869,-0.1369247,0.28908983,0.14145643,-0.94679283,-0.01001504,-0.00341684,-0.00173126
0.95654923,-0.00545157,0.2915199,0.03602299,-0.98995548,-0.13671307,0.28933703,0.1412742,-0.94674477,-0.0078915,-0.00416154,0.00107319
0.95642208,-0.00547356866,0.291936363,0.0360440552,-0.989963846,-0.136646093,0.289754424,0.141213911,-0.946625985,-0.0115276091,0.00455868198,-0.000368718524
0.956371158,-0.00548236207,0.292102974,0.0360524755,-0.989967256,-0.136619304,0.289921408,0.141189797,-0.946578474,-0.00787103549,-0.000521182956,-0.00222199364
0.95621959,-0.00560589,0.2925964,0.03600449,-0.98996704,-0.13663134,0.29042685,0.14118435,-0.94642402,-0.00430378,-0.00804239,0.0030247
0.95607853,-0.0055754,0.2930576,0.03605823,-0.98998749,-0.13647173,0.29088425,0.14104483,-0.94630474,0.00267869,-0.01040298,0.00721146
0.95602607,-0.00549893,0.29323015,0.03615165,-0.98998969,-0.13643141,0.29104504,0.14103274,-0.94625716,0.00566105,-0.00955087,0.00545547
0.95581863,-0.0054114,0.29390723,0.03640283,-0.98995549,-0.13661303,0.29169432,0.14127633,-0.94602092,0.00817137,-0.0028612,0.00105319
0.95557285,-0.0054093,0.29470539,0.03665365,-0.98989023,-0.13701767,0.29246716,0.14173239,-0.94571395,0.00777119,-0.0017333,-0.01019198
0.955417183,-0.00541062065,0.295209622,0.036823639,-0.989842061,-0.137317996,0.292953947,0.142066666,-0.945512864,0.00844189711,0.000962972583,-0.00632903725
0.95514583,-0.00552289,0.29608435,0.03701812,-0.98975698,-0.13787971,0.29381305,0.14265571,-0.9451578,,,
0.95496355,-0.00551694,0.29667184,0.0371807,-0.98972204,-0.13808674,0.29438446,0.14289827,-0.94494335,-0.00165392,0.00773358,0.00756736
0.95489817,-0.00550961615,0.296882332,0.0372577661,-0.989702557,-0.138203746,0.294586717,0.143031677,-0.944859875,-0.000778143643,0.00847196486,0.00209194655
0.954794555,-0.0055272589,0.297215086,0.0372746515,-0.989709782,-0.138149168,0.294920258,0.142982662,-0.944763485,0.00566145591,-0.0128436079,-0.000898405618
0.95475637,-0.00558863,0.29733659,0.0372505,-0.98970164,-0.1382145,0.29504691,0.14303712,-0.94471577,0.00747089,-0.00678265,0.00291414
0.95475637,-0.00560075973,0.297336337,0.0372625399,-0.989689888,-0.138293423,0.295045368,0.143116034,-0.944704018,0.0114974268,-0.00808310416,0.000465422869
0.954770023,-0.00570181626,0.297290579,0.0372781306,-0.989632259,-0.138701811,0.29499922,0.143510769,-0.944658659,0.00919402111,-4.91142237e-05,0.00232105376
0.95479456,-0.00567281,0.29721234,0.03741908,-0.98957155,-0.13909645,0.29490196,0.14392994,-0.94462525,,,
0.95479456,-0.00570919,0.29721165,0.03745517,-0.98953699,-0.13933322,0.29489739,0.14416671,-0.94459069,,,
0.95484357,-0.00557832,0.29705661,0.03766473,-0.98948447,-0.13964873,0.29471192,0.14453125,-0.94459278,-0.00147867,-0.00336599,0.00389267
0.95493349,-0.00556844,0.2967676,0.03774026,-0.989431,-0.14000523,0.29441075,0.14489577,-0.94463063,0.00240361,-0.00792646,0.00570157
0.95497159,-0.00553119,0.29664569,0.03778831,-0.98941617,-0.14009779,0.294281,0.14499915,-0.94465531,0.00597666,-0.00404036,-0.00190793
0.95502189,-0.0054853,0.29648457,0.03791266,-0.98936493,-0.14042682,0.29410172,0.1453512,-0.9446572,0.00389155,-0.00440562,-0.00180735
0.955081479,-0.00527239355,0.29629641,0.0382951978,-0.989262239,-0.141043935,0.293858535,0.14605518,-0.944624128,-0.000288907293,0.00727248145,0.0013560704
0.95513022,-0.00517735,0.29614096,0.03854028,-0.98917416,-0.1415957,0.29366805,0.14665569,-0.9445906,,,
0.95507564,-0.00508854,0.29631846,0.03879087,-0.98910426,-0.14201378,0.29381251,0.14712836,-0.94447199,-0.00366185,-0.00538921,0.00236553
0.955022478,-0.00506085371,0.296490205,0.0389325682,-0.989059094,-0.14228786,0.29396651,0.14743123,-0.944376624,-0.0107588656,-0.00690424396,-5.88013791e-05
0.95490086,-0.00484391,0.29688528,0.0393098,-0.98900341,-0.14257225,0.29431119,0.14781287,-0.94420979,-0.00538892,-0.00295228,-0.0013535
0.95488565,-0.00479096,0.29693506,0.03951143,-0.98893102,-0.14301721,0.29433353,0.14829741,-0.94412674,,,
0.95487346,-0.00487218,0.29697293,0.0395071,-0.98889696,-0.14325331,0.29437366,0.14852132,-0.94407897,0.00392613,-0.00365698,0.00140064
0.954821679,-0.00492989143,0.297138435,0.0395639616,-0.988853076,-0.143540715,0.294533948,0.148811761,-0.943983301,0.00158067257,-0.000239610657,-0.00760499435
0.95463866,-0.00496224,0.29772541,0.03976424,-0.98878121,-0.14398185,0.29509973,0.14928946,-0.94373145,0.0012191,0.0040698,-0.0077524
0.95453326,-0.00495646,0.29806321,0.0399272,-0.98872713,-0.14430639,0.29541846,0.14964608,-0.94357504,-0.00099399,0.00395775,-0.00588999
0.95435119,-0.00511085,0.29864309,0.04007903,-0.98862015,-0.14499635,0.29598562,0.15034676,-0.94328597,,,
0.95421938,-0.00509796,0.29906418,0.04023471,-0.98857981,-0.14522797,0.29638917,0.15061211,-0.9431169,-0.00473704,-0.00820529,-0.00317496
0.95413958,-0.00505132,0.29931948,0.04035736,-0.98855984,-0.14532995,0.29662932,0.1507448,-0.94302021,-0.00535721,-0.00928157,-0.00222687
0.95400901,-0.0051969,0.29973288,0.04050072,-0.98844838,-0.14604646,0.29702946,0.15146904,-0.94277818,0.00551831,-0.00497526,0.00621375
0.95391981,-0.00551212,0.30001102,0.04055848,-0.98828707,-0.14711823,0.29730793,0.15250698,-0.94252305,0.01292423,-0.0138275,0.00305442
0.95386748,-0.00561936,0.30017537,0.04066437,-0.98819325,-0.14771846,0.29746132,0.15311028,-0.94237691,0.01034299,-0.01298749,0.00212868
0.95346939,-0.00593823,0.30143137,0.0414856,-0.98771139,-0.15068276,0.29862196,0.15617646,-0.94150622,-0.00494322,0.01099324,-0.0048929
0.95334869,-0.00596753,0.3018123,0.04176772,-0.98758029,-0.15146041,0.29896778,0.15700059,-0.94125912,0.00158153,0.0091331,0.00137065
0.95320146,-0.0060757,0.30227481,0.04212775,-0.98737543,-0.15269296,0.29938642,0.15828132,-0.94091175,-0.00208931,-0.00302517,0.00578933
0.95313316,-0.00609552714,0.302489724,0.0424007775,-0.987239149,-0.153497226,0.299565289,0.159129095,-0.940711923,-0.00411769189,0.000521302165,0.0131343696
0.95311757,-0.00600717,0.30254061,0.042567,-0.98719974,-0.15370378,0.29959132,0.15937602,-0.94066171,-0.00609723,0.00183988,0.00544861
0.953035176,-0.00592579236,0.302801641,0.0428242544,-0.987126268,-0.154102614,0.299816664,0.159832466,-0.940512284,-0.000925705419,0.00239014602,0.00556076365
0.95284854,-0.00598698,0.30338722,0.04305274,-0.98702385,-0.15469349,0.30037662,0.16046112,-0.94022648,,,
0.952741018,-0.00595926179,0.303725273,0.0431937162,-0.986992149,-0.154857612,0.300697285,0.160658222,-0.940090504,0.000479417969,-0.0014066695,0.00495771598
0.95263008,-0.00574901,0.30407708,0.04349231,-0.98696995,-0.15491525,0.30100555,0.16080195,-0.93996723,-0.0034331,-0.00203872,0.00402227
0.95251897,-0.00557583,0.30442821,0.04382751,-0.98690937,-0.15520697,0.30130844,0.16117991,-0.93980552,,,
0.95243592,-0.00547041,0.30468982,0.04406082,-0.98686085,-0.1554487,0.30153682,0.16147981,-0.93968069,,,
0.95227298,-0.00542993,0.30519942,0.04435782,-0.98676684,-0.15595977,0.30200754,0.16205426,-0.93943053,,,
0.952111452,-0.00547487585,0.305702141,0.0445701932,-0.986674049,-0.156484693,0.302485159,0.162616073,-0.939179637,-0.000251598249,-0.0120686283,-0.000500824826
0.952031444,-0.00556475203,0.305949587,0.0446585405,-0.98660241,-0.156909926,0.302723853,0.163046446,-0.939027989,0.000467519247,-0.00912511256,-0.000116509167
0.951564253,-0.00617087409,0.307388008,0.0451703549,-0.986143093,-0.159628406,0.30411364,0.165781511,-0.93809977,0.00518381689,-8.01086353e-05,-0.00417007832
0.95149805,-0.00635107,0.30758918,0.04526366,-0.986017,-0.160378,0.30430682,0.16652197,-0.93790577,,,
0.951308357,-0.00651513193,0.308171971,0.045593587,-0.985804887,-0.161585784,0.304850185,0.167768572,-0.937507379,0.000519304187,0.00143027294,-0.00530333538
0.951089627,-0.00666256999,0.308843207,0.0460757866,-0.985524386,-0.163151803,0.305459552,0.169402181,-0.937015033,-0.00208766712,-0.00455623819,-0.000942434475
0.95102138,-0.00675847,0.3090512,0.04625463,-0.98539422,-0.16388511,0.30564494,0.1701533,-0.93681835,0.00470478,-0.00606179,0.00239449
0.95081636,-0.00702193,0.30967555,0.04676708,-0.98502845,-0.16592756,0.30620433,0.17224926,-0.93625277,0.00520332,0.00136924,-0.01186528
0.95076232,-0.0071455473,0.309838582,0.0468889219,-0.984909611,-0.16659622,0.306353447,0.172921406,-0.936079896,0.000326232985,0.00643706275,-0.0161846671
0.95065238,-0.00740801,0.31016956,0.04731648,-0.98455878,-0.16853728,0.30662875,0.1748965,-0.93562263,-0.00403722,-0.00235867,0.00417184
0.95066504,-0.00758752,0.31012643,0.04757845,-0.98430696,-0.16992946,0.30654896,0.17630133,-0.93538522,-0.00317961,-0.01252395,0.00827596
0.95062357,-0.00764108,0.31025221,0.04771551,-0.98421154,-0.17044172,0.30665624,0.17682976,-0.93525008,-0.00189572,-0.01098335,0.00234968
0.95051171,-0.00770663,0.31059314,0.04811713,-0.9839789,-0.17166846,0.30694011,0.17811773,-0.93491264,0.0026205,-0.00155342,-0.0077256
0.95031828,-0.0078402601,0.311181125,0.0485853161,-0.983694648,-0.173159392,0.307464843,0.17967537,-0.934442081,0.000248656783,0.00796878245,-0.00301309465
0.950235,-0.00788559,0.3114342,0.04879827,-0.98357215,-0.17379556,0.30768844,0.18034408,-0.93423989,-0.00817744,0.00745177,0.00461267
0.95013715,-0.00794168,0.31173117,0.04910608,-0.98339206,-0.17472524,0.30794153,0.18132084,-0.93396736,-0.00974969,0.00955272,-0.00717552
0.94999745,-0.00792686,0.31215703,0.04942783,-0.98325667,-0.17539392,0.30832083,0.18205303,-0.93369952,-0.01064523,0.00114763,-0.01045735
0.94987389,-0.00797402,0.31253157,0.04955789,-0.98319413,-0.17570625,0.30868039,0.18238719,-0.93351524,-0.01135963,-0.0012536,-0.01031487
0.949571648,-0.00803038171,0.31344727,0.0497800789,-0.983131697,-0.175993465,0.30957329,0.182721835,-0.933154224,-0.00834822189,0.000210523591,0.00183954765
0.94936722,-0.00810515,0.31406396,0.04976811,-0.9831643,-0.17581422,0.31020154,0.18254263,-0.93298057,-0.00481823,-0.00295436,-0.00812789
0.949314226,-0.00820210324,0.314221619,0.0496948254,-0.983170839,-0.175799723,0.310375458,0.182504367,-0.932930462,1.09187094e-05,-0.00906187203,-0.00458194315
0.94915319,-0.00849636,0.31469992,0.04964703,-0.98308731,-0.17627999,0.31087522,0.18294063,-0.93267864,-0.00447212,-0.0124222,-0.01035042
0.94874035,-0.00877633,0.31593469,0.04992068,-0.9829054,-0.17721405,0.31208921,0.18390179,-0.93208389,-0.0067538,-0.00159121,-0.00670185
0.94850475,-0.00886119,0.31663892,0.05008716,-0.98283759,-0.17754299,0.31277788,0.18425991,-0.93178229,-0.00366506,-0.00197411,-0.00647048
0.94815956,-0.00911911,0.31766377,0.05025516,-0.98270784,-0.17821147,0.31379587,0.18493716,-0.93130555,0.01378593,-0.00151348,-0.01205188
0.94798182,-0.00941347,0.31818524,0.05029181,-0.98257999,-0.17890587,0.31432658,0.18560163,-0.93099455,0.01052376,-0.00196815,-0.00370886
0.94790024,-0.00958045,0.31842322,0.05028763,-0.98251555,-0.17926019,0.31457318,0.18593352,-0.93084495,0.00758971,0.00305366,-0.00414605
0.947790737,-0.00983036238,0.318741394,0.0503651713,-0.982365194,-0.180060221,0.314890555,0.186712875,-0.930581515,0.0106623769,0.00314390636,-0.000601328677
0.9477386,-0.01008917,0.3188883,0.05028336,-0.98228502,-0.18052064,0.31506051,0.18712116,-0.93044212,0.01891938,-0.0040856,-0.00647137
0.947784757,-0.0103434399,0.318742952,0.0501134617,-0.982226395,-0.180886746,0.314948721,0.187415014,-0.930420862,0.0228800308,-0.00676655723,0.000572699588
0.94801243,-0.01067659,0.31805413,0.04993843,-0.98206365,-0.18181601,0.31429059,0.18824697,-0.93047538,0.0065328,0.00184762,0.00122675
0.948250874,-0.0108658393,0.317336107,0.0498741257,-0.981911412,-0.182653251,0.31358068,0.189027966,-0.930556421,-0.000708067731,0.00482988311,0.00144960347
0.94840406,-0.01089943,0.31687686,0.04982404,-0.98186917,-0.18289481,0.31312507,0.18924627,-0.93066566,,,
0.94863989,-0.01087611,0.31617096,0.0497182,-0.98186423,-0.18295017,0.31242674,0.18927328,-0.93089483,0.0022784,-0.00327951,-0.00499408
0.948944874,-0.0109300348,0.315252531,0.0496048687,-0.981794264,-0.183355643,0.311517225,0.189632458,-0.931126449,-0.00760093797,0.00483894302,1.03947241e-05
0.94908242,-0.01091124,0.31483886,0.04958718,-0.98176706,-0.18350537,0.31110074,0.18977369,-0.93123679,-0.01191191,0.00766027,-0.00174211
0.949517941,-0.0105651349,0.313534787,0.0495852791,-0.981815208,-0.1832496,0.309769244,0.189545493,-0.931727285,-0.00471195346,-0.0055548544,0.000177530572
0.9496419,-0.01054163,0.3131599,0.04947851,-0.98184956,-0.18309227,0.30940609,0.18936678,-0.93188388,-0.00372221,-0.00659907,0.0080043
0.94988936,-0.01054485,0.31240839,0.04931463,-0.98185968,-0.18308411,0.30867178,0.18931596,-0.93213805,-0.01149903,0.00467622,0.00300478
0.94997114,-0.01051344,0.3121607,0.04928412,-0.98186742,-0.18305091,0.30842489,0.18927765,-0.93222757,-0.01208907,0.01108289,-0.00327155
0.94994559,-0.01059218,0.31223579,0.04919312,-0.98188623,-0.18297423,0.3085181,0.18917542,-0.93221743,-0.00762831,0.01146221,-0.00805738
0.949812585,-0.01074344,0.312634975,0.049004424,-0.981960745,-0.182624013,0.308957304,0.188779083,-0.932152195,9.94889997e-05,0.00438713981,-0.0100852475
0.949746834,-0.0107988374,0.31283276,0.0488057158,-0.982073063,-0.182072751,0.309190803,0.188191045,-0.932193737,-0.000486292061,-0.0059320922,0.00630864361
0.94971952,-0.01077999,0.31291632,0.04878694,-0.98210506,-0.18190483,0.30927765,0.18802479,-0.93219842,-0.00210726,-0.0040195,0.00700926
0.949692197,-0.0107234865,0.31300118,0.0487309243,-0.982181596,-0.181506632,0.309370375,0.187628269,-0.932247633,0.00265705725,-0.000255823106,-0.00442489842
0.94965202,-0.01073765,0.31312254,0.04866031,-0.9822301,-0.18126195,0.30950476,0.18737242,-0.9322543,0.00937283,-0.00550151,-0.00647038
0.94954427,-0.01087253,0.31344451,0.04862427,-0.98221157,-0.18137189,0.30984085,0.18746165,-0.93212469,0.01001319,-0.00294,-0.01507223
0.9492315,-0.01118463,0.31437948,0.04867777,-0.9821081,-0.18191703,0.31078936,0.18798466,-0.93170349,0.00500468,-0.00492907,-0.00762399
0.9490537,-0.01138105,0.31490878,0.04878651,-0.98199104,-0.18251986,0.31131486,0.18858445,-0.931407,-0.00490762,0.00525689,0.00392145
0.94897116,-0.01141239,0.31515631,0.04881698,-0.98198339,-0.18255283,0.31156162,0.18862235,-0.9313168,-0.00752245,0.00398755,-0.00320364
0.94877993,-0.01156621,0.31572592,0.04879921,-0.98197197,-0.18261852,0.31214624,0.18867196,-0.93111087,0.00188603,0.00199485,-0.0165094
0.9487556,-0.0118435062,0.315788749,0.0487359115,-0.981858065,-0.183246262,0.312230065,0.18924617,-0.930966124,-0.000593122095,0.00452196551,-0.00867264625
0.948814,-0.01205142,0.31560537,0.0486045,-0.98179634,-0.18361112,0.31207305,0.18955264,-0.93095634,,,
0.948898268,-0.0121427792,0.315348418,0.0485267016,-0.981760751,-0.183822724,0.311828849,0.189731884,-0.931001822,0.000141138793,-0.00256836391,-0.00494770752
0.94895335,-0.01213022,0.31518309,0.04851458,-0.9817558,-0.18385182,0.31166305,0.18975777,-0.93105195,-0.00314193,-0.00546765,-0.01510803
0.948938778,-0.0121035241,0.315228009,0.0485724563,-0.981741462,-0.183913917,0.311698427,0.189834447,-0.931024643,-0.00151428848,-0.000673890056,-0.0092002498
0.94884156,-0.01213361,0.31551936,0.04868593,-0.98168936,-0.18416198,0.31197656,0.19010189,-0.93087693,-0.00289414,0.00382388,0.00332804
0.94880101,-0.01219814,0.31563878,0.04866518,-0.9816787,-0.18422394,0.31210308,0.19015248,-0.93082412,-0.01405126,-0.00351351,0.00187699
0.948773419,-0.0122044458,0.31572148,0.0486712476,-0.981681235,-0.184209392,0.31218602,0.190139533,-0.930799056,-0.00609926041,-0.00544714881,0.000676424475
0.94876361,-0.01239459,0.31574353,0.04843755,-0.98171587,-0.18408531,0.31225216,0.18994729,-0.93081592,0.0036687,-0.01408619,-0.00389326
0.94876988,-0.01274691,0.31571066,0.04811133,-0.98170674,-0.18422027,0.31228354,0.18997191,-0.93080051,0.00812873,-0.00802368,0.00105906
0.94879902,-0.01283817,0.31561938,0.04803307,-0.98169063,-0.18432593,0.31220704,0.19004843,-0.93081044,0.00819543,-0.00408512,-0.00132407
0.948815118,-0.0130002903,0.315564355,0.0479405278,-0.981646622,-0.184584815,0.312172349,0.190265185,-0.930777914,0.00480005797,0.000274300546,-0.00616785418
0.94887026,-0.01302556,0.31539748,0.04796585,-0.98159664,-0.18484363,0.31200082,0.19052093,-0.93078307,0.01323153,0.0033381,-0.00864086
0.9488848,-0.01309012,0.31535104,0.04794545,-0.98156599,-0.18501136,0.31195971,0.19067411,-0.93076544,0.01885658,0.00141788,-0.00243235
0.948941419,-0.0132632995,0.315173388,0.047948392,-0.981442036,-0.185667241,0.311786997,0.191299392,-0.93069504,0.012426421,0.00394833041,-0.000228000572
0.948985,-0.01344416,0.31503446,0.04787452,-0.98136489,-0.18609339,0.31166566,0.19168197,-0.93065692,,,
0.94904156,-0.01351633,0.31486095,0.04777752,-0.98136137,-0.18613695,0.31150829,0.19169498,-0.93070695,-0.00440839,-0.00313264,-0.01035227
0.94918353,-0.01376432,0.31442196,0.04751755,-0.98132297,-0.18640592,0.31111526,0.19187399,-0.93080155,-0.00186828,-0.00666058,0.00387933
0.94936856,-0.01421784,0.31384259,0.04720807,-0.98117639,-0.18725331,0.31059735,0.19258831,-0.93082681,0.00584973,0.00180888,0.01818953
0.94949552,-0.01442623,0.31344878,0.04699316,-0.98113831,-0.18750724,0.31024168,0.19276724,-0.93090848,0.00208109,-0.00297338,0.02230008
0.94974605,-0.01459791,0.3126809,0.04665812,-0.98115066,-0.187527,0.30952458,0.19269213,-0.93116285,-0.00114278,-0.00410873,0.01469056
0.950010207,-0.0147838957,0.31186863,0.0462528581,-0.981192671,-0.187407554,0.308773832,0.192463905,-0.931459254,0.00557369879,-0.0120548597,-0.000452620676
0.950109,-0.01502344,0.31155605,0.04606851,-0.98112636,-0.18779928,0.30849727,0.19278271,-0.93148487,0.00840629,-0.00562429,-0.00980064
0.95023619,-0.01552779,0.31114316,0.04597774,-0.98082936,-0.18936564,0.30811885,0.19424774,-0.9313056,0.00341693,-0.0018307,-0.00716418
0.95042773,-0.01571577,0.31054811,0.04599598,-0.98062907,-0.19039625,0.30752477,0.19524184,-0.9312942,-0.00394766,0.0077064,-0.0071402
0.95054915,-0.01564362,0.31017995,0.04600955,-0.98061757,-0.19045315,0.30714727,0.19530632,-0.93140544,-0.0051122,0.00120616,-0.01304666
0.95116808,-0.01521081,0.30829841,0.04592159,-0.98069724,-0.19006373,0.30523841,0.19494011,-0.93210941,-0.01382199,-0.01280194,0.00985635
0.9513296,-0.01515885,0.30780221,0.04587092,-0.98069788,-0.19007211,0.30474227,0.19494039,-0.93227157,-0.01636169,-0.01022577,0.01265375
0.95162365,-0.01502559,0.30689844,0.04590924,-0.98063917,-0.19036593,0.30381699,0.1952462,-0.93250961,-0.00946671,0.00669098,0.01114699
0.95190413,-0.01492559,0.30603226,0.04589596,-0.9805973,-0.19058297,0.30293907,0.19546236,-0.93274957,0.01323205,0.00276268,0.01663329
0.95206441,-0.01481242,0.30553878,0.04578473,-0.98067537,-0.19020888,0.30245183,0.19508011,-0.93298794,0.01978637,-0.00161064,0.00879812
0.95231832,-0.01462135,0.30475572,0.04551237,-0.9808682,-0.18927909,0.30169265,0.1941241,-0.93343331,0.01810264,-0.00489163,0.00723396
0.95236162,-0.0148603,0.30460877,0.04532693,-0.98082123,-0.18956419,0.30158382,0.19434064,-0.93342291,0.01046385,0.01180351,-0.01394758
0.95244407,-0.0150954,0.30433932,0.04522232,-0.9807091,-0.19016905,0.30133907,0.19488832,-0.93338791,0.00536,0.01128554,-0.02475239
0.952822077,-0.0155358017,0.303131546,0.0448156384,-0.980542954,-0.191121159,0.300202688,0.195689493,-0.933586732,0.00086768507,0.00205862499,-0.00831839163
0.953315194,-0.0155645345,0.301575677,0.0442549602,-0.980687509,-0.19050897,0.298716659,0.194961315,-0.934215499,-0.000842839247,-0.00988483336,0.00294964714
0.95355451,-0.01555411,0.30081867,0.04390777,-0.98082187,-0.189896,0.29800321,0.19428446,-0.93458416,-0.00417786,-0.01137656,0.00312076
0.9539141,-0.01567892,0.29966991,0.04327238,-0.98100925,-0.18907235,0.2969434,0.19332621,-0.93512009,-0.01523989,-0.00294656,-0.00523304
0.95404969,-0.01597369,0.29922238,0.0428889,-0.98101705,-0.18911891,0.29656321,0.19326216,-0.93525391,-0.01239725,0.00902343,-0.01140079
0.95406451,-0.01609786,0.29916847,0.04275845,-0.98101759,-0.18914628,0.29653437,0.19324973,-0.93526575,-0.00950597,0.00473356,-0.01053711
0.95406568,-0.01613505,0.29916271,0.04262623,-0.9810795,-0.18885372,0.29654961,0.19293103,-0.9353265,0.00522403,-0.00546503,0.00743187
0.95405202,-0.01597637,0.29921478,0.04255344,-0.98123235,-0.18807466,0.296604,0.19216562,-0.93546686,0.00519018,-0.00745028,0.0040234
0.954039536,-0.0159742996,0.299254698,0.0424668056,-0.981294675,-0.187768159,0.296656574,0.191846639,-0.935515529,0.00143506122,0.000469207735,-0.00560532184
0.954015701,-0.0161149989,0.299323147,0.0422679968,-0.981344743,-0.187552156,0.296761615,0.191579491,-0.935537142,-0.00222148234,0.000887393893,-0.00713776657
0.953915568,-0.0165290812,0.29961956,0.0420017663,-0.981297663,-0.187858523,0.297121092,0.19178572,-0.935380868,-0.000323335407,-0.0124682775,0.00796375982
0.953890499,-0.0166206114,0.299694286,0.0419233463,-0.981300861,-0.187858438,0.297212622,0.191760567,-0.935356771,-8.15878157e-05,-0.0200079065,0.0122304568
0.95371843,-0.0165478,0.30024544,0.04210413,-0.98129958,-0.18782579,0.29773881,0.1917745,-0.93518677,-0.0092722,-0.02227038,0.01995635
0.9533069,-0.01642418,0.3015563,0.04257171,-0.98124119,-0.18802454,0.29898763,0.19208286,-0.93472478,-0.00923938,-0.00375676,0.02095235
0.95256145,-0.01640098,0.30390408,0.04322179,-0.98113604,-0.18842458,0.30126161,0.19262127,-0.93388348,-0.00618813,0.0260272,-0.00507414
0.95218409,-0.01600645,0.3051053,0.04350511,-0.98134733,-0.18725588,0.30241157,0.19157572,-0.93372696,0.00310099,0.0171144,-0.01018611
0.95191341,-0.0155105,0.3059743,0.04351934,-0.98174424,-0.18515927,0.30326047,0.18957139,-0.93386049,0.0238946,0.00248671,-0.00485187
0.95190066,-0.01540918,0.30601909,0.04333437,-0.98192547,-0.18423909,0.30332699,0.18863846,-0.93402774,0.02706309,-0.01235789,-0.00168699
0.95188667,-0.01532086,0.30606703,0.04333128,-0.98198573,-0.18391832,0.30337131,0.18833168,-0.93407524,0.02191704,-0.01807666,-0.00198296
0.95178865,-0.01499659,0.30638777,0.04360095,-0.98204986,-0.18351347,0.30364012,0.18802483,-0.93405005,0.02082365,-0.01909345,0.00340845
0.95174276,-0.01472193,0.30654361,0.04408896,-0.98192896,-0.18404311,0.30371349,0.18867688,-0.93389471,0.01812639,-0.01646966,0.00796329
0.95176695,-0.01464379,0.30647223,0.04434957,-0.98180442,-0.18464248,0.30359971,0.18932852,-0.93379955,0.01235598,-0.00892955,0.0163031
0.95177705,-0.01463664,0.3064412,0.04476485,-0.98154513,-0.18591716,0.30350708,0.19066948,-0.93355692,0.01211912,-0.00331062,0.01022022
0.951763,-0.01473219,0.30648025,0.04494389,-0.98137965,-0.18674546,0.30352468,0.19151184,-0.93337872,0.01094654,0.00124693,0.00698669
0.9517911,-0.01483517,0.30638802,0.0448771,-0.9813482,-0.18692665,0.30344645,0.19166493,-0.93337271,,,
0.95176564,-0.01503687,0.30645726,0.04490785,-0.98121534,-0.18761559,0.30352174,0.19232841,-0.93321177,-0.00141426,0.00568938,0.00474306
0.95177705,-0.01496743,0.30642522,0.04509246,-0.98113632,-0.18798405,0.30345858,0.19273637,-0.93314811,-0.00906144,0.00399709,0.00693443
0.951829261,-0.014857179,0.30626838,0.045152428,-0.981145604,-0.187921645,0.303285863,0.192698082,-0.933212258,-0.00859640911,0.000130414948,0.0100984257
0.95198834,-0.01469635,0.30578132,0.04516283,-0.98117553,-0.18776225,0.3027846,0.19255742,-0.93340393,-0.00549,0.00138378,0.0051479
0.95213716,-0.01475123,0.30531496,0.04496453,-0.9812099,-0.18763069,0.30234585,0.1923785,-0.93358313,0.001286,-0.00127268,0.00536241
0.95221979,-0.01488938,0.30505047,0.04476391,-0.9812204,-0.18762416,0.30211533,0.19231469,-0.93367098,0.00524015,-0.00296515,0.00793083
0.95245187,-0.01520401,0.30430951,0.0443164,-0.98122061,-0.18772904,0.30144899,0.19228878,-0.93389162,,,
0.9526416,-0.01544954,0.30370265,0.04405362,-0.98116175,-0.18809782,0.30088746,0.19256901,-0.93401488,-0.00520715,-0.00544971,0.00443739
0.952680766,-0.0154093641,0.303581791,0.0440984578,-0.981142346,-0.188188265,0.300756843,0.19267083,-0.934035908,-0.00485376455,-0.0066519971,0.000315587386
0.95255944,-0.01538428,0.30396354,0.04432651,-0.98105992,-0.18856384,0.30110741,0.19309191,-0.93383595,,,
0.95239611,-0.01522965,0.30448268,0.04467941,-0.98099459,-0.18882093,0.30157154,0.19343643,-0.93361498,,,
0.95235425,-0.01513643,0.30461824,0.04484028,-0.98096582,-0.18893204,0.30167985,0.1935894,-0.93354824,0.00181671,-0.00207782,0.0119919
0.95225777,-0.01500799,0.30492605,0.04513491,-0.98089492,-0.18923058,0.30194035,0.1939591,-0.93338744,0.01028985,0.00160646,0.01034416
0.95220183,-0.01493658,0.30510423,0.04540171,-0.98079022,-0.18970975,0.30207678,0.19449422,-0.93323211,0.00647069,0.00167036,-0.0039849
0.95228041,-0.01491694,0.30485983,0.04555151,-0.98067397,-0.1902726,0.30180637,0.1950797,-0.93319712,0.01335713,-0.00639415,-0.00337849
0.95246665,-0.01487033,0.30427973,0.04550621,-0.98065697,-0.19037036,0.30122494,0.19516804,-0.93336636,0.00803347,-0.00547063,-0.00150157
0.952572914,-0.0148436535,0.303948208,0.0454803344,-0.98064751,-0.190426284,0.300892649,0.195218586,-0.933463167,0.005148625,-0.0048515792,-2.11460283e-05
0.952716804,-0.0147158119,0.303503093,0.0456077675,-0.980585984,-0.19071108,0.300417399,0.19553575,-0.933549581,-0.00542569812,0.00143027294,0.000232352526
0.95276844,-0.014678,0.3033428,0.04573946,-0.98050298,-0.19110704,0.30023357,0.19595549,-0.93352094,-0.00859042,0.00729871,-0.00436366
0.95274058,-0.01463608,0.30343232,0.04586668,-0.98045775,-0.19130822,0.30030257,0.19618454,-0.93345057,-0.00619171,0.01005888,-0.00616001
0.95265967,-0.01459551,0.30368821,0.04599497,-0.98043274,-0.1914051,0.30053954,0.19631205,-0.9333474,-0.00735045,0.00659192,-0.00323127
0.952645705,-0.0145442725,0.303734459,0.0460286423,-0.980448823,-0.191314817,0.300578644,0.196235723,-0.933350905,-0.00785780698,-0.00231838203,0.000420022756
0.95268618,-0.01456457,0.30360648,0.04596448,-0.98046107,-0.19126637,0.30046013,0.19617194,-0.93340225,-0.00592836,-0.00420576,0.00443669
0.952820052,-0.014627996,0.303183058,0.045859053,-0.980435001,-0.191426342,0.300051483,0.196298545,-0.9335073,-0.000161804724,-0.00912541058,0.00400896464
0.95292591,-0.01468562,0.3028474,0.04591658,-0.98031696,-0.19201638,0.29970632,0.1968831,-0.93349511,0.00718406,-0.01084775,0.00509546
0.95295098,-0.01466638,0.30276945,0.04606648,-0.98022019,-0.19247446,0.2996036,0.19736625,-0.93342616,0.00787636,-0.00811076,0.00284634
0.95305392,-0.01462605,0.30244718,0.04636471,-0.98000524,-0.19349384,0.2992299,0.19843294,-0.9333197,,,
0.95318308,-0.01455436,0.30204335,0.046632,-0.97981843,-0.1943743,0.29877662,0.19935918,-0.93326765,0.00196896,0.00367808,0.00475805
0.95327323,-0.01445089,0.30176369,0.04678331,-0.97974515,-0.19470687,0.2984652,0.19972635,-0.93328876,,,
0.95346417,-0.01405274,0.30117868,0.04715001,-0.97967385,-0.19497709,0.29779683,0.20010424,-0.93342133,,,
0.953731741,-0.0135245665,0.300354537,0.0475573318,-0.979625092,-0.195122539,0.296873815,0.20037862,-0.933656348,-0.00981299765,-0.000487804384,-0.00396363903
0.95391206,-0.01329401,0.29979168,0.04766785,-0.97962111,-0.19511558,0.29627615,0.20041353,-0.93383869,-0.00518288,-0.00328851,-0.00364752
0.95420711,-0.01294027,0.29886673,0.04791035,-0.97955681,-0.19537848,0.29528524,0.20075034,-0.93408009,-0.00388659,-0.00478023,-0.00619574
0.95445064,-0.01273261,0.29809706,0.04812825,-0.97943579,-0.19593221,0.29446163,0.20135451,-0.93421032,-0.0051846,-0.0025906,-0.00366239
0.95457746,-0.01255121,0.29769838,0.04828713,-0.97938884,-0.19612575,0.29402416,0.20159223,-0.93429644,-0.00612128,-0.00364137,-0.00538899
0.954806145,-0.0122919382,0.296974981,0.0485383741,-0.979283909,-0.196589076,0.293239249,0.20211914,-0.934429668,-0.00539353443,-0.00250458694,-0.000722548459
0.95503254,-0.01191186,0.29626163,0.04883906,-0.97922437,-0.19681007,0.29245101,0.20242916,-0.93460937,-0.01077729,0.00304294,-0.00295293
0.955159992,-0.0118149202,0.295854342,0.0489127096,-0.979179,-0.197017161,0.292022141,0.202653948,-0.9346947,-0.00871177204,0.000693201961,-0.00526263844
0.955362868,-0.0116349898,0.295205714,0.0490735038,-0.979093144,-0.197403837,0.291330702,0.203079075,-0.934818262,-0.00637902645,0.00552773429,0.000273951679
0.95560456,-0.01145138,0.29442959,0.04914653,-0.97905205,-0.19758933,0.29052459,0.20328746,-0.93502381,-0.00559053,-0.00107169,-0.00412306
0.95567987,-0.0113683,0.29418827,0.04923361,-0.97901143,-0.19776883,0.290262,0.20348764,-0.93506181,-0.00599035,-0.00253034,0.00350036
0.955819979,-0.0112747191,0.293736366,0.0492263262,-0.979013545,-0.197761045,0.289801554,0.20348352,-0.935205697,-0.00751934433,0.000323772401,0.00461920258
0.95588313,-0.01121428,0.2935331,0.04925137,-0.97900678,-0.19778831,0.28958892,0.20351941,-0.93526375,,,
0.95593261,-0.01110325,0.29337612,0.04931073,-0.97901613,-0.19772568,0.28941542,0.20347902,-0.93532593,-0.00382936,-0.00105023,0.010414
0.95591899,-0.01106433,0.293422,0.04935662,-0.97901672,-0.19771214,0.28945261,0.20347911,-0.93531457,,,
0.95587978,-0.01103259,0.2935509,0.04940942,-0.97901968,-0.19768494,0.28957306,0.20346722,-0.93528,,,
0.95581495,-0.01097297,0.29376415,0.04943458,-0.97907264,-0.19741567,0.28978268,0.20321496,-0.93526982,0.0043719,-0.00226355,0.00634694
0.9559173,-0.01083933,0.29343588,0.04930329,-0.97920622,-0.19678506,0.28946726,0.2025776,-0.93550576,0.0061734,-0.00144625,0.00480986
0.95595481,-0.01072778,0.29331779,0.0492778,-0.97928139,-0.19641792,0.28934773,0.20222071,-0.93562011,0.00548527,0.00131702,0.00326714
0.95595481,-0.01066943,0.29331991,0.04922023,-0.97936043,-0.19603693,0.28935752,0.20183972,-0.93569915,,,
0.95591391,-0.01050585,0.29345904,0.04931163,-0.97942481,-0.19569122,0.28947702,0.2015349,-0.93572773,,,
0.95588834,-0.01047787,0.29354333,0.04928393,-0.97947454,-0.19544897,0.28956617,0.20129436,-0.93575189,,,
0.95585934,-0.01020973,0.29364721,0.04935661,-0.97961576,-0.19472204,0.28964953,0.20062031,-0.93587095,,,
0.95579275,-0.0099945,0.29387127,0.04939695,-0.97976091,-0.1939811,0.28986231,0.19992207,-0.93595469,,,
0.95576714,-0.00995469,0.29395593,0.04935752,-0.97982594,-0.19366224,0.28995347,0.19960494,-0.93599409,,,
0.955729573,-0.00990225886,0.294079795,0.0492212862,-0.979970854,-0.192961786,0.290100406,0.198894271,-0.936099721,0.00105485437,-0.00488871289,-0.000352592004
0.955654381,-0.0098908951,0.294324411,0.0490409197,-0.980135027,-0.192170863,0.290378506,0.198082868,-0.936185259,-0.00285316631,-0.00671207858,0.000352992094
0.95559109,-0.00990373,0.29452942,0.04896892,-0.9802041,-0.191838,0.29059888,0.19774147,-0.93618933,0.00222406,-0.00500786,-0.00130712
0.955462668,-0.00989120183,0.294946184,0.0489558096,-0.980277869,-0.19146399,0.29102305,0.197376024,-0.936134672,-0.00326616503,0.000757813395,-0.0105857356
0.95532032,-0.00983941,0.29540866,0.04898825,-0.98035204,-0.19107615,0.29148454,0.19701048,-0.93606821,,,
0.95529284,-0.0097141,0.29550164,0.04903317,-0.98041462,-0.19074302,0.29156703,0.19670482,-0.93610676,0.00424679,-0.00339252,0.00280676
0.955289388,-0.00943795232,0.295521752,0.0490980932,-0.980550194,-0.190027539,0.291567416,0.196040846,-0.936245804,0.00957196206,-0.00788772013,-0.000698383199
0.95522236,-0.0092684,0.29574369,0.04918351,-0.98063055,-0.18959004,0.29177254,0.19564636,-0.93626437,0.00892725,-0.00201356,-0.00172552
0.95516905,-0.00919696,0.29591808,0.04928141,-0.98063379,-0.18954884,0.29193054,0.19563444,-0.93621781,,,
0.95506584,-0.00925957,0.29624903,0.04934256,-0.98059672,-0.18972312,0.29225765,0.19581576,-0.93607753,,,
0.95502447,-0.00917767,0.29638495,0.04951456,-0.98055195,-0.18991114,0.29236377,0.19604515,-0.93599667,,,
0.95503649,-0.00914358,0.29634723,0.04956533,-0.98053434,-0.18998757,0.29231586,0.19613362,-0.93599287,,,
0.955100136,-0.00907224468,0.29614428,0.0495796783,-0.980543468,-0.189938809,0.292105453,0.19609332,-0.936067409,0.00910319015,0.000558614673,-0.00435465854
0.955191303,-0.00904370654,0.295850932,0.0494677316,-0.980597213,-0.189688012,0.291826157,0.195823415,-0.936210547,0.00563927041,-0.000684738101,-0.00101829949
0.95523084,-0.00904062,0.29572335,0.04938059,-0.98064089,-0.18948612,0.29171148,0.19560598,-0.936292,0.00742833,-0.0013597,-0.00215651
0.955296127,-0.00903079867,0.295512687,0.0492869146,-0.980681821,-0.189297917,0.29151347,0.195400476,-0.93639644,0.00812109932,-5.31673395e-05,0.00359846139
