0,1,2,3,4,5,6,7,8,9,10,11
0.94142694,-0.05895074,0.33202428,-0.02197192,-0.9932323,-0.11404836,0.33650044,0.10007299,-0.93635092,0.00400772,-0.00414574,-0.00407697
0.9414105,-0.05899402,0.33206317,-0.02201321,-0.99323102,-0.11404828,0.3365437,0.10005647,-0.93633675,,,
0.94145271,-0.05901952,0.33193899,-0.02207365,-0.99323629,-0.11399391,0.33642168,0.09999277,-0.93638778,,,
0.94140695,-0.05906482,0.33206068,-0.02211237,-0.99323665,-0.11398101,0.33654717,0.09995987,-0.93634593,,,
0.941377613,-0.0590668101,0.332143491,-0.0221097951,-0.993238305,-0.113968075,0.336629386,0.0999433698,-0.936318257,0.00244670198,-0.000641167164,0.00569949532
0.94137761,-0.05906681,0.33214349,-0.0221098,-0.99323831,-0.11396808,0.33662939,0.09994337,-0.93631826,,,
0.94140338,-0.05914938,0.33205575,-0.02219754,-0.99323336,-0.11399383,0.33655154,0.09994336,-0.93634621,,,
0.94137405,-0.0591652,0.33213609,-0.02218096,-0.99322611,-0.11406121,0.33663468,0.10000717,-0.93630963,0.00442413,-0.002051,-0.00508042
0.94131179,-0.05926759,0.33229425,-0.02224697,-0.99321678,-0.11412847,0.33680438,0.10003794,-0.93624518,,,
0.9413082,-0.059366,0.33228686,-0.02231813,-0.9932046,-0.11422162,0.33680971,0.10010172,-0.93623657,-0.00101926,-0.00271016,-0.00414972
0.94132108,-0.05940729,0.33224299,-0.02236201,-0.99320212,-0.1142345,0.3367708,0.10010172,-0.93625056,0.00329629,-0.00297445,0.00293688
0.94137618,-0.05948785,0.3320724,-0.02245235,-0.99319549,-0.11427317,0.33661071,0.10011823,-0.93630621,,,
0.94141837,-0.05952713,0.33194571,-0.02249885,-0.99319137,-0.11429884,0.33648958,0.10013463,-0.93634788,,,
0.94146056,-0.05958022,0.33181655,-0.02253136,-0.99317882,-0.11440485,0.33636939,0.10023138,-0.93638111,,,
0.94145695,-0.05967857,0.33180908,-0.02260255,-0.99316615,-0.11449784,0.33637468,0.10029506,-0.93637205,0.00427028,-0.00180042,-0.00460326
0.94142764,-0.0596806,0.33189189,-0.02259993,-0.99316779,-0.11448504,0.3364569,0.10027865,-0.93634438,,,
0.94139469,-0.05976721,0.33196977,-0.0226825,-0.99316616,-0.11448506,0.33654354,0.10024572,-0.93631703,0.00224493,0.00188929,-0.00701136
0.94139107,-0.0598517677,0.331964773,-0.0227676661,-0.99316241,-0.114497855,0.336547884,0.100229194,-0.9363169,0.00527079636,-0.000230193138,-0.00104067358
0.94141676,-0.05992053,0.3318795,-0.02286942,-0.99316639,-0.11444337,0.33646911,0.10014902,-0.93635383,,,
0.94142962,-0.05996181,0.33183558,-0.02291334,-0.99316392,-0.11445612,0.33643016,0.10014892,-0.93636785,,,
0.94143881,-0.06008767,0.33178675,-0.02304237,-0.99315818,-0.11448189,0.33639563,0.10013254,-0.93638222,,,
0.941535884,-0.0602075017,0.331489427,-0.0231792996,-0.993147564,-0.114546001,0.33611442,0.100165478,-0.936479642,0.00477166753,-0.000303149223,-0.00244653923
0.94153222,-0.06030584,0.33148193,-0.0232505,-0.9931349,-0.11463898,0.33611974,0.10022917,-0.93647064,-0.00153372,0.00457281,0.0013325
0.94141133,-0.06042606,0.33180324,-0.02329726,-0.99311984,-0.11476085,0.33645495,0.10030706,-0.93634203,0.00475742,-0.0012005,-0.00503946
0.94139484,-0.06048316,0.33183965,-0.02332453,-0.9931101,-0.11484113,0.33649923,0.10037084,-0.93631947,0.00483525,0.0040372,-0.00140305
0.94144979,-0.06056369,0.33166902,-0.02341496,-0.99310354,-0.11487959,0.33633918,0.10038735,-0.93637522,,,
0.9414919,-0.06060293,0.33154228,-0.02346149,-0.99309945,-0.11490519,0.33621802,0.10040383,-0.93641693,0.00391554,0.00176555,-0.0030192
0.9415047,-0.06063043,0.33150091,-0.02351936,-0.99310592,-0.11483783,0.33617814,0.10032367,-0.93643989,,,
0.9415047,-0.06063043,0.33150091,-0.02351936,-0.99310592,-0.11483783,0.33617814,0.10032367,-0.93643989,,,
0.94148821,-0.06067373,0.33153979,-0.02356065,-0.99310461,-0.11483778,0.3362214,0.10030712,-0.93642579,,,
0.94147172,-0.06071702,0.33157872,-0.02360193,-0.99310378,-0.11483774,0.33626471,0.10029058,-0.93641215,0.00498438,0.00203663,-0.00312578
0.94166015,-0.06073235,0.33104035,-0.02367558,-0.99310066,-0.11484702,0.33573144,0.10030929,-0.93660117,,,
0.94167292,-0.0607874,0.33099393,-0.02370554,-0.99308932,-0.11494005,0.33569352,0.10038954,-0.93660631,,,
0.941627185,-0.0608464931,0.331113195,-0.0237302191,-0.993081136,-0.115007454,0.335820072,0.100436756,-0.936556095,-0.000429988489,0.0045915246,-0.00451772707
0.94152288,-0.0608958911,0.331400584,-0.0237635637,-0.993084606,-0.114969141,0.336110026,0.100370817,-0.936458971,0.0082698008,-0.00143003464,-0.000165379839
0.94153566,-0.06093718,0.33135669,-0.02380747,-0.99308216,-0.11498197,0.33607112,0.10037086,-0.93647303,0.00184585,-0.00501895,-0.00186987
0.94153566,-0.06093718,0.33135669,-0.02380747,-0.99308216,-0.11498197,0.33607112,0.10037086,-0.93647303,,,
0.94145522,-0.06080168,0.33161006,-0.02360124,-0.99307598,-0.11507847,0.33631095,0.10051481,-0.93637155,,,
0.94145522,-0.06082923,0.33160499,-0.0235733,-0.99305792,-0.11523874,0.3363129,0.10067509,-0.93635349,,,
0.94144242,-0.06080174,0.33164637,-0.02351542,-0.99305146,-0.1153061,0.33635278,0.10075525,-0.93633054,0.00452916,0.00520331,-0.00668512
0.941429611,-0.0607742651,0.331687755,-0.0234575419,-0.993045005,-0.115373457,0.33639266,0.100835408,-0.936307578,0.00023137877,0.00768142939,-0.00112404465
0.941462606,-0.0607014578,0.331607449,-0.0233610341,-0.993038217,-0.115453748,0.336307046,0.100948695,-0.936326403,0.00438928232,-0.0049559474,0.000413629925
0.94152488,-0.06061276,0.33144683,-0.02328117,-0.9930385,-0.1154665,0.33613821,0.10099811,-0.93638159,,,
0.94158343,-0.06060862,0.33128119,-0.02328648,-0.9930353,-0.11549204,0.33597377,0.10103101,-0.93643694,,,
0.94167123,-0.0606162,0.33103018,-0.02328051,-0.99302185,-0.11561068,0.33572805,0.1011607,-0.93651129,0.00611676,-0.00429171,0.00348708
0.94174616,-0.06058246,0.33082309,-0.02323069,-0.99301044,-0.11571625,0.33552122,0.10129008,-0.93657114,,,
0.94171693,-0.0605983,0.33090341,-0.02321408,-0.99300309,-0.11578368,0.33560442,0.10135383,-0.93653455,-0.00129647,0.00474697,-0.00316342
0.94166212,-0.06054538,0.33106905,-0.02309565,-0.99299168,-0.11590563,0.33576636,0.10149769,-0.93646098,,,
0.94167491,-0.06060037,0.33102261,-0.02312563,-0.9929801,-0.11599854,0.33572843,0.10157781,-0.93646586,-0.00631308,-0.00652814,0.00862145
0.94167491,-0.06061411,0.33102008,-0.02311169,-0.99297096,-0.11607861,0.33572938,0.10165788,-0.93645672,-0.0031954,0.00140077,0.00647013
0.94161271,-0.06074416,0.33117314,-0.02314962,-0.9929434,-0.11630635,0.33590117,0.101849,-0.93637432,,,
0.9415047,-0.06093338,0.33144534,-0.0232121,-0.9929075,-0.11660116,0.33619948,0.10208699,-0.93624147,0.00697342,0.00131661,-0.00131336
0.94145891,-0.06102013,0.33155941,-0.02320874,-0.99288061,-0.11682865,0.33632789,0.1022943,-0.93617249,0.00521449,0.00279313,-0.00547164
0.94135445,-0.06111115,0.33183918,-0.02319988,-0.99285752,-0.11703061,0.33662082,0.10246866,-0.93604863,,,
0.941174637,-0.0612635375,0.332320733,-0.0232127628,-0.992826557,-0.117286731,0.337122319,0.102673213,-0.935845258,0.00183408172,0.000835239887,-0.00551112555
0.94109933,-0.06133872,0.33252006,-0.02322055,-0.99281043,-0.11742116,0.33733194,0.10278367,-0.93575753,0.00520525,0.00125557,0.00184357
0.940948557,-0.0614891453,0.33291874,-0.0232360046,-0.992778331,-0.11769002,0.337751226,0.103004552,-0.935582091,0.00472220359,-0.000879108906,0.00140156853
0.94088969,-0.06152106,0.3330792,-0.02320248,-0.99276334,-0.11782447,0.3379175,0.10313156,-0.93550823,0.00326741,-0.00459772,0.00365035
0.94073865,-0.06165775,0.33348029,-0.02323183,-0.99273995,-0.1180131,0.33833573,0.10327212,-0.93534125,,,
0.94045637,-0.06177566,0.33425379,-0.02319214,-0.99271697,-0.11821719,0.33912232,0.10342605,-0.93503971,0.00424844,0.00485855,-0.00498121
0.94029185,-0.06187126,0.33469865,-0.02317739,-0.99269628,-0.11839264,0.33957922,0.1035662,-0.93485823,,,
0.94027518,-0.06192846,0.3347349,-0.0232045,-0.99268623,-0.11847259,0.33962352,0.10362948,-0.93483525,,,
0.94025852,-0.06199957,0.33476855,-0.02321751,-0.9926668,-0.11863256,0.33966877,0.10377279,-0.93480289,,,
0.94021223,-0.06208676,0.33488237,-0.02321364,-0.99263971,-0.11885974,0.33979714,0.10397954,-0.93473325,0.00123594,0.00475413,0.00224683
0.94016593,-0.06216002,0.33499873,-0.02322387,-0.99262177,-0.11900671,0.3399245,0.10410609,-0.93467277,0.00637548,0.0048297,-0.00160532
0.9401918,-0.0622701784,0.334905655,-0.0232835751,-0.992598014,-0.119192474,0.339848861,0.104265985,-0.934682379,0.00506296661,0.000221729279,-0.0122318957
0.94029354,-0.0623049398,0.334613445,-0.0233358716,-0.992590748,-0.119244265,0.33956369,0.104316116,-0.934780613,-0.00653217267,0.000353038311,-0.000611589989
0.94029354,-0.06230494,0.33461344,-0.02333587,-0.99259075,-0.11924426,0.33956369,0.10431612,-0.93478061,,,
0.94026019,-0.0624055,0.33468842,-0.02340414,-0.99257955,-0.11932423,0.33965134,0.10436273,-0.93474358,,,
0.94031936,-0.06242893,0.33451775,-0.02338154,-0.99255765,-0.11950992,0.33948903,0.10455595,-0.93478086,0.00122064,-0.00695211,-0.00392185
0.9403914,-0.06246574,0.33430829,-0.0234311,-0.99255171,-0.11954857,0.339286,0.10458923,-0.93485073,-0.0072152,-0.00343162,0.0044551
0.940387629,-0.062578009,0.334297924,-0.0234880859,-0.992529674,-0.119721426,0.339292527,0.10473253,-0.934832466,0.00197779667,0.00691336393,-0.000358272897
0.94038006,-0.0627748,0.33428232,-0.02363025,-0.99250389,-0.11990709,0.33930364,0.10485906,-0.93481425,0.00522864,-0.00445235,-0.00125541
0.940540654,-0.0628049937,0.333824517,-0.0236883189,-0.992493081,-0.119984289,0.338854155,0.10494236,-0.934967832,-0.00547385868,0.000328481197,0.00253494666
0.940583036,-0.0628578172,0.333695136,-0.0237210836,-0.992479512,-0.120090002,0.338734202,0.105039008,-0.935000445,-0.000394199044,0.00585323572,0.00841000304
0.940592082,-0.0630111685,0.333640697,-0.0238221173,-0.992454443,-0.120275584,0.338701976,0.105182232,-0.934995836,0.00259408355,0.000931084156,0.00904408842
0.94052923,-0.06315548,0.33379058,-0.0238454,-0.99241688,-0.12058241,0.33887484,0.10545191,-0.93490306,0.00201738,-0.00147617,-0.00518664
0.940542081,-0.063251985,0.333736101,-0.0238332012,-0.992376805,-0.12091491,0.338840047,0.105771562,-0.934879648,-0.0009141966,-0.00169801712,-0.00543333031
0.94055493,-0.06332077,0.33368682,-0.02384912,-0.99235501,-0.12108747,0.33880324,0.10593127,-0.93487453,,,
0.94050874,-0.06340794,0.33380046,-0.02384523,-0.99232755,-0.1213144,0.33893173,0.10613771,-0.9348047,0.00471833,0.00565225,0.00191857
0.940390571,-0.0634723297,0.334120981,-0.0237774782,-0.99229638,-0.121582463,0.339264201,0.106390446,-0.934655365,0.00608316902,-0.000287413597,-0.00330237625
0.94034814,-0.06346117,0.33424252,-0.02370242,-0.99228189,-0.12171651,0.33938706,0.10653354,-0.93459461,0.00423744,-0.00505698,-0.00462279
0.94028899,-0.06352113,0.33439748,-0.02364038,-0.99224726,-0.12201013,0.33955521,0.1068195,-0.93450084,,,
0.94020021,-0.06358342,0.33463518,-0.02357533,-0.99221414,-0.12229093,0.33980547,0.10708882,-0.93437894,0.00908655,0.00807315,-0.00223172
0.9401577,-0.06357231,0.33475671,-0.02350023,-0.99219949,-0.1224247,0.33992827,0.10723166,-0.93431796,0.01226051,0.0092352,-0.00313238
0.94014862,-0.06347442,0.33480078,-0.0233429,-0.99218664,-0.1225585,0.33996423,0.10740798,-0.93428457,0.00364951,-0.00568473,-0.01268506
0.94024506,-0.06331237,0.33456055,-0.02316732,-0.99217938,-0.12265126,0.33970943,0.10757137,-0.93435854,-0.00851871,0.0041706,-0.00248956
0.940232152,-0.0632712754,0.33460461,-0.0231232517,-0.992181998,-0.122638465,0.339748164,0.107571482,-0.934344453,-0.00230633188,0.00743204355,-0.00026700506
0.940104555,-0.0631548642,0.334984902,-0.0229824051,-0.992194788,-0.122560945,0.340110615,0.107521343,-0.934218287,0.00579669327,0.000229477882,-0.0007517474
0.94015088,-0.06310915,0.33486346,-0.02294423,-0.99219395,-0.1225738,0.3399851,0.10755468,-0.93426,0.00328626,-0.00452203,-0.00437462
0.94024351,-0.06301772,0.33462056,-0.02286787,-0.99219277,-0.12259966,0.33973403,0.10762148,-0.93434389,-0.00492158,-0.00216818,0.00531799
0.94024351,-0.0630316,0.33461796,-0.02285378,-0.99218339,-0.12267955,0.339735,0.10770137,-0.93433452,-0.00403011,0.00251347,0.00543043
0.94018427,-0.06305007,0.33478086,-0.02283386,-0.99217699,-0.12273341,0.3399002,0.10774768,-0.93426888,0.00560465,0.00273293,0.00688692
0.94021012,-0.06316001,0.33468752,-0.02289377,-0.99215253,-0.12291889,0.33982466,0.10790732,-0.93427781,,,
0.94027845,-0.06330869,0.3344674,-0.0230007,-0.99212377,-0.1231301,0.33962833,0.1080836,-0.93432873,-0.00363848,-0.00737596,0.00241671
0.94030424,-0.06340472,0.33437669,-0.02307472,-0.99210895,-0.12323568,0.33955189,0.10816339,-0.93434729,,,
0.94022074,-0.06366338,0.33456228,-0.02323796,-0.99207534,-0.12347498,0.3397719,0.10831919,-0.93424921,0.00819801,0.00179774,0.00760656
0.9402131,-0.06388784,0.33454099,-0.02335195,-0.99202987,-0.1238199,0.33978525,0.10860491,-0.93421138,,,
0.94020926,-0.06400005,0.33453033,-0.02340894,-0.99200713,-0.12399235,0.33979195,0.10874776,-0.93419247,,,
0.9401887,-0.0641834,0.33455298,-0.02347889,-0.9919638,-0.12432417,0.33984401,0.10903325,-0.93414011,-0.00320217,0.00441629,0.00186294
0.940108882,-0.0643853472,0.334738419,-0.0235286853,-0.991914074,-0.124709953,0.340061293,0.109364979,-0.934022124,0.0128929699,0.00870400667,-0.000417339616
0.940075394,-0.0644999344,0.334810386,-0.0235826633,-0.991892601,-0.124869302,0.340150105,0.109490835,-0.933974891,0.0115405275,0.00273936987,6.26561232e-05
0.94011402,-0.06470622,0.33466211,-0.02363046,-0.99182637,-0.12538621,0.34004003,0.10996911,-0.9339589,,,
0.94009727,-0.0647773726,0.334695402,-0.0236433473,-0.991806021,-0.125545627,0.340085449,0.110111781,-0.933925683,0.000617085723,0.00521165133,-0.000730362837
0.94005089,-0.06486482,0.33480873,-0.02363911,-0.99177757,-0.12577182,0.34021394,0.11031733,-0.93385473,0.01002223,-0.001903,0.00245178
0.94009338,-0.0649311,0.33467653,-0.02365814,-0.99175352,-0.12595682,0.34009516,0.11049335,-0.93387707,,,
0.94015261,-0.06494006,0.33450837,-0.02365024,-0.99174023,-0.12606216,0.33993195,0.11060646,-0.93392301,-0.00617774,-0.00477499,-0.00376784
0.94015261,-0.0649815861,0.334500316,-0.0236080367,-0.991710934,-0.126301209,0.339934888,0.110845515,-0.933893708,0.000949798035,0.0128796697,0.0074015446
0.94013586,-0.06503889,0.33453623,-0.02363499,-0.99169996,-0.12638086,0.33997932,0.11090842,-0.93386987,0.01125406,-0.00279814,0.00632342
0.94016548,-0.06505028,0.3344508,-0.02362405,-0.99168862,-0.12647335,0.33989819,0.1110048,-0.93388815,0.00295821,-0.00416821,-0.01074331
0.9402671,-0.06509773,0.33415574,-0.02366341,-0.99167084,-0.12660443,0.33961422,0.11113471,-0.93397589,-0.00760604,0.00128323,-0.00457508
0.9402671,-0.06509773,0.33415574,-0.02366341,-0.99167084,-0.12660443,0.33961422,0.11113471,-0.93397589,,,
0.94030951,-0.06512243,0.33403157,-0.02372468,-0.99167617,-0.12655042,0.3394925,0.11107177,-0.93402752,0.00774239,0.00306183,0.00450002
0.9403519,-0.06516097,0.33390467,-0.02377193,-0.99167167,-0.12657603,0.33937173,0.11108845,-0.93406932,,,
0.94036473,-0.06520199,0.33386055,-0.02381604,-0.99166908,-0.12658891,0.33933312,0.11108851,-0.93408346,-0.00470319,-0.00430655,-0.00474479
0.94036082,-0.06528648,0.33385502,-0.02390119,-0.99166532,-0.1266017,0.33933794,0.11107174,-0.93408363,,,
0.94041599,-0.06537984,0.33368133,-0.02397854,-0.99164843,-0.1267198,0.33917957,0.11116813,-0.93412974,0.00300737,0.00260872,0.01526018
0.94044552,-0.06537737,0.3335986,-0.02398166,-0.99164703,-0.12673265,0.33909749,0.1111849,-0.93415786,-0.00592339,-0.00588846,0.00562706
0.94034016,-0.06548352,0.33387467,-0.02395716,-0.99161167,-0.12701277,0.33939128,0.11143652,-0.93402106,-0.00144406,0.00446302,0.00251754
0.9401163,-0.06561354,0.334479,-0.02390599,-0.99157339,-0.12732107,0.34001447,0.11170056,-0.93376287,0.00853643,0.00353628,-0.00776722
0.940027441,-0.0656486614,0.334721754,-0.0238684673,-0.99155866,-0.127441649,0.340262686,0.111809351,-0.933659273,0.00967781246,0.00064188242,0.00152635807
0.93987917,-0.06570266,0.33512729,-0.02381052,-0.99153772,-0.12761614,0.34067609,0.1119642,-0.93349006,0.00901668,0.00230628,-0.00173595
0.93973464,-0.06567222,0.33553831,-0.02366742,-0.99152026,-0.12777751,0.34108452,0.11213563,-0.93332021,0.00358079,-0.00556177,-0.00422672
0.93969203,-0.06564763,0.33566244,-0.02360605,-0.99151491,-0.12783136,0.34120615,0.11219844,-0.93326834,,,
0.93959384,-0.06555741,0.33595483,-0.02343913,-0.99150672,-0.12792595,0.34148796,0.11232395,-0.93315022,-0.00393998,-0.00243926,0.00688481
0.9394787,-0.06549682,0.33628848,-0.02332734,-0.99150743,-0.12794086,0.34181225,0.112353,-0.93302798,,,
0.93920132,-0.06543552,0.33707426,-0.02312745,-0.99149939,-0.12803696,0.34258719,0.11245681,-0.93273087,0.01674984,0.00876683,-0.00855551
0.93917924,-0.06528301,0.33716538,-0.02293992,-0.99149878,-0.12807757,0.34266036,0.11255325,-0.93269265,0.00296437,-0.00193173,-0.00933089
0.93924281,-0.06517963,0.33700824,-0.02287525,-0.99150889,-0.12801105,0.34249038,0.11252431,-0.9327586,,,
0.93935684,-0.06493189,0.33673813,-0.02270173,-0.99153151,-0.12786494,0.34218905,0.11246626,-0.93287596,-0.00497011,-0.00189614,0.00621023
0.939377507,-0.064776089,0.3367105,-0.0226039233,-0.991556208,-0.127692821,0.34213881,0.112340786,-0.932909796,0.00902558118,0.00411123037,-0.000674209557
0.93947074,-0.06465631,0.33647332,-0.02255645,-0.99157437,-0.12755963,0.34188586,0.1122489,-0.93301352,,,
0.939606625,-0.0645750581,0.336109272,-0.0225562014,-0.991588027,-0.127452315,0.341512224,0.11217369,-0.933159238,-0.00770318229,-0.000219345093,-0.00934729725
0.93983148,-0.06447249,0.33549974,-0.02257938,-0.99160646,-0.12730421,0.34089141,0.11206913,-0.9333987,-0.00682195,0.00303942,0.00344398
0.93993729,-0.06435219,0.33522632,-0.02261817,-0.99165162,-0.12694499,0.34059698,0.11173812,-0.93354585,0.00507807,0.00442749,0.00327348
0.93997987,-0.0643630084,0.335104825,-0.0226935358,-0.991667124,-0.126811707,0.34047444,0.111595738,-0.933607755,0.00872540008,0.000367224216,0.0026409775
0.94033527,-0.06425024,0.33412795,-0.02281517,-0.99170549,-0.12648871,0.3394835,0.1113186,-0.93400151,-0.0103694,0.00712734,0.00682449
0.94034814,-0.06427742,0.3340865,-0.02287334,-0.99171274,-0.12642187,0.33944394,0.11123889,-0.93402546,0.00274583,0.0043599,0.00115032
0.94037388,-0.06433185,0.33400358,-0.02298964,-0.99172723,-0.12628842,0.33936478,0.11107971,-0.93407336,0.0064139,0.00673658,0.00404647
0.9404163,-0.06435657,0.33387935,-0.02305091,-0.99173259,-0.1262344,0.33924304,0.11101666,-0.93412497,,,
0.94042915,-0.06439757,0.33383522,-0.02309504,-0.99172977,-0.12624717,0.3392044,0.11101658,-0.93413884,-0.00434042,-0.00861388,-0.00418109
0.940454844,-0.0644657947,0.333749659,-0.0231972936,-0.99173422,-0.126193196,0.33912617,0.110936913,-0.934176671,-0.00739159575,-0.000730156898,0.00681953831
0.9404086,-0.06451178,0.33387108,-0.02323521,-0.99173518,-0.12618046,0.33925182,0.11090363,-0.93413523,0.00588958,0.0051164,0.00696619
0.94026977,-0.06466342,0.33423256,-0.02333495,-0.99172758,-0.12622153,0.33962956,0.11088299,-0.93400038,0.01595378,-0.00216967,-0.00588147
0.94027876,-0.06478894,0.33418296,-0.02346421,-0.99172123,-0.12624723,0.33959578,0.11086625,-0.93401462,0.00370009,0.00407344,-0.0099661
0.94037642,-0.06487944,0.33389048,-0.02363081,-0.99172932,-0.12615212,0.33931368,0.11074037,-0.93413201,-0.00184565,-0.00525695,-0.00129392
0.94043551,-0.06486075,0.33372764,-0.02365103,-0.99173586,-0.12609821,0.33914847,0.11069423,-0.93419765,,,
0.94048678,-0.06501102,0.33355386,-0.02384154,-0.9917347,-0.12606971,0.33899291,0.11061446,-0.93426333,0.00319256,0.00441223,0.00446793
0.94051239,-0.0650655,0.33347103,-0.02395781,-0.99174902,-0.12593607,0.33891366,0.1104552,-0.93431107,0.00474515,0.00764066,-0.00718437
0.94053799,-0.06513376,0.3333855,-0.02406004,-0.9917535,-0.12588204,0.33883538,0.11037558,-0.93434897,0.00644034,0.00444382,-0.00701371
0.94066875,-0.06512363,0.33301834,-0.02415854,-0.99177316,-0.12570686,0.33846517,0.11020328,-0.9345033,,,
0.940799351,-0.0651135852,0.332651166,-0.0242569971,-0.991792965,-0.125531595,0.33809492,0.110030924,-0.934657634,0.000627458678,-0.00562995672,0.00527585438
0.94087096,-0.06514973,0.33244149,-0.02430728,-0.99178691,-0.12556986,0.33789198,0.11006429,-0.93472711,0.00233668,-0.00754315,0.00126559
0.940997393,-0.0652242319,0.3320688,-0.0244908359,-0.991802743,-0.125407062,0.337526424,0.109875074,-0.934881175,-0.0133490153,0.0125485063,-0.000269689132
0.941031596,-0.0653906818,0.33193916,-0.0247502271,-0.991820566,-0.125218936,0.337412171,0.109619407,-0.934952936,0.0106433341,-4.53591347e-05,-0.00459015602
0.940968872,-0.0654800268,0.332099283,-0.0248292304,-0.991819782,-0.125206122,0.337581215,0.109569292,-0.934897347,0.0224602558,0.00474733114,-7.50450417e-05
0.94111177,-0.06549747,0.33169067,-0.02498561,-0.99184641,-0.12496342,0.33717109,0.10931705,-0.93507481,0.01045211,0.00360352,-0.01029217
0.94124974,-0.06531864,0.33133428,-0.02491352,-0.99187382,-0.12476223,0.33679111,0.10917772,-0.93522829,-0.00565985,-0.0043391,-0.01020111
0.941266385,-0.0652477259,0.33130095,-0.0249003387,-0.991894087,-0.124602684,0.33674554,0.109034811,-0.935261244,-0.00414672028,-0.000895321369,-0.00435835775
0.941257642,-0.0650535935,0.331363966,-0.0248407451,-0.991948849,-0.124178555,0.336774383,0.108652686,-0.935295411,0.000201892748,-0.00840127468,0.00261332514
0.94126158,-0.06494165,0.33137473,-0.02478347,-0.99197183,-0.12400632,0.33676759,0.10850977,-0.93531445,0.00607327,-0.00447965,0.00723039
0.941223495,-0.0647772862,0.331515062,-0.0246930067,-0.992008779,-0.123728914,0.336880674,0.108270457,-0.935301516,0.00717579108,0.0137215257,-0.000702182064
0.94113058,-0.06451931,0.33182902,-0.0245254,-0.99206225,-0.12333331,0.3371524,0.10793451,-0.93524249,0.00596054,0.00412589,-0.00714938
0.94120097,-0.06419234,0.33169271,-0.02434569,-0.9921175,-0.12292149,0.33696884,0.10761854,-0.93534475,-0.00197467,0.00168353,-0.00489029
0.94123807,-0.06397973,0.33162854,-0.02422022,-0.99215194,-0.12266925,0.33687427,0.10742885,-0.93540077,0.00179324,-0.00410348,0.0081828
0.94126239,-0.06371226,0.331611,-0.02406461,-0.99219823,-0.12232432,0.33681746,0.10715919,-0.93545208,0.00733382,-0.0014872,0.00927609
0.94130324,-0.06341514,0.33155202,-0.0238539,-0.9922362,-0.1220594,0.3367183,0.1069861,-0.93550785,0.00099481,-0.00618875,-0.00347556
0.94131088,-0.06323232,0.33156523,-0.02369753,-0.99225285,-0.12195401,0.33670797,0.10693936,-0.93551686,,,
0.94135161,-0.06292142,0.33150873,-0.02350077,-0.99229974,-0.12160894,0.33660787,0.10668606,-0.93558165,0.00219955,0.01865083,-0.0078537
0.94136295,-0.06259908,0.33153754,-0.02331503,-0.99235766,-0.12117115,0.33658906,0.10633622,-0.93562823,0.01335476,-0.00489098,-0.00944813
0.94147118,-0.06242302,0.33126331,-0.02323929,-0.99238546,-0.12095693,0.33629146,0.10617914,-0.93575296,0.00659776,-0.00411344,-0.00888223
0.94176222,-0.06199564,0.33051544,-0.02308009,-0.99245789,-0.12039406,0.33548655,0.10575425,-0.93609021,,,
0.94200691,-0.06162789,0.32988631,-0.02294488,-0.99252104,-0.11989808,0.33480816,0.10537562,-0.93637573,-0.0031141,-0.00832939,0.00915502
0.942081652,-0.0615525614,0.329686873,-0.022937252,-0.992537284,-0.119763503,0.334598318,0.105264887,-0.936463001,-0.00606475212,-9.45329666e-05,0.0116936695
0.942176447,-0.061321926,0.329458884,-0.0228309659,-0.992576779,-0.119456264,0.334338574,0.105027013,-0.936582493,0.00141644338,0.000829517841,0.00877434853
0.94223468,-0.06127644,0.32930079,-0.02287829,-0.99260158,-0.11924165,0.33417121,0.10481978,-0.93666553,,,
0.942263776,-0.0612605113,0.329220461,-0.0228949809,-0.992609074,-0.119174365,0.334087985,0.104756189,-0.936702117,-0.000918294536,0.00425940752,-0.00990563445
0.942354725,-0.0611145988,0.328987203,-0.0228737484,-0.992645192,-0.118879779,0.333832841,0.104501751,-0.93682181,0.00419984711,0.00329428911,0.000416186638
0.94245829,-0.06102354,0.32870734,-0.02288262,-0.9926692,-0.11867781,0.33353976,0.1043272,-0.9369457,0.01017896,0.00342566,0.00597533
0.94263245,-0.06095557,0.32822016,-0.02295496,-0.99269654,-0.11843359,0.33304223,0.10410506,-0.9371472,-0.00749831,0.0063991,0.00335715
0.94263613,-0.06084375,0.32823036,-0.02289738,-0.99271859,-0.1182609,0.3330358,0.10396138,-0.93716558,,,
0.94258177,-0.0607636,0.32840126,-0.02280655,-0.99272501,-0.11822278,0.33319583,0.10394494,-0.9371103,0.00260801,0.00519854,-0.02035699
0.94258543,-0.06062452,0.32841646,-0.02277665,-0.99276536,-0.11788992,0.33318752,0.10364109,-0.93714699,0.00727128,0.00952774,0.00314486
0.94273773,-0.06038979,0.32802232,-0.02267556,-0.99280123,-0.1176077,0.33276326,0.10343513,-0.93732056,0.00830373,-0.00395244,0.00881834
0.94285725,-0.0602691,0.32770083,-0.02262918,-0.99281673,-0.11748547,0.33242762,0.10335642,-0.9374483,0.00591886,-0.00706726,0.02622302
0.94282289,-0.0600609,0.32783792,-0.02241202,-0.99282779,-0.11743476,0.33253979,0.10337267,-0.93740685,-0.00737519,0.001921,0.00279261
0.94268519,-0.05988913,0.32826505,-0.02224148,-0.99285165,-0.1172659,0.33294138,0.10324373,-0.93727858,0.00731577,0.00487095,-0.00592721
0.94265978,-0.0598067,0.32835298,-0.02215351,-0.99285626,-0.11724042,0.33301913,0.10324366,-0.93725058,0.01103497,0.00398904,-0.01049955
0.94269954,-0.05952343,0.32829035,-0.02192834,-0.99288356,-0.11705491,0.33292153,0.10314875,-0.93729613,0.00148878,-0.00152773,-0.0047712
0.94277175,-0.05916698,0.32814739,-0.02160697,-0.992903,-0.11694935,0.332738,0.10316627,-0.93735932,-0.00293961,-0.01073724,0.0017296
0.94274983,-0.05898631,0.32824285,-0.02144764,-0.99292025,-0.116831,0.33281039,0.10310237,-0.93734052,-0.00209278,-0.00253886,-0.00733136
0.94266062,-0.05869783,0.32855063,-0.02113983,-0.99293731,-0.11674176,0.33308266,0.10310236,-0.93724376,0.00139245,0.00706726,0.00307442
0.942442165,-0.0583631712,0.329236213,-0.0207909606,-0.992971717,-0.11650819,0.333722159,0.102957091,-0.93703182,-0.000235293061,0.0202632546,-0.0154465251
0.94229077,-0.05813621,0.32970939,-0.02059072,-0.99300697,-0.11624545,0.33416182,0.10274806,-0.93689837,0.00673342,0.00843781,-0.01683551
0.9421005,-0.05774428,0.33032144,-0.02030054,-0.99307635,-0.11570343,0.33471561,0.10229856,-0.93674997,0.00679366,-0.00368172,-0.01683125
0.94211073,-0.05744928,0.33034368,-0.02008673,-0.99311318,-0.11542438,0.3346997,0.10210702,-0.93677656,-0.00268348,-0.00390983,-0.00788784
0.9421439,-0.05687306,0.33034879,-0.01973084,-0.99320205,-0.1147186,0.3346275,0.10156337,-0.93686141,-0.00795139,-0.01573396,0.00368066
0.942082679,-0.0564997107,0.330587367,-0.0195096267,-0.993270769,-0.114159931,0.334812782,0.101098457,-0.936845473,0.000558609609,-0.000136435032,0.015676124
0.94205052,-0.05615163,0.33073828,-0.01926332,-0.99331972,-0.11377427,0.33491751,0.10080999,-0.93683901,-0.00151337,-0.0023737,0.01319813
0.941755044,-0.0558494199,0.331629714,-0.0189659866,-0.993364471,-0.113432308,0.335764376,0.100535762,-0.936565227,-0.000303353881,0.00174409151,-0.00570891472
0.941598829,-0.0557060137,0.33209709,-0.0188521206,-0.99339542,-0.113180664,0.336208618,0.100310046,-0.936430132,-0.00240127416,0.000721156597,-0.0101277167
0.94128891,-0.05533423,0.3330365,-0.01853961,-0.99346013,-0.112664,0.33709268,0.09987501,-0.93615887,0.00669735,-0.00589275,0.00720737
0.94104681,-0.05513952,0.3337522,-0.01830543,-0.99348093,-0.11251997,0.33778071,0.09977708,-0.93592142,0.01584229,0.00317353,0.00382562
0.94099109,-0.05504491,0.33392487,-0.01822937,-0.99349555,-0.11240018,0.33794001,0.09968032,-0.93587388,0.01586805,0.01030713,-0.00286744
0.940885918,-0.0546725897,0.334282202,-0.0179210525,-0.993540347,-0.112054312,0.338249196,0.099439635,-0.935787904,0.000393073075,0.0135448575,-0.0203300398
0.94082638,-0.05422711,0.33452226,-0.01760218,-0.99360171,-0.11156077,0.33843151,0.099071,-0.93576122,0.01489133,-0.00150573,-0.0167896
0.94087852,-0.0539709,0.33441701,-0.01743524,-0.99363294,-0.11130663,0.33829515,0.09889538,-0.93582888,0.01474511,-0.00250888,-0.0060797
0.94110361,-0.0533385,0.33388469,-0.01705392,-0.99370983,-0.1106774,0.33768794,0.09846486,-0.93609353,0.01452963,-0.00459462,-0.01235088
0.94149123,-0.05265348,0.3328992,-0.01664294,-0.99377957,-0.11011372,0.33662632,0.09813068,-0.93651105,-0.00891835,-0.0097394,0.01555789
0.94149123,-0.05265348,0.3328992,-0.01664294,-0.99377957,-0.11011372,0.33662632,0.09813068,-0.93651105,-0.00891835,-0.0097394,0.01555789
0.94162253,-0.05174563,0.3326701,-0.0159405,-0.99386189,-0.10947206,0.33629289,0.09777843,-0.93666759,-0.00420368,0.00451809,0.01299102
0.941585908,-0.0515229492,0.332808272,-0.0157380775,-0.993879637,-0.109338833,0.336404925,0.0977141404,-0.936633915,0.00408537034,-0.000768482685,0.00804869551
0.94155506,-0.05113097,0.332956,-0.01536537,-0.99390351,-0.10917931,0.33650852,0.09768234,-0.93660054,,,
0.94166796,-0.05082801,0.33268297,-0.01507568,-0.99390774,-0.1091792,0.33620555,0.09779513,-0.93669734,-0.00193342,-0.00566542,0.00945892
0.941692702,-0.0505584276,0.332654012,-0.0147508818,-0.993899173,-0.109300309,0.336150647,0.0980203628,-0.936693371,-0.000624752371,-0.00858914852,0.0049921372
0.94168232,-0.0504601,0.33269833,-0.01459397,-0.99388686,-0.1094347,0.33618658,0.09819734,-0.93666211,0.00343607,-0.00470573,0.00578469
0.94167476,-0.05033245,0.33273904,-0.01429598,-0.99384219,-0.10987697,0.33622054,0.09871154,-0.93659565,0.00568906,0.01553208,-0.00126853
0.94165389,-0.05013579,0.33282781,-0.01398218,-0.99381711,-0.11014535,0.3362922,0.09906513,-0.93653275,0.00604044,0.00767022,-0.01418924
0.941672775,-0.0500216631,0.332791547,-0.0138417145,-0.993811584,-0.110212371,0.33624513,0.099177583,-0.936537692,0.00482245674,-0.000777840614,-0.0221158341
0.94181173,-0.04980116,0.33243122,-0.01363975,-0.99381168,-0.11023903,0.33586401,0.09929014,-0.93666278,-0.00238029,0.00406903,-0.0065709
0.94193725,-0.04951157,0.33211868,-0.01342198,-0.99383076,-0.11009153,0.33552058,0.09924162,-0.93679076,-0.00306622,-0.0059734,0.00401978
0.94203058,-0.04932248,0.33188204,-0.01327293,-0.9938403,-0.11002451,0.33526441,0.09924141,-0.93688261,-0.00154733,-0.00598216,0.00631379
0.942097294,-0.0490644376,0.331730856,-0.0130223817,-0.993844893,-0.110011155,0.335086701,0.099321285,-0.936937512,0.000188813079,0.0015001893,0.0119374897
0.94197238,-0.04890308,0.33210919,-0.01275678,-0.99383208,-0.11015929,0.3354479,0.09953036,-0.93678622,,,
0.94190591,-0.04875161,0.33231992,-0.01248203,-0.993807,-0.11041409,0.33564482,0.09985166,-0.93668119,0.00640014,-0.00170594,-0.00711407
0.94201243,-0.0486452,0.33203345,-0.01233497,-0.99378801,-0.1106013,0.33535119,0.10009218,-0.93676068,,,
0.94210289,-0.04856828,0.33178801,-0.01224323,-0.99377764,-0.11070829,0.33510038,0.10023644,-0.93683542,,,
0.94218263,-0.04839286,0.33158715,-0.01199478,-0.99375381,-0.11094916,0.3348851,0.10055706,-0.93687804,0.00819154,-0.00545025,0.00493959
0.94224373,-0.04833166,0.33142242,-0.01188676,-0.99373571,-0.11112303,0.33471701,0.10076544,-0.93691575,0.00888004,0.00541526,0.00456284
0.94233661,-0.04819741,0.33117778,-0.01168219,-0.99370955,-0.11137724,0.33446261,0.10108597,-0.93697195,-0.00414577,0.0055421,-0.00341039
0.94228605,-0.04800251,0.33134989,-0.01136619,-0.99368444,-0.1116317,0.3346159,0.10142281,-0.93688058,-0.00207683,0.00490457,-0.01049767
0.9422169,-0.04792202,0.33155814,-0.01119048,-0.99366553,-0.1118193,0.33481651,0.10164773,-0.93678472,0.00470194,-0.0021469,-0.0041668
0.94224871,-0.04783525,0.33148027,-0.01110787,-0.99366657,-0.11181936,0.33472974,0.1016796,-0.9368124,,,
0.94228309,-0.04766373,0.33140722,-0.01094015,-0.99366972,-0.11180593,0.33463845,0.10172719,-0.93683962,0.00351938,-0.00956118,0.00268931
0.94216874,-0.04762876,0.33173719,-0.01080321,-0.99365175,-0.11198005,0.33496471,0.10192027,-0.93670216,-0.00117769,0.00690538,0.00257007
0.9421554,-0.04758745,0.331781,-0.0107594,-0.9936537,-0.11196669,0.33500363,0.10192026,-0.93668821,,,
0.94214206,-0.04757374,0.33182086,-0.01068773,-0.99363783,-0.11211383,0.33504345,0.10208074,-0.93665644,0.00730783,0.00107521,-0.01278039
0.94234918,-0.0474605,0.33124843,-0.01063419,-0.99363852,-0.11211362,0.33446216,0.10212762,-0.93685915,-0.00214119,0.00392753,-0.0079013
0.942495087,-0.0474361402,0.330836547,-0.0106607233,-0.993639712,-0.112099932,0.334049933,0.102126678,-0.937006248,-0.00455517275,0.00539082289,0.000779127819
0.94266991,-0.04736848,0.33034777,-0.01073143,-0.99366595,-0.11185866,0.33355398,0.10190069,-0.93720731,,,
0.94272814,-0.04732311,0.33018811,-0.01077803,-0.99368984,-0.11164463,0.33338791,0.10169176,-0.93728943,0.00542405,0.0013271,-0.00252798
0.942786319,-0.047291424,0.330026476,-0.010810778,-0.993704396,-0.11151058,0.333222269,0.101562806,-0.937362164,0.000132043613,-0.000982344151,-0.00847356394
0.94293167,-0.04723977,0.32961839,-0.01086493,-0.99372353,-0.11133598,0.332809,0.10140094,-0.93752664,0.00868761,0.0023883,-0.00343603
0.9430926,-0.04713107,0.3291732,-0.01089147,-0.99375158,-0.11108108,0.33235179,0.10117456,-0.93771309,,,
0.94317959,-0.0470974,0.3289287,-0.01092663,-0.99376456,-0.11096009,0.33210369,0.10106121,-0.93781305,0.00287471,-0.00614625,0.00423522
0.94336657,-0.04708513,0.32839381,-0.01102691,-0.99377999,-0.11081162,0.33156886,0.10091481,-0.93801801,-0.00194784,-0.00539607,0.01040926
0.94342443,-0.04706729,0.32823011,-0.01104573,-0.99378596,-0.11075767,0.33140357,0.10086595,-0.93808184,0.00128456,0.00471169,0.01667526
0.943408697,-0.0470970794,0.328271063,-0.0111008049,-0.993794315,-0.110677485,0.331446524,0.100770029,-0.938077012,0.000844233728,0.00466769934,0.0038224305
0.9433772,-0.0471839,0.32834908,-0.01118347,-0.99379321,-0.11067739,0.33153336,0.10073845,-0.93804953,,,
0.94341933,-0.04725041,0.32821846,-0.01120225,-0.99377233,-0.11086436,0.33141284,0.1009148,-0.93807334,0.00270529,-0.00519884,0.00228745
0.943387832,-0.0473645496,0.328292551,-0.0112573193,-0.993753865,-0.111025016,0.331500638,0.101043955,-0.938028502,-0.00090051163,-0.00530010462,0.00760892173
0.94331419,-0.04748043,0.32848735,-0.01122466,-0.99371217,-0.11140006,0.33171122,0.1013981,-0.93791574,,,
0.94325371,-0.04759674,0.32864416,-0.01127714,-0.99369499,-0.11154752,0.3318814,0.10151145,-0.93784323,0.00317245,0.00177485,-0.00661099
0.943135199,-0.0477446218,0.328962668,-0.0112968924,-0.993663078,-0.11182903,0.332217348,0.101753637,-0.937697981,0.00155800988,0.00016617775,-0.00516660279
0.94308781,-0.04791592,0.3290736,-0.01137936,-0.99363501,-0.11206979,0.33234903,0.10194701,-0.93763031,0.00473325,-0.00531119,0.00236195
0.94308521,-0.04802799,0.32906473,-0.01143686,-0.99361483,-0.11224353,0.33235445,0.10209174,-0.93761273,,,
0.943079978,-0.0482111099,0.329052944,-0.0115933471,-0.993600982,-0.112350171,0.332363875,0.102140371,-0.937604117,-0.000365024433,0.00360232592,0.00400164025
0.94298503,-0.04851274,0.32928066,-0.01179961,-0.99357142,-0.11259093,0.33262593,0.10228617,-0.9374954,,,
0.94295334,-0.04862698,0.32935453,-0.01185452,-0.99355235,-0.11275143,0.33271378,0.102415,-0.93744995,,,
0.94288727,-0.04894013,0.32949725,-0.01204946,-0.99351189,-0.11308539,0.33289396,0.10265651,-0.9373594,,,
0.94279203,-0.0492555159,0.329722738,-0.0122417498,-0.993473315,-0.113406239,0.333156614,0.102882115,-0.937241699,0.000318407896,0.000161290169,0.00512150861
0.94269937,-0.04947253,0.32995508,-0.01236268,-0.9934456,-0.1136336,0.33341423,0.10304319,-0.93713215,-0.00147974,0.00438029,0.00275528
0.942445,-0.04978505,0.33063403,-0.0124701,-0.99339828,-0.11403547,0.33412858,0.10334912,-0.93684405,0.00969671,0.0035792,-0.00432206
0.94236798,-0.04994502,0.33082941,-0.01256347,-0.99338041,-0.11418267,0.33434228,0.10344573,-0.93675737,0.00837014,0.00150329,-0.00112265
0.942314556,-0.0503133642,0.330925734,-0.0127880626,-0.993328242,-0.114609731,0.334484292,0.103766519,-0.936671069,0.00585508067,-0.0054526329,-9.74957366e-05
0.94238056,-0.05057453,0.33069788,-0.01295198,-0.99328133,-0.11499634,0.33429196,0.10408712,-0.93670405,,,
0.942242239,-0.0508785799,0.331045222,-0.0130694926,-0.993227347,-0.115450588,0.334677094,0.104455828,-0.936525723,0.00327439583,0.00416761637,0.000314352335
0.94218101,-0.05099518,0.3312015,-0.01312149,-0.9932093,-0.11559754,0.33484738,0.10456795,-0.93645206,,,
0.94207165,-0.05129716,0.33146585,-0.01324146,-0.99315328,-0.11606487,0.33515022,0.10495233,-0.93630079,,,
0.94189037,-0.05154875,0.33194165,-0.01332591,-0.99311168,-0.11641239,0.33565601,0.10522428,-0.93608927,,,
0.94187145,-0.05170442,0.33197113,-0.0134244,-0.99308997,-0.11658566,0.33570517,0.10535219,-0.93605719,0.0028927,0.00143141,-0.00449393
0.941807128,-0.0519333244,0.332117821,-0.0135334831,-0.993050523,-0.11690578,0.335881172,0.105607985,-0.935964884,0.00319530745,-0.000541865826,-0.00614623865
0.94175884,-0.05209126,0.33223004,-0.0136292,-0.9930307,-0.11706588,0.33601271,0.1057198,-0.93590541,0.00717514,-0.00271136,-0.00403663
0.94168118,-0.05226524,0.33242276,-0.0137082,-0.99300271,-0.11729272,0.33622705,0.10589543,-0.93580842,,,
0.94154474,-0.05242996,0.3327831,-0.01379568,-0.99298705,-0.11741292,0.33660536,0.10595855,-0.93566502,0.0115869,0.00208932,0.00374167
0.94151246,-0.0525583,0.33285419,-0.01383616,-0.99295826,-0.11765299,0.336694,0.10616633,-0.93560977,,,
0.94146693,-0.05261784,0.33297354,-0.01386061,-0.99295004,-0.11771981,0.33682028,0.10621409,-0.93555893,,,
0.94147724,-0.05278509,0.33291791,-0.01394779,-0.99291705,-0.11798613,0.33678785,0.10643778,-0.93554503,0.002526,0.00320989,-0.00555161
0.94151984,-0.05283776,0.33278905,-0.01398051,-0.99290395,-0.11809254,0.33666739,0.10653391,-0.93557745,,,
0.94150368,-0.05290885,0.33282347,-0.01399376,-0.99288486,-0.11825254,0.33671202,0.10667775,-0.93554514,,,
0.94141259,-0.053028,0.33306212,-0.01404262,-0.99286843,-0.11838609,0.33696461,0.10677309,-0.93544349,,,
