0,1,2,3,4,5,6,7,8,9,10,11
-0.02122711,-0.8456218,-0.53336032,-0.98970132,-0.05776616,0.13097483,-0.14156533,0.53064762,-0.83568681,-0.06785552,0.04088473,0.00231114
-0.02049135,-0.84137317,-0.54006603,-0.98954239,-0.060075,0.1311368,-0.14277945,0.5371054,-0.8313434,-0.05621614,0.04224658,0.00435303
-0.01780232,-0.82707843,-0.56180449,-0.98908395,-0.0676353,0.13091343,-0.14627352,0.55800239,-0.81684592,-0.03365441,0.01351845,0.01893378
-0.0168383,-0.82048733,-0.5714166,-0.98909096,-0.06997612,0.12962381,-0.14634024,0.56736566,-0.81035831,-0.01517585,-0.00283635,0.02723131
-0.01620781,-0.81724315,-0.57606491,-0.98913786,-0.07107626,0.12866344,-0.14609391,0.57189302,-0.80721413,-0.01691356,-0.01781988,0.05515756
-0.01474011,-0.81169818,-0.58389111,-0.98927764,-0.07301991,0.12648275,-0.14530148,0.57949478,-0.80191855,-0.02962263,-0.04784071,0.08072206
-0.0137665,-0.80880316,-0.58791832,-0.98938135,-0.07406346,0.1250566,-0.14468943,0.58339701,-0.79919517,-0.02328095,-0.05882907,0.10491958
-0.01328179,-0.80872809,-0.58803256,-0.98939625,-0.07443396,0.1247175,-0.14463221,0.58345374,-0.79916389,-0.01793409,-0.07529646,0.09456283
-0.01235173,-0.80954407,-0.5869292,-0.98945409,-0.07482293,0.12402498,-0.14431943,0.5822714,-0.8000825,-0.01352061,-0.06509364,0.06738102
-0.01190577,-0.8121636,-0.58330831,-0.98951359,-0.07440888,0.12379913,-0.14394845,0.57866541,-0.80276103,-0.02654761,-0.0168336,0.05927137
-0.0122969,-0.81407115,-0.58063487,-0.98952244,-0.07363215,0.12419156,-0.14385419,0.57607844,-0.80463621,-0.02174781,0.01828134,0.03716224
-0.01373861,-0.81864651,-0.57413334,-0.98950742,-0.07146042,0.12557242,-0.14382725,0.56983441,-0.80907503,-0.01403472,0.05524683,-0.01741005
-0.01586439,-0.82129344,-0.57028532,-0.98941254,-0.06939569,0.12746374,-0.14426049,0.5662696,-0.81149711,0.01260877,0.06831706,-0.09221322
-0.0168626,-0.82105597,-0.57059847,-0.98933758,-0.06886502,0.1283301,-0.14466052,0.56667854,-0.81114027,0.01558287,0.05512285,-0.10913409
-0.01834362,-0.81658882,-0.57692812,-0.98904649,-0.06970484,0.1301081,-0.14645956,0.57299544,-0.80636564,-0.01907348,-0.01574141,-0.07465387
-0.01971051,-0.81028961,-0.58569807,-0.98874909,-0.07108292,0.13161476,-0.14827921,0.58170264,-0.79977203,-0.0578762,-0.03287804,-0.05083804
-0.02081706,-0.80751237,-0.58948315,-0.98865499,-0.07109977,0.1323106,-0.14875458,0.58554979,-0.79687103,-0.04208785,-0.02074766,-0.06926457
-0.02424566,-0.80175884,-0.59715558,-0.9885203,-0.06987856,0.13395703,-0.14912965,0.59354833,-0.79086062,-0.04331651,-0.01462424,-0.01660009
-0.02658872,-0.79817171,-0.60184297,-0.98846041,-0.06882263,0.13494245,-0.14912766,0.5984859,-0.78713124,0.05479122,-0.04043913,-0.09102572
-0.03180276,-0.7898156,-0.61251921,-0.98843872,-0.06604329,0.13648095,-0.14824762,0.60977822,-0.77858394,0.11070589,-0.03219485,-0.1533186
-0.03567235,-0.77847679,-0.62665889,-0.98843641,-0.06499086,0.13700233,-0.14738024,0.62429967,-0.76715642,0.11727606,0.00810134,-0.12500504
-0.03789794,-0.7665554,-0.64105886,-0.98845941,-0.06540139,0.13664025,-0.1466685,0.63883908,-0.75523031,0.1116064,-0.0145278,-0.07831964
-0.03789506,-0.75065405,-0.65960777,-0.98853024,-0.06840727,0.13464161,-0.14619126,0.6571445,-0.73945192,0.05453424,-0.00781518,-0.01735573
-0.03674687,-0.74271853,-0.66859464,-0.9885794,-0.07083105,0.13301751,-0.14615185,0.66584689,-0.7316334,0.01660499,0.00418663,0.01948144
-0.03618912,-0.73947264,-0.67221321,-0.98857519,-0.07199731,0.13242178,-0.14631981,0.66932551,-0.7284188,-0.01094209,0.00886142,0.03934469
-0.03520217,-0.73483969,-0.67732665,-0.98852387,-0.07402382,0.13168515,-0.14690581,0.67418919,-0.72380076,-0.05075666,0.01185954,0.09405129
-0.03462246,-0.73292737,-0.67942532,-0.98856737,-0.07471025,0.13096924,-0.14675098,0.67619217,-0.72196143,-0.06283879,0.01798296,0.09637932
-0.03463045,-0.73297603,-0.67937229,-0.98863511,-0.07438059,0.13064444,-0.14629142,0.67617564,-0.72206997,-0.06191608,0.01789904,0.0833199
-0.03502039,-0.73467652,-0.67751321,-0.98879888,-0.07294812,0.13021334,-0.14508794,0.67448436,-0.72389269,-0.0419087,0.00986826,0.08142162
-0.03555442,-0.73801897,-0.67384253,-0.98902414,-0.07077465,0.12969992,-0.14341202,0.67105798,-0.72740219,-0.02894036,0.00635064,0.08635651
-0.03587335,-0.74044148,-0.67116274,-0.98916301,-0.06936916,0.12940001,-0.14237117,0.6685314,-0.7299288,-0.01098422,0.00520718,0.06616064
-0.03638428,-0.74629835,-0.66461627,-0.98944547,-0.06644188,0.12877487,-0.1402629,0.662287,-0.73600405,0.01684066,0.00645363,0.01251244
-0.03665389,-0.75272778,-0.65731059,-0.98972768,-0.06360962,0.12803422,-0.13818626,0.6552515,-0.74266395,0.03218253,0.00395262,-0.01696093
-0.0366430602,-0.75602341,-0.653517831,-0.98988386,-0.062235137,0.12750054,-0.137065292,0.651578889,-0.746094829,0.042441491,0.000786960125,-0.0250036083
-0.03685886,-0.76682215,-0.64080047,-0.99038155,-0.05754526,0.12582903,-0.13336351,0.63927487,-0.75732546,0.05626428,-0.01447868,-0.04716068
-0.03978319,-0.77133292,-0.63518722,-0.99086288,-0.05153377,0.12463947,-0.12887213,0.634342,-0.76223497,0.18874817,-0.07968628,-0.19900034
-0.06095458,-0.72934681,-0.68142324,-0.99098976,-0.03735086,0.12862374,-0.11926311,0.68312371,-0.72049849,0.30081522,0.02668047,-0.27537277
-0.066932,-0.70747411,-0.70356259,-0.99083503,-0.03578918,0.13024943,-0.11732809,0.70583238,-0.69859466,0.22449817,0.06079865,-0.13404304
-0.07612366,-0.65951582,-0.74782633,-0.9905931,-0.03551101,0.13215305,-0.11371304,0.75085152,-0.65060863,0.1035587,0.13705218,0.12306865
-0.08919213,-0.62419403,-0.77616155,-0.99013014,-0.02901619,0.13711504,-0.10810757,0.78073045,-0.61544534,0.09470633,0.08547151,0.12639005
-0.09779024,-0.6129871,-0.7840177,-0.98969474,-0.02290111,0.1413497,-0.10460047,0.78976087,-0.60443057,0.1391174,0.07200885,0.07185548
-0.11574671,-0.60047677,-0.79122077,-0.98845464,-0.00877901,0.15126244,-0.09777573,0.79959399,-0.5925279,0.22048925,0.07031357,-0.02758828
-0.13397267,-0.59360559,-0.79352619,-0.98675445,0.00599594,0.16211039,-0.09147166,0.80473383,-0.58654628,0.28217101,0.08242989,-0.13381244
-0.14330056,-0.58879639,-0.79547703,-0.98571793,0.01307083,0.16789662,-0.0884594,0.80817567,-0.58226021,0.27510178,0.12010169,-0.16804926
-0.16240089,-0.57295856,-0.80333316,-0.98315114,0.0247326,0.18111295,-0.0839018,0.81921094,-0.5673214,0.24059767,0.1509968,-0.08806131
-0.18250392,-0.55149184,-0.81397104,-0.97987386,0.0339314,0.19671224,-0.0808661,0.83348979,-0.546585,0.24016413,0.09191203,0.00479992
-0.19325828,-0.54008776,-0.81911914,-0.9779017,0.03817546,0.20554968,-0.07974472,0.8407423,-0.5355304,0.24310356,0.0994308,0.019273
-0.21645832,-0.51619765,-0.82866493,-0.97319006,0.04648025,0.22525657,-0.07776045,0.85520722,-0.5124194,0.21633941,0.17635214,0.0215266
-0.24170249,-0.491684,-0.83655643,-0.96735943,0.05445782,0.24748742,-0.0761286,0.86906911,-0.48879772,0.19283289,0.19433713,0.03327413
-0.25508102,-0.4797443,-0.83951119,-0.96394647,0.05813604,0.25966782,-0.07576831,0.8754802,-0.47727721,0.21591213,0.19149315,0.03642268
-0.28277159,-0.45514749,-0.84432279,-0.95619764,0.06431635,0.28556865,-0.07567211,0.88809017,-0.45339778,0.20083642,0.22509062,0.03834113
-0.29724399,-0.44207894,-0.84629328,-0.95175463,0.0664321,0.29958298,-0.07621825,0.89451275,-0.44049725,0.17422697,0.23009455,0.07417952
-0.3600301,-0.39746623,-0.84403739,-0.92924595,0.07233976,0.36231073,-0.08294875,0.914761,-0.39538844,0.10874759,0.22747493,0.06087518
-0.39295373,-0.37679148,-0.83881788,-0.91542637,0.07391393,0.39564026,-0.0870736,0.92334437,-0.37396957,0.02970493,0.29039669,0.03444488
-0.40972005,-0.36477942,-0.83610134,-0.90777385,0.07274765,0.41310339,-0.08986721,0.92824768,-0.36094339,-0.0036253,0.29282701,0.05902066
-0.44365198,-0.34143343,-0.82861092,-0.8908987,0.06761413,0.44914117,-0.09732603,0.9374708,-0.33417972,-0.01322857,0.22851825,0.09568574
-0.47740931,-0.32144238,-0.81777441,-0.87238173,0.06215478,0.48485749,-0.10502521,0.94488702,-0.31009367,-0.02645111,0.19164586,0.04868897
-0.49404565,-0.31119005,-0.81183723,-0.8626518,0.05902992,0.50234188,-0.10840109,0.94851265,-0.29761215,-0.04856537,0.19345534,0.03698627
-0.57583025,-0.25585141,-0.77650456,-0.80762703,0.03034183,0.58891239,-0.12711357,0.96623976,-0.22410416,-0.11547542,0.15997696,-0.0034234
-0.64810919,-0.19116263,-0.73716438,-0.74766098,-0.02428868,0.66363629,-0.14476721,0.98125782,-0.12718313,-0.12055825,0.14606225,0.07479915
-0.67485361,-0.17396776,-0.71715235,-0.7215173,-0.04840119,0.69070246,-0.15487108,0.98356105,-0.09285686,-0.09695044,0.10020041,0.01986563
-0.69999038,-0.1597817,-0.69604842,-0.69474617,-0.07330952,0.7155093,-0.16535224,0.98442653,-0.05969183,-0.16880922,0.07361388,-0.07281227
-0.71232113,-0.15302723,-0.68496805,-0.68059061,-0.08779978,0.72738407,-0.17144963,0.98431389,-0.04160723,-0.22156672,0.06710196,-0.08028536
-0.73599324,-0.14324364,-0.66166091,-0.65072743,-0.11989038,0.74978668,-0.18672896,0.98239886,-0.00497403,-0.21024416,0.08024263,-0.012885
-0.74704246,-0.1408527,-0.64968314,-0.63540765,-0.13598303,0.76010907,-0.19540927,0.98064734,0.01208616,-0.17439854,0.02639532,0.00594508
-0.76765438,-0.1365185,-0.62615449,-0.60488635,-0.16841431,0.77829886,-0.21170557,0.97621684,0.04670582,-0.2049966,0.00558972,0.02448742
-0.78784397,-0.13204696,-0.60155216,-0.57282918,-0.20163507,0.79448707,-0.22620372,0.97051871,0.08321691,-0.25840554,0.04614782,0.09466217
-0.80739994,-0.13392671,-0.5746031,-0.53902868,-0.22855787,0.81068441,-0.23990242,0.96427422,0.11234742,-0.21732868,0.02254105,0.03640544
-0.81650138,-0.13680212,-0.5609015,-0.52226809,-0.2390954,0.81857761,-0.24609216,0.96131079,0.12377445,-0.18456197,-0.02069831,-0.00589062
-0.83321416,-0.13949143,-0.53506676,-0.49034218,-0.26086094,0.83157453,-0.25557551,0.95524541,0.14895442,-0.20730244,-0.06327116,-0.0630053
-0.8489806,-0.1385081,-0.50994814,-0.45838912,-0.28706566,0.84111384,-0.26288975,0.94784417,0.18022279,-0.2324274,-0.03156543,-0.01220459
-0.85646847,-0.13891553,-0.49715604,-0.44200716,-0.30011034,0.84531851,-0.26662956,0.94373523,0.19563345,-0.20117112,-0.03669399,-0.00331759
-0.86996789,-0.14208085,-0.47219541,-0.40999298,-0.32362532,0.85274388,-0.27397304,0.93545679,0.22329174,-0.13976088,-0.08205783,-0.03391318
-0.88174793,-0.14365338,-0.449315,-0.38010717,-0.3477047,0.85709961,-0.27935426,0.92653382,0.25198444,-0.14968625,-0.09566081,-0.0267551
-0.88721803,-0.14376682,-0.43837738,-0.36548499,-0.36083701,0.85803088,-0.28153926,0.92148107,0.26759685,-0.16612118,-0.06021547,0.02243527
-0.89772882,-0.14660342,-0.41543993,-0.33512305,-0.38486284,0.85998435,-0.28596405,0.91125626,0.29637232,-0.15715174,-0.01944607,0.04291311
-0.90691502,-0.15329103,-0.39243709,-0.30490828,-0.40400207,0.86244604,-0.29075066,0.90182265,0.31965593,-0.14310592,-0.05722255,-0.01728491
-0.91092159,-0.15676235,-0.38163787,-0.29026709,-0.41385419,0.86282661,-0.29320115,0.89674428,0.33148573,-0.13172019,-0.06078672,-0.02284027
-0.91795657,-0.16268984,-0.36178345,-0.26165778,-0.43714682,0.86048678,-0.29814502,0.88455317,0.35871308,-0.15304962,0.00649047,0.06153452
-0.92379829,-0.16961579,-0.34325975,-0.23328194,-0.46155471,0.85588949,-0.30360552,0.87074553,0.38681511,-0.18260296,0.08005047,0.08929272
-0.92632595,-0.17377627,-0.33424809,-0.2191268,-0.47316978,0.85328401,-0.30643665,0.86366195,0.4002306,-0.1777925,0.06491852,0.07719151
-0.93062851,-0.1831421,-0.31684258,-0.19043476,-0.49697859,0.84660891,-0.31251376,0.84821637,0.42762606,-0.13593471,0.05819082,0.08473177
-0.93236774,-0.18821929,-0.30864767,-0.17575744,-0.51007226,0.8419829,-0.31591012,0.83928504,0.44249437,-0.11461419,0.046211,0.09797582
-0.93499095,-0.20072387,-0.29240732,-0.14512508,-0.53574848,0.83181273,-0.32362142,0.82017293,0.47178978,-0.10509595,0.05348313,0.10637148
-0.93602339,-0.21815986,-0.2761636,-0.112286,-0.55856363,0.82182626,-0.33354447,0.80025797,0.49833244,-0.1611342,0.03032005,0.05545753
-0.93545981,-0.23892225,-0.26044389,-0.07734042,-0.58065768,0.81046595,-0.34486711,0.77830119,0.52470364,-0.14005226,0.03858495,0.04577418
-0.9345728,-0.25023817,-0.25289234,-0.05917593,-0.59158795,0.80406586,-0.35081603,0.76642322,0.53807393,-0.15499628,0.02337813,0.07517196
-0.93174357,-0.2736453,-0.23868803,-0.02179572,-0.61399952,0.7890053,-0.36246196,0.74035307,0.56612597,-0.15804216,0.02697062,0.09709445
-0.9273329,-0.29899312,-0.22507027,0.01691252,-0.63427813,0.77291983,-0.37385489,0.71294755,0.59324385,-0.18758513,0.00531423,0.10393643
-0.92451216,-0.31225587,-0.21857152,0.03632752,-0.64302585,0.76498238,-0.37941738,0.69929536,0.60582872,-0.19210964,0.004457,0.04406354
-0.91763189,-0.33947675,-0.20665746,0.07483874,-0.65827838,0.74904525,-0.39032158,0.6718818,0.6294632,-0.14331219,-0.01478493,0.01559173
-0.90879558,-0.36762668,-0.19733581,0.11318112,-0.672426,0.73145983,-0.40159785,0.6424127,0.652706,-0.14906283,-0.02383333,0.0163319
-0.90350941,-0.38229409,-0.19370598,0.13261988,-0.67920019,0.72187194,-0.40753251,0.62652882,0.66436353,-0.17229226,-0.04727405,0.00983586
-0.87724983,-0.44326503,-0.1842522,0.21151002,-0.70148625,0.68057371,-0.43092491,0.55806197,0.70913367,-0.1758782,0.00521445,0.08379614
-0.86970293,-0.45898127,-0.18152905,0.23105045,-0.70358558,0.67199913,-0.43615627,0.54249731,0.71795846,-0.18760316,0.02014804,0.09903377
-0.85352161,-0.49140209,-0.17327649,0.27004835,-0.70157916,0.65943951,-0.44561715,0.51605288,0.73151539,-0.20116919,-0.01202846,0.05453202
-0.83520193,-0.52570376,-0.16147207,0.30994512,-0.69250963,0.65143255,-0.45428152,0.49403026,0.74132475,-0.17723645,-0.09967065,-0.02420146
-0.82500792,-0.54317802,-0.15594719,0.32981463,-0.68687557,0.64762969,-0.45889454,0.48286597,0.74582588,-0.16594413,-0.11474895,0.00578861
-0.8029393,-0.57778766,-0.14645658,0.36921894,-0.67501178,0.63877705,-0.46793748,0.45882476,0.75532397,-0.21955758,-0.15813756,0.01669417
-0.79106386,-0.59514989,-0.14147276,0.38910614,-0.66798368,0.63434548,-0.47203215,0.44675988,0.75999425,-0.19080105,-0.15832877,0.04135683
-0.76514293,-0.63046329,-0.13066137,0.42880856,-0.65035888,0.62702201,-0.48029113,0.42373273,0.7679655,-0.17306729,-0.16893589,0.03131486
-0.7371924,-0.664931,-0.12006019,0.46692075,-0.6297554,0.62080065,-0.4883981,0.40159083,0.77472069,-0.13242562,-0.21289843,0.01608747
-0.70734219,-0.69810466,-0.11098266,0.50376145,-0.60798528,0.61365995,-0.49587465,0.37815872,0.78173163,-0.09485936,-0.22707105,-0.01734685
-0.6915636,-0.71411385,-0.1085396,0.52162769,-0.59769229,0.60882521,-0.49964387,0.3644242,0.78584411,-0.09243399,-0.23090601,-0.02884841
-0.65864557,-0.74471734,-0.10761991,0.55566382,-0.57782923,0.59778845,-0.50736937,0.33393024,0.7943972,-0.0825819,-0.21748388,0.003504
-0.62431922,-0.773541,-0.10890213,0.58770347,-0.55695207,0.58686358,-0.51461634,0.30238809,0.80232876,-0.09597967,-0.21590889,0.01823971
-0.6062666,-0.78776318,-0.1089492,0.60358155,-0.54500364,0.58194527,-0.51781277,0.28705427,0.80589687,-0.084579,-0.20821166,0.02081412
-0.56869734,-0.81551582,-0.10731693,0.63392679,-0.5176784,0.57458294,-0.52413721,0.25873281,0.81137999,-0.07627757,-0.2459625,0.02192724
-0.53012294,-0.84152264,-0.1039658,0.66189981,-0.48733397,0.56955581,-0.52996026,0.23311977,0.81535099,-0.0396436,-0.22156918,-0.02342528
-0.51049073,-0.85386668,-0.10154112,0.67509488,-0.47112182,0.56770663,-0.53258408,0.22125916,0.81694464,0.01446546,-0.20355463,-0.003135
-0.42797884,-0.8994571,-0.08837947,0.72442051,-0.39986863,0.56153353,-0.54041552,0.17630059,0.82272058,-0.00404827,-0.21767604,0.03581072
-0.40701649,-0.90980539,-0.08118957,0.73551747,-0.37915136,0.56147868,-0.54161947,0.16881473,0.8234986,-0.03342347,-0.24314511,0.04346135
-0.3664345,-0.92873286,-0.05640046,0.75511301,-0.33225381,0.56516522,-0.54362678,0.16450732,0.82304754,0.07966496,-0.25274229,-0.04651001
-0.32657779,-0.94489069,-0.02299072,0.77212494,-0.28073701,0.57009634,-0.54513306,0.16842909,0.82125611,0.31225485,-0.27151269,-0.12785591
-0.30627919,-0.95190142,-0.00876585,0.78015258,-0.25627348,0.57068902,-0.54548612,0.16795144,0.82111949,0.33725682,-0.26840937,-0.11377025
-0.26550098,-0.96407202,0.00862489,0.79482384,-0.21380996,0.56792638,-0.54567784,0.15764028,0.82303417,0.19467627,-0.27985495,-0.01425771
-0.24558975,-0.96926925,0.01424301,0.80097688,-0.19462874,0.56617643,-0.54600529,0.15045543,0.82416103,0.16786912,-0.24137717,-0.03394483
-0.20807696,-0.97770856,0.02810655,0.81065966,-0.15630418,0.56426939,-0.54729784,0.1401963,0.82511216,0.20236838,-0.11172384,0.01251436
-0.17339957,-0.98399368,0.04109591,0.81720255,-0.12046835,0.56361976,-0.54964755,0.13131515,0.82501144,0.21771437,-0.13751632,-0.03166544
-0.14184309,-0.988615,0.05020751,0.82192998,-0.08935893,0.56253531,-0.55164438,0.12105884,0.82524737,0.14017682,-0.19408429,-0.00636537
-0.12744108,-0.99037966,0.05391373,0.82351656,-0.07536107,0.56226415,-0.55279203,0.11605447,0.82519834,0.15850285,-0.15418702,-0.00879478
-0.10097344,-0.99294362,0.06218621,0.8254085,-0.04871265,0.56243017,-0.55543224,0.1081196,0.82450297,0.24882472,-0.05137432,0.02003621
-0.07637935,-0.99479087,0.067508,0.8256215,-0.02513955,0.56366404,-0.55903072,0.09878835,0.82324087,0.24472813,-0.09495574,-0.00185476
-0.06488077,-0.99549183,0.06918483,0.82556434,-0.01460059,0.56411912,-0.56056582,0.093717,0.82278982,0.20187905,-0.08119583,-0.01421344
-0.04425331,-0.99620987,0.07488329,0.82432502,0.00593374,0.56608571,-0.56438452,0.08677935,0.82093816,0.26139447,-0.07480508,-0.03329051
-0.01799663,-0.99663179,0.08000649,0.82130267,0.03089952,0.56965516,-0.57020864,0.07596147,0.8179804,0.23839429,-0.0297966,-0.02974744
-0.00397935,-0.99667225,0.08141424,0.81929264,0.04343111,0.5717281,-0.57336152,0.0689773,0.81639368,0.19449668,-0.02308458,-0.03316094
0.0067407,-0.99616002,0.08729071,0.81744399,0.05576824,0.57330195,-0.57596855,0.06749085,0.81468104,0.19539063,0.0225668,-0.05253216
0.01073665,-0.99580967,0.09081684,0.81645824,0.06116533,0.57415557,-0.57730455,0.06798369,0.81369383,0.21698643,0.0254004,-0.07088237
0.01611283,-0.99509235,0.09762909,0.81467307,0.06967562,0.57571951,-0.57969649,0.07025937,0.81179774,0.23344266,0.02798128,-0.07100127
0.01898061,-0.99469088,0.10114229,0.81312316,0.07422115,0.57734039,-0.58178212,0.07128288,0.81021498,0.20167288,0.03887987,-0.08090037
0.01955986,-0.99464268,0.10150428,0.81247957,0.07497818,0.5781479,-0.58266124,0.07116174,0.80959363,0.17385566,0.04227197,-0.07371517
0.01870647,-0.99461344,0.10195223,0.81118787,0.07470855,0.57999392,-0.58448643,0.07185275,0.80821582,0.15208107,0.02594674,-0.04974557
0.01737757,-0.99452974,0.10299832,0.81057262,0.07432436,0.5809027,-0.58538028,0.07339294,0.80743013,0.14000307,0.02100563,-0.04111442
0.0132929,-0.99431242,0.10566926,0.80948874,0.07273837,0.58261222,-0.5869848,0.07779351,0.80585172,0.12023393,0.01229203,-0.06056372
0.00729809,-0.99420259,0.1072748,0.80851245,0.06899418,0.58442054,-0.58843376,0.08246788,0.80432875,0.11896345,0.02567744,-0.0246837
0.000428441773,-0.994139353,0.108104722,0.807561182,0.0641023797,0.586289774,-0.589783538,0.0870500305,0.80285593,0.0588603467,0.00776362419,-0.00957307778
-0.00312667,-0.99411481,0.10828562,0.80707417,0.06142836,0.58724582,-0.59044162,0.08923072,0.80213249,0.01857565,-0.00633341,0.01411413
-0.0111758,-0.99397885,0.10900038,0.80587681,0.05558066,0.58946866,-0.59197771,0.09442868,0.8004034,-0.01214036,-0.04050827,0.00697884
-0.02039317,-0.9935939,0.11115337,0.80475164,0.04965734,0.59153086,-0.59326108,0.10151411,0.79858383,-0.01132987,-0.02770686,-0.0036822
-0.02508919,-0.99333332,0.11251354,0.80429596,0.04678403,0.59238427,-0.5936989,0.10535668,0.79776034,-0.013021,-0.01905924,-0.00384337
-0.03430316,-0.99284123,0.11440975,0.80335735,0.04070504,0.59410443,-0.59450843,0.11229158,0.79620998,-0.01373114,-0.0218035,0.01060537
-0.043657,-0.99265442,0.11283181,0.80212524,0.03249866,0.59627068,-0.59555766,0.11653671,0.79481458,-0.03779889,-0.04717338,0.00805767
-0.04825473,-0.99265906,0.11090208,0.80159265,0.02775672,0.59722575,-0.59591987,0.11771733,0.79436899,-0.04744095,-0.01918244,0.01550249
-0.0568363,-0.99262058,0.10711706,0.80053531,0.01880139,0.59899063,-0.59658437,0.11979539,0.79355918,-0.05470069,0.02250755,0.03923819
-0.06409531,-0.99247007,0.10437812,0.79929052,0.01157021,0.60083329,-0.59751677,0.1219391,0.79253046,-0.04071546,-0.01876265,0.02770772
-0.06750338,-0.99241888,0.10270208,0.79864284,0.00795045,0.60175251,-0.59800716,0.12264273,0.79205185,-0.0377619,-0.02793241,0.01502298
-0.0741256491,-0.992349285,0.0987325689,0.797440579,0.000467746165,0.603397175,-0.598826975,0.12346062,0.79130506,-0.0726865903,-0.0120332241,0.030462034
-0.08039316,-0.99207489,0.09656289,0.79592674,-0.00557524,0.60536731,-0.60003133,0.12552437,0.79006711,-0.07215901,0.0016166,0.03131878
-0.08313566,-0.99185415,0.09650792,0.79522218,-0.00766392,0.60626968,-0.60059147,0.12714788,0.78938159,-0.04484061,0.00776875,0.00943609
-0.08718679,-0.99140719,0.09752027,0.79399911,-0.01003614,0.60783604,-0.6016343,0.1304263,0.78805148,-0.00956347,0.02368414,0.02368149
-0.0884381,-0.99128483,0.0976376,0.7933603,-0.01082995,0.60865603,-0.60229407,0.13129017,0.7874038,-0.00741295,-0.00261766,0.01162874
-0.09027485,-0.99119773,0.09683661,0.79219932,-0.01254281,0.61013339,-0.60354827,0.13179366,0.78635862,-0.02587994,-0.01117343,0.01295901
-0.0920431,-0.99110347,0.09613584,0.79139,-0.0142154,0.61114639,-0.60434267,0.13233271,0.7856577,-0.05903153,0.00378656,0.01024657
-0.09265707,-0.99084944,0.09814316,0.79084586,-0.01334878,0.6118698,-0.60496076,0.13431017,0.78484602,-0.03159596,0.00137877,0.0071229
-0.09271922,-0.99070847,0.09949709,0.7907277,-0.01253596,0.61203952,-0.60510549,0.135423,0.78454313,-0.02201534,0.00173843,0.00500539
-0.0922532812,-0.990582958,0.101166974,0.790638819,-0.0111110583,0.612182018,-0.605292997,0.136462329,0.784218353,-0.000236451859,0.011071682,0.00851645973
-0.09044898,-0.99077459,0.10091839,0.7903863,-0.00976407,0.61253082,-0.60589464,0.13516736,0.78397796,0.01044282,0.01326191,0.01528424
-0.08942725,-0.99096244,0.09998158,0.79034476,-0.00951681,0.61258852,-0.60610069,0.13380199,0.78405294,-0.01442371,-0.00432515,0.01864313
-0.08929847,-0.99104878,0.09923723,0.79107536,-0.01003454,0.61163635,-0.60516567,0.13312234,0.7848904,-0.01381332,0.00200307,0.02596806
-0.08912124,-0.99104127,0.09947126,0.79138163,-0.00981568,0.61124357,-0.60479124,0.13319454,0.78516671,-0.00569641,-0.00356066,0.01868888
-0.0884183,-0.99097913,0.10070981,0.79229741,-0.00869164,0.61007309,-0.60369439,0.13373378,0.78591879,0.00555496,0.00327802,0.00551886
-0.0876803745,-0.990865219,0.102460666,0.792826833,-0.00714052293,0.60940508,-0.603106694,0.134666459,0.786210687,0.0153863709,-0.000247120857,0.0107384287
-0.08694415,-0.99081006,0.10361592,0.79315578,-0.00591353,0.60899018,-0.60278083,0.13513166,0.78638078,0.02584022,-0.01097047,0.00415747
-0.0816642393,-0.990808253,0.107842721,0.796987016,5.17558065e-05,0.603996507,-0.598450284,0.135274132,0.789657005,0.0316021815,-0.0154517889,0.00881662592
-0.080239402,-0.990963805,0.107482127,0.79838682,0.000663692032,0.602144564,-0.596774796,0.134128022,0.791119158,-0.00179279735,-0.0181115866,0.0282552764
-0.0807104285,-0.991113499,0.105734927,0.798652721,-0.000836647558,0.601791614,-0.596355326,0.13301634,0.791623005,-0.00314239413,-0.0239259601,0.0222629644
-0.080936727,-0.991050606,0.106149543,0.798780013,-0.000795786672,0.60162252,-0.59615394,0.133483565,0.791696013,0.00137988105,-0.0245039463,0.01585388
-0.0814611176,-0.990846634,0.10764251,0.79865699,-0.000284288105,0.601786356,-0.596247411,0.134991675,0.791369856,0.0218434464,-0.0357587337,-0.00739300624
-0.0813483231,-0.990738901,0.108714809,0.798472622,0.00049989643,0.602030937,-0.596509809,0.135779996,0.791037197,0.0550268292,-0.0255496502,-0.0103812087
-0.0804227895,-0.991031971,0.10671373,0.797977035,0.000140790769,0.60268785,-0.597297949,0.133624939,0.79080942,0.024161404,-0.0407330394,0.00824889168
-0.08032363,-0.99130998,0.10417585,0.79755936,-0.00123059,0.60323919,-0.59786884,0.1315408,0.79072743,-0.01053568,-0.04108864,0.0279126
-0.08076368,-0.99166749,0.1003619,0.79658862,-0.0036964,0.60451023,-0.59910224,0.12876973,0.79024984,-0.03818896,-0.04160118,0.02726689
-0.08185941,-0.99150229,0.10110543,0.79578354,-0.0039497,0.60556833,-0.60002304,0.13002948,0.78934447,-0.00413255,-0.00207007,0.02343949
-0.08330098,-0.9911667,0.10319598,0.7939503,-0.00342674,0.60797292,-0.60224891,0.13257726,0.78722264,0.03784218,-0.03710198,-0.00225432
-0.085185,-0.99111551,0.10214461,0.7924674,-0.00525589,0.6098916,-0.60393617,0.1328999,0.78587449,0.0019435,-0.01854241,0.01871423
-0.08647293,-0.99104622,0.10173337,0.7916616,-0.00636263,0.61092659,-0.60480923,0.13336706,0.78512355,-0.00659232,0.00275481,0.00237187
-0.08947029,-0.99066116,0.10288533,0.79008805,-0.00769824,0.61294493,-0.60642873,0.13612887,0.78339843,0.02226412,0.0092504,-0.02129051
-0.0923735,-0.99029111,0.10387691,0.78882588,-0.00911767,0.61454892,-0.60763527,0.13870891,0.7820097,0.01640852,0.00688684,-0.02979673
-0.09372577,-0.99021397,0.10340066,0.78806458,-0.0103192,0.61550602,-0.60841566,0.1391752,0.7813198,-0.00343459,-0.00544453,-0.00611748
-0.09686905,-0.99018234,0.1007727,0.78629963,-0.01406031,0.61768523,-0.61020415,0.13907218,0.77994217,-0.011048,0.00269711,0.00264799
-0.10232224,-0.98987078,0.09841759,0.78380757,-0.01930838,0.62070355,-0.61251601,0.14065222,0.77784387,-0.04744464,-0.00220925,-0.0093973
-0.105951682,-0.989452692,0.0987799559,0.782457251,-0.0216575994,0.622327467,-0.613624281,0.143227781,0.776499207,-0.0626419187,0.000564575195,-0.0180082507
-0.10785305,-0.98919503,0.09930239,0.78191033,-0.02271374,0.62297702,-0.61399023,0.14483551,0.77591151,-0.0487029,0.00519896,-0.02422686
-0.11136396,-0.98876841,0.09967414,0.78114336,-0.02509159,0.62384719,-0.61433945,0.14733394,0.77516432,-0.01888936,0.03200209,-0.01533713
-0.11397896,-0.98868579,0.09751402,0.78033768,-0.02834423,0.62471553,-0.61488346,0.14729837,0.77473962,-0.02875458,0.01502085,-0.00449728
-0.11615784,-0.98877223,0.09400269,0.77953458,-0.0321075,0.62553549,-0.61549401,0.14593931,0.77451196,-0.01982397,-0.0074175,-0.00504067
-0.11690079,-0.98883201,0.09244137,0.77936332,-0.03364632,0.62566819,-0.61557044,0.14518654,0.77459273,-0.01300798,-0.0038923,-0.00110175
-0.11770456,-0.98895342,0.09009285,0.77911916,-0.03571511,0.62585759,-0.61572633,0.14385937,0.77471643,-0.0115669,-0.00418007,-0.01335338
-0.11791719,-0.98910575,0.08812049,0.77886206,-0.03707299,0.62609852,-0.61601079,0.14246153,0.7747486,-0.017289,-0.02104455,-0.00733987
-0.11820933,-0.98915822,0.08713503,0.77859166,-0.03786706,0.6263873,-0.61629661,0.14188745,0.77462664,-0.01933013,-0.02114803,-0.00664159
-0.117979,-0.98929624,0.08587086,0.77886494,-0.03854663,0.62600597,-0.61599534,0.14073739,0.77507593,-0.00162681,-0.00100815,0.00987836
-0.11650671,-0.98941851,0.08647005,0.77911255,-0.03705198,0.62578803,-0.61596241,0.14027845,0.7751853,0.02408735,-0.00288004,-0.01816426
-0.11547869,-0.98950267,0.08688586,0.77921057,-0.03599314,0.62572789,-0.61603212,0.13996061,0.77518737,0.02214078,-0.00748301,-0.0158118
-0.113476227,-0.989717817,0.0870740436,0.77937011,-0.0343172854,0.625623408,-0.616202465,0.138856256,0.775250593,0.000860967208,-0.00340104103,-0.0149457697
-0.11254591,-0.98985952,0.08666919,0.77936235,-0.03383172,0.62565943,-0.61638278,0.13796211,0.77526687,-0.02431353,-0.01963055,-0.00281392
-0.11264526,-0.9898966,0.08611377,0.77909426,-0.03420192,0.62597299,-0.61670332,0.1376037,0.77507561,-0.02218887,-0.02233833,-0.0021763
-0.11277191,-0.98983078,0.08670442,0.7791469,-0.03394085,0.62592192,-0.61661393,0.13814185,0.77505104,0.00304843,-0.00392723,-0.00712685
-0.11278298,-0.98978895,0.08716503,0.7786059,-0.0335369,0.62661635,-0.61729471,0.13853889,0.77443799,0.00655635,-0.01394135,-0.01673751
-0.11216615,-0.989821,0.08759556,0.77835741,-0.03271875,0.62696816,-0.61772027,0.13850531,0.77410459,0.01970709,-0.01080275,-0.01878643
-0.1112072,-0.98996019,0.08724418,0.77811512,-0.03212631,0.6272994,-0.61819865,0.13764631,0.77387588,0.01269431,-0.02310252,-0.01594387
-0.11130608,-0.99003648,0.08624771,0.77812243,-0.03283774,0.62725363,-0.61817181,0.13692844,0.77402468,0.00594585,-0.00795615,-0.00116049
-0.11156363,-0.9901704,0.08435673,0.77834702,-0.03428927,0.62689719,-0.61784253,0.13559777,0.77452168,0.01922831,0.00957131,0.01553787
-0.11161246,-0.99021844,0.08372565,0.77843339,-0.03474645,0.62676473,-0.61772485,0.13512963,0.77469734,0.01543009,-0.01461136,0.0043777
-0.11145865,-0.99022834,0.08381317,0.7785926,-0.03460378,0.62657481,-0.61755192,0.13509355,0.77484148,-0.00512683,-0.02937418,0.00398156
-0.11196056,-0.9901513,0.08405503,0.7785818,-0.03484688,0.62657489,-0.61747488,0.13559539,0.77481525,-0.04665526,-0.02501845,0.00220831
-0.11357563,-0.98980192,0.08598089,0.77860194,-0.03491529,0.62654602,-0.61715441,0.13810525,0.77462725,-0.01417767,0.01523948,0.01047645
-0.11507149,-0.98943162,0.08822407,0.77858477,-0.03467994,0.62658034,-0.61689882,0.14079149,0.77434719,0.00905311,0.00723302,-0.00959167
-0.11570875,-0.98930092,0.0888544,0.77849817,-0.03476747,0.62668313,-0.61688897,0.14168573,0.77419192,0.00127532,-0.01155967,-0.01233623
-0.11748448,-0.98914024,0.08831068,0.77791498,-0.0363895,0.62731482,-0.6172888,0.14239803,0.7737424,-0.04035358,-0.02542341,-0.01395119
-0.1186981,-0.98905008,0.08769671,0.7777972,-0.03771665,0.62738265,-0.61720523,0.14267938,0.77375726,-0.04401857,-0.00880629,-0.00727624
-0.12135799,-0.98878361,0.08705897,0.77757589,-0.04018597,0.62750368,-0.61696679,0.14384753,0.77373114,-0.00861574,0.01799107,0.01214724
-0.1236032,-0.98850088,0.08710963,0.777258,-0.04186666,0.62778741,-0.61692146,0.14530325,0.77349521,0.00972332,-0.01386988,0.00176441
-0.12451155,-0.9883957,0.08700971,0.77711726,-0.04262029,0.62791094,-0.61691612,0.14579896,0.77340619,0.0159547,-0.02245426,-0.0110958
-0.12739201,-0.988005,0.0872784,0.77683207,-0.0446767,0.62812105,-0.6166874,0.14781822,0.77320531,0.01082535,-0.00195277,-0.00365057
-0.12783399,-0.98788127,0.08802919,0.77693722,-0.04457705,0.62799801,-0.61646337,0.14867262,0.77322013,0.02651582,0.00711691,-0.00485772
-0.12819881,-0.98776073,0.08884678,0.77710933,-0.04438994,0.6277982,-0.61617052,0.14952667,0.77328886,0.00921858,-0.00283241,-0.00862674
-0.12909925,-0.98763558,0.08893401,0.77697684,-0.04502057,0.62791725,-0.61614957,0.15016334,0.77318216,-0.02143637,-0.02447522,-0.0083229
-0.12970434,-0.98753858,0.08913026,0.77695458,-0.04537316,0.62791938,-0.61605052,0.15069408,0.77315783,-0.01907359,-0.02808446,-0.01263854
-0.13107079,-0.98728668,0.08991816,0.7771592,-0.04601346,0.62761945,-0.61550292,0.15214336,0.7733101,-0.00460673,-0.00766039,0.00283105
