0,1,2,3,4,5,6,7,8,9,10,11
0.95955825,-0.12226137,-0.25357467,-0.1177289,-0.99249596,0.03303252,-0.25571051,-0.00184356,-0.96675138,-0.01299715,-0.00820851,-0.01310822
0.95955825,-0.12227234,-0.25356939,-0.11771785,-0.99249455,0.03311723,-0.2557156,-0.00192827,-0.96674996,-0.01016178,-0.00718558,-0.01152936
0.959513824,-0.122269658,-0.253738744,-0.117717851,-0.992495078,0.0331054358,-0.255882253,-0.0018955431,-0.966706069,-0.000156247406,0.00296419859,-0.00737324078
0.959513824,-0.122280632,-0.253733464,-0.11770679,-0.992493662,0.0331901476,-0.255887349,-0.00198025489,-0.966704653,0.00555092515,0.000360071659,0.00287005585
0.95957458,-0.12224174,-0.25352233,-0.11766391,-0.99249808,0.03320187,-0.25567914,-0.00202924,-0.96675936,,,
0.95971812,-0.12217621,-0.25301008,-0.11756719,-0.99250588,0.03331586,-0.25518441,-0.00222815,-0.96688979,-0.00158644,0.00413388,0.00400611
0.959834652,-0.122236593,-0.252538426,-0.117599213,-0.992498111,0.0334356487,-0.254730968,-0.00239437412,-0.967009006,-0.00265280902,0.000944793224,0.00775477057
0.959878866,-0.122250097,-0.25236376,-0.117588294,-0.992495905,0.0335318832,-0.254569336,-0.00251151824,-0.967051016,-0.00028653862,-0.000545561314,0.0094141718
0.959995088,-0.122321234,-0.251886779,-0.117609468,-0.992486794,0.0337361418,-0.254120929,-0.00276226144,-0.967168584,-0.000879217405,0.000904738903,0.00833343249
0.9601331,-0.12238263,-0.25133031,-0.11764178,-0.99247855,0.03386133,-0.253584,-0.00294444,-0.96730882,,,
0.960193339,-0.122343543,-0.25111909,-0.117599048,-0.992483022,0.0338727734,-0.253375618,-0.00299304121,-0.967363062,0.000432284665,-0.0035367012,0.00614305912
0.96028125,-0.12233779,-0.25078553,-0.11761026,-0.99248409,0.03381126,-0.25303703,-0.00297337,-0.96745204,0.0064988,-0.00770873,-0.00234783
0.96027079,-0.122411414,-0.250789668,-0.117706988,-0.992475355,0.0337323341,-0.25303177,-0.00287247969,-0.967453775,0.00517679006,-0.00376337767,0.000364106381
0.9602326,-0.12245175,-0.25091615,-0.1177498,-0.99247031,0.03372656,-0.25315673,-0.00284002,-0.96742101,0.00637187,-0.00563478,0.0020051
0.96018391,-0.12257653,-0.25104151,-0.1178784,-0.9924549,0.03372655,-0.25328152,-0.00279131,-0.96738834,0.00258326,0.00286132,-0.00829184
0.960157185,-0.122691747,-0.251087457,-0.118018013,-0.992441108,0.0336476549,-0.253317832,-0.002674193,-0.967379293,0.000907532289,0.00430196524,0.00240353122
0.96015718,-0.12269175,-0.25108746,-0.11801801,-0.99244111,0.03364765,-0.25331783,-0.00267419,-0.96737929,0.00393878,0.0053243,0.00482034
0.96014669,-0.12276536,-0.25109163,-0.11811476,-0.99243237,0.03356874,-0.25331254,-0.00257329,-0.96738106,0.00527521,0.00144905,0.00824642
0.9601247,-0.12275322,-0.25118163,-0.11812564,-0.99243407,0.03347831,-0.2533908,-0.00247236,-0.96736076,0.00795973,0.00151461,0.00845472
0.96010269,-0.12274107,-0.25127167,-0.11813656,-0.99243578,0.03338783,-0.25346908,-0.00237137,-0.96734046,0.00575571,-0.00255239,0.0043474
0.960042405,-0.122780067,-0.251482866,-0.118179355,-0.992431096,0.0333763299,-0.253677388,-0.00232260777,-0.967286003,0.00292282994,-0.00546550751,0.000477546535
0.95990539,-0.1228778,-0.2519577,-0.11832978,-0.9924197,0.03318398,-0.25412536,-0.00203938,-0.96716913,-0.00195568,-0.00582832,0.00163453
0.959790238,-0.122965806,-0.252353135,-0.118491353,-0.992409335,0.0329125542,-0.254484761,-0.00168748161,-0.967075172,-0.00486831088,0.00202137232,-0.000592666678
0.95975182,-0.12299511,-0.25248493,-0.11854523,-0.99240591,0.03282209,-0.25460453,-0.00157018,-0.96704386,,,
0.95967492,-0.12306458,-0.25274323,-0.11864201,-0.99239746,0.03272585,-0.25484918,-0.00142021,-0.96697958,0.0010461,-0.00163668,0.00533201
0.95959795,-0.123155902,-0.252990902,-0.118716795,-0.992386248,0.032798949,-0.255104087,-0.0014395345,-0.966912482,0.000688082422,-0.00197553635,0.00718163094
0.95955944,-0.12319608,-0.25311737,-0.11875969,-0.99238125,0.03279312,-0.25522894,-0.0014068,-0.96687953,0.00276387,-0.00901902,0.00479311
0.95947654,-0.12323353,-0.25341323,-0.11880259,-0.99237676,0.03277571,-0.25552047,-0.00134137,-0.96680268,,,
0.95939355,-0.12327097,-0.25370906,-0.11884552,-0.99237211,0.03275825,-0.25581197,-0.00127587,-0.9667256,,,
0.95927764,-0.12341338,-0.25407781,-0.11895211,-0.99235419,0.03291004,-0.25619678,-0.00134677,-0.96662346,-0.00140381,0.00316411,0.00868291
0.95917801,-0.12351429,-0.25440473,-0.11901576,-0.99234178,0.03306186,-0.25654005,-0.00143403,-0.96653256,-0.00385342,0.00280315,0.00372757
0.95911699,-0.12357507,-0.25460516,-0.11903647,-0.9923338,0.03321947,-0.25675846,-0.00155406,-0.96647414,-0.00323958,0.00458819,0.0042457
0.959055934,-0.123657923,-0.254794872,-0.119034925,-0.992323028,0.0335464897,-0.25698715,-0.0018434689,-0.966412895,0.00332929404,-0.0104611516,0.000220921123
0.95895013,-0.12371606,-0.25516462,-0.11905554,-0.99231571,0.03369226,-0.25737215,-0.00193043,-0.96631036,0.00602314,-0.00660276,0.00511677
0.95889483,-0.1237867,-0.25533813,-0.11915242,-0.9923071,0.03360171,-0.25753332,-0.00179635,-0.96626762,0.01005133,-0.00813454,0.00684638
0.95886888,-0.12403866,-0.255313298,-0.119497187,-0.992276335,0.0332865503,-0.257470176,-0.00140821537,-0.966285167,-0.00805729721,-4.1782856e-05,-0.00528673641
0.95885238,-0.12410226,-0.25534436,-0.11951782,-0.99226818,0.03345592,-0.25752205,-0.00156109,-0.96627113,-0.00531859,-0.00581771,-0.00633654
0.95871331,-0.12424339,-0.25579752,-0.1196242,-0.99225044,0.03360176,-0.25799,-0.00161489,-0.96614622,,,
0.95857989,-0.12439416,-0.25622389,-0.11980692,-0.99223164,0.03349939,-0.25840064,-0.00141445,-0.96603657,0.01296076,0.00173181,0.01137535
0.958546787,-0.124488244,-0.256302026,-0.119881544,-0.992219874,0.0335840347,-0.258488814,-0.00146598402,-0.966013011,0.0167099722,-0.000746846199,0.0185203478
0.95857729,-0.12490606,-0.25598449,-0.12023406,-0.99216705,0.03388503,-0.25821183,-0.00170337,-0.96608676,-0.00725533,-0.00350219,0.0084936
0.958521723,-0.124987674,-0.256152651,-0.12031981,-0.992156717,0.0338791493,-0.2583781,-0.00165365917,-0.966042252,-0.00739627937,-0.000823676586,0.00905157533
0.95839977,-0.12522419,-0.25649324,-0.12058828,-0.9921274,0.03378868,-0.25870513,-0.00145299,-0.96595524,0.00895169,0.00434858,0.01021441
0.95837929,-0.125496568,-0.256436633,-0.120998484,-0.992093611,0.0333100096,-0.258589447,-0.000895178931,-0.965986863,0.00445119198,0.00048583746,0.0216238257
0.958408525,-0.125666746,-0.256243965,-0.121257574,-0.992072389,0.0330006285,-0.258359636,-0.000556562707,-0.966048681,-0.00124890357,-0.00720322132,0.0251463465
0.958489118,-0.125975494,-0.255790519,-0.121808997,-0.992033401,0.0321328791,-0.257800665,0.000358569685,-0.966198172,-0.0130260764,0.000660598278,0.0337963179
0.9585303,-0.12633558,-0.25545838,-0.12239188,-0.9919867,0.03134331,-0.25737112,0.00122252,-0.96631175,0.00543626,0.02208287,0.01454802
0.9585699,-0.12644377,-0.25525615,-0.12254259,-0.99197257,0.03119668,-0.25715179,0.00137556,-0.96636979,0.01309809,0.02681202,0.00538289
0.958704424,-0.126689141,-0.254628525,-0.122646877,-0.99194207,0.0317568355,-0.256600016,0.000783976206,-0.966517275,0.0170685332,0.00319486856,-0.0138768461
0.958755205,-0.127048205,-0.254258149,-0.122716949,-0.991896404,0.0328923781,-0.256376682,-0.000333953202,-0.966576806,0.00602188613,-0.0130056143,-0.0173395611
0.958711132,-0.127281516,-0.254307647,-0.122821992,-0.991866297,0.0334061441,-0.256491174,-0.000792270136,-0.966546229,0.00278978213,-0.00915378332,-0.0115861893
0.95860058,-0.12771378,-0.25450761,-0.12306517,-0.99181001,0.0341737,-0.25678765,-0.00143791,-0.96646676,-0.00317381,-0.01008582,0.0096539
0.95857906,-0.12808559,-0.25440178,-0.12337503,-0.99176176,0.034456,-0.25671928,-0.00164197,-0.96648462,0.00477962,0.00776464,0.01437084
0.95859038,-0.12816031,-0.25432147,-0.12347197,-0.99175221,0.03438262,-0.25663038,-0.00155728,-0.96650833,0.01104337,0.01939338,0.01393201
0.95862395,-0.1282474,-0.25415097,-0.12355783,-0.99174092,0.03439963,-0.25646359,-0.00157396,-0.96655258,0.00410408,0.03614599,0.00288283
0.9585907,-0.12844022,-0.25417903,-0.12353268,-0.99171436,0.03524579,-0.25659998,-0.00238687,-0.96651472,-0.00879654,0.02051574,-0.00370709
0.958551774,-0.128579243,-0.254255504,-0.123475634,-0.991693995,0.0360012638,-0.256772761,-0.00311471004,-0.966466429,-0.010437957,-0.000461280346,-0.000176275847
0.95848519,-0.12895398,-0.25431676,-0.12343616,-0.9916395,0.03760722,-0.25704018,-0.00465408,-0.96638934,-0.00672322,-0.02550548,0.00650484
0.95854105,-0.12918447,-0.25398903,-0.12337848,-0.99160376,0.03872788,-0.2568595,-0.00578548,-0.9664315,-0.00873689,-0.02168292,0.01110443
0.95860786,-0.12924269,-0.25370709,-0.12332388,-0.9915931,0.03916695,-0.25663628,-0.0062576,-0.96648765,-0.01312697,-0.02273387,0.01157107
0.95886326,-0.12923628,-0.2527434,-0.12317499,-0.99158936,0.03972945,-0.25575215,-0.00696345,-0.96671728,0.00286452,-0.00539052,-0.00657012
0.95922261,-0.12913754,-0.25142686,-0.12304017,-0.99159949,0.03989161,-0.25446628,-0.00732933,-0.96705375,0.00940828,0.00859112,-0.01073107
0.95945384,-0.12906389,-0.25058099,-0.12295769,-0.9916079,0.03994134,-0.25363306,-0.00751101,-0.96727141,0.013689,0.0067758,-0.00613408
0.95984839,-0.12910419,-0.24904452,-0.12294222,-0.99159895,0.04020844,-0.25214337,-0.00797592,-0.96765701,0.00791527,0.01231509,-0.00155073
0.96020782,-0.129291059,-0.247557607,-0.122948001,-0.991566724,0.040980634,-0.250768291,-0.00891321374,-0.968006202,-0.000152693829,0.00625878572,0.0122555438
0.96033771,-0.12953035,-0.24692787,-0.123057883,-0.991530004,0.0415347799,-0.25021639,-0.00950099553,-0.968143386,-0.00413699914,-0.000762403011,0.00890630856
0.96054788,-0.12996339,-0.24588063,-0.12323466,-0.99146157,0.04262609,-0.24932105,-0.01064338,-0.9683623,-0.00523717,-0.00184608,0.01003342
0.96073547,-0.13040483,-0.24491213,-0.12340138,-0.99139015,0.04379513,-0.24851453,-0.01185304,-0.96855582,-0.0042357,0.00354427,0.01913739
0.96099822,-0.13053035,-0.2438119,-0.12337699,-0.99136358,0.04445226,-0.24750865,-0.01263776,-0.96880307,-0.013906,0.01062781,0.0117673
0.96131779,-0.13084654,-0.2423784,-0.12342094,-0.99130419,0.04563938,-0.24624252,-0.01395938,-0.96910755,-0.01256681,0.00730652,0.0060658
0.96148698,-0.13109414,-0.24157218,-0.12352487,-0.99126155,0.04628435,-0.24552881,-0.01466163,-0.96927846,,,
0.96187179,-0.13145138,-0.23983994,-0.12361737,-0.99119296,0.04748847,-0.24397009,-0.01602943,-0.96965022,0.00484702,-0.00824094,0.00507105
0.962421,-0.13176922,-0.23745039,-0.12376047,-0.99113139,0.04839302,-0.24172125,-0.01718748,-0.97019348,0.00439174,-0.01055759,0.01035636
0.962784497,-0.131882555,-0.235908887,-0.12384106,-0.991108607,0.0486530312,-0.240227815,-0.0176271774,-0.970556478,0.0139814671,-0.000328958035,0.00706984662
0.9634521,-0.13220062,-0.23298721,-0.1240779,-0.99104947,0.04924845,-0.23741255,-0.01853996,-0.97123186,0.01188405,-0.00194693,-0.00917308
0.96375468,-0.13267383,-0.23146178,-0.12430571,-0.99096105,0.05043774,-0.23606142,-0.01983759,-0.97153546,-0.00330975,0.00401205,-0.01092846
0.96380912,-0.13288082,-0.23111614,-0.12435722,-0.9909191,0.05113239,-0.23581192,-0.0205409,-0.97158155,-0.00669342,-0.0016709,-0.00581894
0.96409995,-0.13324671,-0.22968803,-0.12452094,-0.99084595,0.05214176,-0.23453318,-0.0216689,-0.97186654,-0.00287118,-0.0019123,0.01389347
0.96467825,-0.13361021,-0.22703344,-0.12487853,-0.990784,0.05246471,-0.23195091,-0.02225996,-0.97247283,0.01272734,-0.00164086,0.01030722
0.9649832,-0.13385674,-0.22558767,-0.12516517,-0.99074744,0.05246725,-0.23052354,-0.0223943,-0.97280882,0.00855721,0.00427061,0.00809591
0.96547695,-0.1344712,-0.22309582,-0.12577997,-0.99065279,0.05278724,-0.22810886,-0.02290388,-0.97336623,0.01080791,0.0039956,0.00482271
0.96592923,-0.13517347,-0.22070079,-0.12638898,-0.99053573,0.05351765,-0.22584626,-0.02380011,-0.97387184,0.00586345,-0.00408566,-0.00225765
0.96614715,-0.135465,-0.21956529,-0.12662422,-0.9904845,0.05391717,-0.22477987,-0.02428964,-0.97410693,0.0113252,-0.00924671,0.00157559
0.96645646,-0.13687224,-0.21731981,-0.12780094,-0.99025538,0.05533046,-0.22277528,-0.0257008,-0.97453112,0.01373699,0.00505751,-0.0105946
0.96647155,-0.13728021,-0.2169951,-0.12816339,-0.99019238,0.05561226,-0.22250141,-0.02593683,-0.97458706,0.01099651,0.01919538,-0.00444883
0.96661112,-0.13828249,-0.21573338,-0.12905106,-0.99003398,0.05637604,-0.22137923,-0.02665308,-0.97482335,0.00869793,0.01548821,0.00342347
0.96686072,-0.13949366,-0.21382669,-0.13016521,-0.98984239,0.0571731,-0.21963004,-0.02744562,-0.97519695,0.00671868,0.00606829,0.00170368
0.966917289,-0.140232068,-0.213086651,-0.130798133,-0.989721702,0.0578157051,-0.219004114,-0.0280316677,-0.975321116,-0.000505608041,0.00673443079,-0.0062706247
0.96694593,-0.141678311,-0.211997218,-0.131916025,-0.989468687,0.0595790993,-0.218205698,-0.0296439356,-0.975452357,0.000496400287,0.0108918548,-0.0121746864
0.96706183,-0.14317688,-0.21045618,-0.13289869,-0.98917151,0.06227062,-0.21709297,-0.03225019,-0.97561803,-0.00432764,0.01439422,-0.01178888
0.96715119,-0.14400009,-0.2094816,-0.13344598,-0.9890035,0.06374868,-0.21635789,-0.03370013,-0.97573214,-0.00359169,0.01220459,-0.01400915
0.967246647,-0.145821606,-0.207773865,-0.134701295,-0.988633421,0.0667781362,-0.215149903,-0.0366035181,-0.975894719,8.79946165e-05,0.00346845388,-0.0138066085
0.96709921,-0.14763887,-0.20717596,-0.13594346,-0.98826344,0.06967645,-0.21503137,-0.03921982,-0.97581933,0.00376471,-0.00330913,-0.00438894
0.96695102,-0.14855874,-0.20721007,-0.13654727,-0.9880719,0.07119445,-0.21531502,-0.04054758,-0.97570242,0.00157754,-0.00296408,-0.00496335
0.96664981,-0.15035654,-0.20731872,-0.13771005,-0.98768729,0.07422337,-0.2159261,-0.04319813,-0.97545332,0.0039558,-0.00517309,-0.01059967
0.96631502,-0.15221334,-0.20752442,-0.13898234,-0.98729678,0.07699837,-0.2166084,-0.04556245,-0.97519466,0.00443998,-0.01188123,-0.00952658
0.96618211,-0.15310559,-0.20748688,-0.13961446,-0.98710827,0.07826417,-0.21679468,-0.04664927,-0.97510211,-0.00172603,-0.00378948,-0.00530236
0.966028069,-0.154924091,-0.206853316,-0.140937597,-0.986714747,0.0808119178,-0.216624934,-0.0489131714,-0.975028771,-0.000436639064,0.00545161963,-0.00667550229
0.96583719,-0.15682821,-0.20630906,-0.14225483,-0.98627933,0.08376476,-0.21661505,-0.05155466,-0.97489483,,,
0.965669693,-0.157839479,-0.20632192,-0.142933271,-0.986044762,0.0853544592,-0.216914997,-0.052933944,-0.974754051,-0.00563118374,0.000797212124,-0.00307949539
0.96521352,-0.15972893,-0.20700128,-0.14415746,-0.98560348,0.08834091,-0.21813181,-0.05542706,-0.97434392,-0.0044135,-0.00896221,-0.00225945
0.96472733,-0.161470874,-0.207914222,-0.145270179,-0.985191889,0.0910651267,-0.219539841,-0.0576492749,-0.973898435,-0.0112560615,-0.00155317783,0.00063965586
0.96451089,-0.16235319,-0.2082311,-0.14581597,-0.98497284,0.09255293,-0.22012826,-0.05890489,-0.97369071,-0.0157645,-0.0037024,-0.00646648
0.96410541,-0.16397393,-0.208838,-0.14679691,-0.98455965,0.09535815,-0.2212497,-0.06127854,-0.97329016,-0.0258854,-0.00738138,-0.00796703
0.96371099,-0.16549398,-0.20945852,-0.14770815,-0.98416437,0.09799237,-0.22235879,-0.06349759,-0.97289483,-0.01727799,-0.00777292,-0.00997454
0.9635373,-0.16617237,-0.20972035,-0.14811975,-0.98398739,0.09914437,-0.2228372,-0.06446557,-0.97272197,-0.00893099,-0.01426256,-0.00780822
0.963056439,-0.168260469,-0.21026341,-0.149475708,-0.983452528,0.102360541,-0.224007365,-0.0671497022,-0.972271136,0.00637431862,-0.000223875046,0.0104384394
0.96300852,-0.16879067,-0.21005785,-0.14987697,-0.98332148,0.1030321,-0.22394527,-0.06773796,-0.9722448,0.00304478,0.00240642,0.00363403
0.96270859,-0.16994613,-0.21050053,-0.15073955,-0.98305889,0.10426979,-0.22465473,-0.06865066,-0.97201683,0.00994166,0.00470489,0.00378611
0.96215415,-0.17107292,-0.21211658,-0.15143767,-0.98279771,0.10571391,-0.22655246,-0.06959064,-0.97150979,0.01844603,0.00561553,0.00547792
0.961927877,-0.171548576,-0.212757702,-0.151707338,-0.982677761,0.106437871,-0.227331559,-0.0701086483,-0.971290307,0.0145190526,-9.55462456e-05,0.0108250473
0.96163776,-0.17263912,-0.21318665,-0.15246223,-0.98240895,0.10783396,-0.22805281,-0.07119429,-0.9710425,0.00474972,0.00493878,0.00470726
0.9611632,-0.17396872,-0.21424329,-0.15330048,-0.98207138,0.10970209,-0.22948696,-0.07259801,-0.97060035,-0.00724386,0.00796932,-0.01868681
0.960849651,-0.174706041,-0.215048248,-0.1537244,-0.981878467,0.110831212,-0.230514118,-0.0734339694,-0.970294164,-0.0098801963,0.000149905682,-0.0203574877
0.9603949,-0.17617125,-0.21588266,-0.1545939,-0.98147257,0.11319138,-0.23182398,-0.07533428,-0.96983626,-0.0102863,-0.0076077,-0.00278943
0.96008672,-0.17745168,-0.21620454,-0.15540625,-0.98111596,0.11515556,-0.23255623,-0.07695979,-0.96953351,-0.01681425,-0.00629461,-0.00217037
0.959915952,-0.177973148,-0.216533878,-0.155717501,-0.980970709,0.115966846,-0.233052401,-0.0776003085,-0.969362962,-0.0137435216,5.20348549e-05,0.00334555469
0.95960256,-0.17882172,-0.21722273,-0.15619705,-0.98073126,0.11734023,-0.2340201,-0.07867043,-0.96904365,-0.00110311,-0.00476819,0.01930801
0.95949497,-0.17943603,-0.21719139,-0.15658949,-0.98055015,0.11832524,-0.2341989,-0.07952258,-0.96893073,-0.00224949,0.00450188,0.01362619
0.95948782,-0.17970532,-0.21700025,-0.15674129,-0.98045602,0.11890234,-0.23412663,-0.08007244,-0.96890285,-0.00428154,0.0016107,0.00998508
0.95958634,-0.18018294,-0.21616697,-0.15694144,-0.9802426,0.12038915,-0.23358818,-0.08159822,-0.96890557,-0.0017992,-0.00352645,0.01406582
0.9594488,-0.18069938,-0.21634634,-0.15708248,-0.98003014,0.12192602,-0.2340579,-0.08299755,-0.96867345,-0.00222388,-0.01432103,0.01461936
0.95933809,-0.18090879,-0.21666203,-0.15711405,-0.97994551,0.12256529,-0.23449009,-0.0835409,-0.96852237,0.00166021,-0.01490301,0.02419225
0.95934794,-0.18120595,-0.21636986,-0.15714775,-0.97978618,0.12378688,-0.23442717,-0.08475265,-0.96843196,0.00487262,0.00416809,0.01018709
0.95941428,-0.18145403,-0.21586727,-0.1571498,-0.97963051,0.12501261,-0.23415419,-0.08601538,-0.96838697,0.02258998,-0.00153178,-0.00491633
0.95935285,-0.18149323,-0.21610719,-0.15701415,-0.97957068,0.12564828,-0.23449662,-0.08660914,-0.96825092,0.01547455,0.00559062,-0.00389045
0.95918526,-0.18148761,-0.21685455,-0.15665331,-0.97947658,0.12682838,-0.23542172,-0.08768093,-0.96793013,0.01373802,0.00925738,-0.02029507
0.9590738,-0.18148774,-0.21734682,-0.1562013,-0.97933136,0.12849543,-0.23617492,-0.08928674,-0.96759967,0.00733769,0.0047465,-0.02282564
0.95896701,-0.18146156,-0.21783932,-0.15595583,-0.97927791,0.12919982,-0.23677003,-0.08992506,-0.9673952,0.00311916,-0.00201535,-0.01497392
0.958689914,-0.181387491,-0.219116922,-0.155395261,-0.979170968,0.130676825,-0.238256081,-0.0912288223,-0.966908086,-0.0064576827,-6.6280365e-05,0.00689589325
0.95851916,-0.18137619,-0.21987201,-0.15504044,-0.97908069,0.13177067,-0.2391725,-0.09221566,-0.96658824,0.00803406,-0.00199604,0.00689834
0.95843619,-0.18140214,-0.220212,-0.15491763,-0.97903675,0.1322395,-0.2395842,-0.0926284,-0.96644663,0.01301481,0.00505894,-0.00565515
0.95820931,-0.18149091,-0.22112435,-0.1546278,-0.97892409,0.13340917,-0.24067649,-0.09364193,-0.96607771,0.02116645,-0.01186103,-0.00586195
0.95785114,-0.18154197,-0.22262905,-0.15410343,-0.97877258,0.13511364,-0.24243209,-0.09511084,-0.96549466,-0.00872797,-0.01433742,-0.00541274
0.95765647,-0.18150934,-0.22349145,-0.15377023,-0.97870811,0.13595885,-0.24341074,-0.09583554,-0.96517689,-0.01284198,-0.01750451,-0.00865004
0.95729655,-0.18125373,-0.22523412,-0.1530467,-0.97866512,0.13708225,-0.24527541,-0.09675703,-0.96461304,,,
0.95707708,-0.18063617,-0.22665839,-0.1521049,-0.9787215,0.13772449,-0.2467135,-0.09733709,-0.96418756,0.01054288,0.010539,0.01043554
0.957022317,-0.180251634,-0.227195125,-0.151542528,-0.978746203,0.138167814,-0.247271387,-0.0977999535,-0.963997742,-0.000395481766,0.00814014673,0.00176777923
0.95676836,-0.17960226,-0.22877355,-0.150367,-0.97873701,0.13951337,-0.24896602,-0.09908199,-0.96343087,-0.02044185,-0.00417989,0.00167392
0.95637433,-0.17885315,-0.23099715,-0.14902466,-0.97875424,0.14082404,-0.25127631,-0.10025622,-0.96270896,-0.01438578,-0.01149344,0.00560731
0.9560343,-0.177470561,-0.233457951,-0.147221259,-0.978958586,0.14130067,-0.253622389,-0.100718312,-0.962045424,-0.0118616587,-0.000234782696,0.0100429701
0.956041058,-0.176796823,-0.233940974,-0.146534005,-0.979091523,0.141094322,-0.253994649,-0.100611658,-0.961958443,-0.0157475099,0.000816404819,0.0197452903
0.95613329,-0.17659073,-0.23371959,-0.14640895,-0.97914428,0.14085821,-0.25371944,-0.10046058,-0.96204691,-0.01853015,0.00501174,0.01609197
0.95647682,-0.17624856,-0.23256941,-0.14635927,-0.9792486,0.14018151,-0.2524501,-0.10004167,-0.9624242,-0.01713352,0.01214486,0.0208494
0.95690289,-0.1761679,-0.23087166,-0.1465633,-0.97927611,0.13977546,-0.25071109,-0.09991423,-0.96289188,-0.01359969,0.00695866,0.01272436
0.9571584,-0.17616033,-0.22981587,-0.14667683,-0.97926425,0.13974037,-0.24966718,-0.100045,-0.96314964,-0.01185874,0.02006632,0.01869697
0.957970114,-0.176015307,-0.226521263,-0.146886814,-0.979237222,0.139711059,-0.246409283,-0.100566037,-0.963934327,-0.000257149339,0.0110493302,0.0356392898
0.95894738,-0.17573039,-0.222573,-0.14708145,-0.97924378,0.13945778,-0.24246022,-0.10099632,-0.96488994,-0.00412687,0.00397772,0.01882989
0.9592997,-0.17551827,-0.22121799,-0.14697909,-0.97924138,0.13958091,-0.24112489,-0.1013855,-0.96518347,-0.01863272,0.00362056,0.00988519
0.95990883,-0.17470882,-0.21920737,-0.14629837,-0.97930287,0.13986645,-0.23910631,-0.10218936,-0.96560109,-0.01972445,-0.02708966,0.00887224
0.96070751,-0.17353729,-0.21662384,-0.14531148,-0.97940792,0.14015986,-0.23648606,-0.1031747,-0.9661415,-0.0069134,-0.02674639,0.01092775
0.9611598,-0.17285982,-0.21515416,-0.1448318,-0.97950838,0.13995171,-0.2349374,-0.10335478,-0.96649967,0.00330914,-0.02277374,-0.00270621
0.96202006,-0.17151635,-0.21236657,-0.1439454,-0.97974486,0.1392116,-0.2319421,-0.10335516,-0.96722319,0.0165858,-0.01868027,-0.01284624
0.962568141,-0.170024075,-0.211079092,-0.142756365,-0.980031613,0.13841381,-0.230397894,-0.103099838,-0.967619223,-0.000713963993,0.0161588788,-0.0279606767
0.96277281,-0.16900464,-0.21096433,-0.14183221,-0.98022603,0.13798795,-0.23011332,-0.10292951,-0.96770528,0.00271331,0.00582033,-0.02039324
0.96335932,-0.16672567,-0.21009845,-0.13989867,-0.98067684,0.13675178,-0.22883875,-0.10234861,-0.96806887,0.03041205,-0.00546837,0.00366582
0.96429416,-0.16477978,-0.20732677,-0.13859966,-0.98108839,0.1351137,-0.2256699,-0.10155393,-0.96889623,0.03259691,-0.01251477,0.01755306
0.96474143,-0.16395623,-0.20589394,-0.13818615,-0.98130721,0.1339407,-0.22400569,-0.10076645,-0.9693642,0.03760325,-0.01802993,0.02265602
0.965271865,-0.162345142,-0.204680904,-0.137209423,-0.981758669,0.13161657,-0.222314624,-0.0989616183,-0.969939297,0.0245508514,-0.00846719742,0.000679770019
0.96550297,-0.16065258,-0.20492621,-0.13576955,-0.9821377,0.13027647,-0.22219503,-0.09795958,-0.9700686,0.0170954,-0.02934945,0.00175718
0.96566911,-0.159752195,-0.204847266,-0.134977497,-0.982313769,0.129770838,-0.221955495,-0.0976659166,-0.97015301,0.0161994882,-0.027048409,0.000223946758
0.965976561,-0.158109657,-0.204671973,-0.133664156,-0.982688601,0.128283966,-0.221411774,-0.0965619953,-0.970387746,0.0264185499,0.0126696229,0.000630633906
0.96595871,-0.15667038,-0.20585953,-0.13246714,-0.98306983,0.12659208,-0.22220759,-0.0950131,-0.97035854,0.02853681,0.01494688,-0.0075648
0.96588795,-0.15591567,-0.20676259,-0.13176983,-0.98325384,0.12589207,-0.22292864,-0.09435256,-0.97025803,0.0176509,0.00950474,0.00683425
0.965847039,-0.154774373,-0.207808524,-0.130781435,-0.983538524,0.124690421,-0.223686624,-0.0932543729,-0.97018938,0.0119786188,-0.000175476074,-0.0124991778
0.9657579,-0.15406164,-0.20875033,-0.13012616,-0.98371475,0.12398699,-0.22445238,-0.09257754,-0.97007775,-0.00427249,-0.01660323,-0.00143906
0.96571287,-0.15372225,-0.20920831,-0.12978017,-0.98378427,0.12379604,-0.22484607,-0.09240034,-0.97000323,-0.00482919,-0.00736928,0.00335958
0.965839422,-0.152867276,-0.209250581,-0.129024217,-0.983948272,0.12328197,-0.224737538,-0.0920721938,-0.970059609,-0.000282372115,-0.0115712285,0.0113026835
0.96589185,-0.15246659,-0.20930092,-0.12883797,-0.98409482,0.12230261,-0.22461903,-0.09116518,-0.97017265,-0.00601508,-0.00811106,-0.0179558
0.96578156,-0.15250799,-0.20977913,-0.12887574,-0.98411212,0.1221244,-0.22507113,-0.09091005,-0.97009192,-0.0092359,-0.0033375,-0.02031326
0.96562628,-0.15250866,-0.21049224,-0.12877778,-0.98410832,0.12225568,-0.22579229,-0.09094656,-0.96992058,-0.00253883,-0.01000172,0.00368555
0.9657859,-0.15207769,-0.21007136,-0.12845314,-0.98419074,0.12193586,-0.22529401,-0.0907796,-0.9700524,-0.00444109,-0.01014102,0.01516211
0.96584829,-0.15186821,-0.20993603,-0.12832758,-0.98424721,0.12161266,-0.22509803,-0.0905188,-0.97012236,-0.00108199,-0.00791329,0.00892298
0.96573976,-0.15172024,-0.21054138,-0.12812635,-0.98427701,0.12158203,-0.22567752,-0.0904407,-0.9699948,0.00325876,-0.01355827,-0.01134444
0.96555629,-0.15141259,-0.21160172,-0.1276501,-0.9843062,0.12184682,-0.22673004,-0.09063898,-0.96973087,0.00290087,-0.00763315,0.00114419
0.96553189,-0.15112761,-0.21191652,-0.12733529,-0.98435001,0.12182243,-0.22701078,-0.09063899,-0.9696652,0.00258193,-0.00883442,0.00962932
0.96568967,-0.15047547,-0.21166149,-0.12671697,-0.98444143,0.12172756,-0.22668538,-0.09072994,-0.96973272,0.01590513,0.00266474,0.00144321
0.96568766,-0.15026326,-0.21182137,-0.12641388,-0.98444238,0.12203323,-0.22686311,-0.09106881,-0.96965921,-0.00577408,-0.01481867,0.00441925
0.96558483,-0.15022311,-0.21231806,-0.12627437,-0.9844336,0.12225082,-0.22737793,-0.0912332,-0.96952348,-0.00784819,-0.01311463,0.00590864
0.9654048,-0.15018621,-0.21316114,-0.12612712,-0.98443734,0.12237304,-0.22822252,-0.09125412,-0.96932309,-0.0012252,0.00449675,0.0083728
0.96545892,-0.15011011,-0.21296954,-0.12612325,-0.98446666,0.12213781,-0.22799561,-0.09105862,-0.96939448,0.00235438,0.01657242,0.01031715
0.96553933,-0.15015648,-0.21257194,-0.12616647,-0.98443922,0.12231736,-0.22763089,-0.09128278,-0.9694595,-0.00955884,0.00678223,-0.00218432
0.96569617,-0.15025202,-0.21179053,-0.12616126,-0.98434527,0.12307638,-0.22696748,-0.09213463,-0.96953444,0.00697526,-0.01596421,0.01018129
0.96570823,-0.15023758,-0.21174579,-0.12600055,-0.98428508,0.12371854,-0.22700545,-0.09279592,-0.96946221,0.01228778,-0.00675327,0.01113855
0.96577054,-0.15008014,-0.21157318,-0.12581914,-0.98428814,0.12388004,-0.22684092,-0.09301974,-0.96947944,0.01462031,0.00123817,0.01946851
0.96585543,-0.14992529,-0.21129526,-0.12572457,-0.9843197,0.12372573,-0.2265317,-0.09293617,-0.96955982,-0.00598621,0.02063113,-0.00772789
0.96567976,-0.15001736,-0.21203155,-0.12552774,-0.9842269,0.12465856,-0.22738815,-0.09376441,-0.96927934,-0.01495057,-0.00175232,-0.01473675
0.96564626,-0.14991049,-0.21225959,-0.12528685,-0.98419851,0.12512469,-0.22766311,-0.09423285,-0.96916943,-0.00343206,-0.00381643,0.00311638
0.96581989,-0.14973713,-0.21159094,-0.12504006,-0.98415587,0.12570714,-0.22706148,-0.09495311,-0.96924046,0.00242173,-0.00554061,0.00203222
0.96603826,-0.1496207,-0.21067444,-0.12491147,-0.98411641,0.1261422,-0.22620168,-0.09554254,-0.96938345,0.00921953,0.0103597,0.01289939
0.96612636,-0.14955818,-0.21031453,-0.12480635,-0.98408701,0.12647518,-0.22588322,-0.09594242,-0.96941821,0.01369296,0.01196271,0.00901752
0.96621081,-0.14952424,-0.20995041,-0.12458184,-0.98398982,0.1274492,-0.22564582,-0.09698678,-0.9693696,0.01391381,-0.00163412,-0.00255033
0.966108675,-0.1495635,-0.210391975,-0.124357133,-0.983895742,0.128390845,-0.226206381,-0.0978757644,-0.969149496,0.000821313821,-0.00834077597,-0.00841997564
0.96605153,-0.14966888,-0.21057934,-0.12424078,-0.98379595,0.12926553,-0.22651415,-0.09871461,-0.96899256,-0.00976186,-0.02430516,-0.01446293
0.966103807,-0.149954208,-0.210136067,-0.124290709,-0.983627506,0.130493406,-0.226263675,-0.0999522136,-0.96892419,-0.0178164057,-0.000158905983,-0.0260061491
0.966169951,-0.150366403,-0.209536562,-0.124559072,-0.983471226,0.131412868,-0.225833264,-0.100867484,-0.968929845,-0.000147317536,0.00576502085,-0.0176535528
0.96617345,-0.1504586,-0.20945424,-0.12454849,-0.98340746,0.13189841,-0.22582414,-0.10134953,-0.96888156,0.00514644,0.00409025,-0.00319201
0.9661994,-0.15069103,-0.20916725,-0.12447645,-0.98322015,0.13335457,-0.22575282,-0.10281071,-0.96874419,0.00888911,-0.01045644,0.00961061
0.96617694,-0.15077457,-0.20921078,-0.12429639,-0.98309098,0.13447116,-0.22594807,-0.10391878,-0.96858057,0.01481998,-0.01531398,0.01652506
0.96616995,-0.15073676,-0.20927029,-0.12415946,-0.98305427,0.1348652,-0.22605321,-0.10431982,-0.96851289,0.01125433,-0.00716776,0.02151037
0.96612495,-0.15074921,-0.20946897,-0.12396623,-0.98297016,0.13565312,-0.22635138,-0.10509079,-0.96835981,0.00727525,0.00337619,-0.00379705
0.9656714,-0.15082709,-0.21149452,-0.12350426,-0.98284179,0.13699941,-0.22852886,-0.10617594,-0.96773,-0.0018484,-0.00912809,-0.01750424
0.96535601,-0.1509358,-0.21285243,-0.12319344,-0.98272188,0.13813497,-0.23002423,-0.1071274,-0.96727078,0.00779607,-0.01393318,-0.02022827
0.96520122,-0.15104407,-0.21347665,-0.12306856,-0.98263986,0.13882562,-0.23073951,-0.10772239,-0.96703396,0.00547356,-0.00468868,-0.00185435
0.96514677,-0.15110427,-0.21368014,-0.12308945,-0.982627,0.1388982,-0.23095604,-0.10775538,-0.96697862,0.00982742,-0.00308561,0.00721874
0.965018288,-0.151210844,-0.214184457,-0.123145205,-0.982622761,0.138879625,-0.231462652,-0.107645587,-0.966869822,0.00632213429,0.00043964386,0.00999876205
0.96480774,-0.15130058,-0.21506779,-0.1231263,-0.9826193,0.13892205,-0.23234873,-0.10755257,-0.96666779,0.00651024,0.00566858,0.00563554
0.96471384,-0.15136814,-0.21544115,-0.12313717,-0.98260863,0.13898697,-0.23273255,-0.10755384,-0.96657519,,,
0.9645996,-0.15164471,-0.21575794,-0.12336464,-0.98256946,0.13906313,-0.23308534,-0.10752334,-0.96649371,,,
0.9645237,-0.15210153,-0.2157757,-0.1238427,-0.98251794,0.13900204,-0.23314591,-0.10734852,-0.9664985,0.00591031,-0.00782669,-0.00377891
0.9645237,-0.15210153,-0.2157757,-0.1238427,-0.98251794,0.13900204,-0.23314591,-0.10734852,-0.9664985,0.00591031,-0.00782669,-0.00377891
0.964407549,-0.152735484,-0.215847046,-0.124570629,-0.982478574,0.138628263,-0.233238577,-0.106805939,-0.966536107,0.014296961,-0.0028013587,0.00022888789
0.964323623,-0.153084916,-0.215974435,-0.124986854,-0.982469301,0.138319431,-0.233362882,-0.106390729,-0.966551956,0.00624146312,0.000281095505,0.0174596906
0.964283461,-0.153288642,-0.216009264,-0.12520803,-0.982451516,0.138246893,-0.233410281,-0.1062631,-0.966554721,0.00564606627,0.000193178654,0.0133854104
0.9641563,-0.15364921,-0.21632048,-0.12552119,-0.98240008,0.13832699,-0.23376711,-0.10621603,-0.96647345,-0.00768768,-0.00479078,0.00680706
0.9638478,-0.15399286,-0.21744793,-0.12575437,-0.98237538,0.13828943,-0.23491114,-0.10594493,-0.96622562,0.00768848,0.00136322,0.00892757
0.96371701,-0.15408973,-0.21795843,-0.1258202,-0.98238102,0.13819042,-0.23541197,-0.10575289,-0.96612489,0.01190138,0.00679046,0.01231993
0.96359355,-0.15425821,-0.21838469,-0.12598627,-0.98238383,0.13801898,-0.23582818,-0.10548072,-0.96605314,0.00942739,0.00640267,0.01760827
0.963569076,-0.154453689,-0.21835451,-0.126128406,-0.982330782,0.138266855,-0.235852198,-0.105688958,-0.96602456,-0.00846739858,-0.000310719013,0.00830573216
0.96349732,-0.1545846,-0.21857839,-0.12616054,-0.98228277,0.13857932,-0.236128,-0.10594484,-0.9659293,-0.0152744,-0.00501055,0.00768298
0.963038289,-0.154998572,-0.220301374,-0.126132148,-0.982138029,0.139626482,-0.238008264,-0.106678563,-0.96538683,-0.00462591322,0.000846028328,0.00443955418
0.96293365,-0.15519955,-0.22061703,-0.126264,-0.9820993,0.13977858,-0.23836144,-0.10674151,-0.96529258,,,
0.96276864,-0.155420435,-0.221180993,-0.12637114,-0.982054207,0.139999059,-0.238970455,-0.106835808,-0.965131649,-0.0139893275,-0.00779348612,-0.000651622424
0.96263959,-0.15564843,-0.22158202,-0.1263838,-0.98195219,0.14070296,-0.23948311,-0.10744186,-0.96493749,-0.00667536,-0.0074147,-0.00164587
0.962587004,-0.155758076,-0.221733333,-0.126439763,-0.981922215,0.14085876,-0.23966484,-0.107552897,-0.96487957,-0.000950277084,-0.000943183899,0.0094497744
0.962417236,-0.15592067,-0.222355129,-0.126520911,-0.981903793,0.140915187,-0.240302971,-0.107486629,-0.964728355,0.00898906495,0.000971376896,0.00662483275
0.962178298,-0.156013393,-0.22332206,-0.126496542,-0.981901822,0.140951647,-0.241270691,-0.107371147,-0.964499778,0.00469479291,-0.000198721886,0.0125650773
0.9621214,-0.15608283,-0.2235186,-0.12650707,-0.98187856,0.14110342,-0.24149198,-0.10748193,-0.96443194,0.00532103,-0.00723648,0.00895061
0.96202778,-0.1562274,-0.22382034,-0.12652313,-0.98182078,0.14149093,-0.24185624,-0.10779976,-0.96430524,-0.00231887,-0.00561023,0.0046127
0.96187292,-0.15638288,-0.22437663,-0.12652402,-0.98176651,0.1418662,-0.24247092,-0.10806823,-0.96412082,,,
0.96179938,-0.15649637,-0.22461265,-0.12657466,-0.98173815,0.14201791,-0.24273609,-0.10816247,-0.96404362,0.00594082,0.00425285,-0.00254034
0.96172979,-0.15663171,-0.2248162,-0.12669054,-0.98172369,0.14201383,-0.24295128,-0.10809684,-0.96399667,0.00947518,-0.00437713,0.00396565
0.9615004,-0.156845419,-0.225646839,-0.126801658,-0.981702577,0.142061392,-0.243799756,-0.107979692,-0.96379568,-0.00501761911,-0.000210702419,-0.0106840217
0.96112192,-0.15707177,-0.22709715,-0.12680238,-0.98166546,0.14231538,-0.2452872,-0.10798597,-0.96341725,-0.00921166,-0.00187063,-0.0176807
0.96099386,-0.15729539,-0.22748399,-0.12690823,-0.98160755,0.14262233,-0.24573382,-0.1081896,-0.96328091,-0.00738621,-0.00742412,-0.00511994
0.96093596,-0.15734645,-0.22769315,-0.1269385,-0.98160458,0.14261405,-0.24594449,-0.10813994,-0.96323246,-0.00277456,-0.00127316,0.00429237
0.96077439,-0.15738729,-0.2283458,-0.12697415,-0.98163885,0.14234552,-0.24655654,-0.10776791,-0.96311758,0.00641809,-0.00227845,0.02591571
0.960549975,-0.157429107,-0.229259298,-0.127005269,-0.981687435,0.141984461,-0.247413441,-0.107266033,-0.962954169,-9.00728628e-05,0.00369566679,0.022249341
0.96045841,-0.15756768,-0.22954753,-0.12711627,-0.98167414,0.14197598,-0.24771171,-0.10718279,-0.96288659,0.00175017,0.00543851,0.0081657
0.960379365,-0.157846019,-0.22968698,-0.12734271,-0.981621146,0.142139883,-0.247901813,-0.107259248,-0.962829232,0.000206499011,0.00299555063,0.00443538139
0.960316983,-0.158276155,-0.229651811,-0.127760399,-0.981552361,0.142240723,-0.24792857,-0.107255776,-0.96282283,0.000292014563,0.00130909681,0.0122064045
0.96031272,-0.15887916,-0.22925288,-0.12834877,-0.98143411,0.14252592,-0.247641,-0.10744513,-0.96287561,0.00590325,0.00537497,0.01084428
0.960170646,-0.159363667,-0.229511557,-0.128791773,-0.981363381,0.142614061,-0.247961716,-0.107374636,-0.962801044,0.0135349315,0.000141322613,0.0188956838
0.96007871,-0.15951161,-0.22979317,-0.12889247,-0.98133938,0.14268551,-0.24826516,-0.1073707,-0.96272289,0.01061996,-0.00881839,0.01912118
