0,1,2,3,4,5,6,7,8,9,10,11
0.975647569,0.134805895,-0.173029455,0.109173749,-0.982642902,-0.149979984,-0.190244354,0.127437333,-0.973430423,-0.000737898517,0.00222969055,0.0107347211
0.975694973,0.134770141,-0.172789836,0.109214373,-0.982673501,-0.14974922,-0.189977733,0.127238426,-0.973508429,0.00314929895,-0.000260233879,-0.00406989828
0.97569497,0.13477014,-0.17278984,0.10921437,-0.9826735,-0.14974922,-0.18997773,0.12723843,-0.97350843,,,
0.97571077,0.13476523,-0.17270446,0.10922017,-0.98267236,-0.14975175,-0.18989326,0.12725158,-0.97352308,-0.00185257,0.00251901,0.00503893
0.975713344,0.134805187,-0.172658695,0.109265938,-0.982666838,-0.149754306,-0.189853676,0.127251558,-0.973530758,-0.00390762556,-0.000487267971,0.00732352398
0.97571592,0.13485218,-0.17260746,0.10930399,-0.98265044,-0.14983649,-0.18981856,0.12733117,-0.97352756,-0.00410186,0.0019666,0.00474691
0.97573169,0.13485429,-0.17251661,0.1093021,-0.98263798,-0.14991852,-0.18973854,0.12742382,-0.97353087,,,
0.97575808,0.13477158,-0.17243195,0.10921446,-0.98263545,-0.1499981,-0.18965326,0.12752979,-0.97353348,,,
0.97577127,0.13472672,-0.17239237,0.10917451,-0.98263986,-0.14999808,-0.1896084,0.12754297,-0.97354047,,,
0.975766123,0.13465383,-0.172478446,0.10907525,-0.982639548,-0.150072474,-0.189692009,0.127622504,-0.973513779,0.00418985169,0.000593781471,-0.00420547277
0.97574518,0.13457883,-0.17265536,0.10897788,-0.98265171,-0.1500647,-0.18985562,0.12760929,-0.97348379,,,
0.97574259,0.1345459,-0.17269566,0.10892439,-0.98264589,-0.15014163,-0.18989962,0.12768882,-0.97346478,-0.00475809,0.00158143,0.00104924
0.97577156,0.13449613,-0.17257073,0.10889026,-0.98264917,-0.15014429,-0.18977033,0.12771525,-0.97348643,-0.00524253,0.00284982,0.00189574
0.97582944,0.13438954,-0.1723263,0.1088297,-0.98266713,-0.15006987,-0.18950725,0.12768838,-0.97354108,0.00288359,-0.00452679,-0.00250838
0.9758426,0.13434468,-0.17228672,0.10878975,-0.98267154,-0.15006987,-0.18946239,0.12770154,-0.97354808,0.00175518,-0.00604224,-0.00292828
0.975826852,0.1343566,-0.172366625,0.108776223,-0.982661293,-0.150146812,-0.189551267,0.127767898,-0.973522076,-0.000965841406,0.00644493103,-0.0040952703
0.97576377,0.13437628,-0.17270807,0.10875294,-0.98266575,-0.15013648,-0.18988907,0.12771523,-0.97346345,-0.00481778,0.00230241,0.00505234
0.97576377,0.13436926,-0.17271353,0.10876065,-0.98267709,-0.15005698,-0.18988466,0.12763573,-0.9734748,,,
0.97578215,0.13440429,-0.17258238,0.10881225,-0.98267044,-0.1500621,-0.1897606,0.12764884,-0.97349711,-0.00343809,0.00310254,0.00420015
0.97579792,0.13438536,-0.17250797,0.10883349,-0.98269202,-0.14990566,-0.18966732,0.12750298,-0.97353446,,,
0.97581109,0.13433349,-0.17247385,0.10880125,-0.98270778,-0.14982615,-0.18961805,0.12743665,-0.97355281,,,
0.97579533,0.13433136,-0.17256465,0.10880314,-0.98271976,-0.14974397,-0.18969804,0.12734388,-0.97354902,0.00488335,0.00171089,-0.00160879
0.97576637,0.134374099,-0.172695081,0.108845026,-0.982727828,-0.14966181,-0.189822943,0.12723796,-0.973538716,0.000423031161,-0.000193953514,0.00914404169
0.97575319,0.13441193,-0.17274013,0.1088927,-0.98273477,-0.14958232,-0.18986337,0.12714529,-0.97354306,-0.00250911,0.00753963,0.00499255
0.97583202,0.13438044,-0.17231879,0.10892942,-0.98274057,-0.14951551,-0.18943667,0.12713143,-0.97362769,0.00788568,0.00346184,-0.00649026
0.97586349,0.13437068,-0.17214808,0.10894102,-0.98273864,-0.14952073,-0.18926778,0.12715783,-0.97365724,0.00449718,0.00483859,-0.00696086
0.975892,0.13453767,-0.17185578,0.1092064,-0.98275525,-0.14921786,-0.1889676,0.12685277,-0.97375537,,,
0.97587885,0.13457551,-0.17190085,0.10925406,-0.98276193,-0.14913823,-0.189008,0.12675998,-0.97375949,,,
0.97581851,0.13462098,-0.17220749,0.10929207,-0.98278315,-0.1489715,-0.18929731,0.12654824,-0.97373099,0.00274036,0.00303125,0.00589035
0.975758085,0.134666354,-0.172514137,0.109330143,-0.98280399,-0.148804536,-0.189586587,0.126336231,-0.973702027,0.00426910352,-0.00033313036,0.00348789617
0.97572654,0.13467608,-0.17268487,0.10931861,-0.98280622,-0.14879948,-0.1897555,0.12630993,-0.97367272,-0.0042445,0.0020417,0.00536887
0.975697558,0.134718738,-0.172815325,0.109360559,-0.982814053,-0.148717343,-0.189880339,0.126203968,-0.973662189,0.000974548864,0.0100297928,0.00180176483
0.97568177,0.13471655,-0.17290617,0.10936253,-0.9828263,-0.14863519,-0.18996034,0.12611119,-0.97365864,-0.00282793,0.01026917,0.00837758
0.975694973,0.134664687,-0.172872037,0.10933027,-0.982841806,-0.148555529,-0.189911061,0.126044736,-0.973676735,0.00154483947,-0.000270605087,0.00557809742
0.975731989,0.134490202,-0.172798924,0.109164557,-0.982860531,-0.148552896,-0.18981618,0.126084292,-0.973690021,-0.00523273274,-0.000976920128,0.00783485174
0.975742594,0.134405378,-0.172805038,0.109078819,-0.982870456,-0.148550313,-0.189810953,0.126097497,-0.973689346,-0.00562902074,-0.000748217106,0.00518084504
0.97577956,0.13423089,-0.17273194,0.1089131,-0.98288919,-0.1485477,-0.18971608,0.12613703,-0.97370268,,,
0.97578493,0.13406608,-0.17282955,0.10873588,-0.98290993,-0.14853986,-0.18979008,0.12615018,-0.97368649,0.00169712,-0.00468785,-0.00448773
0.97576391,0.13399096,-0.17300641,0.10863863,-0.98292213,-0.14853216,-0.18995379,0.12613714,-0.97365654,0.00499019,-0.00371343,0.00207542
0.975737584,0.133828772,-0.173280195,0.108457677,-0.982956091,-0.148439225,-0.190192267,0.126044163,-0.973621959,0.000233927509,0.0014013052,0.00837279949
0.975790293,0.133649439,-0.173121716,0.108297679,-0.982973632,-0.14843929,-0.19001293,0.126096937,-0.97365005,0.000975019531,0.0059440136,0.00102294411
0.97582978,0.13351495,-0.17300288,0.10817771,-0.98298681,-0.14843927,-0.18987844,0.12613641,-0.97367114,-0.00115052,0.00549173,-0.00179481
0.97580322,0.13310793,-0.17346571,0.10772804,-0.98305217,-0.14833308,-0.19027019,0.12605678,-0.97360492,-0.00144185,-0.00232106,0.00749802
0.97579249,0.13295499,-0.17364325,0.10753733,-0.98306257,-0.14840191,-0.19043301,0.12613634,-0.9735627,0.00460381,-0.00156277,0.0061016
0.97581845,0.13263465,-0.17374234,0.10717312,-0.98308055,-0.14854779,-0.19050531,0.12633516,-0.97352301,-0.00174343,-0.00108516,0.01172534
0.97607871,0.13220138,-0.17260691,0.10684955,-0.98308799,-0.14873116,-0.18935026,0.12673035,-0.97369691,,,
0.9761494,0.13207107,-0.17230663,0.10672573,-0.98307663,-0.14889572,-0.18905544,0.12695491,-0.97372505,0.00230093,-0.00289214,-0.0056059
0.97622236,0.1317499,-0.1721391,0.10636361,-0.98306836,-0.14920862,-0.18888274,0.12735146,-0.9737067,0.00857783,-0.0031355,-0.00702939
0.9761932,0.13157594,-0.17243723,0.10610591,-0.98306241,-0.14943118,-0.18917813,0.12757709,-0.97361982,,,
0.97615629,0.13151284,-0.17269413,0.10599509,-0.98306379,-0.14949991,-0.18943054,0.12763055,-0.97356362,,,
0.97607676,0.13130671,-0.17329946,0.10568184,-0.98307738,-0.14963177,-0.19001449,0.12773748,-0.97343571,0.00366138,-0.0081169,0.00229596
0.97599679,0.13110065,-0.17390482,0.10536854,-0.98309134,-0.14976323,-0.19059837,0.12784433,-0.97330788,0.00308958,0.00330245,0.00726462
0.97595945,0.13104468,-0.17415638,0.10524988,-0.98308129,-0.14991111,-0.19085497,0.12797722,-0.97323991,-0.00615603,0.00896549,0.00983873
0.97595848,0.13082828,-0.17432439,0.10494999,-0.98306675,-0.15021503,-0.19102495,0.12830828,-0.97316275,,,
0.97601254,0.13049358,-0.1742726,0.10451274,-0.98302996,-0.15076031,-0.19098849,0.12893025,-0.97308781,0.00423329,-0.00319195,0.00210326
0.976017084,0.13037135,-0.174338646,0.104288829,-0.982982037,-0.151228763,-0.191087656,0.129420283,-0.973003536,0.00399133237,8.55326653e-05,-0.00455434714
0.9759926,0.13029197,-0.17453492,0.10410671,-0.98294193,-0.15161469,-0.19131186,0.12980456,-0.97290833,,,
0.97598974,0.13027332,-0.17456487,0.10403758,-0.98291302,-0.15185021,-0.19136408,0.13004294,-0.97286635,0.0035316,0.00698543,-0.00518757
0.97598113,0.13018192,-0.17468116,0.10386904,-0.98288303,-0.15215929,-0.19149951,0.13036064,-0.97279717,-0.00321738,-0.00210208,-0.00351215
0.97592749,0.13014556,-0.1750076,0.10372855,-0.98285065,-0.15246257,-0.19184868,0.13063912,-0.97269078,,,
0.97590862,0.13012488,-0.17512818,0.10366122,-0.98283396,-0.15261554,-0.19198103,0.13078482,-0.97264503,,,
0.97584171,0.13013357,-0.17549415,0.1035605,-0.98279746,-0.15291853,-0.19237507,0.13105002,-0.97253145,,,
0.975835868,0.130096548,-0.175554126,0.103421959,-0.982739026,-0.153389052,-0.19247925,0.131526389,-0.972446833,-0.00734529318,-4.69684601e-05,0.00434497185
0.97595064,0.12970183,-0.17520786,0.1029625,-0.98270076,-0.15394154,-0.19214339,0.1321995,-0.97242186,,,
0.97592876,0.12964139,-0.17537434,0.10284923,-0.9826888,-0.15409132,-0.19231507,0.13234503,-0.97236777,-0.00195271,-0.00184888,0.00662164
0.97604197,0.12941542,-0.17491062,0.10265221,-0.98268359,-0.15425891,-0.19184525,0.13260821,-0.97242521,-0.00538406,0.00287569,0.0010931
0.976151984,0.129149428,-0.174492768,0.10240944,-0.982682799,-0.154423354,-0.191414752,0.132870956,-0.972473883,-0.000136552146,-0.0052946806,-0.00843619928
0.9761939,0.12906139,-0.17432331,0.10232795,-0.98267837,-0.15450565,-0.19124448,0.13298933,-0.97249122,0.00130122,0.00684619,-0.01144793
0.97625883,0.1288364,-0.17412605,0.10212862,-0.98269912,-0.15450566,-0.19101948,0.13305426,-0.97252657,,,
0.976274721,0.128824203,-0.174045948,0.102142384,-0.9827097,-0.154429209,-0.190930879,0.132987864,-0.972553047,-0.00286398968,-0.00597947836,0.000342144107
0.976303573,0.128759941,-0.173931616,0.102123993,-0.982735986,-0.154273451,-0.190793133,0.132855129,-0.972598131,0.00890034996,0.00183594227,0.000960996142
0.976258829,0.128794003,-0.174157411,0.102175124,-0.982769085,-0.15402962,-0.190994615,0.132578221,-0.972596539,0.00323852315,0.00780797005,0.000186744961
0.976232872,0.128869849,-0.174246784,0.102270386,-0.982784038,-0.153870959,-0.191076288,0.132393602,-0.972605652,0.000419318443,0.00998473167,-0.00277084578
0.97620981,0.1289714,-0.17430079,0.10242702,-0.98281657,-0.15355644,-0.19111016,0.13205019,-0.97264534,-0.00570711,-0.00695312,0.00542273
0.97619974,0.12902796,-0.17431538,0.10254378,-0.98285369,-0.15324185,-0.19109903,0.13171969,-0.97269252,0.01047137,-0.00624961,-0.00253798
0.976147735,0.129179496,-0.174494272,0.102734412,-0.98288315,-0.152924311,-0.191262212,0.131350151,-0.972710336,-0.00253129238,-0.000199735165,0.0100320084
0.9762835,0.12925165,-0.17367938,0.10292717,-0.98287051,-0.15287682,-0.19046394,0.13137479,-0.97286377,,,
0.97631806,0.12928142,-0.17346287,0.10298488,-0.98286329,-0.1528855,-0.19025553,0.13140082,-0.97290121,0.00283492,-0.00172377,0.0046825
0.97632377,0.129368261,-0.173365951,0.103068839,-0.982841316,-0.152970638,-0.190180741,0.131480244,-0.972905177,0.00704398006,-0.000928997993,0.000980302691
0.97626614,0.12948241,-0.17360509,0.10312129,-0.98281176,-0.15312356,-0.19044795,0.13158697,-0.97283824,0.00899475,-0.0053727,0.00674145
0.976237296,0.129539521,-0.173724658,0.103147497,-0.98279725,-0.153200155,-0.190581579,0.131640442,-0.972805008,-8.6679589e-05,0.00186300278,0.011201581
0.97623002,0.12969246,-0.17365139,0.10324814,-0.98273614,-0.15352333,-0.19056432,0.1319449,-0.97276703,-0.00699107,0.00291228,0.01071851
0.97628769,0.12961343,-0.173386,0.10315713,-0.98270752,-0.15376716,-0.19031803,0.13223499,-0.9727758,0.00495069,-0.00336605,-0.00659171
0.976284838,0.129587622,-0.17342133,0.103095829,-0.982689432,-0.153922927,-0.190365857,0.132393602,-0.972744732,0.00648174295,-0.000800788403,-0.00427278224
0.97624742,0.12955335,-0.17365745,0.10295349,-0.98264432,-0.1543082,-0.19063462,0.13276434,-0.97264195,-0.00147699,0.00980806,0.00282542
0.97622581,0.12950695,-0.17381348,0.10282478,-0.98260916,-0.15461693,-0.19081468,0.13306871,-0.97256494,-0.00840657,0.00223112,-0.00222743
0.976222927,0.129488229,-0.173843592,0.102755679,-0.982579274,-0.154851887,-0.190866619,0.133306545,-0.972522065,0.000404449645,-0.00522959232,-0.00914825499
0.976169463,0.129438086,-0.174180817,0.102630356,-0.982569572,-0.154995958,-0.191207179,0.13342608,-0.972438686,0.00180358789,0.00602459908,0.000203251082
0.976131811,0.129375748,-0.174437951,0.102518779,-0.982570526,-0.155063591,-0.191459089,0.133479336,-0.972381788,-0.000777325244,0.00192034245,0.00476730568
0.9760651,0.12937068,-0.17481462,0.10243324,-0.98255673,-0.15520752,-0.19184461,0.13358581,-0.97229118,-0.00386545,0.00149703,0.01134316
0.976072247,0.129260176,-0.174856446,0.102286065,-0.982548161,-0.155360299,-0.191886765,0.133757499,-0.972259508,-0.00062568346,-0.000744760036,0.00719118258
0.97611842,0.12902171,-0.17477481,0.10201158,-0.98254,-0.15559224,-0.19179801,0.1340474,-0.9722371,0.0047217,0.0015409,-0.00273152
0.976128471,0.128943927,-0.174776037,0.101918077,-0.982537163,-0.155668418,-0.19179652,0.134139533,-0.972224209,-0.000874214747,0.00656712055,-0.000362586929
0.976141472,0.128906007,-0.174731397,0.101870466,-0.982529658,-0.155747729,-0.191755646,0.134231846,-0.972219658,-0.0059892307,0.00590515137,0.0006183933
0.97617042,0.12886996,-0.17459623,0.10182114,-0.98250951,-0.15590924,-0.19163446,0.1344164,-0.97221842,,,
0.97619345,0.12874715,-0.17455806,0.10168781,-0.982511,-0.15598552,-0.19158792,0.13452162,-0.97221281,0.0080349,-0.00504661,0.00171376
0.976206434,0.128702128,-0.174518658,0.101647989,-0.982515317,-0.155985513,-0.191542909,0.134534591,-0.972220088,0.00536133535,0.001994133,7.51683256e-05
0.97624124,0.12873863,-0.17429691,0.10169826,-0.9824963,-0.15607368,-0.19133874,0.13463988,-0.9722459,-0.00330623,0.00474286,0.00375781
0.97633953,0.1287472,-0.17373912,0.10178064,-0.98248422,-0.15609404,-0.19079262,0.1347175,-0.97234215,,,
0.97633661,0.12870737,-0.17378501,0.10173472,-0.98248932,-0.15609117,-0.19083203,0.13471756,-0.9723343,0.00960511,-0.00145429,-0.00324113
0.97625715,0.12874047,-0.17420638,0.10169659,-0.98248322,-0.15615575,-0.19125841,0.13473197,-0.97224874,-0.00251632,0.00312889,0.01042872
0.97624124,0.12875273,-0.17428646,0.10168275,-0.98247219,-0.15623197,-0.19134695,0.13479817,-0.97222179,-0.00965234,-0.00237375,0.01448281
0.97626302,0.1288413,-0.17409891,0.10176515,-0.98243753,-0.15639937,-0.19119196,0.13496972,-0.97222899,,,
0.97633953,0.12879649,-0.17370258,0.10172649,-0.9824015,-0.15664871,-0.19082149,0.13527218,-0.97225943,0.00754137,-0.00426257,-0.00617677
0.97629189,0.12884742,-0.17393241,0.10166946,-0.98234562,-0.15703595,-0.19109543,0.13562931,-0.97215591,,,
0.97626888,0.12899849,-0.17394961,0.10177176,-0.98229661,-0.15727645,-0.19115853,0.13584095,-0.97211401,-0.00708143,0.00681949,0.01076949
0.976274721,0.129085135,-0.17385252,0.101855874,-0.982274332,-0.157361499,-0.191083887,0.135920154,-0.972117679,-0.00424616225,0.000116527081,0.00772415334
0.97629642,0.12918058,-0.17365964,0.10193065,-0.98222697,-0.15760785,-0.19093306,0.13617073,-0.97211214,0.00100249,0.00678444,-0.00333436
0.9763469,0.12921154,-0.17335253,0.10198731,-0.98220644,-0.15769843,-0.19064446,0.13628862,-0.97215215,,,
0.97637859,0.12922201,-0.17316619,0.10197646,-0.98216861,-0.15794173,-0.19048795,0.13655205,-0.972146,,,
0.976362745,0.129241344,-0.173241052,0.101954862,-0.982145692,-0.158097167,-0.190580673,0.136697414,-0.972107244,-0.00051380496,0.00674581528,0.00180440338
0.97636274,0.12924134,-0.17324105,0.10195486,-0.98214569,-0.15809717,-0.19058067,0.13669741,-0.97210724,,,
0.9763757,0.12921028,-0.17319121,0.10189964,-0.98212595,-0.15825545,-0.19054384,0.13686865,-0.97209039,,,
0.97635986,0.12922965,-0.17326608,0.10187805,-0.98210351,-0.15841089,-0.19063657,0.13701403,-0.97205211,-0.00650127,0.0114646,0.00318851
0.97635696,0.12918988,-0.17331202,0.1018321,-0.98210859,-0.15840792,-0.19067591,0.13701395,-0.97204424,,,
0.97629189,0.128960133,-0.173848865,0.101545578,-0.982155125,-0.158302648,-0.191161291,0.136896007,-0.971965415,0.00043209421,0.00395166874,0.00355988042
0.97624537,0.12877892,-0.174244,0.10129575,-0.98217141,-0.15836115,-0.19153108,0.13694916,-0.97188505,-0.0048139,-0.00831163,0.01332148
0.97627242,0.12849162,-0.17430452,0.10098489,-0.98219261,-0.15842832,-0.19155734,0.13706708,-0.97186327,0.00173273,0.00552201,0.00226951
0.97629536,0.12836875,-0.17426658,0.10085164,-0.9821941,-0.15850452,-0.19151064,0.13717215,-0.97185774,,,
0.97629826,0.12777035,-0.17468958,0.10016537,-0.98224434,-0.15862685,-0.1918557,0.13736927,-0.97176159,-0.00376929,-0.0049966,-0.0041723
0.97626714,0.12758389,-0.17499947,0.09992164,-0.98225936,-0.1586878,-0.19214091,0.13743545,-0.97169592,-0.00376967,0.00182962,0.00373341
0.97619832,0.12712438,-0.17571634,0.09935006,-0.98231162,-0.15872405,-0.19278591,0.13748872,-0.97156076,0.00304748,-0.00129187,0.00874445
0.976157809,0.126621589,-0.176303441,0.0987370468,-0.982354384,-0.158841728,-0.193305265,0.137646911,-0.971435143,-0.000153529458,0.00337958336,0.00954017229
0.9761389,0.12639725,-0.17656891,0.09844567,-0.9823611,-0.158981,-0.1935492,0.1378051,-0.97136415,-0.01019099,-0.0093919,0.01716234
0.97619113,0.12584424,-0.17667514,0.09780022,-0.98236564,-0.15935098,-0.193613,0.13827814,-0.97128422,0.00533854,0.00725365,0.00163668
0.97615891,0.12507414,-0.1773985,0.09685406,-0.98240436,-0.15968824,-0.19424999,0.13869933,-0.9710967,0.00796159,-0.00329483,-0.00619585
0.97606119,0.12472682,-0.17817902,0.09633802,-0.98241135,-0.15995852,-0.19499623,0.13896389,-0.97090953,,,
0.975820311,0.123916939,-0.180053632,0.0951630158,-0.98245384,-0.160400415,-0.196770726,0.139387536,-0.97049072,0.000515853637,-0.00449305773,0.00562112639
0.97568134,0.12314759,-0.18133003,0.09412477,-0.98249055,-0.16078734,-0.19795564,0.13980956,-0.97018894,-0.00326955,0.00196934,0.0069239
0.97564231,0.12273245,-0.18182086,0.09359498,-0.98250897,-0.16098537,-0.19839873,0.14004662,-0.97006447,-0.004125,-0.00122333,0.00800995
0.97562732,0.12203775,-0.18236811,0.09274587,-0.98253333,-0.16132629,-0.19887067,0.14048044,-0.96990485,0.00477339,0.00852072,-0.00247906
0.9756188,0.121430067,-0.18281874,0.0919805363,-0.982535167,-0.161752508,-0.199267493,0.14099302,-0.96974898,-0.00457014237,0.0062558651,-0.000888277194
0.97563928,0.12111076,-0.18292127,0.09161528,-0.98254661,-0.16189199,-0.19933551,0.1411898,-0.96970666,-0.00587166,-0.00486183,-0.00203939
0.97567064,0.12054961,-0.18312453,0.0909785,-0.98257189,-0.16209536,-0.1994736,0.14149129,-0.96963396,-0.00359811,0.01736164,-0.00249785
0.9757516,0.119957348,-0.183082086,0.0903766579,-0.982618314,-0.16215197,-0.199351135,0.141673697,-0.969632735,-0.00245632115,-0.000424802303,-0.00940160267
0.97581234,0.11968434,-0.18293694,0.09014009,-0.98265354,-0.16206923,-0.19916081,0.1416592,-0.9696738,-0.00110768,-0.00380337,-0.00779964
0.975896537,0.119116919,-0.182858157,0.0896003404,-0.982719073,-0.161971541,-0.198991771,0.141683312,-0.969705055,0.00496097747,-0.000179827213,-0.00770715112
0.975975136,0.118666704,-0.182731364,0.0892003348,-0.982783648,-0.161802362,-0.198785911,0.141615386,-0.969757518,-0.00276407227,-0.0053704381,0.000726173574
0.97603926,0.11843338,-0.18254011,0.0890097,-0.98281349,-0.16172332,-0.19855637,0.14160047,-0.96980627,,,
0.976145437,0.118074822,-0.182204349,0.0887778959,-0.982899087,-0.161332489,-0.198137764,0.141308256,-0.969934897,-0.00360549474,0.0116519928,-0.000693745096
0.97625138,0.11770896,-0.18187316,0.08855394,-0.98299618,-0.16086237,-0.19771557,0.14093653,-0.97007497,-0.00285701,-0.00709146,-0.00188319
0.97630237,0.1175062,-0.1817305,0.0884189,-0.98304703,-0.16062541,-0.19752412,0.14075056,-0.97014091,0.0031692,-0.01048344,-0.00360323
0.97637119,0.11711888,-0.18161075,0.0881283,-0.98313879,-0.16022289,-0.19731371,0.14043196,-0.97022987,0.00420137,0.00321865,0.00444588
0.976427168,0.116776761,-0.181530081,0.0878773921,-0.983226765,-0.159820201,-0.197148539,0.140100395,-0.970311362,0.00279093673,0.000903725624,0.0101019358
0.976465246,0.116626586,-0.181421769,0.087774019,-0.983261598,-0.159662112,-0.19700594,0.139980383,-0.970357559,-4.1378662e-06,0.011339426,0.0179801155
0.976557762,0.116328184,-0.181115124,0.0875653979,-0.983318167,-0.159428741,-0.196639863,0.139831956,-0.970453311,-0.00048585725,-0.00612103939,0.0104516232
0.97667535,0.11595413,-0.1807205,0.08726125,-0.9833575,-0.15935354,-0.19619055,0.13986678,-0.97053934,0.00522964,-0.00531805,0.00103705
0.97670944,0.11577151,-0.18065333,0.08710387,-0.98338458,-0.15927067,-0.19609075,0.13982556,-0.97056515,0.00896085,-0.00126439,-0.00166523
0.97673711,0.11535939,-0.18076735,0.08666101,-0.9834147,-0.15932699,-0.19614916,0.13995511,-0.97053478,,,
0.97680615,0.1148515,-0.18071767,0.08614476,-0.98345029,-0.15938692,-0.19603271,0.14012225,-0.97053414,-0.00381392,-0.00136954,0.01473819
0.97678313,0.11462014,-0.18098883,0.08586105,-0.98346644,-0.15944305,-0.19627178,0.14020139,-0.97047483,-0.00200407,0.0142951,0.00771894
0.9767696,0.11415392,-0.18135609,0.08529799,-0.98348304,-0.15964147,-0.19658433,0.14046363,-0.97037344,-0.00462028,-0.00817621,0.00832164
0.976765811,0.11331049,-0.181904596,0.0842539097,-0.983480985,-0.160206956,-0.197052855,0.141158503,-0.970177452,0.011050676,-0.0071028471,0.000788816949
0.97670616,0.11275821,-0.18256687,0.08351634,-0.98347637,-0.16062122,-0.19766157,0.14163242,-0.96998458,-0.00613694,0.00644004,0.01698088
0.97664567,0.11221359,-0.18322483,0.08277051,-0.98345872,-0.16111352,-0.19827323,0.1421852,-0.96977867,-0.01023903,0.00110745,0.01186025
0.9766297,0.11191976,-0.18348947,0.08237674,-0.98344478,-0.16140081,-0.19851573,0.14251356,-0.96968096,-0.00604921,-0.00163186,0.00438322
0.9766432,0.111119,-0.18390385,0.08137601,-0.9834214,-0.16204934,-0.19886178,0.14329902,-0.96949424,0.00847389,-0.00260574,-0.00242026
0.97660979,0.11036739,-0.18453277,0.08041025,-0.98340828,-0.16260956,-0.1994179,0.14396776,-0.96928082,0.00273276,0.00570607,-0.00158557
0.97660528,0.110028624,-0.184758815,0.0799764323,-0.983396226,-0.162895403,-0.199614349,0.144308156,-0.969189637,-0.0066412501,0.000471115112,-0.00370514859
0.97662525,0.10946486,-0.18498797,0.07925309,-0.98335728,-0.16348371,-0.19980504,0.14500145,-0.96904698,-0.00268986,0.00458527,-0.00632554
0.97666584,0.108920325,-0.185095101,0.0785981865,-0.983336942,-0.163922367,-0.199865351,0.145549236,-0.968952538,0.00333665498,0.000788450241,-0.015699042
0.976673539,0.108685882,-0.185192258,0.0783184899,-0.983335749,-0.16406268,-0.199937509,0.145731699,-0.968910116,0.00716655329,-4.78029251e-05,-0.0185854323
0.97665947,0.10826052,-0.18551535,0.07780047,-0.98334417,-0.1642602,-0.20020832,0.1459931,-0.96881511,0.00377244,0.00352585,-0.00846612
0.97654912,0.10805799,-0.18621299,0.07748429,-0.98336395,-0.16429097,-0.20086809,0.14600962,-0.968676,-0.00147288,0.00534534,0.00743896
0.976510256,0.107872696,-0.186523989,0.0772396034,-0.983374321,-0.164343395,-0.201151089,0.146075971,-0.968607152,-0.0043710866,-8.01086426e-05,0.00658574048
0.97643742,0.10769863,-0.18700529,0.07698219,-0.98338743,-0.16438674,-0.20160287,0.14611728,-0.96850716,0.00221855,0.00382245,0.00654301
0.9764107,0.10746805,-0.18727721,0.07669779,-0.98340091,-0.16443877,-0.20184049,0.14619603,-0.96844573,0.00197646,-0.00442767,0.00481037
0.97636589,0.10709386,-0.18772466,0.07621287,-0.98340634,-0.16463023,-0.20224055,0.14643231,-0.96832634,-0.00256641,0.00789499,0.01331401
0.97638078,0.10678982,-0.18782041,0.07583094,-0.98338694,-0.16492272,-0.20231224,0.14678478,-0.96825808,0.00345842,-0.00575441,0.00861372
0.976496268,0.106310182,-0.18749182,0.0752850025,-0.983337943,-0.165464886,-0.201958426,0.147460521,-0.968229394,0.000515400956,0.0103963614,-0.00190210412
0.97657081,0.10606834,-0.18724037,0.07501447,-0.98330552,-0.16577968,-0.20169848,0.14784985,-0.96822413,-0.00460116,0.00454211,-0.00969489
0.97658775,0.10607019,-0.18715096,0.07501275,-0.98329166,-0.16586292,-0.2016171,0.14794099,-0.9682272,-0.00277388,0.00836825,-0.0058681
0.976629482,0.105981324,-0.186983456,0.0749317348,-0.983283795,-0.165946135,-0.201445003,0.148056892,-0.968245307,-0.00232524518,-0.000820219517,-0.00644340087
0.9766633,0.10596993,-0.18681323,0.07494459,-0.9832814,-0.16595523,-0.20127622,0.14808174,-0.96827673,0.00738455,0.00694203,-0.01024762
0.976667807,0.106002053,-0.18677141,0.0749987855,-0.983289728,-0.165881008,-0.201234135,0.148003011,-0.968297447,0.00474356394,0.000742316246,-0.00861021318
0.976647527,0.106117328,-0.186811985,0.0751403953,-0.983304556,-0.165728038,-0.201279721,0.14782075,-0.968315658,0.00273253419,0.00450515747,-0.000688104425
0.97659449,0.10640833,-0.18692369,0.07544709,-0.98330605,-0.16557961,-0.20142228,0.14760129,-0.96831947,,,
0.97658657,0.10647825,-0.18692527,0.07554906,-0.98332401,-0.1654267,-0.20142247,0.14743147,-0.96834535,-0.00543833,0.00761724,0.0087073
0.97665614,0.10676166,-0.18639939,0.07595474,-0.98332498,-0.16523529,-0.20093199,0.14722014,-0.96847943,-0.00220286,0.00771761,0.00748676
0.976712054,0.10691862,-0.18601604,0.0762302259,-0.983351217,-0.164951327,-0.200555506,0.146929903,-0.968601414,-0.000565309369,-0.00626671314,-0.00247869291
0.976636675,0.107003706,-0.18636257,0.0763147385,-0.983386483,-0.164701768,-0.200890172,0.146631575,-0.96857726,0.00798374973,-0.00483983755,-0.000819262583
0.97648907,0.107086581,-0.187087023,0.076311595,-0.983405813,-0.164587332,-0.201607615,0.146440819,-0.96845697,-0.000458511757,-0.00425553322,0.00967014488
0.9763624,0.10720341,-0.1876803,0.07636097,-0.98342006,-0.16448178,-0.20220155,0.14626238,-0.96836053,-0.00600392,0.00335991,0.0091681
0.97637937,0.10719021,-0.18759949,0.07637548,-0.98343097,-0.16440742,-0.20211407,0.14619601,-0.96838841,,,
0.9763624,0.107195833,-0.187684614,0.0763691293,-0.983432346,-0.164402999,-0.20219846,0.146183595,-0.968372816,0.00651878444,-0.000626087189,-0.0014440848
0.976328427,0.107199455,-0.187859194,0.0763645938,-0.983447419,-0.164315148,-0.202364149,0.146079758,-0.968353913,0.00370869692,-0.0007802248,0.00481493305
0.976289914,0.107163398,-0.188079793,0.0763140562,-0.983466773,-0.164222868,-0.202568919,0.145975997,-0.968326764,0.000350896735,-0.0015860796,0.0083207041
0.97627741,0.10720869,-0.18811886,0.07635374,-0.98346347,-0.16422286,-0.2026142,0.14596349,-0.96831895,0.00400825,0.00124431,0.00370864
0.97626838,0.10717488,-0.18818501,0.07621259,-0.98339732,-0.16468652,-0.20271086,0.14643618,-0.96822779,-0.00300075,0.00207078,-0.00574655
0.976246824,0.107148417,-0.188311862,0.0761520116,-0.983390269,-0.164756188,-0.202837403,0.146502378,-0.968191196,0.00496236375,0.000671029091,-0.00687729567
0.97625481,0.10707101,-0.1883145,0.07605809,-0.98338507,-0.16483039,-0.20283422,0.14659362,-0.96817802,0.00213255,0.00612831,-0.00465382
0.9762423,0.10712394,-0.18834926,0.0760896,-0.98336949,-0.16490916,-0.20288261,0.14665988,-0.96815791,-0.006823,0.0061686,0.01023016
0.97622525,0.10712955,-0.18843437,0.07608322,-0.98337047,-0.1649046,-0.20296698,0.14664734,-0.96814184,-0.0073552,0.00685215,0.00384216
0.97625824,0.10695393,-0.18836322,0.07591813,-0.98338414,-0.16490003,-0.20287011,0.14668483,-0.96815661,,,
0.97627074,0.10690103,-0.18832846,0.07588663,-0.98339972,-0.16482138,-0.20282174,0.14661868,-0.96817673,0.0027315,-0.00286502,0.00538018
0.976312753,0.106804785,-0.188165223,0.0758136299,-0.983404883,-0.164825952,-0.202646754,0.146656193,-0.968207992,-0.00487959385,0.000547409058,0.00826394744
0.97646114,0.1067068,-0.18744946,0.07583304,-0.98341026,-0.16478334,-0.20192323,0.14668966,-0.96835381,-0.00492073,0.00509262,-0.00311333
0.97646908,0.10662181,-0.18745645,0.07574732,-0.98341783,-0.16477882,-0.201917,0.1467021,-0.96835342,,,
0.976353598,0.106521372,-0.188113914,0.0755873231,-0.983462996,-0.164580535,-0.202534452,0.146469769,-0.968259297,0.00882219337,-0.000265598297,-0.00152801874
0.97627637,0.10646448,-0.18854647,0.07546983,-0.9834768,-0.16455322,-0.20295015,0.14641985,-0.96818002,,,
0.97617726,0.10637348,-0.18911015,0.07529996,-0.98349612,-0.16451668,-0.20348927,0.14635746,-0.96807647,0.00159889,0.00695181,0.00476776
0.97612593,0.10638265,-0.18936974,0.07528916,-0.98351201,-0.16442402,-0.20373932,0.14624106,-0.96804103,-0.00404937,0.00644755,0.00361535
0.9761088,0.10638062,-0.18945916,0.07529105,-0.98352583,-0.16434067,-0.20382067,0.1461498,-0.96803773,-0.00565171,0.00172138,0.00365343
0.97604813,0.10631802,-0.18980652,0.07518,-0.98353818,-0.16431758,-0.20415192,0.14611222,-0.96797359,0.00364848,-0.00240314,0.0027331
0.97599988,0.10620242,-0.1901191,0.07503749,-0.98356615,-0.16421567,-0.20443483,0.14600842,-0.96792961,0.00565161,-0.00930995,-0.00135338
0.97596084,0.10617388,-0.19033532,0.07497883,-0.98357276,-0.16420161,-0.20464262,0.14598322,-0.96788928,0.00637226,0.00324702,0.00366452
0.975874736,0.10620179,-0.190760768,0.0749472364,-0.983579012,-0.164178257,-0.205064387,0.145920417,-0.967809432,0.00270870468,-0.000591099262,0.00836578477
0.97587151,0.10632651,-0.19070782,0.07507899,-0.98356756,-0.16418768,-0.20503156,0.14590793,-0.96781844,,,
0.97589341,0.10636062,-0.19057669,0.07513132,-0.98356203,-0.16419702,-0.20490812,0.14592051,-0.96784271,,,
0.97594642,0.10649293,-0.190231,0.07534459,-0.98356737,-0.16406739,-0.20457705,0.1457881,-0.96793272,0.00157657,0.00410283,-0.00263767
0.97598674,0.10667052,-0.18992439,0.07559753,-0.98356959,-0.16393741,-0.20429118,0.14564293,-0.96801491,,,
0.97599597,0.10674226,-0.18983667,0.0756978,-0.98357346,-0.16386784,-0.20420997,0.14556413,-0.96804388,,,
0.97602355,0.10696523,-0.18956918,0.07599039,-0.9835728,-0.16373798,-0.20396935,0.14540669,-0.96811854,0.00386875,0.00486326,-0.00145838
0.97610686,0.10719599,-0.18900903,0.07636433,-0.98358865,-0.16346845,-0.20343029,0.14512913,-0.96827358,,,
0.97615917,0.10732849,-0.18866339,0.0765774,-0.98359359,-0.16333796,-0.20309894,0.14499649,-0.96836283,-0.0028458,0.01182103,-0.00106488
0.97621677,0.1076424,-0.18818587,0.07703878,-0.98361563,-0.16298883,-0.20264707,0.14461482,-0.96851472,-0.00606567,0.00361705,0.00443839
0.97632409,0.10778298,-0.18754756,0.0773329,-0.98363704,-0.16271811,-0.20201703,0.14436201,-0.96868371,0.00448021,-0.00583613,0.00790415
0.97633299,0.1078473,-0.18746425,0.07744123,-0.98365316,-0.16256932,-0.20193252,0.14420433,-0.96872485,0.00694552,-0.0055005,0.00521721
0.976350736,0.10799869,-0.187284615,0.0776333991,-0.983648557,-0.162508338,-0.201772891,0.144125596,-0.968770303,-0.000161156524,0.0030361414,0.0110726617
0.97641107,0.10821848,-0.18684264,0.07793011,-0.98363199,-0.16246475,-0.20136611,0.14407171,-0.96886264,-0.00681414,0.00233245,0.00881589
0.97645364,0.10827935,-0.18658474,0.0780428,-0.98363329,-0.1624034,-0.20111589,0.14401779,-0.96892273,-0.00557974,0.00246191,0.00523652
0.976525481,0.108296968,-0.186198151,0.0781139021,-0.983624029,-0.162425269,-0.200739141,0.14406775,-0.968993427,0.00719710952,-0.000456511974,-0.00397895137
0.9765847,0.108359829,-0.185850662,0.0782247382,-0.983611511,-0.162447111,-0.200407613,0.144105243,-0.96905637,-0.000834604958,0.00622165203,0.00222044252
0.97666058,0.10841711,-0.18541801,0.07834188,-0.98359792,-0.16247303,-0.19999164,0.144155,-0.96913492,,,
0.9767573,0.10849364,-0.18486293,0.07852745,-0.98360337,-0.16234983,-0.19944577,0.14405956,-0.9692615,-0.00519482,0.0049696,-0.0035602
0.97676588,0.10856564,-0.1847753,0.07862755,-0.9836072,-0.16227948,-0.19936429,0.14398063,-0.9692902,,,
0.97679116,0.10863211,-0.1846025,0.07873391,-0.98360944,-0.16221337,-0.19919837,0.14391411,-0.96933404,,,
0.97678727,0.10874194,-0.18455843,0.07888174,-0.98362236,-0.16206423,-0.19915897,0.14374399,-0.96936756,-0.00489347,-0.00390851,0.00605974
0.97678727,0.10874194,-0.18455843,0.07888174,-0.98362236,-0.16206423,-0.19915897,0.14374399,-0.96936756,,,
0.97679581,0.10880651,-0.1844752,0.07898984,-0.98363826,-0.16191497,-0.19907426,0.1435862,-0.96940834,-0.00197973,0.00226009,-0.00710003
0.97680432,0.10886365,-0.18439638,0.07910598,-0.98366647,-0.16168678,-0.19898634,0.14334949,-0.96946142,-0.00308547,0.00285435,-0.00383051
0.97684194,0.1088849,-0.18418442,0.07917252,-0.98367178,-0.16162051,-0.19877508,0.14329535,-0.96951254,,,
0.97680038,0.10897347,-0.18435235,0.07925379,-0.98367892,-0.16153736,-0.19894684,0.14317913,-0.9694945,-0.00106975,-0.00123274,0.00754013
0.97676273,0.10894475,-0.1845687,0.07919531,-0.98368569,-0.16152459,-0.19915488,0.14315422,-0.96945543,0.00497643,-0.00250882,0.01094812
0.97674176,0.10891797,-0.18469546,0.07913501,-0.98367909,-0.16159504,-0.19928167,0.14322074,-0.96941967,,,
0.976725038,0.108923462,-0.184780614,0.0791287543,-0.983680215,-0.161590726,-0.199366086,0.143208246,-0.969404071,0.00634371256,0.00366902351,0.000585111324
0.976708303,0.108928971,-0.184865801,0.0791225138,-0.983681353,-0.161586418,-0.199450527,0.143195747,-0.969388475,-0.00172028015,0.00529837608,-0.000513443432
0.976691567,0.108934486,-0.184950963,0.079116263,-0.983682728,-0.161582236,-0.199534955,0.143183378,-0.969373114,-0.000946909655,-0.00353205204,0.00527080242
0.97664559,0.10899821,-0.18515607,0.07913545,-0.98366955,-0.16165254,-0.19975225,0.14322483,-0.96932215,0.00172404,0.00285411,0.0069037
0.97660347,0.10893721,-0.18541398,0.07902289,-0.98366834,-0.16171423,-0.20000261,0.14327872,-0.96926244,-0.00105284,0.00316298,0.00563619
0.97663273,0.10889394,-0.18528526,0.07898131,-0.98365807,-0.16179746,-0.19987613,0.14338262,-0.96927324,0.00264574,0.00235581,-0.00557952
0.97665767,0.10879593,-0.18521132,0.07890989,-0.98367674,-0.16171854,-0.19978243,0.14332865,-0.96930051,,,
0.9766452,0.1088412,-0.18525049,0.07894964,-0.98367355,-0.16171854,-0.19982769,0.14331617,-0.96929302,,,
0.97662843,0.10883923,-0.18534005,0.07895147,-0.98368725,-0.16163543,-0.19990892,0.14322488,-0.96928995,,,
0.97669118,0.10877746,-0.18504539,0.07893047,-0.98368671,-0.16164825,-0.1996104,0.1432747,-0.96934399,,,
0.97666626,0.10886049,-0.18512812,0.07901802,-0.98369283,-0.16156944,-0.19969772,0.14317096,-0.96934153,,,
0.97667482,0.1089325,-0.18504052,0.07911808,-0.98369616,-0.161499,-0.19961617,0.14309196,-0.96936981,,,
0.976716842,0.108986073,-0.184787018,0.0792386847,-0.983709522,-0.161358177,-0.199362576,0.142958967,-0.969441568,-0.00262511522,0.000494003296,-0.00650118804
0.97670864,0.1090636,-0.18478461,0.07933248,-0.98371425,-0.16128354,-0.19936544,0.1428676,-0.96945449,,,
0.97667123,0.1091844,-0.18491099,0.07946788,-0.98372942,-0.16112568,-0.19949477,0.14267234,-0.96945688,-0.00449381,0.00187576,0.00608751
