0,1,2,3,4,5,6,7,8,9,10,11
-0.10166989,0.72326074,-0.68304983,0.97766937,-0.05429441,-0.2030139,-0.1839178,-0.68843733,-0.70158975,-0.00405452,-0.00684667,0.00130633
-0.10170907,0.72331517,-0.68298632,0.97769555,-0.0541365,-0.2029299,-0.18375681,-0.68839254,-0.70167583,-0.00401031,-0.00484788,-0.00348923
-0.101669818,0.723437868,-0.682862173,0.977717016,-0.0540632029,-0.202845906,-0.183664186,-0.688269334,-0.701820887,-0.00056002452,-0.0078586936,-0.0049466379
-0.10163067,0.72359015,-0.68270669,0.97774647,-0.05395136,-0.20273386,-0.18352921,-0.68811807,-0.70200458,0.00185611,-0.00469804,-0.00974433
-0.101722421,0.723321535,-0.682977712,0.977770965,-0.0538373542,-0.202646306,-0.183348131,-0.68840943,-0.701766339,-0.00231562229,0.000868320465,-0.00527559966
-0.10184654,0.72303022,-0.68326761,0.97776406,-0.05381141,-0.20268651,-0.18331605,-0.68871741,-0.70147246,-0.00590782,0.00366545,-0.00553925
-0.10204882,0.72261131,-0.68368041,0.97774594,-0.05377806,-0.20278258,-0.18330001,-0.68915948,-0.70104227,-0.00769449,0.00446129,-0.00111024
-0.10214,0.72240144,-0.68388852,0.97778619,-0.05358696,-0.20263892,-0.18303418,-0.68939432,-0.70088076,-0.00606577,-0.00380319,-0.00104829
-0.10206823,0.72242869,-0.68387049,0.97780729,-0.05357964,-0.20253915,-0.18296164,-0.68936637,-0.70092725,,,
-0.10214656,0.72247852,-0.68380621,0.97784357,-0.05334094,-0.20242721,-0.18272415,-0.68933272,-0.7010224,,,
-0.10222475,0.72238053,-0.683898,0.97784026,-0.05329495,-0.20245518,-0.18269798,-0.68943892,-0.70092471,0.00467455,0.00448287,-0.00173196
-0.10233569,0.72234862,-0.68391513,0.97782939,-0.05322148,-0.202527,-0.18269406,-0.68947804,-0.70088727,,,
-0.10240753,0.72238046,-0.68387077,0.97782412,-0.05315175,-0.20257085,-0.18268213,-0.68945009,-0.70091791,0.00174613,0.00492632,0.00739309
-0.10246652,0.72276062,-0.68346018,0.97783857,-0.05291874,-0.20256221,-0.18257179,-0.68906952,-0.70132083,-0.00140098,0.00594425,0.00528414
-0.10242075,0.72304259,-0.68316846,0.97786569,-0.05278293,-0.2024658,-0.18245113,-0.6887838,-0.70163242,-0.00381317,0.0024606,0.00559632
-0.10228381,0.72377046,-0.68241801,0.97791617,-0.05253057,-0.20228816,-0.182258,-0.68803841,-0.7024138,0.00742163,-0.01357055,-0.00249941
-0.10227062,0.72405914,-0.68211364,0.97792012,-0.05244465,-0.20229118,-0.18224402,-0.68774112,-0.70270844,0.00985864,-0.01244211,-0.01006521
-0.10230979,0.72393649,-0.68223792,0.97789875,-0.05251782,-0.20237551,-0.18233669,-0.68786463,-0.70256349,0.01177562,-0.00779265,-0.01102275
-0.10248629,0.72314519,-0.68305022,0.97784277,-0.05276643,-0.2025814,-0.18253789,-0.68867753,-0.70171446,0.00932343,-0.00586361,-0.00814229
-0.10289671,0.72197026,-0.68423038,0.97775316,-0.05299369,-0.20295423,-0.18278682,-0.68989174,-0.70045583,,,
-0.103026534,0.721489307,-0.684717926,0.977732435,-0.0530690136,-0.203034216,-0.18282435,-0.690388867,-0.699955965,0.00199239934,-0.000913619995,0.00529011758
-0.103084353,0.721035331,-0.685187219,0.977732849,-0.0531370737,-0.20301426,-0.182789354,-0.690857703,-0.699502298,0.000788479345,0.000124335289,0.00608833088
-0.10289545,0.72119511,-0.68504747,0.97775499,-0.05321766,-0.20288658,-0.18277748,-0.69068473,-0.69967624,0.00287203,0.00425839,-0.00904245
-0.10266736,0.72135945,-0.68490859,0.97776683,-0.05337917,-0.20278685,-0.18284213,-0.69050057,-0.699841,0.00611234,0.01003194,-0.01365586
-0.101820113,0.721379406,-0.685014193,0.977592559,-0.0549739355,-0.203201088,-0.184242995,-0.690354724,-0.699617693,-0.000674980925,0.00109028816,-0.0190733597
-0.101774468,0.721188471,-0.685221927,0.977492471,-0.0554555791,-0.203551201,-0.184798182,-0.690515613,-0.699312326,-0.0147908013,0.000680565834,-0.0190718602
-0.10158872,0.72301639,-0.68332037,0.97715706,-0.05636039,-0.20490805,-0.1866642,-0.68852779,-0.70077493,-0.03642383,-0.00583655,0.00308024
-0.10113944,0.72454237,-0.68176921,0.97715751,-0.05639822,-0.20489633,-0.18690661,-0.68691897,-0.70228795,-0.02684763,-0.00576603,-0.00396127
-0.10054349,0.72781907,-0.67835863,0.97710488,-0.05626047,-0.20518491,-0.18750226,-0.68345752,-0.70549895,-0.01292496,-0.01379925,-0.01353143
-0.10033237,0.73027621,-0.67574396,0.97694784,-0.05631645,-0.20591555,-0.18843079,-0.68082667,-0.70779136,-0.01507804,0.03827345,-0.03667483
-0.10045059,0.73095402,-0.67499317,0.97681936,-0.0564427,-0.20648978,-0.18903302,-0.68008847,-0.70834031,-0.03463863,0.03839231,-0.04540866
-0.10438716,0.73025817,-0.67514917,0.97588344,-0.05565199,-0.21107922,-0.19171569,-0.68090082,-0.70683752,-0.08538378,0.02385843,-0.05079483
-0.10580631,0.72970879,-0.67552185,0.97558156,-0.05531524,-0.2125571,-0.19247157,-0.68151668,-0.70603767,-0.05013379,0.0108335,-0.04432675
-0.10890337,0.72813231,-0.67673002,0.97484202,-0.05496257,-0.21601452,-0.19448192,-0.68322952,-0.70382839,-0.07745897,-0.0295862,-0.01425278
-0.11290647,0.72703258,-0.67725605,0.97381038,-0.0544106,-0.22075516,-0.19734611,-0.68444365,-0.70184857,-0.13062663,-0.02293402,-0.01026246
-0.11533334,0.72659158,-0.67732027,0.97324716,-0.0537509,-0.22338459,-0.19871599,-0.68496378,-0.70095389,-0.12454292,-0.00990087,-0.00612048
-0.12163415,0.72524725,-0.6776587,0.97204385,-0.05110644,-0.22916951,-0.20083737,-0.68658891,-0.69875579,-0.0744262,-0.01155245,0.04356482
-0.12880113,0.72495817,-0.67664303,0.97029147,-0.04878696,-0.23696873,-0.20480382,-0.68706285,-0.69713689,-0.0084753,0.04259002,0.0499187
-0.1314718,0.72604998,-0.67495664,0.96954221,-0.04775531,-0.24022326,-0.2066469,-0.68598159,-0.69765761,0.05070882,0.04221356,0.01705657
-0.135813893,0.729507782,-0.670352896,0.968221845,-0.0456898013,-0.245883962,-0.210002545,-0.682444767,-0.700120066,0.000898648519,0.00251996517,-0.0366489552
-0.1425956,0.73071318,-0.66762638,0.96624936,-0.04343856,-0.25392024,-0.2145435,-0.68130137,-0.69985705,-0.06032871,0.0319674,-0.00745031
-0.14674365,0.73017429,-0.66731664,0.96518503,-0.04197756,-0.25817718,-0.21652679,-0.68197002,-0.69859329,-0.07314898,0.02502978,0.04180602
-0.16028536,0.73554535,-0.65824123,0.9617273,-0.0337678,-0.27191954,-0.22223656,-0.67663333,-0.70198153,-0.00730393,0.02420354,0.03159938
-0.16256291,0.73913608,-0.65364438,0.96114722,-0.03115704,-0.27427194,-0.22308998,-0.672835,-0.70535357,0.01762061,0.00436282,0.00378229
-0.16760281,0.74634716,-0.64410784,0.95990201,-0.02537979,-0.27918404,-0.22471565,-0.66507256,-0.71216635,0.00355347,-0.00385708,-0.03656805
-0.17411264,0.75188071,-0.63589314,0.95837413,-0.01900486,-0.284882,-0.22628238,-0.65902513,-0.71727402,-0.04538192,-0.01724219,0.00264597
-0.17786489,0.7543384,-0.63193166,0.95754108,-0.01539238,-0.28788561,-0.22689011,-0.65630528,-0.71957223,-0.0280511,-0.00704771,0.02806876
-0.18514927,0.75958998,-0.62349218,0.95584766,-0.00813058,-0.29374968,-0.22819878,-0.65035121,-0.72454688,-0.00631947,0.01078939,0.03286555
-0.191021006,0.766994683,-0.612560307,0.954443716,-0.000604058322,-0.298390392,-0.229233867,-0.641653169,-0.731937868,0.00754153728,0.017144084,0.00132478599
-0.19375329,0.77111755,-0.60649595,0.95377743,0.00330449,-0.30049567,-0.22971335,-0.63668419,-0.73611475,-0.02577431,0.01171601,-0.01556267
-0.19997719,0.77858624,-0.59482151,0.95219318,0.01133603,-0.30528622,-0.23094873,-0.62743525,-0.74363146,-0.06114593,0.01785803,0.01373488
-0.20767571,0.78539388,-0.58311829,0.95033144,0.02072121,-0.31054877,-0.23182029,-0.6186492,-0.75068773,-0.07226221,0.0271349,0.01241239
-0.21172161,0.78873993,-0.57711608,0.9493133,0.02559428,-0.31328731,-0.23233144,-0.61419378,-0.75418011,-0.05394951,0.03558922,0.01315157
-0.21950248,0.79558148,-0.56468478,0.94744786,0.03576096,-0.31790534,-0.23272589,-0.60479035,-0.76162161,-0.02951272,0.03192556,-0.00444549
-0.23132715,0.8046701,-0.54680316,0.94443314,0.05082667,-0.32475011,-0.23352455,-0.59154257,-0.77171469,-0.02524953,0.02974749,-0.01672817
-0.24056545,0.80882856,-0.53658588,0.94168667,0.06048521,-0.33100996,-0.23527487,-0.58492541,-0.77621369,-0.0330044,0.02947652,0.00279623
-0.25008611,0.81266915,-0.52633229,0.9386508,0.07016998,-0.33765481,-0.23746895,-0.57848504,-0.78036106,-0.03332222,0.02454281,0.01014332
-0.25473398,0.81475186,-0.52085494,0.93711832,0.07510289,-0.34083531,-0.23857853,-0.57492509,-0.78265013,0.00184142,0.01248384,0.01222209
-0.26383313,0.81887629,-0.50973844,0.93412014,0.08518192,-0.34664579,-0.24043965,-0.56761374,-0.78740257,0.01068426,0.03350568,-0.00673509
-0.27334117,0.82245095,-0.49885762,0.93084435,0.09541144,-0.35273979,-0.24251448,-0.56077715,-0.79165368,-0.02309247,0.03388,0.0050368
-0.27822623,0.82405065,-0.4934881,0.92914172,0.10066132,-0.3557567,-0.24348643,-0.55750129,-0.79366644,-0.02720155,0.03742874,0.02849965
-0.2876255,0.8280065,-0.48132819,0.92590692,0.11189784,-0.36079808,-0.24488357,-0.54943982,-0.79884163,-0.0171595,0.04358625,0.04041854
-0.30070231,0.83617537,-0.45868173,0.92166655,0.13114658,-0.36514572,-0.2451713,-0.53255175,-0.81011096,0.01525549,0.03367567,-0.00802712
-0.3201292,0.84402015,-0.43028754,0.91514366,0.15803959,-0.37085796,-0.2450091,-0.51249735,-0.82299278,-0.02293111,0.03530681,0.03216569
-0.32503977,0.84562378,-0.42340229,0.91349771,0.16490748,-0.37192393,-0.24468553,-0.50766711,-0.82607687,-0.00200119,0.03779387,0.03466334
-0.33451728,0.84881684,-0.40940011,0.91041129,0.17886793,-0.37303852,-0.24341276,-0.49751021,-0.83260688,0.00816894,0.02455795,0.01386834
-0.34464612,0.85141707,-0.3953582,0.90693438,0.19331141,-0.37430039,-0.24225847,-0.4875651,-0.83880345,-0.00864764,0.0389328,0.01338704
-0.34995008,0.85251302,-0.38827404,0.90505675,0.2007613,-0.37492309,-0.24167636,-0.48261433,-0.84182913,-0.02017712,0.03689206,0.01534211
-0.37202782,0.85672238,-0.35724228,0.89694536,0.23273695,-0.37592887,-0.23892321,-0.46028282,-0.85501778,-0.02214216,0.06754518,0.02050272
-0.37736867,0.85798359,-0.34850662,0.8949617,0.24117325,-0.37533841,-0.23798376,-0.45354109,-0.85887366,-0.02789297,0.08941877,0.01575444
-0.38798568,0.86056178,-0.33000104,0.8909418,0.2585109,-0.37335628,-0.23598724,-0.43886857,-0.867009,-0.06284641,0.08743346,0.05206236
-0.39927896,0.86293619,-0.30970474,0.88666686,0.27751198,-0.36987668,-0.23323328,-0.42228902,-0.87594158,-0.06710783,0.05389369,0.01332204
-0.40533267,0.86372771,-0.2994654,0.88430348,0.28740799,-0.3679726,-0.23175944,-0.41396971,-0.88029324,-0.06279957,0.04820263,0.00451046
-0.41835789,0.86421346,-0.27948444,0.87905964,0.30782839,-0.36399961,-0.22854016,-0.39796566,-0.8884776,-0.05509326,0.08243167,0.01165178
-0.43213589,0.86356171,-0.25984561,0.87322872,0.32872945,-0.35973402,-0.22523362,-0.38235862,-0.89614268,-0.0510919,0.09330428,0.01442604
-0.45366004,0.86088822,-0.2303559,0.86349368,0.36070646,-0.35251868,-0.22038835,-0.35883455,-0.90700963,-0.03676067,0.05838645,-0.00826114
-0.46899332,0.85730955,-0.21228638,0.85601374,0.3820514,-0.34824872,-0.21745266,-0.34504641,-0.9130483,-0.00658864,0.04107511,-0.0225018
-0.47685843,0.85497373,-0.2040239,0.85195898,0.39246562,-0.34660719,-0.21626771,-0.3391026,-0.91555307,0.00129131,0.04866803,-0.01350572
-0.49270443,0.84968669,-0.1878153,0.8433421,0.41304048,-0.34376091,-0.21451378,-0.32776513,-0.92008341,0.00195802,0.10276413,0.00695604
-0.50826178,0.84410475,-0.17075418,0.83446743,0.43368607,-0.33997124,-0.21291765,-0.31528322,-0.92480397,-0.01159768,0.08355439,-0.00912484
-0.51593735,0.84117663,-0.1619572,0.82998568,0.44409285,-0.3374984,-0.21197178,-0.30855027,-0.92728863,-0.00622497,0.05637109,-0.01703758
-0.53160774,0.83455074,-0.14463138,0.82069492,0.46531928,-0.33156871,-0.20941115,-0.29496274,-0.93227888,0.00863092,0.05307782,-0.00931869
-0.54770147,0.82693613,-0.12727741,0.81087988,0.48715713,-0.32427101,-0.20614734,-0.28081043,-0.93736254,0.01246811,0.07746434,-0.01046482
-0.55575208,0.8228973,-0.11823676,0.80582531,0.49824369,-0.31999826,-0.20441496,-0.27311782,-0.94001145,0.00639048,0.08088577,0.00632431
-0.57146777,0.8144651,-0.10035449,0.79565121,0.51997893,-0.31074267,-0.20090686,-0.25742662,-0.94518134,0.03188523,0.01606405,-0.03016039
-0.5955102,0.79977978,-0.07562781,0.77907593,0.5519874,-0.29723813,-0.19597947,-0.2359282,-0.9518033,-0.00458497,0.11325264,0.01609328
-0.61124921,0.78947535,-0.05570815,0.76800853,0.57468204,-0.28267215,-0.1911482,-0.21556741,-0.95759776,0.01906975,0.04405665,-0.01591912
-0.62601724,0.77896939,-0.03618098,0.75704013,0.59595425,-0.26782226,-0.18706313,-0.19505181,-0.96278872,0.05886422,0.01639187,-0.0232865
-0.63347116,0.7732679,-0.02775725,0.75121715,0.60601822,-0.26156179,-0.18543598,-0.18654365,-0.96478716,0.05995003,-0.00385654,-0.05537739
-0.64886409,0.76080366,-0.01236265,0.73861994,0.625875,-0.25044159,-0.18279943,-0.1716339,-0.96805256,0.01690321,0.09332383,-0.0052214
-0.66437533,0.74738663,0.00425735,0.72560228,0.64635554,-0.23606298,-0.1791821,-0.15374534,-0.97172812,0.02966028,0.09004927,0.00720013
-0.6867501,0.7263114,0.02908409,0.70600972,0.67600759,-0.21110184,-0.17298675,-0.12444058,-0.97703119,0.05556954,0.03921962,-0.01914376
-0.701764275,0.711093501,0.0432721663,0.692124854,0.694915789,-0.195077296,-0.168788725,-0.106948576,-0.979832556,0.00266329246,0.0899709463,0.000726119033
-0.70927687,0.70315118,0.05004717,0.68498966,0.70424117,-0.18663746,-0.16647963,-0.09809584,-0.98115325,-0.0276291,0.12196231,0.02935999
-0.72476435,0.68604778,0.06367813,0.66983005,0.72323475,-0.16810463,-0.16138205,-0.07918273,-0.98371019,0.03408718,0.10248387,-0.00434911
-0.74060701,0.66765044,0.07579246,0.65348056,0.74192223,-0.15004868,-0.15641217,-0.06159818,-0.98576939,0.06197124,0.07058299,-0.01150815
-0.74862921,0.65801462,0.08106142,0.64487364,0.75109681,-0.14139147,-0.15392263,-0.05357542,-0.9866293,0.04614582,0.09263992,0.00728052
-0.76482251,0.63776597,0.09110996,0.62678114,0.76931752,-0.12367677,-0.14896933,-0.03748478,-0.98813104,0.00277562,0.13702619,0.03693859
-0.78868686,0.60561919,0.10582073,0.59848318,0.79568896,-0.09325722,-0.14067875,-0.01021883,-0.99000233,0.03809486,0.15589702,0.01573568
-0.80509444,0.58214196,0.11372518,0.57768646,0.81305249,-0.07227709,-0.13454007,0.00750761,-0.99087956,0.07929844,0.11967492,-0.00169914
-0.82177273,0.5571779,0.11934088,0.55526194,0.83005654,-0.05186822,-0.1279595,0.02364156,-0.99149751,0.03996131,0.14159405,0.02149373
-0.83023383,0.54401686,0.12148048,0.54337137,0.83847505,-0.04131767,-0.12433586,0.03170569,-0.99173354,0.04531179,0.16283596,0.01969002
-0.847542747,0.515989103,0.124204479,0.517847922,0.855253817,-0.0193508242,-0.116211169,0.0479183788,-0.992068055,0.0792266056,0.154329062,0.000135590322
-0.86514316,0.4858718,0.12432099,0.48998752,0.87172455,0.00292002,-0.1069549,0.06344197,-0.99223765,0.11543766,0.07534373,-0.01358022
-0.89111464,0.43774313,0.11956443,0.44431622,0.89522716,0.03393279,-0.09218348,0.08336242,-0.9922464,0.11645158,0.11685634,0.01178037
-0.90724707,0.40477425,0.11428227,0.41261864,0.90922581,0.05526562,-0.08153829,0.09729457,-0.99190985,0.13238941,0.07430935,0.0058171
-0.91489781,0.38813847,0.1109515,0.3964776,0.91566242,0.06608958,-0.07594221,0.10445501,-0.99162575,0.13224752,0.03971004,-0.02735312
-0.92947205,0.35434316,0.10257816,0.36330753,0.92750027,0.08803906,-0.06394523,0.11909728,-0.99082112,0.13706869,0.00676501,0.00328858
-0.94294581,0.31980653,0.09261082,0.3288342,0.93812767,0.10855661,-0.05216366,0.13281662,-0.98976688,0.11621679,0.03126454,0.02698646
-0.96019654,0.26840206,0.0773487,0.27706517,0.95033677,0.1417565,-0.03545958,0.15754474,-0.98687494,0.15643592,0.05865777,-0.03185543
-0.97005838,0.23411202,0.06463823,0.24181191,0.95582566,0.16710567,-0.02266143,0.17773256,-0.98381777,0.14380248,-0.01784122,0.00327558
-0.974485096,0.217045428,0.0571812985,0.223898786,0.957877071,0.179835598,-0.0157401565,0.188049968,-0.982033134,0.141178086,-0.0165303946,0.000788368285
-0.98225916,0.18309872,0.04051497,0.18751639,0.9613667,0.20152336,-0.00205107,0.20554542,-0.97864525,0.11775965,0.03222358,0.06814758
-0.99109026,0.13241182,0.01439511,0.13230609,0.96628652,0.2208743,0.01533656,0.22081093,-0.97519605,0.19055358,0.00901139,-0.03132598
-0.99524254,0.09732253,-0.00454817,0.09362371,0.96824976,0.23179086,0.02696224,0.2302623,-0.97275505,0.19529054,0.11709714,-0.01973304
-0.99830209,0.04286556,-0.0394348,0.03131039,0.96584106,0.25723664,0.04911434,0.25556521,-0.96554329,0.19774203,0.02840149,-0.04652856
-0.99777103,0.00589349,-0.06646882,-0.01264249,0.96135623,0.27501702,0.06552102,0.27524436,-0.95913888,0.16393407,-0.06403488,-0.03153615
-0.99502313,-0.03142868,-0.09455742,-0.05751511,0.95606579,0.28745472,0.08136879,0.29146259,-0.95311519,0.14327139,-0.06506813,-0.03043474
-0.99282436,-0.05021876,-0.10852563,-0.08012035,0.95307415,0.29194244,0.08877199,0.29854269,-0.95025877,0.15471672,-0.04079211,-0.03677009
-0.97790516,-0.12317852,-0.16890351,-0.17102368,0.93603853,0.30754312,0.12021749,0.32963453,-0.93642334,0.12333053,-0.11148322,-0.02151133
-0.97287135,-0.140687,-0.18365291,-0.19307359,0.93108555,0.30951943,0.12745121,0.33658113,-0.9329894,0.10508838,-0.13465095,-0.01871965
-0.96150776,-0.17613583,-0.21090063,-0.2365599,0.92109619,0.30922681,0.13979385,0.3472146,-0.92730781,0.09641261,-0.09598291,-0.05502088
-0.94853405,-0.21016274,-0.23688489,-0.27843437,0.90982797,0.3077131,0.15085466,0.35783331,-0.92151933,0.11957695,-0.00373924,-0.02516165
-0.94157349,-0.22537948,-0.25028642,-0.29825067,0.9031869,0.30870692,0.15647921,0.36531837,-0.91763642,0.08622869,-0.03059679,-0.04706818
-0.92706532,-0.25227966,-0.27731739,-0.33558116,0.8881967,0.31383422,0.1671384,0.3840073,-0.90807666,0.09589574,-0.10409194,-0.06765931
-0.91158927,-0.27523184,-0.30537205,-0.37067579,0.87151231,0.32103853,0.17777547,0.40584937,-0.89648303,0.10568505,-0.13099802,-0.04704204
-0.90340859,-0.28560841,-0.31981345,-0.38764155,0.86281517,0.32447496,0.18326712,0.41710647,-0.89018832,0.09690729,-0.15956652,-0.03827113
-0.886106,-0.30513339,-0.34886922,-0.42071126,0.8453572,0.3292009,0.19446892,0.43848011,-0.87744914,0.05478868,-0.14722502,0.00532079
-0.86793342,-0.32381407,-0.37661093,-0.45246937,0.82821797,0.3306455,0.20484826,0.45738324,-0.86535399,0.04003315,-0.14679563,0.03215008
-0.85881127,-0.33270564,-0.38955109,-0.46740635,0.8201466,0.32998614,0.20970075,0.46547449,-0.85985987,0.05175655,-0.16460282,0.00500947
-0.84050246,-0.34955078,-0.41396835,-0.49549174,0.80499798,0.32629154,0.21918822,0.47936676,-0.84980231,0.02176573,-0.17513716,-0.04048622
-0.82145408,-0.36499341,-0.43816968,-0.52224723,0.7901048,0.32092398,0.22906481,0.49245729,-0.8396516,0.05309639,-0.10715109,-0.00771507
-0.81179372,-0.37196496,-0.45014778,-0.53495701,0.78278725,0.3179074,0.23411953,0.49888494,-0.83444704,0.05465492,-0.09790945,0.01260425
-0.79227031,-0.38424087,-0.47399051,-0.55910485,0.76825232,0.3117534,0.24435593,0.51200329,-0.82349445,0.01472467,-0.16960466,-0.02082217
-0.77334558,-0.39574758,-0.49529818,-0.58108773,0.75487254,0.30414547,0.25352215,0.52302129,-0.81374139,-0.02104758,-0.16691005,-0.01721687
-0.76372683,-0.40173217,-0.50530418,-0.5918282,0.74833759,0.29955,0.25779922,0.5278277,-0.8092819,-0.0309834,-0.14446718,-0.00795323
-0.74454532,-0.4125455,-0.52484152,-0.61224902,0.73535429,0.29052579,0.26608937,0.53764329,-0.80008518,0.03560615,-0.0668292,-0.06541108
-0.72525175,-0.42004071,-0.54550437,-0.6311406,0.72219456,0.28301316,0.27508318,0.54954591,-0.78887758,0.00549913,-0.09383941,-0.06912087
-0.71530325,-0.42333775,-0.5559912,-0.64036474,0.71561553,0.27897559,0.27977502,0.55558936,-0.78297267,-0.02694044,-0.13229525,-0.00930312
-0.69500965,-0.43212966,-0.5746525,-0.65865823,0.70315465,0.26784859,0.28832426,0.56465696,-0.77332502,-0.04417643,-0.18809056,0.03281976
-0.67437293,-0.44347085,-0.59038514,-0.67656377,0.69138418,0.25347456,0.29577436,0.57036962,-0.76628707,0.02477495,-0.09617591,0.0022289
-0.66379118,-0.44902246,-0.59813074,-0.6852585,0.68555749,0.24582876,0.2996704,0.57305306,-0.76276349,0.0415416,-0.05119711,-0.00993423
-0.64347535,-0.45964376,-0.61210052,-0.70101543,0.67501957,0.23005638,0.30743585,0.57712753,-0.75657582,-0.04005974,-0.07553965,0.02955702
-0.62506261,-0.47351591,-0.62054747,-0.71485299,0.66654125,0.21144247,0.31349909,0.57576506,-0.75512425,-0.08838148,-0.09559047,-0.019521
-0.61614956,-0.48182508,-0.62306043,-0.72162796,0.66232772,0.20143255,0.31561494,0.57373041,-0.75579138,-0.00370129,-0.06929094,-0.05114725
-0.59713093,-0.4960706,-0.63035595,-0.73523429,0.65268789,0.18283616,0.32072605,0.57263644,-0.75446824,0.1022078,-0.02188259,-0.10421999
-0.57633803,-0.50294653,-0.64411136,-0.74811102,0.64191129,0.16816612,0.3288838,0.57878729,-0.74621774,0.04174706,-0.06984699,-0.07188046
-0.56559079,-0.50481005,-0.6521298,-0.75443849,0.63608095,0.16193655,0.33306009,0.58358178,-0.74060962,-0.04212133,-0.10785371,-0.05616397
-0.54344798,-0.51016006,-0.66663415,-0.76747748,0.62366864,0.14837707,0.34006276,0.5922619,-0.73046783,-0.08779299,-0.13539255,0.00971969
-0.52034442,-0.51845578,-0.67856106,-0.78083706,0.61057329,0.13226374,0.34573834,0.59866836,-0.72253788,-0.0343711,-0.10218561,0.01917233
-0.5085732,-0.52293935,-0.68402292,-0.78732425,0.60402285,0.12359945,0.34853042,0.60140729,-0.71891265,-0.00502407,-0.09134197,0.01600413
-0.48546139,-0.53028964,-0.69506838,-0.79903389,0.59176084,0.10660174,0.35478444,0.60713424,-0.71099642,-0.02314808,-0.07682401,-0.01804125
-0.45224707,-0.53794088,-0.71140152,-0.81429532,0.57444554,0.08327923,0.36386212,0.61695374,-0.69783405,-0.15621835,-0.06530589,0.06709875
-0.4322023,-0.54383203,-0.71933841,-0.82296254,0.56400305,0.06806734,0.36869184,0.62140746,-0.6913168,-0.09809948,-0.06951129,0.03609141
-0.41449298,-0.54825042,-0.72637247,-0.82985743,0.5553169,0.05440376,0.37354001,0.62533558,-0.68514463,-0.07398164,-0.0170064,-0.04874367
-0.40643546,-0.54886083,-0.73045305,-0.83276568,0.55145248,0.04900384,0.37591382,0.62821321,-0.68120228,-0.11119135,-0.00703764,-0.05492696
-0.39047039,-0.54741208,-0.74018431,-0.83808176,0.54409664,0.03972129,0.38098787,0.63584498,-0.6712297,-0.19277681,-0.04366708,0.02648113
-0.37637115,-0.54706513,-0.74770604,-0.84247498,0.53786916,0.03053862,0.38546138,0.64141753,-0.66332711,-0.17026249,-0.09603888,0.03449257
-0.36974165,-0.5480052,-0.75032058,-0.84459974,0.53478504,0.02561431,0.38722339,0.64319135,-0.66057732,-0.16868863,-0.08414102,0.01159225
-0.35765024,-0.55055603,-0.75430402,-0.84848029,0.52897876,0.01620916,0.39008678,0.64580925,-0.65632534,-0.14662723,-0.01930815,0.01594918
-0.34769882,-0.5521593,-0.75777651,-0.85160129,0.52411525,0.0088494,0.39227589,0.64840047,-0.6524538,-0.14607431,-0.01261044,-0.02990017
-0.34311928,-0.55268903,-0.75947609,-0.8530573,0.5217863,0.00568139,0.39314417,0.64982603,-0.65051035,-0.12781332,-0.02713907,-0.05036856
-0.33436226,-0.552005079,-0.763866633,-0.85558584,0.517660774,0.000424497687,0.395189462,0.65369542,-0.645373953,-0.103944734,-0.0438958406,-0.0118406806
-0.3263621,-0.54989279,-0.76883382,-0.85730381,0.51479294,-0.00427831,0.3981428,0.65772795,-0.63943407,-0.12290327,-0.0296703,0.01936003
-0.32283949,-0.54913639,-0.77085903,-0.85799554,0.51361527,-0.00655094,0.39952229,0.65927877,-0.63697185,-0.13972847,-0.01080513,0.0543613
-0.31727219,-0.54858247,-0.7735604,-0.85911763,0.51167055,-0.01049613,0.40156607,0.66124923,-0.63363571,-0.14266038,-0.01950234,0.05085156
-0.31399433,-0.54931138,-0.77438014,-0.8599232,0.51025094,-0.01326953,0.4024173,0.66174088,-0.6325815,-0.10459428,0.02589047,0.0199695
-0.31308159,-0.55090543,-0.77361671,-0.85978799,0.51041515,-0.01551999,0.4034157,0.66028741,-0.63346344,-0.09994183,-0.02308464,-0.03020227
-0.313513925,-0.550244833,-0.773912062,-0.859011958,0.51171069,-0.0158339444,0.404731655,0.659835496,-0.633095334,-0.10274896,-0.0356531739,0.000540805981
-0.31445464,-0.5494774,-0.77407549,-0.85802692,0.51336009,-0.01585015,0.40608876,0.65919345,-0.63289486,-0.08600813,-0.01048994,0.01786067
-0.31668486,-0.54928718,-0.77330085,-0.85717702,0.51481359,-0.01464562,0.40615042,0.65821769,-0.63387001,-0.08433431,0.0047307,-0.03357737
-0.31845186,-0.54845792,-0.77316383,-0.85656412,0.51587325,-0.01314124,0.40606196,0.65807955,-0.63407017,-0.0421458,0.00667918,-0.03619916
-0.32187568,-0.54552438,-0.77382118,-0.85526348,0.5181063,-0.00949976,0.40610398,0.65876325,-0.6333329,-0.04149391,0.02083409,-0.02620716
-0.32629232,-0.54293342,-0.77379359,-0.85378427,0.52060038,-0.00525728,0.40569158,0.65893741,-0.63341591,-0.04110915,0.02522695,0.00254372
-0.329014,-0.54197664,-0.77331177,-0.85298758,0.52192326,-0.00287769,0.40516904,0.65867854,-0.6340194,-0.03701532,0.02463603,0.00518714
-0.33514725,-0.54068013,-0.77158351,-0.85125107,0.52475462,0.002035,0.40379169,0.65749336,-0.63612459,-0.01291963,0.00516284,-0.02446595
-0.34150214,-0.53966378,-0.76950583,-0.8494455,0.52763063,0.00694516,0.40226679,0.65602507,-0.63860196,0.00226764,0.02016473,-0.00140342
-0.344905504,-0.53916437,-0.768336933,-0.848472026,0.529153847,0.00955562971,0.401416343,0.655208266,-0.639973938,-0.00049726828,0.0158729553,-0.0213933438
-0.35165012,-0.53834942,-0.76584718,-0.84666468,0.53191953,0.01484795,0.39937566,0.65363709,-0.642851,-0.00376936,0.02026677,-0.05379318
-0.35781339,-0.53720597,-0.76379269,-0.84516027,0.53412895,0.02025737,0.3970814,0.65277561,-0.64514363,-0.00972532,0.03173411,-0.05820682
-0.36620393,-0.53606003,-0.76061427,-0.84365927,0.53613057,0.02833669,0.39259836,0.65207635,-0.64858512,0.0302669,0.01311302,-0.00453389
-0.371841785,-0.535028642,-0.758602519,-0.842493302,0.537647252,0.0337695463,0.389792851,0.651674533,-0.650677744,0.0497422218,0.000662684441,-0.0443994775
-0.37910437,-0.53159622,-0.75742002,-0.84116347,0.53909602,0.04265462,0.38564705,0.65328467,-0.65153296,-0.01353881,-0.00264657,0.00654474
-0.38363835,-0.53065278,-0.75579691,-0.84054343,0.53963356,0.04777313,0.38250239,0.6536078,-0.65306082,0.01860069,-0.00171816,0.00902231
-0.38587823,-0.5309113,-0.75447404,-0.84022281,0.53995147,0.04977958,0.38095081,0.65313518,-0.6544393,0.0483843,-0.00527346,-0.02366845
-0.38952935,-0.53064739,-0.7527818,-0.83948327,0.54077585,0.05319202,0.37886004,0.65266753,-0.65611769,0.05831847,-0.00999367,-0.02508019
-0.39230415,-0.52899779,-0.7525015,-0.83889251,0.54132538,0.05679885,0.37730165,0.65355037,-0.65613645,-0.01184855,-0.0136764,0.04726045
-0.3934517,-0.52888918,-0.75197862,-0.83880402,0.54131853,0.05815515,0.37630231,0.65364397,-0.65661705,-0.01904155,-0.01677251,0.08868144
-0.40078207,-0.5323419,-0.74564436,-0.83755882,0.5427365,0.06270729,0.37130665,0.64965305,-0.66338669,0.02845142,0.00871456,-0.02444474
-0.40242793,-0.53259151,-0.74457907,-0.83716931,0.54319497,0.0639278,0.3704042,0.64906509,-0.66446609,0.04062593,0.01652193,0.03827346
-0.40570324,-0.53381781,-0.74191876,-0.83606574,0.54473616,0.06524259,0.36932233,0.64676199,-0.66730802,0.01942022,-0.02877581,0.05333309
-0.40952261,-0.53745329,-0.73718033,-0.83448394,0.54723124,0.06460967,0.36868338,0.64162435,-0.67259968,0.02482387,-0.02618945,0.06325172
-0.41146834,-0.53992722,-0.73428329,-0.83364973,0.54860091,0.06375758,0.36840397,0.6383694,-0.67584206,0.01247077,-0.0123781,0.05534922
-0.4186264,-0.54846204,-0.72383778,-0.83064287,0.55344962,0.06103995,0.36712962,0.62680367,-0.68726469,0.05415239,0.01812696,-0.06227665
-0.41996356,-0.54818544,-0.72327248,-0.82996023,0.55439747,0.06172024,0.36714627,0.6262077,-0.68779883,0.04839623,0.02496219,-0.06612785
-0.4217249,-0.54464614,-0.72491987,-0.82870669,0.55596631,0.06439509,0.3679585,0.62790292,-0.68581674,0.00636761,0.0209738,-0.00691851
-0.42497711,-0.53863563,-0.72750681,-0.82676745,0.55821323,0.06966764,0.36857846,0.63108609,-0.68255426,0.0313739,0.02199924,0.03569324
-0.42870399,-0.53596996,-0.72728868,-0.82493208,0.56046827,0.07322766,0.36837437,0.63135682,-0.68241378,0.02274869,0.00444436,-0.0084362
-0.43279493,-0.53279601,-0.72719798,-0.82280208,0.56306684,0.07715207,0.36835474,0.63173105,-0.68207813,0.002147,-0.01754004,0.00342662
-0.43446142,-0.53156789,-0.72710304,-0.82184473,0.5642709,0.07854671,0.36853017,0.63169132,-0.6820202,0.01584182,-0.0121718,0.0244261
-0.43723324,-0.53063532,-0.72612181,-0.82007164,0.56668608,0.07968237,0.3692008,0.63031178,-0.68293295,0.04760668,-0.02026993,-0.01488806
-0.43909154,-0.53010324,-0.72538907,-0.81860169,0.56878309,0.0798568,0.37025671,0.62886914,-0.68369127,0.08643568,0.01063001,-0.04394764
-0.43958978,-0.52926519,-0.72569902,-0.81803809,0.56955378,0.08013826,0.37091021,0.62887743,-0.6833291,0.06263114,0.01316917,-0.04648866
-0.43985046,-0.52712213,-0.72709943,-0.81727441,0.57056081,0.08076394,0.37228195,0.62976388,-0.68176485,0.03050927,0.03025019,0.01133679
-0.44063319,-0.52533177,-0.72792087,-0.81639622,0.57169761,0.08160284,0.37328204,0.6302288,-0.6807878,-0.00083207,0.02775395,0.00822793
-0.44132605,-0.52491906,-0.72779894,-0.81589526,0.57236526,0.08193251,0.37355889,0.62996665,-0.68087867,0.00255401,0.03738308,-0.00366077
-0.44307556,-0.52414355,-0.72729451,-0.81480062,0.57378772,0.08287048,0.3738766,0.62931797,-0.68130379,0.02358089,0.03433847,-0.02520474
-0.44456399,-0.52261638,-0.72748534,-0.8137913,0.57502292,0.08421605,0.37430805,0.62946068,-0.68093514,0.0121056,0.02155006,-0.00903946
-0.44527767,-0.52178133,-0.72764809,-0.81331564,0.57558604,0.08496055,0.37449321,0.62963868,-0.6806685,0.00492428,0.01495886,-0.00990887
-0.44650827,-0.52086094,-0.72755348,-0.812561,0.57650347,0.08595538,0.37466628,0.62956141,-0.68064484,0.0121914,0.00800633,0.0008608
-0.44804401,-0.519909271,-0.727289796,-0.811741355,0.577460048,0.0872681482,0.374609224,0.629471291,-0.680759341,0.0240376741,3.15904617e-05,-0.00839297473
-0.44898575,-0.51921616,-0.72720436,-0.81123834,0.57803099,0.08816161,0.3745717,0.62951942,-0.68073572,0.03332255,0.01333678,-0.01436418
-0.45064093,-0.51742985,-0.72745383,-0.81033849,0.57898402,0.09016117,0.37453206,0.63011416,-0.68020722,0.02147681,0.00669086,-0.01048671
-0.45187595,-0.51549576,-0.72806058,-0.80951917,0.57986097,0.09186926,0.3748157,0.63089251,-0.67932893,0.02260443,-0.00715923,-0.00666539
-0.45247194,-0.5145108,-0.72838713,-0.80904091,0.58041409,0.09258672,0.37512929,0.63118787,-0.67888138,0.03009909,-0.01206118,0.00216713
-0.45325077,-0.51293829,-0.7290117,-0.8083232,0.58125299,0.09358724,0.37573575,0.63169556,-0.67807329,0.01542402,-0.01132953,0.00768284
-0.45402868,-0.51198526,-0.72919731,-0.80776852,0.5818938,0.09439034,0.37598889,0.63187864,-0.67776202,0.00853116,-0.00354016,0.01462096
-0.45469786,-0.51147533,-0.72913857,-0.80739733,0.58230554,0.0950256,0.37597821,0.63191242,-0.67773691,0.02153059,-0.00106287,0.00669061
-0.45594024,-0.51059487,-0.72897977,-0.80636771,0.58364606,0.09554277,0.37668254,0.63138751,-0.67783495,0.00990399,0.01464772,-0.00779451
-0.45709503,-0.51012759,-0.72858356,-0.80534604,0.58504079,0.09562968,0.37746776,0.63047373,-0.67824847,0.0126466,-0.00493312,-0.00507183
-0.45764537,-0.50987563,-0.72841431,-0.8048138,0.58577522,0.09561435,0.37793561,0.62999539,-0.67843225,0.00875762,0.00898504,-0.00593822
-0.458175448,-0.509378443,-0.72842901,-0.804063054,0.586843715,0.0953784486,0.378890256,0.629402927,-0.678449766,0.000365959131,0.0198688507,0.00484165177
-0.4596056,-0.50867664,-0.72801817,-0.80277609,0.58857411,0.09555616,0.37988543,0.6283538,-0.67886538,0.00701378,0.02086031,-0.01970607
-0.4609803,-0.50748651,-0.72797953,-0.80168004,0.58992867,0.09640112,0.38053368,0.62804577,-0.67878728,0.00442936,0.02582085,-0.01947952
-0.46218339,-0.50588763,-0.72832962,-0.80071029,0.59105102,0.09757901,0.38111593,0.62828047,-0.67824338,0.00091112,0.00891626,-0.02512782
-0.46263883,-0.50494604,-0.72869389,-0.8002686,0.59155169,0.09816696,0.38149108,0.62856669,-0.67776724,0.00796128,0.01272404,-0.02445522
-0.46327422,-0.50330947,-0.72942193,-0.79959034,0.59230566,0.09914241,0.3821414,0.62916891,-0.67684132,0.00925334,0.01806533,-0.01118002
-0.463813341,-0.502618318,-0.729555891,-0.799328182,0.592521981,0.0999604954,0.3820359,0.629517648,-0.676576571,-0.000150536071,0.0169428587,0.00617806707
-0.464239434,-0.502612599,-0.729288771,-0.799222934,0.592598243,0.100349212,0.381738441,0.629450426,-0.676806975,-0.0036981178,0.0166059732,0.000453307119
-0.4652068,-0.50273265,-0.72858935,-0.79896704,0.59281654,0.10109495,0.38109608,0.62914895,-0.6774491,0.01294211,0.01595187,-0.01780941
-0.4661025,-0.50216553,-0.72840809,-0.79861383,0.5931146,0.10213251,0.38074206,0.62932097,-0.67748854,0.0107968,0.01361763,-0.01633859
-0.46644164,-0.5016079,-0.7285751,-0.79848436,0.59317133,0.10281292,0.38059809,0.62971206,-0.67720587,0.01634463,0.00420368,-0.00795325
-0.46697408,-0.50078207,-0.72880199,-0.79833804,0.59317132,0.10394277,0.38025174,0.63036898,-0.676789,0.02148342,0.00346601,0.01408693
-0.46769802,-0.50067031,-0.72841459,-0.79824914,0.59313079,0.10485314,0.37954827,0.63049592,-0.67706573,0.00615523,0.01037216,0.01296667
-0.46809226,-0.50096596,-0.72795784,-0.79827252,0.59304,0.10518795,0.37901252,0.63034644,-0.67750479,0.00830871,0.01089621,0.00961149
-0.46902034,-0.50161214,-0.72691484,-0.79807395,0.59324035,0.10556444,0.37828281,0.62964366,-0.67856538,0.01821529,0.00181878,-0.00921558
-0.4699381,-0.50108844,-0.72668325,-0.79745438,0.59397253,0.10612799,0.37845038,0.62937032,-0.6787255,0.01700368,0.00715923,-0.01222619
-0.47029653,-0.50047009,-0.72687756,-0.79716288,0.59427959,0.10659804,0.37861938,0.62957247,-0.67844382,0.01651787,0.00861764,-0.00608163
-0.47017806,-0.49937263,-0.72770818,-0.79717218,0.59413148,0.10735077,0.37874626,0.63058279,-0.67743353,-0.0087382,0.01125085,0.01674026
-0.47093259,-0.499627971,-0.727045052,-0.797140804,0.594035547,0.108112633,0.377874524,0.630471009,-0.67802455,0.0021994859,0.00869882107,-0.000709781423
-0.4719232,-0.4995071,-0.72648532,-0.79671556,0.5944803,0.10879991,0.37753485,0.63014742,-0.67851411,0.00630533,0.0064193,-0.00873559
-0.47255059,-0.49855008,-0.72673485,-0.79626099,0.59493782,0.10962375,0.37770909,0.63047343,-0.67811419,,,
-0.47265761,-0.49793935,-0.72708394,-0.7961104,0.59506999,0.10999958,0.3778927,0.63083126,-0.67767905,0.00299115,-0.00574267,-0.00403375
-0.47260594,-0.49692108,-0.72781366,-0.79599361,0.5951236,0.11055303,0.37820291,0.63158313,-0.67680493,0.0018694,0.00312102,0.01369067
-0.47286086,-0.49662895,-0.7278476,-0.79595107,0.59508544,0.11106381,0.37797398,0.63184885,-0.67668494,,,
-0.47311088,-0.49659109,-0.7277111,-0.79582431,0.59522782,0.11120935,0.37792833,0.63174453,-0.67680802,0.00784941,0.00684226,-0.00148453
-0.47369243,-0.49633931,-0.72750458,-0.79543344,0.59569375,0.11151066,0.37802282,0.63150319,-0.67698051,,,
-0.47396597,-0.49610444,-0.72748628,-0.79516872,0.59602954,0.11160371,0.37823617,0.63137079,-0.67698443,0.00237545,0.00725114,0.00097275
-0.47403361,-0.49612421,-0.72742913,-0.79507389,0.59617377,0.1115097,0.37835153,0.63121919,-0.67706182,0.00301825,0.00949633,0.00574403
-0.4745471,-0.49603119,-0.72715752,-0.79468424,0.59667777,0.11159115,0.37852603,0.63081589,-0.67733987,0.01102315,0.00281453,-0.00937036
