0,1,2,3,4,5,6,7,8,9,10,11
0.95817291,-0.00330467,0.28617082,0.04576618,-0.98529541,-0.16461491,0.28250685,0.17082649,-0.94393213,0.00477313,-0.00617355,-0.00244193
0.95816509,-0.00347445,0.286195,0.04551099,-0.98535463,-0.16433063,0.28257459,0.1704809,-0.94397427,0.00789192,0.00234914,-0.00144027
0.95816876,-0.00361026,0.28618106,0.0453069,-0.98539858,-0.16412409,0.28259497,0.17022455,-0.94401456,0.00650062,0.00231433,-0.0055591
0.95819547,-0.00366665,0.28609089,0.04519363,-0.9854254,-0.16399523,0.28252253,0.17006898,-0.94406445,0.00398025,-0.00171399,-0.00600662
0.958245253,-0.00357443106,0.285925247,0.0451029116,-0.98551524,-0.163477347,0.282368112,0.169547454,-0.94420407,-0.00168841821,-0.00775003387,0.000382502039
0.95829499,-0.0034823,0.28575968,0.04501228,-0.9856056,-0.16295938,0.28221378,0.16902586,-0.94434417,-0.00422476,-0.0093779,-0.0030231
0.95831984,-0.00345353,0.28567664,0.04498403,-0.98563011,-0.16281689,0.28213385,0.16888155,-0.94439353,,,
0.9584077,-0.00344164,0.28538192,0.04488831,-0.98566446,-0.16263682,0.28185054,0.16868269,-0.94451392,,,
0.95852026,-0.00345854,0.28500343,0.04482125,-0.98565648,-0.16270335,0.2814782,0.16872866,-0.94461668,,,
0.95855654,-0.00339588,0.28488211,0.04484415,-0.98566583,-0.16263867,0.28135094,0.16867365,-0.94466413,,,
0.958592804,-0.00331023904,0.284761078,0.0448444289,-0.985702242,-0.162418453,0.281227321,0.168463109,-0.944738624,-0.000102157472,-0.00681990338,0.00212252513
0.958629042,-0.00324757546,0.284639805,0.0448673999,-0.985712113,-0.162353854,0.281100128,0.168408167,-0.944786552,-0.00331860897,-0.00467938138,-0.00091359613
0.95865197,-0.00314519,0.28456371,0.04493559,-0.98572168,-0.16227602,0.28101101,0.16835327,-0.9448227,-0.00483943,-0.00475806,0.00153754
0.95869964,-0.00302562,0.28440437,0.04498699,-0.98574271,-0.16213354,0.28084012,0.16823186,-0.94489506,,,
0.958722538,-0.0029461524,0.284328014,0.0450778465,-0.985725963,-0.162211412,0.280747372,0.168332631,-0.944904896,0.000841915375,0.00638937904,-0.00041031788
0.958709241,-0.00291784906,0.28437312,0.0451343973,-0.985712477,-0.162275959,0.280783673,0.168410471,-0.944879959,-0.000408517546,0.00590062095,0.00309627643
0.9586579,-0.00285551,0.28454678,0.04524161,-0.98570131,-0.16231393,0.28094167,0.16847689,-0.94482116,-0.00278601,-0.00265253,-0.00435617
0.958595077,-0.00282715146,0.284758638,0.0452977498,-0.985705374,-0.162274047,0.281146916,0.168454028,-0.944764252,-0.00363291288,-0.00576549722,-0.000169650884
0.95855884,-0.00287831,0.28488009,0.04526341,-0.98570916,-0.16226062,0.28127597,0.168431,-0.94472994,-0.00237869,-0.00807875,-0.00160958
0.95848446,-0.00289541,0.28513005,0.04527977,-0.98571489,-0.16222072,0.28152668,0.16839666,-0.9446613,,,
0.958434847,-0.00290680584,0.285296675,0.0452906635,-0.985718899,-0.162194119,0.281693802,0.168373771,-0.94461569,0.00157161453,0.00596809341,0.000461612042
0.95842337,-0.00295226,0.28533476,0.04525087,-0.98572049,-0.162194,0.28173924,0.16836216,-0.94460395,0.00421556,0.00586581,-0.00437261
0.958335509,-0.00295261392,0.285629711,0.0453351828,-0.985699993,-0.162296513,0.282024415,0.168483587,-0.944497446,0.000121643301,-0.00554913236,-0.00423683831
0.958211183,-0.00300413498,0.28604598,0.045385164,-0.985683044,-0.162385416,0.282438514,0.168581766,-0.94435617,0.00049620145,-0.00323683,-0.00477206847
0.95813649,-0.00305584,0.2862955,0.04543568,-0.98564866,-0.16257873,0.28268366,0.16878065,-0.9442471,0.00217285,-0.00703794,-0.00304638
0.95803494,-0.00307434,0.28663496,0.04562234,-0.98556126,-0.1630567,0.28299762,0.16929097,-0.94406186,,,
0.9579601,-0.00316091,0.28688403,0.04570727,-0.98548661,-0.16348339,0.28323715,0.16972325,-0.94391237,0.00208635,0.00292265,0.00521727
0.95794855,-0.0032295,0.28692182,0.04569038,-0.98546148,-0.16363892,0.28327893,0.16986723,-0.94387384,0.00180582,0.00129032,0.00635461
0.957887049,-0.00332118196,0.287126053,0.0456958876,-0.985427081,-0.163845393,0.283485955,0.17006586,-0.943776074,0.00296298089,-0.00902092364,-0.000395287934
0.9577639,-0.00348147,0.28753465,0.04568417,-0.98538451,-0.16410277,0.28390359,0.17030749,-0.94360665,0.00420226,-0.01092005,0.00197413
0.9577004,-0.00348807,0.28774603,0.04577477,-0.98534838,-0.16429582,0.28410318,0.17051768,-0.94350887,0.00386232,-0.00933552,0.00170447
0.95757512,-0.00363298,0.28816086,0.04591698,-0.98522291,-0.16500589,0.28450221,0.17123701,-0.94325812,0.00196511,0.00180316,0.00461112
0.95747291,-0.00371041,0.28849931,0.04616174,-0.98506618,-0.1658708,0.28480645,0.17213443,-0.94300289,0.00417731,0.01010215,0.00705049
0.95743432,-0.00372306,0.28862721,0.0462585,-0.98501408,-0.16615459,0.28492048,0.17243357,-0.94291406,-0.00211217,0.00698256,0.00434277
0.95734542,-0.00374743,0.28892161,0.04636644,-0.98496576,-0.1664112,0.2852015,0.17270927,-0.94277871,-0.00333956,-0.00560504,-0.00118722
0.95721775,-0.00370311,0.2893449,0.04649079,-0.98496045,-0.16640773,0.28560951,0.1727403,-0.94264947,0.00141337,-0.0138517,0.00663996
0.95715384,-0.00369843,0.28955629,0.04657025,-0.98493742,-0.16652244,0.28581066,0.1728723,-0.94256441,0.00123779,-0.01199299,0.00459997
0.95706467,-0.00374632,0.28985027,0.04670138,-0.9848612,-0.16693391,0.28608774,0.17330296,-0.94240088,0.0072612,0.00126386,0.00232396
0.95701232,-0.00376628,0.29002281,0.04688971,-0.98475378,-0.16751399,0.28623203,0.17391204,-0.94224489,0.00419572,0.00695372,0.0054873
0.95698708,-0.0038072,0.29010556,0.04692991,-0.98471465,-0.16773317,0.28630982,0.17413311,-0.94218052,0.00333851,0.00550508,0.00871834
0.95688413,-0.00379237,0.29044513,0.0470835,-0.98466605,-0.16797552,0.2866285,0.17440828,-0.94203276,,,
0.95665825,-0.0040009,0.29118547,0.04711873,-0.98460324,-0.16833195,0.28737574,0.17475644,-0.94174028,-0.00248605,-0.00717336,0.00267734
0.956531432,-0.00410085337,0.291600411,0.0472164678,-0.98453086,-0.168729018,0.287781552,0.175162951,-0.941541084,0.00155022135,0.000221490845,0.00642649736
0.95641619,-0.0041554,0.29197738,0.04735394,-0.98445607,-0.16912572,0.28814173,0.17558086,-0.94135294,0.00285688,0.00840998,0.00199715
0.95627727,-0.00428943,0.29243015,0.04740076,-0.98439912,-0.16944485,0.2885948,0.17589767,-0.94115517,0.00265458,-0.00597203,-0.00484806
0.95618906,-0.00435282,0.29271749,0.04737819,-0.98440723,-0.1694038,0.2888906,0.17585049,-0.9410732,-0.00258912,-0.00885987,-0.00371451
0.95612628,-0.0044338,0.29292129,0.04737321,-0.98438547,-0.16953131,0.28909915,0.17596996,-0.94098677,-0.00481152,-0.00917351,0.00188739
0.95607527,-0.00450462,0.29308665,0.04744274,-0.98431999,-0.16989108,0.28925639,0.1763335,-0.94087028,0.00553738,-0.00587469,-0.00150543
0.95602044,-0.00442881,0.29326659,0.04770541,-0.98422308,-0.17037837,0.28939437,0.17687561,-0.9407261,0.00426259,0.00513506,-0.00401774
0.95594192,-0.00440882,0.29352275,0.04785401,-0.98417195,-0.17063308,0.28962914,0.17716156,-0.94060025,0.00692078,0.0059377,-0.00346037
0.955670355,-0.00450964333,0.294404209,0.0482048848,-0.983995193,-0.17155138,0.290465943,0.178138289,-0.940157652,-0.00281392108,-0.00856470969,-7.98515975e-06
0.95561909,-0.00456905,0.29456965,0.04826313,-0.98394291,-0.1718332,0.29062489,0.17842393,-0.9400541,,,
0.95555398,-0.00461266,0.2947801,0.0483901,-0.98386289,-0.17225577,0.29081778,0.17886413,-0.93991089,,,
0.955526394,-0.00458095063,0.294870011,0.048527493,-0.98380685,-0.172537283,0.290885529,0.17917323,-0.939831109,0.000688764907,-0.00551438285,0.00239714375
0.95544935,-0.00468215,0.29511798,0.04862677,-0.98371415,-0.17303693,0.29112193,0.17967866,-0.93966136,,,
0.95537223,-0.00478345,0.29536588,0.04872614,-0.98362105,-0.17353628,0.29135828,0.18018379,-0.93949115,,,
0.95524357,-0.00487335,0.29578029,0.04881391,-0.98356097,-0.1738534,0.2917652,0.18051053,-0.9393024,,,
0.95519011,-0.00484799,0.29595327,0.0489573,-0.98350638,-0.17412061,0.29191612,0.18080736,-0.93919822,0.00324265,0.00310755,0.00222431
0.95517626,-0.00484416,0.29599804,0.04903782,-0.98346386,-0.17433838,0.29194793,0.18103898,-0.93914379,0.00377045,0.00557089,-0.00184358
0.955162407,-0.00485221845,0.296042619,0.0491300891,-0.98340703,-0.174633368,0.291977757,0.181347828,-0.939075035,0.000253104401,-0.00592333032,0.00148811331
0.95517626,-0.00490359,0.29599706,0.04909644,-0.9833925,-0.17472438,0.29193809,0.18142498,-0.93907242,-0.00263095,-0.00616342,0.00385962
0.955190113,-0.00494306525,0.295951704,0.0490510775,-0.983392295,-0.174738223,0.291900389,0.181424973,-0.939084131,0.000612838892,-0.0100741377,0.00530879991
0.95520396,-0.00503005,0.29590554,0.04905258,-0.98333481,-0.1750607,0.29185482,0.18173361,-0.93903856,,,
0.95517626,-0.0050224,0.29599508,0.04921362,-0.98324931,-0.17549601,0.29191836,0.18219661,-0.93892923,,,
0.95518818,-0.00498862,0.29595718,0.04926479,-0.98323267,-0.17557309,0.29187072,0.18228561,-0.93892645,,,
0.95522584,-0.00491305,0.29583686,0.04927493,-0.98325741,-0.17543277,0.29174572,0.18215525,-0.9389908,0.00368236,0.006212,0.00137783
0.95527735,-0.00484133,0.29567168,0.04920457,-0.98332491,-0.17507464,0.29158891,0.18179324,-0.93910981,,,
0.95530309,-0.00479956,0.29558919,0.04916356,-0.98336561,-0.17485695,0.29151149,0.1815736,-0.93917624,,,
0.95533076,-0.00480732,0.29549964,0.04900262,-0.98345116,-0.17442147,0.29144792,0.18111045,-0.93928558,0.0071032,-0.00584388,-0.00141067
0.95541979,-0.00467213,0.29521384,0.04895435,-0.98352831,-0.17399976,0.29116406,0.18069481,-0.9394537,0.00776403,-0.00830471,-0.00502333
0.95544549,-0.00465415,0.29513091,0.04893677,-0.98354017,-0.17393624,0.29108265,0.18062935,-0.93949126,0.00215053,-0.00499821,-0.00233869
0.95550872,-0.00456074,0.29492758,0.04892953,-0.98357645,-0.17373224,0.29087622,0.18043333,-0.93959271,,,
0.955585712,-0.0044950383,0.294679057,0.0488652875,-0.983627179,-0.173464703,0.290634024,0.180159968,-0.939720432,-0.000907837646,0.0107767573,0.0072518941
0.95566458,-0.00453817,0.29442251,0.04873955,-0.98365074,-0.17336527,0.29039571,0.18002907,-0.93981898,-0.00193798,0.00583053,0.00309034
0.95586141,-0.00457535,0.29378228,0.0483555,-0.98379496,-0.17265288,0.2898115,0.17923821,-0.94015039,0.00183575,-0.00264138,-0.00445696
0.95599301,-0.00459732,0.29335339,0.04804037,-0.98392877,-0.1719758,0.28942956,0.17850047,-0.94040816,,,
0.95603226,-0.00459545,0.29322551,0.04795436,-0.98396891,-0.17177117,0.28931419,0.17828022,-0.94048564,,,
0.95609889,-0.00467273,0.29300695,0.04777771,-0.98400844,-0.17159397,0.28912315,0.17806,-0.94058612,-0.00100698,0.00562239,0.00765367
0.956240004,-0.00457623128,0.292547634,0.0475990667,-0.98412425,-0.170979728,0.288685623,0.17742265,-0.940841159,-0.000661151949,0.00712799979,0.00677822717
0.95634182,-0.00446993,0.29221627,0.04749486,-0.98421361,-0.17049253,0.28836534,0.1769279,-0.94103233,,,
0.956459029,-0.00441810654,0.291833191,0.0471911241,-0.984388112,-0.169567794,0.288026264,0.175956583,-0.941318406,-0.000665429281,0.00156939018,-0.00578445476
0.95655069,-0.0043842,0.29153312,0.04690488,-0.98454965,-0.16870588,0.28776851,0.17505005,-0.94156599,-0.00451815,-0.00339097,0.00179447
0.95658968,-0.00433581,0.29140587,0.04677288,-0.98464407,-0.16819042,0.28766036,0.17451912,-0.94169755,-0.00109438,-0.00592959,0.00195178
0.95671826,-0.00425092,0.29098469,0.04652097,-0.98480064,-0.16734134,0.28727332,0.17363541,-0.941979,-0.00570494,-0.00480366,0.0017035
0.95672011,-0.00423062,0.29097891,0.04633195,-0.98492562,-0.16665658,0.28729771,0.17292533,-0.94210213,-0.0087282,-0.00371075,0.00279329
0.95669478,-0.00418954,0.29106278,0.04629121,-0.98498243,-0.16633242,0.28738862,0.17260301,-0.94213361,-0.00800187,-0.00238132,0.00761362
0.95658161,-0.00416434,0.29143486,0.04618101,-0.98510146,-0.16565694,0.28778279,0.17192314,-0.94213762,-0.00550293,-0.00422901,0.00231276
0.95647013,-0.00427105,0.29179899,0.04603204,-0.98516753,-0.1653055,0.28817693,0.17154188,-0.94208671,,,
0.95640751,-0.00430449,0.29200367,0.04598008,-0.98520052,-0.16512283,0.28839297,0.17135107,-0.94205525,,,
0.95608364,-0.00453062,0.29305892,0.04552494,-0.98544964,-0.16375662,0.28953677,0.16990651,-0.94196602,0.00646973,0.00582004,-0.0045606
0.95600886,-0.00456178,0.29330232,0.04538614,-0.98553797,-0.16326282,0.28980538,0.16939257,-0.94197598,0.00985723,0.00224757,-0.00404127
0.95596309,-0.00467464,0.29344968,0.04499003,-0.98572086,-0.16226528,0.29001804,0.16832192,-0.94210244,0.00795474,0.00177598,0.00136556
0.956022923,-0.00486430283,0.293251611,0.0443322871,-0.985977533,-0.160881555,0.289922088,0.166806969,-0.942401476,0.00842916593,-0.00389409042,-0.000492665684
0.95614207,-0.00487489,0.29286271,0.04392068,-0.98617047,-0.15980828,0.28959162,0.16566215,-0.94270497,0.01621286,-0.00585532,-0.00118802
0.956300081,-0.00495574689,0.292344983,0.0434941388,-0.986320683,-0.158995035,0.289133893,0.164762259,-0.943002995,0.0192058627,-0.000889897288,-0.00627301633
0.95640523,-0.0050453,0.29199929,0.043245,-0.98638151,-0.15868647,0.28882332,0.16439608,-0.94316225,0.01644191,0.00196266,-0.00504445
0.95665066,-0.00507707,0.29119364,0.042855,-0.98651013,-0.15799055,0.28806763,0.16362087,-0.94352799,0.00789378,0.00397706,-0.00339366
0.95693411,-0.00515571,0.29025939,0.04242685,-0.98662317,-0.15739865,0.28718819,0.16293493,-0.94391462,,,
0.95707548,-0.00519525,0.28979222,0.04221296,-0.9866798,-0.15710234,0.2867483,0.16259179,-0.94410774,,,
0.95735749,-0.00527473,0.28885776,0.04178554,-0.98679212,-0.15650873,0.28586814,0.16190488,-0.94449241,-0.00676067,-0.00136781,-0.00123012
0.95762519,-0.00526829,0.28796918,0.04135752,-0.98695602,-0.15558812,0.28503255,0.1609048,-0.94491607,-0.00598716,-0.00153637,-0.00147363
0.957753638,-0.00534223961,0.287540305,0.0410928059,-0.987026091,-0.155212026,0.284638978,0.160470721,-0.9451083,-0.00715647358,-0.000408410997,-0.000884548062
0.95799817,-0.00557077,0.28672019,0.04055831,-0.98712946,-0.15469388,0.28389175,0.15982534,-0.94544226,-0.01390732,0.00329185,-0.0010327
0.95820525,-0.00586189,0.28602157,0.04000074,-0.98722363,-0.15423983,0.28327132,0.15923449,-0.9457284,-0.01386425,0.001086,-0.00183118
0.95851393,-0.0061412,0.28497954,0.03909291,-0.98748869,-0.15276697,0.28235225,0.15756995,-0.94628159,-0.00543932,-0.01275033,0.00504908
0.95859264,-0.00626589,0.28471194,0.0387084,-0.98761277,-0.15206196,0.28213793,0.15678622,-0.9464758,,,
0.95861885,-0.00629978509,0.284622918,0.0385726008,-0.987662069,-0.15177442,0.282067452,0.156472467,-0.946548472,-0.000367486384,-0.00384443975,0.00717504509
0.95865814,-0.00635072,0.28448943,0.03836899,-0.98773637,-0.15134335,0.28196168,0.15600211,-0.94665785,,,
0.95863336,-0.00628661,0.28457433,0.03830531,-0.98781267,-0.1508595,0.28205456,0.15551965,-0.94670936,,,
0.95870769,-0.00619052,0.28432592,0.03821049,-0.98789405,-0.15034953,0.28181467,0.15500549,-0.94686508,,,
0.958808092,-0.00616316371,0.283987779,0.038014412,-0.987987229,-0.149786913,0.281499463,0.154412532,-0.94705586,0.006647998,0.000475406618,0.00377089996
0.958857552,-0.00611846369,0.283821697,0.0379703599,-0.988020572,-0.149577475,0.281336885,0.154200304,-0.947138663,0.00639562635,0.000300884218,-0.000163532444
0.95894472,-0.00606278,0.28352827,0.03783089,-0.98810136,-0.14907994,0.28105847,0.15368555,-0.94730523,0.00594243,-0.00116682,0.00431595
0.95900989,-0.00614829,0.28330586,0.03749201,-0.98822219,-0.14835938,0.2808814,0.15289982,-0.94748433,,,
0.95906059,-0.00612004,0.28313481,0.03729468,-0.98833002,-0.14769106,0.28073454,0.15220409,-0.94764012,0.00122251,-0.00694448,0.00324803
0.9591489,-0.00613857,0.28283513,0.0370591,-0.98842303,-0.14712703,0.28046393,0.15159834,-0.94781736,,,
0.95918652,-0.00615078,0.28270725,0.03698661,-0.98844537,-0.14699577,0.2803448,0.15145275,-0.94787598,0.00459919,0.00186563,0.0019702
0.959250066,-0.00623184237,0.282489791,0.0368128772,-0.988479367,-0.146811695,0.280150191,0.151228389,-0.947969493,0.00593507197,0.000802755298,0.00353661226
0.95931356,-0.00627854,0.28227306,0.03660504,-0.98854917,-0.14639141,0.27995994,0.15076788,-0.94809879,0.00388414,-0.00233936,0.00323391
0.95933947,-0.00632448,0.28218397,0.03648107,-0.98858505,-0.14618131,0.27988734,0.15053187,-0.94815794,-0.00304435,-0.00313604,-0.00466965
0.959378294,-0.00641060329,0.282049974,0.0363121754,-0.988620197,-0.145983928,0.279776178,0.15029566,-0.948227971,0.000789662939,-0.0060360427,0.00365639594
0.959440346,-0.0064065661,0.281838904,0.0362236743,-0.988652451,-0.145786539,0.27957478,0.150082729,-0.948320971,0.000256086758,-0.00425791694,0.00325120636
0.959476514,-0.00632220003,0.281717658,0.0362250548,-0.988685283,-0.1455633,0.279450451,0.149869805,-0.948391277,0.000535772648,-0.00440788222,0.00397770572
0.95950105,-0.00628295,0.28163499,0.03618626,-0.98871982,-0.14533999,0.27937125,0.14964519,-0.94845034,0.0038106,0.00284147,-0.00299355
0.959512655,-0.00621497947,0.281596951,0.036203741,-0.988742379,-0.145182547,0.279329121,0.149499354,-0.948485824,-0.000679539633,0.00335431076,-0.00533117121
0.95954878,-0.00611924,0.28147593,0.03619382,-0.98878702,-0.14488044,0.27920629,0.14920754,-0.9485679,-0.00413217,0.00443768,-0.0018562
0.959610694,-0.00606961132,0.281265836,0.0360600843,-0.988866725,-0.144367613,0.279010718,0.148679175,-0.948708208,0.000805988559,-0.00973802712,0.00197770284
0.9596352,-0.00598471,0.28118403,0.035976,-0.98894835,-0.14382897,0.27893728,0.14813922,-0.94881435,0.00159151,-0.00552469,0.00620778
0.9596236,-0.00601834,0.28122288,0.03592441,-0.98896155,-0.14375008,0.27898381,0.14804874,-0.94881463,0.00113963,-0.00778842,0.0048336
0.95961331,-0.00614866,0.28125518,0.03579908,-0.98896415,-0.14376294,0.27903532,0.14802551,-0.94880303,0.00107614,-0.00578785,0.00464692
0.95964038,-0.0063373,0.28115864,0.0356469,-0.9889413,-0.14395935,0.27896172,0.14817164,-0.9488021,-0.00180432,-0.00241137,0.00621767
0.95964166,-0.00641114,0.28115261,0.03555046,-0.98895448,-0.14389349,0.27896964,0.14808129,-0.948814,,,
0.9596919,-0.00640674,0.28098115,0.0353766,-0.98903495,-0.14338014,0.27881885,0.14754091,-0.94894217,0.00412635,-0.00832707,0.0071988
0.9597035,-0.0062931,0.28094411,0.03534879,-0.98910462,-0.14290704,0.27878246,0.14707942,-0.94902471,0.00403812,-0.00348777,0.00742606
0.95971636,-0.0063105,0.28089974,0.03528123,-0.98912769,-0.14276216,0.2787467,0.14692167,-0.94905938,0.00269604,-0.00530827,0.00313313
0.95972923,-0.00631645,0.28085567,0.03520233,-0.989163,-0.14253835,0.2787124,0.14668499,-0.94910629,0.00677916,0.00341582,-0.00245265
0.959803847,-0.00636458176,0.280599471,0.0350807203,-0.989182609,-0.142431994,0.27847067,0.146550408,-0.949197995,0.000507164863,-0.00261121965,0.00527020125
0.95985272,-0.00634364,0.28043274,0.0350602,-0.98919117,-0.14237889,0.27830477,0.14649479,-0.94925542,-0.00224918,-0.00251174,0.00882261
0.959924698,-0.00622121441,0.280188985,0.0351088818,-0.989208311,-0.1422467,0.278050242,0.146383243,-0.949347066,-0.000886957627,-0.00242161728,0.00591979269
0.95994784,-0.00608554,0.28011268,0.03514416,-0.9892524,-0.14193109,0.27796589,0.14609077,-0.94941683,-0.00222723,-0.00724542,0.0017663
0.959936274,-0.0061305585,0.280151318,0.0351038891,-0.989253769,-0.141931057,0.278010902,0.146079171,-0.949405365,-0.00480338465,-0.00605481816,-0.000649290276
0.95993879,-0.00632398,0.2801384,0.03495627,-0.98923282,-0.14211462,0.27802082,0.14621393,-0.9493819,-0.00975122,0.00530362,0.00264915
0.95995287,-0.00644953,0.28008729,0.03482627,-0.98923356,-0.14214019,0.27798852,0.14620227,-0.94939298,-0.00859734,0.00266099,-0.00343837
0.95995287,-0.00643813,0.28008755,0.03481495,-0.98924533,-0.1420613,0.27798994,0.14612339,-0.94940474,-0.00613628,0.00230432,0.00173716
0.95992845,-0.00638585,0.28017241,0.03476293,-0.98930552,-0.14165379,0.27808074,0.14571712,-0.94944052,,,
0.959829542,-0.00629665857,0.280513093,0.0348436546,-0.989334458,-0.141431787,0.278411859,0.14552451,-0.949373035,-0.00119425892,-0.00808936264,-0.000143224199
0.95975495,-0.0062484,0.28076927,0.03496515,-0.98931506,-0.14153831,0.27865367,0.14565924,-0.94928155,-0.00438304,-0.00975603,0.00753201
0.95958231,-0.00632216,0.2813571,0.0352072,-0.98919671,-0.14230336,0.2792172,0.14645759,-0.94899308,-0.00754881,-0.00780696,0.01120005
0.959384739,-0.00640113349,0.28202826,0.0354542635,-0.989079306,-0.14305483,0.27986409,0.147243725,-0.948680635,-0.00594254723,-0.000645756663,0.00451895734
0.959273465,-0.00642598549,0.28240596,0.0355631506,-0.989039333,-0.143305542,0.280231479,0.14751245,-0.94853066,-0.0115267308,0.000144720063,0.00268160226
0.959050476,-0.00641834712,0.283162476,0.0357240881,-0.989017962,-0.143412589,0.280973259,0.147655633,-0.948288856,-0.0117159411,0.000296354265,0.00527961552
0.95872787,-0.00642989,0.28425258,0.03590349,-0.98900351,-0.14346698,0.28204931,0.14775145,-0.94795437,,,
0.95825597,-0.00652045,0.28583732,0.03599072,-0.98903638,-0.14321882,0.28363737,0.14752778,-0.94751534,-0.00523752,0.00204444,0.00131646
0.95794597,-0.00670759,0.2868702,0.03592017,-0.98905965,-0.14307442,0.28469149,0.14736199,-0.94722476,-0.00332062,0.00428581,-0.0047628
0.957770788,-0.00672898827,0.287454062,0.0359404379,-0.989083812,-0.142903649,0.285277763,0.147200166,-0.947073738,0.000942454673,-0.00121998775,-0.00912151951
0.95738221,-0.00685629,0.28874259,0.03597979,-0.98909949,-0.14278451,0.28657415,0.14708825,-0.94669956,0.0056413,-0.00425446,-0.00666254
0.956966564,-0.00697619874,0.290114325,0.0360116654,-0.989128866,-0.142572473,0.287955116,0.14688459,-0.94631202,0.000740450341,-0.00860053208,-0.00434172153
0.95680138,-0.00697577,0.29065867,0.03609514,-0.98912808,-0.14255833,0.28849309,0.14689137,-0.94614732,0.00642393,-0.01297974,-0.00125961
0.95667458,-0.00703464,0.2910743,0.03615283,-0.9891013,-0.14272805,0.28890605,0.14706746,-0.94599375,0.00887436,-0.00370961,-0.00453038
0.95659843,-0.00708424,0.2913233,0.03620164,-0.9890714,-0.14292455,0.28915202,0.14726778,-0.94588769,0.01478745,-0.00471556,-0.00938716
0.95647134,-0.00721448,0.29173709,0.03633022,-0.98897344,-0.14356675,0.28955602,0.14791636,-0.94566264,0.00981467,-0.00417972,-0.00920883
0.95631473,-0.00711784,0.29225241,0.03674229,-0.98884967,-0.14431245,0.29002093,0.14874615,-0.94538997,0.00839175,-0.00131094,-0.00896694
0.95635909,-0.00681306,0.29211446,0.03728807,-0.98870844,-0.145138,0.2898049,0.14969643,-0.94530626,0.00621757,-0.00419956,-0.01291839
0.9565626,-0.00683408,0.2914469,0.0373101,-0.98863426,-0.14563838,0.28912966,0.15018614,-0.94543558,0.00552889,-0.00598228,-0.00500415
0.95667751,-0.00689055,0.29106816,0.037282,-0.98859056,-0.14594103,0.28875284,0.15047011,-0.94550546,0.00301965,-0.0079264,-0.00415218
0.956970792,-0.00703361035,0.290098992,0.0371712207,-0.988499132,-0.146586129,0.287793671,0.151061978,-0.945703344,-0.00129339565,-0.00694823219,-0.000477134017
0.95727502,-0.00713092,0.28909114,0.03709987,-0.98840622,-0.14723045,0.28678936,0.15166528,-0.94591203,,,
0.957652145,-0.00710405607,0.287840045,0.0370753234,-0.988330351,-0.147743215,0.285530698,0.15215837,-0.946213285,0.0046479227,-0.000921130122,-0.00680130441
0.957878928,-0.00717980394,0.287082573,0.0369821013,-0.988278916,-0.148110774,0.284781105,0.152489107,-0.946386017,-0.00198691338,8.47577976e-05,-0.00624858262
0.95801837,-0.00729198,0.28661406,0.03683975,-0.98825855,-0.14828132,0.28433014,0.15261502,-0.9465012,,,
0.958280872,-0.0072939491,0.285735119,0.0367582938,-0.988228138,-0.148504153,0.283454737,0.152811826,-0.946731998,-0.00385416439,0.000260591478,0.00512778014
0.95854256,-0.0072725428,0.284856587,0.0366536672,-0.988222546,-0.148569469,0.282582154,0.152851198,-0.946986807,-0.0040010931,0.000171422944,0.00914288871
0.95869136,-0.00721942,0.28435674,0.03660177,-0.98823606,-0.14849057,0.28208365,0.15276459,-0.94714912,-0.00820144,-0.00158179,0.01047317
0.95895301,-0.00724868,0.28347234,0.03637768,-0.98826803,-0.14833233,0.28122193,0.1525558,-0.94743891,-0.00340785,-0.00282955,0.00892492
0.95916585,-0.00736182,0.28274844,0.03606688,-0.98831715,-0.14808191,0.2805353,0.15223297,-0.94769454,,,
0.95924097,-0.00740913,0.28249223,0.03594454,-0.98833739,-0.14797644,0.28029403,0.15209912,-0.9477874,-0.00486385,-0.00504142,-0.00453764
0.959353523,-0.00749162797,0.282107592,0.0357724333,-0.98835564,-0.147896774,0.279930618,0.151976966,-0.947914471,-0.000790486112,0.000687241496,0.00716269063
0.959477556,-0.00750615745,0.281685062,0.035617767,-0.988396603,-0.147659613,0.279524939,0.151709078,-0.948077001,-0.000803972944,0.0059692855,0.0062304968
0.959539504,-0.00750200953,0.281474089,0.0355291185,-0.988429389,-0.147462242,0.279323512,0.151496372,-0.948170508,0.000128619955,0.00376737094,0.00392655516
0.9596259,-0.00743585,0.28118113,0.03537904,-0.98852055,-0.14688443,0.2790456,0.15090202,-0.94834685,,,
0.95967489,-0.00734601,0.28101627,0.03529012,-0.9886017,-0.14635921,0.27888836,0.15037435,-0.94847698,-0.00706585,-0.00384033,-0.00217169
0.959710985,-0.00717038911,0.280897506,0.0352009004,-0.988730896,-0.145506009,0.278775394,0.149531561,-0.948643495,0.00042628427,-0.00834530499,0.00532071339
0.95977153,-0.00698998,0.28069512,0.03510704,-0.98885754,-0.14466525,0.27857872,0.14869996,-0.94883191,0.00403729,-0.0046736,0.00359971
0.95982165,-0.0069971,0.28052352,0.03494459,-0.98892679,-0.14423103,0.27842643,0.14823885,-0.94894883,0.00571793,-0.00221729,0.0044233
0.95991933,-0.00686375,0.28019237,0.03481273,-0.98903857,-0.143494,0.278106,0.14749693,-0.94915829,,,
0.95994251,-0.00663686,0.28011841,0.03475746,-0.98917751,-0.14254755,0.27803289,0.14657365,-0.94932286,0.00533367,-0.0015136,0.00481119
0.959902804,-0.00624825084,0.2802634,0.0347960053,-0.989364763,-0.141233513,0.278165152,0.145322491,-0.949476602,0.00771170855,-0.00246334053,-0.000968974316
0.95991563,-0.00623147643,0.280219833,0.0346945348,-0.989422704,-0.140851528,0.278133556,0.14492768,-0.949546123,0.00470515341,-0.0027401445,-0.000258289045
0.959977259,-0.00615971121,0.280010221,0.0345387386,-0.989523645,-0.140179114,0.277940176,0.144239961,-0.949707451,0.00785759185,0.00204825378,-0.000911802985
0.96008878,-0.00615268,0.27962773,0.03427762,-0.98963337,-0.13946563,0.27758704,0.14348437,-0.94992499,,,
0.960173369,-0.00593436522,0.279341882,0.0341462593,-0.989788056,-0.138397053,0.277310542,0.142423645,-0.950165498,0.000160938362,-0.00231635547,-0.00640068203
0.96018615,-0.00590639,0.27929855,0.03403364,-0.98985641,-0.13793525,0.27728014,0.14194906,-0.9502454,,,
0.96021047,-0.00586764,0.27921573,0.0339953,-0.98988883,-0.13771053,0.2772006,0.14172312,-0.95030214,0.00262255,-0.00541764,-0.00148489
0.96033197,-0.00561729,0.2788027,0.03374741,-0.99010754,-0.13619106,0.27680971,0.14019749,-0.95064235,,,
0.96030769,-0.00558765,0.27888692,0.03371784,-0.99014289,-0.13594066,0.27689753,0.13994833,-0.95065342,-0.00336899,-0.00492352,-0.00338646
0.96030646,-0.00543402,0.27889421,0.0337352,-0.99020928,-0.1354526,0.2768997,0.13948455,-0.95072105,,,
0.96033074,-0.00534987,0.27881219,0.03365174,-0.99028578,-0.13491049,0.27682561,0.13894121,-0.95082182,0.00326263,0.00294447,-0.00640561
0.96042904,-0.00529229,0.27847453,0.03342524,-0.9904037,-0.13410229,0.27651189,0.13810381,-0.95103557,0.00534885,-0.00872272,-0.00176671
0.96055142,-0.00528736,0.27805218,0.03325109,-0.99046362,-0.13370268,0.27610747,0.13767384,-0.95121543,,,
0.960647,-0.00508227377,0.277725609,0.0332178903,-0.990555683,-0.133026777,0.275778743,0.137017233,-0.951405525,-0.000633162039,-0.0062696333,0.00272515416
0.96067118,-0.0050552,0.27764246,0.03319114,-0.99057625,-0.13288075,0.27569773,0.13686998,-0.95145027,0.00118725,-0.00628924,-0.00343729
0.960706825,-0.0049606037,0.277520789,0.0331823527,-0.990617233,-0.132575912,0.275574541,0.136575377,-0.95152813,-0.00152664934,-0.00598555757,0.000384696177
0.96080466,-0.00494918,0.2771821,0.03300163,-0.99068902,-0.13208365,0.27525498,0.13605405,-0.95169529,,,
0.96081855,-0.0050297,0.27713248,0.03282676,-0.99073371,-0.1317913,0.27522738,0.13572488,-0.95175022,,,
0.960879468,-0.00499362286,0.27692184,0.032706263,-0.990795877,-0.131352715,0.275028984,0.135271205,-0.951872086,0.00586883165,-2.71797162e-05,0.00201296853
0.96090358,-0.00493268,0.27683927,0.03264587,-0.99084879,-0.13096797,0.27495192,0.13488525,-0.9519491,,,
0.96089213,-0.00495486,0.27687861,0.03258286,-0.99087191,-0.13080908,0.27499941,0.13471491,-0.95195957,,,
0.960868016,-0.00493647626,0.276962597,0.0325644725,-0.990895079,-0.130637451,0.275085812,0.13454449,-0.951958628,-0.00794201531,-0.00192868698,-0.000685835024
0.96085534,-0.00486194,0.27700788,0.03257538,-0.99092787,-0.1303864,0.27512878,0.1343061,-0.95197996,,,
0.960843889,-0.00488408592,0.277047234,0.0325123367,-0.990951003,-0.130227508,0.275176257,0.134135758,-0.951990425,-0.00525254989,-0.00196528411,0.000228920951
0.96085656,-0.00487928,0.27700335,0.03242263,-0.99099381,-0.12992202,0.27514258,0.13381761,-0.9520447,-0.00142052,-0.0012517,0.00843403
0.96083363,-0.00492353,0.2770821,0.03229647,-0.99103961,-0.12960399,0.27523748,0.13347665,-0.95206517,,,
0.96079803,-0.00496119,0.27720485,0.03224871,-0.9910532,-0.1295118,0.27536733,0.13337418,-0.95204196,0.00333952,-0.00983226,-0.00715817
0.96077389,-0.00493135,0.27728903,0.03221893,-0.99108676,-0.12926044,0.27545501,0.13312401,-0.95205138,-0.00329725,-0.0099529,0.00130697
0.96077389,-0.0048973,0.27728965,0.03218511,-0.99111927,-0.12902187,0.27545899,0.13288544,-0.95208389,0.00205126,-0.00396776,0.00649016
0.96073706,-0.00486092,0.27741789,0.03223379,-0.99112111,-0.12899659,0.27558174,0.13287403,-0.9520501,,,
0.96065186,-0.00482156,0.27771345,0.0322792,-0.99113646,-0.12886624,0.27587327,0.13275996,-0.95198145,0.00330269,-0.00627702,0.00670612
0.96065186,-0.00479881,0.27771384,0.0322566,-0.9911579,-0.12870709,0.27587591,0.13260081,-0.95200288,0.00226506,-0.00245023,0.00389509
0.960687522,-0.00474986874,0.277591291,0.0322931592,-0.99115508,-0.128719787,0.275747417,0.132623793,-0.952036929,0.000867770927,-0.00352746225,0.00507378438
0.96075881,-0.00465196,0.27734612,0.03236628,-0.99114948,-0.1287452,0.27549036,0.13266975,-0.95210503,0.00365504,-0.00162792,0.00864719
0.96077149,-0.00466983,0.2773019,0.03229912,-0.99117061,-0.12859873,0.27545402,0.1325106,-0.95213764,,,
0.96072318,-0.00470091,0.27746869,0.0323297,-0.99115203,-0.12873237,0.27561887,0.13264665,-0.95207074,0.00103358,-0.0043146,0.00349699
0.960723175,-0.00471227424,0.277468504,0.032340989,-0.991141435,-0.128811977,0.275617555,0.132726257,-0.952060143,0.000265031704,-0.00341981626,0.0064448826
0.960699004,-0.00470508145,0.277552302,0.0323337406,-0.991153594,-0.128719698,0.275702643,0.13263519,-0.952048131,-0.000350293936,-0.00158643711,0.00760829216
0.96072196,-0.00459285,0.27747474,0.03239234,-0.99117253,-0.12856069,0.27561578,0.13249913,-0.95209245,,,
0.960699,-0.00464826,0.27755326,0.0322773,-0.99120706,-0.12832189,0.27570926,0.13223739,-0.9521016,-0.00426415,-0.00499916,0.00623244
0.96060348,-0.00475029,0.27788197,0.0322081,-0.99121429,-0.12828384,0.27604998,0.13217996,-0.95201089,-0.00124254,-0.00545973,0.00498767
0.96050661,-0.00477829,0.27821611,0.03223542,-0.99120963,-0.12831256,0.27638364,0.13221348,-0.95190938,0.0032867,0.00253534,0.00655348
0.96033683,-0.0048416,0.27880051,0.03229739,-0.99118818,-0.12846213,0.27696579,0.13237145,-0.95171813,,,
0.960215325,-0.00489670811,0.279217734,0.0323514396,-0.991163662,-0.128637188,0.277380434,0.132552495,-0.951572114,-0.00409250986,-0.00534707261,-0.000410589739
0.96015391,-0.00485297,0.27942963,0.03239266,-0.99117785,-0.1285193,0.27758816,0.13244978,-0.95152608,-0.00531559,-0.00634742,0.00383692
0.96001934,-0.00482168,0.27989217,0.0324458,-0.99119642,-0.12836309,0.27804702,0.13231237,-0.95141129,,,
0.95987414,-0.00496629,0.2803872,0.03241872,-0.99117468,-0.12853779,0.27855103,0.1324699,-0.95124194,,,
0.959765942,-0.00513589923,0.280754264,0.0323317108,-0.991161743,-0.128658353,0.278933674,0.132559171,-0.951117231,0.0108270301,-0.000540494861,0.00170286419
0.95971702,-0.00514419,0.28092128,0.03233965,-0.99116451,-0.12863266,0.27910101,0.13253585,-0.95107108,0.01651106,-0.0014571,0.00324873
0.95971702,-0.0051557,0.28092109,0.03235109,-0.99115415,-0.12871226,0.27909971,0.13261545,-0.95106072,0.01586605,-0.00268364,0.00541887
0.95977757,-0.00513716,0.28071447,0.03241799,-0.99111749,-0.12897654,0.27888363,0.13288899,-0.9510858,0.01194266,-0.01018047,0.00391636
0.95987293,-0.00499577,0.2803908,0.03261793,-0.99106636,-0.12932024,0.27853192,0.13327677,-0.95113482,0.00694984,-0.01483273,0.00562449
0.95988332,-0.00492307,0.2803565,0.03280068,-0.99100988,-0.129705,0.27847463,0.13369755,-0.95109237,0.00776295,-0.01348209,0.00294157
0.95990405,-0.00481199,0.28028744,0.03320023,-0.99086396,-0.13071245,0.2783558,0.13477702,-0.95097456,0.00449573,-0.00527233,0.00248516
0.95992597,-0.00479756,0.28021264,0.03352583,-0.99070769,-0.13181164,0.27824119,0.13592377,-0.95084519,-0.00211647,0.00647354,0.00253091
0.96000944,-0.00480327,0.2799264,0.0337868,-0.99055733,-0.13286908,0.27792141,0.13701339,-0.95078209,-0.00454333,-0.00178742,-0.00575731
0.960008173,-0.00478658501,0.279931052,0.0339401152,-0.990489988,-0.133332301,0.277907132,0.137500991,-0.950716023,-0.00674360199,-0.000344872446,-0.000547080999
0.95999535,-0.00478044,0.27997514,0.03401887,-0.99045697,-0.13355748,0.27794181,0.13773899,-0.95067145,-0.01088026,-0.00103974,-0.00119086
0.95992088,-0.00486852,0.28022884,0.03427575,-0.9903046,-0.13461612,0.27816735,0.13882588,-0.95044718,-0.00741712,-0.00513041,0.00185906
