0,1,2,3,4,5,6,7,8,9,10,11
0.09083667,0.35548779,-0.93025648,0.15906797,-0.92730442,-0.3388272,-0.98307989,-0.11719608,-0.14077996,-0.00479146,0.00332308,0.00253009
0.09064829,0.35592813,-0.93010644,0.15893467,-0.92715156,-0.33930759,-0.98311881,-0.11706852,-0.14061397,,,
0.0905913762,0.355976538,-0.930093488,0.158921663,-0.927133024,-0.339364461,-0.983126185,-0.117068513,-0.140562629,0.00748064928,-0.00345760561,-0.000795752741
0.09052154,0.35582938,-0.93015655,0.15881601,-0.92719616,-0.33924116,-0.98314965,-0.11701514,-0.14044254,0.00120695,-0.00185955,0.00699612
0.09057837,0.3557324,-0.93018813,0.15877766,-0.92723859,-0.33914323,-0.98315063,-0.11697407,-0.14047007,0.00462117,-0.00435674,-0.00163394
0.09063548,0.35568389,-0.93020101,0.15879058,-0.92725697,-0.33908626,-0.98314317,-0.11697398,-0.14052138,0.00106405,0.00281358,0.00599386
0.09100277,0.35554147,-0.93021964,0.15879692,-0.92732413,-0.33889984,-0.98310826,-0.11687523,-0.14084778,-0.00344785,-0.00338966,-0.00633423
0.0913963664,0.355595746,-0.930160275,0.158783126,-0.92732298,-0.338909304,-0.98307395,-0.116718735,-0.141216338,-0.016402036,-0.000859737338,0.00444163242
0.0914223,0.35574394,-0.93010115,0.15871175,-0.92727875,-0.33906423,-0.98308315,-0.11661997,-0.14123463,0.00277006,0.00370502,-0.00350097
0.09136565,0.35574371,-0.93010668,0.15864739,-0.92728377,-0.33907995,-0.98309869,-0.11657881,-0.14115943,-0.00115786,-0.00104523,0.0070135
0.09126492,0.35584178,-0.93007908,0.15850873,-0.92726014,-0.33920953,-0.98313044,-0.11646778,-0.14103012,0.0065689,0.00351191,-0.00250401
0.09112488,0.35574198,-0.93013105,0.15850291,-0.92729131,-0.3391274,-0.98314443,-0.11652556,-0.14088533,0.00395212,0.00899207,-0.00229166
0.0911947851,0.355743327,-0.930123707,0.158454476,-0.927299621,-0.339127422,-0.983145769,-0.116455634,-0.140933932,0.0017500876,0.00552082015,-0.000912264863
0.0910680548,0.355741775,-0.930136671,0.158438528,-0.927296502,-0.339143132,-0.983160043,-0.116484423,-0.140810131,0.00105217425,7.4625008e-05,0.00930922013
0.09134789,0.35584435,-0.93007008,0.15834752,-0.92728214,-0.33922541,-0.98314883,-0.11628676,-0.14105233,-0.00987688,-0.00207865,0.00438844
0.09158405,0.3561421,-0.92993286,0.15828485,-0.92719105,-0.33950345,-0.98313694,-0.1161012,-0.14128778,0.00126222,0.003919,-0.00536488
0.09182024,0.35629394,-0.92985135,0.15806798,-0.92717122,-0.33965826,-0.98314974,-0.11579226,-0.14145162,0.01588411,0.00387943,-0.00893841
0.0917502382,0.356244095,-0.929877359,0.15806506,-0.92718677,-0.339617199,-0.98315675,-0.115821195,-0.141379224,0.0055956631,0.000970005931,0.00726525066
0.09193415,0.35609974,-0.92991447,0.15799112,-0.92725606,-0.3394623,-0.98315144,-0.11571009,-0.14150695,-0.0024528,-0.00197548,0.01145732
0.09211781,0.35600404,-0.92993298,0.15796851,-0.92730162,-0.33934858,-0.98313792,-0.1156401,-0.14165834,-0.00388315,-0.00409776,0.00139708
0.092117853,0.35595544,-0.929951558,0.157917134,-0.927325359,-0.339307517,-0.983146151,-0.115599036,-0.141634567,-0.00352567225,9.87052845e-05,-0.00620509731
0.09217046,0.35610567,-0.92988883,0.15762001,-0.92730767,-0.33949396,-0.9831889,-0.1152778,-0.14159964,,,
0.09226677,0.35630351,-0.92980352,0.15755155,-0.92724763,-0.33968986,-0.98319087,-0.11514992,-0.14169026,-0.00670675,-0.00109553,-0.00281809
0.0924332096,0.356599634,-0.929673471,0.157537357,-0.927148206,-0.339967794,-0.983177524,-0.115033997,-0.141877011,0.00505137444,0.000982999685,0.00403593061
0.09242006,0.35635554,-0.92976834,0.15739316,-0.92725368,-0.3397467,-0.98320183,-0.11493979,-0.14178469,-0.00124081,0.00395179,0.01216456
0.09250735,0.35606195,-0.92987216,0.15743897,-0.92735932,-0.33943712,-0.98318631,-0.1149977,-0.14184554,-0.00298679,0.01266766,0.0083943
0.09280921,0.35542724,-0.93008493,0.15749485,-0.92759721,-0.33876082,-0.98314896,-0.11504345,-0.14206758,-0.00685501,-0.00110042,-0.00701843
0.09252916,0.35503317,-0.93026323,0.15727747,-0.92775396,-0.33843185,-0.98321006,-0.11499466,-0.14168289,,,
0.09222297,0.35429613,-0.93057457,0.15692567,-0.9280499,-0.33778311,-0.98329503,-0.11487971,-0.14118555,-0.00732908,-0.0048517,0.00286641
0.09188607,0.35404772,-0.93070248,0.15679831,-0.92814073,-0.33759289,-0.98334693,-0.1149125,-0.14079723,,,
0.09149231,0.35375037,-0.93085429,0.15655527,-0.92826018,-0.33737699,-0.98342233,-0.11486277,-0.14031004,0.0062678,0.00513482,0.00277607
0.0912255144,0.353454306,-0.930992957,0.15632791,-0.928382756,-0.337145202,-0.983483308,-0.114783957,-0.139946899,-0.00716124661,-0.00323414779,-6.78410288e-05
0.0910856585,0.353256978,-0.931081527,0.156219225,-0.928460938,-0.33698016,-0.983513527,-0.1147588,-0.139754915,-0.00692838896,0.000349640817,-0.00256618392
0.09121249,0.35320963,-0.93108707,0.1561835,-0.92848759,-0.33692327,-0.98350744,-0.11468886,-0.13985509,-0.00786091,-0.00387055,0.00376302
0.0914224273,0.353310682,-0.931028096,0.156140643,-0.928464771,-0.337005745,-0.983494714,-0.114561489,-0.140048486,-0.0109591056,-0.00203335262,0.000816772692
0.09162785,0.35380563,-0.93081998,0.15599362,-0.92831136,-0.33749645,-0.98349899,-0.11427792,-0.14025052,0.00333262,0.00622892,-0.00494382
0.09171096,0.35405141,-0.93071833,0.15608949,-0.92821456,-0.33771827,-0.98347602,-0.1143029,-0.14039107,,,
0.09166714,0.35424719,-0.9306481,0.15611807,-0.92813823,-0.33791452,-0.98347553,-0.11431537,-0.14038401,,,
0.09178103,0.35424736,-0.93063682,0.15624674,-0.92812802,-0.3378831,-0.98344448,-0.11439775,-0.14053439,,,
0.09260383,0.35395899,-0.93066505,0.15661259,-0.92822486,-0.33744755,-0.98330916,-0.11450496,-0.14139149,-0.00321606,-0.0075348,0.01157933
0.09266048,0.35391046,-0.930678,0.15662543,-0.92824363,-0.33739071,-0.9833019,-0.11450503,-0.14144299,-0.00762219,-0.00255787,0.00752529
0.09267355,0.35410634,-0.93060219,0.15671845,-0.92816232,-0.33757117,-0.98328585,-0.11455858,-0.14151121,0.00775705,0.0021143,0.01138796
0.09340452,0.35450544,-0.9303771,0.15693437,-0.92802315,-0.33785318,-0.98318221,-0.11445112,-0.14231571,0.00635052,-0.00350428,0.00301961
0.0938119074,0.354705794,-0.930259617,0.156961593,-0.927964151,-0.338001819,-0.98313896,-0.114306479,-0.142729115,-0.00722447038,-0.00060272211,-0.00256665703
0.0943022066,0.355054227,-0.930077179,0.15698183,-0.927856002,-0.338289637,-0.983088891,-0.114103766,-0.143235901,-0.00967524014,0.000437974901,-0.00438823644
0.0943022066,0.355054227,-0.930077179,0.15698183,-0.927856002,-0.338289637,-0.983088891,-0.114103766,-0.143235901,-0.00967524014,0.000437974901,-0.00438823644
0.094157775,0.355299303,-0.929998224,0.156820716,-0.927779423,-0.338574301,-0.983128453,-0.11396359,-0.143075917,-0.0166325197,0.000343084306,0.00727480045
0.09367628,0.3554425,-0.92999211,0.15668648,-0.92772246,-0.33879234,-0.98319583,-0.1139804,-0.14259856,-0.01517407,0.0104711,0.00529719
0.09313785,0.35578032,-0.92991709,0.15669363,-0.9275759,-0.33919058,-0.98324592,-0.11412059,-0.14214102,,,
0.0932080167,0.355878738,-0.929872355,0.156748014,-0.927536557,-0.339272766,-0.983230559,-0.114132701,-0.142237134,-0.00661878753,-0.000443458528,-0.00127143809
0.09301099,0.35587642,-0.92989298,0.15678076,-0.92752528,-0.33928854,-0.98324401,-0.11423176,-0.14206465,,,
0.09330866,0.35582929,-0.92988113,0.15693809,-0.92753665,-0.33918427,-0.98319064,-0.11428497,-0.14239027,-0.00935217,0.00788855,0.00747722
0.09326498,0.35602477,-0.92981069,0.15696671,-0.92746016,-0.33938018,-0.98319022,-0.11429707,-0.1423835,-0.00475417,0.01073718,-0.00293702
0.09315111,0.35617056,-0.92976634,0.15699239,-0.92739928,-0.33953508,-0.98319698,-0.11433816,-0.14230439,-0.005803,0.00926137,-0.00467586
0.09264354,0.35621411,-0.92980024,0.15698052,-0.9273629,-0.33963916,-0.98324671,-0.1144952,-0.14183267,-0.00419561,-0.00746304,0.00240163
0.0921225505,0.356110694,-0.929891729,0.156927121,-0.927384969,-0.339604239,-0.983304293,-0.114640018,-0.141316512,0.000981393736,0.00284635997,-0.00678161019
0.0919693136,0.355912752,-0.92998266,0.15693128,-0.927450193,-0.339424061,-0.983317959,-0.114726774,-0.141150793,-0.00850368757,-0.000162839875,0.00473508239
0.09125185,0.35580638,-0.93009397,0.1569104,-0.92746073,-0.33940454,-0.98338807,-0.11497016,-0.14046211,-0.00524844,0.006531,0.00728653
0.0909982703,0.355803687,-0.930119823,0.156878607,-0.927454569,-0.339435965,-0.983416622,-0.115027858,-0.140214593,-0.000692100031,0.0123636713,-0.0079112146
0.09067444,0.35594547,-0.93009733,0.15704943,-0.92736924,-0.33959079,-0.98341938,-0.11527904,-0.13998977,-0.00439697,-0.00141263,-0.00485678
0.09056097,0.35609093,-0.93005263,0.15707477,-0.92730814,-0.33974549,-0.98342573,-0.11532013,-0.13991077,0.00601228,0.00125384,0.00108602
0.09044742,0.35633358,-0.92997072,0.15720286,-0.92719953,-0.33998249,-0.98341569,-0.11544354,-0.13987937,-0.00341326,-0.00781625,0.01108254
0.09039064,0.3564306,-0.92993906,0.1572412,-0.92715711,-0.34008041,-0.98341478,-0.11548468,-0.13985181,0.00826754,0.0018599,0.00465671
0.09042105,0.35623406,-0.93001142,0.15732576,-0.92722034,-0.33986887,-0.98339847,-0.11558347,-0.13988494,-0.00818374,-0.00136244,0.00546069
0.0903509472,0.35623277,-0.930018785,0.157374203,-0.927212235,-0.339868908,-0.983397217,-0.115653482,-0.139836371,-0.0134800263,-0.00035083291,0.00219017826
0.0896340599,0.356125557,-0.930129211,0.157352843,-0.927223094,-0.33984919,-0.983466239,-0.115896407,-0.139148163,-0.000380307436,0.00615143729,-0.0107566062
0.08917083,0.35606977,-0.93019509,0.15741473,-0.9272162,-0.33983931,-0.98349844,-0.11612265,-0.13873128,,,
0.0890309154,0.356018421,-0.930228175,0.157460218,-0.92722362,-0.339798179,-0.983503865,-0.116221369,-0.138610378,0.00534765935,0.000243663773,0.00383186177
0.08869448,0.35596392,-0.93028108,0.15753806,-0.9272196,-0.33977257,-0.98352172,-0.11641874,-0.13831705,0.00337806,-0.00820863,0.00367078
0.0882881161,0.355713718,-0.930415491,0.157458929,-0.92730288,-0.33958226,-0.983571004,-0.116521142,-0.13788015,0.000181762036,-0.00437730504,0.00507014804
0.0881351714,0.355515217,-0.930505892,0.157463213,-0.92736826,-0.339401887,-0.983584069,-0.116607181,-0.137714414,-1.82602089e-05,0.000437259645,0.00892159529
0.08724886,0.35535778,-0.93064945,0.15719674,-0.92741873,-0.33938692,-0.98370561,-0.11668396,-0.13677722,-0.0031585,-0.00576264,-0.01105345
0.08695196,0.35545267,-0.93064104,0.15708986,-0.92738405,-0.33953142,-0.98374902,-0.11667135,-0.13647587,0.00917138,0.00397825,-0.00872482
0.0865985729,0.355547305,-0.93063782,0.15691829,-0.927354521,-0.33969124,-0.983807546,-0.116617331,-0.136099407,0.00729281083,-0.000281453104,0.00607490959
0.0861885,0.35578732,-0.93058418,0.15683607,-0.9272589,-0.3399902,-0.98385668,-0.11664593,-0.13571932,0.01152484,-0.00420719,0.01143995
0.0860751822,0.35583547,-0.930576226,0.156758304,-0.92724556,-0.340062287,-0.98387897,-0.116604645,-0.135592931,0.00710192183,-0.00412327005,-0.00031866855
0.0862279678,0.355937084,-0.930523251,0.15665135,-0.92722777,-0.340160252,-0.983882657,-0.116436399,-0.135710982,0.00321866339,0.00967204478,-2.66502611e-05
0.08642432,0.35594044,-0.93050377,0.15661924,-0.92723887,-0.34014488,-0.98387056,-0.116338,-0.13588313,,,
0.08646382,0.35613868,-0.93042427,0.15648576,-0.92718392,-0.34035621,-0.98388835,-0.11616963,-0.13589857,0.00556834,-0.00531006,0.00468535
0.086556384,0.356730375,-0.930188972,0.156311123,-0.926991861,-0.340959109,-0.983907982,-0.115886672,-0.135998074,0.0107639013,-0.000714421214,0.00742205279
0.0869724099,0.357326567,-0.929921262,0.156120593,-0.92681339,-0.34153091,-0.983901514,-0.115476085,-0.136393257,-0.00076907943,0.00505852653,0.00317818904
0.08733555,0.35752915,-0.9298093,0.15597127,-0.92677199,-0.34171113,-0.98389298,-0.11518003,-0.13670435,-0.01399429,-0.00315535,0.00478329
0.08792211,0.35797958,-0.92958066,0.15582057,-0.9266491,-0.34211277,-0.98386459,-0.11476854,-0.13725341,-0.00599587,0.00513148,0.00152295
0.08882194,0.3578944,-0.92952798,0.15571849,-0.92673103,-0.34193767,-0.98379999,-0.11437312,-0.13804483,-0.01167904,0.00441837,-0.00408353
0.0892854199,0.357658603,-0.929574312,0.155348902,-0.926880338,-0.341700864,-0.983816444,-0.113899452,-0.138318738,-0.00340038072,0.000771641673,0.0176058821
0.0894091872,0.357809957,-0.929504131,0.155002783,-0.926869869,-0.341886188,-0.983859762,-0.113507986,-0.138332125,-0.00025761826,-0.000165581689,0.0102380179
0.08950613,0.35791057,-0.92945616,0.1548312,-0.92685694,-0.34199949,-0.98387805,-0.11329774,-0.13837516,-0.00486828,-0.00445867,0.00294861
0.08991053,0.35816371,-0.92931948,0.15439415,-0.92683077,-0.34226716,-0.98390974,-0.11270811,-0.13863007,-0.00895291,-0.00253504,-0.010496
0.08999151,0.3583642,-0.92923449,0.15392168,-0.92681464,-0.34252443,-0.9839765,-0.11220501,-0.13856557,-0.01158772,-0.00280648,0.00831073
0.08996193,0.35841473,-0.92921792,0.15368248,-0.92682212,-0.34261185,-0.98401664,-0.11198244,-0.13846096,-0.006358,0.00606799,0.01121171
0.08970643,0.35841607,-0.92924194,0.15313316,-0.92687298,-0.34271932,-0.98412545,-0.11155365,-0.13803177,0.00440825,0.00711465,-0.00347268
0.0896341659,0.358370293,-0.929266577,0.15261323,-0.926945671,-0.342754665,-0.984212802,-0.111095865,-0.137777977,-0.00326127815,-0.0153360954,2.53149774e-05
0.08947818,0.35841948,-0.92926258,0.15235749,-0.92694976,-0.34285705,-0.98426656,-0.11090194,-0.1375495,0.0035489,-0.00669765,-0.00800551
0.0894197823,0.358471823,-0.92924812,0.151827114,-0.926987871,-0.342989858,-0.984353922,-0.110414978,-0.137316808,-0.00761097064,-0.000586986484,0.00414738152
0.0892640858,0.358520954,-0.929244101,0.151571287,-0.926991889,-0.343091936,-0.984407445,-0.110220948,-0.137088519,-0.000376925571,0.0093476763,-0.00265701441
0.08930511,0.35847533,-0.92925773,0.15118033,-0.92705405,-0.34309627,-0.98446381,-0.10984527,-0.13698498,-0.00540754,0.00867367,0.00665327
0.08938915,0.35828301,-0.92932375,0.15081284,-0.92716931,-0.34294619,-0.98451249,-0.10949834,-0.13691234,0.00326034,-0.0085299,-0.00207471
0.0891358763,0.357794727,-0.929536167,0.15026556,-0.927399748,-0.342563062,-0.984619121,-0.109142675,-0.136428586,0.000255751656,0.00517487479,0.00409023045
0.0891358763,0.357794727,-0.929536167,0.15026556,-0.927399748,-0.342563062,-0.984619121,-0.109142675,-0.136428586,0.000255751656,0.00517487479,0.00409023045
0.08860169,0.35681586,-0.92996352,0.14939726,-0.92783453,-0.34176527,-0.98479956,-0.10865302,-0.135515,-0.01174891,-0.00554746,-0.00372247
0.08884124,0.356574,-0.93003343,0.14928537,-0.92794539,-0.34151301,-0.98479494,-0.10849995,-0.13567106,-0.01642803,-0.00565743,-0.00634666
0.08920755,0.35618713,-0.93014654,0.14903495,-0.92812958,-0.34112132,-0.9847997,-0.10819378,-0.13588036,-0.00391635,0.00597978,-0.00253298
0.08906729,0.35589298,-0.93027253,0.14882279,-0.92825498,-0.34087242,-0.98484444,-0.10808523,-0.13564194,-0.00740008,0.00491953,-0.00542304
0.08870268,0.35515656,-0.93058882,0.14840592,-0.92855575,-0.34023479,-0.98494032,-0.10792517,-0.13507263,-0.01168683,-0.00604939,0.01366554
0.08818254,0.35476145,-0.93078898,0.14804224,-0.92871921,-0.33994713,-0.98504178,-0.10781869,-0.13441647,0.01461584,0.00482345,-0.00390844
0.08816886,0.35446816,-0.93090202,0.14784617,-0.92884721,-0.33968272,-0.98507246,-0.10768087,-0.13430215,0.00748976,-0.00859004,-0.00666511
0.08871827,0.35432551,-0.93090405,0.1479339,-0.92891139,-0.33946851,-0.98500989,-0.10759524,-0.13482802,0.00656497,-0.00720829,-0.00981258
0.08890138,0.354229212,-0.930923236,0.147911506,-0.928956254,-0.339355525,-0.984996748,-0.107525117,-0.13497994,-7.32240733e-06,-0.0119101992,-0.0030783976
0.08919749,0.35398678,-0.93098716,0.14786366,-0.92906165,-0.33908791,-0.98497719,-0.1074134,-0.13521166,-0.00412458,0.00579095,0.01107567
0.08893067,0.3536911,-0.931125,0.14763533,-0.92918349,-0.33885318,-0.98503552,-0.10733255,-0.13485005,-0.00624921,0.00640511,-0.00296258
0.08887398,0.35364228,-0.93114905,0.14751907,-0.92921187,-0.33882652,-0.98505814,-0.10724939,-0.13475173,-0.01640974,0.00690985,-0.00807918
0.08895795,0.35379039,-0.93108466,0.14751182,-0.92916185,-0.33896621,-0.98505155,-0.1071923,-0.13484441,-0.01007215,0.00512099,-0.01117419
0.08878825,0.3539852,-0.93102691,0.14752411,-0.92908306,-0.33917735,-0.98506511,-0.10723396,-0.134713,,,
0.08871828,0.35398421,-0.93103388,0.14757278,-0.92907517,-0.33917733,-0.98506405,-0.10730407,-0.13466423,-0.00325871,-0.00305259,0.00677911
0.08831101,0.35378417,-0.93114871,0.14754503,-0.92913506,-0.33902579,-0.98510488,-0.10744665,-0.13425194,-0.00286253,0.00267899,0.01543816
0.08703378,0.35313404,-0.9315156,0.14734528,-0.92934244,-0.33854342,-0.98524836,-0.10778975,-0.13291667,0.00243346,0.0023756,0.00926266
0.08685064,0.3529377,-0.93160717,0.14705815,-0.92943805,-0.33840619,-0.98530749,-0.10760964,-0.13262463,,,
0.08679433,0.35288874,-0.93163089,0.14694176,-0.92946615,-0.33837915,-0.98532974,-0.10752613,-0.13252633,0.00992108,0.00136423,-0.00218001
0.0867242,0.35274136,-0.93169327,0.14683569,-0.92952854,-0.338254,-0.98535177,-0.10747104,-0.13240755,0.00907203,-0.00263125,0.00709708
0.08683717,0.35249766,-0.93177496,0.14670723,-0.92963542,-0.33801585,-0.98536093,-0.10734581,-0.13244074,0.01400714,-0.00654697,0.00862129
0.08756941,0.35206343,-0.93187062,0.14656579,-0.92983711,-0.33752217,-0.9853172,-0.10702376,-0.13302566,0.00306188,-0.0054341,-0.00268979
0.08762583,0.35186822,-0.93193908,0.14642399,-0.92992549,-0.33734041,-0.9853333,-0.10689851,-0.13300742,-0.00101832,-0.00612622,-0.00409515
0.0875966,0.35182106,-0.93195958,0.14608073,-0.92997848,-0.33734282,-0.98538679,-0.10659128,-0.1328571,-0.01695604,0.00352192,0.00544252
0.08752434,0.35187237,-0.93194703,0.14566244,-0.93000233,-0.33745816,-0.98545517,-0.10621389,-0.13265238,0.00117809,0.00747931,0.00275752
0.08753794,0.35182441,-0.93196387,0.14549731,-0.93003803,-0.33743106,-0.98547836,-0.10606023,-0.13260309,,,
0.0873256046,0.351922571,-0.931946791,0.145228094,-0.930023291,-0.337587981,-0.985536969,-0.105864763,-0.132323964,0.000933312171,-0.00596517278,0.00146007328
0.0868740822,0.352019421,-0.931952349,0.144813061,-0.930015035,-0.337788583,-0.98563788,-0.105613809,-0.131771175,-0.0036159968,-0.000607371272,-0.0117715765
0.08639547,0.3520168,-0.93199782,0.14452166,-0.93002859,-0.33787599,-0.98572271,-0.10550293,-0.13122425,-0.00837604,-0.00316769,-0.01239929
0.08527103,0.3518122,-0.93217857,0.14405645,-0.93010883,-0.33785354,-0.98588866,-0.10547725,-0.12999203,,,
0.08428717,0.35170701,-0.93230783,0.14359656,-0.93015819,-0.33791393,-0.98604043,-0.10539438,-0.12890435,0.0174794,0.00138235,0.01053084
0.08409078,0.35160703,-0.93236327,0.14352578,-0.9301944,-0.33784437,-0.98606751,-0.10540856,-0.12868549,0.01433058,-0.0081327,0.00922421
0.0840909378,0.351509403,-0.932399995,0.143422552,-0.930240639,-0.33776043,-0.986082442,-0.10532462,-0.128639087,0.00419043517,-0.000126123414,-0.00357085979
0.08430093,0.35146388,-0.93239824,0.14322479,-0.93028644,-0.33771847,-0.9860933,-0.10507257,-0.12876234,-0.00437667,0.00123167,-0.003181
0.08449733,0.35146617,-0.9323796,0.14319229,-0.93029666,-0.33770413,-0.98608121,-0.10497447,-0.12893482,-0.00902313,0.00655413,-0.00458298
0.08469376,0.35132185,-0.93241616,0.14300475,-0.93037641,-0.33756382,-0.98609157,-0.10475039,-0.12903775,-0.01631374,0.00686765,0.00458669
0.08470755,0.35132279,-0.93241452,0.14289113,-0.93038859,-0.33757817,-0.98610683,-0.10463836,-0.12901177,0.00135097,0.00192857,0.00611929
0.08452481,0.35132152,-0.93243161,0.14281004,-0.93039069,-0.33760684,-0.98613428,-0.10462445,-0.1288133,,,
0.08490401,0.35122731,-0.93243262,0.14275519,-0.9304451,-0.3374799,-0.98610962,-0.10445622,-0.12913796,-0.00402434,0.00542343,-0.00781749
0.08491763,0.35122825,-0.93243109,0.14264156,-0.93045744,-0.33749427,-0.98612494,-0.1043442,-0.129112,-0.01624709,-0.00718439,-0.00392116
0.08407568,0.35107275,-0.93256592,0.14255198,-0.93049089,-0.33743979,-0.98621002,-0.10456864,-0.12827775,-0.00797314,0.00522613,-0.00196366
0.08386552,0.35097184,-0.93262285,0.14259488,-0.93051485,-0.33735577,-0.98622174,-0.10469471,-0.12808494,-0.00694827,-0.00109565,-0.00283207
0.08338911,0.35086732,-0.93270482,0.142719,-0.93052098,-0.33728593,-0.98624411,-0.10498875,-0.12767066,-0.0063983,-0.00270212,-0.01163881
0.08308174,0.3507142,-0.93278986,0.14298625,-0.93053602,-0.33713131,-0.98623136,-0.10536668,-0.1274578,,,
0.08287356,0.35046232,-0.93290295,0.14339367,-0.93057514,-0.33684966,-0.98618964,-0.1058565,-0.12737395,0.00938017,0.0091064,0.01023082
0.08311446,0.35021553,-0.93297427,0.1438009,-0.93062994,-0.33652498,-0.98611014,-0.10619247,-0.12771005,-0.00719353,-0.00114393,0.00462526
0.08333991,0.35021604,-0.93295397,0.1440604,-0.93061056,-0.3364676,-0.98605324,-0.10636055,-0.1280092,0.00197835,0.0023675,0.00906866
0.08387451,0.35017048,-0.93292325,0.14436539,-0.93061505,-0.3363249,-0.98596338,-0.10647273,-0.12860745,-0.00434397,0.00295925,0.00420094
0.08426951,0.35007357,-0.93292396,0.14471585,-0.93062735,-0.33613984,-0.98587826,-0.10668255,-0.12908468,-0.00299107,0.00425196,-0.00650309
0.08456528,0.34992866,-0.93295151,0.14477154,-0.93068494,-0.33595606,-0.98584471,-0.10665464,-0.12936323,-0.01200226,-0.00820869,0.00306764
0.083712516,0.349278089,-0.933272209,0.144798851,-0.930882892,-0.335395742,-0.985913532,-0.107059926,-0.128501602,0.00494917156,-0.000552654208,-0.00565461721
0.08319369,0.34917376,-0.93335765,0.14474484,-0.93090603,-0.33535493,-0.98596539,-0.10719928,-0.12798662,,,
0.08229609,0.34906495,-0.9334778,0.1446424,-0.93092091,-0.33535711,-0.98605564,-0.10742194,-0.12710055,0.01522421,-0.00217265,0.01420035
0.08172119,0.34891121,-0.9335858,0.14447175,-0.93097229,-0.33528821,-0.98612849,-0.10747667,-0.12648783,0.00672164,-0.00651568,0.00487611
0.08146865,0.34885942,-0.93362727,0.14438787,-0.93099023,-0.33527475,-0.98616171,-0.10749009,-0.12621751,0.01115094,0.00538516,-0.00522034
0.08128608,0.34880901,-0.93366202,0.14425525,-0.93101563,-0.33526128,-0.98619618,-0.1074336,-0.12599605,,,
0.08090733,0.34865791,-0.93375142,0.14405199,-0.93107737,-0.33517766,-0.98625711,-0.10739041,-0.12555589,0.00378039,-0.00734806,0.00139418
0.08024978,0.34815918,-0.93399414,0.1436823,-0.93127067,-0.33479865,-0.98636467,-0.10733093,-0.12475849,0.00205368,-0.0063163,0.0013454
0.07981488,0.34805666,-0.93406969,0.14346563,-0.93131418,-0.33477096,-0.98643157,-0.10728718,-0.12426693,0.00462814,-0.00852001,-0.01581616
0.07975851,0.34805653,-0.93407456,0.14340073,-0.93131911,-0.33478511,-0.98644558,-0.107245,-0.12419225,-0.00329033,0.00447702,-0.02366824
0.07981479,0.34800787,-0.93408792,0.14341409,-0.93133736,-0.3347288,-0.98643911,-0.10724503,-0.12424384,-0.00655607,0.01465356,-0.00099018
0.07957612,0.34805478,-0.93409067,0.14331949,-0.93132124,-0.33481336,-0.98647201,-0.10723029,-0.12399383,-0.00340375,0.00766945,0.01887228
0.0793936,0.34800415,-0.93412501,0.14318677,-0.9313466,-0.33479933,-0.98650595,-0.10717348,-0.12377234,0.00853103,0.00915885,0.01245651
0.0791572853,0.347655271,-0.934275046,0.14319908,-0.931461201,-0.334475557,-0.986523225,-0.107311168,-0.123515785,0.0041078846,0.000367164583,0.00448034611
0.0794390328,0.347265118,-0.934396284,0.143111032,-0.931621442,-0.334067059,-0.986513411,-0.107184443,-0.123704611,-0.00612220541,-0.00049197668,0.00808464549
0.07955191,0.34716765,-0.93442281,0.14313766,-0.93165759,-0.33395432,-0.98650037,-0.10718441,-0.12380779,-0.0173059,0.00463152,0.00832958
0.07950889,0.34721768,-0.93440792,0.14301071,-0.9316519,-0.33402478,-0.98652228,-0.10707241,-0.1237304,-0.0058299,0.01575112,-0.01000376
0.07948209,0.34692178,-0.9345201,0.14292833,-0.93176552,-0.33374298,-0.98653638,-0.10704282,-0.12364357,-0.02381135,0.00423789,0.00212866
0.07737163,0.34585921,-0.93509088,0.14238136,-0.93212208,-0.3329802,-0.98678321,-0.10737631,-0.12136364,0.00536113,0.00584984,-0.00856822
0.07671488,0.34565212,-0.93522168,0.14232124,-0.93217714,-0.33285244,-0.98684327,-0.10756714,-0.12070564,,,
0.0751805,0.34503473,-0.93557402,0.14225437,-0.932344,-0.33241235,-0.98697082,-0.10809861,-0.11917661,0.00660589,-0.00623488,-0.0076573
0.07455125,0.34512292,-0.93559186,0.14227586,-0.93228582,-0.33256638,-0.98701547,-0.10831893,-0.11860558,0.00616913,0.00255585,-0.01051205
0.07418694,0.34546057,-0.93549627,0.14247384,-0.93212989,-0.33291895,-0.98701443,-0.10858552,-0.11837093,0.00755714,-0.00298154,-0.01731435
0.07425662,0.34565762,-0.93541788,0.14263122,-0.93204501,-0.33308876,-0.98698639,-0.10868579,-0.11851194,0.00390466,0.00184202,-0.00865116
0.07432599,0.34600119,-0.93528543,0.1429432,-0.93189112,-0.33338597,-0.98693612,-0.10891344,-0.11872226,0.00938002,-0.00435734,0.00358007
0.07489893,0.34635249,-0.93510965,0.14332063,-0.93174666,-0.33362743,-0.98683803,-0.10903218,-0.11942624,0.00925599,-0.00919312,0.01814946
0.0762808,0.34716039,-0.93469827,0.14380524,-0.93145909,-0.33422136,-0.98666167,-0.10891985,-0.12097588,-0.00571384,-0.00181437,-0.00324821
0.077103271,0.347813356,-0.934388042,0.144004994,-0.931235938,-0.334757093,-0.986568652,-0.108745664,-0.121888252,-0.0111771794,0.00287008262,0.000761533622
0.07719978,0.34815945,-0.93425113,0.14408973,-0.93110626,-0.33508095,-0.9865487,-0.10874782,-0.12204738,-0.01380349,0.0032804,0.0102491
0.0771113648,0.349191826,-0.93387309,0.144294783,-0.930709305,-0.336094172,-0.986525668,-0.108836324,-0.122154862,-0.0119841518,0.000761508883,0.00251051574
0.07732069,0.34944033,-0.93376272,0.14440642,-0.93061561,-0.336305,-0.98649285,-0.10883803,-0.12241713,-0.00532223,0.0021497,-0.00229486
0.07765574,0.3495933,-0.9336777,0.1444316,-0.93057114,-0.3364175,-0.98646289,-0.10872783,-0.12275645,-0.00755318,-0.00911534,0.01928223
0.07779523,0.34969401,-0.93362836,0.14443746,-0.93053971,-0.33650182,-0.98645103,-0.10867269,-0.12290038,-0.00615446,0.00484097,0.01610699
0.07692464,0.35012702,-0.93353821,0.14415261,-0.93038031,-0.33706431,-0.98656097,-0.10864344,-0.12204083,-0.00811034,0.0075562,-0.00892356
0.07618034,0.35065888,-0.93339956,0.14398647,-0.93017665,-0.33769655,-0.98664294,-0.10867111,-0.12135116,0.00681021,-0.00268936,-0.00479345
0.076137755,0.350854965,-0.933329426,0.144013581,-0.930101165,-0.337893285,-0.986642343,-0.108685681,-0.121343677,0.00189113989,-0.000484466524,0.00527544646
0.07717243,0.35116452,-0.93312792,0.14422767,-0.93000656,-0.33806185,-0.9865306,-0.10849385,-0.12241834,0.00119971,-0.00983745,0.01556296
0.0775640301,0.351220026,-0.933074579,0.144215251,-0.930003439,-0.338075822,-0.986501717,-0.108341097,-0.122785963,1.00659672e-05,-0.00145459163,0.00798358954
0.07798266,0.35152166,-0.93292614,0.144233,-0.92990892,-0.33832846,-0.98646617,-0.108175,-0.12321775,-0.0014097,0.00209641,-0.01151943
0.07842898,0.35197185,-0.93271889,0.14417791,-0.92976916,-0.33873538,-0.98643877,-0.10791084,-0.12366723,0.00392051,0.00728846,-0.0044319
0.07851231,0.35212078,-0.93265573,0.14417027,-0.92971935,-0.33887572,-0.98643332,-0.10785532,-0.12375972,,,
0.0791274,0.35252235,-0.932452,0.14425899,-0.92958803,-0.33919788,-0.98637117,-0.10767476,-0.12441029,0.01187278,-0.00402945,0.00693429
0.0810178483,0.352940246,-0.932131577,0.144399143,-0.929495705,-0.339391504,-0.986197233,-0.107102235,-0.126269998,-0.0175633449,0.000455498666,0.00876195915
0.081872337,0.353098867,-0.931996849,0.144376696,-0.929474152,-0.339460169,-0.986129964,-0.106766225,-0.127077484,-0.0119386949,-0.000444889039,-0.000993512571
0.08210995,0.35329979,-0.93189971,0.14420992,-0.92942816,-0.33965645,-0.98613453,-0.10650004,-0.12726451,-0.01104573,0.00220859,0.00161019
0.0817725,0.35349383,-0.93185587,0.14402607,-0.92936412,-0.33990998,-0.9861895,-0.10641625,-0.12690874,-0.00132134,0.00786781,0.00295987
0.08132293,0.35368754,-0.93182172,0.14371193,-0.92930964,-0.34019186,-0.98627252,-0.10624849,-0.12640331,-0.00448379,-0.01005816,-0.00512188
0.08092963,0.35373531,-0.9318379,0.14330809,-0.92932034,-0.34033335,-0.98636369,-0.10599682,-0.12590281,0.00673472,0.00545931,0.00397242
0.0808874521,0.353736306,-0.931841118,0.143129383,-0.92933738,-0.340361665,-0.986393037,-0.105842851,-0.125801814,0.00373643334,0.000562190951,0.00606030365
0.08127979,0.35359562,-0.93186036,0.14291069,-0.9294275,-0.34020735,-0.98639248,-0.10552083,-0.12607626,0.01250583,0.0043205,0.00873042
0.08192469,0.3536036,-0.93180079,0.14287946,-0.92945295,-0.34015059,-0.98634359,-0.10526849,-0.12666772,-0.00385344,0.0071677,-0.0034316
0.08213472,0.35360727,-0.93178095,0.14273375,-0.9294754,-0.34015063,-0.98634726,-0.10505842,-0.12681385,-0.00754804,0.00621939,-0.00196562
0.0825411898,0.353662024,-0.931724235,0.142607343,-0.929484616,-0.340178391,-0.986331599,-0.104792007,-0.127155498,-0.00360718183,0.000150442109,-0.00375464791
0.08265307,0.35371495,-0.93169418,0.14226933,-0.92950537,-0.34026293,-0.986371,-0.10442778,-0.1271491,-0.00543991,-0.00211215,0.00134387
0.0827371056,0.353619611,-0.93172289,0.142003856,-0.929571457,-0.340193169,-0.986402188,-0.104161693,-0.127125214,-0.00902449246,0.00124657142,-0.000232207356
0.08279283,0.35386729,-0.93162392,0.14180714,-0.92950392,-0.34045977,-0.98642583,-0.10392333,-0.12713702,-0.00106522,0.00306845,-0.00665581
0.082694469,0.354014295,-0.931576837,0.14171806,-0.929455851,-0.340628247,-0.986446915,-0.103853214,-0.127030983,-0.000419673859,0.00624370528,0.00403443258
0.0825963,0.35416117,-0.93152967,0.14162893,-0.92940763,-0.34079657,-0.9864679,-0.10378306,-0.12692492,0.00351653,-0.0022164,-0.00636905
0.08259607,0.35411252,-0.9315483,0.14157738,-0.92943108,-0.34075468,-0.98647542,-0.10374116,-0.12690169,-0.00233914,-0.00431645,-0.00275645
0.08248397,0.35411226,-0.93155826,0.14144718,-0.92944041,-0.34078293,-0.98650342,-0.10365718,-0.12675202,0.00463172,0.00468564,-0.00396802
0.08244193,0.35425929,-0.93150605,0.14142307,-0.92938747,-0.34093713,-0.98651036,-0.10362897,-0.12672079,-0.00245501,0.0039382,-0.00816752
0.0823577083,0.354650763,-0.931364566,0.141478106,-0.929235145,-0.34132946,-0.986509535,-0.103656605,-0.126704911,0.00115220831,-0.000939607562,-0.00667586364
0.08244182,0.35484769,-0.93128213,0.14152218,-0.92916161,-0.34151145,-0.98649621,-0.10364227,-0.12682055,0.00739997,-0.0025968,-0.00390461
0.08249811,0.35479901,-0.9312956,0.14153565,-0.92918,-0.34145527,-0.98648948,-0.10364217,-0.12687208,0.00672708,-0.0054034,0.00225339
0.0824558046,0.354601252,-0.931374769,0.141670474,-0.929236906,-0.341245046,-0.986473763,-0.103810678,-0.126857475,-0.00178357074,-0.000521063746,0.0103875436
0.0824417973,0.354502855,-0.931413465,0.14168101,-0.929271301,-0.341146991,-0.98647342,-0.103838837,-0.126837087,-0.0119209597,-0.00181746471,-0.000228932593
0.0824277204,0.354944067,-0.931246685,0.141739019,-0.92910298,-0.341581205,-0.986466284,-0.10383823,-0.126893272,-0.000770709943,0.00241017318,-0.01203507
0.08239975,0.35533535,-0.93109991,0.14185904,-0.92894561,-0.34195908,-0.98645135,-0.1039076,-0.1269524,,,
0.0824138703,0.355482348,-0.931042519,0.141900048,-0.928887772,-0.34209898,-0.986444245,-0.103921297,-0.126996122,0.0065590227,0.000602245273,0.00179295638
0.08252601,0.35548262,-0.93103249,0.14203033,-0.9288783,-0.34207067,-0.98641613,-0.10400514,-0.12714587,0.00538475,0.00430059,0.00160303
0.08263821,0.35543413,-0.93104104,0.14210896,-0.92889214,-0.34200036,-0.9863954,-0.104047,-0.12727227,-0.00249486,0.0011692,0.00968695
0.0827504119,0.355288345,-0.931086702,0.142084572,-0.928952569,-0.341846247,-0.986389491,-0.104005166,-0.127352092,-0.00271560159,-0.000162601456,0.00595796667
0.0828486236,0.355190174,-0.931115405,0.142225257,-0.928977529,-0.341719793,-0.986360955,-0.104117149,-0.127481385,-0.00740196556,-0.0006949901,-0.00498271268
0.0831291445,0.355142106,-0.931108771,0.142499161,-0.928977175,-0.341606814,-0.986297849,-0.104284757,-0.127832448,-0.000775561668,-0.00325059867,-0.0065602758
0.0837748095,0.355047932,-0.931086844,0.142884513,-0.928996055,-0.341394594,-0.986187488,-0.104437632,-0.128557284,-0.0124544781,-0.00135231006,0.000756475609
0.08399942,0.35495095,-0.93110361,0.14304146,-0.92902376,-0.3412536,-0.98614566,-0.10452131,-0.12881018,-0.00615207,-0.00156617,0.0053248
0.08399942,0.35495095,-0.93110361,0.14304146,-0.92902376,-0.3412536,-0.98614566,-0.10452131,-0.12881018,-0.00615207,-0.00156617,0.0053248
0.083957691,0.354948019,-0.931108435,0.143382274,-0.928986908,-0.341210574,-0.98609966,-0.104857215,-0.128888764,-0.00463832309,0.000705838145,0.00633281237
0.08423865,0.35504596,-0.93104581,0.14381052,-0.92891657,-0.34122236,-0.98601342,-0.10515005,-0.12931009,,,
0.08467397,0.35514703,-0.93096773,0.14402789,-0.92887327,-0.34124832,-0.98594436,-0.10519046,-0.12980247,-0.00211733,-0.00747889,-0.00831929
0.085418384,0.355299117,-0.930841651,0.144394512,-0.928807448,-0.341272369,-0.98582649,-0.105257505,-0.13064042,0.000823530136,0.00020062922,-0.00641481811
0.0856433933,0.355348287,-0.930802208,0.144705914,-0.928764959,-0.341256116,-0.985761307,-0.105466266,-0.130963531,-0.000904201064,-0.00266367174,0.00558981625
0.0858122549,0.355397284,-0.930767918,0.144952267,-0.92872718,-0.341254205,-0.985710397,-0.105633154,-0.131211712,-0.00124293496,-0.000819444598,0.00788188539
