0,1,2,3,4,5,6,7,8,9,10,11
-0.73928281,0.15326745,-0.65572079,-0.01940438,-0.97819788,-0.20676573,-0.67311524,-0.14013452,0.7261392,-0.00447494,-0.00690573,-0.0042936
-0.73928281,0.15326745,-0.65572079,-0.01940438,-0.97819788,-0.20676573,-0.67311524,-0.14013452,0.7261392,,,
-0.73921281,0.15339715,-0.65576916,-0.01943018,-0.97816678,-0.20690967,-0.67319117,-0.14020862,0.72605448,-0.00531345,0.00445723,0.00149678
-0.73917782,0.153462,-0.65579335,-0.01944307,-0.97815123,-0.20698164,-0.67322914,-0.14024567,0.72601211,-0.00215485,0.00783455,-0.0013317
-0.739205158,0.153531086,-0.655746963,-0.0194545759,-0.978130503,-0.207080654,-0.673199371,-0.140317795,0.726025857,-0.00328758289,0.0059949155,7.38564413e-05
-0.73925066,0.15374761,-0.65564467,-0.01955896,-0.97808064,-0.20730528,-0.67314612,-0.14042686,0.72605411,-0.0020921,0.00482404,-0.00180785
-0.739358056,0.153968288,-0.655471625,-0.0196620864,-0.97802514,-0.207556733,-0.673025028,-0.140570841,0.726138479,-0.00300450437,0.00446748687,0.00091181288
-0.73944684,0.15404145,-0.65535447,-0.01967233,-0.97799839,-0.20768249,-0.67292737,-0.14067783,0.72620829,-0.00424651,0.00469005,0.00258334
-0.739562066,0.154128172,-0.655203738,-0.0197511066,-0.977979485,-0.207762919,-0.672798132,-0.140712627,0.726321244,-0.00229339069,0.000720500888,-0.00462916726
-0.73970458,0.15425626,-0.65501305,-0.01986982,-0.97795452,-0.20787038,-0.6726383,-0.14074769,0.72646253,,,
-0.73970458,0.15425626,-0.65501305,-0.01986982,-0.97795452,-0.20787038,-0.6726383,-0.14074769,0.72646253,-0.00397047,0.00134087,0.00334336
-0.73964273,0.15430744,-0.6550707,-0.0198143,-0.97793065,-0.20798745,-0.67270781,-0.14085666,0.72637701,-0.0027046,0.00600243,0.00221544
-0.73961604,0.15423851,-0.65511725,-0.01980267,-0.97795202,-0.20788872,-0.67273768,-0.14078476,0.72636332,,,
-0.739677784,0.154214959,-0.655053069,-0.0198297963,-0.977961059,-0.207843565,-0.672668979,-0.140747699,0.726434119,-0.000133231093,0.00589203788,-0.000710001797
-0.739801504,0.154112543,-0.654937766,-0.0199408659,-0.978008816,-0.207609233,-0.672529936,-0.140529555,0.726605116,0.00024978671,0.00286698318,-0.0046541756
-0.73992447,0.15403776,-0.65481574,-0.02002352,-0.97804108,-0.20744672,-0.67239151,-0.14038323,0.7267614,,,
-0.73992447,0.15403776,-0.65481574,-0.02002352,-0.97804108,-0.20744672,-0.67239151,-0.14038323,0.7267614,,,
-0.739924472,0.154037755,-0.654815738,-0.0200235242,-0.97804108,-0.207446719,-0.672391507,-0.140383235,0.726761399,-0.00191309117,0.00478362991,-0.000707044615
-0.73986045,0.1537015,-0.6549675,-0.01979762,-0.97810495,-0.20716863,-0.67246905,-0.14030907,0.72670403,-0.00486373,-0.00190556,-0.00217459
-0.73989269,0.1532214,-0.65504359,-0.01964275,-0.97822221,-0.20662907,-0.67243815,-0.14001647,0.72678906,,,
-0.73977726,0.15313461,-0.65519425,-0.01956415,-0.97824081,-0.20654853,-0.67256744,-0.13998158,0.72667614,-0.00259308,0.00554347,0.00150806
-0.73965364,0.15315401,-0.65532912,-0.01953839,-0.97823731,-0.20656693,-0.67270399,-0.13998392,0.72654926,-0.00802934,0.00782037,-0.00221343
-0.739529984,0.15317331,-0.655463982,-0.0195126629,-0.978233856,-0.206585158,-0.672840509,-0.139986102,0.726422393,-0.00574339135,0.0031726358,-6.85731648e-05
-0.73941455,0.15308645,-0.65561462,-0.0194341,-0.97825255,-0.20650448,-0.67296977,-0.13995115,0.7263094,-0.00698059,0.00281143,0.00429624
-0.739414593,0.153114157,-0.655608158,-0.0194056574,-0.978237954,-0.206576526,-0.672970595,-0.140023197,0.726294756,-0.00405293936,0.000833034457,0.00350684859
-0.73934449,0.15318849,-0.65566954,-0.01948835,-0.97823608,-0.2065765,-0.67304491,-0.13995332,0.72623931,-0.00373162,-0.00136954,-0.00470291
-0.739363567,0.153363729,-0.655607366,-0.0195527631,-0.978193233,-0.206774315,-0.673022393,-0.140062466,0.726239185,-0.00285391393,0.00737130595,6.53202296e-05
-0.73935537,0.15346993,-0.65559156,-0.01960562,-0.97817111,-0.20687323,-0.67302967,-0.14009959,0.72622526,-0.00410149,0.00768805,0.00231783
-0.73944441,0.15348779,-0.6554874,-0.0196727,-0.97817396,-0.20685505,-0.67293033,-0.14006258,0.72632451,-0.00209256,0.00769532,-0.00485541
-0.73953293,0.15347788,-0.6553897,-0.01976821,-0.97819102,-0.20676467,-0.6728301,-0.13995339,0.72643838,0.00433179,-0.0033623,-0.00351696
-0.73955967,0.1534915,-0.65535618,-0.01983664,-0.97819908,-0.20671944,-0.67279854,-0.13988131,0.72648147,,,
-0.7395782,0.1536113,-0.65530686,-0.01995794,-0.97818501,-0.20677311,-0.67277426,-0.13984636,0.72651064,,,
-0.73959714,0.1537035,-0.65526411,-0.02010767,-0.97818599,-0.20675486,-0.67274921,-0.1397395,0.72655443,,,
-0.739615696,0.153850966,-0.655208301,-0.0202005876,-0.978157321,-0.206880467,-0.672725779,-0.139776506,0.726568966,-0.00315569923,6.43730091e-05,0.00932886172
-0.73948678,0.15428095,-0.65525301,-0.02048328,-0.9780889,-0.20717703,-0.67285923,-0.13978296,0.72644418,,,
-0.739347215,0.154512681,-0.655356281,-0.0205632668,-0.978041708,-0.207393206,-0.673010532,-0.13985929,0.726289374,-0.00717103947,-0.00135123718,0.000408889609
-0.73933074,0.15469728,-0.65533103,-0.02069753,-0.97801202,-0.20751876,-0.67302424,-0.13986127,0.72627625,-0.00388435,0.00178146,0.00485283
-0.73937605,0.15485839,-0.65524167,-0.02085885,-0.97799139,-0.20759921,-0.6729693,-0.13982633,0.72633386,0.0037675,0.00993228,0.0025751
-0.739335137,0.155029215,-0.655247508,-0.0214930533,-0.978071474,-0.207156974,-0.672994356,-0.13907518,0.726454857,0.000125903869,0.00490403129,0.00309054251
-0.73920336,0.15501611,-0.65539926,-0.02166243,-0.97811916,-0.20691402,-0.67313366,-0.13875402,0.7263872,,,
-0.7391683,0.15502554,-0.65543656,-0.02173225,-0.97813284,-0.20684197,-0.6731699,-0.13864693,0.72637406,-0.00322468,0.00206578,0.00337181
-0.739125072,0.154836233,-0.655530063,-0.0221680228,-0.978284745,-0.206075965,-0.673203165,-0.137784128,0.726507399,-0.00415599346,0.00463259174,-0.000342674495
-0.7391867,0.15472961,-0.65548553,-0.02228051,-0.97833711,-0.20581428,-0.67313157,-0.13753067,0.72662172,,,
-0.739417569,0.154654271,-0.655243154,-0.0226937279,-0.978430465,-0.205325783,-0.672864421,-0.136951594,0.726978481,6.65252446e-05,-0.00500547839,0.00417267578
-0.739709602,0.154555695,-0.654936521,-0.0231338936,-0.978531997,-0.204791366,-0.672528164,-0.136334947,0.727405381,-0.000260614674,0.00144839275,0.00880684704
-0.739895151,0.154430197,-0.65475695,-0.0232718189,-0.978587765,-0.204510678,-0.672319694,-0.136079056,0.727646032,0.00750725903,0.000174760804,0.00442802161
-0.74001841,0.15416181,-0.65468073,-0.02355341,-0.97872043,-0.20384189,-0.67217405,-0.13542679,0.72790221,0.00449763,-0.0109747,-0.00103267
-0.73994829,0.15404186,-0.65478799,-0.02383547,-0.97881864,-0.20333611,-0.67224108,-0.13485105,0.72794716,,,
-0.739851683,0.153963621,-0.654915702,-0.0239922963,-0.978880463,-0.203020394,-0.672341984,-0.13449206,0.727920411,0.000371178379,0.000520944537,0.00745271286
-0.73981468,0.15336302,-0.65509828,-0.0241199,-0.97909377,-0.20197357,-0.67237802,-0.13362213,0.72804731,0.01032715,0.00267076,0.00672672
-0.7394134,0.15240721,-0.65577421,-0.02386381,-0.97936121,-0.20070398,-0.67282857,-0.13275395,0.72778987,0.00757106,0.00133157,0.0132906
-0.73901354,0.15200571,-0.65631797,-0.02360719,-0.97945746,-0.20026435,-0.67327685,-0.13250424,0.72742072,-0.00737569,0.00993514,0.0140737
-0.73816895,0.15137295,-0.6574134,-0.02316085,-0.97961257,-0.19955518,-0.67421786,-0.13207923,0.72662595,-0.01443989,0.01134956,0.00933312
-0.73754397,0.1505489,-0.65830362,-0.02284048,-0.97983636,-0.19849114,-0.67491255,-0.13136,0.72611126,-0.01554659,0.00792539,0.00124494
-0.737417314,0.150010813,-0.658568567,-0.0228184692,-0.980001576,-0.197677359,-0.675051938,-0.130743172,0.726093052,-0.00605725357,0.00194025028,0.000200280454
-0.73760209,0.14827575,-0.65875427,-0.02274057,-0.98049326,-0.19523197,-0.67485239,-0.12902308,0.72658602,-0.00176244,-0.01308191,-0.00793248
-0.73783246,0.14686964,-0.65881139,-0.02265133,-0.9808781,-0.19330013,-0.67460363,-0.12770017,0.72705061,-0.00679898,-0.01032323,0.01118829
-0.73791835,0.14635863,-0.65882929,-0.02269213,-0.98103098,-0.19251937,-0.67450867,-0.1271133,0.72724159,-0.00164303,-0.00436676,0.01287965
-0.737953647,0.145183541,-0.659049382,-0.022518673,-0.981338165,-0.190966592,-0.674475543,-0.126083582,0.727451484,0.00242595142,-0.000430881948,0.0130148726
-0.738023392,0.143942838,-0.659243233,-0.0223324578,-0.98165754,-0.189339383,-0.67440525,-0.125014398,0.727701115,-0.00726885954,0.000979900244,0.00897797663
-0.73801932,0.14346861,-0.65935105,-0.02225014,-0.9817784,-0.18872097,-0.67441232,-0.12460911,0.72776406,-0.00836627,0.0099504,0.01397128
-0.73801886,0.14238486,-0.6595867,-0.02206184,-0.98205294,-0.18731036,-0.67441926,-0.12368689,0.72791497,-0.00374683,0.00397992,0.00643015
-0.73821121,0.14115298,-0.65963598,-0.02187139,-0.98235637,-0.18573401,-0.67421468,-0.12268381,0.72827412,-0.00934722,-0.0031907,-0.0068944
-0.73836584,0.14062367,-0.65957645,-0.02177116,-0.98247944,-0.18509572,-0.67404906,-0.1223086,0.72849057,-0.0101939,-0.01083809,-0.01128561
-0.73881735,0.13969587,-0.65926785,-0.02168612,-0.98270072,-0.18392698,-0.67355678,-0.12159147,0.7290657,-0.01322322,-0.01831144,0.00257242
-0.73919904,0.13889791,-0.65900858,-0.02162703,-0.98289302,-0.18290369,-0.67313982,-0.12094982,0.72955737,0.00678124,-0.00288498,0.01920084
-0.73924853,0.13856305,-0.65902341,-0.02156608,-0.98297233,-0.18248358,-0.67308727,-0.12068817,0.72964915,0.00273665,0.01235747,0.0140791
-0.73949327,0.13758311,-0.65895394,-0.02128112,-0.98317965,-0.18139611,-0.67282726,-0.12011795,0.72998295,-0.00188335,0.00541305,-0.00790193
-0.74001409,0.13616847,-0.658663,-0.02080343,-0.98345704,-0.17994182,-0.6722693,-0.11945706,0.73060519,0.00590922,-0.01770901,-0.01397904
-0.74021609,0.13541636,-0.65859132,-0.02052638,-0.98360334,-0.17917336,-0.67205564,-0.11910851,0.73085865,0.00585828,-0.02200615,-0.01364733
-0.74065864,0.13418169,-0.65834631,-0.02018457,-0.98385631,-0.17781771,-0.67157812,-0.1184138,0.73141026,-0.00486491,-0.00738013,-0.00987353
-0.74100999,0.13348205,-0.65809287,-0.01994082,-0.98398513,-0.17713005,-0.67119747,-0.11813227,0.73180506,-0.01926018,0.02073359,0.00483886
-0.74120943,0.13325591,-0.65791418,-0.01985579,-0.98402164,-0.17693708,-0.67097985,-0.11808406,0.73201239,-0.00278448,0.01575935,0.00186306
-0.74186843,0.13247044,-0.65732975,-0.01971227,-0.98417613,-0.17609175,-0.67025536,-0.11767948,0.73274091,0.00943689,0.01803005,0.00199279
-0.74193886,0.13117522,-0.6575102,-0.01941477,-0.98446635,-0.17449619,-0.6701863,-0.11670011,0.7329607,0.00227425,-0.0157206,-0.01189857
-0.74209027,0.13064527,-0.6574452,-0.01931294,-0.98458235,-0.17385338,-0.67002193,-0.11631768,0.73317178,0.00677571,-0.02195507,-0.01330023
-0.74186439,0.13041506,-0.65774544,-0.01905193,-0.98460799,-0.17373555,-0.67027918,-0.1163569,0.73293034,0.00207518,0.0154221,0.01082247
-0.74179637,0.12951932,-0.65799914,-0.01866537,-0.98478007,-0.17279984,-0.67036537,-0.11590049,0.73292383,0.00239769,0.03251183,-0.02248858
-0.7419333,0.12864802,-0.6580156,-0.01850531,-0.98497433,-0.1717061,-0.67021817,-0.1152177,0.73316605,-0.00873229,0.01173115,-0.04138136
-0.74246666,0.12726809,-0.65768224,-0.0182309,-0.98526204,-0.17007694,-0.66963478,-0.11428633,0.73384459,-0.03307372,-0.00773907,-0.02839022
-0.74412575,0.12616461,-0.65601782,-0.01796243,-0.98542809,-0.1691415,-0.66779805,-0.11407887,0.73554862,0.00676232,0.0041331,0.02114785
-0.744752446,0.125667557,-0.655401566,-0.0181692421,-0.985563602,-0.168327016,-0.667093266,-0.113453827,0.736284433,-0.000282137975,0.0235286932,0.00172351743
-0.74522943,0.12539185,-0.65491219,-0.0187932,-0.98571935,-0.16734446,-0.66654325,-0.11240213,0.73694359,-0.0237397,0.00344777,-0.02160814
-0.746874169,0.125136303,-0.65308493,-0.0200114946,-0.985918576,-0.166024556,-0.664664247,-0.110930243,0.738861237,0.000112585723,-0.00501161767,0.0150391702
-0.747626684,0.124735698,-0.65230017,-0.0206929702,-0.986101707,-0.164849663,-0.663796887,-0.109747966,0.739816937,0.00252279826,0.0084006777,0.000406134641
-0.74783629,0.12457063,-0.65209102,-0.02095055,-0.98617684,-0.16436524,-0.66355227,-0.10925665,0.74010899,0.00642412,0.00605464,-0.00802
-0.74808694,0.12456466,-0.65180482,-0.02153475,-0.98626403,-0.16376648,-0.66325119,-0.10847512,0.74049376,-0.00237902,0.00502062,-0.01065306
-0.74858723,0.12453011,-0.65123668,-0.02199611,-0.98632742,-0.16332228,-0.66267121,-0.10793632,0.74109148,0.02942706,-0.00448137,0.01491491
-0.74843173,0.12447179,-0.65142649,-0.02213027,-0.98637016,-0.16304567,-0.66284233,-0.10761233,0.74098556,0.02244014,-0.00560141,0.02202686
-0.74744371,0.12442772,-0.65256848,-0.0224594,-0.98647428,-0.1623701,-0.66394537,-0.10670621,0.74012858,0.01722992,-0.01451588,-0.00166692
-0.746494202,0.124793537,-0.653584625,-0.0228595268,-0.986485202,-0.162247509,-0.664999046,-0.106176198,0.739258322,-0.00853105076,0.000824928225,-0.00816668198
-0.74600507,0.12530294,-0.65404551,-0.02305109,-0.98640865,-0.16268544,-0.66554114,-0.10628771,0.73875429,-0.01542221,0.01474523,-0.00982562
-0.74578755,0.12526595,-0.65430056,-0.02316078,-0.9864439,-0.16245563,-0.66578101,-0.10600329,0.73857899,0.00191849,0.0234189,-0.00166271
-0.74562458,0.12428661,-0.65467262,-0.02293399,-0.98665621,-0.16119206,-0.66597105,-0.10517455,0.7385261,-0.00174107,-0.00958615,0.00766164
-0.745427777,0.123899387,-0.654970586,-0.0229143527,-0.986756285,-0.160583549,-0.666192509,-0.104695204,0.738394522,-0.00273154606,-0.00754076196,0.000598338142
-0.74506715,0.12361565,-0.65543436,-0.02302603,-0.986857,-0.15994741,-0.66659195,-0.1040795,0.73812102,0.0014651,-0.00215429,-0.00723684
-0.744658646,0.123752091,-0.655872702,-0.0231137765,-0.986852937,-0.159959758,-0.667045226,-0.103955716,0.737728871,-0.00066718203,0.0193521958,0.000606199319
-0.74450854,0.1236411,-0.65606376,-0.02313939,-0.98688946,-0.15972934,-0.66721162,-0.10373896,0.73760887,-0.00710921,0.02185654,0.00954548
-0.744099475,0.123135783,-0.656622672,-0.0231502393,-0.987029185,-0.158862223,-0.667667447,-0.103008341,0.737298738,-0.0153966872,-0.00399827911,-0.00073726126
-0.74391524,0.12277788,-0.65689827,-0.02350656,-0.98717692,-0.15788839,-0.66786015,-0.10201419,0.73726241,-0.01850864,-0.01047277,-0.02380337
-0.74412018,0.12277619,-0.65666681,-0.02375982,-0.98720875,-0.15765311,-0.66762321,-0.10171057,0.73751897,-0.01198477,0.0025146,-0.01934554
-0.74478783,0.12296974,-0.65587293,-0.02448211,-0.98724752,-0.15729815,-0.66685192,-0.10109662,0.73830072,0.00917302,0.01134133,0.01480555
-0.74511471,0.12266944,-0.65555802,-0.02504409,-0.98739247,-0.15629763,-0.66646598,-0.10004181,0.73879276,0.02696839,0.00323629,0.00510693
-0.74497169,0.12233743,-0.65578242,-0.02513252,-0.98748967,-0.15566738,-0.66662237,-0.09948634,0.73872664,,,
-0.74449493,0.12201643,-0.65638337,-0.02511489,-0.98757987,-0.15509697,-0.66715544,-0.09898392,0.73831279,0.00490235,-0.01070058,-0.00406148
-0.74414726,0.12224252,-0.65673537,-0.02511394,-0.9875384,-0.15536049,-0.66754316,-0.09911789,0.73794426,-0.00450018,0.01107955,-0.00570176
-0.743956222,0.12233117,-0.656935144,-0.0251780204,-0.987533552,-0.155380334,-0.667753521,-0.0990558722,0.737762226,-0.000896220794,0.0158448201,-0.00425195415
-0.74369708,0.12190677,-0.65730758,-0.02519349,-0.98764518,-0.15466779,-0.66804177,-0.09846613,0.73758023,,,
-0.74332843,0.12128286,-0.65783992,-0.02508315,-0.98778811,-0.15377107,-0.66845623,-0.09780171,0.73729309,-0.00337767,-0.01168352,0.01510281
-0.74317825,0.12114214,-0.65803565,-0.02513892,-0.98783435,-0.15346534,-0.66862124,-0.09750978,0.73718214,-0.00228734,-0.00516492,-0.00101375
-0.74306861,0.12080063,-0.65822195,-0.0251574,-0.98792003,-0.15290844,-0.66874213,-0.09706231,0.7371315,-0.00775281,0.00207901,-0.01018756
-0.74327348,0.12044041,-0.65805683,-0.02504566,-0.98798067,-0.15253549,-0.66851881,-0.09689411,0.73735619,0.00648802,0.01080823,0.01076949
-0.74325931,0.12015422,-0.6581248,-0.02493074,-0.9880305,-0.15222955,-0.66853851,-0.09673851,0.73735871,0.00691169,0.0054456,0.02028507
-0.7428823,0.119249038,-0.65871492,-0.0245388456,-0.988195156,-0.151221493,-0.66897199,-0.0961756815,0.737039133,-0.000585666625,-0.011640667,-0.00937966723
-0.7425804,0.1186931,-0.65915571,-0.02420037,-0.98828395,-0.15069545,-0.66931954,-0.09595168,0.73675276,-0.00894937,-0.00706714,-0.01437117
-0.74265531,0.11856997,-0.65909362,-0.02400444,-0.98828165,-0.15074262,-0.66924362,-0.09612862,0.73679868,0.00278845,-0.0026387,-0.00705629
-0.74266834,0.11852595,-0.65908663,-0.02372577,-0.98825102,-0.15098625,-0.66923887,-0.09649538,0.73675501,0.00707938,0.018754,0.01183402
-0.742344796,0.117819578,-0.659577652,-0.0232964417,-0.98836131,-0.150330021,-0.669612879,-0.0962309013,0.736449723,0.000131782843,0.00684285117,-0.00976246502
-0.742096619,0.117320263,-0.65994559,-0.0230648054,-0.988449558,-0.149783345,-0.669895694,-0.0959322247,0.736231424,0.000426978339,-0.00578921987,-0.0215434693
-0.74193767,0.11692727,-0.66019406,-0.02280982,-0.98850734,-0.14944092,-0.67008051,-0.09581696,0.73607823,-0.00148452,-0.01627022,-0.00704318
-0.741829162,0.117286665,-0.660252527,-0.0228454828,-0.98843472,-0.149916526,-0.670199706,-0.0961286583,0.735929104,0.00990744773,0.000355482072,0.0228074584
-0.74088992,0.11748972,-0.66127011,-0.02292615,-0.98843059,-0.14993069,-0.67123497,-0.09592176,0.73501198,-0.00113167,0.0121851,-0.00270625
-0.740352881,0.117078718,-0.661944018,-0.0228366875,-0.988527988,-0.149300224,-0.671830183,-0.0954182637,0.734533535,-0.00342561817,0.0123929968,9.57950833e-05
-0.74009078,0.11679389,-0.66228756,-0.02271085,-0.98858284,-0.14895696,-0.67212338,-0.09520056,0.73429355,-0.00870484,0.00865877,0.00436828
-0.7393455,0.11618244,-0.66322674,-0.02257412,-0.98872401,-0.14803731,-0.6729476,-0.09447897,0.73363153,,,
-0.738641754,0.11590004,-0.664059744,-0.0225905875,-0.988811087,-0.147451941,-0.673719399,-0.0939126745,0.732995601,-0.00822978932,0.00018048285,-0.0149605004
-0.73842134,0.11588698,-0.66430733,-0.0226761,-0.98883287,-0.14729378,-0.67395832,-0.09370097,0.73280306,-0.00921116,0.00692868,-0.01908238
-0.73852608,0.11602229,-0.66416706,-0.02302808,-0.98884836,-0.14713409,-0.67383141,-0.09336789,0.73296224,0.00184102,0.00939917,-0.00575521
-0.738566896,0.11573427,-0.664172011,-0.0230792573,-0.988917953,-0.146657977,-0.673785002,-0.0929881344,0.733053183,0.00438781455,-0.00529748155,-5.02584735e-05
-0.73820056,0.11549882,-0.66461998,-0.02314208,-0.98898949,-0.14616417,-0.67418406,-0.0925178,0.73274571,-0.01522504,-0.01474655,-0.01612261
-0.73847251,0.11615126,-0.66420416,-0.02346116,-0.98888135,-0.146844,-0.67387525,-0.09285726,0.73298681,-0.00887873,0.00278735,-0.02021114
-0.7388875,0.1164072,-0.66369772,-0.02370306,-0.98884547,-0.14704711,-0.67341181,-0.0929196,0.73340472,0.00455682,0.01317882,-0.0050099
-0.73981877,0.11669537,-0.6626087,-0.02417547,-0.98881817,-0.14715327,-0.67237166,-0.09284787,0.73436749,0.00607446,0.02007925,0.02561845
-0.74067026,0.1157563,-0.66182159,-0.02475749,-0.98907941,-0.14528846,-0.67141225,-0.09122581,0.73544776,-0.00228373,0.01143956,0.00195706
-0.74111584,0.115129,-0.66143203,-0.02508773,-0.98924801,-0.14407865,-0.67090806,-0.09018516,0.73603599,-0.00528667,0.01300454,-0.00913553
-0.74148274,0.11373349,-0.6612622,-0.02506074,-0.98953571,-0.1420938,-0.67050352,-0.08878841,0.73657423,-0.0064338,-0.00866079,-0.0160844
-0.74188525,0.11300602,-0.66093555,-0.0250047,-0.9896729,-0.14114595,-0.67006039,-0.08818761,0.73704952,-0.01516536,-0.01408487,-0.01114426
-0.74261013,0.11262948,-0.66018534,-0.02500992,-0.98973358,-0.14071891,-0.66925674,-0.08798811,0.73780315,-0.01466579,0.01683748,-0.01143351
-0.74340165,0.11209465,-0.65938486,-0.02501602,-0.98982592,-0.14006577,-0.66837699,-0.08762997,0.73864276,0.01082063,0.00948262,-0.00225154
-0.74450955,0.11050355,-0.65840293,-0.02505159,-0.99013588,-0.13785233,-0.66714157,-0.08613834,0.73993399,0.03760726,-0.01283526,0.01717438
-0.74463606,0.10947658,-0.65843148,-0.0252061,-0.99036604,-0.13616074,-0.66699459,-0.08479371,0.74022175,0.01084986,-0.02301055,-0.01094892
-0.744601995,0.109340677,-0.658492239,-0.0254234927,-0.990422281,-0.135708617,-0.667024031,-0.0843077629,0.740250684,-0.00057441229,-0.0149008026,-0.0250162855
-0.7445835,0.10949232,-0.6584883,-0.02575504,-0.99043362,-0.13556519,-0.6670323,-0.08398022,0.74028051,-0.00698461,0.01323378,-0.0230112
-0.7448226,0.10954239,-0.65820945,-0.02587542,-0.99043222,-0.13555216,-0.66676058,-0.08393087,0.74053084,-0.00212228,0.02251899,-0.01261895
-0.744945466,0.109527796,-0.658073031,-0.025894835,-0.990434648,-0.135531886,-0.666622764,-0.0839231592,0.740655807,-0.00327347475,0.0132851591,-0.000746762205
-0.744978826,0.109405693,-0.658055001,-0.0259388173,-0.990463997,-0.135305626,-0.666583204,-0.0837306932,0.740713116,0.000864959089,-0.00292563415,-0.00577938044
-0.7448775,0.10948533,-0.6581566,-0.02609726,-0.99047024,-0.13523028,-0.66669039,-0.08355393,0.74063662,-0.00420783,-0.01029551,-0.00288674
-0.744926395,0.109650845,-0.658073827,-0.026255426,-0.990454873,-0.135312871,-0.666629674,-0.0835201328,0.740695103,-0.00600572582,-0.0077672,0.000698594085
-0.74530281,0.1099166,-0.65760312,-0.02656752,-0.99042958,-0.13543702,-0.66619643,-0.08347072,0.74109036,-0.00302073,-0.01110792,-0.00996433
-0.74567262,0.1104333,-0.65709732,-0.02678734,-0.99034106,-0.13604079,-0.66577387,-0.08384,0.74142837,-0.00125624,0.00593007,-0.01120974
-0.74596594,0.11059811,-0.65673652,-0.02695572,-0.99032043,-0.13615737,-0.66543834,-0.08386596,0.74172657,0.00465748,0.00255537,-0.01255608
-0.74638944,0.11114329,-0.6561629,-0.027311,-0.99024075,-0.1366642,-0.66494864,-0.08408427,0.7421409,0.00278649,-0.00248194,-0.01821399
-0.74698301,0.11189592,-0.65535945,-0.02778711,-0.99012844,-0.13738236,-0.66426243,-0.08441172,0.74271807,-0.00481506,0.00491488,-0.00499033
-0.74735681,0.112218,-0.65487761,-0.02804269,-0.99008303,-0.13765512,-0.66383068,-0.08451298,0.74309243,-0.00662722,0.00678801,0.00129316
-0.7479679,0.11261819,-0.65411102,-0.02839078,-0.9900269,-0.13798827,-0.66312747,-0.08464007,0.7437056,-0.01924533,0.01530671,0.00941489
-0.74865175,0.11261077,-0.65332939,-0.02883096,-0.99006609,-0.13761474,-0.66233621,-0.0841894,0.74446147,0.00938278,-0.00579315,0.00809082
-0.74873317,0.11265467,-0.65322849,-0.02903296,-0.9900803,-0.13746986,-0.66223532,-0.08396309,0.74457677,0.00494107,-0.0014413,0.00818104
-0.74871347,0.11286406,-0.65321486,-0.02930651,-0.99007136,-0.1374759,-0.66224548,-0.08378662,0.74458761,0.00737015,0.00622594,0.01283222
-0.74842304,0.11308812,-0.65350877,-0.0294732,-0.99005292,-0.13757245,-0.66256619,-0.08370142,0.7443118,-0.00470391,0.01117968,0.01844143
-0.74824057,0.1130391,-0.65372637,-0.02951564,-0.99007359,-0.13741565,-0.66277057,-0.08352481,0.74414969,-0.00329961,0.00853324,0.01588067
-0.747840261,0.112559975,-0.654266627,-0.0293366309,-0.9901619,-0.136815009,-0.663229922,-0.083121817,0.743785438,-0.0136362594,0.000558614673,0.0114753824
-0.74743316,0.11215972,-0.6548004,-0.02923974,-0.99024394,-0.13624112,-0.66369301,-0.08268495,0.74342098,-0.01296186,-0.00153476,0.00945314
-0.74725684,0.11203103,-0.65502383,-0.02920101,-0.99027059,-0.1360567,-0.66389342,-0.08254194,0.74325793,-0.00454684,-0.00152701,0.00790015
-0.74689689,0.1119098,-0.65545471,-0.02914749,-0.99029818,-0.13586584,-0.66430046,-0.08237294,0.74291288,0.00188813,-0.00521022,0.01402507
-0.74653721,0.11178846,-0.65588541,-0.02909411,-0.99032621,-0.13567493,-0.66470735,-0.08220397,0.74256762,0.00615442,-0.00973302,0.01256248
-0.74635356,0.11179588,-0.65609276,-0.02907926,-0.99032726,-0.13566848,-0.66491385,-0.08217799,0.74238555,0.00869358,-0.0120886,0.00645847
-0.74577587,0.11188942,-0.65673358,-0.02888059,-0.99029825,-0.13592338,-0.66557055,-0.08240153,0.74177208,0.00508769,-0.00751144,-0.00507554
-0.74525225,0.11206927,-0.65729729,-0.02875857,-0.99025948,-0.13623252,-0.66616229,-0.08262465,0.74121589,-0.00571021,-0.00720411,-0.01443402
-0.74512316,0.11230604,-0.65740318,-0.02867548,-0.9902033,-0.13665746,-0.66631022,-0.08297528,0.74104373,-0.01287146,-0.006733,-0.01679962
-0.74498841,0.11326794,-0.65739054,-0.02874821,-0.99001474,-0.13799994,-0.66645741,-0.08390957,0.74080608,,,
-0.74475817,0.11428727,-0.6574748,-0.02883963,-0.98981727,-0.13938934,-0.66671056,-0.08485006,0.74047107,0.00181593,0.00769353,-0.0014907
-0.74468383,0.11463878,-0.65749819,-0.02880426,-0.9897404,-0.13994345,-0.6667955,-0.08527488,0.74034583,-0.0023013,0.00813889,-0.00171687
-0.74451371,0.11519092,-0.65759416,-0.02864248,-0.98960622,-0.14092118,-0.66699223,-0.08608264,0.74007506,,,
-0.744459759,0.115778721,-0.657552103,-0.0286110926,-0.989477358,-0.141830009,-0.667053885,-0.0867734625,0.739938817,-0.000891111966,0.00110006321,0.00483783195
-0.74444621,0.1161084,-0.6575091,-0.02860023,-0.98940493,-0.14233551,-0.66706927,-0.08715625,0.73987993,-0.00235486,0.00549078,0.00467626
-0.74441961,0.116624706,-0.657448189,-0.0287233958,-0.989310056,-0.142970559,-0.667094004,-0.0875459432,0.739811663,0.00415585376,0.00627613021,0.000982886646
-0.74441961,0.116624706,-0.657448189,-0.0287233958,-0.989310056,-0.142970559,-0.667094004,-0.0875459432,0.739811663,0.00415585376,0.00627613021,0.000982886646
-0.74421526,0.11709852,-0.6575952,-0.02872037,-0.98921217,-0.14364635,-0.667322,-0.08801744,0.73955004,0.0036058,-0.00297916,-0.00594937
-0.744010752,0.117657966,-0.657726616,-0.0286303247,-0.989083503,-0.144546821,-0.667553746,-0.0887134828,0.739257648,1.52064022e-05,0.00292396522,-0.0103150262
-0.74403133,0.1185957,-0.65753488,-0.02865158,-0.98887863,-0.14593764,-0.66752989,-0.08974278,0.73915495,,,
-0.74427674,0.11909578,-0.65716675,-0.02888336,-0.98879133,-0.14648286,-0.66724635,-0.09004262,0.73937447,0.00487154,0.00267553,-0.0128916
-0.74460386,0.11919419,-0.65677831,-0.02904013,-0.98878076,-0.14652361,-0.66687455,-0.09002912,0.73971148,,,
-0.744719481,0.119315081,-0.656625116,-0.0290842759,-0.988756151,-0.146680195,-0.666743382,-0.0901381508,0.739816422,0.00538850529,-0.00029373166,0.000159545103
-0.74470576,0.11967249,-0.65657569,-0.02904498,-0.98867128,-0.14725918,-0.66676047,-0.09059454,0.73974527,0.00267041,0.00361299,-0.00329314
-0.74473991,0.11975012,-0.65652289,-0.02888654,-0.98863131,-0.14755884,-0.6667293,-0.09092829,0.73973244,-0.00602602,0.00612628,-0.006458
-0.74486245,0.11982025,-0.65637104,-0.02882043,-0.98860274,-0.14776302,-0.66659525,-0.09114624,0.73982642,-0.00566203,0.0020324,-0.00550186
-0.74508693,0.12025445,-0.65603698,-0.02887518,-0.98850547,-0.1484027,-0.66634216,-0.09162972,0.73999469,,,
-0.74512026,0.1207761,-0.65590294,-0.0289952,-0.98840243,-0.14906243,-0.66629934,-0.09205142,0.73998087,-0.00226341,0.00594795,0.00387913
-0.7451065,0.12101943,-0.65587388,-0.02907167,-0.98835822,-0.1493413,-0.66631156,-0.09220783,0.73995042,-0.00525664,0.01076889,0.00413965
-0.74515366,0.12126933,-0.65577395,-0.02914414,-0.98830965,-0.14964729,-0.66625546,-0.09239828,0.73997714,-0.00212347,0.01276708,0.00237198
-0.74516783,0.12105436,-0.65579789,-0.02903876,-0.98834387,-0.14944327,-0.66624454,-0.09231675,0.7399972,-0.00202397,0.00234568,-0.00403026
-0.74520891,0.12091067,-0.65577779,-0.02894329,-0.98836214,-0.14934133,-0.66620281,-0.09231011,0.7400356,-0.00550874,-0.00523514,-0.00201718
-0.74512031,0.12088971,-0.65588201,-0.02887979,-0.98836066,-0.14936181,-0.66630436,-0.09235079,0.73993906,-0.00542128,0.00342333,-0.00179378
-0.74508616,0.12098279,-0.65590356,-0.02886485,-0.9883384,-0.14951153,-0.66634311,-0.09246643,0.73988971,-0.00311786,0.0032227,0.00249232
-0.74499072,0.12106935,-0.6559959,-0.02885402,-0.98832011,-0.14963403,-0.66645019,-0.09254787,0.73978306,,,
-0.744773075,0.121114408,-0.656234982,-0.0288800899,-0.988320574,-0.149627422,-0.666692576,-0.0924863507,0.739572364,-0.00666327775,0.000643968524,0.0110080848
-0.744371146,0.1211966,-0.656675699,-0.0288607179,-0.988311861,-0.14968873,-0.66714215,-0.0924718402,0.739168661,-0.00605101744,-0.00367879844,-0.000168196042
-0.74415997,0.12116261,-0.65692135,-0.02880538,-0.98831867,-0.14965483,-0.66738016,-0.09244426,0.73895723,-0.0048136,-0.00449491,0.00241849
-0.74376444,0.12110875,-0.65737892,-0.02876241,-0.98833734,-0.14953909,-0.66782266,-0.09231406,0.73857363,,,
-0.74348456,0.12123248,-0.65767262,-0.0287059,-0.98831015,-0.14972936,-0.66813663,-0.09244239,0.73827354,,,
-0.74335473,0.12135527,-0.65779677,-0.02873779,-0.98829072,-0.14985162,-0.66827975,-0.09248929,0.73813813,,,
-0.74324496,0.12162836,-0.65787011,-0.02886086,-0.98824878,-0.15010318,-0.66839629,-0.09257676,0.73802161,,,
-0.74325834,0.12185763,-0.65781271,-0.02903358,-0.98822005,-0.15025964,-0.66837407,-0.09258308,0.73804095,-0.00598254,0.00125313,-0.00308483
-0.74331284,0.12197173,-0.65773005,-0.02908205,-0.98819902,-0.15038888,-0.66831142,-0.09265785,0.73808831,-0.00321485,0.00361621,-0.00178597
-0.74354451,0.12215607,-0.65743383,-0.02922874,-0.98816977,-0.15055214,-0.66804717,-0.09272627,0.73831889,,,
-0.74378314,0.12220442,-0.65715487,-0.02935177,-0.9881682,-0.15053859,-0.6677761,-0.09267942,0.73856995,,,
-0.74386466,0.12233281,-0.6570387,-0.02946795,-0.9881523,-0.15062018,-0.66768017,-0.09267946,0.73865667,,,
-0.74406191,0.12261014,-0.65676374,-0.0295998,-0.98810079,-0.15093264,-0.66745465,-0.09286316,0.73883741,0.00406926,0.00113797,0.00358126
-0.74417054,0.12278123,-0.65660878,-0.02975477,-0.98807961,-0.15104124,-0.66732673,-0.09286319,0.73895296,,,
-0.744163296,0.122888632,-0.656596609,-0.0298074569,-0.988062242,-0.151143041,-0.66733218,-0.0929036474,0.738942917,-0.00585095072,0.000286102266,0.00210443325
-0.74429195,0.12323831,-0.65638537,-0.03002501,-0.98800795,-0.15145532,-0.66717908,-0.093019,0.73906666,-0.00429241,0.00436258,-0.00433665
-0.7446043,0.12357901,-0.65596711,-0.03025964,-0.98795205,-0.15177389,-0.66682005,-0.09316215,0.73937262,-0.00582421,0.00341701,-0.00370493
-0.74474659,0.1236854,-0.65578528,-0.0304009,-0.98794239,-0.15180744,-0.66665448,-0.09312162,0.73952698,0.00280608,0.00438631,-0.00270835
-0.74503844,0.12376235,-0.65543902,-0.0306596,-0.98795114,-0.15169769,-0.6663163,-0.09292513,0.73985638,0.00412924,0.00109792,0.00413935
-0.74528346,0.12375996,-0.65516114,-0.03067265,-0.98794583,-0.15173109,-0.66604192,-0.09298714,0.74009565,0.00275099,-0.00440443,0.00230292
-0.74533715,0.12387378,-0.65507811,-0.0307215,-0.98792419,-0.15185982,-0.66597915,-0.09306182,0.74014269,,,
-0.745384107,0.124094941,-0.654982967,-0.0308230448,-0.987885681,-0.152090391,-0.665922053,-0.0931772113,0.740179561,-0.000409832282,0.003922462,-0.0036434338
-0.74549215,0.12423756,-0.65483306,-0.03100717,-0.98787489,-0.1521236,-0.66579266,-0.09310244,0.74030538,-0.00972094,0.00123644,-0.00535232
-0.745641421,0.124236559,-0.654663276,-0.0310957846,-0.987882663,-0.152055027,-0.665621348,-0.0930212682,0.74046961,-0.00627181772,-9.11950992e-05,-0.00932406634
-0.746108758,0.124468563,-0.654086519,-0.0313669626,-0.987851466,-0.152202021,-0.66508474,-0.0930425621,0.740948953,-6.21334184e-05,0.00479888869,-0.00458015641
-0.7465971,0.12446334,-0.65352994,-0.03139359,-0.98784041,-0.15226779,-0.66453514,-0.09316606,0.74142639,0.00479271,0.0050168,0.00767395
-0.74678019,0.12442598,-0.65332787,-0.03143952,-0.9878496,-0.15219884,-0.66432725,-0.09311878,0.74161862,0.00641608,0.00802541,0.00955025
-0.74703857,0.12420875,-0.65307383,-0.03134713,-0.98787885,-0.15202828,-0.66404111,-0.09309901,0.74187732,0.00608463,0.00513184,0.00383865
-0.74720901,0.12385768,-0.65294554,-0.03130576,-0.98794914,-0.15157948,-0.66385131,-0.0928206,0.74208205,0.00178618,-0.00543386,0.00323685
-0.747269906,0.123807598,-0.652885286,-0.0313593241,-0.987966228,-0.151456701,-0.663780167,-0.0927050049,0.742160122,-0.00301172072,-0.00553637696,0.000417161384
-0.747316323,0.12402855,-0.652790025,-0.0314612549,-0.987927522,-0.151686938,-0.6637229,-0.0928205603,0.742196871,-0.00616632123,0.000810861529,-0.00330407592
-0.74742391,0.1242559,-0.65262374,-0.03155941,-0.98788499,-0.15194403,-0.66359722,-0.0929702,0.74229053,-0.00105837,0.00556672,0.00550656
-0.7474508,0.12429862,-0.65258486,-0.03159829,-0.98787966,-0.1519709,-0.66356514,-0.09297022,0.74231922,0.00397537,0.00608301,0.00169863
-0.747526031,0.124005811,-0.652554264,-0.0315747058,-0.987941908,-0.151569973,-0.663481384,-0.0926983138,0.742428063,0.00515333563,0.00283479667,0.000851008692
-0.747703635,0.123519274,-0.652443329,-0.0315089999,-0.988040002,-0.15094428,-0.663284623,-0.0923037477,0.742653036,0.000664883642,0.00359547115,-0.00418652361
-0.74777873,0.123226416,-0.652412479,-0.0314853808,-0.988101848,-0.150543037,-0.663200922,-0.0920314381,0.742761553,0.000266712043,-0.00375366188,-0.00350803044
-0.74785395,0.12293353,-0.65238156,-0.03146171,-0.9881637,-0.15014172,-0.66311727,-0.09175904,0.74286994,,,
-0.74800256,0.1229327,-0.65221136,-0.03155013,-0.98817142,-0.15007251,-0.66294547,-0.09167727,0.74303336,,,
-0.74809029,0.12292543,-0.65211214,-0.03164247,-0.9881831,-0.14997637,-0.66284211,-0.09156143,0.74313985,-0.00287543,0.00739443,0.00108692
