0,1,2,3,4,5,6,7,8,9,10,11
-0.06554442,0.89557455,0.44005699,-0.90167841,-0.24205343,0.35831019,0.42741079,-0.37330465,0.82338548,-0.00399162,-0.00161856,-0.0154741
-0.06567221,0.89552559,0.44013736,-0.90173129,-0.24213778,0.35811977,0.42727937,-0.37336712,0.82342535,-0.00214479,0.00419253,-0.01540984
-0.0657347555,0.895581773,0.440013745,-0.901760265,-0.242111257,0.358064811,0.427208653,-0.37324961,0.823515315,0.000388476765,0.00874847174,-0.0115758255
-0.06573298,0.89571698,0.43973882,-0.90179056,-0.24197355,0.35808175,0.42714508,-0.37301454,0.8236548,-0.00245643,0.0120967,-0.01225569
-0.0655418,0.89586043,0.43947502,-0.90180461,-0.2417084,0.35822537,0.42714476,-0.37284186,0.82373314,-0.00929001,0.00684553,-0.01165317
-0.0655418,0.89588117,0.4394327,-0.90182476,-0.24167387,0.35819786,0.42710216,-0.37281436,0.82376767,-0.00456096,0.00840741,-0.01524558
-0.06541495,0.8959664,0.43927787,-0.90185772,-0.2414854,0.35824211,0.4270521,-0.37273175,0.82383101,-0.00294563,0.00469798,-0.01841078
-0.06547751,0.89606401,0.43906942,-0.90192707,-0.24138981,0.35813193,0.42689603,-0.37255901,0.82399003,-0.01168361,0.00450581,-0.01538864
-0.06554094,0.89609411,0.43899849,-0.90198127,-0.24136307,0.35801338,0.42677173,-0.37250388,0.82407933,-0.01285018,0.00625449,-0.01061589
-0.0656695345,0.896019328,0.439131712,-0.902059334,-0.24144725,0.3577596,0.426586749,-0.372628955,0.824118543,-0.000451724976,0.00870090723,-0.0126872733
-0.06567131,0.89596754,0.43923736,-0.9021099,-0.24144672,0.3576328,0.4264798,-0.37275416,0.8241173,-0.00544716,0.00472194,-0.00927537
-0.06573476,0.89597693,0.43920873,-0.90214392,-0.24145451,0.35754177,0.42639809,-0.37272656,0.82417206,-0.00751316,-0.0043667,-0.00605861
-0.06580003,0.89593428,0.43928574,-0.90222823,-0.24146175,0.35732374,0.42620935,-0.37282409,0.82422555,0.00274143,0.00127465,-0.01527163
-0.06599136,0.89595717,0.43921034,-0.90237541,-0.24145048,0.35695951,0.42586805,-0.37277637,0.82442353,-0.00157276,0.01108605,-0.00928403
-0.06605483,0.89598737,0.43913929,-0.90242952,-0.2414238,0.35684086,0.42574361,-0.37272119,0.82451275,-0.00685735,0.00876147,-0.00649657
-0.06611738,0.89614731,0.43880339,-0.90255911,-0.24122487,0.3566476,0.42545911,-0.37246539,0.82477516,-0.00138152,0.01118892,-0.00539532
-0.06592422,0.89650825,0.43809462,-0.9026839,-0.24068457,0.35669685,0.4252243,-0.371946,0.82513057,-0.00762726,0.00759953,-0.00459612
-0.0658581016,0.896742379,0.437625274,-0.902735641,-0.240401602,0.356756929,0.425124848,-0.371564598,0.825353636,-0.0108099971,0.00180274248,-0.000299299136
-0.0657278123,0.897033983,0.437046673,-0.9027684,-0.240042048,0.356915845,0.425075258,-0.371092628,0.825591467,-0.012888086,-0.000588834286,-0.00942833908
-0.06584972,0.89720748,0.43667201,-0.90268529,-0.24005966,0.35711414,0.42523285,-0.37066154,0.82570396,-0.00691433,-0.00258499,-0.00425468
-0.0662904,0.89710691,0.43681184,-0.90256028,-0.24056472,0.35709011,0.42542959,-0.37057738,0.82564038,-0.00880827,0.0026468,-0.00690597
-0.06679703,0.89685521,0.43725128,-0.90246381,-0.24121486,0.35689526,0.42555496,-0.37076391,0.82549201,-0.00692191,0.00331157,-0.00535539
-0.06711428,0.89669437,0.43753228,-0.90243157,-0.24159952,0.35671627,0.42557321,-0.37090218,0.82542047,-0.00401725,0.00217062,-0.00758939
-0.06787364,0.89646855,0.43787802,-0.90235925,-0.24238581,0.35636601,0.4256064,-0.37093543,0.82538844,0.00481488,-0.00390953,-0.00932233
-0.06850717,0.89621835,0.43829135,-0.90226389,-0.2431214,0.35610632,0.42570707,-0.37105862,0.82528114,-0.00278391,0.00884026,-0.01161504
-0.06882484,0.89605682,0.43857178,-0.90223111,-0.24350604,0.35592654,0.42572533,-0.37119652,0.82520972,-0.00572318,0.00812668,-0.01725775
-0.06920897,0.89563935,0.43936338,-0.9021258,-0.24420796,0.35571253,0.42588622,-0.37174254,0.82488084,0.01304692,0.01458603,-0.01959072
-0.06939688,0.8956199,0.43937352,-0.90203053,-0.24443971,0.35579515,0.42605754,-0.37163725,0.82483982,0.01509734,0.00615746,-0.01993714
-0.06951942,0.8957678,0.43905231,-0.90197216,-0.24445713,0.35593081,0.4261609,-0.37126886,0.8249523,0.00406513,0.00803953,-0.00847227
-0.06951498,0.8959804,0.43861894,-0.9019271,-0.24432069,0.35613852,0.42625691,-0.37084535,0.82509317,0.0011269,0.0015555,-0.00654398
-0.06926168,0.89595938,0.43870223,-0.9018576,-0.2442195,0.35638428,0.42644546,-0.37096317,0.82494279,0.01272075,0.00180799,-0.01994177
-0.06913293,0.89605503,0.43852708,-0.90180018,-0.24410063,0.35661084,0.42658768,-0.37081025,0.824938,0.01375022,0.00472337,-0.02313092
-0.06893601,0.89644184,0.43776683,-0.90169917,-0.243734,0.35711664,0.42683298,-0.3701158,0.82512296,0.00572489,-0.00445086,-0.01067752
-0.0689329954,0.896628047,0.437385704,-0.901679246,-0.243597062,0.357260204,0.426875445,-0.369754597,0.82526291,0.000863835216,0.00531297922,-0.0172084626
-0.06887027,0.89661379,0.43742491,-0.9016908,-0.2435544,0.35726028,0.42686128,-0.3698174,0.8252421,-0.00404636,0.00879532,-0.0157785
-0.06862017,0.89644794,0.43780405,-0.90168128,-0.24352113,0.35730709,0.42692173,-0.37024125,0.82502076,0.00742319,0.00772697,-0.02316414
-0.06823723,0.89671898,0.43730852,-0.90164481,-0.24306008,0.35771276,0.42706007,-0.36988763,0.82510777,0.01205099,0.00556928,-0.04086357
-0.06804217,0.89716173,0.43643,-0.9016496,-0.24255504,0.35804345,0.42708115,-0.36914488,0.82542944,0.01109238,0.0108245,-0.02976851
-0.06784575,0.89854576,0.43360405,-0.90242745,-0.24060571,0.35739836,0.42546639,-0.36704824,0.82719643,0.01352473,0.00551027,-0.0223287
-0.06804152,0.89852795,0.43361028,-0.90293633,-0.24031987,0.35630374,0.42435403,-0.36727903,0.82766525,0.02024342,0.00477582,-0.02403366
-0.06817747,0.89835748,0.43394184,-0.90347001,-0.24009332,0.35510135,0.42319455,-0.36784353,0.82800814,0.02712848,-0.0025267,-0.01536213
-0.06833151,0.8976221,0.43543705,-0.90435082,-0.24003269,0.35289369,0.42128428,-0.36967409,0.82816703,0.04745476,-0.02435249,-0.02477042
-0.06867227,0.89700424,0.43665486,-0.90492011,-0.24027251,0.35126724,0.42000438,-0.37101545,0.82821728,0.08383776,-0.02517843,-0.04329265
-0.06893055,0.89702645,0.43656856,-0.90518753,-0.2402018,0.35062601,0.41938537,-0.37100758,0.82853442,0.09209147,-0.03204256,-0.04284882
-0.0698802,0.89754304,0.43535408,-0.90580066,-0.23991906,0.34923331,0.4179017,-0.36993952,0.82976075,0.08552102,-0.04158968,-0.0250489
-0.0713448,0.89780757,0.43457049,-0.90651127,-0.24011677,0.34724813,0.41610966,-0.3691687,0.83100375,0.07979417,-0.04697853,-0.02779871
-0.07211896,0.89772363,0.43461599,-0.9070131,-0.24028622,0.34581742,0.41488074,-0.36926241,0.83157636,0.07325266,-0.05055606,-0.0323934
-0.07357926,0.89697388,0.43591722,-0.90847975,-0.24059768,0.34172672,0.41140066,-0.37087797,0.83258573,0.10622734,-0.04724813,-0.06949306
-0.07505417,0.89555125,0.43858282,-0.91067227,-0.2407432,0.33573619,0.40625478,-0.37420682,0.83362241,0.11246221,-0.06915057,-0.06242001
-0.07581744,0.89434337,0.44091011,-0.91207492,-0.24089569,0.33179616,0.40295301,-0.37698712,0.83397218,0.10802406,-0.08093673,-0.0671878
-0.07782218,0.89185237,0.44558145,-0.91524482,-0.24112676,0.32277629,0.3953105,-0.38269696,0.8350285,0.13658147,-0.05639809,-0.07970008
-0.08029259,0.89046485,0.4479123,-0.91846068,-0.24068542,0.31384786,0.38727646,-0.38619018,0.83718223,0.1088134,-0.08739465,-0.06305436
-0.08174615,0.89019092,0.44819366,-0.92008944,-0.24025565,0.30937437,0.38308337,-0.3870881,0.83869537,0.09893082,-0.09680027,-0.05824994
-0.08527347,0.89021152,0.44749514,-0.9232555,-0.2394601,0.30042996,0.37460343,-0.38753364,0.84231226,0.10946452,-0.11084634,-0.03824209
-0.08921491,0.89075218,0.44564693,-0.9261665,-0.23879103,0.29188077,0.36640995,-0.38670314,0.84628862,0.07012176,-0.07331407,-0.01741985
-0.090713,0.89101366,0.4448211,-0.92754718,-0.23819107,0.28796051,0.36252916,-0.38647079,0.84806423,0.04370379,-0.06148362,-0.00626311
-0.09286051,0.89020589,0.44599366,-0.93021995,-0.23729743,0.27996558,0.35506017,-0.38887445,0.85012289,0.01050111,-0.06556755,-0.01488847
-0.09333419,0.88779604,0.45067383,-0.93309734,-0.2358925,0.27144807,0.3473011,-0.39518717,0.85041698,0.02472114,-0.03981632,-0.03614882
-0.09330873,0.88658837,0.45305001,-0.9344577,-0.23503258,0.26748501,0.34363069,-0.3983974,0.85041015,0.03268767,-0.03498727,-0.03576822
-0.09365407,0.88484232,0.45638021,-0.93675834,-0.23357438,0.26062756,0.33721306,-0.40310914,0.8507587,0.04182182,-0.02827495,-0.01646468
-0.09443631,0.88320973,0.45937174,-0.93850239,-0.23291551,0.25487972,0.33210704,-0.40705157,0.85089008,0.00553038,-0.06105828,-0.0135593
-0.09487059,0.88230794,0.46101203,-0.93914842,-0.23291136,0.25249227,0.33015094,-0.40900464,0.85071472,-0.01623947,-0.02498603,0.01607459
-0.09492257,0.87989775,0.46558506,-0.93999329,-0.23319418,0.24906395,0.32772261,-0.41400505,0.84923358,-0.05903611,-0.02024609,0.03000089
-0.09328213,0.87605727,0.47309833,-0.94064172,-0.23328602,0.24651714,0.32633039,-0.42202039,0.84581751,-0.03617445,-0.02737772,-0.00989183
-0.09210973,0.87378533,0.47750915,-0.94090673,-0.23332753,0.24546442,0.32589924,-0.42668191,0.84364224,-0.02174972,-0.0391615,-0.01579606
-0.09037496,0.86966532,0.48529838,-0.9410465,-0.23407245,0.24421604,0.32598123,-0.43461733,0.83954988,-0.03983195,-0.06170934,-0.02080914
-0.08963902,0.86646821,0.49111893,-0.94075355,-0.23557052,0.24390454,0.32702863,-0.4401585,0.83624924,-0.07105403,-0.04000443,-0.02284655
-0.08936265,0.86529979,0.49322475,-0.9405505,-0.23623865,0.24404122,0.32768755,-0.44209461,0.83496901,-0.07404353,-0.00798994,-0.01256125
-0.08873386,0.86322915,0.49695242,-0.94027638,-0.23721092,0.2441542,0.32864358,-0.44560788,0.83272265,-0.08903573,-0.00789946,0.03043342
-0.08806014,0.86019892,0.50229804,-0.93983006,-0.23885138,0.24427357,0.33009841,-0.45056402,0.829474,-0.08725876,0.02125317,0.02739241
-0.08778921,0.85829612,0.50558974,-0.93955115,-0.23997559,0.24424481,0.33096351,-0.45358535,0.82748022,-0.09577999,0.00309414,0.00637204
-0.08794508,0.85436952,0.51217016,-0.93904931,-0.24265087,0.24352988,0.33234309,-0.45953579,0.82363518,-0.09703133,-0.03972238,-0.03861246
-0.08903121,0.85128194,0.5171001,-0.93874281,-0.24524459,0.24210957,0.3329195,-0.46386869,0.82096921,-0.08275328,-0.02730983,0.00404327
-0.08974766,0.85003399,0.51902548,-0.93851907,-0.24660561,0.24159364,0.33335745,-0.46543285,0.81990551,-0.07300815,-0.00144684,0.02801902
-0.09207457,0.8472659,0.52312788,-0.93784211,-0.25033701,0.24038214,0.33462585,-0.46847827,0.8176513,-0.05895018,0.05872327,0.02784896
-0.09529969,0.84415973,0.52755293,-0.93689217,-0.25514622,0.23902554,0.33637896,-0.47148117,0.81520222,-0.02487333,0.01709944,0.01109038
-0.09698886,0.84287446,0.52929747,-0.93642571,-0.2574502,0.23838264,0.33719438,-0.4725273,0.81425911,-0.02013767,-0.01722717,-0.00362151
-0.1001336,0.84058811,0.53233901,-0.9355515,-0.26167249,0.23721471,0.33869836,-0.4742774,0.81261575,-0.0444763,0.02372557,0.027232
-0.10256224,0.83702504,0.53746636,-0.93475626,-0.26586971,0.23567784,0.34016427,-0.47822839,0.80968258,-0.04241884,0.0915181,0.03355777
-0.10327364,0.83473588,0.5408793,-0.93435098,-0.26787677,0.23501087,0.34106106,-0.48110069,0.80760105,0.00401551,0.1060552,0.01050658
-0.10518405,0.83144561,0.54555886,-0.93175476,-0.2741111,0.23810947,0.34751883,-0.48328175,0.80353556,0.01332175,-0.03291291,-0.00912528
-0.10560765,0.83167662,0.54512468,-0.93089206,-0.27546141,0.23991848,0.34969544,-0.48211502,0.80329209,-0.00269433,-0.00564229,0.00652946
-0.10592432,0.83103227,0.54604509,-0.9291366,-0.27834197,0.24337367,0.3542387,-0.48157131,0.80162584,-0.02942602,0.01459342,0.04127866
-0.10538901,0.82744796,0.55156399,-0.9263804,-0.28334441,0.24806266,0.36154159,-0.48481501,0.79639315,0.01779609,-0.04217744,-0.05041992
-0.10521666,0.8260776,0.5536471,-0.92436367,-0.2865469,0.25187798,0.36671668,-0.48526952,0.79374577,-0.00381791,-0.01263469,-0.03098608
-0.104872,0.82425226,0.55642597,-0.92248605,-0.28964507,0.25519593,0.37151195,-0.48653231,0.79073709,-0.02280815,-0.00241315,0.00659712
-0.10448927,0.82291005,0.55848084,-0.92161752,-0.2911671,0.25659821,0.37376858,-0.48789398,0.78883235,-0.01088471,0.00363344,-0.00175131
-0.10305246,0.82093321,0.56164848,-0.91987004,-0.29348925,0.26019871,0.37844348,-0.48982947,0.78539649,0.00130638,-0.01264703,-0.02202054
-0.10145764,0.82051336,0.5625512,-0.91798818,-0.29514636,0.26492629,0.38341064,-0.48953659,0.78316674,-0.01079821,-0.01731634,-0.02490062
-0.10064794,0.8205746,0.56260738,-0.91705395,-0.29581856,0.26740068,0.38585202,-0.48902802,0.78228496,-0.01050282,0.00632352,-0.00832645
-0.09878607,0.82087793,0.56249514,-0.91530603,-0.29674908,0.27231398,0.39045643,-0.48795436,0.78066915,-0.01323515,0.02880222,-0.00669926
-0.09634569,0.82187247,0.56146499,-0.91373185,-0.29673408,0.27756574,0.39472953,-0.48628621,0.77956031,0.00516392,-0.00678211,-0.02607402
-0.09499628,0.82302088,0.56001097,-0.91287006,-0.2963955,0.28074525,0.39704395,-0.48454749,0.77946765,0.0037653,-0.01439083,-0.01953179
-0.09195189,0.82589348,0.55627768,-0.91104603,-0.29526293,0.28777594,0.40192043,-0.48033303,0.77957691,-0.02678984,-0.02358776,0.01418336
-0.08872262,0.82696856,0.5552036,-0.9093434,-0.29471606,0.29366089,0.40647586,-0.47881639,0.77814664,-0.03118839,0.02246827,0.00836539
-0.08720139,0.82696301,0.55545295,-0.90859105,-0.29465411,0.29604243,0.40848269,-0.47886428,0.77706555,-0.02732038,0.02598578,-0.00676233
-0.08374219,0.82761824,0.55500933,-0.90707677,-0.29389754,0.3013902,0.41255187,-0.47819699,0.77532484,-0.05248634,0.01060325,-0.00366729
-0.08046221,0.82938475,0.55285318,-0.9052815,-0.29291704,0.30767656,0.41712242,-0.47573143,0.77439555,-0.07602529,0.05620772,0.00997453
-0.07908875,0.83004124,0.55206565,-0.90434709,-0.29273827,0.3105811,0.41940588,-0.4746955,0.77379771,-0.09197704,0.04646093,0.0083783
-0.07777632,0.83037306,0.55175298,-0.90243069,-0.29386861,0.31505555,0.42375656,-0.47341496,0.77221023,-0.07858272,0.02397877,-0.02388024
-0.07793249,0.83045629,0.55160561,-0.90058016,-0.29597509,0.31836137,0.42764678,-0.47195438,0.77095866,-0.04876811,0.00724226,-0.05633274
-0.07829958,0.83084029,0.55097487,-0.89972459,-0.29692741,0.31988971,0.42937693,-0.47067843,0.77077701,-0.04527802,0.00616926,-0.03922358
-0.0794178685,0.831382246,0.549996734,-0.898141518,-0.299047242,0.322354794,0.432475039,-0.468374167,0.770448563,-0.0532920212,0.0250114799,0.000105930492
-0.08070739,0.83029694,0.55144651,-0.89661305,-0.30214977,0.3237136,0.43539787,-0.46830806,0.76884084,-0.0205893,0.01966554,-0.01254169
-0.08137426,0.82955584,0.55246309,-0.89581671,-0.30386066,0.32431663,0.43691049,-0.46851464,0.76785629,0.00398756,0.02931362,-0.03416054
-0.08273588,0.82937435,0.5525332,-0.89424327,-0.30650176,0.3261681,0.43986786,-0.46711329,0.76702114,0.00214501,0.03682584,-0.03336834
-0.08416561,0.83068936,0.55033741,-0.89261173,-0.308336,0.32889682,0.44289996,-0.46355584,0.76743443,-0.01706837,-0.0155021,0.00206753
-0.08488943,0.83115489,0.54952289,-0.89186132,-0.30929263,0.33003262,0.44427157,-0.46208193,0.7675305,-0.01625682,-0.01516485,-0.02727048
-0.08572781,0.83177983,0.54844612,-0.89068518,-0.31065672,0.33192231,0.44646472,-0.46003785,0.7674858,-0.00153021,0.03696495,-0.0401827
-0.08551916,0.83214609,0.54792278,-0.8899694,-0.31103981,0.33347971,0.44792963,-0.4591156,0.76718441,0.00769466,0.05373341,-0.01630125
-0.08507227,0.83232278,0.54772392,-0.88965912,-0.31097089,0.3343707,0.44863055,-0.4588419,0.76693855,0.00902907,0.02197915,-0.00879894
-0.08365413,0.8331862,0.54662821,-0.88886941,-0.31035894,0.33702831,0.45045844,-0.4576873,0.76655688,0.02388205,-0.02910107,-0.00907781
-0.08180727,0.83520693,0.54381696,-0.88761677,-0.30920673,0.34136137,0.45325928,-0.45477521,0.7666391,0.00841646,-0.01325828,-0.00272659
-0.08077071,0.83632112,0.54225731,-0.88685212,-0.30861436,0.34387555,0.45493882,-0.45312698,0.76662024,-0.00215169,0.02765745,-0.00856464
-0.07860707,0.83819905,0.53966937,-0.88512873,-0.30774534,0.34905534,0.4586587,-0.45023866,0.76610527,-0.01107581,0.01137596,-0.01752739
-0.07618311,0.83994597,0.5372959,-0.88353007,-0.3066208,0.35405971,0.46213713,-0.44774371,0.76547687,-0.01419961,-0.04288834,-0.01881797
-0.07469557,0.84101699,0.53582729,-0.88289046,-0.30557785,0.35654801,0.46359993,-0.44644425,0.7653513,-0.01165823,-0.06170088,-0.03837174
-0.07167685,0.8435837,0.53219255,-0.88194895,-0.30281201,0.36120751,0.46586309,-0.44347645,0.76570243,-0.02239961,-0.05458003,-0.04129461
-0.06901187,0.84537029,0.52970408,-0.88119158,-0.30058081,0.36490073,0.46769513,-0.4415883,0.76567685,-0.00459672,-0.01529664,-0.03809489
-0.06749694,0.84590568,0.52904413,-0.88090029,-0.29949867,0.36649032,0.46846428,-0.44129816,0.76537386,0.02352776,-0.02336842,-0.04034951
-0.06397556,0.84699865,0.52773132,-0.88039963,-0.29690114,0.36979197,0.46989736,-0.44095681,0.76469179,0.03591292,0.00925869,-0.01759375
-0.05574509,0.84834957,0.52649358,-0.88002694,-0.29083729,0.37545474,0.47164083,-0.44239878,0.76278322,-0.01239124,0.02913982,0.01919416
-0.04846289,0.84809286,0.52762668,-0.8796082,-0.28651125,0.37973779,0.47322386,-0.44570157,0.75987453,0.04134472,0.01096505,0.01048079
-0.04088938,0.84909066,0.52666219,-0.87835273,-0.28179512,0.38611905,0.47626093,-0.44680701,0.75732358,0.04700533,0.0215922,-0.00344898
-0.03724418,0.85078391,0.52419416,-0.87726471,-0.27904295,0.39056568,0.47855973,-0.44531075,0.75675551,0.01997461,0.00369376,0.0135216
-0.02988821,0.85508562,0.51762462,-0.87425607,-0.27339953,0.40115955,0.48454411,-0.44054653,0.75573525,-0.03245945,-0.02952033,0.01943169
-0.0224297,0.85826952,0.51270874,-0.87048678,-0.26898165,0.41219113,0.49168037,-0.43706085,0.75314554,-0.00756756,-0.01679283,0.0176974
-0.018780144,0.859511691,0.51077092,-0.868306229,-0.267285532,0.417854884,0.495672848,-0.435658197,0.751339042,-0.000733502209,-0.029265821,0.0119104367
-0.01126359,0.86198194,0.50681373,-0.86327112,-0.26416068,0.4300953,0.5046147,-0.43267324,0.74709962,-0.01263858,-0.05775589,-0.02228155
-0.000166764655,0.86508802,0.501619828,-0.854588718,-0.260617064,0.449173206,0.519305168,-0.428603737,0.739338162,-0.0523886308,-0.0310999751,-0.0834437534
0.00632972,0.8667611,0.49868319,-0.84854,-0.25920488,0.46129432,0.52909319,-0.4260725,0.73384097,-0.06808813,0.00478166,-0.06276789
0.01228957,0.86828739,0.4959092,-0.84261783,-0.258031,0.47266813,0.53837174,-0.42367082,0.72846338,-0.05753068,0.01017767,-0.02601907
0.01521491,0.86883409,0.49486947,-0.83975317,-0.25755165,0.47799761,0.54275508,-0.42284089,0.72568759,-0.05592204,0.0027898,-0.03091409
0.02763804,0.87015564,0.49200112,-0.8287869,-0.25523332,0.49796383,0.55888122,-0.42152682,0.71411965,-0.02185912,-0.07999176,-0.05925301
0.03102744,0.870482,0.49122126,-0.82603591,-0.25437565,0.50294893,0.56276275,-0.42137162,0.71115682,-0.01020349,-0.07013834,-0.05127778
0.04367272,0.87206801,0.48743199,-0.81327184,-0.25233615,0.52432357,0.5802426,-0.41931334,0.69820828,0.01362375,0.07502478,0.01526681
0.04686605,0.87243305,0.4864811,-0.80954814,-0.25213217,0.53015167,0.58517954,-0.41867597,0.6944604,0.03809522,0.09478194,0.00923567
0.05382578,0.87434164,0.48231675,-0.8018402,-0.25001922,0.54271783,0.59510927,-0.41595317,0.68762483,0.02342957,0.08283669,0.0302383
0.06112934,0.87692913,0.47671613,-0.79412947,-0.2466055,0.5554672,0.60466632,-0.41252965,0.68132066,-0.00923537,0.11325306,0.04698383
0.0647323,0.87783776,0.47456365,-0.79038167,-0.24521165,0.56139838,0.6091852,-0.41142702,0.6779537,-0.00665405,0.1241259,0.04404959
0.07182663,0.8785586,0.47220307,-0.78315301,-0.2435004,0.57217038,0.61766684,-0.41090432,0.67055598,0.04338613,0.16912335,0.01599066
0.07905624,0.87895907,0.47029865,-0.77631836,-0.2416739,0.58217111,0.62536363,-0.41112571,0.66324648,0.05285224,0.2267558,0.02821275
0.08272838,0.87935945,0.46891687,-0.77296328,-0.24037831,0.58715085,0.62903406,-0.41102957,0.65982639,0.03603475,0.23681003,0.02746072
0.08894342,0.88002464,0.46652517,-0.76676194,-0.2384588,0.59599797,0.63573991,-0.41072384,0.65356002,0.03579345,0.27580553,0.01488493
0.09312178,0.88085193,0.46414253,-0.76159266,-0.23725547,0.60306432,0.64133068,-0.40964598,0.64875663,0.00884971,0.27922565,0.01601627
0.09442595,0.88125673,0.46310912,-0.75966541,-0.23687219,0.6056399,0.64342206,-0.40899607,0.64709363,0.00465781,0.26839811,0.02738533
0.09606791,0.88157,0.46217449,-0.75759105,-0.23641065,0.60841248,0.64562118,-0.40858817,0.64515811,-0.00858986,0.26441532,0.03225934
0.09610669,0.88134227,0.46260074,-0.7578972,-0.23648418,0.60800267,0.64525613,-0.40903694,0.64523899,-0.03559997,0.21348053,0.05147432
0.09558066,0.88087016,0.46360753,-0.75871519,-0.23702173,0.60677158,0.64437214,-0.40974169,0.64567503,-0.03025321,0.18104321,0.04983511
0.09296125,0.87981115,0.46614419,-0.76140324,-0.2388584,0.60267037,0.64157865,-0.41094867,0.64768663,-0.01686079,0.14023536,0.03747397
0.0884281,0.87929209,0.46800194,-0.76463396,-0.2411906,0.59763024,0.63836925,-0.41069748,0.65100864,-0.02272587,0.08450609,0.03467943
0.085622,0.87911317,0.46885909,-0.76632811,-0.24262723,0.59487241,0.63671818,-0.41023406,0.65291496,-0.02766899,0.06869751,0.0401302
0.079375,0.8783186,0.47144023,-0.76978119,-0.24647462,0.58880131,0.63335328,-0.40964191,0.65654936,-0.03370552,0.01633531,0.01343918
0.0726154537,0.876992839,0.474984556,-0.772964171,-0.251474522,0.582483174,0.630280223,-0.409443302,0.659623332,-0.0160744488,-0.0180760026,0.000601661857
0.06902199,0.87643177,0.47655365,-0.77435175,-0.25411023,0.57948895,0.62897965,-0.40901764,0.66112722,-0.01512403,-0.03574902,-0.00891556
0.06198158,0.87550423,0.47921866,-0.77653427,-0.25933671,0.57422892,0.6270189,-0.40772132,0.66378504,-0.02406578,-0.07370406,-0.02522366
0.05500993,0.87446166,0.4819653,-0.7780468,-0.26498516,0.5695839,0.62579303,-0.40632431,0.66579545,-0.02119346,-0.08395219,-0.05156775
0.05154911,0.87386958,0.48341977,-0.77855399,-0.26799874,0.56747724,0.62545697,-0.40562134,0.66653951,-0.0128544,-0.09081739,-0.05538291
0.04480862,0.87332621,0.4850705,-0.77921602,-0.27329859,0.56403023,0.62515155,-0.40324811,0.66826377,-0.00454358,-0.09589654,-0.05589885
0.03868726,0.87302567,0.48613739,-0.77962555,-0.2779443,0.56118721,0.6250499,-0.40071593,0.66988013,-0.02416818,-0.09000731,-0.04803299
0.03596738,0.87256613,0.48716994,-0.77981182,-0.28036049,0.55972432,0.62497977,-0.40003268,0.6703537,-0.01606692,-0.07123995,-0.05100672
0.03101635,0.87110817,0.49011056,-0.78014116,-0.28543403,0.55669287,0.62483404,-0.39962199,0.67073439,0.00605934,-0.0532732,-0.04553933
0.02701629,0.86962956,0.49296515,-0.7804891,-0.28977341,0.55395689,0.62458543,-0.3997198,0.6709077,0.00669655,-0.05212206,-0.04764018
0.02527408,0.86896768,0.49422288,-0.78069453,-0.29163386,0.5526894,0.62440143,-0.3998058,0.67102767,0.00739175,-0.04877508,-0.0415327
0.02250299,0.86768562,0.49660346,-0.7811307,-0.29475879,0.55041048,0.62396166,-0.40029807,0.67114321,-0.00173557,-0.04241794,-0.03677035
0.02041691,0.86638358,0.49896141,-0.78178686,-0.29725336,0.54813278,0.62321128,-0.40127265,0.67125845,0.00572041,-0.02155209,-0.04928882
0.0194965028,0.865917449,0.499806559,-0.78212975,-0.298193821,0.547131752,0.622810308,-0.401580716,0.67144632,0.0164604858,-0.000808775425,-0.0502763763
0.01750016,0.86595001,0.49982425,-0.78271501,-0.2991879,0.54575064,0.62213416,-0.40077066,0.67255628,0.01860313,0.00494558,-0.04019128
0.01545868,0.86666258,0.49865514,-0.78326632,-0.299489,0.54479369,0.62149406,-0.39900157,0.67419795,0.00397094,-0.01156145,-0.0136979
0.01474289,0.86683532,0.49837651,-0.78358866,-0.29959527,0.54427148,0.621105,-0.39854631,0.67482546,-0.00177077,-0.01232451,-0.00579031
0.01379784,0.86653451,0.49892654,-0.78447831,-0.30001353,0.54275761,0.62000284,-0.39888594,0.67563786,0.00554345,-0.0019595,-0.00181941
0.0132269,0.86589082,0.50005792,-0.7855738,-0.30040437,0.54095355,0.61862642,-0.39998752,0.67624794,0.00690183,0.01762098,-0.01082069
0.01289418,0.86564644,0.5004897,-0.78608513,-0.30057033,0.54011813,0.61798371,-0.40039188,0.67659623,0.00961928,0.02224559,-0.0232262
0.01205108,0.86597397,0.4999436,-0.78709396,-0.30015235,0.53887972,0.61671519,-0.39999666,0.67798596,0.00894558,0.0130139,-0.03055134
0.01111791,0.86725623,0.49773783,-0.78795757,-0.29886129,0.53833513,0.61562911,-0.39818145,0.68003847,-0.03197723,-0.01967007,0.0131836
0.01064202,0.86750569,0.49731335,-0.78836148,-0.29866315,0.53785354,0.61512021,-0.39778653,0.68072975,-0.0437262,-0.02604932,0.0228302
0.00961244,0.8664333,0.49920044,-0.78923497,-0.29997171,0.53584076,0.61401621,-0.39913719,0.68093586,-0.04119409,-0.02050656,0.02368189
0.00875395,0.86351453,0.50424771,-0.79007344,-0.30312931,0.53281914,0.61294948,-0.40305698,0.67958658,0.00240252,0.00386685,-0.00442725
0.00824621,0.86209001,0.5066882,-0.79047346,-0.30471783,0.53131808,0.61244087,-0.40490494,0.67894639,0.00232286,-0.00225669,-0.01943609
0.00534337074,0.858442315,0.512882268,-0.791794396,-0.309627092,0.526490904,0.610764327,-0.40891054,0.678055382,-0.00997061562,-0.00622135401,-9.12360847e-05
0.00466418,0.8576875,0.51415021,-0.79208075,-0.31067465,0.52544211,0.61039854,-0.40969925,0.67790867,0.00252066,-0.0056529,-0.00492703
0.00345104,0.85639903,0.51630273,-0.79257761,-0.31248258,0.52361723,0.60976106,-0.41101699,0.67768459,0.0183485,0.01664323,-0.03070974
0.00216701,0.85612485,0.51676447,-0.79289456,-0.31342347,0.52257431,0.60935498,-0.41087215,0.67813757,0.02158312,0.01771027,-0.04111863
0.00163887,0.85653716,0.51608261,-0.79295162,-0.31332772,0.522545,0.60928228,-0.41008492,0.67867917,0.01431483,0.01550752,-0.03339879
0.000375889437,0.858665098,0.512536907,-0.793094003,-0.31192984,0.523165023,0.609099117,-0.406686598,0.680884916,-0.00561197149,0.00610226393,-0.0196503066
-0.00091212,0.86114958,0.50835065,-0.79290318,-0.31038491,0.52437154,0.60934681,-0.40259454,0.68309153,-0.00742716,0.00543958,0.01223616
-0.0016721661,0.86210732,0.506723074,-0.792592135,-0.310117831,0.524999781,0.609749959,-0.400746842,0.683817949,-0.0091509195,0.000710487366,0.00997088291
-0.00329419,0.86314981,0.50493704,-0.79178841,-0.31066344,0.52588891,0.61078647,-0.39807091,0.68445554,0.00646568,0.00308233,-0.01393577
-0.00482635,0.86386717,0.5036964,-0.79092883,-0.31151118,0.52668032,0.61188899,-0.39584604,0.68476107,0.00879851,0.0119341,-0.02505299
-0.00539514563,0.864146151,0.503212072,-0.790544601,-0.31185214,0.527055561,0.612380758,-0.39496805,0.684828495,-0.000557803549,0.00543802977,-0.0285460837
-0.0063474,0.86442952,0.5027138,-0.7900329,-0.31252678,0.52742281,0.61303146,-0.39381266,0.68491165,-0.01075625,-0.00387377,-0.0320278
-0.00721910245,0.864425255,0.502709129,-0.78991522,-0.313193481,0.527203257,0.61317325,-0.393291631,0.685084034,0.000493131578,0.00303435326,-0.0403486192
-0.00767572,0.86463326,0.5023449,-0.78992684,-0.31327525,0.52713772,0.61315304,-0.39276956,0.68540165,0.00817385,0.00365072,-0.04677899
-0.00882773,0.86596769,0.50002209,-0.79004036,-0.31257305,0.52738448,0.61299132,-0.39038203,0.68690868,-0.01104991,-0.00220364,-0.01552185
-0.01004877,0.86724583,0.49777861,-0.79005996,-0.31202865,0.52767718,0.6129471,-0.38797243,0.68831185,-0.01340497,-0.00197601,-0.01134633
-0.01063787,0.86755002,0.49723604,-0.79012555,-0.3120597,0.52756061,0.61285262,-0.38726677,0.68879321,-0.00322222,-0.00216007,-0.01444201
-0.01181423,0.86777633,0.49681463,-0.7903461,-0.31246854,0.52698824,0.61254681,-0.38642955,0.6895351,-0.00603083,-0.01109308,-0.00860584
-0.0128086563,0.867566031,0.497157015,-0.790541914,-0.313232465,0.526240321,0.612273956,-0.386283026,0.68985942,-0.0045412574,0.000549018383,-0.0200605094
-0.01319939,0.86739436,0.49744612,-0.79068325,-0.31358554,0.52581735,0.612083,-0.38638183,0.68997349,0.00460044,0.00418776,-0.02927501
-0.0140237,0.86740115,0.49741172,-0.79102651,-0.31391137,0.52510619,0.61162099,-0.38610192,0.69053966,0.02031758,0.0085358,-0.01866906
-0.0147534429,0.868008941,0.496329223,-0.791324861,-0.313567305,0.524862229,0.611217788,-0.385014121,0.691503368,-0.00217636814,-0.0161291957,-0.000254680112
-0.0150560478,0.868000059,0.496335709,-0.791364846,-0.313753066,0.524690952,0.61115867,-0.384882855,0.69162869,0.000658069504,-0.00672310591,-0.0104035968
-0.01570969,0.86789375,0.49650126,-0.79144951,-0.31424687,0.52426749,0.61103252,-0.38471959,0.69183094,0.01414751,0.01073009,-0.02835141
-0.01608026,0.86836901,0.49565782,-0.7914956,-0.31396204,0.52436871,0.61096328,-0.383879,0.69235885,0.01168948,0.00812989,-0.03590402
-0.0161573,0.86901442,0.49452286,-0.79162815,-0.31324633,0.52459659,0.61078948,-0.38300215,0.69299751,0.00694076,-0.00249946,-0.0208225
-0.01628705,0.86999217,0.49279628,-0.79173183,-0.31222814,0.52504672,0.6106515,-0.38161102,0.69388595,-0.02512276,-0.01592457,-0.0074562
-0.01673464,0.86980737,0.49310744,-0.79189457,-0.31262107,0.52456732,0.61042838,-0.38171066,0.69402747,-0.00635379,-0.00322241,-0.03286501
-0.01692831,0.86958761,0.49348821,-0.79207619,-0.31286977,0.52414458,0.61018729,-0.38200736,0.69407621,0.00217716,0.00388592,-0.02625094
-0.01719374,0.86923317,0.49410313,-0.79253884,-0.31313218,0.52328787,0.60957886,-0.38259863,0.69428513,-0.00347401,-0.00111914,-0.02018131
-0.01757504,0.86885058,0.4947624,-0.7930458,-0.31347171,0.52231589,0.60890846,-0.38318952,0.69454754,-0.01247998,-0.00244188,-0.03187134
-0.01787615,0.86859403,0.49520171,-0.79333474,-0.31376013,0.52170338,0.60852306,-0.38353466,0.69469476,0.00533092,0.00367135,-0.03967158
-0.0183907,0.86830934,0.49568211,-0.79389355,-0.31404877,0.52067889,0.60777865,-0.38394319,0.69512068,0.01596617,0.00491554,-0.03035263
-0.0184970412,0.868581547,0.495200973,-0.794379389,-0.313526365,0.520252503,0.607140259,-0.383754317,0.695782541,-0.00484320521,-0.0168662071,-0.000449833693
-0.01848877,0.86868341,0.49502251,-0.79457749,-0.31328856,0.52009314,0.60688118,-0.38371786,0.69602862,-0.00943297,-0.01632416,0.01324016
-0.01833275,0.86807067,0.49610201,-0.79466622,-0.31377155,0.51966624,0.60676972,-0.3847086,0.69557875,0.00366816,0.00133568,0.00354357
-0.01785836,0.8672948,0.49747456,-0.79465401,-0.31427575,0.51938033,0.60679998,-0.38604488,0.69481161,0.01736545,0.01471192,-0.00246077
-0.01753907,0.86717697,0.49769124,-0.79460668,-0.31421671,0.5194884,0.60687123,-0.38635744,0.6945756,0.0106301,0.00941604,-0.00431692
-0.01721082,0.86745375,0.49721988,-0.79456193,-0.31373756,0.51984599,0.606939,-0.386125,0.69464558,-0.00830767,-0.00197947,0.00216278
-0.0169975,0.86772451,0.49675444,-0.79458871,-0.31329519,0.52007166,0.60690986,-0.38587554,0.69480962,-0.02115442,-0.00655758,-0.00615899
-0.01685858,0.86766147,0.49686939,-0.79465286,-0.31322802,0.52001426,0.60682984,-0.38607197,0.69477041,-0.02265134,0.0016728,-0.01244306
-0.0168504613,0.867609177,0.49696113,-0.794662231,-0.313271525,0.519973916,0.606817919,-0.386154439,0.694735027,-0.0133505538,0.000839054585,-0.0183910578
-0.01731713,0.86779829,0.49661492,-0.79458249,-0.31343501,0.51999742,0.60690931,-0.38559666,0.694965,-0.01309477,-0.00165015,-0.0051896
-0.017579138,0.867863673,0.496491402,-0.794526802,-0.313576133,0.519997394,0.606974651,-0.385334626,0.695053254,-0.0149068851,0.000849187374,-0.00645910623
-0.01829194,0.86752216,0.49706205,-0.7943619,-0.31451151,0.51968419,0.6071693,-0.38534113,0.6948796,-0.01233091,-0.0015282,-0.00432924
-0.0192104602,0.866811409,0.498265864,-0.794124106,-0.316012795,0.519136524,0.607451887,-0.385712078,0.694426654,0.00078717235,0.00957208872,-0.0092474157
-0.0197356,0.86647136,0.49883637,-0.7939906,-0.3167986,0.5188616,0.60760947,-0.38583134,0.69422249,0.00866408,0.01606351,-0.01212944
-0.02089262,0.86606884,0.49948811,-0.79366209,-0.31818858,0.5185139,0.60800009,-0.38559167,0.69401369,-0.00277768,0.00857419,-0.00772936
-0.02212363,0.86579977,0.49990115,-0.79338944,-0.31944935,0.5181555,0.60831209,-0.38515281,0.69398392,-0.00449646,0.00608212,-0.00530322
-0.0226577297,0.865576662,0.500263438,-0.793325863,-0.320070961,0.517869141,0.60837533,-0.385138174,0.693936594,0.000229211873,0.00812870264,-0.00833321828
-0.0237346862,0.865315745,0.500664868,-0.793351085,-0.321029876,0.517236748,0.608301491,-0.384926563,0.694118745,-0.00199322961,0.0209470391,-0.000528949604
-0.0248123709,0.865098277,0.500988173,-0.793429206,-0.321908447,0.516570256,0.608156454,-0.384681305,0.694381718,8.45791074e-05,0.0463243127,-0.00285873236
-0.0255523302,0.865108261,0.500933829,-0.793474507,-0.322351869,0.51622416,0.608066782,-0.384287488,0.694678266,0.0003628782,0.0401380658,-0.00171409908
-0.02726252,0.86534044,0.50044238,-0.79342983,-0.32325273,0.51572923,0.60805078,-0.38300583,0.69539971,-0.00093722,0.0311901,0.00309603
-0.02907338,0.86541345,0.50021399,-0.79341793,-0.32435821,0.51505283,0.6079823,-0.3819044,0.69606499,-0.012068,0.01496226,-0.00164229
