0,1,2,3,4,5,6,7,8,9,10,11
0.46502823,0.16064386,-0.87059877,0.01205178,-0.98445617,-0.17521555,-0.88521377,0.0709879,-0.45973587,,,
0.46507702,0.1607001,-0.87056232,0.01192325,-0.98443371,-0.17535032,-0.88518987,0.07117147,-0.45975346,0.00517473,-0.00168282,0.00251196
0.46503696,0.16073541,-0.87057718,0.01181077,-0.98441815,-0.17544502,-0.88521241,0.07130622,-0.45968912,0.00734345,0.002491,-0.00251392
0.465036962,0.160735411,-0.870577182,0.0118107692,-0.984418152,-0.175445021,-0.885212408,0.0713062214,-0.459689115,0.00275972974,0.000608086528,-0.0042136861
0.4651258,0.16083755,-0.87051089,0.01171213,-0.98438828,-0.17561985,-0.88516708,0.07148978,-0.45974808,,,
0.4651258,0.16083755,-0.87051089,0.01171213,-0.98438828,-0.17561985,-0.88516708,0.07148978,-0.45974808,,,
0.46508575,0.16083226,-0.87053329,0.01164095,-0.9843843,-0.17564717,-0.88518908,0.07155716,-0.45969532,,,
0.46513453,0.16084779,-0.87050432,0.01155378,-0.98437323,-0.17571448,-0.88516456,0.07167325,-0.45972431,,,
0.46514325,0.16085808,-0.87049783,0.01139541,-0.98435839,-0.17580916,-0.8851621,0.07185677,-0.45970074,0.00556027,-0.00365829,0.00238946
0.46519203,0.16087361,-0.87046888,0.01130824,-0.98434731,-0.17587648,-0.88513757,0.07197286,-0.45972973,,,
0.465240799,0.160889135,-0.870439933,0.0112210872,-0.984336243,-0.175943789,-0.885113031,0.0720889461,-0.459758723,0.00538512971,0.000973463,-0.00443444028
0.46520074,0.16088383,-0.87046235,0.01114987,-0.98433227,-0.17597109,-0.88513501,0.07215634,-0.45970597,,,
0.46515197,0.16094946,-0.87047628,0.0111545,-0.98432016,-0.17603841,-0.88516058,0.07217488,-0.4596538,,,
0.46519203,0.16099537,-0.87044635,0.01118442,-0.98431254,-0.17607847,-0.88513912,0.07217486,-0.45969496,,,
0.465320914,0.16106213,-0.870365166,0.0111983143,-0.984298249,-0.176158646,-0.885071257,0.0722236878,-0.459818269,0.00503978832,3.95774805e-05,-0.0019844363
0.46536097,0.16114859,-0.87032772,0.01118696,-0.98427905,-0.17626601,-0.88505031,0.072291,-0.45984784,0.00432662,0.00285077,0.00158798
0.46523209,0.16112241,-0.87040139,0.0111318,-0.98428175,-0.17625316,-0.88511869,0.07230948,-0.45971294,0.00442812,0.00710773,-0.00209517
0.46518331,0.16118808,-0.87041531,0.01113639,-0.98426964,-0.17632052,-0.88514427,0.07232807,-0.45966078,,,
0.46518331,0.16122865,-0.87040779,0.01109513,-0.98425805,-0.17638784,-0.88514479,0.07239539,-0.45964919,,,
0.46523209,0.16120359,-0.87038636,0.01104924,-0.98425857,-0.17638784,-0.88511973,0.07244416,-0.45968976,,,
0.46523209,0.16120359,-0.87038636,0.01104924,-0.98425857,-0.17638784,-0.88511973,0.07244416,-0.45968976,,,
0.46528086,0.16113796,-0.87037245,0.01104462,-0.98427068,-0.17632053,-0.88509415,0.07242562,-0.45974193,,,
0.46523209,0.16116305,-0.87039393,0.01109048,-0.98427036,-0.17632058,-0.88511928,0.07237691,-0.45970156,0.00600542,0.00106537,0.00197468
0.46519203,0.16115771,-0.87041624,0.01101933,-0.98426598,-0.17634777,-0.88514113,0.07244416,-0.4596484,,,
0.465143252,0.161182805,-0.870437725,0.0110651915,-0.98426567,-0.176347833,-0.885166251,0.0723954417,-0.459608027,0.00511975074,9.79900287e-05,-0.00430936785
0.46509447,0.16120783,-0.87045909,0.0111111,-0.98426495,-0.17634777,-0.88519124,0.0723466,-0.45956725,0.00338485,-0.00307894,-0.00336257
0.465134532,0.161253712,-0.870429218,0.0111410069,-0.984257537,-0.176387838,-0.885169849,0.0723466082,-0.459608615,-0.000744179823,0.00244140602,-0.00708198408
0.46517459,0.16129963,-0.87039934,0.01117089,-0.98425012,-0.17642795,-0.88514846,0.07234666,-0.45964998,,,
0.46516586,0.16137057,-0.87039083,0.01124667,-0.98424199,-0.176468,-0.88515206,0.07229788,-0.45965058,,,
0.4652059,0.16137584,-0.87036841,0.01131787,-0.98424596,-0.17644069,-0.88513007,0.07223052,-0.45970334,,,
0.46507702,0.16130912,-0.87044966,0.01130394,-0.98426048,-0.17636059,-0.88519798,0.07218173,-0.45958023,,,
0.46503696,0.16126324,-0.87047959,0.01127404,-0.9842681,-0.17632054,-0.88521943,0.07218174,-0.45953906,,,
0.46503696,0.16126324,-0.87047959,0.01127404,-0.9842681,-0.17632054,-0.88521943,0.07218174,-0.45953906,,,
0.46490805,0.16119649,-0.87056082,0.0112601,-0.98428265,-0.17624042,-0.88528733,0.07213298,-0.45941596,,,
0.46496556,0.16105985,-0.87055535,0.01117976,-0.98430267,-0.17613292,-0.88525811,0.07216313,-0.45946733,,,
0.46505441,0.16108076,-0.87050411,0.01116372,-0.98429596,-0.17617309,-0.88521172,0.07221201,-0.45954947,,,
0.46515197,0.16103062,-0.87046126,0.01107197,-0.98429698,-0.17617303,-0.88516161,0.07230951,-0.45963062,,,
0.46520945,0.16093457,-0.87044828,0.01095024,-0.98430543,-0.17613294,-0.88513289,0.07240709,-0.45967043,,,
0.46531566,0.16077288,-0.87042137,0.01082396,-0.98432599,-0.17602553,-0.8850786,0.07248603,-0.45976244,0.00510621,0.00523508,-0.00362848
0.465275584,0.160727035,-0.870451299,0.0107940274,-0.9843336,-0.175985516,-0.88510007,0.07248609,-0.459721295,0.000980556826,-0.00342941261,-0.00515352795
0.46518675,0.1606656,-0.87051009,0.01085131,-0.98435208,-0.17587807,-0.88514603,0.07236997,-0.45965094,0.00461281,0.0012362,0.00174484
0.46531566,0.16069173,-0.87043636,0.01090647,-0.98434917,-0.17589089,-0.88507759,0.07235139,-0.45978562,0.00419333,0.0032649,0.00357683
0.46544455,0.16075847,-0.87035513,0.01092035,-0.98433469,-0.17597108,-0.88500965,0.07240019,-0.45990871,0.00326463,0.003304,-0.00251765
0.465395796,0.160783505,-0.870376563,0.0109662739,-0.984334157,-0.175971015,-0.88503471,0.0723513775,-0.459868118,0.000284997863,0.00263953186,-0.00501239719
0.46534704,0.1608086,-0.87039799,0.01101214,-0.98433363,-0.17597106,-0.88505978,0.07230266,-0.45982753,,,
0.4651206,0.16083263,-0.87051464,0.01104882,-0.98433571,-0.17595828,-0.8851784,0.07222367,-0.45961188,0.00747969,-0.00192106,-0.00191526
0.464974275,0.160948333,-0.870571362,0.0111452507,-0.984322388,-0.176025549,-0.885254001,0.0721446102,-0.459478338,0.00113537768,5.50746881e-05,0.00732772145
0.465054412,0.160999565,-0.870519142,0.0112462856,-0.984319134,-0.176038416,-0.885210686,0.0720773392,-0.459572647,0.00479166955,-0.00056743616,0.00584097812
0.4651258,0.16116227,-0.87045079,0.01138192,-0.98429576,-0.17615854,-0.88517135,0.07202847,-0.45965557,,,
0.465285987,0.161345903,-0.870331231,0.0115015329,-0.984265919,-0.176318815,-0.885085684,0.0720285307,-0.459820867,0.00761981821,-0.000392198534,-0.00187309401
0.46536606,0.16143766,-0.87027142,0.01156138,-0.98425091,-0.17639886,-0.88504282,0.0720285,-0.45990343,,,
0.46552615,0.16158066,-0.87015923,0.01172229,-0.98423231,-0.17649169,-0.88495648,0.07196124,-0.46007997,0.00883781,-0.001544,-0.00336858
0.4655974,0.16178388,-0.87008336,0.01181679,-0.9841976,-0.17667898,-0.88491776,0.07197968,-0.46015161,,,
0.465628609,0.161900693,-0.870044899,0.0119225359,-0.984181879,-0.176758993,-0.884899889,0.0719308987,-0.460193468,0.00739265885,0.00073361391,-0.00259446772
0.46560219,0.16215409,-0.87001189,0.01210873,-0.98414609,-0.17694638,-0.88491131,0.07185189,-0.4601841,0.00379004,0.00329709,0.00352622
0.46554456,0.16233117,-0.87000966,0.01214791,-0.98411402,-0.17712101,-0.88494104,0.07188892,-0.46012087,,,
0.46554456,0.16233117,-0.87000966,0.01214791,-0.98411402,-0.17712101,-0.88494104,0.07188892,-0.46012087,,,
0.46552688,0.16255412,-0.86997745,0.01221713,-0.98407437,-0.17733559,-0.88494934,0.07192584,-0.4600989,0.00748074,0.00181913,-0.00289318
0.46546921,0.16269064,-0.86998281,0.01229755,-0.98405411,-0.1774429,-0.88497859,0.07189554,-0.46004751,0.00684405,0.00419259,-0.00335415
0.46537155,0.16278124,-0.87001807,0.01234806,-0.98404124,-0.17751015,-0.88502921,0.07186513,-0.45995469,,,
0.465344931,0.163034513,-0.869984936,0.0125342999,-0.98400525,-0.17769739,-0.885040639,0.0717859223,-0.459945326,0.000984159997,-0.000384807558,0.010597623
0.4653671,0.16330323,-0.86992268,0.01263344,-0.983958,-0.17795184,-0.88502757,0.07182281,-0.45996471,-0.0015861,0.00313258,0.00880406
0.465229437,0.163388519,-0.869980296,0.0126126787,-0.983941157,-0.178046454,-0.885100245,0.0718596649,-0.45981911,-0.000914147124,-0.000982105616,0.011457013
0.465020736,0.163392321,-0.870091126,0.0123735843,-0.98392432,-0.178155731,-0.885213258,0.0720799537,-0.459566864,0.000733814202,0.00149536121,0.00946054701
0.46503851,0.16341274,-0.8700778,0.01205696,-0.98389403,-0.17834483,-0.8852083,0.07244672,-0.4595188,,,
0.465056257,0.163352047,-0.870079693,0.0118228374,-0.983886913,-0.178399377,-0.885202115,0.0726789243,-0.459493936,0.000385196094,0.00500035239,-0.00144607842
0.46494514,0.16334631,-0.87014022,0.01145089,-0.98385956,-0.17857558,-0.88526544,0.07306396,-0.45931119,,,
0.4648828,0.16335608,-0.87017161,0.0109919,-0.98382034,-0.17881888,-0.88530391,0.07356497,-0.45915661,-0.00416311,0.00109947,0.00316453
0.46480277,0.16338599,-0.87020873,0.01080824,-0.98380024,-0.1789404,-0.88534818,0.07376655,-0.45903883,,,
0.4646113,0.16336974,-0.87031406,0.01029389,-0.98376397,-0.17917052,-0.88545484,0.07428572,-0.45874946,0.004147,0.00125492,0.01014057
0.4644774,0.1632575,-0.87040665,0.00965807,-0.98373605,-0.17936023,-0.88553231,0.07490232,-0.45849991,,,
0.46450375,0.16316625,-0.87040966,0.0093071,-0.98372455,-0.17944133,-0.88552221,0.07525018,-0.4584623,,,
0.46428918,0.16300293,-0.87055474,0.00857019,-0.98369913,-0.17961742,-0.88564218,0.0759336,-0.4581178,-0.00147446,0.00760436,-0.00561732
0.4640744,0.16275857,-0.87071497,0.00791592,-0.98369706,-0.17965874,-0.88576083,0.07648251,-0.45779696,-0.00312409,-0.00523263,-0.01770848
0.463922285,0.162626152,-0.870820834,0.00759666211,-0.983699712,-0.179659259,-0.885843373,0.0767326096,-0.457595709,0.000630042749,-0.00536459638,-0.00838823337
0.46356065,0.1624573,-0.87104484,0.00707989,-0.98369595,-0.17969986,-0.88603689,0.07713488,-0.45715288,0.01007423,0.00449085,-0.00397138
0.46331939,0.16234482,-0.8711942,0.00673537,-0.98369356,-0.17972677,-0.88616579,0.07740309,-0.45685777,0.00873975,0.00575829,0.00603876
0.46323894,0.16233439,-0.8712389,0.00659303,-0.98368465,-0.17978043,-0.8862089,0.07753719,-0.4567513,0.00514979,-0.00356114,0.00864237
0.4632158,0.16230885,-0.87125593,0.00624683,-0.98365989,-0.17992771,-0.88622347,0.07790277,-0.45666066,,,
0.46319261,0.16224281,-0.87128057,0.00594187,-0.98364712,-0.18000798,-0.8862377,0.07820132,-0.45658206,-0.00166664,0.00130653,-0.01873256
0.4625459,0.16207319,-0.8716556,0.00570662,-0.9836731,-0.17987319,-0.88657693,0.07822539,-0.45591877,0.00433811,0.00686264,-0.00671007
0.46210892,0.16198027,-0.87190458,0.00562789,-0.98369316,-0.17976532,-0.88680524,0.07816416,-0.45548485,,,
0.46197949,0.16187329,-0.87199306,0.00565519,-0.98372004,-0.17961775,-0.88687252,0.07804842,-0.4553738,-0.00133827,-0.00587612,-0.003276
0.4613553,0.16168795,-0.8723579,0.00580819,-0.98378306,-0.17926842,-0.88719646,0.07763962,-0.45481265,0.00938958,0.00588047,0.01348516
0.46126612,0.16162656,-0.87241641,0.00586552,-0.98380221,-0.17916101,-0.88724243,0.07752372,-0.45474261,0.00242517,0.00190067,0.01409358
0.46140413,0.161540967,-0.87235932,0.00588634081,-0.983819271,-0.179067415,-0.887170569,0.0774874443,-0.454889199,-0.00196320261,0.000548124255,0.00944588706
0.4615592,0.16131348,-0.87231929,0.00575584,-0.98385146,-0.17889306,-0.88709067,0.07754879,-0.45503407,,,
0.461576,0.16117168,-0.87233674,0.00560453,-0.98386742,-0.1788124,-0.88708302,0.07764648,-0.45503298,,,
0.461609748,0.160806732,-0.872386213,0.00538466364,-0.983922238,-0.178516915,-0.887066804,0.0777076483,-0.455054054,0.00610055681,0.000870943011,0.00281415787
0.46182169,0.16052374,-0.87232616,0.00509144,-0.98395062,-0.17836916,-0.88695822,0.07793336,-0.45522711,,,
0.46192773,0.16036185,-0.87229975,0.00496545,-0.98397059,-0.17826173,-0.88690367,0.07801267,-0.45531957,,,
0.46222857,0.16005875,-0.872196,0.00469756,-0.98400332,-0.17808728,-0.88674833,0.07821983,-0.45558625,,,
0.462359333,0.159724481,-0.872187991,0.00430341178,-0.984034426,-0.177925715,-0.886682176,0.0785122269,-0.455664816,0.00547026098,-0.000895142497,0.00407056604
0.46242464,0.1595573,-0.872184,0.00410636,-0.98404998,-0.1778449,-0.88664908,0.07865836,-0.45570417,0.00454237,-0.00234002,-0.00179726
0.46276558,0.15938082,-0.87203534,0.00378572,-0.984051,-0.17784483,-0.88647253,0.07899918,-0.45598816,0.00778109,0.00188375,-0.01579871
0.46287942,0.15918839,-0.87201008,0.00354287,-0.98406652,-0.17776407,-0.88641411,0.0791939,-0.456068,0.00591383,0.0070157,-0.00968908
0.46275803,0.15905099,-0.87209964,0.00345342,-0.98408896,-0.1776428,-0.8864779,0.07919391,-0.45594433,0.00140969,0.00098598,-0.00485208
0.462596298,0.158867753,-0.872218808,0.00333424596,-0.984118476,-0.177481026,-0.886562742,0.079193869,-0.455779216,0.00331434608,0.000115633004,-0.00467574876
0.46260451,0.15871549,-0.87224218,0.00334123,-0.98414996,-0.17730647,-0.88655844,0.07910841,-0.45580248,0.0047728,0.00133634,-0.00569262
0.46255586,0.15870012,-0.87227081,0.00342829,-0.98416181,-0.17723948,-0.88658352,0.07899277,-0.45577389,0.00576341,0.00610959,0.00423795
0.46255586,0.15861892,-0.87228562,0.00351083,-0.98418577,-0.17710543,-0.88658324,0.07885872,-0.45579786,,,
0.46273405,0.15853831,-0.87220574,0.00360258,-0.98420703,-0.17698516,-0.88648986,0.07875487,-0.4559973,,,
0.46277448,0.15854352,-0.87218331,0.00367363,-0.98421143,-0.17695853,-0.88646843,0.07868781,-0.45605036,,,
0.46277448,0.15854352,-0.87218331,0.00367363,-0.98421143,-0.17695853,-0.88646843,0.07868781,-0.45605036,0.00317208,0.00324178,-0.00357128
0.46268539,0.15844164,-0.87224902,0.00377225,-0.98424223,-0.17678393,-0.88651445,0.07850499,-0.45599207,0.00584898,0.00157249,0.00342502
0.4625963,0.15842103,-0.8723001,0.0037883,-0.98424968,-0.17674352,-0.88656096,0.07845637,-0.45591042,,,
0.462418085,0.158339122,-0.87240946,0.00386171969,-0.984275974,-0.176595586,-0.886653614,0.0782919946,-0.455758501,0.000719557051,-0.00292217708,0.0104485191
0.46260451,0.15826876,-0.87232337,0.00379527,-0.98428096,-0.17656894,-0.88655663,0.07837088,-0.45593348,0.00432619,-0.00254953,-0.00102143
0.46274226,0.15822359,-0.87225851,0.00377465,-0.98428584,-0.17654233,-0.88648484,0.07840113,-0.4560679,,,
0.46305812,0.15821962,-0.87209159,0.00372195,-0.98427632,-0.17659652,-0.88632011,0.07852857,-0.45636605,,,
0.46315551,0.15816911,-0.87204899,0.00363026,-0.98427652,-0.17659647,-0.88626956,0.07862585,-0.45644722,,,
0.46311508,0.15816394,-0.87207137,0.00355916,-0.98427189,-0.1766232,-0.88629095,0.07869302,-0.45639397,0.00416305,0.00335479,0.00238316
0.4630342,0.15811287,-0.8721236,0.00345837,-0.98427482,-0.17660935,-0.88633363,0.07876004,-0.45629965,0.00196787,-0.00321102,-0.00722469
0.46276684,0.15813228,-0.87226198,0.00342401,-0.98427263,-0.17662213,-0.88647338,0.07874823,-0.45603011,0.00403235,0.00374973,-0.00268992
0.46263729,0.15806585,-0.87234275,0.00341029,-0.98428725,-0.17654125,-0.88654107,0.07869962,-0.455907,0.0058606,0.00115943,-0.0018859
0.46245908,0.15806521,-0.87243736,0.00340115,-0.98428978,-0.17652739,-0.88663408,0.0786694,-0.45573132,0.00525609,-0.00122464,0.00865644
0.462369962,0.158085163,-0.872480969,0.00337598318,-0.984285075,-0.176553905,-0.886680644,0.0786877361,-0.455637489,0.0040473789,-8.23736118e-05,0.0114516011
0.46241861,0.15806002,-0.87245974,0.0033301,-0.98428519,-0.17655399,-0.88665544,0.07873647,-0.45567808,0.00251268,-0.00527787,0.0120158
0.46247543,0.158045,-0.87243234,0.00312609,-0.98426907,-0.1766476,-0.88662655,0.07896787,-0.45569425,,,
0.462451259,0.157938315,-0.872464508,0.00286263356,-0.984267729,-0.176660204,-0.886640082,0.0791991873,-0.455627965,0.000439117663,0.00114059437,-0.0113216881
0.46241891,0.15782144,-0.87250276,0.00275731,-0.98428244,-0.17657921,-0.88665725,0.0792478,-0.4555859,0.00395743,-0.0020318,-0.00917149
0.46225679,0.15771943,-0.87260724,0.00255567,-0.9842884,-0.17655137,-0.88674251,0.07938198,-0.45539723,0.00392725,0.00235105,0.00385907
0.46230554,0.1576535,-0.87259324,0.0025511,-0.98430017,-0.17648427,-0.88671703,0.07936359,-0.45544962,,,
0.462532408,0.157628841,-0.872477448,0.00251440635,-0.984297705,-0.176498218,-0.886598797,0.079442381,-0.455665908,0.00063255697,-0.00161868322,0.00709930761
0.46271062,0.15762942,-0.87238284,0.00252357,-0.98429517,-0.17651219,-0.88650578,0.07947254,-0.45584159,-0.00434494,-0.0020808,0.00161504
0.46280782,0.15757895,-0.87234041,0.00243192,-0.98429544,-0.17651221,-0.8864553,0.07956977,-0.45592285,,,
0.46299409,0.15754899,-0.87224693,0.00232424,-0.9842883,-0.17655267,-0.88635827,0.07971552,-0.45608577,-0.00156222,0.00358117,0.0034754
0.46314805,0.15740206,-0.87219169,0.00211118,-0.98429595,-0.17651216,-0.88627834,0.0799099,-0.45620693,,,
0.46319662,0.15741738,-0.8721632,0.00202413,-0.98428432,-0.17657922,-0.88625322,0.08002552,-0.45623579,-0.00251168,-0.00166422,-0.00747532
0.4631237,0.15725465,-0.87223127,0.001889,-0.98430636,-0.17645769,-0.88629162,0.08007409,-0.45615262,0.0079296,0.0017755,-0.0116253
0.463075129,0.157279968,-0.872252474,0.00193476507,-0.984306203,-0.176457757,-0.886316887,0.0800255897,-0.456111964,0.0081803333,-3.32593881e-05,-0.00100709999
0.46297798,0.15724928,-0.87230957,0.00210893,-0.98432987,-0.17632363,-0.88636724,0.07979431,-0.45605463,,,
0.46283211,0.15728445,-0.87238059,0.00228773,-0.98434135,-0.17625653,-0.88644293,0.0795814,-0.45594447,,,
0.4624595,0.15726296,-0.87258211,0.00258579,-0.98437931,-0.17604142,-0.88663662,0.07915571,-0.45564218,,,
0.46213525,0.15725675,-0.87275503,0.00279689,-0.98440526,-0.17589338,-0.88680505,0.07884553,-0.4553682,,,
0.46170558,0.15733098,-0.87296901,0.00321664,-0.9844351,-0.17571873,-0.88702739,0.07832229,-0.45502523,0.00700309,0.00329149,-0.012142
0.46136487,0.15746636,-0.87312476,0.00357915,-0.98444598,-0.17565168,-0.8872033,0.07791448,-0.45475245,0.0027469,0.00680268,-0.00380381
0.46117011,0.15752611,-0.87321688,0.00380408,-0.98445712,-0.17558451,-0.88730362,0.07765255,-0.4546015,0.00282098,0.0016588,-0.00745913
0.46063406,0.15776144,-0.87345728,0.00435034,-0.98446677,-0.17551743,-0.8875795,0.07704948,-0.45416528,-0.00166621,-0.00624549,0.0036717
0.46023576,0.15791063,-0.87364023,0.00491748,-0.98449264,-0.17535669,-0.8877831,0.07640931,-0.45387522,,,
0.45999185,0.15803573,-0.87374605,0.0051471,-0.98449143,-0.17535667,-0.8879082,0.07616538,-0.45367142,-0.00193717,-0.00129795,0.00527308
0.45960126,0.15811342,-0.87393759,0.00563892,-0.98452478,-0.17515543,-0.88810752,0.0755736,-0.45338049,-0.00241917,0.00300646,0.02664978
0.459584639,0.158132889,-0.873942775,0.0059143881,-0.984544468,-0.17503514,-0.888114297,0.0752746269,-0.453416797,0.000217111781,0.000947356166,0.0193816274
0.459584639,0.158092063,-0.873950123,0.0059558694,-0.984556034,-0.174967965,-0.888113982,0.0752074523,-0.453428363,0.00543281808,-0.000201821313,0.0179266669
0.4596906,0.15793045,-0.87392361,0.00582983,-0.98457587,-0.17486036,-0.88805997,0.07528684,-0.45352092,0.00190931,0.00114906,0.00590169
0.45980493,0.15773856,-0.87389807,0.00558673,-0.98459154,-0.17477927,-0.88800229,0.07548213,-0.45360115,0.00270351,0.00225103,-0.0065734
0.45986201,0.15764265,-0.87388541,0.00546521,-0.98459964,-0.17473876,-0.88797356,0.07557975,-0.4536415,0.00176698,0.00310826,-0.01598068
0.45988678,0.15738899,-0.8739181,0.00528002,-0.98463414,-0.17454995,-0.88796185,0.07565891,-0.45365123,0.00604015,0.00099063,-0.01166643
0.45993557,0.15728244,-0.87391159,0.00531694,-0.98465767,-0.17441572,-0.88793635,0.07557345,-0.4537153,0.00513764,0.00277829,-0.00790226
0.45984624,0.15726149,-0.87396238,0.00533328,-0.9846648,-0.1743752,-0.88798253,0.07552469,-0.4536331,0.00146491,0.00383401,-0.00429367
0.45952931,0.15714185,-0.87415058,0.00551126,-0.98470913,-0.17411923,-0.8881455,0.07519521,-0.45336874,0.00258487,-0.00132298,-0.00624848
0.45929353,0.15711404,-0.87427945,0.00574854,-0.98473855,-0.17394437,-0.88826591,0.07486568,-0.45318714,,,
0.45923644,0.15716915,-0.87429959,0.0059116,-0.98474245,-0.17391785,-0.88829441,0.07470091,-0.45315875,,,
0.45908996,0.15708056,-0.87439239,0.00621554,-0.98478785,-0.17364921,-0.88836801,0.07428578,-0.4530825,-0.00540946,0.00238419,-0.00203738
0.458845743,0.157041622,-0.874527615,0.00661163977,-0.984832795,-0.173380473,-0.888491366,0.0737728338,-0.452924675,0.00348762423,0.000898361148,-0.00797855668
0.45878858,0.15705563,-0.87455507,0.00681629,-0.98484788,-0.17328659,-0.88851932,0.07354069,-0.45290751,0.00346003,0.00165319,-0.00918276
0.4586742,0.15704283,-0.87461735,0.0072672,-0.98488941,-0.17303172,-0.88857479,0.07300917,-0.4528846,,,
0.458681333,0.157127055,-0.874598479,0.00784825705,-0.984920175,-0.172831035,-0.888566157,0.0724102937,-0.452997648,0.0032034656,0.000100374215,0.00554152159
0.45875399,0.15712649,-0.87456047,0.00814909,-0.98494357,-0.17268366,-0.88852594,0.07209244,-0.45312721,0.00648327,0.00236166,0.01189083
0.4589481,0.15722321,-0.87444124,0.00858007,-0.98495626,-0.17259043,-0.88842164,0.07170728,-0.45339277,0.00424617,0.00280714,0.00839361
0.45911003,0.15720297,-0.87435992,0.00890597,-0.98498408,-0.17241594,-0.8883348,0.07137087,-0.45361617,0.00547146,0.00161922,0.00604034
0.45923143,0.1572594,-0.874286,0.00907771,-0.98498477,-0.17240278,-0.8882703,0.07123627,-0.45376356,0.00731239,0.00379992,0.00464811
0.45952316,0.15734746,-0.87411682,0.0093751,-0.9849865,-0.17237633,-0.88811629,0.07101598,-0.45409923,,,
0.4599124,0.15738592,-0.8739052,0.00958041,-0.9849893,-0.1723497,-0.88791263,0.0708934,-0.45451665,,,
0.46012292,0.15750444,-0.87377296,0.00969417,-0.9849715,-0.17244398,-0.88780226,0.07087492,-0.45473478,,,
0.460511895,0.15758375,-0.873553728,0.00985806729,-0.984962843,-0.172484397,-0.887598768,0.0708195611,-0.455140537,-0.00482843863,0.00453126384,0.00024929957
0.460730876,0.157590498,-0.873437024,0.00993774463,-0.984964382,-0.172470833,-0.887484221,0.070782638,-0.455369538,-0.000440050149,0.00360619999,0.00949925743
0.460868956,0.157505179,-0.873379539,0.00995822326,-0.984980599,-0.17237652,-0.887412268,0.0707456684,-0.455515347,0.00210774597,-4.48226892e-05,0.00768842641
0.46105586,0.15743581,-0.87329344,0.00989119,-0.98498615,-0.17234952,-0.88731597,0.07082484,-0.45569084,0.00157115,0.00228143,0.00715612
0.46117046,0.15720343,-0.87327475,0.00968924,-0.98501392,-0.17220146,-0.8872586,0.07095285,-0.45578241,,,
0.461227732,0.157107609,-0.873261734,0.0095675504,-0.985022121,-0.172161064,-0.887230139,0.0710504698,-0.455822532,0.000103698345,-0.00171804416,-0.00678097783
0.46121265,0.15693037,-0.8733016,0.00922794,-0.98503016,-0.17213425,-0.88724161,0.07133172,-0.45575646,,,
0.46119747,0.15671232,-0.87334884,0.00892991,-0.98504958,-0.17204001,-0.88725261,0.07154549,-0.45570186,,,
0.46126303,0.15658632,-0.87333677,0.00869114,-0.98505392,-0.1720265,-0.88722086,0.07175918,-0.45572984,,,
0.46125604,0.15629724,-0.87339223,0.00831752,-0.98508065,-0.17189171,-0.88722806,0.07202163,-0.45567436,0.00393219,0.00220108,-0.00297864
0.461427293,0.156009527,-0.873353288,0.00795244636,-0.985105062,-0.171770449,-0.887142433,0.0723142858,-0.455795102,-0.000915843411,0.000339508028,-0.00532414671
0.461484337,0.155954412,-0.873332934,0.00778932274,-0.985101492,-0.171797341,-0.887114152,0.0724791087,-0.455823675,0.00469790725,-0.000631570758,-0.00526368851
0.46150919,0.15574137,-0.87335776,0.00756248,-0.98512424,-0.17167588,-0.88710313,0.07262523,-0.45582157,,,
0.46156619,0.15564538,-0.87334482,0.00744078,-0.98513245,-0.17163542,-0.88707457,0.07272274,-0.45586196,0.00254367,0.00107193,-0.01143366
0.461704085,0.155641487,-0.873272611,0.0073782921,-0.985125828,-0.171675902,-0.887003318,0.0728202034,-0.455984974,0.000165588455,0.00240159011,-0.00730644865
0.461695823,0.155671667,-0.873271554,0.00749536455,-0.985129484,-0.171648995,-0.887006592,0.0727041271,-0.455996892,-0.000859702122,-0.000640392245,-0.00756233744
0.461606649,0.155650638,-0.873322505,0.00751178119,-0.985136605,-0.171608598,-0.887052926,0.0726554639,-0.455914839,-0.000128579792,0.00256419159,-0.0136629231
0.46132253,0.15572942,-0.87345861,0.00771244,-0.98514219,-0.17156817,-0.88719902,0.07241177,-0.4556694,,,
0.46103832,0.15576717,-0.87360186,0.00795458,-0.98515882,-0.17146031,-0.88734454,0.07210063,-0.45543498,0.00244587,0.00322485,0.00480492
0.46098126,0.15586304,-0.87361482,0.00807626,-0.98515064,-0.17150074,-0.88737304,0.07200307,-0.45539464,0.00437658,-0.00326025,0.00305871
0.460875395,0.155902184,-0.873663753,0.00832701629,-0.985165143,-0.171406544,-0.887425774,0.0717220437,-0.455336547,0.00729114842,-0.00101172912,0.000769417034
0.460720709,0.156006956,-0.87372657,0.00858230769,-0.985167425,-0.17137964,-0.887503597,0.0714595464,-0.455225798,0.000925650704,0.00616860343,-0.00671257079
0.46057432,0.15608158,-0.87379044,0.00872052,-0.98516628,-0.17137963,-0.88757825,0.07131314,-0.45510329,0.00787188,0.00343978,-0.00451844
0.460362192,0.156241231,-0.873873724,0.00913915011,-0.985171947,-0.171325857,-0.887684113,0.0708854801,-0.454963786,0.00280630216,-0.000862300338,-0.00618272647
0.46015005,0.15644151,-0.8739496,0.00951627,-0.98516596,-0.17133935,-0.88779012,0.07052506,-0.45481283,,,
0.460043926,0.156521131,-0.873991262,0.00972564759,-0.985168769,-0.171312358,-0.887842893,0.0703110794,-0.454743183,0.00351441209,0.000824570598,0.00393302692
0.4597507,0.15658819,-0.87413355,0.01008535,-0.98518862,-0.17117768,-0.88799078,0.06988311,-0.45452044,0.00382829,-0.00507867,0.01207032
0.45981463,0.15674035,-0.8740726,0.01037882,-0.98518071,-0.1712046,-0.88795423,0.06965053,-0.45462722,0.00468521,-0.00237691,0.00496579
0.45994435,0.15672601,-0.87400692,0.01047486,-0.98518906,-0.17115071,-0.88788592,0.0695647,-0.45477376,,,
0.46015484,0.15676295,-0.87388949,0.0106716,-0.98519402,-0.17111013,-0.88777451,0.06941135,-0.45501466,,,
0.460365278,0.156840829,-0.873764683,0.0108267342,-0.985187682,-0.171136932,-0.887663533,0.0693254791,-0.455244231,-0.000290540745,0.000622510852,-0.00517542893
0.460405658,0.156805099,-0.873749848,0.0109394257,-0.985202949,-0.1710424,-0.887641237,0.0691905679,-0.455308376,0.00294428179,-0.00069165224,-0.00551539939
0.46038876,0.15686509,-0.87374793,0.01117387,-0.98520953,-0.17098829,-0.88764702,0.06895793,-0.45533209,,,
0.46024209,0.156857609,-0.873826584,0.0113953063,-0.98523053,-0.170853474,-0.887720314,0.0686764371,-0.455231988,0.00509589305,-0.000492691936,0.00373604102
0.46023356,0.156846665,-0.873833004,0.011554081,-0.985244946,-0.170758966,-0.887722648,0.0684926622,-0.455254933,-0.000524637988,0.00312805152,0.00784964301
0.46030574,0.156887077,-0.873787741,0.0118134921,-0.985255982,-0.170677745,-0.887681819,0.0682414562,-0.455372315,-0.000407816609,-0.000849783362,0.00691098813
0.46043534,0.15683186,-0.87372937,0.01195118,-0.9852754,-0.17055606,-0.88761276,0.06808794,-0.45552989,,,
0.46048424,0.15676618,-0.87371541,0.01194664,-0.98528722,-0.17048855,-0.88758748,0.06806933,-0.45558206,,,
0.46057348,0.15670578,-0.87367921,0.01201313,-0.98530276,-0.17039401,-0.88754028,0.06798334,-0.45568684,-0.0018727,-0.00110334,0.00450962
0.4606798,0.15650356,-0.87365942,0.01192831,-0.98533415,-0.1702187,-0.88748626,0.06799503,-0.45579038,0.00204278,0.00277758,-0.00447503
0.460728679,0.15647881,-0.873638048,0.0118821738,-0.985334616,-0.170218701,-0.887461476,0.0680439156,-0.455831196,0.000359230209,-0.00160574901,-0.00661205547
0.46069685,0.15632084,-0.8736831,0.01181849,-0.98536095,-0.1700705,-0.88747884,0.06802532,-0.45580013,0.0011974,0.00265646,-0.00498701
0.4606565,0.15619284,-0.87372727,0.01187211,-0.98539054,-0.16989511,-0.88749907,0.0678903,-0.45578084,0.00428506,0.00157058,-0.00306813
0.46066501,0.15608106,-0.87374279,0.01183798,-0.98540963,-0.16978731,-0.88749514,0.06787173,-0.45579142,0.00315326,0.00298357,-0.00297893
0.46049503,0.15592642,-0.87385992,0.01183714,-0.9854419,-0.1695987,-0.88758329,0.06775535,-0.45563671,0.004627,-0.00231725,0.00126412
0.46032489,0.15573077,-0.87398452,0.01187793,-0.98548571,-0.16934252,-0.88767107,0.06757145,-0.45549338,0.00572246,0.00145531,-0.00161676
0.46023563,0.15566837,-0.87404263,0.0119362,-0.9855035,-0.16923461,-0.88771656,0.06745505,-0.45542191,,,
0.46010596,0.15555975,-0.87413022,0.01196503,-0.98552859,-0.16908625,-0.88778338,0.06733859,-0.45530883,0.00567617,0.00217175,-0.00221579
0.46010596,0.15547787,-0.87414485,0.01204821,-0.98555092,-0.16895128,-0.88778231,0.06720362,-0.45533117,0.0069814,0.00247931,-0.0062999
0.45997627,0.15536919,-0.87423237,0.01207704,-0.98557582,-0.16880291,-0.88784907,0.06708719,-0.45521789,0.00140488,-0.00131857,-0.00467454
0.459699872,0.155334566,-0.874383874,0.012244527,-0.985599091,-0.168654535,-0.887989898,0.0668240474,-0.454981733,0.00521508278,0.000227689728,-0.00427645165
0.45938285,0.15521267,-0.87457211,0.01242433,-0.98564065,-0.16839824,-0.88815144,0.06649328,-0.45471477,,,
0.45919565,0.15524036,-0.8746655,0.01253355,-0.98564619,-0.16835776,-0.88824671,0.06634648,-0.45455012,,,
0.458870093,0.155188987,-0.874845432,0.0127891791,-0.985679693,-0.168141787,-0.888411272,0.0659666743,-0.454283586,0.00593533041,-0.000526666583,-0.00026774127
0.45858486,0.15522481,-0.87498865,0.01303267,-0.98569499,-0.16803388,-0.88855503,0.06565435,-0.45404775,0.00713987,0.00218964,0.00234777
0.45844648,0.15518666,-0.87506793,0.01313749,-0.98571201,-0.16792585,-0.88862489,0.06548882,-0.45393492,,,
0.45816112,0.15518113,-0.87521834,0.01342277,-0.98573799,-0.16775032,-0.88876777,0.06510881,-0.4537097,0.00475417,-0.0028491,-0.00106068
0.45796511,0.15515603,-0.87532541,0.01373305,-0.98576835,-0.16754757,-0.88886409,0.06471006,-0.45357828,,,
0.45786696,0.15516403,-0.87537535,0.0138674,-0.98577798,-0.16747999,-0.88891258,0.06454438,-0.45350691,,,
0.45767945,0.15510912,-0.87548316,0.01406035,-0.98580515,-0.16730444,-0.88900613,0.06426221,-0.45336371,,,
0.4575728,0.15514666,-0.87553223,0.01431208,-0.98581753,-0.16720969,-0.88905699,0.06397992,-0.45330378,,,
0.45743426,0.15514933,-0.8756041,0.01437535,-0.98582333,-0.16716923,-0.88912721,0.06388181,-0.45317966,,,
0.45697797,0.15511096,-0.87584913,0.0145359,-0.98584845,-0.16700743,-0.88935922,0.06358746,-0.45276569,0.00739397,0.0014993,0.00283455
0.45670074,0.15511608,-0.87599282,0.01466259,-0.98586028,-0.16692644,-0.88949954,0.0633911,-0.4525175,,,
0.45665165,0.15514052,-0.87601409,0.0147089,-0.98585962,-0.16692646,-0.88952398,0.06334204,-0.45247637,,,
0.45646391,0.15512629,-0.87611447,0.01486035,-0.98587568,-0.16681841,-0.88961784,0.06312721,-0.45232192,,,
0.4563657,0.15513393,-0.87616423,0.01499484,-0.98588494,-0.1667508,-0.88966592,0.0629614,-0.45225023,0.0033519,0.00617254,-0.00324797
0.456316589,0.155117142,-0.876192721,0.015083094,-0.98589485,-0.166683136,-0.88968956,0.0628445678,-0.452219665,0.00121059001,-0.000874459685,-0.00577253755
0.45625018,0.15520071,-0.87621257,0.01536433,-0.98589989,-0.16662896,-0.88971887,0.06256207,-0.45220153,,,
