0,1,2,3,4,5,6,7,8,9,10,11
0.12552158,0.32327499,-0.93794325,0.17721909,-0.93752077,-0.29941281,-0.97613403,-0.1286387,-0.17496952,,,
0.12558124,0.32317469,-0.93796982,0.17717618,-0.93756093,-0.29931239,-0.97613414,-0.12859791,-0.17499883,,,
0.12572031,0.32312482,-0.93796833,0.17702368,-0.93760266,-0.29927159,-0.97614386,-0.12841813,-0.17507627,,,
0.12598843,0.32302487,-0.93796678,0.17683026,-0.93767121,-0.29917115,-0.97614436,-0.12816884,-0.17525613,0.00494293,-0.00197256,0.00313846
0.125928719,0.322824083,-0.938043955,0.176559824,-0.937768294,-0.299026785,-0.976201045,-0.127964842,-0.175089623,-0.00926687755,0.00190472591,0.000950764865
0.125869154,0.322723669,-0.938086469,0.176393853,-0.937819486,-0.298963963,-0.976238699,-0.127842386,-0.174968861,-0.00676751835,0.00449776603,0.000422543846
0.12568034,0.32267336,-0.93812911,0.17626882,-0.93784407,-0.29896078,-0.97628563,-0.12778944,-0.1747457,0.00195848,-0.00196385,-0.00493656
0.12569028,0.32252278,-0.93817953,0.17600033,-0.93792751,-0.29885698,-0.97633277,-0.12755653,-0.17465233,0.00226171,-0.00537199,-0.00357248
0.12569028,0.32242241,-0.93821404,0.17589587,-0.93797312,-0.29877532,-0.97635159,-0.12747486,-0.17460671,,,
0.12556118,0.32222139,-0.93830037,0.17567549,-0.93806049,-0.29863058,-0.97640787,-0.12734001,-0.17439021,,,
0.12557083,0.32212111,-0.93833361,0.17545931,-0.93812122,-0.29856766,-0.9764456,-0.12714797,-0.17431982,,,
0.125511373,0.322070783,-0.938358774,0.175345438,-0.938149431,-0.298545414,-0.976473633,-0.127066114,-0.174221956,0.00791990105,0.000797986926,0.00248738332
0.125243095,0.321869672,-0.938463706,0.175225476,-0.938218098,-0.298400626,-0.976529695,-0.12707012,-0.173905148,-0.00456078164,0.000853776874,-0.00356174633
0.12517365,0.32161839,-0.9385591,0.17501433,-0.93832251,-0.29819602,-0.97657644,-0.12693501,-0.17374109,-0.00572039,-0.00179338,-0.00609522
0.12523325,0.32151789,-0.93858558,0.17497136,-0.93836248,-0.29809545,-0.9765765,-0.12689413,-0.17377061,-0.00337569,-0.00492936,-0.00773576
0.12521362,0.32116591,-0.93870864,0.17482893,-0.93849177,-0.29777144,-0.97660447,-0.12682841,-0.17366095,-0.00264135,-0.00391179,0.00235783
0.125193985,0.320914361,-0.938797249,0.17479094,-0.938575571,-0.297529261,-0.976613757,-0.12684442,-0.173596785,-0.00363125606,-0.000225424752,0.0093163792
0.125064788,0.320864043,-0.938831716,0.174727428,-0.938594557,-0.29750701,-0.976641721,-0.126832018,-0.173448809,-0.00949140452,-0.000860214175,0.00787641108
0.12495527,0.32101493,-0.93879479,0.17464948,-0.93855249,-0.2976859,-0.97666975,-0.12676259,-0.17334222,0.00263666,0.00282526,-0.01050849
0.12490566,0.32111552,-0.93876693,0.17458068,-0.93852734,-0.29780512,-0.97668834,-0.12669303,-0.17328789,-0.00230106,-0.0017221,-0.00595156
0.12491549,0.32116585,-0.93874843,0.17452116,-0.93851956,-0.29786472,-0.97669774,-0.12662355,-0.17328586,0.00404898,-0.00203723,-0.00466127
0.1250546,0.32116601,-0.93872978,0.17442061,-0.9385381,-0.29786472,-0.97669784,-0.1264845,-0.17338636,,,
0.124984936,0.321015206,-0.938790728,0.174314017,-0.938597075,-0.297741862,-0.976725866,-0.126431128,-0.173267971,-0.00178876764,-0.000248193712,0.00535227265
0.12498494,0.32101521,-0.93879073,0.17431402,-0.93859707,-0.29774186,-0.97672587,-0.12643113,-0.17326797,-0.00138194,0.00113964,0.00599164
0.125044597,0.320864361,-0.938834322,0.174218619,-0.938659632,-0.297600255,-0.976735223,-0.126349121,-0.173274837,0.00305285957,-0.000157833085,0.00801960845
0.12490575,0.32076357,-0.93888719,0.17421453,-0.93868629,-0.29751818,-0.97675367,-0.12640609,-0.17312887,-0.00807904,-0.00173807,-0.00373378
0.12484611,0.32076358,-0.93889514,0.174153,-0.93869184,-0.2975368,-0.97677228,-0.12636512,-0.17305387,-0.00494659,-0.00260919,-0.00878466
0.124796448,0.32081392,-0.938884517,0.174031953,-0.938689451,-0.297614997,-0.976800178,-0.126254645,-0.172976852,-0.0103504546,0.000138282761,-0.00537461275
0.12468696,0.32096485,-0.93884758,0.17395389,-0.93864743,-0.29779385,-0.97682816,-0.12618517,-0.17287023,-0.00968756,-0.00263369,0.00807749
0.124567923,0.321015054,-0.938846165,0.173883017,-0.938635655,-0.297871954,-0.976855917,-0.126144124,-0.172742917,0.00643553026,-0.000892400683,0.00902379863
0.124319625,0.321165682,-0.938827612,0.173905448,-0.938574889,-0.29805064,-0.976883604,-0.126213681,-0.172535787,-0.000167176127,0.00164866436,0.00959617831
0.12414102,0.3213164,-0.93879956,0.17387747,-0.93852306,-0.29822934,-0.97691119,-0.12621364,-0.17237875,,,
0.12396227,0.32151739,-0.93875443,0.17390184,-0.93844883,-0.29844905,-0.97692961,-0.12625472,-0.17224467,,,
0.12366454,0.32166798,-0.93874214,0.17375053,-0.93840834,-0.29866469,-0.9769943,-0.12617271,-0.17193784,,,
0.12354567,0.32176834,-0.93872333,0.17373176,-0.93837377,-0.29878367,-0.9770126,-0.12617265,-0.17183328,,,
0.12300005,0.32201914,-0.93870897,0.17354996,-0.93829492,-0.2991367,-0.97711375,-0.12611911,-0.17129661,,,
0.12275218,0.32211931,-0.93870703,0.17351962,-0.93825668,-0.29927412,-0.97715029,-0.12614757,-0.17106692,,,
0.12239524,0.32247053,-0.93863314,0.17351511,-0.93813069,-0.29967201,-0.97719594,-0.12618861,-0.17077624,-0.00959416,0.01091027,-0.0028648
0.122147489,0.322670912,-0.938596519,0.173589035,-0.938046862,-0.299891358,-0.97721379,-0.126299098,-0.170592157,-0.000534507679,-0.00041294095,-0.00717703812
0.12222701,0.32277164,-0.93855153,0.17353149,-0.93802538,-0.2999918,-0.97721406,-0.12620116,-0.17066303,-0.00166358,-0.00614953,-0.00368451
0.124049441,0.325634656,-0.937322706,0.17226844,-0.93734202,-0.302842582,-0.977207946,-0.123903656,-0.172373374,0.00694069406,0.00181627262,-0.000358698657
0.12424179,0.32583504,-0.93722753,0.17223459,-0.93728929,-0.30302458,-0.97718942,-0.12377469,-0.1725705,,,
0.12476579,0.32618555,-0.93703598,0.17211913,-0.93721195,-0.30332927,-0.977143,-0.12343672,-0.17307472,,,
0.12497471,0.32618525,-0.93700826,0.17196889,-0.93723958,-0.30332921,-0.97714277,-0.1232278,-0.17322493,-0.01541592,-0.00477439,-0.00145972
0.1250852,0.3262853,-0.93695871,0.1718895,-0.93722177,-0.30342943,-0.97714263,-0.12309882,-0.17331761,-0.0113616,-0.00235182,0.00213669
0.12479456,0.32638571,-0.93696243,0.17178514,-0.93719039,-0.30358498,-0.97719808,-0.1230705,-0.17302439,-0.0071231,0.00363755,0.00100813
0.12462651,0.32663618,-0.93689751,0.17174945,-0.93710683,-0.303863,-0.9772258,-0.12304227,-0.17288785,0.00356407,0.00475359,-0.00377568
0.12470824,0.32683641,-0.93681683,0.1716908,-0.93705263,-0.30406336,-0.9772257,-0.12292363,-0.17297294,,,
0.124650652,0.327036748,-0.936754536,0.171732319,-0.936979923,-0.304263651,-0.977225719,-0.122944395,-0.172957826,0.000369730871,-0.00911980774,-0.00626378413
0.12455219,0.3272871,-0.93668025,0.17164652,-0.93690545,-0.30454163,-0.9772534,-0.12284658,-0.1728713,0.00545349,0.00442004,-0.00410107
0.12462185,0.32728706,-0.93667104,0.17159647,-0.9369147,-0.30454167,-0.97725335,-0.12277688,-0.17292141,0.00494069,-0.0011909,0.00229854
0.12487165,0.3272367,-0.93665526,0.17157366,-0.93694391,-0.30446397,-0.97722537,-0.12268648,-0.17314281,-0.00353206,-0.00179386,0.0187145
0.124814041,0.327586982,-0.936540541,0.171458703,-0.936842147,-0.304841954,-0.97725295,-0.12252948,-0.173098656,0.00597997755,0.00636434508,-0.000728135696
0.12500618,0.32778685,-0.93644497,0.1714254,-0.93678906,-0.3050237,-0.97723422,-0.12240062,-0.17329536,,,
0.12528007,0.32813661,-0.93628586,0.17138596,-0.93669117,-0.30534631,-0.97720606,-0.12221246,-0.17358668,0.00166801,0.00632286,0.0040541
0.12523911,0.32813661,-0.93629144,0.1713108,-0.93669914,-0.30536478,-0.9772246,-0.12215318,-0.17352485,,,
0.12508783,0.32808671,-0.93632909,0.17126273,-0.93671512,-0.30534231,-0.97725234,-0.12216366,-0.17336072,,,
0.125006183,0.328036738,-0.936357533,0.171164644,-0.936740402,-0.305319918,-0.977279998,-0.122104407,-0.173246706,-0.00120836007,-0.00534588052,0.000170067942
0.12511666,0.32813659,-0.9363078,0.17108541,-0.93672225,-0.30542006,-0.97727974,-0.12197545,-0.17333902,-0.00334166,-0.00263804,0.00596151
0.12511666,0.32818651,-0.93629021,0.17103326,-0.93671227,-0.30547926,-0.97728878,-0.12191624,-0.17332904,,,
0.12529676,0.3282861,-0.93623131,0.17090418,-0.93670341,-0.30557933,-0.97728839,-0.12171772,-0.17347148,-0.00346468,0.00255465,0.00390042
0.12544803,0.32853555,-0.93612348,0.17074385,-0.93664789,-0.30583856,-0.97729694,-0.12147049,-0.17359604,,,
0.12584912,0.32873431,-0.93599975,0.170561,-0.93662166,-0.30602015,-0.9772772,-0.12113274,-0.17394206,0.0070307,-0.00276667,-0.00432833
0.12590674,0.32863401,-0.93602735,0.17041509,-0.93667514,-0.3059386,-0.97729535,-0.12099345,-0.17393792,0.00735532,-0.0023585,0.00123499
0.12604595,0.328583571,-0.936026279,0.170367322,-0.93670307,-0.305879388,-0.977285697,-0.120913447,-0.174047475,0.000129095744,-0.0068342085,0.00692061801
0.12655713,0.32873188,-0.93590522,0.17026195,-0.93668825,-0.30598339,-0.97723799,-0.12062469,-0.17451504,-0.010386,0.00363469,0.00265859
0.12622596,0.32878257,-0.93593212,0.17013424,-0.93667403,-0.30609781,-0.97730305,-0.12059664,-0.17416965,-0.002988,-0.00170112,-0.00801394
0.12615636,0.32888261,-0.93590638,0.17008002,-0.93664526,-0.30621617,-0.9773215,-0.12054787,-0.17410007,-0.00175075,-0.00468415,-0.00656443
0.12611555,0.32893241,-0.93589432,0.16995283,-0.93664287,-0.30629371,-0.97734884,-0.12042952,-0.17402809,,,
0.12626676,0.32908186,-0.93582145,0.16989688,-0.93660706,-0.3064346,-0.9773391,-0.12030065,-0.17417228,,,
0.12626676,0.32913167,-0.9358039,0.16984483,-0.93659708,-0.30649374,-0.97734811,-0.12024151,-0.1741623,0.00210913,-0.00408512,0.00323778
0.12637716,0.32923109,-0.93575404,0.16976593,-0.93657869,-0.30659372,-0.97734756,-0.12011274,-0.1742543,0.00482716,-0.00455725,0.00658547
0.12688336,0.32982878,-0.93547516,0.1697178,-0.93640925,-0.30713836,-0.97729047,-0.11979599,-0.17479273,,,
0.12690721,0.33032761,-0.93529579,0.16959784,-0.93626074,-0.30765624,-0.9773081,-0.11958036,-0.17484107,,,
0.126988699,0.330526874,-0.935214405,0.169540047,-0.936205689,-0.307856073,-0.977307613,-0.119462021,-0.174925203,-0.00258259661,-0.000885844172,0.00807780959
0.12683265,0.33092669,-0.93509404,0.16954872,-0.93606632,-0.30827387,-0.97732624,-0.11944484,-0.17483185,0.00305576,0.00628889,-0.00542163
0.12729759,0.33127447,-0.93490767,0.16968649,-0.93595345,-0.30854048,-0.97724185,-0.11936479,-0.17535724,-0.00511019,-0.00485086,-0.00714839
0.12752995,0.33147321,-0.93480563,0.16972949,-0.93589211,-0.3087033,-0.97720415,-0.11929518,-0.17561501,0.00702151,-0.00105524,-0.0037165
0.1280525,0.33162094,-0.93468179,0.16982558,-0.93585264,-0.30877007,-0.97711912,-0.11919411,-0.17615593,,,
0.128162764,0.331620435,-0.934666828,0.169851,-0.935854095,-0.308751517,-0.977100215,-0.119183675,-0.176267604,-0.00511200121,0.00189924228,-0.00030839094
0.12816276,0.33162044,-0.93466683,0.169851,-0.93585409,-0.30875152,-0.97710022,-0.11918368,-0.1762676,,,
0.12849345,0.33171858,-0.93458668,0.16982339,-0.93583854,-0.3088144,-0.97706166,-0.11903404,-0.17658273,-0.00886293,-0.00394142,0.00791826
0.128476228,0.332067501,-0.934465072,0.169784883,-0.935727041,-0.309172858,-0.977070565,-0.118936696,-0.176598663,-4.51547385e-05,0.00553226424,0.000786573859
0.12878384,0.33301251,-0.93408637,0.16972518,-0.93543353,-0.31009255,-0.97704045,-0.11860307,-0.1769893,-0.00492734,-0.00379318,-0.00159187
0.12889404,0.33306159,-0.93405368,0.16969879,-0.93542491,-0.31013309,-0.97703052,-0.11853348,-0.17709083,,,
0.12882444,0.33326062,-0.93399226,0.16954092,-0.93537505,-0.31036947,-0.97706707,-0.11836675,-0.1770004,0.00454036,-0.00572258,0.00423487
0.12879544,0.33345965,-0.93392524,0.16945828,-0.93531777,-0.31058728,-0.97708525,-0.11825915,-0.17697211,-0.00887117,-0.00435066,0.00172174
0.128836026,0.333558916,-0.933884174,0.169429705,-0.935289806,-0.310686951,-0.977084835,-0.118200067,-0.177013738,-0.00181202451,0.000293016405,0.0103295511
0.12877801,0.33380813,-0.93380323,0.16942007,-0.93520593,-0.3109453,-0.97709426,-0.11816206,-0.17698787,-0.01522128,0.00158346,-0.00265404
0.128540193,0.33410782,-0.933728661,0.169382592,-0.935100674,-0.311281037,-0.977131917,-0.118145299,-0.176789909,-0.00222943025,0.000652432384,-0.00686111208
0.12851116,0.33420762,-0.93369705,0.16940371,-0.93506392,-0.31138067,-0.97713218,-0.11815585,-0.17678219,-0.00499182,0.00293088,-0.00326016
0.12833136,0.33430773,-0.93368587,0.16932403,-0.93503276,-0.31151711,-0.97716956,-0.11811806,-0.17660026,,,
0.1282502,0.33420847,-0.93373254,0.16927731,-0.9350682,-0.31143597,-0.97718829,-0.11811804,-0.17649647,,,
0.12820961,0.33415889,-0.93375598,0.16925397,-0.93508619,-0.31139544,-0.97719777,-0.118118,-0.17644485,0.00449999,0.00216246,0.00790509
0.12830825,0.33405855,-0.93377829,0.16918325,-0.93513207,-0.31129579,-0.97719703,-0.11803783,-0.17650229,-0.02028623,0.00351906,0.01130141
0.12787895,0.33425937,-0.93376527,0.16907354,-0.93506095,-0.31156862,-0.97727225,-0.11803194,-0.17608896,-0.00207466,0.00454164,-0.00970662
0.127588847,0.334260742,-0.933804399,0.16907205,-0.935048834,-0.311605368,-0.977310361,-0.1181229,-0.175815777,-0.000811898382,-0.00423878385,-0.00832405966
0.12722904,0.33436183,-0.93381735,0.16901637,-0.93500741,-0.31176014,-0.97736694,-0.1181655,-0.17547262,,,
0.127078006,0.33426293,-0.933873364,0.169019427,-0.935034061,-0.311678852,-0.977386106,-0.118235217,-0.17531918,-0.00697849318,0.000946998538,0.000738806557
0.12703738,0.33426288,-0.93387885,0.16894418,-0.93504141,-0.31169722,-0.97740434,-0.11817623,-0.17525687,-0.00572067,0.00294328,0.00154645
0.12707801,0.33426293,-0.93387336,0.16901943,-0.93503406,-0.31167885,-0.97738611,-0.11823522,-0.17531918,-0.00399639,0.00809669,0.00461984
0.12678776,0.33421457,-0.93393011,0.16906992,-0.93503234,-0.31165656,-0.97741506,-0.11838525,-0.17505626,0.00233834,0.00531638,-0.00415635
0.12660777,0.33421546,-0.93395421,0.16909406,-0.93502183,-0.31167496,-0.97743421,-0.11846565,-0.17489484,0.0075039,0.00429702,-0.00234572
0.12650903,0.33426596,-0.93394949,0.1692167,-0.93498607,-0.31171557,-0.97742575,-0.11860504,-0.1748475,,,
0.126189632,0.334317144,-0.933974338,0.169288253,-0.934947247,-0.311792846,-0.977454605,-0.118765899,-0.174576465,-0.00411221292,0.000915288867,-0.00631467486
0.12593988,0.33441752,-0.93397216,0.16925821,-0.93490735,-0.31192906,-0.97749206,-0.11879817,-0.17434496,-0.00335159,-0.00170469,-0.00583711
0.12519025,0.33456947,-0.9340185,0.16932388,-0.93481808,-0.31216076,-0.97757696,-0.11907218,-0.17368061,-0.01147269,0.00426626,0.01124572
0.12509139,0.33471912,-0.93397813,0.16934255,-0.93476175,-0.31231927,-0.97758638,-0.11909381,-0.17361274,-0.00604444,0.00611377,-0.00147573
0.124875946,0.335019052,-0.933899478,0.169705058,-0.934608518,-0.312581371,-0.97755112,-0.11945357,-0.173564551,-0.000848996919,-0.00732278777,-0.00523120118
0.12502697,0.33501881,-0.93387932,0.16980578,-0.93460237,-0.31254477,-0.97751428,-0.1195016,-0.17373856,0.00325089,-0.00501096,-0.00182415
0.12531749,0.33476978,-0.93392978,0.17006703,-0.93466583,-0.31221347,-0.97743176,-0.11970483,-0.17406339,,,
0.12534664,0.33442176,-0.93405048,0.17030592,-0.93475385,-0.31181907,-0.97738637,-0.11998886,-0.17412226,-0.00408585,0.00275946,0.00851349
0.125457002,0.334371898,-0.934053535,0.170383362,-0.934765547,-0.311741805,-0.977358728,-0.120036982,-0.174244322,-0.00778519176,0.000828027667,0.00227226038
0.12542785,0.33432248,-0.93407508,0.17056031,-0.93475895,-0.31166439,-0.97733155,-0.12022476,-0.17426688,-0.00588451,0.00398064,-0.00783392
0.124666605,0.334274639,-0.934194111,0.170633987,-0.934734578,-0.311697236,-0.977416091,-0.120547046,-0.173568739,0.000644666608,-0.000397920579,-0.0129588116
0.124375976,0.334225466,-0.934250444,0.170684801,-0.93473275,-0.311674905,-0.977444245,-0.120697496,-0.173305447,-0.000321077881,-0.00390392519,-0.00421440322
0.12376523,0.33422658,-0.93433118,0.17080743,-0.9346921,-0.31172985,-0.97750038,-0.12100939,-0.17277076,0.00780027,0.00098205,0.00960918
0.123596377,0.33422703,-0.934353349,0.171031915,-0.93465709,-0.311711572,-0.977482467,-0.121277833,-0.172683674,-0.00199780706,0.000591158809,0.0123628201
0.12360781,0.33427692,-0.93433398,0.17118007,-0.93462251,-0.31173388,-0.97745508,-0.12140663,-0.17274813,0.00230587,0.00235558,0.01118327
0.12372969,0.3342272,-0.93433562,0.17145778,-0.93460959,-0.31161988,-0.97739097,-0.12164251,-0.17294473,-0.00353729,0.00107169,-0.00736056
0.12406117,0.334077661,-0.934345144,0.171690343,-0.934644238,-0.311387805,-0.977308118,-0.121786926,-0.173310877,-0.000632251613,-0.00237983442,-0.00494105881
0.124212205,0.334027798,-0.934342852,0.171843061,-0.93464797,-0.311291999,-0.977262041,-0.121894118,-0.173494864,0.0031549281,0.00410675956,-0.000918835402
0.1242528,0.33392832,-0.93437303,0.17202236,-0.93466044,-0.31115558,-0.97722535,-0.12207114,-0.17357716,,,
0.124002719,0.33382905,-0.934441721,0.172200595,-0.934660801,-0.311055922,-0.977225726,-0.12233968,-0.173385891,-0.00626943912,-0.00237113214,0.00027170172
0.1237526,0.33382932,-0.93447482,0.17227471,-0.93464109,-0.31107438,-0.97724441,-0.12249014,-0.17317453,,,
0.12307171,0.33387946,-0.9345469,0.17239539,-0.93458095,-0.31118863,-0.97730918,-0.12281305,-0.17257979,,,
0.12248545,0.33387927,-0.93462397,0.17260489,-0.93453004,-0.31122529,-0.97734584,-0.12320009,-0.17209554,,,
0.12240466,0.33377963,-0.93467017,0.17266248,-0.93455263,-0.3111257,-0.97734581,-0.12329922,-0.17202488,0.01000922,0.00386035,0.00638395
0.12251195,0.33372976,-0.93467386,0.17284655,-0.93455036,-0.3110299,-0.97729977,-0.12345028,-0.17217758,-0.01091969,-0.0029844,0.00640852
0.122689047,0.333779608,-0.934632805,0.173084979,-0.934511028,-0.311015318,-0.977235333,-0.123612749,-0.172426419,-0.00286341878,0.00070333475,-0.0101626264
0.12268893,0.33382943,-0.93461508,0.17313706,-0.93448798,-0.31105595,-0.97722618,-0.12365338,-0.17244959,-0.00378448,0.00608933,-0.00417471
0.12256018,0.33397871,-0.93457858,0.17328091,-0.93441452,-0.31119614,-0.97721678,-0.1238044,-0.17239406,0.01507892,-0.00118422,-0.0071893
0.12230235,0.33412791,-0.93455908,0.17341241,-0.93433738,-0.3113548,-0.97722581,-0.12398472,-0.17221359,-0.00218879,-0.00412679,0.00189795
0.12224325,0.33422749,-0.93453125,0.17345442,-0.93429646,-0.31145444,-0.97722578,-0.12402535,-0.17218475,-0.00142965,-0.00565296,0.0061153
0.12206627,0.33437673,-0.93450098,0.17342416,-0.93424304,-0.31163143,-0.97725327,-0.12402534,-0.17202863,0.00647487,0.00406468,0.00293503
0.121948387,0.33457571,-0.934445111,0.173508017,-0.934160923,-0.311830555,-0.977253058,-0.12410649,-0.171970967,-0.000899847131,-0.0075836773,-0.00503793824
0.12233489,0.33487458,-0.93428753,0.1738574,-0.93403317,-0.31201866,-0.97714266,-0.12426203,-0.17248526,0.00138591,0.00448275,-0.00249839
0.12260357,0.33512358,-0.93416297,0.17403046,-0.93393927,-0.31220285,-0.97707813,-0.12429565,-0.17282591,0.00175937,-0.00521046,0.00543457
0.122673323,0.335272983,-0.934100258,0.174136825,-0.933878891,-0.312324521,-0.977050476,-0.124347363,-0.172945409,0.00458478555,-0.00497287465,0.000369537622
0.12292025,0.3353726,-0.93403202,0.1743775,-0.93382541,-0.31235003,-0.9769765,-0.12448003,-0.17326747,,,
0.12304906,0.3355716,-0.93394361,0.17459793,-0.93373632,-0.31249345,-0.97692095,-0.12461259,-0.17348553,0.0043224,0.00120878,0.00467976
0.1233179,0.3358204,-0.93381864,0.17477092,-0.93364226,-0.31267716,-0.97685603,-0.12464568,-0.17382634,-0.0049657,-0.00306481,0.0050864
0.123844491,0.336119008,-0.933641479,0.175020773,-0.933532823,-0.312864002,-0.976744659,-0.124660206,-0.174440573,0.000838177628,0.00455236388,0.00258747186
0.12501596,0.33641755,-0.93337786,0.17533225,-0.93344326,-0.31295725,-0.9765396,-0.12452659,-0.17568014,-0.01196245,-0.00908637,-0.00785684
0.12557824,0.33656641,-0.9332486,0.17550481,-0.93339516,-0.31300334,-0.97643636,-0.12448326,-0.17628295,-0.00837793,-0.00234491,0.00284
0.126301314,0.336913996,-0.93302574,0.175771095,-0.933275869,-0.313210603,-0.976295342,-0.124440022,-0.177093798,-0.00506881811,-0.000683546008,0.00462628342
0.12667449,0.33746033,-0.93277768,0.17607826,-0.93306915,-0.31365369,-0.97619164,-0.12450993,-0.17761558,0.00109719,-0.00442356,-0.0036325
0.12673609,0.33775832,-0.93266127,0.1762428,-0.93295014,-0.31391399,-0.97615378,-0.12459067,-0.1777657,,,
0.126536939,0.338006907,-0.932598277,0.176332365,-0.932846492,-0.314171775,-0.976163466,-0.124692972,-0.177640922,0.00357432012,1.16825095e-05,0.00385618815
0.12643715,0.3380568,-0.93259382,0.17645512,-0.9328099,-0.31421209,-0.9761543,-0.12483288,-0.17759366,0.00600305,-0.00233972,0.00934374
0.12666796,0.33815601,-0.93252665,0.17660319,-0.93276776,-0.31425483,-0.97609772,-0.12488111,-0.17787142,0.00456069,0.001127,0.0037472
0.12698969,0.3385033,-0.93235671,0.17684288,-0.93263351,-0.31451731,-0.97601236,-0.12494022,-0.17829666,-0.00166208,0.00098777,0.00549017
0.12686028,0.33894993,-0.93221202,0.17667528,-0.93249846,-0.31501124,-0.9760595,-0.12473645,-0.17818092,,,
0.12686028,0.33914823,-0.93213999,0.17646769,-0.93245816,-0.31524749,-0.97609715,-0.1245002,-0.17814062,-0.00642087,0.00280321,0.00961257
0.12648975,0.33924767,-0.93215411,0.17621092,-0.93244115,-0.31544102,-0.97619157,-0.12435569,-0.17772332,-0.00239362,-0.00222605,0.00924106
0.12622928,0.33929736,-0.93217126,0.17603199,-0.93243572,-0.31555645,-0.97625749,-0.12425955,-0.17742767,,,
0.125928394,0.339297504,-0.932212008,0.175829548,-0.932448717,-0.315631629,-0.976332932,-0.124163436,-0.177080281,-0.0125203095,-0.000144600854,-0.00829907134
0.12545789,0.33954578,-0.93218498,0.17559167,-0.93237442,-0.31598287,-0.97643624,-0.12404141,-0.176595,0.00698902,-0.00173974,-0.00708107
0.12523748,0.33959547,-0.93219659,0.17548812,-0.93236142,-0.31607928,-0.97648323,-0.12400446,-0.17636157,0.00628473,0.00601745,0.00172055
0.12545789,0.33979357,-0.93209475,0.17533214,-0.93232346,-0.31627764,-0.97648294,-0.12374665,-0.17654404,0.00188787,-0.00386411,0.0095887
0.125898654,0.339991347,-0.931963196,0.175227815,-0.932288489,-0.316438545,-0.976444943,-0.123466691,-0.176949793,-0.00552861998,-0.000603794993,-0.00182409224
0.126049172,0.340139853,-0.93188859,0.175173411,-0.932251234,-0.316577947,-0.97643522,-0.123337751,-0.177092821,-0.00187052973,0.000636577548,-0.00883197412
0.12616977,0.34043697,-0.93176379,0.17508835,-0.93216621,-0.31687539,-0.97643492,-0.12316091,-0.17721766,-0.0074583,0.00368142,-0.01427917
0.126180202,0.340734125,-0.931653702,0.174977445,-0.932079409,-0.317191493,-0.976453408,-0.122995146,-0.177230576,-0.0104650082,-0.000672578753,0.00447142776
0.12771252,0.3413258,-0.93122838,0.17524427,-0.93191027,-0.31754198,-0.97620646,-0.12263832,-0.17883209,-0.01418267,0.00625896,0.00192428
0.1280724,0.3411764,-0.93123355,0.17535272,-0.93196263,-0.31732735,-0.97613969,-0.12265351,-0.17918471,-0.00902349,0.00736785,-0.00743665
0.128451636,0.340630928,-0.931381074,0.175550342,-0.932139874,-0.31669739,-0.97605441,-0.122823979,-0.179532728,0.00914383866,-0.000335454912,0.00762211159
0.128521513,0.340531791,-0.931407709,0.175604458,-0.932169809,-0.31657941,-0.976035499,-0.122872081,-0.179602776,0.00182695081,0.000533342303,0.00793346018
0.12896157,0.34048125,-0.93136528,0.17576006,-0.93218605,-0.31644472,-0.97594937,-0.12288765,-0.18005905,,,
0.129581101,0.340479451,-0.931280044,0.175840507,-0.932203243,-0.316349988,-0.975852905,-0.122763765,-0.180666038,-0.00335322367,0.000735998095,0.0051719388
0.12973109,0.34052858,-0.93124112,0.17589012,-0.93218655,-0.31637109,-0.97582396,-0.12275298,-0.18082909,-0.00872396,0.00180829,0.00412462
0.12984099,0.34052829,-0.93122598,0.1759161,-0.93218822,-0.31635215,-0.97580472,-0.12274216,-0.18094067,-0.00917156,-0.00507921,-0.00454583
0.12969102,0.34047914,-0.93126483,0.17586646,-0.93220472,-0.31633104,-0.9758336,-0.12275296,-0.18077743,0.00467572,0.00538635,-0.0032404
0.12939102,0.3402819,-0.93137857,0.1758708,-0.93225815,-0.3161706,-0.97587257,-0.1228927,-0.18047133,,,
0.12923062,0.34003465,-0.93149121,0.175828,-0.93234077,-0.31595125,-0.97590161,-0.12295166,-0.18027458,,,
0.129080417,0.339985446,-0.931530106,0.175778417,-0.932357533,-0.315930081,-0.975930526,-0.122962451,-0.180111386,0.000213812105,0.00521612121,-0.00533037027
0.1289006,0.34008486,-0.93151862,0.17569839,-0.93232598,-0.31606703,-0.97596861,-0.12292509,-0.17992976,0.0038131,0.00267041,-0.01100603
0.12868065,0.33998648,-0.93158492,0.17575016,-0.93234339,-0.31598677,-0.9759883,-0.12306482,-0.17972721,,,
0.12856026,0.33983794,-0.93165567,0.17567936,-0.93239739,-0.31586634,-0.97601684,-0.12306485,-0.17957163,0.00185309,-0.00943941,0.00869039
0.12821979,0.33964048,-0.93177462,0.17560864,-0.93245876,-0.3157247,-0.97607439,-0.12314554,-0.1792034,0.0050853,0.0094732,0.00302895
0.12784954,0.33964115,-0.93182529,0.17545552,-0.93246211,-0.31580018,-0.97615053,-0.12311899,-0.17880676,-0.00949382,0.01074529,-0.00159612
0.1278897,0.33974016,-0.93178369,0.17542724,-0.93243385,-0.31589937,-0.97615035,-0.12305997,-0.17884838,-0.00928474,0.00350237,-0.00747197
0.127819824,0.339839332,-0.931757077,0.175373111,-0.932403962,-0.316017348,-0.976169193,-0.123011873,-0.178778324,-0.000891664997,0.000279664964,-0.00776924007
0.127859987,0.339938335,-0.931715468,0.175344837,-0.932375696,-0.316116535,-0.976169029,-0.12295285,-0.17881994,0.000960230595,-0.00147271145,0.00734942406
0.127970018,0.339987609,-0.931682398,0.175318925,-0.932366976,-0.316156725,-0.97615928,-0.122882977,-0.178921272,0.00785581861,0.000430464715,0.00637320103
0.128210889,0.340383525,-0.931504736,0.175356849,-0.932238128,-0.316515651,-0.97612089,-0.12276497,-0.179211707,-0.006141908,-0.000771284045,-0.0102444673
0.128521513,0.340680039,-0.931353492,0.175449098,-0.932138941,-0.316756367,-0.976063435,-0.122695124,-0.179571908,-0.0070699295,-0.000569581927,-0.0116144409
0.128641826,0.340828467,-0.931282533,0.175519981,-0.932084593,-0.316876743,-0.976034803,-0.122695109,-0.179727196,-0.00993751083,0.000153183923,-0.000261811074
0.1284024,0.34092858,-0.93127898,0.17568967,-0.93201904,-0.31697585,-0.97603585,-0.12291563,-0.17957113,0.0081032,0.00687385,0.00409665
0.1283027,0.34097864,-0.93127442,0.17581221,-0.93198233,-0.31701597,-0.97602692,-0.1230554,-0.17952412,0.0039258,-0.00579941,0.00888215
0.12838288,0.34102807,-0.93124516,0.17591134,-0.9319562,-0.3170371,-0.97599841,-0.12311449,-0.17963779,0.00174102,-0.00592691,0.00647159
0.12838288,0.34097868,-0.93126328,0.17596312,-0.93196655,-0.31697813,-0.9759891,-0.12317345,-0.17964814,,,
0.12838288,0.34092925,-0.9312814,0.17601494,-0.9319769,-0.31691912,-0.97597979,-0.12323246,-0.17965849,-0.00464976,0.00655508,0.00785895
0.12842296,0.34097873,-0.93125778,0.17603857,-0.93195884,-0.31695923,-0.97597027,-0.12323244,-0.17971032,-0.00609443,0.0028863,0.00564761
0.12896354,0.34137385,-0.93103824,0.17627987,-0.93181694,-0.31724184,-0.97585538,-0.12321069,-0.18034766,,,
0.12889365,0.34147297,-0.93101156,0.17622572,-0.93178697,-0.31735988,-0.97587438,-0.12316254,-0.18027764,0.00136509,0.00475275,-0.00619755
0.1287939,0.34157242,-0.9309889,0.17629649,-0.93173986,-0.31745894,-0.97587478,-0.12324332,-0.18022035,,,
0.12876403,0.34167158,-0.93095663,0.17631782,-0.93170203,-0.31755802,-0.97587486,-0.12325422,-0.18021239,,,
0.128654088,0.341671804,-0.930971804,0.17629181,-0.931700636,-0.31757694,-0.975894113,-0.123265134,-0.180101033,0.00211180304,0.000528573932,0.00466230605
0.12855412,0.34182069,-0.93093106,0.17631084,-0.93164335,-0.31773505,-0.97590395,-0.12328704,-0.18003346,,,
0.128704278,0.341919201,-0.93087402,0.176308733,-0.931616205,-0.317815067,-0.975884426,-0.123217067,-0.180186306,0.00916616339,-0.00277978159,-0.000757420668
0.12890438,0.34221572,-0.9307373,0.17637541,-0.93151499,-0.31807423,-0.97584591,-0.12315805,-0.18043467,,,
0.128804536,0.342413843,-0.930678303,0.17634275,-0.931447187,-0.318291163,-0.975865041,-0.123121038,-0.180356776,-0.000664606225,-0.00561267091,-0.014997378
0.12851459,0.34236526,-0.93073633,0.17639176,-0.93144526,-0.31827011,-0.97589448,-0.12327184,-0.1800948,0.00724009,-0.01342052,-0.00977604
0.128224742,0.342316602,-0.930794166,0.176440828,-0.931443088,-0.318249037,-0.9759237,-0.123422688,-0.179832692,0.000934178708,-0.00232899166,-0.0078357067
0.12804482,0.34231704,-0.93081875,0.17646421,-0.93143215,-0.31826795,-0.97594308,-0.12350364,-0.17967176,-0.0046653,0.00687003,0.008647
0.12802498,0.34251514,-0.93074854,0.17658233,-0.93134845,-0.31844695,-0.97592426,-0.12358462,-0.17971787,-0.01001997,0.01939773,0.00798231
0.12804507,0.34276274,-0.93065467,0.17672422,-0.93124668,-0.31866602,-0.97589597,-0.12366562,-0.17981596,-0.01711216,-0.00268269,0.0021247
0.12755522,0.34291232,-0.93066685,0.17691481,-0.93115003,-0.3188428,-0.97592561,-0.12397869,-0.1794393,-0.0051517,-0.01181114,-0.01957106
0.12716522,0.34301202,-0.93068347,0.17698275,-0.93109022,-0.31897966,-0.97596418,-0.12415181,-0.17910947,-0.00401359,0.0016284,-0.02030583
0.1263849,0.343210925,-0.930716375,0.177118842,-0.93097047,-0.319253148,-0.97604079,-0.124498667,-0.178449594,0.00627227174,-0.000488162012,0.000393930823
0.12568408,0.34331049,-0.9307746,0.17750958,-0.93085571,-0.31937101,-0.97606034,-0.12508158,-0.17793457,0.00311459,0.00126576,0.00491144
0.12551382,0.34326104,-0.93081575,0.17778531,-0.93082967,-0.31929316,-0.97603201,-0.12540971,-0.17785859,,,
0.12517707,0.34326097,-0.93086119,0.17823033,-0.93075768,-0.31925538,-0.97599416,-0.12594426,-0.17768899,-0.01157239,-0.00159681,0.00261059
0.124520951,0.343408854,-0.930894608,0.178433829,-0.930651464,-0.319451027,-0.976040871,-0.126324774,-0.177161251,-0.00081746839,0.000776052417,0.00880004931
0.12425185,0.34350734,-0.93089425,0.17862348,-0.93058118,-0.31954993,-0.9760405,-0.12657492,-0.17698485,,,
0.12412299,0.34380367,-0.93080202,0.17892157,-0.9304349,-0.31980882,-0.97600227,-0.12684496,-0.17700213,,,
0.12360724,0.34404985,-0.93077973,0.17912911,-0.93030031,-0.32008436,-0.9760297,-0.12716501,-0.17662115,0.01876464,0.0020113,0.01427457
0.12334943,0.34419754,-0.93075934,0.17925874,-0.93022106,-0.32024212,-0.97603852,-0.12734507,-0.17644263,0.01735207,-0.00805002,0.0081132
0.12419311,0.34474197,-0.93044551,0.17985601,-0.92999335,-0.32056785,-0.97582155,-0.12753395,-0.1775025,-0.00508114,-0.00407159,0.00323535
0.124683373,0.345137976,-0.930233255,0.179924815,-0.929870246,-0.32088713,-0.975746479,-0.127362738,-0.178038314,-0.00515450398,-0.000854134501,-0.00226765382
0.12472838,0.34553316,-0.93008031,0.17989283,-0.9297396,-0.32128215,-0.97574644,-0.12724185,-0.17812359,0.00261549,0.00413132,0.0134388
0.12487712,0.34617532,-0.92982162,0.17973582,-0.92954488,-0.3219334,-0.97575644,-0.12692016,-0.17829889,-0.01231765,0.00151837,0.00439717
0.12502867,0.34627425,-0.9297644,0.17962923,-0.92953126,-0.3220321,-0.97575664,-0.12674966,-0.1784189,-0.00235764,-0.00993496,-0.00423459
0.12518017,0.3463238,-0.92972558,0.17947084,-0.92954151,-0.32209094,-0.97576639,-0.12653926,-0.17851509,-0.00625809,0.00772285,0.00314545
0.12506248,0.34622513,-0.92977809,0.17924281,-0.92959979,-0.32204925,-0.97582332,-0.12637982,-0.1783162,-0.00627291,0.00293446,0.00836158
0.12499227,0.34612645,-0.92982431,0.17918862,-0.92963792,-0.32196957,-0.9758423,-0.12637028,-0.17821932,-0.0051902,0.00740182,0.01031626
0.124698162,0.346077008,-0.929882189,0.178825637,-0.929688802,-0.322024393,-0.975946501,-0.126130973,-0.177817752,0.000155519461,0.00380158401,-0.00734357629
0.12446278,0.34607699,-0.9299138,0.17857664,-0.92971059,-0.32210008,-0.9760222,-0.12597143,-0.17751558,,,
0.12441532,0.34612638,-0.92990177,0.17845458,-0.92970711,-0.32217778,-0.97605058,-0.1258614,-0.17743759,0.00487797,0.00322366,0.00357205
0.12436789,0.34612646,-0.92990808,0.17828068,-0.92972737,-0.32221558,-0.9760884,-0.12571139,-0.17733583,-0.0070206,-0.00870699,0.00263919
0.12432047,0.34607719,-0.92993276,0.17805504,-0.92977136,-0.3222134,-0.97613563,-0.12552151,-0.17721034,0.00422175,-0.00621426,-0.00458571
0.12444932,0.34592921,-0.92997062,0.17791258,-0.92984674,-0.32207475,-0.97614521,-0.12537149,-0.17726395,0.00240097,-0.0043059,-0.00914692
0.1246372,0.34578114,-0.93000045,0.17783241,-0.92991649,-0.32191715,-0.97613578,-0.1252614,-0.17739314,-0.00652774,0.002473,0.00690057
0.12484772,0.34587995,-0.92993552,0.17778792,-0.92989747,-0.32199703,-0.97611704,-0.12513071,-0.17758883,-0.01681978,0.00295413,0.00220368
0.1250908,0.34583059,-0.92992121,0.17756512,-0.92995386,-0.3219571,-0.97612647,-0.12484771,-0.17773609,,,
0.12515142,0.34573181,-0.92994972,0.17741891,-0.93000928,-0.32187719,-0.97614522,-0.12470732,-0.1777312,0.00199332,0.00423384,0.00381725
0.12514155,0.34568244,-0.92996947,0.17727023,-0.93004506,-0.32185614,-0.97617356,-0.12457834,-0.17766646,-0.00183096,0.00541317,0.00985331
0.12491158,0.34558375,-0.93003705,0.17712108,-0.93008806,-0.32181392,-0.97623007,-0.1245309,-0.17738888,,,
0.12471174,0.34538627,-0.9301372,0.17695071,-0.93016923,-0.32167285,-0.9762865,-0.12447208,-0.17711928,-0.00949243,-0.00585729,0.0037346
0.12475172,0.34543558,-0.9301135,0.17697446,-0.93015086,-0.32171276,-0.97627706,-0.12447215,-0.17717106,-0.00167514,-0.00634777,-0.01141607
0.12467176,0.34543562,-0.93012422,0.17682338,-0.9301666,-0.3217504,-0.97631466,-0.12435455,-0.17704649,0.00196349,-0.00951427,-0.00301761
0.124365963,0.345336885,-0.930201863,0.176831195,-0.930186381,-0.321689204,-0.976352293,-0.124481529,-0.176749825,-0.000626519555,0.00480210735,-0.00555339782
0.12455181,0.34533683,-0.93017694,0.17670048,-0.93021107,-0.32168915,-0.97635219,-0.12429579,-0.17688049,-0.00817043,0.00199473,0.00409123
0.12466194,0.34533685,-0.93016226,0.17672666,-0.93021276,-0.3216704,-0.97633348,-0.12428442,-0.17699234,,,
0.12476225,0.34523805,-0.93018547,0.176656,-0.93026028,-0.32157164,-0.97633343,-0.12420286,-0.17704968,-0.00142781,-0.00580704,-0.00110446
0.12461211,0.34513927,-0.9302422,0.17665803,-0.93028747,-0.3214916,-0.9763522,-0.12427305,-0.17689658,-0.00569879,-0.0022561,0.00368848
0.12387501,0.34469463,-0.9305055,0.17650305,-0.9304284,-0.32116886,-0.97647404,-0.12445229,-0.17609639,0.0029553,-0.00229317,-0.0034039
0.12367591,0.3446452,-0.93055034,0.17648772,-0.93043875,-0.32114757,-0.97650209,-0.1245125,-0.17589848,-0.00474483,-0.00180483,0.00394018
0.123687171,0.34469465,-0.930530572,0.17642786,-0.930429917,-0.321206354,-0.976511525,-0.124442396,-0.175896044,-0.00921726227,0.000643968524,0.00562306447
0.12362853,0.3447934,-0.93050173,0.17646919,-0.93038785,-0.32130513,-0.97651143,-0.12448241,-0.17586786,,,
0.123510963,0.344842773,-0.930499076,0.176396363,-0.930374986,-0.321382585,-0.976539498,-0.124442374,-0.175740545,0.000412651279,0.00763177825,0.00198504818
0.123205935,0.344941491,-0.930502903,0.176300012,-0.930339686,-0.321537475,-0.976595408,-0.124432351,-0.17543655,-0.00080872688,-0.00309729553,0.00439815503
0.12306566,0.34499073,-0.93050323,0.17645057,-0.93029733,-0.32157755,-0.97658592,-0.12461267,-0.17536148,0.00275692,-0.00281918,-0.00316784
0.12299565,0.34499059,-0.93051249,0.17649988,-0.93028788,-0.3215775,-0.97658578,-0.12468273,-0.17531209,-0.00320485,0.00132561,-0.00587399
0.12279666,0.34503971,-0.93052049,0.17658807,-0.9302507,-0.32163619,-0.97659481,-0.12482302,-0.17516139,-0.00712564,0.00177014,-0.00525811
0.122281163,0.345088556,-0.930570364,0.176587818,-0.930211295,-0.321750962,-0.976659642,-0.124983309,-0.17468575,0.00229100534,-0.00018548964,0.00492944056
0.12208238,0.34508818,-0.93059655,0.17662405,-0.93019788,-0.32176955,-0.97667791,-0.12508337,-0.17451156,0.00367314,-0.00600886,0.01027438
0.12212972,0.34498937,-0.93062697,0.17669454,-0.9302251,-0.32165213,-0.97665924,-0.12515345,-0.17456579,-0.00683352,0.002285,0.01503494
0.12207102,0.34508803,-0.93059809,0.17673574,-0.9301831,-0.3217509,-0.97665912,-0.12519351,-0.17453769,-0.00643429,0.01496863,0.01290144
0.12219971,0.345187,-0.93054455,0.17685245,-0.93013973,-0.32181246,-0.97662195,-0.1252437,-0.17470996,0.00471925,0.01741707,-0.00191672
0.1222699,0.3454338,-0.93044369,0.177062,-0.93003047,-0.32201265,-0.97657514,-0.1253738,-0.17487784,-0.00935781,-0.00246412,-0.00457781
0.12251615,0.34543399,-0.93041123,0.17719973,-0.93002366,-0.32195655,-0.9765193,-0.12542377,-0.17515364,-0.00153358,-0.03170943,-0.01054643
0.12243465,0.34538439,-0.9304404,0.17730895,-0.93002323,-0.32189785,-0.97650972,-0.12556397,-0.17510676,0.00295548,-0.02134943,-0.00889143
0.12254086,0.34513759,-0.93051803,0.17728647,-0.93011628,-0.32164153,-0.97650052,-0.12555402,-0.17516549,0.00827632,0.01172447,-0.00569382
0.12261299,0.34479165,-0.93063681,0.17749526,-0.9302122,-0.321249,-0.97645358,-0.1257943,-0.17525508,-0.01315817,0.01561594,0.01815493
0.122741842,0.344939914,-0.930564874,0.177663614,-0.930145031,-0.321350364,-0.976406764,-0.12588436,-0.175451069,-0.00098859868,-0.0109670749,-0.000844235532
0.12223776,0.34503788,-0.93059487,0.17760353,-0.93009639,-0.32152405,-0.97648089,-0.12597455,-0.17497286,-0.00249282,0.00172281,-0.01683754
0.12203896,0.34503741,-0.9306211,0.17763978,-0.93008295,-0.32154273,-0.97649914,-0.12607459,-0.17479869,0.0119632,0.00111699,0.01268574
0.12221523,0.34493886,-0.9306345,0.17772327,-0.93011406,-0.32140654,-0.97646189,-0.12611465,-0.17497772,0.01530525,-0.01158893,0.00915189
0.122332835,0.344840197,-0.930655571,0.177744344,-0.930150564,-0.321288972,-0.976443291,-0.126114605,-0.175081235,-7.23670237e-05,-0.0120650521,0.0120347794
0.122638036,0.344791119,-0.930633556,0.17789246,-0.930161912,-0.321173932,-0.976378003,-0.126164598,-0.175408803,0.000690654851,0.00151991833,-0.00930872653
0.12290693,0.34493983,-0.93054309,0.17796214,-0.93011384,-0.3212753,-0.97633161,-0.12611447,-0.1757037,,,
0.12326851,0.34523687,-0.93038514,0.17791462,-0.93003359,-0.32153413,-0.97629473,-0.12589405,-0.17606666,0.0082745,-0.0010184,0.00574645
0.12501077,0.34632421,-0.9297482,0.17793223,-0.92973215,-0.32239411,-0.97606982,-0.12512947,-0.17784865,0.0066274,0.00599742,-0.00218648
