0,1,2,3,4,5,6,7,8,9,10,11
0.172720654,0.319689509,-0.93164708,0.133494335,-0.944733062,-0.299430977,-0.975882639,-0.0726516736,-0.205851733,-0.00442939531,-0.000596761645,-0.00672849873
0.1727053,0.31953874,-0.93170153,0.13344719,-0.94478437,-0.2992892,-0.97589169,-0.07264415,-0.20581069,-0.00571129,-0.00412846,-0.0031137
0.17254055,0.31939182,-0.93178247,0.13329945,-0.94483871,-0.29918379,-0.97594106,-0.07258477,-0.20559769,,,
0.17177839,0.3190196,-0.93205077,0.13300124,-0.94496215,-0.29892655,-0.97611618,-0.0726148,-0.20475404,0.00676893,-0.00316107,0.00561952
0.17193768,0.31881108,-0.93209274,0.13298177,-0.94503425,-0.29870721,-0.97609079,-0.07259233,-0.20488302,-0.00419876,-0.00328314,-0.00222279
0.17196329,0.31870903,-0.93212286,0.132959,-0.94506913,-0.2986066,-0.97608933,-0.07258478,-0.20489229,0.00523285,-0.00198966,-0.00387843
0.171757,0.31851319,-0.93222785,0.13278721,-0.94513973,-0.29845962,-0.97614905,-0.07252544,-0.20462872,,,
0.17170001,0.31836174,-0.93229015,0.1326656,-0.94519607,-0.29833585,-0.97617568,-0.07245856,-0.20452585,0.00139922,0.00344229,-0.00637907
0.17157616,0.31816714,-0.93237932,0.13264326,-0.94525689,-0.29815257,-0.97620044,-0.07251798,-0.20438618,,,
0.171410975,0.317923711,-0.932492642,0.132596653,-0.945334027,-0.297927984,-0.976235699,-0.0725773366,-0.204195996,-0.000812607352,-0.00140726555,0.00873761717
0.171436494,0.317821623,-0.932522738,0.132574022,-0.945368897,-0.297827301,-0.97623428,-0.0725698862,-0.204205347,-0.00564132165,-2.28881818e-05,0.00844228081
0.17146201,0.31771957,-0.93255298,0.13255142,-0.94540413,-0.29772663,-0.97623301,-0.07256242,-0.20421507,-0.00412553,-0.0043208,0.00175345
0.1714207,0.31781522,-0.93252794,0.13237589,-0.94538555,-0.29786343,-0.97626405,-0.07238427,-0.20412966,,,
0.1714207,0.31786339,-0.93251154,0.13232547,-0.94537393,-0.2979228,-0.9762709,-0.0723249,-0.20411804,-0.00807185,0.00206661,0.00143929
0.17113758,0.31792552,-0.9325423,0.13227222,-0.9453512,-0.29801818,-0.97632773,-0.07234736,-0.20383769,-0.00693342,0.00230932,-0.00415936
0.17072055,0.31823863,-0.93251195,0.1320645,-0.94525659,-0.2984102,-0.97642887,-0.072207,-0.20340263,0.00409893,-0.00310051,0.00650497
0.17034492,0.31860046,-0.93245713,0.13188092,-0.94514549,-0.29884329,-0.97651932,-0.07206688,-0.203018,,,
0.17030358,0.31855166,-0.93248139,0.13185671,-0.94516202,-0.29880195,-0.97652983,-0.07206688,-0.20296767,0.00462125,0.00276494,-0.00812753
0.17011269,0.31845839,-0.93254797,0.13178243,-0.94519259,-0.29873713,-0.97657302,-0.07207451,-0.20275627,,,
0.170045811,0.318559815,-0.932525584,0.131730338,-0.945162487,-0.298855739,-0.976591746,-0.0720227669,-0.202684817,-0.0033527303,0.000148177132,0.0085216919
0.17008716,0.31860866,-0.9325014,0.13175452,-0.94514612,-0.29889714,-0.97658132,-0.07202272,-0.20273533,-0.00217545,0.00103915,0.0069079
0.1701285,0.3187056,-0.93246066,0.1317283,-0.94511779,-0.29899775,-0.97657759,-0.07196345,-0.20277387,-0.00277582,-0.00421935,-0.00542863
0.17019538,0.31874863,-0.93243374,0.13162912,-0.94511286,-0.29905697,-0.97657931,-0.07183735,-0.20281029,,,
0.17016984,0.31880254,-0.93241999,0.13170215,-0.94508963,-0.29909834,-0.97657393,-0.07190423,-0.2028126,,,
0.17036071,0.31889571,-0.93235332,0.13177648,-0.9450589,-0.29916309,-0.97653067,-0.07189661,-0.20302382,0.00672184,-0.00260353,0.00398436
0.17011858,0.31895849,-0.93237609,0.13179777,-0.94503152,-0.29924037,-0.97657003,-0.07197874,-0.20280545,,,
0.170051691,0.318963515,-0.932386535,0.131846586,-0.945024649,-0.299240338,-0.976575062,-0.0720456661,-0.202757245,0.0105984621,-0.000679135264,-0.00139490096
0.17013435,0.31920547,-0.93228867,0.13174383,-0.94495654,-0.29950074,-0.97657456,-0.07186792,-0.20282291,-0.00204805,0.0047605,-0.00226874
0.17035092,0.31934093,-0.93220267,0.13164433,-0.9449253,-0.29964259,-0.97655016,-0.07167483,-0.20300821,,,
0.170783642,0.319419395,-0.932096607,0.131647124,-0.944910071,-0.299689384,-0.976474203,-0.0715258186,-0.203425721,-0.0187214166,-0.000675082149,0.00345454877
0.17055155,0.31932563,-0.9321712,0.13149802,-0.94494561,-0.2996426,-0.97653483,-0.07147419,-0.20315247,0.00217092,0.00135946,0.01108088
0.17044336,0.31933009,-0.9321895,0.13147214,-0.94494362,-0.29966053,-0.97655725,-0.07148182,-0.20304229,0.0062287,-0.00153649,0.00642354
0.17031938,0.31928003,-0.93222936,0.13129858,-0.94496961,-0.29965504,-0.97660227,-0.07136333,-0.20286766,0.00647379,0.00132084,-0.00536912
0.17037045,0.31917226,-0.93225692,0.13115256,-0.94501607,-0.29957236,-0.97661297,-0.07122961,-0.20286306,,,
0.17076188,0.31924996,-0.9321587,0.13108064,-0.94500552,-0.29963718,-0.97655427,-0.07102135,-0.20321842,,,
0.17126153,0.31927485,-0.93205842,0.13108513,-0.94500866,-0.29962467,-0.97646609,-0.07086486,-0.20369566,-0.00295987,-0.0022862,-0.00338139
0.17154462,0.31926062,-0.93201123,0.13108823,-0.9450196,-0.29958878,-0.97641597,-0.07078289,-0.20396418,-0.00346644,-0.00495732,-0.00204864
0.17186897,0.31934316,-0.93192322,0.13106527,-0.94500235,-0.29965346,-0.97636204,-0.07064167,-0.20427127,-0.00494006,-0.00363183,0.00196247
0.17184344,0.31944517,-0.93189296,0.131088,-0.9449673,-0.29975402,-0.97636348,-0.07064925,-0.20426175,,,
0.171776625,0.319498466,-0.931887007,0.131086348,-0.944948704,-0.299813307,-0.976375457,-0.0706567744,-0.204201866,0.000256414525,-0.00113987911,-0.00963637233
0.171642984,0.319508915,-0.931908114,0.13118379,-0.944935321,-0.299813339,-0.976385935,-0.0707903841,-0.204105903,0.000287017785,0.00284087635,-0.0103108566
0.17180812,0.31960765,-0.93184377,0.13138179,-0.9448929,-0.29985989,-0.97633021,-0.07090896,-0.20433078,-0.00742127,0.00304365,-0.00705097
0.17178256,0.31961353,-0.93184647,0.13150517,-0.94488146,-0.29984191,-0.9763181,-0.07103504,-0.2043449,-0.00143391,0.00214183,-0.00655796
0.172195077,0.319524189,-0.931801075,0.132352685,-0.944858167,-0.299543047,-0.976130994,-0.0717465148,-0.2049899,-0.00846149493,-0.00285661197,-0.000371636357
0.172318764,0.319526135,-0.931777533,0.132576804,-0.944843952,-0.299488701,-0.976078743,-0.0719245471,-0.205176171,-0.000427139341,-0.009064137,-0.000471729261
0.17231421,0.31974967,-0.93170166,0.13321669,-0.94472458,-0.29958113,-0.97599239,-0.07249612,-0.20538549,-0.00272296,-0.00543183,-0.00347097
0.1722217,0.31976063,-0.93171504,0.13338888,-0.94470611,-0.29956298,-0.97598524,-0.07268916,-0.20535149,-0.00871833,-0.00600409,-0.00929267
0.17175363,0.31979638,-0.93178914,0.13373015,-0.94465781,-0.29956295,-0.97602099,-0.07315727,-0.20501486,0.00720412,0.00190735,-0.01117907
0.17140368,0.31947861,-0.93196256,0.13412853,-0.94472143,-0.29918387,-0.97602783,-0.07372155,-0.20477993,-0.00179023,0.0064671,-0.0012584
0.171336782,0.319291016,-0.932039103,0.13437903,-0.944760944,-0.298946287,-0.976005081,-0.0740260301,-0.204778256,0.00616375776,-0.000607967319,0.00608134735
0.171192722,0.319264869,-0.932074505,0.134848788,-0.944730002,-0.298832334,-0.975965544,-0.074531222,-0.204783275,0.000539938919,-0.000474810571,0.0080670137
0.17103819,0.3195395,-0.93200878,0.13533783,-0.94460071,-0.29902006,-0.97592496,-0.07499221,-0.20480851,0.00493847,-0.00538081,-0.00531451
0.17100199,0.31970139,-0.93195983,0.13563185,-0.94452505,-0.29912525,-0.97589041,-0.07525247,-0.20487715,-0.00862678,0.00199556,-0.00112242
0.171037382,0.320020924,-0.931843761,0.136245915,-0.944376058,-0.299317303,-0.975798769,-0.075765464,-0.205125126,-0.00488791242,2.90870648e-05,-0.00934774615
0.170681134,0.32030975,-0.931809853,0.136881526,-0.944224776,-0.299504573,-0.9757722,-0.0764277771,-0.205005831,-0.00507787522,0.000441789598,-0.00845614262
0.17042827,0.32043167,-0.93181419,0.13717418,-0.94415616,-0.29958676,-0.97577527,-0.07676282,-0.20486578,0.00639431,-0.00301969,0.00100365
0.17013842,0.32061853,-0.93180284,0.1378621,-0.94403425,-0.29965488,-0.97572887,-0.07747752,-0.20481751,0.01234426,-0.00334227,0.00656893
0.170362672,0.320934514,-0.931653186,0.138651895,-0.943875635,-0.299790897,-0.975577918,-0.0781022876,-0.205299413,0.00855953805,0.000965833606,0.0100871744
0.17054164,0.32113584,-0.93155106,0.13894762,-0.94379174,-0.29991806,-0.97550457,-0.07828827,-0.20557691,-0.00135544,-0.00240004,0.00881437
0.17072405,0.32149916,-0.93139236,0.13961259,-0.94362601,-0.30013098,-0.97537775,-0.07879449,-0.20598512,-0.00534116,-0.00248057,-0.00406704
0.1709732,0.32185756,-0.93122272,0.14022891,-0.94346672,-0.30034334,-0.97524556,-0.07923371,-0.20644115,-0.00657921,0.00270319,-0.00925126
0.171233294,0.322108263,-0.931088289,0.140624131,-0.943360622,-0.300492154,-0.975143061,-0.0794792257,-0.206830919,-0.000492704567,0.00596356345,-0.00473809149
0.1715633,0.32237146,-0.93093636,0.14149145,-0.9432132,-0.30054721,-0.9749595,-0.0801567,-0.20743341,,,
0.171892496,0.322634762,-0.930784453,0.142358857,-0.943065447,-0.300601605,-0.974775278,-0.0808342691,-0.208035712,-0.00014262856,-0.00432699872,0.00633466616
0.172151521,0.322837213,-0.930666489,0.142805128,-0.942970186,-0.300689575,-0.974664391,-0.0811397502,-0.20843668,0.00546822138,-0.00342863775,0.000610249816
0.17241252,0.3232013,-0.93049171,0.14362094,-0.94279119,-0.30086168,-0.9744983,-0.08176578,-0.20896746,,,
0.17263231,0.32356463,-0.9303246,0.14436212,-0.94261707,-0.30105194,-0.97434978,-0.08233238,-0.20943649,-0.01256746,-0.00226355,0.00823981
0.172741922,0.323818382,-0.930215995,0.144657234,-0.942513049,-0.301236173,-0.974286624,-0.0825263775,-0.209654105,-0.000202236697,0.00053215021,0.0109880893
0.17265133,0.32444018,-0.93001612,0.14526678,-0.9422572,-0.30174275,-0.97421198,-0.08300419,-0.20981224,0.00172429,0.00775409,0.00226111
0.17282906,0.32489872,-0.92982299,0.14583275,-0.94206487,-0.30206994,-0.97409588,-0.08339222,-0.21019692,,,
0.172856855,0.325102892,-0.929746471,0.146028543,-0.941982555,-0.302232125,-0.974061628,-0.0835266551,-0.210302334,-0.00897622667,0.005403399,0.000332976924
0.17280444,0.32537095,-0.92966246,0.14654517,-0.94184953,-0.30239669,-0.97399335,-0.08398207,-0.21043724,0.00381284,0.00447297,0.00510526
0.17296724,0.32563089,-0.92954114,0.14711434,-0.94172028,-0.30252269,-0.97387862,-0.08442234,-0.21079161,-0.00499392,-0.00103676,0.00452894
0.17314284,0.32583168,-0.92943814,0.14741152,-0.94163423,-0.3026463,-0.97380254,-0.08460886,-0.21106856,,,
0.172981986,0.326055254,-0.929389608,0.147952421,-0.94150952,-0.302769759,-0.973749019,-0.0851317664,-0.211104699,-0.00363026117,0.00045490262,0.0110203726
0.172969,0.32641963,-0.92926414,0.14844349,-0.94134742,-0.30303352,-0.97367661,-0.08552784,-0.21127869,-0.00962358,0.00478506,0.00484723
0.17288833,0.3265794,-0.92922308,0.14866358,-0.94127379,-0.30315479,-0.97365743,-0.0857297,-0.21128574,-0.00568827,0.00156963,0.00504974
0.17290181,0.32693845,-0.92909432,0.14903098,-0.94112462,-0.30343753,-0.97359888,-0.08599893,-0.21144616,,,
0.172565,0.32731402,-0.92902465,0.1494432,-0.94095551,-0.30375866,-0.97359539,-0.08641832,-0.21129078,0.0086469,0.00778615,0.00184522
0.172335944,0.32742858,-0.929026743,0.149612352,-0.940896231,-0.303858612,-0.973609936,-0.0866281525,-0.211137451,0.00166150555,-6.87837528e-05,-0.00691906037
0.17237588,0.32758993,-0.9289625,0.15005767,-0.94080501,-0.30392179,-0.97353437,-0.08700918,-0.21132941,,,
0.17281926,0.3278853,-0.92877598,0.15058117,-0.94067466,-0.30406691,-0.973375,-0.08730753,-0.21194013,-0.0030957,-0.00698978,-0.00517162
0.17306091,0.3280813,-0.92866173,0.15083018,-0.94059515,-0.3041892,-0.97329348,-0.08742695,-0.21226483,-0.00618941,-0.00242448,0.00223233
0.17363864,0.32836758,-0.9284525,0.15125664,-0.9404796,-0.3043334,-0.97312422,-0.08759064,-0.21297109,-0.00104949,0.003456,0.00974217
0.17387992,0.32846749,-0.92837214,0.1516066,-0.94042276,-0.30433591,-0.9730268,-0.08782946,-0.21331842,-0.00554189,0.00637913,0.00209217
0.174000508,0.328517389,-0.928331899,0.15178161,-0.940394191,-0.304337034,-0.972977971,-0.0879489197,-0.213491934,-0.0076791062,0.000717163028,0.00304715941
0.17377106,0.32863192,-0.92833434,0.15195071,-0.94033452,-0.30443699,-0.97299258,-0.08815873,-0.21333874,,,
0.173447242,0.328899938,-0.928299962,0.152141228,-0.940219631,-0.30469647,-0.973020573,-0.0883839494,-0.213117681,0.00332702696,-8.02278446e-05,0.00731217908
0.17335262,0.32890935,-0.92831427,0.15231369,-0.94019796,-0.30467694,-0.97301042,-0.08857846,-0.21308305,0.00676088,-0.00405198,0.0063115
0.17323056,0.32906795,-0.92828091,0.15245889,-0.94012917,-0.30481704,-0.97300948,-0.08872105,-0.21302843,,,
0.173418458,0.329065467,-0.928246705,0.152635601,-0.940119479,-0.304758451,-0.972948303,-0.0888327554,-0.213261165,-0.00038534496,-0.00209778524,0.00945793558
0.17341846,0.32906547,-0.92824671,0.1526356,-0.94011948,-0.30475845,-0.9729483,-0.08883276,-0.21326117,-0.00297466,-0.00201213,0.00511872
0.1733768,0.32932131,-0.92816375,0.15283033,-0.94001642,-0.30497873,-0.97292516,-0.08897533,-0.21330733,,,
0.1733898,0.32947111,-0.92810809,0.15287816,-0.93996303,-0.30511875,-0.97291526,-0.08898301,-0.21334881,-0.00503956,-0.00224042,0.00248007
0.1731875,0.32958035,-0.92810709,0.15292337,-0.93991692,-0.30523822,-0.9729442,-0.08906585,-0.21318229,0.00507502,0.00140166,0.0095415
0.173160189,0.32963331,-0.928093328,0.152996838,-0.939891827,-0.305278299,-0.972937465,-0.0891333456,-0.213184507,-0.00346422801,0.000656485499,0.00394306565
0.17301233,0.32954034,-0.92815401,0.15299592,-0.93991826,-0.30519807,-0.97296401,-0.08920075,-0.21303576,-0.00366878,-0.00155115,0.00333199
0.17297064,0.32994024,-0.92801963,0.15303952,-0.93978123,-0.30559736,-0.97296449,-0.08916434,-0.2130483,,,
0.173091,0.33008618,-0.92794523,0.15311386,-0.93972986,-0.3057177,-0.97293134,-0.08916436,-0.2131993,0.00551066,-0.00398415,-0.00275189
0.17346651,0.33032137,-0.9277915,0.15321574,-0.93965456,-0.30589869,-0.9728485,-0.08908911,-0.21360894,,,
0.173641485,0.330265234,-0.927778779,0.153244031,-0.939675824,-0.305819398,-0.972812857,-0.0890736367,-0.213777838,0.00552496547,-0.00407475187,-0.000261190813
0.17362875,0.33006746,-0.92785152,0.1532465,-0.93974032,-0.30561973,-0.97281471,-0.08912565,-0.21374753,,,
0.17375086,0.32986096,-0.92790205,0.15315166,-0.93982058,-0.3054201,-0.97280781,-0.08904277,-0.21381322,-0.00729278,-0.00147223,0.01278683
0.1738438,0.33015601,-0.92777976,0.15319886,-0.93972204,-0.30569994,-0.97278383,-0.08899078,-0.21394431,0.0016031,0.00447833,0.00707872
0.17362875,0.33021156,-0.92780024,0.15309541,-0.93970668,-0.30579887,-0.97283851,-0.0889465,-0.21371389,0.00408605,0.00325084,-0.00341711
0.17327877,0.33037196,-0.92780861,0.15298851,-0.9396531,-0.30601719,-0.97291776,-0.08891778,-0.21336502,0.00499815,-0.00241315,-0.0055723
0.17317121,0.330423665,-0.927810247,0.152911676,-0.939639748,-0.306096353,-0.972948956,-0.0888659633,-0.213244114,0.00675425306,-7.29560779e-05,0.00737612741
0.173103583,0.330524107,-0.92778709,0.152859609,-0.93960932,-0.306215738,-0.972969172,-0.0888141497,-0.213173451,0.00244404748,0.000284671754,0.00731371017
0.17325141,0.33071306,-0.92769219,0.15275981,-0.93956055,-0.30641532,-0.97295856,-0.0886272,-0.21329983,-0.00692285,-0.00140643,-0.00602549
0.17342642,0.33084888,-0.92761105,0.15258673,-0.93953668,-0.30657472,-0.97295454,-0.08837299,-0.21342361,-0.0149375,0.00486088,-0.00196702
0.17331887,0.33090059,-0.92761262,0.15250986,-0.93952314,-0.30665385,-0.97298568,-0.08832121,-0.21330252,-0.00799535,0.00832939,-0.00985102
0.17249818,0.33097933,-0.92773754,0.15232224,-0.93948958,-0.3068501,-0.97316093,-0.08838401,-0.21247565,-0.00174287,0.00588393,-0.01013222
0.17198741,0.33099309,-0.9278275,0.15206571,-0.93949307,-0.30696691,-0.97329148,-0.08829631,-0.21191364,,,
0.17173195,0.3309039,-0.92790657,0.15203821,-0.93951728,-0.30690606,-0.97334083,-0.08837171,-0.21165504,-0.00159918,-0.00218022,0.00740261
0.17146344,0.33076112,-0.92800724,0.1518623,-0.93957266,-0.30682439,-0.97341574,-0.08832013,-0.21133257,0.00566589,-0.00601596,0.00408641
0.171315582,0.330716182,-0.92805058,0.151811001,-0.939587784,-0.306803606,-0.973449789,-0.0883280256,-0.211172477,-0.00218940852,0.000441789598,0.00821379572
0.17130272,0.33061456,-0.92808906,0.15171286,-0.93962964,-0.30672319,-0.97346725,-0.08826055,-0.2111195,-0.00397482,0.00198817,0.00346205
0.17130272,0.33061456,-0.92808906,0.15171286,-0.93962964,-0.30672319,-0.97346725,-0.08826055,-0.2111195,-0.00397482,0.00198817,0.00346205
0.1704955,0.33073045,-0.92819641,0.15115249,-0.9396179,-0.30703573,-0.97369612,-0.087951,-0.21019128,-0.00117826,-0.00576335,-0.00377839
0.17023958,0.33068915,-0.92825816,0.15107477,-0.93963109,-0.30703408,-0.97375302,-0.08796703,-0.20992123,0.00440426,-0.00276333,-0.00458609
0.169755186,0.330601647,-0.92837798,0.150795643,-0.939670648,-0.307049869,-0.973880792,-0.0878720597,-0.209367203,0.00918269437,-0.00842088368,0.000692991307
0.16967465,0.33060046,-0.92839308,0.15064539,-0.93968208,-0.30708832,-0.97391804,-0.08775307,-0.20924353,,,
0.169674646,0.330600464,-0.92839308,0.150645395,-0.93968208,-0.307088315,-0.973918037,-0.0877530735,-0.209243533,0.00121762406,-0.000518560351,0.00527853938
0.169985092,0.330487893,-0.928376366,0.150626741,-0.939730223,-0.306950084,-0.973866782,-0.0876614032,-0.209520306,-0.00410128059,-3.45706903e-05,-0.00624954561
0.170483765,0.330613062,-0.928240371,0.150532748,-0.939712151,-0.307051665,-0.973794165,-0.0873832744,-0.209973662,-0.0120903971,-0.000593781413,-0.0014015846
0.170416246,0.330713506,-0.92821707,0.150480563,-0.939681786,-0.307170726,-0.973814126,-0.0873317334,-0.209903043,-0.00514689274,-0.000960588397,-0.00504980981
0.170133158,0.330773156,-0.928247677,0.150425842,-0.939658389,-0.307268606,-0.973872013,-0.0873558789,-0.209623806,0.00588771515,4.57763635e-05,-0.0072257272
0.17024095,0.33081753,-0.92821216,0.15040192,-0.93964918,-0.30730889,-0.97385693,-0.08728832,-0.20972239,,,
0.1703617,0.33096339,-0.92813789,0.15047611,-0.93959754,-0.30742961,-0.97382424,-0.0872884,-0.20987334,,,
0.17073831,0.33119851,-0.9279848,0.15057773,-0.9395217,-0.30761157,-0.97374257,-0.08721281,-0.21028328,,,
0.1710873,0.331534473,-0.92780055,0.150702459,-0.939409496,-0.307893119,-0.973662023,-0.0871452624,-0.210683935,-0.00485035498,0.00886928942,8.31228681e-05
0.17120788,0.33168028,-0.92772625,0.1507768,-0.93935818,-0.30801373,-0.97362938,-0.08714523,-0.21083517,-0.00297867,0.00897384,0.00220395
0.1712609,0.33173447,-0.92769715,0.15100051,-0.93932186,-0.30801532,-0.97358544,-0.08733174,-0.21096123,,,
0.17138141,0.33178419,-0.92765698,0.15117562,-0.93929291,-0.30801676,-0.97353693,-0.08745082,-0.21113485,,,
0.17146173,0.33183338,-0.92762466,0.15127568,-0.93927024,-0.30803754,-0.97350735,-0.08751039,-0.21124723,,,
0.17141975,0.33204076,-0.92755821,0.15152061,-0.93917808,-0.3081982,-0.97347666,-0.08771292,-0.21130472,,,
0.17118973,0.332106576,-0.927577092,0.151739786,-0.939129439,-0.308238294,-0.973482961,-0.0879831278,-0.211163061,0.000345845008,0.00101852405,0.0080880234
0.171202443,0.332160057,-0.927555541,0.151888374,-0.939098483,-0.308259045,-0.973457502,-0.0881102341,-0.211227076,-0.00287771877,-0.000421524019,0.00511157187
0.171348138,0.332460827,-0.927420928,0.152209687,-0.938973884,-0.308480421,-0.973381729,-0.0883049118,-0.21149515,-0.00303645968,0.00023579596,-0.00418546982
0.1716965,0.33265265,-0.92728773,0.15248597,-0.93889556,-0.30858252,-0.97327711,-0.08841583,-0.21192995,,,
0.17173658,0.33260524,-0.92729724,0.15261152,-0.93890097,-0.30850349,-0.9732503,-0.08853494,-0.21200291,,,
0.17180177,0.33276086,-0.92722942,0.15293366,-0.93882201,-0.30858483,-0.97318831,-0.08878916,-0.21218165,0.00436898,0.00231922,0.001772
0.17186933,0.332708566,-0.927235637,0.152935449,-0.938841241,-0.308525258,-0.973176071,-0.0887811735,-0.212240933,-0.00554109924,0.00218331791,0.000306576723
0.17182927,0.33261205,-0.92727768,0.15296092,-0.93886979,-0.30842568,-0.97317914,-0.08884069,-0.21220193,-0.00464541,0.00144124,-0.00357861
0.171681441,0.332471109,-0.927355598,0.153010178,-0.938907655,-0.30828592,-0.973197477,-0.0889678837,-0.212064446,0.00123096979,0.000447750062,-0.00736951362
0.171856792,0.332415067,-0.927343135,0.153038559,-0.938928844,-0.308206768,-0.973161994,-0.088951873,-0.212233457,-0.00619347068,-0.00265473104,-0.000612898031
0.171749002,0.332274847,-0.92741347,0.153163075,-0.938961033,-0.308047625,-0.973161544,-0.089138618,-0.212157893,0.00549972104,0.000401020021,-0.00196106406
0.17178907,0.3321795,-0.92744025,0.15333897,-0.9389779,-0.30790901,-0.97312682,-0.0893173,-0.21224232,-0.00566449,-0.00191653,0.00504
0.17182927,0.33213205,-0.92744965,0.15346458,-0.93898299,-0.30782984,-0.97309977,-0.08943653,-0.21231512,-0.00499788,-0.00135469,-0.001181
0.171789068,0.331891395,-0.927543384,0.153641234,-0.93904567,-0.307551394,-0.973079132,-0.0896749161,-0.212310088,0.000177107984,-0.00104904163,-0.00559816463
0.17178907,0.33165123,-0.92762928,0.15389317,-0.939102,-0.30725327,-0.97303932,-0.08997304,-0.21236641,,,
0.17178907,0.33150705,-0.92768076,0.15404437,-0.93913561,-0.30707432,-0.97301534,-0.09015199,-0.21240003,0.0047641,-0.00215852,0.00117682
0.17205706,0.33136164,-0.92768305,0.15452287,-0.93914753,-0.30679736,-0.97289211,-0.0905616,-0.21278993,,,
0.17216466,0.33126187,-0.92769868,0.15465023,-0.93917187,-0.30665835,-0.9728528,-0.0906731,-0.21292187,-0.00711342,0.00155497,0.00173182
0.1727702,0.33109535,-0.92764559,0.15488552,-0.93922371,-0.30638101,-0.97270805,-0.09074536,-0.21355176,0.00107856,0.00106049,-0.00786035
0.17322784,0.33088367,-0.92763574,0.15506943,-0.93929044,-0.30608301,-0.97259731,-0.09082586,-0.21402115,0.00187967,0.00479996,-0.00738839
0.173295371,0.330783261,-0.927658892,0.155121471,-0.939320691,-0.305963506,-0.972576946,-0.0908777831,-0.214091393,-0.00958066341,-0.00421166373,0.000684722094
0.17309282,0.33074799,-0.92770932,0.15531791,-0.93930779,-0.30590375,-0.9725817,-0.09114014,-0.21395847,-0.00201707,0.00237656,0.00458012
0.1725801,0.33092116,-0.92774306,0.15543214,-0.93922401,-0.30610268,-0.97265454,-0.09137388,-0.21352705,,,
0.172202149,0.331037706,-0.927771725,0.155499506,-0.939167522,-0.306241858,-0.972710769,-0.0915325591,-0.213202788,0.000558883417,-0.00195026386,-0.0101959268
0.17182427,0.33105797,-0.92783461,0.15566767,-0.93913337,-0.30626158,-0.97275075,-0.09181068,-0.21290095,,,
0.17166153,0.33107088,-0.92786002,0.15588895,-0.93910287,-0.30624181,-0.97274395,-0.09207323,-0.21281797,,,
0.171661533,0.330974717,-0.927894402,0.1559898,-0.939125219,-0.306122405,-0.972727848,-0.092192629,-0.212840323,0.00716448948,0.00286197639,0.00080870511
0.17140626,0.33074056,-0.92802504,0.15611381,-0.93918258,-0.30588283,-0.97275293,-0.09244732,-0.21261485,-0.00467447,-0.00435853,0.01050625
0.17119082,0.33060322,-0.928113837,0.156212255,-0.939211955,-0.305743065,-0.972775161,-0.0926423305,-0.212428815,0.000399916433,0.00105357158,0.0084918607
0.17112321,0.33051097,-0.9281591,0.1563619,-0.93922581,-0.30562356,-0.97276296,-0.09282945,-0.21240263,0.00319723,-0.00342154,0.00809589
0.171150789,0.330313656,-0.928224312,0.156439887,-0.939284311,-0.305404199,-0.972745623,-0.0929411187,-0.212433554,0.000329309609,0.00310683227,-0.00543215685
0.1710859,0.3297727,-0.92842841,0.15652166,-0.93945182,-0.30484525,-0.97274371,-0.09316449,-0.21234328,-0.00401285,0.00504541,0.0014479
0.17095301,0.32933205,-0.92860937,0.15655137,-0.93958955,-0.30440578,-0.97276237,-0.09333601,-0.21218293,0.00552148,-0.00097775,0.00325634
0.17108819,0.32908288,-0.92867285,0.15670639,-0.93966066,-0.3041067,-0.97271368,-0.09349991,-0.2123342,0.00335021,-0.00597054,-0.00185267
0.17126344,0.32902715,-0.92866024,0.15673449,-0.93968159,-0.30402713,-0.97267826,-0.09348439,-0.21250288,,,
0.171210773,0.328732139,-0.92877454,0.156763193,-0.939773987,-0.303727466,-0.972683025,-0.0935962254,-0.212432619,0.00156864035,-0.000940561236,-0.00579865323
0.17125086,0.32868445,-0.928784,0.15688889,-0.93977867,-0.30364785,-0.97265567,-0.09371593,-0.21250488,-0.00230078,0.0014751,0.00576342
0.171115697,0.32874074,-0.928789003,0.156935972,-0.939751505,-0.303707705,-0.97267188,-0.0937912334,-0.212397546,2.15917826e-05,-2.71797162e-05,0.00514750555
0.170805244,0.328756137,-0.928840622,0.157056039,-0.939724906,-0.303727409,-0.972706996,-0.0940018117,-0.212143014,0.00717266509,-0.000627398433,-0.00526441401
0.1707101,0.32881298,-0.92883802,0.15717834,-0.93969155,-0.30376755,-0.97270397,-0.09413703,-0.2120971,,,
0.17060241,0.32876812,-0.92887366,0.15720253,-0.93970041,-0.30372744,-0.97271893,-0.09420467,-0.21199828,-0.0042162,0.00186574,0.01206515
0.17027929,0.32863346,-0.92898057,0.15727509,-0.93972708,-0.30360712,-0.97276379,-0.09440753,-0.21170181,,,
0.16990339,0.32839657,-0.92913319,0.15717453,-0.9398024,-0.30342627,-0.9728458,-0.09448293,-0.21129114,-0.00739509,0.00504124,0.01059311
0.16971538,0.3283022,-0.92920086,0.15709905,-0.93983449,-0.30336567,-0.97289077,-0.09449078,-0.21108022,,,
0.169231314,0.328310087,-0.929286399,0.156719431,-0.939853515,-0.303503382,-0.973036353,-0.0942749692,-0.21050518,0.00373357907,-0.00038433072,0.00884354115
0.16925881,0.32830566,-0.92928296,0.15659536,-0.93986786,-0.30352305,-0.97305155,-0.09414746,-0.21049203,0.00471075,-0.00418615,0.00822129
0.16940883,0.32824005,-0.92927881,0.1562251,-0.9399298,-0.30352214,-0.97308497,-0.09375734,-0.21051174,-0.00170033,0.00592816,-0.0039113
0.16915305,0.32824618,-0.92932317,0.15609734,-0.93993188,-0.30358088,-0.9731499,-0.09371328,-0.21023057,-0.00526082,0.00198364,0.00444302
0.16877661,0.32820238,-0.92940708,0.15579482,-0.93996348,-0.3036385,-0.97326374,-0.09354977,-0.20977596,,,
0.16837245,0.3282114,-0.92947726,0.15556562,-0.93997,-0.30373623,-0.97337045,-0.0934539,-0.20932344,0.00116679,-0.00523418,0.00210531
0.168224328,0.328262539,-0.929486024,0.155413646,-0.939963231,-0.303834977,-0.973420341,-0.0933423803,-0.20914115,0.00746182259,0.000268101663,0.00146755972
0.16821153,0.32830579,-0.92947303,0.15516391,-0.93997253,-0.3039336,-0.97346236,-0.09309556,-0.20905536,,,
0.16821153,0.32830579,-0.92947303,0.15516391,-0.93997253,-0.3039336,-0.97346236,-0.09309556,-0.20905536,,,
0.16830824,0.3279931,-0.92956596,0.15477245,-0.94011522,-0.30369208,-0.973508,-0.09275732,-0.20899344,-0.00594956,0.00273132,-0.00265337
0.16817452,0.32784151,-0.92964365,0.15449976,-0.94018658,-0.30361015,-0.97357444,-0.09257022,-0.20876691,-0.00615363,-0.00244677,-0.00352329
0.16801337,0.32779102,-0.92969054,0.15424989,-0.94022168,-0.30362813,-0.97364184,-0.09239109,-0.2085315,,,
0.168108323,0.327782636,-0.929676335,0.15407704,-0.94024375,-0.303647566,-0.973652818,-0.092196106,-0.208566533,0.00224782364,-0.000503778399,-0.00454762205
0.168298183,0.327620757,-0.929699015,0.15388318,-0.940320741,-0.30350722,-0.973650649,-0.0919853516,-0.208669499,0.0026079875,-0.00684678508,-0.000272322737
0.16866347,0.32745139,-0.92969252,0.15366668,-0.94040777,-0.30334749,-0.97362167,-0.09169913,-0.20893077,-0.00910623,0.00462222,0.00380494
0.168690736,0.327398572,-0.929706207,0.153593289,-0.94043282,-0.303307205,-0.973628552,-0.0916315137,-0.208928547,-0.00985481311,-6.68764042e-05,0.00308920396
0.168299423,0.327557714,-0.929721021,0.153411712,-0.940385832,-0.303544338,-0.973724848,-0.0915437736,-0.208517515,-0.00568804983,-0.000294446916,0.00210505375
0.16811084,0.32765663,-0.92972027,0.15313408,-0.94037378,-0.30372171,-0.97380111,-0.09131297,-0.20826233,,,
0.168017062,0.327457233,-0.929807424,0.152987216,-0.94044969,-0.303560324,-0.973840335,-0.0912453787,-0.208108194,0.0092887003,-0.00534409238,-0.000370509457
0.16809877,0.32729874,-0.92984858,0.15276714,-0.94052481,-0.3034393,-0.9738609,-0.09104253,-0.2081016,,,
0.16803193,0.32704635,-0.92994942,0.152547,-0.94062556,-0.30323735,-0.9739069,-0.09090745,-0.20794504,,,
0.16804591,0.32684346,-0.93001827,0.15242644,-0.94070349,-0.30305655,-0.97392341,-0.09083195,-0.20790102,0.00154563,-0.00666505,-0.00413364
0.16838388,0.32663006,-0.93003201,0.15238441,-0.94078694,-0.30281781,-0.97387151,-0.09073277,-0.20818656,,,
0.16830369,0.3261308,-0.93022162,0.15221831,-0.94096219,-0.30235584,-0.97391127,-0.09070923,-0.20801021,-0.00572783,-0.00550014,0.00137154
0.16829024,0.32607741,-0.93024299,0.15206987,-0.94099345,-0.30233477,-0.97393698,-0.09058191,-0.20794666,,,
0.16829066,0.32582083,-0.9303328,0.15180099,-0.94110178,-0.30213258,-0.97397885,-0.09037933,-0.20783864,,,
0.16800746,0.32562355,-0.93045304,0.15147816,-0.94118722,-0.3020284,-0.97407799,-0.09020027,-0.20745139,,,
0.16784555,0.32547624,-0.93053374,0.15132987,-0.94124374,-0.30192612,-0.97412889,-0.0901406,-0.20723781,,,
0.16775096,0.32532487,-0.93060376,0.15113272,-0.94130831,-0.30182378,-0.97417582,-0.09001345,-0.20707262,-0.01328285,-0.00119519,-0.00516387
0.16733233,0.32513556,-0.93074522,0.15090794,-0.94137779,-0.30171914,-0.97428261,-0.0899695,-0.20658839,0.00633728,-0.00252187,0.00139487
0.1671432,0.32508956,-0.93079525,0.15078246,-0.94139857,-0.30171686,-0.97433447,-0.08991771,-0.20636604,-0.00524724,-0.00156212,0.00184335
0.16695404,0.32504355,-0.93084525,0.15065696,-0.94141939,-0.30171455,-0.97438631,-0.08986589,-0.20614371,-0.00230714,-0.00550544,0.00261453
0.16654863,0.32505279,-0.93091463,0.15042878,-0.94142527,-0.3018099,-0.97449092,-0.08977037,-0.20569021,0.00267879,-0.00582081,-0.00385576
0.166426916,0.325002753,-0.93095391,0.150254434,-0.941454001,-0.301807413,-0.974538648,-0.0896511018,-0.205516288,0.000585363712,-1.97887402e-05,-0.00647792639
0.1664133,0.32499771,-0.93095815,0.15005549,-0.94147362,-0.30184552,-0.97457167,-0.08946428,-0.20544139,0.00578111,-0.0043996,0.00201866
0.166332125,0.324996568,-0.930972959,0.14990548,-0.941485111,-0.301883517,-0.97460852,-0.0893450697,-0.205317794,0.00671169534,0.000368118257,0.00238821493
0.16650779,0.32498919,-0.9309442,0.14988259,-0.94149498,-0.30186459,-0.97458211,-0.08926954,-0.20547639,-0.00886906,0.00364137,0.00484594
0.16672402,0.32517571,-0.93084035,0.14973217,-0.94145463,-0.30206496,-0.97456825,-0.08901528,-0.20565228,-0.01286664,0.00260103,0.00267275
0.16618338,0.32528976,-0.93089717,0.14950054,-0.9414227,-0.30227903,-0.97469613,-0.08893591,-0.20507969,-0.00531549,0.00147891,-0.00457814
0.16538537,0.32531341,-0.93103103,0.14924311,-0.9414149,-0.30243061,-0.97487132,-0.08893239,-0.20424696,,,
0.16537168,0.32521163,-0.93106904,0.14914551,-0.9414565,-0.30234941,-0.9748886,-0.08886475,-0.20419405,0.00699343,-0.00673264,0.00318732
0.16537168,0.32526,-0.93105216,0.14909487,-0.94144544,-0.30240893,-0.97489636,-0.08880523,-0.20418299,-0.0036321,-0.00186944,0.00759315
0.1653309,0.32525945,-0.93105962,0.14901985,-0.94145131,-0.30242783,-0.97491477,-0.0887457,-0.20412113,0.00470493,-0.00442749,0.00692158
0.16539846,0.32540058,-0.93099828,0.14881896,-0.94142566,-0.30260639,-0.97493397,-0.08849957,-0.20413612,,,
0.16535782,0.32544842,-0.93098879,0.14869332,-0.94142032,-0.30268479,-0.97496005,-0.08838052,-0.20406322,0.0076981,-0.00229108,-0.0022746
0.16560131,0.32563038,-0.9308818,0.14841888,-0.94139296,-0.302904,-0.97496047,-0.08799916,-0.20422548,,,
0.16581768,0.32581679,-0.93077806,0.14826853,-0.9413522,-0.3031043,-0.97494658,-0.08774507,-0.20440111,0.00636979,-0.00271374,0.00371094
0.165885227,0.325812776,-0.930767445,0.148219606,-0.941359915,-0.303104359,-0.974942537,-0.0876774693,-0.204449461,-0.00299841096,0.00587058021,0.000516643922
0.165736414,0.325864003,-0.930776041,0.148067939,-0.941352548,-0.303201482,-0.974990909,-0.0875665765,-0.204266355,-0.00774638262,0.000150918946,0.00486898562
0.16541164,0.32597125,-0.93079629,0.14788839,-0.94132428,-0.30337701,-0.97507333,-0.08747188,-0.20391335,,,
0.16541164,0.32597125,-0.93079629,0.14788839,-0.94132428,-0.30337701,-0.97507333,-0.08747188,-0.20391335,,,
0.16481604,0.32598302,-0.93089778,0.14748412,-0.94133918,-0.30352727,-0.97523537,-0.08726649,-0.20322505,,,
0.164734678,0.32607858,-0.930878695,0.147232887,-0.941328062,-0.30368359,-0.975287066,-0.0870287631,-0.203078771,0.00467214733,5.48362686e-06,0.0044722124
0.164734678,0.326126981,-0.930861835,0.147182221,-0.941317012,-0.303743077,-0.975294805,-0.0869692762,-0.203067721,0.00469100429,-0.000748872699,-0.00270264433
0.164829125,0.326118343,-0.930848106,0.147009498,-0.941337877,-0.303761803,-0.975304864,-0.0867747184,-0.203102402,-0.00644779019,0.000499963702,0.0023473748
0.164923553,0.326158073,-0.930817468,0.146786094,-0.941347515,-0.303840022,-0.975322557,-0.0865206788,-0.203125871,-0.00646923156,-0.00182390201,-0.000708802603
0.16485599,0.32630703,-0.93077721,0.14668313,-0.94130599,-0.30401816,-0.97534945,-0.0864101,-0.20304365,-0.00599981,-0.00237042,-0.0088082
0.16485599,0.3265486,-0.9306925,0.14642998,-0.94124948,-0.30431516,-0.9753875,-0.0861131,-0.20298713,-0.00149835,0.00764131,0.00347347
0.16451733,0.32655399,-0.93075044,0.14615283,-0.94126218,-0.30440844,-0.97548616,-0.08595138,-0.20258059,,,
0.16426002,0.32656051,-0.93079358,0.14602563,-0.9412638,-0.30446435,-0.97554855,-0.08590844,-0.20229804,0.0032272,0.00609302,0.00428618
