0,1,2,3,4,5,6,7,8,9,10,11
0.16694375,0.95270653,0.25392898,-0.91511629,0.24558524,-0.31976546,-0.36700386,-0.17899175,0.9128363,-0.01200574,0.00503659,0.00311507
0.16679626,0.95283923,0.25352757,-0.91537665,0.24520045,-0.31931515,-0.36642109,-0.1788127,0.91310546,-0.00968746,0.00480247,0.00577947
0.16679626,0.95283923,0.25352757,-0.91537665,0.24520045,-0.31931515,-0.36642109,-0.1788127,0.91310546,-0.00968746,0.00480247,0.00577947
0.16669643,0.9531335,0.25248516,-0.91562681,0.24464604,-0.31902316,-0.36584116,-0.17800219,0.91349628,-0.00918864,0.00548387,0.01070541
0.16654306,0.95334647,0.25178132,-0.91569282,0.24425016,-0.31913703,-0.36574579,-0.17740431,0.91365076,-0.01038526,0.00421697,0.00564665
0.16638171,0.95353225,0.25118405,-0.9157605,0.24388249,-0.31922421,-0.36564997,-0.17691135,0.9137847,-0.00563656,0.00974941,0.00702222
0.16625026,0.95358441,0.25107285,-0.9158233,0.24370488,-0.31917951,-0.36555229,-0.17687471,0.91383087,-0.01161599,0.00432014,0.00525411
0.16621816,0.95353049,0.25129866,-0.9159072,0.24371293,-0.31893245,-0.36535656,-0.17715392,0.91385506,-0.00425034,0.00214046,0.01123586
0.16597659,0.95340819,0.25192188,-0.91593325,0.24370669,-0.31886264,-0.3654013,-0.17781988,0.91370782,-0.00616928,0.00477815,0.00754
0.16581316,0.95331293,0.25238955,-0.91594465,0.24372088,-0.31881903,-0.3654469,-0.17831045,0.91359397,-0.01488212,0.01123071,0.00967324
0.16557097,0.95304113,0.25357224,-0.91610788,0.24383374,-0.31826323,-0.36514742,-0.17960437,0.91346025,,,
0.165113447,0.952737989,0.255005596,-0.916311382,0.243829406,-0.317680113,-0.364843776,-0.181211277,0.913264195,0.00804678164,-0.000414669514,-0.00234140875
0.16492813,0.95262668,0.2555406,-0.91642419,0.24379691,-0.31737935,-0.36464405,-0.18183884,0.91321922,0.0137295,-0.00409085,-0.00603799
0.16450381,0.95244339,0.25649581,-0.91664014,0.24365293,-0.31686609,-0.36429297,-0.18298867,0.91312966,0.01353265,0.004691,-0.00747261
0.16450381,0.95244339,0.25649581,-0.91664014,0.24365293,-0.31686609,-0.36429297,-0.18298867,0.91312966,0.01353265,0.004691,-0.00747261
0.16368128,0.95208765,0.25833628,-0.91697035,0.24341211,-0.31609492,-0.36383224,-0.18514787,0.91287807,,,
0.1631144,0.95185672,0.25954269,-0.91719389,0.24322604,-0.31558899,-0.36352305,-0.18657388,0.91271089,0.00699325,-0.00616121,0.00681938
0.16242088,0.95185766,0.25997377,-0.91734115,0.24271594,-0.31555365,-0.36346194,-0.18723217,0.91260042,,,
0.162088693,0.951906725,0.260001588,-0.917401702,0.242417455,-0.31560716,-0.363457503,-0.187369552,0.912573993,0.000843431102,-0.0014680624,-0.00539848814
0.161512378,0.951894561,0.2604044,-0.917623824,0.241956444,-0.315315011,-0.363153169,-0.188026018,0.912560128,0.000258703716,0.00795549154,0.0067414064
0.16117798,0.95177542,0.26104611,-0.91784147,0.24177754,-0.31481826,-0.36275138,-0.18885721,0.91254829,0.00362093,0.01754951,0.00510351
0.16106588,0.95168885,0.26143116,-0.91797928,0.24173975,-0.31444565,-0.36245271,-0.18934188,0.91256654,0.00238607,0.01200712,0.00585974
0.16069762,0.95151121,0.26230295,-0.91831954,0.24154271,-0.3136024,-0.36175356,-0.19048272,0.91260655,,,
0.16032429,0.95129024,0.26333046,-0.91864179,0.24140019,-0.31276691,-0.36110014,-0.19176226,0.91259735,,,
0.16007603,0.95119886,0.26381091,-0.91880419,0.24126537,-0.31239351,-0.3607968,-0.19238391,0.91258648,-0.00453378,-0.00277919,0.00122256
0.15951853,0.9509582,0.26501359,-0.91902594,0.24107841,-0.31188523,-0.36047888,-0.19380293,0.91241185,-0.01685817,0.00500768,0.01148464
0.15921862,0.95058142,0.26654136,-0.91912625,0.24127623,-0.3114364,-0.36035576,-0.19539872,0.91212009,-0.00902269,-0.00102615,0.02048407
0.15911033,0.95037956,0.26732474,-0.91911154,0.24145108,-0.31134429,-0.3604411,-0.19616318,0.91192226,-0.00392512,0.00231791,0.01900324
0.15876992,0.94998517,0.2689242,-0.91904721,0.24172829,-0.31131911,-0.36075512,-0.19772594,0.91146047,0.00483248,0.00619811,0.01581769
0.15843702,0.9495887,0.27051602,-0.91894333,0.24203175,-0.31138993,-0.36116583,-0.19925323,0.91096509,-0.00162407,0.00449908,0.02250616
0.15823006,0.9487009,0.27373298,-0.91867293,0.24306627,-0.31138198,-0.36194363,-0.20220112,0.91000632,-0.00825386,0.0125078,0.03671417
0.15802682,0.94778812,0.27699305,-0.91838372,0.2441319,-0.31140151,-0.36276549,-0.20517613,0.90901262,-0.01381406,0.01320219,0.04373864
0.1578685,0.94720658,0.27906499,-0.918253,0.24475676,-0.31129663,-0.36316525,-0.20710832,0.90841463,-0.01595611,0.00552809,0.04860954
0.15794562,0.94452882,0.28795549,-0.91760973,0.24811549,-0.31053338,-0.36475395,-0.21518341,0.9058977,0.00704259,-0.00172281,0.07234403
0.15827477,0.94396063,0.28963328,-0.91740781,0.24905517,-0.3103779,-0.36511918,-0.21658684,0.905416,0.00386054,0.00419366,0.08058453
0.15919901,0.94313947,0.29179356,-0.91690467,0.25081782,-0.31044504,-0.36598,-0.21812438,0.90469905,-0.00971277,-0.00315666,0.08459057
0.16057572,0.94241509,0.29337539,-0.91609484,0.25294093,-0.31111255,-0.36740382,-0.2188026,0.90395788,0.00164775,-0.00954854,0.07827467
0.16057572,0.94241509,0.29337539,-0.91609484,0.25294093,-0.31111255,-0.36740382,-0.2188026,0.90395788,0.00164775,-0.00954854,0.07827467
0.1650952,0.94065987,0.29648343,-0.91430178,0.25869791,-0.31165285,-0.36985898,-0.21962299,0.90275692,0.01248636,0.02317214,0.08157632
0.16935918,0.93938579,0.29811373,-0.91257858,0.26370094,-0.31250943,-0.37217979,-0.21912587,0.90192353,-0.00666668,0.01828563,0.0797687
0.17170837,0.93868563,0.29897394,-0.9115259,0.26649784,-0.31320814,-0.37367989,-0.21874207,0.90139627,-0.02371705,0.02205157,0.08109803
0.17647811,0.93696509,0.30158246,-0.909047,0.27264636,-0.31511521,-0.37747731,-0.21854166,0.89986134,-0.04299652,0.02385855,0.08191243
0.18132796,0.93487553,0.30516853,-0.90609123,0.27943986,-0.31766647,-0.38225486,-0.21890875,0.89775285,-0.04224456,0.02059722,0.07139254
0.18828569,0.93112947,0.31232421,-0.90091592,0.29036699,-0.32254845,-0.39102301,-0.2206466,0.89354132,-0.05374941,0.03854275,0.07678936
0.19246804,0.92806136,0.31883866,-0.89691545,0.29819085,-0.32653456,-0.39811889,-0.22312388,0.88978485,-0.02351592,0.02153778,0.07034867
0.19865143,0.92322432,0.32892926,-0.88989767,0.31053069,-0.33414491,-0.41063333,-0.22633503,0.88326254,0.0053035,0.02662981,0.06159629
0.20362018,0.92005748,0.33471337,-0.88460253,0.31939284,-0.3398037,-0.41954399,-0.22689741,0.87892002,0.02458825,0.03006506,0.06880074
0.20630999,0.91848627,0.33737087,-0.88175051,0.32399109,-0.34284948,-0.4242077,-0.22674368,0.87671838,0.02695408,0.03381705,0.05951579
0.21213031,0.91552694,0.34177665,-0.87568145,0.33332939,-0.34939034,-0.43380047,-0.22517115,0.87241913,0.00231083,0.03678679,0.06624584
0.21842881,0.91234965,0.34627569,-0.86907657,0.34326128,-0.35619869,-0.44384079,-0.22313608,0.86787996,-0.01606683,0.05806386,0.08022498
0.2214879,0.91066511,0.34875789,-0.8656577,0.34827358,-0.35964174,-0.44897635,-0.22224869,0.86546273,-0.01345766,0.05416727,0.0650035
0.22778666,0.90715484,0.35381237,-0.85841423,0.35860201,-0.36678263,-0.45960647,-0.22016943,0.86039949,0.0148172,0.03845704,0.04488816
0.23404957,0.90396027,0.35787773,-0.85067167,0.3686319,-0.37479072,-0.47072108,-0.2167169,0.85525167,0.01869443,0.0462234,0.0450222
0.23717824,0.90244166,0.35964616,-0.84661187,0.37357292,-0.3790666,-0.47643957,-0.21457442,0.85262132,0.01324279,0.06280816,0.04974457
0.24324701,0.89934162,0.36333936,-0.83810278,0.38344351,-0.38801387,-0.48827715,-0.21013254,0.84701224,-0.02425897,0.06960464,0.05951656
0.24897429,0.89562866,0.36859348,-0.82902054,0.39384382,-0.39700382,-0.50073627,-0.2067278,0.8405515,-0.01310216,0.05023611,0.04539971
0.25184814,0.89356128,0.37164598,-0.82418366,0.39931767,-0.40158023,-0.50724135,-0.20516732,0.83702603,0.01212639,0.03649473,0.04158704
0.25746963,0.88973493,0.37693648,-0.81406203,0.40988547,-0.41145703,-0.52058848,-0.200912,0.82983251,0.01655284,0.03746724,0.04153273
0.26320782,0.8863261,0.38098253,-0.8033292,0.4200321,-0.42217916,-0.5342133,-0.19493353,0.82256737,0.01261214,0.06284642,0.02412255
0.26621171,0.8846857,0.38270423,-0.79776504,0.42505843,-0.42766374,-0.54101966,-0.19145896,0.81892686,0.01432961,0.06435072,0.0210239
0.27191281,0.88147513,0.38608929,-0.7859553,0.43492648,-0.43944642,-0.55528155,-0.18395785,0.8110622,-0.01860949,0.06581712,0.0259112
0.27704866,0.87793738,0.3904741,-0.77349153,0.44487311,-0.4514408,-0.57004817,-0.17695733,0.80232861,-0.00296837,0.05819941,0.02486005
0.27963759,0.87602909,0.39290681,-0.76702451,0.44997908,-0.4573753,-0.57747392,-0.17346987,0.79776691,0.00369628,0.05935824,0.02182135
0.28485611,0.87224555,0.39754821,-0.75356702,0.46009444,-0.46952078,-0.59244715,-0.16583341,0.78835628,-0.00887795,0.06752038,0.01068177
0.28972788,0.86839279,0.40243221,-0.73934225,0.47007771,-0.4820788,-0.60780817,-0.15786348,0.77823412,-0.00658917,0.05305088,0.01818186
0.29180739,0.86652415,0.40494949,-0.73196847,0.47483976,-0.48861967,-0.6156869,-0.15382754,0.77283028,0.00314555,0.05400515,0.00983153
0.29601997,0.86260394,0.41022738,-0.71679575,0.48447414,-0.50148636,-0.63132868,-0.14559932,0.76172494,0.02557147,0.04615605,-0.01430949
0.30072364,0.85869457,0.41498047,-0.70108614,0.49402972,-0.51421082,-0.64656275,-0.13630177,0.75058537,-0.00569568,0.07241893,-0.01234176
0.30294826,0.85664128,0.41759805,-0.69312961,0.49879142,-0.52036382,-0.65405944,-0.13180622,0.74487139,-0.03462448,0.08076584,-0.00681089
0.30706104,0.85160989,0.42482246,-0.67694033,0.50920425,-0.53147232,-0.66892848,-0.12438501,0.73284586,0.01007962,0.06262124,-0.01534227
0.31150273,0.84605483,0.4326167,-0.66044634,0.52009473,-0.54158293,-0.68321053,-0.11701558,0.72078478,0.04257497,0.05356789,-0.02481136
0.31385289,0.84352151,0.43585292,-0.65211745,0.52515481,-0.54676798,-0.69010082,-0.11262261,0.71489648,0.03601221,0.04337656,-0.02024284
0.31816603,0.83932321,0.44080247,-0.63494724,0.53393256,-0.55835289,-0.70399735,-0.10223744,0.70280523,0.02235476,0.03562307,-0.02477906
0.32247377,0.83517307,0.4455296,-0.61760331,0.54232617,-0.56960379,-0.71734011,-0.09147827,0.69069161,0.00679645,0.05404389,-0.03440605
0.324754826,0.832957811,0.448012949,-0.608945678,0.546590775,-0.574824926,-0.723684654,-0.0861383723,0.684734042,-0.000623456668,0.063737154,-0.0338406935
0.32896932,0.82833858,0.4534692,-0.59149049,0.55507211,-0.58483665,-0.73615088,-0.07582944,0.67255613,-0.00820379,0.06193447,-0.02925849
0.3327924,0.82308526,0.4601954,-0.57382375,0.56401624,-0.59381137,-0.74831508,-0.06645517,0.66000623,0.01808121,0.03321421,-0.04059512
0.33476944,0.82050652,0.46335562,-0.56497041,0.5683162,-0.59818484,-0.75414708,-0.06152824,0.65381682,0.0257743,0.02430928,-0.04203053
0.33859802,0.81569406,0.46903565,-0.54684147,0.57624579,-0.60737558,-0.76571251,-0.05083204,0.6411711,-0.00819444,0.031201,-0.0347885
0.34198921,0.81040522,0.47569617,-0.52851085,0.58444437,-0.61571188,-0.77699405,-0.04084372,0.62818157,0.00327479,0.03288341,-0.04307937
0.34363258,0.80754011,0.47937006,-0.51927715,0.58871007,-0.61949312,-0.78247551,-0.03604788,0.62163707,0.0173115,0.02707291,-0.05436667
0.34678844,0.8017231,0.48680363,-0.50085539,0.59710668,-0.62658394,-0.79302054,-0.02652619,0.60861707,0.00892695,0.01380479,-0.04998294
0.34938378,0.79628234,0.49382722,-0.48227245,0.60469442,-0.63384374,-0.80333316,-0.01670458,0.5952955,0.00349718,0.01145434,-0.04153926
0.35051899,0.79350797,0.49747515,-0.47302432,0.6084423,-0.63721735,-0.80832197,-0.01196107,0.58861916,0.0099643,0.00189757,-0.04857116
0.35302891,0.78788143,0.50459236,-0.45451192,0.61582323,-0.6435687,-0.81779552,-0.00214488,0.5755049,0.06267712,-0.0121665,-0.08040568
0.35565438,0.78346756,0.50959643,-0.43637722,0.62136653,-0.65075229,-0.82648948,0.00906662,0.56287913,0.06869401,-0.00362837,-0.08161878
0.35698264,0.78171127,0.51136176,-0.42760176,0.62345987,-0.65456436,-0.83049388,0.01500891,0.55682548,0.08278014,-0.00640166,-0.07924288
0.36032523,0.77844819,0.5139884,-0.4107961,0.62711413,-0.66179634,-0.83750357,0.02731745,0.54574856,0.11977811,0.01000929,-0.07200358
0.36447424,0.77649857,0.51401208,-0.39523098,0.62878938,-0.66963897,-0.84317906,0.04091261,0.53607385,0.08513787,0.00868022,-0.05430571
0.36631761,0.77641595,0.51282521,-0.38764503,0.62836964,-0.6744501,-0.8458976,0.04826881,0.53115664,0.11192702,-0.0353353,-0.04443244
0.37005587,0.77860923,0.50678032,-0.37242413,0.62408649,-0.68688885,-0.85109276,0.06545002,0.52091975,0.0820328,-0.05779308,-0.0181839
0.37416496,0.78233878,0.49794244,-0.35739321,0.61711682,-0.70102564,-0.85572819,0.084338,0.51050604,-0.06404343,0.0345248,-0.03174597
0.37817464,0.78340307,0.49321754,-0.33450688,0.61242721,-0.71626674,-0.86318541,0.10588924,0.49365817,-0.05773324,0.00530094,-0.06348045
0.37926451,0.78149018,0.49541039,-0.31915786,0.61304179,-0.7227157,-0.86850252,0.11598626,0.48192376,-0.0253388,-0.02790099,-0.05604685
0.37956022,0.7804959,0.4967497,-0.31133482,0.61336979,-0.72584308,-0.87120878,0.12084571,0.47580629,-0.0534302,-0.01010478,-0.04185752
0.37938806,0.7778022,0.50108721,-0.29537821,0.61505516,-0.73106691,-0.87682174,0.12934779,0.46309042,-0.04328006,0.02065516,-0.04540613
0.37868594,0.77356029,0.5081352,-0.27940987,0.61895887,-0.7340436,-0.88234179,0.13599397,0.45053142,0.00465788,-0.00674748,-0.04188964
0.37683355,0.76821434,0.51753558,-0.25494639,0.62316357,-0.73937097,-0.89050474,0.1466759,0.43068246,-0.0722845,-0.00463146,-0.01748338
0.37683355,0.76821434,0.51753558,-0.25494639,0.62316357,-0.73937097,-0.89050474,0.1466759,0.43068246,-0.0722845,-0.00463146,-0.01748338
0.37504654,0.76120532,0.5290618,-0.23071393,0.62940999,-0.74203373,-0.89783685,0.15623518,0.41167876,0.01821934,-0.01749885,-0.03893253
0.37442319,0.7572394,0.53515952,-0.21531523,0.6323686,-0.74414331,-0.90191272,0.16339649,0.39981866,-0.03482796,-0.01367128,-0.02694403
0.3735488,0.75299742,0.54171597,-0.200022,0.63563863,-0.74562372,-0.90578833,0.17017173,0.3880581,-0.02241898,0.05070913,-0.05741919
0.37362609,0.74950861,0.54648003,-0.19283232,0.63903632,-0.74461285,-0.90731432,0.17282779,0.38329011,-0.00446881,0.04947484,-0.03926195
0.37381907,0.74204373,0.55644439,-0.17917045,0.64641211,-0.74165309,-0.91003143,0.17754566,0.3745935,0.02334584,0.01342142,-0.0159307
0.373459113,0.73496423,0.565999829,-0.165268365,0.65309967,-0.739017694,-0.91280589,0.182450997,0.365372378,0.0203698352,0.000117063522,-0.0362562351
0.37330244,0.73145805,0.57062636,-0.15843227,0.65632099,-0.73765981,-0.91408126,0.18496459,0.36089277,0.02923676,-0.02366793,-0.03106244
0.3730811,0.7256188,0.57817629,-0.14496912,0.66110691,-0.73615324,-0.91640297,0.19082714,0.35183882,0.00485266,-0.0070188,-0.0367092
0.37273667,0.71994836,0.58544156,-0.13154966,0.66553179,-0.73468508,-0.91856526,0.19682947,0.34277704,-0.05056867,0.0219568,-0.02695847
0.37245727,0.71631853,0.59005363,-0.12480042,0.66868434,-0.73299801,-0.91961969,0.19937148,0.33845321,-0.03172177,0.0075888,-0.01768708
0.37187293,0.70860559,0.59965706,-0.1108614,0.67526294,-0.72919798,-0.92163996,0.20469014,0.32966903,0.00259889,-0.01744401,-0.02167252
0.37112645,0.70225623,0.60753705,-0.09616752,0.67981226,-0.72705369,-0.92358914,0.2114035,0.31983057,-0.00588478,-0.00835878,-0.02512775
0.37112645,0.70225623,0.60753705,-0.09616752,0.67981226,-0.72705369,-0.92358914,0.2114035,0.31983057,-0.00588478,-0.00835878,-0.02512775
0.37117646,0.69354649,0.61743117,-0.07434477,0.68499426,-0.72474526,-0.92558136,0.22310559,0.30581531,0.04062921,-0.01646656,-0.04536097
0.37150707,0.689406,0.6218535,-0.05996831,0.68620999,-0.72492731,-0.92649135,0.23202408,0.29627439,0.00888337,0.00522721,-0.04648314
0.37153568,0.68768046,0.62374419,-0.05288469,0.68641999,-0.72527981,-0.92691124,0.2364808,0.29139729,-0.00577097,0.00570399,-0.04432337
0.372009738,0.683138331,0.628435051,-0.0389684499,0.687923093,-0.72473664,-0.927410401,0.245119885,0.28253496,0.017444618,-0.000761568546,-0.041045811
0.37273211,0.67852398,0.6329896,-0.02540958,0.68935314,-0.72397965,-0.92759095,0.25376641,0.27418508,0.01229618,-0.02437305,-0.03781882
0.37290335,0.67649118,0.63506117,-0.01847336,0.68970618,-0.72385363,-0.92768623,0.2581957,0.26969082,0.00820556,-0.01401579,-0.04194777
0.37321541,0.67235101,0.63926084,-0.00497025,0.69048733,-0.72332743,-0.92773142,0.26677967,0.26104225,0.02014436,-0.02022558,-0.04215722
0.37387596,0.66822018,0.64319402,0.00804367,0.69112437,-0.72269108,-0.92744383,0.27537046,0.25301985,0.04336849,-0.04137439,-0.04818412
0.37410376,0.66682217,0.64451112,0.01435636,0.69072805,-0.7229721,-0.92727573,0.27971942,0.24883081,0.03102088,-0.05240333,-0.04706446
0.37429198,0.66507635,0.64620358,0.02673359,0.68882874,-0.72443104,-0.92692552,0.2884241,0.24004318,0.01429914,-0.03273892,-0.04293673
0.37447305,0.66326499,0.64795795,0.0385132,0.68707555,-0.72556456,-0.92643763,0.29665931,0.23174681,0.01536332,-0.03244996,-0.03347259
0.37454933,0.66237376,0.64882504,0.04437247,0.68615626,-0.72609967,-0.9261447,0.30075016,0.2276082,0.0121983,-0.02831501,-0.02638425
0.37440443,0.66117395,0.65013103,0.05587245,0.68376727,-0.72755798,-0.9255807,0.30872536,0.21906408,-0.01028774,0.03183198,-0.04458591
0.374111,0.65870127,0.65280441,0.06699874,0.6828838,-0.72744821,-0.92496061,0.31588346,0.21134218,0.02943146,-0.00142658,-0.02069069
0.37404439,0.65739866,0.65415426,0.07262864,0.68242494,-0.72733849,-0.92456253,0.31956722,0.20751125,0.05759146,-0.02273983,-0.02467099
0.3735709,0.6563995,0.65542684,0.08405403,0.67972156,-0.72863808,-0.92378546,0.32728921,0.19875119,-0.01453929,0.01560879,-0.02538948
0.37258509,0.65504766,0.65733771,0.09547335,0.67752348,-0.72927824,-0.92307375,0.33447641,0.18989556,-0.01683713,0.03025866,-0.02009505
0.3720932,0.65346951,0.65918447,0.10110369,0.67741887,-0.72861627,-0.92267254,0.33775911,0.18599479,0.01156982,0.00652099,-0.02236414
0.37128262,0.65051911,0.66255115,0.11266144,0.67672279,-0.72756692,-0.92165967,0.34477689,0.177967,0.01347004,0.00702101,-0.03038258
0.36982675,0.64827,0.66556307,0.12456331,0.67528926,-0.72695833,-0.92071286,0.35175338,0.16898937,-0.002609,0.00481462,-0.01691751
0.3691858,0.6469353,0.66721557,0.13055915,0.67471028,-0.72644365,-0.92013923,0.3553038,0.16463013,0.04257616,-0.01315486,-0.01890136
0.36843399,0.64545286,0.66906421,0.14242777,0.67200528,-0.72672085,-0.91867875,0.36304197,0.15565918,0.05599781,-0.04222286,-0.03771643
0.36778483,0.64662155,0.66829253,0.15424271,0.66628843,-0.72956763,-0.91702973,0.37140316,0.14531411,-0.00994582,-0.00868386,-0.03226887
0.36737516,0.6474609,0.66770507,0.16001613,0.66320117,-0.73113552,-0.91620441,0.37544466,0.14003943,-0.02323621,-0.00791758,-0.02138121
0.36675044,0.64777049,0.667748,0.17102176,0.65858608,-0.73281367,-0.91446463,0.38295914,0.13075389,0.02132428,-0.03339523,-0.03344133
0.36612485,0.64811672,0.66775545,0.1815186,0.6540555,-0.73434489,-0.91269032,0.39007196,0.12182073,-0.01548142,-0.03035527,-0.03360457
0.36548206,0.64858206,0.66765562,0.18675391,0.65159912,-0.73521526,-0.91189127,0.39339524,0.11702256,-0.02790981,-0.01171595,-0.04671302
0.36422327,0.64813573,0.66877594,0.19661503,0.64840283,-0.73547003,-0.91032067,0.39936665,0.10873019,-0.01341865,-0.03547966,-0.02481895
0.36322925,0.64669379,0.67070978,0.20598456,0.64632456,-0.73473458,-0.90864451,0.40503294,0.10155505,-0.00444466,-0.03710604,-0.03973157
0.36126935,0.64474599,0.67363714,0.21940239,0.64337034,-0.73344199,-0.90628196,0.41276769,0.09097117,-0.01014815,-0.03388,-0.02506449
0.36002774,0.64286832,0.67609181,0.22796338,0.64210141,-0.7319415,-0.90466154,0.41764336,0.0846239,0.01011789,-0.04330426,-0.03679672
0.35955719,0.64196423,0.67720055,0.23201015,0.64144015,-0.7312495,-0.90381964,0.42004342,0.0816922,-0.00484428,-0.02617031,-0.04391117
0.35843913,0.63993551,0.67970873,0.23952058,0.64067584,-0.72949597,-0.90230334,0.42428414,0.07636557,-0.02926161,-0.01660442,-0.02230943
0.3575578,0.63635873,0.68352039,0.24663056,0.6415787,-0.72632652,-0.90073633,0.42828076,0.07245595,0.00163931,-0.04750389,-0.01883828
0.35722213,0.63396165,0.6859191,0.25014556,0.64261127,-0.72420851,-0.89989976,0.43028293,0.07097228,0.0175882,-0.0494678,-0.03962948
0.35609847,0.62923484,0.69083814,0.25660354,0.64503297,-0.71978265,-0.89852571,0.433585,0.06823137,-0.0095539,-0.00595212,-0.02515747
0.35381578,0.62368982,0.69701181,0.26309503,0.64876065,-0.71406628,-0.8975497,0.43602828,0.06545206,-0.01534482,-0.03053409,-0.01499844
0.35246146,0.62023806,0.70076787,0.26618905,0.65144487,-0.7104667,-0.89717013,0.43694886,0.06450863,-0.01460066,-0.05122507,-0.01704976
0.34890144,0.61352523,0.708417,0.27236725,0.65690639,-0.70305769,-0.89670728,0.43824744,0.0620914,0.00852911,-0.08071852,0.00847478
0.34536057,0.60906788,0.71397652,0.2782112,0.66014209,-0.69771841,-0.89628381,0.4396007,0.05853754,0.06822304,-0.12252998,-0.00390189
0.34237285,0.60810632,0.71623142,0.28519466,0.65907397,-0.69590622,-0.89523447,0.44252476,0.05222036,-0.03524444,-0.01644647,-0.01229327
0.33982387,0.6080016,0.71753307,0.2892687,0.65838274,-0.69487822,-0.89489846,0.44369605,0.04785834,0.01644883,-0.02071315,-0.04153909
0.33907804,0.60702256,0.71871388,0.29078502,0.65893474,-0.69372116,-0.89468994,0.44421684,0.04691724,0.03754648,-0.05012286,-0.01329127
0.33875463,0.60596943,0.71975433,0.29278698,0.6591092,-0.69271266,-0.8941594,0.44539431,0.04585634,0.02416336,-0.03973389,-0.03110674
0.33835862,0.60613681,0.71979966,0.29439578,0.65833583,-0.69276622,-0.89378102,0.44630939,0.04430949,-0.04233453,-0.00772744,-0.00253694
0.33811723,0.60554331,0.72041241,0.29511388,0.65866376,-0.69214872,-0.89363558,0.44663111,0.04400133,0.00775114,-0.04380822,-0.01145024
0.338337503,0.604400436,0.721268233,0.295999182,0.659211761,-0.691248398,-0.893259332,0.447370067,0.0441340255,0.000417787815,-0.0528122187,-0.0212589353
0.33893436,0.60376191,0.72152272,0.29631812,0.65937697,-0.6909541,-0.89292723,0.44798834,0.04457992,-0.02155596,-0.0232842,-0.01896264
0.33922446,0.60349738,0.72160771,0.29630752,0.65949618,-0.69084488,-0.8928206,0.44816927,0.04489642,-0.01936712,-0.01893342,0.00130074
0.33995989,0.60279259,0.72185058,0.29612448,0.65990912,-0.69052892,-0.89260151,0.44850974,0.04584099,0.02646885,-0.04408395,0.00474248
0.34133013,0.60335924,0.72072975,0.29568598,0.65892642,-0.69165438,-0.89222394,0.44919217,0.04650657,0.00380881,-0.02291834,-0.02498035
0.34186234,0.60413513,0.71982691,0.29550912,0.65801235,-0.69259949,-0.89207869,0.44948908,0.0464222,-0.02511673,-0.00497794,-0.02320774
0.34289858,0.60466042,0.71889235,0.29511645,0.65720086,-0.69353676,-0.89181092,0.44996971,0.04690801,-0.01520072,0.0098902,-0.01436414
0.34416108,0.60423021,0.71865082,0.29447676,0.6573239,-0.6936921,-0.89153608,0.45036779,0.04829355,0.02879096,-0.028274,-0.02068664
0.3450363,0.60418104,0.71827227,0.29400019,0.65718506,-0.69402565,-0.89135497,0.4506362,0.04912336,0.04076366,-0.03102839,-0.02657721
0.34885757,0.60892373,0.71239748,0.29183887,0.65177241,-0.70001624,-0.89057754,0.45211122,0.04966813,-0.03250954,0.02303994,-0.02343205
0.34959361,0.60995034,0.71115736,0.29141275,0.65061031,-0.70127368,-0.89042844,0.4524011,0.04970191,-0.05404432,0.0322119,-0.02343142
0.35061721,0.61040928,0.71025904,0.29059557,0.65005887,-0.70212363,-0.89029299,0.45257473,0.0505396,-0.00240681,-0.00928956,-0.0130445
0.35167765,0.6104819,0.70967223,0.28956527,0.64997748,-0.70262453,-0.89021052,0.45259377,0.05180819,0.00158946,0.00336075,-0.01758723
0.35212045,0.61059201,0.70935782,0.28904655,0.64990916,-0.70290123,-0.89020403,0.45254332,0.05235679,0.01118103,0.00691819,-0.02116002
0.35308232,0.61067048,0.70881193,0.28803069,0.64986289,-0.70336086,-0.89015229,0.45250385,0.05356326,0.0296121,-0.00301296,-0.00907682
0.35390548,0.61182398,0.7074053,0.28706696,0.64878985,-0.7047441,-0.89013673,0.45248547,0.05397584,0.01050461,0.01012647,-0.01859285
0.3543452,0.61234315,0.70673574,0.2867174,0.64822695,-0.70540412,-0.89007453,0.45259,0.05412667,-0.01130108,0.0209862,-0.00988014
0.35491634,0.61329024,0.70562699,0.28613713,0.64728489,-0.70650392,-0.89003365,0.45265586,0.05424687,-0.00341402,0.00934243,-0.00202045
0.35571725,0.61408433,0.70453224,0.28562102,0.64634257,-0.70757468,-0.8898797,0.45292574,0.05451981,0.01102465,0.02079976,-0.01467563
0.35627157,0.61423955,0.70411665,0.2852863,0.64607341,-0.70795539,-0.88976525,0.45309919,0.05494346,0.01214557,0.02082956,-0.01065364
0.35728331,0.61463694,0.70325682,0.28473481,0.64543547,-0.70875891,-0.88953629,0.45346945,0.05559478,0.01545215,0.01182985,-0.0172396
0.35767929,0.61548062,0.70231688,0.284524,0.64448777,-0.70970524,-0.88944448,0.45367284,0.05540093,-0.01633889,0.02629471,-0.0155816
0.35858447,0.61463227,0.7025983,0.28434198,0.6449709,-0.70933926,-0.88913825,0.45413623,0.05651079,0.0133239,0.01610017,-0.02932834
0.35895282,0.61398169,0.70297878,0.28438758,0.64541413,-0.70891762,-0.88897491,0.45438637,0.05706446,-0.00403244,0.01653814,-0.01217984
0.35851534,0.6142513,0.70296649,0.28538805,0.64485621,-0.70902329,-0.88883081,0.45481392,0.05589087,0.03207275,-0.00659007,-0.01515486
0.35876294,0.61477595,0.70238147,0.28575406,0.64401121,-0.70964372,-0.88861343,0.45530223,0.05537263,-0.00720338,0.02649355,-0.02217441
0.35874476,0.61485703,0.70231969,0.28606564,0.64377899,-0.70972883,-0.88852043,0.45552102,0.05506287,-0.00521268,0.01293314,-0.01892988
0.35849866,0.61476281,0.7025278,0.2865894,0.64373309,-0.70955914,-0.88845098,0.45571301,0.05459295,0.01284732,0.00301886,-0.00692799
0.35851841,0.61486878,0.70242499,0.28685999,0.64347698,-0.70968211,-0.88835569,0.45593172,0.05431709,0.00928808,0.00612229,-0.0103249
0.358498663,0.615032739,0.702291584,0.286930769,0.643285211,-0.709827365,-0.888340854,0.455981232,0.0541450702,0.0111286361,0.000356137753,-0.0144720348
0.35845914,0.61527957,0.70209548,0.28696985,0.64303611,-0.71003722,-0.88834414,0.45599956,0.05393549,0.01363765,-0.00357157,-0.02082485
0.35847736,0.61533328,0.7020391,0.28682894,0.64304465,-0.71008641,-0.88838229,0.45591503,0.05402156,0.00374354,0.01072764,-0.01459491
0.35843937,0.6152547,0.70212745,0.28680178,0.64315778,-0.70999497,-0.88840646,0.45586157,0.05407693,,,
0.35823114,0.61496945,0.70248348,0.28701133,0.64344655,-0.70964853,-0.88842273,0.45583892,0.05399939,0.00680667,-0.01185453,-0.01758339
0.35815654,0.61478324,0.70268442,0.28726586,0.64354264,-0.70945835,-0.8883705,0.45595438,0.05388277,0.00304731,-0.01068026,-0.01831934
0.35809879,0.61489546,0.7026156,0.28734351,0.6434194,-0.70953866,-0.88836863,0.45597694,0.0537215,0.00210152,-0.00897372,-0.0063238
0.35779025,0.61548563,0.70225603,0.2876321,0.64283498,-0.70995137,-0.88839961,0.45600505,0.05296666,0.00460017,-0.00929165,-0.01117552
0.35757582,0.61609765,0.70182844,0.28759549,0.64234598,-0.71040864,-0.88849778,0.45586763,0.05250049,-0.01504724,0.01480865,-0.01797901
0.35736439,0.61616673,0.70187553,0.2875625,0.64240275,-0.71037069,-0.88859355,0.45569427,0.05238542,-0.01134679,0.01097083,-0.01195522
0.35698396,0.61567685,0.70249865,0.28766527,0.64304265,-0.7097498,-0.88871313,0.45545373,0.05244707,0.00755323,-0.01911455,-0.00591529
0.35681198,0.61557992,0.70267094,0.28769521,0.64321422,-0.70958218,-0.8887725,0.45534247,0.05240715,0.00897764,-0.00346732,-0.01070311
0.35681051,0.61571646,0.70255199,0.28752279,0.6431654,-0.70969627,-0.88882883,0.45522676,0.05245567,0.00268086,0.00461531,-0.00690459
0.35681051,0.61571646,0.70255199,0.28752279,0.6431654,-0.70969627,-0.88882883,0.45522676,0.05245567,0.00268086,0.00461531,-0.00690459
0.35730144,0.61590626,0.70213614,0.28613229,0.64343124,-0.71001729,-0.88908042,0.45459402,0.05366823,0.01099676,-0.01065087,-0.01734895
0.35735584,0.61606721,0.70196711,0.28570938,0.64345647,-0.71016465,-0.88919445,0.45434004,0.05392676,-0.00175603,-0.00374949,-0.01757483
0.35717834,0.61608323,0.70204352,0.2848456,0.64397283,-0.71004365,-0.88954293,0.45358622,0.05452455,0.00126115,-0.01487249,-0.00914984
0.35732816,0.61577903,0.70223403,0.28382478,0.64472328,-0.70977131,-0.88980893,0.45293267,0.05560444,-0.00124477,-0.00153321,-0.00697487
0.35726821,0.6156768,0.70235419,0.28328513,0.64513194,-0.70961557,-0.89000498,0.45248956,0.05607305,0.00423745,-0.00336987,-0.00795229
0.3570523,0.6155325,0.70259048,0.28229004,0.64589372,-0.70931914,-0.89040776,0.45159832,0.05685915,0.01206809,-0.01873457,-0.00955954
0.35671546,0.61599375,0.70235729,0.28124167,0.64613121,-0.70951925,-0.89087439,0.45062861,0.05724188,0.00458168,-0.00856423,-0.00571278
0.35667015,0.61629791,0.70211343,0.28066147,0.6461403,-0.70974068,-0.89107548,0.45019949,0.05748788,0.00531188,-0.00804079,-0.00822185
0.356769972,0.616812754,0.701610451,0.27936552,0.646222579,-0.710176943,-0.89144271,0.449375579,0.0582365947,0.000816287822,0.00123900175,-0.00937729608
0.35667673,0.61739366,0.70114668,0.27816995,0.64628371,-0.71059045,-0.89185373,0.44848899,0.05877401,0.00318795,0.00116336,-0.01326804
0.3565338,0.61767668,0.70097019,0.27757103,0.64637059,-0.71074567,-0.89209754,0.44797389,0.05900381,0.00586027,0.00609499,-0.00981813
0.35632554,0.61815566,0.70065375,0.2764637,0.64654603,-0.71101761,-0.89252447,0.44705906,0.05948326,-0.00265383,0.01020139,-0.00688258
0.3562531,0.61835501,0.70051467,0.27526546,0.64697993,-0.71108782,-0.89292365,0.44615473,0.06027684,0.00187386,0.0079006,-0.014552
0.35612928,0.61858184,0.70037731,0.27473191,0.64707883,-0.71120415,-0.89313731,0.4456966,0.06049955,-0.00681449,0.00818151,-0.01295943
0.35571403,0.61872012,0.70046612,0.27376394,0.6476309,-0.71107484,-0.89359984,0.44470163,0.06098815,0.00664764,-0.0031653,-0.01250867
0.35550641,0.61906197,0.70026953,0.27282818,0.64785376,-0.71123151,-0.89396864,0.44390061,0.06141862,0.01614866,-0.0087797,-0.01497278
0.35547299,0.61963473,0.69977973,0.27238027,0.64751081,-0.71171532,-0.89411848,0.44360174,0.06139634,0.00558357,-0.0058006,-0.01365195
0.35497952,0.62107566,0.69875212,0.27162391,0.64666706,-0.71277075,-0.89454455,0.44281679,0.06085456,-0.01621605,0.00548226,-0.00997332
0.35432913,0.62217452,0.69810437,0.27037657,0.6464896,-0.7134057,-0.89518007,0.44153148,0.06084869,0.00985102,-0.01431912,-0.01850997
0.35383551,0.62312645,0.69750537,0.26934554,0.64627244,-0.7139922,-0.89568594,0.44050573,0.06083781,-0.01073402,-0.00115538,-0.02463705
0.35330819,0.62356733,0.69737867,0.26807982,0.64670751,-0.71407462,-0.89627364,0.43924154,0.06132125,0.01013759,-0.00878435,-0.00957752
0.35309979,0.62390552,0.69718173,0.26748855,0.6467552,-0.71425314,-0.8965324,0.43869075,0.06148154,0.01023528,-0.01785314,-0.01830388
0.35271288,0.62484958,0.69653166,0.26622968,0.64659599,-0.71486728,-0.89705915,0.43758025,0.06170924,-0.01383991,0.00957513,-0.02453948
0.35210103,0.62529407,0.69644247,0.26476745,0.6471573,-0.7149025,-0.89773213,0.43611319,0.06230724,-0.00491748,-0.00473815,-0.02079719
0.35188138,0.6250928,0.69673406,0.26404053,0.64782598,-0.71456562,-0.89803227,0.43540834,0.06290808,0.0178007,-0.01974672,-0.02285974
0.35159866,0.62524799,0.69673758,0.26245234,0.64857575,-0.71447059,-0.89860841,0.43406729,0.06394057,0.01111089,-0.01568115,-0.01530703
0.35138997,0.6262885,0.69590786,0.26095085,0.64833498,-0.71523868,-0.89912718,0.43292544,0.06438789,-0.00183479,-0.01491916,0.00384827
0.35125873,0.62710603,0.69523762,0.26027256,0.64788528,-0.71589306,-0.89937507,0.43241497,0.06435687,-0.00739439,-0.01119268,-0.01612535
0.35097817,0.6284445,0.69416977,0.2587454,0.64737689,-0.71690578,-0.89992499,0.43123148,0.06460804,-0.01912844,0.00503504,-0.02058601
0.35071752,0.6289738,0.69382209,0.25721747,0.64768973,-0.71717302,-0.90046449,0.42998829,0.06537309,-0.01319959,-0.01613581,-0.01003832
0.3504428,0.62925935,0.69370191,0.2564949,0.6478747,-0.71726469,-0.90077746,0.42929121,0.06564122,-0.01609014,-0.02370942,-0.01097705
0.34930843,0.63047732,0.693168,0.25559955,0.64759855,-0.7178335,-0.90147235,0.4279187,0.06506192,-0.03149776,-0.04349619,-0.0096551
0.34785192,0.63224559,0.69228927,0.25496663,0.64678028,-0.71879568,-0.90221446,0.42654509,0.06378224,-0.01497384,-0.0733822,-0.02231128
0.34701714,0.63354871,0.69151647,0.25485972,0.64588611,-0.71963714,-0.90256608,0.42596609,0.06266751,-0.02062801,-0.07480514,-0.03364031
0.34446279,0.63739551,0.68925493,0.25511115,0.64300711,-0.72212199,-0.90347313,0.42458077,0.05888532,-0.07296265,-0.05979997,-0.04223958
0.34146881,0.64034413,0.68801051,0.25544431,0.64122883,-0.723584,-0.90451493,0.42282974,0.05538738,-0.0543991,-0.07439852,-0.0382658
0.33998348,0.64129515,0.68786029,0.25545246,0.64095389,-0.72382467,-0.90507198,0.42180404,0.05409331,-0.03928781,-0.09109664,-0.04671374
0.33702205,0.64366888,0.68710009,0.25532853,0.63996015,-0.7247471,-0.90621383,0.41969202,0.05133366,-0.02299762,-0.15229905,-0.05978521
0.3334069,0.64849912,0.6843162,0.25532843,0.63661153,-0.72769026,-0.90755009,0.41734232,0.04667042,-0.06143912,-0.15498185,-0.08222599
