0,1,2,3,4,5,6,7,8,9,10,11
-0.53234247,-0.80728359,0.25476351,-0.74706675,0.58955318,0.30711277,-0.39812375,-0.02683615,-0.91693892,-0.12101629,0.03507852,-0.03392355
-0.54978554,-0.80026497,0.23939871,-0.73060781,0.59962853,0.3265851,-0.40490492,0.00464521,-0.91434693,-0.12531425,-0.01255476,-0.02802662
-0.56582183,-0.79315587,0.22527571,-0.71457853,0.60802529,0.34595189,-0.41136712,0.03476998,-0.91080613,-0.10161764,-0.01575523,-0.02958561
-0.573458076,-0.789580758,0.218421076,-0.70674475,0.611645799,0.355529467,-0.414315579,0.0495133335,-0.908785274,-0.102425039,-0.000137090668,-0.0155135468
-0.58816826,-0.782119545,0.205783578,-0.691139774,0.618235587,0.374313392,-0.419980567,0.0779340746,-0.90418047,-0.121146105,0.00842070486,0.000240385532
-0.6020226,-0.77410984,0.19576115,-0.67558368,0.62450385,0.39189483,-0.42562326,0.10367656,-0.8989414,-0.13015231,-0.03635597,0.01161488
-0.608475354,-0.770025138,0.191882283,-0.667813516,0.627476419,0.400372826,-0.428698765,0.11547545,-0.896037125,-0.118352614,-0.0620167218,0.000433795154
-0.62039979,-0.7618711,0.18616285,-0.65248584,0.63309287,0.41648009,-0.43516251,0.13691552,-0.88988079,-0.11538069,-0.10196685,0.001124
-0.63125229,-0.75382026,0.18241652,-0.63780452,0.63837542,0.43090866,-0.44127788,0.15566595,-0.88376592,-0.12553634,-0.10576152,-0.01528206
-0.63639058,-0.74986623,0.18085193,-0.63062613,0.640791,0.43783276,-0.44420431,0.16458273,-0.88067859,-0.132108,-0.09893262,-0.01602823
-0.64591868,-0.74214266,0.17892204,-0.61678045,0.64543362,0.45055218,-0.44985631,0.1806645,-0.8746367,-0.155798,-0.13789992,-0.00779788
-0.65405756,-0.7350853,0.17848903,-0.60401018,0.64955858,0.46178497,-0.45539042,0.19422475,-0.8688477,-0.16674247,-0.17085455,0.00364706
-0.65740322,-0.7319317,0.17915671,-0.59826923,0.65152756,0.46646092,-0.45814306,0.19946893,-0.86620854,-0.17960745,-0.19661956,0.01389939
-0.66279946,-0.72622877,0.18245202,-0.58809398,0.65569112,0.4735131,-0.463511,0.20654527,-0.86168249,-0.20056541,-0.24054061,0.00956423
-0.66614625,-0.72158388,0.18858861,-0.58025232,0.66028458,0.4767929,-0.46856824,0.20818487,-0.85854681,-0.22398409,-0.26322141,0.00246236
-0.66698879,-0.71969713,0.19277467,-0.57729533,0.66276658,0.47693876,-0.47101606,0.20682488,-0.85753567,-0.22085716,-0.27636591,-0.00445385
-0.66748458,-0.71671687,0.20194358,-0.57311768,0.66763727,0.47518059,-0.47539501,0.20143829,-0.85640069,-0.15187927,-0.22512637,-0.02679642
-0.66625689,-0.71580478,0.20910571,-0.5718691,0.67039915,0.47279032,-0.47860987,0.19541873,-0.85600469,-0.13212292,-0.21050392,-0.04476504
-0.66512625,-0.7163037,0.21098762,-0.57239859,0.67052285,0.47197341,-0.47954834,0.19315295,-0.85599356,-0.13014446,-0.21655951,-0.0347851
-0.65682074,-0.72406216,0.21052459,-0.5821999,0.66439274,0.46864228,-0.47919714,0.18524655,-0.85793585,-0.15794438,-0.26513436,-0.01093949
-0.65383766,-0.72705191,0.20950366,-0.58618841,0.66181753,0.46731221,-0.47841343,0.18273771,-0.85891063,-0.17628163,-0.2687678,0.00327984
-0.64681083,-0.73357372,0.20857933,-0.59593936,0.65681781,0.46200285,-0.47591177,0.17452782,-0.86200233,-0.21023048,-0.26082489,-0.00094914
-0.63774389,-0.74108892,0.20992741,-0.6085493,0.65186227,0.45248563,-0.47217587,0.16081885,-0.86671031,-0.15290362,-0.14191847,-0.01857777
-0.63278912,-0.74509806,0.21072956,-0.61570597,0.64920449,0.44658674,-0.46955748,0.15284776,-0.86957086,-0.1227119,-0.06741857,-0.03845864
-0.61351034,-0.76227337,0.20626278,-0.64539666,0.6345158,0.42526796,-0.45504744,0.12778499,-0.88125069,-0.02494919,0.02635252,-0.11425767
-0.60848058,-0.7673059,0.20246718,-0.65354,0.62925283,0.4206261,-0.45015194,0.12362243,-0.88435323,0.0374898,0.0500524,-0.09903605
-0.59830612,-0.77836506,0.19020417,-0.67083834,0.61641117,0.41232657,-0.43818457,0.11910126,-0.89095969,0.17124175,0.13691352,-0.05786617
-0.58924357,-0.78947216,0.17183052,-0.68792244,0.60176423,0.40576168,-0.42373901,0.12088639,-0.89768131,0.2029942,0.20046543,0.00174767
-0.58543812,-0.79438619,0.16190302,-0.69564695,0.59478073,0.40287858,-0.416338,0.12323317,-0.90081964,0.17614222,0.19301854,0.01636493
-0.57998883,-0.80183946,0.14375867,-0.70836086,0.58356535,0.39708488,-0.40229089,0.12847176,-0.90645308,0.20693319,0.22895192,0.0360258
-0.5776633,-0.80616321,0.1280853,-0.71766449,0.57635088,0.39086736,-0.38892498,0.13386748,-0.91149146,0.30002633,0.31152734,0.03874098
-0.58071107,-0.80740163,0.10429328,-0.72509704,0.57120188,0.38465913,-0.37014694,0.14775309,-0.91714778,0.33396083,0.33115169,0.00548359
-0.58721724,-0.80478415,0.08659323,-0.72542373,0.57071185,0.38477057,-0.35907704,0.16312713,-0.91894136,0.31429619,0.34010729,-0.00855283
-0.59163981,-0.80251693,0.07699561,-0.72416838,0.57098295,0.3867279,-0.35431892,0.17304593,-0.91897361,0.29195878,0.32995757,-0.0234293
-0.60227607,-0.7962569,0.05690609,-0.71906163,0.57208423,0.39455033,-0.34671852,0.19670927,-0.91711042,0.20385396,0.27890465,-0.00685653
-0.61516507,-0.78738522,0.03995232,-0.71018933,0.57543401,0.40559431,-0.34234892,0.22113379,-0.91317947,0.13155365,0.24535142,0.00524404
-0.62226616,-0.78210189,0.03318621,-0.70433039,0.57788234,0.412275,-0.34161879,0.23317076,-0.91045474,0.10875809,0.23045264,-0.00477418
-0.63753159,-0.7700881,0.02275627,-0.69018992,0.58401256,0.42727886,-0.34233231,0.25669761,-0.9038335,0.05537341,0.20484184,0.01592452
-0.65375897,-0.7565198,0.01665496,-0.67320379,0.59152853,0.44372373,-0.34553763,0.2788761,-0.89600911,0.01089128,0.18581127,0.05388926
-0.66194681,-0.74939513,0.01527549,-0.66383503,0.59559091,0.45232125,-0.34806529,0.28927221,-0.89172424,-0.00363624,0.18622039,0.05801311
-0.67836713,-0.73457073,0.01497026,-0.64343642,0.60379528,0.47055381,-0.354694,0.30957577,-0.88224444,-0.03094902,0.18623231,0.05224388
-0.69461992,-0.71916966,0.01727427,-0.62102361,0.6115981,0.49018107,-0.36308824,0.32976175,-0.87144958,-0.07347336,0.17394887,0.05219204
-0.70261146,-0.71131605,0.01915552,-0.60924352,0.61526016,0.50027727,-0.36764084,0.33983009,-0.86565355,-0.08916709,0.15816925,0.06464165
-0.71818737,-0.69542092,0.02442782,-0.5846623,0.62209452,0.52073834,-0.37732874,0.35970566,-0.85336682,-0.07779099,0.11300146,0.06796151
-0.73316965,-0.67935448,0.03065207,-0.55916991,0.62789106,0.54137029,-0.38702852,0.3797766,-0.84022523,-0.07154565,0.09117293,0.04737678
-0.75452946,-0.6549989,0.04076001,-0.52026459,0.63486696,0.57119929,-0.40001213,0.4097808,-0.81979853,-0.10745776,0.06302582,0.02561341
-0.76776385,-0.63893063,0.04802538,-0.49416816,0.63818564,0.59035324,-0.40784386,0.42951923,-0.80571505,-0.10372232,0.04142117,0.00238154
-0.78598834,-0.61542069,0.05899003,-0.45477046,0.64016259,0.61917341,-0.41881533,0.45983612,-0.78303549,-0.12118611,-0.00357199,-0.01887618
-0.79704338,-0.60026624,0.06634815,-0.42876661,0.63982029,0.63780024,-0.42530087,0.47990665,-0.76733862,-0.13452812,-0.02700066,-0.01491337
-0.80224762,-0.59283662,0.0703077,-0.4158826,0.63947328,0.64661854,-0.42829908,0.48950853,-0.75956632,-0.12272809,-0.03293615,-0.01282214
-0.81202996,-0.57828699,0.07868673,-0.39059254,0.63867876,0.66296827,-0.43364146,0.50761561,-0.74450089,-0.08700193,-0.04449415,-0.00380334
-0.82097878,-0.56408064,0.08835812,-0.36561973,0.63825164,0.67746374,-0.43853887,0.52387779,-0.7302301,-0.10003644,-0.08701658,0.00846155
-0.82522871,-0.55696413,0.09374678,-0.35311339,0.63832147,0.68400045,-0.4408043,0.53135359,-0.72343269,-0.10162614,-0.08209448,-0.0147544
-0.83316849,-0.54298518,0.10486745,-0.32825135,0.63817447,0.69640818,-0.44506307,0.54580253,-0.70994246,-0.10505258,-0.04606813,-0.02938607
-0.84040047,-0.52936288,0.1161978,-0.30374822,0.63761806,0.70794083,-0.44884742,0.55965895,-0.69664754,-0.09617934,-0.05739343,-0.02892089
-0.84377256,-0.52268078,0.12187128,-0.29166083,0.63717416,0.71340244,-0.45053498,0.56640434,-0.69007557,-0.09228904,-0.04202115,-0.02121167
-0.84986084,-0.50981369,0.13351498,-0.26789713,0.63609251,0.72361411,-0.45383628,0.57920313,-0.6771677,-0.0544642,-0.06071055,0.01419428
-0.85532677,-0.49717717,0.14570864,-0.24472523,0.63560421,0.73220001,-0.45664615,0.59061168,-0.6653211,-0.09284275,-0.05790299,0.00522243
-0.85782601,-0.49088785,0.15219596,-0.23318614,0.63565614,0.73591133,-0.45799423,0.59579391,-0.6597506,-0.09502694,-0.04577309,-0.01947116
-0.86244083,-0.47838873,0.16534827,-0.20997626,0.6353869,0.7430972,-0.46054945,0.60615815,-0.64843389,-0.09261145,-0.0152415,-0.04659953
-0.86645148,-0.46663658,0.17751537,-0.18739438,0.63352591,0.75068514,-0.46275777,0.61716702,-0.63636447,-0.07217003,-0.00555921,-0.01566694
-0.868252,-0.46108116,0.18314676,-0.17654943,0.63214129,0.75447181,-0.46364736,0.62273716,-0.63026158,-0.07215415,-0.02421635,-0.0086309
-0.87153104,-0.45007016,0.19460344,-0.15466524,0.62893925,0.76191475,-0.46530883,0.63393397,-0.61775028,-0.0635115,-0.05714076,-0.01009967
-0.87440274,-0.43891464,0.20681761,-0.13245034,0.62598717,0.76850304,-0.46677242,0.6445882,-0.60549925,-0.06760833,-0.03696793,-0.02164185
-0.87566843,-0.43335216,0.21309756,-0.12133574,0.62455815,0.77149513,-0.46742091,0.64971763,-0.59948694,-0.05222537,-0.02177334,-0.02414431
-0.87798193,-0.42232624,0.22536197,-0.09945474,0.62144527,0.77711934,-0.46824803,0.65988352,-0.58762002,-0.06865259,-0.01679855,-0.02457683
-0.88003684,-0.41146243,0.23713608,-0.07790787,0.61765188,0.7825832,-0.46847115,0.67022739,-0.57561251,-0.07431301,-0.03708851,-0.01741139
-0.880914,-0.40612177,0.24301279,-0.0671767,0.61556594,0.78521702,-0.46848415,0.67538403,-0.56954251,-0.06930336,-0.04434776,-0.01800223
-0.88231122,-0.39555271,0.25507884,-0.04559231,0.61123098,0.79013801,-0.46845331,0.6855179,-0.55733016,-0.06236929,-0.03429746,-0.02910479
-0.88345223,-0.38493497,0.26708965,-0.02391617,0.60637811,0.79481667,-0.46791007,0.69579493,-0.5449122,-0.05565817,-0.00728053,-0.01166861
-0.88454105,-0.36911032,0.28520952,0.00798726,0.59935662,0.80044225,-0.46639373,0.71030217,-0.5272073,-0.07558925,-0.06191593,-0.00653813
-0.8845912,-0.35830255,0.29852576,0.03011895,0.59488147,0.80324895,-0.46539359,0.71953826,-0.5154352,-0.07775798,-0.0669074,-0.02012776
-0.88440538,-0.35280852,0.30553795,0.04140442,0.59275899,0.80431492,-0.46487951,0.723991,-0.50963145,-0.06083907,-0.04747438,-0.0126106
-0.88369325,-0.34193566,0.31963467,0.06355414,0.58890417,0.80570017,-0.46373181,0.73230588,-0.49867923,-0.04604135,-0.0097022,0.01260598
-0.88267794,-0.33104736,0.33359726,0.08528075,0.58521017,0.80638466,-0.46217602,0.74022744,-0.4883201,-0.06035171,-0.0301854,0.00694059
-0.88193152,-0.3256516,0.34080477,0.09638132,0.58314438,0.80663082,-0.461419,0.74424034,-0.48290669,-0.0683264,-0.03721141,-0.01083896
-0.87982268,-0.31552838,0.35546293,0.1188308,0.57809371,0.80727127,-0.46020788,0.75249551,-0.47112547,-0.06162376,-0.03920054,-0.02689099
-0.87708729,-0.30644275,0.3698787,0.14101686,0.57183775,0.80815576,-0.45916409,0.76098247,-0.45833792,-0.05001774,-0.03406512,0.00767091
-0.87560061,-0.30206602,0.37693421,0.15186394,0.56862623,0.80845624,-0.45854184,0.76512762,-0.45201647,-0.05091815,-0.02864611,0.02302894
-0.87227534,-0.29349506,0.3911479,0.17327246,0.56247556,0.80845406,-0.4572884,0.77296957,-0.43977901,-0.06057436,-0.04180717,0.0210952
-0.86837158,-0.28487917,0.40592384,0.19477293,0.5568402,0.80746045,-0.45606338,0.7802389,-0.42805734,-0.06312205,-0.05218601,0.00376236
-0.8661784,-0.28044712,0.41362378,0.20571564,0.55420583,0.80655876,-0.45542979,0.78371255,-0.42234881,-0.05527713,-0.03873992,0.0029216
-0.86160193,-0.27158467,0.42881717,0.22728804,0.54895872,0.80435349,-0.453853,0.79049741,-0.41125601,-0.03663688,-0.02869177,0.02004397
-0.85655336,-0.26315468,0.4439208,0.24849349,0.54359997,0.8017169,-0.45229089,0.79702486,-0.40023008,-0.04652647,-0.08046519,-0.00916845
-0.85380492,-0.25912,0.4515242,0.25904793,0.54085683,0.80023002,-0.45156555,0.80020669,-0.39466176,-0.05551426,-0.08459484,-0.00432085
-0.84147877,-0.2427721,0.48267466,0.3010639,0.53112133,0.79200415,-0.44863531,0.81177075,-0.37383732,-0.03646578,-0.03744572,0.0429768
-0.8382519,-0.23837112,0.4904213,0.31127104,0.52926989,0.78929319,-0.44770993,0.81428043,-0.3694635,-0.03591371,-0.04868763,0.03282863
-0.83155977,-0.2295484,0.50578191,0.3314427,0.52563667,0.78348688,-0.44570567,0.81915412,-0.36101603,-0.04236498,-0.08197831,-0.01619078
-0.82429088,-0.22156007,0.5210142,0.35135212,0.52142382,0.77760461,-0.44395534,0.82403178,-0.35195933,-0.03876396,-0.03238028,-0.01046929
-0.82073577,-0.21787236,0.52813295,0.36078628,0.51911374,0.77482525,-0.44297408,0.82646993,-0.34744986,-0.03670981,0.00845778,0.0289861
-0.81407585,-0.21078056,0.5411581,0.37827231,0.51459897,0.76947902,-0.44067062,0.8311194,-0.33919016,-0.04090422,0.00529361,0.04456896
-0.80793925,-0.20437259,0.55268975,0.39417021,0.50975713,0.76470746,-0.43802279,0.83569103,-0.3312952,-0.04104771,-0.06157994,-0.02740374
-0.80473857,-0.20177906,0.55828419,0.40204827,0.50666849,0.76265607,-0.43675304,0.83819586,-0.3266108,-0.0336163,-0.06798875,-0.05319538
-0.79841334,-0.19761681,0.56875585,0.41715797,0.49960598,0.7591923,-0.43418296,0.84341053,-0.31645451,-0.01713759,-0.03894233,0.01003892
-0.79186215,-0.19331662,0.57929534,0.43211391,0.49294111,0.75517326,-0.43154603,0.84831466,-0.30680663,-0.03431734,-0.06519496,0.02944949
-0.78821702,-0.1907799,0.58507834,0.4400148,0.48995458,0.75254993,-0.4302332,0.85061593,-0.30224447,-0.03803715,-0.09331679,0.01922386
-0.7795183,-0.18577767,0.59819528,0.45698443,0.48446538,0.74596142,-0.42838787,0.85485664,-0.29275205,-0.059611,-0.09302603,-0.02785395
-0.76941293,-0.1815866,0.6123966,0.47485403,0.47863296,0.73852827,-0.42722001,0.8590324,-0.28203912,-0.07865243,-0.00611877,0.02168432
-0.76426063,-0.17924899,0.61949596,0.48369507,0.47602867,0.73446287,-0.42654955,0.86096831,-0.27710806,-0.07741197,-0.01534206,0.05650453
-0.75350832,-0.17370102,0.63407659,0.50156822,0.4716447,0.72524519,-0.42503469,0.86451098,-0.26826528,-0.07492292,-0.04737436,0.02410775
-0.7411433,-0.16809217,0.64996262,0.52077448,0.46703242,0.71461499,-0.42367478,0.86811616,-0.25859976,-0.06585859,-0.04278254,-0.02399086
-0.73426488,-0.16594823,0.65826752,0.53087044,0.46400802,0.70913546,-0.42312117,0.87014809,-0.25260774,-0.07132535,-0.00913656,-0.02522397
-0.720040638,-0.162467792,0.674644922,0.550750313,0.457648387,0.698020107,-0.422155952,0.874163711,-0.240046272,-0.0868804306,0.000349879236,0.0361025855
-0.70549001,-0.15963028,0.69050836,0.56978633,0.45164241,0.68655852,-0.42145837,0.8778025,-0.22767399,-0.11185011,-0.02182054,0.01157412
-0.69778838,-0.15852476,0.69854227,0.57939842,0.44849279,0.6805525,-0.42117559,0.8796159,-0.22110407,-0.10983282,-0.01459694,-0.02367444
-0.68124998,-0.15849266,0.71468776,0.59909665,0.44033907,0.66871872,-0.42069196,0.88373163,-0.20502858,-0.07983281,0.01946556,-0.03123487
-0.66428589,-0.15960941,0.73023899,0.61861016,0.43098766,0.65694069,-0.4195779,0.88812974,-0.18756298,-0.07084206,-0.0477854,0.06521201
-0.65564149,-0.15974433,0.73798094,0.62834133,0.42655491,0.65056747,-0.41871384,0.89024301,-0.17929309,-0.07179282,-0.0829448,0.05302848
-0.63718399,-0.15934916,0.75405847,0.64820965,0.41846173,0.63617132,-0.41691795,0.89414627,-0.16334538,-0.06234255,-0.06087768,-0.02140002
-0.61713507,-0.16049193,0.77031581,0.66841295,0.40961529,0.62083764,-0.41517255,0.89802983,-0.14551301,-0.03653064,-0.01977682,-0.04322932
-0.60687572,-0.16176298,0.77816118,0.67836017,0.40476292,0.61318393,-0.41416128,0.89999989,-0.1359073,-0.03532601,-0.02792561,-0.00288398
-0.58612266,-0.16368462,0.79351572,0.69780405,0.39572097,0.59705467,-0.41173943,0.90366593,-0.1177211,-0.03840888,-0.10183626,0.06117961
-0.56513491,-0.16409978,0.80851334,0.71648561,0.38821251,0.57960282,-0.40898769,0.90684195,-0.10181731,-0.00119357,-0.06399976,-0.00498024
-0.55440572,-0.16457529,0.81581213,0.72557257,0.38456629,0.57066039,-0.40765047,0.90830821,-0.09379449,-0.01219175,-0.06311595,-0.0430772
-0.53206421,-0.16692923,0.83008579,0.74361829,0.37668895,0.55239237,-0.4048946,0.91117513,-0.07629112,0.00094001,-0.10728478,0.00455578
-0.50894088,-0.16965329,0.84391758,0.76135577,0.3687214,0.53327469,-0.40164227,0.91392684,-0.05849086,0.05179577,-0.11005842,-0.05463044
-0.49692024,-0.17205261,0.85056921,0.770064,0.36446278,0.52361076,-0.40008939,0.91518561,-0.04861734,0.04033635,-0.09324425,-0.09050488
-0.47122606,-0.17822771,0.86381754,0.78772482,0.35553791,0.5030729,-0.39678139,0.91751164,-0.02714428,0.03460397,-0.09333818,0.04639408
-0.4450862,-0.182877,0.87661511,0.80479188,0.34759294,0.48113312,-0.39269337,0.91963854,-0.00753081,0.06698982,-0.10596763,0.03974464
-0.43205828,-0.1847879,0.88271122,0.81292987,0.34398644,0.46991315,-0.39047496,0.92061217,0.00159741,0.06583644,-0.06593,-0.00872212
-0.4057544,-0.18705497,0.89463612,0.82863967,0.33771741,0.44643393,-0.38564188,0.92247351,0.01797085,0.04476255,-0.07067,0.02440955
-0.37908029,-0.18785476,0.9060953,0.84368489,0.33206617,0.42181494,-0.38012353,0.92436066,0.0326105,0.02077523,-0.04917997,-0.00665745
-0.3651739,-0.18823727,0.91170965,0.85108367,0.3293421,0.40888902,-0.37723247,0.92525692,0.03993864,-0.02319565,-0.01006508,0.00346442
-0.33795716,-0.18820477,0.92215166,0.86487397,0.32432007,0.38315714,-0.37118425,0.92703578,0.05316721,-0.05556655,-0.0221129,0.01981225
-0.31215559,-0.18918439,0.93100374,0.87697034,0.31948525,0.35895975,-0.3653515,0.92851405,0.06618007,-0.00810346,-0.06526851,0.00255702
-0.29941546,-0.19005309,0.93500281,0.8826536,0.31695424,0.34707731,-0.36231623,0.92920388,0.07285003,0.03215691,-0.07651448,-0.01926665
-0.27269752,-0.19308916,0.94252459,0.89380933,0.31165792,0.32245033,-0.35600692,0.93036869,0.08759656,0.09235811,-0.05604457,-0.02883657
-0.24426564,-0.19627283,0.94963726,0.90452494,0.30686738,0.29608589,-0.34952623,0.93129437,0.10257665,0.09914875,-0.13111375,0.00271623
-0.22937645,-0.19767539,0.95305342,0.90992981,0.30408118,0.28206798,-0.3455635,0.9319115,0.11012169,0.10192313,-0.10921334,-0.00615611
-0.199036626,-0.201085854,0.959139715,0.920254734,0.298133184,0.25347166,-0.336920966,0.933102962,0.125710746,0.0821216181,-0.11127805,-0.000878037885
-0.16808479,-0.2051937,0.96417995,0.92974844,0.29203972,0.22423336,-0.3275901,0.93413506,0.14169111,0.10658607,-0.06267624,0.0114361
-0.15254155,-0.20740054,0.96628984,0.93403504,0.28926319,0.209536,-0.32296995,0.93451153,0.14959473,0.11753882,-0.04345137,0.02283247
-0.12169823,-0.2108373,0.96991596,0.94160309,0.28457261,0.18000531,-0.31396329,0.9351823,0.16389316,0.10121252,-0.06380975,0.04064432
-0.09167926,-0.21083096,0.97321376,0.947885,0.28100424,0.1501683,-0.30513725,0.93626214,0.17408133,0.03673749,-0.04679149,0.08131573
-0.0772045,-0.20986832,0.97467676,0.95054639,0.27948019,0.13547105,-0.30083394,0.93693444,0.17791243,0.02399011,-0.02620721,0.0714647
-0.05036963,-0.20689767,0.97706501,0.95474373,0.2771638,0.10790962,-0.29313323,0.93828217,0.18357371,0.02109276,0.02170849,0.07527336
-0.02896798,-0.20301247,0.97874753,0.95743261,0.27569672,0.08552235,-0.28719957,0.93956224,0.18638441,-0.03203129,0.0393517,0.0253011
-0.01991972,-0.2010803,0.97937219,0.95840551,0.27511128,0.07597789,-0.28471399,0.94014918,0.18723634,-0.02865341,0.00124979,-0.01650494
-0.00272020977,-0.199996601,0.979792831,0.960047208,0.27365017,0.0585232103,-0.279824928,0.940806551,0.191261778,0.037826106,0.000356078119,-0.0745733827
0.01338822,-0.20283942,0.97912035,0.96150056,0.27140511,0.04307844,-0.27447617,0.94084815,0.19866397,0.02512639,0.03618264,0.01262544
0.02035632,-0.20485839,0.97857996,0.962081,0.27030108,0.03657236,-0.2720034,0.94072867,0.20259266,-0.00812628,0.05687141,0.06146385
0.03041464,-0.20744263,0.97777418,0.96271684,0.26914453,0.02715497,-0.26879561,0.94049384,0.20789452,0.01418568,0.04219186,0.10179508
0.03590423,-0.20522617,0.97805566,0.96287836,0.26910784,0.02112013,-0.26753676,0.94099044,0.20727006,0.09702114,-0.02682209,0.00661118
0.03816808,-0.20341642,0.97834808,0.96307865,0.26859926,0.01827431,-0.26650087,0.94152865,0.20615793,0.12475061,-0.03549909,-0.05973674
0.0495253,-0.20682646,0.97712332,0.96437121,0.2644574,0.00709844,-0.25987561,0.94195808,0.21255485,0.21351951,-0.06278371,0.00253405
0.0560137172,-0.209972023,0.976101511,0.965180982,0.261581445,0.000882522644,-0.255515328,0.942065208,0.217313177,0.0738785118,-0.0471502505,0.0407180116
0.06071079,-0.2072417,0.97640408,0.96567169,0.25971887,-0.0049181,-0.25257128,0.94318443,0.21589525,0.06926019,-0.05647635,-0.02591622
0.06338508,-0.20545624,0.97661155,0.96594553,0.25861286,-0.00828675,-0.25086177,0.94387879,0.2148517,0.08095774,-0.06421285,-0.05006453
0.06919007,-0.20364419,0.97659702,0.96657874,0.25592399,-0.01511392,-0.24685673,0.94500367,0.21454556,0.09216991,-0.05763578,-0.0101782
0.07483604,-0.20369925,0.97616907,0.96706152,0.25365763,-0.02120651,-0.24329293,0.94560262,0.21597251,0.04374383,0.01531875,0.0307321
0.0772666,-0.20378988,0.97596081,0.96716398,0.25304261,-0.02373243,-0.24212322,0.94574789,0.21665,0.02612713,0.0143404,0.03481749
0.08192875,-0.20376077,0.97558664,0.96711514,0.25274521,-0.02842904,-0.24078215,0.94583373,0.21776719,0.03809167,-0.01748884,0.03191169
0.0864119,-0.20379612,0.97519233,0.96702275,0.25255486,-0.03290895,-0.23958282,0.94587692,0.21889926,0.05767039,-0.03724455,0.03755149
0.08840411,-0.20385096,0.97500227,0.96701589,0.25230988,-0.03492765,-0.23888264,0.94593047,0.21943238,0.04390515,-0.0347737,0.03592652
0.09162664,-0.20341347,0.97479609,0.96698295,0.25194361,-0.0383184,-0.23779912,0.94612224,0.21978216,0.02603808,0.01177883,0.03347972
0.0933487,-0.20334621,0.97464671,0.96676336,0.2525393,-0.03990486,-0.23802205,0.94597786,0.22016194,0.04639852,0.00725543,0.02583781
0.09359077,-0.20375958,0.97453724,0.96657314,0.25327198,-0.03987097,-0.2386989,0.94569306,0.22065244,0.06507038,-0.01243943,0.03511188
0.09340538,-0.20440305,0.97442023,0.96612935,0.2550784,-0.0391031,-0.24056075,0.94506844,0.2213055,0.10750861,-0.02614593,0.0320365
0.09265026,-0.20567075,0.97422549,0.96567171,0.25703349,-0.03757384,-0.24268067,0.9442633,0.22242472,0.0941781,-0.00918198,0.00310744
0.09206519,-0.20635079,0.97413727,0.96542819,0.25809113,-0.03657088,-0.24386979,0.94382646,0.22297804,0.09069446,-0.00251222,0.01254405
0.09021758,-0.20702959,0.9741661,0.96492924,0.26029324,-0.03404471,-0.24652061,0.94307276,0.22325191,0.05302813,-0.01184899,0.01972726
0.08759589,-0.20657515,0.97450164,0.96442418,0.26253083,-0.03103859,-0.24942484,0.94255191,0.22222279,0.03240464,-0.04214,-0.00566027
0.08648682,-0.20613507,0.974694,0.96419111,0.26352636,-0.0298225,-0.25071011,0.94237053,0.22154514,0.02634305,-0.04673797,-0.01317619
0.08486645,-0.20562399,0.97494433,0.96386235,0.26492229,-0.02802744,-0.25252137,0.94209073,0.22067624,0.00174332,-0.02557349,-0.02009334
0.08392996,-0.20584223,0.97497923,0.96357293,0.26610246,-0.02676715,-0.25393447,0.94171028,0.22067809,-0.01468457,0.00493598,0.01986068
0.08317411,-0.20605628,0.97499892,0.96344957,0.26664095,-0.02583698,-0.25465078,0.94151125,0.22070245,-0.02398068,0.01034009,0.02191058
0.08138737,-0.20587176,0.97518864,0.96310834,0.26806041,-0.02378901,-0.25651197,0.94114845,0.22009356,-0.06495351,0.0172559,0.0172849
0.0794109,-0.20482154,0.97557265,0.96279819,0.26933873,-0.02182336,-0.25828958,0.94101262,0.21859026,-0.08343013,0.02301442,-0.0092577
0.07829499,-0.20431398,0.97576925,0.9626358,0.27000658,-0.02070512,-0.25923375,0.94093155,0.21782015,-0.07165083,0.00879502,-0.01839211
0.07565817,-0.20374618,0.9760959,0.96236159,0.27117604,-0.0179894,-0.2610285,0.94071831,0.21659424,-0.02092393,-0.00454497,-0.02163156
0.07289661,-0.20428208,0.97619397,0.9622395,0.27179147,-0.01497834,-0.26226129,0.94042439,0.21638108,-0.00745326,0.00525153,-0.02581172
0.071743016,-0.205121187,0.976103672,0.962203265,0.271994508,-0.0135637075,-0.262712688,0.940183171,0.216881917,-0.00522523839,0.00022411345,-0.0142647037
0.06937467,-0.20753889,0.97576368,0.96216616,0.27226096,-0.01049969,-0.26348326,0.93957521,0.21857492,-0.00751284,0.00228906,0.01463312
0.06656173,-0.20924806,0.97559454,0.9621111,0.27256299,-0.00718175,-0.26440817,0.9391084,0.21946218,-0.00972687,-0.00516283,0.02706957
0.06497239,-0.20955243,0.97563644,0.96210116,0.27263722,-0.00551257,-0.26483968,0.93901907,0.21932448,-0.02020283,-0.00450647,0.01133197
0.06176317,-0.20918283,0.97592409,0.96208079,0.27275383,-0.00242409,-0.26567994,0.93906756,0.21809693,-0.02088419,-0.00744617,-0.02551299
0.0590624259,-0.20921253,0.976084803,0.962024914,0.272961206,0.000294504578,-0.266494821,0.939000606,0.217389514,-0.00310331397,-0.000120878212,-0.0385692529
0.05805288,-0.20960522,0.97606122,0.96193911,0.27325993,0.00146852,-0.26702623,0.93882622,0.21749098,-0.00598103,-0.00800109,-0.02797131
0.05631816,-0.21083228,0.97589855,0.96195672,0.27317937,0.00350385,-0.26733407,0.93857486,0.2181965,-0.01440392,-0.01265252,0.01099533
0.05466061,-0.21166604,0.97581228,0.962026,0.27290607,0.00530846,-0.26742869,0.93846667,0.21854549,-0.02350533,-0.00943422,0.01942133
0.0538215,-0.21169968,0.97585162,0.96207017,0.27273365,0.00610503,-0.26743997,0.9385092,0.21834893,-0.02653984,-0.00335407,0.00802498
0.05178923,-0.21180958,0.97593771,0.96200006,0.27292632,0.00818416,-0.26809251,0.93842837,0.21789555,-0.02279125,-0.00639445,-0.01367055
0.05086718,-0.21202492,0.97593951,0.96202069,0.27282377,0.00912984,-0.26819524,0.93840961,0.21785015,-0.02357425,-0.01205981,-0.01327742
0.05071357,-0.21234839,0.97587719,0.96208365,0.2725953,0.00931929,-0.26799847,0.93840287,0.2181212,-0.01331931,-0.00741029,-0.00889163
0.0505089799,-0.213538214,0.975628103,0.962243911,0.272014902,0.00972055722,-0.267461064,0.938301265,0.219215078,-0.0219310727,-0.000952243747,0.0102552809
0.05030263,-0.21421993,0.97548944,0.96254282,0.27095039,0.00986629,-0.26642287,0.93845397,0.21982529,-0.0225813,-0.01193702,0.02773424
0.05047773,-0.2141135,0.97550358,0.96263212,0.27064232,0.00959171,-0.26606621,0.938567,0.21977402,-0.02048898,-0.01151585,0.02198078
0.05098209,-0.21362,0.97558558,0.96273665,0.27029483,0.00887477,-0.26559153,0.93877959,0.21944005,-0.00351262,-0.00520027,-0.00246538
0.05174748,-0.21330571,0.97561411,0.96287031,0.269848,0.00792731,-0.26495847,0.93897963,0.21934968,-0.00305319,0.00217879,0.00597847
0.05209909,-0.21334817,0.97558611,0.96300178,0.26939105,0.00748531,-0.26441115,0.93910118,0.21948969,-0.00911704,-0.00323701,0.00661676
0.05272634,-0.21382853,0.97544716,0.9632549,0.26850284,0.00679146,-0.26336249,0.93924624,0.22012861,0.00224451,-0.0102179,0.01482371
0.05309815,-0.21421703,0.97534173,0.96352391,0.2675477,0.00630753,-0.26230156,0.93943024,0.22060959,0.00187098,-0.00254726,0.01550101
0.05328465,-0.21441177,0.97528883,0.96366946,0.26702902,0.00605501,-0.26172867,0.93953343,0.22085064,0.0074229,-0.00352943,0.01235723
0.05364274,-0.21445859,0.97525891,0.96388999,0.26624329,0.00552928,-0.26084193,0.93974571,0.22099653,0.01915046,-0.01673126,0.00569935
0.0539006577,-0.214426398,0.975251681,0.963952057,0.266024608,0.00521416856,-0.260558928,0.939814915,0.221035763,0.0214984268,-0.0159115773,0.000382068101
0.0540764577,-0.214659874,0.975190646,0.963971372,0.265957215,0.00508845793,-0.260451246,0.939780739,0.221308035,0.0204942953,-0.0188325625,-0.000901089516
0.05459368,-0.21514509,0.9750549,0.9639715,0.26596372,0.00471159,-0.26034288,0.93966794,0.2219137,0.01964551,-0.01526272,0.01392372
0.05510296,-0.21524736,0.97500361,0.96398162,0.26593494,0.00422935,-0.26019781,0.93965261,0.22214839,0.01140129,-0.02019733,0.01994619
0.05535066,-0.21500021,0.97504416,0.96398578,0.26592486,0.00391437,-0.26013003,0.93971209,0.2219763,0.0060713,-0.01474196,0.01357419
0.0555006595,-0.21442117,0.975163118,0.963922757,0.266156727,0.00366230066,-0.260331448,0.939778727,0.221457382,1.40080811e-05,-0.00820273068,0.00172242522
0.05547859,-0.21403203,0.97524986,0.96377347,0.26669624,0.00370448,-0.2608883,0.93971448,0.22107438,-0.00721719,0.00362861,-0.00770596
0.05555635,-0.2140601,0.97523936,0.96369153,0.2669924,0.00370495,-0.2611746,0.93962406,0.22112101,-0.01056329,0.00162184,-0.00431647
0.0555543101,-0.214312324,0.975184069,0.96360084,0.2673174,0.00385283655,-0.261509387,0.939474136,0.221362159,-0.00638676062,-0.000500798167,0.00417736312
0.05529865,-0.21426089,0.97520987,0.96358435,0.26737303,0.00410443,-0.26162422,0.93947002,0.22124382,-0.01180991,-0.00644278,0.00896631
0.05513092,-0.21424181,0.97522351,0.96360003,0.26731405,0.00425107,-0.26160165,0.93949111,0.22118075,-0.00177574,-0.00255406,0.00467333
0.05479119,-0.21424427,0.97524214,0.96357434,0.2674008,0.00460783,-0.26176769,0.93946588,0.22109153,-0.00273405,-0.00429165,-0.00351405
0.05461308,-0.21409454,0.97528499,0.96350945,0.26763117,0.00479675,-0.26204358,0.9394344,0.22089833,-0.00545634,-0.01166367,-0.01753235
0.05478086,-0.21415574,0.9752622,0.9634825,0.26773052,0.00467119,-0.26210781,0.93939218,0.22100183,-0.00765382,-0.01227695,-0.01127714
0.0551309155,-0.214494955,0.975167884,0.963532113,0.267556775,0.00437792165,-0.26185178,0.93936426,0.221423472,-8.91309464e-05,-0.0100377789,-0.00394318625
0.05550264,-0.21509685,0.97501424,0.96376523,0.26672216,0.00397901,-0.26091376,0.939464,0.22210667,0.00966115,-0.00962895,0.0192855
0.05568998,-0.21529332,0.97496018,0.96393236,0.26612146,0.00370561,-0.2602556,0.93958933,0.22234852,0.00889182,-0.00364077,0.02650255
0.0556253865,-0.215313631,0.974959434,0.964161921,0.265290439,0.00357835571,-0.259417901,0.939819693,0.222354068,-0.00395911839,8.94069599e-05,0.0042703026
0.05553962,-0.21486039,0.97506424,0.96426475,0.26491792,0.00345157,-0.25905356,0.94002842,0.22189579,-0.01156824,-0.00572592,-0.00918083
0.05562729,-0.21485069,0.97506136,0.96430778,0.26476281,0.00332563,-0.25887445,0.94007433,0.22191029,,,
0.05572438,-0.21505637,0.9750105,0.964408,0.26439916,0.00319968,-0.25848004,0.94012966,0.22213559,0.00494198,-0.01360673,-0.00308537
0.05583048,-0.21560385,0.97488355,0.96453166,0.26394856,0.00313684,-0.25799543,0.94013092,0.22269311,0.01630212,-0.02089071,0.02105011
0.05583779,-0.21577608,0.97484495,0.96457721,0.26378183,0.00313692,-0.2578232,0.94013814,0.22286175,0.01283421,-0.01131248,0.02791696
0.0555916765,-0.215560143,0.974906826,0.964718488,0.263264029,0.00319922051,-0.257347497,0.940332824,0.222590178,-7.05989078e-05,-0.0090550771,0.00561945373
0.05566827,-0.21512356,0.9749989,0.96473744,0.26319706,0.00298938,-0.25725991,0.94045155,0.2221895,0.00437968,-0.01440042,-0.01160007
0.05583597,-0.21518506,0.97497573,0.96471064,0.26329669,0.00286365,-0.25732408,0.94040959,0.22229277,0.00167629,-0.01291382,-0.00548811
0.05584141,-0.21552502,0.97490031,0.96468913,0.26337427,0.00296869,-0.25740345,0.94031,0.22262188,0.00177946,-0.01289225,0.00195906
0.0560252372,-0.216058407,0.9747717,0.964742516,0.263179594,0.00288504859,-0.257163332,0.940242102,0.223185464,-0.000462730182,-0.0109140864,0.0124305403
0.05611978,-0.21626334,0.97472075,0.96481949,0.26289821,0.00278014,-0.25685351,0.94027366,0.22340897,-0.00237469,-0.00552922,0.0214209
0.0560445588,-0.216279398,0.974721601,0.964934117,0.262477645,0.00275895411,-0.256439324,0.940387518,0.223405828,-0.00112060923,-0.000780939998,0.0117423749
0.05561132,-0.21573874,0.97486622,0.9649213,0.26252154,0.00305224,-0.25658186,0.94049945,0.22277009,-0.00987423,-0.00784832,-0.02282787
