0,1,2,3,4,5,6,7,8,9,10,11
-0.48015405,0.86186098,0.16324175,0.87554063,0.45949537,0.14930723,0.05367323,0.21461524,-0.97522287,0.06391005,0.0790919,-0.00698321
-0.50431142,0.84455038,0.18001186,0.86193753,0.47970612,0.1641512,0.05228119,0.23794235,-0.96987094,0.09835096,0.03837931,-0.02842378
-0.52786562,0.82684172,0.1941415,0.8477286,0.49890043,0.18015182,0.05209974,0.25967522,-0.96428976,0.07670336,0.03641271,-0.02085971
-0.53909874,0.81793381,0.20088948,0.84063552,0.50781401,0.18829972,0.05200223,0.27038701,-0.9613461,0.06768391,0.05012464,-0.01252281
-0.56063382,0.79999736,0.21376132,0.82645516,0.52449642,0.20463471,0.05159018,0.29138929,-0.95521238,0.0999257,0.06684159,-0.008417
-0.58193046,0.7813395,0.22553351,0.81155654,0.54012129,0.22281143,0.05227593,0.31269398,-0.94841421,0.12753794,0.0171467,-0.03064442
-0.59237768,0.77199117,0.23047367,0.80388828,0.54741076,0.23260489,0.05340517,0.32306506,-0.94486857,0.12442845,-0.01817733,-0.03750728
-0.61220947,0.75394411,0.23826059,0.78869244,0.56083807,0.25184313,0.05625001,0.34209503,-0.93798041,0.14544429,-0.07855742,-0.03874463
-0.630395465,0.737278105,0.242945435,0.773999283,0.573031368,0.269369901,0.0593851811,0.35784917,-0.931889098,0.156004369,-0.098465018,-0.000102389604
-0.638918168,0.729457993,0.244284217,0.766865024,0.578835263,0.277250458,0.0608422281,0.364473344,-0.929224194,0.168691084,-0.107064717,0.000856179744
-0.65484823,0.71480951,0.24539932,0.75308478,0.58987558,0.29139325,0.06353563,0.37562492,-0.92459113,0.19196585,-0.1226164,-0.0257574
-0.66928158,0.70164585,0.24444822,0.73998778,0.5998167,0.3043648,0.0669322,0.38459452,-0.92065561,0.20322216,-0.17004393,-0.01763779
-0.67571743,0.69591864,0.24311081,0.7339349,0.60430382,0.31009091,0.06888528,0.38796141,-0.91909759,0.20108175,-0.20082866,-0.00955953
-0.6868184,0.68637241,0.23910868,0.72320778,0.61256117,0.31896586,0.07246071,0.39199697,-0.91710813,0.23852387,-0.26015708,-0.00828042
-0.69509931,0.68043816,0.23203629,0.71493701,0.62035784,0.3225232,0.07551157,0.39007699,-0.91768073,0.30393782,-0.32202247,-0.04261227
-0.69816261,0.67904482,0.2268629,0.71178939,0.62427938,0.32191776,0.07697079,0.38622962,-0.9191854,0.31946686,-0.33912411,-0.05718767
-0.70162289,0.67988085,0.21327718,0.70806183,0.63170556,0.31558913,0.07983464,0.37243803,-0.92461675,0.26683801,-0.32536098,-0.07864592
-0.70132215,0.68483736,0.19785077,0.70806367,0.63715855,0.30442536,0.08241956,0.35359121,-0.93176186,0.13313876,-0.24756072,-0.08744535
-0.70034943,0.68782025,0.19082458,0.70885023,0.63875009,0.29921511,0.08391699,0.34482117,-0.93490981,0.09708034,-0.19965492,-0.09068544
-0.6925443,0.69941318,0.17664498,0.71548432,0.63474634,0.29185482,0.09200237,0.32850913,-0.94000912,0.13947143,-0.23337863,-0.08685562
-0.68915642,0.70286821,0.17618062,0.7184531,0.63115944,0.29234036,0.09427869,0.32804576,-0.93994541,0.16543315,-0.24548201,-0.05343961
-0.68022072,0.71123514,0.17732526,0.72639623,0.62164648,0.2930941,0.0982252,0.3281771,-0.93949534,0.24395892,-0.27067372,-0.01968819
-0.66821532,0.72222672,0.17854105,0.73708564,0.6101195,0.29061825,0.10096089,0.32579561,-0.94003414,0.31049958,-0.2244985,-0.08701862
-0.66085772,0.72900463,0.17838007,0.74357469,0.60374728,0.28737769,0.10180318,0.32255464,-0.94106044,0.29690123,-0.19129245,-0.11501691
-0.62698852,0.75895022,0.1757262,0.77227644,0.57590096,0.26819233,0.10234376,0.30386276,-0.94720266,-0.06586749,0.07059824,-0.08375745
-0.61829509,0.76539284,0.17856317,0.77929692,0.56754232,0.2656915,0.10201623,0.30342951,-0.94737692,-0.08400896,0.05347275,-0.08707463
-0.59985316,0.77749462,0.18888636,0.79383943,0.54883224,0.26191994,0.09997444,0.30705899,-0.94642464,-0.22080447,0.1260228,-0.05660334
-0.58132164,0.78687331,0.20711164,0.80803968,0.52838011,0.26054988,0.0955861,0.31881776,-0.94298364,-0.35749015,0.27886793,0.01978625
-0.57307225,0.78929614,0.22045372,0.814233,0.51793278,0.26224085,0.09280548,0.32978364,-0.93948386,-0.36204165,0.30160806,0.020083
-0.55944545,0.78917989,0.25340816,0.82426968,0.49754836,0.27023151,0.08717848,0.36005649,-0.92884821,-0.28170827,0.24288939,0.04453459
-0.54972183,0.78401566,0.28831461,0.83137497,0.47986666,0.28025637,0.08137282,0.3937606,-0.91560417,-0.34211895,0.2845678,0.02180721
-0.54337707,0.76475909,0.34624392,0.83657664,0.45896543,0.2991492,0.06986308,0.4522104,-0.88917088,-0.49261141,0.41723821,0.00089544
-0.5443695,0.74082133,0.39350403,0.83670258,0.44601978,0.31779724,0.05992042,0.50224501,-0.86264666,-0.46791622,0.40521941,-0.00265497
-0.54619855,0.72521492,0.41920203,0.83588734,0.43938197,0.32899209,0.05440018,0.53010071,-0.84618776,-0.42371082,0.38518056,0.00133903
-0.55228287,0.68879069,0.46962845,0.83255018,0.42669107,0.35326319,0.04293815,0.5860905,-0.80910696,-0.24072081,0.32721111,0.07558359
-0.56164525,0.65038147,0.51142796,0.82676359,0.41734726,0.3772045,0.03188376,0.63468513,-0.77211282,-0.10595755,0.28140637,0.11205497
-0.56771618,0.63189559,0.52764216,0.82279426,0.41482844,0.38849317,0.02660616,0.65469482,-0.75542488,-0.08547264,0.27775678,0.09728438
-0.58219214,0.59754662,0.55135307,0.81287681,0.4137442,0.40993533,0.01683636,0.6868433,-0.72661039,-0.07533476,0.28462884,0.05926117
-0.59917307,0.56584324,0.5664037,0.80057967,0.41638403,0.43092524,0.00799466,0.71165005,-0.70248871,-0.02429988,0.25869665,0.04999558
-0.6085342,0.55093949,0.57109661,0.7935155,0.41856157,0.44174561,0.00433609,0.7219915,-0.69188798,-0.01523839,0.26284024,0.04204108
-0.629446464,0.522297779,0.575327787,0.777043757,0.423258756,0.465891601,-0.000178354143,0.740308729,-0.672266937,0.0249559954,0.256339282,0.0160635151
-0.65305956,0.49455837,0.5735198,0.75730576,0.42743885,0.49374479,-0.00095898,0.75677471,-0.65367488,0.08201858,0.24351309,0.03555251
-0.665768437,0.481114307,0.570334233,0.746158227,0.429399263,0.50878687,-0.000116409343,0.764293924,-0.644867826,0.0941063389,0.221840009,0.0615865439
-0.692393,0.45568441,0.55941344,0.72151331,0.43385011,0.53962259,0.00319606,0.77725525,-0.6291771,0.11181816,0.15658806,0.08982518
-0.71980863,0.43244963,0.54301268,0.69412864,0.43959831,0.57003398,0.00780354,0.78723606,-0.61660232,0.14035393,0.12496554,0.08085279
-0.76022441,0.40121635,0.51096415,0.64946561,0.45008776,0.61287475,0.01591665,0.79777596,-0.60274393,0.13720091,0.11146402,0.06735761
-0.78576763,0.38203713,0.48643267,0.61814406,0.4575641,0.63916585,0.02161098,0.80292134,-0.59569302,0.13649338,0.08556329,0.05157431
-0.82135712,0.3549282,0.44653977,0.56958563,0.46816474,0.67556923,0.03072448,0.80922651,-0.5866923,0.13890494,0.06781053,-0.03915749
-0.8429435,0.33686041,0.41948925,0.53672556,0.4728629,0.69880349,0.03703834,0.8142025,-0.57939828,0.15647462,0.03830886,-0.02326156
-0.85310474,0.32783907,0.40587439,0.52019669,0.47468167,0.70998082,0.0400983,0.81682245,-0.57549402,0.1646688,0.00158572,-0.00957137
-0.87213189,0.3105612,0.37807057,0.48709188,0.47827504,0.7307492,0.04612067,0.82146493,-0.56839067,0.16887155,-0.04563665,-0.01240245
-0.88940628,0.29479902,0.34935628,0.45412756,0.48256738,0.74893046,0.05219604,0.82475585,-0.56307477,0.16062817,-0.05959075,-0.03240801
-0.89744506,0.2871655,0.3348553,0.43766618,0.4847545,0.75727229,0.05513988,0.82616523,-0.5607231,0.15022096,-0.06374358,-0.03841618
-0.91218707,0.2722593,0.30625006,0.4052572,0.48873828,0.77259391,0.0606698,0.82886044,-0.55615567,0.15324104,-0.06180262,-0.03664785
-0.9252315,0.25801934,0.2781595,0.3736505,0.49249359,0.78602505,0.06581789,0.83118956,-0.55207964,0.12765622,-0.0585168,-0.0216558
-0.931161,0.25099246,0.26446526,0.35818112,0.49411298,0.79218597,0.068157,0.83237919,-0.54999948,0.11267653,-0.05870562,-0.02362232
-0.94200377,0.23734998,0.23726322,0.32759856,0.49685205,0.80362753,0.07285627,0.83474728,-0.545792,0.12350055,-0.09333836,-0.04350935
-0.9515806,0.22436136,0.21013287,0.29739799,0.49899231,0.81397849,0.07777068,0.83705945,-0.5415559,0.12095993,-0.06533717,-0.06234507
-0.95588597,0.21806596,0.19679679,0.28257486,0.49972509,0.81879558,0.08020717,0.83828515,-0.5393001,0.11275337,-0.05054557,-0.04668823
-0.9635263,0.20574066,0.17113759,0.25389267,0.50063222,0.82759045,0.084592,0.84085564,-0.53460842,0.10415176,-0.05922782,-0.01561497
-0.97012761,0.19389764,0.14579451,0.22575292,0.50153903,0.83516118,0.08881415,0.84312649,-0.5303298,0.1180399,-0.08543729,-0.04079307
-0.97308869,0.18816521,0.13301058,0.21171161,0.50217158,0.83845202,0.0909734,0.84404825,-0.52849413,0.11017841,-0.08221798,-0.04826371
-0.97833743,0.1768499,0.1076099,0.18383422,0.50316719,0.8444097,0.09518801,0.84590003,-0.52477834,0.05669726,-0.04309523,-0.05394608
-0.98272926,0.165383,0.08301218,0.1563718,0.5023233,0.85042284,0.09894656,0.84871645,-0.51950889,0.04833571,-0.02476728,-0.0527292
-0.9846067,0.15972988,0.07096604,0.1428404,0.5013547,0.85336987,0.10072951,0.85037043,-0.51645311,0.06623298,-0.03917324,-0.03034606
-0.98777416,0.14875206,0.04664098,0.11582626,0.50003909,0.85822216,0.10433999,0.85313177,-0.51115517,0.10604127,-0.1000868,-0.02131132
-0.99020427,0.13796447,0.02147971,0.08838681,0.50027033,0.86134626,0.10808951,0.85480724,-0.50756408,0.06876229,-0.08528953,-0.03840755
-0.99111788,0.13268259,0.00896418,0.07484352,0.50081039,0.86231509,0.10992485,0.85532696,-0.50629248,0.04949018,-0.05449521,-0.03513901
-0.99237751,0.12222665,-0.01572092,0.04817614,0.50220215,0.86340719,0.11342646,0.85606866,-0.50426243,0.0600998,-0.05503344,-0.00420871
-0.99293029,0.11171572,-0.04010664,0.02187867,0.50435825,0.86321721,0.11666306,0.85623725,-0.50323665,0.07099663,-0.0649805,-0.03767952
-0.99230654,0.09625423,-0.07786353,-0.01842622,0.50709486,0.86169324,0.12242581,0.85649862,-0.50141991,0.05029522,-0.03178393,-0.04693836
-0.99102775,0.08606198,-0.10226068,-0.04465992,0.50790288,0.86025586,0.12597381,0.85710442,-0.49950231,0.05452749,-0.0142926,-0.02699995
-0.99011268,0.08117955,-0.11439615,-0.05764665,0.50799409,0.85942935,0.12788065,0.85752657,-0.4982916,0.06036681,-0.04200077,-0.01722058
-0.98768138,0.07146057,-0.13920959,-0.08407551,0.50796631,0.85726405,0.13197436,0.85840767,-0.49570089,0.06263583,-0.09494459,-0.04218491
-0.98448879,0.06175884,-0.16421883,-0.11067467,0.5076681,0.85441457,0.13613631,0.85933636,-0.49295845,0.04937411,-0.05434215,-0.02949904
-0.98270487,0.05698727,-0.17619094,-0.12346471,0.50748902,0.85276684,0.13801182,0.85977164,-0.49167593,0.0472207,-0.03077787,-0.01164927
-0.97873954,0.04755984,-0.19951591,-0.14836656,0.50748013,0.84879396,0.14161886,0.86034986,-0.48963449,0.05321223,-0.0459212,0.00984484
-0.97387261,0.03838147,-0.223828,-0.17394981,0.50754211,0.84388534,0.1459917,0.86077167,-0.4876049,0.0537901,-0.0774089,-0.05393929
-0.97104661,0.03413298,-0.23643913,-0.18704828,0.50701851,0.84139478,0.14859832,0.86125907,-0.4859541,0.0508538,-0.05030346,-0.06929211
-0.96492969,0.02660134,-0.26115642,-0.21248768,0.50501238,0.8365473,0.15414049,0.86270201,-0.48164888,0.03425803,-0.02782893,-0.00405536
-0.95866134,0.01925449,-0.28389736,-0.23612236,0.50293617,0.83144539,0.15879131,0.86410906,-0.47759905,0.05414478,-0.0132786,0.01031293
-0.95537975,0.01541935,-0.29497669,-0.24773575,0.5020176,0.82861643,0.16086019,0.86471986,-0.47579739,0.07013181,-0.03011179,-0.01739342
-0.94807215,0.00802624,-0.31795375,-0.27178971,0.49878084,0.82301153,0.16519492,0.86669095,-0.47069873,0.04062568,-0.07178234,-0.08401701
-0.93987649,0.00221662,-0.34150748,-0.29621163,0.49240281,0.81841198,0.16997336,0.87036463,-0.46214126,0.02932133,-0.01898157,-0.05036707
-0.935751986,-0.000116003648,-0.35265837,-0.307690805,0.488901106,0.81627324,0.172320363,0.872339166,-0.457525802,0.0496903844,-0.0110236993,0.0217448492
-0.91791835,-0.0121518,-0.39658325,-0.35305816,0.48108966,0.80243546,0.18104107,0.87658718,-0.44589133,0.025462,-0.10006856,-0.03679812
-0.91293545,-0.01522231,-0.40781959,-0.3644925,0.47988498,0.79803229,0.18355858,0.87719929,-0.44365235,0.00522983,-0.05026006,-0.0852306
-0.90279462,-0.02038332,-0.42958886,-0.38669263,0.47565321,0.79007777,0.18823092,0.87939672,-0.43729929,0.02976362,0.01849699,-0.00862535
-0.89240833,-0.02498853,-0.45053618,-0.40822395,0.47011805,0.78252297,0.19225108,0.88224972,-0.42973815,0.05530431,-0.04534101,0.01959298
-0.88677044,-0.02736277,-0.46139969,-0.41928042,0.46775385,0.77808118,0.19453104,0.88343515,-0.42626302,0.06201848,-0.0681318,0.02689929
-0.87481759,-0.03256453,-0.48335654,-0.44157852,0.46396896,0.76794606,0.19925462,0.88525267,-0.42026795,0.02062394,-0.0796461,-0.00905249
-0.86274418,-0.03755365,-0.50424405,-0.46272458,0.46069264,0.75739568,0.20385854,0.88676489,-0.41483685,0.02691584,-0.00438607,-0.00650805
-0.85681754,-0.03994537,-0.51406956,-0.47268017,0.45917234,0.75215295,0.20600145,0.88744857,-0.41230816,0.04658668,-0.01618361,-0.00244123
-0.84422584,-0.04452799,-0.53413457,-0.492964,0.4556989,0.74116458,0.21040195,0.88901951,-0.40666342,0.03572678,-0.04181027,-0.05322437
-0.83034917,-0.04717939,-0.55524244,-0.51403481,0.44955653,0.73052521,0.21514711,0.89200503,-0.39754068,0.0139414,-0.01951498,-0.097649
-0.82302034,-0.0473169,-0.56603748,-0.52470484,0.44498046,0.72572526,0.21753653,0.89428935,-0.39105531,0.00637505,-0.03207695,-0.06600194
-0.80810084,-0.04621353,-0.58722871,-0.54558272,0.43455127,0.71659246,0.22206474,0.89946071,-0.37637461,0.04432352,-0.02715897,0.0405766
-0.79309374,-0.04538032,-0.60740669,-0.56540079,0.42575565,0.70643758,0.22654846,0.90369947,-0.3633222,0.05762801,-0.07694101,0.05871373
-0.78539671,-0.04556445,-0.61731356,-0.57507806,0.42265126,0.70046497,0.22899207,0.90514631,-0.35815207,0.06242719,-0.07063275,0.03299136
-0.76984709,-0.04714401,-0.6364846,-0.59383317,0.41835333,0.68727183,0.23387467,0.90706,-0.35006369,0.02992256,-0.06896602,0.00783282
-0.75374147,-0.04915005,-0.65533036,-0.6123483,0.41449709,0.67321739,0.23854384,0.90872238,-0.34252054,0.01809359,-0.05712235,-0.01546614
-0.74545482,-0.04971005,-0.66469999,-0.62149372,0.41226986,0.66616749,0.24092056,0.90970462,-0.33822306,0.03052024,-0.06107312,-0.02115387
-0.72786888,-0.0501246,-0.68388172,-0.64007114,0.40745239,0.65137655,0.24599923,0.91184977,-0.32865517,0.02332477,-0.06224191,-0.00320467
-0.70943017,-0.04974129,-0.70301843,-0.65837494,0.40273238,0.63588455,0.2514986,0.91396528,-0.318459,0.03349052,-0.05551886,0.03488502
-0.70003072,-0.0497051,-0.71238096,-0.66727989,0.40084407,0.62774331,0.25435167,0.91479698,-0.31377044,0.03478118,-0.04053199,0.0276688
-0.68119008,-0.05010917,-0.73038964,-0.68433895,0.39804647,0.61093303,0.26011565,0.91599565,-0.30543694,0.06161276,-0.04879421,0.02095906
-0.66187518,-0.05083148,-0.74788854,-0.70080706,0.39607872,0.59328835,0.26606499,0.91680846,-0.29777769,0.01336486,-0.0858587,-0.01509797
-0.6517899,-0.05043123,-0.75672093,-0.70902905,0.39464166,0.58441059,0.26916105,0.91745007,-0.29298065,-0.01795207,-0.07252907,-0.04391076
-0.63100914,-0.04743158,-0.774324,-0.72526152,0.39035241,0.56711613,0.27536002,0.91944288,-0.28071622,0.00768367,-0.03608524,-0.00470846
-0.60989542,-0.0443368,-0.79124053,-0.74091481,0.38617841,0.54946464,0.28119846,0.9213579,-0.26837816,0.02008634,-0.11390518,0.04545314
-0.59903564,-0.04301742,-0.79956597,-0.74856846,0.38457289,0.54013788,0.28425605,0.92209174,-0.26257434,-0.0009498,-0.10521983,0.0345647
-0.57678324,-0.0408279,-0.81587618,-0.7633289,0.38265225,0.52048645,0.29094645,0.92298984,-0.25187245,-0.01677091,-0.04177272,0.01915552
-0.57678324,-0.0408279,-0.81587618,-0.7633289,0.38265225,0.52048645,0.29094645,0.92298984,-0.25187245,-0.01677091,-0.04177272,0.01915552
-0.54394832,-0.0397549,-0.83817634,-0.78323475,0.38248461,0.49015179,0.30110359,0.92310617,-0.23918923,-0.03367671,-0.09380537,0.01545421
-0.521501222,-0.0394160972,-0.852339467,-0.795683915,0.383165508,0.469117455,0.308096255,0.922838259,-0.231183951,-0.0388960168,-0.0564011298,-0.000273414887
-0.498963133,-0.0396161619,-0.865717298,-0.807532109,0.383809468,0.447864065,0.314527856,0.922562133,-0.223498124,-0.0518284924,-0.0826197788,-0.000901739113
-0.48750937,-0.03952152,-0.87222291,-0.8132696,0.38403911,0.43715739,0.31769062,0.92247063,-0.21936436,-0.05531564,-0.07676571,-0.01362294
-0.46418048,-0.03957672,-0.88485597,-0.82443527,0.38450351,0.41528725,0.32379451,0.92227474,-0.21110744,-0.05349204,-0.07209563,-0.00889934
-0.43974624,-0.03851756,-0.8972958,-0.83534784,0.38449702,0.39288175,0.32987474,0.92232233,-0.20125671,-0.05281216,-0.0550608,-0.01568983
-0.42743018,-0.037847,-0.90325567,-0.84052467,0.38454483,0.38163261,0.3328986,0.92233008,-0.19617733,-0.03504027,-0.04421335,0.00597112
-0.40314243,-0.03745285,-0.91437044,-0.85028631,0.38475977,0.35912817,0.33836256,0.92225654,-0.18695858,-0.00652927,-0.04446709,0.03280073
-0.37983847,-0.03823028,-0.92426242,-0.85887271,0.38569465,0.33701222,0.34359896,0.92183405,-0.17933657,-0.00996686,-0.0042581,0.01541076
-0.36861298,-0.0393239,-0.92875071,-0.86273182,0.38650725,0.32604577,0.34614745,0.9214476,-0.1763975,-0.00243458,0.01113605,-0.00501686
-0.3467306,-0.04086274,-0.93707417,-0.86989402,0.38765773,0.30496856,0.35080217,0.92089721,-0.16995902,-0.03435409,-0.00632495,-0.06664395
-0.32497906,-0.0394487,-0.94489807,-0.87669755,0.38726474,0.28535488,0.35466882,0.9211242,-0.1604375,-0.01336093,0.00537598,-0.04208272
-0.31431762,-0.03790463,-0.94856077,-0.87989658,0.38670934,0.27611197,0.35635135,0.9214223,-0.15490167,-0.02101503,-0.01241529,-0.02456721
-0.29320202,-0.03424794,-0.95543683,-0.88593931,0.38537782,0.25806086,0.35936608,0.92212307,-0.14333511,-0.04015208,-0.02425802,-0.00430027
-0.27215213,-0.03080212,-0.96176102,-0.89169488,0.38374898,0.24003514,0.36168118,0.92292354,-0.13190413,-0.09132352,-0.05915939,-0.03231142
-0.26106197,-0.02854521,-0.96489979,-0.89465962,0.38254768,0.23074083,0.36253358,0.92349463,-0.12540684,-0.10384618,-0.07750653,-0.04221623
-0.23732465,-0.02267879,-0.97116568,-0.90069071,0.3796515,0.2112369,0.36391393,0.92485159,-0.11052726,-0.09006398,-0.06988656,0.03724589
-0.21250004,-0.01906839,-0.97697498,-0.90634192,0.37753459,0.18976814,0.36522328,0.92579913,-0.09750859,-0.05167869,-0.06123709,0.08537575
-0.19982334,-0.01918311,-0.97964411,-0.90896813,0.37693983,0.17802607,0.36585177,0.92603906,-0.0927582,-0.0534043,-0.04851031,0.07688375
-0.17449712,-0.02230471,-0.98440505,-0.91365487,0.37642399,0.15342679,0.36713154,0.92617898,-0.08606372,-0.07935455,-0.05059325,-0.00612264
-0.14830176,-0.02423442,-0.98864508,-0.91790117,0.37543098,0.12848705,0.36805413,0.92653341,-0.07792182,-0.092769,-0.03590023,-0.04628371
-0.13485373,-0.0242663,-0.99056822,-0.91979082,0.37486069,0.11603525,0.36850928,0.92676344,-0.07287122,-0.07510495,-0.03114724,-0.01669909
-0.10740908,-0.02421316,-0.99392,-0.92298977,0.37399939,0.09063284,0.36953095,0.9271128,-0.06251941,-0.0468552,-0.03249275,0.08046971
-0.08183345,-0.02685615,-0.99628412,-0.92514072,0.37385863,0.06591197,0.37069927,0.9270968,-0.05543987,0.0365811,0.0350542,0.09707031
-0.07088089,-0.02984964,-0.99703802,-0.9257673,0.37412864,0.05461341,0.37139026,0.92689628,-0.05415236,0.05143127,0.0488187,0.0622593
-0.05209065,-0.03632414,-0.99798143,-0.9262926,0.37520442,0.03469231,0.37318682,0.92623004,-0.05319137,0.01232143,0.03492415,-0.00579007
-0.03569749,-0.04310442,-0.99843258,-0.92648284,0.37595756,0.0168942,0.37464004,0.92563377,-0.05335622,0.02062779,0.09165799,-0.03578411
-0.02851664,-0.04568688,-0.9985487,-0.92644215,0.37632377,0.00923937,0.37535549,0.92536108,-0.05305775,0.0249713,0.09947871,-0.0364532
-0.01657992,-0.04805776,-0.99870685,-0.9260227,0.37745737,-0.00278989,0.37710328,0.92477904,-0.05076074,-0.02433236,0.08416771,0.02500013
-0.00836674,-0.05010823,-0.99870865,-0.92561414,0.37830189,-0.01122607,0.37837582,0.92432501,-0.04954598,-0.02763208,0.04440152,0.03790188
-0.00521172,-0.05147606,-0.99866053,-0.92548698,0.37849469,-0.0146796,0.37874329,0.9241709,-0.04961297,-0.04630654,0.01804828,0.02353731
0.00782353,-0.05521863,-0.99844357,-0.92561368,0.37742305,-0.02812607,0.37838866,0.92439313,-0.0481583,-0.14693904,-0.04292529,-0.00519745
0.01890246,-0.05560504,-0.99827394,-0.92608439,0.375353,-0.03844319,0.37684278,0.92521255,-0.04439989,-0.02415439,0.03520715,0.07629967
0.02495459,-0.05989172,-0.99789288,-0.9261122,0.37447779,-0.04563501,0.37642187,0.92529959,-0.0461215,-0.02831832,0.00362492,0.01860765
0.02756674,-0.06250108,-0.99766409,-0.92612958,0.3740066,-0.04902067,0.37619678,0.92531759,-0.04757394,-0.03101495,0.00725186,-0.01215315
0.03220491,-0.06632153,-0.99727835,-0.92628935,0.37282058,-0.05470588,0.375434,0.9255302,-0.04942622,-0.04703784,-0.02889311,-0.01089268
0.03637632,-0.06776768,-0.99703774,-0.92639953,0.37187899,-0.05907535,0.37478077,0.92580426,-0.04925235,-0.05311233,0.03551626,0.04903051
0.0381986,-0.0685994,-0.9969127,-0.92635218,0.37167458,-0.06107053,0.3747165,0.92582509,-0.04934974,-0.04737073,0.03366673,0.06685033
0.04106395,-0.07025391,-0.99668351,-0.92613919,0.37165125,-0.06435426,0.37493977,0.92571035,-0.0498034,-0.07454482,-0.02706742,0.05525925
0.04340632,-0.07095734,-0.99653437,-0.92617007,0.37114799,-0.06676861,0.37459939,0.92585858,-0.04960835,-0.08616567,-0.02297956,0.05301475
0.04461444,-0.07122553,-0.99646202,-0.92621515,0.37081663,-0.06797471,0.37434625,0.92597084,-0.04942641,-0.09073971,-0.0196104,0.04053076
0.04713553,-0.07187383,-0.99629933,-0.92622696,0.3703086,-0.0705347,0.37400779,0.926124,-0.04911677,-0.0922038,0.0332998,0.03845777
0.04877067,-0.07137016,-0.99625674,-0.9259539,0.37073092,-0.07188749,0.37447372,0.92599391,-0.04800461,-0.07801692,0.00573564,0.0476622
0.0493196,-0.07104282,-0.99625324,-0.92585866,0.37089207,-0.07228304,0.37463763,0.92595465,-0.04748337,-0.05758325,-0.01666438,0.05248335
0.04986241,-0.07010832,-0.99629236,-0.92567158,0.37132457,-0.07245775,0.37502769,0.92585248,-0.04638211,-0.0607664,-0.0065102,0.0485376
0.04930148,-0.06879596,-0.99641184,-0.92542413,0.37212968,-0.07148233,0.37571214,0.92562772,-0.04531892,-0.05840155,0.01713061,0.04244488
0.04832346,-0.06827708,-0.99649527,-0.92522407,0.37283019,-0.07041242,0.37633099,0.92538409,-0.04515508,-0.04532073,0.03857636,0.04125101
0.04565047,-0.06828928,-0.99662056,-0.92476569,0.3744095,-0.06801395,0.3777888,0.9247454,-0.04605959,-0.01079765,0.03445029,0.03965933
0.04218273,-0.07024929,-0.99663709,-0.92432023,0.37593355,-0.06562,0.37927903,0.92397993,-0.0490749,0.01017443,0.01318777,0.00875364
0.0404709689,-0.0716493783,-0.996608427,-0.924079217,0.376700622,-0.0646078113,0.380052088,0.923559925,-0.0509642315,0.011654173,0.0004867315,-0.00447586831
0.03657646,-0.07382606,-0.99660005,-0.9236187,0.37827804,-0.06191989,0.38156314,0.92274335,-0.05435099,0.02093931,0.00566602,-0.01801366
0.03242814,-0.07463313,-0.9966836,-0.9231008,0.3800831,-0.05849517,0.38318824,0.92193637,-0.05656849,0.02650063,0.01092362,-0.01920006
0.03068442,-0.07457146,-0.99674345,-0.9228415,0.38095241,-0.05691034,0.3839557,0.92158251,-0.05712832,0.02650896,0.01860976,-0.01007501
0.0272314775,-0.0744035666,-0.99685633,-0.922361928,0.382569367,-0.0537507714,0.38536594,0.920926045,-0.0582090844,0.0548119582,0.0253515225,0.000701582059
0.02348915,-0.07530915,-0.99688347,-0.9219732,0.38391681,-0.05072683,0.38654047,0.92029143,-0.0604151,0.04865068,0.01977789,-0.0080884
0.02155301,-0.07585645,-0.9968857,-0.92178386,0.38457054,-0.04919248,0.38710438,0.91997347,-0.06163455,0.03658304,0.00776529,-0.02120984
0.01812628,-0.0767257,-0.99688748,-0.92146724,0.38567037,-0.04643816,0.38803298,0.91944089,-0.06370946,-0.00765073,-0.01140898,-0.03753871
0.01579995,-0.0760039,-0.99698233,-0.92130476,0.38633781,-0.04405269,0.38852015,0.9192206,-0.06391864,-0.00434265,0.00401294,0.00252367
0.01492444,-0.07552199,-0.99703246,-0.9212821,0.38650298,-0.04306691,0.38860853,0.91919089,-0.06380872,0.00816994,0.00818324,0.01478845
0.01303135,-0.07540412,-0.99706785,-0.92133594,0.38656989,-0.04127618,0.38854877,0.91917238,-0.06443496,0.01920711,0.01882791,0.01511372
0.01104553,-0.07663623,-0.99699793,-0.92119336,0.3870481,-0.03995692,0.38894829,0.91886922,-0.06632163,0.04162389,0.02055347,-0.02036612
0.01030617,-0.07794106,-0.99690464,-0.92108529,0.38732085,-0.03980421,0.3892243,0.91864448,-0.06779854,0.03189428,0.01907217,-0.03270324
0.00877855,-0.07996943,-0.99675868,-0.92085526,0.38792574,-0.03923316,0.38980581,0.91821486,-0.07023486,0.01956071,0.02042746,-0.02484367
0.00699323,-0.08115465,-0.99667696,-0.92059892,0.38864586,-0.03810498,0.39044675,0.91780624,-0.07199298,0.03657527,0.02152777,-0.00226081
0.00597392,-0.08169942,-0.99663902,-0.92046404,0.38903273,-0.03740817,0.39078137,0.91759393,-0.07287728,0.03917931,0.02021634,-0.0087027
0.00414038,-0.08256296,-0.99657718,-0.92029192,0.38956345,-0.03609735,0.39121031,0.91729144,-0.07436905,0.03339835,0.01917422,-0.0199372
0.00284611,-0.08317868,-0.99653053,-0.92031484,0.3895962,-0.0351473,0.39116798,0.91722191,-0.07544171,0.03451611,0.01858759,-0.01549303
0.00226039,-0.08327717,-0.99652375,-0.92041158,0.38941384,-0.03463005,0.39094397,0.91729038,-0.07576899,0.03609258,0.02143025,-0.0074837
0.000962087386,-0.0832730469,-0.996526215,-0.920607,0.389059247,-0.0333997886,0.390488988,0.917441221,-0.0762873939,0.032244835,0.0274748784,-0.00843860582
-0.000402435257,-0.0825089299,-0.996590119,-0.920821229,0.388685447,-0.0318077854,0.389984427,0.917668648,-0.0761323284,0.021480795,0.0184943657,-0.0113254357
-0.000971291251,-0.0818643617,-0.996642922,-0.92093514,0.38847987,-0.0310121864,0.389714455,0.917813442,-0.0757690494,0.0131695159,0.0156453829,-0.0116495723
-0.00160904019,-0.0804127559,-0.99676033,-0.921189093,0.38797147,-0.0298121841,0.389111837,0.918156795,-0.0746996033,0.00293170428,0.000444412202,0.00649078097
-0.00145275,-0.07951309,-0.99683272,-0.92165176,0.38689364,-0.02951763,0.38801525,0.91868979,-0.07384542,0.00779198,-0.00914287,0.01902659
-0.00139361,-0.07938971,-0.99684262,-0.92183921,0.386449,-0.02948844,0.38756988,0.91888757,-0.07372307,0.01339703,-0.01597309,0.01722985
-0.00101939465,-0.0795047756,-0.996833933,-0.922055423,0.38590618,-0.0298358775,0.387056451,0.919105747,-0.0737011835,-0.00804493576,-0.00859153178,-5.90244308e-05
-0.000355303666,-0.0790199243,-0.996872958,-0.922217593,0.385487945,-0.0302280695,0.386671118,0.919323053,-0.073010521,0.00416228035,0.00947284605,-0.00141228037
-4.43265965e-06,-0.0787355479,-0.99689552,-0.922383374,0.385076811,-0.0304095333,0.386275649,0.919519734,-0.0726260577,0.0124594895,0.00529575301,0.00520488527
0.000823576808,-0.0785850923,-0.996907023,-0.922795791,0.384037324,-0.0310355478,0.385288409,0.919967206,-0.0722016832,0.00687449472,0.00834619906,0.0129441954
0.00165646,-0.07852788,-0.99691052,-0.92296898,0.3835627,-0.03174728,0.38487072,0.92017009,-0.07184343,0.00978742,0.01776576,0.00838831
0.00182411,-0.07860497,-0.99690418,-0.9229829,0.38351419,-0.03192859,0.38483664,0.92018375,-0.07185147,0.00725151,0.01652574,0.0116794
0.00199459,-0.07894676,-0.99687687,-0.9229619,0.38354034,-0.03222086,0.38488624,0.92014361,-0.07209986,-0.01146952,0.02143645,0.00365352
0.00230955,-0.07870584,-0.99689518,-0.92280458,0.38389954,-0.03244711,0.38526136,0.9200144,-0.07174346,-0.01664738,0.01172042,-0.00835387
0.00276902057,-0.0784480789,-0.996914319,-0.922729493,0.384051339,-0.0327842726,0.38543812,0.919973056,-0.0713228906,-0.0103937471,0.00676250411,-0.000395760871
0.00380602,-0.07799111,-0.99694675,-0.9229328,0.38349851,-0.03352449,0.38494217,0.92024248,-0.07052093,0.00342819,0.00891924,0.01966642
0.00362926,-0.07785876,-0.99695776,-0.92330916,0.38261615,-0.03324204,0.38404029,0.92062091,-0.07049907,0.00197386,0.01882469,0.01481645
0.00340131,-0.07803329,-0.99694489,-0.92329575,0.38266063,-0.03310176,0.38407457,0.92058762,-0.07074623,-0.00297977,0.01762843,0.00414513
0.00292499961,-0.0782920885,-0.996926129,-0.923201921,0.38291463,-0.0327802699,0.384304008,0.920460038,-0.0711593576,-0.0106669329,0.000520586909,-0.0173078906
0.00319344,-0.07755853,-0.99698263,-0.92306427,0.38324713,-0.03277066,0.38463234,0.92038375,-0.0703676,-0.0153643,0.01274252,0.00600917
0.00316691,-0.07706891,-0.99702068,-0.92311732,0.38313828,-0.0325484,0.38450523,0.92047019,-0.06993025,-0.00791463,0.01922703,0.01636378
0.00255012,-0.07663247,-0.99705612,-0.9233835,0.38256225,-0.03176491,0.38387024,0.92074619,-0.06978557,0.0177403,0.00810122,0.01095631
0.00118125,-0.07652898,-0.99706668,-0.9237105,0.38188277,-0.03040544,0.3830895,0.92103686,-0.07023953,0.00922682,0.00499141,0.00143212
0.00040602611,-0.0764625751,-0.997072293,-0.923722551,0.38191179,-0.029663785,0.383061786,0.921030274,-0.070475097,0.000931352261,0.0126525154,-0.00520784268
-0.000829680483,-0.0764804025,-0.997070684,-0.923740404,0.38195508,-0.0285291841,0.383018102,0.921010855,-0.070964908,-0.00856908597,0.00842225458,-0.0155082345
-0.00125709,-0.07530026,-0.99716007,-0.92359753,0.38236075,-0.02770947,0.38336138,0.92093978,-0.07002777,-0.01443578,0.00172377,-0.00286678
-0.00130870797,-0.074542556,-0.997216939,-0.923650823,0.382257045,-0.0273617419,0.383232793,0.92104447,-0.0693515365,-0.00619142968,-0.000966966094,0.0131581221
-0.00155719,-0.07369802,-0.99727944,-0.92392606,0.38163414,-0.02675981,0.38256806,0.92137074,-0.06868582,0.01924101,0.00738049,0.02712713
-0.0029066,-0.07417,-0.99724136,-0.9243616,0.3806565,-0.02561719,0.38150642,0.92173717,-0.0696663,0.02348104,0.00621152,0.00545277
-0.0036552,-0.07472422,-0.99719763,-0.92436874,0.38067135,-0.02513715,0.38148298,0.92168635,-0.07046422,0.00488654,0.00594163,-0.00798405
-0.00480075,-0.07511368,-0.99716328,-0.92424506,0.38102851,-0.02425204,0.38176921,0.92150693,-0.07125259,-0.0087628,0.02207899,-0.0120508
-0.0052502,-0.0744099,-0.99721393,-0.92425075,0.3810579,-0.02356765,0.38174992,0.92155198,-0.07077404,-0.01337397,0.0050571,0.0058198
-0.00507036,-0.07396101,-0.99724822,-0.92436752,0.3807762,-0.02354047,0.38146946,0.92170452,-0.07029781,-0.0113937,0.00724101,0.02416047
-0.00544988,-0.07365969,-0.99726857,-0.92492475,0.37945552,-0.02297262,0.38011124,0.92227317,-0.07019768,0.01842211,0.00255513,0.02716222
-0.00679346,-0.07427044,-0.997215,-0.92513539,0.37900372,-0.02192497,0.37957658,0.92240994,-0.07128496,0.02164548,0.01257169,-0.00195974
-0.00733434,-0.07464683,-0.99718296,-0.925122,0.37905653,-0.02157087,0.37959885,0.92235778,-0.0718375,0.00383049,0.0194273,-0.00573907
-0.00821284,-0.07473776,-0.99716932,-0.92502752,0.37932947,-0.02081196,0.3798111,0.92223821,-0.07224981,0.00616925,0.01282716,-0.01558298
-0.00871892,-0.07415642,-0.99720843,-0.92484723,0.37980414,-0.02015745,0.38023865,0.92208978,-0.0718948,0.00299132,-0.00153923,-0.00839271
-0.0087634,-0.07388452,-0.99722819,-0.92481429,0.37989162,-0.02001897,0.38031765,0.92207554,-0.07165854,0.00531793,0.00673842,0.0054981
-0.00936367173,-0.073326228,-0.997264018,-0.924918535,0.379678523,-0.019232348,0.380049945,0.922207918,-0.0713759547,0.0248164497,0.0106919995,-8.49887729e-05
-0.01011865,-0.07344064,-0.99724821,-0.92488843,0.3797841,-0.01858406,0.38010381,0.92215533,-0.07176728,0.01166029,0.01691198,-0.00303669
-0.01038725,-0.07365142,-0.9972299,-0.92482239,0.37995245,-0.01842867,0.38025722,0.92206916,-0.07206112,-0.00184264,0.0217036,-0.01024231
-0.0108048,-0.07365714,-0.99722508,-0.92472354,0.38021053,-0.01806388,0.380486,0.92196234,-0.07222059,-0.00152608,0.01412117,-0.02764424
-0.01064057,-0.07316311,-0.99726322,-0.92465627,0.38037525,-0.01803993,0.3806541,0.92193374,-0.07169814,-0.00375937,0.00713706,0.00166518
