0,1,2,3,4,5,6,7,8,9,10,11
0.95623397,-0.19481891,-0.2183167,-0.1741825,-0.97851909,0.11027482,-0.23511072,-0.06742158,-0.96962724,-0.00480254,-0.00981539,-0.00108479
0.95619434,-0.1949869,-0.21834031,-0.17399818,-0.9783863,0.11173583,-0.23540818,-0.06885035,-0.96945481,0.00473746,-0.01167107,0.00234938
0.95615654,-0.19511371,-0.21839257,-0.17394681,-0.9783117,0.11246567,-0.23559962,-0.06954609,-0.96935853,0.0078588,-0.00595355,0.0060029
0.95612058,-0.19524493,-0.21843274,-0.17397928,-0.97825923,0.11287218,-0.23572156,-0.06991664,-0.96930235,0.00716864,0.00293112,0.00827747
0.95612058,-0.19526314,-0.21841643,-0.1739596,-0.97824368,0.11303468,-0.23573606,-0.07007914,-0.9692868,0.0026605,0.00099301,0.00893331
0.956108134,-0.195446677,-0.218306746,-0.17411462,-0.978196997,0.113202801,-0.235672098,-0.0702237239,-0.969292232,0.00591265131,-0.00523209572,0.000138332834
0.95614962,-0.19545618,-0.21811645,-0.17419631,-0.97821009,0.11296458,-0.2354433,-0.07001596,-0.96936296,0.00139325,-0.00645679,0.00118495
0.95618924,-0.19541574,-0.21797893,-0.17424315,-0.97823831,0.112643,-0.23524763,-0.06972668,-0.96943079,0.00125261,-0.00353366,0.00507234
0.9562486,-0.19536434,-0.21776451,-0.17430356,-0.97827386,0.11224195,-0.23496144,-0.06937408,-0.96952571,,,
0.956248601,-0.195337058,-0.217788974,-0.174332986,-0.978296477,0.111997983,-0.234939596,-0.0691301074,-0.969548323,-0.000546031049,-0.00369542837,-0.00497029442
0.95624678,-0.19528713,-0.21784172,-0.1742982,-0.97831225,0.11191489,-0.2349728,-0.06904883,-0.96954614,,,
0.95622518,-0.19523005,-0.21798769,-0.17426947,-0.97833652,0.11174868,-0.23508203,-0.0688683,-0.96953265,0.00102054,-0.00566798,0.00101691
0.95620538,-0.19522291,-0.21808091,-0.17427555,-0.97834501,0.11166557,-0.23515803,-0.06876905,-0.96952134,0.00179094,-0.00329083,0.00732518
0.95620538,-0.19521378,-0.21808906,-0.17428537,-0.97835231,0.11158412,-0.23515073,-0.0686876,-0.96952864,0.00691558,-0.00345945,0.00645725
0.95620355,-0.19513648,-0.21816624,-0.17428007,-0.97839047,0.11125687,-0.2351621,-0.06836218,-0.96954884,0.00224984,0.00249445,0.00674415
0.95626111,-0.19508073,-0.21796376,-0.17425645,-0.97840364,0.11117925,-0.23494548,-0.0683348,-0.96960343,,,
0.956282706,-0.195119668,-0.217834111,-0.174304776,-0.978394702,0.111182815,-0.234821698,-0.0683526768,-0.969632224,0.00455204956,0.000250220299,0.00241593271
0.956282706,-0.195146959,-0.217809655,-0.174275346,-0.97837209,0.111426912,-0.234843533,-0.0685967736,-0.969609611,0.00263128988,-0.000604867935,-0.00471330201
0.95622882,-0.19533905,-0.21787404,-0.17432923,-0.97829765,0.11199632,-0.2350229,-0.0691123,-0.96952972,,,
0.95617126,-0.19543127,-0.21804389,-0.17431346,-0.9782541,0.1123991,-0.23526865,-0.0694648,-0.96944475,0.00154378,-0.01172185,0.0056944
0.956091987,-0.195393584,-0.218424941,-0.174347561,-0.978295449,0.111985248,-0.235565353,-0.0689863396,-0.969406831,0.000871792785,-0.00792610645,0.00816452317
0.95605045,-0.19529273,-0.21869678,-0.1743644,-0.97835825,0.11141036,-0.23572142,-0.06838099,-0.96941195,0.00141503,-0.0073725,0.0060804
0.95600514,-0.19499092,-0.21916363,-0.17442036,-0.97853306,0.1097734,-0.23586372,-0.06671733,-0.96949302,0.0058464,0.00131154,0.0136726
0.956003272,-0.194858377,-0.219289664,-0.174474397,-0.97861484,0.108957273,-0.235831356,-0.0659030772,-0.969556787,0.0062664682,0.000285863876,0.0171520505
0.9559815,-0.19465401,-0.21956587,-0.17460388,-0.9787542,0.10748659,-0.23582375,-0.06441813,-0.96965825,0.00771381,-0.00575793,0.00967435
0.95596912,-0.19461737,-0.21965227,-0.17499535,-0.97887918,0.10569779,-0.23558368,-0.0626057,-0.9698354,0.00273976,-0.00316811,0.00564505
0.95598212,-0.19468366,-0.21953692,-0.17554307,-0.97898936,0.10375115,-0.23512298,-0.06064606,-0.97007169,-0.00320417,-0.0036692,-0.00448515
0.956009303,-0.194717464,-0.219388497,-0.175861958,-0.979051612,0.102616219,-0.234773881,-0.0595199642,-0.970225838,-0.000183059135,-0.00105857849,-0.00834235549
0.95605981,-0.19473099,-0.21915632,-0.17638076,-0.97916925,0.10058586,-0.2341783,-0.05751114,-0.97049117,-0.00151455,-0.00120974,-0.00677221
0.956102962,-0.194709174,-0.218987361,-0.176583988,-0.979223916,0.0996925446,-0.233848716,-0.0566466756,-0.970621409,-0.00555361062,-0.000101089478,-0.00671369024
0.956102962,-0.194709174,-0.218987361,-0.176583988,-0.979223916,0.0996925446,-0.233848716,-0.0566466756,-0.970621409,-0.00555361062,-0.000101089478,-0.00671369024
0.956102962,-0.194709174,-0.218987361,-0.176583988,-0.979223916,0.0996925446,-0.233848716,-0.0566466756,-0.970621409,-0.00555361062,-0.000101089478,-0.00671369024
0.95611917,-0.19429399,-0.21928512,-0.17685211,-0.9794713,0.09674049,-0.23357964,-0.0537144,-0.97085258,,,
0.95605981,-0.19422396,-0.21960578,-0.17692151,-0.97952407,0.09607904,-0.23377002,-0.05300432,-0.97084599,0.00392147,-0.00290304,0.00611812
0.95602737,-0.1943081,-0.21967255,-0.17718097,-0.97954905,0.095344,-0.23370615,-0.05222967,-0.9709034,0.00876693,-0.00837111,0.00358781
0.956050733,-0.194324641,-0.219556198,-0.177341266,-0.979575197,0.0947747155,-0.233488898,-0.0516730593,-0.97098536,0.00690141367,-0.0020056963,0.000955436379
0.956255139,-0.194182951,-0.218790075,-0.177861429,-0.979729698,0.0921699658,-0.232252939,-0.0492236911,-0.971409219,-0.00131961238,0.000531435013,-0.00546945771
0.95629451,-0.19412548,-0.21866894,-0.1779259,-0.97976385,0.09167999,-0.23204134,-0.0487662,-0.97148274,,,
0.95637318,-0.19403835,-0.21840206,-0.1780253,-0.97981408,0.09094644,-0.23164052,-0.04809764,-0.97161164,,,
0.95645003,-0.19391928,-0.21817114,-0.17807058,-0.97986624,0.09029317,-0.23128814,-0.04751104,-0.97172441,0.00373057,-0.00427431,0.00395774
0.95646965,-0.19388145,-0.21811872,-0.1781124,-0.97988857,0.08996552,-0.23117475,-0.04719963,-0.97176636,0.00267005,-0.00379771,0.00527829
0.95647302,-0.19389053,-0.2180959,-0.17827868,-0.97991844,0.08931014,-0.23103261,-0.04654089,-0.9718321,0.00345047,-0.00243199,0.00540836
0.95647804,-0.19390414,-0.21806175,-0.17852796,-0.9799621,0.0883267,-0.23081922,-0.04555242,-0.97192954,,,
0.95647971,-0.19388108,-0.21807495,-0.17864028,-0.9799933,0.08775148,-0.23072539,-0.04497553,-0.97197868,-0.00150291,-0.00277364,-0.00407797
0.956466759,-0.193918591,-0.218098418,-0.178950304,-0.98003923,0.0866022083,-0.230538779,-0.0438033558,-0.972076738,-0.000247304328,-0.00147533417,-0.00744857872
0.95645048,-0.19388239,-0.21820196,-0.1791624,-0.98009438,0.08553132,-0.23044156,-0.04271288,-0.97214817,-0.00787324,-0.0032782,-0.0083298
0.95645048,-0.19382703,-0.21825115,-0.17922086,-0.9801269,0.08503603,-0.23039611,-0.04221759,-0.97218069,-0.00182289,-0.00144482,-0.00484469
0.956452126,-0.193757692,-0.218305476,-0.179381773,-0.980182632,0.0840467981,-0.230263986,-0.0412267118,-0.972254357,-0.000853823964,-0.00641483068,-0.00028562994
0.9564717,-0.19361842,-0.21834327,-0.17953041,-0.98026086,0.08280914,-0.23006675,-0.04000534,-0.97235217,,,
0.95647335,-0.19359521,-0.21835665,-0.17964254,-0.98028879,0.08223215,-0.22997237,-0.03942671,-0.97239803,,,
0.95643747,-0.19355927,-0.21854561,-0.1798522,-0.98034018,0.08115712,-0.22995774,-0.03831581,-0.97244615,,,
0.95639994,-0.19350933,-0.21875394,-0.17998877,-0.98038323,0.080328,-0.23000694,-0.03745244,-0.97246797,0.00167111,-0.00743359,0.00201865
0.956399942,-0.193444426,-0.218811349,-0.180057002,-0.980418114,0.0797486453,-0.229953535,-0.0368730849,-0.972502851,0.000465218385,-0.00526249409,0.00328471069
0.95641953,-0.19333255,-0.21882461,-0.1801763,-0.98047631,0.07875652,-0.22977856,-0.03589727,-0.97258063,,,
0.95642116,-0.19330918,-0.21883812,-0.18028841,-0.98050211,0.07817832,-0.2296838,-0.03531742,-0.97262438,,,
0.95642116,-0.19329059,-0.21885451,-0.18030789,-0.98051154,0.07801252,-0.22966849,-0.03515162,-0.97263381,-0.00381428,-0.00416183,-0.00539404
0.95645868,-0.19322022,-0.21875267,-0.1802978,-0.98053309,0.0777656,-0.22952013,-0.03493896,-0.97267657,-0.00936118,-0.01523125,-0.01243191
0.956474982,-0.19304369,-0.218837254,-0.180309705,-0.980596498,0.0769349714,-0.229442847,-0.0341278955,-0.97272367,0.000886632479,-0.00181460381,-0.00562731642
0.95647335,-0.19295561,-0.21892208,-0.18031455,-0.9806282,0.07651872,-0.22944587,-0.03371328,-0.97273744,,,
0.956471704,-0.19284888,-0.219023254,-0.180338896,-0.980668869,0.0759364643,-0.229433561,-0.0331326664,-0.972760178,-4.23477031e-05,0.0021648407,-0.00564964768
0.956471704,-0.192839564,-0.219031442,-0.18034864,-0.980673348,0.0758534361,-0.229425887,-0.0330496382,-0.972764656,-0.000755502726,-0.00413411856,-0.00743350247
0.9564717,-0.19283027,-0.21903963,-0.18035838,-0.98067806,0.07577053,-0.22941824,-0.03296673,-0.97276937,-0.0045547,-0.00376606,-0.01073519
0.95648963,-0.19277894,-0.21900651,-0.18032648,-0.9806902,0.0756875,-0.22936855,-0.03290163,-0.97278315,,,
0.95647006,-0.19279792,-0.2190753,-0.18030479,-0.98068173,0.07585189,-0.22946723,-0.03304973,-0.9727551,,,
0.956448826,-0.192756644,-0.219204279,-0.180258757,-0.980690357,0.0758485429,-0.229591856,-0.0330317568,-0.972726211,-0.0077657504,-0.00378710032,-0.000564255985
0.956404624,-0.192632442,-0.219506121,-0.18012285,-0.980716075,0.0758402792,-0.229882478,-0.0329959258,-0.972658894,-0.00703692622,4.74452972e-05,-0.00692188414
0.95637996,-0.19253583,-0.21969826,-0.17995983,-0.98072719,0.07608237,-0.23011265,-0.03322679,-0.97259654,,,
0.95635862,-0.19252257,-0.21980274,-0.17988446,-0.98072201,0.07632783,-0.23026022,-0.03345768,-0.97255377,,,
0.95631761,-0.19256573,-0.2199433,-0.17974811,-0.98068888,0.07706905,-0.23053684,-0.0341681,-0.97246337,0.00427327,-0.00580961,0.00376143
0.95627826,-0.19262263,-0.22006456,-0.17968491,-0.98066176,0.07756295,-0.23074926,-0.03462949,-0.97239691,0.00704572,-0.00777864,0.00534596
0.95625858,-0.19264172,-0.22013333,-0.17966303,-0.98065246,0.07772699,-0.23084781,-0.03477727,-0.97236792,0.00735804,-0.01049018,0.00666006
0.95621919,-0.19264262,-0.22030361,-0.17965852,-0.98065366,0.0777236,-0.23101445,-0.03474138,-0.97232973,,,
0.95619948,-0.19261499,-0.22041326,-0.17968569,-0.98066842,0.07747316,-0.23107487,-0.03447468,-0.97232479,,,
0.95619948,-0.19261499,-0.22041326,-0.17968569,-0.98066842,0.07747316,-0.23107487,-0.03447468,-0.97232479,,,
0.95616755,-0.19240836,-0.22073203,-0.17928794,-0.98068318,0.07820506,-0.23151553,-0.03520254,-0.97219393,,,
0.95616403,-0.1923907,-0.22076268,-0.17913138,-0.98066569,0.07878143,-0.23165123,-0.03578244,-0.97214047,,,
0.95612451,-0.19252281,-0.22081868,-0.17898913,-0.98059821,0.07993721,-0.23192415,-0.03690578,-0.97203347,,,
0.95610652,-0.1926585,-0.22077826,-0.17893238,-0.98054092,0.08076477,-0.23204211,-0.03771535,-0.97197441,0.00782205,-0.00321877,0.00438424
0.95610829,-0.19273743,-0.22070166,-0.17893699,-0.98051242,0.08109739,-0.23203124,-0.03804619,-0.9719639,0.00552679,-0.00164366,0.00416261
0.95609205,-0.1928959,-0.22063356,-0.17894384,-0.98045633,0.08176089,-0.23209287,-0.03868992,-0.97192405,0.00698875,0.00193572,0.00440176
0.95609028,-0.19291977,-0.22062032,-0.17883105,-0.98042827,0.08233782,-0.23218703,-0.03926862,-0.97187799,,,
0.956090284,-0.192957141,-0.220587646,-0.178791728,-0.98040777,0.0826685021,-0.232217325,-0.0395993046,-0.971857483,-0.00054724596,-0.00246906281,-0.00449128868
0.95604895,-0.19301035,-0.22072017,-0.17864439,-0.98036483,0.08348949,-0.23250068,-0.04038962,-0.97175698,,,
0.95600578,-0.19304091,-0.22088042,-0.17843322,-0.98031913,0.08447348,-0.23284016,-0.04134473,-0.97163566,,,
0.95595889,-0.19305416,-0.22107168,-0.17806469,-0.98025091,0.08603081,-0.2333143,-0.04287686,-0.97145571,,,
0.95595889,-0.19305416,-0.22107168,-0.17806469,-0.98025091,0.08603081,-0.2333143,-0.04287686,-0.97145571,,,
0.95595707,-0.1931435,-0.22100148,-0.17788256,-0.98018189,0.08718356,-0.23346062,-0.04403143,-0.97136867,,,
0.95597692,-0.19319866,-0.22086741,-0.17782604,-0.98014815,0.08768015,-0.23342244,-0.04454422,-0.97135476,,,
0.9559751,-0.19322255,-0.22085437,-0.17771293,-0.98011683,0.08825522,-0.23351599,-0.04512111,-0.97130543,,,
0.95595525,-0.193260752,-0.22090686,-0.177670773,-0.980094969,0.088582959,-0.233629312,-0.045432652,-0.971263718,0.00205986947,-0.00547677279,-0.000971434347
0.955929896,-0.193184185,-0.221083487,-0.177486398,-0.980091828,0.0889875111,-0.233873077,-0.0458265125,-0.971186647,0.00051283167,-0.00882309675,0.00108353852
0.95593681,-0.19291232,-0.22129086,-0.17716063,-0.98013657,0.08914099,-0.23409169,-0.04600912,-0.97112509,,,
0.9559511,-0.19279665,-0.22132994,-0.17702115,-0.98015476,0.08921967,-0.23413885,-0.04610957,-0.97110911,0.0052294,0.00138664,-0.00366271
0.956003272,-0.192619042,-0.221259228,-0.176862802,-0.980190957,0.0891354284,-0.234045488,-0.046081233,-0.971132904,0.00659384532,-0.00317817926,-0.000745238969
0.9560666,-0.19269901,-0.22091569,-0.17695926,-0.98017275,0.08914478,-0.23371365,-0.04613527,-0.97121031,0.00347084,-0.009085,0.00221032
0.95607399,-0.19285515,-0.22074738,-0.17714557,-0.98014579,0.08906975,-0.2335422,-0.04605285,-0.97125533,-0.00411234,-0.00666445,0.00494576
0.95605801,-0.19336689,-0.22036861,-0.17774308,-0.98005825,0.08884271,-0.23315334,-0.04576978,-0.97136216,-0.0081692,-0.00855833,0.00162718
0.95604156,-0.19385081,-0.22001456,-0.17836995,-0.97998735,0.08836806,-0.23274171,-0.04523955,-0.97148579,-0.00882566,-0.00214911,0.0016456
0.95601253,-0.19408226,-0.21993659,-0.17864874,-0.97995062,0.08821014,-0.23264707,-0.0450386,-0.97151762,-0.00826868,-0.00604427,0.00392945
0.95597996,-0.19424031,-0.21993867,-0.17882952,-0.97992517,0.08813132,-0.23264204,-0.04492026,-0.97152474,0.00449205,-0.00895947,0.0053699
0.95597299,-0.19407477,-0.22011502,-0.17865315,-0.97995764,0.0881243,-0.23280612,-0.04492021,-0.9714851,0.00413477,-0.00337505,0.00677598
0.95598574,-0.19389905,-0.22021446,-0.17848933,-0.97999533,0.08803661,-0.23287939,-0.04485581,-0.97147048,0.0075917,0.00315022,0.00130539
0.95601648,-0.19366245,-0.22028922,-0.17830381,-0.98005188,0.08778403,-0.23289534,-0.04464457,-0.9714765,0.007091,0.01192975,0.00218194
0.95601648,-0.19366245,-0.22028922,-0.17830381,-0.98005188,0.08778403,-0.23289534,-0.04464457,-0.9714765,0.007091,0.01192975,0.00218194
0.95605251,-0.19368016,-0.22011721,-0.17811286,-0.98000476,0.0886904,-0.23289354,-0.04558697,-0.97143293,0.00183966,-0.00221306,-0.01007533
0.955996691,-0.193914358,-0.220153474,-0.178035448,-0.979899186,0.090006331,-0.23318171,-0.0468506341,-0.971304011,0.000962058082,-0.00333082676,-0.00832859986
0.95602178,-0.1941858,-0.21980497,-0.17801339,-0.97978068,0.09133009,-0.23309565,-0.04818533,-0.97125935,0.00198614,-0.00555003,-0.00624242
0.95602354,-0.19430122,-0.2196953,-0.17797893,-0.97972531,0.09198987,-0.23311475,-0.04884335,-0.971222,0.00410885,-0.00684804,-0.00446822
0.956043313,-0.19441118,-0.219511909,-0.177863946,-0.979652764,0.0929781356,-0.233121431,-0.049847871,-0.971169215,-0.000935715972,-0.00720334053,0.00235878024
0.95602178,-0.1944635,-0.2195593,-0.17771856,-0.97960089,0.09379626,-0.23332048,-0.0506515,-0.97107956,-0.00304555,-0.00363135,0.00411128
0.95601825,-0.19439024,-0.21963954,-0.17762031,-0.97961125,0.0938749,-0.23340977,-0.05073367,-0.97105389,,,
0.95601471,-0.19436323,-0.21967888,-0.17747289,-0.97959099,0.09436412,-0.2335364,-0.05122644,-0.97099759,0.00564763,0.0073545,0.00500813
0.95603626,-0.19451421,-0.21945134,-0.17740218,-0.97950829,0.09535297,-0.23350188,-0.05222975,-0.9709527,0.00989971,0.00230348,0.00688586
0.95604156,-0.19469323,-0.21926945,-0.17747599,-0.97944635,0.09585068,-0.23342412,-0.05272217,-0.97094479,,,
0.95604156,-0.19469323,-0.21926945,-0.17747599,-0.97944635,0.09585068,-0.23342412,-0.05272217,-0.97094479,,,
0.95607005,-0.19502689,-0.21884825,-0.177563,-0.97931617,0.09700949,-0.23324113,-0.05388851,-0.97092442,,,
0.95609152,-0.19507599,-0.21871066,-0.17760059,-0.97930094,0.09709497,-0.23312448,-0.05398853,-0.97094693,,,
0.95612925,-0.19506896,-0.21855192,-0.17752333,-0.97928218,0.09742463,-0.23302856,-0.05435247,-0.97094963,,,
0.95612753,-0.19511047,-0.21852242,-0.17739084,-0.97923267,0.09816071,-0.23313652,-0.05509028,-0.97088212,0.00569805,-0.01039147,0.00276708
0.9561258,-0.19511524,-0.21852574,-0.17729755,-0.97920861,0.09856866,-0.23321457,-0.05549996,-0.97084006,,,
0.956124062,-0.19514754,-0.218504478,-0.17717484,-0.979164756,0.0992222401,-0.233314906,-0.0561552709,-0.970778212,0.00770899653,-0.00936639309,0.000369058456
0.95614379,-0.19519204,-0.21837841,-0.17712906,-0.9791316,0.09963357,-0.23326885,-0.05658286,-0.97076478,0.00608183,-0.00147831,0.0026284
0.95614379,-0.19521037,-0.21836201,-0.17710947,-0.97911841,0.09979728,-0.23328372,-0.05674657,-0.97075159,,,
0.95613098,-0.19541289,-0.21823692,-0.17724442,-0.97905981,0.10012998,-0.23323372,-0.05705609,-0.97074525,0.00212807,0.00375175,0.00309774
0.95607869,-0.19561825,-0.218282,-0.1773729,-0.97900273,0.10045903,-0.23335035,-0.05732942,-0.97070101,,,
0.95607869,-0.19563658,-0.21826558,-0.17735331,-0.97898953,0.10062274,-0.23336525,-0.05749313,-0.97068782,,,
0.95605895,-0.19568386,-0.21830963,-0.17730107,-0.97895696,0.1010301,-0.23348575,-0.05788419,-0.97063552,0.0035945,-0.00823134,-0.00158384
0.95607525,-0.19562771,-0.21828861,-0.17718622,-0.97895272,0.10127393,-0.23350624,-0.05814776,-0.97061499,0.00346751,-0.00357574,0.00261561
0.95605723,-0.19568861,-0.21831293,-0.17720771,-0.97893196,0.10143756,-0.23356369,-0.05829338,-0.97059251,0.00419967,-0.00367761,0.00458895
0.956057231,-0.195716098,-0.218288304,-0.177178307,-0.978911937,0.101682989,-0.233586006,-0.0585388068,-0.970572485,-0.000837765867,-1.45435333e-05,0.00800018385
0.95605723,-0.19577102,-0.21823902,-0.1771195,-0.97887118,0.10217364,-0.23363058,-0.05902946,-0.97053173,,,
0.95607525,-0.19575589,-0.21817369,-0.17704905,-0.97885848,0.10241889,-0.23361027,-0.05929272,-0.97052076,-0.00434018,-0.00401682,-0.00445044
0.95620293,-0.19559925,-0.21775416,-0.17669845,-0.97882697,0.10331971,-0.23335296,-0.06031778,-0.97051929,,,
0.9562603,-0.19558085,-0.21751868,-0.17663487,-0.97881236,0.10356835,-0.23316596,-0.06061692,-0.9705458,,,
0.95637318,-0.19549366,-0.21710036,-0.1764732,-0.9787976,0.10398188,-0.23282514,-0.06113308,-0.97059516,0.00119107,-0.00518906,0.00807146
0.95646796,-0.19543075,-0.21673912,-0.1763722,-0.97878903,0.10423208,-0.23251209,-0.06146788,-0.97064889,0.00136935,-0.00881273,0.00167742
0.956505506,-0.195386464,-0.216613355,-0.176334625,-0.978795885,0.10423379,-0.232386136,-0.0615037588,-0.970677052,0.000574411242,-0.00628489256,0.00567407534
0.956521735,-0.195330009,-0.216592568,-0.176219968,-0.978790231,0.104477018,-0.232406273,-0.0617665944,-0.970655168,-0.00120662816,-0.00610107183,0.000668542809
0.95651664,-0.19527057,-0.21666869,-0.17601846,-0.97876641,0.1050436,-0.23257992,-0.06233827,-0.97057759,,,
0.956513232,-0.195206719,-0.216741263,-0.175910048,-0.978768601,0.105203374,-0.23267594,-0.0625014542,-0.970543943,0.00161646237,-0.00572174788,-0.000904844317
0.95652428,-0.19502735,-0.21685395,-0.17566196,-0.97878745,0.10544149,-0.23281791,-0.06276435,-0.97049284,,,
0.95653527,-0.19484796,-0.21696672,-0.17541382,-0.97880632,0.10567939,-0.23295981,-0.0630271,-0.97044179,,,
0.95655143,-0.19478247,-0.21695425,-0.17530888,-0.97880773,0.10584087,-0.23297244,-0.06320823,-0.97042703,0.00115342,0.00389004,-0.00404739
0.95656759,-0.19475329,-0.21690918,-0.1751649,-0.9787804,0.10632867,-0.23301436,-0.06371568,-0.97038355,0.00297447,0.00105739,-0.00428509
0.956549687,-0.194832292,-0.216917185,-0.175166853,-0.978744523,0.106654913,-0.23308638,-0.0640240182,-0.97034592,-0.000239537389,-0.00532633066,-0.00265599252
0.956549687,-0.194850447,-0.216900893,-0.175147359,-0.978730388,0.106817985,-0.233101044,-0.0641870902,-0.970331785,0.00314067258,-0.00737267733,0.000776820292
0.95656934,-0.19485777,-0.21680765,-0.17514115,-0.97872252,0.10690134,-0.23302508,-0.0642866,-0.97034356,0.00539899,-0.00714624,0.00152479
0.95662824,-0.19486152,-0.21654418,-0.17514204,-0.97871261,0.10698807,-0.23278243,-0.06442182,-0.97039257,0.0020917,-0.00506514,-0.00138074
0.95664787,-0.19486882,-0.2164509,-0.17513586,-0.97870477,0.10707142,-0.23270643,-0.06452133,-0.97040435,0.00198416,-0.00607949,-0.00098794
0.95666575,-0.19485326,-0.21638587,-0.17506573,-0.97869072,0.10731601,-0.23268569,-0.0647838,-0.97039203,0.00240725,-0.00525296,0.002433
0.956660552,-0.194739468,-0.21651125,-0.174922431,-0.978707665,0.107392346,-0.232814786,-0.0648653435,-0.970355312,-0.000247953925,-0.00286722183,0.00697006751
0.956657065,-0.194648529,-0.216608421,-0.17484318,-0.978731297,0.107307233,-0.232888644,-0.0647837165,-0.970343177,2.67138239e-05,0.00265228748,0.0067695966
0.95670896,-0.19451563,-0.21649859,-0.17463688,-0.9787324,0.10763168,-0.23283026,-0.06516355,-0.97033165,,,
0.95672857,-0.19462239,-0.21631587,-0.17452365,-0.97864446,0.10861141,-0.23283455,-0.0661594,-0.97026333,-0.00527803,-0.00224978,-0.01119605
0.95673032,-0.19474463,-0.21619809,-0.17448059,-0.9785701,0.10934621,-0.23285963,-0.06689246,-0.97020684,-0.00127061,-0.00109398,-0.01072881
0.95669806,-0.19508352,-0.21603528,-0.17446659,-0.97839812,0.11089648,-0.23300264,-0.06840351,-0.97006713,0.00170705,-0.00730878,-0.00521043
0.95669806,-0.19508352,-0.21603528,-0.17446659,-0.97839812,0.11089648,-0.23300264,-0.06840351,-0.97006713,0.00170705,-0.00730878,-0.00521043
0.95668191,-0.19538354,-0.21583558,-0.17431851,-0.97820119,0.11285012,-0.23317972,-0.07033752,-0.96988634,0.001508,-0.01216936,0.00552873
0.95664093,-0.19543692,-0.2159689,-0.1741689,-0.97813482,0.11365757,-0.23345952,-0.07111442,-0.96976284,-0.0011254,-0.00765657,-0.00340715
0.95657848,-0.19538857,-0.21628897,-0.17403884,-0.97813026,0.11389247,-0.23381209,-0.07130441,-0.96966355,,,
0.95657495,-0.195316,-0.21637012,-0.17393979,-0.97813886,0.11397018,-0.23390023,-0.07138564,-0.96963635,,,
0.956585735,-0.195155095,-0.216467583,-0.17367163,-0.978139866,0.114369093,-0.234055316,-0.071809562,-0.969567543,0.00191286893,0.000707030296,0.00989367347
0.95662152,-0.19515954,-0.21630539,-0.17349251,-0.97807661,0.11518111,-0.23404191,-0.07265737,-0.96950786,0.00618438,-0.00579524,0.00587947
0.9566233,-0.19523634,-0.21622818,-0.17349817,-0.9780371,0.11550752,-0.23403043,-0.07298199,-0.96948623,0.0047223,-0.00731051,0.00723158
0.956662625,-0.19529505,-0.216001059,-0.173437797,-0.977979874,0.116079071,-0.233914396,-0.073585757,-0.969468332,0.00138225465,-0.00547295809,0.000555330538
0.956664396,-0.195353779,-0.215940097,-0.173462999,-0.977955916,0.11624308,-0.233888462,-0.0737479947,-0.969462254,-0.000375487842,-0.00383543968,-0.0054614027
0.95668228,-0.19531086,-0.2158997,-0.17342225,-0.97796328,0.11624315,-0.23384554,-0.07376595,-0.96947139,-0.00296639,-0.00813305,-0.00143074
0.95669838,-0.1952002,-0.21592841,-0.17336605,-0.97800215,0.11599791,-0.23382132,-0.07354035,-0.96949415,,,
0.95669661,-0.19512346,-0.21600565,-0.17336033,-0.97804213,0.11567158,-0.23383285,-0.07321579,-0.96951625,0.00253023,-0.00429285,0.0015988
0.956714478,-0.195062538,-0.215981494,-0.173339051,-0.978064808,0.115509259,-0.233775475,-0.0730713489,-0.969540711,0.00222861953,-0.000138044357,0.00463087671
0.95673412,-0.1950424,-0.21591266,-0.17336247,-0.97807955,0.1153487,-0.2336777,-0.07292688,-0.9695751,,,
0.95677515,-0.195060891,-0.215714074,-0.173434444,-0.978085595,0.115191717,-0.23345622,-0.0728003222,-0.969638271,0.00380965509,0.000675797462,0.00563209178
0.95677867,-0.1951424,-0.21562473,-0.17352379,-0.97806928,0.1151952,-0.2333754,-0.07280029,-0.96965767,,,
0.956782169,-0.195187987,-0.215567901,-0.173652022,-0.978084058,0.114874008,-0.233265612,-0.0724755955,-0.969708168,-0.000435509719,-0.00471967459,0.00335846283
0.956805249,-0.195204547,-0.21545046,-0.173813293,-0.978121654,0.114310841,-0.233050757,-0.0719250585,-0.969801077,0.00242067897,-0.0103862286,-0.000547310687
0.95680525,-0.1951686,-0.21548301,-0.17385216,-0.97815251,0.11398591,-0.23302175,-0.07160013,-0.96983194,0.00480752,-0.00467336,0.00131739
0.95682311,-0.19505382,-0.21550766,-0.17388909,-0.97822163,0.11333593,-0.23292086,-0.07096801,-0.96990279,,,
0.95681963,-0.19490024,-0.21566199,-0.17387755,-0.97829917,0.11268232,-0.23294376,-0.07031787,-0.96994463,,,
0.95681788,-0.19482341,-0.21573914,-0.17387182,-0.97833771,0.11235532,-0.2329552,-0.06999262,-0.96996531,,,
0.95681613,-0.19470151,-0.21585689,-0.17391471,-0.97841394,0.1116217,-0.23293036,-0.06926075,-0.9700237,,,
0.956832228,-0.194500644,-0.215966623,-0.173955665,-0.978527024,0.110562334,-0.232833651,-0.0682209841,-0.970120678,-0.00332645955,-0.00452744961,-0.000754927634
0.95683223,-0.19441945,-0.21603974,-0.1740432,-0.97859417,0.10982972,-0.23276825,-0.06748837,-0.97018782,-0.0012721,-0.00716984,0.00294096
0.95685357,-0.19427787,-0.21607255,-0.17428587,-0.97873204,0.10820401,-0.23249877,-0.065877,-0.97036314,,,
0.956891,-0.19400732,-0.21614988,-0.17449146,-0.97891848,0.10616723,-0.23219032,-0.06387417,-0.97057091,0.00429103,0.00336194,0.00470485
0.95687142,-0.19388228,-0.21634864,-0.17462403,-0.97901793,0.10502279,-0.23217132,-0.06271363,-0.97065078,0.00331779,-0.00568032,0.00551129
0.95687142,-0.19388228,-0.21634864,-0.17462403,-0.97901793,0.10502279,-0.23217132,-0.06271363,-0.97065078,0.00331779,-0.00568032,0.00551129
0.95687142,-0.19388228,-0.21634864,-0.17462403,-0.97901793,0.10502279,-0.23217132,-0.06271363,-0.97065078,0.00331779,-0.00568032,0.00551129
0.95693925,-0.19309403,-0.21675325,-0.17494459,-0.97946679,0.10019617,-0.23164988,-0.05796184,-0.97107097,0.00185556,-0.00546134,0.00488315
0.95697489,-0.19273575,-0.21691472,-0.17515396,-0.97967768,0.0977387,-0.23134424,-0.05554001,-0.97128537,0.00328406,-0.00494534,0.00799692
0.95701227,-0.1925551,-0.21691019,-0.17526168,-0.97977983,0.09651036,-0.23110786,-0.05434555,-0.97140884,,,
0.95707092,-0.19197594,-0.21716463,-0.17588253,-0.98016425,0.09134049,-0.23039222,-0.04922386,-0.97185192,,,
0.95705312,-0.19189931,-0.21731077,-0.17605008,-0.98023342,0.09027091,-0.2303382,-0.04813648,-0.97191934,0.00333612,0.00250816,0.00321575
0.95703357,-0.19169852,-0.21757392,-0.17626101,-0.98036068,0.08845739,-0.2302581,-0.04630689,-0.97202706,0.00534421,0.00325704,0.00372136
0.95701052,-0.19144202,-0.21790093,-0.17635479,-0.98048442,0.086886,-0.23028211,-0.04472294,-0.97209562,0.0031165,-0.0050022,0.0023669
0.95699095,-0.19135082,-0.21806691,-0.1764494,-0.98054028,0.08605945,-0.23029095,-0.04388034,-0.97213192,0.00353397,-0.00626755,0.00408793
0.95698211,-0.19094984,-0.21845682,-0.17643359,-0.98069436,0.08431724,-0.23033978,-0.04214697,-0.97219693,-0.00192231,-0.00407207,-0.00336201
0.95701417,-0.190569779,-0.218648209,-0.176486626,-0.98084688,0.0824134844,-0.230165921,-0.0402823889,-0.972317382,-0.00012008936,-0.00491929054,-0.00129907229
0.957069357,-0.190382888,-0.218569434,-0.176513151,-0.980917799,0.081505696,-0.229915961,-0.0394262224,-0.972411448,-0.000484822522,-0.00658965111,-0.000107985048
0.95716715,-0.19017621,-0.21832099,-0.17673916,-0.98102604,0.07969415,-0.22933451,-0.03769475,-0.97261748,-0.00350186,-0.00543171,0.00418925
0.95726649,-0.19006703,-0.21798025,-0.17695012,-0.98109386,0.07837952,-0.22875647,-0.03645846,-0.97280065,,,
0.957307204,-0.190052136,-0.217814367,-0.177056794,-0.98111374,0.0778876056,-0.228503402,-0.0359968498,-0.97287727,0.000142390956,0.00909543037,0.00466352468
0.95733355,-0.19019038,-0.21757779,-0.17726375,-0.98109541,0.07764762,-0.22823242,-0.03576601,-0.97294941,,,
0.957319213,-0.190315733,-0.217531247,-0.177393161,-0.981071774,0.0776510385,-0.228191999,-0.0357482737,-0.972959566,-0.000736501301,-0.00174427032,-0.00980802067
0.957320913,-0.1903481,-0.217495432,-0.177446739,-0.981068415,0.0775697589,-0.228143194,-0.0356652937,-0.972973956,-0.000140814343,-0.00580102205,-0.00388788828
0.95730824,-0.19050583,-0.21741309,-0.17762971,-0.98104142,0.07749195,-0.22805396,-0.03556465,-0.97299853,0.00620579,-0.00934476,-0.00145497
0.95729553,-0.19059904,-0.21738739,-0.17788039,-0.98104792,0.0768338,-0.22791191,-0.0348837,-0.97305662,0.00502772,-0.00379586,0.00395357
0.95726335,-0.19059109,-0.217536,-0.17823514,-0.98110545,0.0752611,-0.22776986,-0.03327213,-0.97314632,-0.00306332,0.00819731,0.00532805
0.957206691,-0.190615439,-0.217763841,-0.178291817,-0.981107846,0.0750916457,-0.227963515,-0.0330527078,-0.973108159,-0.00492663588,0.0129909515,0.000188138802
0.95716777,-0.19066252,-0.21789371,-0.17823902,-0.98108618,0.0755034,-0.22816818,-0.03343226,-0.97304757,-0.00365188,0.01164556,-0.00334933
0.95707712,-0.19108098,-0.21792532,-0.1781416,-0.9809289,0.07774061,-0.22862405,-0.03558219,-0.97286407,-0.00405697,-0.00442916,-0.00401313
0.95700924,-0.19165586,-0.21771852,-0.17805632,-0.9807103,0.0806424,-0.22897439,-0.03840936,-0.97267435,0.00225507,-0.0155015,-0.00145749
0.95697527,-0.1919108,-0.21764321,-0.17804755,-0.98061585,0.0818021,-0.22912309,-0.03953174,-0.97259438,0.00309877,-0.01070529,0.00491152
0.95686825,-0.19232064,-0.21775193,-0.17813155,-0.98048205,0.08320739,-0.22950443,-0.04083002,-0.97245051,0.00667839,0.00126672,0.00761257
0.95675774,-0.19262929,-0.21796465,-0.17814658,-0.98037399,0.08444317,-0.2299531,-0.041962,-0.97229665,0.00647199,0.00533891,0.00731234
0.95670411,-0.19286662,-0.21799018,-0.17815421,-0.9802869,0.08543381,-0.23017022,-0.04289901,-0.97220451,0.00587248,0.00399446,0.0010987
0.956648763,-0.19324663,-0.21789647,-0.177922938,-0.980095066,0.0880710233,-0.23057875,-0.0454842491,-0.971989733,-0.000835366664,-0.0103821754,-0.00730351266
0.95662409,-0.19336262,-0.21790191,-0.1775346,-0.97997152,0.09020576,-0.23098011,-0.04760787,-0.97179292,0.00310368,-0.01737887,-0.01017977
0.95661897,-0.19331217,-0.21796916,-0.17732418,-0.97994932,0.09085904,-0.2311629,-0.04826628,-0.97171702,0.00177514,-0.013246,-0.00586466
0.95667092,-0.19321721,-0.21782528,-0.17707812,-0.97993278,0.09151549,-0.2311365,-0.04897812,-0.97168773,-0.00625639,-0.00997871,-0.00120355
0.9567297,-0.19318644,-0.21759432,-0.17711595,-0.97994847,0.09127381,-0.23086408,-0.04878494,-0.97176221,-0.00553291,-0.00311065,-0.00184545
0.95677054,-0.19320726,-0.21739617,-0.17718532,-0.97995069,0.09111435,-0.2306415,-0.04865612,-0.97182144,-0.00760807,0.00125253,-0.0042903
0.95683255,-0.19324091,-0.21709313,-0.1773308,-0.97996183,0.09071145,-0.23027215,-0.04829837,-0.97192693,-0.00793838,-0.00216997,-0.01052086
0.95684873,-0.19308394,-0.21716146,-0.17732297,-0.98002405,0.09005129,-0.23021094,-0.04765775,-0.97197298,-0.0060856,-0.00161767,-0.00982225
0.956863207,-0.192931458,-0.217233191,-0.177222488,-0.980065394,0.0898009566,-0.23022814,-0.0474286268,-0.971980312,-0.00512345694,0.000474572182,-0.00745119434
0.956915045,-0.192763031,-0.217154344,-0.177054336,-0.980095827,0.0897992087,-0.230142038,-0.0474820954,-0.971997973,-0.00296216831,0.000344991684,-0.00591638545
0.9569524,-0.19278368,-0.2169713,-0.17694789,-0.98006183,0.09037714,-0.23006855,-0.048094,-0.97198519,,,
0.95697023,-0.19278704,-0.21688969,-0.17685807,-0.98004005,0.09078866,-0.23006347,-0.04852335,-0.9719651,-0.00136867,-0.00648558,0.00457389
0.956970228,-0.192878437,-0.216808403,-0.176761083,-0.979980895,0.0916113903,-0.23013799,-0.0493460816,-0.971905938,-0.00440768711,-0.00720977783,0.000970312278
0.956989736,-0.192977743,-0.216633886,-0.176657364,-0.979914722,0.0925175233,-0.230136537,-0.0502683508,-0.971859272,-0.00573738664,0.00012588501,-0.00239568856
0.95697191,-0.19310228,-0.21660163,-0.17661137,-0.97985283,0.09325732,-0.23024592,-0.05099033,-0.97179569,,,
0.95691842,-0.19341197,-0.21656164,-0.17654114,-0.9797077,0.09490013,-0.23052193,-0.05257965,-0.97164552,-0.00364805,-0.0035643,0.00198718
0.95685208,-0.19389673,-0.21642125,-0.17663508,-0.97952186,0.09662837,-0.23072526,-0.05423148,-0.9715065,-0.00114077,-0.0059129,0.0055784
0.95682137,-0.19418714,-0.21629661,-0.17676302,-0.97942514,0.09737151,-0.23075464,-0.05493389,-0.97146001,0.00209201,-0.00836241,0.00405449
0.95682137,-0.19418714,-0.21629661,-0.17676302,-0.97942514,0.09737151,-0.23075464,-0.05493389,-0.97146001,0.00209201,-0.00836241,0.00405449
0.9567322,-0.19510365,-0.21586584,-0.17727447,-0.97914143,0.09927426,-0.230732,-0.05671137,-0.97136302,-0.00184923,-0.00803006,-0.00299906
0.95671916,-0.19529674,-0.215749,-0.17741955,-0.97908988,0.09952486,-0.23067455,-0.05693924,-0.97136351,-0.00281571,-0.00193405,-0.00398268
0.95670127,-0.19540269,-0.21573235,-0.17739284,-0.97903601,0.10009798,-0.23076923,-0.05749449,-0.97130803,0.00165244,0.00382447,-0.00707767
0.95662159,-0.19545819,-0.21603524,-0.17723845,-0.97898104,0.1009083,-0.23121777,-0.0582413,-0.9711571,,,
0.95658088,-0.19547454,-0.21620064,-0.1771292,-0.97895048,0.10139437,-0.23146978,-0.05869647,-0.97106956,,,
0.95658088,-0.19547454,-0.21620064,-0.1771292,-0.97895048,0.10139437,-0.23146978,-0.05869647,-0.97106956,,,
0.95645844,-0.19548774,-0.21672975,-0.17683986,-0.97888504,0.10252443,-0.23219583,-0.05973389,-0.97083287,0.00499063,0.0010581,0.00219686
0.95641921,-0.19550908,-0.21688361,-0.17681366,-0.97887337,0.10268464,-0.23237733,-0.05986158,-0.97078198,,,
0.95632102,-0.195526,-0.21730093,-0.17678708,-0.97887026,0.10275794,-0.23280128,-0.05985358,-0.97068067,-0.00228469,-0.00210822,-0.00437962
0.95629623,-0.1954318,-0.21749468,-0.17662121,-0.97887514,0.10299629,-0.23302891,-0.06008079,-0.970612,0.00536389,-0.00422347,-0.00731957
0.956312477,-0.195366362,-0.217482015,-0.176516195,-0.978877025,0.103158065,-0.233041788,-0.0602622444,-0.970597636,0.0065829223,0.000498533249,-0.0059635113
0.95642871,-0.19542494,-0.21691754,-0.17637509,-0.97879789,0.10414701,-0.23267135,-0.06135034,-0.9706185,0.01661855,0.01088357,-0.00442073
0.95662636,-0.19561231,-0.21587457,-0.17627904,-0.9786555,0.10563508,-0.2319304,-0.06299914,-0.97068999,0.01414571,0.0035398,-0.00484663
0.95670453,-0.19568666,-0.2154604,-0.1762058,-0.97858864,0.10637614,-0.23166348,-0.06380517,-0.9707013,0.00858368,-0.00229573,-0.00490153
0.95671107,-0.19598552,-0.21515948,-0.17623844,-0.97844805,0.10760589,-0.23161161,-0.06502837,-0.97063226,-0.00248871,-0.00519019,-0.01111908
0.95660369,-0.19640398,-0.2152553,-0.17630942,-0.97827269,0.10907266,-0.23200077,-0.06638776,-0.97044713,-0.00969065,-0.00859439,-0.00368718
0.95653203,-0.19666506,-0.21533539,-0.17637594,-0.97816996,0.10988722,-0.23224557,-0.06713066,-0.97033788,-0.01352343,-0.01534349,0.0045519
0.95640811,-0.19715834,-0.21543469,-0.17654145,-0.97798318,0.11127231,-0.23262983,-0.06838858,-0.97015766,-0.01282596,-0.01753926,0.01094282
0.9563379,-0.19739739,-0.21552744,-0.17672026,-0.97792304,0.11151803,-0.23278264,-0.06856085,-0.97010899,-0.01259904,-0.01065391,0.00140331
0.95631994,-0.19740416,-0.21560092,-0.17679998,-0.97794555,0.11119259,-0.23279589,-0.06821744,-0.97012988,-0.01171566,-0.00750709,0.00430895
0.95627421,-0.19712736,-0.21605654,-0.17674074,-0.9780772,0.1101248,-0.23302861,-0.06712351,-0.97015043,,,
0.95627421,-0.19712736,-0.21605654,-0.17674074,-0.9780772,0.1101248,-0.23302861,-0.06712351,-0.97015043,,,
0.95609669,-0.19661564,-0.21730487,-0.17621571,-0.97821242,0.10976563,-0.23415196,-0.06665402,-0.96991242,0.00637028,0.0090909,-0.00407566
0.95608283,-0.19632493,-0.21762844,-0.17582013,-0.9782485,0.11007737,-0.23450564,-0.06697962,-0.96980447,0.00901232,-0.00987267,0.00101519
0.95608283,-0.19632493,-0.21762844,-0.17582013,-0.9782485,0.11007737,-0.23450564,-0.06697962,-0.96980447,0.00901232,-0.00987267,0.00101519
0.95619999,-0.19564834,-0.21772298,-0.17549729,-0.97848009,0.10852114,-0.23426965,-0.06555811,-0.96995839,0.01255055,-0.01740277,0.00857192
0.95627187,-0.19526799,-0.21774873,-0.1755588,-0.97867524,0.10664612,-0.23392992,-0.06375498,-0.97016061,0.00681424,-0.00830346,0.00222512
0.95630956,-0.19505951,-0.21777008,-0.17569752,-0.97880914,0.10517906,-0.23367157,-0.06232207,-0.970316,0.00152525,0.00297153,-0.0039621
0.95630956,-0.19501389,-0.21781093,-0.17574645,-0.97884401,0.10477083,-0.23363476,-0.06191384,-0.97035087,,,
0.956359876,-0.194767443,-0.217810524,-0.175573669,-0.97891048,0.1044408,-0.233558704,-0.0616411952,-0.970386736,0.000414312817,-8.85725021e-05,-0.00547809992
0.95640837,-0.19445256,-0.21787894,-0.17538581,-0.97900566,0.10386367,-0.23350128,-0.0611232,-0.97043342,,,
0.95644066,-0.19423957,-0.21792716,-0.17526382,-0.97907115,0.10345165,-0.2334606,-0.06075062,-0.97046663,0.00279299,0.00669336,-0.00258038
0.956474713,-0.194021913,-0.217971618,-0.175235161,-0.97916261,0.102632546,-0.233342596,-0.0599691453,-0.97054374,-0.00122422772,0.0077354908,-0.000279021828
0.956510545,-0.193918403,-0.217906487,-0.175172604,-0.979190965,0.102469081,-0.23324267,-0.0598415131,-0.970575679,-0.00617731642,-9.00030136e-05,0.00351124955
0.95654636,-0.19383314,-0.21782509,-0.17509049,-0.9792052,0.10246896,-0.23315741,-0.05987721,-0.97059349,-0.00595155,-0.00655091,0.00474237
0.95659466,-0.19356386,-0.21785246,-0.17485365,-0.97926551,0.10230013,-0.233137,-0.05976746,-0.97060551,-0.00291242,-0.01145685,0.00415733
0.95664471,-0.19332646,-0.21784348,-0.17467099,-0.97932399,0.10205113,-0.23306854,-0.05957574,-0.97063364,0.0019218,-0.00804675,0.00586861
0.95666259,-0.19326556,-0.217818972,-0.174649459,-0.979344776,0.10188755,-0.233011261,-0.0594300384,-0.970656232,0.00079388608,-0.00900971889,0.00252668513
0.95667865,-0.19314532,-0.21785508,-0.17460307,-0.97938719,0.10155861,-0.23298008,-0.05912078,-0.97068258,-0.00487966,-0.00149775,0.0021782
0.95667865,-0.1931636,-0.21783888,-0.17458353,-0.97937376,0.1017222,-0.23299473,-0.05928438,-0.97066915,,,
0.95666078,-0.19322449,-0.21786338,-0.17460505,-0.97935297,0.10188578,-0.23305199,-0.05943009,-0.97064655,,,
0.95660167,-0.19326568,-0.21808625,-0.17455594,-0.97932797,0.10220743,-0.23333122,-0.05970354,-0.97056243,,,
0.95660167,-0.19326568,-0.21808625,-0.17455594,-0.97932797,0.10220743,-0.23333122,-0.05970354,-0.97056243,,,
0.95653881,-0.1931699,-0.21844656,-0.17447677,-0.97936047,0.10203476,-0.23364795,-0.05948636,-0.97049996,,,
0.956538811,-0.193160717,-0.218454654,-0.17448657,-0.979367064,0.101952902,-0.233640612,-0.0594045023,-0.970506555,0.00243311934,0.000225901604,0.00669157552
0.95654433,-0.19332057,-0.21828903,-0.17458056,-0.97931554,0.10228559,-0.23354779,-0.05973168,-0.97050874,0.00441345,-0.00622326,0.00111482
0.956546157,-0.193389093,-0.21822033,-0.174595596,-0.979287302,0.102532694,-0.23352908,-0.0599769484,-0.970498392,0.000763378921,-0.0077033639,0.00191129197
0.956512174,-0.193533702,-0.218241092,-0.174702536,-0.97925099,0.102698043,-0.233588296,-0.0601046598,-0.970476328,0.000199625763,-0.00753188133,0.0017669372
0.95649609,-0.19360821,-0.21824546,-0.17479779,-0.97924203,0.10261807,-0.23358286,-0.06000496,-0.97048346,,,
0.95649609,-0.19360821,-0.21824546,-0.17479779,-0.97924203,0.10261807,-0.23358286,-0.06000496,-0.97048346,0.00128766,0.0043993,0.00290518
0.95647999,-0.19371934,-0.21821741,-0.17485389,-0.97920623,0.10286504,-0.2336068,-0.06023219,-0.97046374,,,
0.956479993,-0.193792495,-0.218152424,-0.174775536,-0.979151094,0.103518802,-0.233665409,-0.0608859512,-0.970408612,0.00203468394,-0.00552660227,-0.000945663196
0.95647999,-0.19382909,-0.21811994,-0.17473637,-0.97912376,0.10384571,-0.23369473,-0.06121286,-0.97038128,,,
0.95647817,-0.19385204,-0.21810751,-0.17462337,-0.97908321,0.10441571,-0.23378661,-0.06178468,-0.97032282,-0.0012929,-0.0056718,0.00133313
0.95647817,-0.19388858,-0.21807504,-0.17458421,-0.97905541,0.10474224,-0.23381587,-0.06211121,-0.97029502,,,
0.95639038,-0.19430731,-0.21808741,-0.17465728,-0.97888381,0.10621314,-0.23412023,-0.06349067,-0.97013224,,,
0.95634199,-0.19473162,-0.21792104,-0.17472744,-0.97870124,0.10776801,-0.23426546,-0.06498629,-0.96999805,-0.00189707,-0.0068562,-0.00593267
0.95632585,-0.19486084,-0.21787636,-0.17476389,-0.97864965,0.10817733,-0.23430416,-0.06537586,-0.9699626,-0.00328648,-0.01213002,0.0010185
0.956327656,-0.19487446,-0.217856283,-0.174837804,-0.978663329,0.107934707,-0.234241665,-0.0651314316,-0.969994232,0.00358243613,0.000237226486,0.00548725063
0.956349192,-0.194877164,-0.217759301,-0.17492506,-0.978683189,0.107612251,-0.234088542,-0.0648233304,-0.970051776,-0.000529196812,0.00883340836,0.00450861547
0.95637605,-0.19523913,-0.21731666,-0.17489149,-0.97848927,0.10941361,-0.23400388,-0.06663371,-0.96994935,-0.01083096,-0.00650597,-0.01209613
0.95632751,-0.19572603,-0.21709218,-0.17489353,-0.97824947,0.11153511,-0.23420065,-0.06869607,-0.96975809,-0.00309171,-0.005665,-0.00923076
