0,1,2,3,4,5,6,7,8,9,10,11
0.29679029,0.93370554,0.20027355,-0.15284348,0.25346576,-0.95519317,-0.94263164,0.25288155,0.21793698,-0.00872831,0.00742459,-0.00328336
0.29679029,0.93370554,0.20027355,-0.15284348,0.25346576,-0.95519317,-0.94263164,0.25288155,0.21793698,-0.00872831,0.00742459,-0.00328336
0.29678294,0.9335813,0.20086269,-0.15305023,0.25412215,-0.95498562,-0.94260039,0.25268135,0.21830396,0.00145806,0.01065779,-0.00123035
0.296779247,0.933499586,0.201247266,-0.153244515,0.254566794,-0.954835964,-0.942569922,0.252535389,0.218603899,0.00218186551,0.00935268402,0.000125912542
0.297361742,0.93334172,0.20111923,-0.153298862,0.254588748,-0.954821306,-0.942377403,0.253095836,0.218785312,-0.000421509147,0.013340354,0.00789998192
0.297361742,0.93334172,0.20111923,-0.153298862,0.254588748,-0.954821306,-0.942377403,0.253095836,0.218785312,-0.000421509147,0.013340354,0.00789998192
0.297361742,0.93334172,0.20111923,-0.153298862,0.254588748,-0.954821306,-0.942377403,0.253095836,0.218785312,-0.000421509147,0.013340354,0.00789998192
0.297361742,0.93334172,0.20111923,-0.153298862,0.254588748,-0.954821306,-0.942377403,0.253095836,0.218785312,-0.000421509147,0.013340354,0.00789998192
0.297361742,0.93334172,0.20111923,-0.153298862,0.254588748,-0.954821306,-0.942377403,0.253095836,0.218785312,-0.000421509147,0.013340354,0.00789998192
0.297361742,0.93334172,0.20111923,-0.153298862,0.254588748,-0.954821306,-0.942377403,0.253095836,0.218785312,-0.000421509147,0.013340354,0.00789998192
0.298953877,0.932852532,0.201029147,-0.153276439,0.254869038,-0.954750277,-0.941877326,0.254613258,0.219178408,-0.00299291639,0.00832825899,-0.00081381388
0.298953877,0.932852532,0.201029147,-0.153276439,0.254869038,-0.954750277,-0.941877326,0.254613258,0.219178408,-0.00299291639,0.00832825899,-0.00081381388
0.298953877,0.932852532,0.201029147,-0.153276439,0.254869038,-0.954750277,-0.941877326,0.254613258,0.219178408,-0.00299291639,0.00832825899,-0.00081381388
0.298953877,0.932852532,0.201029147,-0.153276439,0.254869038,-0.954750277,-0.941877326,0.254613258,0.219178408,-0.00299291639,0.00832825899,-0.00081381388
0.298953877,0.932852532,0.201029147,-0.153276439,0.254869038,-0.954750277,-0.941877326,0.254613258,0.219178408,-0.00299291639,0.00832825899,-0.00081381388
0.298953877,0.932852532,0.201029147,-0.153276439,0.254869038,-0.954750277,-0.941877326,0.254613258,0.219178408,-0.00299291639,0.00832825899,-0.00081381388
0.30024827,0.9323297,0.20152488,-0.15346233,0.25573573,-0.95448862,-0.94143522,0.25565706,0.21986171,0.00310845,0.01316714,0.00485661
0.30024641,0.93228869,0.20171688,-0.15355908,0.25595821,-0.95441333,-0.94141995,0.25558363,0.22001201,0.00190205,0.01228511,0.00212466
0.30032044,0.93227713,0.20166007,-0.15359755,0.25592823,-0.95441517,-0.94139005,0.25565579,0.22005605,-0.00344003,0.00885534,0.00277279
0.30068309,0.93217989,0.20156936,-0.15359659,0.25592185,-0.95441708,-0.94127448,0.25601665,0.22013109,-0.00289347,0.00604749,0.00466677
0.30075339,0.93214087,0.20164512,-0.15357465,0.25601023,-0.95439696,-0.94125565,0.25607052,0.22014917,-0.00217391,0.00719601,0.00193926
0.30075339,0.93214087,0.20164512,-0.15357465,0.25601023,-0.95439696,-0.94125565,0.25607052,0.22014917,-0.00217391,0.00719601,0.00193926
0.300899527,0.932084539,0.201687504,-0.153712005,0.256126022,-0.954343774,-0.941186515,0.25615978,0.2203408,-0.0070280428,0.0081179142,0.000947003777
0.30090137,0.93207886,0.201711,-0.15383288,0.25618341,-0.9543089,-0.94116618,0.25612306,0.22047033,-0.00440695,0.01102638,0.0052
0.30133792,0.93196199,0.20159924,-0.15390661,0.25619383,-0.9542942,-0.94101443,0.25653755,0.22063605,-0.00300415,0.01058608,0.0031791
0.3017724,0.93183521,0.20153578,-0.15393199,0.25624004,-0.95427779,-0.94087112,0.25695194,0.22076537,-0.00678877,0.01138115,-0.00128227
0.3017724,0.93183521,0.20153578,-0.15393199,0.25624004,-0.95427779,-0.94087112,0.25695194,0.22076537,-0.00678877,0.01138115,-0.00128227
0.3017724,0.93183521,0.20153578,-0.15393199,0.25624004,-0.95427779,-0.94087112,0.25695194,0.22076537,-0.00678877,0.01138115,-0.00128227
0.3017724,0.93183521,0.20153578,-0.15393199,0.25624004,-0.95427779,-0.94087112,0.25695194,0.22076537,-0.00678877,0.01138115,-0.00128227
0.3017724,0.93183521,0.20153578,-0.15393199,0.25624004,-0.95427779,-0.94087112,0.25695194,0.22076537,-0.00678877,0.01138115,-0.00128227
0.30278877,0.93140995,0.20197615,-0.15474751,0.25715916,-0.95389846,-0.94041059,0.25757438,0.22199833,0.00156556,0.00992894,0.00167294
0.30307519,0.93127485,0.20216959,-0.15484053,0.25745202,-0.95380439,-0.94030303,0.25777038,0.22222643,0.00367382,0.00861412,0.00490541
0.30357747,0.93108254,0.20230143,-0.15486752,0.25771618,-0.95372861,-0.94013649,0.25820052,0.22243134,0.00761067,0.00711656,0.00283757
0.303723294,0.93105705,0.20220011,-0.154859893,0.257645577,-0.953748982,-0.940090702,0.258363072,0.222436381,0.00348194735,0.00551342964,-0.000850411016
0.303653117,0.931096402,0.202124462,-0.154882014,0.257557117,-0.953769321,-0.940109764,0.258309594,0.222418097,0.00478302408,0.0036585331,0.000340749859
0.30358656,0.93114775,0.20198781,-0.15503713,0.25744363,-0.95377475,-0.94010569,0.25823758,0.2225189,-0.0015292,0.00415295,0.00430197
0.30358836,0.93115758,0.20193943,-0.15508552,0.25740788,-0.95377645,-0.94009705,0.25823748,0.22255515,0.00114697,0.0055387,0.00175505
0.303737749,0.931144176,0.201777153,-0.155210855,0.257312195,-0.953782024,-0.940028237,0.258381658,0.222679056,-4.37012059e-05,0.00676554441,0.000882926921
0.30439279,0.93099663,0.20147061,-0.15527915,0.25717601,-0.95380762,-0.93980504,0.25904802,0.22284685,-0.00295873,0.00922036,0.00612213
0.30475432,0.93089804,0.20137934,-0.1552781,0.25717013,-0.95380933,-0.93968799,0.25940771,0.22292179,0.00114266,0.01285994,0.00336966
0.305117625,0.930809241,0.201239638,-0.155325453,0.257128399,-0.95381287,-0.939562259,0.25976748,0.223032774,0.000517710054,0.00963443518,0.00104982813
0.305117625,0.930809241,0.201239638,-0.155325453,0.257128399,-0.95381287,-0.939562259,0.25976748,0.223032774,0.000517710054,0.00963443518,0.00104982813
0.305117625,0.930809241,0.201239638,-0.155325453,0.257128399,-0.95381287,-0.939562259,0.25976748,0.223032774,0.000517710054,0.00963443518,0.00104982813
0.305117625,0.930809241,0.201239638,-0.155325453,0.257128399,-0.95381287,-0.939562259,0.25976748,0.223032774,0.000517710054,0.00963443518,0.00104982813
0.305117625,0.930809241,0.201239638,-0.155325453,0.257128399,-0.95381287,-0.939562259,0.25976748,0.223032774,0.000517710054,0.00963443518,0.00104982813
0.305117625,0.930809241,0.201239638,-0.155325453,0.257128399,-0.95381287,-0.939562259,0.25976748,0.223032774,0.000517710054,0.00963443518,0.00104982813
0.305117625,0.930809241,0.201239638,-0.155325453,0.257128399,-0.95381287,-0.939562259,0.25976748,0.223032774,0.000517710054,0.00963443518,0.00104982813
0.305117625,0.930809241,0.201239638,-0.155325453,0.257128399,-0.95381287,-0.939562259,0.25976748,0.223032774,0.000517710054,0.00963443518,0.00104982813
0.305117625,0.930809241,0.201239638,-0.155325453,0.257128399,-0.95381287,-0.939562259,0.25976748,0.223032774,0.000517710054,0.00963443518,0.00104982813
0.305117625,0.930809241,0.201239638,-0.155325453,0.257128399,-0.95381287,-0.939562259,0.25976748,0.223032774,0.000517710054,0.00963443518,0.00104982813
0.305117625,0.930809241,0.201239638,-0.155325453,0.257128399,-0.95381287,-0.939562259,0.25976748,0.223032774,0.000517710054,0.00963443518,0.00104982813
0.305117625,0.930809241,0.201239638,-0.155325453,0.257128399,-0.95381287,-0.939562259,0.25976748,0.223032774,0.000517710054,0.00963443518,0.00104982813
0.305117625,0.930809241,0.201239638,-0.155325453,0.257128399,-0.95381287,-0.939562259,0.25976748,0.223032774,0.000517710054,0.00963443518,0.00104982813
0.305117625,0.930809241,0.201239638,-0.155325453,0.257128399,-0.95381287,-0.939562259,0.25976748,0.223032774,0.000517710054,0.00963443518,0.00104982813
0.305117625,0.930809241,0.201239638,-0.155325453,0.257128399,-0.95381287,-0.939562259,0.25976748,0.223032774,0.000517710054,0.00963443518,0.00104982813
0.308994028,0.930062762,0.198761031,-0.156753624,0.255933482,-0.953900599,-0.93805703,0.263593075,0.224872627,-0.00209276797,-0.000332593918,0.00498345867
0.308994028,0.930062762,0.198761031,-0.156753624,0.255933482,-0.953900599,-0.93805703,0.263593075,0.224872627,-0.00209276797,-0.000332593918,0.00498345867
0.30935904,0.93006818,0.19816678,-0.15653834,0.25535314,-0.95409141,-0.93797262,0.26413605,0.22458718,,,
0.30964273,0.9299605,0.1982293,-0.15640211,0.2554485,-0.95408829,-0.93790179,0.26442303,0.22454555,-0.005263,0.01330435,-0.00149031
0.309994698,0.929788088,0.198487388,-0.156266974,0.255761752,-0.95402641,-0.937807958,0.264726028,0.224580032,0.00376200234,0.0135673285,0.000699027849
0.3102097,0.9297219,0.19846153,-0.15623753,0.25577974,-0.95402642,-0.93774177,0.26494104,0.22460288,0.00400144,0.01716399,-0.00347364
0.31064133,0.92959919,0.19836128,-0.15622714,0.25578002,-0.95402807,-0.93760063,0.26537108,0.22468452,0.00191005,0.01095116,0.00192956
0.31064133,0.92959919,0.19836128,-0.15622714,0.25578002,-0.95402807,-0.93760063,0.26537108,0.22468452,0.00191005,0.01095116,0.00192956
0.31100433,0.92954093,0.19806552,-0.15621582,0.25556248,-0.95408827,-0.93748222,0.26578461,0.22469004,-0.00303102,0.00814849,0.00112388
0.31100433,0.92954093,0.19806552,-0.15621582,0.25556248,-0.95408827,-0.93748222,0.26578461,0.22469004,-0.00303102,0.00814849,0.00112388
0.31100433,0.92954093,0.19806552,-0.15621582,0.25556248,-0.95408827,-0.93748222,0.26578461,0.22469004,-0.00303102,0.00814849,0.00112388
0.31100433,0.92954093,0.19806552,-0.15621582,0.25556248,-0.95408827,-0.93748222,0.26578461,0.22469004,-0.00303102,0.00814849,0.00112388
0.31100433,0.92954093,0.19806552,-0.15621582,0.25556248,-0.95408827,-0.93748222,0.26578461,0.22469004,-0.00303102,0.00814849,0.00112388
0.31100433,0.92954093,0.19806552,-0.15621582,0.25556248,-0.95408827,-0.93748222,0.26578461,0.22469004,-0.00303102,0.00814849,0.00112388
0.31100433,0.92954093,0.19806552,-0.15621582,0.25556248,-0.95408827,-0.93748222,0.26578461,0.22469004,-0.00303102,0.00814849,0.00112388
0.31100433,0.92954093,0.19806552,-0.15621582,0.25556248,-0.95408827,-0.93748222,0.26578461,0.22469004,-0.00303102,0.00814849,0.00112388
0.31100433,0.92954093,0.19806552,-0.15621582,0.25556248,-0.95408827,-0.93748222,0.26578461,0.22469004,-0.00303102,0.00814849,0.00112388
0.31100433,0.92954093,0.19806552,-0.15621582,0.25556248,-0.95408827,-0.93748222,0.26578461,0.22469004,-0.00303102,0.00814849,0.00112388
0.31100433,0.92954093,0.19806552,-0.15621582,0.25556248,-0.95408827,-0.93748222,0.26578461,0.22469004,-0.00303102,0.00814849,0.00112388
0.31100433,0.92954093,0.19806552,-0.15621582,0.25556248,-0.95408827,-0.93748222,0.26578461,0.22469004,-0.00303102,0.00814849,0.00112388
0.31100433,0.92954093,0.19806552,-0.15621582,0.25556248,-0.95408827,-0.93748222,0.26578461,0.22469004,-0.00303102,0.00814849,0.00112388
0.31100433,0.92954093,0.19806552,-0.15621582,0.25556248,-0.95408827,-0.93748222,0.26578461,0.22469004,-0.00303102,0.00814849,0.00112388
0.31100433,0.92954093,0.19806552,-0.15621582,0.25556248,-0.95408827,-0.93748222,0.26578461,0.22469004,-0.00303102,0.00814849,0.00112388
0.31100433,0.92954093,0.19806552,-0.15621582,0.25556248,-0.95408827,-0.93748222,0.26578461,0.22469004,-0.00303102,0.00814849,0.00112388
0.31100433,0.92954093,0.19806552,-0.15621582,0.25556248,-0.95408827,-0.93748222,0.26578461,0.22469004,-0.00303102,0.00814849,0.00112388
0.31100433,0.92954093,0.19806552,-0.15621582,0.25556248,-0.95408827,-0.93748222,0.26578461,0.22469004,-0.00303102,0.00814849,0.00112388
0.31100433,0.92954093,0.19806552,-0.15621582,0.25556248,-0.95408827,-0.93748222,0.26578461,0.22469004,-0.00303102,0.00814849,0.00112388
0.31472404,0.92844415,0.1973327,-0.1554191,0.25549843,-0.95423551,-0.93637259,0.26965156,0.22470947,-0.00153938,0.00816727,0.00482542
0.31472404,0.92844415,0.1973327,-0.1554191,0.25549843,-0.95423551,-0.93637259,0.26965156,0.22470947,-0.00153938,0.00816727,0.00482542
0.31472404,0.92844415,0.1973327,-0.1554191,0.25549843,-0.95423551,-0.93637259,0.26965156,0.22470947,-0.00153938,0.00816727,0.00482542
0.31472404,0.92844415,0.1973327,-0.1554191,0.25549843,-0.95423551,-0.93637259,0.26965156,0.22470947,-0.00153938,0.00816727,0.00482542
0.31472404,0.92844415,0.1973327,-0.1554191,0.25549843,-0.95423551,-0.93637259,0.26965156,0.22470947,-0.00153938,0.00816727,0.00482542
0.31472404,0.92844415,0.1973327,-0.1554191,0.25549843,-0.95423551,-0.93637259,0.26965156,0.22470947,-0.00153938,0.00816727,0.00482542
0.31472404,0.92844415,0.1973327,-0.1554191,0.25549843,-0.95423551,-0.93637259,0.26965156,0.22470947,-0.00153938,0.00816727,0.00482542
0.31472404,0.92844415,0.1973327,-0.1554191,0.25549843,-0.95423551,-0.93637259,0.26965156,0.22470947,-0.00153938,0.00816727,0.00482542
0.31472404,0.92844415,0.1973327,-0.1554191,0.25549843,-0.95423551,-0.93637259,0.26965156,0.22470947,-0.00153938,0.00816727,0.00482542
0.31472404,0.92844415,0.1973327,-0.1554191,0.25549843,-0.95423551,-0.93637259,0.26965156,0.22470947,-0.00153938,0.00816727,0.00482542
0.31472404,0.92844415,0.1973327,-0.1554191,0.25549843,-0.95423551,-0.93637259,0.26965156,0.22470947,-0.00153938,0.00816727,0.00482542
0.31472404,0.92844415,0.1973327,-0.1554191,0.25549843,-0.95423551,-0.93637259,0.26965156,0.22470947,-0.00153938,0.00816727,0.00482542
0.31472404,0.92844415,0.1973327,-0.1554191,0.25549843,-0.95423551,-0.93637259,0.26965156,0.22470947,-0.00153938,0.00816727,0.00482542
0.31472404,0.92844415,0.1973327,-0.1554191,0.25549843,-0.95423551,-0.93637259,0.26965156,0.22470947,-0.00153938,0.00816727,0.00482542
0.31472404,0.92844415,0.1973327,-0.1554191,0.25549843,-0.95423551,-0.93637259,0.26965156,0.22470947,-0.00153938,0.00816727,0.00482542
0.31472404,0.92844415,0.1973327,-0.1554191,0.25549843,-0.95423551,-0.93637259,0.26965156,0.22470947,-0.00153938,0.00816727,0.00482542
0.31472404,0.92844415,0.1973327,-0.1554191,0.25549843,-0.95423551,-0.93637259,0.26965156,0.22470947,-0.00153938,0.00816727,0.00482542
0.31472404,0.92844415,0.1973327,-0.1554191,0.25549843,-0.95423551,-0.93637259,0.26965156,0.22470947,-0.00153938,0.00816727,0.00482542
0.31472404,0.92844415,0.1973327,-0.1554191,0.25549843,-0.95423551,-0.93637259,0.26965156,0.22470947,-0.00153938,0.00816727,0.00482542
0.31472404,0.92844415,0.1973327,-0.1554191,0.25549843,-0.95423551,-0.93637259,0.26965156,0.22470947,-0.00153938,0.00816727,0.00482542
0.31472404,0.92844415,0.1973327,-0.1554191,0.25549843,-0.95423551,-0.93637259,0.26965156,0.22470947,-0.00153938,0.00816727,0.00482542
0.31472404,0.92844415,0.1973327,-0.1554191,0.25549843,-0.95423551,-0.93637259,0.26965156,0.22470947,-0.00153938,0.00816727,0.00482542
0.31472404,0.92844415,0.1973327,-0.1554191,0.25549843,-0.95423551,-0.93637259,0.26965156,0.22470947,-0.00153938,0.00816727,0.00482542
0.31472404,0.92844415,0.1973327,-0.1554191,0.25549843,-0.95423551,-0.93637259,0.26965156,0.22470947,-0.00153938,0.00816727,0.00482542
0.31472404,0.92844415,0.1973327,-0.1554191,0.25549843,-0.95423551,-0.93637259,0.26965156,0.22470947,-0.00153938,0.00816727,0.00482542
0.31472404,0.92844415,0.1973327,-0.1554191,0.25549843,-0.95423551,-0.93637259,0.26965156,0.22470947,-0.00153938,0.00816727,0.00482542
0.31472404,0.92844415,0.1973327,-0.1554191,0.25549843,-0.95423551,-0.93637259,0.26965156,0.22470947,-0.00153938,0.00816727,0.00482542
0.31472404,0.92844415,0.1973327,-0.1554191,0.25549843,-0.95423551,-0.93637259,0.26965156,0.22470947,-0.00153938,0.00816727,0.00482542
0.31472404,0.92844415,0.1973327,-0.1554191,0.25549843,-0.95423551,-0.93637259,0.26965156,0.22470947,-0.00153938,0.00816727,0.00482542
0.31472404,0.92844415,0.1973327,-0.1554191,0.25549843,-0.95423551,-0.93637259,0.26965156,0.22470947,-0.00153938,0.00816727,0.00482542
0.31472404,0.92844415,0.1973327,-0.1554191,0.25549843,-0.95423551,-0.93637259,0.26965156,0.22470947,-0.00153938,0.00816727,0.00482542
0.31472404,0.92844415,0.1973327,-0.1554191,0.25549843,-0.95423551,-0.93637259,0.26965156,0.22470947,-0.00153938,0.00816727,0.00482542
0.31472404,0.92844415,0.1973327,-0.1554191,0.25549843,-0.95423551,-0.93637259,0.26965156,0.22470947,-0.00153938,0.00816727,0.00482542
0.31472404,0.92844415,0.1973327,-0.1554191,0.25549843,-0.95423551,-0.93637259,0.26965156,0.22470947,-0.00153938,0.00816727,0.00482542
0.31472404,0.92844415,0.1973327,-0.1554191,0.25549843,-0.95423551,-0.93637259,0.26965156,0.22470947,-0.00153938,0.00816727,0.00482542
0.31472404,0.92844415,0.1973327,-0.1554191,0.25549843,-0.95423551,-0.93637259,0.26965156,0.22470947,-0.00153938,0.00816727,0.00482542
0.31472404,0.92844415,0.1973327,-0.1554191,0.25549843,-0.95423551,-0.93637259,0.26965156,0.22470947,-0.00153938,0.00816727,0.00482542
0.31472404,0.92844415,0.1973327,-0.1554191,0.25549843,-0.95423551,-0.93637259,0.26965156,0.22470947,-0.00153938,0.00816727,0.00482542
0.31472404,0.92844415,0.1973327,-0.1554191,0.25549843,-0.95423551,-0.93637259,0.26965156,0.22470947,-0.00153938,0.00816727,0.00482542
0.31472404,0.92844415,0.1973327,-0.1554191,0.25549843,-0.95423551,-0.93637259,0.26965156,0.22470947,-0.00153938,0.00816727,0.00482542
0.31472404,0.92844415,0.1973327,-0.1554191,0.25549843,-0.95423551,-0.93637259,0.26965156,0.22470947,-0.00153938,0.00816727,0.00482542
0.32052334,0.92644826,0.19737886,-0.1569417,0.25743216,-0.9534663,-0.93414886,0.27463122,0.22791138,0.00137678,0.00447911,0.00581953
0.32052334,0.92644826,0.19737886,-0.1569417,0.25743216,-0.9534663,-0.93414886,0.27463122,0.22791138,0.00137678,0.00447911,0.00581953
0.32052334,0.92644826,0.19737886,-0.1569417,0.25743216,-0.9534663,-0.93414886,0.27463122,0.22791138,0.00137678,0.00447911,0.00581953
0.32052334,0.92644826,0.19737886,-0.1569417,0.25743216,-0.9534663,-0.93414886,0.27463122,0.22791138,0.00137678,0.00447911,0.00581953
0.32052334,0.92644826,0.19737886,-0.1569417,0.25743216,-0.9534663,-0.93414886,0.27463122,0.22791138,0.00137678,0.00447911,0.00581953
0.32052334,0.92644826,0.19737886,-0.1569417,0.25743216,-0.9534663,-0.93414886,0.27463122,0.22791138,0.00137678,0.00447911,0.00581953
0.32052334,0.92644826,0.19737886,-0.1569417,0.25743216,-0.9534663,-0.93414886,0.27463122,0.22791138,0.00137678,0.00447911,0.00581953
0.32052334,0.92644826,0.19737886,-0.1569417,0.25743216,-0.9534663,-0.93414886,0.27463122,0.22791138,0.00137678,0.00447911,0.00581953
0.32052334,0.92644826,0.19737886,-0.1569417,0.25743216,-0.9534663,-0.93414886,0.27463122,0.22791138,0.00137678,0.00447911,0.00581953
0.32267103,0.92616857,0.19517981,-0.15567211,0.25533054,-0.95423922,-0.93362175,0.27752129,0.22656639,-0.01286776,0.01128221,-0.00604834
0.32267103,0.92616857,0.19517981,-0.15567211,0.25533054,-0.95423922,-0.93362175,0.27752129,0.22656639,-0.01286776,0.01128221,-0.00604834
0.32267103,0.92616857,0.19517981,-0.15567211,0.25533054,-0.95423922,-0.93362175,0.27752129,0.22656639,-0.01286776,0.01128221,-0.00604834
0.32323903,0.92591799,0.19542877,-0.15591485,0.25580146,-0.95407346,-0.93338474,0.27792353,0.22704939,-0.00272572,0.00988293,0.00237378
0.32323903,0.92591799,0.19542877,-0.15591485,0.25580146,-0.95407346,-0.93338474,0.27792353,0.22704939,-0.00272572,0.00988293,0.00237378
0.323172557,0.925999984,0.195149709,-0.155928345,0.255501342,-0.954151604,-0.933405448,0.277926182,0.226960725,-0.00348181045,0.00772601366,-0.000358825375
0.323172557,0.925999984,0.195149709,-0.155928345,0.255501342,-0.954151604,-0.933405448,0.277926182,0.226960725,-0.00348181045,0.00772601366,-0.000358825375
0.323172557,0.925999984,0.195149709,-0.155928345,0.255501342,-0.954151604,-0.933405448,0.277926182,0.226960725,-0.00348181045,0.00772601366,-0.000358825375
0.323172557,0.925999984,0.195149709,-0.155928345,0.255501342,-0.954151604,-0.933405448,0.277926182,0.226960725,-0.00348181045,0.00772601366,-0.000358825375
0.323172557,0.925999984,0.195149709,-0.155928345,0.255501342,-0.954151604,-0.933405448,0.277926182,0.226960725,-0.00348181045,0.00772601366,-0.000358825375
0.323172557,0.925999984,0.195149709,-0.155928345,0.255501342,-0.954151604,-0.933405448,0.277926182,0.226960725,-0.00348181045,0.00772601366,-0.000358825375
0.323172557,0.925999984,0.195149709,-0.155928345,0.255501342,-0.954151604,-0.933405448,0.277926182,0.226960725,-0.00348181045,0.00772601366,-0.000358825375
0.32452683,0.92545311,0.19549635,-0.15665024,0.25641429,-0.95378842,-0.93281455,0.27890535,0.2281858,-0.0053612,0.00557727,0.00294759
0.32452683,0.92545311,0.19549635,-0.15665024,0.25641429,-0.95378842,-0.93281455,0.27890535,0.2281858,-0.0053612,0.00557727,0.00294759
0.32459775,0.92537037,0.19577018,-0.15692524,0.25679657,-0.95364037,-0.93274367,0.27882822,0.22856956,0.00364588,0.00409782,0.00416576
0.324597747,0.925377768,0.195734859,-0.15688964,0.256749611,-0.953658801,-0.932749586,0.27884665,0.228522604,-0.000498691981,0.00668430328,0.00377501361
0.324744,0.925391014,0.195429801,-0.156874029,0.25646738,-0.953737397,-0.932701385,0.279062637,0.22845606,0.000686358195,0.00391221046,0.00428602006
0.324888744,0.9253794,0.195244093,-0.156880928,0.256314593,-0.953777326,-0.932649808,0.279241435,0.228448112,-0.000767798163,0.0024740696,0.00529742753
0.324888744,0.9253794,0.195244093,-0.156880928,0.256314593,-0.953777326,-0.932649808,0.279241435,0.228448112,-0.000767798163,0.0024740696,0.00529742753
0.324888744,0.9253794,0.195244093,-0.156880928,0.256314593,-0.953777326,-0.932649808,0.279241435,0.228448112,-0.000767798163,0.0024740696,0.00529742753
0.324888744,0.9253794,0.195244093,-0.156880928,0.256314593,-0.953777326,-0.932649808,0.279241435,0.228448112,-0.000767798163,0.0024740696,0.00529742753
0.324888744,0.9253794,0.195244093,-0.156880928,0.256314593,-0.953777326,-0.932649808,0.279241435,0.228448112,-0.000767798163,0.0024740696,0.00529742753
0.324888744,0.9253794,0.195244093,-0.156880928,0.256314593,-0.953777326,-0.932649808,0.279241435,0.228448112,-0.000767798163,0.0024740696,0.00529742753
0.324888744,0.9253794,0.195244093,-0.156880928,0.256314593,-0.953777326,-0.932649808,0.279241435,0.228448112,-0.000767798163,0.0024740696,0.00529742753
0.324888744,0.9253794,0.195244093,-0.156880928,0.256314593,-0.953777326,-0.932649808,0.279241435,0.228448112,-0.000767798163,0.0024740696,0.00529742753
0.324888744,0.9253794,0.195244093,-0.156880928,0.256314593,-0.953777326,-0.932649808,0.279241435,0.228448112,-0.000767798163,0.0024740696,0.00529742753
0.324888744,0.9253794,0.195244093,-0.156880928,0.256314593,-0.953777326,-0.932649808,0.279241435,0.228448112,-0.000767798163,0.0024740696,0.00529742753
0.3261526,0.92483314,0.19572468,-0.15656318,0.25703401,-0.95363593,-0.93226201,0.28038756,0.22862713,-0.00505276,0.01028025,0.00165607
0.3261526,0.92483314,0.19572468,-0.15656318,0.25703401,-0.95363593,-0.93226201,0.28038756,0.22862713,-0.00505276,0.01028025,0.00165607
0.326436,0.92473306,0.19572508,-0.15655953,0.25710502,-0.95361739,-0.93216342,0.28065241,0.22870411,0.00313523,0.00608128,-0.00226035
0.326436,0.92473306,0.19572508,-0.15655953,0.25710502,-0.95361739,-0.93216342,0.28065241,0.22870411,0.00313523,0.00608128,-0.00226035
0.326436,0.92473306,0.19572508,-0.15655953,0.25710502,-0.95361739,-0.93216342,0.28065241,0.22870411,0.00313523,0.00608128,-0.00226035
0.326436,0.92473306,0.19572508,-0.15655953,0.25710502,-0.95361739,-0.93216342,0.28065241,0.22870411,0.00313523,0.00608128,-0.00226035
0.326436,0.92473306,0.19572508,-0.15655953,0.25710502,-0.95361739,-0.93216342,0.28065241,0.22870411,0.00313523,0.00608128,-0.00226035
0.326436,0.92473306,0.19572508,-0.15655953,0.25710502,-0.95361739,-0.93216342,0.28065241,0.22870411,0.00313523,0.00608128,-0.00226035
0.326436,0.92473306,0.19572508,-0.15655953,0.25710502,-0.95361739,-0.93216342,0.28065241,0.22870411,0.00313523,0.00608128,-0.00226035
0.326436,0.92473306,0.19572508,-0.15655953,0.25710502,-0.95361739,-0.93216342,0.28065241,0.22870411,0.00313523,0.00608128,-0.00226035
0.326436,0.92473306,0.19572508,-0.15655953,0.25710502,-0.95361739,-0.93216342,0.28065241,0.22870411,0.00313523,0.00608128,-0.00226035
0.328290945,0.92429421,0.194692631,-0.156473671,0.256483808,-0.953798717,-0.931526166,0.282659187,0.228829043,-0.00499986671,0.00323611498,0.000176425267
0.32843383,0.92427222,0.19455589,-0.156432,0.25636629,-0.95383713,-0.93148278,0.28283758,0.22878515,-0.00629484,0.00528175,0.00147355
0.32843383,0.92427222,0.19455589,-0.156432,0.25636629,-0.95383713,-0.93148278,0.28283758,0.22878515,-0.00629484,0.00528175,0.00147355
0.32871374,0.92415951,0.19461875,-0.15629519,0.25646051,-0.95383427,-0.93140704,0.28312045,0.22874378,0.00114669,0.00836569,0.00400351
0.32871374,0.92415951,0.19461875,-0.15629519,0.25646051,-0.95383427,-0.93140704,0.28312045,0.22874378,0.00114669,0.00836569,0.00400351
0.32871374,0.92415951,0.19461875,-0.15629519,0.25646051,-0.95383427,-0.93140704,0.28312045,0.22874378,0.00114669,0.00836569,0.00400351
0.32871374,0.92415951,0.19461875,-0.15629519,0.25646051,-0.95383427,-0.93140704,0.28312045,0.22874378,0.00114669,0.00836569,0.00400351
0.32871374,0.92415951,0.19461875,-0.15629519,0.25646051,-0.95383427,-0.93140704,0.28312045,0.22874378,0.00114669,0.00836569,0.00400351
0.32907454,0.92411388,0.19422519,-0.15638426,0.25617289,-0.95389693,-0.93126465,0.2835294,0.22881687,0.00144746,0.01043952,0.00197277
0.32914953,0.92411249,0.19410505,-0.1565566,0.2561203,-0.95388286,-0.93120927,0.28358171,0.22897774,-0.00226216,0.00508964,-0.00369905
0.32915096,0.92412222,0.19405617,-0.15660547,0.25608512,-0.95388425,-0.93120051,0.28358167,0.22901325,-0.00587089,0.0089103,-0.0019622
0.32915096,0.92412222,0.19405617,-0.15660547,0.25608512,-0.95388425,-0.93120051,0.28358167,0.22901325,-0.00587089,0.0089103,-0.0019622
0.32915096,0.92412222,0.19405617,-0.15660547,0.25608512,-0.95388425,-0.93120051,0.28358167,0.22901325,-0.00587089,0.0089103,-0.0019622
0.32915096,0.92412222,0.19405617,-0.15660547,0.25608512,-0.95388425,-0.93120051,0.28358167,0.22901325,-0.00587089,0.0089103,-0.0019622
0.32915096,0.92412222,0.19405617,-0.15660547,0.25608512,-0.95388425,-0.93120051,0.28358167,0.22901325,-0.00587089,0.0089103,-0.0019622
0.32915096,0.92412222,0.19405617,-0.15660547,0.25608512,-0.95388425,-0.93120051,0.28358167,0.22901325,-0.00587089,0.0089103,-0.0019622
0.32915096,0.92412222,0.19405617,-0.15660547,0.25608512,-0.95388425,-0.93120051,0.28358167,0.22901325,-0.00587089,0.0089103,-0.0019622
0.32915096,0.92412222,0.19405617,-0.15660547,0.25608512,-0.95388425,-0.93120051,0.28358167,0.22901325,-0.00587089,0.0089103,-0.0019622
0.32909297,0.92419632,0.193801,-0.15723253,0.25599804,-0.95380436,-0.93111524,0.28341841,0.22956095,-0.00175594,0.00712574,-0.00257961
0.3292371,0.9241766,0.19365055,-0.1572753,0.25589238,-0.95382575,-0.93105714,0.28357837,0.22959942,-0.00236969,0.01280057,-0.00097883
0.32931329,0.92422173,0.19330541,-0.15731928,0.25556893,-0.95390523,-0.93102279,0.28372301,0.22956013,-0.00213668,0.00591618,-0.00175405
0.32960003,0.92415012,0.19315897,-0.15746245,0.25553446,-0.95389083,-0.9308971,0.28398716,0.2297431,-0.01247369,0.01389527,0.00122581
0.32974268,0.92409837,0.19316297,-0.15756277,0.25560558,-0.95385519,-0.93082957,0.28409146,0.22988759,-0.00454373,0.01179755,0.00125234
0.32981333,0.92406031,0.19322461,-0.15762394,0.25570583,-0.95381825,-0.93079423,0.28412517,0.2299892,-0.00409763,0.00912231,0.0027272
0.329886673,0.924041638,0.193188451,-0.157782872,0.255735804,-0.953783885,-0.930741259,0.284158735,0.230161805,0.00022908434,0.0117115974,0.0076666614
0.329886673,0.924041638,0.193188451,-0.157782872,0.255735804,-0.953783885,-0.930741259,0.284158735,0.230161805,0.00022908434,0.0117115974,0.0076666614
0.33038384,0.92389725,0.19302928,-0.15781248,0.25570752,-0.95378655,-0.93055986,0.28465319,0.23028419,,,
0.3303159,0.923940181,0.192940259,-0.157920007,0.2556311,-0.953789289,-0.930565781,0.284582639,0.230347659,-0.00707546901,0.000300765038,0.00806577131
0.3303159,0.92391809,0.1930458,-0.15802631,0.25577261,-0.95373369,-0.93054769,0.28452704,0.23048917,-0.00096196,0.00556397,0.00316445
0.33045579,0.92383212,0.19321789,-0.15809968,0.25600844,-0.95365829,-0.93048559,0.2845942,0.23065705,-0.00272666,0.00941575,0.00302406
0.33052102,0.9236812,0.19382686,-0.15831959,0.256721,-0.95343023,-0.93042503,0.28444212,0.23108853,0.00663003,0.01422906,0.00357743
0.33058618,0.92358169,0.19418949,-0.15829139,0.25710343,-0.95333183,-0.93040665,0.28441977,0.2311899,0.01282859,0.01441836,0.00100139
0.33058618,0.92358169,0.19418949,-0.15829139,0.25710343,-0.95333183,-0.93040665,0.28441977,0.2311899,0.01271308,0.01279759,0.00398645
0.33058618,0.92358169,0.19418949,-0.15829139,0.25710343,-0.95333183,-0.93040665,0.28441977,0.2311899,0.01271308,0.01279759,0.00398645
0.33058618,0.92358169,0.19418949,-0.15829139,0.25710343,-0.95333183,-0.93040665,0.28441977,0.2311899,0.01271308,0.01279759,0.00398645
0.33067424,0.92378122,0.19308771,-0.15845675,0.25603919,-0.95359083,-0.93034728,0.28473191,0.23104491,-0.0087286,0.00106966,0.00111917
0.3311018,0.92364031,0.19302884,-0.15868662,0.25615859,-0.95352048,-0.93015597,0.28508123,0.23138394,-0.00738314,0.00972712,0.00504204
0.331101799,0.923640314,0.193028844,-0.158686619,0.256158588,-0.953520476,-0.930155967,0.285081234,0.231383944,-0.00617592968,0.00784754753,0.000437120674
0.33131612,0.92360417,0.19283428,-0.15868437,0.256012,-0.95356029,-0.9300801,0.28533015,0.23138241,-0.00533006,0.00590521,0.00732805
0.33138927,0.92360744,0.19269244,-0.158737,0.25590059,-0.95358134,-0.93004497,0.28541917,0.23141342,-0.00521623,0.00304902,0.00240494
0.33146112,0.92358639,0.19266992,-0.15881162,0.25591867,-0.95356411,-0.93000666,0.28547121,0.23150334,-0.0026461,0.00425571,0.00116354
0.33146241,0.92357413,0.1927265,-0.15896676,0.25602502,-0.95350971,-0.9299797,0.28541552,0.23168026,-0.00121634,0.00104839,0.00535382
0.331532963,0.923543277,0.192752833,-0.158992417,0.256078275,-0.953491094,-0.929950133,0.285467461,0.231734794,0.00350542879,0.00612396002,0.000332119991
0.331532963,0.923543277,0.192752833,-0.158992417,0.256078275,-0.953491094,-0.929950133,0.285467461,0.231734794,0.00350542879,0.00612396002,0.000332119991
0.33153425,0.92356041,0.19266876,-0.15900593,0.2559959,-0.95351102,-0.92994742,0.2854861,0.23172297,-0.00306905,0.00560081,-0.00328248
0.33146241,0.92358152,0.19269132,-0.15893134,0.25597777,-0.95352835,-0.92998581,0.28543417,0.23163301,,,
0.33146241,0.92358152,0.19269132,-0.15893134,0.25597777,-0.95352835,-0.92998581,0.28543417,0.23163301,,,
0.33146241,0.92358152,0.19269132,-0.15893134,0.25597777,-0.95352835,-0.92998581,0.28543417,0.23163301,,,
0.331677902,0.923540269,0.192518045,-0.159048928,0.255890444,-0.953532161,-0.929888845,0.285645787,0.231761268,-0.00153608096,0.0102364421,0.00084106694
0.33188962,0.92346232,0.19252674,-0.15905511,0.25595589,-0.95351349,-0.92981217,0.28583883,0.23183054,-0.00587374,0.00590581,0.00206206
0.33188962,0.92346232,0.19252674,-0.15905511,0.25595589,-0.95351349,-0.92981217,0.28583883,0.23183054,-0.00587374,0.00590581,0.00206206
0.33188962,0.92346232,0.19252674,-0.15905511,0.25595589,-0.95351349,-0.92981217,0.28583883,0.23183054,-0.00587374,0.00590581,0.00206206
0.33188962,0.92346232,0.19252674,-0.15905511,0.25595589,-0.95351349,-0.92981217,0.28583883,0.23183054,-0.00587374,0.00590581,0.00206206
0.33280379,0.92318799,0.19226409,-0.15858294,0.25577449,-0.95364079,-0.92956603,0.28688543,0.23152463,0.00445833,0.00845003,0.00451298
0.3333022,0.92308369,0.19190118,-0.1586046,0.25553453,-0.95370153,-0.92938375,0.28743437,0.23157557,-0.00177766,0.01001757,0.0013053
0.3333022,0.92308369,0.19190118,-0.1586046,0.25553453,-0.95370153,-0.92938375,0.28743437,0.23157557,-0.00177766,0.01001757,0.0013053
0.3333022,0.92308369,0.19190118,-0.1586046,0.25553453,-0.95370153,-0.92938375,0.28743437,0.23157557,-0.00177766,0.01001757,0.0013053
0.3333022,0.92308369,0.19190118,-0.1586046,0.25553453,-0.95370153,-0.92938375,0.28743437,0.23157557,-0.00177766,0.01001757,0.0013053
0.3333022,0.92308369,0.19190118,-0.1586046,0.25553453,-0.95370153,-0.92938375,0.28743437,0.23157557,-0.00177766,0.01001757,0.0013053
0.33444289,0.92295004,0.1905548,-0.15831681,0.25434739,-0.95406663,-0.92902297,0.28891275,0.23118321,-0.01295678,0.00295156,-0.00436981
0.33444289,0.92295004,0.1905548,-0.15831681,0.25434739,-0.95406663,-0.92902297,0.28891275,0.23118321,-0.01295678,0.00295156,-0.00436981
0.33444289,0.92295004,0.1905548,-0.15831681,0.25434739,-0.95406663,-0.92902297,0.28891275,0.23118321,-0.01295678,0.00295156,-0.00436981
0.33444289,0.92295004,0.1905548,-0.15831681,0.25434739,-0.95406663,-0.92902297,0.28891275,0.23118321,-0.01295678,0.00295156,-0.00436981
0.33472822,0.92308622,0.18939032,-0.15743634,0.25294251,-0.95458562,-0.92906979,0.28970975,0.22999439,-0.00690491,0.0100264,-0.00116529
0.334798606,0.923055422,0.189416708,-0.157462083,0.252995693,-0.954567437,-0.9290402,0.289761951,0.230048783,-0.00505546154,0.0135066509,-0.000208089128
0.33521961,0.92286,0.18962368,-0.15756718,0.25335055,-0.95445586,-0.92887045,0.29007381,0.23034057,-0.00652388,0.00964069,-0.00152505
0.33506902,0.9227509,0.19041898,-0.15758267,0.25413927,-0.95424356,-0.92892212,0.28973065,0.23056382,0.00909833,0.01011163,0.00921949
0.33499363,0.92271429,0.19072895,-0.15750229,0.25441535,-0.95418331,-0.92896298,0.28960505,0.23055717,0.01057226,0.00993299,0.01116134
0.33498983,0.9226998,0.19080577,-0.15728467,0.25442596,-0.95421638,-0.92900124,0.28964193,0.23035667,0.01188248,0.00524008,0.0111895
0.335064,0.92272679,0.19054484,-0.15731608,0.25418493,-0.95427544,-0.92896916,0.28976755,0.23032801,0.00902126,0.00890565,0.01125161
0.33520599,0.92269624,0.19044327,-0.15731046,0.25411448,-0.95429519,-0.92891895,0.28992677,0.23033045,0.00435749,0.00989401,0.00796479
0.33520599,0.92269624,0.19044327,-0.15731046,0.25411448,-0.95429519,-0.92891895,0.28992677,0.23033045,0.00435749,0.00989401,0.00796479
0.335633181,0.922621064,0.190054504,-0.157307406,0.253821028,-0.954373741,-0.92876516,0.290422502,0.230325897,0.00531020435,0.000725924969,0.00389388809
0.335633181,0.922621064,0.190054504,-0.157307406,0.253821028,-0.954373741,-0.92876516,0.290422502,0.230325897,0.00531020435,0.000725924969,0.00389388809
0.335633181,0.922621064,0.190054504,-0.157307406,0.253821028,-0.954373741,-0.92876516,0.290422502,0.230325897,0.00531020435,0.000725924969,0.00389388809
0.335633181,0.922621064,0.190054504,-0.157307406,0.253821028,-0.954373741,-0.92876516,0.290422502,0.230325897,0.00531020435,0.000725924969,0.00389388809
0.33670017,0.92252521,0.18862713,-0.15684219,0.25247172,-0.95480811,-0.92845759,0.29189935,0.22969816,-0.00820099,0.01141703,0.0047244
0.33670017,0.92252521,0.18862713,-0.15684219,0.25247172,-0.95480811,-0.92845759,0.29189935,0.22969816,-0.00820099,0.01141703,0.0047244
0.33670017,0.92252521,0.18862713,-0.15684219,0.25247172,-0.95480811,-0.92845759,0.29189935,0.22969816,-0.00820099,0.01141703,0.0047244
0.33670017,0.92252521,0.18862713,-0.15684219,0.25247172,-0.95480811,-0.92845759,0.29189935,0.22969816,-0.00820099,0.01141703,0.0047244
0.33670017,0.92252521,0.18862713,-0.15684219,0.25247172,-0.95480811,-0.92845759,0.29189935,0.22969816,-0.00820099,0.01141703,0.0047244
0.33685144,0.92267787,0.18760774,-0.15670044,0.25141065,-0.95511134,-0.92842667,0.29233242,0.22927206,-0.01480985,0.00880635,-0.00522976
0.33670735,0.92266132,0.18794754,-0.15674863,0.25174069,-0.95501651,-0.92847082,0.29210057,0.22938882,-0.01274838,0.01369739,-0.00473007
0.3362759,0.922677923,0.188637378,-0.156660598,0.252316646,-0.954878982,-0.928642055,0.29155079,0.229395238,0.00066372368,0.0131423473,-0.00273469556
0.33591698,0.92269638,0.18918542,-0.15662595,0.25278124,-0.9547617,-0.92877772,0.2910893,0.22943173,0.01103429,0.00949746,-0.00356371
0.33591698,0.92269638,0.18918542,-0.15662595,0.25278124,-0.9547617,-0.92877772,0.2910893,0.22943173,0.01103429,0.00949746,-0.00356371
0.33591698,0.92269638,0.18918542,-0.15662595,0.25278124,-0.9547617,-0.92877772,0.2910893,0.22943173,0.01103429,0.00949746,-0.00356371
0.33591698,0.92269638,0.18918542,-0.15662595,0.25278124,-0.9547617,-0.92877772,0.2910893,0.22943173,0.01103429,0.00949746,-0.00356371
0.33591698,0.92269638,0.18918542,-0.15662595,0.25278124,-0.9547617,-0.92877772,0.2910893,0.22943173,0.01103429,0.00949746,-0.00356371
0.33591698,0.92269638,0.18918542,-0.15662595,0.25278124,-0.9547617,-0.92877772,0.2910893,0.22943173,0.01103429,0.00949746,-0.00356371
0.33591698,0.92269638,0.18918542,-0.15662595,0.25278124,-0.9547617,-0.92877772,0.2910893,0.22943173,0.01103429,0.00949746,-0.00356371
0.33591698,0.92269638,0.18918542,-0.15662595,0.25278124,-0.9547617,-0.92877772,0.2910893,0.22943173,0.01103429,0.00949746,-0.00356371
0.33591698,0.92269638,0.18918542,-0.15662595,0.25278124,-0.9547617,-0.92877772,0.2910893,0.22943173,0.01103429,0.00949746,-0.00356371
0.33591698,0.92269638,0.18918542,-0.15662595,0.25278124,-0.9547617,-0.92877772,0.2910893,0.22943173,0.01103429,0.00949746,-0.00356371
0.33591698,0.92269638,0.18918542,-0.15662595,0.25278124,-0.9547617,-0.92877772,0.2910893,0.22943173,0.01103429,0.00949746,-0.00356371
0.33591698,0.92269638,0.18918542,-0.15662595,0.25278124,-0.9547617,-0.92877772,0.2910893,0.22943173,0.01103429,0.00949746,-0.00356371
0.33591698,0.92269638,0.18918542,-0.15662595,0.25278124,-0.9547617,-0.92877772,0.2910893,0.22943173,0.01103429,0.00949746,-0.00356371
0.33813193,0.922331,0.18700905,-0.15746223,0.25135936,-0.95499957,-0.92783215,0.29346901,0.2302249,-0.01054111,0.01079929,-0.00177072
0.33813193,0.922331,0.18700905,-0.15746223,0.25135936,-0.95499957,-0.92783215,0.29346901,0.2302249,-0.01054111,0.01079929,-0.00177072
0.33911465,0.9219452,0.18713152,-0.15757495,0.2517748,-0.95487145,-0.92745421,0.29432361,0.23065603,-0.00707534,0.01237762,0.0058485
0.33925719,0.92191619,0.18701584,-0.15765402,0.25171687,-0.95487362,-0.92738859,0.29446385,0.23074064,-0.00620185,0.01088417,0.00712404
0.33953997,0.92185332,0.18681272,-0.15764368,0.251576,-0.95491251,-0.92728691,0.29478108,0.23074449,-0.00786669,0.01524627,0.0062237
0.33953997,0.92185332,0.18681272,-0.15764368,0.251576,-0.95491251,-0.92728691,0.29478108,0.23074449,-0.00786669,0.01524627,0.0062237
0.33953997,0.92185332,0.18681272,-0.15764368,0.251576,-0.95491251,-0.92728691,0.29478108,0.23074449,-0.00786669,0.01524627,0.0062237
0.33953997,0.92185332,0.18681272,-0.15764368,0.251576,-0.95491251,-0.92728691,0.29478108,0.23074449,-0.00786669,0.01524627,0.0062237
0.33953997,0.92185332,0.18681272,-0.15764368,0.251576,-0.95491251,-0.92728691,0.29478108,0.23074449,-0.00786669,0.01524627,0.0062237
0.34094971,0.92129639,0.18699238,-0.15849941,0.25239935,-0.9545535,-0.92662351,0.29581651,0.23208047,-0.0090031,0.00209057,0.00496715
0.3408763,0.9212493,0.18735819,-0.15857241,0.25278253,-0.95444005,-0.9266381,0.29563616,0.23225228,,,
0.34073398,0.92124278,0.18764868,-0.15866905,0.25307737,-0.9543458,-0.92667385,0.29540397,0.2324048,,,
0.34066281,0.92123594,0.1878114,-0.15873496,0.25324845,-0.95428944,-0.92668872,0.29527864,0.23250471,,,
0.34066059,0.92118817,0.18804936,-0.15877733,0.25350792,-0.95421346,-0.92668224,0.29520487,0.23262403,0.00923924,0.00443035,0.00104338
0.34079962,0.92110902,0.18818565,-0.15881446,0.25369697,-0.95415715,-0.92662486,0.29528981,0.23274524,0.00936707,0.00570965,0.00358927
0.34086968,0.92108487,0.18817683,-0.15880484,0.25370302,-0.95415712,-0.92660071,0.29535984,0.2327524,0.00966521,0.00293326,0.006717
0.34086968,0.92108487,0.18817683,-0.15880484,0.25370302,-0.95415712,-0.92660071,0.29535984,0.2327524,0.00966521,0.00293326,0.006717
0.34086968,0.92108487,0.18817683,-0.15880484,0.25370302,-0.95415712,-0.92660071,0.29535984,0.2327524,0.00966521,0.00293326,0.006717
0.34086968,0.92108487,0.18817683,-0.15880484,0.25370302,-0.95415712,-0.92660071,0.29535984,0.2327524,0.00966521,0.00293326,0.006717
0.34214241,0.92084783,0.18702371,-0.15871581,0.25281099,-0.95440867,-0.92614679,0.29686007,0.23265047,-0.00930031,0.01254845,0.00128319
0.34235022,0.92074182,0.18716532,-0.15865898,0.25299365,-0.95436973,-0.92607974,0.29703325,0.23269637,-0.00537487,0.01025265,0.00443105
0.34235022,0.92074182,0.18716532,-0.15865898,0.25299365,-0.95436973,-0.92607974,0.29703325,0.23269637,-0.00537487,0.01025265,0.00443105
