0,1,2,3,4,5,6,7,8,9,10,11
0.97522924,0.10944485,-0.19222322,0.0882524,-0.98937119,-0.11557008,-0.20282863,0.09574317,-0.97452248,,,
0.975315045,0.109427994,-0.191796975,0.0882733418,-0.989366771,-0.115591469,-0.202406479,0.0958075395,-0.974603874,-0.00124170817,-0.0090225935,-0.000887753675
0.975327917,0.109383779,-0.191756741,0.0882324941,-0.989370502,-0.115591514,-0.202362264,0.0958204573,-0.974611878,0.0071284594,-4.46438789e-05,-0.00177664356
0.97536218,0.10937703,-0.19158622,0.08824089,-0.98936842,-0.11559999,-0.20219337,0.09584612,-0.97464406,,,
0.97533651,0.10930664,-0.19175702,0.08813829,-0.98936956,-0.11566822,-0.2023619,0.0959143,-0.97460234,,,
0.97528934,0.10935761,-0.19196776,0.08817073,-0.98936795,-0.11565969,-0.202575,0.09587572,-0.97456215,0.00355544,0.00717473,0.00236436
0.97522064,0.10938697,-0.19229972,0.08813723,-0.98935383,-0.11580453,-0.20291999,0.09598621,-0.97447935,0.00156457,-0.00307721,-0.00439172
0.975151828,0.109400497,-0.192640706,0.0881204507,-0.989357348,-0.115787429,-0.20325771,0.095934737,-0.974414047,-0.00221607275,0.00662684441,-0.000153321773
0.9751217,0.10944807,-0.19276616,0.08815709,-0.98935479,-0.1157831,-0.20338633,0.09590891,-0.97438995,0.00122144,0.00449276,0.00373568
0.97511306,0.10937435,-0.19285169,0.08805863,-0.98935475,-0.1158555,-0.20347039,0.09598996,-0.97436409,,,
0.97500065,0.10916219,-0.19353902,0.08775069,-0.98936892,-0.11596987,-0.20414101,0.09608752,-0.97421439,,,
0.974905297,0.109105349,-0.194050721,0.0876312292,-0.989373468,-0.116020179,-0.20464708,0.0961037823,-0.974106468,0.00648014527,-0.000392317772,0.0077693928
0.97476602,0.10898165,-0.19481837,0.08740488,-0.98938033,-0.11613377,-0.20540591,0.09617518,-0.97393986,-0.00207488,-0.0030269,0.01044282
0.97475271,0.10887523,-0.19494445,0.08725285,-0.98937617,-0.11628243,-0.20553369,0.09633715,-0.97389677,-0.00260312,0.00186968,0.00750886
0.97478309,0.10882766,-0.19481906,0.08721622,-0.98937891,-0.11628689,-0.2054051,0.09636311,-0.97392137,0.00432196,0.00211859,0.00248049
0.97478717,0.10871788,-0.19485993,0.08706838,-0.98937389,-0.11644,-0.20544845,0.09653808,-0.97389487,0.00237505,-0.00506651,-0.00148851
0.97473895,0.10861825,-0.19515649,0.08690792,-0.98937148,-0.11657968,-0.20574498,0.09667411,-0.9738187,,,
0.97468212,0.10860372,-0.19544818,0.08683326,-0.98936088,-0.11672387,-0.20604549,0.09679726,-0.97374277,-0.0045616,0.001616,0.00847334
0.97462468,0.10843871,-0.19582587,0.08656564,-0.98935013,-0.1170164,-0.20642945,0.09709528,-0.97363213,-0.00622404,0.00480795,0.00864927
0.97461056,0.10819002,-0.1960336,0.08621197,-0.98933618,-0.11739419,-0.20664401,0.09751317,-0.97354476,,,
0.97460149,0.10812456,-0.19611477,0.08610483,-0.98932721,-0.11754695,-0.20673142,0.097675,-0.97350982,,,
0.974618373,0.10797878,-0.196111208,0.0859075581,-0.989316564,-0.11778076,-0.206733921,0.0979438559,-0.97348229,0.00595185254,0.000649333,-0.00120930583
0.97458719,0.107876,-0.19632264,0.08575109,-0.98931308,-0.11792445,-0.20694579,0.09809278,-0.97342234,0.00322099,-0.00174969,-0.00487014
0.97456508,0.10785484,-0.19644399,0.0856847,-0.98930061,-0.11807717,-0.20707738,0.09824164,-0.97337933,,,
0.974568917,0.10776141,-0.196476206,0.085519641,-0.989277223,-0.118391652,-0.207127526,0.0985782478,-0.973334545,0.000606020447,0.00519227982,0.00777449459
0.97457732,0.10768449,-0.1964767,0.08542526,-0.98927628,-0.118468,-0.20712693,0.09867215,-0.9733252,0.00320853,0.00232172,0.00356162
0.97462082,0.10760872,-0.19630238,0.08533089,-0.98926459,-0.1186345,-0.20696111,0.09887299,-0.97334022,,,
0.974611659,0.107551452,-0.196379231,0.0852151543,-0.989246661,-0.118868081,-0.207051913,0.0991157325,-0.973296345,0.00629640138,-0.00239014626,0.000933749136
0.97460708,0.10751875,-0.19641985,0.08516154,-0.98924172,-0.11894429,-0.20709551,0.09919653,-0.97327843,,,
0.97458033,0.107465,-0.19658191,0.08504147,-0.9892248,-0.11917319,-0.20727065,0.09942623,-0.97321802,,,
0.9745887,0.10739618,-0.19657803,0.08493855,-0.98921487,-0.11933041,-0.20727351,0.09960102,-0.97319971,0.00350025,-0.00323963,-0.00326659
0.97460627,0.10740884,-0.19648397,0.08492577,-0.98919541,-0.1194966,-0.2071961,0.09977558,-0.97319782,,,
0.97463678,0.10737725,-0.19634985,0.08487228,-0.98917996,-0.11966299,-0.20707446,0.09996329,-0.97320452,,,
0.97463678,0.10740154,-0.19633658,0.08484668,-0.98915299,-0.11990563,-0.20708497,0.10020593,-0.97317755,,,
0.97464974,0.10736533,-0.19629206,0.0847974,-0.9891473,-0.1199864,-0.20704417,0.10029966,-0.97317645,,,
0.97463219,0.10738504,-0.1963684,0.08477599,-0.98913007,-0.12014347,-0.20713553,0.10044837,-0.97314168,,,
0.97459707,0.107408316,-0.196529906,0.0847502041,-0.989113864,-0.120295974,-0.207311248,0.100584154,-0.973090351,0.0032190769,0.00609374046,0.000377776334
0.97457949,0.10741996,-0.19661069,0.08473731,-0.98910566,-0.12037216,-0.20739913,0.10065198,-0.97306457,,,
0.97453596,0.10752019,-0.1967716,0.08480589,-0.98909045,-0.12044834,-0.20757556,0.10069384,-0.97302255,,,
0.97452298,0.10757258,-0.19680725,0.08483807,-0.98907795,-0.12052921,-0.20762335,0.10076173,-0.97300545,0.00126346,-0.0041008,0.00320243
0.974540573,0.107577137,-0.196717643,0.0848338889,-0.989067934,-0.120614638,-0.207542484,0.100855536,-0.973013019,0.00742736459,-0.0018606782,0.00056868
0.974549783,0.107674804,-0.196618549,0.0849070191,-0.989040652,-0.120785422,-0.207469312,0.101017111,-0.973011697,0.000204954064,0.00623929501,0.007271145
0.97457196,0.10772005,-0.1964838,0.08494796,-0.98902611,-0.1208754,-0.20734835,0.10111087,-0.97302771,,,
0.97457196,0.10772815,-0.19647937,0.08493942,-0.98901713,-0.12095627,-0.20735186,0.10119175,-0.97301872,,,
0.97455898,0.10778054,-0.19651501,0.08497161,-0.98900416,-0.12103701,-0.20739966,0.1012595,-0.97300116,0.00469746,-0.00175542,0.00239241
0.974546,0.10782486,-0.19655509,0.08501233,-0.98900112,-0.12103713,-0.20744399,0.10124664,-0.97299352,,,
0.97455059,0.10786558,-0.19650997,0.08505746,-0.98899658,-0.12104167,-0.20740391,0.1012466,-0.97300198,0.0020742,-0.00315726,0.00340656
0.97457732,0.10795964,-0.19632566,0.08513502,-0.98896855,-0.12121705,-0.20724642,0.1014212,-0.97301747,,,
0.97457732,0.10795964,-0.19632566,0.08513502,-0.98896855,-0.12121705,-0.20724642,0.1014212,-0.97301747,,,
0.97460858,0.10808627,-0.19610066,0.08526624,-0.98894502,-0.12131607,-0.20704535,0.10151492,-0.97305042,,,
0.974582624,0.108191037,-0.19617188,0.0853306343,-0.988919518,-0.121477546,-0.207140991,0.101650434,-0.973015788,3.33720818e-05,0.000579118729,0.00500836316
0.97463978,0.108245155,-0.195857819,0.0853634387,-0.988884643,-0.121738167,-0.206858363,0.101931763,-0.973046488,-0.00319974078,-0.000104904175,0.00387239852
0.97466572,0.10819681,-0.19575544,0.08523946,-0.9888456,-0.12214198,-0.20678727,0.10236152,-0.97301655,,,
0.97467868,0.10816858,-0.19570649,0.08518175,-0.98883046,-0.12230337,-0.20674995,0.10253586,-0.97300595,0.00290507,-0.00142783,-0.00522644
0.97465661,0.10814765,-0.19582791,0.08511513,-0.98881747,-0.12245578,-0.20688137,0.10268442,-0.97296249,,,
0.97463908,0.10816743,-0.19590422,0.08509365,-0.98879999,-0.12261272,-0.20697277,0.10283295,-0.97292748,,,
0.97466117,0.10821249,-0.19576941,0.08513475,-0.98878506,-0.12270241,-0.20685183,0.1029265,-0.97294304,,,
0.97469163,0.10817256,-0.19563975,0.08509003,-0.98877843,-0.12278773,-0.20672664,0.10303318,-0.97295847,,,
0.974761593,0.108173991,-0.195290097,0.0850909449,-0.988756007,-0.122967345,-0.206396137,0.103246426,-0.973006006,0.00395058049,-0.000522315502,-0.00499749277
0.97477,0.10809698,-0.19529077,0.0849966,-0.98875458,-0.12304347,-0.20639529,0.10334003,-0.97299618,0.00721001,-0.00151163,-0.00431479
0.97474798,0.10806,-0.19542111,0.08494696,-0.98875999,-0.12303452,-0.20651971,0.10332722,-0.97297117,,,
0.974695484,0.108079062,-0.195672231,0.0849250104,-0.988753357,-0.123101468,-0.206776324,0.103368976,-0.972912042,-0.00440875906,0.000655770302,0.00917856582
0.97472138,0.10799842,-0.19558775,0.08483515,-0.98875146,-0.12318227,-0.20669113,0.10347568,-0.97291926,,,
0.974751823,0.107950356,-0.195462523,0.0847989563,-0.988753599,-0.123186733,-0.206562374,0.103501472,-0.972943445,0.00108270429,-0.00577646494,-0.000556808372
0.97486048,0.10781057,-0.19499727,0.08468644,-0.98875118,-0.12328562,-0.20609527,0.10367265,-0.97302454,-0.00524403,0.00678694,0.00283464
0.97489536,0.1078032,-0.19482689,0.08469545,-0.98874941,-0.12329476,-0.20592651,0.10369853,-0.97305765,,,
0.97494311,0.10775143,-0.19461645,0.08466378,-0.98875078,-0.12330382,-0.20571334,0.10373724,-0.97309841,,,
0.97496889,0.10767069,-0.19453199,0.08457399,-0.98874851,-0.12338444,-0.2056281,0.10384364,-0.97310518,,,
0.97500369,0.10766326,-0.19436157,0.084583,-0.98874635,-0.12339345,-0.20545928,0.10386939,-0.97313782,,,
0.9750642,0.10758308,-0.19410229,0.08449382,-0.98873299,-0.12356387,-0.2052087,0.10408226,-0.97316825,,,
0.975059687,0.107542415,-0.194147463,0.0844486399,-0.988737421,-0.123559364,-0.205248716,0.104082266,-0.973159813,-0.00491803046,0.000133037567,-0.00254141632
0.97505969,0.10755039,-0.19414304,0.0844402,-0.98872796,-0.12363998,-0.20525218,0.10416289,-0.97315035,-0.00314834,0.00737739,-0.00405714
0.97503779,0.10750546,-0.19427784,0.08439894,-0.98874268,-0.12355027,-0.20537313,0.10406934,-0.97313482,,,
0.97495457,0.10739034,-0.19475861,0.08425381,-0.98876935,-0.12343801,-0.20582735,0.1039373,-0.97305324,,,
0.97490225,0.10740144,-0.19501417,0.0842403,-0.98877199,-0.12342425,-0.20608049,0.10389852,-0.97300357,0.00450051,-0.00781536,0.00513202
0.974905206,0.107101314,-0.195164391,0.0839415676,-0.988810001,-0.123320693,-0.206188371,0.103843577,-0.972986264,-0.00295849144,0.000849127769,-0.00407319423
0.97489147,0.10698734,-0.19529551,0.08379757,-0.98881397,-0.12338769,-0.20631188,0.10392431,-0.97295157,0.00585853,0.00424957,-0.00328667
0.974780944,0.106810552,-0.195942902,0.0835407299,-0.988831685,-0.123422361,-0.206937337,0.103940554,-0.972817317,0.00267319777,-0.000471055508,0.0098917298
0.974706137,0.10678465,-0.196328761,0.0834775688,-0.988839678,-0.123399195,-0.207314832,0.103888904,-0.972742223,0.000763234915,-0.000297605991,0.0115105631
0.974639444,0.10668988,-0.196711006,0.0833115221,-0.988836946,-0.123532578,-0.207694825,0.104011427,-0.972647983,-0.000490828184,-0.00243216753,0.00863340311
0.97468647,0.10648791,-0.19658741,0.08308659,-0.98883658,-0.12368927,-0.20756421,0.10422448,-0.97265335,,,
0.97470762,0.10636659,-0.1965482,0.08295155,-0.98883819,-0.12376532,-0.20751888,0.10433103,-0.9726514,0.00632143,0.00231349,-0.00553951
0.9747065,0.10621639,-0.19663499,0.0827583,-0.98883591,-0.12391258,-0.20760131,0.10450522,-0.97261507,0.00879632,-0.00220001,-0.00147813
0.97463019,0.10605663,-0.1970989,0.08248467,-0.98882301,-0.12419755,-0.20806794,0.10478905,-0.9724848,,,
0.97457255,0.10605148,-0.1973865,0.08240022,-0.98880198,-0.12442054,-0.20837119,0.10499214,-0.97239793,0.00238992,0.00301754,0.0058671
0.974541955,0.106123969,-0.197498562,0.0824106305,-0.988771478,-0.124657775,-0.208510112,0.105208252,-0.972345034,-0.00523962593,6.67572021e-06,0.00440454436
0.97453722,0.10609957,-0.19753502,0.0823483,-0.9887569,-0.1248143,-0.20855685,0.10536951,-0.97231752,,,
0.974603117,0.106068244,-0.197226486,0.0822956207,-0.988728684,-0.125070263,-0.208269513,0.10566299,-0.972347004,0.0116797658,-0.000177741051,-0.00325121032
0.974572546,0.106132618,-0.197342891,0.0823145559,-0.988707386,-0.125226756,-0.208405046,0.105798364,-0.97230333,0.0063119214,0.000777959824,0.00678953994
0.97455489,0.1061445,-0.1974237,0.08230144,-0.98869903,-0.12530258,-0.2084928,0.10586598,-0.97227732,-0.00387348,-0.00165445,0.00548868
0.974559617,0.106217578,-0.197361037,0.0823123803,-0.988656618,-0.125629598,-0.208466364,0.106188277,-0.972247837,-0.00653974665,0.000876426697,0.00303929159
0.974594918,0.106234303,-0.197177618,0.0822958555,-0.988625811,-0.125880777,-0.208307783,0.106455862,-0.972252329,-0.00303106452,0.00399398804,0.000798212364
0.97462548,0.10620229,-0.19704379,0.08224272,-0.98860929,-0.12604669,-0.20818578,0.1066429,-0.97225816,,,
0.97468304,0.10623957,-0.19673873,0.08229324,-0.98859232,-0.12614603,-0.20789612,0.10676212,-0.97230696,-0.0010575,0.00262892,-0.00553908
0.97471003,0.10633311,-0.19655438,0.08237121,-0.9885635,-0.12632122,-0.20773862,0.10693614,-0.97232155,,,
0.97474987,0.106358,-0.19634321,0.08243421,-0.98856662,-0.12625467,-0.20752657,0.10688132,-0.97237272,,,
0.9748212,0.10650895,-0.19590678,0.08262899,-0.98854625,-0.12628736,-0.20711367,0.10692002,-0.97245656,,,
0.97488305,0.10657064,-0.19556519,0.0827418,-0.98854428,-0.12623012,-0.20677727,0.10687818,-0.97253291,0.00171663,0.00590873,-0.00415034
0.97491443,0.10668058,-0.1953487,0.0828906,-0.98853956,-0.12616799,-0.20656962,0.10681042,-0.97258429,-0.00394626,0.00709283,0.00225503
0.97501096,0.10672663,-0.19484109,0.08302112,-0.98854499,-0.1260391,-0.20606096,0.10671358,-0.97270276,0.00170947,-0.00501388,-0.00307514
0.97505957,0.1068248,-0.19454382,0.08318296,-0.98854927,-0.12590087,-0.20576548,0.10657812,-0.97278043,-0.0019601,0.0082345,0.00311851
0.975147382,0.106955981,-0.194030914,0.0833992208,-0.98854661,-0.125776172,-0.205261168,0.106468275,-0.972898679,-0.0039770985,-0.000490546227,0.00539592281
0.97520852,0.10702572,-0.19368487,0.08350353,-0.9885349,-0.12579884,-0.20492803,0.10650673,-0.97296468,0.00740306,-0.0031805,-0.0016221
0.97523038,0.10707842,-0.19354566,0.08353657,-0.98851079,-0.12596908,-0.20481053,0.10668074,-0.97297071,0.00629376,-0.00762588,0.00164842
0.975222082,0.107171401,-0.193535978,0.0836139776,-0.988493048,-0.126054153,-0.204818424,0.106748478,-0.97296127,0.000982020283,0.00334072113,0.00470539276
0.97523111,0.10726056,-0.1934411,0.08369604,-0.98847477,-0.12614378,-0.20474193,0.10682909,-0.97296863,-0.00346536,0.00515032,0.006061
0.97526123,0.10721226,-0.19331593,0.08366007,-0.98847718,-0.12614826,-0.20461307,0.10685468,-0.97299286,,,
0.97532143,0.10712363,-0.1930612,0.08357976,-0.98847282,-0.12623796,-0.20435881,0.10698658,-0.9730321,0.00436969,-0.00232536,-0.00364069
0.975277823,0.107058069,-0.193317708,0.0834715973,-0.988473873,-0.126300438,-0.204610994,0.107041478,-0.972972954,-0.000324520748,0.0034930706,0.00562966336
0.9752168,0.10701229,-0.1936506,0.08334194,-0.98845685,-0.12651948,-0.2049544,0.10724471,-0.97287834,0.00145238,0.00418997,0.00657739
0.97529361,0.10677732,-0.19339335,0.08306477,-0.98843891,-0.12684161,-0.20470131,0.10764363,-0.97288759,0.00574982,-0.00382602,-0.01035522
0.97528907,0.10675263,-0.19342983,0.0830027,-0.98842416,-0.12699818,-0.20474808,0.10780474,-0.97286004,0.00298055,0.00973725,0.00130594
0.97525441,0.1067763,-0.19359146,0.08297652,-0.98840655,-0.12715015,-0.20492371,0.1079402,-0.97280777,,,
0.975279999,0.106695299,-0.193507206,0.082886964,-0.988403879,-0.127230632,-0.204838172,0.108046266,-0.972814185,0.00436766632,0.000171065331,0.00571749778
0.975279999,0.106695299,-0.193507206,0.082886964,-0.988403879,-0.127230632,-0.204838172,0.108046266,-0.972814185,0.00436766632,0.000171065331,0.00571749778
0.97537932,0.10664716,-0.19303253,0.08285305,-0.98838295,-0.12741422,-0.20437844,0.10828387,-0.97288433,-0.00340994,0.00670648,0.00185629
0.97547018,0.10667607,-0.19255688,0.08291344,-0.98836413,-0.12752185,-0.20391983,0.10842821,-0.97296461,-0.00934297,-0.00695813,0.0012402
0.97556905,0.10661983,-0.19208651,0.08288806,-0.98835264,-0.12762473,-0.2034566,0.10858506,-0.97304375,0.00143631,-0.00428998,-0.00292434
0.975616166,0.106567468,-0.191876169,0.0828569241,-0.988354111,-0.127633701,-0.203243252,0.10862323,-0.973084096,0.00626673689,1.01327896e-05,0.00041357358
0.9756931,0.10646666,-0.19154065,0.08278995,-0.98835827,-0.12764713,-0.20290095,0.10868679,-0.97314871,-0.00321634,0.00339413,0.00357332
0.97576168,0.1064509,-0.19119979,0.08280884,-0.9883545,-0.12766502,-0.20256321,0.1087376,-0.97321353,-0.00611647,0.0039134,-0.00238943
0.97581303,0.10643122,-0.1909485,0.0828313,-0.98836134,-0.12759788,-0.20230648,0.10869517,-0.97327172,,,
0.97588962,0.10633035,-0.19061294,0.08276434,-0.98836489,-0.12761111,-0.20196411,0.1087584,-0.9733354,,,
0.97594082,0.10629507,-0.19037036,0.08280337,-0.98839128,-0.12738288,-0.20170057,0.10855484,-0.97341299,,,
0.97595787,0.10627551,-0.19029385,0.08282463,-0.98840971,-0.1272263,-0.20160931,0.10840649,-0.97344847,-0.00386769,0.00286627,0.00907178
0.97604301,0.10624021,-0.18987643,0.08286471,-0.98842416,-0.12708718,-0.20118022,0.1083085,-0.97354806,,,
0.97614494,0.1062088,-0.18936937,0.08290121,-0.98842822,-0.12703303,-0.20067002,0.1083037,-0.97365404,,,
0.976259162,0.106132866,-0.188822311,0.0828971341,-0.988435448,-0.126978603,-0.200115255,0.108311197,-0.973767274,0.000173944951,0.00826072693,-0.000597244129
0.9763562,0.10605313,-0.18836481,0.08289652,-0.98845324,-0.12683916,-0.19964152,0.10822541,-0.97387388,,,
0.976389938,0.106014325,-0.188211705,0.0829386867,-0.988489768,-0.126525587,-0.199458911,0.107928276,-0.973944149,0.000291537261,0.00355362892,-0.00582433119
0.97639426,0.10603175,-0.1881795,0.08300851,-0.98851446,-0.12628836,-0.19940873,0.10768673,-0.97398138,,,
0.97638172,0.10606852,-0.18822383,0.0830573,-0.98852053,-0.12620767,-0.19944981,0.1075935,-0.97398313,,,
0.97633543,0.106105365,-0.188443028,0.0831049063,-0.988538093,-0.126037847,-0.199656449,0.107394673,-0.973962636,0.000827506068,-0.00392127037,0.00604295451
0.9763523,0.10608601,-0.18836651,0.08312597,-0.98855671,-0.12588112,-0.19956517,0.10724617,-0.97399812,,,
0.976356625,0.106118852,-0.188325583,0.0831794218,-0.98856152,-0.125804767,-0.199521728,0.107165503,-0.974015489,-0.000257385953,0.00668692589,-0.000202682553
0.976339752,0.106099537,-0.188423915,0.0831993363,-0.988591169,-0.12555871,-0.199595976,0.106911213,-0.974028264,-0.0011777475,0.00624442101,0.000647911394
0.976204018,0.105948796,-0.189210383,0.0830022698,-0.988634521,-0.125349784,-0.200340559,0.106662073,-0.973902984,0.000367598026,-0.0105431676,0.00480781589
0.97610605,0.10583069,-0.18978101,0.08285985,-0.98867099,-0.1251535,-0.20087611,0.10643786,-0.97381685,0.00185775,0.00639367,0.00644014
0.975964799,0.105646739,-0.190608171,0.0826096283,-0.98870901,-0.125019836,-0.201663972,0.106268888,-0.973672626,-0.00174401747,0.00594067574,0.000925496686
0.975848898,0.105540068,-0.191259571,0.0824545997,-0.988737351,-0.124899219,-0.202287341,0.106112535,-0.97356052,-0.00532257231,-0.000892043114,-0.000795447035
0.97554838,0.10489904,-0.19313608,0.08162618,-0.98882323,-0.12476343,-0.204065,0.10594781,-0.97320741,0.00317076,-0.00395972,0.00468076
0.97551273,0.10474825,-0.19339783,0.08143235,-0.98883181,-0.12482102,-0.20431272,0.10601565,-0.97314791,0.01427365,-0.00145221,0.00257866
0.97545039,0.10452004,-0.1938352,0.0811435,-0.98884981,-0.12486476,-0.20472483,0.10607091,-0.97305505,-0.00437648,0.0034641,0.01799212
0.97542799,0.10390638,-0.19427738,0.0803833,-0.98885853,-0.1252879,-0.20513108,0.10659266,-0.97291262,0.00635427,-0.00553066,0.00647091
0.97533672,0.10346656,-0.19496912,0.07978925,-0.98886389,-0.1256249,-0.20579593,0.10697014,-0.97273077,0.0091004,-0.00135887,0.00443371
0.975209699,0.103042703,-0.195827067,0.079177285,-0.988861209,-0.126032084,-0.206632515,0.107402653,-0.972505679,0.000656514894,-0.00438976288,0.00879612938
0.97518089,0.10281513,-0.19608998,0.07888893,-0.98886741,-0.12616436,-0.20687863,0.10756375,-0.97243557,-0.00937568,0.00524461,0.006917
0.97521065,0.10234881,-0.1961859,0.07832679,-0.98886508,-0.12653327,-0.20695192,0.10802998,-0.97236841,,,
0.97522259,0.10188641,-0.19636718,0.07775999,-0.98886327,-0.12689708,-0.20710937,0.10848338,-0.97228448,-0.00323261,-0.00693655,-0.00579599
0.97521088,0.10165509,-0.19654515,0.07747617,-0.98886812,-0.12703373,-0.20727083,0.10865711,-0.9722308,0.00802952,-0.0055294,-0.00991174
0.97519209,0.10123308,-0.19685588,0.07695371,-0.98887289,-0.12731149,-0.20755361,0.10900437,-0.97213128,-0.00336915,0.00461912,0.00318858
0.975200501,0.100888396,-0.196991137,0.0765263571,-0.988868313,-0.12760379,-0.207672081,0.109364264,-0.972065491,-0.00822783262,0.00444293022,0.000901667867
0.97528135,0.10067809,-0.19669828,0.07631113,-0.98886374,-0.12776976,-0.20737142,0.10960119,-0.97210322,-0.00969161,0.00281787,-0.00142939
0.97533733,0.10027287,-0.19662767,0.07586112,-0.98886958,-0.12799124,-0.2072732,0.10991824,-0.97208822,-0.00281407,0.00190842,-0.00605963
0.97535798,0.09985135,-0.19673972,0.07542724,-0.98890678,-0.12796153,-0.20733437,0.10996877,-0.97206963,0.00600262,0.00405371,-0.00498039
0.97537321,0.09968115,-0.1967505,0.07525558,-0.98892097,-0.12795148,-0.20732508,0.10999387,-0.97206859,0.00277424,0.01200247,-0.00689679
0.97540872,0.09905708,-0.19688958,0.07468407,-0.98901093,-0.12758963,-0.20736466,0.10974752,-0.97208787,,,
0.97542885,0.09891936,-0.19685914,0.07456613,-0.98903099,-0.12750422,-0.20731245,0.10969227,-0.97210539,0.003678,0.01046419,0.00215398
0.97549915,0.09858743,-0.19667721,0.07430289,-0.98908262,-0.12725778,-0.20707604,0.10952617,-0.97217458,-0.00337297,-0.0020436,0.00358026
0.97547645,0.09825068,-0.1969581,0.07395405,-0.98912351,-0.127142,-0.20730771,0.10945818,-0.97213273,0.01382019,-0.00441259,0.00762247
0.97545117,0.09805581,-0.19718032,0.07371929,-0.98913392,-0.12719718,-0.20751021,0.10953864,-0.97208043,0.0082392,-0.00346941,0.01230003
0.97542305,0.09768657,-0.19750241,0.07331673,-0.98916909,-0.12715654,-0.2077848,0.10955119,-0.97202039,-0.00243506,0.00405133,0.01304102
0.975419752,0.0972282453,-0.197744728,0.0728329776,-0.98921036,-0.127115678,-0.20797035,0.109588806,-0.971976749,-0.00547340652,1.257658e-05,0.00459137792
0.97542426,0.09698493,-0.19784193,0.07256227,-0.98922234,-0.12717562,-0.2080438,0.10969432,-0.97194891,-0.00265145,-0.00277537,0.00347057
0.97538214,0.09639258,-0.19833848,0.07186725,-0.98925074,-0.12734997,-0.20848209,0.10996084,-0.97182497,0.01310554,-0.00734937,-0.00467789
0.97526836,0.09583241,-0.19916771,0.07113636,-0.98926312,-0.12766343,-0.20926358,0.11033804,-0.97161418,0.00844444,0.00312185,-0.00451958
0.97520118,0.09562135,-0.19959764,0.07082975,-0.98925935,-0.12786256,-0.20968025,0.11055427,-0.97149971,-0.00264624,0.0069561,0.00104938
0.975142843,0.0952077577,-0.200079761,0.0702975226,-0.989263036,-0.128125982,-0.210130165,0.11087602,-0.971365632,-0.00499876961,0.00319516659,-0.000874244957
0.97512518,0.09481869,-0.20035044,0.06982845,-0.98927073,-0.12832461,-0.21036842,0.11114239,-0.97128384,0.00319545,-0.00448453,-0.00575679
0.97504987,0.09427536,-0.20097242,0.06916893,-0.98929573,-0.12849047,-0.21093462,0.11138357,-0.9711336,,,
0.97496514,0.09392642,-0.20154602,0.06874362,-0.98932252,-0.12851109,-0.21146462,0.11143883,-0.97101181,,,
0.97494332,0.0937724,-0.20172321,0.06855392,-0.98932821,-0.12856973,-0.21162674,0.11151928,-0.9709674,-0.00365592,0.00543427,0.00630214
0.9750011,0.09298219,-0.20180975,0.06771885,-0.98937173,-0.12867569,-0.21162944,0.11179262,-0.97093517,,,
0.97499156,0.09278364,-0.20194717,0.06748857,-0.98938028,-0.12873414,-0.21174692,0.11188557,-0.97089926,0.00510263,-0.00125718,0.00351996
0.9749709,0.09250393,-0.20217508,0.06716778,-0.9893955,-0.12878124,-0.21194393,0.11197831,-0.9708451,,,
0.97490844,0.09219999,-0.20261465,0.06678362,-0.98940719,-0.1288921,-0.21235226,0.11212666,-0.97073886,,,
0.974886135,0.0920460282,-0.202791885,0.0665938825,-0.989412332,-0.128950116,-0.212514176,0.11220698,-0.970694063,-0.000262303278,-0.00530177355,0.00389866787
0.97485382,0.09170191,-0.20310288,0.06616509,-0.98941557,-0.12914641,-0.21279615,0.11246055,-0.97060301,0.00929982,0.00339508,0.00272026
0.974832557,0.0914389466,-0.203323399,0.065826763,-0.989411174,-0.129353743,-0.212998411,0.112714119,-0.970529355,0.000404938939,0.0110149384,-0.00159111316
0.97481563,0.09133395,-0.20345171,0.0656735,-0.98940265,-0.12949753,-0.21312316,0.11287483,-0.97048339,-0.00115372,0.00682855,-0.00218843
0.97480549,0.09114383,-0.20358551,0.06543441,-0.98940029,-0.12963549,-0.21324305,0.11304789,-0.97043678,-0.00651432,0.0025568,-0.0016399
0.9748191,0.09098188,-0.20359276,0.06525401,-0.98940289,-0.12970451,-0.21323608,0.11315319,-0.97042577,0.00965403,-0.00359517,-0.00367379
0.974825896,0.0909134393,-0.203590814,0.0651507282,-0.989389651,-0.129859491,-0.213236619,0.113326305,-0.970405729,0.00939517003,6.31809235e-05,0.00119387545
0.974827,0.09080444,-0.20363414,0.06500216,-0.9893798,-0.13000874,-0.21327689,0.11349937,-0.97037663,0.00487674,0.00184488,0.00544007
0.9748814,0.0908006,-0.2033753,0.06500762,-0.98936656,-0.13010613,-0.21302646,0.1136171,-0.97041778,,,
0.97490518,0.09083709,-0.20324498,0.06505763,-0.98936208,-0.13011751,-0.21290233,0.1136296,-0.97044387,-0.00243197,0.00668108,-0.00415411
0.97497076,0.09090597,-0.20289928,0.06516243,-0.98935119,-0.13014574,-0.21256968,0.11366689,-0.97051214,0.00223544,0.00371099,-0.00546489
0.97498768,0.09102759,-0.20276342,0.06529829,-0.98934016,-0.13016262,-0.21245037,0.11366685,-0.97053841,,,
0.97502823,0.09116906,-0.2025047,0.06550155,-0.98934416,-0.13003014,-0.21220155,0.11351869,-0.9706102,,,
0.975075508,0.0912337231,-0.202247768,0.0656102956,-0.989344452,-0.129972204,-0.211950563,0.113463177,-0.970671416,-0.00095814548,0.00811004639,0.00477851974
0.97508111,0.09126599,-0.20220621,0.06566426,-0.98935057,-0.12989755,-0.21190808,0.11338293,-0.97068996,-0.00540423,0.00757563,0.00651317
0.97507986,0.09137509,-0.20216293,0.06581273,-0.98936048,-0.12974801,-0.21186775,0.11320978,-0.97071913,0.00296628,0.0041368,0.00111598
0.97509229,0.09132222,-0.2021269,0.06578087,-0.98937323,-0.12966774,-0.21182046,0.11314194,-0.97073747,,,
0.97517111,0.09125392,-0.20177716,0.06567929,-0.9893353,-0.13000576,-0.21148884,0.11352528,-0.97076469,0.00400076,-0.00297707,-0.00102777
0.97496961,0.09103996,-0.20284475,0.06528483,-0.98933128,-0.13023731,-0.21253743,0.11373473,-0.97051146,-0.00222128,0.00958538,0.00382834
0.974921,0.09110933,-0.20304712,0.06529844,-0.98931027,-0.1303865,-0.2127561,0.11385787,-0.97044865,-0.00459199,0.00201964,0.0038621
0.974849695,0.091024965,-0.203426953,0.0651221327,-0.989294827,-0.130593525,-0.213136523,0.114061461,-0.970341498,0.00122072105,-0.000207185745,0.00749859912
0.97480886,0.09089195,-0.20368196,0.06491,-0.98928067,-0.130806,-0.21338786,0.11428985,-0.97025935,0.00371248,0.00241613,0.00432755
0.97479748,0.09081924,-0.20376883,0.06481067,-0.98927801,-0.13087485,-0.21347001,0.11437008,-0.97023177,,,
0.97477468,0.09069057,-0.20393514,0.0645945,-0.98925287,-0.13117318,-0.21363958,0.1146912,-0.97015676,,,
0.97478143,0.09063883,-0.20392586,0.0644737,-0.98921882,-0.13148838,-0.21364526,0.11502458,-0.97011596,-0.0036639,0.00132942,-0.00426117
0.97484267,0.09055801,-0.20366889,0.06438476,-0.98920169,-0.13166039,-0.21339253,0.115235,-0.97014657,-0.00120438,-0.00284839,-0.0052527
0.97482451,0.09057047,-0.20375023,0.06437123,-0.98919242,-0.13173479,-0.21347953,0.11530264,-0.97011914,,,
0.97481206,0.0906234525,-0.203786241,0.0644029885,-0.989179744,-0.131815045,-0.213526807,0.115370451,-0.97010076,-0.00138303719,0.000135719776,0.00547730271
0.97480064,0.09055079,-0.20387315,0.06430363,-0.9891771,-0.13188375,-0.21360887,0.11545058,-0.97007321,0.00409652,0.00387537,0.00532665
0.974825538,0.0904698521,-0.203790015,0.064213873,-0.989172178,-0.13196405,-0.21352223,0.115555778,-0.970079715,0.000721626682,0.00189220905,0.00476815877
0.97486184,0.09046991,-0.20361625,0.06421478,-0.98915999,-0.13205573,-0.21335615,0.11566092,-0.97010383,,,
0.97511623,0.09028605,-0.2024766,0.06415122,-0.98915499,-0.13212394,-0.21220972,0.11584708,-0.97033304,,,
0.97530865,0.09019965,-0.20158637,0.06415912,-0.98914706,-0.13218044,-0.2113212,0.11598313,-0.97051081,,,
0.97535128,0.09011436,-0.20141817,0.06407435,-0.98914094,-0.13226619,-0.21115008,0.11610026,-0.97053389,0.00575796,-0.00512779,0.00106986
0.97540619,0.0899844,-0.20121027,0.06394911,-0.9891377,-0.13235208,-0.21093429,0.11622982,-0.97056546,0.00882883,0.00219369,0.00352597
0.97543082,0.08991148,-0.20112345,0.0638509,-0.9891226,-0.13251237,-0.21085014,0.11641474,-0.9705616,,,
0.975443124,0.0898750352,-0.201080061,0.0638017979,-0.989115062,-0.132592577,-0.210808072,0.116507248,-0.970559676,0.00308138714,-0.000439286232,-0.00400199741
0.97542625,0.08977831,-0.20120508,0.06363986,-0.98909537,-0.13281636,-0.21093505,0.1167479,-0.97050307,,,
0.97542062,0.08973783,-0.20125041,0.06359452,-0.9890989,-0.13281066,-0.21097475,0.11674783,-0.97049429,,,
0.97541499,0.0897056,-0.20129209,0.06354054,-0.9890925,-0.13288527,-0.21101706,0.11682808,-0.97047559,,,
0.97542062,0.08974607,-0.20124674,0.06358589,-0.98908873,-0.13289085,-0.21097735,0.11682802,-0.97048412,0.00681291,0.00474811,-0.00359426
0.97542625,0.08977831,-0.20120508,0.06363986,-0.98909537,-0.13281636,-0.21093505,0.1167479,-0.97050307,0.00428723,-0.00472844,0.00223761
0.97540832,0.08978253,-0.20129013,0.06363498,-0.98909652,-0.13281077,-0.21101945,0.11673564,-0.97048628,,,
0.97535446,0.08980341,-0.20154162,0.06361173,-0.98908936,-0.13287395,-0.21127524,0.11677879,-0.97042527,0.00312806,0.00279117,0.00615139
0.97543856,0.0897500782,-0.201158001,0.0635821208,-0.989077651,-0.132976765,-0.210895547,0.116920612,-0.970490981,-0.00277851615,0.000237226486,0.00788640976
0.97543293,0.08971784,-0.20119967,0.06352815,-0.98907101,-0.13305125,-0.21093784,0.11700073,-0.97047204,0.00141284,-0.00208467,0.00526863
0.97545086,0.08973005,-0.20110728,0.06351579,-0.9890493,-0.13321711,-0.21085864,0.11717326,-0.97046826,,,
0.97547544,0.08964888,-0.20102422,0.06342623,-0.98904438,-0.13329734,-0.21077185,0.11727807,-0.9704746,,,
0.97541037,0.08960539,-0.2013591,0.06329493,-0.98902413,-0.13350957,-0.21111221,0.11748161,-0.97037595,,,
0.9753811,0.08954522,-0.20152756,0.06318203,-0.98901204,-0.13365291,-0.21128118,0.1176296,-0.9703213,,,
0.975363137,0.0895494785,-0.201612608,0.0631771188,-0.989013216,-0.133647303,-0.211365571,0.11761735,-0.970304512,-0.00594914891,0.000185012817,0.00161106046
0.97538775,0.08946004,-0.20153322,0.06309621,-0.98901818,-0.1336472,-0.21127614,0.11764186,-0.97032081,-0.00356272,0.00340307,-0.00283507
0.97534045,0.08938764,-0.20179406,0.06299568,-0.98902766,-0.13362452,-0.21152432,0.11761724,-0.97026972,,,
0.97531679,0.08934319,-0.20192811,0.06295406,-0.98904282,-0.1335331,-0.21164582,0.11752488,-0.97025458,0.00173437,0.00597167,-0.00385784
0.97527508,0.08931122,-0.20214356,0.06289891,-0.98904858,-0.13351601,-0.21185429,0.11750022,-0.97021201,0.00176688,0.00402212,0.00239007
0.97529309,0.08930699,-0.20205853,0.06290381,-0.9890476,-0.13352175,-0.21176992,0.11751259,-0.97022904,-0.00584678,-0.0024603,0.0033576
0.97532341,0.08925802,-0.20193378,0.06286825,-0.98904897,-0.13352737,-0.2116408,0.11753715,-0.9702541,-0.00325059,-0.0034166,0.00168868
0.97536507,0.08928999,-0.20171832,0.0629234,-0.98904325,-0.13354447,-0.21143232,0.11756181,-0.97029667,,,
0.9753414,0.0892455293,-0.201852391,0.0628818093,-0.989058168,-0.13345293,-0.211553847,0.117469323,-0.970281297,0.000562043046,0.00525736809,-0.00235168589
0.9752874,0.08925825,-0.20210753,0.06286712,-0.98906133,-0.13343582,-0.21180702,0.11743235,-0.97023046,,,
0.975221001,0.0893073899,-0.202406003,0.0629015694,-0.989072396,-0.133338646,-0.212102316,0.117302993,-0.970181747,0.000708240899,0.00281643867,0.00692400569
0.97520296,0.08929505,-0.20249834,0.06291404,-0.98909398,-0.13317265,-0.21218155,0.11713037,-0.97018529,,,
0.97520296,0.08928677,-0.20250199,0.06292272,-0.98910415,-0.13309246,-0.21217897,0.11705018,-0.97019546,0.00498999,0.00218892,0.00411622
0.97520958,0.08920162,-0.20250765,0.06283691,-0.98911053,-0.13308683,-0.21217398,0.1170626,-0.97019523,,,
0.97519814,0.08912895,-0.20259469,0.06273754,-0.9891073,-0.13315539,-0.21225593,0.1171426,-0.97016733,,,
0.97513333,0.08893505,-0.2029915,0.06250104,-0.98912785,-0.13311534,-0.21262317,0.11711802,-0.97009006,,,
0.9751481,0.08850516,-0.20310841,0.06207581,-0.98917005,-0.13300063,-0.21268,0.11708719,-0.97008133,,,
0.97531798,0.08824806,-0.20240334,0.06191137,-0.98918631,-0.13295493,-0.21194767,0.11714226,-0.97023475,,,
0.97545055,0.08812503,-0.20181727,0.06186832,-0.9891953,-0.13290927,-0.21134934,0.11716032,-0.97036324,,,
0.97540961,0.08795911,-0.20208731,0.06169073,-0.98922089,-0.13280037,-0.21159003,0.11706784,-0.97032182,0.00453152,0.00516415,-0.00355108
0.9753866,0.08777238,-0.20227945,0.06153536,-0.98926589,-0.13253677,-0.21174127,0.11682725,-0.9703178,0.00424826,0.00115597,-0.00283174
0.975375078,0.087683139,-0.202373724,0.0614533438,-0.989283442,-0.132445154,-0.211818185,0.11674716,-0.970310836,-0.00525110494,0.00429904461,0.000919184415
0.97538734,0.08760532,-0.20234836,0.06144752,-0.98932693,-0.1321244,-0.21176344,0.11643866,-0.97036009,,,
0.97542984,0.08748691,-0.2021946,0.06139736,-0.9893609,-0.13188942,-0.21158209,0.11623466,-0.9704236,0.00401258,0.005198,0.00170103
0.97544924,0.08720655,-0.20222215,0.06116588,-0.98940962,-0.13163149,-0.21155972,0.11603074,-0.97045292,,,
0.9754319,0.08706018,-0.20236879,0.06105594,-0.98945082,-0.13137337,-0.21167139,0.11578995,-0.97045743,0.00297456,-0.00217998,0.00540405
