0,1,2,3,4,5,6,7,8,9,10,11
-0.089801,0.77697097,-0.62309859,0.98682062,-0.01514642,-0.16110746,-0.13461355,-0.62935416,-0.76537081,-0.00887841,-0.00182259,0.00713502
-0.08994433,0.77697234,-0.62307622,0.98679827,-0.01507727,-0.16125081,-0.13468172,-0.62935414,-0.76535885,-0.01207888,-0.00620079,0.00780196
-0.09012818,0.77688612,-0.62315704,0.98676451,-0.01503444,-0.16146087,-0.13480559,-0.62946148,-0.76524859,-0.01026869,-0.0064435,0.00196354
-0.09036207,0.7767032,-0.62335117,0.98674397,-0.01489468,-0.16159929,-0.13479936,-0.62969051,-0.76506126,,,
-0.09048371,0.77660707,-0.62345329,0.98674596,-0.01476299,-0.16159927,-0.13470322,-0.62981217,-0.76497806,-0.00515746,0.00196564,0.00124055
-0.09098247,0.77641238,-0.62362333,0.98672287,-0.01431696,-0.16178085,-0.13453703,-0.6300626,-0.76480127,-0.00782576,0.00737715,0.01088615
-0.09139307,0.77679521,-0.62308615,0.98668408,-0.01389917,-0.16205308,-0.13454249,-0.62959977,-0.76518115,-0.00298319,0.00763106,0.01053751
-0.09151731,0.77709213,-0.62269759,0.98667242,-0.0137253,-0.16213894,-0.13454365,-0.6292371,-0.76547925,,,
-0.09159134,0.77756872,-0.62209154,0.98666566,-0.0135429,-0.16219572,-0.13454325,-0.62865209,-0.76595994,0.00544024,0.00099242,-0.00902709
-0.09171309,0.77744493,-0.62222836,0.9866615,-0.01344644,-0.16222919,-0.134491,-0.6288073,-0.76584177,0.00487509,-0.0028404,-0.00304419
-0.09191582,0.77725696,-0.62243323,0.98665849,-0.01326221,-0.16226262,-0.13437459,-0.62904353,-0.76566818,-0.00150792,-0.00775987,0.00117405
-0.09222101,0.77721279,-0.62244304,0.98665599,-0.01291186,-0.16230539,-0.1341828,-0.6291052,-0.76565088,-0.00328639,-0.00924158,0.00302626
-0.092578813,0.777437053,-0.622109851,0.986647099,-0.012457503,-0.162395183,-0.134002011,-0.628837279,-0.765902693,0.00185735303,-0.00724363327,-0.000243843097
-0.09271239,0.77761349,-0.62186944,0.98663583,-0.01230083,-0.16247575,-0.13399287,-0.62862221,-0.76608088,0.00312824,-0.00242364,-0.00469752
-0.09274348,0.77775675,-0.62168573,0.98664781,-0.01216944,-0.16241321,-0.13388352,-0.62844761,-0.76624337,0.00709135,-0.00266206,-0.01552174
-0.0929054507,0.777490118,-0.62199484,0.986620128,-0.0121698449,-0.162580791,-0.133974578,-0.628777311,-0.765956737,0.0079159271,0.000767350197,-0.00719518214
-0.09299595,0.77725054,-0.62228065,0.98660981,-0.01216973,-0.16264328,-0.13398761,-0.62907342,-0.76571125,-0.0010286,-0.00565904,-0.00644644
-0.09332008,0.77693838,-0.62262201,0.98660228,-0.0118893,-0.16271029,-0.13381839,-0.62946441,-0.76541968,,,
-0.09337512,0.77754414,-0.62185691,0.98657024,-0.01181289,-0.16290935,-0.1340152,-0.62871727,-0.76599885,,,
-0.09332705,0.77808871,-0.62118263,0.98655572,-0.01179727,-0.16299842,-0.13415555,-0.6280435,-0.76652683,0.00391978,-0.00472206,-0.00852982
-0.09307714,0.77915723,-0.61987946,0.9865192,-0.01199374,-0.16320511,-0.13459715,-0.6267137,-0.76753721,0.01381411,-0.00436181,-0.02162333
-0.09273208,0.77956993,-0.61941223,0.98649596,-0.01241598,-0.16331439,-0.13500559,-0.62619214,-0.76789122,0.01016637,-0.0071677,-0.01463665
-0.09254855,0.77951809,-0.61950494,0.98650015,-0.01263464,-0.16327238,-0.13510098,-0.62625232,-0.76782541,0.00802591,-0.0051496,-0.00848611
-0.0925584,0.77909512,-0.62003525,0.98643439,-0.01303837,-0.16363736,-0.13557332,-0.62677011,-0.7673194,0.00270901,-0.00237465,0.00352278
-0.09221343,0.77965108,-0.61938746,0.98634256,-0.01373421,-0.16413307,-0.13647334,-0.62606351,-0.76773655,,,
-0.09174434,0.7804948,-0.61839366,0.98629083,-0.01431581,-0.16439385,-0.1371614,-0.62499825,-0.76848145,0.00426765,0.00335085,-0.00768181
-0.0913962,0.78118685,-0.61757093,0.98622854,-0.01483599,-0.1647215,-0.13784054,-0.62412099,-0.76907281,-0.00372965,0.00777578,0.00325628
-0.09123147,0.78167702,-0.61697469,0.9862063,-0.0150042,-0.16483911,-0.13810819,-0.62350287,-0.76952594,,,
-0.09054192,0.78304234,-0.61534281,0.98620547,-0.01547292,-0.16480073,-0.13856713,-0.62177585,-0.77083968,-0.00269127,-0.00286353,-0.00798953
-0.0897888,0.78425761,-0.61390392,0.98621018,-0.01602975,-0.16471966,-0.13902336,-0.62022826,-0.77200355,-0.00246711,-0.00227666,-0.00899042
-0.0895085504,0.784748793,-0.613316759,0.986192258,-0.0163123922,-0.164798781,-0.139330344,-0.619599177,-0.77245307,-0.00508568995,0.000794529915,-0.0091751283
-0.08911897,0.78568164,-0.61217801,0.98610275,-0.01692173,-0.16527182,-0.14021023,-0.61839937,-0.77325474,-0.00384773,-0.0038147,-0.01032227
-0.08882115,0.78635002,-0.61136266,0.98599582,-0.01756496,-0.165842,-0.14114848,-0.61753136,-0.77377767,-0.00466919,-0.00928009,-0.01447575
-0.08870383,0.78649532,-0.61119278,0.98593016,-0.01795134,-0.16619067,-0.14167996,-0.61733519,-0.77383709,-0.00748833,-0.005858,-0.01084639
-0.08878824,0.78648882,-0.61118888,0.98576616,-0.01856507,-0.16709364,-0.14276409,-0.61732532,-0.77364568,-0.02435396,0.00287092,0.00402163
-0.08919847,0.78724651,-0.61015293,0.98556192,-0.0187517,-0.16827389,-0.14391443,-0.61635326,-0.77420756,-0.02820081,0.00812376,0.0248158
-0.08925046,0.78829801,-0.60878621,0.98548498,-0.01872825,-0.16872654,-0.14440828,-0.61500857,-0.77518435,-0.03296688,0.00424063,0.01739819
-0.08897951,0.79153482,-0.60461159,0.98537573,-0.0186076,-0.16937633,-0.14531767,-0.61084064,-0.77830349,-0.02466455,-0.0051561,0.00635467
-0.08881918,0.79487207,-0.6002412,0.98524495,-0.01840182,-0.17015789,-0.1462993,-0.60649792,-0.78150925,-0.00378079,-0.00341839,-0.01396715
-0.0888289,0.79614255,-0.59855355,0.98516852,-0.01834496,-0.17060584,-0.14680705,-0.60483088,-0.782705,0.00292373,-0.00950223,-0.01840452
-0.08945891,0.7976108,-0.59650138,0.9849284,-0.01816747,-0.17200523,-0.14803022,-0.60289863,-0.78396426,-0.01461912,0.01060259,-0.02355456
-0.0907598,0.79802463,-0.59575098,0.98463914,-0.01769106,-0.17370286,-0.14915866,-0.60236501,-0.78416063,-0.02174692,0.0111078,-0.02203716
-0.09156439,0.79798526,-0.59568066,0.98447617,-0.01741144,-0.17465242,-0.14974173,-0.60242537,-0.78400319,-0.02164399,0.0062958,-0.00844044
-0.0934117,0.79767641,-0.59580749,0.9841114,-0.01678094,-0.17675726,-0.15099331,-0.60285215,-0.78343492,-0.02790668,0.00124907,0.00135708
-0.09525558,0.79792116,-0.59518747,0.98372264,-0.0160641,-0.17897388,-0.15236822,-0.60254768,-0.7834029,-0.03490429,0.00514841,0.01382145
-0.09608324,0.7985196,-0.59425127,0.98353577,-0.01563581,-0.18003616,-0.15305396,-0.6017658,-0.78387026,-0.05623212,0.01055205,0.02314751
-0.09799146,0.80093511,-0.59067795,0.98315172,-0.01411783,-0.18224495,-0.15430553,-0.59858456,-0.78605728,-0.04698719,0.01045835,0.00565231
-0.09991452,0.80427176,-0.58580195,0.98277344,-0.01222706,-0.18440926,-0.15547783,-0.59413579,-0.78919525,-0.01624627,-0.00365311,-0.01731579
-0.10094964,0.80593417,-0.58333463,0.98256025,-0.01126585,-0.18560295,-0.15615552,-0.59189797,-0.7907416,-0.0183221,-0.00133109,-0.02515177
-0.10337372,0.80955679,-0.57786818,0.98212946,-0.00878694,-0.18800125,-0.1572754,-0.58697577,-0.79418122,-0.0630035,0.00751543,0.031014
-0.10605985,0.81491974,-0.56978697,0.98175348,-0.00513623,-0.19008891,-0.15783374,-0.57955112,-0.79950555,-0.0606058,0.02257144,0.02433416
-0.10740175,0.81805662,-0.56502054,0.98156712,-0.00311591,-0.19109225,-0.15808484,-0.57512924,-0.80264282,-0.06164304,0.01412594,0.01825765
-0.1127182,0.83068804,-0.54520825,0.98080297,0.00514621,-0.1949336,-0.15912324,-0.55671442,-0.81532138,0.00264482,0.00382614,-0.03211539
-0.11425364,0.832925276,-0.541462331,0.980574443,0.00708024587,-0.196019162,-0.159435671,-0.553340072,-0.817554165,0.000407081563,0.0258991718,-0.0384564325
-0.11828941,0.83581961,-0.53610928,0.97997544,0.0111744,-0.19880454,-0.16017405,-0.54889041,-0.82040449,-0.02287112,0.03774834,-0.03293046
-0.12324877,0.8372771,-0.53270684,0.97930358,0.01577515,-0.20178072,-0.16054291,-0.54655102,-0.8218927,-0.04579115,0.02635515,-0.02498905
-0.12600921,0.83773375,-0.53134131,0.97895965,0.01835384,-0.20322627,-0.16049743,-0.54577017,-0.82242026,-0.05027255,0.02329206,-0.01383536
-0.131604094,0.838842578,-0.528226872,0.978278072,0.0238063856,-0.205925684,-0.160164017,-0.543853384,-0.823754335,-0.0986178517,0.000404119492,0.0264260843
-0.13766591,0.84170117,-0.52209887,0.97744622,0.03022047,-0.20901102,-0.16014675,-0.53909726,-0.82687795,-0.12528978,0.02953315,0.03679416
-0.14096393,0.84414209,-0.51725534,0.97698461,0.0341238,-0.21056222,-0.16009378,-0.53503225,-0.82952403,-0.11513261,0.03814137,0.02382221
-0.14767723,0.85029314,-0.50516632,0.97598567,0.04258712,-0.21363125,-0.16013561,-0.52458356,-0.83616308,-0.08907165,0.03078878,0.00279422
-0.15493321,0.85690387,-0.49164144,0.97475859,0.05161855,-0.21721209,-0.16075211,-0.51288513,-0.84327182,-0.07829951,0.00909162,-0.01573729
-0.1589272,0.85992254,-0.4850518,0.97402153,0.05628807,-0.21934816,-0.16131983,-0.50731133,-0.84652876,-0.07259163,0.01153505,-0.00960555
-0.1677304,0.86537625,-0.47221881,0.97229196,0.06609402,-0.22423209,-0.16283424,-0.49674505,-0.85248436,-0.08047907,0.03557408,-0.00110534
-0.183039593,0.872307919,-0.453404131,0.969083979,0.0824797938,-0.232536556,-0.165446825,-0.481950105,-0.860436687,-0.0757030174,0.0567848682,-0.000456240959
-0.19442938,0.87624833,-0.44089204,0.96658887,0.09460554,-0.23823419,-0.16704156,-0.47248115,-0.86536595,-0.0978245,0.04267538,-0.00130947
-0.20675023,0.88059277,-0.42639271,0.96381579,0.10835938,-0.2435516,-0.16826612,-0.46131837,-0.87113255,-0.13742708,0.07295966,0.0786934
-0.21304505,0.88344463,-0.41729755,0.96241482,0.11612398,-0.24550523,-0.16843206,-0.45391707,-0.87497983,-0.12874502,0.0821439,0.07702108
-0.22566797,0.8905887,-0.39487409,0.95953332,0.13311387,-0.24814587,-0.16843273,-0.43489348,-0.88458905,-0.0830821,0.05808401,0.03236003
-0.23851693,0.89784228,-0.37012035,0.95638542,0.15098585,-0.25006059,-0.168632,-0.41362135,-0.89469596,-0.04123658,0.05396938,-0.01424267
-0.24526918,0.90084799,-0.35821211,0.95465864,0.16012339,-0.25097285,-0.16873026,-0.40352619,-0.89927565,-0.03533151,0.05739701,-0.00905289
-0.25965575,0.90524242,-0.3363255,0.95076795,0.178626,-0.2532448,-0.1691715,-0.38552402,-0.90705673,-0.04211679,0.0522244,0.01241672
-0.27500533,0.90821034,-0.31547775,0.94635505,0.19779938,-0.25551443,-0.16965952,-0.36882175,-0.91388534,-0.02714926,0.05261147,0.00954917
-0.283026525,0.909218639,-0.305314998,0.943991819,0.20777245,-0.256339479,-0.169632625,-0.360765782,-0.917100059,-0.00411143992,0.0522916317,0.000646975124
-0.29937144,0.91035804,-0.28570085,0.93895996,0.22789771,-0.25771462,-0.16950201,-0.34541405,-0.92301582,0.01277401,0.06211197,-0.01868899
-0.34149097,0.9102489,-0.23415983,0.92456984,0.28054219,-0.2578113,-0.16898075,-0.30453735,-0.93739131,-0.05369256,0.07871091,0.00479716
-0.35861174,0.90948766,-0.21030833,0.91812534,0.30293948,-0.25548663,-0.16865127,-0.28470995,-0.94366131,0.00731321,0.0368557,-0.04604232
-0.36719646,0.90859695,-0.19904309,0.91470733,0.31391457,-0.25449569,-0.16875151,-0.27551613,-0.94636859,0.00593821,0.02570307,-0.04863849
-0.38471206,0.90569117,-0.17810129,0.90740692,0.33573328,-0.2527762,-0.16914265,-0.25885641,-0.95099107,-0.01421897,0.05477309,-0.02244136
-0.40280859,0.90150258,-0.15823446,0.89943104,0.35783492,-0.25095395,-0.16961384,-0.24340743,-0.95497838,0.00741045,0.06046569,-0.01867883
-0.4117195,0.89916373,-0.14829603,0.89527277,0.36868766,-0.25011217,-0.17021687,-0.23574144,-0.95679271,0.02455919,0.04361463,-0.03937872
-0.42912635,0.89400343,-0.12887304,0.88672276,0.38980273,-0.24854879,-0.17196843,-0.22093352,-0.9600078,0.05210088,0.01679516,-0.03722822
-0.44640751,0.88795068,-0.11074211,0.87774807,0.41045398,-0.24715542,-0.17400729,-0.20753572,-0.96262673,0.03780337,0.02823651,-0.02502966
-0.47079496,0.87737376,-0.09255913,0.86442878,0.43776716,-0.24723011,-0.17639388,-0.1964055,-0.9645257,0.13752894,-0.10742635,-0.07499428
-0.48752033,0.86783883,-0.09580885,0.85408413,0.45123258,-0.25870704,-0.18128397,-0.20795382,-0.96119242,0.10719712,-0.02980578,-0.063522
-0.49672802,0.86215001,-0.09979368,0.84816372,0.45782383,-0.26648772,-0.18406445,-0.21701327,-0.95865829,0.04443706,0.0533483,-0.00567356
-0.51556988,0.85052582,-0.10389213,0.83611703,0.47287467,-0.27802496,-0.18733944,-0.23020727,-0.95493907,-0.02325442,0.11998498,0.07257672
-0.53295928,0.84050554,-0.09749029,0.82506099,0.49066352,-0.28022045,-0.18769196,-0.22978161,-0.95497199,0.00465524,0.07290447,0.04922
-0.54085724,0.83616204,-0.09113997,0.81991102,0.49994241,-0.27893281,-0.18766829,-0.2255895,-0.95597594,0.03343512,0.04576671,0.03032842
-0.55555179,0.82803953,-0.07558113,0.80991107,0.5183287,-0.27455299,-0.18816488,-0.21374244,-0.95859681,0.0771881,0.00891614,-0.00547706
-0.5687282,0.82039368,-0.05918203,0.80041031,0.53542983,-0.26955194,-0.18945087,-0.20067169,-0.96116561,0.05599912,0.00395238,0.01198818
-0.57487729,0.81666286,-0.05077253,0.79587169,0.54367512,-0.26646877,-0.19001139,-0.19359527,-0.96250533,0.05136685,-0.00169778,0.00921388
-0.58697574,0.80888865,-0.03403624,0.78678145,0.56001277,-0.25953919,-0.19087759,-0.17912232,-0.96513249,0.05873117,0.00490046,0.00580454
-0.59897837,0.80057788,-0.01731434,0.77744731,0.57622075,-0.25208189,-0.19183432,-0.16445261,-0.96755088,0.05773144,0.01674724,-0.01382764
-0.60485135,0.79628756,-0.00899085,0.77275591,0.58417499,-0.24816899,-0.19236165,-0.1570531,-0.96867495,0.04056475,0.02826071,-0.00258697
-0.61635274,0.78743076,0.00787056,0.76343354,0.59996015,-0.23920076,-0.19307607,-0.14142341,-0.97093813,0.01319467,0.05631149,0.03358059
-0.62758327,0.77815152,0.02488321,0.75412977,0.61553044,-0.22893339,-0.19346125,-0.12490963,-0.97312384,0.01755026,0.0784322,0.01073702
-0.63339463,0.77311481,0.0332365,0.74926002,0.62345554,-0.22341128,-0.19344405,-0.11660473,-0.97415741,0.02359787,0.071854,0.00716852
-0.64526802,0.76238506,0.04897246,0.73919467,0.63925761,-0.21199286,-0.1929262,-0.10059203,-0.97604346,0.01670508,0.08095133,0.00996648
-0.65751908,0.7507968,0.06302874,0.72859978,0.65491708,-0.20056402,-0.19186143,-0.08595196,-0.97765086,-0.03319572,0.14515519,0.04569122
-0.66389633,0.74456839,0.06971055,0.72299571,0.66288005,-0.19459507,-0.19109907,-0.07879052,-0.97840338,-0.03811475,0.1466651,0.05457934
-0.69205412,0.71560244,0.09473127,0.69743481,0.69670797,-0.16787689,-0.18613315,-0.05011102,-0.98124568,-0.01630962,0.15079057,0.02253247
-0.69974734,0.70731509,0.10029481,0.69018558,0.70557834,-0.16063336,-0.18438424,-0.04318073,-0.98190525,-0.0220508,0.16366041,0.03843486
-0.7158645,0.68937337,0.11091506,0.67458315,0.7238277,-0.14495172,-0.18020925,-0.02894437,-0.98320222,-0.02132273,0.20424914,0.04348985
-0.73275448,0.66956906,0.12144151,0.65757852,0.74263474,-0.12682317,-0.17510356,-0.01307293,-0.98446317,-0.00241417,0.192397,0.03945174
-0.74151928,0.65890094,0.12648623,0.64844702,0.75221479,-0.11700159,-0.17223727,-0.00473932,-0.98504413,-0.00568834,0.16041601,0.02472497
-0.7594126,0.63635836,0.13542774,0.6290614,0.77130512,-0.09679966,-0.16605538,0.01168149,-0.98604731,0.03101196,0.13196445,0.03018054
-0.77743863,0.61251827,0.14286448,0.60827396,0.7899916,-0.0769157,-0.15997401,0.0271035,-0.98674891,0.035283,0.16280448,0.03455847
-0.78649218,0.6000237,0.14629318,0.59735253,0.79921374,-0.06653844,-0.15684416,0.03505664,-0.98700103,0.04312685,0.19094777,0.03399505
-0.82262095,0.54636746,0.1574083,0.55020747,0.83473835,-0.02199175,-0.14341032,0.06851634,-0.98728871,0.08103801,0.09191608,-0.01096969
-0.849682682,0.502310483,0.16038427,0.510432583,0.859844776,0.0112030401,-0.13227817,0.0913843977,-0.986990852,0.119244963,0.111947179,-0.000759439543
-0.8671339,0.4714942,0.16053675,0.48233209,0.87530743,0.03453491,-0.124236,0.10737841,-0.98642553,0.1054989,0.06470728,-0.00774075
-0.87553235,0.45586503,0.16009355,0.46799951,0.88250393,0.04651086,-0.12008051,0.11564547,-0.98600535,0.10576893,0.04063809,-0.00579462
-0.906647029,0.392815918,0.153905396,0.409154767,0.907639396,0.0937182233,-0.102876591,0.147940472,-0.983631068,0.117422245,0.0160980225,-0.000454351306
-0.91365344,0.37717937,0.15157001,0.39433162,0.9129269,0.10520009,-0.09869304,0.15588525,-0.98283256,0.12430923,0.01641357,0.02030676
-0.92666047,0.34629074,0.14622886,0.36486031,0.92218276,0.12828058,-0.09042736,0.17222567,-0.98089806,0.11772022,-0.00813925,0.01997674
-0.93857104,0.31574839,0.1392392,0.33516917,0.93013379,0.15004253,-0.0821354,0.18749424,-0.97882577,0.14537007,-0.01725835,0.00497284
-0.94418388,0.30043844,0.13510414,0.32006408,0.93371123,0.16044411,-0.07794467,0.19473076,-0.97775464,0.13170238,-0.00661802,0.00255905
-0.95467039,0.26992243,0.12548363,0.28957167,0.93979109,0.18149642,-0.06893844,0.20960578,-0.97535261,0.11562088,0.03615594,0.02847118
-0.96396091,0.24024314,0.11429149,0.25940564,0.94412411,0.20331841,-0.0590595,0.22563886,-0.97241916,0.09369497,0.02189672,0.05273079
-0.96817689,0.22570394,0.10812354,0.24436806,0.94582048,0.21379397,-0.05401131,0.23341238,-0.97087635,0.14017816,-0.02182388,0.03840704
-0.97611594,0.19590572,0.09390529,0.21278778,0.94929153,0.23144535,-0.04380202,0.24589944,-0.96830493,0.1664813,-0.02476251,0.00939569
-0.98316968,0.16546925,0.07744235,0.17969828,0.95232363,0.24655268,-0.03295329,0.25631937,-0.96603026,0.12833983,0.02555585,0.03536775
-0.99159654,0.11965094,0.0491956,0.12853132,0.95438433,0.26950003,-0.01470558,0.27355843,-0.96174309,0.1491061,-0.02814221,0.00143451
-0.99561148,0.08919942,0.02830397,0.09356632,0.95441248,0.28344692,-0.00173036,0.28485132,-0.95857008,0.12808326,-0.00819063,0.00456087
-0.99709866,0.07411743,0.0173357,0.07595572,0.95397317,0.29011363,0.00496469,0.29058871,-0.956835,0.12099324,0.01457512,0.01270569
-0.99900305,0.04432047,-0.00533917,0.04061026,0.95194335,0.30356987,0.01853694,0.30305042,-0.95279417,0.11889653,-0.00812429,-0.00833346
-0.99949255,0.01491245,-0.02814382,0.00527959,0.94896817,0.31532766,0.0314099,0.31501909,-0.94856535,0.1081294,-0.0447396,-0.00565089
-0.999221722,0.000324867448,-0.0394352386,-0.0123316052,0.947247607,0.320265333,0.0374589788,0.32050249,-0.94650636,0.117115729,-0.0386174321,-0.00900924113
-0.99461116,-0.05535355,-0.08765965,-0.08207053,0.937016,0.33950762,0.06334554,0.34487241,-0.93650945,0.11628354,-0.06721145,-0.0279406
-0.99256402,-0.06905382,-0.10023947,-0.09961331,0.93408022,0.34288674,0.06995407,0.35032228,-0.93401309,0.1088021,-0.07942438,-0.02120208
-0.98745283,-0.09709585,-0.12453445,-0.13497029,0.92832036,0.34641639,0.08197227,0.35887838,-0.9297776,0.10158721,-0.06880766,-0.01882777
-0.98097327,-0.12516262,-0.14840957,-0.1703715,0.92151715,0.34896946,0.09308403,0.36761454,-0.92530782,0.12357433,-0.01523179,-0.04255356
-0.97720243,-0.13862993,-0.16080204,-0.1878634,0.91744747,0.35070998,0.09890853,0.37292343,-0.92257539,0.1141159,-0.02826869,-0.06573706
-0.96860207,-0.16486821,-0.18608602,-0.22263983,0.90830898,0.35412749,0.11063923,0.38443887,-0.91649617,0.10093497,-0.05623049,-0.05846053
-0.95866268,-0.19061379,-0.21126322,-0.25712136,0.89832227,0.35623827,0.12187852,0.39583264,-0.9101989,0.07766715,-0.08897829,-0.02821111
-0.94137158,-0.22807408,-0.24859925,-0.30793168,0.88190998,0.35694938,0.13783126,0.41257362,-0.90043621,0.11257934,-0.02299404,-0.04310508
-0.92863186,-0.25087062,-0.27332562,-0.34012757,0.86992222,0.35713942,0.14817625,0.42461661,-0.89316551,0.04863614,-0.09339285,-0.04114097
-0.92187404,-0.2623383,-0.28517865,-0.35606802,0.86383101,0.3563868,0.15285225,0.43008674,-0.88975367,0.04661597,-0.14721608,-0.05729491
-0.90724048,-0.28583802,-0.30856359,-0.38816548,0.85151888,0.35248144,0.16199513,0.43955914,-0.88348486,0.09124865,-0.10767031,-0.04264554
-0.88297354,-0.31866883,-0.34468493,-0.43493615,0.83161455,0.34532269,0.17660141,0.45482678,-0.87289422,0.06733269,-0.08096683,-0.05035545
-0.86549687,-0.33879598,-0.36896087,-0.46500062,0.81728869,0.34031396,0.18625053,0.46610778,-0.86490113,-0.00460461,-0.16747731,-0.02215927
-0.84673934,-0.3595815,-0.39208781,-0.49490636,0.80279698,0.33254265,0.19519069,0.47562387,-0.85771892,0.02093756,-0.17742819,-0.02332942
-0.81655278,-0.38822477,-0.427227,-0.53795575,0.7801946,0.31921776,0.20939194,0.49048741,-0.84591781,0.03151633,-0.10900748,-0.05235502
-0.79537876,-0.40359388,-0.45219939,-0.5646457,0.76459857,0.31074783,0.22033506,0.50249474,-0.836033,-0.05416008,-0.16880739,0.01775997
-0.78492341,-0.41097739,-0.46367353,-0.57708865,0.75732398,0.30566176,0.22553103,0.50750173,-0.83161173,-0.07632317,-0.18145931,0.06350779
-0.76494586,-0.42608985,-0.48301701,-0.59984417,0.74443403,0.29326604,0.23461662,0.51406755,-0.82503925,-0.06399527,-0.17034221,0.02900146
-0.74565113,-0.43982675,-0.50055621,-0.62032718,0.73249258,0.28044388,0.24330697,0.51962198,-0.81902039,0.04893735,-0.11009151,-0.06651375
-0.73561715,-0.44517648,-0.5105738,-0.63007749,0.72643147,0.27440794,0.24873693,0.52356018,-0.81487115,0.0452126,-0.11950409,-0.07585274
-0.71457892,-0.45450952,-0.53178763,-0.64926086,0.71392018,0.2622562,0.26045598,0.53267164,-0.80524755,-0.07890925,-0.12654036,0.01271068
-0.69361892,-0.46612948,-0.54919569,-0.66805988,0.70141765,0.24841344,0.2694227,0.53919991,-0.79791895,-0.10107636,-0.12827057,0.0310382
-0.68372559,-0.4733356,-0.55540326,-0.67695363,0.69561385,0.240531,0.27249431,0.54043944,-0.79603524,-0.0334449,-0.09961569,-0.00988048
-0.66337266,-0.48714005,-0.56800639,-0.69441175,0.68358201,0.22473973,0.27879922,0.54351651,-0.79174539,0.03200532,-0.02769941,-0.10428338
-0.64169439,-0.49638398,-0.58466324,-0.71122664,0.67041886,0.21141234,0.28702755,0.55149022,-0.78324553,0.01586855,-0.02144712,-0.07194608
-0.63077573,-0.49940389,-0.59390005,-0.71913659,0.6637368,0.20565976,0.29148599,0.55682055,-0.77780864,-0.02862372,-0.05273974,-0.00961159
-0.60999402,-0.50659541,-0.60931816,-0.73390389,0.65115751,0.19333658,0.2988187,0.56511507,-0.76899454,-0.10836665,-0.09737509,0.0683597
-0.5818651,-0.52352821,-0.62237553,-0.75378309,0.63448214,0.17100726,0.30535904,0.56863929,-0.76380973,0.01785447,-0.04831111,-0.03587909
-0.56222392,-0.5330463,-0.6322701,-0.76628166,0.62330299,0.15590284,0.31099237,0.57214939,-0.75889943,0.05905758,-0.01027036,-0.04183239
-0.54274665,-0.53878811,-0.64430835,-0.77747388,0.61250558,0.14272779,0.3177424,0.57839799,-0.75132903,-0.06956731,-0.10167521,0.01879012
-0.53338592,-0.54152026,-0.64981177,-0.78266743,0.60732885,0.13632083,0.32082896,0.58129811,-0.74777094,-0.08886284,-0.1064955,0.03831472
-0.51529057,-0.54789642,-0.6590029,-0.79240141,0.59750514,0.12283131,0.32645876,0.58548871,-0.74204264,-0.02199553,-0.05134505,0.0158737
-0.49659228,-0.55269741,-0.66926921,-0.80166151,0.58765896,0.10952471,0.33276798,0.59091658,-0.73490312,0.01956928,-0.00890881,-0.02511795
-0.48726959,-0.55394991,-0.67506116,-0.80587964,0.58299983,0.10329147,0.33634221,0.5943489,-0.73049502,0.00723849,-0.03127575,-0.00380214
-0.46928121,-0.55530059,-0.68659756,-0.81350557,0.57430785,0.09153758,0.34348748,0.60150785,-0.72125199,-0.07481772,-0.06716371,0.01272932
-0.45221015,-0.55814723,-0.69568489,-0.82059111,0.56598562,0.07931237,0.34947964,0.60673874,-0.71395509,-0.06094089,-0.01258409,0.02276107
-0.44401792,-0.56056997,-0.69900622,-0.82401558,0.56186603,0.07283529,0.35191861,0.60833212,-0.711397,-0.03617808,0.01079929,0.02510844
-0.42863681,-0.56597538,-0.70423168,-0.83024726,0.5541596,0.05997159,0.35631429,0.61039248,-0.70743271,-0.04487029,-0.01181734,-0.04345207
-0.4142152,-0.56948117,-0.71001199,-0.83574457,0.54693835,0.04888225,0.36049527,0.61363642,-0.70249097,-0.08248487,-0.03271973,-0.0363312
-0.40733408,-0.5703335,-0.71330119,-0.83820478,0.54357484,0.04403535,0.36261774,0.61582958,-0.69947282,-0.09946445,-0.03116238,-0.01083206
-0.38103061,-0.57473258,-0.72422242,-0.84746472,0.53025964,0.02506484,0.36962033,0.62330343,-0.68911074,-0.04568358,0.01223218,-0.01113371
-0.37560516,-0.57574276,-0.72625126,-0.84938638,0.52734424,0.02123143,0.37076056,0.6248426,-0.68710127,-0.07701244,0.01708472,-0.0292802
-0.366622409,-0.575891222,-0.730709908,-0.852519764,0.522450478,0.0159822419,0.372555663,0.628804167,-0.682500681,-0.144097239,-0.000635623932,-0.0190448258
-0.35646265,-0.57703918,-0.73481976,-0.85618837,0.51657298,0.00968452,0.37399968,0.63259633,-0.6781932,-0.16770147,-0.06744683,0.01149518
-0.35093557,-0.58096557,-0.73438621,-0.85833596,0.51307017,0.00428193,0.37430399,0.6318528,-0.6787182,-0.10426296,-0.02869201,0.01828967
-0.347252437,-0.585065153,-0.732880847,-0.859921776,0.510425778,-3.04401199e-05,0.374099063,0.63020967,-0.68035685,-0.128959447,-0.00707179308,-0.0140636563
-0.34601262,-0.58658464,-0.73225234,-0.86050426,0.50944101,-0.00148146,0.37390834,0.6295937,-0.68103159,-0.13470587,-0.00089872,-0.01225807
-0.34448793,-0.58847591,-0.7314535,-0.86132229,0.50804959,-0.00308952,0.37343277,0.62895289,-0.68188437,-0.11178187,-0.02087343,0.02230265
-0.34484143,-0.58945408,-0.7304987,-0.8612517,0.50816671,-0.0034849,0.37326932,0.62794149,-0.68290527,-0.04872666,-0.0234822,-0.03980432
-0.34526238,-0.58903677,-0.73063627,-0.86098424,0.50862155,-0.00319067,0.37349675,0.62796475,-0.68275925,-0.03826761,-0.02869833,-0.0663055
-0.34550972,-0.5859146,-0.73302602,-0.86051375,0.50942475,-0.00158732,0.37435163,0.63023053,-0.68019877,-0.04170662,-0.02156603,-0.02586778
-0.345620932,-0.582087916,-0.736016021,-0.86008464,0.5101511,0.000421997103,0.37523371,0.633181983,-0.67696376,-0.057454478,-0.0290683508,0.05081328
-0.34605667,-0.58132898,-0.73641103,-0.85990206,0.51045774,0.00112855,0.37525063,0.63363195,-0.67653328,-0.06181842,-0.03063291,0.07337801
-0.3475526,-0.58305958,-0.73433545,-0.8594991,0.51113631,0.00095094,0.37479104,0.6314912,-0.67878594,-0.04011821,-0.03586209,0.03499553
-0.34932834,-0.58792113,-0.72960129,-0.8591587,0.51170814,-0.00098043,0.37391928,0.62650089,-0.68387169,-0.01962163,-0.01099735,0.00928325
-0.35024517,-0.59089114,-0.72675701,-0.85897733,0.51200826,-0.00232313,0.37347828,0.62345419,-0.6868905,-0.0097182,0.01820159,-0.01154903
-0.35212232,-0.5960817,-0.72159274,-0.85840333,0.51295232,-0.00484803,0.37303244,0.6177106,-0.69230046,0.02850538,0.04301155,-0.02811177
-0.35467634,-0.5982796,-0.71851654,-0.85736222,0.51468573,-0.00534404,0.37300742,0.61413357,-0.69548917,0.03308413,0.03637373,-0.02908254
-0.35605827,-0.5982891,-0.7178248,-0.85677471,0.51566833,-0.00481581,0.37304073,0.61329947,-0.69620693,0.02275325,0.0287534,-0.01574555
-0.36108167,-0.59394318,-0.71892382,-0.85520971,0.51828033,0.00135134,0.37180145,0.61531859,-0.6950875,0.02806989,0.03118277,-0.03101942
-0.36214247,-0.59226352,-0.7197755,-0.85492205,0.51874604,0.00329162,0.37143118,0.61654398,-0.69419911,0.03724755,0.02128673,-0.01784517
-0.36446277,-0.58880239,-0.72144188,-0.85430827,0.51971358,0.00742276,0.37057257,0.61903914,-0.69243499,0.01324097,-0.00782454,-0.01448047
-0.36750101,-0.58598886,-0.72219105,-0.85374262,0.52055545,0.01206281,0.3688718,0.62099841,-0.69158831,0.01611592,0.0086863,0.02313332
-0.36952667,-0.58681991,-0.72048054,-0.85341483,0.52106227,0.01331047,0.36760436,0.6197874,-0.69334721,0.02558881,0.00481188,0.00815301
-0.37438972,-0.58738304,-0.71750498,-0.85231677,0.52275663,0.01678082,0.3652237,0.61782412,-0.69635111,0.03418437,0.03900015,-0.01097499
-0.37688804,-0.585872,-0.71743268,-0.85175294,0.52356588,0.01989423,0.36396784,0.61857324,-0.69634393,0.02117113,0.02382505,-0.00198032
-0.37925627,-0.58476401,-0.71708833,-0.8512703,0.52423509,0.02272498,0.3626341,0.6190546,-0.69661168,0.02134937,0.01154482,-0.01255156
-0.380948024,-0.583789408,-0.716985689,-0.851000862,0.524567174,0.025035875,0.361491471,0.619692818,-0.696638115,0.0274565481,3.83853912e-05,0.00894718058
-0.38168754,-0.58338831,-0.71691893,-0.85088644,0.52470406,0.02603713,0.36098052,0.61995463,-0.69667021,0.0213812,-0.00215006,0.00310117
-0.38329905,-0.58284839,-0.71649794,-0.85046544,0.52530369,0.02764884,0.3602639,0.61995458,-0.69704081,0.02317723,-0.00154531,-0.00768147
-0.38436307,-0.58256208,-0.71616097,-0.85019037,0.52569422,0.02866983,0.35977974,0.61989276,-0.69734612,0.00926041,0.0039444,-0.00669928
-0.38439209,-0.58261959,-0.71609876,-0.8503089,0.52549026,0.02889398,0.35946876,0.6200117,-0.69740094,0.01531577,0.01209557,0.00334696
-0.38433434,-0.58248185,-0.7162415,-0.8509209,0.52443005,0.03011163,0.35807907,0.62103782,-0.69720245,0.01671883,0.00800097,0.01220398
-0.38442015,-0.58262144,-0.71608171,-0.85101284,0.52427002,0.03029785,0.35776794,0.62104192,-0.69735826,0.01163146,-0.00594747,0.01559
-0.38439041,-0.58355258,-0.71533924,-0.8512362,0.52392369,0.03001386,0.35726849,0.62045974,-0.69813232,-0.00311787,-0.02539259,0.02159923
-0.38412753,-0.58556925,-0.71383078,-0.85141344,0.52371753,0.02854826,0.35712867,0.61873136,-0.69973583,-0.00564081,-0.01212215,0.01522352
-0.38397044,-0.58674502,-0.71294918,-0.85152757,0.52357696,0.02770951,0.35702529,0.61773562,-0.70066761,0.01294714,0.00461495,0.01142557
-0.38420257,-0.58856369,-0.71132356,-0.85146869,0.52373288,0.0265509,0.35691665,0.61587066,-0.70236308,0.01268461,0.03540432,-0.01346525
-0.38533846,-0.58906888,-0.7102902,-0.8510025,0.52448226,0.02670428,0.35680396,0.61474891,-0.70340228,-0.00408638,0.01295412,-0.01729479
-0.38591345,-0.58883911,-0.71016841,-0.85070984,0.52494014,0.02702902,0.35688014,0.61457815,-0.70351268,-0.00899189,0.00468659,-0.01221793
-0.38686467,-0.58786459,-0.71045806,-0.85018988,0.52573434,0.02793687,0.35708907,0.61483211,-0.70318455,-0.00605862,0.00920784,-0.0110297
-0.38778526,-0.58683561,-0.71080691,-0.84982819,0.52625251,0.02916008,0.35695173,0.61537162,-0.7027824,0.00326329,0.01671076,0.00104275
-0.3884454,-0.58619252,-0.71097701,-0.84962369,0.526531,0.0300769,0.35672056,0.61574619,-0.70257159,-0.00393788,0.01366746,-0.00733346
-0.38986051,-0.58448065,-0.71161159,-0.84926427,0.52696986,0.03244885,0.35603212,0.61699685,-0.70182326,-0.01413278,-0.00689268,-0.03246439
-0.39054126,-0.5823716,-0.71296606,-0.8491438,0.52702402,0.0346468,0.35557289,0.61894177,-0.70034185,-0.00515499,0.00933444,-0.00477265
-0.3907615,-0.58151243,-0.71354632,-0.8491174,0.52700884,0.03551331,0.35539374,0.61976192,-0.69970706,-0.00441571,0.01787949,0.02516535
-0.392075226,-0.580966529,-0.713270552,-0.848888439,0.527264191,0.0371602246,0.35449317,0.620056736,-0.699902995,2.83196568e-05,0.00811374187,0.0181070641
-0.39425873,-0.58110044,-0.71195653,-0.84844664,0.52784072,0.03901802,0.35312623,0.61944038,-0.70113851,0.00339104,0.00591183,-0.0204235
-0.39530271,-0.58088768,-0.71155147,-0.84816572,0.52822047,0.03997649,0.35263423,0.61931633,-0.70149601,0.01365152,0.00303304,-0.01669389
-0.396877514,-0.579851342,-0.711519807,-0.847775186,0.528687942,0.0420263924,0.351802854,0.61988822,-0.701407922,0.000431688735,0.0120531321,0.0161500424
-0.398544303,-0.579064403,-0.711228987,-0.847373871,0.529170764,0.0439973208,0.35088428,0.620211785,-0.701582027,0.0140616288,-0.0017156601,0.000264782226
-0.39961334,-0.57866125,-0.71095728,-0.84704986,0.52960023,0.04505663,0.3504506,0.62022152,-0.70179025,0.01227888,0.00496626,0.00363977
-0.40156161,-0.57741671,-0.71087146,-0.84638306,0.53047696,0.04722187,0.34983424,0.62063205,-0.70173491,0.00499659,0.00877917,0.00824566
-0.40327145,-0.57595055,-0.71109288,-0.84580961,0.53118962,0.04943366,0.34925381,0.62138438,-0.70135811,-0.01337036,-0.00865996,0.01020347
-0.40404515,-0.57533505,-0.71115204,-0.84555961,0.53149485,0.05042042,0.34896503,0.62169354,-0.701228,-0.00690827,-0.00913393,0.0115096
-0.40766008,-0.57299275,-0.71098008,-0.84424812,0.53318801,0.05436628,0.34793458,0.62240653,-0.70110752,0.01982524,0.00116229,0.00387224
-0.40873137,-0.57229256,-0.71092901,-0.84373696,0.53390066,0.05529991,0.34791776,0.62243985,-0.70108634,0.01029099,-0.00863743,0.00972948
-0.41057019,-0.57127537,-0.71068724,-0.84282119,0.53519924,0.05669333,0.34797174,0.62225891,-0.70121983,0.00234193,-0.00959492,0.01680221
-0.41193793,-0.57089124,-0.7102043,-0.84212846,0.53621021,0.05743,0.34803249,0.6217409,-0.70164908,0.01602578,0.00332153,0.00295148
-0.412621397,-0.570653824,-0.709998549,-0.84180356,0.536672306,0.0578761545,0.348009328,0.621560211,-0.701820906,0.0211389624,0.0123015642,-0.000840761233
-0.41389296,-0.56992914,-0.70984024,-0.84116003,0.5375751,0.0588451,0.34805487,0.62144486,-0.70190014,0.01803684,0.01708233,-0.00600246
-0.41507938,-0.56888107,-0.70998849,-0.84051484,0.53846228,0.05994361,0.34820126,0.62163717,-0.70165759,0.00644239,0.01579118,-0.00357277
-0.41556422,-0.56824789,-0.71021178,-0.84019686,0.53890281,0.0604402,0.34839011,0.62183447,-0.70138882,0.00237358,0.02284753,-0.00620742
-0.41650553,-0.56757503,-0.71019822,-0.83967907,0.53962527,0.06118468,0.34851398,0.62182239,-0.70133777,0.01179621,0.02212632,0.00800789
-0.417559,-0.56752629,-0.70961852,-0.83915786,0.54038818,0.06160126,0.34850913,0.62120411,-0.7018881,0.0180243,0.01917183,0.00115306
-0.41828547,-0.56747103,-0.70923472,-0.83879544,0.54091646,0.06189986,0.34851036,0.62079467,-0.70224961,0.01137752,0.01821804,-0.01056516
-0.41970883,-0.56717748,-0.70862849,-0.83801313,0.54206089,0.06248226,0.34868128,0.6200643,-0.70280993,0.02531563,-0.00233865,-0.02520308
-0.4208314,-0.56634314,-0.70862966,-0.83723981,0.54318398,0.06309146,0.34918482,0.61984392,-0.70275387,0.01524387,0.01350904,-0.0109891
-0.42114645,-0.56592926,-0.70877327,-0.83705057,0.54343311,0.06345651,0.34925894,0.6200036,-0.70257633,0.0134914,0.01710081,0.00218901
-0.42168483,-0.56565871,-0.70866908,-0.83684155,0.54369395,0.06397669,0.34911008,0.6200218,-0.70263419,0.00609548,0.01692986,-0.00978016
-0.42218689,-0.56571243,-0.7083276,-0.8366505,0.54395769,0.06423453,0.34896201,0.61974154,-0.70295541,0.0180109,0.01487291,-0.01569821
-0.42252071,-0.56558397,-0.70823095,-0.83651052,0.54414063,0.06450689,0.34889317,0.61969812,-0.70302763,0.01893476,0.0163976,-0.01645045
-0.42368492,-0.56357518,-0.70913594,-0.83608829,0.54451378,0.06679073,0.34849266,0.62119856,-0.70190087,0.00539512,0.00925171,-0.01349159
-0.42537474,-0.56163626,-0.70966261,-0.83532901,0.54539447,0.06906742,0.3482553,0.6221813,-0.70114809,-0.00323816,0.00351799,0.0114342
-0.42577451,-0.5618588,-0.70924656,-0.83526259,0.54546518,0.06931179,0.34792585,0.62191833,-0.70154481,0.00315376,0.00770497,-0.00113467
-0.42677475,-0.56202523,-0.70851318,-0.83484638,0.54605004,0.06971991,0.3476993,0.62125437,-0.7022451,0.01897941,0.00619566,-0.01916705
-0.42714133,-0.56131686,-0.70885377,-0.83453188,0.54647736,0.07013591,0.34800407,0.62151902,-0.70185988,0.01040836,0.00430596,0.00232691
-0.42722384,-0.56105728,-0.70900945,-0.8345381,0.54642582,0.07046232,0.34788765,0.62179862,-0.7016698,0.01173844,0.00633049,0.01775761
-0.42737124,-0.56080463,-0.70912062,-0.83450892,0.54642666,0.07080104,0.34777687,0.6220258,-0.70152351,-0.0050696,-0.00457799,0.00939252
-0.42804474,-0.56056239,-0.70890575,-0.83417281,0.54688275,0.0712386,0.34775463,0.62184324,-0.70169618,0.00681707,0.01050997,-0.01245922
-0.42830086,-0.56021534,-0.70902521,-0.83393492,0.54722691,0.07138016,0.34800937,0.62185316,-0.70156087,0.009048,0.00711477,-0.01256621
-0.428087,-0.55862242,-0.71040996,-0.83373974,0.5474535,0.07192108,0.34873966,0.62308555,-0.70010342,-0.00912077,-0.00222766,0.01867459
-0.4281987,-0.55869436,-0.710286,-0.83372909,0.54745958,0.07199814,0.34862788,0.62301568,-0.7002212,-0.00908016,0.00966942,0.01150794
