0,1,2,3,4,5,6,7,8,9,10,11
-0.199840226,-0.152162318,-0.967941293,-0.0908728867,0.986488692,-0.13631646,0.975605369,0.060718102,-0.210967552,0.00686174911,0.000777661742,-0.00447057979
-0.199914488,-0.15209394,-0.967936569,-0.0907481088,0.986506728,-0.136269043,0.975601634,0.0605962437,-0.211019224,0.00618446805,-0.000273168058,-0.00595944608
-0.20014501,-0.15202008,-0.96790074,-0.09071178,0.98652139,-0.13618705,0.97555795,0.06054284,-0.21123735,0.00430095,0.00278467,-0.00496225
-0.20026667,-0.15195264,-0.96788605,-0.09065792,0.98653528,-0.13612229,0.97553788,0.06048577,-0.21134585,0.00719084,0.00106364,-0.00305666
-0.20061856,-0.15186347,-0.96782714,-0.09051498,0.98655973,-0.13604017,0.97547882,0.06031066,-0.21166811,0.00742577,0.0014438,-0.00637813
-0.20101809,-0.15177533,-0.96775826,-0.09044295,0.98658004,-0.13594081,0.97540344,0.06020035,-0.21204744,0.00760053,0.00325793,-0.01039012
-0.201139603,-0.151707806,-0.967743447,-0.0903890695,0.986593895,-0.135876044,0.975383235,0.0601433692,-0.212155832,0.00757153099,6.47902416e-05,-0.00735028926
-0.20141712,-0.15168701,-0.96768908,-0.09037097,0.98660033,-0.13584135,0.97532774,0.06009023,-0.2124263,0.00865,-0.00104529,-0.01238172
-0.20151175,-0.15163682,-0.96767718,-0.09056546,0.98659619,-0.13574185,0.97529008,0.06028455,-0.21254378,0.00916387,0.00165659,-0.01184478
-0.20156624,-0.15166476,-0.96766163,-0.09107982,0.98656082,-0.13565476,0.9752311,0.06079103,-0.21267095,0.00452601,0.00290328,-0.00558808
-0.201498536,-0.151812358,-0.967652586,-0.0915954361,0.986507258,-0.135697116,0.975196798,0.0612897961,-0.212685088,0.00508246012,-0.000489115657,-0.00457273237
-0.201471226,-0.151829568,-0.967655375,-0.0918438963,0.986488956,-0.135662212,0.975178877,0.0615412014,-0.212693759,0.00399877271,0.000767350139,-0.00615656702
-0.20147772,-0.15190857,-0.96764168,-0.09223489,0.98645319,-0.13565704,0.97514069,0.06191845,-0.21275961,,,
-0.201497973,-0.151926687,-0.967634725,-0.0925542996,0.986430495,-0.135604502,0.975106343,0.0622347254,-0.212825214,0.00642118556,0.00295680738,-0.000960750272
-0.20159249,-0.15198103,-0.96760646,-0.09264344,0.98641803,-0.13563428,0.9750783,0.06229954,-0.21293452,0.00698997,-0.00215805,-0.00204776
-0.201734443,-0.151984082,-0.967576453,-0.0928562385,0.98640526,-0.135581648,0.975028755,0.0624940259,-0.213104586,0.00824125111,0.00208383775,3.3048098e-05
-0.201815333,-0.151994694,-0.967557822,-0.0931224228,0.986387405,-0.135528969,0.974986533,0.0627495031,-0.213222217,0.00904645585,-0.000850975455,-0.00388489198
-0.20189617,-0.15210985,-0.96752284,-0.09328318,0.98636164,-0.13560589,0.97495441,0.06287529,-0.21333193,0.00991752,-0.00234663,-0.00562552
-0.20191621,-0.15212791,-0.9675159,-0.09360269,0.98633864,-0.13555306,0.97491972,0.06319173,-0.21339734,0.00726872,-0.00159359,-0.00698204
-0.20192224,-0.15225903,-0.96749395,-0.09394111,0.98629833,-0.13561223,0.97488585,0.06350433,-0.21345895,0.00504551,0.00347728,-0.00411131
-0.201908543,-0.152319885,-0.967487155,-0.0940127358,0.986285001,-0.135659499,0.974881709,0.0635652965,-0.213459377,0.00570161128,0.000789225043,-0.00295269722
-0.20180636,-0.15245751,-0.96748687,-0.09433355,0.98624379,-0.13573637,0.97487195,0.06387401,-0.21341212,0.01052566,0.0011096,-0.00602755
-0.20184573,-0.15270264,-0.96744001,-0.09476189,0.9861816,-0.13588981,0.97482227,0.06424767,-0.21352694,0.0081301,-0.00301492,-0.00409104
-0.201912518,-0.152878564,-0.967398202,-0.0949944042,0.986142146,-0.136013706,0.97478572,0.0644345399,-0.213637052,0.00669199741,-3.40342485e-05,-0.00386464689
-0.20192399,-0.15319285,-0.96734626,-0.09561884,0.98605658,-0.13619642,0.97472246,0.06499521,-0.2137566,0.00747874,0.0080331,-0.00208336
-0.20194869,-0.1533938,-0.96730907,-0.09622461,0.98598794,-0.13626666,0.97465754,0.06556006,-0.21387923,0.00855242,0.00621182,-0.00473146
-0.2018599,-0.15336561,-0.96733211,-0.09657941,0.98596713,-0.13616618,0.97464087,0.06593786,-0.21383919,0.0066844,0.00238198,-0.00372788
-0.20181808,-0.1533383,-0.96734515,-0.09700532,0.98594166,-0.13604779,0.97460722,0.06638072,-0.21385549,0.00865053,0.00147957,-0.00285309
-0.201648781,-0.153194851,-0.967403221,-0.0971993628,0.98594696,-0.135870803,0.974622972,0.0666327915,-0.213705445,0.00887679122,-0.00615578843,0.000392343849
-0.20158791,-0.15314983,-0.96742315,-0.09730548,0.98594544,-0.13580591,0.97462509,0.06675874,-0.213657,0.012472,-0.008295,-0.00124089
-0.201606878,-0.15327212,-0.967399696,-0.0975198505,0.985913741,-0.135882202,0.974599606,0.0669458827,-0.213714065,0.00742153404,-0.00252193189,-0.000275231316
-0.20165925,-0.15345615,-0.96735961,-0.09787698,0.9858638,-0.13598775,0.97455297,0.06725905,-0.21382838,0.00889951,-0.00346458,-0.00324469
-0.20167826,-0.15363085,-0.96732788,-0.09803858,0.98582825,-0.13612898,0.97453276,0.06738119,-0.21388187,0.00569551,-0.00457263,-0.0042601
-0.201574956,-0.153924811,-0.967302609,-0.0982014081,0.985774563,-0.136400109,0.974537669,0.0674956222,-0.213823097,0.00570404157,0.000658631267,-0.00444884179
-0.20134482,-0.15410278,-0.96732245,-0.0981322,0.98575199,-0.1366129,0.97459246,0.06741918,-0.2135985,0.00581782,0.00179726,-0.00302173
-0.20089282,-0.15421501,-0.96739847,-0.09763591,0.98576593,-0.13686764,0.9747355,0.0669571,-0.21309022,,,
-0.20064324,-0.15427065,-0.96744133,-0.09735229,0.98577508,-0.13700373,0.97481521,0.06669375,-0.21280771,0.00442909,0.00335842,0.00104902
-0.20053514,-0.1543293,-0.96745447,-0.09728183,0.98577054,-0.13708641,0.97484457,0.0666251,-0.21269507,0.00471747,-0.00244713,-0.00223734
-0.200426967,-0.154492693,-0.967450849,-0.0971058122,0.985758337,-0.137298808,0.974884403,0.06642672,-0.212574692,0.00557118934,0.00765317632,0.000869944692
-0.20044598,-0.15466724,-0.967419,-0.09726739,0.98572272,-0.1374401,0.97486437,0.066549,-0.21262823,0.00328644,0.00417465,-0.00286049
-0.20047905,-0.15478116,-0.96739394,-0.09735735,0.9857007,-0.13753425,0.9748486,0.06661017,-0.21268142,0.00706339,0.00217384,-0.0054777
-0.200389583,-0.155171471,-0.967349836,-0.0972902417,0.985648839,-0.137952797,0.974873581,0.0664693922,-0.212610429,0.00800033379,0.000509619655,-0.00648011826
-0.20032854,-0.15528346,-0.96734458,-0.09723803,0.98563583,-0.13808253,0.97489141,0.06640081,-0.21255045,0.01119124,0.00323492,-0.00205809
-0.20020614,-0.15550732,-0.96733391,-0.09713368,0.98560975,-0.13834185,0.9749269,0.06626381,-0.21243012,0.00654585,0.00154382,-0.00347257
-0.20003665,-0.15567779,-0.9673415,-0.09701096,0.98559204,-0.13855399,0.97497386,0.06612685,-0.21225698,0.00567401,0.00429672,-0.00459253
-0.19997565,-0.1557374,-0.96734462,-0.09701151,0.98558287,-0.13861883,0.97498642,0.06612318,-0.21220089,,,
-0.19974487,-0.15596744,-0.96735515,-0.09688943,0.9855559,-0.13889568,0.97504577,0.06598278,-0.21197133,0.00525409,-0.00104564,-0.00198629
-0.19963678,-0.15613073,-0.96735124,-0.09671341,0.98554328,-0.13910774,0.9750855,0.06578481,-0.21185063,0.00564519,0.00361878,-0.00447277
-0.199575468,-0.156294987,-0.967337286,-0.0966084222,0.985526122,-0.139302097,0.975108384,0.065651645,-0.211786249,0.00484227203,0.00195687986,-3.21302214e-05
-0.19952835,-0.15650324,-0.96731332,-0.09632642,0.98551458,-0.13957873,0.97514591,0.06532792,-0.2117135,0.00637956,0.00187224,-0.00637155
-0.199481219,-0.156659186,-0.967297779,-0.096097154,0.985506939,-0.139790585,0.975178153,0.0650689627,-0.211644628,0.00276662456,-0.00095754856,-0.0102524552
-0.19943418,-0.156710489,-0.967299208,-0.0959733822,0.98550732,-0.139872909,0.975200003,0.0649395355,-0.21158388,0.00142556429,-0.000423908205,-0.00673729181
-0.19934,-0.15686544,-0.96729353,-0.09567306,0.98550394,-0.14010229,0.97524879,0.06461594,-0.21145815,0.0025246,0.00211471,-0.00963023
-0.19919855,-0.15696708,-0.96730612,-0.09535442,0.98550891,-0.14028442,0.97530884,0.06429245,-0.21127945,0.00398283,0.00401264,-0.01342524
-0.19904311,-0.15697237,-0.96733727,-0.0952656,0.98551251,-0.14031948,0.97534926,0.06422434,-0.21111355,-0.0010993,0.00122702,-0.00616384
-0.1988733,-0.1570905,-0.96735294,-0.09519563,0.98549835,-0.14046635,0.97539065,0.06415275,-0.21094364,0.00325219,0.00493282,-0.00256191
-0.19881238,-0.15709783,-0.96736444,-0.09524886,0.9854932,-0.1404664,0.97539805,0.06421391,-0.21089164,,,
-0.19881238,-0.15709783,-0.96736444,-0.09524886,0.9854932,-0.1404664,0.97539805,0.06421391,-0.21089164,0.00653599,0.00377804,-0.00204269
-0.19884544,-0.15715939,-0.96734757,-0.09539157,0.98547517,-0.14049603,0.97537728,0.0643398,-0.21094892,,,
-0.19893949,-0.1572659,-0.9673108,-0.09542825,0.98545818,-0.14059027,0.97535439,0.06433981,-0.21105415,,,
-0.199000855,-0.157310891,-0.967290955,-0.0953223068,0.985459208,-0.140654918,0.975352329,0.0642139515,-0.211102461,0.00566120818,-0.000396490068,-0.00587611226
-0.199000932,-0.157363195,-0.967282479,-0.0952695749,0.985455071,-0.140719615,0.975357513,0.0641492543,-0.211098402,0.00314962771,0.000446915597,-0.00857947487
-0.198892488,-0.157369483,-0.96730369,-0.0952517673,0.98545429,-0.140737136,0.975381302,0.0641458207,-0.210989177,0.000672464841,0.000347912282,-0.00558980554
-0.19883127,-0.15742907,-0.96730658,-0.09525228,0.985445,-0.14080183,0.97539373,0.06414234,-0.21093275,0.0038251,0.00306481,-0.00367071
-0.19872293,-0.15738305,-0.96733633,-0.09528722,0.98544836,-0.14075466,0.9754124,0.0642036,-0.21082778,0.00443977,0.00255054,-0.00292658
-0.198586432,-0.157458081,-0.967352181,-0.0954653536,0.985424389,-0.140801766,0.975422809,0.0643872933,-0.210723705,0.00413240073,6.1988826e-06,-0.00432993332
-0.198680562,-0.157616896,-0.96730692,-0.0954493002,0.985403223,-0.140960687,0.975405144,0.0643226114,-0.210824889,0.00459900685,0.00227886415,-0.000858795189
-0.19883611,-0.15771614,-0.96725884,-0.09543277,0.98539134,-0.14105492,0.97537512,0.06426138,-0.21098267,,,
-0.19893037,-0.1578226,-0.96722212,-0.09546954,0.98537429,-0.1411491,0.97535233,0.0642614,-0.21108812,-0.00119385,0.0051983,-0.00258114
-0.199071573,-0.157930097,-0.967175473,-0.095577328,0.985352854,-0.141225792,0.975312917,0.0643260006,-0.211250279,-0.00199001469,0.00953203347,-0.000158491457
-0.19927402,-0.15787351,-0.96714301,-0.09579012,0.98534901,-0.1411084,0.97525068,0.0645235,-0.21147718,0.00099865,0.00351137,-0.00423199
-0.199274,-0.15771668,-0.96716858,-0.09594825,0.9853614,-0.14091433,0.97523513,0.06471757,-0.21148954,0.00109594,0.00374633,-0.00662086
-0.19930232,-0.15728198,-0.96723356,-0.09612117,0.9854134,-0.14043203,0.97521234,0.06498319,-0.2115133,0.00426526,0.00362915,-0.0026416
-0.199278691,-0.156715865,-0.967330334,-0.0958844529,0.985510965,-0.139908212,0.975240488,0.0648712094,-0.21141795,0.006323501,-0.00756120635,0.000864417525
-0.1994574,-0.15635441,-0.96735204,-0.09559697,0.98558399,-0.13959021,0.97523222,0.06463362,-0.21152903,0.00625836,-0.00584739,-0.00121927
-0.199791261,-0.156196612,-0.967308623,-0.0951872827,0.985636993,-0.139495873,0.975203945,0.0642054198,-0.211789588,0.00832954235,0.00043052432,-0.00951467734
-0.199866458,-0.156128698,-0.967304081,-0.095062392,0.985655713,-0.13944876,0.975200747,0.0640831086,-0.211841484,0.00395950954,-0.000572025718,-0.0107314568
-0.20000262,-0.15610569,-0.96727959,-0.09483152,0.98567546,-0.13946637,0.97519524,0.06383495,-0.21194141,0.00659068,0.00729626,-0.0149452
-0.19998341,-0.15598344,-0.96730327,-0.09461729,0.9857069,-0.13938963,0.97521998,0.063648,-0.21188376,0.00563758,0.00471193,-0.01202495
-0.199789562,-0.155482911,-0.96742399,-0.0943635551,0.985793636,-0.138947567,0.975284385,0.0635292929,-0.211623199,0.00860396028,-0.000636041106,-0.00834367424
-0.19977015,-0.15530835,-0.967456,-0.09420208,0.98582902,-0.13880601,0.97530393,0.06340707,-0.21156958,0.00573674,0.00657684,-0.00148991
-0.19979794,-0.15518696,-0.96746973,-0.09405892,0.98585599,-0.13871153,0.97531204,0.06328488,-0.21156871,0.00685794,-0.00236446,-0.00246974
-0.200028464,-0.15511351,-0.967433905,-0.0940228189,0.985871002,-0.13862928,0.975268307,0.0632310593,-0.211786471,0.00948704872,0.0100440374,-0.000682715792
-0.20035344,-0.15504207,-0.96737821,-0.09412869,0.98587739,-0.13851198,0.97519148,0.0633067,-0.21211783,0.0092953,0.00413531,-0.003169
-0.20061698,-0.154978,-0.96733377,-0.09428792,0.98587866,-0.13839457,0.97512184,0.06344359,-0.21239655,0.00759077,-0.00202984,-0.00542853
-0.20097507,-0.15491587,-0.96726948,-0.0945892,0.98587124,-0.13824177,0.975019,0.0637101,-0.21278891,0.0071027,-0.00110614,-0.0094898
-0.201271892,-0.154965758,-0.967199779,-0.0948383407,0.985850579,-0.138218402,0.974933581,0.0639081483,-0.213120707,0.0108236615,-0.00066059822,-0.00735195819
-0.201426994,-0.154960319,-0.967168039,-0.0949271328,0.985846986,-0.13818305,0.974892586,0.0639766785,-0.213286133,0.00934102852,-0.000435352296,-0.00720752636
-0.201709876,-0.155175438,-0.967074689,-0.0951426264,0.985804733,-0.138336209,0.974813188,0.0641062383,-0.213610349,0.0099734785,-0.000304341287,-0.00278068939
-0.20175697,-0.15517644,-0.9670647,-0.09521367,0.98580036,-0.13831851,0.9747965,0.06417105,-0.21366701,0.00765083,-0.00123322,-0.00814263
-0.20182324,-0.15540439,-0.96701436,-0.09539376,0.98575649,-0.13850694,0.97476526,0.06429321,-0.21377318,0.00960095,0.00116134,-0.00145428
-0.20196951,-0.155799478,-0.966920103,-0.095682339,0.985682154,-0.138836511,0.974706547,0.0644764241,-0.213985,0.0092172958,0.00137776125,-0.000536191743
-0.20197475,-0.15613922,-0.96686436,-0.09581043,0.98562489,-0.13915437,0.97469303,0.06453001,-0.21403111,0.00195827,0.00331444,-0.00449013
-0.201946511,-0.156364972,-0.966833669,-0.095848449,0.985589584,-0.13937806,0.974695041,0.0645225866,-0.214023717,0.00454257056,0.000893115939,-0.00308316457
-0.20187141,-0.15669409,-0.9667961,-0.09571017,0.9855505,-0.13974899,0.97472421,0.06432088,-0.21395169,0.00597925,0.00314838,-0.00365923
-0.201749307,-0.156813445,-0.966802389,-0.095711346,0.985531995,-0.139878616,0.974749534,0.0643135473,-0.213839223,0.00489788083,-0.00027960536,-0.00504110288
-0.20168819,-0.15692531,-0.96679698,-0.09565926,0.98551865,-0.14000818,0.97476729,0.06424509,-0.21377883,,,
-0.20161281,-0.15709779,-0.96678448,-0.09567892,0.98549164,-0.14018474,0.97478074,0.06423784,-0.21371868,,,
-0.20113304,-0.15727893,-0.96685501,-0.0953784,0.98548053,-0.14046734,0.97490935,0.06396446,-0.21321371,,,
-0.20082254,-0.15739416,-0.9669008,-0.09509519,0.98547937,-0.1406674,0.97500102,0.06369842,-0.2128739,0.00116894,0.00438112,-0.00386551
-0.20051195,-0.15740499,-0.96696349,-0.09491727,0.98548645,-0.1407379,0.97508227,0.0635619,-0.21254226,,,
-0.200248479,-0.157468988,-0.967007819,-0.0947578377,0.98548502,-0.140855347,0.975152068,0.0634255029,-0.212263297,0.000508435012,0.00544887735,-0.00141538167
-0.19990454,-0.15731379,-0.96710414,-0.09454259,0.98551835,-0.14076676,0.97524343,0.06329261,-0.21188244,,,
-0.19988561,-0.15719154,-0.967128,-0.09432831,0.98554985,-0.14068999,0.97526813,0.06310564,-0.21182484,,,
-0.19989425,-0.15684358,-0.96718256,-0.09407615,0.98561678,-0.14038958,0.97529056,0.06292573,-0.21177436,0.00602379,-0.00125158,-0.00748749
-0.19998342,-0.15671493,-0.96718503,-0.09387974,0.98564894,-0.14029528,0.97529126,0.06274235,-0.2118258,0.00476823,0.00108516,-0.00529582
-0.19999747,-0.15670656,-0.96718353,-0.09375547,0.98565827,-0.14031282,0.97530039,0.06261653,-0.21182125,0.00728649,-0.00224537,-0.00781681
-0.19974228,-0.15652702,-0.96726531,-0.09323879,0.98571499,-0.14025861,0.97540218,0.06217107,-0.21148335,0.00434053,-0.00691706,-0.00610567
-0.19958689,-0.15658468,-0.96728811,-0.09309732,0.9857142,-0.14035812,0.97544756,0.06203829,-0.21131324,0.00282284,0.00433844,-0.00455491
-0.198742286,-0.156384171,-0.967494425,-0.0924734952,0.985775051,-0.140343152,0.975679314,0.0615754712,-0.210376578,0.00365760247,0.00351113058,-0.000915807497
-0.19849212,-0.15623084,-0.96757053,-0.09240088,0.98579958,-0.14021866,0.9757371,0.06157207,-0.21010931,,,
-0.19791874,-0.15556574,-0.96779516,-0.09173804,0.98593224,-0.13972027,0.97591613,0.06113037,-0.20940576,,,
-0.19800901,-0.1552194,-0.96783231,-0.0906886,0.98604822,-0.13958684,0.97599592,0.06013191,-0.20932307,0.00461131,-0.00203043,-0.01087596
-0.198022661,-0.15526323,-0.96782245,-0.0905117232,0.986052898,-0.139668571,0.976009525,0.0599417335,-0.209313961,0.00400994904,5.16772234e-05,-0.0133326519
-0.19788063,-0.15520798,-0.96786041,-0.09035161,0.98606944,-0.13965549,0.97605321,0.05981263,-0.20914733,0.00513445,0.00290459,-0.01270658
-0.197663625,-0.155273209,-0.967894235,-0.0902635032,0.986063498,-0.139754345,0.976105281,0.0597411716,-0.208924389,0.00589286489,0.000761032046,-0.00532613462
-0.19750783,-0.15522642,-0.96793358,-0.09022763,0.98607107,-0.13972407,0.97614017,0.05973775,-0.20876247,0.00591554,0.00461298,-0.00637478
-0.197073744,-0.155356808,-0.968001082,-0.0900515731,0.986059166,-0.13992153,0.976244102,0.0595951568,-0.208316496,0.00662519224,-0.000389337511,-0.000608424307
-0.19710743,-0.15562749,-0.96795073,-0.0899831,0.98602447,-0.14020979,0.97624361,0.05946281,-0.20835659,0.00301947,0.00337404,-0.00329255
-0.19715476,-0.15562844,-0.9679409,-0.09005404,0.98602043,-0.14019267,0.97622747,0.05952733,-0.20841359,0.00378561,0.00192434,-0.00446577
-0.197154835,-0.155576216,-0.967949325,-0.0901067158,0.986024777,-0.140128221,0.976222636,0.0595917747,-0.208418014,0.00359368045,-0.000757634582,-0.00696912128
-0.19715473,-0.155523943,-0.967957682,-0.0901594239,0.986029122,-0.140063722,0.976217726,0.0596562736,-0.208422254,0.00398084382,0.000762939395,-0.00324341422
-0.1972297,-0.15540357,-0.96796184,-0.09008738,0.9860516,-0.13995183,0.97620933,0.05959849,-0.20847856,,,
-0.19724323,-0.15534287,-0.96796872,-0.09001596,0.98606485,-0.13990439,0.97621308,0.05953743,-0.20847796,0.00382891,0.00259119,-0.00203812
-0.19748763,-0.15505177,-0.96796559,-0.09006655,0.98610594,-0.13958184,0.97615903,0.05961562,-0.20870871,0.0071198,0.00201458,-0.00280444
-0.19765733,-0.15503787,-0.96793327,-0.09003096,0.98611161,-0.13956475,0.97612806,0.05955796,-0.2088704,,,
-0.19776591,-0.15492685,-0.96792893,-0.09015406,0.98612105,-0.13941854,0.97609477,0.0596905,-0.20898841,0.00676735,0.00239831,-0.00439267
-0.19798277,-0.15486161,-0.967895,-0.09024212,0.98612696,-0.13931969,0.97604263,0.059762,-0.20921119,0.00815552,-0.00104547,-0.00467145
-0.198030164,-0.154862638,-0.96788515,-0.0903129943,0.98612289,-0.139302582,0.976026467,0.0598264945,-0.209268186,0.00814347249,-0.000911533774,-0.000589042553
-0.198294368,-0.154902894,-0.967824584,-0.0903665805,0.986116142,-0.139315596,0.975967834,0.0598334997,-0.209539322,0.00454154797,-0.000403523416,-0.00334982434
-0.19835554,-0.15489539,-0.96781332,-0.09031329,0.98612103,-0.13931557,0.9759604,0.05977239,-0.20959168,,,
-0.19858591,-0.15487396,-0.96776933,-0.09022453,0.98613157,-0.13929844,0.97592159,0.05965382,-0.20980527,0.00428259,0.00139296,-0.00287755
-0.198707905,-0.154858913,-0.967746651,-0.0901181006,0.986141308,-0.1392984,0.975906548,0.0595317865,-0.209909664,0.00519134104,0.000885665359,-0.00150756072
-0.19883003,-0.15479168,-0.96773237,-0.0900643,0.98615534,-0.13923388,0.97588668,0.05947425,-0.2100185,,,
-0.198999444,-0.15477762,-0.967699793,-0.0900287685,0.986161008,-0.139216684,0.975855431,0.0594167705,-0.21017993,0.00712527754,0.00303333974,0.000822242815
-0.19929101,-0.15469618,-0.96765282,-0.08993945,0.98618071,-0.13913486,0.97580417,0.05930183,-0.21045024,,,
-0.19941316,-0.15462884,-0.96763851,-0.08988569,0.98619472,-0.13907027,0.97578426,0.05924441,-0.21055913,,,
-0.19975158,-0.15449611,-0.96758975,-0.08991998,0.98621465,-0.13890663,0.97571173,0.05925882,-0.21089023,,,
-0.20019863,-0.15446122,-0.96750302,-0.08986666,0.98622679,-0.13885496,0.9756251,0.05914768,-0.21132217,0.00503361,0.00289839,-0.00314802
-0.200320591,-0.15434155,-0.967496893,-0.089865486,0.986245089,-0.138725693,0.975600198,0.059154962,-0.211435177,0.00511560123,0.000905752124,-0.00296741189
-0.2006253,-0.15419903,-0.96745647,-0.08970474,0.98627789,-0.13859646,0.97555237,0.05897947,-0.21170468,0.00472547,-0.00264996,-0.00150272
-0.200869175,-0.154064078,-0.967427467,-0.0895972045,0.986305821,-0.138467215,0.975512165,0.0588650034,-0.211922148,0.00322042173,-0.000290989847,-0.00478223106
-0.20099085,-0.15399654,-0.96741285,-0.08954345,0.98631978,-0.13840255,0.97549194,0.05880783,-0.21203063,0.0058542,0.00147146,-0.00294367
-0.201173756,-0.153921309,-0.967386912,-0.0894364451,0.986338558,-0.138337891,0.975464161,0.058689696,-0.212191607,0.00600006105,-0.000542938651,-0.00290077156
-0.20126167,-0.1537397,-0.96739745,-0.08929286,0.9863739,-0.13817857,0.97545913,0.05857164,-0.21224711,0.00564106,0.00142956,-0.00587115
-0.201254907,-0.153608176,-0.967419762,-0.0889548889,0.986412862,-0.138118404,0.975491413,0.0582597111,-0.212184627,0.00494871195,0.00242561079,-0.000962041086
-0.20120758,-0.15355497,-0.96743808,-0.08893661,0.98642114,-0.13807101,0.97550287,0.05825973,-0.21213207,0.00914508,0.00103211,-0.00158007
-0.201268397,-0.153495106,-0.96743489,-0.0889360099,0.986430241,-0.138006398,0.975490339,0.0582634719,-0.212188476,0.00882632658,0.000892519893,-0.0035245032
-0.201329217,-0.153435241,-0.967431698,-0.0889354019,0.986439333,-0.137941783,0.97547781,0.058267213,-0.212244883,0.00537810195,-0.000441133947,-0.00436358433
-0.20137668,-0.15343627,-0.96742171,-0.0890063,0.98643535,-0.13792452,0.9754616,0.05833185,-0.21230187,0.00248283,-0.00876015,-0.00514367
-0.20147132,-0.15354265,-0.96738508,-0.08904289,0.9864188,-0.13801925,0.97543867,0.05833184,-0.21240698,0.00713067,0.00989431,-0.00246556
-0.20148506,-0.15348177,-0.96739202,-0.0889714,0.98643188,-0.13797191,0.9754425,0.05827095,-0.21240677,0.00250067,0.00888079,-0.0015405
-0.20149833,-0.15331651,-0.96741532,-0.08900511,0.98645353,-0.13779524,0.97543654,0.05833939,-0.21241469,0.00665553,0.00105214,-0.00212423
-0.201552216,-0.152811855,-0.967483894,-0.0889821092,0.986527108,-0.137282368,0.975427462,0.0584191869,-0.212434245,0.00406196108,0.000228703007,-0.00348222116
-0.20163942,-0.15188818,-0.96761135,-0.0885122,0.98668657,-0.13643753,0.97545238,0.05813423,-0.21239887,0.01174568,-0.00582606,-0.00496659
-0.20174744,-0.15182925,-0.96759786,-0.08858245,0.9866916,-0.13635555,0.97542344,0.0582028,-0.21251191,0.00587133,-0.00332713,-0.00816457
-0.20179474,-0.15188242,-0.96757958,-0.08860073,0.98668341,-0.13640291,0.97541192,0.05820286,-0.21256442,0.00865864,-0.00142562,-0.01032709
-0.2016805,-0.1521341,-0.96756409,-0.08893984,0.98662665,-0.13659264,0.97540492,0.05850693,-0.21251414,0.0042251,0.00266045,-0.00806739
-0.20160631,-0.15220276,-0.9675688,-0.08906456,0.98660884,-0.13664003,0.97540893,0.0586286,-0.21246244,0.00572654,0.00435191,-0.00639291
-0.2013628,-0.15223354,-0.96761458,-0.0892775,0.9865896,-0.13664001,0.97543967,0.05887199,-0.21225347,0.01057665,0.00207478,-0.00520793
-0.20126143,-0.15237179,-0.96761385,-0.08959786,0.98654982,-0.13671752,0.97543116,0.05918016,-0.21220661,0.01029051,-0.00240231,-0.00635095
-0.201221013,-0.152554492,-0.967593503,-0.0898123278,0.986510611,-0.136859635,0.97541981,0.0593627891,-0.212207938,0.00548314583,0.000956356467,-0.00708417594
-0.2011398,-0.15291982,-0.96755269,-0.09024135,0.98643199,-0.13714381,0.97539693,0.05972818,-0.21221043,0.00718168,0.0040589,-0.00658162
-0.20118685,-0.15340121,-0.96746678,-0.0909021,0.98632343,-0.13748782,0.97532595,0.06028402,-0.21237979,0.00397515,0.00138086,-0.00943278
-0.2011796,-0.15359336,-0.96743777,-0.09131175,0.98627065,-0.13759496,0.97528915,0.06065714,-0.21244241,0.00366557,0.0054962,-0.00874958
-0.20105656,-0.15393175,-0.96740961,-0.09216635,0.98616789,-0.13776161,0.97523418,0.06146474,-0.21246285,0.00528533,0.00185937,-0.00658963
-0.20087178,-0.15422495,-0.96740127,-0.09312711,0.98606343,-0.13786314,0.97518096,0.06239847,-0.21243484,0.00897292,-0.00243038,-0.00570746
-0.20081654,-0.1543634,-0.96739063,-0.09351873,0.98601806,-0.13792255,0.97515482,0.06277201,-0.2124446,0.00576104,0.00249296,-0.00335525
-0.200692124,-0.154648495,-0.967371042,-0.0944265727,0.985917401,-0.13802356,0.975093079,0.0636452973,-0.212468785,0.00494945701,-0.000545382441,-0.00372961466
-0.20064173,-0.15491735,-0.96733835,-0.0951569,0.98583062,-0.13814176,0.97503232,0.06433192,-0.21254022,0.00948203,-0.00619644,-0.00787346
-0.20057187,-0.15511606,-0.96732094,-0.09562052,0.98577088,-0.13824791,0.97500129,0.06476708,-0.21255018,0.00473416,-0.0022769,-0.01064203
-0.20043189,-0.15551301,-0.96728629,-0.09654772,0.98565076,-0.13845981,0.97493877,0.06563753,-0.21257027,0.00618193,0.00142789,-0.00728217
-0.200065034,-0.156060548,-0.967274051,-0.0979030292,0.985476573,-0.138747691,0.974878958,0.0669404983,-0.212438205,0.0074042771,-0.000627160014,-0.00550968526
-0.19972079,-0.15640813,-0.96728903,-0.09872365,0.98536658,-0.13894728,0.97486676,0.06774364,-0.21223937,0.01165213,-0.00342911,-0.00633309
-0.199059117,-0.157085559,-0.967315617,-0.100116458,0.985164682,-0.139381644,0.974860027,0.0690990232,-0.211832861,0.012049065,-0.000295221776,-0.00854081661
-0.1986229,-0.15766403,-0.96731115,-0.10102868,0.98501165,-0.13980432,0.97485486,0.06995782,-0.21157446,0.00677254,0.00287718,-0.01047299
-0.19807726,-0.15814269,-0.96734483,-0.10202909,0.98486439,-0.1401149,0.97486163,0.07094373,-0.21121439,0.00966489,-0.00132996,-0.00543573
-0.19783474,-0.158404404,-0.967351691,-0.102476271,0.984791253,-0.140302527,0.974864022,0.0713738756,-0.211058614,0.00624098536,-0.000853836478,-0.00860096421
-0.19739612,-0.15898063,-0.96734685,-0.10338909,0.98463563,-0.14072449,0.97485664,0.07223464,-0.21080011,0.00602561,-0.00186771,-0.00818412
-0.19683309,-0.15962191,-0.9673559,-0.10435601,0.98446395,-0.14121099,0.97486738,0.0731544,-0.21043258,0.00455079,0.00161755,-0.00926019
-0.196135,-0.16069747,-0.96731959,-0.10607513,0.98416834,-0.14198854,0.97482252,0.07475963,-0.21007586,0.00814048,0.00414246,-0.00442886
-0.19566705,-0.16182736,-0.96722604,-0.10809876,0.98383955,-0.1427389,0.97469429,0.07662664,-0.20999832,0.00845381,0.00098526,-0.00637776
-0.19554967,-0.16274309,-0.9670961,-0.10964049,0.98358044,-0.14334743,0.97454561,0.07800134,-0.21018206,0.00964432,0.00323325,-0.00696318
-0.19547625,-0.1636584,-0.96695663,-0.11125443,0.98331321,-0.14393602,0.97437757,0.07944214,-0.2104221,0.00923313,0.00121218,-0.01228849
-0.195368821,-0.16409903,-0.966903553,-0.11220418,0.983168387,-0.144187881,0.974290097,0.0803208025,-0.210493046,0.00867155474,0.000580131949,-0.0153776454
-0.19497637,-0.16624787,-0.9666157,-0.11615297,0.98250857,-0.14555203,0.97390592,0.08389608,-0.21087614,0.0021805,0.00443584,-0.00449783
-0.19483267,-0.16680501,-0.9665486,-0.11724822,0.98232778,-0.14589375,0.97380335,0.08490123,-0.21094714,0.00611951,0.00203198,-0.00463059
-0.19462029,-0.16779929,-0.96641917,-0.11936718,0.98198768,-0.1464639,0.97358825,0.08685388,-0.21114446,0.0044579,0.00202721,-0.0013387
-0.194379345,-0.169175641,-0.966227701,-0.122636658,0.981478418,-0.147174595,0.973229993,0.0898872279,-0.211526267,0.00671221642,-0.00074774021,0.00281115621
-0.19443594,-0.17020165,-0.96603624,-0.12468874,0.98113112,-0.14776481,0.97295804,0.09172305,-0.21198938,,,
-0.19452141,-0.171055,-0.96586824,-0.12665088,0.98081484,-0.14819511,0.97268742,0.09350094,-0.21245375,,,
-0.19458799,-0.17141894,-0.96579031,-0.12749734,0.98067825,-0.14837315,0.97256352,0.09426406,-0.21268366,,,
-0.194844546,-0.172135249,-0.965611323,-0.129083859,0.980416983,-0.148727602,0.972303002,0.095666078,-0.213248784,-0.000180736301,0.00227195001,0.00561652845
-0.19519489,-0.17278029,-0.96542523,-0.13041999,0.98019059,-0.14905379,0.97205428,0.09681621,-0.2138622,,,
-0.195412769,-0.173454745,-0.965260168,-0.132312522,0.979899545,-0.149299287,0.971754669,0.098541018,-0.214435118,0.00272530783,0.00762098981,0.000134707196
-0.195554,-0.17369807,-0.96518782,-0.13436168,0.97965424,-0.14907883,0.97144505,0.10053129,-0.21491367,,,
-0.19576859,-0.17384501,-0.96511784,-0.13551338,0.97951516,-0.14895025,0.97124181,0.1016266,-0.21531663,,,
-0.19615332,-0.17403515,-0.96500552,-0.13657711,0.97938021,-0.14886602,0.97101523,0.1025971,-0.2158779,0.00634269,0.00150537,-0.00437418
-0.19639076,-0.1742102,-0.9649257,-0.13710145,0.97930156,-0.1489015,0.9708934,0.10304984,-0.21621025,0.00697565,-0.00270629,-0.00407981
-0.19736788,-0.17494748,-0.96459271,-0.14017087,0.97887372,-0.14885686,0.97025659,0.10582824,-0.21772077,,,
-0.19764116,-0.17524694,-0.96448248,-0.1411113,0.97872912,-0.14891912,0.97006471,0.10666683,-0.21816649,0.00422235,0.00482231,-0.00718609
-0.19809516,-0.175738217,-0.96429991,-0.142954946,0.978456667,-0.148951106,0.969702079,0.108344948,-0.218950178,0.00711947307,0.000826418342,-0.00776206795
-0.19843892,-0.1762329,-0.96413887,-0.14478112,0.97818056,-0.1490007,0.96936073,0.11002156,-0.21962429,0.00728778,-0.005059,-0.00874607
-0.198645981,-0.176536401,-0.964040721,-0.145776617,0.978023834,-0.149058897,0.969169124,0.110924641,-0.220015383,0.00337541685,-0.00030797717,-0.00869018678
-0.198841964,-0.177150699,-0.96388761,-0.147731316,0.977706716,-0.14921472,0.968832883,0.112726234,-0.22057983,0.0046337042,0.00065803522,-0.0063769347
-0.19918766,-0.17776072,-0.96370401,-0.14977811,0.97737835,-0.14932544,0.96844763,0.11459798,-0.22130637,0.00468291,0.00548619,-0.00300767
-0.199372334,-0.178068352,-0.963608975,-0.15090126,0.977200554,-0.149358244,0.968235201,0.115631906,-0.221697494,0.00592617691,0.000277399988,-0.00434822077
-0.20058428,-0.17913378,-0.9631599,-0.15602946,0.97643307,-0.14910825,0.9671715,0.12037255,-0.22380727,0.00156246,0.00570792,-0.00443764
-0.20094146,-0.17944268,-0.96302786,-0.15744462,0.97621506,-0.1490481,0.9668679,0.12167362,-0.22441437,0.00244736,0.00377017,-0.00458448
-0.20175959,-0.18000302,-0.96275221,-0.16034874,0.97577489,-0.14883426,0.96622005,0.12434736,-0.2257352,0.00712146,0.00663131,-0.00529759
-0.202786351,-0.180555029,-0.96243313,-0.163292911,0.975327131,-0.148567868,0.965511819,0.127030971,-0.227266387,0.0025571892,0.000940322818,-0.00585605949
-0.203244027,-0.180805877,-0.962289643,-0.164783102,0.975100611,-0.148409346,0.9651625,0.128405761,-0.227977128,0.00473427633,-0.000262558431,-0.00791262928
-0.20432488,-0.18135219,-0.96195773,-0.16767722,0.9746497,-0.1481294,0.9644354,0.13103187,-0.22955381,0.00631305,-0.00156385,-0.01087097
-0.205249137,-0.181847131,-0.961667526,-0.170535152,0.974200746,-0.147819716,0.963737813,0.133658248,-0.230965191,0.00663957605,-0.000855624618,-0.0119044892
-0.20569915,-0.18214963,-0.96151398,-0.17197514,0.97396317,-0.1477169,0.96338578,0.13497126,-0.23166861,0.00731126,0.0023157,-0.00450414
-0.20665475,-0.18258074,-0.96122742,-0.17463622,0.97354143,-0.14737462,0.96270249,0.13740946,-0.23307217,0.00644662,0.00205046,-0.00492937
-0.207732105,-0.182950253,-0.960924763,-0.177244766,0.973132916,-0.146957872,0.961993497,0.139791016,-0.234577924,0.00551603269,0.00110781181,-0.000717363553
-0.20834243,-0.18307562,-0.96076875,-0.17848567,0.97294628,-0.14669147,0.96163202,0.1409214,-0.23538237,0.00611486,0.0018453,-0.00136349
-0.209516747,-0.183378813,-0.960455554,-0.18084258,0.972578377,-0.14624384,0.960936325,0.143050727,-0.236934155,0.00591226341,0.00044977662,-0.000275437254
-0.21077065,-0.1836206,-0.96013494,-0.18307327,0.97223568,-0.14574619,0.96023946,0.14505602,-0.23853477,,,
-0.211459722,-0.183656173,-0.959976639,-0.184216873,0.972072722,-0.145391767,0.9598692,0.146099392,-0.239386793,0.00728529692,-0.000880002917,-0.0064172009
-0.21405693,-0.18420405,-0.95929577,-0.18829912,0.971421,-0.14451531,0.95850037,0.14970005,-0.24262486,0.00990888,0.00218934,-0.00217267
-0.2145718,-0.18445444,-0.95913268,-0.18927086,0.97124322,-0.14444085,0.95819386,0.15054293,-0.24331325,0.00904076,-0.0014286,-0.00172541
-0.21564027,-0.1847576,-0.95883465,-0.19115001,0.97092605,-0.14409817,0.95758077,0.15220788,-0.24468717,,,
-0.21653555,-0.1850358,-0.95857913,-0.19275949,0.97064865,-0.1438227,0.95705588,0.1536325,-0.24584734,0.00339319,-0.00149727,-0.00581389
-0.21687654,-0.18520901,-0.95846866,-0.19351401,0.9705095,-0.14374853,0.95682647,0.15430143,-0.24632128,0.00398167,0.0020147,-0.00353516
-0.21757795,-0.185430329,-0.958266922,-0.195017042,0.970249852,-0.143469787,0.956361989,0.155662518,-0.247267048,0.00590153923,-0.000422358484,-0.00555154495
-0.21810834,-0.18551859,-0.95812924,-0.19635754,0.9700305,-0.1431242,0.95596679,0.15691932,-0.24799971,0.00605549,0.00379699,-0.00302945
-0.218341246,-0.18555837,-0.958068359,-0.196892633,0.969942303,-0.142986766,0.955803421,0.157416694,-0.248313487,0.00371990702,-0.00382190919,-0.000587258372
-0.21880681,-0.18558614,-0.95795689,-0.19801464,0.96976419,-0.14264509,0.95546523,0.15847778,-0.24893978,0.00444382,-0.00208008,-0.00231474
-0.21918703,-0.18567863,-0.95785208,-0.19892435,0.96960852,-0.1424374,0.95518912,0.15931967,-0.24946161,0.00950115,-0.00133586,-0.00181519
-0.219418962,-0.185719729,-0.957790821,-0.199458304,0.969518969,-0.142300202,0.955024324,0.159815972,-0.249774188,0.00910391565,0.00407046033,-0.000724468729
-0.219734981,-0.185814102,-0.957700235,-0.200423706,0.969350798,-0.142089306,0.954749684,0.160723839,-0.25024183,0.00570963463,-0.000104784958,-0.00365205039
-0.22007145,-0.18583519,-0.9576188,-0.20133088,0.96920295,-0.14181511,0.9544812,0.16158878,-0.25070826,0.00532617,0.00103319,0.0021594
-0.22028206,-0.1858349,-0.95757035,-0.20170107,0.96914553,-0.1416814,0.95435437,0.1619331,-0.25096847,0.00672795,-0.00552148,-0.00332136
-0.22059832,-0.18585505,-0.95749373,-0.20206766,0.96908823,-0.14155095,0.95420386,0.16225262,-0.25133453,0.00854388,-0.00380653,0.00246483
-0.22078802,-0.18591739,-0.95743787,-0.2021703,0.96906632,-0.14155434,0.95413821,0.162312,-0.2515452,0.00601,0.0019123,-0.00484462
-0.220851493,-0.185916724,-0.957423334,-0.202113716,0.96907764,-0.141557653,0.954135481,0.16224517,-0.251598563,0.00761213806,-0.000968992652,-0.000425488339
-0.220893556,-0.185990186,-0.957399355,-0.202114493,0.969067701,-0.141624565,0.954125572,0.162220333,-0.251652123,0.00611009868,-0.000797033252,-0.00322956475
-0.220830063,-0.186095703,-0.95739351,-0.202066575,0.969058634,-0.141754931,0.95415043,0.162153479,-0.251601001,0.000217162597,0.00727003766,-0.00270835496
-0.22080941,-0.18594819,-0.95742693,-0.20200837,0.96908984,-0.14162452,0.95416753,0.16213623,-0.25154724,0.00207145,0.00761396,-0.00193879
-0.22070462,-0.18570628,-0.95749806,-0.20189615,0.96914203,-0.14142726,0.95421554,0.16210152,-0.2513875,0.0023014,0.00677615,-0.00314161
-0.22072672,-0.18525338,-0.9575807,-0.20187981,0.96921214,-0.14096937,0.95421389,0.1622005,-0.25132993,0.00495775,0.0033775,-0.0063637
-0.2207272,-0.1849794,-0.95763345,-0.20181632,0.96926324,-0.14070868,0.95422711,0.16220782,-0.25127462,0.00419673,-0.00118929,-0.0043744
-0.22077067,-0.1846098,-0.95769487,-0.20158567,0.96935776,-0.14038786,0.95426593,0.16206404,-0.25122045,0.00844642,-0.00362778,-0.0040602
-0.22087727,-0.18434453,-0.9577214,-0.20119364,0.96946578,-0.14020424,0.95432401,0.16171952,-0.2512219,0.00709873,-0.00172496,-0.00507298
-0.22091987,-0.18424885,-0.95773,-0.2010264,0.96950916,-0.14014411,0.9543494,0.1615684,-0.25122272,0.00674255,-0.0042457,-0.00638457
-0.22092006,-0.18407988,-0.95776233,-0.20085824,0.96956234,-0.14001727,0.95438464,0.16144184,-0.25116973,0.00631438,-0.00362235,-0.00335993
-0.22068806,-0.18399677,-0.95783189,-0.20070259,0.96959507,-0.14001381,0.95447117,0.16133996,-0.25090668,0.0066394,-0.00101143,-0.00248625
-0.22056129,-0.18388155,-0.95788311,-0.20059556,0.96962687,-0.13994697,0.95452286,0.16128021,-0.25074798,0.00363562,0.00273818,-0.00220187
-0.220181283,-0.183693472,-0.958006672,-0.200117495,0.969725648,-0.139946964,0.954710984,0.160900194,-0.250275715,0.00704551302,2.83122044e-05,0.00114007271
-0.21977999,-0.18339971,-0.95815522,-0.1992033,0.96991238,-0.13995725,0.95499472,0.16010788,-0.24970116,0.00591523,0.00157946,0.00397619
-0.21958933,-0.18315797,-0.95824505,-0.19860693,0.97004283,-0.13990064,0.95516266,0.15959342,-0.2493875,0.00360825,-0.00240856,0.00311276
-0.21937659,-0.18279987,-0.95836215,-0.19724834,0.97031602,-0.13992827,0.95549301,0.15833836,-0.24892159,0.00437184,0.00237685,-0.00367794
-0.219374109,-0.182430293,-0.958433119,-0.195933983,0.970586833,-0.139896642,0.955763951,0.157099918,-0.248665916,0.00411296729,0.000383019418,-0.00492824661
-0.2193728,-0.18230373,-0.95845751,-0.19538699,0.97069503,-0.13991096,0.95587624,0.15657747,-0.24856386,0.00663813,0.00413758,-0.00507852
-0.21943387,-0.18200807,-0.95849978,-0.19461428,0.9708659,-0.13980229,0.9560199,0.15586039,-0.24846224,0.00831443,0.00295073,-0.01024551
-0.21941019,-0.18168203,-0.95856699,-0.19406083,0.97100295,-0.13961971,0.95613776,0.15538632,-0.24830531,0.00541576,0.0041706,-0.01195774
-0.21936642,-0.18154576,-0.95860269,-0.1937862,0.97106635,-0.13956015,0.95620337,0.15514917,-0.24820041,0.01007608,-0.00134975,-0.00802427
-0.219236686,-0.181305339,-0.958678066,-0.193131059,0.971204382,-0.139507859,0.956365858,0.154565269,-0.247939322,0.010272976,0.000597238482,-0.00749031827
-0.21895803,-0.18107763,-0.95878483,-0.19237313,0.9713532,-0.139519,0.95658248,0.15389563,-0.24752005,0.00921114,-0.00326395,-0.00672558
-0.21887128,-0.18097385,-0.95882415,-0.19199229,0.97142746,-0.13952648,0.95667875,0.15354851,-0.24736316,0.00740202,-0.00368816,-0.00603581
-0.218549003,-0.180779151,-0.958934383,-0.191127812,0.971586675,-0.139604764,0.9569255,0.152768549,-0.246891223,0.00935417507,-0.000854730548,-0.00593178533
-0.21818536,-0.18073271,-0.959026,-0.19037845,0.97170435,-0.13980953,0.95715789,0.15207349,-0.24641928,0.00896566,0.00240689,-0.00431902
-0.21779881,-0.18069838,-0.95912023,-0.18941181,0.97185352,-0.14008532,0.95743756,0.15115828,-0.24589495,,,
