0,1,2,3,4,5,6,7,8,9,10,11
-0.69298531,0.04875547,-0.71930108,-0.0531345,-0.99845114,-0.01648617,-0.71899086,0.02679503,0.69450279,,,
-0.69288635,0.04870114,-0.71939996,-0.05310639,-0.99845324,-0.01644303,-0.71908819,0.02681158,0.69440136,,,
-0.69288635,0.04870114,-0.71939996,-0.05310639,-0.99845324,-0.01644303,-0.71908819,0.02681158,0.69440136,,,
-0.692855105,0.0486674861,-0.719432458,-0.0530596981,-0.998455827,-0.0164430336,-0.719121863,0.0267802299,0.694367717,-0.0041069719,0.000235319123,0.00476966053
-0.69285515,0.04863386,-0.71943474,-0.05309331,-0.99845539,-0.0163639,-0.71911939,0.02685936,0.69436723,-0.00228863,-0.0022943,0.00408131
-0.69285515,0.04863386,-0.71943474,-0.05309331,-0.99845539,-0.0163639,-0.71911939,0.02685936,0.69436723,-0.00230833,0.00379956,0.00512525
-0.69285515,0.04863386,-0.71943474,-0.05309331,-0.99845539,-0.0163639,-0.71911939,0.02685936,0.69436723,,,
-0.69281907,0.04868054,-0.71946638,-0.05312495,-0.99845315,-0.01640001,-0.71915187,0.02685938,0.6943336,0.00215733,-0.00229883,0.00497731
-0.69275152,0.04869357,-0.71953047,-0.0531099,-0.9984533,-0.01643612,-0.71921797,0.02682805,0.69426633,,,
-0.69278783,0.04864686,-0.71949888,-0.05307829,-0.99845575,-0.01639995,-0.71918554,0.02682808,0.69429996,,,
-0.69285511,0.04866749,-0.71943246,-0.0530597,-0.99845583,-0.01644303,-0.71912186,0.02678023,0.69436772,,,
-0.69292261,0.04868813,-0.71936608,-0.05304109,-0.99845613,-0.01648617,-0.71905823,0.02673232,0.69443547,,,
-0.69291795,0.04880212,-0.71936293,-0.05308584,-0.99845192,-0.01660141,-0.7190595,0.02668457,0.694436,,,
-0.69298062,0.04890307,-0.71929569,-0.0531456,-0.99844741,-0.01668059,-0.71899467,0.02666808,0.69450375,,,
-0.69301208,0.04893673,-0.71926323,-0.0531923,-0.99844505,-0.01668058,-0.71896104,0.02669942,0.69453739,,,
-0.69304329,0.04900402,-0.71922844,-0.05320536,-0.99844291,-0.01675976,-0.71892985,0.02665157,0.69457149,,,
-0.69307935,0.04899095,-0.71919451,-0.05314012,-0.99844559,-0.01680279,-0.71889984,0.02657242,0.69460557,,,
-0.69311542,0.0489779,-0.71916057,-0.05307486,-0.99844828,-0.01684588,-0.71886982,0.02649321,0.69463965,,,
-0.69314666,0.04901157,-0.71912807,-0.05312154,-0.99844571,-0.01684593,-0.71883615,0.02652449,0.69467328,,,
-0.69314666,0.04901157,-0.71912807,-0.05312154,-0.99844571,-0.01684593,-0.71883615,0.02652449,0.69467328,-0.00506777,-0.00161558,0.00220218
-0.69314182,0.04909194,-0.71912719,-0.05319985,-0.99844089,-0.01688207,-0.71883497,0.02655579,0.69467329,,,
-0.69311059,0.04902462,-0.719162,-0.0531868,-0.99844302,-0.01680283,-0.71886616,0.0266037,0.69463921,,,
-0.69311543,0.04894426,-0.71916287,-0.05310849,-0.99844785,-0.01676669,-0.71886734,0.0265724,0.69463919,,,
-0.693146656,0.0490115731,-0.719128065,-0.0531215378,-0.998445712,-0.0168459261,-0.71883615,0.0265244926,0.694673281,-0.0050342395,0.000328779191,0.00277388305
-0.69328174,0.04898551,-0.71899986,-0.05315166,-0.99844553,-0.0167737,-0.71870389,0.02658713,0.69480777,,,
-0.693349062,0.0489724613,-0.718935713,-0.0531667367,-0.99844524,-0.0167375377,-0.718637711,0.0266185103,0.694874993,0.000901978172,0.0051634307,0.00151068298
-0.69334904,0.04900609,-0.71893342,-0.05313313,-0.99844568,-0.01681673,-0.71864019,0.02653931,0.69487545,,,
-0.69338031,0.04900614,-0.7189032,-0.05321341,-0.99844268,-0.01673757,-0.71860403,0.02664979,0.69490861,,,
-0.69341646,0.04889222,-0.71887615,-0.05324898,-0.99844408,-0.01654308,-0.71856657,0.02680817,0.69494127,,,
-0.69355153,0.04889981,-0.71874562,-0.05324546,-0.99844441,-0.01655005,-0.71843676,0.02679163,0.69507615,-0.0011952,-0.0054698,0.00112597
-0.69368129,0.0490214,-0.71861178,-0.0532867,-0.9984399,-0.01667234,-0.7183081,0.02672716,0.69521154,-0.00492975,-0.00112361,0.00190841
-0.6937486,0.04904199,-0.71854526,-0.0532681,-0.99844005,-0.01671546,-0.71824433,0.02667922,0.69527924,,,
-0.69391471,0.04908328,-0.71838214,-0.05331125,-0.99843773,-0.01672249,-0.71808076,0.02669387,0.69544763,,,
-0.69411693,0.04907793,-0.71818733,-0.05332277,-0.99843778,-0.01669345,-0.71788465,0.02670853,0.69564954,,,
-0.69421549,0.0491322,-0.71808831,-0.05335086,-0.99843553,-0.01673658,-0.71778721,0.02669184,0.69575071,,,
-0.69444389,0.04927454,-0.71785766,-0.05345382,-0.99842856,-0.01682287,-0.71755856,0.0266897,0.69598661,,,
-0.69447515,0.04930825,-0.71782513,-0.0535005,-0.99842607,-0.01682286,-0.71752485,0.02672094,0.69602017,,,
-0.69453761,0.04944281,-0.71775543,-0.05352674,-0.99842198,-0.01698134,-0.71746243,0.02662493,0.69608819,,,
-0.69463136,0.04957754,-0.71765544,-0.05363325,-0.99841495,-0.01706059,-0.71736374,0.02663937,0.69618934,-0.0020249,-0.00461066,-0.00211702
-0.69466238,0.04964483,-0.71762053,-0.05364637,-0.99841269,-0.01713985,-0.71733249,0.02659133,0.69622334,,,
-0.69468901,0.04979246,-0.71758484,-0.0537379,-0.99840605,-0.01725506,-0.71730017,0.0265746,0.69625734,-0.00231825,-0.00200027,0.00445186
-0.6947513,0.04989348,-0.71751738,-0.05379774,-0.99840134,-0.01733431,-0.71723521,0.02655778,0.69632486,,,
-0.6948136,0.05002803,-0.71744757,-0.05382401,-0.99839707,-0.01749282,-0.71717278,0.02646166,0.6963928,,,
-0.69480879,0.05014199,-0.71744435,-0.05386882,-0.99839268,-0.01760815,-0.71717415,0.02641358,0.69639323,,,
-0.694835,0.05028969,-0.71740852,-0.05396034,-0.99838561,-0.01772347,-0.71714177,0.02639673,0.6964272,,,
-0.69496464,0.0503777,-0.71727682,-0.05403523,-0.99838084,-0.01776657,-0.71701055,0.02641108,0.69656176,,,
-0.69499592,0.05044496,-0.71724191,-0.05404839,-0.99837883,-0.01784582,-0.71697938,0.026363,0.6965957,,,
-0.69499592,0.05044496,-0.71724191,-0.05404839,-0.99837883,-0.01784582,-0.71697938,0.026363,0.6965957,,,
-0.69489251,0.05050463,-0.71733778,-0.05406505,-0.99837653,-0.01791797,-0.71707822,0.02633184,0.6964951,,,
-0.69485643,0.05055134,-0.71736943,-0.05409668,-0.99837415,-0.0179541,-0.71711079,0.02633178,0.69646157,,,
-0.6947891,0.05056432,-0.71743363,-0.05408163,-0.99837424,-0.01799022,-0.71717707,0.02630057,0.69639448,,,
-0.69474818,0.0506914,-0.71746438,-0.05419163,-0.99836705,-0.01806235,-0.71720849,0.02633178,0.69636096,-0.0043782,0.00332069,0.00227776
-0.69467608,0.05081838,-0.7175253,-0.05422139,-0.99836276,-0.01821381,-0.71727617,0.02625252,0.69629425,,,
-0.694671238,0.0508987705,-0.717524395,-0.054299742,-0.998357933,-0.0182498637,-0.717275038,0.0262837339,0.696294261,0.000356638804,-0.00195831037,-0.00464824121
-0.69466603,0.0510128,-0.71752102,-0.05434446,-0.99835311,-0.01836536,-0.71727637,0.0262355,0.69629465,,,
-0.69469734,0.05108007,-0.71748609,-0.05435762,-0.99835108,-0.01844461,-0.71724523,0.02618742,0.69632857,,,
-0.69472857,0.05111379,-0.71745354,-0.05440431,-0.99834861,-0.01844462,-0.71721152,0.02621856,0.69636213,,,
-0.69475469,0.05129507,-0.71741522,-0.05446227,-0.99834176,-0.01863926,-0.71718173,0.02612235,0.69639641,,,
-0.69484814,0.05146331,-0.71731268,-0.05453531,-0.99833482,-0.01879775,-0.71708567,0.02605729,0.69649777,,,
-0.69491027,0.05156434,-0.71724508,-0.05459513,-0.99832992,-0.0188771,-0.71702075,0.0260402,0.69656521,,,
-0.69500374,0.05173265,-0.71714251,-0.05466818,-0.99832301,-0.01903569,-0.7169247,0.025975,0.69666652,,,
-0.69503497,0.05176638,-0.71710994,-0.05471489,-0.99832057,-0.01903569,-0.716891,0.02600612,0.69670007,,,
-0.69503486,0.05173281,-0.71711234,-0.05474844,-0.99832013,-0.01895634,-0.71688841,0.02608547,0.69669974,,,
-0.69500396,0.05166554,-0.71714739,-0.05473528,-0.99832258,-0.01887706,-0.71691963,0.02613364,0.69666586,,,
-0.69497273,0.05163183,-0.71717995,-0.05468856,-0.99832502,-0.01887711,-0.71695334,0.02610246,0.69663231,,,
-0.69483329,0.0517382,-0.7173074,-0.05473678,-0.99832034,-0.0189854,-0.71708482,0.02607141,0.69649813,,,
-0.69472992,0.05179788,-0.71740321,-0.05475325,-0.99831806,-0.01905768,-0.71718371,0.02604022,0.69639748,,,
-0.69469848,0.05169705,-0.71744056,-0.05477363,-0.99831964,-0.01889916,-0.71721224,0.0261676,0.69636325,,,
-0.69460029,0.05164275,-0.71753978,-0.05474539,-0.99832222,-0.01885602,-0.71730974,0.0261846,0.69626223,,,
-0.69460029,0.05164275,-0.71753978,-0.05474539,-0.99832222,-0.01885602,-0.71730974,0.0261846,0.69626223,,,
-0.69463649,0.05156245,-0.7175106,-0.05474737,-0.99832436,-0.01874053,-0.71727462,0.02626396,0.69629543,,,
-0.694542991,0.0513605603,-0.717615513,-0.0547079699,-0.998330892,-0.0185026613,-0.717368085,0.0264083944,0.696193657,-0.00438220147,0.00436854316,0.000249420584
-0.694516592,0.0511121592,-0.717658601,-0.0547171151,-0.998336706,-0.0181495768,-0.71739275,0.026663027,0.6961585,0.000982554629,-0.00404918147,0.00328502618
-0.694392152,0.0508094207,-0.717800766,-0.0546981533,-0.998345094,-0.0177533491,-0.717514912,0.02693459,0.696022183,0.00019097433,-0.00407332135,0.00705146417
-0.69426254,0.05068776,-0.71793484,-0.05465684,-0.99834961,-0.017631,-0.71764358,0.02699951,0.69588702,,,
-0.69420004,0.05058676,-0.71800225,-0.05459701,-0.99835417,-0.01755184,-0.71770845,0.02701629,0.69581944,,,
-0.69406538,0.0506126695,-0.71813058,-0.0545669333,-0.998354523,-0.0176240484,-0.717840945,0.0269539418,0.695685165,-0.000476534595,-0.000183105454,-0.00537718413
-0.69406538,0.05061267,-0.71813058,-0.05456693,-0.99835452,-0.01762405,-0.71784095,0.02695394,0.69568517,,,
-0.6940293,0.05065937,-0.71816222,-0.05459855,-0.9983522,-0.01766021,-0.71787349,0.02695391,0.6956516,,,
-0.69396681,0.05059193,-0.71822726,-0.05450513,-0.99835723,-0.01766024,-0.71794089,0.02689145,0.69558443,,,
-0.693935579,0.0505918167,-0.718257415,-0.0544248674,-0.99836018,-0.0177394661,-0.717977144,0.0267810183,0.695551269,-0.00245927251,-2.14576698e-06,0.00520266872
-0.69376471,0.05073172,-0.71841257,-0.05435918,-0.99835896,-0.01800635,-0.71814721,0.02656015,0.69538415,,,
-0.69362509,0.05087176,-0.71853754,-0.05437368,-0.99835483,-0.01819406,-0.71828103,0.02644967,0.69525014,-0.00099916,-0.00261819,-0.00430612
-0.693589019,0.0509184462,-0.718569159,-0.0544052991,-0.998352535,-0.0182301755,-0.718313572,0.0264497204,0.695216537,-0.00405163271,-0.000992476824,-0.00349811465
-0.69354773,0.05107918,-0.71859745,-0.05448162,-0.99834547,-0.01838173,-0.7183475,0.02640175,0.69518328,,,
-0.69351167,0.05112591,-0.71862906,-0.05451318,-0.99834318,-0.01841796,-0.71838005,0.02640169,0.69514967,,,
-0.69348044,0.05109223,-0.71866158,-0.05446647,-0.99834572,-0.01841796,-0.71841373,0.02637046,0.69511604,0.00113588,-0.0038175,0.0030656
-0.69337665,0.05115194,-0.71875727,-0.05448289,-0.99834332,-0.0184903,-0.71851246,0.02633923,0.69501514,-0.0068501,0.00172544,0.00542176
-0.69320573,0.05119114,-0.71891944,-0.05451783,-0.99834096,-0.01851964,-0.71867482,0.02635601,0.69484663,,,
-0.69306604,0.05126397,-0.71904908,-0.05459946,-0.99833609,-0.018549,-0.7188035,0.02640401,0.69471172,,,
-0.69289476,0.05133683,-0.71920873,-0.05460071,-0.99833383,-0.01865766,-0.71896831,0.02634151,0.69454349,,,
-0.69274998,0.0515574,-0.71933253,-0.05469325,-0.99832465,-0.01888177,-0.7191009,0.02626228,0.69440924,,,
-0.69271359,0.05163778,-0.71936162,-0.05469113,-0.99832242,-0.01899721,-0.71913593,0.02618308,0.69437592,,,
-0.69267732,0.05168457,-0.7193932,-0.05472266,-0.99832001,-0.01903352,-0.71916848,0.02618302,0.69434221,,,
-0.69252744,0.05201925,-0.71951349,-0.05485968,-0.99830606,-0.01937322,-0.71930249,0.02605579,0.69420819,,,
-0.69249118,0.05206596,-0.719545,-0.05489122,-0.99830362,-0.01940943,-0.71933499,0.02605584,0.69417451,,,
-0.69244992,0.05226051,-0.71957069,-0.05493362,-0.99829685,-0.01964049,-0.71937156,0.02592857,0.6941414,,,
-0.69240365,0.05253541,-0.71959529,-0.05505425,-0.99828498,-0.01990777,-0.71940696,0.02583257,0.6941083,,,
-0.69228439,0.0530388,-0.71967277,-0.05510297,-0.99826869,-0.02056496,-0.71951767,0.02541931,0.69400874,,,
-0.69227429,0.05326699,-0.71966571,-0.05519203,-0.99825904,-0.02079609,-0.71952063,0.02532321,0.69400919,,,
-0.6923055,0.05336807,-0.71962819,-0.05517136,-0.99825687,-0.02095472,-0.71949219,0.02519579,0.69404332,,,
-0.69233673,0.05346912,-0.71959067,-0.05515071,-0.99825469,-0.0211133,-0.71946374,0.02506843,0.69407742,,,
-0.69256539,0.05361111,-0.71936006,-0.05525431,-0.99824716,-0.02119929,-0.71923571,0.02506585,0.69431381,-0.00273223,0.00463462,-0.00162914
-0.69266925,0.0535512,-0.71926463,-0.05523816,-0.99824969,-0.02112671,-0.71913704,0.02509703,0.69441491,,,
-0.69284054,0.05347812,-0.71910511,-0.05523728,-0.99825207,-0.02101781,-0.71897212,0.02515942,0.69458341,,,
-0.69287149,0.05347812,-0.71907502,-0.05531772,-0.99824905,-0.02093858,-0.71893584,0.02526985,0.6946169,,,
-0.69297012,0.05353232,-0.71897596,-0.0553461,-0.99824659,-0.0209816,-0.71883861,0.0252529,0.69471814,,,
-0.69314143,0.05339199,-0.71882146,-0.05541251,-0.99824868,-0.02071415,-0.71866853,0.02547386,0.69488606,,,
-0.6933798,0.05330597,-0.71859773,-0.05542676,-0.99825073,-0.02056913,-0.71843727,0.02556732,0.69512169,,,
-0.69358197,0.05323309,-0.71840803,-0.05550611,-0.9982502,-0.02038105,-0.71823599,0.02574011,0.69532329,0.00229942,0.00599658,0.00242441
-0.69355594,0.05301808,-0.71844902,-0.05548195,-0.99825707,-0.02010697,-0.71826295,0.02591564,0.69528891,-0.00169875,-0.00444215,-0.00409181
-0.69356105,0.05280313,-0.71845995,-0.05553818,-0.99826102,-0.01975362,-0.7182537,0.02620161,0.69528775,,,
-0.69392905,0.0527717,-0.71810693,-0.05566078,-0.99825785,-0.01957248,-0.71788878,0.02638848,0.69565749,,,
-0.69395525,0.05295307,-0.71806846,-0.05571862,-0.99825096,-0.01976723,-0.71785917,0.02629221,0.69569173,,,
-0.69398603,0.05298679,-0.71803583,-0.05576531,-0.99824801,-0.01976728,-0.71782539,0.02632327,0.69572533,,,
-0.69398119,0.05306722,-0.71803488,-0.05584359,-0.99824318,-0.01980348,-0.71782429,0.02635441,0.69572534,,,
-0.69398119,0.05306722,-0.71803488,-0.05584359,-0.99824318,-0.01980348,-0.71782429,0.02635441,0.69572534,,,
-0.693955,0.05288586,-0.71807336,-0.0557858,-0.99825008,-0.0196087,-0.71785389,0.02645074,0.6956911,,,
-0.69406384,0.05267851,-0.71798366,-0.05575826,-0.99825705,-0.01934153,-0.71775106,0.02660926,0.6957912,,,
-0.69409485,0.05271223,-0.71795108,-0.05580496,-0.99825433,-0.01934153,-0.71771731,0.02664038,0.6958248,0.00284865,-0.00274235,-0.00397706
-0.69422956,0.05265264,-0.71782531,-0.05586884,-0.99825378,-0.01918977,-0.71758215,0.02678196,0.69595877,,,
-0.69433286,0.05255945,-0.71773194,-0.05588594,-0.99825549,-0.01903818,-0.71748059,0.02689229,0.69605916,,,
-0.69436915,0.0525127,-0.71770032,-0.05585435,-0.99825801,-0.01900193,-0.717448,0.02689233,0.69609277,,,
-0.69437414,0.05239869,-0.71770378,-0.05580958,-0.99826266,-0.01888653,-0.7174466,0.02694043,0.69609234,-0.00321782,0.003456,-0.00352825
-0.69447765,0.05227195,-0.71761287,-0.05586021,-0.99826418,-0.01865566,-0.71734248,0.02713006,0.69619228,,,
-0.69451388,0.05215816,-0.71758616,-0.05589568,-0.99826587,-0.01846104,-0.71730471,0.02728852,0.69622502,,,
-0.69451385,0.05209104,-0.71759103,-0.05596277,-0.998265,-0.01830254,-0.71729947,0.02744702,0.69622418,,,
-0.69455016,0.05204433,-0.71755944,-0.05593119,-0.99826757,-0.0182663,-0.71726694,0.02744709,0.69625771,,,
-0.69454993,0.05201081,-0.71756182,-0.05596469,-0.99826691,-0.01818713,-0.71726428,0.02752626,0.69625728,,,
-0.69441547,0.05196951,-0.7176951,-0.05600164,-0.99826655,-0.01810102,-0.71739174,0.02762247,0.69612218,,,
-0.69431183,0.05199555,-0.71779327,-0.05605173,-0.99826368,-0.01809419,-0.71748792,0.02767054,0.69602109,,,
-0.69431185,0.05196194,-0.71779571,-0.05608532,-0.99826324,-0.01801487,-0.7174853,0.02774987,0.69602064,,,
-0.694275797,0.0519414925,-0.717832212,-0.0561840316,-0.998260023,-0.0178926241,-0.717512618,0.0279082921,0.69598617,0.000172265805,-0.00493413163,0.00483294902
-0.69427052,0.05202196,-0.7178313,-0.05626232,-0.9982548,-0.01792887,-0.71751141,0.02793937,0.69598614,,,
-0.694301768,0.052055723,-0.717798798,-0.0563089955,-0.998252316,-0.0179288552,-0.717477672,0.0279704939,0.696019695,0.00476743514,0.00055575365,-0.00253197085
-0.69422936,0.05214906,-0.71786202,-0.05637222,-0.99824742,-0.01800125,-0.71754274,0.02797048,0.69595261,,,
-0.69408961,0.05225532,-0.71798937,-0.05642037,-0.9982427,-0.01810987,-0.71767409,0.02793935,0.6958184,,,
-0.6940223,0.05223464,-0.71805595,-0.05643888,-0.99824243,-0.01806682,-0.71773774,0.0279875,0.69575081,,,
-0.69388767,0.05219336,-0.71818909,-0.05647587,-0.99824193,-0.0179809,-0.71786503,0.02808363,0.69561561,,,
-0.69378916,0.05210535,-0.7182906,-0.05648122,-0.99824378,-0.01785876,-0.71795976,0.02817972,0.69551394,,,
-0.69375795,0.05203801,-0.71832553,-0.05646813,-0.99824586,-0.01777956,-0.71799086,0.02822779,0.69547987,,,
-0.69369578,0.05190334,-0.71839543,-0.05644193,-0.99825024,-0.01762121,-0.71805311,0.02832386,0.69541172,,,
-0.69373224,0.0517895,-0.71836872,-0.05647748,-0.99825189,-0.01742659,-0.71801537,0.02848227,0.69544427,,,
-0.69370084,0.05172214,-0.71840359,-0.05646439,-0.99825376,-0.01734739,-0.71804643,0.02853032,0.69541017,,,
-0.69351899,0.05117053,-0.71861873,-0.05637468,-0.99827031,-0.01667798,-0.71822921,0.0289454,0.69520425,,,
-0.69363759,0.05070185,-0.71853739,-0.05629094,-0.99828442,-0.01610125,-0.71812115,0.02927872,0.6953019,,,
-0.69371503,0.05042747,-0.71848194,-0.05624995,-0.99829226,-0.01575532,-0.71804956,0.02948487,0.69536712,-0.00273951,0.00203323,0.00472115
-0.69378751,0.0503342204,-0.71841863,-0.0561866237,-0.998297087,-0.0156829561,-0.717984627,0.0294848783,0.69543419,-0.00331476843,-0.00061273569,0.00388344238
-0.6938959,0.05012724,-0.71832827,-0.05615867,-0.99830269,-0.0154162,-0.71788192,0.02964312,0.69553346,,,
-0.6939059,0.04983227,-0.71833919,-0.0561361,-0.99830993,-0.01502755,-0.71787407,0.02989706,0.6955307,,,
-0.69394208,0.04975212,-0.71830982,-0.05613793,-0.99831159,-0.0149123,-0.71783898,0.02997615,0.69556352,-0.00100559,-0.00666183,0.00588515
-0.69401918,0.0494779,-0.71825409,-0.05609676,-0.99831885,-0.01456656,-0.71776748,0.03018226,0.69562836,0.00104113,0.00252962,0.00457301
-0.69396189,0.04922929,-0.71832671,-0.05602575,-0.99832695,-0.01429321,-0.7178286,0.03032585,0.69555907,,,
-0.69393078,0.04912844,-0.71836378,-0.05604616,-0.99832815,-0.01413512,-0.7178572,0.03045274,0.69552404,,,
-0.693846656,0.0485644711,-0.718483007,-0.0560512174,-0.998338336,-0.0133514952,-0.717937741,0.0310079594,0.695416293,0.000905124471,0.000786781253,0.00539143337
-0.69381573,0.04849713,-0.71851777,-0.05603816,-0.99834042,-0.01327245,-0.717969,0.03105578,0.69538195,,,
-0.693779469,0.0484766639,-0.718554018,-0.0561368834,-0.998336364,-0.0131505754,-0.71799618,0.0312137849,0.695346786,-0.00370749016,-0.00397801353,-0.000334682874
-0.69381559,0.04836307,-0.71852678,-0.05617211,-0.99833691,-0.01295645,-0.71795851,0.03137177,0.69537857,,,
-0.69391926,0.04823676,-0.71843537,-0.05622212,-0.99833724,-0.01272618,-0.71785461,0.03156102,0.6954773,0.00182183,0.00270057,0.0049683
-0.69388794,0.04816944,-0.71847003,-0.05620902,-0.99833889,-0.01264724,-0.7178858,0.03160873,0.69544292,0.00141938,0.00268066,0.00685218
-0.69389767,0.04794163,-0.71847582,-0.05611936,-0.99834679,-0.01241695,-0.71788336,0.03170431,0.69544108,,,
-0.69376779,0.04778617,-0.71861155,-0.05611193,-0.99834964,-0.01221613,-0.71800942,0.03184753,0.69530438,,,
-0.69373671,0.04771879,-0.71864628,-0.05609885,-0.99835156,-0.01213712,-0.71804073,0.03189526,0.69526991,,,
-0.693705258,0.0476179685,-0.718683097,-0.0561192378,-0.998352118,-0.0119792563,-0.718069284,0.0320218754,0.695234547,-0.000750539592,-0.00134730327,-0.00580043439
-0.69374136,0.04750441,-0.71865575,-0.05615442,-0.99835244,-0.01178519,-0.71803164,0.03217982,0.69526613,,,
-0.69377764,0.04742436,-0.71862615,-0.05615606,-0.99835381,-0.01167015,-0.71799659,0.03225872,0.69529869,,,
-0.69384979,0.04726431,-0.71856695,-0.05615939,-0.99835622,-0.01144003,-0.71792653,0.03241662,0.69536368,0.00519004,0.004462,-0.0065274
-0.693890853,0.0470704139,-0.718540162,-0.0561161916,-0.998361374,-0.0112099111,-0.717890354,0.032543282,0.695395134,-0.000143841549,-0.00528263999,0.00470530521
-0.69382341,0.04704962,-0.71860655,-0.05613492,-0.99836072,-0.01116713,-0.71795398,0.0325909,0.6953272,,,
-0.69379209,0.04694878,-0.71864332,-0.05615532,-0.99836127,-0.01100926,-0.71798258,0.03271751,0.6952917,,,
-0.69376087,0.04688141,-0.71867791,-0.05614229,-0.99836292,-0.01093027,-0.71801383,0.03276523,0.6952572,,,
-0.69379679,0.04680145,-0.71864824,-0.05614388,-0.9983639,-0.01081535,-0.71797878,0.03284405,0.69528964,,,
-0.69397265,0.0465488,-0.7184951,-0.0561634,-0.99836709,-0.01043421,-0.71780754,0.03311207,0.69545376,,,
-0.69403998,0.04650271,-0.71843303,-0.05621149,-0.99836556,-0.01031924,-0.71773866,0.03322223,0.69551959,,,
-0.69431877,0.04622456,-0.71818139,-0.05618017,-0.99837098,-0.009945,-0.71747126,0.03344255,0.69578484,,,
-0.69435502,0.04611118,-0.71815386,-0.05621513,-0.99837112,-0.00975114,-0.71743367,0.03360036,0.69581604,,,
-0.694328539,0.0459300255,-0.718191055,-0.0561571141,-0.998376247,-0.00955728934,-0.717463823,0.0336956377,0.695780339,0.00068998948,-0.00418019248,-0.00335096708
-0.69429722,0.04582927,-0.71822771,-0.05617743,-0.99837655,-0.00939958,-0.71749248,0.03382208,0.69574464,,,
-0.69429705,0.04579583,-0.7182298,-0.05621083,-0.99837523,-0.0093207,-0.71748982,0.03390096,0.6957435,,,
-0.69426599,0.04569505,-0.71826649,-0.05623118,-0.99837576,-0.00916294,-0.71751853,0.03402746,0.69570777,-0.00413141,0.00121546,-0.00382594
-0.69423945,0.04548046,-0.71830571,-0.05620651,-0.99837958,-0.00889035,-0.7175461,0.03420142,0.6956708,,,
-0.69427555,0.04533374,-0.71828016,-0.05627477,-0.99837817,-0.00861783,-0.71750588,0.0344379,0.69570062,,,
-0.69427544,0.04530029,-0.71828225,-0.05630817,-0.99837685,-0.00853895,-0.71750324,0.03451678,0.69569942,,,
-0.6943115,0.04518697,-0.71825455,-0.05634301,-0.99837655,-0.00834524,-0.71746563,0.03467442,0.69573037,,,
-0.69441005,0.04517496,-0.71815994,-0.0564374,-0.99837209,-0.00823036,-0.71736273,0.03481584,0.69582938,-0.00220526,0.00490081,0.00149789
-0.69447737,0.04509563,-0.71809984,-0.05651866,-0.99836909,-0.0080367,-0.71729118,0.03500474,0.69589366,,,
-0.694539909,0.0451300964,-0.718037207,-0.056644896,-0.99836258,-0.00795788566,-0.717220686,0.035146075,0.695959203,-0.00167698693,-0.00509071304,-0.000366801163
-0.69457597,0.04508366,-0.71800528,-0.05661297,-0.99836471,-0.00792184,-0.71718832,0.03514609,0.69599256,,,
-0.69470101,0.04525284,-0.71787364,-0.05676538,-0.99835541,-0.00800064,-0.71705514,0.03519232,0.69612743,,,
-0.6946962,0.04536661,-0.71787108,-0.05681039,-0.9983519,-0.00811549,-0.71705621,0.03514474,0.69612873,,,
-0.69488362,0.04570388,-0.71766832,-0.05695563,-0.99834106,-0.00843081,-0.71686311,0.03501682,0.69633403,,,
-0.69507565,0.0459274,-0.71746802,-0.05705586,-0.99833358,-0.00863136,-0.7166689,0.03493631,0.69653795,-0.0020538,-0.0040012,-0.00290528
-0.695138,0.04606205,-0.71739893,-0.05708208,-0.99833067,-0.00878901,-0.71660628,0.03484105,0.69660713,,,
-0.69529395,0.04636536,-0.71722823,-0.05718097,-0.99832217,-0.00910447,-0.71644708,0.03468153,0.69677883,,,
-0.69549544,0.0463279,-0.71703511,-0.05722449,-0.99832052,-0.00899638,-0.71624785,0.03477503,0.69697893,-0.00188188,0.00559461,-0.00538505
-0.69554132,0.04592055,-0.71701703,-0.05723568,-0.99832513,-0.00841522,-0.71620262,0.03518583,0.69700483,-0.00308729,-0.00197566,0.00662805
-0.69561332,0.04576102,-0.71695738,-0.05723837,-0.99832689,-0.00818555,-0.71613247,0.0353435,0.69706893,,,
-0.69568537,0.04560147,-0.7168977,-0.05724103,-0.99832866,-0.00795581,-0.71606234,0.03550122,0.69713297,,,
-0.69578848,0.0455093,-0.71680345,-0.05725679,-0.99832891,-0.00780498,-0.71596085,0.03561125,0.69723158,,,
-0.69596357,0.04519112,-0.71665361,-0.05734156,-0.99832813,-0.00726701,-0.7157839,0.03603646,0.69739141,,,
-0.69607637,0.04487165,-0.71656428,-0.0572669,-0.99833524,-0.00688678,-0.71568033,0.03624169,0.69748708,,,
-0.69611214,0.0447587,-0.71653638,-0.05730135,-0.99833439,-0.00669329,-0.71564256,0.03639922,0.69751759,,,
-0.696188875,0.0444523371,-0.716480927,-0.0572918674,-0.99833771,-0.00627020624,-0.715568705,0.0366832836,0.697578486,0.000216194836,0.00399231864,0.00461541256
-0.6962294,0.04425903,-0.71645331,-0.05724786,-0.99834148,-0.00604084,-0.7155326,0.03680961,0.69760883,,,
-0.6962343,0.04411205,-0.71645784,-0.05723588,-0.9983435,-0.00584738,-0.71552901,0.03693595,0.69760587,,,
-0.6962079,0.04389779,-0.7164967,-0.05721079,-0.99834654,-0.00557519,-0.71555675,0.03710984,0.6975682,,,
-0.69627974,0.04370526,-0.7164386,-0.05724629,-0.99834613,-0.00526708,-0.71548395,0.03734609,0.69763025,,,
-0.69638735,0.04343321,-0.71635041,-0.05728288,-0.99834605,-0.00484442,-0.71537614,0.03766103,0.69772385,0.00171907,0.00667167,0.00174984
-0.69645917,0.04327404,-0.71629018,-0.05728505,-0.99834699,-0.00461517,-0.71530601,0.03781845,0.69778722,,,
-0.69656228,0.04318222,-0.71619562,-0.05730036,-0.99834694,-0.00446466,-0.71520455,0.03792835,0.69788529,,,
-0.69673683,0.04299781,-0.71603673,-0.05725137,-0.99835056,-0.00424246,-0.71503824,0.03803821,0.69804967,,,
-0.69687105,0.04294016,-0.71590972,-0.0573129,-0.99834779,-0.00409201,-0.71490266,0.03817927,0.69818085,,,
-0.69687576,0.04282652,-0.71591196,-0.05726764,-0.99835086,-0.00397739,-0.71490172,0.03822685,0.69817922,,,
-0.69684482,0.04272598,-0.71594836,-0.05728764,-0.99835057,-0.00381999,-0.71493055,0.03835305,0.69814282,,,
-0.69675091,0.04255727,-0.71604937,-0.05721503,-0.99835495,-0.00366265,-0.71502746,0.03841684,0.69803999,,,
-0.69675565,0.04244363,-0.71605159,-0.05716979,-0.99835803,-0.00354802,-0.71502654,0.03846441,0.69803832,,,
-0.69676026,0.04229683,-0.71605572,-0.05715764,-0.99835934,-0.00335485,-0.71502295,0.03859054,0.69803502,,,
-0.69672919,0.04219632,-0.71609204,-0.05717767,-0.99835884,-0.00319752,-0.71505178,0.03871667,0.69799853,,,
-0.69672919,0.04219632,-0.71609204,-0.05717767,-0.99835884,-0.00319752,-0.71505178,0.03871667,0.69799853,,,
-0.69672919,0.04219632,-0.71609204,-0.05717767,-0.99835884,-0.00319752,-0.71505178,0.03871667,0.69799853,,,
-0.696729187,0.0421963169,-0.716092036,-0.0571776665,-0.998358836,-0.00319751671,-0.715051779,0.0387166695,0.697998534,0.000949083595,-0.00494992686,-0.00112718227
-0.69682737,0.04225145,-0.71599317,-0.05720493,-0.99835708,-0.00324035,-0.71495384,0.03870037,0.69809974,,,
-0.69689461,0.04223922,-0.71592868,-0.05721905,-0.99835657,-0.00320445,-0.71488741,0.03873159,0.69816608,,,
-0.69692567,0.04227331,-0.71589628,-0.05726536,-0.9983538,-0.0032044,-0.71485327,0.03876283,0.69819928,-0.0017385,0.00356817,-0.00354805
-0.69696142,0.04216066,-0.71586801,-0.05729945,-0.99835235,-0.00301129,-0.71481557,0.0389201,0.69822911,,,
-0.69696608,0.04208028,-0.7158682,-0.05722097,-0.99835696,-0.0029755,-0.71481731,0.03888886,0.69822906,,,
-0.69696618,0.04211345,-0.71586627,-0.05718785,-0.99835871,-0.0030541,-0.71481999,0.03881025,0.69823072,,,
-0.69699747,0.04214757,-0.71583392,-0.05723414,-0.99835616,-0.00305411,-0.71478589,0.03884143,0.69826391,,,
-0.69702854,0.04218166,-0.71580153,-0.05728044,-0.9983534,-0.00305405,-0.71475175,0.03887267,0.69829709,,,
-0.69702854,0.04218166,-0.71580153,-0.05728044,-0.9983534,-0.00305405,-0.71475175,0.03887267,0.69829709,,,
-0.697091,0.04228311,-0.71573478,-0.05733991,-0.9983498,-0.00313273,-0.71468614,0.03885637,0.69836517,,,
-0.697091,0.04228311,-0.71573478,-0.05733991,-0.9983498,-0.00313273,-0.71468614,0.03885637,0.69836517,0.00563435,-0.00124413,-0.00175208
-0.69709088,0.04231632,-0.7157328,-0.05730674,-0.99835134,-0.00321145,-0.71468877,0.03877765,0.69836682,,,
-0.69709088,0.04231632,-0.7157328,-0.05730674,-0.99835134,-0.00321145,-0.71468877,0.03877765,0.69836682,,,
-0.69702386,0.04232846,-0.7157974,-0.0572926,-0.99835208,-0.00324728,-0.71475532,0.03874646,0.69830045,,,
-0.69695685,0.04234063,-0.71586194,-0.05727848,-0.99835279,-0.00328312,-0.71482181,0.03871529,0.69823412,,,
-0.6969209,0.04238697,-0.71589408,-0.05731065,-0.99835073,-0.00331903,-0.71485417,0.03871525,0.69820097,-0.00167978,0.00406825,-0.00394252
-0.696889727,0.0423196422,-0.715928424,-0.0572975256,-0.998351742,-0.00324031057,-0.714885623,0.0387627906,0.698166132,6.26931433e-06,-0.00181519974,-0.00621972233
-0.696858659,0.0422855561,-0.715960819,-0.0572512154,-0.998354518,-0.00324035967,-0.714919758,0.0387315549,0.698132937,0.000629290473,0.000591993274,-0.0061069387
-0.69688984,0.04235284,-0.71592648,-0.05726438,-0.9983535,-0.00331897,-0.7148883,0.03868413,0.69816778,,,
-0.696930333,0.042192929,-0.715896487,-0.0571868775,-0.998358411,-0.00316860842,-0.714855009,0.0387315863,0.69819923,0.00422027614,0.00657379581,0.000459219154
-0.69689916,0.04212562,-0.71593082,-0.05717374,-0.99835943,-0.00308994,-0.71488647,0.03877907,0.69816438,0.00357158,0.0069108,-0.00163939
-0.69673385,0.04211592,-0.71609224,-0.05709917,-0.99836345,-0.0031617,-0.71505352,0.03868541,0.69799849,,,
-0.69667151,0.04198129,-0.71616088,-0.05707291,-0.99836551,-0.00300436,-0.71511644,0.03878034,0.69792877,,,
-0.69664035,0.04191395,-0.7161952,-0.05705981,-0.99836654,-0.00292563,-0.7151479,0.03882785,0.6978939,,,
-0.6966447,0.04180036,-0.71619727,-0.05701445,-0.99836918,-0.00281121,-0.71514694,0.03887518,0.69789219,,,
-0.69661376,0.04173302,-0.71623162,-0.05700136,-0.99837043,-0.00273247,-0.71517846,0.0389227,0.6978573,,,
-0.69664942,0.04165355,-0.71620134,-0.05700232,-0.9983705,-0.00261803,-0.71514343,0.03900129,0.69788878,,,
-0.6967524,0.0415951,-0.71610465,-0.05698425,-0.99837179,-0.00254636,-0.71504463,0.0390325,0.69798828,-0.00346686,-0.00147808,-0.00418668
-0.69685539,0.04153663,-0.71600795,-0.05696618,-0.99837311,-0.00247464,-0.71494582,0.03906377,0.69808775,,,
-0.69685523,0.04156985,-0.71600599,-0.056933,-0.99837464,-0.00255336,-0.71494843,0.03898505,0.69808945,,,
-0.696859894,0.0414894513,-0.716006175,-0.0568545503,-0.998379256,-0.00251750808,-0.714950192,0.0389538594,0.698089397,0.00570735103,0.00162875641,-0.000677893928
-0.69673043,0.04140019,-0.71613736,-0.05678102,-0.99838358,-0.00247467,-0.71508224,0.03893883,0.69795498,,,
-0.69673043,0.04140019,-0.71613736,-0.05678102,-0.99838358,-0.00247467,-0.71508224,0.03893883,0.69795498,,,
-0.69673043,0.04140019,-0.71613736,-0.05678102,-0.99838358,-0.00247467,-0.71508224,0.03893883,0.69795498,,,
-0.696802118,0.0413076132,-0.716072995,-0.0567166045,-0.998387453,-0.00240304098,-0.715017538,0.0389387843,0.698021274,-0.000886057271,0.0020856855,-0.00552884908
-0.69680212,0.04130761,-0.716073,-0.0567166,-0.99838745,-0.00240304,-0.71501754,0.03893878,0.69802127,,,
-0.69673953,0.04123941,-0.71613768,-0.05662404,-0.99839258,-0.00240305,-0.71508572,0.03887631,0.69795488,,,
-0.69673953,0.04123941,-0.71613768,-0.05662404,-0.99839258,-0.00240305,-0.71508572,0.03887631,0.69795488,,,
-0.69667244,0.04121838,-0.71620413,-0.05664316,-0.99839158,-0.00236015,-0.71514954,0.03892381,0.69788684,,,
-0.69667682,0.04110479,-0.71620615,-0.05659779,-0.99839421,-0.00224573,-0.71514862,0.03897114,0.69788509,,,
-0.69664569,0.04103747,-0.71624043,-0.05658469,-0.99839525,-0.00216705,-0.71518012,0.03901858,0.69785019,,,
-0.69657861,0.04101644,-0.71630692,-0.05660376,-0.9983943,-0.00212425,-0.715244,0.03906596,0.69778208,,,
-0.696417825,0.0408599114,-0.716472284,-0.0565171635,-0.998399532,-0.00200280689,-0.71540749,0.0390981924,0.697612664,0.00212811539,-0.00603610231,-0.000666823529
-0.69625239,0.04078375,-0.7166375,-0.05650899,-0.99840026,-0.00191727,-0.71556925,0.03916156,0.6974432,,,
