0,1,2,3,4,5,6,7,8,9,10,11
-0.06521009,0.99762412,-0.02222229,0.97194883,0.0685433,0.22498299,0.22597164,-0.00692778,-0.97410931,-0.00403345,-0.00375992,-0.00947366
-0.0652612571,0.997621622,-0.0221841869,0.971921019,0.0685852892,0.225090324,0.226076476,-0.00687160729,-0.974085386,-0.00172208005,0.000888645649,-0.0120140715
-0.0654807341,0.997608516,-0.022124833,0.971858127,0.0687872247,0.225299991,0.226283097,-0.0067493885,-0.974038182,-0.00653813872,0.000951111317,-0.015477418
-0.06564905,0.99759917,-0.02204999,0.97181094,0.06893523,0.22545846,0.22643719,-0.0066273,-0.97400332,-0.00358776,0.00383121,-0.01394371
-0.06585357,0.99758658,-0.02200538,0.97172369,0.06912665,0.22577533,0.22675161,-0.00651503,-0.97393075,-0.00213843,0.00285286,-0.01928314
-0.0661091716,0.997569133,-0.0220302034,0.971632906,0.0693833203,0.226087123,0.227066071,-0.00645883069,-0.973857869,-0.00316156726,0.000801086426,-0.0199089777
-0.06626231,0.99755784,-0.02207743,0.97158563,0.06954439,0.22624039,0.22722326,-0.00645888,-0.97382103,-0.00232075,-0.0026952,-0.01686121
-0.066451915,0.997541161,-0.022262284,0.971522884,0.069772334,0.226439757,0.227436286,-0.00658094576,-0.973770569,0.000762281474,-0.00100499392,-0.0192409568
-0.06670731,0.99752117,-0.02239483,0.97145629,0.07005253,0.22663894,0.22764596,-0.00663712,-0.97372124,-0.00212046,0.0010559,-0.01951321
-0.0668754169,0.997510425,-0.0223739993,0.971420973,0.0702121174,0.22674109,0.22774753,-0.00657116377,-0.973698012,0.000690904679,0.00192958117,-0.0168954469
-0.06700709,0.99750505,-0.02221564,0.97140111,0.07030479,0.22679717,0.22779321,-0.00638326,-0.97368843,-0.00108655,-0.0019123,-0.0184431
-0.0670070923,0.997505053,-0.0222156442,0.971401111,0.0703047864,0.226797174,0.227793211,-0.00638326317,-0.973688433,0.00213901885,-0.000602602959,-0.0190114584
-0.06695613,0.99750768,-0.02225347,0.97142919,0.07026297,0.22669001,0.22768863,-0.00643937,-0.97371262,-0.00159478,0.001387,-0.01822605
-0.0669560566,0.997506448,-0.0223071506,0.971441413,0.070274826,0.226633816,0.227636339,-0.00649556638,-0.973724397,0.00032215775,0.00314885378,-0.016985666
-0.066905,0.99751023,-0.02229132,0.9714572,0.07022116,0.2265828,0.227584,-0.00649553,-0.97373663,0.00299659,0.00141078,-0.01766973
-0.06683919,0.99751352,-0.02234374,0.97146103,0.0701689,0.22658277,0.22758722,-0.00656146,-0.97373554,0.00219892,0.00259244,-0.01801974
-0.06675844,0.99751502,-0.02251793,0.97146503,0.07012986,0.22657771,0.22759385,-0.0067494,-0.97373272,0.00493746,0.00470608,-0.01634231
-0.06667769,0.99751649,-0.02269224,0.97146906,0.07009082,0.22657262,0.22760044,-0.00693747,-0.9737299,-0.00130447,0.00438231,-0.01708625
-0.06661794,0.99751041,-0.023126,0.97145768,0.07013186,0.22660826,0.22766599,-0.00736974,-0.97371119,-0.00147644,-0.00278306,-0.01459683
-0.06657318,0.9975061,-0.02343801,0.97144616,0.07015965,0.22664901,0.2277282,-0.00767999,-0.97369422,-0.00560349,-0.00568807,-0.01656143
-0.066507392,0.997508082,-0.0235441625,0.971462276,0.0701191518,0.226592791,0.227679044,-0.00780216338,-0.973704913,-0.00645640772,-0.000289201736,-0.0129517466
-0.06639043,0.99751502,-0.0235808,0.97148183,0.07001315,0.22654177,0.22762979,-0.00786811,-0.97371592,-0.00596821,-0.00282288,-0.01395494
-0.0662734736,0.99752067,-0.0236711449,0.971513641,0.069918914,0.226434487,0.227528143,-0.00799023853,-0.973738707,-0.00540868472,-0.000671565533,-0.0173248425
-0.0661563748,0.997526241,-0.0237615359,0.971545362,0.0698246446,0.226327243,0.227426517,-0.00811240753,-0.973761337,-0.00511171436,-0.0005210042,-0.0144852139
-0.06603937,0.99752935,-0.02395948,0.97160168,0.06975366,0.22610761,0.22722023,-0.00834707,-0.97380769,-0.00586349,0.00582129,-0.0150718
-0.06592236,0.99753102,-0.02421116,0.9716701,0.06969445,0.2258317,0.2269615,-0.0086379,-0.97386549,-0.00618701,0.0027011,-0.01524524
-0.06587127,0.99753344,-0.0242492,0.97169802,0.0696524,0.2257244,0.22685666,-0.00869415,-0.97388937,-0.00524165,0.00334436,-0.01551295
-0.065769207,0.997537036,-0.0243791153,0.971766118,0.0695799551,0.225453545,0.226594552,-0.00886290431,-0.973948912,-0.000323332148,0.000617086887,-0.0147322826
-0.06593718,0.99752246,-0.0245193,0.97176755,0.06977485,0.22538691,0.22653934,-0.00896568,-0.97396072,-0.00348121,0.00287896,-0.01701555
-0.0660542728,0.99751292,-0.0245899667,0.971772448,0.0699044559,0.225325437,0.226483996,-0.00901212997,-0.973973059,0.000247709919,0.00320661068,-0.0122604547
-0.0662434,0.9974904,-0.02498992,0.97175867,0.07017913,0.22529932,0.2264877,-0.00935955,-0.97396885,-0.00174432,-0.0049389,-0.01084555
-0.06638165,0.99747295,-0.02532039,0.9717485,0.07038834,0.22527822,0.2264912,-0.0096507,-0.97396534,-0.00243971,-0.0043413,-0.00950918
-0.06636656,0.99747078,-0.02544238,0.97174873,0.07040135,0.22527292,0.22649435,-0.00977299,-0.97396326,-0.00221769,-0.0018602,-0.01272442
-0.0664386911,0.997457576,-0.0257715518,0.971730093,0.0705464757,0.225308065,0.226553339,-0.0100738083,-0.973946558,-0.00333113503,0.000194907188,-0.0178768635
-0.06652573,0.99744644,-0.02597881,0.97171116,0.0706786,0.22534848,0.22660919,-0.01025242,-0.97393178,-0.00551537,0.0072431,-0.01597435
-0.06671454,0.99742613,-0.02627135,0.97167289,0.07092984,0.22543436,0.22671755,-0.0104874,-0.97390398,-0.00322618,0.00210845,-0.01642967
-0.06695439,0.99739908,-0.02668726,0.97164337,0.07125797,0.22545839,0.22677367,-0.01083507,-0.97388724,-0.00605195,-0.00145936,-0.01594843
-0.0671070319,0.997383132,-0.0268959379,0.971632668,0.0714539799,0.225442152,0.226774034,-0.0110042039,-0.973885096,-0.00450427737,-0.000850498676,-0.0112975398
-0.06736175,0.99735658,-0.02724363,0.97161495,0.07178057,0.225415,0.2267747,-0.01128596,-0.97388183,-0.00799159,0.00234455,-0.0181385
-0.0675296468,0.997342908,-0.0273302383,0.97160399,0.0719635688,0.225404067,0.226771922,-0.0113327188,-0.973882024,-0.00556950364,0.000693738461,-0.0154890772
-0.0677125536,0.997331492,-0.027294863,0.97159268,0.0721336354,0.225398525,0.226765915,-0.0112571899,-0.973884331,-0.000616670819,-0.00168055296,-0.0135492645
-0.0682157599,0.997288451,-0.0276085721,0.971571536,0.0726941804,0.225309123,0.22670518,-0.0114540575,-0.973895959,-0.00252973964,0.000519871712,-0.0119653419
-0.0682667316,0.997281592,-0.027731902,0.971580195,0.0727709773,0.225247181,0.226652947,-0.0115668759,-0.97390688,-0.00449580234,0.000790417194,-0.00890522636
-0.06834774,0.9972733,-0.02782614,0.97163691,0.07286817,0.22497049,0.22638473,-0.01166065,-0.97396792,-0.00143988,-0.00126642,-0.01067751
-0.06839304,0.99727303,-0.02772868,0.97169706,0.07288686,0.22470494,0.22611323,-0.01157562,-0.97403223,-0.00112052,-0.0011577,-0.01823588
-0.0684080716,0.997272388,-0.0277141417,0.971721109,0.0728969736,0.22459759,0.226005256,-0.011566124,-0.974057372,0.000467029866,0.00163602829,-0.0199474674
-0.0684891,0.99726721,-0.02770084,0.97175341,0.07297095,0.22443381,0.22584184,-0.01154711,-0.97409553,0.00208955,0.00561446,-0.0177636
-0.0686058541,0.997258671,-0.02771791,0.971745825,0.0730885833,0.224428219,0.225838859,-0.011537664,-0.974096254,0.000561072025,0.00347620249,-0.0132681439
-0.06860585,0.99725867,-0.02771791,0.97174583,0.07308858,0.22442822,0.22583886,-0.01153766,-0.97409625,-0.00126544,0.00717562,-0.01369836
-0.06875866,0.99724382,-0.02787284,0.97172273,0.07327297,0.22446807,0.22589173,-0.01165054,-0.97408264,-0.00202261,0.00398237,-0.0146028
-0.0688603097,0.997231342,-0.0280657823,0.971727604,0.0734148994,0.224400367,0.225839546,-0.0118199947,-0.974092593,-0.00050847861,0.000792324543,-0.0141462134
-0.0688453856,0.997229004,-0.0281879318,0.971728006,0.0734277425,0.22439472,0.225842705,-0.0119424551,-0.974090512,-0.00289288908,0.000497043133,-0.0124548487
-0.0688961545,0.997221951,-0.0283112376,0.971736493,0.0735044022,0.224332655,0.225790465,-0.0120553882,-0.97410113,-0.00296365004,0.000516057014,-0.0175327081
-0.06902801,0.9972158,-0.02820625,0.97172856,0.07360919,0.22433261,0.22578428,-0.01192356,-0.97410417,-0.00276589,0.00204742,-0.01433484
-0.0690282009,0.997217406,-0.0281524515,0.971716467,0.0735977297,0.224389145,0.225836717,-0.0118670225,-0.974092894,-0.00108614506,0.000134170055,-0.011774553
-0.0691449935,0.99720883,-0.0281695204,0.971708848,0.0737153284,0.224383525,0.225833758,-0.0118575751,-0.974093689,-0.000644155545,0.00480347872,-0.01633537
-0.06918068,0.99720087,-0.0283612,0.97170548,0.07379337,0.22437226,0.22583709,-0.01203649,-0.97409062,-0.00527223,0.00171638,-0.01394116
-0.06923163,0.99719693,-0.02837703,0.9716897,0.07384712,0.22442312,0.22588961,-0.01203649,-0.97407854,-0.00284797,0.00129938,-0.0155219
-0.0692673303,0.997192023,-0.0284611889,0.971661979,0.0739022526,0.224524826,0.225997718,-0.0121024132,-0.974052585,-0.000825208146,0.00524038076,-0.0137090534
-0.06936905,0.99718407,-0.02849294,0.97163031,0.07400976,0.22462653,0.22610276,-0.01210247,-0.97402826,-0.00245685,0.00667912,-0.01633606
-0.06936905,0.99718407,-0.02849294,0.97163031,0.07400976,0.22462653,0.22610276,-0.01210247,-0.97402826,-0.00306437,0.00523859,-0.01300882
-0.06947063,0.99717758,-0.02847089,0.97158637,0.0741058,0.22478468,0.22626011,-0.01204599,-0.97399233,-0.00157595,0.00252086,-0.01702157
-0.0695065091,0.997172764,-0.0285550876,0.971558715,0.0741609118,0.224886378,0.226368236,-0.012111884,-0.973966556,0.000378911849,0.00171983242,-0.016129557
-0.0695572908,0.997168747,-0.0285709704,0.971542832,0.074214656,0.224937179,0.226420707,-0.0121119035,-0.973954319,0.000589786563,0.00188434124,-0.0155005809
-0.0695927979,0.997162211,-0.0287089367,0.971527208,0.0742812452,0.224982307,0.226476406,-0.0122343485,-0.973939657,-0.00510581071,-0.000583291054,-0.0179463662
-0.06949656,0.9971619,-0.02895194,0.97151968,0.07424312,0.22502739,0.22653824,-0.01248873,-0.97392205,-0.00502181,-0.00273228,-0.01337701
-0.06944581,0.99716748,-0.02888226,0.97152336,0.0741779,0.22503314,0.22653817,-0.01243218,-0.97392284,-0.00245108,0.00359613,-0.01603629
-0.0694101,0.99717238,-0.02879808,0.97155109,0.07412278,0.22493146,0.22643005,-0.01236628,-0.97394878,-0.00791306,-0.00228012,-0.01576775
-0.06937442,0.9971773,-0.02871382,0.97157881,0.07406764,0.22482986,0.22632202,-0.01230029,-0.97397473,-0.00490989,-0.00275087,-0.01319306
-0.0692369925,0.99719015,-0.0285979398,0.971638205,0.0739050108,0.22462652,0.226108902,-0.0122343662,-0.974025006,0.00065883412,0.000736474991,-0.0167222563
-0.0691656014,0.997198435,-0.0284833339,0.971705817,0.0738061918,0.224366581,0.225840259,-0.0121589617,-0.974088369,-0.000718622468,0.00600701571,-0.0196793526
-0.06912975,0.99720175,-0.02845289,0.97174561,0.07376248,0.22420841,0.2256798,-0.01214948,-0.9741256,-0.00480739,0.00323182,-0.01888169
-0.0690938914,0.997205064,-0.0284225728,0.971785403,0.0737187862,0.224050113,0.225519208,-0.0121401223,-0.974162841,-0.00118485908,-0.0001937747,-0.0159566887
-0.0691748929,0.997198305,-0.0284629801,0.971829714,0.0738040698,0.223829766,0.225303368,-0.0121777466,-0.97421233,-0.000153512694,-0.00150471926,-0.0179879144
-0.06929182,0.99718515,-0.0286414,0.97185859,0.07395588,0.2236545,0.22514316,-0.01233796,-0.97424749,-0.00464811,-0.00382817,-0.01228437
-0.06929165,0.99718042,-0.02880277,0.97189493,0.07399006,0.22348485,0.22498586,-0.01250761,-0.97428149,-0.00630888,-0.00517839,-0.01266809
-0.0693069,0.99718144,-0.02873435,0.97190682,0.07398868,0.223434,0.22493027,-0.01244159,-0.97429537,-0.00661049,-0.00223887,-0.01607026
-0.06915429,0.99719031,-0.02879459,0.97197842,0.07385005,0.2231683,0.22466775,-0.01255467,-0.97435451,-0.00587165,0.00131661,-0.01449075
-0.06898647,0.99720134,-0.02881567,0.97201396,0.07368986,0.22306647,0.22456561,-0.01262066,-0.97437723,-0.00484789,0.00727946,-0.01346251
-0.06888468,0.99720617,-0.02889178,0.97206969,0.07360494,0.22285158,0.22435555,-0.01273376,-0.97442415,-0.00216522,0.0073784,-0.01675271
-0.06892053,0.99719654,-0.02913731,0.97207849,0.07369411,0.22278367,0.22430636,-0.01296938,-0.97443234,-0.00378034,0.00494248,-0.0113282
-0.0690224613,0.997187001,-0.0292226464,0.972059077,0.0738132182,0.222828949,0.224359151,-0.013025934,-0.974419446,-0.00688030757,0.000619411469,-0.0119148688
-0.06920519,0.9971738,-0.02924085,0.97205958,0.0739946,0.22276661,0.22430069,-0.01300724,-0.97443315,-0.00414776,-0.00261438,-0.00737897
-0.069417925,0.997168736,-0.0289071344,0.97203513,0.0741279209,0.222828905,0.224340847,-0.0126304259,-0.974428848,0.000136661343,-0.00233644247,-0.00907977391
-0.0694478475,0.997173646,-0.0286627945,0.972034414,0.0741025091,0.222840253,0.224334428,-0.012385431,-0.974433359,0.000784312491,-0.00405085087,-0.00884673279
-0.0695436972,0.997176967,-0.028312227,0.972017647,0.0741181381,0.222908124,0.224377314,-0.0120181106,-0.974428057,0.000765761128,0.000347077847,-0.0104630813
-0.06960962,0.9971754,-0.02820592,0.97200157,0.07415919,0.22296465,0.22442661,-0.0118957,-0.97441825,-0.00417563,0.00214875,-0.00870421
-0.06967556,0.99717383,-0.02809958,0.97198549,0.07420021,0.22302123,0.22447594,-0.01177324,-0.97440844,-0.00298962,0.00229299,-0.00702698
-0.0696035948,0.997189533,-0.0277162942,0.971992178,0.0740443611,0.223043676,0.224469071,-0.0114153615,-0.974414177,9.12509859e-05,-0.00298786163,-0.0119723743
-0.0696186297,0.997191914,-0.0275941863,0.971991893,0.0740315816,0.223049331,0.224465839,-0.0112929274,-0.974416433,0.00213765819,0.000768244267,-0.0107862717
-0.06975028,0.99718854,-0.02738157,0.97195966,0.07411352,0.22316242,0.22456436,-0.01104812,-0.97439647,-0.00538301,0.00229579,-0.00942719
-0.0698971,0.99719185,-0.02688576,0.97189089,0.07414818,0.22345059,0.22481664,-0.01051148,-0.97434442,-0.00450922,0.00614613,-0.01033863
-0.070028714,0.997192581,-0.0265121509,0.971822274,0.0741954443,0.223733029,0.225072001,-0.0100973583,-0.974289772,0.00152088632,0.000169932842,-0.0140432669
-0.0701813222,0.997183374,-0.0264521718,0.971750441,0.0743335239,0.223998767,0.225334146,-0.00998436151,-0.974230206,-0.00670573022,0.000330388546,-0.0133900978
-0.07043591,0.99716479,-0.02647776,0.97165906,0.07459047,0.22430974,0.22564877,-0.00992789,-0.97415805,-0.0034312,0.00217366,-0.01623913
-0.07065446,0.99715092,-0.02641929,0.97159527,0.07479226,0.22451892,0.22585521,-0.0098056,-0.97411152,-0.00255888,0.00585705,-0.01677238
-0.070822209,0.997141079,-0.0263449591,0.971547355,0.0749403292,0.224677178,0.226009127,-0.00968325875,-0.97407722,-0.00316848047,0.000749349594,-0.0184143614
-0.0710913613,0.997122976,-0.0263025581,0.971467426,0.075195669,0.224937062,0.226267748,-0.00956100001,-0.974018254,-0.000360690989,0.0040474534,-0.0193813983
-0.07157905,0.99708781,-0.02630936,0.97134756,0.07567598,0.22529302,0.22662792,-0.00942926,-0.97393562,-0.00140651,-0.00184017,-0.01526777
-0.0717764897,0.997076341,-0.026205884,0.971347525,0.0758443243,0.225236518,0.226565585,-0.00928831819,-0.973951474,0.00258056261,-0.000831127167,-0.0220870022
-0.0717912626,0.997075557,-0.0261911555,0.971371508,0.0758545551,0.225129203,0.226457579,-0.00927899503,-0.973976478,-0.00090481923,0.00282639265,-0.0165846199
-0.07183639,0.99707789,-0.02598604,0.97140737,0.07585024,0.2249767,0.22629034,-0.00908152,-0.97401762,0.00159839,0.00524682,-0.01966715
-0.07174328,0.9970914,-0.02571848,0.97151477,0.07569546,0.22456419,0.22585781,-0.00887489,-0.97411965,0.00148175,0.0019868,-0.01610846
-0.07162051,0.99710363,-0.0255876,0.97159845,0.07554341,0.22425324,0.22553671,-0.00879973,-0.9741948,0.00421643,0.00337154,-0.01599739
-0.0713299012,0.997127242,-0.02547752,0.971717786,0.075231744,0.223840463,0.225114161,-0.00879042072,-0.974292547,0.00411267672,0.000929653645,-0.0141857397
-0.0711114198,0.997141376,-0.0255360859,0.9717816,0.0750300539,0.223631133,0.224907843,-0.00891275598,-0.974339134,0.000483825337,0.0047622323,-0.0139914053
-0.0709438594,0.997151533,-0.0256105347,0.971829564,0.0748817949,0.223472841,0.224754039,-0.00903506007,-0.974373745,-0.00105893298,0.00042283535,-0.0142297912
-0.07040467,0.99719166,-0.02553509,0.97195211,0.07433611,0.22312171,0.22439328,-0.00911008,-0.97445614,-0.00253493,-0.00121719,-0.01440399
-0.07023692,0.99720293,-0.02555601,0.9719877,0.07417637,0.22301972,0.22429156,-0.00917592,-0.97447891,-0.00676359,0.00466818,-0.01105206
-0.06958061,0.99724575,-0.02567905,0.97216565,0.07355876,0.2224478,0.22372404,-0.00948623,-0.97460633,-0.00574388,0.00432771,-0.01473499
-0.06941262,0.99725683,-0.0257001,0.97220099,0.07339888,0.22234577,0.22362222,-0.00955204,-0.97462888,-0.00415597,0.00780529,-0.01145044
-0.0691214,0.99728551,-0.02537622,0.97227104,0.07304043,0.22215808,0.22340851,-0.00931669,-0.97468048,-0.00435891,0.00157195,-0.01308884
-0.068924,0.99729101,-0.02569521,0.97231898,0.07291758,0.22198857,0.22326082,-0.00968361,-0.97471075,-0.01004186,-0.00210649,-0.01092791
-0.06887287,0.9972949,-0.02567952,0.97233462,0.07286381,0.22193752,0.22320826,-0.00968362,-0.97472269,-0.00694259,-0.00503117,-0.00707848
-0.0687558991,0.997301954,-0.0257164487,0.972354183,0.0727576152,0.22188642,0.223158837,-0.00974948598,-0.974733241,-0.00311878882,-0.000613510609,-0.0133636491
-0.0687412,0.99730263,-0.02573088,0.97233042,0.07274751,0.22199398,0.22326704,-0.00975878,-0.97470844,-0.00972743,0.00599796,-0.01368068
-0.0687412,0.99730263,-0.02573088,0.97233042,0.07274751,0.22199398,0.22326704,-0.00975878,-0.97470844,-0.01076446,0.00624639,-0.01168499
-0.06877748,0.99730075,-0.02570721,0.97227889,0.07277972,0.22220906,0.22348023,-0.0097116,-0.97466007,-0.00855104,0.00269109,-0.01084315
-0.0689156638,0.997288187,-0.0258225926,0.972219966,0.072942367,0.222413277,0.223693703,-0.00977747184,-0.974610358,-0.00849325582,8.29100609e-05,-0.0104595749
-0.0690325602,0.997285151,-0.025624481,0.972164076,0.0730142705,0.222633636,0.223900193,-0.00954220822,-0.974565158,-0.00756109599,0.000859081745,-0.0147062037
-0.0691642,0.99728147,-0.02541194,0.97213207,0.07309607,0.22274656,0.22399855,-0.00929766,-0.97454493,-0.00487449,0.00166023,-0.01231713
-0.06941277,0.9972733,-0.0250552,0.97205625,0.07326083,0.22302343,0.22425088,-0.00887438,-0.97449098,-0.00149295,0.00206792,-0.01378038
-0.0696463,0.99726017,-0.02492806,0.97200471,0.07346143,0.22318185,0.22440163,-0.00868639,-0.9744579,-0.00533478,0.00147814,-0.01262249
-0.06976316,0.99725429,-0.02483764,0.97197291,0.07355591,0.22328931,0.22450319,-0.00856414,-0.97443565,-0.00739005,0.00140405,-0.01325217
-0.07004099,0.99725085,-0.02418363,0.97188419,0.07368271,0.22363329,0.22480042,-0.00784018,-0.97437314,-0.00103677,0.00199467,-0.01477169
-0.0701069205,0.99724887,-0.0240775399,0.971868199,0.0737233918,0.223689695,0.224849372,-0.00771800129,-0.974362983,-0.000250255223,0.00341647863,-0.0130382981
-0.07023848,0.99724473,-0.02386534,0.97183607,0.07380472,0.22380251,0.22494725,-0.00747366,-0.97434233,-0.00099966,0.003362,-0.01450856
-0.0703991589,0.997245299,-0.0233557675,0.971791165,0.07384825,0.22398242,0.225090224,-0.00692872611,-0.974313023,-0.00134305505,0.000954031944,-0.0143032158
-0.07042862,0.99725015,-0.02305839,0.97177858,0.07381046,0.22404951,0.22513538,-0.00662813,-0.97430469,0.00303995,0.00192517,-0.01616783
-0.0703638385,0.997277281,-0.0220651746,0.971776336,0.0735241647,0.224153696,0.22516572,-0.00567009169,-0.974303904,-0.0025964235,0.000843942165,-0.0138984527
-0.0703932027,0.9972806,-0.0218215655,0.97177592,0.0734979234,0.224164219,0.225158469,-0.00542603237,-0.974307027,-0.00118682499,-0.00015771389,-0.0127213942
-0.0702181114,0.997301879,-0.0214074006,0.971814562,0.0732337059,0.224083005,0.225046155,-0.00506932774,-0.974334819,0.000645977212,-0.00119102001,-0.0187459607
-0.0702253265,0.997313112,-0.0208509028,0.971817414,0.0731157079,0.224108977,0.225031369,-0.00452512379,-0.974340821,-0.00126623223,9.53674316e-06,-0.0170566663
-0.07020336,0.99732115,-0.02053791,0.97182071,0.07302394,0.22412457,0.22502396,-0.00422484,-0.97434388,-0.00343995,-0.00209177,-0.01554618
-0.07013034,0.99733414,-0.02015554,0.97182781,0.07286672,0.22414518,0.22501632,-0.00386833,-0.97434722,-0.00357315,0.00141048,-0.01662116
-0.0701593568,0.99733696,-0.0199120523,0.971827413,0.0728403055,0.224155366,0.225008847,-0.00362446522,-0.974349826,-0.00122835697,0.000995457172,-0.0170875378
-0.07010828,0.99734197,-0.01984265,0.97183116,0.07277488,0.22416051,0.22500874,-0.00356819,-0.97435012,-0.00148422,0.00159532,-0.01357251
-0.070006,0.99734979,-0.01981104,0.97186277,0.07266772,0.22405823,0.22490406,-0.00356818,-0.9743743,-0.00401589,0.00469214,-0.01539948
-0.0699035559,0.997357519,-0.0197794685,0.971894289,0.0725605611,0.223955894,0.224799328,-0.00356821381,-0.974398315,-0.00159076555,0.000886440277,-0.0162515044
-0.0698526521,0.997362594,-0.019710078,0.971898108,0.0724951266,0.223961035,0.224799241,-0.00351191775,-0.974398795,-0.00442084856,-0.000925123692,-0.0156756677
-0.0698304382,0.99736712,-0.0195580454,0.971937649,0.0724388109,0.223807524,0.224635029,-0.00338062115,-0.974437088,-0.00286501576,0.000975549221,-0.0158153754
-0.0697569142,0.997375559,-0.0193902098,0.971992986,0.0723287474,0.223602767,0.224418403,-0.00324931011,-0.974487478,-0.00385882007,0.000625431538,-0.0139971646
-0.06966889,0.99738462,-0.01923699,0.97202428,0.07220836,0.22350543,0.22430996,-0.00312743,-0.97451274,-0.00131376,0.00161737,-0.01472786
-0.0696242024,0.99739559,-0.0188258801,0.972079155,0.0720720465,0.223310673,0.224085909,-0.00275240857,-0.97456542,0.00241080136,0.000626385212,-0.0161926057
-0.06934549,0.99742027,-0.01854164,0.97218514,0.07173591,0.22295699,0.22371195,-0.00256482,-0.97465172,-0.00325315,0.00364047,-0.01519798
-0.0690523515,0.997442648,-0.0184330373,0.97230317,0.0714247495,0.222541932,0.223289404,-0.00255544047,-0.974748694,-0.000449965009,-0.00132799149,-0.0152812246
-0.06906671,0.997443,-0.01836491,0.9723151,0.07142324,0.22249063,0.2232334,-0.00248979,-0.97476186,-0.00450253,0.00175846,-0.01422919
-0.068926995,0.997454675,-0.0182498899,0.972373842,0.0712610418,0.222285442,0.223020176,-0.00242422933,-0.974810642,-0.002169488,0.000837504864,-0.00817559753
-0.0687875,0.99746743,-0.01808127,0.97242066,0.071087,0.22213649,0.22285926,-0.00230238,-0.97484783,0.0011544,-0.00294024,-0.01613843
-0.06875056,0.99747153,-0.0179976,0.97244815,0.07103203,0.22203386,0.22275086,-0.00223678,-0.97487284,0.00135012,-0.00239056,-0.01055068
-0.0686621475,0.997479369,-0.0178982753,0.972491205,0.0709234365,0.221879837,0.222589974,-0.00217116212,-0.974909669,-0.000408865744,-0.000710129738,-0.0129402652
-0.0685224542,0.997490095,-0.0178369881,0.972561811,0.0707729831,0.221618332,0.222324471,-0.00216173872,-0.974970312,0.00026502274,0.00416725874,-0.0142188836
-0.06847115,0.99749296,-0.01787509,0.97258939,0.07073115,0.2215107,0.22221968,-0.00221803,-0.97499411,-0.00138666,0.00197297,-0.01397816
-0.0683540825,0.997499292,-0.0179655977,0.97262068,0.0706369847,0.221403086,0.222118468,-0.00233989491,-0.975016765,-0.00287494296,-5.14388084e-05,-0.0151006188
-0.06832549,0.99749385,-0.01836998,0.97265682,0.07069851,0.22122448,0.22196881,-0.00275239,-0.9750497,0.00265981,0.00148368,-0.01117216
-0.06830547,0.99748358,-0.01899417,0.97264213,0.07081756,0.22125115,0.22203952,-0.00336186,-0.97503178,-0.00502471,-0.00266844,-0.01459735
-0.06827693,0.99748092,-0.01923773,0.97264254,0.07084368,0.22124121,0.22204676,-0.00360576,-0.97502936,-0.0059971,-0.00161648,-0.00920494
-0.0682195,0.99748057,-0.01945627,0.97258345,0.07083731,0.22150271,0.22232289,-0.00381203,-0.97496557,-0.00233591,-0.00156808,-0.01420814
-0.06815376,0.99748399,-0.0195087,0.97258721,0.07078496,0.22150274,0.22232638,-0.00387765,-0.97496442,-0.00155557,0.00270194,-0.01410332
-0.068008164,0.997489505,-0.0197354938,0.972595063,0.0706933272,0.221497676,0.222336783,-0.00413098456,-0.97496109,0.000703384867,0.00366228819,-0.0151125863
-0.06788501,0.9974882,-0.02022142,0.9725877,0.0706814,0.22153397,0.2224068,-0.00462827,-0.97494297,-0.00119679,0.00337583,-0.01335107
-0.06779049,0.99748858,-0.02051754,0.9725919,0.07065505,0.22152395,0.22241728,-0.00493797,-0.97493906,-0.00831021,0.00441784,-0.01061418
-0.06773269,0.9974846,-0.02089733,0.97256874,0.07068374,0.22161636,0.22253601,-0.00531341,-0.97490994,-0.00837724,0.00104946,-0.01222119
-0.067637951,0.997487004,-0.0210860237,0.972548941,0.0706340409,0.221718845,0.222651073,-0.00551056509,-0.97488247,-0.000754500041,0.00264060497,-0.0165670849
-0.0677403513,0.997479349,-0.0211171987,0.972517721,0.0707414881,0.221821327,0.222756079,-0.00551056938,-0.974858394,-0.00184000283,-0.000490963459,-0.0141421156
-0.0678797608,0.997466401,-0.021285833,0.972471206,0.0709156306,0.221970043,0.222917161,-0.00563258312,-0.974821089,-0.000781882089,-0.00155693293,-0.016615402
-0.06805563,0.99744786,-0.02159203,0.97240918,0.07115649,0.22216471,0.22313412,-0.00587673,-0.97477006,-0.00367648,0.00264382,-0.01634403
-0.068143309,0.997438453,-0.0217451297,0.972378052,0.0712769096,0.222261957,0.223242564,-0.00599880438,-0.974744303,-0.00590523891,7.87377357e-05,-0.0148002654
-0.0683190066,0.997419762,-0.0220514937,0.972315955,0.0715177459,0.222456382,0.223459471,-0.00624301379,-0.974693169,-0.00343164708,8.23140144e-05,-0.0137935411
-0.0683265815,0.997412038,-0.0223790255,0.972289023,0.0715987875,0.222548356,0.223574709,-0.00655292429,-0.974664878,0.00216881302,-0.000262618065,-0.0159187168
-0.0684142551,0.997401356,-0.0225859095,0.972269948,0.0717308149,0.222589138,0.223630805,-0.00673134087,-0.974650775,0.000494552776,-0.00119835138,-0.0158575568
-0.06852355,0.99738174,-0.02310611,0.97224755,0.07195426,0.22261409,0.22369384,-0.00721052,-0.97463252,-0.00265905,-0.00152725,-0.0196858
-0.0688156754,0.99735542,-0.0233758653,0.972165746,0.0723011003,0.222859133,0.223959878,-0.00738899998,-0.974570224,-0.00418424048,0.000849425793,-0.0165331569
-0.0689690921,0.997343798,-0.0234229908,0.972118666,0.072462213,0.223012435,0.224117349,-0.00738896374,-0.974534176,0.00218488625,0.000494480133,-0.015565291
-0.06909276,0.99732701,-0.02376783,0.97208399,0.07266087,0.22309866,0.22422933,-0.00768981,-0.97450596,-0.00324069,-0.00257438,-0.01955288
-0.0691144348,0.997318024,-0.0240811263,0.972080871,0.07275207,0.223082653,0.224236307,-0.0079905654,-0.974501991,-0.00243236637,0.000450670719,-0.0173535701
-0.06916558,0.99731024,-0.024258,0.9721014,0.07284051,0.2229645,0.22413174,-0.00815977,-0.97452474,-0.00302951,-0.00304639,-0.02038227
-0.06916558,0.99731024,-0.024258,0.9721014,0.07284051,0.2229645,0.22413174,-0.00815977,-0.97452474,-0.00221444,-0.00412613,-0.01749247
-0.06919487,0.99731013,-0.0241753,0.97213701,0.07284937,0.22280594,0.22396779,-0.00808466,-0.97456289,-0.00152909,-0.00239027,-0.0184142
-0.06927549,0.99730353,-0.0242157,0.97218103,0.07293521,0.22258559,0.22375159,-0.0081223,-0.97461219,-0.00347792,-0.00283682,-0.01503441
-0.0691879075,0.99730541,-0.0243847482,0.972284385,0.072884101,0.222150151,0.22332884,-0.00833877208,-0.974707172,0.000171401771,0.000403761864,-0.0175038557
-0.06915163,0.99730212,-0.02462333,0.97238403,0.07289803,0.22170925,0.22290612,-0.00861176,-0.97480167,-0.00272063,0.00215846,-0.01314977
-0.069100544,0.9973008,-0.0248226718,0.972447823,0.0728900161,0.221432205,0.222643846,-0.00883766099,-0.974859731,-0.00512084644,-0.000514745712,-0.0106242429
-0.06912992,0.99729682,-0.02490129,0.97251926,0.07293314,0.2211041,0.22232254,-0.00893208,-0.97493223,-0.00609167,0.00593013,-0.01283506
-0.06914464,0.99729485,-0.02494064,0.97255497,0.07295467,0.22093999,0.22216185,-0.00897933,-0.97496848,-0.00385632,0.00255549,-0.01190015
-0.06926887,0.99728626,-0.02493796,0.97266958,0.0730703,0.22039643,0.22162056,-0.00898978,-0.9750915,-0.00194867,-0.0013054,-0.01269238
-0.0692834893,0.997284254,-0.0249773252,0.972705148,0.0730917632,0.220232256,0.221459802,-0.00903710881,-0.975127579,-0.00366668333,0.000364005566,-0.0109487269
-0.06936383,0.99727756,-0.02501785,0.9727486,0.07317721,0.22001148,0.22124327,-0.00907522,-0.9751762,-0.00503104,0.0013172,-0.01215214
-0.069451541,0.997263663,-0.0253324799,0.972753586,0.0733314281,0.219938668,0.221194503,-0.00936718755,-0.975184785,-0.00073134189,0.000408649445,-0.0123898825
-0.06969221,0.99723892,-0.02564017,0.97269956,0.07363578,0.22007553,0.22135593,-0.00960262,-0.97514569,-0.00656999,0.00396067,-0.01194403
-0.06981627,0.99722411,-0.02587748,0.97264127,0.07381132,0.22027429,0.22157289,-0.00979076,-0.97509456,-0.00361554,0.00606066,-0.01258543
-0.06990366,0.99721538,-0.02597697,0.97259826,0.07392021,0.22042751,0.22173395,-0.00985645,-0.97505723,-0.00619294,0.00620967,-0.01344362
-0.07015893,0.99719544,-0.0260553,0.97251993,0.07418908,0.22068276,0.22199687,-0.00985642,-0.97499746,-0.00262327,0.00207692,-0.01078614
-0.07036304,0.99718082,-0.02606431,0.97244516,0.07439276,0.22094352,0.22225965,-0.00979985,-0.97493817,-0.00468005,0.00285214,-0.01331654
-0.07060329,0.99715713,-0.02631873,0.97237885,0.07468564,0.22113636,0.22247334,-0.00997881,-0.97488755,-0.00726378,0.00416893,-0.0198932
-0.07092406,0.99713656,-0.02623739,0.97227213,0.07498395,0.22150457,0.22283769,-0.00979987,-0.97480625,0.00192164,0.00232869,-0.01770746
-0.07120854,0.99711926,-0.0261259,0.97220474,0.07523847,0.2217141,0.22304107,-0.00961179,-0.9747617,0.001696,-0.00340217,-0.01678953
-0.07136157,0.99710433,-0.02628075,0.9721815,0.07542248,0.2217538,0.22309382,-0.00972498,-0.97474865,-0.00197063,-0.00547856,-0.01648492
-0.07134673,0.99710213,-0.02640275,0.97218176,0.07543524,0.22174819,0.22309728,-0.00984728,-0.97474656,-0.00614793,-0.00395411,-0.01891046
-0.0712298658,0.997109422,-0.0264395077,0.972201536,0.0753291479,0.221697188,0.223048026,-0.00991306322,-0.974756996,-0.000672664028,0.00249505043,-0.0186074618
-0.0710623049,0.997123725,-0.0263529462,0.97221314,0.075146474,0.221708505,0.223051137,-0.00986556827,-0.97475687,-0.00052750716,0.00466400385,-0.0178742744
-0.0708581487,0.997141186,-0.0262362142,0.972264083,0.0749201595,0.221561091,0.222893333,-0.00980909637,-0.974793262,-0.000343928812,0.00333970785,-0.0200279709
-0.070610084,0.99715228,-0.0264855722,0.972316025,0.0747320138,0.221396975,0.222745825,-0.0101194813,-0.974823974,-0.000882872147,0.00300848484,-0.0181020629
-0.07054449,0.99715418,-0.02659189,0.97233213,0.07469099,0.2213404,0.22269667,-0.01024181,-0.97483409,-0.00573638,0.00146937,-0.01444169
-0.0703618555,0.997161742,-0.0267887982,0.972379872,0.0745551296,0.221176154,0.222545644,-0.0104865206,-0.974865844,-0.00592165254,0.000700175762,-0.0132709639
-0.07009201,0.99717952,-0.02683232,0.97245866,0.07429895,0.22091558,0.22228612,-0.01060889,-0.97492363,-0.00632794,0.00166655,-0.01312289
-0.0700557663,0.997184323,-0.0267483511,0.97248604,0.0742438305,0.22081357,0.222177743,-0.0105431203,-0.974949041,-0.00663342234,0.000926077366,-0.0150861247
-0.0697349,0.99720606,-0.02677637,0.97258038,0.07393374,0.22050189,0.22186551,-0.01066548,-0.9750188,-0.00439606,-0.00241572,-0.01375283
-0.06966908,0.99720777,-0.02688281,0.9725963,0.07389258,0.22044535,0.22181627,-0.01078788,-0.97502862,-0.00281845,0.00373715,-0.01087461
-0.0695376186,0.997209775,-0.027149514,0.972640224,0.0738215186,0.220275511,0.221665119,-0.0110892662,-0.97505971,-0.00676939311,0.000374674797,-0.0135844052
-0.0694354432,0.997216302,-0.0271720191,0.972683494,0.073725,0.220116792,0.221507315,-0.0111458628,-0.975094964,-0.00457780156,0.000122725964,-0.0100314068
-0.06938436,0.99721879,-0.02721024,0.97271106,0.07368245,0.22000912,0.22140216,-0.0112025,-0.97511815,-0.00268669,0.0011605,-0.00959079
-0.06926773,0.99722304,-0.02735498,0.97275464,0.07359864,0.21984482,0.2212476,-0.01138154,-0.97515135,-0.00148112,0.00391823,-0.01035193
-0.06931871,0.9972146,-0.0275321,0.97277483,0.07368622,0.21972599,0.2211427,-0.01155141,-0.97517309,-0.00322866,0.00104409,-0.01196553
-0.0693697825,0.99721063,-0.0275476934,0.972759234,0.0737400591,0.219777043,0.221195364,-0.0115513956,-0.975161181,-0.0101028839,0.000340342522,-0.0135229807
-0.06950127,0.99720434,-0.02744242,0.97275124,0.0738451,0.21977701,0.22118907,-0.01141987,-0.97516408,-0.00537036,0.00199497,-0.01248893
-0.0696329262,0.997200957,-0.0272294039,0.972719332,0.0739277623,0.219890267,0.2212878,-0.0111749584,-0.975144455,-0.000706398452,-0.000762343407,-0.00795817841
-0.0696840024,0.997198459,-0.0271912389,0.972691766,0.0739703123,0.219997986,0.221392998,-0.0111183531,-0.975121278,-0.00183931843,0.000989973545,-0.00820146222
-0.06965447,0.99719529,-0.02738166,0.97268041,0.07398423,0.22004344,0.22145209,-0.01130659,-0.97510566,-0.0019172,-0.001468,-0.01332412
-0.069660955,0.997188642,-0.0276021632,0.972629735,0.0740420423,0.220247427,0.221671979,-0.0115040108,-0.975053161,-0.00388072873,0.00074160099,-0.00970957708
-0.06969735,0.99718387,-0.02768606,0.9726025,0.07409718,0.22034949,0.22178042,-0.01156975,-0.97502791,-0.00425726,0.00335175,-0.01470954
-0.06993749,0.99717193,-0.02750988,0.97244053,0.07429981,0.22099519,0.22241419,-0.01129587,-0.97488674,0.0012219,0.00528973,-0.01203156
-0.0700394888,0.997168378,-0.0273798582,0.972373116,0.0743734088,0.221266998,0.22267679,-0.0111260067,-0.974828798,0.00072705443,0.00248575211,-0.0136030149
-0.07017763,0.99715997,-0.02733396,0.97227821,0.07450204,0.22164066,0.22304762,-0.011022,-0.97474529,-0.00396626,0.0019058,-0.01477558
-0.07031552,0.99715145,-0.02728818,0.97218307,0.07463057,0.22201421,0.22341833,-0.01091805,-0.97466145,-0.00242201,0.00138062,-0.01722667
-0.07041747,0.99714638,-0.02721225,0.97212747,0.0747153,0.22222925,0.22362826,-0.01080496,-0.97461465,-0.00562573,-0.002707,-0.01596992
-0.0705702004,0.997140113,-0.027044633,0.972031827,0.0748308756,0.222608268,0.22399541,-0.0105787309,-0.974532755,-0.000916968333,-0.00123488903,-0.015028921
-0.0706721,0.99713933,-0.0268076,0.97193984,0.07488111,0.22299283,0.2243623,-0.01029601,-0.97445144,0.0061973,0.00124663,-0.01903822
-0.0707739317,0.997134146,-0.0267317921,0.971883995,0.074965595,0.223207746,0.224572026,-0.0101829155,-0.974404328,0.000238292851,-0.000906229019,-0.0173053034
-0.07079508,0.99713434,-0.02666945,0.97179614,0.07497607,0.22358654,0.22494537,-0.01008845,-0.97431924,-0.00156649,-0.00207138,-0.02162669
-0.07081589,0.99713289,-0.02666094,0.97172008,0.07499815,0.22390871,0.22526629,-0.01005064,-0.97424511,-0.0032058,0.00208455,-0.02151859
-0.0708520711,0.997129721,-0.0266914356,0.971680411,0.0750415126,0.224067094,0.225426913,-0.0100599404,-0.974208265,0.00118711125,0.000258147717,-0.0205196887
-0.070873052,0.997127027,-0.0267366519,0.971616563,0.075074889,0.224332657,0.225695393,-0.0100786484,-0.974145923,-0.00356316753,0.000148296356,-0.0216784663
-0.0709596495,0.997120979,-0.0267294222,0.971548519,0.0751605296,0.224598203,0.22596058,-0.0100315188,-0.974084775,0.000190845691,-0.00156867504,-0.0204038881
-0.0709595,0.99712378,-0.02662206,0.97152412,0.07513742,0.22471115,0.22606517,-0.00991857,-0.97406152,-0.00115273,-0.00153065,-0.01736933
-0.07097459,0.99712886,-0.02639274,0.97149953,0.07510133,0.2248297,0.22616632,-0.00968333,-0.97404051,-0.00851435,0.00324839,-0.01812631
-0.0709537569,0.99714006,-0.0260254927,0.971490569,0.0749985505,0.224902967,0.226211627,-0.00932581652,-0.974033595,-0.000116000418,0.00110954046,-0.0230864882
-0.07090286,0.99714548,-0.02595593,0.97149431,0.0749333,0.22490852,0.22621148,-0.00926939,-0.97403414,-0.00132341,0.00155103,-0.01826541
-0.07086687,0.99715427,-0.02571066,0.97148547,0.07484359,0.22497607,0.22626014,-0.00903417,-0.97402482,-0.00277224,0.00100267,-0.01965815
-0.07081598,0.99715968,-0.0256411,0.97148922,0.07477833,0.22498161,0.22626001,-0.00897774,-0.97402537,-0.00240746,0.00304633,-0.01843412
-0.0707501988,0.997163109,-0.025693525,0.971493333,0.0747258952,0.22498168,0.226263401,-0.0090435911,-0.974024185,-0.000562214293,0.00355523825,-0.0213215575
-0.0707353,0.99716104,-0.02581548,0.97149363,0.07473889,0.22497616,0.22626687,-0.00916582,-0.97402228,-0.00344623,0.00490516,-0.02016438
-0.07080108,0.99715631,-0.02581681,0.97150178,0.07480279,0.22491963,0.22621119,-0.00915653,-0.97403525,-0.00262336,-0.00257158,-0.01981655
-0.07086687,0.99715427,-0.02571066,0.97148547,0.07484359,0.22497607,0.22626014,-0.00903417,-0.97402482,-0.00271859,-0.00309867,-0.016893
-0.070896699,0.997155732,-0.0255739875,0.97150933,0.0748406724,0.224874253,0.226148632,-0.00890251763,-0.974052053,-7.06610736e-05,-0.000927269459,-0.0158818178
-0.07086076,0.99715772,-0.02559712,0.97156147,0.07480888,0.22465955,0.22593589,-0.00894963,-0.97410103,0.00157103,0.00215447,-0.01730034
-0.07080992,0.99716039,-0.0256349,0.97158955,0.07476683,0.2245522,0.22583119,-0.00900608,-0.97412485,-0.00554179,-0.00264144,-0.01587196
-0.0705913985,0.997175761,-0.0256396269,0.971641216,0.0745535571,0.224399521,0.225677285,-0.00907184581,-0.974159909,-0.000891176285,-0.00295060873,-0.0175384767
-0.07032183,0.99719643,-0.02557492,0.9716965,0.07427499,0.22425228,0.22552315,-0.00908122,-0.97419543,0.00134227,0.00213969,-0.01475056
-0.0702709747,0.997200458,-0.0255590732,0.971712394,0.074221314,0.224201351,0.225470715,-0.00908122377,-0.974207649,-0.000993742491,0.00427228212,-0.0133474506
-0.07008818,0.99721368,-0.02554076,0.97171183,0.07403985,0.22426333,0.22552951,-0.00910003,-0.97419365,-0.00298795,0.00376111,-0.01564261
-0.06998645,0.99722308,-0.02545534,0.97173144,0.0739209,0.22421787,0.22547692,-0.00904353,-0.97420648,-0.00533217,0.00428838,-0.0156668
-0.0699205173,0.997226304,-0.0255078225,0.971735382,0.0738685947,0.224217818,0.225480149,-0.00910941077,-0.974205013,-0.000628932845,0.00677233934,-0.0143026328
-0.06980375,0.99723355,-0.02554444,0.97175519,0.07376259,0.22416688,0.22543097,-0.00917523,-0.97421579,-0.00609327,-0.00231487,-0.01386557
-0.0696359392,0.99724608,-0.0255115476,0.971778627,0.0735912977,0.2241214,0.225381639,-0.00918464725,-0.974227024,-0.00184478983,7.81416893e-05,-0.0128372135
-0.0695851054,0.997250098,-0.0254957249,0.971794496,0.0735375956,0.224070466,0.2253292,-0.00918462579,-0.974239276,-0.00362731004,-0.000141620636,-0.0148758413
-0.06959991,0.9972535,-0.02532008,0.97178206,0.07351308,0.22413231,0.22537811,-0.00900599,-0.97422956,-0.00349505,-0.00163656,-0.01590729
-0.06951289,0.99726484,-0.02511279,0.97180129,0.07338114,0.22409225,0.22532214,-0.00882732,-0.97424419,-0.00416722,0.00410908,-0.01912246
-0.06952779,0.99726555,-0.0250445,0.97181316,0.07337976,0.22404131,0.22526644,-0.00876147,-0.97425772,-0.00232536,0.00254232,-0.01708261
-0.06955745,0.99726554,-0.02496164,0.97184899,0.07338861,0.22388289,0.2251026,-0.00868621,-0.97429623,-0.00740622,0.00167632,-0.01264968
-0.06939804,0.99728471,-0.02463999,0.97193562,0.07315813,0.22358231,0.22477784,-0.00843231,-0.97437356,-0.00598135,-0.00129682,-0.01094659
-0.06939117,0.9972905,-0.02441954,0.9719868,0.07310035,0.22337819,0.22455804,-0.00823498,-0.97442572,-0.0029969,-0.00419146,-0.01205763
-0.0692754983,0.997312593,-0.0238396818,0.972096604,0.0728542031,0.222980521,0.224118118,-0.00772737026,-0.974531195,-0.000525215059,-0.00107264519,-0.00988024939
-0.069261338,0.997325295,-0.0233452518,0.972186888,0.072726913,0.222628266,0.22373064,-0.0072764039,-0.974623737,-0.00468625221,-0.000167429447,-0.0102684954
-0.06927602,0.99734356,-0.02249981,0.97225237,0.07255081,0.22239908,0.22344071,-0.00646853,-0.97469567,-0.00207655,0.00372118,-0.01027899
