0,1,2,3,4,5,6,7,8,9,10,11
-0.17282989,-0.07847266,0.98182059,-0.0419881,-0.99532784,-0.08694342,0.98405622,-0.05625122,0.16872767,,,
-0.17288655,-0.07846045,0.98181168,-0.04204111,-0.99532574,-0.0869434,0.98404408,-0.0563078,0.1687799,,,
-0.17288671,-0.0785127,0.98180756,-0.04209348,-0.99531827,-0.08700536,0.98404191,-0.05636976,0.16877227,,,
-0.17294317,-0.07855278,0.98179438,-0.04219882,-0.99530834,-0.08706734,0.98402744,-0.05648826,0.16881686,,,
-0.17299966,-0.07854056,0.98178539,-0.04225175,-0.99530606,-0.08706733,0.98401522,-0.05654476,0.16886908,-0.00205885,0.00241947,0.00678143
-0.17299964,-0.07859277,0.9817812,-0.04230408,-0.99529841,-0.08712924,0.98401297,-0.05660667,0.16886144,,,
-0.1731105,-0.07863348,0.98175833,-0.04234316,-0.99529186,-0.08718369,0.98399172,-0.05666317,0.16896599,,,
-0.17311051,-0.07858127,0.98176252,-0.04229083,-0.99529951,-0.08712177,0.98399398,-0.05660126,0.16897363,,,
-0.17322137,-0.07862193,0.98173964,-0.04232988,-0.99529298,-0.08717618,0.98397272,-0.05665771,0.16907818,,,
-0.17333243,-0.07866271,0.98171684,-0.04236903,-0.99528664,-0.08723073,0.98395154,-0.05671431,0.16918269,-0.00592126,-0.00190926,0.00446956
-0.17327593,-0.07872711,0.98172165,-0.04236839,-0.99528124,-0.0872926,0.98396152,-0.05671968,0.16912284,-0.00238832,0.00329924,0.00346372
-0.17321943,-0.07879154,0.98172646,-0.04236779,-0.99527585,-0.08735452,0.9839715,-0.05672509,0.16906298,,,
-0.17316293,-0.07880377,0.98173545,-0.04231488,-0.99527811,-0.08735453,0.98398373,-0.05666858,0.16901078,,,
-0.17316294,-0.07885598,0.98173126,-0.0423672,-0.99527046,-0.08741644,0.98398148,-0.0567305,0.16900311,,,
-0.17305189,-0.07886744,0.98174987,-0.04238042,-0.99526916,-0.08742385,0.9840004,-0.05673585,0.16889093,-0.00357299,-0.00220251,0.00312682
-0.17305189,-0.07886744,0.98174987,-0.04238042,-0.99526916,-0.08742385,0.9840004,-0.05673585,0.16889093,,,
-0.17294103,-0.07887899,0.98176855,-0.04239372,-0.99526806,-0.08743136,0.98401939,-0.05674129,0.16877872,,,
-0.172941034,-0.0788789936,0.981768555,-0.0423937221,-0.995268062,-0.0874313577,0.984019391,-0.0567412932,0.168778722,0.000561032502,-0.00531196548,0.000888871378
-0.17299753,-0.07886677,0.98175957,-0.04244664,-0.99526579,-0.08743135,0.98400717,-0.0567978,0.16883093,,,
-0.17305191,-0.07891969,0.98174568,-0.04243279,-0.99526151,-0.08748581,0.98399815,-0.0567978,0.16888325,,,
-0.17310843,-0.07895963,0.98173251,-0.04253799,-0.99525158,-0.08754767,0.98398367,-0.05691618,0.16892778,-0.00464921,-0.00302684,0.00291948
-0.17311037,-0.07889448,0.98173734,-0.04260476,-0.99525341,-0.08749319,0.98398037,-0.05697268,0.16892766,,,
-0.17311059,-0.0789467237,0.981733232,-0.0426571213,-0.995245933,-0.0875551547,0.983978198,-0.057034638,0.16891997,-0.0042128833,0.000204682336,0.00284032291
-0.17311059,-0.07894672,0.98173323,-0.04265712,-0.99524593,-0.08755515,0.9839782,-0.05703464,0.16891997,,,
-0.17316695,-0.07898665,0.98171999,-0.04276232,-0.99523583,-0.08761702,0.98396363,-0.05715301,0.16896447,-0.00122246,-0.00188488,0.00533403
-0.17311256,-0.07893374,0.98173389,-0.04277617,-0.9952401,-0.08756255,0.98397264,-0.057153,0.16891216,,,
-0.17311242,-0.07898591,0.98172963,-0.04282846,-0.99523226,-0.0876244,0.98397031,-0.05721486,0.16890447,-0.0045399,-0.00146544,0.00501207
-0.17300175,-0.07899748,0.98174839,-0.04284177,-0.99523134,-0.08763189,0.98398937,-0.0572203,0.16879226,,,
-0.17294511,-0.07906189,0.98175311,-0.04284116,-0.99522578,-0.08769374,0.98399928,-0.05722565,0.16873237,,,
-0.17283426,-0.07907343,0.98177178,-0.04285443,-0.9952247,-0.08770118,0.98401826,-0.05723103,0.16862016,,,
-0.17283426,-0.07907343,0.98177178,-0.04285443,-0.9952247,-0.08770118,0.98401826,-0.05723103,0.16862016,,,
-0.17294511,-0.07906189,0.98175311,-0.04284116,-0.99522578,-0.08769374,0.98399928,-0.05722565,0.16873237,,,
-0.17289077,-0.0790612,0.98176281,-0.04290734,-0.99522242,-0.08770118,0.98400602,-0.05728755,0.16867235,,,
-0.17283426,-0.07907343,0.98177178,-0.04285443,-0.9952247,-0.08770118,0.98401826,-0.05723103,0.16862016,,,
-0.172779565,-0.079072737,0.981781332,-0.0429206202,-0.995220973,-0.0877085933,0.984024848,-0.0572929249,0.168560136,-2.13391613e-05,0.00119996059,0.00584521517
-0.172779565,-0.079072737,0.981781332,-0.0429206202,-0.995220973,-0.0877085933,0.984024848,-0.0572929249,0.168560136,-0.000368775334,0.000945806445,0.0066503128
-0.172779692,-0.0790205199,0.98178559,-0.0428682818,-0.995228808,-0.0876466989,0.984027183,-0.0572310304,0.168567845,-0.00507041067,-0.000113010399,0.00252464972
-0.17289072,-0.07900898,0.98176699,-0.04285501,-0.99523007,-0.08763927,0.98400828,-0.05722565,0.16868006,-0.0017808,-0.001643,0.00679709
-0.17289072,-0.07900898,0.98176699,-0.04285501,-0.99523007,-0.08763927,0.98400828,-0.05722565,0.16868006,,,
-0.17277969,-0.07902052,0.98178559,-0.04286828,-0.99522881,-0.0876467,0.98402718,-0.05723103,0.16856784,,,
-0.17266867,-0.07903206,0.98180418,-0.04288156,-0.99522756,-0.08765412,0.98404608,-0.05723641,0.16845562,,,
-0.172668672,-0.0790320591,0.981804179,-0.0428815577,-0.99522756,-0.0876541246,0.984046078,-0.0572364149,0.16845562,0.000538909226,0.00224530674,0.0064950604
-0.1726141,-0.07897911,0.98181798,-0.04289536,-0.99523168,-0.0875996,0.984055,-0.05723637,0.1684033,,,
-0.1726141,-0.07897911,0.98181798,-0.04289536,-0.99523168,-0.0875996,0.984055,-0.05723637,0.1684033,,,
-0.1726141,-0.07897911,0.98181798,-0.04289536,-0.99523168,-0.0875996,0.984055,-0.05723637,0.1684033,,,
-0.17255959,-0.07897838,0.98182761,-0.04296151,-0.99522815,-0.08760697,0.98406166,-0.05729823,0.16834328,,,
-0.172503084,-0.0789906564,0.981836562,-0.0429085523,-0.99523045,-0.0876070155,0.984073886,-0.0572416738,0.168291075,-0.00561349839,6.62803577e-05,0.00206583412
-0.172559587,-0.0789783838,0.981827607,-0.0429615069,-0.995228147,-0.0876069667,0.984061656,-0.0572982251,0.168343281,-0.000558550004,0.00141024578,0.00661749206
-0.172670613,-0.0789669169,0.981809022,-0.0429483097,-0.995229383,-0.0875996368,0.984042769,-0.0572929289,0.168455502,-0.000355900731,-0.00227427459,0.00577205
-0.172616043,-0.0789139679,0.981822824,-0.0429621125,-0.995233501,-0.0875451091,0.984051691,-0.0572928871,0.168403186,-0.00326564349,-6.03198969e-05,0.00709365169
-0.17272706,-0.07890243,0.98180424,-0.04294884,-0.99523474,-0.08753769,0.9840328,-0.0572875,0.16851541,,,
-0.172727061,-0.0789024251,0.981804237,-0.0429488424,-0.995234743,-0.087537688,0.984032799,-0.057287496,0.168515413,-0.000414206646,-0.000765561999,0.00744412979
-0.17261618,-0.07886175,0.98182708,-0.04290977,-0.99524134,-0.08748322,0.98405403,-0.057231,0.16841089,-0.00471151,0.00303125,0.00871512
-0.17244848,-0.07888555,0.98185454,-0.04287008,-0.99524223,-0.08749069,0.98408507,-0.05717984,0.16824644,,,
-0.17228094,-0.07885704,0.98188624,-0.04277805,-0.99525099,-0.0874362,0.98411842,-0.05706678,0.16808967,,,
-0.17228094,-0.07885704,0.98188624,-0.04277805,-0.99525099,-0.0874362,0.98411842,-0.05706678,0.16808967,-0.00816424,0.00129962,0.00278246
-0.17211341,-0.07882847,0.98191794,-0.04268597,-0.99525977,-0.08738168,0.98415176,-0.05695369,0.16793289,-0.00451623,0.00186276,0.0022945
-0.17200045,-0.07885284,0.98193585,-0.0425801,-0.99526443,-0.0873817,0.98417617,-0.05684062,0.16782842,,,
-0.1719436,-0.07886496,0.98194466,-0.04252711,-0.9952664,-0.08738163,0.98418821,-0.056784,0.16777619,,,
-0.17188712,-0.07887715,0.98195361,-0.04247419,-0.99526873,-0.08738167,0.98420041,-0.05672749,0.16772395,,,
-0.171773984,-0.0789014232,0.981971447,-0.0423682467,-0.99527323,-0.0873816187,0.984224714,-0.0566143182,0.167619473,-0.000805772142,-0.00366991735,-0.00562005909
-0.17171964,-0.07884846,0.98198539,-0.04238211,-0.99527773,-0.08732712,0.98423378,-0.05661439,0.16756695,,,
-0.171663,-0.07891286,0.98199007,-0.04238153,-0.99527225,-0.08738899,0.98424364,-0.0566197,0.16750704,,,
-0.17177398,-0.07890142,0.98197145,-0.04236825,-0.99527323,-0.08738162,0.98422471,-0.05661432,0.16761947,,,
-0.171773984,-0.0789014232,0.981971447,-0.0423682467,-0.99527323,-0.0873816187,0.984224714,-0.0566143182,0.167619473,-0.00471502496,0.00224530674,-0.000332785887
-0.171830646,-0.0788893102,0.981962567,-0.0424212374,-0.99527107,-0.0873816694,0.984212602,-0.0566709296,0.16767171,-0.00465034507,-0.000973701419,-0.00174084259
-0.17183066,-0.07894152,0.98195838,-0.04247357,-0.99526342,-0.0874435,0.98421035,-0.05673276,0.16766405,,,
-0.17188714,-0.07892936,0.98194942,-0.04252652,-0.99526108,-0.08744351,0.98419815,-0.05678932,0.16771629,,,
-0.17194365,-0.07896945,0.98193628,-0.04263183,-0.99525109,-0.08750539,0.9841837,-0.05690776,0.16776084,,,
-0.17194365,-0.07896945,0.98193628,-0.04263183,-0.99525109,-0.08750539,0.9841837,-0.05690776,0.16776084,,,
-0.171834593,-0.0789157379,0.981959749,-0.0427118108,-0.995251916,-0.0874581855,0.984199342,-0.0569696349,0.167648302,-0.00543896016,0.000454187364,0.00716592092
-0.17172365,-0.07897948,0.9819741,-0.04277741,-0.99524313,-0.08752745,0.98421593,-0.05703685,0.16752833,,,
-0.17172365,-0.07897948,0.9819741,-0.04277741,-0.99524313,-0.08752745,0.98421593,-0.05703685,0.16752833,,,
-0.17177818,-0.07903236,0.98196032,-0.04276356,-0.99523896,-0.08758188,0.98420703,-0.05703678,0.1675807,,,
-0.17177824,-0.07908465,0.98195614,-0.04281597,-0.99523131,-0.0876438,0.98420477,-0.0570987,0.16757299,-0.0039943,-0.00502986,-0.00132385
-0.17177824,-0.07908465,0.98195614,-0.04281597,-0.99523131,-0.0876438,0.98420477,-0.0570987,0.16757299,-0.00346593,0.00281692,-0.00298049
-0.17177828,-0.07913686,0.98195195,-0.0428683,-0.99522366,-0.08770563,0.98420251,-0.05716053,0.16756529,,,
-0.17172361,-0.07913612,0.98196147,-0.04293441,-0.99521999,-0.08771292,0.98420907,-0.05722233,0.16750525,,,
-0.17166931,-0.07913547,0.98197115,-0.0430006,-0.9952167,-0.08772031,0.98421578,-0.05728423,0.16744518,,,
-0.171780349,-0.0791762053,0.981948431,-0.0430397219,-0.995210179,-0.0877748128,0.984194683,-0.0573407704,0.16754975,-0.000585692003,0.0014528035,0.00752851926
-0.17178035,-0.07917621,0.98194843,-0.04303972,-0.99521018,-0.08777481,0.98419468,-0.05734077,0.16754975,,,
-0.171667,-0.07920054,0.98196615,-0.04293384,-0.99521451,-0.08777478,0.98421894,-0.05722762,0.16744531,,,
-0.17166706,-0.07925279,0.98196196,-0.04298621,-0.99520686,-0.08783665,0.98421668,-0.05728949,0.16743759,,,
-0.171665119,-0.0793178655,0.981957109,-0.0429194521,-0.995205041,-0.0878911223,0.98422,-0.057232901,0.167437711,0.000937553239,0.00079059595,0.0049746749
-0.17160863,-0.07933007,0.98196604,-0.04286655,-0.99520739,-0.08789116,0.9842322,-0.05717637,0.16738548,,,
-0.17155196,-0.07934223,0.9819749,-0.04281362,-0.99520957,-0.08789115,0.98424432,-0.0571198,0.16733325,,,
-0.17149535,-0.07940665,0.98197965,-0.04281298,-0.99520425,-0.087953,0.98425429,-0.057125,0.16727316,-0.00218456,-0.00520956,0.00260996
-0.17149322,-0.07947172,0.98197472,-0.04274622,-0.99520225,-0.08800748,0.98425752,-0.05706839,0.16727328,,,
-0.171604448,-0.079512555,0.981951987,-0.0427853184,-0.995195737,-0.0880620498,0.984236439,-0.0571249656,0.167378008,-0.00751520693,-0.000663638057,-0.00118826493
-0.17166094,-0.07950034,0.98194296,-0.04283829,-0.99519323,-0.08806201,0.98422415,-0.05718158,0.16743038,,,
-0.171660944,-0.079500342,0.981942963,-0.0428382916,-0.995193231,-0.0880620149,0.984224145,-0.0571815821,0.167430383,-0.0017606027,-0.000913560332,0.00529789366
-0.17166093,-0.07960485,0.98193449,-0.04294304,-0.99517775,-0.08818575,0.98421958,-0.05730531,0.16741491,,,
-0.17160628,-0.07960408,0.98194411,-0.04300922,-0.99517425,-0.08819299,0.98422622,-0.05736714,0.16735469,,,
-0.17166084,-0.07965706,0.98193022,-0.04299537,-0.99516992,-0.08824756,0.98421725,-0.05736713,0.16740717,,,
-0.171772,-0.07964558,0.98191177,-0.04298213,-0.99517123,-0.08824024,0.98419849,-0.05736188,0.16751946,-0.00538871,0.00141573,0.00363063
-0.1718285,-0.07963337,0.98190283,-0.04303502,-0.99516889,-0.08824021,0.98418628,-0.05741842,0.16757167,-0.00840751,0.0011673,0.00479159
-0.171828501,-0.0796333724,0.981902834,-0.0430350238,-0.995168886,-0.0882402125,0.984186281,-0.0574184151,0.16757167,-0.0049361093,0.000455856294,0.0028079187
-0.1718285,-0.07963337,0.98190283,-0.04303502,-0.99516889,-0.08824021,0.98418628,-0.05741842,0.16757167,,,
-0.17199413,-0.07962256,0.98187476,-0.04295558,-0.99517371,-0.0882255,0.98416087,-0.05735128,0.16774402,,,
-0.17210725,-0.07954596,0.98186115,-0.04300908,-0.99517688,-0.08816367,0.98413876,-0.05740256,0.16785616,,,
-0.17210734,-0.07949376,0.98186542,-0.04295676,-0.99518472,-0.08810184,0.98414109,-0.05734073,0.1678639,,,
-0.17210734,-0.07949376,0.98186542,-0.04295676,-0.99518472,-0.08810184,0.98414109,-0.05734073,0.1678639,,,
-0.17205084,-0.07950598,0.98187437,-0.04290386,-0.99518704,-0.08810187,0.98415331,-0.05728421,0.16781169,,,
-0.17193967,-0.07951745,0.98189284,-0.04291709,-0.9951857,-0.08810919,0.98417208,-0.05728946,0.16769943,-0.0050272,-0.00375652,0.0021358
-0.17182842,-0.07947667,0.98191549,-0.04287796,-0.99519202,-0.08805465,0.9841931,-0.05723285,0.16759489,,,
-0.17182648,-0.07954179,0.98191064,-0.04281123,-0.9951902,-0.08810916,0.98419642,-0.05717631,0.16759501,,,
-0.171772,-0.07954112,0.98192024,-0.04287743,-0.99518671,-0.08811655,0.98420306,-0.05723819,0.16753493,-0.00277615,0.00479937,0.00244803
-0.171715394,-0.0796054636,0.981924898,-0.0428767964,-0.995181227,-0.088178316,0.984212942,-0.0572433862,0.167474996,-0.00138785224,-0.000617146434,0.0054359166
-0.17171531,-0.0796577514,0.981920622,-0.0429292075,-0.995173395,-0.0882402257,0.984210622,-0.0573052958,0.167467249,-0.00572644314,0.0020189283,0.00025099155
-0.17149318,-0.07968067,0.98195778,-0.04295566,-0.99517129,-0.08825483,0.98424839,-0.05731575,0.16724236,0.00263708,-0.00289136,0.00656625
-0.171380011,-0.0797050284,0.981975551,-0.0428498472,-0.995175833,-0.0882548716,0.984272709,-0.0572026242,0.167137914,0.000177007518,-0.00512319757,0.00541820377
-0.17137816,-0.07982239,0.98196639,-0.04283543,-0.99516621,-0.08837125,0.98427371,-0.05720785,0.16713045,-0.00402749,0.00386023,-0.00122906
-0.171319259,-0.0799517941,0.981966014,-0.0427680619,-0.995158564,-0.0884874964,0.984286764,-0.0571564061,0.167070614,-0.00781368092,-8.72611927e-05,0.00156980334
-0.17131724,-0.08006912,0.98195686,-0.0427537,-0.99514891,-0.08860384,0.98428779,-0.05716165,0.16706298,,,
-0.171262678,-0.0800161704,0.98197065,-0.0427674904,-0.995153106,-0.0885493098,0.984296646,-0.0571616217,0.167010645,0.00342801725,-0.000923037471,0.00358334766
-0.17126066,-0.08013349,0.98196149,-0.04275313,-0.99514346,-0.08866565,0.98429767,-0.05716687,0.16700301,,,
-0.17120408,-0.08019783,0.98196612,-0.04275253,-0.995138,-0.08872742,0.98430756,-0.05717203,0.16694304,,,
-0.171201885,-0.0803151151,0.981956869,-0.0427381325,-0.995128168,-0.0888437063,0.98430852,-0.0571772192,0.166935403,-0.00709110266,2.83718091e-05,0.00222591241
-0.17103207,-0.08045603,0.98197504,-0.04268404,-0.99511963,-0.08896734,0.9843405,-0.05713092,0.16676306,0.00183392,-0.00313431,0.00746751
-0.17091882,-0.0805325,0.98198849,-0.04263055,-0.9951164,-0.08902912,0.98436249,-0.05707945,0.16665086,,,
-0.17074889,-0.08062107,0.98201077,-0.04252413,-0.9951154,-0.08909089,0.98439657,-0.05697132,0.16648642,,,
-0.17069216,-0.08068544,0.98201529,-0.0425236,-0.9951098,-0.08915271,0.98440638,-0.05697649,0.16642642,,,
-0.17057892,-0.08076187,0.98202872,-0.04247009,-0.99510661,-0.08921447,0.98442835,-0.05692495,0.16631419,,,
-0.17046551,-0.08083828,0.98204207,-0.0424166,-0.99510325,-0.08927623,0.98445024,-0.0568734,0.16620196,,,
-0.17034997,-0.08097973,0.98205044,-0.0422963,-0.9950979,-0.0893925,0.9844754,-0.05676512,0.16608985,,,
-0.17029342,-0.08104406,0.98205502,-0.04229575,-0.9950925,-0.08945428,0.98448528,-0.05677023,0.16602984,,,
-0.1702367,-0.08110835,0.98205952,-0.04229517,-0.99508692,-0.08951601,0.98449509,-0.05677528,0.16596983,,,
-0.1701233,-0.08118475,0.98207284,-0.0422417,-0.99508361,-0.08957779,0.98451697,-0.0567237,0.16585757,,,
-0.17006445,-0.08131403,0.98207236,-0.04217438,-0.99507604,-0.089694,0.98453005,-0.05667205,0.16579768,,,
-0.17017332,-0.08147211,0.98204035,-0.0421991,-0.99505951,-0.08986471,0.98451013,-0.0567338,0.16589462,,,
-0.17017332,-0.08147211,0.98204035,-0.0421991,-0.99505951,-0.08986471,0.98451013,-0.0567338,0.16589462,,,
-0.17022787,-0.08152503,0.98202655,-0.04218526,-0.99505525,-0.08991917,0.98450134,-0.0567338,0.16594698,-0.00245511,-0.00205541,0.00586929
-0.17017096,-0.08164153,0.98202661,-0.04223704,-0.99504167,-0.09004263,0.98450882,-0.05680056,0.16587915,,,
-0.17016881,-0.08175873,0.98201728,-0.04222264,-0.99503184,-0.09015883,0.98450986,-0.05680559,0.16587147,,,
-0.170225688,-0.081746697,0.982008528,-0.0422755834,-0.995029773,-0.0901588755,0.984497865,-0.0568623364,0.165923682,0.000301202643,-0.00379419303,0.00344817806
-0.17028006,-0.08185182,0.98199029,-0.04231408,-0.99501751,-0.09027507,0.98448675,-0.05692407,0.16596821,0.00104913,-0.00169271,0.00542766
-0.17033463,-0.08190473,0.98197648,-0.04230023,-0.99501326,-0.09032954,0.98447797,-0.05692407,0.16602055,,,
-0.17033231,-0.08196972,0.98197141,-0.04223348,-0.99501108,-0.090384,0.9844812,-0.05686738,0.16602068,,,
-0.17022125,-0.08203339,0.98198541,-0.04229919,-0.99500211,-0.09045309,0.98449764,-0.05693422,0.16590045,,,
-0.17022108,-0.08208556,0.98198098,-0.0423515,-0.9949941,-0.09051476,0.98449532,-0.0569959,0.16589262,,,
-0.17027565,-0.08213847,0.98196716,-0.04233765,-0.99498985,-0.09056923,0.98448655,-0.05699591,0.16594496,,,
-0.17033238,-0.08217859,0.98195398,-0.04244289,-0.99497977,-0.09063096,0.98447222,-0.05711434,0.16598931,,,
-0.1703889,-0.08216647,0.98194509,-0.04249574,-0.99497734,-0.09063092,0.98446005,-0.057171,0.16604151,,,
-0.170388902,-0.0821664669,0.981945088,-0.0424957441,-0.994977344,-0.0906309167,0.984460053,-0.0571709982,0.166041509,-0.00466751028,0.000504255237,0.00578743173
-0.170332261,-0.0822829742,0.981945194,-0.0425475359,-0.994963935,-0.090754366,0.984467652,-0.0572377492,0.165973589,0.000343907857,0.00149619568,0.00590481004
-0.17016452,-0.08235868,0.981968,-0.04256031,-0.99495722,-0.09082334,0.98449618,-0.05724777,0.16580113,,,
-0.16999638,-0.08238212,0.98199501,-0.04252071,-0.994958,-0.09083053,0.98452679,-0.057196,0.16563654,,,
-0.169885517,-0.082393606,0.982013417,-0.0425340206,-0.994957078,-0.0908378706,0.984545537,-0.0572010082,0.16552412,0.000317358179,-0.00023412703,0.00525514828
-0.16982862,-0.08240564,0.98202214,-0.0424811,-0.99495917,-0.09083783,0.98455753,-0.05714424,0.16547192,,,
-0.16971521,-0.08242974,0.98203975,-0.04237528,-0.99496373,-0.09083781,0.98458168,-0.05703077,0.1653675,,,
-0.16976956,-0.08243042,0.98203023,-0.04230907,-0.99496709,-0.09083056,0.98457508,-0.05696906,0.16542771,,,
-0.169712673,-0.0824424463,0.982038964,-0.0422561458,-0.994969186,-0.0908305247,0.984587072,-0.0569122932,0.165375502,-0.00188061537,-0.000416159601,0.00687463302
-0.169488058,-0.0824779112,0.982074817,-0.0421636574,-0.994972513,-0.0908377881,0.984629767,-0.0568038019,0.165158633,-0.000342792831,0.00169110287,0.00688621914
-0.169431363,-0.082489927,0.982083622,-0.0421107312,-0.994974809,-0.0908377716,0.984641821,-0.0567470385,0.165106411,-0.00122796756,0.000125169739,0.00665030442
-0.16886598,-0.0826496,0.98216765,-0.04175301,-0.99498371,-0.09090675,0.98475425,-0.05635951,0.16456806,,,
-0.16863875,-0.08274967,0.98219822,-0.0415936,-0.99498468,-0.09096835,0.98479989,-0.05619396,0.16435123,,,
-0.16841405,-0.08273262,0.98223832,-0.04144862,-0.99499589,-0.09091393,0.98484456,-0.0560236,0.16414204,,,
-0.16812966,-0.08284459,0.98227752,-0.04123623,-0.99499894,-0.09097563,0.98490198,-0.05580113,0.16387271,,,
-0.16801368,-0.08293333,0.9822899,-0.04106362,-0.99500113,-0.09103016,0.98492901,-0.0556307,0.16376828,-0.00751226,-0.00137836,0.00184144
-0.16790002,-0.0829571,0.98230734,-0.04095767,-0.99500553,-0.09103013,0.98495282,-0.05551698,0.16366371,,,
-0.16761824,-0.08295166,0.98235598,-0.04075956,-0.99501874,-0.09097567,0.98500909,-0.05528958,0.16340209,,,
-0.16750195,-0.08298785,0.98237266,-0.04053426,-0.99502845,-0.09096837,0.98503807,-0.05505714,0.16330542,,,
-0.16749967,-0.08300039,0.98237207,-0.04041507,-0.99503408,-0.09096118,0.98504343,-0.0549386,0.16331333,,,
-0.16738594,-0.08297176,0.98239389,-0.04025664,-0.99504617,-0.09089951,0.98506927,-0.05476317,0.16321646,,,
-0.16721506,-0.08295485,0.98242429,-0.04004512,-0.99506013,-0.09083776,0.98510679,-0.05453075,0.16306724,-0.00204149,-0.00230545,0.00476953
-0.1671013,-0.08297848,0.98244167,-0.03993912,-0.99506443,-0.09083777,0.98513041,-0.05441698,0.16296256,,,
-0.16687613,-0.08296089,0.98248144,-0.03979378,-0.99507523,-0.09078335,0.98517447,-0.05424622,0.16275305,,,
-0.16670536,-0.08294384,0.98251186,-0.03958219,-0.99508928,-0.09072165,0.9852119,-0.05401377,0.16260371,,,
-0.16670285,-0.08300861,0.98250678,-0.03951542,-0.99508692,-0.09077609,0.98521497,-0.05395681,0.16260385,0.00170431,-0.0041182,-0.00263333
-0.16675475,-0.08296935,0.98250124,-0.03927743,-0.99510319,-0.09069991,0.98521565,-0.05371478,0.16267962,,,
-0.166863873,-0.0829707521,0.982482721,-0.0391449284,-0.99510995,-0.0906854581,0.985202577,-0.0535913428,0.162800021,-0.00523517374,4.60147821e-05,0.00535155926
-0.166863774,-0.0828660141,0.982491518,-0.0390399025,-0.995125218,-0.0905620156,0.985206702,-0.0534679003,0.162815389,-0.00518178055,-0.000375032396,-0.00145634077
-0.16697286,-0.08276259,0.98248182,-0.03880236,-0.99514726,-0.09042396,0.98519772,-0.05322095,0.1629511,,,
-0.16691574,-0.08277428,0.98249043,-0.03874927,-0.99514914,-0.09042391,0.98520938,-0.05316397,0.16289873,,,
-0.16674475,-0.08270465,0.98252523,-0.03848501,-0.99517044,-0.09030039,0.98524859,-0.05286963,0.16275687,,,
-0.16668802,-0.08266398,0.9825384,-0.03837941,-0.99518034,-0.09023867,0.98526244,-0.05275095,0.1627121,,,
-0.16679937,-0.08260057,0.98252482,-0.03831372,-0.99518909,-0.09016963,0.98524613,-0.05268442,0.16283228,,,
-0.16685366,-0.08249643,0.98252426,-0.03814237,-0.99520738,-0.09003876,0.9852435,-0.05249911,0.16290766,,,
-0.16690829,-0.08249715,0.98251504,-0.03807616,-0.99521076,-0.09003147,0.98523692,-0.0524374,0.1629678,,,
-0.16685123,-0.08245639,0.98252808,-0.03797048,-0.99522028,-0.08996965,0.9852506,-0.05231862,0.16292299,,,
-0.16679437,-0.0824156,0.98254121,-0.03786477,-0.99522999,-0.08990779,0.98526434,-0.05219981,0.16287818,,,
-0.16673742,-0.08232248,0.98255869,-0.03770659,-0.99524715,-0.08978427,0.98528005,-0.05201934,0.1628409,,,
-0.166791873,-0.0823231677,0.982549405,-0.0376403492,-0.995250344,-0.089776928,0.985273384,-0.0519575668,0.162901031,-0.000513802981,-0.00204527355,0.00769154169
-0.16679195,-0.08227074,0.98255383,-0.03758778,-0.99525798,-0.08971513,0.98527542,-0.05189577,0.16290859,,,
-0.16678934,-0.08228313,0.98255319,-0.03746838,-0.99526307,-0.08970781,0.98528037,-0.05177698,0.16291629,,,
-0.166677796,-0.0821891911,0.982579888,-0.0373763183,-0.99527685,-0.0895915066,0.985302649,-0.0516581464,0.162818835,-9.58152814e-05,-0.000120997422,0.00559433224
-0.16661833,-0.08221318,0.98258799,-0.03720385,-0.99528402,-0.08958415,0.98531926,-0.05148243,0.16277408,,,
-0.16661833,-0.08221318,0.98258799,-0.03720385,-0.99528402,-0.08958415,0.98531926,-0.05148243,0.16277408,,,
-0.16644739,-0.08214313,0.98262282,-0.03693926,-0.99530499,-0.0894605,0.9853581,-0.05118784,0.16263178,,,
-0.16639029,-0.08210228,0.98263584,-0.03683352,-0.99531435,-0.08939867,0.98537164,-0.05106903,0.16258683,-0.0038663,-0.00229454,0.00286916
-0.16638771,-0.08206213,0.98263962,-0.03666154,-0.99532689,-0.08932949,0.98537848,-0.05088843,0.16260196,,,
-0.16632831,-0.08208596,0.98264778,-0.03648895,-0.99533407,-0.08932204,0.98539501,-0.05071258,0.16255712,0.00384655,-0.00232983,0.00248671
-0.16638263,-0.08208663,0.98263847,-0.03642268,-0.99533707,-0.08931462,0.98538824,-0.05065074,0.16261722,,,
-0.16643441,-0.08199458,0.98263737,-0.0361317,-0.99536006,-0.08917603,0.98539018,-0.05034633,0.16269984,,,
-0.16659762,-0.08194419,0.98261392,-0.0358802,-0.99537672,-0.08909187,0.9853718,-0.0500989,0.16288748,,,
-0.16642147,-0.08195092,0.98264329,-0.03542913,-0.99539987,-0.08901511,0.98541796,-0.04962823,0.16275257,,,
-0.16625297,-0.08192082,0.98267428,-0.03533642,-0.99540796,-0.08896074,0.98544969,-0.04951419,0.16259493,,,
-0.16613902,-0.08189129,0.98269608,-0.03517732,-0.99541924,-0.08889879,0.98547467,-0.04933818,0.16249732,,,
-0.1659705,-0.08191368,0.98272266,-0.03513728,-0.99541993,-0.08890633,0.98550446,-0.04928603,0.16233223,,,
-0.16552172,-0.08186398,0.98280248,-0.03496472,-0.99543505,-0.08880493,0.98558607,-0.04906256,0.16190389,,,
-0.16546475,-0.08187549,0.98281117,-0.03491154,-0.995437,-0.08880498,0.98559758,-0.04900555,0.16185135,,,
-0.16551929,-0.08187619,0.98280192,-0.03484519,-0.99543998,-0.08879753,0.98559076,-0.04894363,0.16191156,,,
-0.165573653,-0.0818768144,0.982792692,-0.0347788531,-0.995442934,-0.0887899988,0.985583949,-0.0488816917,0.161971618,-0.00428896304,0.000534295978,0.00565924961
-0.16545963,-0.08184723,0.98281443,-0.03461977,-0.99545411,-0.08872818,0.98560877,-0.04870574,0.16187388,,,
-0.16540248,-0.08185865,0.98282305,-0.03456651,-0.99545589,-0.08872814,0.98562018,-0.04864862,0.16182133,,,
-0.165288192,-0.0818815134,0.982840298,-0.034460044,-0.995459451,-0.0887281218,0.985643008,-0.0485344413,0.161716231,-0.00055057276,-0.00080984825,0.00765707158
-0.16511696,-0.0819158,0.98286624,-0.03430036,-0.995465,-0.08872814,0.9856773,-0.04836319,0.16155855,0.00240637,0.00159955,0.00429377
-0.164665434,-0.081982834,0.982936445,-0.0341134389,-0.995470166,-0.0887430442,0.985759359,-0.0481442574,0.161122865,-0.00492889434,-0.00360435224,-0.000835047336
-0.16449389,-0.08201696,0.98296222,-0.03395368,-0.99547546,-0.08874304,0.98579341,-0.04797289,0.16096511,,,
-0.164379668,-0.0820397022,0.982979452,-0.0338471726,-0.995479121,-0.0887430635,0.985816152,-0.0478586428,0.160859923,-0.000608823961,-0.0013412832,0.0070690061
-0.16437692,-0.08205169,0.9829789,-0.03372749,-0.99548384,-0.08873554,0.98582071,-0.0477395,0.16086739,,,
-0.16437435,-0.08201114,0.98298282,-0.03355521,-0.99549601,-0.08866623,0.98582711,-0.04755865,0.16088213,,,
-0.16431722,-0.08196984,0.98299583,-0.03344914,-0.99550511,-0.08860431,0.98584025,-0.04743958,0.16083682,,,
-0.16431451,-0.08198186,0.9829953,-0.03332959,-0.99550983,-0.08859684,0.98584478,-0.04732057,0.16084424,,,
-0.16414575,-0.08189865,0.9830304,-0.03318374,-0.99552498,-0.08848061,0.98587778,-0.04714434,0.16069351,,,
-0.16408847,-0.08190991,0.98303896,-0.03313041,-0.99552665,-0.08848055,0.98588904,-0.04708713,0.16064089,,,
-0.16397414,-0.08187988,0.98306053,-0.03297103,-0.99553744,-0.08841865,0.9859134,-0.0469109,0.16054288,,,
-0.16391439,-0.08190317,0.98306868,-0.03279816,-0.99554401,-0.08841121,0.98592923,-0.04673471,0.16049764,,,
-0.16391424,-0.0818505,0.983073,-0.03274535,-0.9955511,-0.08834927,0.98593091,-0.04667278,0.16050487,,,
-0.16391144,-0.08180979,0.98307685,-0.03257293,-0.9955629,-0.08827985,0.98593708,-0.04649178,0.16051947,,,
-0.16390867,-0.08176908,0.98308071,-0.03240051,-0.9955747,-0.08821042,0.98594324,-0.04631077,0.16053405,-0.00113124,0.00154829,0.01272735
-0.16384569,-0.0817514,0.98309257,-0.03205499,-0.99559254,-0.08813328,0.9859649,-0.0459533,0.16050329,,,
-0.16367418,-0.08167979,0.98312715,-0.03178929,-0.99561212,-0.08800946,0.98600204,-0.0456578,0.16035963,,,
-0.16355974,-0.08170221,0.98314433,-0.03168258,-0.9956155,-0.08800945,0.98602446,-0.04554337,0.16025427,,,
-0.16333089,-0.081747,0.98317867,-0.03146918,-0.9956223,-0.08800946,0.98606925,-0.0453145,0.16004352,,,
-0.16304451,-0.08180284,0.98322154,-0.03120227,-0.99563067,-0.08800945,0.9861251,-0.04502821,0.15977987,,,
-0.16298745,-0.08176129,0.98323456,-0.03109603,-0.99563965,-0.08794752,0.986138,-0.04490903,0.15973429,,,
-0.16298165,-0.08183764,0.98322915,-0.03090951,-0.99564129,-0.08799435,0.9861448,-0.0447326,0.15974172,,,
-0.163036083,-0.0817856119,0.983224493,-0.0307903354,-0.995651178,-0.087924858,0.986139567,-0.0446087332,0.159808808,-0.00148119044,-0.00492411805,-0.000711380737
-0.16297869,-0.08174396,0.98323739,-0.03068402,-0.9956598,-0.08786284,0.98615229,-0.04448945,0.1597632,,,
-0.16303316,-0.08174464,0.98322837,-0.03061769,-0.99566261,-0.08785525,0.98614541,-0.0444275,0.15982317,,,
-0.16297578,-0.08170302,0.98324127,-0.03051141,-0.99567123,-0.08779328,0.98615812,-0.04430826,0.15977753,,,
-0.16297578,-0.08165029,0.98324565,-0.03045852,-0.99567831,-0.08773131,0.98615975,-0.0442463,0.15978462,0.00921979,-0.00424713,-0.00287933
-0.162973085,-0.0816620468,0.983245247,-0.030338762,-0.995682851,-0.0877236836,0.986164015,-0.0441270354,0.15979185,-0.000108303619,0.00312244869,0.00619859714
-0.16297291,-0.08160931,0.98324955,-0.03028588,-0.99568975,-0.08766171,0.98616557,-0.04406506,0.15979892,,,
-0.162972915,-0.0816093142,0.983249552,-0.0302858766,-0.995689749,-0.0876617112,0.986165568,-0.044065063,0.159798917,-0.00574082462,0.00175762165,-0.000456718961
-0.16297293,-0.08155654,0.98325394,-0.03023295,-0.99569683,-0.0875997,0.9861672,-0.04400305,0.15980598,,,
-0.16297295,-0.08150381,0.98325832,-0.03018006,-0.99570391,-0.08753773,0.98616883,-0.04394108,0.15981304,0.00281809,0.0016408,0.00543488
-0.162972952,-0.0815038143,0.983258319,-0.0301800633,-0.995703907,-0.0875377302,0.986168828,-0.043941082,0.159813038,0.000747732236,-0.00565451337,0.00550003815
-0.16291579,-0.08151492,0.98326694,-0.03012666,-0.99570563,-0.08753774,0.98617997,-0.04388382,0.15976029,,,
-0.16285848,-0.08147325,0.98327986,-0.03002033,-0.99571426,-0.08747574,0.98619266,-0.04376454,0.15971459,,,
-0.16285848,-0.08147325,0.98327986,-0.03002033,-0.99571426,-0.08747574,0.98619266,-0.04376454,0.15971459,,,
-0.162858336,-0.0814204716,0.983284174,-0.0299673985,-0.995721156,-0.0874137243,0.986194208,-0.0437025282,0.159721633,-0.000895365723,-0.000932574214,0.00484894495
-0.16274673,-0.08137814,0.98330618,-0.02992741,-0.99572716,-0.08735938,0.98621387,-0.04364527,0.15961596,,,
-0.1626894,-0.08138919,0.98331472,-0.02987397,-0.99572872,-0.08735935,0.98622492,-0.04358796,0.1595632,,,
-0.16274666,-0.08127259,0.98331488,-0.02982155,-0.99574114,-0.08723536,0.98621704,-0.04352124,0.15963001,-0.00363564,-0.00221187,0.00300834
-0.16285839,-0.08120946,0.98330165,-0.02975576,-0.99574929,-0.08716576,0.98620064,-0.04345456,0.15974972,-0.00631166,0.00114608,-0.00129021
-0.162858386,-0.0812094566,0.983301645,-0.0297557591,-0.99574929,-0.0871657606,0.986200637,-0.0434545644,0.159749717,-0.00692064967,0.000338315935,-0.00240334542
-0.16274968,-0.0811026,0.98332848,-0.02978259,-0.99575802,-0.08705704,0.98621778,-0.04345457,0.15964387,,,
-0.16269523,-0.08104912,0.98334185,-0.02979596,-0.9957623,-0.08700263,0.98622632,-0.04345454,0.15959095,,,
-0.16263791,-0.08106017,0.9833504,-0.0297425,-0.99576386,-0.08700261,0.98623736,-0.04339724,0.15953818,,,
-0.162695126,-0.0809963447,0.983346154,-0.0297430295,-0.995769193,-0.0869406174,0.986227873,-0.0433925212,0.159597947,-0.00470005535,0.00086283678,0.00391058624
-0.16275244,-0.08087974,0.98334629,-0.02969062,-0.99578161,-0.08681661,0.98622002,-0.04332579,0.1596647,,,
-0.16280688,-0.08093318,0.98333292,-0.02967722,-0.99577734,-0.08687097,0.98621148,-0.04332578,0.15971764,-0.00389209,-0.00621307,0.00158513
-0.16280984,-0.08081585,0.98334212,-0.02969108,-0.99578714,-0.08675453,0.98621061,-0.04332098,0.15972447,,,
-0.16280984,-0.08081585,0.98334212,-0.02969108,-0.99578714,-0.08675453,0.98621061,-0.04332098,0.15972447,,,
-0.16280975,-0.08086866,0.98333774,-0.02974405,-0.99578006,-0.08681659,0.98620897,-0.04338304,0.15971748,,,
-0.162755407,-0.0807624117,0.983355482,-0.0297044847,-0.995791415,-0.0867001693,0.986219152,-0.0433209951,0.159671537,-0.00963880681,-0.000124931321,0.00206286693
-0.16270097,-0.0807089368,0.983368846,-0.0297178483,-0.995795692,-0.0866457617,0.986227696,-0.0433209654,0.159618603,-0.000825292547,-0.00174069393,0.00462001842
-0.16270106,-0.08076179,0.98336455,-0.02977086,-0.9957888,-0.08670787,0.98622614,-0.04338307,0.15961161,,,
-0.1625894,-0.08077218,0.98338216,-0.02978373,-0.99578774,-0.0867155,0.98624416,-0.04338781,0.15949891,,,
-0.16248062,-0.08071807,0.98340458,-0.02986342,-0.99578942,-0.08666873,0.98625967,-0.04344982,0.15938605,,,
-0.16242619,-0.08066459,0.98341793,-0.02987678,-0.99579371,-0.08661432,0.98626821,-0.0434498,0.15933311,,,
-0.16237166,-0.08066391,0.98342692,-0.02994307,-0.99579093,-0.08662191,0.9862751,-0.04351178,0.15927318,,,
-0.16248628,-0.08064183,0.98340984,-0.03005001,-0.99578779,-0.08662195,0.98625302,-0.04362636,0.15937875,-0.00528153,-0.00137573,0.00623609
