0,1,2,3,4,5,6,7,8,9,10,11
-0.114937331,0.414639027,-0.902697998,0.982705976,0.180271557,-0.0423199247,0.14518321,-0.891950945,-0.428188134,-0.0029553629,0.000288784504,-0.00945226569
-0.11486843,0.41464227,-0.90270527,0.9826988,0.18033561,-0.0422136,0.14528629,-0.89193649,-0.42818328,-0.00316634,-0.00373626,-0.00550297
-0.11484556,0.41492063,-0.90258034,0.98268323,0.18045097,-0.04208383,0.14541001,-0.89178374,-0.42845951,-0.00141157,0.00162536,-0.00826662
-0.1147883,0.41536615,-0.90238283,0.9826846,0.18048028,-0.04192809,0.14544685,-0.8915705,-0.42889098,-0.00488175,0.00275403,-0.01209966
-0.114753417,0.415571816,-0.902292367,0.982695132,0.180434287,-0.0418759475,0.145401947,-0.89148381,-0.429085806,-0.00637420919,-0.000835478306,-0.0119717279
-0.114787796,0.415812715,-0.902177072,0.982706879,0.18036395,-0.0419043929,0.145295815,-0.89138576,-0.429325578,-0.00187847053,0.000855147839,-0.011442855
-0.114672715,0.415949137,-0.902128743,0.982736567,0.180220516,-0.0418240057,0.145185375,-0.891351066,-0.429434754,-0.00601685233,-3.02195549e-05,-0.0082568042
-0.11464974,0.41607342,-0.90207443,0.98274581,0.18017644,-0.04179807,0.14514147,-0.89130203,-0.42955158,-0.00562095,-0.00136757,-0.0071056
-0.114615196,0.416240602,-0.902001771,0.982762726,0.180090452,-0.0417721303,0.145054676,-0.891241408,-0.429706869,-0.000625406043,-0.000862300396,-0.00596552016
-0.114453455,0.416664023,-0.901826661,0.982804495,0.179898612,-0.0416135391,0.144898441,-0.891082182,-0.430089253,-0.00309988228,0.000513374805,-0.00760844629
-0.114418721,0.416792693,-0.901771645,0.982827534,0.179772828,-0.0416135682,0.144769771,-0.891047418,-0.430204688,-0.00263887085,-0.000104725361,-0.00649160985
-0.11438399,0.41692136,-0.90171663,0.98285057,0.17964703,-0.04161361,0.1446411,-0.89101264,-0.43032014,,,
-0.11434901,0.41705001,-0.9016615,0.9828735,0.17952129,-0.04161356,0.14451246,-0.89097772,-0.43043545,-0.00209691,0.00200242,-0.00522603
-0.114302494,0.417183095,-0.901605808,0.982910259,0.179313801,-0.0416396115,0.144298964,-0.890957182,-0.43054952,-0.00328896148,0.000467777252,-0.00881426875
-0.11429095,0.41718752,-0.90160528,0.98292411,0.17923206,-0.04166567,0.14421415,-0.8909716,-0.43054826,-0.00360302,0.00354344,-0.00683133
-0.11429075,0.41714905,-0.90162299,0.98293016,0.17919234,-0.04169158,0.14417223,-0.89099751,-0.43050835,-0.00478094,0.00191754,-0.00523006
-0.11421048,0.41711824,-0.90164748,0.98294302,0.17913472,-0.04163726,0.14414866,-0.89102357,-0.43046249,-0.00330935,0.00245732,-0.00416836
-0.11421043,0.4171567,-0.90162967,0.98293685,0.17917452,-0.04161123,0.14419059,-0.89099755,-0.43050224,-0.00288054,0.00545853,-0.00238146
-0.11421039,0.41719516,-0.90161186,0.98293068,0.17921432,-0.0415852,0.14423253,-0.89097152,-0.430542,-0.00507212,0.00127095,-0.00774429
-0.11419872,0.41735341,-0.90154007,0.98291985,0.17929173,-0.04150714,0.14431544,-0.89088181,-0.43069978,-0.00596639,0.00396198,-0.00700747
-0.11429081,0.41737981,-0.90151622,0.98289326,0.179431,-0.0415355,0.1444238,-0.89084143,-0.43074706,-0.00783524,0.0023517,-0.00881017
-0.11430239,0.41733692,-0.90153456,0.98288557,0.17947295,-0.04153547,0.14446668,-0.89085304,-0.43070856,-0.00561442,0.00230676,-0.00655157
-0.11439451,0.41732483,-0.90152856,0.98286517,0.17957242,-0.04158984,0.14453315,-0.89083873,-0.4307161,-0.00688704,-0.00229949,-0.0081225
-0.11439448,0.4174402,-0.90147514,0.98284665,0.17969175,-0.04151171,0.14465893,-0.89076059,-0.4308354,-0.00716612,-0.00532824,-0.01308912
-0.11440625,0.41747426,-0.90145795,0.98282669,0.17981319,-0.04145966,0.14478568,-0.89072019,-0.4308766,-0.00507374,-0.00375861,-0.01022678
-0.114509893,0.417457795,-0.901452421,0.982792324,0.179994437,-0.0414878987,0.144936972,-0.890691297,-0.430885459,-0.00049222837,0.00844067335,-0.00503001548
-0.114555287,0.417694107,-0.901337124,0.982790115,0.180005798,-0.041490036,0.144915729,-0.890578164,-0.431126231,-6.77382341e-05,0.00846427679,-0.00469236868
-0.11466962,0.4179273,-0.90121464,0.98279527,0.17995311,-0.04159868,0.14479121,-0.89047952,-0.43137216,-0.00108427,0.00680894,-0.00761527
-0.11476034,0.41820759,-0.90107292,0.98282168,0.17977713,-0.04173339,0.14453906,-0.89038337,-0.43165476,-0.00550483,0.00145,-0.01050318
-0.114805628,0.418251685,-0.901046665,0.982850302,0.179589687,-0.0418658909,0.144308174,-0.89040047,-0.431696679,-0.00718474854,-0.000514745712,-0.00956455059
-0.11479407,0.41825613,-0.90104612,0.98286416,0.17950792,-0.04189208,0.1442233,-0.89041491,-0.4316954,-0.0041356,-0.00287753,-0.01316777
-0.11477192,0.41781868,-0.90125179,0.98286941,0.17946109,-0.04196798,0.14420456,-0.89062963,-0.43125826,-0.00673835,-0.00583369,-0.00985745
-0.11478491,0.41717567,-0.90154802,0.98286413,0.17946029,-0.04209596,0.14423064,-0.89093121,-0.43062633,,,
-0.11480815,0.41701299,-0.9016203,0.98286111,0.17946455,-0.04214797,0.1442326,-0.8910065,-0.43046982,-0.00593851,0.00320023,0.00288697
-0.114888492,0.417005334,-0.901613598,0.982854405,0.179482338,-0.0422283268,0.144214244,-0.891006489,-0.430475961,-0.00172507472,0.00528711081,-0.000370032038
-0.115059712,0.417316639,-0.901447725,0.982867908,0.179363822,-0.0424173724,0.143985605,-0.890884605,-0.430804662,-0.00196513114,-0.000494480133,-0.0111809159
-0.11515154,0.41715077,-0.90151267,0.98287188,0.17930418,-0.04257567,0.14388442,-0.89097421,-0.43065285,-0.00687236,0.00226527,-0.01047486
-0.115278658,0.416856209,-0.901632783,0.982853054,0.179370084,-0.04273412,0.143911945,-0.89109889,-0.430385928,-0.00488410238,8.36849213e-05,-0.00484198285
-0.11530207,0.41677041,-0.90166954,0.98283782,0.17945384,-0.04273419,0.14399775,-0.89112223,-0.43030914,-0.00783066,-0.0012297,-0.00536096
-0.115325291,0.416799893,-0.901652956,0.98280409,0.179657081,-0.0426561414,0.144209306,-0.891067492,-0.430351673,-0.00011152646,-0.000556528568,-0.00952277798
-0.115428909,0.41682166,-0.901629582,0.982763508,0.179878185,-0.0426585122,0.144402512,-0.891012663,-0.430400266,0.0040987283,0.000555038452,-0.00695708161
-0.11573851,0.4168724,-0.90156644,0.98273804,0.17994709,-0.04295371,0.14432806,-0.89097502,-0.43050318,-0.00631294,0.00479466,-0.00334751
-0.11584097,0.41718685,-0.90140768,0.98274429,0.17989276,-0.04303633,0.14420246,-0.8908387,-0.4308269,-0.00569555,-0.00110644,-0.01298649
-0.11581777,0.41731112,-0.90135316,0.98275349,0.17984875,-0.04301036,0.14415849,-0.89078939,-0.43094361,-0.00872847,-0.00107312,-0.01721036
-0.11584097,0.41718685,-0.90140768,0.98274429,0.17989276,-0.04303633,0.14420246,-0.8908387,-0.4308269,-0.00630502,-0.00405073,-0.01308343
-0.11588743,0.41689991,-0.90153443,0.98273203,0.1799409,-0.04311439,0.14424845,-0.89096327,-0.43055373,-0.00381652,0.00383562,-0.00487717
-0.1159794,0.41684932,-0.90154601,0.98271759,0.18000055,-0.04319472,0.14427301,-0.89097491,-0.43052147,,,
-0.11605979,0.41684166,-0.90153926,0.98271084,0.18001829,-0.04327506,0.14425466,-0.89097495,-0.43052767,-0.00471273,0.00251383,-0.00593435
-0.116117,0.41691984,-0.90149583,0.98271945,0.17995223,-0.04335545,0.14415046,-0.89095178,-0.43061076,-0.00607916,-0.00129861,-0.01004573
-0.11618556,0.41695508,-0.90147062,0.98272027,0.17992816,-0.04343569,0.14408919,-0.89094009,-0.43065524,-0.00378394,0.00146574,-0.01459283
-0.11626588,0.41683216,-0.90151713,0.98273189,0.17982645,-0.04359405,0.1439452,-0.89101815,-0.43054192,-0.00474482,-0.00343186,-0.00869843
-0.11635784,0.41666632,-0.90158195,0.98273582,0.17976657,-0.04375238,0.14384414,-0.89110782,-0.43039016,-0.00799076,-0.00172842,-0.00461138
-0.11636951,0.416584974,-0.901618058,0.98273431,0.179768595,-0.0437784022,0.143845196,-0.89114546,-0.430311936,-0.00743479282,0.000256419182,-0.00434877584
-0.116461439,0.416457546,-0.901665066,0.982732085,0.179748529,-0.0439106871,0.143786048,-0.891209073,-0.430199976,-0.00382915558,-2.50935555e-05,-0.00421054242
-0.1165417,0.41641147,-0.90167596,0.98273136,0.17972644,-0.04401695,0.14372585,-0.89123505,-0.43016624,-0.00573609,0.0034098,-0.00246971
-0.11662202,0.41644223,-0.90165139,0.98271841,0.17978401,-0.04407127,0.14374939,-0.89120908,-0.43021224,-0.00751919,0.0015524,-0.00564486
-0.11675926,0.4165896,-0.9015655,0.98270775,0.17981549,-0.0441798,0.14371059,-0.89113381,-0.43038095,-0.00411726,-0.00271261,-0.00867765
-0.116828,0.41666334,-0.90152252,0.98270243,0.17983119,-0.04423419,0.14369109,-0.89109617,-0.43046539,,,
-0.116919777,0.416612707,-0.901533975,0.982687866,0.179890841,-0.0443143639,0.143715741,-0.89110777,-0.430433024,-0.00447314931,0.00070387125,-0.00489762705
-0.1169429,0.41645,-0.90160607,0.98268473,0.17989491,-0.0443663,0.14371791,-0.89118294,-0.43027643,-0.00108941,-0.00103277,-0.00761679
-0.117058307,0.416236701,-0.901689779,0.982667244,0.179958397,-0.0444986905,0.143744691,-0.891269911,-0.430087818,-0.000291323639,-0.00307172537,-0.00762718776
-0.11705831,0.4162367,-0.90168978,0.98266724,0.1799584,-0.04449869,0.14374469,-0.89126991,-0.43008782,-0.00181496,0.00231785,-0.00440739
-0.117138642,0.416267445,-0.901665198,0.98265427,0.18001596,-0.0445530026,0.143768222,-0.891243961,-0.430133848,-0.00145639223,-1.07884407e-05,-0.00929232594
-0.11713852,0.41642106,-0.90159421,0.9826297,0.18017543,-0.04444896,0.14393565,-0.89113992,-0.43029319,-0.00215714,0.00241679,-0.01160219
-0.11713836,0.41649785,-0.90155865,0.98261737,0.18025518,-0.04439686,0.14401938,-0.89108782,-0.43037279,-0.00365896,0.0011639,-0.01103118
-0.11693252,0.41658404,-0.90154557,0.98258419,0.18052681,-0.04402609,0.14441254,-0.89099255,-0.43043832,0.00100195,0.00289601,-0.01184271
-0.11686369,0.416548837,-0.901570776,0.982583386,0.180550851,-0.0439456613,0.144473829,-0.891004151,-0.430393787,-0.00167719321,0.000741362572,-0.00978694111
-0.1167033,0.41660265,-0.90156679,0.98259099,0.18055512,-0.04375916,0.14455236,-0.8909782,-0.43042141,-0.0034644,-0.00241613,-0.0131709
-0.11653103,0.41677621,-0.90150879,0.98259381,0.18059725,-0.04352042,0.14467173,-0.89088844,-0.43056691,-0.00907707,-0.00577575,-0.01234545
-0.11643898,0.41686527,-0.90147941,0.98260208,0.18057752,-0.04341398,0.14468907,-0.8908507,-0.4306389,-0.00951918,-0.00605303,-0.01415684
-0.1163471,0.4170312,-0.90141453,0.98259808,0.18063735,-0.0432555,0.14479019,-0.89076091,-0.43079065,-0.0056615,0.00141376,-0.01066557
-0.11627753,0.41744242,-0.90123322,0.98261963,0.18054527,-0.04315126,0.14470021,-0.89058699,-0.43118047,-0.001415,0.00462168,-0.01146741
-0.11621937,0.41773384,-0.90110566,0.98264575,0.18041543,-0.04309915,0.14456937,-0.89047664,-0.43145214,-0.00311566,0.00114948,-0.013616
-0.11595218,0.418389686,-0.900835751,0.982781499,0.179687461,-0.043044859,0.143859325,-0.890315902,-0.43202077,-0.00920188054,1.15036964e-05,-0.0137979779
-0.11583684,0.4184492,-0.900823,0.98282355,0.17946428,-0.04301677,0.14366522,-0.89033299,-0.43205031,-0.00716822,-0.00457156,-0.01172624
-0.11554881,0.41841319,-0.90087659,0.98291102,0.17900441,-0.04293212,0.14329743,-0.89044238,-0.43194663,-0.00422286,-0.0068751,-0.01013525
-0.115388125,0.418121193,-0.901032794,0.982973415,0.178650209,-0.042979698,0.142998922,-0.890650693,-0.431616096,-0.00661857985,0.000298023224,-0.000714259921
-0.11530792,0.41801357,-0.90109307,0.9829985,0.17851293,-0.04297747,0.14289159,-0.89072879,-0.43149066,,,
-0.11510022,0.41800823,-0.90112205,0.98307278,0.17811061,-0.04294675,0.14254726,-0.89081179,-0.43143306,-0.00673469,0.00214952,-0.00841299
-0.11501784,0.41807784,-0.90110022,0.98316224,0.17757825,-0.04310264,0.14199548,-0.89088537,-0.43146297,-0.00425336,0.00794286,-0.00759252
-0.11492355,0.41849775,-0.90091728,0.98321064,0.17732254,-0.04305072,0.14173622,-0.8907391,-0.43184992,-0.00654993,0.00375086,-0.00529893
-0.114808,0.41867253,-0.90085101,0.98323416,0.17721861,-0.04294441,0.14166796,-0.89067781,-0.43199927,-0.00278953,0.00212544,-0.00707209
-0.11480773,0.41863402,-0.90086877,0.98324009,0.17717881,-0.0429703,0.14162596,-0.8907037,-0.4319592,-0.00485317,0.00194412,-0.00467604
-0.11473923,0.41863719,-0.90087605,0.98323322,0.17724277,-0.04286395,0.14172927,-0.8906895,-0.43195466,,,
-0.11465915,0.41876002,-0.90082932,0.98322192,0.17734424,-0.04270579,0.14187346,-0.89061168,-0.4320682,,,
-0.1146472,0.41887971,-0.9007751,0.98321731,0.17738196,-0.04265374,0.14191446,-0.89054782,-0.43218612,,,
-0.11477249,0.41910844,-0.90065275,0.98320843,0.17741127,-0.04273648,0.14187473,-0.89043436,-0.43243289,-0.01007101,0.0053106,-0.00217283
-0.11489754,0.41937553,-0.90051239,0.98319343,0.17748047,-0.04279302,0.14187696,-0.89029475,-0.43271929,-0.00773262,0.00362986,-0.00673667
-0.11503478,0.419715,-0.90033685,0.98315285,0.17771089,-0.04277151,0.14204787,-0.8900889,-0.43308697,-0.00607857,0.0031541,-0.00752346
-0.115058439,0.419821251,-0.90028428,0.983107354,0.17799365,-0.042641209,0.142343238,-0.889982281,-0.433209056,-0.00594350556,0.000384569168,-0.00498192897
-0.115138544,0.419928852,-0.900223719,0.983082304,0.178130981,-0.0426431871,0.142450585,-0.889903937,-0.433334335,-0.00622092979,0.000198662281,-0.00490063429
-0.11515045,0.42000117,-0.9001885,0.9830565,0.17829219,-0.04256498,0.14261922,-0.88983756,-0.4334153,-0.00409918,-0.00367725,-0.00639847
-0.11541514,0.41993094,-0.90018735,0.98301496,0.17846963,-0.04277992,0.14269146,-0.88983512,-0.43339647,-0.00726523,0.00225705,-0.00689968
-0.115563842,0.420035349,-0.900119507,0.982996859,0.178543103,-0.0428882949,0.142695469,-0.889771058,-0.433526516,-0.00767337671,-0.00094974041,-0.0115678925
-0.115793108,0.420093773,-0.900062905,0.982978187,0.178594623,-0.0431031836,0.142639034,-0.889733231,-0.433623054,-0.00379972416,-5.96642494e-05,-0.00884500891
-0.115908827,0.419842391,-0.900165272,0.982966785,0.178618939,-0.0432617454,0.142623454,-0.889846979,-0.433394638,-0.00136819296,0.000913083553,-0.0107760457
-0.11603618,0.41954809,-0.90028596,0.98294769,0.17868516,-0.0434202,0.14265081,-0.8899724,-0.43312773,-0.0029812,0.00197989,-0.0053096
-0.11603618,0.41954809,-0.90028596,0.98294769,0.17868516,-0.0434202,0.14265081,-0.8899724,-0.43312773,-0.00535409,-0.00224131,-0.00354782
-0.116414157,0.419557457,-0.90023291,0.982935008,0.178650904,-0.0438477939,0.142430756,-0.889974944,-0.433195208,-0.00570258312,0.00034058094,-0.00916769635
-0.116381,0.41916316,-0.90042079,0.98294777,0.17856172,-0.04392393,0.14236936,-0.89017856,-0.43279666,-0.00303884,-0.00113988,-0.0076691
-0.116393025,0.419043501,-0.900474991,0.982952312,0.178524092,-0.0439761593,0.142328557,-0.890242492,-0.432678738,-0.00249538594,-0.000158250332,-0.00743216369
-0.116324406,0.418931363,-0.900535946,0.982963616,0.178468464,-0.043947962,0.142306034,-0.890306355,-0.43255449,-0.00026637374,0.00271052122,-0.00688145077
-0.116255811,0.418704207,-0.900650482,0.982993201,0.178293319,-0.0439977119,0.142157909,-0.890448324,-0.432311005,-0.0028954749,-0.000300109386,-0.00674977619
-0.11609533,0.41852747,-0.90075337,0.98303716,0.17805848,-0.04396726,0.14198528,-0.89057843,-0.43209982,-0.00432052,0.00277311,-0.00664318
-0.115809557,0.418006729,-0.901031951,0.983108206,0.17767465,-0.0439319511,0.141726704,-0.890899621,-0.431522281,-0.0043118475,-0.000408947468,-0.0074322219
-0.11563909,0.41738783,-0.901340643,0.98314356,0.17747413,-0.0439504337,0.141620255,-0.891229656,-0.430875094,-0.00536729442,0.000491261482,-0.00381691311
-0.11553701,0.41684254,-0.90160589,0.98317352,0.17728951,-0.04402292,0.14149453,-0.89152145,-0.43031198,,,
-0.115307735,0.416591728,-0.901751203,0.983222581,0.177038726,-0.0439372205,0.141340925,-0.891688541,-0.430016278,-0.00794058107,-5.12599945e-05,-0.00792365335
-0.11509039,0.41645167,-0.90184381,0.98323999,0.17698947,-0.04374802,0.14139794,-0.89176386,-0.42984173,-0.00607273,-0.00360149,-0.00882344
-0.11496622,0.415775942,-0.902171216,0.983226917,0.177076335,-0.0436878785,0.141588725,-0.892061751,-0.429159842,0.000365988846,0.00797182322,-0.00016739819
-0.114852275,0.415504018,-0.902311028,0.983228376,0.17708886,-0.0436046882,0.141671249,-0.892185977,-0.42887436,-0.000506933953,0.00599187613,-0.00357652176
-0.114852314,0.415388657,-0.902364162,0.983246498,0.176969196,-0.0436821652,0.14154554,-0.892263454,-0.428754734,-0.0117420563,0.000269889832,-0.00775590446
-0.114613383,0.414402202,-0.902847958,0.983241049,0.177028548,-0.0435639887,0.141776798,-0.892710253,-0.427747062,-0.00788123999,-0.000765562057,-0.0120814722
-0.114637486,0.413907946,-0.903071639,0.983198024,0.177268258,-0.0435609471,0.142055689,-0.892892,-0.427275045,-0.00932302605,0.00154846907,0.000898254104
-0.114603319,0.413705225,-0.903168833,0.983180577,0.177378311,-0.0435062643,0.14220375,-0.89296407,-0.427075056,-0.0067038564,0.00198966265,0.000278204447
-0.11456928,0.41354097,-0.90324835,0.98315703,0.17752836,-0.04342597,0.14239373,-0.89301032,-0.42691497,-0.00492711,0.00196677,-0.00658955
-0.11461539,0.41336919,-0.90332111,0.98312674,0.17769597,-0.04342591,0.14256552,-0.8930565,-0.42676096,-0.00539155,0.00822872,-0.01412891
-0.11470773,0.41287167,-0.90353699,0.98309052,0.17787141,-0.04352898,0.1427415,-0.89325177,-0.42629344,-0.01131557,0.00117439,-0.00900165
-0.11460434,0.41230199,-0.90381019,0.98303186,0.17824151,-0.04333921,0.14322763,-0.8934411,-0.42573323,-0.00544076,0.0030672,-0.00994038
-0.114604198,0.411970297,-0.903961456,0.982991485,0.178477324,-0.0432846087,0.143504636,-0.893547028,-0.425417536,-0.00664101169,0.00028526783,-0.00663439324
-0.114753168,0.41162789,-0.904098532,0.982951337,0.178666317,-0.0434164654,0.143660515,-0.893667053,-0.425112703,-0.0043085143,-3.80277634e-05,-0.00319885393
-0.11478734,0.41146047,-0.90417036,0.98293459,0.17875205,-0.04344215,0.14374754,-0.89372698,-0.42495717,,,
-0.11506267,0.41123166,-0.90423943,0.98290371,0.17885039,-0.04373474,0.14373841,-0.89381259,-0.42478009,-0.00988775,0.00313777,-0.00954823
-0.11524649,0.41113048,-0.90426219,0.98287505,0.17896905,-0.04389565,0.14378816,-0.8938355,-0.42471548,-0.00311055,0.00169164,-0.01347975
-0.11539519,0.41082634,-0.90438144,0.9828286,0.17919789,-0.04400178,0.14398619,-0.89392949,-0.42445048,-0.00652023,0.00144094,-0.00807936
-0.11554352,0.41056074,-0.90448305,0.98277593,0.17946657,-0.04408204,0.14422611,-0.89399756,-0.42422541,-0.00231802,0.00354725,-0.00705466
-0.11556623,0.41047475,-0.90451919,0.98276065,0.17955026,-0.04408206,0.1443121,-0.89402025,-0.42414839,-0.00251273,0.0025112,-0.00750019
-0.115600346,0.410268729,-0.904608375,0.982750065,0.179595864,-0.0441335361,0.144357375,-0.894105715,-0.423953006,8.73451354e-05,0.00387352705,-0.00849566795
-0.115703184,0.410136548,-0.90465506,0.98273403,0.179657132,-0.0442395205,0.144383486,-0.894153969,-0.423842043,0.00056901935,-0.00312405825,-0.00714401901
-0.115725813,0.41001202,-0.904708613,0.982724879,0.179700863,-0.0442652185,0.144427645,-0.894202292,-0.42372504,-0.00149460952,-0.000870764256,-0.0095944209
-0.115759803,0.409844487,-0.904780222,0.982708107,0.179786405,-0.0442909513,0.14451481,-0.894261935,-0.423569559,-0.000476425164,0.00182360411,-0.00792996679
-0.1157822,0.409719935,-0.904833648,0.982698861,0.179830193,-0.0443165447,0.144558995,-0.894310116,-0.423452419,-0.0064538531,0.000279605389,-0.00393057615
-0.115735621,0.409559933,-0.90491203,0.982688863,0.179898251,-0.0442618496,0.144664162,-0.894369708,-0.423290588,-0.00420671655,0.000515580177,-0.00735853286
-0.1156667,0.40956321,-0.90491947,0.98268192,0.17996264,-0.04415583,0.14476711,-0.89435533,-0.42328606,-0.00435657,0.00102419,-0.01034887
-0.1155976,0.40952787,-0.90494429,0.98268106,0.17998704,-0.04407545,0.14482814,-0.89436661,-0.42324136,-0.00459709,-0.00333357,-0.00834057
-0.115609029,0.409523404,-0.904944953,0.982667296,0.180068791,-0.044049841,0.144912983,-0.894352271,-0.423242888,-0.0044876663,-0.000548958778,-0.00511233089
-0.11553961,0.40944943,-0.90498702,0.98267238,0.18005347,-0.04399504,0.14493223,-0.89438903,-0.4231579,-0.00438332,0.0017584,-0.00753825
-0.11552849,0.40949252,-0.90496912,0.98268019,0.18001145,-0.04399507,0.14488917,-0.89437788,-0.42319666,-0.00260817,-0.00150138,-0.00826899
-0.11551738,0.40953554,-0.90495117,0.98268793,0.17996955,-0.04399515,0.14484615,-0.89436669,-0.4232353,-0.00580189,0.00411266,-0.00744411
-0.11549441,0.40954437,-0.90494984,0.9827154,0.179806,-0.04404636,0.14467639,-0.89439535,-0.42323209,-0.00527994,-0.0012641,-0.00945343
-0.11549468,0.40946737,-0.90498482,0.98272783,0.17972603,-0.04409781,0.14459274,-0.8944468,-0.42315239,-0.00717588,-0.00301892,-0.00895363
-0.11542545,0.40923923,-0.90509676,0.9827577,0.17955056,-0.04414573,0.14444444,-0.89458638,-0.4229077,-0.00559837,-0.0039202,-0.00596742
-0.11541418,0.40908954,-0.905165872,0.982796071,0.179308831,-0.0442739536,0.144192203,-0.89470333,-0.42274636,-0.00533988792,-0.00016027689,-0.00686953729
-0.115483257,0.409047837,-0.905175892,0.98280916,0.179204446,-0.0444055874,0.144047505,-0.894743298,-0.422711054,-0.00381983677,-0.000149488449,-0.00744339172
-0.11556492,0.40921809,-0.90508847,0.98286722,0.17882642,-0.04464323,0.14358485,-0.89474105,-0.42287307,-0.00229127,0.00137621,-0.0105519
-0.115646613,0.409465437,-0.904966282,0.98291301,0.178528303,-0.0448296893,0.143205905,-0.89468751,-0.423115111,-0.000678682816,0.00111502409,-0.00805766694
-0.11560118,0.40963749,-0.90489415,0.98294334,0.17836095,-0.04482969,0.14303383,-0.89464208,-0.42326916,-0.00196763,0.00173682,-0.00777548
-0.11557848,0.40964646,-0.90489299,0.9829707,0.17819726,-0.04488091,0.14286413,-0.89467059,-0.42326622,0.00317718,0.00150603,-0.00489916
-0.115533076,0.409741448,-0.904855819,0.9830132,0.177949857,-0.0449321394,0.142608403,-0.894676363,-0.423340346,0.00330101885,-0.000519573689,-0.00779365702
-0.11549878,0.40983201,-0.90481916,0.98304199,0.17778424,-0.04495761,0.14243751,-0.89466779,-0.42341593,-0.00567866,-0.00400394,-0.01074354
-0.11540721,0.40984409,-0.90482546,0.98306251,0.17768488,-0.04490295,0.14237063,-0.89468206,-0.4234085,-0.00364,-0.0022158,-0.0107736
-0.115395559,0.409809956,-0.904842243,0.983082077,0.177563032,-0.0449540463,0.142243855,-0.894721765,-0.423366767,-0.000228081306,-0.000390291214,-0.0054031536
-0.1152926,0.40982654,-0.90484798,0.9831162,0.17738186,-0.0449249,0.14209222,-0.8947502,-0.42335793,0.00333037,0.00265938,-0.00295808
-0.11525828,0.409955529,-0.904793854,0.983138798,0.17725633,-0.0449248423,0.141963225,-0.894715934,-0.423473429,0.000977247255,0.00610989332,0.000332852476
-0.11522449,0.410632945,-0.904490948,0.983259249,0.176539557,-0.0451111252,0.141154308,-0.894547008,-0.424100315,-0.00613998715,0.000607252121,-0.00278611062
-0.1151099,0.41080796,-0.90442616,0.98328268,0.17643641,-0.04500532,0.14108521,-0.89448708,-0.42424997,-0.00252602,-0.00363785,-0.00998334
-0.11505235,0.41076799,-0.90445159,0.98326842,0.1765427,-0.04489927,0.14123116,-0.89448442,-0.42420685,-0.00213942,-0.0056926,-0.00277302
-0.11499494,0.41084361,-0.90442455,0.9832361,0.17676893,-0.04471654,0.14150269,-0.89440501,-0.42428382,,,
-0.11502921,0.41123906,-0.9042403,0.98322315,0.17685894,-0.04464322,0.14156388,-0.89420535,-0.42468366,,,
-0.11500653,0.41144055,-0.90415171,0.98322026,0.17689502,-0.0445665,0.14160352,-0.89410566,-0.4248808,-0.00262792,0.00193828,-0.0082051
-0.11504074,0.4117974,-0.90398477,0.98321337,0.17694498,-0.04451861,0.1416229,-0.89393139,-0.42524058,-0.0073131,0.00332576,-0.00524176
-0.1150868,0.41214984,-0.90381842,0.98319308,0.17707668,-0.0444451,0.14172719,-0.89374298,-0.42560211,-0.01117677,0.00336617,-0.01158966
-0.11509812,0.41222234,-0.90378379,0.98316732,0.17723849,-0.04436798,0.14189579,-0.89367737,-0.42568335,-0.00604829,0.00445598,-0.01004761
-0.11502917,0.41237943,-0.90372085,0.98313626,0.1774626,-0.0441591,0.14216631,-0.89356038,-0.42583851,-0.00399362,0.00334591,-0.01139451
-0.11497173,0.41249354,-0.90367603,0.98309756,0.17772851,-0.04395015,0.14247977,-0.89345481,-0.4259551,,,
-0.11497197,0.41257055,-0.90364099,0.98308552,0.17780829,-0.04389883,0.14256351,-0.89340349,-0.42603512,,,
-0.115029248,0.412802855,-0.903527554,0.983069573,0.177901842,-0.043876235,0.142626969,-0.893277511,-0.426277834,-0.00168019149,-0.000364005566,-0.00607061153
-0.11513239,0.413194926,-0.903335154,0.983063528,0.177927234,-0.0439082624,0.142585225,-0.893091143,-0.42668203,-0.000602063141,-0.00275844336,-0.0110006072
-0.115189901,0.413311849,-0.903274433,0.9830659,0.177901005,-0.0439629503,0.142523054,-0.89304234,-0.426805206,-0.0038742125,-0.000559031963,-0.0113565363
-0.11535035,0.41329662,-0.90326076,0.98305222,0.17793625,-0.04412357,0.14248665,-0.89304225,-0.42681712,-0.00648461,0.00134462,-0.00877637
-0.11545371,0.41312612,-0.90332555,0.98304239,0.17795775,-0.04425539,0.14247065,-0.89311684,-0.42666632,-0.00271051,0.00251144,-0.00587602
-0.11553424,0.41308007,-0.90333642,0.98304174,0.17793535,-0.04436158,0.1424106,-0.89314269,-0.42663258,-0.0029242,0.00148565,-0.00469428
-0.115671896,0.413073928,-0.903321607,0.983055371,0.17780692,-0.0445738102,0.142204548,-0.893171102,-0.426641803,0.000597591163,0.00417035818,-0.00756805297
-0.11575221,0.41302788,-0.90333236,0.98305459,0.17778458,-0.04467988,0.14214451,-0.89319683,-0.42660791,-0.00384037,0.0012477,-0.00800387
-0.115786874,0.412860489,-0.90340451,0.983037978,0.177870204,-0.0447056184,0.142231592,-0.893257228,-0.426452597,4.50399239e-06,0.00228208303,-0.00589433732
-0.115786874,0.412860489,-0.90340451,0.983037978,0.177870204,-0.0447056184,0.142231592,-0.893257228,-0.426452597,-0.000280292938,-0.00144487619,-0.0075553637
-0.115798357,0.412855988,-0.903405071,0.983024324,0.177952024,-0.0446798611,0.142316428,-0.893242994,-0.426454041,-0.00132494397,-0.000526368618,-0.0116042141
-0.115729615,0.412782127,-0.903447677,0.983029674,0.177936338,-0.0446252996,0.14233569,-0.893280288,-0.426369614,0.000492501305,0.000433027744,-0.0108485194
-0.115741088,0.412700678,-0.90348339,0.983028138,0.177938273,-0.0446510115,0.1423368,-0.893317515,-0.426291168,-0.000786697143,0.00109738111,-0.0104993274
-0.11575256,0.41261923,-0.9035191,0.98302661,0.1779402,-0.04467672,0.14233791,-0.89335474,-0.42621272,-0.0035376,0.00132233,-0.00607907
-0.11566076,0.41266978,-0.9035078,0.98304103,0.17788075,-0.04459641,0.14231309,-0.89334325,-0.42624517,-0.0042477,-0.00107259,-0.01030774
-0.115649244,0.412481882,-0.903595068,0.983084927,0.177599193,-0.0447507066,0.142018932,-0.893486035,-0.426043955,-0.00585973356,0.000942289829,-0.00770017179
-0.11566082,0.41232347,-0.90366592,0.98309553,0.17752117,-0.04482783,0.14193631,-0.89357468,-0.42588564,-0.00705089,0.00277203,-0.00619156
-0.1157412,0.4121235,-0.90374687,0.98311891,0.17733885,-0.04503664,0.14170885,-0.89370315,-0.42569186,-0.00794461,0.00455612,-0.00322767
-0.11579835,0.41200943,-0.90379146,0.98315722,0.17707278,-0.04524529,0.1413954,-0.89380842,-0.42557479,-0.00741159,-0.00178033,-0.00801333
-0.11585572,0.41189549,-0.9038361,0.98319553,0.17680666,-0.0454539,0.14108203,-0.89391365,-0.4254579,-0.00463499,0.00332457,-0.00398977
-0.11602777,0.41168354,-0.90391051,0.9831982,0.17672364,-0.04571701,0.14092141,-0.89402764,-0.42527136,-0.00421825,0.00343448,-0.00459233
-0.11610803,0.41159907,-0.90393863,0.98320328,0.17666117,-0.04584854,0.14081962,-0.89407884,-0.42519731,-0.00821681,0.00387186,-0.0039776
-0.116360494,0.411379575,-0.904005977,0.9831989,0.176595636,-0.0461919996,0.140640972,-0.894192722,-0.425016638,-0.00298352912,-0.000339329243,-0.0042516645
-0.11652128,0.41136456,-0.90399221,0.98318513,0.17663058,-0.0463527,0.14060479,-0.89419281,-0.42502872,-0.00273616,0.00193793,-0.00846165
-0.11671642,0.41122049,-0.90403258,0.9831487,0.17679108,-0.04651329,0.14069765,-0.89422736,-0.42492529,-0.00248152,-0.00291497,-0.0033613
-0.11692315,0.41107185,-0.90407356,0.98309877,0.17703335,-0.04664834,0.14087538,-0.89424783,-0.42482354,-0.00331308,0.0020296,-0.00572562
-0.11694608,0.41106273,-0.9040747,0.98307167,0.17719708,-0.04659709,0.14104507,-0.89421957,-0.42482663,-0.00502403,-0.00482959,-0.00323431
-0.117014963,0.410881438,-0.904148162,0.983014341,0.177528175,-0.0465458912,0.141386916,-0.894237194,-0.424675789,0.000636149431,-0.00534689426,-0.00526846061
-0.11719826,0.41056355,-0.90426883,0.98292728,0.17800206,-0.04657488,0.14183976,-0.894289,-0.42441564,0.00458801,0.00583965,-0.0036522
-0.11740459,0.41093919,-0.90407124,0.9828867,0.17820926,-0.0466362,0.14194911,-0.89407505,-0.42482917,-0.00258713,0.00210983,-0.0121395
-0.11739326,0.41105914,-0.90401825,0.98288226,0.17824744,-0.04658495,0.1419897,-0.89401235,-0.42494774,-0.00181038,0.00540096,-0.0128709
-0.11716397,0.4111543,-0.90400484,0.98287751,0.17835686,-0.04626705,0.14221257,-0.89394685,-0.42501131,-0.00146615,-0.00110602,-0.01601946
-0.11689989,0.41093109,-0.90414045,0.98287333,0.17845604,-0.04597151,0.14245817,-0.89402965,-0.42475468,-0.00224599,-0.00544661,-0.01269553
-0.11652071,0.41028151,-0.9044844,0.98289508,0.17840754,-0.04569488,0.14261908,-0.89433766,-0.42405185,,,
-0.11636016,0.41018121,-0.90455062,0.98292713,0.17825257,-0.04561118,0.14252967,-0.89441461,-0.42391977,-0.00592931,0.00364596,-0.00737085
-0.11625669,0.41027482,-0.90452122,0.982949,0.17815157,-0.04553071,0.14246166,-0.89439161,-0.42399047,-0.00775448,0.00129682,-0.01333136
-0.11603914,0.41054354,-0.90442732,0.98299466,0.17794739,-0.04534449,0.14232455,-0.89430902,-0.42421093,-0.00770137,0.00512666,-0.01686565
-0.11577543,0.41057534,-0.90444686,0.98304264,0.1777311,-0.04515474,0.14220897,-0.89433757,-0.42419001,-0.01247421,0.00134128,-0.01192062
-0.11561447,0.41055195,-0.90447791,0.98306227,0.17765624,-0.04501953,0.14220325,-0.89436306,-0.42413774,-0.00799541,0.00430232,-0.00961555
-0.11531578,0.41038065,-0.90459376,0.98309261,0.1775501,-0.04477485,0.14223593,-0.89446274,-0.42391648,-0.00951099,0.00324172,-0.00761274
-0.11514375,0.41036173,-0.90462434,0.98312596,0.17739326,-0.04466538,0.14214531,-0.8945026,-0.423863,-0.00533525,0.00223893,-0.00684395
-0.11490284,0.41075477,-0.90447648,0.98318022,0.17714525,-0.04445338,0.14196422,-0.89437127,-0.42420043,-0.00510064,0.00117105,-0.00684442
-0.11490309,0.41108668,-0.90432577,0.98322028,0.17690948,-0.04450814,0.14168713,-0.89426553,-0.42451623,-0.00823234,0.00211829,-0.00696386
-0.11486854,0.41121562,-0.90427144,0.9832428,0.1767839,-0.04450812,0.14155817,-0.89423101,-0.42463169,-0.00683641,0.00205296,-0.00650981
-0.11482264,0.4113105,-0.90423415,0.98328497,0.17653643,-0.04455937,0.14130252,-0.89423629,-0.42470581,-0.0088352,0.00338584,-0.00821322
-0.11479971,0.41128093,-0.90425057,0.98331807,0.1763327,-0.04463621,0.14109095,-0.89429012,-0.42466293,-0.00456517,-0.00154418,-0.00563463
-0.114719343,0.411211391,-0.904292401,0.983336887,0.176235184,-0.0446070264,0.141025248,-0.894341329,-0.424576933,-0.0055974978,0.000433027744,-0.00307867071
-0.114719,0.41113429,-0.90432729,0.98334875,0.17615527,-0.04465805,0.14094146,-0.89439236,-0.42449668,-0.00482504,0.00140268,-0.00274702
-0.1147078,0.41117734,-0.904309327,0.983356379,0.176113344,-0.044658174,0.140898525,-0.894380968,-0.424535445,-0.000499507063,0.0036098361,-0.00366715249
-0.11469626,0.41125877,-0.90427374,0.98335787,0.17611141,-0.04463261,0.14089737,-0.8943439,-0.42461387,-0.00426069,0.00153488,-0.00310756
-0.11474221,0.41149579,-0.90416016,0.98335563,0.17612329,-0.04463625,0.14087609,-0.89423258,-0.42485551,-0.00538601,0.00359482,-0.00324076
-0.114707398,0.411778688,-0.904035634,0.983354034,0.176157651,-0.0445337284,0.14091472,-0.894095477,-0.425130798,-0.00561447488,0.000662267208,-0.00761581352
-0.11469581,0.41189865,-0.90398242,0.98334951,0.17619573,-0.04448248,0.14095552,-0.89403269,-0.42524922,-0.00124077,0.00214642,-0.00694857
-0.114695841,0.411975657,-0.903947345,0.983337514,0.176275665,-0.0444312547,0.141039284,-0.893981465,-0.425329176,-0.00185653497,-0.000635802746,-0.00615086732
-0.11459272,0.41181438,-0.90403391,0.98330748,0.17648996,-0.04424485,0.1413322,-0.89401349,-0.4251646,-0.0044138,0.00405735,-0.00476061
-0.11457003,0.41187667,-0.90400849,0.98323445,0.17696149,-0.04398505,0.14185829,-0.89389164,-0.42524583,,,
-0.11459299,0.41209886,-0.9039043,0.98317091,0.17736487,-0.04377967,0.14227932,-0.89370926,-0.42548838,-0.0023966,0.00154418,-0.00628203
-0.11452393,0.41221757,-0.90385882,0.98314574,0.17754908,-0.04359638,0.14250805,-0.89361785,-0.42560352,-0.00252635,0.00146717,-0.00547202
-0.11447802,0.41240436,-0.90377948,0.98308113,0.17797656,-0.04331026,0.14299019,-0.89344666,-0.42580132,-0.00277205,-0.00204015,-0.01065879
-0.114443566,0.412509749,-0.903735779,0.983014773,0.178405899,-0.0430497016,0.143473366,-0.893312391,-0.42592058,-0.00633934047,0.000460088253,-0.00677993568
-0.11446624,0.412539329,-0.903719173,0.982981005,0.17860963,-0.0429723285,0.143685022,-0.893257846,-0.425962997,-0.0038036867,-0.000898420811,-0.00642317068
-0.11436289,0.41245544,-0.90377072,0.98293804,0.17890359,-0.04273424,0.14406181,-0.89323789,-0.42587804,-0.00647446,-0.00170934,-0.00692403
-0.11425915,0.41237163,-0.90382216,0.98289488,0.1791975,-0.04249594,0.14443855,-0.89321772,-0.42579292,-0.00398994,-0.00208968,-0.01117575
-0.11428205,0.41232427,-0.9038409,0.98287347,0.17932115,-0.04247018,0.14456633,-0.8932148,-0.42575579,-0.00231754,-0.00307626,-0.00896488
-0.11416685,0.412244771,-0.903891663,0.982843826,0.179533459,-0.0422578059,0.144858224,-0.893208798,-0.425668988,-0.00283248443,5.91278076e-05,-0.0114127845
-0.114143197,0.412037679,-0.903988998,0.982812149,0.179725431,-0.0421772606,0.145091132,-0.89326569,-0.425470033,-0.00755694136,0.000145554543,-0.0119265392
-0.11408554,0.41192092,-0.9040495,0.98280968,0.17975177,-0.04212264,0.14515326,-0.89331425,-0.42534691,-0.00185799,0.00235361,-0.0093098
-0.11391253,0.41164771,-0.90419584,0.9827899,0.17991057,-0.04190718,0.1454234,-0.89340828,-0.42505729,-0.0054615,0.00174683,-0.00889861
-0.113797001,0.411414155,-0.904316709,0.98278492,0.179963325,-0.0417978242,0.14554765,-0.89350526,-0.424810931,-0.0043433914,0.00064855814,-0.00900572911
-0.11375051,0.41125433,-0.90439516,0.98277465,0.18003172,-0.0417432,0.14565271,-0.89356499,-0.42464901,-0.00430458,0.00244516,-0.01016778
-0.11363466,0.4109822,-0.9045334,0.98277585,0.18004452,-0.04165946,0.14573494,-0.89368759,-0.42436266,-0.00431725,0.00104016,-0.00966626
-0.11358814,0.41082247,-0.90461183,0.98276567,0.18011281,-0.04160478,0.14583997,-0.89374729,-0.42420089,-0.00995757,0.00125688,-0.00824013
-0.113519225,0.410825847,-0.904619106,0.982758495,0.180177034,-0.0414986401,0.145942948,-0.893732913,-0.424196199,-0.00973006152,-0.000281751156,-0.0143215824
-0.11346102,0.41086326,-0.90460926,0.98273093,0.18036299,-0.04134069,0.14617264,-0.89367808,-0.42423219,-0.00859501,-0.00576621,-0.01551937
-0.113414501,0.410819283,-0.904635055,0.982701931,0.18055109,-0.0412086983,0.146403488,-0.893660315,-0.424189995,0.000249518082,1.51991844e-05,-0.0110165514
-0.11342579,0.41085349,-0.90461811,0.98268174,0.18067272,-0.04115712,0.14653024,-0.89362001,-0.42423116,-0.00214777,0.00299257,-0.00791714
-0.11339174,0.41105953,-0.90452872,0.98269234,0.18062667,-0.04110537,0.1464852,-0.89353452,-0.42442658,0.00179893,0.00144237,-0.00923741
-0.113358016,0.411072661,-0.904527037,0.982734197,0.180381318,-0.0411828616,0.146230608,-0.893578088,-0.424422814,-0.00580575876,-7.58171082e-05,-0.00988593977
-0.11334685,0.41096129,-0.90457912,0.98276687,0.18017988,-0.04128608,0.14602,-0.89367001,-0.42430198,-0.00861296,-0.00109315,-0.012653
-0.113266044,0.410698844,-0.904708229,0.982816876,0.179883278,-0.0413858314,0.145744672,-0.893850243,-0.424016358,-0.00524398871,-0.00054371357,-0.0104243271
-0.11304743,0.41040449,-0.9048693,0.9828587,0.1796752,-0.04129893,0.14563331,-0.8940274,-0.42368145,-0.00606333,-0.00565982,-0.0114653
-0.11290884,0.41017954,-0.90498852,0.98288132,0.17956455,-0.0412407,0.14558772,-0.8941528,-0.4234322,-0.00665341,-0.0077948,-0.00955752
-0.11281567,0.40970555,-0.90521487,0.9828858,0.17954176,-0.04123405,0.14563004,-0.8943747,-0.42294889,,,
-0.1126545,0.40972091,-0.90522801,0.98289896,0.17950674,-0.04107287,0.14566612,-0.89437471,-0.4229365,-0.0025423,0.00546211,-0.00394992
-0.11264328,0.40980245,-0.90519252,0.98290042,0.1795047,-0.0410472,0.14566509,-0.89433777,-0.42301501,-0.00098845,0.0077098,-0.00605559
-0.11244836,0.41002378,-0.90511648,0.98292401,0.17942378,-0.04083473,0.1456562,-0.89425253,-0.42319812,-0.00328496,0.00307351,-0.01094858
-0.11228722,0.41003908,-0.90512951,0.98293704,0.17938883,-0.04067363,0.14569231,-0.89425249,-0.42318564,-0.00655208,0.00333709,-0.00939989
-0.11222918,0.40984503,-0.90522456,0.98294688,0.17933557,-0.04067016,0.14567045,-0.8943521,-0.42298255,-0.00656971,0.00173587,-0.00854068
-0.111974617,0.409463494,-0.905428765,0.982951941,0.179357608,-0.0404508102,0.145832379,-0.894522461,-0.422566416,-0.00447811279,0.000228524208,-0.00908861123
-0.11162791,0.4091325,-0.90562119,0.98297103,0.17932044,-0.04015059,0.14596945,-0.89468135,-0.42218254,-0.00499142,-0.00401098,-0.00786394
-0.11156984,0.40897702,-0.9056986,0.98297469,0.17930708,-0.04012136,0.14598945,-0.89475514,-0.42201931,-0.00387093,-0.00287861,-0.00502018
-0.11141982,0.40883345,-0.90578183,0.98299862,0.1791945,-0.04003711,0.14594258,-0.89484326,-0.42184852,-0.00646296,0.00140637,-0.00424273
-0.11132814,0.40872945,-0.90584011,0.98303766,0.17897554,-0.04005913,0.14574988,-0.89493464,-0.42172146,-0.00857886,0.00305158,-0.00554953
-0.11124741,0.40862114,-0.90589881,0.9830627,0.17883848,-0.04005534,0.14564206,-0.89501143,-0.42159549,-0.00530215,0.00453275,-0.0097849
-0.11108612,0.40828843,-0.90606853,0.98313142,0.1784445,-0.04012454,0.14530047,-0.89524183,-0.42122384,-0.00540613,-0.00179285,-0.01456855
-0.11096993,0.40774531,-0.9063274,0.98317591,0.17817826,-0.04021908,0.14508867,-0.89554241,-0.42065778,-0.00333815,0.00236326,-0.00927678
-0.11083095,0.40744259,-0.90648049,0.9832107,0.1779879,-0.04021093,0.14495886,-0.895718,-0.42032845,,,
-0.11069225,0.40706252,-0.90666826,0.9832579,0.17771755,-0.04025383,0.14474503,-0.89594452,-0.41991939,,,
-0.1106227,0.40671762,-0.90683145,0.98330608,0.17742254,-0.04037705,0.14447023,-0.89615955,-0.41955484,-0.00700147,0.00212938,-0.00569301
