0,1,2,3,4,5,6,7,8,9,10,11,12,13,14
0.05121905,-0.99848674,0.02002273,0.98104529,0.0465523,-0.18810396,0.1868872,0.02927772,0.981945,-0.00441137,0.00774193,-0.00512862,,,
0.0514359857,-0.998479783,0.0198085011,0.9810237,0.0468040323,-0.18815365,0.186940507,0.0291104703,0.981939828,-0.000431198627,0.00895011425,-0.00605996046,,,
0.05175124,-0.99847271,0.01933966,0.98099611,0.04720015,-0.18819871,0.18699845,0.02871164,0.98194054,0.001358,0.00645578,-0.00576369,,,
0.0520663205,-0.998469399,0.0186543373,0.981008953,0.0476430563,-0.188020215,0.186843679,0.028089595,0.981987991,-0.00371813169,0.00499820709,-7.79681141e-05,,,
0.052218909,-0.998469373,0.0182242778,0.981020223,0.0478767083,-0.187902021,0.186741892,0.027690426,0.98201869,-0.00507535599,0.00347876549,-0.00088165974,,,
0.05245933,-0.99847577,0.0171484,0.98107561,0.04832495,-0.18749734,0.18638287,0.02665985,0.98211541,,,,,,
0.0527976642,-0.99848075,0.0157629793,0.981134886,0.0489278126,-0.18703015,0.18597477,0.0253403531,0.982227697,-0.00546678016,-0.000868141651,-0.00209937012,,,
0.05293952,-0.99848337,0.01510366,0.98116588,0.04919575,-0.18679685,0.18577054,0.02470811,0.98228245,-0.00789266,-0.00122982,0.00154238,,,
0.05329744,-0.99848261,0.01384982,0.98124562,0.04979434,-0.186219,0.1852468,0.02351506,0.98241064,-0.01128363,-0.00163597,0.00575012,,,
0.05381442,-0.99846406,0.0131726,0.98130011,0.05043865,-0.185758,0.18480828,0.02292273,0.98250723,-0.01110308,-0.00296706,0.00694655,,,
0.05411523,-0.99844888,0.01308973,0.98130596,0.05075233,-0.18564156,0.18468928,0.02289106,0.98253034,-0.0078434,-0.00352395,0.00493837,,,
0.054652477,-0.998423241,0.0128163521,0.981330273,0.0513375356,-0.185352299,0.184402071,0.022707047,0.982588555,0.00084557099,-0.00487297773,-0.00300253648,,,
0.05502021,-0.99841099,0.01217052,0.9813187,0.05181977,-0.1852786,0.18435353,0.02213722,0.98261066,-0.00258871,0.00118238,-0.00792101,,,
0.05504328,-0.99841554,0.01168697,0.98132507,0.05193306,-0.18521342,0.18431302,0.02166347,0.98262882,-0.0051964,0.00587595,-0.00235053,,,
0.05542313,-0.9984101,0.01027356,0.98134969,0.05257345,-0.18490214,0.18406805,0.02032981,0.98270324,-0.01922772,-0.00251019,-0.00146352,,,
0.0554977643,-0.998404597,0.0103933925,0.981356936,0.0526258781,-0.184848164,0.18400632,0.020458267,0.982712129,-0.00993159786,0.000301420689,-0.00597747788,,,
0.05572157,-0.99838943,0.01064451,0.98139886,0.05280543,-0.18457387,0.18371455,0.02073122,0.982761,0.00532793,-0.00100166,-0.00999608,,,
0.05557238,-0.99840584,0.0098619,0.98148408,0.05281184,-0.18411866,0.18330434,0.01991119,0.98285455,-0.00504976,-0.00230134,-0.00856467,,,
0.0551762195,-0.998434699,0.00914870135,0.981551014,0.0525586971,-0.183834579,0.183065982,0.0191232109,0.982914619,-0.0152684525,0.000502943993,-0.00662350934,,,
0.05485258,-0.99845339,0.00906366,0.98165887,0.0522656,-0.18334203,0.18258474,0.01895422,0.9830074,-0.0186788,0.00528848,-0.00528129,,,
0.05484018,-0.99845189,0.00928813,0.98172209,0.05221878,-0.18301592,0.18224759,0.01915498,0.98306607,-0.00617056,0.00637519,-0.00528139,,,
0.05478095,-0.99845053,0.00977397,0.98190131,0.05209047,-0.18208885,0.18129759,0.01957207,0.9832335,0.01449967,0.0076977,-0.01051614,,,
0.05452828,-0.9984639,0.00982666,0.98213733,0.05185648,-0.18087903,0.1800916,0.01951416,0.98345626,0.02210856,0.00417507,-0.01199673,,,
0.05444049,-0.9984708,0.00960419,0.98225145,0.05182217,-0.18026787,0.1794945,0.0192476,0.98357067,0.0172234,-0.00124502,-0.00396375,,,
0.05395385,-0.9985071,0.00852075,0.98258055,0.05156971,-0.17853871,0.17783275,0.01800517,0.98389599,0.01516989,-0.00921011,-0.00835124,,,
0.0534971,-0.99853877,0.00763374,0.98293623,0.05131075,-0.17664501,0.17599521,0.01695347,0.98424502,0.01199712,-0.02061719,-0.00286398,,,
0.05332063,-0.99854997,0.00740346,0.9831214,0.0511945,-0.17564558,0.17501188,0.01664403,0.98442563,0.00850908,-0.01242757,-0.00589547,,,
0.05314932,-0.9985601,0.00725524,0.98343292,0.05108047,-0.17392596,0.17330494,0.01637907,0.984732,0.01966764,-0.00779498,-0.01822449,,,
0.05311478,-0.99856061,0.00744371,0.98371762,0.05104071,-0.17232057,0.17169261,0.01647527,0.9850128,0.01409231,0.00288785,-0.0195846,,,
0.0530939615,-0.998559891,0.00768198396,0.983893624,0.0509961285,-0.171325915,0.170687451,0.0166546133,0.985184458,0.0261586476,0.000331997871,-0.017875256,,,
0.0531526459,-0.998547527,0.00880449947,0.984222292,0.0508959532,-0.169457863,0.168763627,0.0176727093,0.985498103,0.0275297891,0.000594139099,-0.0165653862,,,
0.05329878,-0.99852556,0.01028712,0.98455462,0.05082703,-0.16753715,0.16676727,0.01905774,0.98581209,0.02864128,0.0028733,-0.01804197,,,
0.05347418,-0.99850897,0.01097055,0.98469082,0.05090251,-0.1667121,0.1659051,0.01971739,0.98594458,0.04078517,-0.01129627,-0.02598297,,,
0.05464946,-0.99844533,0.01096666,0.98472718,0.05207383,-0.16613432,0.16530497,0.01987831,0.98604215,0.09007559,0.0250752,-0.01115384,,,
0.05514107,-0.99842389,0.01044597,0.98482136,0.05265945,-0.16538978,0.16457904,0.01940718,0.98617296,0.0241913,0.02442634,-0.01425357,,,
0.05533228,-0.99841997,0.00978706,0.98494768,0.05297278,-0.16453525,0.16375684,0.01874385,0.98632265,-0.00738769,0.00851011,-0.01345586,,,
0.05566019,-0.99840235,0.00973642,0.98527191,0.05334385,-0.16246168,0.16168273,0.01863567,0.98666682,0.01437712,0.01470232,-0.01927341,,,
0.05582802,-0.99837688,0.01126075,0.9856623,0.05331141,-0.16008653,0.15922637,0.02003661,0.98703875,0.02591192,0.02454019,-0.0224474,,,
0.05617602,-0.99834801,0.01206364,0.98590049,0.05356001,-0.15852945,0.15762143,0.02079911,0.98728055,0.03467602,0.01184201,-0.01658852,,,
0.05710351,-0.99826927,0.01406077,0.98643841,0.05424484,-0.15490907,0.15387823,0.02271594,0.98782867,0.03790979,0.00183856,-0.00717635,,,
0.05830714,-0.99815786,0.01676461,0.98696907,0.05511446,-0.15117652,0.14997407,0.02536081,0.98836461,0.04066706,-0.0063796,-0.00755245,,,
0.05906189,-0.99808979,0.01811891,0.98725019,0.05571363,-0.14910696,0.14781267,0.02669443,0.98865506,0.03956598,-0.01487738,-0.00746871,,,
0.06343929,-0.99767351,0.02495909,0.98834607,0.05933923,-0.14018143,0.13837425,0.03356122,0.9898112,0.05331288,-0.02042103,-0.01292506,,,
0.06473153,-0.99754375,0.02676284,0.98861156,0.06045457,-0.13781286,0.13585643,0.03537888,0.99009664,0.05252043,-0.02520639,-0.00344069,,,
0.06762241,-0.99725237,0.03024588,0.98906404,0.06302299,-0.13334284,0.13107029,0.03893207,0.99060833,0.05145283,-0.02083325,-0.00454464,,,
0.07062265,-0.99693903,0.03354064,0.98941512,0.06573722,-0.12936885,0.12676799,0.04232199,0.99102912,0.04721939,-0.01421028,-0.0058911,,,
0.07201077,-0.9967845,0.03514421,0.98955987,0.06698971,-0.12760739,0.12484276,0.04396641,0.99120192,0.04155207,-0.01099354,-0.0045007,,,
0.0744142878,-0.996479999,0.038600455,0.989833438,0.0691023315,-0.124316139,0.121211176,0.0474589126,0.991491554,0.0316646472,0.00282084942,-0.000394621864,,,
0.07608344,-0.99618873,0.04265257,0.99006406,0.07040404,-0.1217224,0.11825557,0.05148983,0.99164732,0.02379299,0.02103972,0.00182104,,,
0.07667862,-0.99603826,0.04503478,0.99016802,0.07077123,-0.12065937,0.11699418,0.05384399,0.99167191,0.02068123,0.02488482,0.00496141,,,
0.07721508,-0.99574418,0.05031195,0.99040144,0.07080275,-0.11870928,0.11464185,0.05899517,0.99165358,0.02359675,0.00872433,0.00562913,,,
0.07678963,-0.99546747,0.05610611,0.990663,0.06981914,-0.11709885,0.11265081,0.06457423,0.99153415,0.03587684,-0.00451303,0.0096192,,,
0.07678963,-0.99546747,0.05610611,0.990663,0.06981914,-0.11709885,0.11265081,0.06457423,0.99153415,0.03587684,-0.00451303,0.0096192,,,
0.07678963,-0.99546747,0.05610611,0.990663,0.06981914,-0.11709885,0.11265081,0.06457423,0.99153415,0.03587684,-0.00451303,0.0096192,,,
0.07678963,-0.99546747,0.05610611,0.990663,0.06981914,-0.11709885,0.11265081,0.06457423,0.99153415,0.03587684,-0.00451303,0.0096192,,,
0.07678963,-0.99546747,0.05610611,0.990663,0.06981914,-0.11709885,0.11265081,0.06457423,0.99153415,0.03587684,-0.00451303,0.0096192,,,
0.07217359,-0.99484518,0.0712313,0.99154225,0.0638435,-0.11299483,0.10786472,0.07878408,0.99103899,0.0190778,-0.04043382,0.02560395,,,
0.07217359,-0.99484518,0.0712313,0.99154225,0.0638435,-0.11299483,0.10786472,0.07878408,0.99103899,0.0190778,-0.04043382,0.02560395,,,
0.07217359,-0.99484518,0.0712313,0.99154225,0.0638435,-0.11299483,0.10786472,0.07878408,0.99103899,0.0190778,-0.04043382,0.02560395,,,
0.07045121,-0.99484157,0.07298428,0.9917521,0.06200297,-0.11217496,0.10707109,0.08028517,0.99100458,-0.02598283,0.0257678,0.02240815,,,
0.07073619,-0.99485023,0.07259102,0.99171273,0.06231522,-0.11235085,0.10724874,0.07993671,0.99101354,-0.03076953,0.05270076,0.0280449,,,
0.07158358,-0.99492719,0.07067832,0.99163225,0.06335625,-0.11247762,0.10742915,0.07813844,0.99113741,-0.02857231,0.02760506,0.02252051,,,
0.07150826,-0.99499473,0.06979895,0.99163072,0.06337598,-0.11248042,0.10749386,0.07725806,0.99119941,-0.02587126,-0.00500846,0.0263325,,,
0.0712064,-0.99504717,0.06935753,0.99165297,0.06312729,-0.11242343,0.10748829,0.07678386,0.99123686,-0.03241619,-0.01977569,0.02763686,,,
0.07023968,-0.99518893,0.06830335,0.99168801,0.06226468,-0.11259651,0.10780192,0.07564436,0.99129041,-0.03060644,-0.03260857,0.02001881,,,
0.06911954,-0.99542378,0.06598437,0.99167873,0.06135739,-0.11317475,0.10860821,0.07325788,0.99138163,-0.03847209,-0.02571005,0.01127678,,,
0.06739295,-0.99595951,0.05935406,0.99156097,0.06025454,-0.114788,0.11074784,0.06658907,0.99161525,-0.07284664,-0.00539511,0.01689149,,,
0.06661442,-0.99630495,0.05421179,0.99137308,0.05994229,-0.11656016,0.11287989,0.0615087,0.99170298,-0.09127533,-0.00901794,0.0140884,,,
0.0662249,-0.99644233,0.05212436,0.9912581,0.05972633,-0.11764414,0.1141124,0.05945967,0.9916869,-0.10810207,-0.00458068,0.01279021,,,
0.0654253469,-0.996601595,0.0500470546,0.990978115,0.0590133919,-0.120331692,0.116969316,0.0574682759,0.991471419,-0.119807392,0.0126508474,0.000230101869,,,
0.06446181,-0.99662876,0.05075015,0.99066932,0.05779122,-0.12342711,0.12007811,0.05823294,0.99105508,-0.09718449,0.025406,-0.01550075,,,
0.0638551,-0.99661395,0.05179819,0.99052297,0.05696939,-0.12497448,0.12160041,0.05928755,0.99080691,-0.08368338,0.023386,-0.02156334,,,
0.06224221,-0.99656845,0.05456285,0.9902204,0.05482183,-0.12828876,0.12485731,0.06201422,0.99023476,-0.05976809,0.03177035,-0.03863912,,,
0.05989701,-0.99658431,0.05685001,0.98993304,0.05198773,-0.13164237,0.12823723,0.06416268,0.98966578,-0.04769132,0.03225732,-0.04770479,,,
0.058443,-0.9966304,0.0575508,0.98980557,0.05034949,-0.13322797,0.12988141,0.06475034,0.98941306,-0.05177708,0.03645968,-0.04125604,,,
0.05523569,-0.99675834,0.05849654,0.98962407,0.04686941,-0.13582151,0.13263952,0.06539178,0.98900489,-0.05883924,0.05017686,-0.03467155,,,
0.05217653,-0.9968889,0.05907732,0.98960132,0.04367347,-0.13704687,0.13404039,0.06561362,0.98880131,-0.03918695,0.02454746,-0.03808007,,,
0.05062739,-0.99695471,0.05931551,0.98964043,0.04208941,-0.13726053,0.13434596,0.06565018,0.98875741,-0.03253096,0.01666617,-0.03410698,,,
0.04805898,-0.99708261,0.05930224,0.9897406,0.03953928,-0.13729655,0.13455121,0.06529217,0.98875321,-0.01591671,0.02691209,-0.04464619,,,
0.04589973,-0.99731938,0.05698495,0.98988845,0.03774501,-0.136734,0.13421657,0.0626848,0.98896741,0.0012646,0.02529657,-0.04683718,,,
0.04495699,-0.99745274,0.05538036,0.98997614,0.03705306,-0.13628791,0.13388873,0.06095233,0.98912013,0.01176085,0.01786196,-0.04854681,,,
0.04319507,-0.99779137,0.05046242,0.99019608,0.03604107,-0.13495422,0.13283745,0.05579704,0.98956602,0.02099047,-0.0052588,-0.0456182,,,
0.04147056,-0.99817934,0.04379382,0.99041155,0.03528788,-0.13356435,0.13177581,0.04891288,0.99007205,-0.01611653,0.00336814,-0.01909867,,,
0.03884587,-0.99852161,0.03801698,0.99075963,0.03354048,-0.13141571,0.12994634,0.04277063,0.99059811,-0.02452048,0.02555203,-0.01206519,,,
0.037653046,-0.998572256,0.0378903128,0.99101406,0.0324442527,-0.12976318,0.12834859,0.0424358108,0.990820792,0.0112520456,0.000293076038,-0.0118422657,,,
0.03712081,-0.99857587,0.03831611,0.99135476,0.03196956,-0.12725376,0.1258476,0.04270861,0.99112984,0.03287561,-0.00706899,-0.00976633,,,
0.0373239,-0.99861762,0.03700875,0.99157965,0.03241445,-0.1253753,0.12400238,0.04137661,0.99141888,0.03893299,-0.01925588,0.00270113,,,
0.03750074,-0.9986483,0.03599009,0.99169045,0.03275599,-0.12440704,0.12305999,0.04035638,0.99157834,0.03185429,-0.02342898,0.00546863,,,
0.03807782,-0.99871436,0.0334608,0.99191376,0.03371926,-0.12235208,0.12106651,0.03784912,0.99192255,0.02288014,-0.01503801,0.01932216,,,
0.04041146,-0.99873107,0.03005126,0.99222466,0.03656858,-0.11896584,0.11771596,0.03462518,0.99244347,-0.02123077,-0.00264537,0.02664605,,,
0.04327681,-0.99863766,0.02915128,0.99236229,0.03959447,-0.11682988,0.1155165,0.03398465,0.99272402,-0.03008489,-0.00489062,0.01804115,,,
0.04675781,-0.99848918,0.02886193,0.9924573,0.04315865,-0.11474231,0.11332332,0.03400933,0.99297593,-0.01809487,0.01145041,0.01819527,,,
0.04864538,-0.99840418,0.02868001,0.99249848,0.04509334,-0.1136362,0.11216159,0.03399274,0.99310839,-0.0171732,0.01285017,0.02022374,,,
0.05258884,-0.9982199,0.02813074,0.99257071,0.04915476,-0.1112973,0.10971643,0.03377474,0.99338893,-0.02715962,0.01792943,0.03398035,,,
0.05657926,-0.99801576,0.02762813,0.99260755,0.05325352,-0.10906098,0.10737328,0.03359448,0.99365104,-0.03431083,0.02246249,0.03569364,,,
0.05840272,-0.99791365,0.02752036,0.99264042,0.05512047,-0.10782686,0.10608497,0.03361519,0.99378871,-0.03114015,0.02346337,0.04268679,,,
0.06171717,-0.99773753,0.02665865,0.99269602,0.0585875,-0.10546079,0.10366034,0.03297267,0.99406606,-0.01965532,0.00364876,0.03908575,,,
0.0644328,-0.99761861,0.02460472,0.99272473,0.06156465,-0.10347594,0.10171475,0.03109295,0.99432758,-0.03071828,0.01907706,0.03416487,,,
0.06576833,-0.99756441,0.02322996,0.99271425,0.06305762,-0.10267434,0.10095945,0.02981343,0.99444374,-0.03315556,0.03136206,0.02867168,,,
0.06810675,-0.99748546,0.01959738,0.99270369,0.06579504,-0.10104562,0.09950214,0.02633628,0.99468876,-0.03810653,0.02502477,0.02699834,,,
0.0702932,-0.99740638,0.01546704,0.99267078,0.06841463,-0.09961936,0.09830282,0.02235624,0.9949054,-0.03819353,0.00859141,0.02851554,,,
0.07123563,-0.99736744,0.01354832,0.9926457,0.06955248,-0.09907999,0.09787684,0.0205067,0.99498724,-0.04687876,0.01860905,0.02860911,,,
0.07321339,-0.99725736,0.0108334,0.9925678,0.07180178,-0.09825204,0.09720472,0.01794624,0.99510259,-0.07307926,0.04506373,0.03631587,,,
0.0755191,-0.99708889,0.01050909,0.9924606,0.07413991,-0.09759639,0.09653314,0.01780025,0.99517059,-0.06175086,0.03194082,0.03210921,,,
0.07690996,-0.99697572,0.01114684,0.992391,0.07546856,-0.09728608,0.09615062,0.01854429,0.99519403,-0.03403987,0.01273108,0.02666709,,,
0.07944821,-0.99676282,0.01231935,0.99226383,0.07789486,-0.09666849,0.09539594,0.01990418,0.99524039,0.01612775,-0.01655889,0.01059873,,,
0.08203748,-0.99657664,0.01023203,0.99213952,0.0806902,-0.09564576,0.09449271,0.01799814,0.99536285,0.01163232,-0.01262438,0.03054058,,,
0.08343888,-0.99649876,0.00530224,0.99206881,0.08256366,-0.09477692,0.09400732,0.01316827,0.99548442,-0.00925158,-0.02671891,0.03068488,,,
0.08490295,-0.9963877,-0.00168021,0.99196113,0.08468432,-0.09402908,0.09383172,0.00631663,0.99556803,-0.02304859,-0.02476496,0.02217695,,,
0.08549234,-0.99632451,-0.00533887,0.99189896,0.08561545,-0.09384261,0.09395478,0.0027272,0.99557273,-0.0461927,-0.00791657,0.01899388,,,
0.08657168,-0.99617763,-0.01164908,0.99175895,0.08728439,-0.09378625,0.09444454,-0.00343384,0.9955242,-0.045614,0.00244868,0.01414415,,,
0.08775001,-0.9960005,-0.01681775,0.99161389,0.08894665,-0.09375654,0.09487745,-0.00844958,0.9954531,-0.04001379,-0.01829165,0.02035786,,,
0.08807652,-0.99593171,-0.01903848,0.99153968,0.08948557,-0.09402813,0.09534927,-0.01059575,0.99538749,-0.03984334,-0.00345337,0.01056085,,,
0.08834225,-0.99581959,-0.02321555,0.99135149,0.09016879,-0.09535088,0.09704559,-0.01459126,0.99517297,-0.04055403,0.0329181,-0.0073128,,,
0.08834179,-0.99573391,-0.02664209,0.99118058,0.09052723,-0.09677799,0.09877696,-0.01785758,0.99494936,-0.04497569,0.03579509,-0.01044128,,,
0.08823826,-0.99571762,-0.02757567,0.99110545,0.09053086,-0.09754047,0.09961921,-0.0187236,0.99484946,-0.04251642,0.02044141,-0.01566495,,,
0.08792326,-0.9957334,-0.02800713,0.9910376,0.09027801,-0.09845943,0.10056778,-0.01909925,0.99474687,-0.02242666,-0.01976216,-0.02557184,,,
0.08754408,-0.99576659,-0.02801728,0.99102291,0.08991093,-0.09894275,0.10104295,-0.01910391,0.99469863,-0.00463086,-0.02141792,-0.02103471,,,
0.08742901,-0.99576183,-0.02854058,0.99098971,0.08985683,-0.09932349,0.1014671,-0.01959967,0.99464581,-0.00362434,0.01144838,-0.02118625,,,
0.08736046,-0.99570308,-0.03071668,0.99090567,0.0900247,-0.10000747,0.102343,-0.02170063,0.99451244,-0.01282579,0.03663433,-0.02411781,,,
0.08787717,-0.9955564,-0.03383901,0.99087614,0.09084792,-0.09955478,0.1021866,-0.02478167,0.99445652,0.01523274,-0.02652365,-0.02074823,,,
0.08820599,-0.99543792,-0.03637276,0.99088218,0.09141862,-0.09897001,0.10184366,-0.02731138,0.99442544,0.01746676,-0.03696269,-0.02192232,,,
0.08872218,-0.9951265,-0.04303062,0.99086122,0.0925836,-0.09809346,0.10159933,-0.03393431,0.99424647,-0.02288802,0.01941168,-0.01142059,,,
0.08912062,-0.99481234,-0.04905018,0.99081195,0.09357685,-0.09764753,0.10173093,-0.03989709,0.99401159,-0.08685025,0.05615485,0.00127154,,,
0.0894340842,-0.994705794,-0.0506167654,0.990804697,0.0940336605,-0.0972823204,0.101526964,-0.0414509639,0.99396886,-0.0908132419,0.0351212025,-0.000503165647,,,
0.09053191,-0.99461712,-0.05040478,0.99083746,0.09505041,-0.09595022,0.10022473,-0.0412564,0.99410911,-0.02404143,-0.01131326,0.00597039,,,
0.0920105,-0.99448701,-0.05029547,0.99089063,0.09643191,-0.09400339,0.09833524,-0.04118802,0.99430062,0.0532607,-0.04954123,0.01644125,,,
0.09239591,-0.99436244,-0.05202231,0.99090906,0.09695458,-0.09326859,0.09778658,-0.04293174,0.99428097,0.04898996,-0.03181154,0.02586365,,,
0.09240213,-0.99395927,-0.05921844,0.99089363,0.09764094,-0.09271496,0.09793703,-0.05011212,0.99393013,-0.02063703,0.00678313,0.01349331,,,
0.09233059,-0.99352561,-0.06619544,0.9908707,0.09823556,-0.09233054,0.0982355,-0.05706619,0.99352566,-0.06076341,-0.0019002,0.01578487,,,
0.09122424,-0.99312484,-0.07335648,0.99093842,0.09782209,-0.09204285,0.09858593,-0.06429521,0.99304931,-0.00893001,-0.05493361,0.01713885,,,
0.08953262,-0.99289827,-0.07833769,0.99086986,0.09675723,-0.09388733,0.10080031,-0.06921649,0.99249603,-0.0302465,-0.00799435,0.01275803,,,
0.08856165,-0.99285397,-0.0799848,0.99079463,0.09606203,-0.09538261,0.10238451,-0.07080129,0.99222205,-0.06220268,0.01005542,0.0034733,,,
0.08704793,-0.99302941,-0.07946923,0.99059476,0.09473547,-0.09872856,0.10556892,-0.07012767,0.99193614,-0.07764437,-0.0161441,-0.00430097,,,
0.08683733,-0.99329836,-0.0762741,0.99029831,0.09440489,-0.10196597,0.10848328,-0.06667966,0.99185947,-0.00614898,-0.04887474,-0.02397392,,,
0.08693018,-0.9933396,-0.07562825,0.99011306,0.09453759,-0.10362824,0.11008774,-0.06587209,0.99173664,0.00961002,-0.04043955,-0.01929487,,,
0.08703274,-0.99318346,-0.07753618,0.98962007,0.09512958,-0.10771457,0.11435631,-0.06735667,0.99115373,-0.02824831,-0.00693089,-0.0244348,,,
0.08727422,-0.99298511,-0.07977278,0.9891111,0.09590193,-0.11163321,0.11850048,-0.06916145,0.99054244,-0.12678899,0.01755929,-0.02244811,,,
0.08784831,-0.99299735,-0.07898733,0.98887544,0.09648848,-0.1132051,0.12003373,-0.06816375,0.99042698,-0.14864439,-0.00234663,-0.02545153,,,
0.08981771,-0.99326167,-0.07323988,0.9884428,0.09791551,-0.11573007,0.12212156,-0.06199882,0.99057684,-0.07922043,-0.02200592,-0.02980786,,,
0.09211505,-0.99341896,-0.0680699,0.98802474,0.09968463,-0.11777099,0.12378146,-0.05640627,0.99070504,0.00934375,-0.04401982,-0.04783024,,,
0.0931045,-0.99337399,-0.06737712,0.98784258,0.10062343,-0.11849883,0.12449338,-0.05552522,0.99066561,0.00903143,-0.04773599,-0.0562436,,,
0.09451606,-0.99314353,-0.06879329,0.98749184,0.10228941,-0.11998596,0.12620011,-0.05659223,0.99038924,-0.04780554,-0.04583895,-0.05159085,,,
0.09477229,-0.99305347,-0.06973542,0.98729032,0.10273723,-0.1212555,0.12757761,-0.05735744,0.99016871,-0.10636503,-0.08016688,-0.03298793,,,
0.09465068,-0.99312517,-0.06887432,0.98726676,0.10252714,-0.12162468,0.12785002,-0.05648547,0.9901837,-0.10689177,-0.09271544,-0.01600352,,,
0.0949196,-0.9933124,-0.06573218,0.98713797,0.10245112,-0.12272878,0.12864236,-0.05323736,0.99026104,-0.06630874,-0.06138831,-0.02115573,,,
0.09552,-0.99334791,-0.06431083,0.98692152,0.10293379,-0.12405873,0.12985324,-0.05161965,0.99018864,-0.04792641,-0.01223809,-0.02957536,,,
0.09578723,-0.99331775,-0.06437826,0.98678366,0.10325131,-0.12488828,0.13070089,-0.05156472,0.99007998,-0.05683927,-0.01912987,-0.03377614,,,
0.09600807,-0.99331791,-0.06404748,0.98652913,0.10351909,-0.12666555,0.13244929,-0.05102378,0.98987563,-0.08210899,-0.05378664,-0.02784423,,,
0.0955155,-0.99360005,-0.06029746,0.98629421,0.1026523,-0.12917538,0.13453834,-0.04713278,0.98978681,-0.10188292,0.0118196,-0.00997015,,,
0.0952454,-0.993813,-0.05713074,0.98618924,0.10201525,-0.13047435,0.13549532,-0.04391465,0.98980428,-0.09015711,0.07302999,0.00329142,,,
0.0984628,-0.99412987,-0.0448423,0.98560966,0.10364233,-0.13353582,0.13739951,-0.0310487,0.99002897,-0.03000407,0.22305989,-0.0154195,,,
0.10032032,-0.99400217,-0.04353785,0.9855311,0.10528342,-0.13283028,0.1366174,-0.02958233,0.99018209,0.00555803,0.17489576,-0.02208473,,,
0.10341947,-0.99366225,-0.04404097,0.98561185,0.10833206,-0.12974328,0.13369206,-0.02998934,0.99056906,0.06101179,0.07948637,-0.01650012,,,
0.10488045,-0.99341312,-0.04615633,0.98604545,0.10991201,-0.12503466,0.12928421,-0.03239855,0.99107816,0.06245928,0.0197984,0.02855743,,,
0.10540988,-0.99329709,-0.04742957,0.98635456,0.11050058,-0.12204188,0.12646484,-0.03391796,0.99139105,0.05518823,-0.01258713,0.06075682,,,
0.1071249,-0.99294021,-0.05093218,0.98694026,0.11239669,-0.11539492,0.12030486,-0.03790534,0.99201307,0.09492398,-0.08891159,0.06875373,,,
0.10978104,-0.99226571,-0.05793788,0.98730107,0.11559446,-0.10896983,0.11482433,-0.04523931,0.99235517,0.11155898,-0.12652022,0.02665788,,,
0.1113008,-0.99177154,-0.06325627,0.98735043,0.11758831,-0.10635852,0.11292155,-0.05061832,0.99231372,0.08609132,-0.10055947,0.00375369,,,
0.11483478,-0.99053648,-0.0751688,0.98720184,0.12222213,-0.10244113,0.11065897,-0.06244299,0.99189489,0.04054179,-0.0560708,-0.04886503,,,
0.1183976,-0.98930124,-0.08523563,0.98692575,0.12669689,-0.09962681,0.10936001,-0.07232566,0.99136743,0.01356694,-0.01202577,-0.04773786,,,
0.120012761,-0.988789424,-0.0888386716,0.986777293,0.128628782,-0.0986159686,0.108937638,-0.0758288193,0.991152148,0.000418976881,0.010560751,-0.0476736948,,,
0.12278927,-0.98816292,-0.09196023,0.98652403,0.13162934,-0.09717979,0.10813413,-0.07878836,0.99100929,0.12631662,0.08251858,-0.08549153,,,
0.12476275,-0.98790669,-0.09205667,0.98638768,0.13351503,-0.0959838,0.10711399,-0.07882838,0.99111688,0.05531324,0.10130727,-0.03435022,,,
0.12511501,-0.98785464,-0.09213761,0.98636252,0.13385805,-0.09576471,0.10693498,-0.07889949,0.99113056,0.05787377,0.09658718,-0.04600631,,,
0.12457493,-0.98828254,-0.08819684,0.98639515,0.13296411,-0.0966702,0.10726449,-0.07495425,0.99140112,0.02141826,0.08948338,-0.03061002,,,
0.12298216,-0.98947781,-0.07621818,0.98655394,0.13022579,-0.09875582,0.10764226,-0.06304812,0.99218853,0.04752095,0.074296,0.00356786,,,
0.12225818,-0.99014689,-0.06827825,0.98665994,0.12870192,-0.09968862,0.10749392,-0.05517968,0.99267329,0.08677728,0.04580855,0.0116853,,,
0.12063145,-0.99127824,-0.05306046,0.98691516,0.12551803,-0.10121069,0.106988,-0.04015699,0.99344903,0.15919784,-0.01426405,0.00959137,,,
0.119735038,-0.991941699,-0.0414147057,0.987149425,0.123395802,-0.101535613,0.10582781,-0.028725133,0.993969487,0.166635811,-0.0739737749,0.000203412026,,,
0.119538013,-0.992109003,-0.037821133,0.987219212,0.122820327,-0.10155512,0.105398951,-0.0251980484,0.994110718,0.150326028,-0.0679513216,0.000398309901,,,
0.11963941,-0.99225344,-0.03345791,0.98720321,0.1224741,-0.10212657,0.10543318,-0.0208114,0.9942086,0.05367431,-0.02281678,0.00736699,,,
0.12092654,-0.99220294,-0.03016443,0.9870387,0.12341576,-0.10258147,0.10550441,-0.01736865,0.99426714,-0.02059667,0.02516127,0.03395442,,,
0.12224551,-0.9920984,-0.02822576,0.98687514,0.12452697,-0.10281236,0.10551486,-0.01528696,0.99430022,-0.00807888,0.04251182,0.0290095,,,
0.12547379,-0.99181473,-0.02366169,0.98655024,0.12725527,-0.10259017,0.10476152,-0.01047107,0.99444225,0.00259307,0.03465891,0.028457,,,
0.12547379,-0.99181473,-0.02366169,0.98655024,0.12725527,-0.10259017,0.10476152,-0.01047107,0.99444225,0.00259307,0.03465891,0.028457,,,
0.12871874,-0.99156013,-0.01548662,0.98623649,0.12963061,-0.10263199,0.10377333,-0.00206282,0.99459883,0.0134712,0.0152477,0.04713669,,,
0.12960789,-0.99151998,-0.00947914,0.98613925,0.12989149,-0.10323523,0.10359106,0.00403235,0.9946118,0.00982367,-0.01376379,0.04575665,,,
0.13007689,-0.99149511,-0.0041754,0.98603685,0.12980014,-0.10432274,0.10397745,0.00945288,0.99453473,0.00556634,-0.02417141,0.04586688,,,
0.13039054,-0.9914606,-0.00206648,0.98596352,0.12988625,-0.10490754,0.1042801,0.01164148,0.99447983,0.00468353,-0.02158296,0.04794397,,,
0.13077451,-0.99141161,0.00104043,0.98580905,0.12992393,-0.10630297,0.10525482,0.01492739,0.99433324,0.0015331,-0.01972383,0.04675817,,,
0.130983743,-0.991378401,0.00348379805,0.985609248,0.129841144,-0.108239083,0.106853548,0.0176112243,0.994118788,-0.000608959701,-0.00404709578,0.029754607,,,
0.1310613,-0.99136305,0.00471029,0.98551507,0.12976944,-0.10917832,0.1076241,0.01895111,0.99401102,0.00339245,-0.00967681,0.0245889,,,
0.13118084,-0.99133721,0.00648863,0.98531825,0.12965737,-0.11107149,0.109268,0.02096382,0.99379124,-0.00662984,-0.02498323,0.03180329,,,
0.13115715,-0.99133015,0.00788774,0.98510812,0.12943343,-0.11317629,0.11117414,0.02261415,0.99354361,-0.02116225,-0.00701362,0.02720042,,,
0.1310737,-0.9913363,0.00847885,0.98498705,0.12925552,-0.1144263,0.11233901,0.02334983,0.99339556,-0.02153588,0.01031923,0.02599239,,,
0.13056495,-0.99139279,0.00964547,0.98478987,0.12855818,-0.11688285,0.11463682,0.02475956,0.99309887,-0.01848592,0.00683999,0.01746686,,,
0.12945161,-0.9915137,0.01194926,0.98458946,0.12709994,-0.12012128,0.11758315,0.02731501,0.99268731,-0.00978931,-0.00403297,0.00835085,,,
0.12843374,-0.99161757,0.01411775,0.98448471,0.12576783,-0.12236114,0.1195599,0.02961401,0.99238523,-0.00151649,-0.00468314,0.01039182,,,
0.126905866,-0.991785121,0.0160312814,0.984482828,0.123963864,-0.124202853,0.121195255,0.0315445826,0.992127334,0.0222015232,0.00169509649,0.000439991243,,,
0.12603008,-0.99188896,0.01651292,0.98448569,0.12300627,-0.12512932,0.1220832,0.03202679,0.99200301,0.02427756,0.00594151,-0.00229006,,,
0.12447243,-0.99210064,0.01558932,0.98446203,0.1215223,-0.1267554,0.12385966,0.03112465,0.99181149,0.01028977,-0.00777686,-0.01216855,,,
0.12324207,-0.99228889,0.0131921,0.98440441,0.12055959,-0.12811412,0.12553579,0.02877541,0.99167169,-0.002638,-0.01539224,-0.00995076,,,
0.12267426,-0.99237633,0.01183859,0.98437125,0.12014873,-0.12875338,0.12634942,0.02744828,0.99160598,-0.00958471,-0.01411802,-0.00951507,,,
0.12155906,-0.99253762,0.00961272,0.98430439,0.11929113,-0.13005547,0.12793824,0.02527126,0.99146012,-0.01247766,-0.01455688,-0.00539119,,,
0.12042748,-0.99267735,0.00942545,0.98422367,0.11815146,-0.13169643,0.12961844,0.02513662,0.99124528,-0.00846577,0.00302637,-0.01433301,,,
0.119902794,-0.99273567,0.00994917387,0.984197353,0.117544288,-0.132433701,0.130302208,0.0256711078,0.991141931,0.000390727073,0.0113563538,-0.0135997143,,,
0.11893435,-0.99283705,0.01135862,0.98414441,0.11636155,-0.13386404,0.13158348,0.02709955,0.99093461,0.01578868,0.01408362,-0.01628225,,,
0.11811957,-0.99292662,0.01201688,0.98412651,0.11544141,-0.13478948,0.13244883,0.0277474,0.99080139,0.01783846,0.01125193,-0.01303069,,,
0.11774136,-0.99297509,0.01172277,0.98412754,0.1150976,-0.13507595,0.13277779,0.02744072,0.9907659,0.01831879,0.00450587,-0.00946235,,,
0.11714194,-0.99306742,0.00973914,0.98412283,0.11475898,-0.13539794,0.13334163,0.02544529,0.99074343,0.00875514,-0.00776231,-0.01832919,,,
0.11611674,-0.99321811,0.00587407,0.9841023,0.11424681,-0.13597843,0.13438516,0.02157005,0.99069438,-0.01237318,0.00333011,-0.00943911,,,
0.11553087,-0.99329503,0.00419508,0.98410579,0.1138866,-0.13625573,0.13486437,0.01987014,0.99066482,-0.015048,0.00513721,0.0013811,,,
0.11505752,-0.99335298,0.00341619,0.98410409,0.11351656,-0.13657661,0.13528098,0.01907606,0.99062362,-0.0070979,0.00227892,0.00557604,,,
0.1147443,-0.99338998,0.00318835,0.98411266,0.11323379,-0.13674963,0.13548468,0.01882894,0.99060051,-0.00960085,0.00543892,0.00823696,,,
0.114392374,-0.993432341,0.00257023815,0.984090932,0.112961936,-0.137130142,0.135939176,0.0182159931,0.990549705,0.000928599213,0.0055629015,0.00463711936,,,
0.11400081,-0.99347979,0.00129261,0.98407573,0.11274291,-0.13741884,0.13637711,0.01693788,0.99051219,-0.00243757,0.00395775,-0.00555425,,,
0.113815408,-0.993501861,0.000377362412,0.984064853,0.112682061,-0.137546921,0.136610597,0.0160263105,0.990495181,-0.00433359155,0.00398433208,-0.0030397079,,,
0.11236727,-0.99365951,-0.00375671,0.98402094,0.1118012,-0.13857495,0.13811634,0.01187459,0.99034482,-0.01182458,0.00120133,0.00306234,,,
0.11178066,-0.99372311,-0.00440254,0.98403028,0.11130576,-0.13890767,0.13852579,0.01119495,0.99029555,-0.01551604,-0.00589019,0.00195114,,,
0.11051597,-0.9938615,-0.00504643,0.98402199,0.11013218,-0.13989832,0.13959533,0.01049519,0.99015302,-0.01600815,0.00266874,-0.00723962,,,
0.10933638,-0.99399044,-0.00532601,0.98401321,0.1089936,-0.14084814,0.14058222,0.01015894,0.99001688,-0.00993832,0.01280665,-0.00838505,,,
0.10894923,-0.99403171,-0.00556767,0.98400279,0.10864087,-0.14119362,0.14095581,0.00990433,0.98996634,-0.00281555,0.01016951,-0.01806651,,,
0.108298945,-0.994095239,-0.00679407961,0.983971207,0.108164986,-0.141778574,0.141676274,0.00866930359,0.989875082,0.0132839289,0.000641644001,-0.0146733141,,,
0.10747947,-0.99417125,-0.00846622,0.98391186,0.10758493,-0.14262866,0.14270815,0.00699963,0.98974006,0.01765387,0.00706172,-0.00776932,,,
0.10692239,-0.9942232,-0.00936981,0.98390424,0.10716032,-0.14300025,0.14317824,0.00607093,0.9896783,0.00424475,0.00274253,-0.00790879,,,
0.105708143,-0.994338321,-0.0108121824,0.983883855,0.10616127,-0.143882439,0.144215672,0.00457159912,0.989535719,-0.0094677275,0.0111854076,-0.000886436435,,,
0.10444796,-0.99446404,-0.011484,0.98390459,0.10500857,-0.14458547,0.14499097,0.00380249,0.98942567,-0.01820794,0.00706875,-0.00259536,,,
0.10400384,-0.99450855,-0.01165794,0.98389711,0.10459311,-0.14493691,0.14536034,0.00360378,0.98937222,-0.0148894,0.00785136,0.00206028,,,
0.10344882,-0.99455517,-0.01258834,0.98378662,0.10417648,-0.14598378,0.14650033,0.00271762,0.98920689,0.00625255,0.00247824,-0.01080005,,,
0.10340241,-0.99455342,-0.01308895,0.98377087,0.10420373,-0.14606965,0.146638,0.00222741,0.98918771,0.00512038,-0.00287771,-0.01287602,,,
0.10322795,-0.99455673,-0.01417114,0.98371345,0.10418944,-0.14646615,0.14714538,0.00117905,0.98911417,-0.00245756,-0.00934327,-0.00935861,,,
0.102989973,-0.994566245,-0.0151990731,0.983645509,0.10410529,-0.146981504,0.14776515,0.000187117997,0.989022459,-0.0136739565,0.00822925568,-0.0101787252,,,
0.102889575,-0.994571596,-0.0155236175,0.983619289,0.104053986,-0.147192961,0.148009239,-0.000124716132,0.98898597,-0.0137966676,0.00997948647,-0.0101412162,,,
0.103000315,-0.994553354,-0.0159571802,0.983546569,0.104227876,-0.147555981,0.148415474,-0.000496311456,0.988924973,-0.00973537751,0.00776338577,-0.00893897936,,,
0.102837143,-0.994567524,-0.01611866,0.983493373,0.104090777,-0.148005895,0.148879672,-0.000632104252,0.988855117,-0.00903942157,0.00817549229,-0.0146188941,,,
0.102765113,-0.994574778,-0.0161317112,0.983474794,0.104021605,-0.148178017,0.149052173,-0.000637609879,0.988829127,-0.00776161533,0.00725436211,-0.0116330124,,,
0.102409811,-0.994614548,-0.0159401809,0.983467881,0.103641874,-0.14848989,0.149342278,-0.000469837816,0.988785448,-0.00917099323,0.0105565786,-0.0076770829,,,
0.102044787,-0.994655669,-0.0157077748,0.983436238,0.103246369,-0.148973576,0.149799199,-0.000245636979,0.988716409,-0.0192255229,0.0137218237,-0.00577302743,,,
0.101929524,-0.994670376,-0.0155309054,0.98342296,0.103105926,-0.149159126,0.149965493,-6.97306894e-05,0.988691229,-0.017843945,0.0122070312,-0.00172194908,,,
0.101790336,-0.994693866,-0.0149202874,0.983414639,0.10287665,-0.149371408,0.15011379,0.000531718133,0.988668582,0.0,0.0,0.0,0.0,0.0,0.0
0.101348219,-0.994745153,-0.0145119258,0.983442567,0.102378112,-0.149530656,0.150230601,0.000883018238,0.988650589,0.00793668535,-0.00468891859,-0.0031029149,,,
0.101107982,-0.994769835,-0.0144971881,0.9834484,0.10213828,-0.149656387,0.150354376,0.000874220299,0.988631781,0.00220550317,-0.000312268734,-0.00558609609,,,
0.100261881,-0.994851298,-0.0147781684,0.983509394,0.101343992,-0.14979523,0.150521662,0.000484279458,0.988606592,-0.018574072,7.9870224e-05,0.00164541905,,,
0.0993625683,-0.994935069,-0.0152087987,0.983608105,0.100519751,-0.149702685,0.150473234,-8.4652889e-05,0.98861408,-0.0283598583,0.0037112236,-0.00200841809,,,
0.0991220222,-0.994955828,-0.0154115466,0.983646256,0.100312418,-0.149590279,0.150381705,-0.000331836591,0.988627953,-0.0221584737,-0.00329101086,-0.000729576219,,,
0.0986214265,-0.994994418,-0.0161155493,0.983731076,0.0999230719,-0.149292795,0.150155829,-0.00112991577,0.988661695,-0.0119290566,-0.000716984272,0.00955198426,,,
0.09813016,-0.9950326,-0.0167525,0.98382394,0.09953237,-0.14894236,0.14986992,-0.00186577,0.98870396,-0.0083519,-0.00897157,0.00999862,,,
0.09782677,-0.99505708,-0.01706424,0.98387549,0.09927874,-0.14877036,0.14972913,-0.00223537,0.98872453,-0.01162118,-0.00583416,0.00527913,,,
0.09729206,-0.99510369,-0.01740296,0.98395668,0.09880018,-0.14855216,0.14954422,-0.00267082,0.98875143,-0.01758737,-0.00349444,0.0029861,,,
0.0966849024,-0.995153686,-0.0179181776,0.984043049,0.0982761376,-0.14832724,0.149369337,-0.00329126253,0.988775995,-0.00855699554,0.0114710331,-0.000748377643,,,
0.09638123,-0.99517844,-0.01817595,0.98408612,0.09801395,-0.14821476,0.14928164,-0.00360159,0.98878816,-0.00471264,0.01118636,0.00321517,,,
0.09557551,-0.99524335,-0.01886741,0.98417198,0.09731996,-0.14810234,0.14923405,-0.00441382,0.98879205,-0.00641731,0.00391865,0.00876367,,,
0.09453781,-0.99533186,-0.01942288,0.98426189,0.09637682,-0.1481222,0.14930265,-0.00511403,0.98877832,-0.00668182,0.00107825,0.00495617,,,
0.0939492262,-0.995386461,-0.0194767655,0.984313883,0.095802972,-0.1481485,0.149330942,-0.00525281314,0.98877332,-0.00730876252,-0.00062084198,0.00429936359,,,
0.0928343343,-0.995496421,-0.0192026224,0.984362656,0.0946616663,-0.148557759,0.149706464,-0.00511107708,0.988717276,-0.000385152583,0.0068782568,0.000459922507,,,
0.09166543,-0.99560919,-0.01897013,0.98443161,0.09347253,-0.14885353,0.14997312,-0.00503007,0.98867728,0.00302673,0.01620972,-0.01043265,,,
0.08972063,-0.99577342,-0.01963411,0.98456011,0.09165087,-0.14913583,0.15030497,-0.0059504,0.98862177,-0.00192173,0.01033151,-0.00615421,,,
0.08839369,-0.99587845,-0.02031594,0.98470233,0.09044,-0.14893619,0.15015971,-0.00684013,0.98863809,-0.0129674,0.00294125,0.00146723,,,
0.08775998,-0.99593496,-0.02029048,0.98477227,0.08980901,-0.14885524,0.15007241,-0.00691797,0.9886508,-0.01656808,-0.00312388,-0.0013781,,,
0.086721,-0.99603894,-0.01964283,0.98490404,0.08868321,-0.14865817,0.14981132,-0.00645452,0.98869354,0.00567808,-0.00637376,-0.00349646,,,
0.0859035483,-0.996115179,-0.0193642548,0.985048837,0.0878302596,-0.148204178,0.14932921,-0.00634348511,0.988767185,0.0230390374,-0.00570034981,0.000695634168,,,
0.08559797,-0.99613429,-0.01973387,0.98510576,0.08758171,-0.1479731,0.14912941,-0.00677375,0.98879449,0.02403776,-0.00345588,-0.00334692,,,
0.08490676,-0.99616034,-0.02134236,0.9852044,0.08713479,-0.14758013,0.14887313,-0.00849603,0.98881981,0.00602301,0.00117278,0.00518344,,,
0.08437402,-0.99616495,-0.02315588,0.98528898,0.08687376,-0.14716774,0.148615,-0.01039812,0.98884046,,,,,,
0.08420713,-0.99616242,-0.02386494,0.98531598,0.0868125,-0.14702371,0.14853127,-0.01113407,0.98884503,,,,,,
0.08382986,-0.99616953,-0.02487313,0.98534128,0.08658869,-0.14698578,0.14857649,-0.01218674,0.98882582,0.00279392,0.00693977,0.0077744,,,
0.0835358137,-0.99618193,-0.0253615669,0.985328509,0.0863731731,-0.147198113,0.148826667,-0.0126931713,0.988781829,0.000497214962,0.0132745504,0.014523467,,,
0.08351533,-0.99618303,-0.02538631,0.98529606,0.08635949,-0.14742322,0.14905286,-0.01270095,0.98874766,0.00158244,0.01104522,0.01518695,,,
0.083464,-0.99618997,-0.02528295,0.98518992,0.08630273,-0.14816401,0.14978149,-0.01254215,0.98863957,0.00679148,0.00588953,0.00450862,,,
0.08322237,-0.99622112,-0.02484826,0.98502257,0.08601425,-0.14943898,0.15101157,-0.01203944,0.98845868,0.01042627,0.01307642,-0.00733015,,,
0.08317061,-0.99622381,-0.02491042,0.98494013,0.08597933,-0.15000083,0.1515762,-0.01205963,0.988372,0.01743856,0.01144612,-0.00941068,,,
0.082909,-0.99619173,-0.02698319,0.98479535,0.08604813,-0.15090991,0.15265706,-0.01406113,0.98817919,0.00670135,0.0070926,0.00854131,,,
0.08286375,-0.99612241,-0.02955831,0.98457782,0.08641712,-0.15211364,0.15407815,-0.01649776,0.98792092,0.00369821,0.00439703,0.02404398,,,
0.08301922,-0.99608042,-0.03052009,0.98446461,0.08672886,-0.15266763,0.15471621,-0.01737162,0.98780621,-0.00432998,-0.00113487,0.03098678,,,
0.08347853,-0.99601795,-0.0312983,0.98421271,0.08732663,-0.15394611,0.15606626,-0.01795299,0.98758342,-0.0040452,-0.00689435,0.03179308,,,
0.08417404,-0.99597833,-0.03068666,0.98393712,0.08794281,-0.15534983,0.15742375,-0.01711735,0.98738278,0.00981243,-0.00225532,0.01397229,,,
0.0846280606,-0.995951363,-0.0303146205,0.983812908,0.088342186,-0.155909658,0.157956496,-0.0166295828,0.987306033,0.0144762266,-0.00532996655,-0.000448247418,,,
0.0853834149,-0.995881275,-0.0304979406,0.983552852,0.0891372552,-0.157093291,0.159164772,-0.0165831781,0.987112746,0.00347509701,4.81009483e-05,-0.0043866341,,,
0.08626841,-0.99576206,-0.03187013,0.98328364,0.09024874,-0.15814067,0.16034672,-0.01769483,0.98690213,-0.01758648,-0.00260621,-0.00568914,,,
0.08679966,-0.99569338,-0.03256447,0.98314538,0.09089382,-0.15862974,0.1609065,-0.01824661,0.98680097,-0.02426752,-0.00268549,-0.00329758,,,
0.0877254704,-0.995579231,-0.0335588711,0.982889696,0.0919864911,-0.159581612,0.161963104,-0.0189853005,0.986614165,-0.0327966996,-0.00200790167,4.33316454e-05,,,
0.08862513,-0.99550144,-0.03350406,0.9826302,0.09288618,-0.16065516,0.16304451,-0.01868402,0.98644179,-0.03026896,0.00779009,-0.00460243,,,
0.08959331,-0.9954482,-0.03249589,0.9823306,0.09370137,-0.1620083,0.16431578,-0.01740684,0.98625419,-0.01799102,-0.00756508,-0.00625587,,,
0.08998157,-0.99542863,-0.03201945,0.98217873,0.09401874,-0.1627437,0.16501016,-0.01680488,0.98614869,-0.01805095,-0.009269,-0.01372659,,,
0.08994691,-0.99543394,-0.03195029,0.98210716,0.0939808,-0.16319659,0.16545414,-0.01669958,0.98607609,-0.01991396,-0.00472611,-0.01889657,,,
