0,1,2,3,4,5,6,7,8,9,10,11
-0.29006735,-0.04670327,0.95586582,-0.03527521,-0.99760776,-0.0594474,0.95635575,-0.05096213,0.28772624,,,
-0.29011807,-0.04677447,0.9558471,-0.03513841,-0.99761068,-0.05948336,0.95634556,-0.05084414,0.28778128,-0.00238774,-0.00397366,0.00326337
-0.290115,-0.04702105,0.95583604,-0.0346924,-0.99761909,-0.05960633,0.95636287,-0.05045293,0.28779277,,,
-0.29005889,-0.04735407,0.95583648,-0.03412513,-0.99762804,-0.05978015,0.95640015,-0.04995781,0.28775498,,,
-0.29005668,-0.04746242,0.95583174,-0.03381791,-0.99763723,-0.05980069,0.95641171,-0.04966983,0.28776638,,,
-0.28994939,-0.04774378,0.95585035,-0.03326863,-0.99764843,-0.05992332,0.95646356,-0.04917456,0.28767918,,,
-0.289792327,-0.0478355559,0.955893379,-0.0328763656,-0.997663259,-0.0598927629,0.956524718,-0.048782764,0.287542514,-0.00802577566,-0.000610113144,-0.00856873766
-0.28984245,-0.04785731,0.95587703,-0.03269002,-0.99767113,-0.05986211,0.95651586,-0.04859823,0.28760312,-0.00204062,-0.00613075,-0.00862493
-0.28978898,-0.04796334,0.95588794,-0.03245009,-0.99767684,-0.05989781,0.95654024,-0.04837638,0.28755944,-0.00256821,-0.00220883,-0.00729838
-0.2898894,-0.04815494,0.95584793,-0.03222547,-0.99767595,-0.06003554,0.95651748,-0.04820631,0.28766384,-0.00852746,0.00110722,-0.00724634
-0.2899394,-0.048226026,0.955829091,-0.0320884646,-0.997678087,-0.0600711617,0.956506838,-0.0480880906,0.287718829,-0.00674955407,-0.000917851925,-0.00507163303
-0.28998963,-0.04834655,0.95580785,-0.03200083,-0.99767487,-0.06017323,0.95649463,-0.04803626,0.28776823,-0.0025936,-0.00241929,-0.00635502
-0.28993769,-0.04846263,0.95581767,-0.03204804,-0.99766527,-0.06030587,0.95650874,-0.04811703,0.28770772,-0.00739237,-0.00238544,-0.00425877
-0.28993787,-0.04861063,0.95581022,-0.03219615,-0.99764863,-0.06050491,0.95650383,-0.04831607,0.2876909,-0.00490056,-0.00265676,-0.00266157
-0.28983481,-0.04882315,0.95583051,-0.03240957,-0.99762446,-0.06078546,0.95652772,-0.04859581,0.28756408,,,
-0.28952638,-0.0490170686,0.955914167,-0.0326055967,-0.997603286,-0.0610303395,0.956614574,-0.0488380411,0.287234145,0.000801429152,-0.00429069996,-0.00466419663
-0.28942334,-0.04908167,0.95594195,-0.0326709,-0.997596,-0.06111187,0.95664342,-0.04891869,0.28712414,,,
-0.2891648,-0.0493466,0.95600657,-0.0327299,-0.99757688,-0.06139222,0.9567196,-0.04904247,0.28684908,-0.00283583,-0.00276572,-0.00438766
-0.28895703,-0.04966305,0.9560529,-0.03277084,-0.99755494,-0.06172356,0.95678088,-0.04916612,0.28662327,0.00225709,-0.00343299,-0.0050878
-0.28895621,-0.0498306,0.9560445,-0.03280002,-0.9975427,-0.06190708,0.95678019,-0.04924672,0.28661186,0.00240592,0.00316072,-0.00606427
-0.288852296,-0.0500626577,0.956063726,-0.032894454,-0.997523057,-0.0621719032,0.956808274,-0.0494077013,0.286490274,0.00487886043,0.00158119202,2.05141259e-05
-0.288804,-0.05005114,0.9560789,-0.03336796,-0.99749937,-0.06229903,0.95680644,-0.04989463,0.28641196,,,
-0.28870279,-0.05002722,0.95611069,-0.03362164,-0.99748797,-0.06234448,0.95682807,-0.05014505,0.28629589,,,
-0.28870641,-0.04999801,0.95611122,-0.03414649,-0.99746235,-0.06247123,0.95680849,-0.05068369,0.28626666,0.00136648,-0.00586444,0.0014257
-0.28870727,-0.05012625,0.95610425,-0.03441329,-0.99743979,-0.06268488,0.95679868,-0.05100028,0.28624324,,,
-0.28865623,-0.05017343,0.95611719,-0.03453005,-0.99743065,-0.06276619,0.95680988,-0.05113263,0.2861822,,,
-0.28860426,-0.05024014,0.95612933,-0.0345279,-0.99742648,-0.06283225,0.95682558,-0.0511468,0.28612706,,,
-0.28839823,-0.05017242,0.95619506,-0.03446128,-0.99743523,-0.06273021,0.95689011,-0.051043,0.28592974,-0.00182002,-0.00992268,0.00219807
-0.288398232,-0.0501724165,0.956195062,-0.0344612808,-0.997435233,-0.0627302075,0.956890113,-0.0510429959,0.285929743,0.000388305314,-0.00575006008,-0.00134318974
-0.28824252,-0.05022485,0.95623927,-0.03430702,-0.99744057,-0.06273017,0.95694258,-0.05088723,0.28578189,,,
-0.28829088,-0.05033506,0.95621884,-0.03393243,-0.99745293,-0.06273593,0.95694131,-0.05053303,0.28584887,,,
-0.28828918,-0.05042356,0.95621474,-0.03374409,-0.99745714,-0.06277189,0.95694854,-0.05036306,0.28585478,,,
-0.2883367,-0.05055329,0.95619357,-0.03325044,-0.99747434,-0.06276233,0.95695151,-0.04989054,0.2859277,,,
-0.28838389,-0.05063369,0.95617517,-0.03270739,-0.99749717,-0.06268647,0.95695608,-0.04935176,0.28600603,-0.00329813,0.00597334,0.00682055
-0.288278889,-0.0506387354,0.956206501,-0.0324362396,-0.99751105,-0.0626050809,0.956996888,-0.049063472,0.285918976,-0.00676097255,0.00479066372,0.000264180126
-0.2881209,-0.05058184,0.95625709,-0.03189581,-0.99754278,-0.0623759,0.95706259,-0.0484724,0.28579977,-0.00612408,0.00194049,0.00261453
-0.28780805,-0.05055743,0.95635272,-0.03131968,-0.99757458,-0.06216206,0.95717588,-0.0478434,0.28552649,-0.01225015,-0.00550652,-0.00321783
-0.28765074,-0.05057941,0.95639876,-0.03099676,-0.99758956,-0.06208053,0.95723355,-0.04750278,0.28538976,-0.01028827,-0.00812173,-0.00426115
-0.28768949,-0.05133835,0.95634657,-0.0301638,-0.99758087,-0.06262581,0.95724842,-0.04686385,0.28544533,-0.00318406,-0.00486106,-0.00835356
-0.28794299,-0.05166465,0.95625273,-0.03000372,-0.99756651,-0.06293137,0.95717726,-0.0468118,0.28569246,-0.00372278,0.00233078,-0.00450934
-0.288553961,-0.0521345318,0.956043143,-0.0296378696,-0.997551523,-0.0633433859,0.957004753,-0.0466130717,0.286302397,-0.00866392907,0.00757527351,0.000779980328
-0.28921873,-0.05230144,0.95583318,-0.02931419,-0.99755411,-0.0634543,0.95681408,-0.04637165,0.28697818,-0.01138664,-0.00529963,0.00145102
-0.28952479,-0.05244282,0.9557327,-0.02917589,-0.99755032,-0.06357583,0.95672567,-0.04629114,0.28728564,-0.01707032,-0.01006889,0.00117646
-0.29008507,-0.05279225,0.95554375,-0.02889693,-0.99753898,-0.06388498,0.9565646,-0.04614435,0.28784541,-0.01580757,-0.00410056,0.0015293
-0.29053787,-0.05336306,0.95537434,-0.02842451,-0.99752177,-0.06436138,0.95644122,-0.04585547,0.28830103,-0.01218324,-0.00416917,0.00765209
-0.29073682,-0.05377515,0.95529082,-0.02814204,-0.99750696,-0.06471642,0.95638922,-0.04569927,0.28849845,-0.01490271,-0.00574523,0.00965245
-0.29103213,-0.0546441,0.95515137,-0.02776114,-0.99746464,-0.06552359,0.95631033,-0.04558557,0.28877745,-0.00675602,-0.01443237,0.00279985
-0.29137776,-0.05581006,0.95497852,-0.02760759,-0.99739004,-0.06671212,0.95620947,-0.0458031,0.28907676,-0.00261935,-0.00845414,-0.00546397
-0.29172722,-0.05652342,0.95482982,-0.02741655,-0.99734787,-0.06741691,0.95610837,-0.0458455,0.28940418,0.00134444,0.00213492,-0.00527028
-0.29267934,-0.05803896,0.95444758,-0.02691153,-0.99726081,-0.06889475,0.95583182,-0.04584972,0.29031582,0.00258808,0.01409149,0.00469862
-0.29368691,-0.05913346,0.9540709,-0.02646864,-0.99719902,-0.06995426,0.95553517,-0.0457976,0.29129907,0.00446011,-0.00744051,0.0064826
-0.29424283,-0.0596285,0.95386871,-0.02633272,-0.99716704,-0.07045812,0.95536781,-0.04584975,0.29183916,0.00184986,-0.00474018,0.00333596
-0.29550672,-0.06065392,0.9534134,-0.02602385,-0.99710129,-0.07149922,0.95498627,-0.04593997,0.29307146,0.0068508,0.00494242,0.01080309
-0.29676643,-0.06160017,0.95296104,-0.02549563,-0.99705022,-0.07238987,0.95460951,-0.04577924,0.29432085,0.00471264,0.01038551,0.01678235
-0.297216294,-0.0619826067,0.952796159,-0.0251079139,-0.997038196,-0.0726928951,0.95447994,-0.0455282418,0.294779854,0.00615668157,-0.000933110714,0.0194413662
-0.29811266,-0.06281619,0.95246161,-0.02426153,-0.99701138,-0.07334796,0.95422239,-0.04497413,0.29569754,0.00894313,0.00143063,0.00759754
-0.29885078,-0.06370233,0.95217131,-0.02326047,-0.99698683,-0.07400117,0.95401632,-0.04426326,0.29646857,0.00230456,0.0086298,0.01074792
-0.29957069,-0.06458106,0.95188569,-0.02127711,-0.99700581,-0.07433845,0.95383665,-0.04252301,0.29729994,-0.00298517,-0.00883132,0.00446964
-0.300050613,-0.0653000105,0.951685589,-0.0201801122,-0.996996424,-0.0747714743,0.953709764,-0.0416403521,0.297831704,-0.000914336066,-0.0114774108,-0.000691587338
-0.30028995,-0.06573261,0.95158032,-0.01970464,-0.99698224,-0.07508704,0.95364439,-0.04129844,0.29808857,,,
-0.30086705,-0.06665125,0.95133405,-0.01866565,-0.99695197,-0.07575045,0.95348333,-0.04054809,0.29870606,-0.00620274,0.01449358,0.00606268
-0.30124648,-0.06705262,0.95118575,-0.01752905,-0.99696643,-0.07583144,0.95338508,-0.03951735,0.29915744,-0.01053832,0.01082814,0.01181852
-0.30145952,-0.06751687,0.95108546,-0.01583142,-0.99699774,-0.07579414,0.9533475,-0.0379059,0.29948565,0.0029211,-0.03294784,-0.01353446
-0.30222985,-0.0687860188,0.95074998,-0.01485894,-0.996931826,-0.0768506869,0.953119223,-0.0373537119,0.300280545,-0.000142046367,-0.00214290619,-0.0062857843
-0.302718905,-0.0694342601,0.950547218,-0.0145231303,-0.996890766,-0.0774446568,0.952969155,-0.0372488886,0.300769412,-0.00489426684,0.0179554224,0.000233398168
-0.30350098,-0.07011636,0.95024766,-0.01365704,-0.99686603,-0.07791816,0.95273312,-0.03662582,0.30159247,-0.00891915,0.01984549,-0.00121079
-0.30387153,-0.0705863,0.95009442,-0.01244682,-0.99687212,-0.07804251,0.95263157,-0.03554056,0.30204275,0.01144427,-0.03530979,-0.03172578
-0.30429967,-0.0711939,0.94991207,-0.01172164,-0.99684767,-0.0784666,0.95250413,-0.0350119,0.30250611,0.01137922,-0.0382551,-0.03562492
-0.30554683,-0.07301207,0.94937354,-0.01030702,-0.9967436,-0.07997231,0.95212113,-0.03422051,0.30379957,0.00637178,0.01171958,-0.01390596
-0.30661031,-0.07423427,0.94893588,-0.00927364,-0.99667372,-0.08096515,0.95178991,-0.03362484,0.30490211,0.0019984,0.03526688,0.01268185
-0.30690451,-0.07429744,0.94883579,-0.00891085,-0.99668016,-0.08092609,0.95169851,-0.03329152,0.30522374,-0.00619314,0.0251857,0.00339373
-0.30720922,-0.07410684,0.94875213,-0.00871206,-0.99670248,-0.08067323,0.95160209,-0.03304915,0.30555063,0.00911871,-0.04007179,-0.03029933
-0.3080527,-0.07476875,0.94842668,-0.00858658,-0.99664786,-0.0813592,0.95133055,-0.03320667,0.30637805,0.0140819,-0.0253846,-0.02819544
-0.30874504,-0.07544264,0.94814806,-0.00854637,-0.99658898,-0.08207996,0.95110635,-0.03344502,0.30704731,0.0128837,0.00193417,-0.01254796
-0.310034291,-0.0765699838,0.947636942,-0.00852598202,-0.996487492,-0.0833065644,0.950687143,-0.0339074272,0.30829246,-0.000218638917,0.0384473801,0.0114183705
-0.31075418,-0.07640412,0.94741448,-0.00876037,-0.99649138,-0.08323534,0.95044992,-0.03416544,0.30899458,0.00879667,-0.00288808,-0.00721006
-0.311114,-0.07632096,0.947303,-0.00887753,-0.99649319,-0.08319962,0.95033102,-0.03429429,0.30934565,0.01634429,-0.02052796,-0.01961238
-0.31212632,-0.076508,0.94695493,-0.00903904,-0.99646778,-0.08348769,0.94999759,-0.03461827,0.3103323,0.01497857,-0.01398236,-0.01766139
-0.31372985,-0.07702208,0.94638327,-0.00895356,-0.99642034,-0.08406252,0.94947013,-0.03484641,0.31191708,0.00583437,0.01574862,0.00944589
-0.31443698,-0.07710832,0.94614141,-0.00902187,-0.99640767,-0.0842032,0.94923541,-0.03501257,0.31261188,0.00699574,0.01535356,0.00796288
-0.31535654,-0.07686148,0.94585543,-0.00917062,-0.99642114,-0.08402809,0.94892891,-0.03517289,0.31352312,0.0083396,-0.0057317,-0.00219186
-0.31622692,-0.07665973,0.94558119,-0.00943633,-0.99642632,-0.08393757,0.94863664,-0.03546613,0.31437347,0.00813872,-0.00510472,-0.00881044
-0.316682583,-0.0766286492,0.945431241,-0.00946358396,-0.996426589,-0.0839318303,0.948484381,-0.035526915,0.314825725,0.00365884369,0.00956082344,-0.000599895429
-0.31735026,-0.07621618,0.94524055,-0.00952337,-0.99645848,-0.0835433,0.94826046,-0.03551437,0.31550073,-0.01461764,0.02497041,0.0241125
-0.31708652,-0.07497653,0.94542822,-0.00982841,-0.99655675,-0.08232759,0.94834561,-0.03539703,0.31525796,-0.02409334,-0.00193226,0.01710089
-0.31655436,-0.07425272,0.94566364,-0.01002645,-0.99661383,-0.08160957,0.9485213,-0.03531552,0.31473811,-0.02061739,-0.02340454,0.0040793
-0.31411314,-0.07346822,0.94653848,-0.01062927,-0.99666645,-0.08088643,0.94932591,-0.03546852,0.31228538,-0.01669601,-0.00885671,-0.00892602
-0.31365659,-0.07369216,0.94667245,-0.01079471,-0.99664253,-0.08115857,0.94947498,-0.03567499,0.3118083,-0.01891546,-0.00114805,-0.00631522
-0.3126978,-0.07382704,0.94697915,-0.01102289,-0.99662557,-0.08133733,0.94978863,-0.03587246,0.31082897,-0.01638665,0.01081514,-0.00681352
-0.3119998,-0.07377617,0.94721339,-0.01140828,-0.99661771,-0.08138189,0.95001368,-0.03619721,0.31010286,-0.00695516,-0.01436299,-0.02391909
-0.31184933,-0.07383726,0.94725794,-0.01154306,-0.99660746,-0.08148411,0.95006121,-0.03634504,0.3099395,-0.00667422,-0.01604962,-0.02402209
-0.3122544,-0.07425957,0.94709171,-0.01195701,-0.99655402,-0.08208001,0.94992327,-0.03695423,0.31029045,-0.00832032,-0.00235325,-0.01854911
-0.3134844,-0.07435983,0.94667733,-0.01272824,-0.99651055,-0.082489,0.94950794,-0.03790856,0.31144423,-0.01480355,0.01803708,0.00264358
-0.314162518,-0.0739819392,0.946482065,-0.0132433057,-0.996520296,-0.0822890011,0.949276693,-0.0383866843,0.312089846,-0.0219924245,-0.00731939077,0.000718665775
-0.31467413,-0.07400839,0.94631009,-0.01353803,-0.9965043,-0.08243572,0.94910313,-0.03875157,0.31257236,-0.0083219,-0.03072429,-0.00267165
-0.31497387,-0.07441624,0.94617839,-0.01380018,-0.99645683,-0.08296455,0.94899994,-0.0391891,0.31283104,-0.0072408,-0.02560973,0.00241333
-0.31551777,-0.07555849,0.94590663,-0.01444318,-0.99632688,-0.08440373,0.94880969,-0.04029278,0.31326763,-0.00660009,0.00164521,0.01044798
-0.3158108,-0.07677584,0.94571075,-0.01523722,-0.99618179,-0.08596157,0.94869973,-0.0415576,0.3134353,-0.00448626,0.01463377,0.00635769
-0.31584983,-0.07799316,0.94559826,-0.0159672,-0.9960378,-0.0874868,0.94867489,-0.04273124,0.31335291,,,
-0.31589202,-0.07875691,0.94552088,-0.01638228,-0.99594775,-0.0884304,0.94865379,-0.04342424,0.31332157,-0.00370442,0.00233305,0.01299593
-0.31589515,-0.0789759,0.94550144,-0.016742,-0.99591047,-0.08878003,0.94864633,-0.04387477,0.31328117,-0.00368556,0.00946653,0.01227186
-0.31580748,-0.0793877,0.94549626,-0.01771749,-0.99582635,-0.08953148,0.94865783,-0.04502654,0.31308291,-0.00251092,-0.00897288,0.01141346
-0.315667641,-0.0800567767,0.945486593,-0.0188824638,-0.995707158,-0.090613328,0.948681947,-0.0464568095,0.312800817,-0.00362760387,-0.0116695166,-0.000968003355
-0.31602565,-0.08150063,0.94524358,-0.02053305,-0.9954826,-0.0926972,0.94852843,-0.04870343,0.31292459,0.00397239,0.01028037,0.00725056
-0.31661472,-0.08294263,0.944921,-0.02126595,-0.99529867,-0.09449023,0.94831584,-0.05001164,0.3133623,0.00353469,-0.00734711,0.0017415
-0.3172419,-0.0839717,0.94461962,-0.02109292,-0.99520086,-0.09555198,0.94811,-0.05023788,0.3139483,0.00691277,0.00171506,0.00405735
-0.31833742,-0.08551228,0.94411276,-0.02001927,-0.99509469,-0.09688006,0.94776605,-0.049741,0.31506401,0.00598565,0.00178254,0.00583768
-0.31991806,-0.08700918,0.94344143,-0.01832611,-0.99501952,-0.09798032,0.9472679,-0.04863529,0.31673028,-0.00278253,0.00468147,0.00590244
-0.320253721,-0.0871911541,0.94331085,-0.0178686874,-0.995022387,-0.0980373118,0.947163326,-0.0482525349,0.317101528,0.000841004541,-0.00573658943,0.00694788015
-0.32086411,-0.08775891,0.94305059,-0.01680844,-0.9950134,-0.09831342,0.94697599,-0.04739646,0.31778918,0.00418434,-0.01766568,-0.00459489
-0.32255603,-0.08981787,0.94227933,-0.01461691,-0.99489642,-0.0998369,0.94643749,-0.04597621,0.31959701,0.00133281,0.01244771,0.01336806
-0.32280091,-0.089715,0.94220523,-0.01429582,-0.99492155,-0.09963233,0.94635887,-0.04563101,0.31987912,-0.00542028,-0.00145912,0.00234984
-0.32284907,-0.08962273,0.9421975,-0.01413153,-0.99493894,-0.0994818,0.9463449,-0.04543231,0.31994872,-0.00205655,-0.01036781,-0.00575663
-0.32322618,-0.0899712844,0.942034934,-0.0136276652,-0.994924228,-0.0996984643,0.946223512,-0.0450629007,0.320359646,0.000108853681,-0.010917902,-0.0083262166
-0.324040081,-0.0906071741,0.941694384,-0.0129076201,-0.994886894,-0.100166763,0.945955266,-0.0446130823,0.32121376,-0.000895561534,0.00394177437,0.00314203207
-0.32462071,-0.09095002,0.94146116,-0.01253198,-0.9948649,-0.10043021,0.94576105,-0.04440012,0.32181434,-0.00361475,0.01010776,0.00551257
-0.32578945,-0.0914034,0.94101355,-0.01182766,-0.99484368,-0.10072696,0.94536828,-0.04394578,0.32302864,-0.00365731,0.00133824,0.00827882
-0.32705673,-0.09169889,0.94054505,-0.01096054,-0.99484573,-0.10080429,0.94494102,-0.04327761,0.32436615,,,
-0.327735424,-0.0919783792,0.940281569,-0.0105167852,-0.994832817,-0.100980215,0.944710987,-0.0429835349,0.325074678,0.000422092737,-0.00693434477,0.00182069291
-0.32917329,-0.09274897,0.93970346,-0.00927492,-0.99479885,-0.10143585,0.94422398,-0.04210565,0.32660096,,,
-0.33120361,-0.09404121,0.9388611,-0.00691476,-0.99475208,-0.10207888,0.94353384,-0.04030091,0.32881546,-0.00395446,0.00479472,0.00826937
-0.33221121,-0.09484155,0.93842459,-0.00500625,-0.99474039,-0.10230535,0.94319169,-0.03868498,0.32998919,-0.00251263,-0.00432914,-0.00972459
-0.333085834,-0.0958809836,0.938008808,-0.00249385742,-0.994723201,-0.102563763,0.942893137,-0.0365018039,0.331089233,0.000988465501,0.00365245342,-0.0124182608
-0.33356093,-0.09648276,0.93777823,-0.00103568,-0.99471082,-0.10270862,0.94272788,-0.03523083,0.33169691,-0.00111587,0.00740325,-0.01058532
-0.33454582,-0.09818304,0.93725073,0.00682252,-0.99478389,-0.10177477,0.94235466,-0.02765393,0.33347089,-0.00285428,-0.01925749,-0.01002172
-0.334399,-0.09896844,0.9372206,0.0096991,-0.99477941,-0.1015859,0.94238163,-0.02488003,0.33361324,-0.00373373,-0.01263726,-0.02428931
-0.334334604,-0.100109234,0.937122458,0.0125040858,-0.994726107,-0.101801765,0.94237148,-0.022317994,0.333823147,-0.00192268193,-0.000108838081,-0.0178301651
-0.33430309,-0.10071558,0.93706864,0.01379985,-0.99469002,-0.10198555,0.94236449,-0.02116268,0.33391799,-0.00688988,0.00140548,-0.01850807
-0.33396299,-0.10150893,0.93710432,0.01623594,-0.99465619,-0.10195694,0.94244626,-0.01883508,0.33382661,-0.00507359,0.00892031,-0.00776822
-0.33365723,-0.10212817,0.93714599,0.0180005,-0.99462319,-0.1019831,0.94252254,-0.01715831,0.33370167,0.00215833,-0.01132739,-0.01229062
-0.33361255,-0.10246257,0.93712538,0.01865078,-0.99459849,-0.10210692,0.94252571,-0.01658604,0.33372165,0.0028502,-0.00774461,-0.01569546
-0.33368106,-0.10326774,0.93701263,0.01960948,-0.99452696,-0.1026232,0.94248202,-0.01586909,0.33387989,0.00416407,0.00586951,-0.00804393
-0.334039518,-0.103711986,0.936835813,0.0200268411,-0.994484514,-0.102953163,0.942346244,-0.0156285666,0.334274234,-0.00461083651,0.0088019371,0.000733969093
-0.33490051,-0.10358196,0.93654273,0.01984436,-0.99449412,-0.10289522,0.94204443,-0.01587458,0.33511225,-0.0028911,-0.0119592,-0.01150038
-0.335807313,-0.10364382,0.936211106,0.0195412982,-0.994480413,-0.103085344,0.941727887,-0.0163220394,0.335979302,-0.00479829405,-0.00445240736,-3.41769774e-05
-0.336303591,-0.103758879,0.936020252,0.0194485584,-0.994465233,-0.103249882,0.941552745,-0.0165190651,0.336460267,-0.00462768693,-0.00540298223,0.000107481726
-0.3373686,-0.10429333,0.93557747,0.01952578,-0.99440536,-0.10381018,0.94117004,-0.01675442,0.33751767,,,
-0.338855036,-0.105502193,0.934904464,0.0205013282,-0.994284735,-0.104772468,0.940615099,-0.016335904,0.33908152,0.00717752427,9.19103622e-05,-0.0097379107
-0.340472707,-0.107443656,0.934095309,0.0230851638,-0.994105274,-0.105931848,0.939970883,-0.0145031665,0.340946218,0.00954218581,0.00261378288,-7.48392195e-05
-0.34066818,-0.10779937,0.93398316,0.02379904,-0.99407551,-0.10605452,0.93988236,-0.01390149,0.34121536,0.00796106,-0.00382769,-0.00474641
-0.34076085,-0.10841361,0.93387821,0.02531021,-0.99402678,-0.10616085,0.93980925,-0.01253881,0.3414694,0.00767437,0.00373447,-0.01406865
-0.34056962,-0.10884109,0.93389823,0.02671188,-0.99399615,-0.10610403,0.93983976,-0.01118963,0.34143228,0.00424397,-0.00322872,-0.01331147
-0.34028282,-0.10894503,0.93399053,0.02737176,-0.99399216,-0.10597149,0.93992452,-0.01049532,0.34122075,0.00559185,-0.00705123,-0.01071494
-0.33969202,-0.10906607,0.93419158,0.02814029,-0.99398759,-0.1058148,0.94011565,-0.00965602,0.34071883,0.00463859,0.00452602,-0.00528483
-0.33881082,-0.10925669,0.93448923,0.02868187,-0.99397233,-0.10581225,0.94041719,-0.00904744,0.33990235,0.00263723,-0.00281465,-0.01535284
-0.33830136,-0.10941826,0.93465497,0.02877612,-0.9939556,-0.10594486,0.94059779,-0.00894554,0.33940508,0.00666364,0.00197864,-0.01169271
-0.3372961,-0.10969964,0.93498528,0.02872391,-0.99392431,-0.10625266,0.94096037,-0.00898217,0.33839765,0.00263531,0.00197601,-0.00759642
-0.33632657,-0.10983099,0.93531906,0.02811712,-0.99390447,-0.10659996,0.94132567,-0.00955391,0.33736446,0.0040221,0.00894558,-0.00426195
-0.335806423,-0.109744655,0.935516008,0.0276822738,-0.99391035,-0.106658209,0.94152418,-0.00991929952,0.336799417,0.0075786626,0.00311815739,-0.000987287378
-0.33453558,-0.10938018,0.93601384,0.0246624,-0.99391727,-0.10733218,0.94206035,-0.01282209,0.33519829,0.00498826,0.00225365,0.00361541
-0.33433302,-0.10933074,0.93609186,0.02378332,-0.99391073,-0.10758929,0.94215473,-0.01370729,0.33489767,0.00773901,0.00498044,0.00588812
-0.33402672,-0.10916978,0.93622023,0.02209325,-0.99390405,-0.10801363,0.94230475,-0.01539529,0.33440221,0.0076511,0.00488245,0.01273083
-0.3338643,-0.10899634,0.93629822,0.02049364,-0.99389671,-0.10839389,0.94239831,-0.01700069,0.33406043,0.00896164,0.00309765,0.01237778
-0.33364191,-0.10847683,0.93643785,0.01839235,-0.9939173,-0.10858226,0.94252044,-0.0190043,0.33360762,0.00413803,0.00959146,0.02061713
-0.3332645,-0.10790083,0.93663872,0.01747102,-0.99396589,-0.10828858,0.94267143,-0.01972471,0.33313879,0.00795165,0.00678551,0.02058168
-0.33294609,-0.10757607,0.93678923,0.01714735,-0.99399727,-0.10805118,0.94278982,-0.01991177,0.33279238,0.00347087,0.00895345,0.02174764
-0.332050013,-0.10685274,0.937190017,0.0167745478,-0.994074784,-0.107395116,0.943112534,-0.0199396182,0.331875103,0.000437923241,0.00853168964,0.0231454335
-0.330947193,-0.106037142,0.937672709,0.0166268261,-0.994167534,-0.106557523,0.9435028,-0.0196743908,0.330779987,-0.000560722314,0.00643312931,0.0167939682
-0.3303155,-0.10560801,0.93794371,0.01667684,-0.99421852,-0.10607121,0.94372313,-0.01939504,0.33016721,-0.00117728,-0.00129187,0.01643709
-0.32909784,-0.10479884,0.9384624,0.01680038,-0.99431493,-0.10514443,0.94414629,-0.01883629,0.3289877,-0.00592551,0.00113976,0.00804461
-0.32787261,-0.103818,0.93900007,0.01723766,-0.99443524,-0.10392814,0.94456454,-0.01788903,0.3278379,-0.00659196,-0.0013839,-0.0020955
-0.32618016,-0.10266493,0.93971609,0.01817941,-0.99458236,-0.10234897,0.94513276,-0.01630073,0.3262795,-0.00584838,-0.00939977,-0.01273637
-0.32537366,-0.10222872,0.94004322,0.01872212,-0.99464036,-0.10168588,0.94540015,-0.01548631,0.32554373,-0.00267283,-0.00789869,-0.01225639
-0.32502652,-0.10203066,0.94018472,0.01883507,-0.99466407,-0.10143149,0.94551722,-0.01525949,0.32521415,-0.00146775,-0.00653845,-0.01450326
-0.32469207,-0.10160104,0.94034678,0.01889989,-0.99471189,-0.10094907,0.94563081,-0.01500492,0.32489554,-0.00600919,-0.00168246,-0.01236325
-0.32467068,-0.10118342,0.94039916,0.01868555,-0.99475321,-0.10058058,0.94564238,-0.0150837,0.32485816,-0.00273348,-0.00976491,-0.00988576
-0.32468983,-0.10093201,0.94041963,0.01851702,-0.99477745,-0.10037285,0.94563919,-0.01517628,0.32486324,-0.00318664,-0.0084427,-0.0041864
-0.324871805,-0.100130445,0.940442527,0.0175013554,-0.994845809,-0.0998770854,0.945596085,-0.0159882326,0.324949829,-0.00834349357,-0.0157203674,0.000782990828
-0.324884231,-0.100042412,0.940447572,0.0173089411,-0.994851819,-0.0998503053,0.945595326,-0.0161616431,0.324943413,-0.0087032197,-0.0093844533,0.000685837818
-0.32484973,-0.10009503,0.94045399,0.01690256,-0.99483939,-0.10004496,0.94561463,-0.01660349,0.32486511,-0.00367639,-0.00531381,-0.00893708
-0.324902853,-0.100316614,0.940411903,0.0166116384,-0.994810332,-0.100380313,0.945601408,-0.0169920749,0.324883304,-0.00228880858,0.000206828117,-0.00540447608
-0.3249562,-0.10044262,0.94038016,0.01641692,-0.99479344,-0.10058154,0.94558662,-0.01724645,0.32491316,-0.00196785,0.00636852,-0.00377292
-0.32551817,-0.10050157,0.94017935,0.01497461,-0.99475825,-0.1011512,0.94541712,-0.01884774,0.325317,,,
-0.325695678,-0.100483712,0.940119736,0.0143668007,-0.994747394,-0.101345296,0.945365373,-0.0195012226,0.325428787,-0.00334503502,-0.0065279603,0.000258983579
-0.32625041,-0.10056047,0.9399192,0.01304619,-0.99470959,-0.10189402,0.94519327,-0.02098061,0.3258365,-0.0067064,-0.0024904,0.0088477
-0.326757305,-0.100632909,0.939735363,0.0116570701,-0.994668496,-0.102462203,0.945036321,-0.0225257184,0.32618841,-0.00473154243,-0.000510811806,0.00782183278
-0.326981101,-0.10075901,0.939644072,0.0109762686,-0.994637714,-0.10283647,0.944967133,-0.0233117964,0.326333692,-0.00144879078,-0.000905632973,0.0138951465
-0.327328228,-0.100930026,0.939504831,0.00969194214,-0.994585272,-0.10347054,0.944860976,-0.0247632037,0.326534076,-0.000709798187,0.00342321396,0.0117112007
-0.32767457,-0.10109976,0.93936575,0.0084085,-0.99453073,-0.10410383,0.94475312,-0.02621353,0.32673274,-0.00233127,0.00136316,0.01105461
-0.327791886,-0.101164992,0.939317805,0.00792509469,-0.994509594,-0.104343578,0.944716617,-0.0267588047,0.326794102,-0.00530477427,-0.000146746635,0.00991802104
-0.328056263,-0.101407509,0.939199491,0.00733981766,-0.994465141,-0.104810914,0.944629712,-0.0274903199,0.326984752,-0.00510608591,-0.000305891037,0.00200982857
-0.328391428,-0.101927888,0.939026046,0.00718241395,-0.994401226,-0.105426861,0.94451449,-0.0278767967,0.327284788,-0.00618362008,-0.00673472881,0.000283222646
-0.328532535,-0.102220681,0.938944769,0.00710517612,-0.994365416,-0.105768126,0.944465915,-0.028076904,0.327407712,-0.00447347155,-0.00259131193,-0.000409823842
-0.32887308,-0.10281439,0.93876058,0.00673328,-0.99428576,-0.10653675,0.94434998,-0.02871615,0.32768637,,,
-0.329330948,-0.103329702,0.938543487,0.00602231538,-0.994203485,-0.107344438,0.944195232,-0.0296996522,0.328044482,0.00182887167,-0.000524163246,-0.00506200409
-0.329642,-0.10357299,0.93840756,0.0055084,-0.99415826,-0.10779127,0.94408992,-0.0303634,0.32828688,0.00651345,-0.00168902,-0.00215908
-0.33031645,-0.10404011,0.93811871,0.00443155,-0.99406643,-0.1086845,0.94385985,-0.03174296,0.32881754,,,
-0.331142576,-0.104424477,0.937784574,0.0033731279,-0.993981891,-0.109491096,0.943574587,-0.0330939078,0.329502175,0.00090666808,0.00918090343,0.00229117484
-0.33145308,-0.10452414,0.93766388,0.00300318,-0.99395604,-0.10973761,0.94346692,-0.03355689,0.32976371,0.0015659,0.00439131,0.00878151
-0.332120361,-0.104725713,0.93740517,0.00233344363,-0.993905357,-0.110211114,0.943234055,-0.0344159805,0.330340715,2.84016132e-05,0.000126957893,0.0141239157
-0.33258834,-0.1048635,0.9372239,0.00171956,-0.99386455,-0.11059066,0.94307054,-0.03516955,0.33072808,0.00223226,-0.0042522,0.01166992
-0.332740474,-0.10501751,0.937152648,0.00150010681,-0.993837456,-0.110837001,0.943017239,-0.0354741281,0.330847497,0.000378767028,0.00121974945,0.0118448054
-0.332939487,-0.105268341,0.937053777,0.0012556558,-0.993797545,-0.111196782,0.942947309,-0.0358451878,0.331006719,-0.00268052146,0.000945568085,0.0165598374
-0.332770492,-0.105648656,0.937070974,0.00136026237,-0.993757038,-0.111556594,0.943006786,-0.0358480887,0.330836878,-0.00464188168,-0.000967919827,0.0138642462
-0.332601094,-0.105887736,0.937103984,0.00160681753,-0.993738463,-0.111716848,0.943066015,-0.0356514142,0.330689063,-0.000515760388,-0.00443613529,0.0101818927
-0.332204078,-0.106452539,0.937180995,0.00222193913,-0.993696141,-0.112084372,0.943204868,-0.0351525313,0.330346531,-4.43811296e-05,-0.000926494598,0.00569721311
-0.33178297,-0.10714886,0.93725081,0.00326792,-0.99365305,-0.11244008,0.94335003,-0.03424284,0.33002742,-0.00262454,0.00543737,0.00173561
-0.33159528,-0.10745095,0.93728257,0.00387317,-0.9936393,-0.11254149,0.94341366,-0.03368799,0.32990252,-0.00361634,0.00238061,-0.00260775
-0.331119571,-0.108022974,0.937385067,0.00511171979,-0.993616139,-0.112697319,0.943574903,-0.0325246437,0.329558036,-0.0103082238,-0.000318169594,-0.00344957295
-0.33069535,-0.10862274,0.93746557,0.00625333,-0.9935845,-0.11291927,0.94371685,-0.03147959,0.32925301,-0.00454419,-0.00503123,-0.00422035
-0.33027916,-0.10958563,0.93750012,0.00794599,-0.9935249,-0.1133351,0.94384975,-0.02998286,0.32901152,-0.00275398,-0.00155544,-0.01144898
-0.33019115,-0.11030259,0.93744709,0.00919521,-0.99347747,-0.11365651,0.94386924,-0.02890836,0.32905183,-0.00252114,-0.00172442,-0.00774452
-0.33015313,-0.11061634,0.93742359,0.0097239,-0.99345573,-0.11380347,0.94387732,-0.02845715,0.3290681,-0.0053367,-0.00667471,-0.01156772
-0.329889468,-0.11123235,0.937443439,0.0105022887,-0.993404871,-0.114176667,0.94396109,-0.0278203838,0.3288821,0.000803491799,-0.00444406271,-0.00946561433
-0.32965122,-0.11185916,0.93745279,0.01070647,-0.99333538,-0.11476232,0.94404214,-0.02779472,0.32865171,0.0018832,-0.00426954,-0.00431648
-0.329438679,-0.112166793,0.937490689,0.0106689193,-0.993297247,-0.115094702,0.944116707,-0.0279146327,0.328427207,0.000493425294,-0.00315904617,-0.00539303385
-0.32911325,-0.11300257,0.93750457,0.01037618,-0.99318658,-0.11607164,0.94423341,-0.028473,0.32804348,0.00286907,-0.00742489,-0.00829417
-0.32868143,-0.11401548,0.93753348,0.01004092,-0.99305204,-0.11724706,0.94438749,-0.02912323,0.32754255,-0.00512181,0.00772893,-0.00644638
-0.32841543,-0.11443519,0.93757554,0.00995824,-0.9929979,-0.11771154,0.94448088,-0.02932168,0.32725541,-0.00245871,0.00712335,-0.00859684
-0.32787647,-0.11520093,0.93767031,0.01000738,-0.99290498,-0.1184877,0.94466752,-0.02946571,0.32670319,-0.00594509,0.0075233,-0.00505447
-0.327383686,-0.115733567,0.93777685,0.0103636434,-0.992850484,-0.11891235,0.944834522,-0.0292111922,0.326242714,-0.0129305255,-0.000852525234,-0.0112384539
-0.327257,-0.1160199,0.9377858,0.01063293,-0.9928231,-0.11911839,0.94487553,-0.02901092,0.32614197,-0.01129266,-0.00700569,-0.01363814
-0.327135918,-0.116668341,0.937747383,0.0114535745,-0.992765667,-0.119517759,0.944907653,-0.0283580164,0.32610601,-0.0201492812,-0.000173807144,-0.00878731254
-0.32714696,-0.11758098,0.93762966,0.01236675,-0.99267625,-0.1201691,0.94489244,-0.02771754,0.32620532,-0.02097068,-0.00707299,-0.00848806
-0.32730525,-0.11805142,0.93751542,0.01274617,-0.99262654,-0.12054104,0.94483271,-0.02750398,0.32639655,-0.01969732,-0.00884515,-0.00758403
-0.32757426,-0.11917751,0.93727874,0.01324576,-0.99249431,-0.12156901,0.94473238,-0.02740793,0.32669457,-0.01605604,-0.01120615,-0.01133869
-0.328042138,-0.120461108,0.936951062,0.0135968696,-0.992335523,-0.122821247,0.944565136,-0.0275509533,0.327165944,-0.0218626484,-0.000513911247,-0.00601797085
-0.328345148,-0.121153743,0.936755693,0.0138306057,-0.992250269,-0.123483234,0.944456549,-0.0275892225,0.327476197,-0.0148895197,0.000413656235,-0.00370949623
-0.328964203,-0.122637702,0.936345228,0.0139175194,-0.992053396,-0.125044467,0.944239744,-0.0281035597,0.328057029,-0.0155442264,-0.0069051981,0.000875163591
-0.32971095,-0.12402199,0.9359001,0.01354766,-0.99185299,-0.12666392,0.94398459,-0.02908324,0.32870524,-0.01356592,-0.00672764,0.0020687
-0.33018742,-0.12485167,0.93562188,0.01315892,-0.99172624,-0.1276945,0.94382366,-0.02985134,0.32909846,-0.010165,-0.00735503,-0.00548257
-0.331238863,-0.126446072,0.935035957,0.0124522098,-0.991479333,-0.129667752,0.943464781,-0.0313077326,0.329990985,-0.00881994423,-0.0013243556,0.0003062326
-0.33250435,-0.12832604,0.93433023,0.01210454,-0.99119834,-0.13182894,0.94302388,-0.03252408,0.33113139,-0.01408991,0.00363755,0.00386912
-0.33314816,-0.12929757,0.93396699,0.01214714,-0.99105916,-0.13286845,0.94279618,-0.03291986,0.33174024,-0.01294772,0.0046674,0.00178063
-0.33425021,-0.13140286,0.93327913,0.012696,-0.99077089,-0.13495051,0.94239878,-0.03325834,0.33283381,-0.01084876,-0.00608367,-0.0030735
-0.3354479,-0.13362905,0.93253311,0.01312971,-0.9904555,-0.13720617,0.94196727,-0.03378163,0.33400071,-0.00381488,-0.00972462,-0.00570993
-0.3361789,-0.13474108,0.93210969,0.01317871,-0.99028891,-0.13839809,0.94170588,-0.03424252,0.33469006,-0.00572639,-0.01105583,-0.00701748
