0,1,2,3,4,5,6,7,8,9,10,11
0.94848637,-0.17799131,-0.26209292,-0.14622907,-0.979826,0.13622742,-0.28105278,-0.09088425,-0.95537911,,,
0.94841497,-0.17797698,-0.26236088,-0.14623933,-0.97984877,0.1360529,-0.28128828,-0.09066713,-0.95533048,0.00229648,0.00207418,-0.00473461
0.94834832,-0.17801398,-0.26257662,-0.14628288,-0.97985453,0.13596304,-0.28149027,-0.09052985,-0.95528378,,,
0.948400771,-0.178038794,-0.262370287,-0.146348057,-0.979854172,0.135897404,-0.281279623,-0.0904878214,-0.955350085,-0.000862644752,-0.000186562538,0.00498475181
0.94841516,-0.17812791,-0.26225779,-0.14651759,-0.97986028,0.1356716,-0.28114284,-0.09024762,-0.95541322,,,
0.94841516,-0.17810618,-0.26227252,-0.14654086,-0.97987861,0.13551132,-0.28113068,-0.09008735,-0.95543155,,,
0.94835332,-0.17817287,-0.26245079,-0.14664098,-0.97988675,0.13534636,-0.28128706,-0.08987014,-0.9554063,,,
0.94832006,-0.1782994,-0.26248505,-0.14676698,-0.97986719,0.13535114,-0.28133349,-0.08983206,-0.95539617,0.00498783,-0.00101948,0.00505762
0.94830103,-0.17834235,-0.26252458,-0.14680753,-0.97986077,0.13535107,-0.28137644,-0.08981297,-0.95538497,,,
0.94822007,-0.1784846,-0.26272029,-0.1469133,-0.97983485,0.13542645,-0.28159401,-0.08981697,-0.95532083,,,
0.94813425,-0.17858622,-0.26296081,-0.14697415,-0.97981573,0.13549695,-0.28185107,-0.08982085,-0.95524441,0.00565683,0.00211781,-0.00268377
0.94811519,-0.17862919,-0.26300037,-0.14701473,-0.97980981,0.13549692,-0.28189404,-0.08980176,-0.95523369,,,
0.94805798,-0.17877989,-0.26310418,-0.14711306,-0.97977279,0.13565719,-0.28203512,-0.08990482,-0.95518227,-0.00499959,-0.0046894,-0.00215824
0.948029406,-0.178979625,-0.263071358,-0.147248911,-0.979717832,0.135906979,-0.282060283,-0.0901068416,-0.955155869,0.000992982532,-0.00509351492,-4.55565169e-06
0.94799123,-0.17907645,-0.263143,-0.14731832,-0.97969614,0.13598711,-0.28215231,-0.09014879,-0.95512459,,,
0.94790524,-0.17921085,-0.26336122,-0.14734404,-0.97964921,0.13629793,-0.28242768,-0.09039281,-0.95502027,0.00415763,-0.00331825,0.00192587
0.9477713,-0.17936105,-0.26374074,-0.1473493,-0.97959526,0.13667894,-0.28287408,-0.09067836,-0.95486099,,,
0.947704249,-0.179430747,-0.263934212,-0.14735773,-0.979573181,0.136829487,-0.283094262,-0.0907811423,-0.954786178,-0.000604662113,0.000725924969,0.0070527154
0.94763232,-0.1794599,-0.26417253,-0.14732126,-0.97955821,0.13697501,-0.2833539,-0.09088372,-0.95469927,0.00131835,0.00589651,0.0013792
0.947589175,-0.179505338,-0.264296416,-0.147357455,-0.979553558,0.136970238,-0.283479351,-0.0908454703,-0.954665803,0.000302712957,0.00377100706,-0.00343298307
0.94744043,-0.17970639,-0.26469271,-0.14748306,-0.97951394,0.13711575,-0.28391084,-0.09087131,-0.95453475,-0.00179945,-0.00265276,-0.00502728
0.94747899,-0.17984747,-0.26445881,-0.1475986,-0.97947172,0.13729522,-0.2837221,-0.09105059,-0.95457411,-0.00150184,-0.007514,0.00202941
0.94759905,-0.18002936,-0.26390425,-0.14785217,-0.97943837,0.13725855,-0.28318856,-0.09104725,-0.9547326,-0.00281986,-0.00510275,-0.00706065
0.94761345,-0.18016184,-0.26376213,-0.14797514,-0.97940665,0.13735289,-0.28307615,-0.0911272,-0.95475838,-0.00641971,-0.00234115,-0.01437352
0.94750797,-0.18035029,-0.26401214,-0.14802935,-0.97934352,0.13774341,-0.28340069,-0.09143143,-0.95463293,-0.00932793,-0.00417292,-0.00926807
0.947339906,-0.1803675,-0.264602826,-0.14799871,-0.979352828,0.1377097,-0.283977943,-0.0912970116,-0.954474164,0.00205469364,-0.000958561897,-0.00491443276
0.94726293,-0.18033436,-0.26490087,-0.14794072,-0.97936466,0.13769044,-0.28426483,-0.09123943,-0.95439464,,,
0.947214787,-0.180328262,-0.265077088,-0.147943755,-0.979376639,0.137600665,-0.28442361,-0.0911208841,-0.954358473,0.000275649218,-0.00630819798,0.00211238628
0.94717632,-0.18042517,-0.2651486,-0.14801302,-0.97935516,0.13768079,-0.28451567,-0.09116254,-0.9543273,-0.00290156,-0.00853497,0.00579755
0.94717632,-0.18043611,-0.26514111,-0.14800124,-0.97934529,0.13776069,-0.28452176,-0.09124245,-0.95431744,-0.00815902,-0.00433266,0.00653227
0.94711842,-0.18038195,-0.26538473,-0.14787918,-0.97934431,0.13790134,-0.28477789,-0.09136402,-0.95422978,-0.00514407,-0.00336957,0.00260547
0.947098944,-0.180252818,-0.265541905,-0.147664252,-0.97934534,0.13812181,-0.28495412,-0.0916039696,-0.954153828,-0.000776151312,-0.00531566143,0.000248185592
0.94711331,-0.18018032,-0.26553987,-0.14756707,-0.97934933,0.13819687,-0.28495672,-0.09170315,-0.95414346,,,
0.9471759,-0.18011389,-0.26536167,-0.14746686,-0.97934149,0.13836187,-0.28480055,-0.09192098,-0.95416949,,,
0.94723357,-0.18000687,-0.26522836,-0.14732179,-0.97934056,0.13852171,-0.28468376,-0.0921385,-0.95418319,0.00291844,-0.00445998,-0.00352173
0.947199705,-0.179939304,-0.265395104,-0.147215799,-0.979347205,0.138586995,-0.284851229,-0.0921992057,-0.954127288,0.000936149678,-0.00881659985,-0.00252425973
0.947035236,-0.17979215,-0.266080891,-0.147009809,-0.979385105,0.138537941,-0.28550372,-0.0920838082,-0.95394341,-0.00341879204,-0.00393050909,-0.000571057841
0.94695282,-0.17971854,-0.26642374,-0.14690684,-0.97940412,0.13851331,-0.28582992,-0.0920261,-0.95385137,-0.00485062,0.00344914,0.00493332
0.94709245,-0.17948022,-0.26608783,-0.14664457,-0.97942009,0.13867815,-0.28550176,-0.0923207,-0.95392118,-0.0061115,-0.00884521,0.00957252
0.94729937,-0.179193762,-0.265543776,-0.146350684,-0.979439274,0.138852827,-0.284965575,-0.0926726818,-0.954047336,-0.000272284029,-0.00711512566,0.0112540405
0.94737119,-0.1789922,-0.26542348,-0.14613198,-0.97946134,0.13892786,-0.28483904,-0.09282939,-0.95406994,-0.00309824,-0.00464875,0.00671179
0.947423161,-0.178617684,-0.265490261,-0.145745422,-0.979522474,0.138903172,-0.284864227,-0.0929060928,-0.954054991,-0.00504742702,0.00486594439,0.000582180859
0.94743241,-0.17850465,-0.26553325,-0.14560331,-0.97953359,0.13897321,-0.28490612,-0.0930052,-0.95403274,,,
0.947466424,-0.178583127,-0.265359063,-0.145697555,-0.979517315,0.138988105,-0.284744777,-0.0930243922,-0.954078886,-0.000388588,-0.00645291805,-0.000826815027
0.947635485,-0.178781366,-0.264620853,-0.145936984,-0.979462544,0.139122185,-0.284058743,-0.0932191438,-0.954264266,0.00419146847,-0.00940841436,0.000437756767
0.94788071,-0.17900137,-0.26359186,-0.14624653,-0.97940618,0.13919547,-0.28307969,-0.0933913,-0.95453855,,,
0.94797645,-0.17898022,-0.26326169,-0.14627605,-0.97941003,0.13913472,-0.28274362,-0.09338755,-0.95463814,-0.00437562,0.00120491,0.0025111
0.94809113,-0.17893781,-0.26287729,-0.1462417,-0.97940159,0.13923413,-0.28237665,-0.09356302,-0.95473014,-0.00216759,-0.00843143,0.00551633
0.94820064,-0.17863896,-0.26268545,-0.14595388,-0.97944477,0.13922919,-0.28215774,-0.09367724,-0.9547832,0.00289822,-0.01244003,0.00537915
0.94827679,-0.1784559,-0.26253499,-0.14580364,-0.97947879,0.1391493,-0.28197948,-0.09367349,-0.95483652,0.00397015,-0.011127,0.00257129
0.94847653,-0.17809533,-0.26205784,-0.14550038,-0.97953383,0.13907892,-0.28146385,-0.09378358,-0.95497778,0.00555698,-0.00762624,0.00862227
0.948614197,-0.177780181,-0.26177338,-0.145320047,-0.979616481,0.138683954,-0.28109283,-0.0935166432,-0.955113118,0.000872301578,-0.00981867313,0.00451670913
0.948675881,-0.177659041,-0.261632065,-0.145278355,-0.979656099,0.138448981,-0.280906162,-0.0933337334,-0.955186126,0.000938618788,-0.00997632742,0.00130762719
0.94878954,-0.17732494,-0.26144649,-0.1451166,-0.97975892,0.13788901,-0.28060573,-0.09288742,-0.95531781,,,
0.94884632,-0.17716333,-0.26134996,-0.14502987,-0.97980554,0.13764904,-0.28045853,-0.09270423,-0.95537886,0.00624,0.00207919,0.00598606
0.94907822,-0.17677351,-0.26077127,-0.14493614,-0.97993946,0.13679267,-0.27972137,-0.09203177,-0.95566008,0.00289415,0.01110524,0.0153895
0.94930504,-0.17657028,-0.26008243,-0.14499401,-0.98002584,0.13611029,-0.27892055,-0.09149979,-0.9559451,0.00193816,0.00376672,0.00699463
0.9494889,-0.17646663,-0.25948096,-0.14503007,-0.98006051,0.1358231,-0.27827525,-0.09132999,-0.95614955,0.00240083,-0.00394613,0.00569299
0.94979907,-0.17619425,-0.25852912,-0.1449918,-0.98013708,0.13530946,-0.27723473,-0.09103219,-0.95648001,-0.0034557,-0.00940782,0.01881312
0.95020621,-0.17592071,-0.257216,-0.14504955,-0.98022931,0.13457811,-0.27580572,-0.0905679,-0.9569372,,,
0.95033684,-0.17576075,-0.25684247,-0.14505414,-0.98029206,0.1341155,-0.27535285,-0.09019884,-0.95710249,0.00395468,0.00208575,-0.01407598
0.95045805,-0.17549852,-0.25657313,-0.14499151,-0.98038744,0.13348322,-0.2749672,-0.08966928,-0.95726293,0.01427522,-0.0075556,-0.01115393
0.95104692,-0.17511163,-0.25464813,-0.14518337,-0.98055118,0.13206358,-0.27282144,-0.08862798,-0.95797347,-0.00128867,-0.00308007,0.00873707
0.951428738,-0.175057681,-0.253255129,-0.145532187,-0.980628208,0.131104986,-0.271300082,-0.0878802761,-0.958474382,-0.0122786332,0.00429826975,-0.000473762397
0.95152494,-0.1750362,-0.25290831,-0.14565006,-0.98066137,0.13072557,-0.27089914,-0.08755253,-0.95861778,0.00229106,0.00671118,-0.00513901
0.95150202,-0.17501768,-0.25300737,-0.14566832,-0.98068076,0.13056049,-0.27096985,-0.08737341,-0.95861425,0.01534392,0.00259334,-0.00354451
0.95161657,-0.17494274,-0.25262803,-0.1457566,-0.98072846,0.13010027,-0.27051967,-0.08698336,-0.9587765,0.01726907,0.0065971,0.02308218
0.95206758,-0.17495543,-0.25091415,-0.14612709,-0.98076627,0.12939718,-0.26872697,-0.08652949,-0.95932148,-0.00174332,-0.00362694,0.02365573
0.952294558,-0.174900287,-0.25008991,-0.146202207,-0.980781536,0.129199181,-0.267880549,-0.0864719791,-0.959563726,-0.00028497295,0.000300347805,0.00721769035
0.95246704,-0.17477903,-0.24951718,-0.14616813,-0.98080443,0.12906412,-0.26728526,-0.08645786,-0.95973102,0.00419128,-0.00281137,-0.02805526
0.95242295,-0.17458848,-0.24981871,-0.14592871,-0.98083281,0.12911873,-0.26757305,-0.08651991,-0.95964514,0.01123794,-0.00709438,-0.02537756
0.95233434,-0.17418671,-0.25043622,-0.14547209,-0.98090746,0.12906678,-0.2681365,-0.08648324,-0.95949116,-0.00572978,-0.01040012,-0.00867434
0.95254355,-0.17393784,-0.24981272,-0.14540097,-0.98097787,0.12861013,-0.26743097,-0.08618373,-0.95971487,-0.00981685,-0.00510788,0.00381011
0.95281026,-0.17377545,-0.248907,-0.14550549,-0.98105076,0.1279332,-0.26642214,-0.08567873,-0.9600405,,,
0.95285533,-0.17372942,-0.24876655,-0.14555792,-0.98108379,0.1276198,-0.26623223,-0.08539326,-0.9601186,0.00513772,0.00189513,0.00301966
0.9527619,-0.17340966,-0.24934686,-0.14536522,-0.98120121,0.12693698,-0.26667156,-0.08469436,-0.96005886,0.00576187,0.00833255,0.00964701
0.95278636,-0.17291273,-0.24959834,-0.1450181,-0.98133953,0.1262623,-0.26677312,-0.08410472,-0.96008239,-0.01016663,0.01063865,0.01902614
0.95291834,-0.17261085,-0.24930331,-0.14482204,-0.98140967,0.12594438,-0.266408,-0.0839101,-0.96020114,-0.01033775,0.00413209,0.01330154
0.9532578,-0.1721024,-0.24835523,-0.14450919,-0.98151361,0.12549101,-0.26536136,-0.08373567,-0.96050588,0.00705191,-0.01197755,-0.00816993
0.95353405,-0.17143573,-0.24775513,-0.14400882,-0.98164845,0.1250117,-0.26463989,-0.08352399,-0.96072348,0.01473208,-0.00894952,-0.00946379
0.95370542,-0.17108867,-0.24733507,-0.14377549,-0.9817225,0.12469776,-0.26414878,-0.08336421,-0.96087243,0.00609803,-0.00766748,-0.00101285
0.95406948,-0.17035148,-0.24643823,-0.14335613,-0.98190364,0.12375121,-0.26305979,-0.08273882,-0.96122522,-0.00558345,0.00658482,0.01465308
0.95426294,-0.16976555,-0.24609326,-0.14293921,-0.98203568,0.12318206,-0.26258449,-0.08237169,-0.9613864,-0.00807797,0.00542706,0.00524807
0.95432186,-0.16946076,-0.24607485,-0.14265274,-0.98208929,0.12308842,-0.26252614,-0.08236272,-0.96140332,,,
0.9544172,-0.16885341,-0.24612262,-0.1420758,-0.98219708,0.12289693,-0.26249244,-0.08232688,-0.96141577,0.01521618,-0.00393504,-0.01569513
0.95473416,-0.1681519,-0.24537241,-0.14161435,-0.98235263,0.12218324,-0.26158757,-0.08190426,-0.96169834,0.00955442,0.00167042,-0.00402562
0.95548851,-0.16771724,-0.24271924,-0.14177775,-0.98250248,0.1207799,-0.25872915,-0.08099161,-0.9625484,-0.02215081,-0.00144041,0.00357054
0.95560634,-0.16775748,-0.24222706,-0.1419189,-0.98250838,0.12056674,-0.25821609,-0.08083775,-0.9626992,-0.01315838,-0.00452942,0.0021084
0.955566754,-0.167762473,-0.242379702,-0.141998781,-0.982536727,0.12023909,-0.258318628,-0.0804788499,-0.96270149,-0.000530342979,-0.00462305546,-0.00403935462
0.95556356,-0.1674648,-0.24259808,-0.14178809,-0.98261935,0.11981387,-0.25844617,-0.08009225,-0.96269976,,,
0.95584864,-0.16712909,-0.24170486,-0.14172565,-0.98272216,0.11904259,-0.25742418,-0.07953092,-0.96302012,-0.00281539,0.01278609,0.00879612
0.9560364,-0.16698747,-0.2410593,-0.14171348,-0.98275935,0.11874786,-0.25673272,-0.07936592,-0.96321808,-0.00534015,0.00913745,0.01168726
0.95590055,-0.167106,-0.24151546,-0.14192965,-0.98278838,0.11824998,-0.25711886,-0.07875702,-0.96316525,0.0076301,-0.00687444,-0.00561915
0.955778004,-0.167180532,-0.241948482,-0.142017656,-0.982796871,0.118071363,-0.2575255,-0.0784890504,-0.963078211,0.00995187089,-0.00233924389,-0.000852825237
0.95583706,-0.167465983,-0.241517392,-0.142509105,-0.98279844,0.117465037,-0.257034358,-0.0778590045,-0.963260594,0.000516317377,-0.000947773457,0.00489688106
0.95619791,-0.16792878,-0.23976127,-0.14327237,-0.98275116,0.11693085,-0.25526177,-0.07745786,-0.96376416,-0.01061009,-0.00515693,-0.00221824
0.95632988,-0.16813373,-0.23909037,-0.143591,-0.98272839,0.1167318,-0.25458747,-0.07730288,-0.96395501,-0.0117473,-0.00564718,-0.0041079
0.9563752,-0.16831739,-0.23877964,-0.14392624,-0.98273355,0.11627329,-0.25422765,-0.07683423,-0.96408728,-0.00479533,-0.00748479,-0.00964079
0.955960587,-0.16818591,-0.240526204,-0.143949183,-0.982863899,0.115139705,-0.255769403,-0.0754454692,-0.963789374,-0.00289014028,-0.00053447485,0.00981308892
0.9559485,-0.16794271,-0.24074408,-0.14394325,-0.98297957,0.11415417,-0.25581791,-0.07447202,-0.96385206,0.00232883,-0.00567144,0.00888377
0.95610176,-0.1675717,-0.24039373,-0.14390896,-0.98312389,0.11294866,-0.25526384,-0.0733956,-0.96408155,0.02116121,-0.01456082,-0.00350866
0.95616268,-0.16744477,-0.24023983,-0.14396022,-0.98318989,0.11230709,-0.25500663,-0.07279886,-0.96419486,0.02018259,-0.01041859,-0.00671974
0.95630034,-0.16734529,-0.23976073,-0.14425113,-0.98330053,0.11095773,-0.25432511,-0.07152316,-0.96447038,-0.00709125,-0.00776517,0.00809943
0.95651023,-0.1676887,-0.23868108,-0.14521861,-0.98338455,0.10892968,-0.25298166,-0.06953141,-0.96496889,-0.01501989,-0.00203562,0.0123116
0.95657852,-0.16744536,-0.23857826,-0.14556901,-0.98358128,0.10666499,-0.25252168,-0.06730383,-0.96524757,0.0054886,0.00969404,0.01264586
0.95662729,-0.16718602,-0.23856457,-0.14549616,-0.98367173,0.1059276,-0.25237885,-0.06662301,-0.96533215,0.00406351,0.00387853,0.0127827
0.956962002,-0.166292836,-0.237845385,-0.145324878,-0.983981433,0.103254698,-0.25120592,-0.064245974,-0.965799332,-0.010420775,-0.000553786755,-0.00240451307
0.95731255,-0.16597405,-0.23665438,-0.14542397,-0.98410583,0.10192008,-0.24980903,-0.06315415,-0.96623347,0.00476756,-0.00344861,0.01081548
0.95743225,-0.16573388,-0.2363382,-0.14551085,-0.98421723,0.10070912,-0.24929913,-0.06203238,-0.96643739,0.01010532,0.00519234,0.02001465
0.95753439,-0.16559619,-0.23602073,-0.14557591,-0.98428143,0.09998835,-0.24886851,-0.06138335,-0.96659014,0.01482218,0.00350827,0.02229167
0.958484838,-0.164733085,-0.232744093,-0.14567885,-0.98457148,0.0969329882,-0.245121347,-0.0590029012,-0.967694951,-0.00121424091,0.000501692295,-0.00532312086
0.95848004,-0.16432506,-0.2330521,-0.14549532,-0.98469743,0.09592749,-0.24524909,-0.0580366,-0.96772137,0.01970541,0.00419134,0.0060555
0.95852427,-0.16397721,-0.23311521,-0.14542686,-0.98481926,0.09477188,-0.24511681,-0.05693993,-0.96781984,0.01122906,0.00557035,0.01039851
0.958607695,-0.163913356,-0.232816873,-0.145500102,-0.984854412,0.0942942119,-0.244746818,-0.0565162775,-0.967938427,-0.00203622831,-0.000749528408,0.012452431
0.95873366,-0.16404797,-0.23220258,-0.14589274,-0.98487864,0.09343156,-0.24401861,-0.05569931,-0.96816971,-0.00960228,-0.00767493,-0.00209083
0.95872012,-0.16408317,-0.23223356,-0.14602969,-0.98489656,0.09302444,-0.24398985,-0.05527141,-0.96820116,-0.00701098,-0.010957,-0.00274986
0.95859529,-0.16396321,-0.23283285,-0.14614651,-0.98498179,0.09193476,-0.24441005,-0.05410052,-0.96816155,0.00657512,-0.0013833,0.01116559
0.95872276,-0.16358147,-0.23257638,-0.14611936,-0.98511448,0.09054463,-0.24392582,-0.05282328,-0.96835409,0.009458,0.01310462,0.01440056
0.95913359,-0.16337158,-0.23102486,-0.14628239,-0.98519686,0.08937919,-0.24220698,-0.05193171,-0.96883379,-0.00690316,0.00960964,0.00147655
0.959329721,-0.163427981,-0.230169015,-0.146499884,-0.985205198,0.0889278266,-0.241297045,-0.0515913699,-0.969078803,-0.0182511061,0.000690817833,0.000904588029
0.959743099,-0.163254988,-0.228562882,-0.146799189,-0.985301558,0.0873540517,-0.239464361,-0.0502846016,-0.969602069,0.0116847847,-0.000126302242,0.00947585888
0.95986548,-0.16318143,-0.22810107,-0.14688534,-0.98533815,0.08679788,-0.23892044,-0.04980959,-0.96976104,0.01385107,0.01284093,0.01181699
0.96019722,-0.16312359,-0.22674212,-0.14714522,-0.98538751,0.08578706,-0.23742278,-0.04900848,-0.9701692,0.00130916,0.01851934,0.00179894
0.96039204,-0.16351197,-0.2256346,-0.14762677,-0.98532474,0.08568202,-0.2363334,-0.04897862,-0.97043678,-0.01334343,0.01007432,-0.01963101
0.96067746,-0.1643221,-0.22382373,-0.14854729,-0.98518468,0.08569965,-0.2345901,-0.04908131,-0.97085431,0.00482953,0.01144427,0.02448228
0.960862205,-0.164636659,-0.222797202,-0.148930796,-0.985129785,0.0856675996,-0.233588186,-0.049133394,-0.971093447,-0.000336157158,0.0130730271,0.0207818989
0.96121139,-0.16537318,-0.22073599,-0.14967117,-0.98497295,0.08617758,-0.23167046,-0.04979706,-0.97151881,0.00398498,0.00159329,0.00853918
0.961370878,-0.166049479,-0.219530409,-0.150198174,-0.984807704,0.087143634,-0.230665425,-0.0508042826,-0.971705771,0.00852054171,-0.00810712576,-0.000828347402
0.96141595,-0.16617631,-0.21923687,-0.15024334,-0.98476323,0.08756735,-0.23044806,-0.05124976,-0.97173396,0.01468906,-0.01317525,-0.00392972
0.96153059,-0.16618301,-0.21872844,-0.15015729,-0.984731,0.08807611,-0.23002546,-0.05184421,-0.97180257,0.02466665,-0.00393927,-0.00170583
0.96161454,-0.1662703,-0.21829261,-0.15024695,-0.98470852,0.0881758,-0.22961561,-0.05199333,-0.97189164,0.01488595,0.00651067,0.00197334
0.9617514,-0.16662635,-0.2174164,-0.15049574,-0.98460778,0.0888716,-0.22887827,-0.05275214,-0.97202447,-0.00643411,0.01053137,0.00468506
0.96186529,-0.16727831,-0.21640963,-0.15095697,-0.98443571,0.08998906,-0.22809461,-0.05388881,-0.97214637,-0.00202531,-0.01008409,0.00252834
0.961991441,-0.16810877,-0.215202014,-0.151669278,-0.984245251,0.090871451,-0.227087859,-0.0547780232,-0.972332442,-0.000230319798,-0.01534307,-0.00952609722
0.96201533,-0.16856244,-0.21473986,-0.15198188,-0.98412621,0.09163562,-0.22677746,-0.0555183,-0.97236294,-0.01606597,-0.01043236,-0.01480432
0.96206693,-0.16886544,-0.21427013,-0.15210448,-0.98402077,0.09255812,-0.22647616,-0.05645565,-0.97237902,0.00251904,-0.00599152,-0.0139149
0.96207214,-0.16897511,-0.21416023,-0.15216456,-0.98398787,0.09280989,-0.22641365,-0.05670221,-0.97237934,0.00894675,0.00263137,-0.01527725
0.962184807,-0.169529902,-0.213213523,-0.152815766,-0.983898055,0.0926918131,-0.225494425,-0.0566042648,-0.9725986,-0.00014295755,0.00905829668,-0.00945524592
0.96225562,-0.17012665,-0.21241715,-0.15333168,-0.98376003,0.0933047,-0.2248411,-0.0572127,-0.97271442,0.00751033,-0.00577331,-0.00855478
0.96214858,-0.17030421,-0.21275943,-0.15339927,-0.98371092,0.09370791,-0.22525266,-0.05752379,-0.97260061,0.00869503,-0.01119375,-0.00601207
0.96206051,-0.17045356,-0.21303795,-0.15349821,-0.98368059,0.0938672,-0.22556127,-0.05760498,-0.97252457,0.00637676,-0.00311524,-0.00133392
0.96183151,-0.17085733,-0.21374733,-0.15375643,-0.98359418,0.0943474,-0.22636057,-0.05788127,-0.97232228,,,
0.96154143,-0.17126058,-0.21472748,-0.15392261,-0.98349137,0.09514539,-0.22747727,-0.05843482,-0.97202857,0.00426115,-0.00201809,0.00466012
0.96141652,-0.17147249,-0.21511728,-0.15404025,-0.98344162,0.09546596,-0.22792512,-0.05864583,-0.97191068,0.00925098,0.00237352,-0.00143544
0.96129655,-0.17180315,-0.21538947,-0.15420817,-0.98335193,0.09611968,-0.2283173,-0.0591847,-0.97178627,0.00916299,0.01545328,-0.01811685
0.96124617,-0.17197677,-0.2154757,-0.154284,-0.98329958,0.09652973,-0.22847808,-0.05954438,-0.97172622,0.00652337,0.01199049,-0.02319588
0.96103146,-0.1723568,-0.21612882,-0.1544802,-0.98320566,0.09717281,-0.22924747,-0.05999851,-0.97151729,-0.00140114,0.00587457,-0.0256354
0.96069114,-0.17260478,-0.21743992,-0.15454318,-0.98315042,0.09762803,-0.23062726,-0.06018652,-0.97117878,-0.0073303,-0.01323611,-0.01993245
0.96025931,-0.17269439,-0.21926856,-0.15441557,-0.98312751,0.09806075,-0.23250352,-0.06030527,-0.97072405,-0.00164398,-0.02123731,-0.00922615
0.959596185,-0.172322099,-0.222441586,-0.153881446,-0.983231303,0.0978612995,-0.23557518,-0.0596776979,-0.970022182,-9.62662671e-05,-0.0217080712,-0.000279642438
0.95924591,-0.17184885,-0.22431062,-0.15347789,-0.98337488,0.09704767,-0.23725897,-0.05866586,-0.96967333,0.00528565,-0.01064444,0.00425184
0.95908969,-0.17159588,-0.22517063,-0.1532948,-0.98345528,0.09651986,-0.23800769,-0.05805371,-0.96952657,0.0050947,-0.00579178,0.00554164
0.95877509,-0.17110729,-0.22687577,-0.15291001,-0.98360255,0.09562623,-0.23951795,-0.05699247,-0.96921764,-0.00892121,0.00277847,-0.01124626
0.95840376,-0.17044437,-0.22893437,-0.15235422,-0.98378529,0.09462889,-0.24135124,-0.05581357,-0.96883144,-0.0025595,-0.00366396,-0.01073275
0.95826192,-0.16988685,-0.22994032,-0.1518799,-0.98391889,0.09399907,-0.24221187,-0.05515242,-0.96865439,-0.0067972,-0.01842242,-0.00628548
0.95820494,-0.16933607,-0.23058314,-0.15149246,-0.98406054,0.09313836,-0.24267947,-0.05431403,-0.9685848,-0.00170755,-0.0024001,0.0157281
0.95816758,-0.16907201,-0.23093187,-0.15132984,-0.98413382,0.09262546,-0.24292829,-0.05380383,-0.96855076,-0.00388216,0.00383931,0.01942884
0.9580023,-0.16871464,-0.23187703,-0.15116809,-0.98425521,0.0915955,-0.24367969,-0.05269629,-0.96842303,-0.01180732,0.01418823,0.02236676
0.95783965,-0.16841721,-0.23276348,-0.1510309,-0.9843561,0.09073226,-0.24440308,-0.05175247,-0.9682915,-0.0086654,0.00566524,0.00443652
0.95774936,-0.16829924,-0.23321991,-0.15097301,-0.98439715,0.0903826,-0.24479238,-0.05135397,-0.96821438,-0.00966744,0.00344461,-0.0033792
0.957672711,-0.167797945,-0.233894894,-0.1506192,-0.984522878,0.0896002719,-0.245309658,-0.05057867,-0.968124281,0.000228798017,-0.00384110212,-0.00794627983
0.95787448,-0.16727792,-0.2334407,-0.15048087,-0.98467674,0.08812913,-0.24460574,-0.04928828,-0.96836884,0.00920215,-0.0031262,0.01591907
0.957937048,-0.16717673,-0.233256414,-0.150591678,-0.984732521,0.0873159667,-0.244292366,-0.0485167252,-0.96848719,0.0051169619,-0.000696599483,0.0206391215
0.957937048,-0.167097995,-0.233312833,-0.150674129,-0.984778258,0.0866566954,-0.24424153,-0.0478574539,-0.968532926,-0.000264771283,0.000772416592,0.0203806311
0.957957885,-0.167057722,-0.233256081,-0.15071785,-0.984799858,0.0863304453,-0.244132774,-0.0475450716,-0.968575363,-0.000829618191,0.00213855505,0.0136070475
0.9579891,-0.16686238,-0.23326773,-0.15066276,-0.98485923,0.08574983,-0.2440443,-0.04700265,-0.96862435,0.01384923,-0.00622785,0.00332511
0.9580653,-0.16646646,-0.23323764,-0.15038451,-0.98494544,0.0852445,-0.24391674,-0.04659446,-0.96867602,0.0249677,-0.00784343,0.00560398
0.95819697,-0.16619597,-0.2328894,-0.15032841,-0.98502437,0.08443,-0.24343365,-0.04589067,-0.96883134,0.01130098,0.01295716,0.00555581
0.9581347,-0.1665078,-0.23292283,-0.15052117,-0.9849518,0.08493196,-0.24355958,-0.04631645,-0.96877945,-0.01245716,-0.00224793,-0.00929356
0.95808274,-0.16668422,-0.23301035,-0.15059448,-0.98490472,0.08534442,-0.24371861,-0.04667694,-0.96872193,-0.01027667,-0.00951517,-0.00324613
0.95792307,-0.16680362,-0.23358069,-0.15063189,-0.98487937,0.08557088,-0.24432237,-0.04678561,-0.96856461,0.00320292,-0.00416327,0.00574857
0.95778366,-0.16663241,-0.23427355,-0.15045121,-0.98491728,0.08545325,-0.24497936,-0.04659899,-0.96840772,0.00560354,-0.00551647,0.00661695
0.95767138,-0.16630297,-0.23496561,-0.15008902,-0.98497618,0.08541048,-0.24563958,-0.04652941,-0.96824374,-0.00349057,-0.00688589,-0.0142415
0.95767138,-0.16631291,-0.2349586,-0.15007865,-0.98497075,0.08549302,-0.24564593,-0.04661195,-0.96823832,-0.00867856,-0.0077914,-0.01409103
0.95768519,-0.16622891,-0.23496176,-0.14999303,-0.98498396,0.08548935,-0.24564439,-0.04662926,-0.96823772,-0.00797309,-0.01190466,-0.00702455
0.95767441,-0.16609424,-0.2351009,-0.14987127,-0.98501072,0.08539619,-0.24576072,-0.04654687,-0.96821231,-0.00512836,-0.00896305,-0.00206421
0.95765998,-0.16590801,-0.23529107,-0.14971588,-0.98504988,0.08521683,-0.2459116,-0.04638194,-0.96818191,-0.00225506,-0.0067749,0.0036187
0.95763096,-0.16551552,-0.23568531,-0.149426,-0.98513913,0.08469278,-0.24620078,-0.04588691,-0.96813206,-0.00524348,0.00251037,0.00898635
0.95766485,-0.1651006,-0.23583856,-0.14916424,-0.98523656,0.08401441,-0.24622766,-0.04527896,-0.96815351,-0.00262531,-0.00358313,0.01253278
0.95770963,-0.16480053,-0.23586657,-0.14904496,-0.98531845,0.08326415,-0.24612569,-0.04458815,-0.96821166,-0.00367567,-0.00481254,0.00338462
0.95774069,-0.16463429,-0.23585655,-0.14895927,-0.98535957,0.08293022,-0.2460567,-0.04429263,-0.96824275,-0.00923459,-0.01444477,-0.00707944
0.95785844,-0.16420648,-0.23567655,-0.14871725,-0.98545894,0.08218322,-0.24574456,-0.04367072,-0.96835051,-0.00580245,-0.01419157,-0.00653205
0.95799699,-0.16374822,-0.23543213,-0.14850843,-0.98557254,0.08119161,-0.24533041,-0.04281767,-0.96849352,-0.0053603,-0.00854123,-0.0030805
0.95808347,-0.16347681,-0.23526878,-0.14836219,-0.98563518,0.08069559,-0.24508106,-0.04240812,-0.96857454,-0.00519957,-0.00366336,0.00512772
0.95821795,-0.16297711,-0.23506768,-0.14810892,-0.98575426,0.07969953,-0.2447082,-0.0415539,-0.96870579,,,
0.95830666,-0.16242694,-0.23508685,-0.14781745,-0.98588567,0.07860904,-0.24453699,-0.04058163,-0.96879034,0.00855289,0.00713354,-0.00248189
0.95835095,-0.16215679,-0.23509282,-0.14766652,-0.9859483,0.0781048,-0.24445461,-0.04013647,-0.96882962,0.01110157,0.0134353,-0.00195264
0.95845657,-0.16158418,-0.2350565,-0.14731243,-0.98607422,0.07717906,-0.24425407,-0.03934603,-0.96891267,0.01213542,0.00706881,-0.00569135
0.958573129,-0.161166814,-0.234867637,-0.147058787,-0.986163855,0.0765125234,-0.243949302,-0.0388034953,-0.969011162,0.0145984683,0.000912606716,-0.000420631608
0.958641783,-0.160957932,-0.23473064,-0.146932913,-0.986208401,0.0761811313,-0.243755304,-0.0385407573,-0.969070595,0.0139563102,-0.000760316849,0.00358393695
0.95870665,-0.16066747,-0.2346647,-0.14680446,-0.98627874,0.07551422,-0.24357752,-0.03794616,-0.96913868,0.01050931,0.00139123,-0.00626907
0.95869386,-0.16020095,-0.23503559,-0.14650491,-0.98638248,0.0747379,-0.24380809,-0.0372169,-0.96910905,-0.0042568,-0.00338399,-0.0080532
0.9586579,-0.15998409,-0.23532978,-0.14637934,-0.98643386,0.07430435,-0.2440248,-0.03678503,-0.96907098,-0.00804151,-0.00771266,-0.01403734
0.95856854,-0.15959217,-0.23595908,-0.14617045,-0.98652987,0.07343668,-0.2445006,-0.03590385,-0.96898415,-0.00712349,-0.00664556,-0.01450718
0.95853229,-0.15937485,-0.23625304,-0.14604524,-0.98658052,0.07300253,-0.24471745,-0.03547164,-0.96894522,-0.01117445,-0.0061295,-0.01369574
0.958514825,-0.158825037,-0.236693747,-0.145744501,-0.986706739,0.0718882659,-0.244965023,-0.0344091526,-0.968920906,-0.00439641206,-0.00798678398,-0.000917489873
0.9585734,-0.15817991,-0.23688847,-0.1453743,-0.98684733,0.0706979,-0.2449558,-0.03333162,-0.96896089,-0.00766612,-0.00109333,0.00741738
0.95867375,-0.15752407,-0.23691943,-0.14501813,-0.98699,0.06943116,-0.24477416,-0.03220422,-0.96904525,-0.00267879,-0.00113964,0.00544295
0.95869621,-0.15725341,-0.23700832,-0.14486549,-0.98704816,0.06892033,-0.24477658,-0.03173933,-0.96905992,-0.00467658,-0.00371975,0.00343824
0.95871602,-0.15663974,-0.23733432,-0.1445462,-0.98718328,0.06764045,-0.2448877,-0.03054221,-0.96907009,,,
0.95868145,-0.15583874,-0.23800033,-0.14415573,-0.98736223,0.06583969,-0.24525292,-0.02881018,-0.9690309,,,
0.9586574,-0.15546456,-0.23834167,-0.14401939,-0.9874498,0.06481541,-0.24542696,-0.02780995,-0.96901597,-0.0031493,-0.00484604,0.00257452
0.95872667,-0.15497428,-0.23838235,-0.14374955,-0.98755011,0.06388195,-0.24531456,-0.02697797,-0.96906812,0.00251684,-0.01449281,0.00645104
0.95878278,-0.15460871,-0.23839403,-0.14352355,-0.98762118,0.06328579,-0.24522757,-0.02646217,-0.96910417,0.00234002,-0.01013058,0.00550053
0.95895796,-0.15387796,-0.23816213,-0.14307571,-0.98776143,0.06210519,-0.24480395,-0.02548105,-0.96923789,0.0087397,-0.0016005,0.00479668
0.95902329,-0.1531144,-0.23839108,-0.14256664,-0.98790462,0.06098267,-0.24484502,-0.02449718,-0.96925254,0.01033241,-0.00111806,-0.01519897
0.95894822,-0.15271544,-0.23894833,-0.14227843,-0.98797955,0.06044027,-0.24530625,-0.0239619,-0.96914934,0.00384406,0.00567788,-0.0262726
0.95864824,-0.1519968,-0.24060448,-0.14160965,-0.98810293,0.05999324,-0.24686078,-0.02344049,-0.96876735,-0.00800422,-0.00522828,-0.03510236
0.9582936,-0.15117132,-0.2425296,-0.14087359,-0.98824655,0.05935881,-0.24865238,-0.02271715,-0.9683264,-0.00642012,-0.01142019,-0.01621038
0.95814696,-0.15070644,-0.24339672,-0.14056129,-0.98833441,0.05862861,-0.2493931,-0.02196266,-0.96815309,-0.00417909,-0.00573754,-0.00376292
0.95792954,-0.14985036,-0.24477718,-0.14012597,-0.9885047,0.05677395,-0.25047098,-0.0200858,-0.96791578,0.00448354,0.00183719,0.01773381
0.95788547,-0.14952301,-0.2451495,-0.14002582,-0.98857258,0.05582586,-0.25069539,-0.01914751,-0.96787639,0.00575214,0.00379199,0.02306703
0.95788006,-0.14905943,-0.24545282,-0.13998133,-0.98867365,0.0541277,-0.25074096,-0.01748903,-0.96789631,0.00648295,0.00780052,0.0195438
0.95796565,-0.14867176,-0.24535386,-0.13995205,-0.9887547,0.05270203,-0.25043009,-0.01614896,-0.96799996,0.00128331,-0.00214452,0.00758463
0.9580431,-0.14845281,-0.24518398,-0.14000857,-0.98880377,0.05162024,-0.25010202,-0.01512655,-0.96810129,-0.00575311,-0.00513721,-0.00441977
0.95805212,-0.14846401,-0.24514193,-0.14017027,-0.9888107,0.0510415,-0.24997685,-0.0145388,-0.96814242,-0.01137218,-0.01259297,-0.00595867
0.95797109,-0.14855712,-0.24540204,-0.14058671,-0.98881571,0.04978614,-0.25005351,-0.01319341,-0.96814202,-0.01310013,-0.00433499,-0.00142864
0.957777214,-0.148550324,-0.246161754,-0.141010264,-0.988839812,0.0480824391,-0.250557206,-0.0113409304,-0.96803536,-0.00032022642,-0.00794351101,0.00824986491
0.95769048,-0.14844094,-0.24656486,-0.14111515,-0.98886617,0.04722325,-0.25082954,-0.01043122,-0.96797498,0.00769736,-0.00810963,0.01076152
0.95749487,-0.14816676,-0.24748772,-0.1413795,-0.98892851,0.04507781,-0.25142672,-0.00817208,-0.96784172,0.00770155,0.00164467,0.01158134
0.95731705,-0.14808215,-0.24822519,-0.14179641,-0.9889563,0.04311676,-0.25186871,-0.00607896,-0.96774224,0.00126265,0.00475043,0.02120539
0.95721358,-0.14822408,-0.24853928,-0.14216074,-0.98894019,0.04227339,-0.25205649,-0.00513213,-0.96769862,-0.0056154,0.01145822,0.02622019
0.95697622,-0.14867548,-0.24918288,-0.14297494,-0.9888795,0.04092794,-0.25249687,-0.00354016,-0.96759103,-0.01021346,0.01418561,0.02189367
0.95685498,-0.14882554,-0.24955862,-0.14341538,-0.98886065,0.03983039,-0.2527065,-0.00232136,-0.96754011,-0.00730099,0.00771302,0.02148276
0.95690793,-0.14882737,-0.2493544,-0.14358933,-0.98886168,0.03917287,-0.25240703,-0.0016802,-0.9676196,-0.0076409,0.00294429,0.02806209
0.95719269,-0.148895626,-0.248218125,-0.14397096,-0.988852526,0.037982295,-0.251106567,-0.000620169857,-0.96795905,-0.0154558215,-0.00710529089,0.0225716326
0.957359516,-0.149275949,-0.247344784,-0.144715069,-0.988795177,0.0366250244,-0.250040597,0.000731204196,-0.968234947,-0.0170618054,-0.00510120392,0.01136172
