0,1,2,3,4,5,6,7,8,9,10,11
-0.57723955,0.03138102,-0.81597151,-0.16341806,0.97460688,0.15308812,0.80005551,0.22171303,-0.55745341,0.00451568,0.00262398,-0.00570046
-0.57709818,0.0311696223,-0.816079561,-0.163732596,0.974566671,0.153007962,0.800093139,0.221919477,-0.557317165,0.00326993223,-0.000645518245,-0.0102232005
-0.5769698,0.03104187,-0.81617529,-0.16382827,0.97457075,0.1528795,0.80016623,0.22191946,-0.55721236,0.00264339,0.00141817,-0.00957785
-0.57654798,0.0307292,-0.81648514,-0.1641075,0.9745737,0.15256093,0.80041301,0.22195005,-0.5568456,0.00252494,-0.00543356,-0.00381993
-0.5760104,0.03044364,-0.81687517,-0.16433315,0.97459223,0.1521992,0.80075369,0.22190801,-0.55637236,-0.00291918,0.00171214,-0.0063905
-0.5757232,0.03030038,-0.8170829,-0.16440702,0.97461325,0.1519847,0.80094501,0.22183531,-0.55612586,-0.00112045,0.00810867,-0.00653351
-0.57507607,0.03015488,-0.81754404,-0.16453941,0.97463692,0.15168936,0.80138278,0.22175113,-0.55552871,-0.00344875,0.00682336,0.00317879
-0.57470261,0.03006923,-0.81780973,-0.16481673,0.97459522,0.15165622,0.80159363,0.22194595,-0.5551465,-0.00518264,-0.00261569,0.00298859
-0.57453071,0.03000609,-0.81793285,-0.16504897,0.97455143,0.15168504,0.80166911,0.22214668,-0.55495725,,,
-0.57428251,0.02958459,-0.81812249,-0.16575471,0.97444654,0.15158932,0.80170134,0.22266274,-0.55470382,,,
-0.57405657,0.02900918,-0.81830154,-0.16668659,0.97430551,0.15147392,0.80166983,0.22335451,-0.55447104,-0.00163013,-0.00306898,0.00601068
-0.57394342,0.02872149,-0.8183911,-0.16715245,0.9742347,0.15141602,0.8016539,0.22370031,-0.55435473,,,
-0.5737664,0.02826613,-0.81853106,-0.16797784,0.97409741,0.15138583,0.80160808,0.22435519,-0.55415629,-0.0032057,0.00309473,0.00284041
-0.57368899,0.02797932,-0.81859523,-0.16852109,0.97400227,0.15139426,0.80154952,0.22480377,-0.55405927,,,
-0.57359547,0.02788823,-0.81866355,-0.16872877,0.97396568,0.15139829,0.80157243,0.22497353,-0.55395675,,,
-0.57340917,0.02763459,-0.81880283,-0.16907404,0.9739253,0.15127285,0.80163316,0.22517957,-0.5537854,-0.00601569,-0.0018273,-0.00341858
-0.573157103,0.0275640415,-0.818981883,-0.169295045,0.973889329,0.151257285,0.801766979,0.225343742,-0.553525133,-0.00677134143,-0.00635439111,0.000292255427
-0.57307048,0.02747886,-0.81904514,-0.1693583,0.97389176,0.15117077,0.80181531,0.22534363,-0.55345484,,,
-0.57291181,0.02746354,-0.81915688,-0.16933651,0.97390895,0.15108444,0.80193353,0.2252712,-0.55331337,,,
-0.57288246,0.02750428,-0.819176,-0.16914956,0.97395544,0.15099412,0.80199391,0.22506513,-0.55330966,,,
-0.57285292,0.02754498,-0.81919509,-0.1689626,0.9740019,0.15090372,0.80205421,0.224859,-0.55330576,,,
-0.57286701,0.02752081,-0.81918628,-0.16863882,0.97409633,0.15065624,0.80211252,0.22445257,-0.55338657,,,
-0.572996319,0.0274336493,-0.819098514,-0.168333416,0.974191068,0.150384908,0.802084061,0.224051678,-0.553589892,-0.00722848671,0.000657498778,-0.00162606826
-0.57307585,0.027334,-0.81904622,-0.16823912,0.97423161,0.1502277,0.80204704,0.22388751,-0.55370996,-0.00527236,0.00365216,0.00237833
-0.57331424,0.02717811,-0.81888462,-0.16809661,0.97428776,0.15002295,0.80190661,0.22366203,-0.5540045,-0.00608514,0.00575966,0.0011434
-0.57369761,0.02691863,-0.81862474,-0.16815973,0.9742981,0.14988504,0.80161923,0.22364841,-0.55442586,,,
-0.57392874,0.02679273,-0.81846677,-0.1681968,0.97429899,0.14983761,0.8014459,0.22365961,-0.55467174,-0.00278107,0.00467926,-0.00322277
-0.57443432,0.02658352,-0.81811901,-0.16823922,0.97429962,0.14978589,0.80107488,0.22368184,-0.55519875,-0.00381976,0.00414389,-0.00167253
-0.57486681,0.02644396,-0.81781945,-0.16819629,0.97431504,0.1497338,0.80077334,0.22363122,-0.5556536,-0.00311771,-0.00432181,-0.01255818
-0.575061552,0.0263528813,-0.817685504,-0.168190736,0.974323307,0.149686229,0.800634706,0.22360594,-0.555863561,-0.000716493232,-0.00723159267,-0.00720125809
-0.5753216,0.02618589,-0.81750794,-0.16841465,0.974278,0.14972935,0.80040079,0.22382286,-0.55611309,-0.0018849,0.00807124,-0.00431311
-0.57557452,0.02601272,-0.81733543,-0.16878275,0.97419372,0.14986317,0.80014139,0.22420956,-0.55633059,-0.00161364,0.00748104,-0.00168117
-0.57572608,0.02598616,-0.81722966,-0.16891372,0.97415409,0.14997321,0.80000485,0.22438478,-0.5564565,-0.00134554,0.00834483,-0.00267007
-0.5761009,0.02586285,-0.81696936,-0.16926074,0.97405996,0.15019319,0.79966157,0.22480726,-0.55677925,0.00162283,-0.00503379,-0.01344913
-0.57635315,0.02565351,-0.81679785,-0.16959358,0.97399175,0.15026008,0.79940906,0.22512657,-0.55701254,0.00097463,-0.00324553,-0.01328
-0.576418378,0.0255059081,-0.816756593,-0.169753008,0.973970614,0.150217039,0.799328343,0.225234747,-0.557084858,0.000525697833,0.00148993719,-0.00849278178
-0.57649804,0.02516187,-0.81671099,-0.17024764,0.97389024,0.15017838,0.79916562,0.22562067,-0.55716206,-0.00341398,-0.00208098,-0.00489265
-0.576592015,0.0246568786,-0.816660049,-0.171112199,0.973733705,0.150210805,0.798913144,0.226350854,-0.557227985,0.00153409108,-0.00087541336,-0.0117892288
-0.576584617,0.0242275351,-0.816677952,-0.171670029,0.973654826,0.150085563,0.79879863,0.226736194,-0.557235248,-0.00023639854,0.00232559419,-0.0103866868
-0.57647546,0.02331309,-0.81678159,-0.17302769,0.9734422,0.14990565,0.79858443,0.22774281,-0.55713172,-0.00184003,0.00201887,-0.00733798
-0.57627827,0.02234905,-0.81694783,-0.17448292,0.97321331,0.14970492,0.79841027,0.22881515,-0.55694215,,,
-0.57580893,0.02098564,-0.81731488,-0.17696305,0.97277384,0.14965002,0.79820304,0.23080436,-0.55641819,-0.0013647,-0.00806588,-0.00508652
-0.57543269,0.02006556,-0.81760283,-0.17875163,0.9724434,0.14967189,0.79807573,0.23227397,-0.55598897,-0.00520114,0.00730079,0.00114272
-0.5752475,0.01964433,-0.81774332,-0.17960851,0.97228062,0.14970365,0.79801681,0.23299034,-0.5557737,-0.0016746,-0.00302631,-0.0071067
-0.57438195,0.01745711,-0.81840125,-0.183288,0.97164602,0.14936371,0.79780378,0.23579495,-0.55489625,-0.00585959,-0.00163925,0.00147461
-0.57414983,0.01695798,-0.81857434,-0.1841402,0.97149738,0.14928237,0.79777435,0.23644295,-0.5546624,-0.009217,0.00267988,0.00132801
-0.57383432,0.01593161,-0.81881624,-0.18597418,0.97115629,0.14922819,0.79757599,0.23791097,-0.55431994,-0.012316,0.00410765,0.00181084
-0.573726936,0.0150388925,-0.818908348,-0.187723168,0.970801438,0.14934716,0.797243415,0.239412602,-0.55415178,-0.00829689857,0.00609201146,-0.000553716905
-0.57377381,0.01467384,-0.81888244,-0.18864439,0.97058831,0.14957148,0.79699251,0.24029776,-0.55413002,-0.00488309,0.01372486,0.00623289
-0.57399714,0.01403411,-0.81873708,-0.19035647,0.97017478,0.15008433,0.79642436,0.24199987,-0.55420607,-0.00470301,0.00244766,0.00439511
-0.57541268,0.01211948,-0.81777337,-0.19411404,0.96929551,0.15095019,0.79449349,0.24559996,-0.55539236,,,
-0.57622585,0.0111708,-0.81721396,-0.1954838,0.96899945,0.15108324,0.7935676,0.2468102,-0.55617882,,,
-0.57662687,0.01065683,-0.81693793,-0.19620508,0.96884672,0.15112772,0.79309817,0.24743171,-0.55657213,0.00334222,-0.00475603,-0.00648838
-0.577382997,0.00954990947,-0.816417643,-0.197644104,0.968557509,0.151106456,0.792190492,0.24860642,-0.557341156,-0.000185439363,0.00139027822,-0.0111489957
-0.57797828,0.00849982,-0.81600783,-0.19912994,0.96824954,0.15112936,0.79138378,0.24984109,-0.55793464,-0.00112061,0.00326329,-0.01263808
-0.578218242,0.00800680205,-0.815842812,-0.199863533,0.968094886,0.151151775,0.791023495,0.250455948,-0.558169854,0.000200300477,0.00391632272,-0.0142042423
-0.57875021,0.00598028,-0.81548292,-0.20316986,0.96738567,0.15128439,0.78979121,0.25323743,-0.55865965,-0.00468889,0.00817221,-0.00193186
-0.57885455,0.005466,-0.81541237,-0.20409969,0.96717621,0.15137204,0.78947484,0.25404784,-0.55873873,-0.00863751,0.00524718,-0.0029775
-0.57906154,0.00450717,-0.81527145,-0.20602652,0.96671955,0.15167856,0.78882249,0.25579874,-0.55886152,,,
-0.579299604,0.00358133595,-0.815106795,-0.208061653,0.966214894,0.152115499,0.788113102,0.257712923,-0.558982766,0.000285114395,-0.00661045266,-0.00917329267
-0.579346053,0.0030161371,-0.815076111,-0.209162729,0.965956774,0.15224475,0.787787482,0.258685937,-0.558992381,-0.0022586179,0.000963211001,-0.012295424
-0.5792687,0.00193695,-0.81513424,-0.21155262,0.96537501,0.15263217,0.78720587,0.26085884,-0.55880176,-0.00351374,0.00160736,-0.0086001
-0.579041,0.00099459,-0.81529776,-0.21391479,0.96477964,0.15310357,0.78673496,0.26305751,-0.55843421,,,
-0.579004442,0.0005284503,-0.815324332,-0.215105102,0.964470639,0.153382484,0.786437436,0.264189538,-0.558319115,0.00461176923,-0.000955402793,0.00347969006
-0.578883453,-0.000411075608,-0.815410098,-0.217549293,0.963830388,0.153958713,0.785853741,0.266516062,-0.55803489,0.00229700585,-0.0202266555,-0.00423981808
-0.57860322,-0.00166752,-0.81560744,-0.22019839,0.96318321,0.15424255,0.78532219,0.26884068,-0.5576681,,,
-0.57841617,-0.00237273,-0.81573809,-0.22151958,0.96287542,0.15427244,0.7850881,0.2699357,-0.55746831,,,
-0.57787039,-0.0036002,-0.81612049,-0.22395261,0.96230337,0.15432905,0.78479988,0.27195453,-0.5568929,,,
-0.57720779,-0.00479553,-0.81658318,-0.22633199,0.96174534,0.15433641,0.78460494,0.27390308,-0.55621228,-0.00326207,-0.00592333,-0.00791504
-0.576757,-0.00540012,-0.81689799,-0.22750595,0.96147884,0.15427084,0.78459706,0.27482592,-0.55576822,-0.00265953,-0.00589263,-0.00898992
-0.57576257,-0.00634999,-0.81759234,-0.2297227,0.96094511,0.1543113,0.78468149,0.27666618,-0.55473496,0.0040993,-0.00216848,-0.00418188
-0.57463007,-0.00715162,-0.81838203,-0.23177196,0.96044725,0.15434648,0.78490894,0.27837014,-0.55355941,0.00459897,-0.00217819,-0.00622903
-0.57403974,-0.00760791,-0.8187921,-0.23277781,0.96021559,0.15427418,0.78504323,0.27915614,-0.55297286,0.00344955,-0.00721109,-0.01111971
-0.57259776,-0.00859501,-0.81979134,-0.23447478,0.95989326,0.15370917,0.78559104,0.28023394,-0.55164804,0.00396658,-0.00525993,-0.00724092
-0.57100262,-0.00981874,-0.8208893,-0.23630182,0.95957572,0.1528917,0.78620423,0.28127924,-0.55024044,0.0059589,0.01407915,0.00195428
-0.57023656,-0.01043155,-0.82141413,-0.23728944,0.95938705,0.15254575,0.78646279,0.2819001,-0.54955287,0.00395551,0.0061118,0.00518908
-0.56901722,-0.01167346,-0.82224276,-0.23926977,0.95898694,0.15196719,0.78674609,0.28320978,-0.54847319,0.00724991,-0.01648634,-0.00615845
-0.56764696,-0.01302297,-0.82316907,-0.24098497,0.95870817,0.15101291,0.78721227,0.28409339,-0.54734611,0.00689305,-0.01070219,-0.01351929
-0.56684092,-0.01374004,-0.82371254,-0.24179184,0.95860136,0.15039993,0.78754545,0.28441984,-0.5466967,0.00674159,-0.00381649,-0.0057293
-0.56504064,-0.0153039,-0.82492107,-0.24356045,0.95836437,0.14905044,0.78829391,0.28513772,-0.54524224,0.00342882,0.00353175,0.00231522
-0.56322619,-0.01671061,-0.82613385,-0.24510501,0.95817632,0.14772163,0.78911338,0.28569022,-0.54376586,0.00295131,-0.01004445,-0.00116564
-0.562286862,-0.0175094004,-0.8267567,-0.245892887,0.958094057,0.146943726,0.789537781,0.285918155,-0.543029133,-6.82799146e-05,-0.00922614243,-0.00571961282
-0.56024405,-0.01908123,-0.82810785,-0.24747751,0.95792844,0.14535467,0.79049452,0.28637214,-0.54139589,,,
-0.55788666,-0.02055915,-0.82966226,-0.24897476,0.95779265,0.14368295,0.79169041,0.28672381,-0.53945845,0.00372652,-0.00320005,-0.00193375
-0.55669189,-0.02121686,-0.83044808,-0.24950333,0.95778946,0.1427846,0.79236497,0.28668659,-0.53848731,,,
-0.5541693,-0.02222608,-0.8321071,-0.25002942,0.95792714,0.1409286,0.79396568,0.28614958,-0.53641099,,,
-0.55161327,-0.02272364,-0.83379044,-0.24956732,0.95833092,0.13898921,0.79588882,0.28475513,-0.53429913,,,
-0.55032913,-0.02275673,-0.83463769,-0.24891629,0.95864483,0.13798832,0.79698094,0.2836939,-0.5332347,-0.00180308,-0.00113547,0.00541639
-0.54790205,-0.02254449,-0.83623852,-0.24715686,0.95937361,0.13607264,0.79919748,0.2812366,-0.53121479,0.00366867,0.00356752,0.00178206
-0.54462366,-0.0219658,-0.83839283,-0.24421041,0.96049237,0.13347536,0.80233803,0.2774381,-0.52847115,,,
-0.54233866,-0.02187738,-0.83987498,-0.24234718,0.96124281,0.13145384,0.80444792,0.27483385,-0.52662105,,,
-0.53997695,-0.02176533,-0.8413981,-0.24035467,0.9620262,0.12936468,0.80663135,0.27208796,-0.52470337,,,
-0.536678337,-0.0214646424,-0.843513795,-0.237367586,0.963146296,0.126514184,0.809711605,0.26812027,-0.521994761,0.000909504015,-0.00743079139,-0.0187392514
-0.53415368,-0.021433399,-0.845115502,-0.235508085,0.963876968,0.124407103,0.811920897,0.265484076,-0.519906164,-7.08466396e-05,0.00338453031,-0.0132469125
-0.53415368,-0.021433399,-0.845115502,-0.235508085,0.963876968,0.124407103,0.811920897,0.265484076,-0.519906164,-7.08466396e-05,0.00338453031,-0.0132469125
-0.530135737,-0.0214321005,-0.847641795,-0.232989636,0.964881887,0.12132094,0.815274051,0.261808339,-0.516511825,-0.000709345564,0.011153399,-0.00953380205
-0.5275285,-0.02136288,-0.84926874,-0.23138348,0.96550304,0.11943858,0.81742,0.259514,-0.51427339,-0.00126736,-0.00314772,-0.0191529
-0.526167146,-0.0214137389,-0.850111364,-0.230640878,0.965805558,0.118424679,0.818506363,0.258381638,-0.513114034,0.000217875,-0.00152635563,-0.0199489519
-0.52334238,-0.02153385,-0.85185029,-0.22927732,0.9663726,0.11642988,0.82069759,0.25624265,-0.51068095,0.00435649,0.00185293,-0.01164803
-0.52071077,-0.02153079,-0.85346157,-0.22812168,0.9668422,0.11478964,0.82269115,0.2544653,-0.50835678,-0.00385684,0.0162341,-0.00473744
-0.5195292,-0.02157535,-0.85418033,-0.22762018,0.96705183,0.11401672,0.8235767,0.25366369,-0.50732265,-0.0012083,-0.00128067,-0.00992808
-0.51705069,-0.02206106,-0.85567046,-0.22703194,0.96739725,0.11224556,0.82529699,0.25230117,-0.50520198,0.00326226,-0.01326662,-0.0151883
-0.51445489,-0.02290618,-0.85721129,-0.22689276,0.96765225,0.11031224,0.8269556,0.25124574,-0.50301067,-0.00429747,0.01096243,-0.01019977
-0.51314193,-0.02335076,-0.8579858,-0.22694643,0.96774394,0.10939367,0.82775613,0.25085135,-0.50188936,-0.00274626,0.00382906,-0.01051265
-0.50827718,-0.02573672,-0.86080886,-0.22828129,0.96782344,0.10585576,0.83038661,0.25031063,-0.49779778,-0.0069647,0.00996536,0.00212251
-0.50718207,-0.02642354,-0.86143369,-0.22891899,0.96775576,0.10509467,0.83088044,0.25050068,-0.49687722,-0.00645084,0.01508111,0.00597277
-0.50718207,-0.02642354,-0.86143369,-0.22891899,0.96775576,0.10509467,0.83088044,0.25050068,-0.49687722,-0.00645084,0.01508111,0.00597277
-0.50718207,-0.02642354,-0.86143369,-0.22891899,0.96775576,0.10509467,0.83088044,0.25050068,-0.49687722,-0.00645084,0.01508111,0.00597277
-0.50137852,-0.0313076,-0.86466136,-0.23540525,0.96658238,0.10150306,0.83258862,0.2544373,-0.49199361,-0.00369433,0.0055775,-0.00900604
-0.50137852,-0.0313076,-0.86466136,-0.23540525,0.96658238,0.10150306,0.83258862,0.2544373,-0.49199361,-0.00369433,0.0055775,-0.00900604
-0.49871987,-0.03358259,-0.86611236,-0.2386666,0.96594171,0.09997428,0.83325666,0.25657127,-0.48974937,-0.00322205,0.00154263,0.00482443
-0.49871987,-0.03358259,-0.86611236,-0.2386666,0.96594171,0.09997428,0.83325666,0.25657127,-0.48974937,-0.00322205,0.00154263,0.00482443
-0.49557059,-0.03642411,-0.86780342,-0.24314493,0.96499132,0.0983478,0.83384053,0.25974032,-0.48707765,-0.00384156,-0.00649768,-0.0043629
-0.49306171,-0.038792,-0.86912914,-0.24616084,0.96440267,0.09660401,0.834443,0.26157728,-0.4850591,-0.00686558,0.01342827,-0.0053114
-0.49140092,-0.03997763,-0.87001551,-0.24777111,0.96408579,0.09564551,0.83494591,0.262565,-0.48365794,,,
-0.49066909,-0.04046418,-0.87040597,-0.24854122,0.96392205,0.09529711,0.83514739,0.2630911,-0.48302378,-0.00536416,0.00332755,0.00383357
-0.48901597,-0.0416109,-0.87128174,-0.25003978,0.96363094,0.0943161,0.83566946,0.26397718,-0.4816353,-0.00971713,-0.00867987,0.00123282
-0.48722157,-0.04280995,-0.8722284,-0.25154402,0.9633452,0.09322893,0.83626592,0.26482699,-0.48013115,-0.0074813,0.00324041,-0.00483882
-0.486261485,-0.0433972115,-0.872734988,-0.252264515,0.963211877,0.0926579296,0.836607609,0.265216062,-0.479320413,-0.0115891285,-0.000314891309,-4.52348031e-05
-0.48431677,-0.04434276,-0.87376815,-0.25370289,0.96292033,0.09175665,0.83730037,0.26611681,-0.47760835,-0.01376331,0.00846726,0.00623516
-0.482427445,-0.0449009105,-0.874784172,-0.254936845,0.962648951,0.0911822038,0.838015898,0.267003553,-0.475855166,-0.0148830116,5.38825952e-05,-0.00121624814
-0.48145614,-0.04522109,-0.87530282,-0.25554684,0.96252001,0.0908353,0.8383888,0.26741408,-0.47496728,-0.01654439,-0.00964397,-0.00622042
-0.47933083,-0.04577172,-0.8764398,-0.25647255,0.96235147,0.09000816,0.8393233,0.26792646,-0.47302392,-0.01493505,-0.00901729,-0.0021418
-0.47705279,-0.04611932,-0.87766374,-0.25692685,0.96231623,0.08908457,0.84048154,0.26799343,-0.47092493,-0.01354303,0.00541049,0.0055789
-0.47606524,-0.04610411,-0.87820049,-0.2571331,0.96228084,0.08887156,0.84097816,0.2681231,-0.46996335,-0.01233135,0.00735789,0.01404537
-0.47431844,-0.04603967,-0.87914855,-0.25788771,0.96208987,0.08875249,0.84173377,0.26881858,-0.46821002,-0.00856274,0.01187426,0.00886592
-0.47272275,-0.04588438,-0.8800158,-0.25852723,0.96192127,0.08871947,0.84243508,0.26944776,-0.46658443,-0.01265692,-0.00572699,0.00584674
-0.47204467,-0.04579614,-0.88038429,-0.25876077,0.96185952,0.08870807,0.84274353,0.2696831,-0.46589091,-0.00825759,-0.00102001,0.00356465
-0.47078512,-0.04550472,-0.88107356,-0.25884399,0.96184413,0.08863217,0.84342224,0.26978731,-0.46460052,-0.00913327,0.00823957,0.00773803
-0.46997199,-0.04485994,-0.88154059,-0.25880651,0.96181735,0.08903135,0.84388709,0.2699907,-0.46363725,-0.01130432,0.00509804,0.01492713
-0.46979155,-0.04445427,-0.88165722,-0.25881797,0.96177846,0.08941724,0.84398394,0.27019623,-0.46334096,-0.00476723,-0.01172084,0.00523877
-0.469415304,-0.0437992871,-0.881890506,-0.258833533,0.961719105,0.0900086951,0.844188631,0.270514298,-0.46278239,-0.00659527956,-0.0052288766,-0.000445566606
-0.46911112,-0.04329066,-0.88207757,-0.2588598,0.96166863,0.09047132,0.84434977,0.2707755,-0.46233566,-0.00323531,0.01805073,0.01120625
-0.46912068,-0.0428678,-0.88209292,-0.25876288,0.96165592,0.09088268,0.84437393,0.27088788,-0.46222527,-0.00369533,0.01683622,0.01053506
-0.46927911,-0.04192922,-0.8820539,-0.25859976,0.96160579,0.09187203,0.84433601,0.27121255,-0.4621044,0.00105731,-0.02309692,-0.0017185
-0.46925814,-0.04162023,-0.88207966,-0.25867812,0.96154906,0.09224441,0.84432363,0.27146115,-0.46198096,-0.00693513,-0.0126003,-0.00372053
-0.46910379,-0.04167075,-0.88215931,-0.25883014,0.96151064,0.09221842,0.84436276,0.27158945,-0.46183393,-0.00537143,0.00564367,0.00117145
-0.46909807,-0.04120549,-0.8821842,-0.25891593,0.96143444,0.09277042,0.84433962,0.27192999,-0.4616758,0.00360527,0.01428252,0.021807
-0.46982944,-0.04081382,-0.88181318,-0.25907448,0.96131705,0.09354113,0.84388427,0.27240367,-0.46222887,0.01179773,-0.03680563,-0.00302321
-0.47023675,-0.04091809,-0.88159125,-0.25930139,0.96124086,0.09369524,0.8435877,0.27265678,-0.46262089,0.00630509,-0.02862829,-0.00565795
-0.47060903,-0.04182528,-0.88134987,-0.25990565,0.96112881,0.093169,0.84319392,0.27291401,-0.46318652,-0.00354066,0.01349753,0.00564171
-0.471067726,-0.0426040242,-0.881067445,-0.26064159,0.960956846,0.0928864628,0.842710453,0.273398666,-0.463780132,0.000173601322,0.0308895689,0.0181884505
-0.47152572,-0.04266569,-0.88081962,-0.26084288,0.96088233,0.09309217,0.84239217,0.27365087,-0.46420977,-0.00237283,0.01107663,0.01475195
-0.47273303,-0.04252806,-0.88017884,-0.26123629,0.96069798,0.0938882,0.84159315,0.27431871,-0.46526354,0.00774418,-0.02432036,0.00557727
-0.473774613,-0.0429042523,-0.879600327,-0.261840652,0.960504534,0.0941833844,0.840819234,0.274936833,-0.46629674,0.00102202059,-0.00801086333,5.03310876e-05
-0.47416904,-0.0433142,-0.87936763,-0.26227781,0.96039154,0.09411927,0.84046053,0.27526708,-0.46674828,0.0017041,0.00526828,0.01043594
-0.47519265,-0.04388758,-0.87878644,-0.26283661,0.96023374,0.09417045,0.83970747,0.27572638,-0.46783128,0.00195137,0.01000482,0.01835221
-0.47669193,-0.0441942,-0.87795883,-0.26290701,0.96019065,0.09441307,0.83883535,0.27582747,-0.46933409,0.00450377,-0.02398908,0.00195132
-0.47752503,-0.04438256,-0.87749644,-0.26273719,0.96023728,0.09441155,0.83841457,0.27563483,-0.47019828,0.00272751,-0.01838285,-0.00282983
-0.47912292,-0.04507632,-0.87658963,-0.2623035,0.96039788,0.09398288,0.83763843,0.27496187,-0.47197231,-0.00218862,0.0034309,-0.00417021
-0.48090241,-0.04552573,-0.87559148,-0.26161712,0.9606086,0.09374221,0.83683303,0.27415055,-0.47386931,-0.00155708,-0.00185561,-0.00958659
-0.48176308,-0.04567778,-0.87511012,-0.26119611,0.96073254,0.09364597,0.83646923,0.27369055,-0.47477633,0.00190421,-0.01114583,-0.00490743
-0.48580274,-0.0460635,-0.8728538,-0.25978037,0.96109493,0.09386524,0.8345716,0.27235029,-0.47886894,0.00284823,0.01156133,0.00649689
-0.48705904,-0.04620637,-0.87214586,-0.25969408,0.96109432,0.09411004,0.83386595,0.27232827,-0.4801092,0.00264268,0.00674862,0.0029857
-0.48934885,-0.04674287,-0.87083446,-0.25969317,0.9610717,0.09434321,0.83252449,0.27231652,-0.48243813,-0.00272632,-0.01382691,-0.00786992
-0.49129487,-0.0474662,-0.86969898,-0.25984198,0.96103235,0.09433434,0.83133116,0.27233028,-0.48448397,-0.00885773,0.00289935,-0.00173367
-0.49364849,-0.04826327,-0.86832135,-0.26010545,0.96094868,0.09446057,0.82985327,0.27248542,-0.4869244,-0.00777644,0.02247017,0.01033929
-0.495181612,-0.048073531,-0.867458396,-0.26007468,0.960882988,0.0952105203,0.828948909,0.272750469,-0.488314294,-0.00672381464,0.000223517403,0.0120541453
-0.49587554,-0.04781593,-0.86707603,-0.25988177,0.960893,0.09563526,0.8285944,0.27276047,-0.48890982,-0.00527302,-0.00153029,0.00658607
-0.49717292,-0.04719812,-0.86636676,-0.25922235,0.9609943,0.09640399,0.82802343,0.27251109,-0.49001515,-0.0062161,-0.00375944,0.01001451
-0.49824782,-0.04652436,-0.86578552,-0.25866613,0.96106251,0.09721463,0.82755116,0.27238637,-0.49088157,-0.00509241,0.01459879,0.01664402
-0.49866459,-0.04606512,-0.86557002,-0.25842067,0.96107615,0.09773116,0.8273767,0.27241628,-0.49115883,-0.00870086,0.00428623,0.01587491
-0.49962507,-0.04395681,-0.86512573,-0.25704883,0.96125122,0.09960923,0.82722466,0.27214683,-0.49156425,-0.00580804,-0.00471854,0.00670021
-0.49960572,-0.04320058,-0.86517497,-0.25632022,0.96140419,0.10000964,0.82746236,0.27172724,-0.49139622,-0.00737305,-0.00220746,0.00207156
-0.49916413,-0.0414266,-0.86551664,-0.25442288,0.96183654,0.10069495,0.82831408,0.27047054,-0.49065418,0.0033953,-0.005207,-0.00447588
-0.49806493,-0.03953084,-0.86623818,-0.25229216,0.96235047,0.10114465,0.82962638,0.26892172,-0.48928634,0.00477694,-0.01275271,-0.0117973
-0.49726705,-0.03862783,-0.86673719,-0.25127076,0.9626056,0.10125942,0.83041464,0.26813869,-0.48837809,0.0038152,-0.02200544,-0.01851954
-0.49176775,-0.03648323,-0.86996165,-0.24789705,0.96364066,0.09971827,0.83469237,0.26469918,-0.48293148,-0.00510204,0.00808483,-0.01234309
-0.48996329,-0.03610961,-0.8709948,-0.24722323,0.96387639,0.09911095,0.83595246,0.26389089,-0.48119118,-0.00121828,0.0101462,-0.00651514
-0.48639316,-0.03524964,-0.87302873,-0.24591726,0.96431653,0.09807313,0.83841899,0.26239493,-0.47770546,,,
-0.483061414,-0.0345959198,-0.874902673,-0.244944081,0.96466302,0.0970961025,0.840627124,0.261205625,-0.474465546,-0.000301612192,-0.00945955422,0.00623581326
-0.48152102,-0.0343558,-0.8757609,-0.24438611,0.96486233,0.09652,0.84167268,0.26050021,-0.47299757,-0.00105874,-0.00819766,0.0014827
-0.478679162,-0.0342445879,-0.877321688,-0.243082621,0.965347373,0.0949488477,0.8436687,0.258711717,-0.470415932,0.00020708004,-0.0116998544,-0.0101087978
-0.47585973,-0.03463763,-0.87883887,-0.24187471,0.96585005,0.09289948,0.84560874,0.25677602,-0.46798711,-0.00359989,0.00348991,-0.01210433
-0.47446254,-0.03492634,-0.87958247,-0.24147192,0.96604694,0.09189464,0.84650841,0.25599504,-0.46678681,-0.01104572,0.01024324,-0.00141476
-0.47210929,-0.03556206,-0.88082231,-0.24100984,0.96632536,0.09016402,0.84795452,0.25485414,-0.46478199,-0.01636227,0.01596135,0.01102662
-0.47067381,-0.03615243,-0.88156621,-0.24110576,0.96640045,0.08909649,0.84872492,0.2544861,-0.46357594,-0.01623085,0.02151066,0.00931504
-0.47028072,-0.03638617,-0.88176638,-0.24127796,0.96638429,0.08880512,0.84889389,0.25451415,-0.46325108,-0.01735103,0.00966197,0.00275229
-0.47000662,-0.03690462,-0.8818909,-0.24176333,0.96629905,0.08841172,0.84890753,0.25476301,-0.46308913,-0.01372396,0.00620979,-0.0018755
-0.47017068,-0.03736848,-0.88178399,-0.242341,0.96616705,0.08827269,0.84865202,0.25519566,-0.46331933,-0.01384831,0.0219782,-0.00293063
-0.47042795,-0.03743893,-0.88164369,-0.24280124,0.96602778,0.08853177,0.84837776,0.25571204,-0.46353669,-0.00784121,0.01677698,0.00632311
-0.47331983,-0.03717521,-0.88010575,-0.2441835,0.96549313,0.09053968,0.84637022,0.25776155,-0.46606462,-0.00118718,-0.00463629,0.00406962
-0.47435435,-0.03716501,-0.8795492,-0.24443193,0.96538379,0.09103395,0.84571926,0.25817225,-0.46701832,,,
-0.47654354,-0.03724928,-0.87836138,-0.24491114,0.96517621,0.09194246,0.84434872,0.25893508,-0.46907125,0.00143145,-0.00940579,-0.00802774
-0.47851097,-0.03766735,-0.87727309,-0.24548286,0.96498092,0.09246608,0.84306884,0.25960158,-0.47100064,-0.00446681,0.0039112,-0.00697532
-0.48141488,-0.03826918,-0.87565712,-0.24697622,0.96448751,0.09363009,0.84097721,0.26134138,-0.47377022,0.00356579,0.00545436,-0.00184061
-0.48406307,-0.03842031,-0.87418911,-0.24786904,0.96413639,0.09487862,0.83919227,0.26261168,-0.47622602,0.00347096,-0.00474912,-0.00909751
-0.48554679,-0.03837422,-0.87336796,-0.24790463,0.9640696,0.0954625,0.8383242,0.26286349,-0.47761405,0.00427263,-0.0105719,-0.00950986
-0.486733396,-0.0382852478,-0.872710978,-0.247881687,0.964026222,0.0959588594,0.837642454,0.263035498,-0.478713963,0.00415997114,0.00407975866,0.000529997516
-0.48728699,-0.03830055,-0.87240164,-0.24799006,0.96397472,0.096196,0.83728877,0.26322197,-0.4792305,0.00315334,0.00549656,0.00575627
-0.48946782,-0.03867425,-0.87116323,-0.24841013,0.96380774,0.09678352,0.83589083,0.26377821,-0.48135994,,,
-0.48993359,-0.03881722,-0.87089505,-0.24838805,0.96381426,0.09677523,0.83562452,0.26373338,-0.48184671,0.00859237,-0.00105864,-0.00700909
-0.49073601,-0.03889085,-0.87043992,-0.24810111,0.96388484,0.09680835,0.83523888,0.26346445,-0.48266186,,,
-0.49182486,-0.03857822,-0.86983893,-0.24618137,0.96441551,0.09642326,0.83516631,0.26156153,-0.48382076,0.00310694,-0.00253159,-0.00537669
-0.491724956,-0.0383288529,-0.869906572,-0.245686698,0.964546121,0.096378553,0.83537093,0.261116216,-0.483708288,-0.00035847188,0.00448828889,-0.00633144798
-0.490922051,-0.0373276748,-0.870403429,-0.244255852,0.96490893,0.0963837911,0.836262257,0.259918066,-0.482812573,0.000426423037,0.00613969518,-0.0017575263
-0.49077089,-0.03696596,-0.87050406,-0.24393732,0.964973,0.09654889,0.8364439,0.25973182,-0.48259804,,,
-0.49043212,-0.03640464,-0.87071872,-0.24306887,0.96519162,0.09655394,0.8368954,0.25899777,-0.48220981,0.00313436,-0.00545162,-0.01342063
-0.490094049,-0.0364135517,-0.870908444,-0.242522593,0.965372951,0.0961137258,0.837251608,0.258319782,-0.481954643,-0.00066887826,0.00825649407,-0.00222150306
-0.490000216,-0.0363138981,-0.870965492,-0.24224747,0.965449987,0.0960337463,0.837386261,0.258045767,-0.48186765,0.000214544125,0.000190138802,-0.012517917
-0.48975021,-0.0365308676,-0.871097183,-0.242379112,0.965441805,0.0957835575,0.837494581,0.25804577,-0.481679647,-0.000672172988,0.000145971761,-0.00871808548
-0.48939966,-0.03667802,-0.871288,-0.24271391,0.96536665,0.09569322,0.83760254,0.25830594,-0.48135238,-0.00146484,0.00356501,-0.00548314
-0.488347241,-0.0368447483,-0.871871239,-0.243981267,0.965029004,0.0958757696,0.837848515,0.259540915,-0.48025868,-0.00451142667,-0.000925660075,-0.00215579756
-0.48813233,-0.03693847,-0.87198764,-0.24430662,0.9649458,0.09588477,0.83787897,0.2598368,-0.48004555,-0.00395121,-0.00214201,-0.00335716
-0.487336602,-0.037271067,-0.872418443,-0.245436178,0.964658591,0.0958899658,0.838012026,0.260853734,-0.479261109,-0.000557800755,-0.00486856652,0.00168764929
-0.48707098,-0.0374472,-0.87255913,-0.2457497,0.96458939,0.09578307,0.83807447,0.26108432,-0.47902613,,,
-0.48650339,-0.03784421,-0.8728585,-0.2462579,0.96449387,0.09543909,0.83825485,0.26137978,-0.47854896,,,
-0.4860578,-0.03822579,-0.87309021,-0.24686406,0.96436157,0.09520978,0.83833517,0.26181206,-0.47817203,-0.00648085,0.00128853,0.00951611
-0.485964289,-0.0384215746,-0.873133689,-0.247174061,0.964289235,0.0951380782,0.838298062,0.262049715,-0.478106948,-0.0085779475,0.000733733119,0.00944807753
-0.48569054,-0.03882285,-0.87326818,-0.24777652,0.96415374,0.09494395,0.83827878,0.26248875,-0.47789974,-0.00661917,0.00468034,0.00252389
-0.48538051,-0.03922973,-0.87342232,-0.24829777,0.96404514,0.09468465,0.83830408,0.26282693,-0.47766937,-0.009172,-0.00754511,0.00416745
-0.48522921,-0.03932043,-0.8735023,-0.24841373,0.96402375,0.09459825,0.83835732,0.26289183,-0.47754021,-0.00839006,-0.00846141,0.00802558
-0.484840101,-0.0395116857,-0.873709803,-0.248628227,0.963990367,0.0943746515,0.838518932,0.262985545,-0.477204906,-0.0118725039,0.000104844563,0.00747045223
-0.48453725,-0.03965388,-0.87387136,-0.24889756,0.96393147,0.09426619,0.83861409,0.26317994,-0.47693046,-0.01948209,0.01342612,0.007394
-0.48445095,-0.03962431,-0.87392064,-0.24891796,0.96392481,0.0942805,0.83865799,0.26320881,-0.47683749,-0.01694283,0.01363474,0.01138977
-0.48433623,-0.03921801,-0.87400251,-0.24871894,0.96394725,0.09457581,0.83878324,0.26318747,-0.47662884,-0.01521406,0.00273412,0.01298376
-0.48468273,-0.03811787,-0.87385891,-0.24807155,0.96401885,0.09554137,0.83877463,0.26308682,-0.47669924,-0.00460505,-0.00531244,0.01520192
-0.48524433,-0.0373374681,-0.873580807,-0.247570365,0.96407102,0.0963118525,0.838597893,0.263007551,-0.47705364,-0.00205801614,-0.000782847346,0.00733823422
-0.485891888,-0.0366260098,-0.873251089,-0.24701038,0.964145415,0.0970025174,0.838388217,0.262834837,-0.477517438,-0.00019181706,-0.0122258654,0.00612353673
-0.486208015,-0.0364068518,-0.873084247,-0.2466706,0.964216511,0.0971603315,0.838304942,0.262604372,-0.477790293,-0.0022468965,0.000600397529,0.00839869399
-0.4877592,-0.03579909,-0.87224388,-0.24565724,0.96441157,0.09778976,0.83770131,0.26197088,-0.47919492,,,
-0.48816825,-0.03567945,-0.87201989,-0.24559172,0.96440427,0.09802606,0.83748218,0.26201408,-0.47955412,,,
-0.48895001,-0.03544582,-0.87159126,-0.24537935,0.96441684,0.09843341,0.83708824,0.26199953,-0.48024929,0.00374897,-0.00452417,-0.00545024
-0.48957313,-0.0353108601,-0.8712468,-0.244912841,0.964525477,0.098530693,0.836860528,0.261617546,-0.480853835,0.000586217735,-0.00228059269,-0.00923030637
-0.4898378,-0.0352129,-0.87110214,-0.24452331,0.96462675,0.09850676,0.83681972,0.26125712,-0.48112102,0.00304368,-0.00976539,-0.01180265
-0.490494477,-0.0350888747,-0.870737562,-0.243251415,0.964985755,0.0981388869,0.83680576,0.259944731,-0.481855601,-0.000173909531,-0.0125433197,-0.00219371356
-0.49073831,-0.03521516,-0.870595,-0.2432967,0.96497738,0.09810899,0.83664955,0.25995875,-0.48211909,-0.00393936,-0.0116809,-0.00960833
-0.49091822,-0.03573538,-0.8704724,-0.2431753,0.96506725,0.09752423,0.83657933,0.25955383,-0.48245905,-0.00902654,0.00496429,-0.00935129
-0.49119621,-0.03583362,-0.87031154,-0.24245286,0.96529237,0.09709398,0.83662586,0.25870173,-0.48283592,-0.01227404,0.00993949,-0.01100879
-0.49141003,-0.0358177,-0.87019146,-0.24205195,0.9654071,0.09695349,0.83661637,0.25827547,-0.48308047,-0.00642704,0.01124281,-0.00874109
-0.49208685,-0.03549063,-0.86982217,-0.24119282,0.96561224,0.09705163,0.83646651,0.25755274,-0.48372516,-0.00892147,0.0073114,-0.00989234
-0.4928848,-0.0350311,-0.86938894,-0.24054371,0.96573313,0.09745888,0.83618361,0.25716207,-0.48442169,-0.00705702,0.00208336,-0.00854732
-0.49335554,-0.0347906,-0.86913165,-0.24038072,0.96574,0.09779243,0.83595294,0.25716894,-0.48481617,-0.00410405,0.01584035,-0.00101345
-0.49573488,-0.0342035,-0.86780012,-0.24180751,0.9651479,0.1000933,0.83413192,0.25946032,-0.48672814,0.00353906,-0.00914824,-0.00670154
-0.4962779,-0.03417419,-0.86749069,-0.24246443,0.96492018,0.10069779,0.833618,0.26030976,-0.48715458,0.00596152,-0.00690728,-0.01105583
-0.497178245,-0.0342523616,-0.866972105,-0.243775898,0.964485376,0.101692044,0.832698725,0.261905968,-0.487871048,0.00719963713,-2.42590886e-05,-0.00802778918
-0.49790597,-0.03439002,-0.86654883,-0.24501523,0.96408346,0.10252129,0.83189968,0.26336363,-0.48844899,0.00155383,0.00232834,-0.00621061
-0.49827657,-0.03442103,-0.86633473,-0.24559922,0.96388804,0.10296054,0.83150568,0.26407393,-0.48873661,,,
-0.4990802,-0.03436433,-0.86587409,-0.2466689,0.96350991,0.10393798,0.8307065,0.26545761,-0.48934533,,,
-0.499954,-0.03445526,-0.86536645,-0.24774867,0.96314103,0.10478525,0.82985953,0.26678116,-0.49006246,,,
-0.50044315,-0.0345142723,-0.865081049,-0.248389203,0.962922784,0.105273506,0.829372811,0.267560221,-0.490461081,-0.00313348579,0.0101508489,-0.000446144841
-0.502318184,-0.034800778,-0.863982285,-0.251259473,0.961950032,0.107335058,0.827372444,0.27100008,-0.491949019,-0.00858370401,-0.00783365872,-0.000147075392
-0.50270566,-0.03494898,-0.86375067,-0.25195105,0.96172574,0.10772312,0.82692643,0.27177595,-0.4922704,-0.0114373,-0.00533074,0.00223489
-0.50348211,-0.03475333,-0.86330639,-0.2529344,0.96134497,0.10881191,0.82615368,0.27314474,-0.49281031,-0.00813303,0.01056462,0.01338285
-0.50505672,-0.03372152,-0.86242712,-0.25399099,0.96079586,0.11117503,0.82486741,0.27519842,-0.49382137,-0.00487229,0.00271922,0.00887053
