0,1,2,3,4,5,6,7,8,9,10,11,12,13,14
0.96518558,0.00249736,0.26155412,0.04076564,-0.98917183,-0.14098838,0.25836981,0.14674238,-0.95483621,-0.00511921,-0.00141525,-0.00106446,,,
0.96515058,0.00252194,0.26168303,0.04082588,-0.98916158,-0.14104283,0.25849103,0.146811,-0.95479284,-0.00715343,-0.00288719,-0.0020674,,,
0.965070105,0.00253656279,0.261979512,0.0408956576,-0.989154377,-0.141072588,0.258780301,0.146858761,-0.954707058,-0.00588246249,0.000118613236,0.00250195689,,,
0.96499143,0.00247638,0.26226971,0.04086969,-0.98916046,-0.1410356,0.25907759,0.14681703,-0.95463258,-0.00447912,-0.0044685,0.00121696,,,
0.96495822,0.00242619,0.26239232,0.04083421,-0.98916351,-0.14102318,0.25920684,0.14679606,-0.95460052,-0.00236049,-0.00769561,0.00232704,,,
0.964854729,0.0024250996,0.262772647,0.0409192691,-0.989146331,-0.141119587,0.259578425,0.146912366,-0.954481741,-0.000361757935,-0.00361728645,0.00608092919,,,
0.96468063,0.00247305,0.26341064,0.04112498,-0.98910855,-0.14132442,0.26019227,0.14716569,-0.95427555,,,,,,
0.96457672,0.00247185,0.26379093,0.04121016,-0.98909156,-0.14142063,0.26056379,0.14728191,-0.95415655,,,,,,
0.964474565,0.00240669013,0.264164761,0.041188934,-0.989099454,-0.141370951,0.260944984,0.147229351,-0.954060395,0.00800668076,0.00231492496,-0.000292252982,,,
0.964464052,0.00237223641,0.264203451,0.0411381035,-0.989112804,-0.141291914,0.260991853,0.147139801,-0.95406133,0.00609155605,4.12464105e-05,-0.00106390868,,,
0.96447646,0.00237499,0.26415811,0.04105069,-0.98915978,-0.14098821,0.26095974,0.14682369,-0.95411882,0.00716905,-0.00150323,0.00574546,,,
0.964509906,0.00246810551,0.264035116,0.0410437362,-0.989203158,-0.140684422,0.260837202,0.146528507,-0.954197537,0.00500139175,-0.00668573333,-0.000837683678,,,
0.96452041,0.00252403,0.26399622,0.04107336,-0.98921338,-0.14060538,0.2607937,0.14645997,-0.95422017,0.00458802,-0.00221944,-0.00272427,,,
0.9645185,0.00258799,0.26400261,0.04117979,-0.98918841,-0.14075113,0.26078401,0.14662864,-0.9541971,0.00657794,-0.00913662,-0.00320145,,,
0.964539498,0.00262469796,0.2639255,0.041313267,-0.989126375,-0.141146348,0.260685199,0.147044852,-0.954159892,0.00554355094,-0.002377033,0.000453863759,,,
0.96464346,0.00254012,0.2635461,0.04131282,-0.98904977,-0.1416824,0.26030031,0.14756083,-0.95418533,,,,,,
0.96465393,0.00254249,0.26350772,0.04139533,-0.98900086,-0.14199827,0.26024836,0.14788718,-0.95414882,-0.00803929,-0.00538045,-0.0038841,,,
0.96464154,0.00257198,0.2635528,0.04145089,-0.98898897,-0.14206485,0.26028546,0.14796615,-0.95412645,-0.0093216,-0.00291353,-0.00683489,,,
0.96457096,0.00259945,0.26381072,0.0415928,-0.98894451,-0.14233116,0.26052426,0.14826113,-0.95401526,-0.00930829,-0.00524741,-0.00394067,,,
0.964491744,0.00246400261,0.264101488,0.0416411751,-0.988868222,-0.142846564,0.260809662,0.148771828,-0.953857831,-0.00840831082,0.00156533706,0.000466798432,,,
0.96444589,0.00241092,0.26426938,0.04169321,-0.98882406,-0.14313753,0.26097087,0.14906664,-0.95376782,-0.01043741,0.0022763,0.00174032,,,
0.96428515,0.00230018,0.26485627,0.04180133,-0.988752,-0.14360274,0.26154691,0.14954534,-0.95353502,-0.0078295,-0.0011431,0.00104362,,,
0.96408851,0.002235,0.26557172,0.04194893,-0.98869322,-0.14396393,0.26224725,0.14993442,-0.95328153,,,,,,
0.963996246,0.00219305847,0.265906782,0.0419896339,-0.988675698,-0.144071614,0.262579696,0.150049824,-0.953171737,0.000227172975,-0.00509810401,0.00387029815,,,
0.96380074,0.00204216,0.26661574,0.04205239,-0.98861867,-0.14444459,0.26328638,0.15042763,-0.95291728,0.00489948,-0.00197721,0.00143937,,,
0.96361727,0.00184001,0.26727957,0.0420811,-0.98854965,-0.14490866,0.26395253,0.15088391,-0.95266094,0.0054088,-0.00434631,0.00276849,,,
0.96351372,0.00174169,0.26765327,0.04209263,-0.988522,-0.14509489,0.26432842,0.15106715,-0.95252783,,,,,,
0.96332566,0.00168814,0.26832967,0.04231356,-0.98842478,-0.14569072,0.26497778,0.1517016,-0.95224638,0.00810214,0.00318789,-0.00166833,,,
0.96314782,0.00171221,0.26896716,0.04254262,-0.98836184,-0.14604956,0.26558687,0.15210988,-0.95201139,0.01110788,-0.00142193,-0.0011756,,,
0.96308845,0.00172017,0.26917963,0.04261903,-0.98834111,-0.14616923,0.26578986,0.15224607,-0.95193322,0.00725304,-0.00491095,-0.00281495,,,
0.96301636,0.00176824,0.26943711,0.04274046,-0.98831988,-0.14627595,0.26603145,0.152382,-0.95184378,0.00489818,-0.00767428,-0.00148829,,,
0.96300369,0.00178645,0.26948228,0.04280709,-0.98829578,-0.14642092,0.26606662,0.15253964,-0.95180895,,,,,,
0.96298028,0.00175943,0.26956609,0.0428336,-0.98827302,-0.14656561,0.26614705,0.15268628,-0.95176279,,,,,,
0.96294419,0.00175059,0.26969503,0.04292675,-0.98822595,-0.14685506,0.26626259,0.15299036,-0.95168158,,,,,,
0.96290808,0.00175267,0.26982394,0.04300914,-0.98819114,-0.14706583,0.26637989,0.15321578,-0.95161261,-0.00210914,-0.00265115,-0.00371939,,,
0.96287391,0.00166933,0.26994638,0.04300643,-0.98815799,-0.14728926,0.26650381,0.15343042,-0.95154334,-0.00620576,-0.00198996,-0.00314747,,,
0.9627928,0.00155365,0.27023619,0.04303529,-0.98810349,-0.14764451,0.26679201,0.15378076,-0.95140578,-0.0039417,-0.00322783,-0.00187495,,,
0.9626881,0.00144362,0.27060957,0.04305839,-0.98806316,-0.14790834,0.26716586,0.15404161,-0.9512588,,,,,,
0.96253422,0.00137544,0.27115673,0.04320923,-0.98798742,-0.14836969,0.2676954,0.15452738,-0.95103113,,,,,,
0.96243997,0.00129947,0.27149145,0.0432835,-0.98793286,-0.1487118,0.26802208,0.15487728,-0.95088232,,,,,,
0.9624164,0.0012722,0.27157516,0.04331024,-0.98791005,-0.14885629,0.26810242,0.15502372,-0.95083594,,,,,,
0.962334778,0.00116706069,0.271864688,0.0433286854,-0.987867383,-0.149132266,0.268392243,0.155294706,-0.950709702,0.00406245515,-0.00373446918,0.000316248159,,,
0.962205774,0.00104029235,0.272321441,0.0433681873,-0.987816068,-0.149461251,0.268848005,0.155622566,-0.950527441,0.00322122243,-0.00544911576,-0.000795955479,,,
0.96214566,0.00104769,0.27253374,0.04344507,-0.9877947,-0.14957995,0.26905067,0.15575795,-0.95044789,,,,,,
0.962025259,0.00107350283,0.27295833,0.0435880346,-0.987764356,-0.14973869,0.269457762,0.155950119,-0.950301053,0.000844865979,-0.00769931031,0.00224691676,,,
0.96192644,0.00122309,0.27330572,0.04377831,-0.98776744,-0.14966166,0.26977949,0.15592837,-0.95021316,,,,,,
0.96187699,0.00130898,0.27347933,0.04386251,-0.9877815,-0.14954457,0.2699421,0.15583897,-0.9501817,,,,,,
0.961803718,0.00138961218,0.273736505,0.0439516648,-0.98779723,-0.149414553,0.270188557,0.155738648,-0.95012812,0.00281219324,0.000696182193,-0.00532297464,,,
0.961767051,0.00144661708,0.273865001,0.0439797985,-0.987823488,-0.149231604,0.270314463,0.155570568,-0.950119696,0.00234280084,0.000716686191,-0.00547895627,,,
0.961777948,0.00151410927,0.273826367,0.0439979316,-0.987846438,-0.149074499,0.270272739,0.15542436,-0.95015553,5.68166142e-05,-0.000560998858,-0.0061972905,,,
0.96179974,0.0016602,0.27374897,0.04402327,-0.98790458,-0.14868166,0.27019106,0.15505331,-0.95023945,0.00250397,-0.00685948,0.00170911,,,
0.96183439,0.00176621,0.27362654,0.04400358,-0.98796263,-0.14830142,0.27007089,0.15468196,-0.95033414,0.00276326,-0.00380957,0.0039928,,,
0.961963978,0.00194837063,0.273169376,0.0439094989,-0.988075001,-0.147579572,0.269624294,0.153960963,-0.95057811,-0.000869978627,-0.0104894629,0.0029638526,,,
0.96202226,0.00207047,0.27296313,0.04387412,-0.98814285,-0.14713325,0.26942201,0.15352148,-0.95070625,-0.00301698,-0.00592452,-0.00261149,,,
0.96199654,0.00216174,0.27305307,0.04395321,-0.98815526,-0.14702895,0.26950096,0.1534429,-0.95069696,,,,,,
0.961923356,0.00225379173,0.273310034,0.0440311345,-0.988182634,-0.146820137,0.269749353,0.15326387,-0.950655189,-0.00524080731,0.00805640128,0.000264753471,,,
0.96187587,0.00228791,0.27347681,0.04399707,-0.98823459,-0.14647943,0.26992417,0.1529272,-0.95065966,-0.00527439,0.00430179,-0.00483964,,,
0.96185212,0.00231606602,0.273560114,0.0439690865,-0.988272941,-0.146230581,0.270013369,0.152680383,-0.95067426,-0.00430643559,0.000112175934,-0.00552173145,,,
0.961841253,0.00234857722,0.273598022,0.0438521964,-0.988359219,-0.145679443,0.270071062,0.152118373,-0.95074765,-0.00318592112,-0.000640869082,-0.00477307104,,,
0.961867022,0.00235717433,0.273507362,0.0436745601,-0.988456252,-0.145075276,0.270008085,0.151488438,-0.950866422,0.000645777094,-0.00677376939,0.00485909218,,,
0.9618799,0.00236144,0.27346201,0.04358573,-0.98850418,-0.14477307,0.26997654,0.15117335,-0.95092522,0.00275919,-0.00804508,0.00573001,,,
0.961858155,0.00231548677,0.273538892,0.0434615442,-0.988555954,-0.144457889,0.270074028,0.150836422,-0.950951238,0.00342159858,-0.010873436,0.000762700918,,,
0.961836395,0.00224730427,0.273615967,0.0433592678,-0.988583479,-0.144300324,0.270167951,0.150657092,-0.950953009,0.00683891075,-0.00750321103,-8.4518455e-05,,,
0.96183639,0.0022473,0.27361597,0.04335927,-0.98858348,-0.14430032,0.27016795,0.15065709,-0.95095301,0.00479779,-0.00361383,-0.00409336,,,
0.96182551,0.00217988,0.27365477,0.04334106,-0.98856122,-0.14445788,0.27020962,0.15080376,-0.95091787,0.01419587,-0.00367951,0.00169914,,,
0.961875009,0.00208235925,0.273481502,0.0432683333,-0.988535837,-0.144654181,0.270045033,0.15097233,-0.950938019,0.00948004238,-0.00174903858,0.000469733262,,,
0.96188787,0.0020311,0.27343664,0.04323436,-0.98852396,-0.14474585,0.27000465,0.15105113,-0.95093703,0.00995844,-0.00366861,-0.00172219,,,
0.96191556,0.00182102,0.2733407,0.0431032,-0.98847762,-0.14509948,0.26992697,0.15135531,-0.95091048,,,,,,
0.9619541,0.00165621,0.27320608,0.04301213,-0.98842976,-0.14545299,0.26980412,0.15167028,-0.9508953,-0.00369307,0.0043335,0.00489999,,,
0.961977825,0.00165019764,0.27312257,0.0430182575,-0.98841593,-0.145544642,0.26971854,0.151759975,-0.950905193,-0.00413152389,-0.000938534678,0.00918261334,,,
0.96210916,0.00164661,0.27265958,0.04293814,-0.98841978,-0.1455428,0.26926246,0.15173555,-0.95103843,-0.00297221,-0.01266688,0.00961147,,,
0.96214566,0.00158942,0.27253113,0.04291017,-0.98839415,-0.14572598,0.26913651,0.15190397,-0.95104735,0.00924649,0.00214934,0.0036181,,,
0.9621476,0.00147086,0.27252493,0.04285786,-0.98835954,-0.14597507,0.2691379,0.1521294,-0.95101079,0.00813001,0.00738621,-0.00121908,,,
0.962114976,0.00123557241,0.272641231,0.0428358311,-0.988255427,-0.146683354,0.269257979,0.152805066,-0.950868268,0.000893421937,0.0076721902,-0.00324642146,,,
0.96216232,0.00124585,0.27247407,0.04282605,-0.98825211,-0.14670899,0.26909032,0.15282685,-0.9509123,-0.00501862,-0.00750387,0.00647917,,,
0.96218406,0.00135847,0.27239675,0.04288444,-0.98827295,-0.1465516,0.26900327,0.1526912,-0.95095873,-0.00649251,-0.00967377,0.00311931,,,
0.96214566,0.0014788,0.27253173,0.04301941,-0.98827265,-0.14651313,0.26911904,0.15269113,-0.95092585,,,,,,
0.962134793,0.00135611744,0.272570723,0.0430557746,-0.988189362,-0.147064057,0.269152073,0.15323119,-0.950829752,0.00517766131,-0.000537991466,0.00456848601,,,
0.962136722,0.001237564,0.272564474,0.0430034345,-0.988154523,-0.147312949,0.269153541,0.153456406,-0.950792968,0.000950183487,-0.00247991062,0.00947003812,,,
0.96212778,0.0010959,0.27259667,0.04288917,-0.98814611,-0.14740443,0.26920376,0.15351334,-0.95076983,-0.00524411,-0.00993383,0.00361758,,,
0.961998401,0.000947229089,0.27305344,0.0429502615,-0.988070668,-0.147891032,0.269655991,0.153998653,-0.950563089,-0.00646549696,0.000901699008,0.00307859434,,,
0.961914371,0.000905243898,0.273349451,0.0430757952,-0.988002117,-0.148311414,0.26993558,0.154437625,-0.95041243,-0.00479100645,0.00569796516,-0.00279035466,,,
0.961747975,0.000746646886,0.273934781,0.0432311216,-0.987878475,-0.149086002,0.270503034,0.155225669,-0.950122391,0.0,0.0,0.0,0.0,0.0,0.0
0.961667516,0.000555845675,0.274217573,0.0431648183,-0.987837986,-0.149374513,0.270799529,0.155485168,-0.949995691,0.00253228657,-0.00829297211,0.00515655149,,,
0.961621758,0.000437782538,0.274378194,0.0431116968,-0.987818325,-0.149518773,0.270970416,0.155609415,-0.949926459,0.00267423107,-0.00704830838,0.0035057487,,,
0.96145661,0.000237731841,0.274956599,0.0431386517,-0.987745743,-0.149991393,0.27155155,0.156071474,-0.949684929,0.0,0.0,0.0,0.0,0.0,0.0
0.961239394,0.000164028444,0.275715066,0.0433791359,-0.987635299,-0.150647308,0.272281242,0.156768408,-0.949361068,0.00434426963,-0.00247502304,0.00327772344,,,
0.9611416,0.00018346875,0.276055788,0.0435285277,-0.98759091,-0.150896638,0.272602456,0.157049338,-0.9492227,0.00101313018,-0.00275897956,0.00663378183,,,
0.960812295,0.000112115952,0.277199777,0.0440197833,-0.987372011,-0.152179221,0.273682275,0.158417941,-0.948684098,0.00813322142,0.00281667686,0.00298202736,,,
0.960788206,2.81722238e-05,0.27728329,0.0441024771,-0.987285734,-0.152715031,0.27375353,0.15895568,-0.948573732,0.00939189177,-0.00174128998,-0.00268148491,,,
0.960788206,2.81722238e-05,0.27728329,0.0441024771,-0.987285734,-0.152715031,0.27375353,0.15895568,-0.948573732,0.00939189177,-0.00174128998,-0.00268148491,,,
0.960827222,-0.000203939963,0.277147991,0.0440780162,-0.987159242,-0.153537754,0.273620502,0.159739387,-0.948480485,0.00966756791,-0.00124192226,0.00612750463,,,
0.960838302,-0.000169794505,0.277109587,0.0441290248,-0.987144614,-0.153615999,0.273573356,0.159828712,-0.948478856,0.0093178628,-0.00490915729,-0.00201123441,,,
0.960862376,-0.000220455672,0.277026067,0.044179192,-0.98707936,-0.154020628,0.273480692,0.160231414,-0.948437677,0.00775494101,-0.00403982354,-0.00509422924,,,
0.96093457,-0.000282566146,0.276775468,0.0442410476,-0.986984577,-0.154607755,0.273216891,0.160812774,-0.948415087,0.0,0.0,0.0,0.0,0.0,0.0
0.960980725,-0.000208724186,0.276615257,0.0443377958,-0.986953909,-0.154777316,0.273038832,0.161002528,-0.948434426,0.0,0.0,0.0,0.0,0.0,0.0
0.961122872,-0.000135300769,0.276121005,0.0444356517,-0.986890305,-0.155155347,0.272522111,0.161392969,-0.948516836,-0.00461859629,-0.0125559559,0.00278957002,,,
0.961190923,1.83294883e-05,0.275884056,0.0446230964,-0.986842838,-0.155403066,0.27225134,0.161682817,-0.948545198,0.00245697377,-0.0140128126,0.000450785505,,,
0.961177962,2.47450772e-05,0.2759292,0.0447012846,-0.986804229,-0.155624958,0.272284262,0.161917669,-0.948495582,-0.00300868554,-0.0119250407,0.000306740752,,,
0.96115202,-5.16545108e-05,0.276019532,0.0449457241,-0.986623729,-0.156694099,0.272335577,0.163012749,-0.94829306,0.0,0.0,0.0,0.0,0.0,0.0
0.961161063,-7.70296065e-05,0.275988048,0.0452246611,-0.986438791,-0.157775554,0.272257486,0.164129185,-0.948123071,-0.00726504065,0.00179767597,0.00810726732,,,
0.961196027,-5.93880399e-05,0.275866252,0.0452921154,-0.986396016,-0.158022875,0.272122797,0.164385526,-0.948117236,-0.00668935012,-0.00256937719,0.00762972794,,,
0.961221968,-0.000217034002,0.275775774,0.0452786037,-0.986304757,-0.158595686,0.272033403,0.1649324,-0.948047969,0.00150303449,0.00701069785,0.00263078185,,,
0.961221968,-0.000317239247,0.275775689,0.0453774481,-0.986187116,-0.15929852,0.272016945,0.165635234,-0.947930328,0.00316652376,0.0103274575,-0.010310661,,,
0.961280845,-0.000304880816,0.275570391,0.0454503091,-0.986128899,-0.159636749,0.27179662,0.165980509,-0.947932961,0.00127204834,0.0130305281,-0.00447385851,,,
0.961372583,-0.000144806735,0.275250306,0.0456314757,-0.986078371,-0.159896781,0.271441559,0.166280459,-0.947982099,0.00256970851,-0.008840858,0.00999822188,,,
0.961490037,-4.20112399e-05,0.274839782,0.0457001704,-0.986054214,-0.160026626,0.271013657,0.166424232,-0.948079382,0.00752611738,-0.0113173118,0.00376197626,,,
0.961513902,-6.95336838e-05,0.274756264,0.045727486,-0.986012703,-0.160273583,0.270924355,0.166669192,-0.948061736,0.00837455038,-0.00523513509,-0.0111390445,,,
0.961460132,8.61359968e-05,0.274944378,0.0460810499,-0.985905398,-0.16083316,0.271055262,0.167304396,-0.947912708,-0.00026295986,0.00915622618,-0.0169132687,,,
0.961464965,0.000298886665,0.274927326,0.046463359,-0.985791815,-0.161418126,0.27097284,0.16797192,-0.947818183,-0.0105094239,0.00643229438,-0.00481223129,,,
0.961473825,0.000396445131,0.274896214,0.0466209212,-0.985748118,-0.16163919,0.270914333,0.168227765,-0.947789497,-0.00827854406,-0.00679022027,0.00302835833,,,
0.961497698,0.000291504816,0.274812815,0.0467245448,-0.985612728,-0.162431386,0.270811716,0.169017908,-0.947677982,-0.00360140647,-0.0124720922,0.00214272598,,,
0.961439031,9.01754633e-05,0.27501815,0.0468379623,-0.98544446,-0.163418245,0.271000362,0.169997969,-0.947448992,-0.0132961944,-0.0117129674,-0.0026539783,,,
0.9613892,8.60828807e-05,0.275192289,0.047010679,-0.98535203,-0.163924416,0.271147192,0.170532139,-0.947310843,-0.0202993825,-0.00390094495,-0.001955254,,,
0.961315408,-1.64301811e-06,0.27544998,0.0472656299,-0.985166884,-0.164962076,0.271364426,0.171599902,-0.947056033,-0.0144016529,-0.000211954102,0.00335447816,,,
0.961182698,-0.000180508936,0.275912639,0.0475253476,-0.984945033,-0.166205981,0.271788812,0.172867158,-0.946703542,0.00252071861,-0.00284880376,0.00574576249,,,
0.961049769,-0.000293170517,0.276375208,0.0477198608,-0.984804335,-0.166982693,0.27222446,0.173667265,-0.946431988,0.0070013213,-0.00478500081,-0.00270182057,,,
0.960684732,-0.000469816333,0.277641198,0.0482290853,-0.984513324,-0.168546645,0.273420575,0.175310569,-0.94578427,-0.00345556904,0.00250077224,-0.00378577458,,,
0.960276361,-0.000455687363,0.279050352,0.0489722858,-0.984203546,-0.170132075,0.274719897,0.177039544,-0.945085081,-0.0109907174,0.00618660403,-0.00636796653,,,
0.960040444,-0.000413424162,0.279860998,0.0493511383,-0.984077965,-0.170748808,0.275475615,0.17773722,-0.944734246,-0.00681079971,0.00447082473,-0.00277699158,,,
0.95959307,-0.000398152559,0.281391166,0.0500080838,-0.983839497,-0.171928401,0.276912149,0.179053134,-0.944065659,0.00411214121,0.00170576561,0.00808274932,,,
0.959125166,-0.000623906174,0.282981488,0.0503954623,-0.983635649,-0.172976862,0.278458631,0.180167445,-0.943398258,-0.00169588346,-0.00460654451,-0.00532513764,,,
0.958914838,-0.000691306798,0.283693223,0.0505445477,-0.983580989,-0.173243004,0.279155103,0.180464433,-0.943135451,-0.0053649405,-0.00291162706,-0.000626843073,,,
0.958492594,-0.000849533167,0.285116162,0.0508657278,-0.9834437,-0.17392873,0.280543446,0.181212041,-0.942580292,0.0,0.0,0.0,0.0,0.0,0.0
0.95808391,-0.00112183,0.28648554,0.05104614,-0.98332206,-0.1745624,0.28190338,0.18186941,-0.94204777,0.00954195,0.00850916,-0.01277738,,,
0.9578096,-0.00124849,0.28740077,0.05116868,-0.98327359,-0.17479935,0.28281182,0.18213042,-0.94172501,0.01136909,0.008834,-0.01353321,,,
0.95718771,-0.00115043,0.28946566,0.05165773,-0.98326112,-0.17472651,0.2848213,0.1821992,-0.94110604,-0.00252971,0.00646281,-0.01074245,,,
0.956554496,-0.00078502797,0.291552549,0.0523894569,-0.983256995,-0.174532036,0.286808037,0.182223683,-0.940497781,-0.00153240981,0.0056304927,0.000771905296,,,
0.956282299,-0.000696283036,0.292444308,0.0527214661,-0.983202289,-0.174738188,0.28765362,0.182517129,-0.940182231,0.00277796108,-0.00120663631,0.0102781765,,,
0.955842197,-0.000688279986,0.293879595,0.0532157284,-0.983060288,-0.175386307,0.289022103,0.18328065,-0.939613874,0.00276161311,-0.0190391522,0.00379659934,,,
0.955493151,-0.000775168918,0.295012266,0.0535511021,-0.982927911,-0.176025378,0.290112249,0.183989275,-0.939139373,0.00388861028,-0.0163925868,-0.0038041533,,,
0.95532512,-0.000868212337,0.295555675,0.0537254481,-0.98282531,-0.176543957,0.290632908,0.184535738,-0.938871057,0.00213856157,-0.0130702248,-0.00734289177,,,
0.95496463,-0.00118228,0.29671728,0.05403126,-0.98258002,-0.17781108,0.29175874,0.1858353,-0.93826528,0.01694419,-0.00474727,-0.0047655,,,
0.95469678,-0.00162688,0.29757591,0.05421347,-0.98229963,-0.17930051,0.29260036,0.18731024,-0.9377101,0.01859854,-0.00566572,0.00274841,,,
0.9546214,-0.0018743,0.29781617,0.05428767,-0.98213163,-0.180195,0.29283243,0.18818575,-0.93746212,0.01269163,-0.0032714,-0.00342051,,,
0.954416244,-0.00229758966,0.298470016,0.0545337339,-0.981796166,-0.18194003,0.293454769,0.189923205,-0.936916908,-0.000417860691,-0.00287306285,0.0047658938,,,
0.95416813,-0.00261607,0.29925964,0.05492904,-0.98144306,-0.18371691,0.29418698,0.19173487,-0.93631798,0.00397191,0.00756848,-0.00823074,,,
0.95399762,-0.00274811,0.29980159,0.05514168,-0.98129177,-0.18446111,0.29469974,0.19250703,-0.93599848,0.00606405,0.01165581,-0.00998153,,,
0.9537768,-0.00309895,0.30049994,0.0554006,-0.98099495,-0.1859563,0.29536519,0.19400868,-0.93547854,0.00554057,0.00703084,-0.0112847,,,
0.95367675,-0.00346392,0.30081331,0.05542184,-0.98079518,-0.18699938,0.29568407,0.19500859,-0.93516957,-0.00127413,0.00297451,-0.00484752,,,
0.95363861,-0.00357658,0.30093291,0.05544813,-0.98072354,-0.18736771,0.29580215,0.19536725,-0.93505751,-0.01666587,0.00418377,-0.00707976,,,
0.9535885,-0.00374718,0.30108957,0.05544709,-0.98063851,-0.18781234,0.29596383,0.19579023,-0.93491783,-0.00619542,0.01070034,-0.01160907,,,
0.95368581,-0.00390017,0.30077927,0.05517741,-0.98068145,-0.18766834,0.29570058,0.19557286,-0.93504678,0.0061814,-0.00495577,-0.00288725,,,
0.95383301,-0.00391876,0.30031188,0.05494428,-0.9807632,-0.18730875,0.29526887,0.19516169,-0.935269,0.012072,-0.01395649,-0.00239254,,,
0.95415496,-0.00409457,0.29928505,0.05444607,-0.98085,-0.18699948,0.29431944,0.19472138,-0.93565996,0.00680425,-0.01101857,-0.0035053,,,
0.954289493,-0.0042669013,0.298853383,0.0542797587,-0.980796334,-0.187327837,0.293913693,0.194986677,-0.935732017,-0.000555037521,0.0020048616,-0.0183804594,,,
0.95430359,-0.00437767,0.29880679,0.05430459,-0.98070476,-0.18780119,0.29386336,0.19544592,-0.93565235,0.00199387,0.0065428,-0.01635476,,,
0.95437938,-0.00440342,0.29856425,0.05449891,-0.98052711,-0.18867065,0.29358112,0.1963348,-0.93555487,0.00586866,0.00399136,-0.01233404,,,
0.95458917,-0.00450541,0.29789128,0.05443233,-0.98041801,-0.18925596,0.29291063,0.1968766,-0.93565118,-0.0026571,-0.00168991,-0.00786835,,,
0.954718677,-0.00449500785,0.297476116,0.0544230536,-0.980375282,-0.189479073,0.292489959,0.197088769,-0.935737957,-0.0109250341,0.00070679182,-0.00967253372,,,
0.95495351,-0.00457763,0.29672012,0.05433759,-0.9802789,-0.19000137,0.29173825,0.19756553,-0.93587204,-0.01446649,-0.00418609,-0.00972452,,,
0.95517812,-0.00481443,0.29599254,0.05415106,-0.98015566,-0.19068996,0.29103681,0.19817118,-0.93596254,-0.00275597,-0.00749361,-0.00727873,,,
0.95534859,-0.00494422,0.29543974,0.05402728,-0.98008131,-0.19110707,0.29049981,0.19853567,-0.93605218,-0.00114099,-0.01018625,-0.00892152,,,
0.95574188,-0.00533273,0.29415815,0.05373838,-0.97985115,-0.19236352,0.28925705,0.19965746,-0.9361982,,,,,,
0.95606649,-0.00565626,0.29309532,0.05363764,-0.9795602,-0.193868,0.28820108,0.20107165,-0.9362213,0.0011006,-0.00280809,0.00894194,,,
0.95617052,-0.00579457,0.29275305,0.05360592,-0.97944232,-0.19447055,0.28786165,0.20164031,-0.93620325,0.00291728,-0.00466108,0.00315533,,,
0.95634864,-0.00588435,0.29216888,0.05369533,-0.9792363,-0.19548152,0.28725267,0.20263659,-0.93617534,,,,,,
0.95664253,-0.00555843,0.29121157,0.05421878,-0.97894403,-0.19679635,0.28617372,0.2040529,-0.93619811,-0.02277735,0.00519323,0.00442074,,,
0.956680239,-0.00510304924,0.291096,0.0547816823,-0.978831917,-0.19719811,0.28594036,0.204602263,-0.936149599,-0.0059951935,5.29289209e-05,0.00669637974,,,
0.95668522,-0.00485956,0.29108377,0.05513165,-0.9787435,-0.19753728,0.28585639,0.20502892,-0.93608151,0.00686653,0.00961375,0.00129533,,,
0.95667145,-0.00486693,0.29112889,0.05522297,-0.9786797,-0.19782782,0.28588484,0.20533323,-0.93600615,-0.00099085,0.01163483,0.00153366,,,
0.95667366,-0.00498671,0.29111962,0.05517227,-0.97863373,-0.19806982,0.28588725,0.20554991,-0.93595797,-0.01519222,0.00580573,0.00932542,,,
0.95664116,-0.00521027,0.29122252,0.0549709,-0.97864262,-0.19808365,0.2860348,0.20550373,-0.93592341,-0.00883466,-0.00260937,0.013142,,,
0.95659268,-0.00528675,0.29138032,0.05487737,-0.97868109,-0.19791771,0.28621481,0.20531682,-0.93590903,0.00372509,-0.00359458,0.00760056,,,
0.956486137,-0.00561714597,0.291723709,0.0546121789,-0.978699031,-0.197904006,0.286621327,0.205224106,-0.935805297,0.00753426552,-0.000753283442,-0.00292925071,,,
0.95638148,-0.00611376,0.29205662,0.05434199,-0.97860595,-0.19843629,0.2870216,0.20565173,-0.93558837,0.00257014,0.00597823,-0.01205813,,,
0.95629568,-0.00631329,0.29233321,0.054285,-0.97855303,-0.19871296,0.28731812,0.20589766,-0.93544332,0.00370898,0.01300669,-0.00490544,,,
0.956119575,-0.0064377135,0.29290598,0.0542378568,-0.97858795,-0.19855431,0.287912508,0.205728255,-0.935297926,0.00393414777,-0.000375509233,-0.0155095942,,,
0.95607819,-0.00622791,0.29304555,0.05428389,-0.9787167,-0.19790438,0.28804121,0.20511972,-0.9353916,0.00911636,-0.00708491,-0.00175917,,,
0.95611536,-0.00610467,0.29292685,0.05424719,-0.9788084,-0.19746181,0.28792473,0.20468673,-0.93552258,0.00465005,-0.00813424,0.00445111,,,
0.95629146,-0.00585277,0.29235662,0.05416907,-0.97894939,-0.19678357,0.28735407,0.20401913,-0.9358439,0.00161044,-0.00680774,0.01309329,,,
0.95640689,-0.00582803,0.29197926,0.05406129,-0.97898747,-0.19662409,0.28698995,0.20383741,-0.9359953,0.00650488,-0.00570238,0.00327278,,,
0.95642276,-0.00598679,0.29192408,0.05396491,-0.97894123,-0.19687988,0.28695522,0.20405405,-0.93595859,0.00891359,-0.00728589,-0.00433862,,,
0.95644069,-0.00635819,0.29185746,0.05390917,-0.9787212,-0.19798645,0.28690592,0.20509609,-0.93574602,0.00221785,-0.0032801,-0.00989655,,,
0.956442773,-0.00659396641,0.291845403,0.053972575,-0.978514342,-0.198988807,0.286887053,0.206073055,-0.935537075,-0.00402917061,0.000950217189,-0.00306813838,,,
0.95645443,-0.00659416,0.29180722,0.05405701,-0.97844794,-0.19929291,0.28683231,0.20638881,-0.93548441,-0.0020721,0.00650954,-0.0061773,,,
0.95641738,-0.0067056,0.29192607,0.05408218,-0.97837182,-0.19965914,0.28695107,0.20674547,-0.93536916,-0.00376955,0.00234246,-0.00684133,,,
0.9564565,-0.00677188,0.29179632,0.05406338,-0.9783206,-0.19991459,0.28682417,0.20698511,-0.93535499,-0.01467855,-0.00349271,-0.00266115,,,
0.95648189,-0.00678767,0.29171274,0.05407906,-0.97828584,-0.20008012,0.28673656,0.20714856,-0.93534561,-0.01854454,-0.00309938,0.00295519,,,
0.95641738,-0.0068099,0.29192366,0.0541847,-0.97822642,-0.20034283,0.28693173,0.20742916,-0.93522376,-0.01429599,-0.00123143,0.0111808,,,
0.95618431,-0.00675259,0.29268748,0.05446359,-0.97817954,-0.20049532,0.28765478,0.20765129,-0.93495216,,,,,,
0.95605689,-0.00680105,0.29310232,0.05451042,-0.97817542,-0.20050226,0.28806916,0.2076687,-0.93482061,-0.00403649,-0.0035215,0.00104925,,,
0.95587608,-0.0068142,0.29369114,0.05469052,-0.97812598,-0.20069556,0.28863448,0.20790221,-0.93459456,-0.00762815,-0.00303197,0.00370263,,,
0.955645781,-0.00691551999,0.294437296,0.0547886598,-0.978099313,-0.200798675,0.289377519,0.208024231,-0.934337593,-0.00748169189,-0.00412744237,0.000581881963,,,
0.95542667,-0.00694726,0.29514675,0.05490265,-0.97810285,-0.2007496,0.29007855,0.20800586,-0.93412413,0.00177391,-0.00503999,-0.00767015,,,
0.954740219,-0.00712046167,0.297355711,0.0553208877,-0.978019358,-0.201042139,0.292251124,0.208392998,-0.93336051,0.00036349427,0.00661039306,-0.021133665,,,
0.95413868,-0.00726167,0.29927689,0.05579227,-0.97787744,-0.20160122,0.29412006,0.20905286,-0.93262555,,,,,,
0.95398008,-0.0072446,0.29978247,0.05594265,-0.97785791,-0.2016541,0.29460555,0.20914462,-0.93245169,-0.00508661,-0.00204754,0.01772508,,,
0.953802746,-0.00691149574,0.300354045,0.0562028358,-0.977981318,-0.200981918,0.295129738,0.208577855,-0.932412819,0.000290072057,-0.000615000667,0.0219254885,,,
0.95369157,-0.0065664,0.30071459,0.0563676,-0.9781476,-0.20012403,0.2954574,0.20780716,-0.93248098,0.01283609,-0.0040881,0.00482725,,,
0.9535584,-0.0064939,0.30113816,0.05646363,-0.97819046,-0.1998871,0.29586859,0.20760737,-0.93239506,0.01035746,-0.00560379,-0.00313094,,,
0.95341081,-0.0063944,0.30160727,0.05661712,-0.97821759,-0.19971167,0.29631459,0.2074834,-0.93228119,0.0151125,-0.00423115,-0.00662532,,,
0.95320814,-0.0062003,0.30225119,0.05684544,-0.97827975,-0.19934138,0.29692225,0.20719543,-0.93215176,0.02068416,-0.00402468,-0.00110182,,,
0.953139,-0.00609095,0.30247142,0.05698976,-0.97828323,-0.19928441,0.29711652,0.20718352,-0.93209277,0.02048154,-0.00573301,-0.00124901,,,
0.95305997,-0.00618481,0.30271841,0.0570814,-0.97819355,-0.19969692,0.29735232,0.20760273,-0.93192407,0.01375881,-0.00260246,-0.00551249,,,
0.95312694,-0.00634135,0.30250426,0.05715155,-0.97801008,-0.20057432,0.29712412,0.20846138,-0.93180533,0.00978179,0.0063808,0.00403696,,,
0.953193876,-0.00638959091,0.302292246,0.0571153428,-0.977972135,-0.200768741,0.296916262,0.20863706,-0.9318321,0.00603810418,-7.6293938e-05,0.00648599816,,,
0.95333961,-0.00633198,0.30183356,0.05697568,-0.9780405,-0.20047505,0.29647489,0.20831798,-0.93204397,0.00803024,-0.00657582,0.00804342,,,
0.953509127,-0.00618222077,0.3013007,0.0569138459,-0.978104188,-0.200181151,0.295941119,0.208022737,-0.932279404,0.0140615851,-0.00608700467,-0.000277792104,,,
0.95357355,-0.00612151,0.30109802,0.05693876,-0.97809724,-0.20020965,0.29572871,0.20805878,-0.9323391,0.01028348,-0.01176119,-0.00181795,,,
0.95372842,-0.00600472,0.30060944,0.05699326,-0.97806385,-0.20035661,0.29521832,0.20821851,-0.93246507,0.00935996,-0.00189149,0.00285886,,,
0.95384272,-0.00584435,0.30024972,0.05708877,-0.9780493,-0.20039906,0.29483033,0.20829008,-0.93257154,0.00630924,0.00784588,-0.00474771,,,
0.95390914,-0.00585667,0.30003841,0.05701724,-0.9780604,-0.20036581,0.29462923,0.20823814,-0.93264681,0.00616028,0.00626779,-0.00435514,,,
0.9540962,-0.00596353,0.29944093,0.05678721,-0.97806342,-0.20041739,0.29406742,0.20822188,-0.93282795,0.00228162,0.00365448,-0.00623418,,,
0.9543014,-0.00625549,0.29878035,0.05631856,-0.9781021,-0.20035917,0.29349114,0.20802991,-0.93305188,0.00363054,0.00368786,-0.00333503,,,
0.95442163,-0.0063145,0.29839485,0.05612505,-0.97814289,-0.20021607,0.29313707,0.20783798,-0.93320633,0.00729558,0.00438642,-0.00568296,,,
0.954668033,-0.006675909,0.297597672,0.0554724173,-0.978245593,-0.199895447,0.292458122,0.207342256,-0.933529463,0.0110299494,0.000117778771,-0.0059982948,,,
0.95500078,-0.00689643,0.29652311,0.05493411,-0.97832068,-0.19967767,0.29147171,0.20698156,-0.93391817,0.00128597,-0.00461024,0.00280365,,,
0.955145774,-0.0069485272,0.296054508,0.0547338053,-0.97835842,-0.199547426,0.291033957,0.20680107,-0.934094595,-0.000114876661,-0.00986635592,0.00438167574,,,
0.95549191,-0.00671373,0.29494091,0.05458937,-0.97845341,-0.19912048,0.28992277,0.20635865,-0.93453782,-0.00209843,-0.00885564,0.00571084,,,
0.95573437,-0.00648509,0.29415941,0.05445033,-0.97859022,-0.19848525,0.28914871,0.20571626,-0.9349192,0.0116284,-0.00553739,0.00530207,,,
0.95583879,-0.0065177,0.29381922,0.05431473,-0.97861453,-0.1984024,0.28882888,0.20559942,-0.93504372,0.00875943,-0.00471491,0.00323107,,,
0.95599831,-0.00677578,0.29329391,0.05406441,-0.97854147,-0.19883082,0.28834748,0.20593869,-0.93511766,0.00365729,-0.00359094,0.00829377,,,
0.956233902,-0.00706981752,0.292517917,0.0538498402,-0.978380075,-0.199680096,0.287605474,0.206692921,-0.935179477,-0.0126307085,-0.000941753329,0.00102806441,,,
0.9563494,-0.00709093,0.29213958,0.05378714,-0.97835424,-0.19982482,0.28723294,0.2068157,-0.9352671,-0.01364588,-0.00176477,0.0080244,,,
0.95656419,-0.00689342,0.29144029,0.05367843,-0.97846184,-0.19932663,0.28653723,0.20631277,-0.93559153,-0.0026607,-0.00317395,0.00610922,,,
0.95684267,-0.00666275132,0.290530038,0.0534533545,-0.978644236,-0.198488627,0.285648094,0.205452193,-0.936052408,0.00449995277,0.000698924006,-0.00268497877,,,
0.9569826,-0.006596,0.29007029,0.05330435,-0.97872817,-0.19811414,0.28520682,0.20505379,-0.93627422,0.00650993,0.00800931,-0.00664702,,,
0.95723458,-0.00643118,0.28924142,0.05314383,-0.97883275,-0.19764168,0.28439003,0.20456084,-0.93663079,0.00420913,0.0175612,-0.00562511,,,
0.957383368,-0.00623360819,0.288752868,0.0531189253,-0.978912293,-0.197252851,0.283893389,0.204184841,-0.936863217,0.00029155449,0.0115859499,-0.00359988562,,,
0.957766599,-0.00574828886,0.287489298,0.0530652422,-0.979094272,-0.196362899,0.28260789,0.203325516,-0.937438755,-0.00710304873,-0.00555914594,5.30206598e-05,,,
0.95802558,-0.00540788,0.28663171,0.0529849,-0.97925713,-0.19557011,0.28174382,0.20254833,-0.93786684,-0.00194215,-0.01464921,0.00196322,,,
0.958113793,-0.00536824988,0.286337447,0.0528622721,-0.979329068,-0.195242891,0.28146675,0.202201355,-0.938024903,0.000586593524,-0.00972872879,-0.00396190351,,,
0.958253727,-0.00539943622,0.28586822,0.0526410805,-0.979398302,-0.194955947,0.281031511,0.201865674,-0.93822784,-0.000466371654,-0.00576078845,-0.00516301021,,,
0.95841095,-0.00568531,0.2853351,0.05224913,-0.97940749,-0.19501413,0.28056812,0.20181219,-0.9383778,-0.0075346,-0.0009923,-0.00186876,,,
0.95845121,-0.00580218,0.2851975,0.05211152,-0.9794069,-0.19505444,0.28045618,0.20181224,-0.93841136,-0.01245779,0.00198388,-0.00277164,,,
0.95853898,-0.00579686,0.28490246,0.05202257,-0.97943139,-0.19495546,0.28017257,0.20169377,-0.9385216,-0.01126219,0.0084784,-0.0033702,,,
0.95848942,-0.00573189,0.2850705,0.05195836,-0.97954644,-0.19439471,0.28035401,0.20113706,-0.93858708,-0.00411045,0.00144124,-0.00340476,,,
0.958453234,-0.00571709969,0.285192405,0.0518593253,-0.979644894,-0.193923337,0.280495996,0.200656335,-0.938647327,-0.00587672181,-0.00185632694,0.000761481351,,,
0.95845726,-0.00577381,0.28517773,0.05157803,-0.97980544,-0.1931867,0.2805341,0.1998701,-0.93880385,-0.00878522,-0.00357616,-0.00568337,,,
0.958524247,-0.00587804857,0.284950369,0.0512595319,-0.979929131,-0.192642576,0.280363558,0.199259003,-0.938984522,-0.0101754265,0.000587344111,-0.00685120374,,,
0.95853763,-0.00586035,0.28490572,0.05115791,-0.98000688,-0.19227401,0.28033637,0.19887705,-0.93907367,-0.00330205,0.00441933,-0.00353052,,,
0.95847863,-0.00589211,0.28510347,0.0509359,-0.9801705,-0.19149622,0.2805784,0.19806704,-0.93917234,,,,,,
0.95840618,-0.00593011,0.28534614,0.05080421,-0.98027215,-0.19101077,0.28084963,0.19756269,-0.9391976,,,,,,
0.958394755,-0.00596476508,0.285383794,0.0507539542,-0.980289721,-0.190934173,0.280897712,0.197474666,-0.939201786,0.000504547497,-0.000374078722,-0.00724288821,,,
0.95836993,-0.00589215,0.28546866,0.05068233,-0.98040023,-0.19038545,0.28099533,0.19692791,-0.93928747,0.00231785,-0.00441658,-0.00940933,,,
0.95824569,-0.00587001,0.28588588,0.05065978,-0.98048855,-0.18993589,0.28142278,0.19648816,-0.93925155,0.00203817,-0.01190728,-0.00707526,,,
0.958207395,-0.00582645063,0.286015113,0.0507010021,-0.980506616,-0.189832453,0.281545735,0.196400113,-0.939233287,-0.000300516083,-0.0095029464,-0.00338434265,,,
0.958192,-0.00567946,0.28606962,0.05080914,-0.98053549,-0.18965249,0.28157861,0.19625845,-0.93925268,-0.0015493,-0.00771087,0.00180592,,,
0.95817857,-0.00567461,0.28611471,0.05088859,-0.98048971,-0.18986877,0.28160998,0.19648816,-0.93919545,,,,,,
0.958153673,-0.00572715989,0.286197023,0.0509401932,-0.980430329,-0.190161353,0.281685344,0.19678273,-0.939111175,0.000612601289,0.00401925994,-0.00370128825,,,
0.95805405,-0.00581205,0.28652861,0.05102313,-0.98036211,-0.19048997,0.28200898,0.19711927,-0.93894334,,,,,,
0.95796776,-0.00589042,0.28681538,0.0510154,-0.9803555,-0.19052607,0.28230336,0.19714984,-0.93884845,,,,,,
0.95792935,-0.00583544,0.28694479,0.05104537,-0.98038893,-0.19034621,0.28242828,0.19698542,-0.93884545,,,,,,
0.95785244,-0.00572542,0.28720362,0.0511052,-0.98045564,-0.18998634,0.28267819,0.19665648,-0.93883922,,,,,,
0.95778897,-0.0057002,0.2874157,0.0511643,-0.98046037,-0.18994585,0.28288247,0.19663347,-0.93878248,0.00178235,-0.00504732,-0.00497729,,,
0.95777747,-0.00576914,0.28745266,0.05114776,-0.98043156,-0.19009883,0.28292441,0.19677494,-0.93874017,0.00434665,-0.00430012,-0.0030375,,,
0.957729436,-0.00593688749,0.287609249,0.0511439841,-0.980345436,-0.190544289,0.283087653,0.197199357,-0.938602046,-0.00351201324,-0.00718826009,-0.000596157275,,,
0.95769486,-0.00615523,0.28771977,0.05110578,-0.98024309,-0.19107956,0.28321149,0.19770005,-0.93845919,-0.0025197,-0.00293058,0.00596119,,,
0.95765829,-0.00624266,0.28783959,0.05110729,-0.98020085,-0.19129533,0.28333486,0.19790625,-0.93837841,0.00297843,0.00178766,0.00837875,,,
0.95766025,-0.00638509,0.28782995,0.05107893,-0.98012528,-0.19169112,0.28333336,0.19827701,-0.93830087,0.00134407,0.00174975,0.00560684,,,
0.95763521,-0.00643797,0.28791208,0.0511308,-0.98006536,-0.19198323,0.28340863,0.19857107,-0.93821591,0.00670882,0.00175452,0.00420518,,,
0.95761016,-0.00646791,0.28799471,0.05116014,-0.98003643,-0.19212245,0.28348796,0.19871226,-0.93816194,0.00414862,-0.00421095,0.00253301,,,
0.957612112,-0.00662181062,0.287984684,0.0511430418,-0.979944434,-0.19259425,0.283484419,0.199159001,-0.938067984,0.00318740145,-0.000476598711,-0.00567137823,,,
0.957602504,-0.00685615626,0.288011154,0.051120788,-0.979807707,-0.193294954,0.283520893,0.19982309,-0.937915809,-0.000379445963,0.000264167757,-0.00890207477,,,
0.957616,-0.00692956,0.28796455,0.05110884,-0.97976092,-0.19353757,0.28347749,0.20005221,-0.93788058,0.00147353,0.0022366,-0.00783932,,,
0.95760637,-0.00714095,0.2879914,0.05106402,-0.9796547,-0.1940853,0.28351808,0.20056331,-0.93775894,0.0047982,0.00403595,0.00414995,,,
0.957631425,-0.00715676191,0.287907685,0.0510797242,-0.979620966,-0.194251372,0.283430619,0.200727464,-0.937750256,0.000231583137,-0.00721812202,0.00724612782,,,
0.95768151,-0.00714254,0.28774138,0.05106599,-0.97961617,-0.19427825,0.2832638,0.20075049,-0.93779555,0.00345465,-0.00682598,0.00299364,,,
0.95775467,-0.00702465,0.28750068,0.05111899,-0.97962322,-0.19422894,0.28300678,0.20072041,-0.93787961,,,,,,
0.95783926,-0.00687214,0.28722244,0.05122221,-0.97961269,-0.19425599,0.28270168,0.20077818,-0.93795949,0.00421549,-0.00431865,0.00268921,,,
0.95788728,-0.00678423,0.28706436,0.05130455,-0.97959065,-0.19434578,0.282524,0.20088906,-0.93798937,,,,,,
0.95803503,-0.00669053,0.28657303,0.05138176,-0.97952754,-0.19464176,0.28200848,0.20119825,-0.93807792,,,,,,
0.9582591,-0.00663749,0.28582414,0.05133092,-0.97949122,-0.194839,0.28125546,0.20137786,-0.93826567,-0.00298556,0.00641787,0.00670401,,,
0.95840814,-0.00657177,0.2853255,0.05126712,-0.97950881,-0.19476679,0.28075881,0.20129389,-0.93843231,-0.00396231,0.00560427,-0.00544053,,,
0.95867125,-0.00655619,0.28444058,0.05100044,-0.9795817,-0.19446936,0.27990781,0.20093878,-0.93876244,-0.00469546,0.00470185,-0.00862885,,,
0.95883287,-0.0064844,0.28389694,0.05084644,-0.97966212,-0.19410478,0.27938174,0.20054919,-0.93900253,-0.00496491,0.00247323,-0.00395275,,,
0.95890691,-0.00641779,0.28364827,0.05078132,-0.97971813,-0.19383931,0.27913937,0.20027789,-0.93913258,-0.00622522,-0.00235152,-0.00338019,,,
0.95904151,-0.006212,0.28319745,0.05066385,-0.97987694,-0.19306577,0.27869797,0.19950596,-0.93942794,-0.00335003,-0.00759733,0.00264011,,,
0.95919109,-0.00614189,0.28269196,0.0504271,-0.98002136,-0.19239463,0.27822576,0.19879855,-0.93971805,-0.00499894,-0.00484991,0.00108002,,,
0.95923085,-0.00624769,0.28255467,0.05027848,-0.98003615,-0.19235795,0.27811553,0.1987221,-0.9397668,-0.00924584,-0.00754499,0.00468682,,,
0.95913634,-0.00650256,0.28286957,0.05019151,-0.97997063,-0.19271362,0.27845698,0.19903628,-0.93959908,-0.0093992,-0.00201964,0.00738226,,,
