0,1,2,3,4,5,6,7,8,9,10,11
0.943408752,-0.0565061988,0.32678277,-0.0177308341,-0.992562031,-0.120442338,0.331157888,0.107832225,-0.937393613,-0.00126779766,5.40614128e-05,0.00494091539
0.943421549,-0.05654729,0.326738684,-0.0177748984,-0.992559337,-0.120455065,0.331119037,0.107832155,-0.937406973,-0.000858230749,0.00369507074,0.00536802271
0.94330282,-0.05666877,0.32706029,-0.01782083,-0.99254389,-0.12057657,0.33145468,0.10791173,-0.93727932,0.00228259,0.00524169,-0.00489043
0.94315177,-0.05687729,0.32745948,-0.01794893,-0.99252698,-0.12069793,0.33187735,0.10795892,-0.93712447,0.00311338,0.00268453,-0.00587576
0.94313567,-0.05692081,0.32749826,-0.01799003,-0.99252596,-0.12069789,0.33192085,0.10794278,-0.93711062,,,
0.943116262,-0.0570625523,0.327529497,-0.0181025482,-0.992512747,-0.120790677,0.331969884,0.107990532,-0.93708788,-0.00342199858,-4.55975533e-05,0.00394947454
0.942961616,-0.0573557142,0.327923343,-0.0183157371,-0.992492787,-0.120924881,0.332397248,0.108021365,-0.936933122,0.00604203856,0.000529110432,0.00620845519
0.942880849,-0.0576005161,0.32811262,-0.0184937204,-0.992469993,-0.121084661,0.332616435,0.108100385,-0.936846203,0.00172175246,-0.00035482645,-0.00477345195
0.942816184,-0.0578153839,0.328260587,-0.0186167785,-0.992438125,-0.121324338,0.332792799,0.108275394,-0.936763051,0.00565425958,-9.93013382e-05,-0.00624924432
0.942825643,-0.0579547051,0.328208859,-0.0187322242,-0.992423159,-0.121429913,0.332759532,0.108339153,-0.936767619,0.00196507922,0.000895917416,-0.00453497004
0.94283508,-0.05809401,0.3281571,-0.01884771,-0.99240796,-0.12153536,0.33272626,0.10840279,-0.93677197,,,
0.94284111,-0.05831792,0.32810006,-0.01904831,-0.99238972,-0.12165367,0.33269774,0.10845033,-0.93677668,,,
0.942850506,-0.0584436454,0.328050698,-0.0191775616,-0.992384138,-0.121679286,0.332663706,0.108434164,-0.936790691,0.00700956676,0.00815016031,-0.000782997813
0.942959561,-0.0585895347,0.327711038,-0.0193736265,-0.992380621,-0.121676031,0.332343077,0.108386625,-0.936909878,0.00448989403,0.000746071339,-0.00472666323
0.94311355,-0.05868946,0.32724969,-0.01953161,-0.99237632,-0.1216854,0.33189656,0.10837144,-0.93706984,0.00120481,0.00465244,-0.00277701
0.94326386,-0.05884696,0.32678789,-0.01980225,-0.99238796,-0.12154757,0.3314531,0.10818029,-0.93724899,0.00345832,-0.00155568,0.00380205
0.94330197,-0.05894317,0.32666051,-0.01996196,-0.99239956,-0.12142585,0.33133503,0.10802046,-0.93730907,0.00371913,-0.0044806,0.00551991
0.94332736,-0.05901183,0.32657481,-0.02006384,-0.99240449,-0.12137139,0.33125661,0.10794061,-0.93734632,0.00618405,-0.00234067,0.00432103
0.94341041,-0.0590621,0.32632569,-0.02018541,-0.9924151,-0.1212623,0.33101259,0.1078131,-0.93744692,,,
0.943419601,-0.059187842,0.326276357,-0.0203146975,-0.9924096,-0.121287657,0.330978511,0.107796948,-0.937461058,0.00443350896,-0.00282949209,0.000110251713
0.94340344,-0.05921784,0.3263176,-0.0203695,-0.99241791,-0.12120769,0.33102116,0.10770083,-0.9374567,-0.00208891,-0.00504881,0.00145275
0.943342271,-0.0593208623,0.326475711,-0.0204349878,-0.992408493,-0.121275004,0.331191434,0.10773231,-0.937393098,-0.000200805487,0.00238472223,0.00722520053
0.94325221,-0.05941274,0.32671914,-0.02051121,-0.99241013,-0.12124959,0.33144314,0.10766754,-0.93731167,0.00333151,0.00508815,0.00358464
0.9432487,-0.05949736,0.32671387,-0.02059638,-0.99240684,-0.12126228,0.33144785,0.10765137,-0.9373119,,,
0.9431839,-0.05967144,0.32686915,-0.02076079,-0.99240314,-0.12126225,0.33162194,0.10758654,-0.93725747,0.0012557,-0.00515795,-0.00120743
0.94309369,-0.0597633,0.32711257,-0.02083703,-0.99240489,-0.12123691,0.33187362,0.10752171,-0.93717608,,,
0.94304502,-0.05989383,0.32722899,-0.02096034,-0.99240227,-0.1212369,0.33200414,0.10747302,-0.93713541,,,
0.94295468,-0.05998565,0.32747242,-0.02103657,-0.99240367,-0.12121159,0.33225581,0.10740813,-0.93705357,0.00626741,-0.00114107,-0.00136234
0.94296382,-0.06011135,0.32742304,-0.02116585,-0.99239764,-0.12123687,0.33222165,0.10739179,-0.93706736,0.00279812,0.00592691,-0.00515808
0.94298918,-0.06018001,0.32733741,-0.02126774,-0.99240249,-0.1211824,0.33214319,0.10731196,-0.93710471,,,
0.94305611,-0.06027381,0.32712723,-0.02143048,-0.99241183,-0.12107312,0.3319426,0.10716825,-0.93719171,,,
0.943081421,-0.0603289582,0.32704411,-0.0215460894,-0.992426094,-0.120938782,0.331863224,0.107008596,-0.937238464,0.00479361368,0.00096732378,0.00315662334
0.943094072,-0.0603565077,0.327002518,-0.0216039397,-0.99243276,-0.120871364,0.331823484,0.106928522,-0.937261374,0.00370420632,0.000374376774,0.00580294756
0.94314825,-0.06040926,0.32683652,-0.02172253,-0.99244537,-0.12074944,0.33166176,0.10678491,-0.93733535,,,
0.94314465,-0.06049386,0.32683124,-0.02180773,-0.99244184,-0.12076202,0.33166638,0.10676861,-0.93733544,,,
0.943128404,-0.0605373622,0.32687007,-0.0218488325,-0.992441029,-0.120762071,0.331709878,0.10675241,-0.937321996,0.0062061986,0.00139445066,-0.00027305726
0.94315367,-0.06060603,0.32678443,-0.02195073,-0.99244523,-0.12070729,0.3316313,0.10667236,-0.93735869,,,
0.94313379,-0.06072062,0.32682054,-0.02209077,-0.99245052,-0.12064009,0.33167855,0.10656003,-0.93735498,-0.00378853,-0.00253934,0.00253785
0.94311023,-0.06093331,0.32684892,-0.02230226,-0.99244268,-0.12066531,0.33173136,0.10651121,-0.9373418,0.0056699,0.00252002,0.00251432
0.94313181,-0.06111368,0.32675299,-0.02246185,-0.99242482,-0.12078312,0.33165926,0.10657492,-0.93736014,0.00335235,0.0011571,-0.00451564
0.943131806,-0.0611272226,0.326750462,-0.0224481124,-0.992415435,-0.120863077,0.331660194,0.106654882,-0.937350757,-0.00501915719,0.000935614109,-0.00559718069
0.943082968,-0.0612576802,0.326866965,-0.0225714594,-0.99241255,-0.120863029,0.331790665,0.106605999,-0.937310048,0.00642604614,0.00644546747,0.000922875479
0.943063,-0.06138577,0.32690053,-0.02269779,-0.99240799,-0.12087556,0.33183879,0.10657335,-0.93729657,,,
0.94308819,-0.06145446,0.32681494,-0.02279967,-0.99241242,-0.12082087,0.3317602,0.10649346,-0.93733357,,,
0.9430682,-0.06159608,0.32684599,-0.02291221,-0.99239871,-0.12091348,0.33180929,0.10654089,-0.93731097,,,
0.94303188,-0.06176763,0.32691838,-0.02307966,-0.99239311,-0.12092598,0.33190088,0.10649189,-0.93728392,0.00604084,0.00387853,0.00193275
0.94305705,-0.06184984,0.32683022,-0.02316781,-0.99238792,-0.1209511,0.33182322,0.10649185,-0.93731134,0.00653456,0.00364095,-0.00401976
0.94310735,-0.06201431,0.32665386,-0.02334414,-0.99237776,-0.12100146,0.33166786,0.10649191,-0.93736643,-0.00458012,-0.00248414,-0.00147015
0.94309984,-0.0621835,0.32664339,-0.02351453,-0.99237073,-0.12102661,0.33167719,0.10645931,-0.9373669,-0.00662866,0.00183326,0.00119876
0.94305087,-0.06232747,0.32675729,-0.02362412,-0.99235799,-0.12110651,0.33180859,0.10649024,-0.93731648,0.0040584,0.00468403,-0.00454643
0.943026976,-0.0625536788,0.326783023,-0.023821874,-0.992340529,-0.121211599,0.331862359,0.106521222,-0.937294019,0.00799794123,-0.000537872314,0.000557722989
0.94304828,-0.06272048,0.32668957,-0.02399524,-0.99233181,-0.12124927,0.33178934,0.10650492,-0.93732179,0.00199157,-0.00488263,0.00319707
0.94300794,-0.0630172,0.32674892,-0.0242066,-0.99229455,-0.12151413,0.33188864,0.10667931,-0.93726707,0.00478658,0.00126404,-0.00805431
0.94294249,-0.06320465,0.32690158,-0.02435726,-0.99228102,-0.12159402,0.33206354,0.10669374,-0.93720343,-0.00124739,0.00520891,-0.00681831
0.94286829,-0.06325287,0.32710617,-0.02439239,-0.99228292,-0.12156891,0.33227155,0.10664456,-0.93713497,,,
0.94286057,-0.06342202,0.32709568,-0.02456278,-0.9922759,-0.12159399,0.33228091,0.10661179,-0.93713564,0.00217247,-0.00222886,0.00804599
0.94285672,-0.0635066114,0.327090363,-0.0246479746,-0.992272134,-0.121606578,0.332285529,0.106595463,-0.93713575,0.00151417591,-0.000911951065,0.00728082005
0.94281138,-0.063566,0.32720952,-0.02467232,-0.99226347,-0.12167394,0.33241237,0.10664256,-0.93708561,0.0030809,-0.00278193,0.00479154
0.94270426,-0.06374184,0.32748384,-0.02474832,-0.99223529,-0.12188862,0.3327104,0.10680024,-0.93696194,,,
0.94259701,-0.06391769,0.32775813,-0.02482424,-0.99220675,-0.12210319,0.33300844,0.10695775,-0.93683782,0.00552944,0.01023287,-0.01009728
0.94259312,-0.06400224,0.32775283,-0.02490943,-0.992203,-0.12211569,0.3330131,0.10694127,-0.93683796,0.00151334,0.00556499,-0.00471406
0.942556312,-0.0641873468,0.32782248,-0.0250630103,-0.992187889,-0.122208256,0.333105748,0.106971944,-0.93680168,0.00370812928,-0.00914877653,-0.000673808798
0.94258138,-0.06425594,0.32773697,-0.02516501,-0.99219221,-0.12215334,0.33302713,0.10689196,-0.93683891,,,
0.942606443,-0.0643381292,0.327648729,-0.0252532123,-0.992186676,-0.122178411,0.332949485,0.106891973,-0.936866289,0.0057532019,0.000687420368,0.00357137807
0.94263149,-0.06443389,0.32755783,-0.02532763,-0.99217177,-0.12228336,0.3328729,0.10697188,-0.9368843,0.00602676,0.00535768,-0.00414395
0.942701919,-0.0644702395,0.32734794,-0.0253777681,-0.992165986,-0.122320955,0.332669588,0.107004838,-0.936952884,0.0087233074,0.00345999002,-0.000339822844
0.94270192,-0.06447024,0.32734794,-0.02537777,-0.99216599,-0.12232096,0.33266959,0.10700484,-0.93695288,,,
0.94273087,-0.06446783,0.32726503,-0.02538078,-0.99216425,-0.12233339,0.33258731,0.10702122,-0.93698009,,,
0.942730866,-0.0644678297,0.327265031,-0.0253807799,-0.99216425,-0.122333393,0.332587308,0.107021222,-0.936980093,0.00668055331,-0.0034340024,-0.000544097275
0.94270192,-0.06447024,0.32734794,-0.02537777,-0.99216599,-0.12232096,0.33266959,0.10700484,-0.93695288,0.00487332,-0.00120938,-0.00483777
0.94277231,-0.064493,0.32714068,-0.02544168,-0.99216963,-0.12227854,0.33246517,0.10695781,-0.93703086,0.00385769,0.01351053,0.00119727
0.94290046,-0.064511,0.32676757,-0.02551164,-0.99216992,-0.12226104,0.33209618,0.10694362,-0.93716325,,,
0.94291293,-0.06453856,0.32672616,-0.02556949,-0.99217706,-0.12219367,0.33205634,0.10686378,-0.93718681,0.00484581,-0.00492698,0.00714364
0.94291293,-0.06455208,0.32672346,-0.02555575,-0.99216721,-0.12227349,0.33205737,0.10694359,-0.93717696,0.00540046,-0.00651902,-0.00360917
0.94295429,-0.06459078,0.32659643,-0.0256029,-0.99216281,-0.12229837,0.33193627,0.10695996,-0.93721788,-0.00268161,0.0034166,0.00437412
0.94295429,-0.06460431,0.32659376,-0.02558915,-0.99215343,-0.12237832,0.33193734,0.10703991,-0.93720849,0.00358101,0.00775427,0.00799997
0.942851174,-0.0646685149,0.326878639,-0.025607376,-0.992147832,-0.12242092,0.332228722,0.107054204,-0.937103738,0.0123652304,0.00619488955,8.68164934e-05
0.942863647,-0.0647231137,0.326831838,-0.0256377428,-0.99213549,-0.122513191,0.332190966,0.107134002,-0.93710783,-0.000811435515,-0.00894540548,-0.00840768032
0.94285117,-0.06468204,0.32687595,-0.02559363,-0.99213821,-0.12250074,0.33222977,0.10713403,-0.93709412,-0.00572557,-0.00559175,-0.0044562
0.94280582,-0.06474145,0.32699498,-0.02561792,-0.99212928,-0.12256815,0.33235658,0.10718104,-0.93704379,-0.00334751,0.00164253,0.00496541
0.9428183,-0.06479607,0.3269482,-0.02564826,-0.99211716,-0.12266055,0.33231885,0.10726096,-0.93704812,0.00699764,0.00684029,0.01212484
0.942801844,-0.0648530948,0.326984332,-0.0256755949,-0.992106533,-0.122740392,0.332363417,0.10732435,-0.937025005,0.00647038594,-0.000650048256,0.00909648277
0.9427854,-0.06495072,0.32701237,-0.02566163,-0.99206728,-0.12305982,0.33241114,0.10762733,-0.93697328,,,
0.94266565,-0.0650856,0.32733062,-0.02569329,-0.9920416,-0.12326204,0.33274814,0.1077847,-0.93683581,-0.00526978,0.00747401,-0.00579806
0.94257875,-0.06511994,0.32757394,-0.02565654,-0.99202718,-0.1233842,0.33299705,0.10789491,-0.93673448,0.00648462,0.00165874,-0.00475187
0.94245879,-0.0652413122,0.327894799,-0.0257019075,-0.992010865,-0.123506389,0.333332927,0.10797216,-0.936606185,0.00921128597,-0.000488877296,0.00305052823
0.94241327,-0.06531437,0.32801105,-0.02571232,-0.991992,-0.1236535,0.33346079,0.10809878,-0.93654579,,,
0.94235521,-0.06533279,0.32817416,-0.02569236,-0.9919858,-0.12370834,0.33362637,0.10814563,-0.93648153,-0.0034144,0.00430304,0.00250569
0.94207305,-0.06556422,0.32893723,-0.02570806,-0.99193831,-0.12408689,0.33442109,0.10844258,-0.93616388,0.00826907,-0.00404942,-0.00142025
0.9420856,-0.0656189,0.3288904,-0.02573833,-0.9919261,-0.1241793,0.33438342,0.10852244,-0.93616823,0.00424828,-0.00256908,-0.00579802
0.94216885,-0.06570975,0.32863367,-0.0258189,-0.99190755,-0.12430932,0.33414255,0.10863541,-0.93624095,,,
0.94214828,-0.06586498,0.32866157,-0.0259175,-0.9918834,-0.12448142,0.33419292,0.10876187,-0.93620829,0.005623,0.003187,-0.00215322
0.94214425,-0.06596312,0.32865345,-0.02598884,-0.99187003,-0.12457377,0.33419875,0.10882514,-0.93619895,0.00895291,0.00422269,-0.00585393
0.94224398,-0.06601037,0.32835788,-0.02602848,-0.99185247,-0.12470351,0.33391434,0.10895447,-0.93628516,,,
0.94229804,-0.06610358,0.32818397,-0.02610608,-0.99183565,-0.12482077,0.33375571,0.10905077,-0.93633048,,,
0.942298036,-0.066103575,0.328183975,-0.0261060841,-0.991835651,-0.124820773,0.333755714,0.109050769,-0.936330483,0.00712419255,0.000722825527,-0.00345790642
0.94232302,-0.0662128,0.3280902,-0.02616678,-0.99181084,-0.1250053,0.33368041,0.10921031,-0.93633875,0.00629321,-0.00177455,-0.00500928
0.94253854,-0.06622294,0.32746849,-0.02624663,-0.99180624,-0.12502537,0.33306487,0.10924628,-0.93655374,-0.00364245,0.0082739,0.00165123
0.94255101,-0.0662639774,0.3274243,-0.0262908078,-0.991803474,-0.125037819,0.333026095,0.109246273,-0.936567495,-0.00206079613,0.00635403395,-0.00041398115
0.942522025,-0.0662664564,0.327507237,-0.0262876489,-0.991805254,-0.125025421,0.333108381,0.109229818,-0.936540287,0.0079027731,-0.000570416451,0.00318345265
0.94257999,-0.06627504,0.32733864,-0.02628014,-0.99179232,-0.12513014,0.33294493,0.10934266,-0.93658532,-0.00151624,-0.00677902,0.00241932
0.942608951,-0.0662860612,0.327252983,-0.0262695359,-0.991780716,-0.12522222,0.332863739,0.1094388,-0.936602675,-0.008242568,0.000852286816,0.00345337973
0.942621397,-0.0663541784,0.327203343,-0.0262861726,-0.991758733,-0.125394274,0.332827195,0.109598402,-0.936597201,0.000193186104,0.00638800859,0.00768538425
0.94258837,-0.06646829,0.32727531,-0.02634069,-0.99173703,-0.12555373,0.3329164,0.10972483,-0.93655061,0.01334991,-0.00109875,0.00474843
0.94261325,-0.0665774,0.32718147,-0.02640148,-0.99171229,-0.12573827,0.33284115,0.10988449,-0.93655891,,,
0.94265464,-0.06666996,0.32704333,-0.02639381,-0.9916684,-0.12608193,0.3327245,0.11021979,-0.93656048,-0.00959182,-0.00565326,-0.00651889
0.942679488,-0.0667925156,0.326946702,-0.0264409285,-0.991633835,-0.126345961,0.332650362,0.110458972,-0.936558934,-0.00355317513,0.00462049246,0.00080046471
0.94267539,-0.0669041,0.32693569,-0.02649864,-0.99161038,-0.12651779,0.33265737,0.11060186,-0.93653958,0.00847457,0.01121742,0.0049218
0.94267129,-0.0670292,0.3269219,-0.02654255,-0.99157708,-0.12676947,0.3326655,0.1108246,-0.93651037,0.01505829,0.00291115,0.00562678
0.942782882,-0.0671574585,0.326573588,-0.0265857075,-0.991527047,-0.127150179,0.332345653,0.111192822,-0.936580152,-0.00286962534,-0.000857591629,-0.00727132568
0.94284068,-0.06716576,0.32640498,-0.02657845,-0.99151381,-0.12725462,0.33218223,0.11130549,-0.93662471,-0.00808877,-0.00871015,-0.00805374
0.94292321,-0.06728296,0.32614233,-0.02663226,-0.99147525,-0.12754313,0.33194357,0.11157746,-0.93667691,,,
0.94291909,-0.06739446,0.32613122,-0.02669003,-0.99145178,-0.12771492,0.33195064,0.11172039,-0.93665758,0.01124027,0.00108105,0.00118346
0.94304686,-0.0674249621,0.325755271,-0.0267473595,-0.991442277,-0.127776727,0.331582871,0.111786348,-0.936779969,0.00692209462,0.000736296177,-0.000467984006
0.94316216,-0.06742791,0.32542067,-0.02674684,-0.99142549,-0.12790568,0.3312548,0.11193182,-0.93687848,-0.00780316,-0.00152075,-0.00204414
0.94307571,-0.0674627,0.3256639,-0.02670955,-0.99141061,-0.12802806,0.33150383,0.11204182,-0.93677715,,,
0.943042735,-0.0675498648,0.325741321,-0.0267914777,-0.991408492,-0.128027992,0.331591027,0.112008775,-0.936750329,0.00955215003,0.000395357609,0.00276114396
0.94295205,-0.06765574,0.3259818,-0.02685309,-0.99139981,-0.12808297,0.33184386,0.11202248,-0.93665925,0.00615853,0.00299639,0.00882239
0.9428035,-0.06779383,0.32638252,-0.02688068,-0.9913744,-0.12827244,0.33226342,0.11216232,-0.93649359,-0.00403324,0.00168115,0.00635794
0.942700247,-0.0678722668,0.32666436,-0.0268842906,-0.991358783,-0.128394589,0.332555986,0.112255472,-0.936378873,-0.00685829949,-0.000918447971,0.00338090677
0.94247686,-0.06807278,0.32726667,-0.02693237,-0.99132593,-0.12863872,0.33318467,0.11242495,-0.93613512,,,
0.942306917,-0.0683526293,0.327697409,-0.0270721048,-0.991285395,-0.128919945,0.333653675,0.112610697,-0.935945534,0.00701959571,0.00311547518,-0.00047744764
0.94224467,-0.06846948,0.32785197,-0.02712312,-0.9912649,-0.12906669,0.33382529,0.11272004,-0.93587117,0.00825422,0.00326926,0.0042934
0.94213671,-0.06865961,0.32812234,-0.02718414,-0.99122492,-0.12936012,0.33412488,0.1129552,-0.93573584,-0.00835057,-0.00602639,0.00180309
0.941937119,-0.0689694045,0.328629996,-0.0272926502,-0.9911659,-0.129787821,0.3346783,0.113282781,-0.935498299,-0.00193300378,-0.00617396832,0.000537926913
0.941828836,-0.0691596911,0.328900239,-0.0273534529,-0.991125752,-0.130081058,0.334977937,0.113517532,-0.935362557,0.000342218555,0.00835639238,-0.0025917897
0.94158703,-0.06943145,0.3295347,-0.02741405,-0.99107116,-0.1304834,0.33565208,0.11382759,-0.93508314,0.0191783,0.01058728,-0.01992347
0.94176172,-0.0697370156,0.328970517,-0.0277062499,-0.991025737,-0.130767037,0.335137608,0.114036849,-0.935242244,-0.00531001948,0.00467556715,0.000962405116
0.94191978,-0.06977808,0.32850897,-0.02775355,-0.9910041,-0.13092109,0.33468921,0.11419988,-0.93538295,-0.01034611,-0.00591278,-0.0051167
0.94196939,-0.06998233,0.3283232,-0.02788927,-0.99096209,-0.13120913,0.33453825,0.11443829,-0.9354077,,,
0.941798515,-0.0702626323,0.328753266,-0.0280282892,-0.990921043,-0.13148988,0.335007406,0.114622581,-0.9352173,0.00924587902,0.00349313021,-0.000186411198
0.941665194,-0.0703441599,0.329117542,-0.0280279001,-0.990906617,-0.131599183,0.335382012,0.114697896,-0.935073866,0.013351243,0.00485020876,-0.000415482093
0.94151928,-0.07042564,0.32951733,-0.02794166,-0.99086451,-0.13193436,0.33579861,0.11501148,-0.93488585,0.00911287,-0.00530964,-0.00755565
0.941523593,-0.0703819468,0.329514326,-0.0278149253,-0.990837789,-0.13216025,0.335797021,0.115266576,-0.934854811,-0.00690105138,0.000954687595,-0.00862658303
0.94149438,-0.0703982782,0.329594312,-0.0277976415,-0.990829494,-0.132227314,0.335880364,0.115329328,-0.934817302,-6.44214451e-05,0.0060287118,-0.00685804151
0.94135255,-0.07034099,0.3300114,-0.02768154,-0.99083217,-0.13223188,0.33628724,0.1153416,-0.93466953,0.01332335,0.00910264,0.00327604
0.94135685,-0.07027015,0.33001423,-0.02758251,-0.99082607,-0.13229888,0.33628335,0.11543783,-0.93465914,0.00877246,-0.00378191,0.00142972
0.94139038,-0.07018294,0.32993712,-0.02750076,-0.99082824,-0.13229882,0.33619616,0.11547131,-0.93468626,-0.00249536,-0.00567758,0.00291164
0.94141142,-0.0700957,0.32989564,-0.02733312,-0.99080284,-0.13252466,0.33615092,0.11574315,-0.93466905,-0.00982818,-0.00126737,0.00224385
0.94128191,-0.07010665,0.33026264,-0.02723348,-0.99078188,-0.13270051,0.33652146,0.11591439,-0.93451431,0.01185259,0.00981754,-0.00369743
0.941281914,-0.0701202616,0.330259744,-0.0272196024,-0.990771569,-0.13277988,0.336522574,0.11599376,-0.934503996,0.00770182535,0.0106622577,0.000472228276
0.94144919,-0.06999203,0.32980985,-0.0270969,-0.99075767,-0.13290928,0.33606425,0.11619051,-0.93464457,0.00752784,-0.01045471,-0.00173145
0.9416995,-0.06993986,0.32910556,-0.02706988,-0.99073431,-0.1330884,0.33536439,0.11642043,-0.93486725,,,
0.94178696,-0.06993153,0.32885697,-0.02708028,-0.99072913,-0.13312581,0.33511787,0.11647061,-0.93494954,,,
0.94189105,-0.06989306,0.3285669,-0.02703604,-0.99071461,-0.13324249,0.33482876,0.11661676,-0.93503486,0.00940948,0.00132328,-0.00266101
0.94195351,-0.06981652,0.32840406,-0.02694405,-0.99070469,-0.13333426,0.33466041,0.11674614,-0.9350789,0.00780107,0.00551993,-0.00830997
0.94201594,-0.0697264138,0.328244098,-0.0268658558,-0.990705122,-0.133346669,0.334490937,0.116796128,-0.93513327,0.000789258163,3.0040741e-05,-0.0105344607
0.9421407,-0.06953268,0.32792698,-0.02672326,-0.99071637,-0.13329216,0.33415081,0.11681669,-0.93525235,-0.00599659,0.0075174,-0.00862102
0.94218239,-0.06923584,0.32787,-0.02651254,-0.99075742,-0.13302916,0.33405004,0.11664507,-0.93530981,0.00986977,0.00236064,-0.00696993
0.94221563,-0.06912148,0.32779858,-0.02645839,-0.99077996,-0.13287025,0.33396054,0.1165194,-0.93535719,0.00757912,0.00278336,-0.00148838
0.942389891,-0.0687562994,0.327374184,-0.0262344177,-0.99082526,-0.132577451,0.333486192,0.116351178,-0.935547483,-0.000817748485,-0.0056925416,-0.00579772377
0.94260519,-0.06841574,0.32682525,-0.02607184,-0.99087614,-0.13222991,0.33288995,0.11611967,-0.93578872,-0.01418036,-0.00117791,0.01340504
0.94262587,-0.06823365,0.32680363,-0.0260007,-0.9909217,-0.13189968,0.33283691,0.11583493,-0.93584254,0.00421113,0.00897628,-0.00511852
0.9426796,-0.06793735,0.32671041,-0.02587525,-0.99099038,-0.13141053,0.33269452,0.11542432,-0.93594432,0.01884672,0.00806242,-0.00799715
0.94299736,-0.06750477,0.325882,-0.02572271,-0.99106689,-0.13086115,0.33180464,0.11501915,-0.93630986,-0.00140637,-0.00222629,-0.00973138
0.94312089,-0.0672709,0.32557274,-0.02562069,-0.99110819,-0.13056785,0.33146125,0.11479987,-0.93645836,-0.01237969,-0.00370717,-0.00401139
0.94317429,-0.06693455,0.32548736,-0.02553587,-0.99120615,-0.12983965,0.33131583,0.11414982,-0.93658939,,,
0.94314522,-0.06649489,0.32566168,-0.02538311,-0.9913324,-0.12890241,0.33141032,0.11330739,-0.93665826,0.00125664,0.00276166,0.00479121
0.9431985,-0.06622568,0.32556221,-0.02522987,-0.99137924,-0.12857141,0.33127035,0.11305447,-0.93673828,-0.00499369,-0.00384903,0.00527585
0.94326412,-0.06599749,0.32541842,-0.0251208,-0.99142343,-0.12825304,0.33109177,0.11280172,-0.93683206,-0.00170346,0.00414497,0.00822403
0.94329292,-0.0659544921,0.325343619,-0.0251651257,-0.99145139,-0.128026454,0.331006317,0.112579134,-0.936888828,0.000103050144,-0.00267773867,0.00772189815
0.94331329,-0.06579946,0.32531593,-0.0250663,-0.99147594,-0.12785484,0.33095575,0.1124527,-0.93692178,0.00474731,-0.00105578,0.00323259
0.943387245,-0.0657371055,0.325114045,-0.0250456206,-0.991483735,-0.127799922,0.330746468,0.112422134,-0.936999538,-0.000934896059,-0.00307267904,0.00850409362
0.94346113,-0.06568818,0.32490948,-0.02501124,-0.99148151,-0.12782475,0.33053826,0.1124713,-0.93706722,-0.00852858,0.00156647,0.00597692
0.94344477,-0.06574519,0.32494544,-0.02503854,-0.99147031,-0.12790433,0.33058288,0.11253451,-0.93704364,0.00551901,0.00320154,0.00846286
0.94342441,-0.06590023,0.32497316,-0.02513739,-0.99144575,-0.12807605,0.33063349,0.11266109,-0.93701068,0.00576175,-0.00245571,-0.00641919
0.94346553,-0.0659519,0.32484323,-0.02517127,-0.99143124,-0.12818047,0.33051352,0.11275713,-0.9370413,,,
0.94351902,-0.06605791,0.32466631,-0.02523584,-0.99140425,-0.12837675,0.33035588,0.11293267,-0.93707579,-0.00774442,-0.00362688,-0.00257926
0.94338363,-0.06622366,0.32502577,-0.02532138,-0.99138632,-0.12849891,0.33073577,0.11299367,-0.9369345,0.01449171,0.00970668,-0.00750777
0.94335083,-0.06632435,0.32510042,-0.02538958,-0.99137428,-0.12857866,0.33082408,0.11304062,-0.9368977,0.02291245,0.00177246,-0.01152863
0.94349059,-0.06638205,0.32468283,-0.02550507,-0.99137217,-0.12857319,0.33041642,0.11302654,-0.93704341,0.00183352,0.00272948,-0.00644179
0.943634175,-0.0663551856,0.324270771,-0.0255354025,-0.991373556,-0.12855521,0.330003768,0.113028705,-0.937188375,-0.00343331927,-0.00531339645,-0.00021505903
0.94366287,-0.06633911,0.32419056,-0.02555235,-0.99138193,-0.12848796,0.32992041,0.11296549,-0.93722544,0.00696578,-0.00376576,0.00236833
0.94377759,-0.06631494,0.32386138,-0.02557929,-0.99138497,-0.12845765,0.32958999,0.1129513,-0.9373432,0.00208165,0.00961572,-0.00272265
0.94392484,-0.0661768,0.32346024,-0.02555158,-0.99141019,-0.12826796,0.32917019,0.11281039,-0.93750761,0.00629127,0.00397807,-0.00445089
0.943982065,-0.0661580312,0.323297025,-0.0255718607,-0.991416768,-0.128212784,0.329004455,0.112763261,-0.937571422,0.000227271928,-0.000953614712,-0.00519279717
0.94412905,-0.06601994,0.3228958,-0.02554405,-0.99144202,-0.12802293,0.32858459,0.1126221,-0.93773562,-0.00397703,-0.00252604,-0.00330161
0.94416163,-0.06590601,0.32282382,-0.02548928,-0.99146413,-0.12786369,0.32849524,0.11249544,-0.93778228,,,
0.94417791,-0.06584904,0.32278781,-0.02546192,-0.99147495,-0.12778395,0.32845054,0.11243198,-0.93780538,,,
0.94427983,-0.0657707023,0.322505523,-0.0254580511,-0.991490936,-0.127661487,0.328157714,0.112337804,-0.937919282,-3.28347087e-05,-0.00153541565,0.00998489186
0.94427983,-0.0657573796,0.322508235,-0.0254716059,-0.99150079,-0.127581785,0.328156658,0.112258102,-0.937929136,3.69527843e-05,0.00416213274,-0.0073746955
0.94423902,-0.06570581,0.32263821,-0.02543757,-0.99151521,-0.12747764,0.32827671,0.11216223,-0.93789875,0.00457199,-0.00460488,-0.00574149
0.944153347,-0.0657004996,0.322889917,-0.0254412166,-0.991530028,-0.127361087,0.328522752,0.112033684,-0.937827892,-1.3677578e-05,0.00628608465,0.00254559773
0.94409619,-0.06567916,0.32306135,-0.02546176,-0.99155317,-0.12717716,0.32868539,0.11184176,-0.93779387,,,
0.944039013,-0.0656844609,0.3232273,-0.0254551852,-0.991556381,-0.127152512,0.328850072,0.111809121,-0.937739911,0.000346557819,-0.00590986013,0.00345180673
0.94392056,-0.06577966,0.32355373,-0.02552725,-0.99155939,-0.12711567,0.32918436,0.11172765,-0.93763247,,,
0.94371597,-0.06589609,0.32412632,-0.02557589,-0.99155728,-0.12712135,0.32976665,0.11167663,-0.93743379,,,
0.94358481,-0.06596363,0.3244942,-0.02559015,-0.99155295,-0.12715162,0.33014063,0.11167448,-0.93730231,0.00392291,0.00990373,-0.0041508
0.94337558,-0.06613769,0.32506661,-0.02575135,-0.99156693,-0.12701016,0.33072551,0.11144738,-0.93712316,0.01136143,0.00617105,-0.01246039
0.94340031,-0.06617935,0.32498639,-0.02588081,-0.99159119,-0.12679574,0.33064489,0.11120823,-0.93718021,0.00160217,-0.00508833,-0.01440521
0.94345378,-0.06621843,0.32482317,-0.02601347,-0.99161344,-0.12659376,0.33048187,0.11098558,-0.93726401,0.00942476,-0.00532013,0.00156729
0.94351124,-0.06617296,0.32466547,-0.02606093,-0.99163948,-0.12637915,0.33031402,0.11077907,-0.93734752,-0.00570662,-0.00205737,-0.00305582
0.9433511,-0.0662026,0.32512445,-0.0261131,-0.99166623,-0.12615805,0.33076698,0.11052132,-0.93721818,0.00490771,0.00410134,-0.00572652
0.94330591,-0.06623527,0.32524889,-0.02616454,-0.99167656,-0.12606594,0.33089178,0.11040875,-0.93718736,0.01797619,0.00342351,0.0069651
0.94337581,-0.06623083,0.32504701,-0.02625621,-0.9917001,-0.12586378,0.33068519,0.11020235,-0.93728487,0.00617628,0.01051885,-0.00406731
0.943482513,-0.066041294,0.324775747,-0.0261942735,-0.991738825,-0.125569362,0.33038553,0.109965231,-0.937418135,0.000117842574,0.00190383196,-0.0109422412
0.94345378,-0.06603044,0.32486145,-0.02620472,-0.99175044,-0.12547738,0.33046678,0.1098692,-0.93740101,-0.00240109,-0.00172043,-0.00613459
0.9434742,-0.06583516,0.32484177,-0.02614682,-0.99180388,-0.12506615,0.33041306,0.10950311,-0.93746275,,,
0.943408372,-0.0656608323,0.325068158,-0.0260657924,-0.991852517,-0.124697443,0.33060736,0.109167454,-0.937433479,0.0159682166,0.000449120998,0.00361661473
0.94342476,-0.0656038493,0.325032078,-0.0260384409,-0.991863007,-0.124617628,0.330562727,0.109104026,-0.937456335,0.0140696997,-0.000548183918,0.00724501489
0.94355175,-0.06529979,0.32472455,-0.0258364,-0.99189678,-0.12439058,0.33021596,0.10897923,-0.93759305,-0.00121137,-0.0020721,0.00915998
0.943592432,-0.0650435428,0.324657755,-0.0255839283,-0.99190653,-0.12436578,0.330119347,0.109044588,-0.937619563,-0.00621056603,0.00402289629,-0.000831285492
0.94353895,-0.064964,0.32482906,-0.02549244,-0.99191331,-0.12432864,0.33027924,0.10902823,-0.93756492,0.0064587,-0.0010826,0.00225623
0.94344823,-0.06477477,0.3251302,-0.02525476,-0.99191867,-0.12433407,0.33055652,0.10909167,-0.93745977,0.01368109,0.00744444,0.00380048
0.94350121,-0.06455959,0.32501928,-0.02504644,-0.99192575,-0.12432179,0.33042117,0.10915718,-0.93750013,0.00200319,0.0046466,-0.0028724
0.943537794,-0.064387912,0.324947131,-0.0248791644,-0.991931732,-0.12430937,0.330329333,0.109206177,-0.937527005,-0.00935569778,-0.000660181046,-0.00519679673
0.94343839,-0.06408656,0.32529515,-0.02449846,-0.99193366,-0.12436956,0.33064157,0.10936579,-0.93739833,,,
0.94326091,-0.0639049,0.32584507,-0.0242514,-0.99194348,-0.12433718,0.33116569,0.1093802,-0.93721129,0.01123259,-0.00118279,-0.01410753
0.94325228,-0.06379277,0.32589201,-0.02410835,-0.99194007,-0.12439199,0.3312007,0.10947631,-0.93718767,0.0101089,0.00318938,-0.00602628
0.94335408,-0.06344689,0.32566481,-0.02377697,-0.99194981,-0.12437949,0.33093463,0.10959057,-0.93726848,0.00221694,0.00501567,-0.00401509
0.94350944,-0.06316703,0.32526892,-0.02355074,-0.99196214,-0.1243247,0.33050765,0.1096412,-0.93741328,,,
0.94357454,-0.06297934,0.32511643,-0.02340028,-0.99197549,-0.1242449,0.33033243,0.10962651,-0.93747654,-0.00229854,-0.00343901,0.00374083
0.94363087,-0.06267943,0.32501086,-0.02310679,-0.99198539,-0.12421988,0.33019213,0.10970775,-0.93751634,-0.00102929,-0.00614911,-0.00781006
0.943584631,-0.0624441783,0.32519036,-0.0228312818,-0.991989861,-0.124237214,0.330343425,0.109803813,-0.937452068,-0.00361484219,-0.00529009104,0.000636573764
0.9435471,-0.06232111,0.32532286,-0.02269877,-0.9919978,-0.12419979,0.33045975,0.10980392,-0.93741128,-0.00344587,-0.00119251,-0.00457009
0.94355454,-0.06215187,0.3253336,-0.02252839,-0.99200437,-0.12417462,0.33045012,0.10983629,-0.9374104,,,
0.943676958,-0.0619725208,0.325012645,-0.0223705294,-0.992005266,-0.124199795,0.330111151,0.109933781,-0.937518883,0.000938067737,0.00924319029,0.000862586254
0.943750608,-0.0619238214,0.324807967,-0.0223358008,-0.99200244,-0.124224683,0.329902845,0.109982273,-0.93758601,-0.000588329101,0.00518029928,0.00172148901
0.943811708,-0.0618341223,0.324647491,-0.0222568928,-0.992002747,-0.124237243,0.329733352,0.110030919,-0.937640034,-0.00212895102,0.0056629777,-0.000311983051
0.943770498,-0.0617956336,0.324774589,-0.0222095762,-0.992006854,-0.124212178,0.329854466,0.110014682,-0.937599245,0.0062406389,-0.00199502707,0.000806917204
0.94394631,-0.06170909,0.32427974,-0.02212964,-0.99199098,-0.12435458,0.3293564,0.11020785,-0.93775182,,,
0.94408074,-0.06159735,0.32390943,-0.02198884,-0.99196929,-0.12455162,0.32898031,0.11046439,-0.93785354,,,
0.944096882,-0.061580527,0.323865571,-0.0219206298,-0.991950748,-0.124711182,0.328938528,0.1106401,-0.937847483,0.0013994308,0.000961840153,-0.00511721335
0.94408806,-0.06149506,0.32390751,-0.02175045,-0.99192751,-0.12492552,0.32897513,0.11089556,-0.93780446,0.00474886,0.00240141,-0.00817002
0.94403806,-0.06135786,0.32407923,-0.02154646,-0.9919184,-0.12503517,0.32913202,0.1110552,-0.93773077,,,
0.944013039,-0.0612892469,0.324165106,-0.021444465,-0.991913738,-0.125089919,0.329210453,0.111134968,-0.937693823,0.000902673055,-0.00289523602,0.00418443047
0.944004147,-0.0611904256,0.324209668,-0.021287863,-0.991900144,-0.125224386,0.329246114,0.111310609,-0.937660469,4.55782283e-05,0.00379902124,0.00572281051
0.94395404,-0.06105325,0.32438137,-0.02108386,-0.9918906,-0.12533378,0.32940286,0.11147011,-0.93758638,,,
0.94391282,-0.06102828,0.32450599,-0.02102284,-0.99188483,-0.12538846,0.32952485,0.11153374,-0.93753578,-0.00138342,0.00315732,-0.0046922
0.94383032,-0.0609918,0.32475271,-0.02088719,-0.99186393,-0.12557741,0.32976969,0.1117406,-0.93742521,0.00111861,0.00145727,-0.00637799
0.94377649,-0.06092587,0.3249215,-0.02078196,-0.99186083,-0.12561945,0.32993038,0.11180418,-0.93736109,,,
0.943706438,-0.0609035859,0.325129055,-0.0207177198,-0.991856659,-0.125661451,0.330134708,0.111851586,-0.937283289,0.000875859987,0.0049623847,0.00280004647
0.94357883,-0.06088657,0.32550239,-0.02064707,-0.99185609,-0.12567827,0.33050368,0.11186668,-0.93715153,0.00714017,0.00157768,0.00292483
0.94353745,-0.06084818,0.32562952,-0.02059969,-0.99186032,-0.12565297,0.33062477,0.11185041,-0.93711081,,,
0.94356979,-0.06076098,0.32555207,-0.0205177,-0.99186204,-0.1256531,0.33053755,0.11188289,-0.93713773,,,
0.943602135,-0.0606871566,0.325472086,-0.020422076,-0.991853903,-0.125732687,0.330451128,0.111994816,-0.937154816,-0.00174918119,-0.000851094723,-0.00581598096
0.94356075,-0.06063536,0.32560169,-0.02038834,-0.99186797,-0.1256278,0.33057136,0.11189898,-0.93712395,0.00469006,0.00363094,-0.00384068
0.94354813,-0.06058089,0.32564839,-0.02035781,-0.99188003,-0.12553544,0.33060925,0.11181924,-0.93711983,0.0026402,0.00496477,-0.00879647
0.94352289,-0.0604719854,0.32574174,-0.0202967859,-0.99190459,-0.12535074,0.330685021,0.111659781,-0.937112058,0.0033679253,0.000876247883,-0.00388244214
0.94354611,-0.06021878,0.32572143,-0.02012643,-0.99194182,-0.12508637,0.33062922,0.11146915,-0.93715483,,,
0.94351732,-0.06020792,0.32580682,-0.02013693,-0.99195325,-0.124994,0.33071072,0.11137326,-0.93713747,0.00112492,-0.00468874,-0.00133416
0.94346675,-0.06000344,0.32599092,-0.0200013,-0.99199232,-0.12470406,0.33086317,0.11113389,-0.93711191,,,
0.943486408,-0.0598213007,0.325967494,-0.019929805,-0.992035387,-0.124372368,0.330811424,0.11084717,-0.937164128,0.00110581738,0.00844222307,-0.000800606445
0.9434899,-0.05970974,0.32597784,-0.01987199,-0.99205814,-0.12420019,0.33080494,0.11070379,-0.93718339,,,
0.94346806,-0.05950261,0.32607891,-0.01973957,-0.9920954,-0.12392283,0.33087515,0.11048057,-0.93718487,0.00440607,-0.00142038,-0.00469974
0.94348767,-0.05932045,0.32605538,-0.01966809,-0.99213847,-0.12359095,0.3308235,0.11019365,-0.93723714,0.0050125,-0.0016908,0.00302345
0.94353606,-0.05916273,0.32594396,-0.01957233,-0.99216001,-0.12343135,0.33069112,0.11008244,-0.9372967,,,
0.943629322,-0.0589454193,0.325713266,-0.0194522733,-0.99219048,-0.123204544,0.330431995,0.109923555,-0.937406644,0.000184037199,0.00584000349,0.00292892335
0.94357861,-0.05875427,0.32589466,-0.0193031,-0.99221943,-0.12299416,0.33058552,0.10976388,-0.93737116,,,
0.943511739,-0.0586201436,0.326112348,-0.0191813391,-0.992237939,-0.122863552,0.330783405,0.109667931,-0.937312542,0.000877656275,0.00630515814,-0.00505069643
0.94340325,-0.05840692,0.32646432,-0.01905353,-0.99228966,-0.12246796,0.33110011,0.10931637,-0.93724215,0.00351309,0.0033254,-0.0050217
0.94338117,-0.05818609,0.32656751,-0.01893497,-0.99233588,-0.12211031,0.33116978,0.10901302,-0.93725274,,,
0.943384553,-0.0580608875,0.326580013,-0.0188909186,-0.992367548,-0.12185788,0.331162656,0.108789444,-0.937281027,-0.000894432887,0.00106674433,0.00622333353
0.94337854,-0.05779646,0.32664428,-0.0187313,-0.99241458,-0.12150022,0.33118885,0.10850223,-0.93730522,0.00487437,0.00163478,0.00971368
0.94335639,-0.05760258,0.32674248,-0.01858542,-0.99244132,-0.12130201,0.33126015,0.10835838,-0.93729641,0.00395238,0.00565702,-0.00126454
0.94334696,-0.05746334,0.32679424,-0.01846988,-0.99245669,-0.12119665,0.33129348,0.10829465,-0.93729235,0.00413668,0.00738055,-0.00339124
0.94336638,-0.0572945485,0.32676779,-0.0183847617,-0.992488714,-0.12094411,0.331242893,0.108087057,-0.937333813,0.00240138313,0.00062006712,-0.00681564584
0.94345955,-0.05706385,0.32653912,-0.01827815,-0.99252839,-0.12063729,0.33098336,0.10784788,-0.93745341,-0.00145591,-0.00574744,-0.00565757
0.9435205,-0.05693378,0.32638566,-0.01824001,-0.99255661,-0.12041025,0.33081166,0.10765626,-0.93753598,,,
0.94362627,-0.05673074,0.32611511,-0.01819107,-0.99260265,-0.12003591,0.33051252,0.10733665,-0.93767792,0.00501616,-0.0018841,0.00286524
0.94378947,-0.056523,0.32567866,-0.01814786,-0.9926457,-0.11968717,0.33004863,0.10704912,-0.93787432,0.00710469,-0.00205177,0.00406715
0.9438917,-0.05643179,0.32539808,-0.01815652,-0.99266993,-0.1194855,0.32975567,0.10687327,-0.93799751,-0.00147436,0.00756556,0.00292957
0.94400982,-0.05627013,0.32508328,-0.01815131,-0.9927137,-0.11912364,0.32941766,0.1065532,-0.93815287,,,
0.94412783,-0.05610854,0.32476831,-0.018146,-0.99275665,-0.11876159,0.32907955,0.10623287,-0.93830731,0.00432677,-0.00131196,0.00292699
0.944213795,-0.0560610613,0.324526513,-0.0181956062,-0.992780041,-0.1185597,0.328830078,0.106040747,-0.938416667,0.00153396011,0.00046890974,0.00609620288
0.944372874,-0.0559518509,0.32408219,-0.0182234277,-0.992810335,-0.118302905,0.328371409,0.105816166,-0.938602785,-0.000503050629,-0.00537204742,0.00725983689
0.94450316,-0.05584511,0.3237207,-0.01824827,-0.99284174,-0.11803326,0.32799508,0.10557544,-0.93876122,0.00216873,0.0049538,0.00309586
0.94451907,-0.05578818,0.32368412,-0.01822071,-0.99285186,-0.11795326,0.32795081,0.10551135,-0.93878401,0.00255974,0.00570828,-0.00530143
0.944572935,-0.0558413085,0.323517718,-0.0183388593,-0.992864214,-0.117831104,0.327789036,0.105367125,-0.938856726,0.00640919013,-0.000712692738,-0.00277877459
0.944674465,-0.0557504404,0.323236831,-0.018347075,-0.992888235,-0.117628735,0.327495871,0.105190413,-0.938979025,-0.0003261026,-0.00130981207,0.00557603687
0.94470299,-0.05573469,0.32315618,-0.01836354,-0.99289586,-0.11756126,0.32741266,0.10512618,-0.93901517,,,
0.94470299,-0.05572131,0.3231585,-0.01837711,-0.99290525,-0.11748126,0.32741191,0.10504618,-0.93902456,0.00478167,-0.00509113,0.00459877
