0,1,2,3,4,5,6,7,8,9,10,11
0.97502506,0.08658426,-0.20452213,0.05979312,-0.98921235,-0.13372851,-0.21389465,0.11815963,-0.96968397,,,
0.97505554,0.0865353,-0.20439747,0.05975757,-0.98921389,-0.13373441,-0.21376557,0.11818418,-0.96970963,0.00307165,0.00288057,-0.0032649
0.97509237,0.08639281,-0.20428202,0.05964493,-0.98923153,-0.1336543,-0.21362898,0.1181409,-0.96974501,0.00132541,0.00151753,-0.00536982
0.97509237,0.08638446,-0.20428556,0.05965366,-0.98924193,-0.13357424,-0.21362655,0.11806084,-0.96975542,,,
0.975092375,0.0863760907,-0.204289074,0.0596623995,-0.989251864,-0.13349405,-0.213624092,0.117980652,-0.969765349,-0.00304976432,-5.6385994e-05,0.00628550816
0.97512282,0.08631878,-0.20416794,0.05963554,-0.98926384,-0.13341991,-0.21349258,0.11792513,-0.96980142,0.00315515,0.00224853,0.0076248
0.9752263,0.08611883,-0.20375773,0.05949706,-0.98928041,-0.13335734,-0.21305813,0.1179306,-0.96989608,0.00502015,0.00248265,-0.00215315
0.975244861,0.0859806234,-0.203727258,0.0593794903,-0.989299241,-0.133271397,-0.213005961,0.117875025,-0.969914489,0.00520588364,6.10351562e-05,0.00654162001
0.97524527,0.08585495,-0.20377826,0.05924833,-0.98930855,-0.1332595,-0.21304058,0.11788717,-0.96990524,-0.00252305,0.00157368,0.00588984
0.97523344,0.08577402,-0.20386894,0.05915765,-0.98931557,-0.13324767,-0.21311992,0.11788718,-0.96988782,,,
0.97519786,0.08553955,-0.20413749,0.05887687,-0.9893263,-0.13329221,-0.21336037,0.1179673,-0.96982519,,,
0.975180326,0.085300863,-0.204321054,0.0586009553,-0.989335934,-0.133342661,-0.213516412,0.11805973,-0.96977965,-0.00399885606,-0.00601476431,0.000668085529
0.975180619,0.0851835805,-0.204368585,0.0584610732,-0.989335094,-0.133410899,-0.213553422,0.118152117,-0.969760335,0.00789212342,-0.00019544363,-0.00154311443
0.97518115,0.08493226,-0.20447063,0.05819876,-0.98935376,-0.13338698,-0.21362264,0.11817654,-0.96974209,,,
0.97513297,0.08473417,-0.20478232,0.05796718,-0.98937208,-0.13335096,-0.21390532,0.11816426,-0.96968114,,,
0.97507862,0.08449561,-0.20513938,0.05769028,-0.98939396,-0.13330884,-0.21422769,0.11815205,-0.96961147,0.00257652,0.0041194,-0.00806281
0.975030149,0.0842974954,-0.20545104,0.0574587378,-0.989412007,-0.133272535,-0.214510352,0.11813978,-0.969550155,0.00574005581,-0.000587165356,-0.000269774348
0.975018037,0.0842165479,-0.205541702,0.0573680624,-0.989418935,-0.13326044,-0.214589663,0.118139801,-0.96953264,0.00521547534,-0.000340163708,0.00374188414
0.97503026,0.08416345,-0.20550551,0.05733637,-0.98943202,-0.13318044,-0.21454264,0.11807202,-0.96955179,,,
0.97504247,0.08411032,-0.2054693,0.05730466,-0.98944464,-0.13310025,-0.21449558,0.11800405,-0.96957046,-0.00227727,0.00642085,-0.00180839
0.97506689,0.08401249,-0.20539341,0.05723249,-0.98945947,-0.13302006,-0.21440381,0.11794827,-0.96959741,,,
0.97509736,0.08394674,-0.2052756,0.0572144,-0.98948125,-0.13286585,-0.21427002,0.11781242,-0.96964352,,,
0.9751035,0.08385314,-0.20528469,0.05713736,-0.98949709,-0.13277955,-0.21426263,0.11774438,-0.96965322,,,
0.97507918,0.08380848,-0.20541844,0.05709596,-0.98951196,-0.13268733,-0.21438435,0.11765208,-0.96963763,-0.00105269,0.00687134,0.00231182
0.97504267,0.08367443,-0.20564625,0.05697271,-0.98954394,-0.13250279,-0.21458308,0.11747965,-0.96961472,,,
0.97505487,0.08361291,-0.20561342,0.05694978,-0.98956671,-0.13234248,-0.21453373,0.11733154,-0.96964358,,,
0.975079267,0.0835234787,-0.20553405,0.0568687914,-0.989571133,-0.132342348,-0.2144443,0.117355805,-0.96966017,-5.17308945e-05,5.79357147e-05,0.00518551329
0.97511583,0.08338097,-0.20541843,0.05675608,-0.98958842,-0.13226223,-0.21430787,0.11731225,-0.9696957,,,
0.975085365,0.0831784947,-0.205645005,0.0565295052,-0.989605493,-0.132231789,-0.214506282,0.117312271,-0.96965187,0.00776918279,-0.00520664454,-0.000427710125
0.97503656,0.08310591,-0.20590561,0.05642925,-0.98961451,-0.13220736,-0.21475441,0.11728791,-0.96959992,,,
0.97492036,0.082956458,-0.206515158,0.0562327984,-0.989643522,-0.132071865,-0.215332665,0.117146623,-0.969488486,0.000468835235,0.0019800663,-0.00575245684
0.97484057,0.08280703,-0.20695133,0.05603717,-0.98966069,-0.13202889,-0.21574451,0.11711015,-0.96940167,-0.00279212,0.00277495,0.008393
0.97482203,0.08270245,-0.20708046,0.05588361,-0.98965023,-0.13217056,-0.2158681,0.11727037,-0.96935455,,,
0.97482168,0.08246802,-0.20717558,0.05560371,-0.98964807,-0.13230619,-0.21594194,0.11745522,-0.96931592,0.00389733,-0.00405538,0.003185
0.97484589,0.08226988,-0.20714045,0.05537394,-0.98964122,-0.13245412,-0.2158917,0.11765217,-0.96930328,0.00246061,-0.00124019,0.00424252
0.974858083,0.0822336521,-0.20709743,0.055324619,-0.989633202,-0.132534238,-0.215849266,0.117744486,-0.969301471,0.00444361474,0.000792264938,-0.00608131848
0.97482698,0.08203118,-0.20732398,0.05509807,-0.98964993,-0.1325031,-0.21604757,0.11774444,-0.96925721,,,
0.97480828,0.08190121,-0.20746326,0.05497099,-0.98967024,-0.13240426,-0.2161643,0.11766431,-0.96924094,-0.00843193,0.00239599,0.00284152
0.97471502,0.08155364,-0.20803757,0.05454477,-0.98969235,-0.13241556,-0.21669217,0.11772008,-0.96911632,,,
0.97464654,0.08135956,-0.20843401,0.05430866,-0.9897113,-0.13237154,-0.21705918,0.1176957,-0.96903723,,,
0.97463392,0.08127002,-0.20852793,0.05422694,-0.98972817,-0.13227877,-0.21713625,0.11761554,-0.96902968,,,
0.97460863,0.08110801,-0.20870912,0.05404576,-0.98974136,-0.13225342,-0.21729488,0.11761549,-0.96899402,,,
0.97460818,0.08097376,-0.20876337,0.05392357,-0.98976032,-0.13216056,-0.21732727,0.11754749,-0.9689949,,,
0.97460184,0.08092473,-0.20881197,0.05388716,-0.98977409,-0.13207419,-0.21736473,0.11746747,-0.96899645,,,
0.97459501,0.08074138,-0.20891478,0.05372857,-0.98980635,-0.13189469,-0.21743458,0.11731921,-0.96899845,,,
0.97458814,0.08056661,-0.2090143,0.0535611,-0.9898287,-0.13179547,-0.2175067,0.11725127,-0.96899054,0.00290761,0.00345314,0.00417861
0.97459397,0.08047285,-0.20902322,0.05348421,-0.9898443,-0.1317089,-0.21749948,0.11718326,-0.96900031,,,
0.97456848,0.08029365,-0.20921092,0.0533209,-0.98987789,-0.13152304,-0.21765377,0.11702289,-0.96898512,,,
0.974598667,0.0801105206,-0.209140488,0.0531629724,-0.989898093,-0.131436467,-0.217557205,0.116979276,-0.969012276,-0.00275638513,-0.0049341321,-0.00055048865
0.97460446,0.08002529,-0.20914608,0.05307716,-0.98990329,-0.13143006,-0.21755217,0.11699145,-0.96901168,,,
0.97465955,0.07987854,-0.20894542,0.05296924,-0.98991931,-0.13135638,-0.21733161,0.11696007,-0.96906542,,,
0.97475162,0.07972342,-0.20857482,0.05287081,-0.98993237,-0.13129529,-0.21694229,0.11695278,-0.96915322,,,
0.97484928,0.07947457,-0.20821302,0.05269544,-0.98996118,-0.13114759,-0.21654575,0.11687725,-0.96925089,0.00533165,0.0015161,-0.00499942
0.97487987,0.07940015,-0.20809815,0.05268625,-0.98999258,-0.13091329,-0.21641022,0.11666082,-0.96930713,,,
0.97487351,0.0793425933,-0.208149933,0.0526587004,-0.990016472,-0.130746594,-0.216445612,0.116500487,-0.969318914,-0.0042119273,0.00049829483,0.00322651071
0.974898346,0.0793533896,-0.208029444,0.0527352783,-0.990042202,-0.130518452,-0.216315049,0.116271731,-0.969375224,0.000932838535,0.00459575653,0.00568797858
0.97497215,0.07931982,-0.20769611,0.05277186,-0.99005825,-0.13038351,-0.21597323,0.11615978,-0.96946508,,,
0.97499058,0.07930719,-0.20761438,0.05278543,-0.99006725,-0.13030961,-0.21588669,0.11609163,-0.96949251,0.00370911,0.00150561,0.0059778
0.975051579,0.0792010495,-0.207368298,0.0527226184,-0.990079387,-0.130241989,-0.215626396,0.116059657,-0.969554155,0.00372790871,-0.000624418259,0.00463295449
0.97511251,0.07909491,-0.20712217,0.05265978,-0.99009159,-0.13017439,-0.21536607,0.11602767,-0.96961581,,,
0.975167626,0.079074014,-0.206870487,0.0526827408,-0.990098425,-0.130113102,-0.215110731,0.115983579,-0.969677765,-0.00333973439,0.000898599625,0.00519875996
0.97525877,0.07892754,-0.20649643,0.05257527,-0.99010171,-0.13013206,-0.21472349,0.11605583,-0.96975501,0.00980991,-0.00500363,-0.00593285
0.975307424,0.0788745641,-0.206286774,0.0525441635,-0.990101796,-0.130144706,-0.214510001,0.116091932,-0.969798031,0.00287963497,0.00899338722,-0.000875134021
0.97533774,0.07881727,-0.2061653,0.05251712,-0.99011289,-0.13007071,-0.21437875,0.11603567,-0.96983372,-0.00131014,-0.00272059,0.00402968
0.97540516,0.07887749,-0.20582303,0.05263059,-0.9901133,-0.13002188,-0.21404392,0.11599143,-0.96991298,,,
0.97539888,0.07881164,-0.20587797,0.05261163,-0.99014655,-0.12977474,-0.21407716,0.11575056,-0.96993425,0.00730361,0.00127864,-0.00418843
0.975368605,0.0788520334,-0.206005915,0.0526562501,-0.990155523,-0.12968819,-0.214204107,0.115646289,-0.96991866,-0.000670964364,-0.00317013264,0.00514347479
0.97531428,0.07898177,-0.20621333,0.05278198,-0.99016034,-0.12960167,-0.21442042,0.11551801,-0.96988634,-0.00344316,0.00179386,0.00899679
0.97532629,0.07892863,-0.20617684,0.05275023,-0.99017248,-0.12952124,-0.21437358,0.1154496,-0.96990476,0.00533979,-0.00739354,0.00242594
0.9753566,0.07887983,-0.2060521,0.05271436,-0.99017341,-0.12952756,-0.21424447,0.11547366,-0.96993027,0.00282181,-0.00504541,-0.00836658
0.97533831,0.07886706,-0.20614355,0.05272721,-0.99019454,-0.12936072,-0.21432456,0.11530109,-0.96993311,0.00147711,0.00995088,-0.00281616
0.97531428,0.0789479772,-0.206226271,0.052817122,-0.990200547,-0.129280474,-0.214411775,0.115196815,-0.969926541,-0.00848467369,-0.00034058094,0.00880843494
0.97531428,0.0789479772,-0.206226271,0.052817122,-0.990200547,-0.129280474,-0.214411775,0.115196815,-0.969926541,-0.000613748096,-0.00194621086,0.0111249313
0.97533831,0.0788586276,-0.2061468,0.0527359848,-0.99020495,-0.129280515,-0.214322426,0.115220886,-0.969943514,0.00632938836,-0.00686711073,9.14139673e-06
0.97539888,0.07876948,-0.20589412,0.05265548,-0.99019692,-0.12937327,-0.21406639,0.11534909,-0.96998462,0.00584293,0.00698245,-0.0030433
0.97541715,0.07876536,-0.20580913,0.05266017,-0.99019568,-0.12937957,-0.21398198,0.11536111,-0.97000165,-0.00225319,0.00851274,-0.00400188
0.97544168,0.07879336,-0.20568211,0.05271887,-0.9902014,-0.12931182,-0.21385567,0.11529281,-0.97003761,,,
0.97539316,0.07883784,-0.20589506,0.05275883,-0.99021159,-0.12921897,-0.21406702,0.11517652,-0.970005,0.00641141,-0.00908411,-0.00348854
0.975368605,0.0788013963,-0.206025297,0.0527089024,-0.990215827,-0.129206388,-0.214191164,0.115164486,-0.969978964,0.0105586499,-0.000425696373,0.0057920618
0.97533202,0.07880116,-0.20619848,0.0527083,-0.99022781,-0.12911356,-0.21435782,0.11506021,-0.96995437,-0.00508957,0.00345564,0.00500015
0.97533831,0.07884173,-0.20615325,0.05275355,-0.99022482,-0.12911985,-0.21431809,0.11506022,-0.96996338,-0.01016393,0.00837004,0.00997924
0.97536861,0.07879296,-0.20602852,0.05271767,-0.99022576,-0.12912617,-0.214189,0.11508427,-0.9699889,-0.00275147,0.00181806,0.00671669
0.975465646,0.0786871634,-0.205609093,0.0526552646,-0.990225725,-0.129151218,-0.213761998,0.115156174,-0.970074465,0.0106309038,-0.00239771605,-0.000963185914
0.975489604,0.0786062196,-0.205526385,0.0525653809,-0.990220248,-0.129231516,-0.213674784,0.115260428,-0.970081524,0.000946327811,0.00737595558,0.0024098123
0.975489604,0.0786146437,-0.205523168,0.0525566258,-0.990210315,-0.129311853,-0.213676943,0.115340765,-0.970071592,-0.00255849701,0.004976511,0.000684799277
0.97546509,0.07857819,-0.20565341,0.05250668,-0.99021451,-0.12929926,-0.21380109,0.11532874,-0.97004556,0.00746294,-0.0024966,-0.0042837
0.97540971,0.07846475,-0.20595917,0.05236154,-0.9902264,-0.12926791,-0.21408915,0.11530483,-0.96998499,,,
0.975354849,0.0784770846,-0.206214108,0.0523474787,-0.990229236,-0.129248932,-0.214342373,0.115268782,-0.969932959,0.00476132846,-0.000455975533,0.00210158224
0.975409712,0.078473176,-0.205955935,0.0523527709,-0.990215996,-0.129348107,-0.214091275,0.115385034,-0.969974582,-0.000862954883,-0.00447660685,0.00886922143
0.97542169,0.07844537,-0.2059098,0.05229468,-0.99019835,-0.1295087,-0.2140509,0.1155576,-0.96996322,-0.00215048,0.00243568,0.00445332
0.97541478,0.07829588,-0.20599941,0.05210079,-0.9901899,-0.12965046,-0.21412965,0.11573024,-0.96992514,0.01025318,-0.00285101,0.00285427
0.97535926,0.07821628,-0.20629234,0.05192049,-0.99016146,-0.12993997,-0.21442616,0.11602736,-0.96982417,-0.0031642,0.00320244,0.00613037
0.97534028,0.07810309,-0.20642493,0.05177591,-0.99016102,-0.13000127,-0.21454743,0.11610763,-0.96978778,,,
0.97532126,0.07800681,-0.20655114,0.05161375,-0.99014026,-0.13022294,-0.21467291,0.11634833,-0.96973107,0.00207135,0.00788188,0.0047386
0.97528949,0.07783796,-0.20676474,0.05135223,-0.99011587,-0.13051216,-0.21487986,0.11666931,-0.96964676,0.00171606,-0.00289583,-0.00482927
0.97527039,0.0777333,-0.20689419,0.05119879,-0.99010533,-0.13065364,-0.21500315,0.11682989,-0.96960026,0.00847336,-0.00345945,-0.00138865
0.97516491,0.07758975,-0.20744452,0.05090937,-0.99007442,-0.13099706,-0.21554961,0.11718286,-0.96943586,,,
0.97508395,0.07746572,-0.207871,0.0506875,-0.99006014,-0.13119271,-0.21596775,0.11738744,-0.96931829,-0.00480958,0.0018872,0.00774539
0.97507751,0.0774422236,-0.20790995,0.0506245295,-0.990042879,-0.131346726,-0.216011579,0.117547894,-0.969289019,-0.00533797964,0.000244140625,0.00140557543
0.97506374,0.07726097,-0.20804193,0.05037634,-0.99002705,-0.13156155,-0.21613173,0.11780051,-0.9692316,0.01228438,-0.0082503,-0.01100875
0.97498245,0.0771286,-0.2084716,0.05016317,-0.99002273,-0.13167671,-0.21654766,0.11792488,-0.9691238,0.00149597,0.00415921,0.00424312
0.97492692,0.07714975,-0.20872327,0.05013999,-0.99001559,-0.1317373,-0.21680283,0.11796885,-0.96906114,-0.00747328,0.00964355,0.00766181
0.97490191,0.07713053,-0.20884717,0.05007218,-0.9899994,-0.13188462,-0.21693095,0.11811713,-0.96901439,-0.00708821,0.00812221,0.0109497
0.97496202,0.07693251,-0.2086395,0.04984304,-0.98997888,-0.13212504,-0.21671346,0.11841767,-0.96902635,0.0069163,-0.00240773,-0.00133272
0.97494252,0.07681955,-0.20877223,0.04969828,-0.98997827,-0.13218579,-0.21683443,0.11849792,-0.96898971,0.01061436,-0.00765365,-0.0059538
0.97488485,0.07661499,-0.20911639,0.04938619,-0.98995714,-0.13246071,-0.21716474,0.11880648,-0.96887794,-0.00538914,0.0016396,0.00668252
0.97480185,0.07639142,-0.20958458,0.04900611,-0.98991932,-0.13288244,-0.21762295,0.11926312,-0.96871883,-0.00939443,0.0085187,0.01331069
0.97481275,0.07623809,-0.20958971,0.04881672,-0.98990892,-0.13302948,-0.21761668,0.11944735,-0.96869752,-0.00329098,0.00274324,0.00880108
0.97480267,0.07586333,-0.2097725,0.0483336,-0.98988488,-0.13338381,-0.21776962,0.11988383,-0.96860917,0.01130579,-0.00797212,-0.00474009
0.97474974,0.07558247,-0.21011956,0.04792652,-0.98985795,-0.13373128,-0.21809628,0.12028423,-0.96848618,0.00371765,-0.00229692,-0.00250355
0.97471118,0.07549116,-0.21033117,0.04775893,-0.98983743,-0.13394501,-0.2183053,0.12051251,-0.96841099,,,
0.97470858,0.07527417,-0.21042096,0.04746102,-0.98981164,-0.13423854,-0.21838185,0.12085666,-0.96835048,,,
0.97473124,0.0750761,-0.21038675,0.04723116,-0.98980279,-0.13438517,-0.21833053,0.12105261,-0.96833762,0.00593086,-0.01145244,-0.00752323
0.97472989,0.074959,-0.21043476,0.04709109,-0.98980029,-0.1344519,-0.21836682,0.12114469,-0.96831783,0.00283209,0.00288129,-0.00647176
0.97470454,0.07493149,-0.21056194,0.04703197,-0.98979426,-0.13451856,-0.21849269,0.1212127,-0.96828113,-0.0024974,0.00647891,-0.0065241
0.974692547,0.0749762846,-0.210601503,0.0470724102,-0.989792246,-0.134518627,-0.218537467,0.121200782,-0.968272436,-0.0137732029,0.00682282448,-0.000536162406
0.974711222,0.0749633461,-0.210519653,0.0470862292,-0.989801466,-0.134445247,-0.218451172,0.121132713,-0.968300333,-0.000941725099,0.00396811962,0.00365373213
0.97478449,0.07481171,-0.21023419,0.04698354,-0.9898156,-0.13437856,-0.21814617,0.12111259,-0.96837181,0.01401207,-0.00180137,-0.00170487
0.974828421,0.0748263328,-0.210025151,0.0470564496,-0.98983095,-0.134238531,-0.217934014,0.120976496,-0.968436399,-0.000793059822,0.0056476593,0.00961593445
0.9748537,0.07486244,-0.2098949,0.04710665,-0.98982666,-0.13425179,-0.21781005,0.12098841,-0.96846269,-0.00835364,0.00315309,0.00885977
0.97494005,0.07479175,-0.20951873,0.04709461,-0.9898347,-0.13419828,-0.21742585,0.12096808,-0.96855177,0.00420037,0.00164461,-0.00282061
0.975006354,0.0746082383,-0.209275467,0.0469376482,-0.989841401,-0.134205,-0.217162307,0.12102783,-0.968603593,0.00927478354,-0.0038664937,-8.49547796e-05
0.97501828,0.07456344,-0.20923588,0.0468972,-0.98984324,-0.13420496,-0.21711751,0.12103971,-0.96861206,0.00925212,0.00312924,0.00774297
0.975005,0.07448253,-0.20932655,0.04680654,-0.98984927,-0.13419165,-0.21719669,0.12103967,-0.96859425,-0.00799096,-0.00674379,0.01442897
0.97510163,0.0742669445,-0.208952703,0.0465962972,-0.989835789,-0.134365104,-0.216807741,0.12128321,-0.968651057,0.000376981799,0.0036919117,0.00467981584
0.97515582,0.07412816,-0.20874899,0.04647983,-0.98984008,-0.1343717,-0.2165889,0.12133073,-0.96869377,,,
0.97518861,0.07376791,-0.20872341,0.04606968,-0.98983036,-0.13458527,-0.21652887,0.1216302,-0.96866975,0.00887251,0.00827622,-0.00304116
0.975123463,0.0735233346,-0.20911372,0.0457119366,-0.989810632,-0.134852005,-0.216897782,0.12193836,-0.968548462,-0.0059150015,6.73532486e-05,0.00401923992
0.97514051,0.07340181,-0.20907694,0.04557687,-0.98980704,-0.1349253,-0.21684959,0.12204205,-0.96854636,-0.00470881,-0.00654364,0.00184454
0.97528559,0.073132288,-0.208493837,0.0453362439,-0.989792361,-0.135111948,-0.216246704,0.122320407,-0.968645765,0.00618299935,-5.04255295e-05,-0.00820695609
0.97543838,0.07302875,-0.20781426,0.0452723,-0.9897672,-0.1353186,-0.21556991,0.12258673,-0.96876309,0.00625966,0.00998569,-0.01295967
0.97548185,0.07306031,-0.20759902,0.04532754,-0.98976183,-0.13533844,-0.2153615,0.12261023,-0.96880633,0.00375828,0.00863528,-0.0080628
0.97550687,0.07308784,-0.20747172,0.04538666,-0.98976828,-0.13527166,-0.21523568,0.12254198,-0.96884296,,,
0.97550171,0.07315615,-0.2074719,0.04549002,-0.98978435,-0.13511823,-0.21523724,0.12237017,-0.9688642,0.01152597,-0.00486094,0.00352231
0.97552671,0.07318373,-0.20734459,0.04554911,-0.98979129,-0.13505164,-0.2151114,0.12230212,-0.9689013,0.00643674,0.00573492,-0.00114209
0.97549797,0.07336714,-0.20741496,0.04570697,-0.98977185,-0.13513817,-0.21520822,0.1223467,-0.96887382,0.00124942,0.00738609,0.00714401
0.975425778,0.0735189569,-0.207700548,0.0458095757,-0.989758234,-0.135204959,-0.215513427,0.122367729,-0.968803571,-0.00610980764,0.000641584396,0.00981011242
0.97537711,0.07358961,-0.20790395,0.0458225,-0.98973739,-0.13535177,-0.21573081,0.12249234,-0.96873926,-0.00562934,0.00182676,0.01287208
0.97532032,0.07350268,-0.20820091,0.04565007,-0.98971708,-0.13555857,-0.21602392,0.12270864,-0.96864659,0.00847488,-0.00260127,0.00509356
0.97532551,0.07344291,-0.20819771,0.04553781,-0.98969036,-0.13579186,-0.21602421,0.1229604,-0.96861469,0.00302199,0.00230885,0.00736073
0.97534397,0.07346397,-0.2081038,0.04551632,-0.98965748,-0.13603835,-0.21594539,0.12321207,-0.96860027,-0.00664034,0.00685263,0.00532397
0.975411102,0.0734397035,-0.207797467,0.045455606,-0.98961327,-0.136378053,-0.215654736,0.123579106,-0.968618012,-0.000326116569,-0.00362819433,-0.00714867935
0.97541627,0.07339686,-0.20778834,0.04532582,-0.98956504,-0.13677107,-0.21565867,0.12399055,-0.96856461,0.00319695,0.00325978,-0.00256193
0.975409637,0.0733649374,-0.207830743,0.0452716233,-0.989557232,-0.136844263,-0.215700051,0.124070376,-0.968545004,0.00789065193,0.000375509262,-0.00115588168
0.97538456,0.0733545,-0.20795209,0.04519479,-0.98952957,-0.13707079,-0.21582953,0.12429838,-0.9684871,0.00775633,0.00220418,-0.00469964
0.97533585,0.07342535,-0.20815546,0.04520752,-0.98950855,-0.13721722,-0.21604689,0.12442268,-0.96842254,,,
0.97533585,0.07343385,-0.20815248,0.04519871,-0.98949815,-0.13729714,-0.21604875,0.1245026,-0.96841213,,,
0.975318865,0.0735809769,-0.208180094,0.0453072002,-0.989470028,-0.137463699,-0.216102682,0.124638882,-0.968382531,0.00120513758,-0.00081205368,-0.00581678934
0.97522644,0.07362053,-0.20859868,0.04526439,-0.98945441,-0.13759018,-0.21652835,0.12473949,-0.96827449,0.00620832,-0.00240672,-0.00828186
0.97519608,0.07366994,-0.20872312,0.04529974,-0.98945381,-0.13758356,-0.21665764,0.12471585,-0.96824871,0.00360656,-0.00150543,-0.00659047
0.97506781,0.07382706,-0.20926616,0.04539572,-0.98945374,-0.13755001,-0.21721415,0.12462079,-0.96813592,-0.00619975,0.00174737,-0.00514942
0.97498459,0.0741326,-0.20954572,0.04568723,-0.98945138,-0.13747011,-0.21752638,0.12445767,-0.96808675,-0.0028068,-0.00184953,-0.0052529
0.97495555,0.07429048,-0.20962492,0.04587152,-0.9894643,-0.13731713,-0.21761775,0.12426229,-0.96809152,,,
0.974897354,0.074606144,-0.209783393,0.046240171,-0.989489693,-0.137010803,-0.217800357,0.12387105,-0.968100684,0.00446497928,-0.000488579273,-0.00290748477
0.97480842,0.07497105,-0.21006639,0.0466443,-0.98951422,-0.13669796,-0.21811202,0.12345593,-0.96808377,-0.00376361,0.00713253,0.00567685
0.97479782,0.07511577,-0.21006388,0.04684256,-0.98953597,-0.13647147,-0.21811691,0.12319216,-0.96811612,-0.00707081,0.01125908,0.00209782
0.97485231,0.07552182,-0.20966505,0.04738119,-0.98955618,-0.13613818,-0.21775674,0.12278044,-0.96824945,0.0027425,-0.00640708,-0.00133944
0.97485067,0.07592411,-0.20952734,0.04792267,-0.98960063,-0.13562479,-0.21764557,0.12217281,-0.96835132,,,
0.97477323,0.07623532,-0.20977443,0.04829551,-0.98963611,-0.13523132,-0.2179098,0.12168871,-0.96835261,-0.01137807,0.00794172,0.00849778
0.974751493,0.0765419644,-0.209763809,0.0486742613,-0.989657861,-0.134937702,-0.217922794,0.121320629,-0.968396102,-0.000643288018,-0.00733864307,0.0106265647
0.97478983,0.07664181,-0.2095491,0.04883299,-0.98966808,-0.13480401,-0.21771571,0.12117267,-0.96846102,0.00693813,-0.00786459,0.00588032
0.97484773,0.07685449,-0.20920155,0.04913663,-0.98967981,-0.1346099,-0.21738789,0.1209447,-0.9685635,0.00509108,-0.00959212,0.00545995
0.9748804,0.07703962,-0.2089811,0.0493811,-0.98968448,-0.13448238,-0.21718589,0.12078451,-0.96862829,-0.00423331,0.009202,0.00932462
0.97491197,0.07710765,-0.20880865,0.04948554,-0.98968783,-0.1344219,-0.21702033,0.12071651,-0.96867423,-0.00454376,0.00489616,0.01116804
0.97498702,0.07721599,-0.20841783,0.04963624,-0.98967496,-0.13446089,-0.21664844,0.12075255,-0.96875295,0.00198304,0.00268173,0.00469648
0.97511727,0.07731979,-0.20776898,0.04979284,-0.98964825,-0.13459921,-0.2160254,0.12090461,-0.96887308,0.00843264,-0.00332075,0.00261354
0.975185457,0.0773961044,-0.20742026,0.0498894459,-0.989627967,-0.134711518,-0.215695073,0.12102063,-0.968932045,0.000250575133,0.00570368767,0.00703967782
0.975407558,0.0775951048,-0.206298549,0.0502108181,-0.989597755,-0.13481404,-0.214613526,0.121140213,-0.969157239,-0.00873378944,0.000270366669,0.00868865754
0.97560936,0.07769779,-0.20530325,0.05037009,-0.98954555,-0.13513664,-0.2136568,0.12149943,-0.96932354,0.00164758,-0.00565559,-0.00888597
0.975645806,0.0776973799,-0.205130129,0.0503712813,-0.989532752,-0.135229261,-0.213490015,0.121603192,-0.969347188,0.0123872552,0.000662922859,-0.00534568867
0.975688539,0.0777457505,-0.204908448,0.0504091405,-0.989506622,-0.135408369,-0.213285706,0.121787135,-0.969369365,6.77332282e-05,0.0103898048,-0.00625939155
0.97569557,0.07791181,-0.20481189,0.05058572,-0.98949505,-0.13542718,-0.21321174,0.12177514,-0.96938715,,,
0.97575639,0.077939,-0.20451157,0.050646,-0.98948865,-0.13545242,-0.21291888,0.12181087,-0.96944717,0.00641546,0.00112653,0.00133249
0.97593269,0.07808908,-0.20361108,0.05093009,-0.98948467,-0.13537382,-0.21204127,0.12174581,-0.96964752,,,
0.9760721,0.07824803,-0.2028805,0.0512042,-0.98948303,-0.13528215,-0.21133239,0.1216568,-0.9698134,,,
0.97609067,0.07836927,-0.20274434,0.05134039,-0.9894735,-0.13530064,-0.21121357,0.12165671,-0.96983936,-0.00765296,0.00814641,0.00587975
0.97613953,0.07856692,-0.20243235,0.05157236,-0.98945639,-0.13533768,-0.21093106,0.12166855,-0.96989937,-0.00131041,-0.00347751,0.00615273
0.97618164,0.07858196,-0.20222335,0.05164493,-0.98947199,-0.13519612,-0.21071831,0.12153216,-0.96996275,0.00475289,0.00401616,-0.00424033
0.97617597,0.07865894,-0.20222079,0.05173933,-0.98947719,-0.13512226,-0.21072142,0.12144034,-0.96997362,-0.00124592,0.00585508,-0.00583553
0.97617029,0.07873593,-0.20221822,0.05183378,-0.98948216,-0.13504822,-0.2107245,0.12134833,-0.96998426,-0.01116918,0.00158072,0.00993833
0.97626047,0.0788148,-0.20175164,0.05201562,-0.98949957,-0.13485105,-0.21026144,0.12115551,-0.97010891,0.00380075,0.00142789,-0.00472697
0.97631421,0.07879333,-0.20149979,0.05203912,-0.98950661,-0.13478927,-0.21000591,0.1211108,-0.97016969,0.00834575,-0.00336081,-0.00426822
0.976356103,0.0788002648,-0.201293998,0.0521201488,-0.989532583,-0.13456743,-0.209790957,0.120894257,-0.970243254,0.000900181476,-0.000415086746,-0.00545325782
0.97639224,0.07889251,-0.20108249,0.05228696,-0.98955317,-0.13435162,-0.20958117,0.12066588,-0.97031708,-0.01021189,0.01358962,0.00857278
0.97644009,0.07894817,-0.2008281,0.05240474,-0.98956536,-0.13421575,-0.20932865,0.12052929,-0.97038854,-0.00466201,0.01136482,0.00625668
0.97654734,0.07900659,-0.20028291,0.05260833,-0.98960232,-0.13386358,-0.20877655,0.12018757,-0.97054992,-0.00154864,-0.00492793,-0.00174484
0.976666,0.07902038,-0.19969802,0.05277126,-0.98964114,-0.13351127,-0.20817953,0.1198576,-0.97071885,0.00577867,-0.00439,0.00150892
0.97672519,0.0790314,-0.19940395,0.05284841,-0.98965525,-0.13337494,-0.20788204,0.11973248,-0.97079788,,,
0.97683158,0.0790984,-0.19885547,0.05304307,-0.98968193,-0.13310225,-0.20733183,0.11947058,-0.97094819,-0.00216503,0.0036391,0.00515239
0.97693171,0.07912508,-0.19835235,0.05319223,-0.98971136,-0.13282328,-0.20682123,0.11920847,-0.97108925,,,
0.97698455,0.0790958,-0.1981036,0.05322385,-0.98972854,-0.13268063,-0.20656332,0.11908309,-0.97115927,0.00385907,-0.00412154,0.00307657
0.97701974,0.07906283,-0.19794314,0.05325898,-0.98975722,-0.13245194,-0.20638774,0.11886591,-0.97122314,0.00741744,0.0058763,-0.00134294
0.97690815,0.07903214,-0.19850541,0.05320119,-0.98978771,-0.13225013,-0.20693021,0.1186355,-0.97113628,-0.00303735,0.00108755,0.00938734
0.97687286,0.07903267,-0.19867877,0.0531999,-0.98979982,-0.13215803,-0.20709705,0.1185319,-0.9711131,-0.00322404,0.00274289,0.00727585
0.976890508,0.0790121077,-0.198600163,0.053221701,-0.989819542,-0.132003647,-0.207008184,0.118383273,-0.971150477,0.0106142443,0.00337791443,-0.000333134085
0.97690815,0.07898342,-0.19852478,0.05325196,-0.98984874,-0.13176889,-0.20691712,0.11815427,-0.97119732,0.00526528,0.00345254,-0.00288708
0.97691408,0.0790158,-0.19848268,0.05330577,-0.98985601,-0.13169466,-0.20687524,0.1180741,-0.97121628,0.00128047,0.00184572,-0.00466547
0.97687899,0.07914205,-0.1986051,0.0534357,-0.98985976,-0.1316145,-0.20700742,0.11795884,-0.97120221,,,
0.976778954,0.0792082771,-0.199070146,0.0534519462,-0.989862758,-0.131584722,-0.20747473,0.1178885,-0.971110945,0.00775969774,-9.3460083e-05,-0.00572735677
0.97668446,0.0791892,-0.19954079,0.05338236,-0.98987119,-0.13154899,-0.20793696,0.11782989,-0.97101912,0.00863888,-0.0036431,-0.00276393
0.97650708,0.0793495241,-0.200343639,0.0534736978,-0.98988332,-0.131420846,-0.208745022,0.117620271,-0.970871181,0.00502710743,-0.00068384409,0.0153755331
0.9764481,0.07956511,-0.20054549,0.05368474,-0.98988241,-0.13134056,-0.20896662,0.11748101,-0.97084023,0.00312616,-0.00205135,0.00737873
0.976460113,0.0796461059,-0.200454835,0.053775402,-0.989875957,-0.131352486,-0.208887169,0.117480923,-0.970857387,0.00367782544,-0.0042334199,-0.000247957883
0.97644249,0.07977613,-0.20048896,0.05390174,-0.98986831,-0.13135849,-0.20893697,0.11745731,-0.97084954,0.00578457,0.00106478,0.00454785
0.97632968,0.07990336,-0.2009871,0.05394149,-0.98984899,-0.13148897,-0.20945328,0.11753504,-0.97072905,0.0023545,0.00663447,-0.00130323
0.97626423,0.07997735,-0.2012754,0.05395034,-0.98982969,-0.13163137,-0.20975587,0.11764812,-0.97065013,-0.00150859,-0.00206006,0.00587095
0.97616306,0.08019386,-0.20167953,0.05407205,-0.98979336,-0.13185381,-0.21019491,0.1178056,-0.97053596,,,
0.97614533,0.08034863,-0.20170375,0.05417257,-0.98975502,-0.13210042,-0.21025136,0.1180224,-0.97049743,0.01006653,-0.00876248,-0.00754898
0.97613947,0.08044211,-0.2016948,0.05424978,-0.98973894,-0.13218662,-0.21025862,0.11809068,-0.9704872,0.00949815,-0.00426692,-0.0072154
0.97604407,0.08068272,-0.20206008,0.0544339,-0.98971986,-0.13225479,-0.21065357,0.11808759,-0.97040207,-0.00413063,0.00943542,-0.00647911
0.975918535,0.0809640243,-0.202553296,0.0546622617,-0.989709708,-0.132236669,-0.211175397,0.117980194,-0.970301723,-0.00426320918,0.00671410561,0.000363190775
0.97584662,0.08111509,-0.20283911,0.05476539,-0.98969495,-0.13230475,-0.21148077,0.11800058,-0.97023277,,,
0.97569641,0.0813683957,-0.20345932,0.0549349422,-0.989678769,-0.132354519,-0.212128883,0.117960801,-0.970095987,0.00501194783,0.00141954422,0.000353180803
0.975606061,0.0815237069,-0.203830069,0.0550331872,-0.989665147,-0.1324165,-0.212518612,0.117968921,-0.970009824,-0.005269791,0.000465035439,0.00689982157
0.975569954,0.081657909,-0.203949127,0.0551546502,-0.98965828,-0.132416442,-0.212652828,0.117932759,-0.969984692,0.000899437582,-0.00623238087,0.0104968408
0.975527731,0.0817599799,-0.204110137,0.0552220835,-0.989644648,-0.132490536,-0.212828954,0.117976804,-0.969940752,-0.00291523291,-0.000616550446,0.00786969345
0.975467165,0.0817573123,-0.204400459,0.0551360795,-0.989620462,-0.132706575,-0.213128644,0.118181065,-0.969850041,0.000939681428,0.00872087479,0.00243746466
0.97541263,0.08177845,-0.20465212,0.05511281,-0.98961352,-0.13276841,-0.21338412,0.11822503,-0.96978856,-0.00155469,0.00288689,0.00542381
0.97537623,0.08182046,-0.20480872,0.05506815,-0.98957448,-0.13307682,-0.21356194,0.11852153,-0.96971313,-0.0021902,0.00155044,0.0114561
0.97537011,0.08181351,-0.20484068,0.05498787,-0.98953676,-0.13339125,-0.2136106,0.11884208,-0.96966333,0.003968,0.00125444,0.00595062
0.97540633,0.08173783,-0.20469834,0.05480538,-0.98947115,-0.13395182,-0.21349205,0.11943888,-0.9696161,0.00548913,-0.00131667,-0.00690089
0.97536378,0.08173951,-0.20490031,0.05471528,-0.9894351,-0.13425384,-0.21370944,0.11973515,-0.96953155,,,
0.97535764,0.08171583,-0.20493899,0.05465245,-0.98941772,-0.13440786,-0.21375354,0.11989532,-0.9695021,0.00357771,-0.00345093,-0.00113057
0.975375857,0.0817366105,-0.204843985,0.0546311728,-0.989385319,-0.134654131,-0.213675845,0.12014752,-0.969487916,0.00460620224,-0.000385463238,0.00257267663
0.975442713,0.0818295474,-0.204488237,0.0547105555,-0.98934421,-0.13492501,-0.213350109,0.120423953,-0.969525539,0.00830543507,-0.000102758408,-0.00627657725
0.97547312,0.08191439,-0.20430914,0.05479752,-0.98932606,-0.13502344,-0.2131887,0.1205161,-0.96954969,0.00266327,-0.00326318,-0.01023638
0.97551568,0.08208841,-0.2040359,0.0549666,-0.98929051,-0.13521399,-0.2129503,0.12068821,-0.96958052,,,
0.97554001,0.08225843,-0.20385102,0.05513943,-0.98926653,-0.13531842,-0.2127941,0.1207683,-0.96960476,,,
0.97555216,0.08234759,-0.20375687,0.05522152,-0.98924935,-0.13541059,-0.21271712,0.12084833,-0.96961169,,,
0.9756186,0.08242358,-0.20340771,0.05531855,-0.98922893,-0.13552085,-0.21238692,0.12096444,-0.9696697,,,
0.975709,0.08253556,-0.20292811,0.05546601,-0.98920378,-0.13564317,-0.21193268,0.12109265,-0.96975295,,,
0.97575712,0.08261584,-0.2026639,0.05555815,-0.98918418,-0.13574716,-0.21168686,0.12119663,-0.96979348,,,
0.9758591,0.08280026,-0.20209682,0.05580518,-0.98916314,-0.13580112,-0.2111511,0.12124471,-0.96990454,,,
0.97596667,0.08301678,-0.20148764,0.05610626,-0.9891486,-0.13578062,-0.21057337,0.12121264,-0.97003381,0.00625383,0.00147343,-0.00498729
0.97600844,0.08304837,-0.20127218,0.05616168,-0.98914352,-0.13579858,-0.2103649,0.12123678,-0.97007657,0.00440066,0.00125217,-0.00851254
0.97604394,0.08327433,-0.20100651,0.05645131,-0.98914374,-0.13567395,-0.21012254,0.12107665,-0.97014869,0.00158351,0.00623918,-0.00165412
0.97610914,0.08344294,-0.2006196,0.05671409,-0.98915625,-0.13547508,-0.20974856,0.12086051,-0.97025685,-0.00547649,-0.00330561,0.00534428
0.97613873,0.08351117,-0.20044715,0.05681848,-0.98915887,-0.1354127,-0.20958253,0.12079248,-0.97030127,,,
0.97614435,0.08366081,-0.20035739,0.05701222,-0.98916705,-0.13527011,-0.20950375,0.12062034,-0.97033951,0.00641567,0.00531113,-0.00417778
0.97609641,0.08381547,-0.20052624,0.05719957,-0.98918901,-0.13502995,-0.20967597,0.12033223,-0.97033805,-0.00389187,-0.00191921,-0.00268612
0.97606627,0.08398208,-0.20060321,0.0573748,-0.98918889,-0.13495569,-0.20976837,0.12021613,-0.97033236,-0.002073,-0.00430125,0.00276555
0.97607764,0.08416398,-0.20047159,0.0576225,-0.98920421,-0.13473896,-0.20964752,0.11996402,-0.97038985,0.00277252,-0.002931,0.00565049
0.976130416,0.0843776108,-0.200124523,0.0579255159,-0.989213543,-0.134539384,-0.209318037,0.119735668,-0.970489041,0.00676082866,0.000926494598,0.00656415429
0.97614784,0.08448255,-0.19999525,0.0580788,-0.98922419,-0.13439664,-0.2091943,0.11957551,-0.9705357,,,
0.97616479,0.0846968,-0.19982181,0.05838035,-0.98924584,-0.13410512,-0.2090312,0.11924303,-0.97061158,,,
0.976158093,0.0848831783,-0.199775417,0.0586230018,-0.989261541,-0.133882161,-0.208994533,0.118978719,-0.970651761,0.00432093721,-0.00347357988,-0.000171578256
0.97613983,0.08499682,-0.19981636,0.05876635,-0.98927422,-0.13372773,-0.2090396,0.11879448,-0.97066492,,,
0.97618011,0.0852473,-0.19951265,0.05911814,-0.989291,-0.13344737,-0.20875211,0.11847385,-0.97076585,0.004489,-0.0013597,0.00702787
0.97622591,0.08554647,-0.19916016,0.0595067,-0.9892938,-0.13325268,-0.20842725,0.11823335,-0.97086482,-0.00286242,0.00321865,-0.00534224
0.97626074,0.08564727,-0.19894599,0.05966475,-0.98930295,-0.13311527,-0.20821882,0.11808515,-0.97092775,,,
0.97632953,0.08598273,-0.19846313,0.0601035,-0.98930095,-0.13293148,-0.20776962,0.1178566,-0.97105159,,,
0.97637468,0.0862659,-0.19811784,0.06050887,-0.98932422,-0.1325757,-0.20743954,0.11745567,-0.97117098,0.003594,0.00227928,-0.00421737
0.97637954,0.08641585,-0.19802854,0.06070239,-0.98933165,-0.13243223,-0.20736012,0.11728332,-0.97120883,,,
0.976330631,0.0866961539,-0.198147099,0.0610209138,-0.989342503,-0.132202856,-0.207496853,0.11698258,-0.971215666,0.000344355241,-0.00386339426,0.00407550996
0.97627601,0.08693595,-0.19831109,0.06129415,-0.989357,-0.13196784,-0.20767324,0.11668172,-0.97121416,,,
0.9762575,0.08705777,-0.19834881,0.06142898,-0.98935873,-0.13189319,-0.20772045,0.11657735,-0.97121675,-0.00482015,0.00697136,0.00634284
0.976244565,0.0872200548,-0.198341158,0.0616091306,-0.989356839,-0.131824223,-0.20772787,0.116473055,-0.971227791,-8.5431675e-05,-0.00733447075,0.00155071553
0.97625575,0.0872929,-0.19825405,0.06170832,-0.98935976,-0.13175507,-0.20764585,0.11639272,-0.97125485,,,
0.97628456,0.08736154,-0.19808184,0.06181237,-0.98936159,-0.13169152,-0.20747936,0.11632449,-0.97129847,0.00159958,0.00410318,-0.00272586
0.97630777,0.08739782,-0.19795141,0.06186257,-0.98935713,-0.13170276,-0.20735516,0.11633664,-0.97132371,,,
0.97623627,0.08752417,-0.198248,0.06199132,-0.98937182,-0.1315311,-0.20765314,0.11611577,-0.97128639,,,
0.97624184,0.08754842,-0.19820983,0.06205365,-0.9893883,-0.13137608,-0.2076083,0.11595519,-0.97131495,,,
0.976164653,0.0876342114,-0.198551787,0.0621371645,-0.989406704,-0.131198919,-0.207946002,0.115734301,-0.971269192,0.00082675647,0.00216567516,0.00768053299
0.97611716,0.08767916,-0.19876532,0.06217653,-0.98941641,-0.13110752,-0.20815707,0.11561776,-0.97123792,,,
0.97611716,0.08767103,-0.19876891,0.06218504,-0.98942658,-0.1310273,-0.20815453,0.11553754,-0.97124809,,,
0.97606402,0.08767543,-0.19902776,0.06217913,-0.98943974,-0.13093022,-0.20840534,0.1154209,-0.97120812,0.00332093,-0.00226176,0.0061032
0.97600429,0.08776497,-0.19928104,0.06225907,-0.98944659,-0.13083862,-0.20866105,0.115292,-0.97116828,,,
0.97598654,0.08776098,-0.19936971,0.06226281,-0.98945772,-0.13075274,-0.20874294,0.1151996,-0.97116166,0.00395931,-0.00151682,0.00466135
0.97598092,0.08772047,-0.19941503,0.06221749,-0.9894614,-0.13074717,-0.2087827,0.11519964,-0.97115319,,,
0.97601081,0.08767162,-0.19929018,0.06218177,-0.98946291,-0.13075279,-0.20865358,0.11522392,-0.97117808,,,
0.97603417,0.08769982,-0.19916338,0.06224044,-0.9894687,-0.13068375,-0.20852683,0.11515579,-0.97121374,,,
0.976092934,0.0877115441,-0.198869981,0.0623172068,-0.989481888,-0.130545591,-0.208228601,0.115031607,-0.971292218,0.00266033458,0.000522613525,-0.011449188
