0,1,2,3,4,5,6,7,8,9,10,11
0.57950194,-0.75513975,-0.30649865,-0.43181501,-0.60346281,0.67034938,-0.69116804,-0.25611803,-0.67578853,,,
0.57956742,-0.7550255,-0.30665626,-0.43177528,-0.60364486,0.67021107,-0.69113796,-0.2560259,-0.67585423,-0.00337037,-0.00160176,-0.00450659
0.57955777,-0.75509572,-0.30650167,-0.43181836,-0.60351532,0.67030014,-0.69111918,-0.25612462,-0.6758362,-0.00413681,-0.00295228,-0.00585078
0.579426816,-0.75535955,-0.306098944,-0.431817901,-0.603043971,0.670724573,-0.691229277,-0.256456824,-0.675597643,-0.00720476452,-0.00635063648,0.000172772212
0.579361353,-0.755520764,-0.305824733,-0.431750965,-0.602718649,0.67105977,-0.691325897,-0.256745957,-0.675388698,-0.00410237582,-0.0114484429,9.8579796e-05
0.57939767,-0.75566385,-0.30540205,-0.43173401,-0.60236833,0.67138506,-0.69130602,-0.25714646,-0.67525657,0.0033999,-0.01825285,-0.00228307
0.57952385,-0.75545906,-0.30566933,-0.43170284,-0.60270386,0.67110417,-0.69121978,-0.25696257,-0.6754151,0.00260129,-0.00601864,-0.00522758
0.57959416,-0.75529814,-0.30593345,-0.43166821,-0.60298652,0.67087231,-0.69118241,-0.25677191,-0.67552564,-0.00290762,-0.00818616,-0.00972799
0.57961835,-0.75506382,-0.30646559,-0.43169362,-0.60348952,0.67040352,-0.69114626,-0.25627893,-0.67574982,-0.00886001,-0.00712883,-0.00964203
0.57947029,-0.75502015,-0.30685295,-0.43167731,-0.60369887,0.67022552,-0.69128059,-0.2559143,-0.67575061,-0.01089904,-0.0054127,-0.00341874
0.57930298,-0.75515221,-0.30684377,-0.43166716,-0.6035417,0.67037342,-0.69142709,-0.2558949,-0.67560788,-0.00320869,-0.00134438,-0.00562739
0.57906541,-0.75539811,-0.30668693,-0.43179812,-0.60324493,0.67055623,-0.69154433,-0.25586904,-0.67549772,0.00279217,-0.00882387,-0.00290184
0.57900479,-0.75546543,-0.30663565,-0.43184287,-0.60316351,0.6706008,-0.69156718,-0.25586265,-0.67547692,0.0080237,-0.01046908,0.00275039
0.57884697,-0.75545636,-0.30695584,-0.43194969,-0.60335043,0.67036392,-0.6916326,-0.25544865,-0.67556672,0.00083915,-0.00936431,-0.0012516
0.5788008,-0.75537088,-0.30725303,-0.43203666,-0.60360607,0.6700775,-0.69161688,-0.2550968,-0.67571557,,,
0.57879599,-0.75538231,-0.307234,-0.4321115,-0.60361262,0.67002335,-0.69157416,-0.25504746,-0.67577792,-0.00530703,0.00076246,-0.000767
0.578720884,-0.755554998,-0.306950852,-0.432220751,-0.603336829,0.670201502,-0.691568798,-0.255189099,-0.67573019,-0.00583750708,-0.00184100866,-0.000172304921
0.578509799,-0.755955358,-0.306362238,-0.432510666,-0.602738559,0.670552322,-0.691564059,-0.25541611,-0.675648882,-0.000190439983,-0.00759917498,-0.00404529227
0.578429605,-0.756150902,-0.30603083,-0.432668073,-0.602433162,0.670725062,-0.691532642,-0.255557396,-0.675627473,-1.68555416e-05,-0.00768220425,-0.00772876106
0.5783395,-0.75639287,-0.30560301,-0.43292194,-0.6020696,0.67088792,-0.69144918,-0.25569871,-0.67565967,0.00468444,-0.00321311,-0.01056627
0.57837566,-0.75640642,-0.30550092,-0.43319799,-0.60211236,0.67067114,-0.69124597,-0.25555742,-0.67592083,-0.00243146,0.00538158,-0.01573879
0.57847744,-0.75637682,-0.30538165,-0.43327458,-0.6021234,0.67061206,-0.69111286,-0.25561984,-0.67603365,-0.00528857,0.00704372,-0.01404382
0.57883455,-0.75666615,-0.30398491,-0.43366317,-0.60133871,0.67106463,-0.69056987,-0.2566083,-0.67621383,-0.00410658,-0.00217307,-0.02396031
0.57900245,-0.75681572,-0.30329221,-0.43404733,-0.60101337,0.67110803,-0.69018773,-0.25693004,-0.67648207,-0.00902046,0.02271581,-0.03457257
0.57952895,-0.75717003,-0.30139638,-0.4349064,-0.60011111,0.67135924,-0.68920437,-0.25799292,-0.67707987,-0.02484786,0.03850126,-0.04912251
0.58027768,-0.75783253,-0.29827455,-0.43557713,-0.59824726,0.67258672,-0.68814999,-0.26036551,-0.67724406,-0.01399149,0.01681042,-0.03231213
0.58171084,-0.75848875,-0.2937811,-0.43649275,-0.59586042,0.67411017,-0.68635749,-0.26390389,-0.67769332,0.00162678,0.00338364,-0.05012988
0.58317584,-0.75841433,-0.29105612,-0.4373605,-0.59506202,0.67425297,-0.68455953,-0.2659116,-0.67872628,-0.01486265,0.03748345,-0.06187798
0.58387679,-0.7586168,-0.2891165,-0.43773515,-0.59410146,0.6748563,-0.68372198,-0.26747643,-0.67895526,-0.01501185,0.03137982,-0.03388834
0.58493268,-0.75955926,-0.28447052,-0.43788996,-0.59095836,0.67751055,-0.68271966,-0.27173127,-0.67827422,-0.00078389,-0.01947129,0.02986691
0.58502617,-0.76097922,-0.28045492,-0.43796538,-0.5874851,0.68047588,-0.68259114,-0.27526663,-0.67697669,0.01919262,-0.06208509,0.0647967
0.5848429,-0.76156117,-0.27925481,-0.43799077,-0.58625917,0.68151586,-0.68273184,-0.27626863,-0.67642624,0.02784751,-0.0561831,0.03805148
0.584142703,-0.762453954,-0.278282802,-0.437661737,-0.584635534,0.68312054,-0.683541917,-0.277246166,-0.675207521,0.0471750647,-0.000737190247,-0.0764431879
0.5854259,-0.76174738,-0.27752008,-0.43598269,-0.58440348,0.68439132,-0.68351705,-0.27966643,-0.67423358,0.01292383,-0.02595991,-0.00340711
0.58640579,-0.76115699,-0.27707076,-0.43411703,-0.58410157,0.68583339,-0.68386444,-0.28189549,-0.67295171,-0.00321292,-0.04330575,0.03297681
0.58691293,-0.76076262,-0.2770802,-0.4331168,-0.58414697,0.68642706,-0.68406362,-0.28286482,-0.67234248,-0.0027507,-0.04053116,0.02804605
0.58767891,-0.75997485,-0.27761783,-0.43111451,-0.58448211,0.68740141,-0.68467051,-0.28428621,-0.67112397,-0.00295155,-0.04623401,0.01794178
0.58778281,-0.75927958,-0.27929534,-0.42920209,-0.58529916,0.68790294,-0.68578198,-0.28446338,-0.66991317,-0.00550913,-0.04482985,0.01783951
0.58762073,-0.75898844,-0.28042533,-0.42836669,-0.58583352,0.68796861,-0.68644285,-0.28413971,-0.66937326,-0.01831715,-0.03186673,0.01908984
0.58723083,-0.75838815,-0.28285559,-0.42601431,-0.58672226,0.68867153,-0.6882381,-0.28390859,-0.66762557,-0.01743597,0.02548003,-0.03424616
0.58723635,-0.75758906,-0.28497753,-0.42208155,-0.58703429,0.69082382,-0.69065226,-0.28539305,-0.66449219,0.0282606,0.00267273,-0.08773051
0.587462,-0.75713303,-0.28572361,-0.41968683,-0.58692242,0.69237638,-0.69191862,-0.28683038,-0.66255337,0.03823652,-0.04424149,-0.05665983
0.58769002,-0.75607233,-0.28805393,-0.41546407,-0.58750495,0.69442604,-0.69426943,-0.28843119,-0.65939168,0.02745113,-0.10212886,0.06896202
0.58629283,-0.75524528,-0.2930278,-0.41261783,-0.58968502,0.69427525,-0.69714221,-0.28614011,-0.65735576,-0.00852355,-0.08046186,0.155515
0.58481929,-0.75511579,-0.29628774,-0.41167016,-0.59101939,0.69370262,-0.69893774,-0.2837178,-0.65649813,-0.01464026,-0.06222457,0.16782688
0.58072833,-0.75538336,-0.30356312,-0.41048577,-0.5937097,0.6921056,-0.70303345,-0.27731698,-0.65485815,-0.02339091,-0.01046491,0.14926594
0.57536474,-0.75599306,-0.31213755,-0.41025836,-0.59691167,0.68948119,-0.70756161,-0.2686461,-0.65359438,-0.05309091,0.04343998,0.06730475
0.57251812,-0.75645444,-0.31622717,-0.41068133,-0.59840449,0.68793364,-0.70962229,-0.26398585,-0.65325911,-0.0468362,0.08521891,0.00093918
0.56446226,-0.75762872,-0.32769059,-0.40938793,-0.60165978,0.68586236,-0.71678722,-0.25299087,-0.64977831,0.02489276,0.12108827,-0.07988606
0.56315019,-0.75784691,-0.32943872,-0.40765032,-0.60155705,0.68698626,-0.71880667,-0.25258061,-0.64770348,0.02532645,0.04708827,-0.01267935
0.56065398,-0.75825915,-0.33273135,-0.40473714,-0.60149567,0.68876028,-0.72239528,-0.25148745,-0.64412657,0.04369966,-0.09843946,0.0731075
0.55873894,-0.75757044,-0.33748765,-0.4041746,-0.60407098,0.68683437,-0.72419181,-0.24735721,-0.64370874,0.02804073,-0.15526104,0.09534745
0.55839366,-0.75655212,-0.34033135,-0.40482043,-0.60658694,0.68423153,-0.72409734,-0.24429748,-0.64498207,0.00244757,-0.13306844,0.08817872
0.55936174,-0.75380796,-0.34480138,-0.40713184,-0.61217161,0.67785657,-0.72205131,-0.2387874,-0.6493246,-0.05209581,-0.00894558,0.01871324
0.56353728,-0.7514355,-0.34317694,-0.40964381,-0.61494296,0.67382273,-0.71736857,-0.23914391,-0.65436418,-0.06847055,0.10495222,-0.06770851
0.56692356,-0.7523157,-0.33558726,-0.40919631,-0.61074956,0.6778964,-0.71495182,-0.24699439,-0.65409315,-0.02892133,0.03090477,-0.07011851
0.57035424,-0.75385103,-0.32619713,-0.40812024,-0.60471813,0.68392507,-0.71283505,-0.25695187,-0.65256538,0.01712072,-0.06408632,-0.03682085
0.57521508,-0.75383777,-0.31757877,-0.40755919,-0.60073049,0.68776346,-0.70924126,-0.26617979,-0.65278277,0.02335555,-0.05801773,-0.02617382
0.57792383,-0.75217729,-0.31659647,-0.40769532,-0.60216715,0.68642485,-0.70695724,-0.26762635,-0.65466588,-0.00361834,-0.02455711,-0.02548439
0.57893769,-0.75126747,-0.31690434,-0.4078054,-0.60334771,0.68532211,-0.70606369,-0.26752352,-0.65567167,-0.01954535,-0.01261508,-0.02231876
0.58014888,-0.74989196,-0.31794554,-0.40775963,-0.60530729,0.68361929,-0.70509531,-0.26695563,-0.65694404,-0.04226423,0.00669169,-0.00566175
0.58020355,-0.74945898,-0.3188652,-0.4071191,-0.60594967,0.68343163,-0.70542031,-0.26671331,-0.65669318,-0.038907,-0.00207138,-0.02130582
0.57892636,-0.75012764,-0.31961356,-0.40602385,-0.60513702,0.68480212,-0.70709896,-0.26667929,-0.6548995,-0.00310157,-0.01859373,-0.05353677
0.57732583,-0.75064057,-0.32129993,-0.40533968,-0.60506908,0.68526724,-0.70879803,-0.26538687,-0.65358642,0.01179999,-0.02354503,-0.04168345
0.57654251,-0.75063279,-0.32272132,-0.4049794,-0.60557309,0.68503471,-0.70964098,-0.2642561,-0.6531294,0.00946553,-0.01749891,-0.02755021
0.57494356,-0.75023536,-0.32647626,-0.40418412,-0.60736403,0.68391804,-0.71138951,-0.26125772,-0.65243322,-0.00869141,-0.00709033,0.00462027
0.57334165,-0.74965289,-0.33060531,-0.40347122,-0.60952942,0.68241096,-0.71308505,-0.25786488,-0.65193195,-0.0163844,0.01187861,0.02235816
0.57249829,-0.74949232,-0.33242591,-0.40321684,-0.61039349,0.68178882,-0.71390608,-0.25628321,-0.65165715,-0.01642683,0.01596045,0.01901373
0.57089078,-0.74951477,-0.33512876,-0.4027632,-0.61135711,0.68119319,-0.71544775,-0.25390937,-0.65089509,-0.01403498,0.01944542,0.03064299
0.56908133,-0.75004336,-0.33701826,-0.40247968,-0.61148078,0.68124959,-0.71704703,-0.25204338,-0.64985947,-0.00113219,0.01014042,0.04105954
0.56878815,-0.75037413,-0.33677692,-0.40262462,-0.61107141,0.68153147,-0.71719834,-0.25205234,-0.64968927,0.0104804,-0.00912094,0.02051623
0.569140661,-0.750501194,-0.335897077,-0.403390354,-0.610832072,0.681293132,-0.71648804,-0.252253973,-0.650394303,0.0171269849,-0.0102939606,0.000170285814
0.56939206,-0.750547838,-0.335366392,-0.404017248,-0.610778549,0.680969599,-0.715934869,-0.252244872,-0.651006724,0.0131932637,-0.000434994698,-0.00665182434
0.5701055,-0.75069652,-0.33381809,-0.40527966,-0.61040953,0.68055042,-0.71465249,-0.25269589,-0.6522399,0.01751642,0.0065726,-0.01028915
0.57087148,-0.75101758,-0.33178054,-0.4060783,-0.60948,0.68090707,-0.71358681,-0.25398153,-0.65290668,0.01417953,-0.0046702,-0.00340885
0.571232,-0.75119158,-0.33076449,-0.4062457,-0.60891751,0.68131026,-0.7132029,-0.25481454,-0.6530015,0.00674859,-0.01408035,-0.00242039
0.57189158,-0.75164262,-0.32859301,-0.40654409,-0.60760251,0.68230561,-0.71250396,-0.25661726,-0.65305861,0.00143126,-0.02701586,0.00355756
0.57244169,-0.75210626,-0.32656796,-0.40679512,-0.60631229,0.68330296,-0.71191867,-0.25830482,-0.65303156,-0.0048947,-0.02839726,0.00671932
0.572635986,-0.752299498,-0.325781334,-0.406993512,-0.605831673,0.683611152,-0.711648996,-0.25886945,-0.653102026,-0.00507050334,-0.0217063427,0.000731431355
0.57292352,-0.7525553,-0.32468314,-0.40746305,-0.60524473,0.68385131,-0.71114871,-0.25949811,-0.65339742,-0.0056497,-0.00576556,-0.01265634
0.5728818,-0.75285795,-0.32405451,-0.40809167,-0.60486823,0.68380959,-0.71082179,-0.25949811,-0.65375306,-0.00135221,0.00246084,-0.02324467
0.572640309,-0.753114826,-0.323884423,-0.40839913,-0.604624254,0.683841798,-0.710839793,-0.259321255,-0.653803653,0.00422347849,0.00070142746,-0.0249782875
0.57182514,-0.75377363,-0.32379189,-0.40905677,-0.60409922,0.68391243,-0.71111774,-0.25862899,-0.65377527,0.00906316,-0.0033561,-0.02158722
0.57097558,-0.75427604,-0.32412109,-0.40945389,-0.60383395,0.68390921,-0.71157173,-0.25778279,-0.65361567,0.00447555,-0.01407862,-0.00673522
0.570583722,-0.754463535,-0.324374603,-0.409595726,-0.603788802,0.683864037,-0.711804362,-0.257339183,-0.653537054,0.000508802128,-0.0170880556,-0.00223290827
0.57003194,-0.75461415,-0.32499394,-0.40979973,-0.60396483,0.68358658,-0.71212903,-0.25648374,-0.65351991,-0.00383485,-0.02296412,0.00959235
0.56954599,-0.75453679,-0.32602386,-0.41011039,-0.6046051,0.68283381,-0.71233896,-0.25519947,-0.65379377,-0.01069148,-0.01072711,0.01049481
0.56955893,-0.75439327,-0.32633327,-0.41002719,-0.60486606,0.68265266,-0.71237652,-0.25500539,-0.6538286,-0.01582138,-0.00151002,0.00168877
0.56977865,-0.75435042,-0.32604865,-0.40994806,-0.60476267,0.68279181,-0.71224635,-0.25537718,-0.65382534,-0.01161607,-0.00878358,-0.00242547
0.56994171,-0.75432669,-0.32581842,-0.40991984,-0.6046796,0.68288223,-0.7121321,-0.25564361,-0.65384559,-0.01562973,-0.01148379,-0.00594785
0.57033392,-0.75411474,-0.32562283,-0.40983245,-0.60479742,0.6828306,-0.71186841,-0.25599068,-0.6539972,-0.01095978,-0.01338559,-0.00749205
0.570855122,-0.753634401,-0.325821463,-0.409648846,-0.605344932,0.682455391,-0.711556223,-0.256110773,-0.654289721,-0.00958035141,-0.00792187452,0.00063927134
0.57168677,-0.75273388,-0.32644449,-0.40902314,-0.60637687,0.68191448,-0.71124845,-0.25631816,-0.65454323,-0.01480623,-0.0164271,0.00770021
0.57209104,-0.75238999,-0.3265288,-0.40882427,-0.60671847,0.6817295,-0.7110376,-0.2565184,-0.65469345,-0.00413823,-0.01534605,-0.00149174
0.57225696,-0.75231762,-0.32640489,-0.4088025,-0.6067369,0.68172634,-0.71091665,-0.2566875,-0.65475873,-0.00302394,-0.00969303,-0.00321909
0.57252598,-0.75226394,-0.32605657,-0.40885145,-0.60666341,0.68176218,-0.7106718,-0.25701781,-0.65489473,0.01107584,-0.00496995,-0.01490305
0.57268867,-0.75225239,-0.32579735,-0.40879584,-0.60654417,0.68190153,-0.71057268,-0.25733262,-0.65487857,0.01399706,-0.00415719,-0.01467836
0.57270461,-0.75209801,-0.32612584,-0.40863645,-0.60679784,0.68177182,-0.71065163,-0.25718698,-0.6548506,0.01185513,-0.01117784,-0.00930662
0.57267673,-0.75180632,-0.32684649,-0.40847137,-0.60736799,0.68136281,-0.71076896,-0.2566932,-0.65491687,0.00315799,-0.00879163,-0.00412152
0.572695521,-0.751602899,-0.327281064,-0.408318489,-0.607722289,0.681138405,-0.710841631,-0.256449991,-0.65493318,-0.00109966937,-0.00486880541,-0.000518897665
0.57261689,-0.75129549,-0.32812337,-0.40808058,-0.60833417,0.68073463,-0.71104156,-0.25589936,-0.6549315,-0.00446814,-0.00180101,0.00326626
0.57242517,-0.7511146,-0.32887131,-0.40775284,-0.60873425,0.68057359,-0.71138393,-0.25547926,-0.65472394,-0.00919079,-0.00803775,0.00821139
0.57232458,-0.75107184,-0.32914379,-0.40763401,-0.60885448,0.68053701,-0.71153289,-0.25531784,-0.6546248,-0.00241204,-0.00927937,0.0061903
0.57217956,-0.75094165,-0.32969257,-0.40740042,-0.60914718,0.68041505,-0.7117833,-0.2550027,-0.65447551,-0.00343028,-0.00982755,0.00663918
0.57219151,-0.750796802,-0.330001421,-0.407317055,-0.609406923,0.68023205,-0.711821321,-0.254807747,-0.654509765,0.000318181643,-0.00756001472,-0.00209315587
0.572250858,-0.75072873,-0.330053401,-0.40727273,-0.609487628,0.680186335,-0.711798987,-0.254815424,-0.654531122,0.000157804927,-0.0043643117,-0.00271121738
0.57247928,-0.75056501,-0.33002973,-0.40715796,-0.60961555,0.6801406,-0.71168101,-0.25499216,-0.65459078,-0.00915923,0.00226271,-0.00186146
0.572814438,-0.750435162,-0.329743269,-0.406982954,-0.60957248,0.680283782,-0.711511371,-0.255476451,-0.654586208,-0.0102076456,-0.00995975733,0.000563874259
0.57292412,-0.75042021,-0.32958675,-0.40692948,-0.6095029,0.68037818,-0.71145366,-0.25568648,-0.654567,-0.00528124,-0.01546228,0.0042157
0.57325901,-0.75023941,-0.32941604,-0.40686427,-0.60960418,0.68032654,-0.71122118,-0.2559757,-0.6547067,-0.00425445,-0.01403272,0.00649904
0.57365907,-0.74987984,-0.32953829,-0.40679498,-0.61002416,0.67999141,-0.71093818,-0.25602871,-0.65499324,-0.00976007,-0.003088,-0.00462947
0.57388414,-0.7497266,-0.32949512,-0.40675574,-0.610159,0.67989397,-0.71077899,-0.25615634,-0.65511618,-0.00943415,-0.00550699,-0.00659997
0.57416837,-0.74950505,-0.32950386,-0.40667203,-0.61037425,0.67975062,-0.71059727,-0.25629128,-0.65526031,-0.00361619,-0.01371938,-0.00831185
0.57451474,-0.74920443,-0.32958394,-0.40646803,-0.61066321,0.67961337,-0.71043409,-0.25648259,-0.65536269,-0.00660849,-0.01610154,-0.00522893
0.57463013,-0.7490788,-0.32966837,-0.40645482,-0.61083168,0.67946997,-0.71034834,-0.25644866,-0.65546902,-0.00811137,-0.01341671,-0.00433554
0.57486381,-0.74882932,-0.32982768,-0.40632521,-0.61112495,0.67928366,-0.71023339,-0.25647832,-0.65558187,-0.00643544,-0.0055995,-0.00664956
0.57486969,-0.74879489,-0.32989545,-0.40620124,-0.61114645,0.67933825,-0.71029948,-0.25652701,-0.65549098,,,
0.57481055,-0.74887587,-0.32981471,-0.40621837,-0.6110299,0.67943289,-0.71033756,-0.2565684,-0.65543357,0.00331297,-0.00409102,-0.00353098
0.57481055,-0.74890122,-0.32975699,-0.40616361,-0.61095757,0.67953038,-0.7103688,-0.25666589,-0.65536123,0.00291776,-0.0078814,-0.00180897
0.57480761,-0.74891214,-0.32973756,-0.40623932,-0.6109651,0.67947878,-0.710328,-0.25661723,-0.65542496,0.00417481,-0.00827491,0.00162687
0.57480761,-0.74891214,-0.32973756,-0.40623932,-0.6109651,0.67947878,-0.710328,-0.25661723,-0.65542496,0.00417481,-0.00827491,0.00162687
0.57486086,-0.74881467,-0.32986591,-0.40645558,-0.61120402,0.67913421,-0.7101611,-0.2563318,-0.65571714,-0.00138657,-0.00504726,0.0017498
0.57484606,-0.748907071,-0.329682028,-0.406751852,-0.611131984,0.679021909,-0.710003501,-0.25623431,-0.655926166,-0.000682930928,-0.00624465942,-0.00375809683
0.57483416,-0.7490139,-0.32945998,-0.4069177,-0.61098053,0.67905879,-0.70991809,-0.2562831,-0.6559995,-0.00367114,-0.00785089,-0.0036863
0.57491652,-0.74924855,-0.32878208,-0.40721704,-0.61054318,0.67927278,-0.70967974,-0.2566395,-0.65611816,-0.00299405,-0.00690734,-0.0057921
0.57510173,-0.74948913,-0.32790854,-0.40761439,-0.61005024,0.67947706,-0.7093014,-0.25710818,-0.65634349,-0.00773144,-0.01034236,-0.01366606
0.5751925,-0.74961461,-0.32746207,-0.40785099,-0.60980732,0.67955292,-0.70909171,-0.25731796,-0.65648761,-0.00404216,-0.00995576,-0.00998454
0.57537972,-0.74979336,-0.32672334,-0.40828237,-0.60945187,0.67961321,-0.70869156,-0.2576403,-0.65679368,-0.00598472,-0.01014078,-0.00516028
0.57562256,-0.74990179,-0.32604581,-0.40877221,-0.6092199,0.67952633,-0.70821173,-0.25787217,-0.6572197,-0.00956112,-0.00701678,-0.00708029
0.57577177,-0.74994631,-0.3256799,-0.40899186,-0.60909402,0.67950725,-0.70796364,-0.25804066,-0.65742107,-0.00989317,-0.00599414,-0.00321711
0.57612579,-0.75001535,-0.32489393,-0.40938045,-0.60882178,0.67951727,-0.70745087,-0.2584822,-0.65779955,-0.01305309,-0.00216436,-0.00086773
0.57636371,-0.75024642,-0.32393682,-0.40970118,-0.60827224,0.67981569,-0.70707121,-0.25910373,-0.65796283,-0.00651094,-0.00339949,0.00762019
0.57645266,-0.75040825,-0.32340336,-0.40985681,-0.60792102,0.68003618,-0.70690853,-0.25945957,-0.65799759,-0.00598175,-0.00611389,0.00789392
0.57661304,-0.75083544,-0.32212344,-0.41043727,-0.60710992,0.68041063,-0.7064408,-0.26012215,-0.65823833,0.00291131,-0.01291305,-0.00241934
0.57671493,-0.75080402,-0.32201437,-0.41061726,-0.60716356,0.68025437,-0.70625307,-0.26008821,-0.65845339,-0.00154417,-0.01394093,-0.0054206
0.57697468,-0.75070883,-0.32177078,-0.41095346,-0.60728615,0.67994168,-0.7058452,-0.2600763,-0.65889511,-0.00254935,-0.00720942,-0.01043355
0.5771712,-0.75077931,-0.32125366,-0.41121982,-0.60708241,0.67996287,-0.7055294,-0.26034916,-0.65912585,-0.0007956,-0.00869524,-0.01446958
0.57715386,-0.75094536,-0.32089633,-0.41135301,-0.60679305,0.68014023,-0.70546586,-0.26054387,-0.65911657,0.00445828,-0.00432932,-0.01229921
0.57707339,-0.75126417,-0.32029421,-0.4114436,-0.60621297,0.68060247,-0.70547884,-0.26097453,-0.65893217,-0.00234332,-0.00689173,-0.0078117
0.57694377,-0.75156828,-0.31981408,-0.41146073,-0.60567482,0.68107139,-0.70557494,-0.26134898,-0.65868116,0.00220861,-0.01015449,0.00192823
0.57673019,-0.75163954,-0.32003155,-0.4113816,-0.6056617,0.68113046,-0.70579555,-0.26117336,-0.65851402,0.00785452,-0.00999397,-0.00133594
0.57669509,-0.75143346,-0.32057841,-0.41133188,-0.6061093,0.68076247,-0.70585328,-0.26072824,-0.65862879,,,
0.57664601,-0.75139438,-0.32075826,-0.41131277,-0.60622371,0.68067217,-0.70590451,-0.26057492,-0.65863459,-0.00336995,-0.00387949,-0.0016174
0.57647088,-0.75157461,-0.32065083,-0.41139797,-0.60600987,0.68081115,-0.70599792,-0.26055271,-0.65854332,-0.01007668,-0.00579011,0.00560939
0.576169519,-0.751998548,-0.320198074,-0.411533079,-0.605394881,0.681276246,-0.706165099,-0.260758476,-0.658282328,-0.00438564597,-0.00934886932,-0.000418055803
0.57610288,-0.75216218,-0.31993369,-0.41156565,-0.60511131,0.68150877,-0.70620056,-0.26094547,-0.65817051,0.00111823,-0.00752455,-0.00545176
0.57592396,-0.75240231,-0.31969093,-0.41161755,-0.60475923,0.68178956,-0.70631616,-0.26106851,-0.65799729,0.0050468,-0.01170528,-0.01065534
0.57582235,-0.752335415,-0.320031284,-0.411654808,-0.604995697,0.681557367,-0.70637732,-0.260713537,-0.658072526,0.00025895983,-0.00789088011,-0.0074163219
0.57572421,-0.75225732,-0.32039109,-0.41161663,-0.60522457,0.68137696,-0.7064795,-0.26040686,-0.65808401,-0.00516725,-0.00963533,-0.01001186
0.57562599,-0.75216693,-0.32077982,-0.41160573,-0.60549006,0.68114809,-0.70656599,-0.26005176,-0.65813206,-0.0099832,-0.00619876,-0.0058461
0.57540848,-0.75228591,-0.32089102,-0.41152058,-0.60537603,0.6813009,-0.70679272,-0.25997309,-0.65791967,-0.0090696,-0.00790662,-0.0013335
0.57529621,-0.75237478,-0.32088372,-0.41151273,-0.60527162,0.68139797,-0.70688857,-0.25995789,-0.65782223,-0.00518544,-0.00366789,0.00704943
0.57513119,-0.75252203,-0.3208343,-0.41137105,-0.60503577,0.68169301,-0.70710531,-0.26008094,-0.6575407,-0.00105611,-0.0087626,0.00361882
0.57496969,-0.75257184,-0.32100688,-0.41134418,-0.60504617,0.68169995,-0.70725225,-0.25991246,-0.65744922,0.00110269,-0.01135707,-0.00113075
0.5748643,-0.75256483,-0.32121205,-0.41134848,-0.60514493,0.68160979,-0.70733544,-0.25970303,-0.6574426,0.00086147,-0.00988531,-0.00168957
0.57483232,-0.75234733,-0.3217785,-0.41122392,-0.60558555,0.68129391,-0.70743395,-0.25930679,-0.65749341,-0.00380503,-0.00606114,-0.00361053
0.57483576,-0.75233636,-0.32179789,-0.41114836,-0.60557818,0.68134587,-0.70747502,-0.25935531,-0.65742987,-0.00163859,-0.01267439,-0.00183526
0.5748392,-0.7523626,-0.32173043,-0.41099113,-0.60546237,0.68154371,-0.7075636,-0.25954971,-0.65725789,-0.00177355,-0.00831687,-0.00257796
0.57495496,-0.7522998,-0.32167026,-0.4108417,-0.60545026,0.68164429,-0.70755625,-0.25975919,-0.65718275,-0.00746839,-0.00482935,-0.00222403
0.57500769,-0.75230337,-0.32156769,-0.41083953,-0.60540095,0.68168945,-0.70751467,-0.25986395,-0.65718616,0.00429902,-0.00573725,-0.00452925
0.57501113,-0.75229242,-0.32158709,-0.41076397,-0.60539357,0.6817414,-0.70755572,-0.25991247,-0.65712263,0.00193164,-0.00736272,-0.0024036
0.5750214,-0.75218542,-0.32181897,-0.41070061,-0.60558915,0.68160596,-0.70758418,-0.25976675,-0.65714972,-0.00110682,-0.00943887,-0.00405806
0.5750878,-0.75204627,-0.32202556,-0.41061398,-0.60580054,0.68147045,-0.70758053,-0.25967715,-0.65718923,-0.00277662,-0.00946629,-0.00673732
0.57511157,-0.75179616,-0.32256654,-0.41046611,-0.60625637,0.68115391,-0.70764696,-0.25933685,-0.65725188,-0.0042614,-0.00699663,-0.0040185
0.57507228,-0.75169914,-0.32286241,-0.41027494,-0.60642116,0.68112209,-0.70778966,-0.25923201,-0.65713925,-0.00362034,-0.00558364,-0.00708788
0.57501948,-0.75172042,-0.32290714,-0.41022274,-0.60639844,0.68117419,-0.70786292,-0.25922458,-0.65706373,-0.0063469,-0.0068953,-0.00198906
0.57486103,-0.75178397,-0.32304117,-0.41006596,-0.60632914,0.68133008,-0.70808237,-0.2592019,-0.65683598,-0.00374057,-0.00979507,-0.00179925
0.57470919,-0.75175107,-0.32338767,-0.40992146,-0.60646262,0.68129813,-0.70828924,-0.25898471,-0.6566985,-0.00568465,-0.00763595,-0.00447503
0.5746629,-0.75170077,-0.32358694,-0.40982714,-0.60656999,0.68125953,-0.70838144,-0.25887986,-0.65664064,-0.00077632,-0.00514013,-0.00547444
0.57436198,-0.75156138,-0.32444383,-0.40959924,-0.60701067,0.68100403,-0.7087572,-0.25825087,-0.65648281,-0.00249645,-0.00939441,-0.00275672
0.574159958,-0.751538433,-0.324854284,-0.409327101,-0.607113993,0.681075506,-0.709078025,-0.258074611,-0.656205584,0.00120333978,-0.0116301179,0.000203901698
0.57411671,-0.75147696,-0.32507283,-0.40915719,-0.60721392,0.68108846,-0.70921108,-0.25801836,-0.65608384,-0.00098643,-0.00607562,-0.0021152
0.57412317,-0.75141767,-0.3251984,-0.40908785,-0.60730789,0.68104626,-0.70924583,-0.2579697,-0.65606534,,,
0.57413284,-0.75132246,-0.32540121,-0.4089975,-0.60746692,0.68095863,-0.70929009,-0.25787239,-0.65605568,-0.00375953,-0.00247931,-0.00566628
0.57408946,-0.7512735,-0.32559081,-0.40880031,-0.6075308,0.68102016,-0.7094389,-0.25786485,-0.65589784,,,
0.57403954,-0.75127136,-0.32568388,-0.40869971,-0.60753693,0.6810753,-0.7095373,-0.25785727,-0.65579463,-0.0025168,-0.00943029,-0.0023837
0.57399606,-0.75119725,-0.32593132,-0.40855714,-0.60767297,0.68103938,-0.70965456,-0.25775235,-0.6557089,-0.00195519,-0.01514095,0.00285684
0.574071318,-0.750949438,-0.326369478,-0.408407778,-0.608078954,0.680766458,-0.709679633,-0.257516651,-0.655774267,-0.00444103824,-0.0094062686,-0.000670462847
0.57419333,-0.7507648,-0.32657965,-0.40832526,-0.60834187,0.68058122,-0.70962846,-0.2574345,-0.65586209,-0.00279992,-0.00551063,-0.00604605
0.57431521,-0.7506179,-0.32670299,-0.40816078,-0.60849615,0.68054197,-0.70962445,-0.25749828,-0.6558414,-0.01038031,-0.00210536,-0.00368773
0.57431207,-0.75069162,-0.32653901,-0.40809975,-0.60832259,0.68073357,-0.70966205,-0.25769301,-0.65572407,-0.00403771,-0.00623989,0.00130373
0.57425898,-0.7507379,-0.32652587,-0.40799288,-0.60822726,0.68088261,-0.70976641,-0.25778269,-0.65557565,-0.00480304,-0.01116401,-0.0027941
0.57414966,-0.75082883,-0.32650905,-0.40788207,-0.60808018,0.68108033,-0.70991852,-0.25786481,-0.65537861,-0.00152524,-0.0136075,-0.00731779
0.57399336,-0.75080621,-0.32683586,-0.40781373,-0.60822114,0.68099566,-0.71008423,-0.25759884,-0.65530399,0.00112438,-0.00892949,-0.00857244
0.57394334,-0.75075357,-0.32704445,-0.40782254,-0.60837153,0.68085585,-0.71011955,-0.25739656,-0.65534499,0.00206386,-0.00795317,-0.01206688
0.57374,-0.75064185,-0.3276571,-0.40774215,-0.6087278,0.68058547,-0.71032999,-0.25687946,-0.65531978,-0.00227389,-0.00585949,-0.00607925
0.57347706,-0.7506232,-0.32815987,-0.40765171,-0.60893125,0.68045788,-0.71059424,-0.25645207,-0.65520095,-0.00187191,-0.00557446,-0.00173003
0.57291703,-0.75100777,-0.32825807,-0.40764614,-0.60855031,0.68080171,-0.71104898,-0.25622974,-0.65479423,0.006284,-0.01334399,0.00413358
0.57280132,-0.75110776,-0.32823122,-0.40771399,-0.60845384,0.68084732,-0.7111033,-0.25616576,-0.65476029,0.00189711,-0.01123917,0.00084662
0.57274806,-0.75107828,-0.32839161,-0.40777126,-0.6085754,0.68070439,-0.71111338,-0.25596344,-0.6548285,-0.00089842,-0.01006091,-0.00452476
0.57286377,-0.75091499,-0.32856306,-0.40784045,-0.60885213,0.68041523,-0.71098043,-0.25578388,-0.65504279,-0.00380526,-0.00612742,-0.00326888
0.57292009,-0.75087048,-0.32856678,-0.40784442,-0.6089042,0.68036663,-0.71093286,-0.2557916,-0.65509181,-0.00579614,-0.00591654,-0.00261443
0.57296416,-0.75095762,-0.32829043,-0.40795937,-0.60873167,0.68045164,-0.71083128,-0.25594518,-0.65514157,-0.00786641,-0.00655138,-0.00110126
0.5730583,-0.75111022,-0.32777659,-0.40803793,-0.60837298,0.68072527,-0.71071028,-0.25634992,-0.65511459,,,
0.57315851,-0.75117802,-0.32744606,-0.40810221,-0.6081806,0.68085904,-0.71059266,-0.2566087,-0.65514131,-0.00176062,-0.00858736,-0.00498445
0.57320235,-0.75126492,-0.32716976,-0.40821726,-0.60800828,0.68094384,-0.71049117,-0.25676225,-0.65519108,0.00175505,-0.01049662,-0.00798253
0.57320235,-0.75122715,-0.32725656,-0.40829936,-0.6081167,0.68079792,-0.71044403,-0.25661634,-0.65529949,-0.00215827,-0.0100469,-0.00713023
0.57320235,-0.75120189,-0.32731443,-0.40835408,-0.60818878,0.68070051,-0.71041253,-0.25651893,-0.65537157,-0.00536234,-0.00845188,-0.00836404
0.57314605,-0.75118336,-0.32745544,-0.40848698,-0.60831736,0.68050572,-0.71038151,-0.25626784,-0.65550328,-0.00590798,-0.00706184,-0.00924849
0.57303032,-0.75128335,-0.32742875,-0.40855481,-0.60822108,0.68055132,-0.71043594,-0.25620395,-0.65546955,-0.0042839,-0.00526667,-0.00634172
0.57291769,-0.75137245,-0.3274213,-0.40854687,-0.60811726,0.68064871,-0.71053129,-0.25618872,-0.65537198,-0.00485197,-0.00912738,-0.00350794
0.572579649,-0.751601927,-0.327485951,-0.408605314,-0.60791454,0.680794724,-0.710770147,-0.255996684,-0.655188017,-0.00058900431,-0.0112307072,-0.0030791855
0.57252955,-0.75156176,-0.32766568,-0.40858694,-0.6080289,0.68070364,-0.71082107,-0.25584302,-0.65519281,-0.00081282,-0.00831699,-0.00147155
0.572426199,-0.75150477,-0.327976964,-0.408598505,-0.608228868,0.680518288,-0.710897722,-0.255535631,-0.655229892,-0.00759455748,-0.00446587801,-6.10701973e-05
0.57237295,-0.75150058,-0.32807945,-0.40860106,-0.6082781,0.68047268,-0.71093911,-0.25543056,-0.65522588,-0.00545046,-0.00639671,-0.0020771
0.57231349,-0.75158119,-0.3279985,-0.40861798,-0.60816127,0.68056694,-0.71097725,-0.25547158,-0.6551685,-0.00208789,-0.00534093,-0.00114923
0.572254019,-0.751687042,-0.327859491,-0.408580107,-0.607971937,0.680758483,-0.7110468,-0.255609872,-0.655038721,0.000858254207,-0.00837647915,-0.0007323873
0.572247791,-0.751771824,-0.327676032,-0.408594482,-0.607805884,0.680898321,-0.711043603,-0.255755937,-0.654985389,0.00144889543,-0.0116348267,0.000309792755
0.57224779,-0.75177182,-0.32767603,-0.40859448,-0.60780588,0.68089832,-0.7110436,-0.25575594,-0.65498539,-0.00276161,-0.01426965,-0.00295134
0.572250907,-0.75172313,-0.327782245,-0.408600992,-0.607906974,0.68080409,-0.711037336,-0.25565859,-0.655030119,-5.03323972e-05,-0.0052331686,-0.00606570253
0.57225402,-0.75168704,-0.32785949,-0.40858011,-0.60797194,0.68075848,-0.7110468,-0.25560987,-0.65503872,-0.00564274,-0.00497317,-0.00591166
0.57197528,-0.75184835,-0.32797609,-0.40859408,-0.60785015,0.68085898,-0.71126305,-0.2554254,-0.65487603,0.00369897,-0.01414585,-0.00460364
0.57198148,-0.75178886,-0.32810161,-0.40852494,-0.60794418,0.68081652,-0.71129778,-0.25537674,-0.65485729,0.00318529,-0.01186341,-0.00556683
0.57205946,-0.75155497,-0.32850121,-0.4082458,-0.60827085,0.68069209,-0.7113953,-0.25528709,-0.65478623,-0.00717842,-0.00711298,0.00076338
0.57183385,-0.7517965,-0.32834145,-0.4080928,-0.60788337,0.68113012,-0.7116645,-0.2554995,-0.65441105,-0.00101615,-0.01055253,-0.00326182
0.571836923,-0.751760399,-0.328418701,-0.408071944,-0.607948361,0.681084506,-0.711673962,-0.255450814,-0.65441965,-0.000640969956,-0.013848424,-0.00385268521
0.57173639,-0.75165431,-0.32883612,-0.4080902,-0.60824908,0.6808047,-0.71174419,-0.25504596,-0.65450084,-0.0029398,-0.01000094,-0.00653877
0.57169521,-0.75149283,-0.32927652,-0.40803692,-0.6085946,0.68052785,-0.71180782,-0.25469749,-0.6545674,-0.00608158,-0.00487578,-0.00524062
0.57164184,-0.751501218,-0.329350016,-0.408012113,-0.608607831,0.680530879,-0.711864896,-0.254641082,-0.654527259,-0.00599283306,-0.00503855944,-0.000300097978
0.57147866,-0.75161338,-0.32937735,-0.40784871,-0.60843843,0.68078044,-0.71208956,-0.25471536,-0.65425412,-0.00206589,-0.00905126,-0.00182851
0.57136582,-0.75172781,-0.329311895,-0.407785813,-0.608262653,0.680975031,-0.712216087,-0.2547971,-0.654084392,-0.000938043231,-0.00906062126,0.000381755992
0.57119645,-0.75183608,-0.32935858,-0.40782872,-0.60817946,0.68102371,-0.71232738,-0.25467642,-0.65401027,,,
0.57114001,-0.75186794,-0.32938379,-0.40785217,-0.60816382,0.68102377,-0.71235925,-0.25462004,-0.65399766,0.00315486,-0.00913143,-0.00268574
0.571143036,-0.751819122,-0.329490013,-0.40785882,-0.608264976,0.680929519,-0.712353033,-0.254522759,-0.654042378,0.00022267102,-0.0102851987,-0.00254255626
0.57114606,-0.75177021,-0.32959624,-0.40786547,-0.60836593,0.68083512,-0.71234675,-0.25442535,-0.6540869,-0.00136775,-0.00469428,-0.00434765
0.57114001,-0.75182984,-0.32947073,-0.40793454,-0.60827198,0.68087779,-0.71231207,-0.25447405,-0.65410582,-0.00094226,-0.01032341,-0.00359991
0.57112484,-0.75197246,-0.32917145,-0.40812095,-0.60805499,0.68095997,-0.71221747,-0.2545714,-0.65417103,-0.00268939,-0.00800788,-0.00157369
0.5711218,-0.75198319,-0.32915217,-0.40819666,-0.608062,0.68090822,-0.71217649,-0.2545227,-0.65423448,-0.00076107,-0.00639737,-0.00598212
0.5711218,-0.75197053,-0.32918116,-0.40822411,-0.60809812,0.68085961,-0.71216078,-0.25447408,-0.6542706,-0.00537538,-0.00999129,-0.00544021
0.5709021,-0.75203818,-0.32940755,-0.40824882,-0.60812911,0.68081697,-0.71232272,-0.25419957,-0.65420087,-0.00436838,-0.00834811,-0.00560649
0.570848679,-0.7520338,-0.329510025,-0.408251474,-0.608178314,0.680771273,-0.712363971,-0.254094382,-0.654196653,-0.00101446349,-0.00740599632,0.000537525048
0.57085171,-0.7520104,-0.32955828,-0.40820322,-0.60820743,0.68077439,-0.71238924,-0.25409447,-0.65416932,0.00094427,-0.00965166,0.00116357
0.57074787,-0.75196552,-0.32984048,-0.4081878,-0.60837112,0.68063744,-0.7124813,-0.25383552,-0.65416967,-0.0024877,-0.00761247,-0.00297339
0.57075692,-0.75181866,-0.33015925,-0.40820782,-0.60867407,0.68035421,-0.7124625,-0.25354323,-0.65430315,-0.00141063,-0.0045796,-0.0018402
0.570759926,-0.751769709,-0.330265478,-0.408214521,-0.608775051,0.680259783,-0.712456235,-0.253445797,-0.654347659,-0.000744703924,-0.00585377216,-0.00156264973
0.57081037,-0.75177226,-0.33017271,-0.40831511,-0.60876909,0.68020515,-0.71235828,-0.25345365,-0.65445169,-0.00589144,-0.00961125,0.00315993
0.570863811,-0.75177664,-0.330070204,-0.408312374,-0.608719654,0.680250828,-0.712316967,-0.253558805,-0.654455702,-0.000557826017,-0.00742661953,-0.000660861435
0.570967652,-0.751821559,-0.329788025,-0.40832778,-0.608555972,0.68038777,-0.712224839,-0.253817724,-0.654455339,-0.000703941216,-0.00924825668,-0.00337521918
0.571014999,-0.751885647,-0.329560094,-0.408394196,-0.60841302,0.680476171,-0.712148905,-0.253971676,-0.654478699,-0.00216789637,-0.00930070877,0.000419227843
0.571124844,-0.751820059,-0.329519308,-0.4084504,-0.608487444,0.680375749,-0.712028543,-0.253987182,-0.654603484,-0.000605634297,-0.00939643383,-0.00325594563
0.57118128,-0.7517628,-0.32955204,-0.40848184,-0.60857514,0.68027828,-0.71196519,-0.25394615,-0.65468814,-0.00635609,-0.0053066,-0.00622404
0.57117824,-0.75178633,-0.32950382,-0.40853013,-0.60854644,0.68027532,-0.71194002,-0.25394624,-0.65471587,-0.00690056,-0.00789183,-0.00916743
0.57122551,-0.75183766,-0.32930477,-0.40862405,-0.60843924,0.68031491,-0.71184822,-0.25405142,-0.654775,-0.00521498,-0.00300026,-0.004387
0.57110651,-0.75197351,-0.32920078,-0.40871257,-0.60827748,0.68040604,-0.71189279,-0.25403581,-0.65473224,-0.0008018,-0.01007533,0.00075652
0.57110651,-0.75196085,-0.32922977,-0.40874002,-0.60831361,0.68035741,-0.71187707,-0.25398717,-0.65476836,0.00444381,-0.01081949,-0.0018611
0.57116907,-0.75181865,-0.32944597,-0.40875729,-0.60856748,0.68012002,-0.71181697,-0.2538001,-0.6549063,-0.00156646,-0.00776058,-0.00134865
0.57128202,-0.75170405,-0.32951147,-0.40882005,-0.60874292,0.67992496,-0.7116902,-0.25371798,-0.65507554,-0.00960226,-0.00319511,-0.00451531
0.57133538,-0.75170847,-0.32940891,-0.40881745,-0.60869373,0.67997068,-0.71164889,-0.25382319,-0.6550798,-0.00963974,-0.00458765,-0.002866
0.57126975,-0.75187418,-0.32914446,-0.40884845,-0.60841096,0.68020513,-0.71168378,-0.25401042,-0.65496937,-0.01030556,-0.00682759,-0.00129612
0.57120401,-0.75203982,-0.32888003,-0.4088795,-0.60812805,0.68043939,-0.71171871,-0.2541974,-0.65485883,-0.00452164,-0.00862974,-0.00270749
0.57115066,-0.75199748,-0.32906946,-0.40896442,-0.60828536,0.68024776,-0.71171274,-0.25394625,-0.65496279,-0.00529516,-0.00838244,-0.00726387
0.57110345,-0.75186998,-0.32944248,-0.4090353,-0.60860864,0.67991581,-0.71170987,-0.25354864,-0.65511984,-0.00386376,-0.00561267,-0.0051467
0.571050072,-0.751865657,-0.32954498,-0.409037977,-0.608658002,0.679870234,-0.711751216,-0.253443556,-0.655115823,-0.00686409045,-0.00789391994,-0.000588112511
0.57094024,-0.75189301,-0.32967275,-0.40906413,-0.60869131,0.67982448,-0.71182424,-0.25328184,-0.65509881,-0.00422324,-0.00536853,-0.00103168
0.570868433,-0.752143786,-0.329224775,-0.409109171,-0.608242562,0.680198984,-0.711855965,-0.253615251,-0.654935397,-0.000649084745,-0.00682854652,-0.00122181932
0.57084988,-0.75236061,-0.32876126,-0.40923396,-0.6078525,0.68047269,-0.71179915,-0.2539075,-0.65488406,0.00522216,-0.00648606,-0.00407698
0.57084055,-0.75243091,-0.32861641,-0.40937873,-0.60776522,0.68046332,-0.71172331,-0.25390747,-0.65496622,0.00534722,-0.00684923,-0.00284634
0.57089701,-0.75237372,-0.32864918,-0.40941017,-0.60785293,0.68036586,-0.71165989,-0.25386646,-0.65505082,0.0009816,-0.00461572,-0.0025479
0.571003665,-0.752306334,-0.328618202,-0.409569534,-0.607970638,0.680164858,-0.711482635,-0.253784587,-0.655275186,-0.00020121361,-0.00745457411,-0.00165602798
0.57105386,-0.75230875,-0.32852549,-0.40967005,-0.60796452,0.68010986,-0.71138449,-0.25379228,-0.65537882,-0.00211137,-0.00676584,-0.00208079
0.57104445,-0.75237917,-0.32838075,-0.40981479,-0.60787774,0.68010062,-0.71130877,-0.25379244,-0.65546136,-0.00293547,-0.00996232,-0.00446278
0.571085139,-0.75248979,-0.328056127,-0.409977753,-0.607676091,0.680182177,-0.711182078,-0.25394619,-0.655538833,-0.000225642929,-0.00923418999,-0.00736866565
0.5711695,-0.75270004,-0.32742622,-0.41022804,-0.60726634,0.68039701,-0.71096993,-0.25430254,-0.65563062,-0.00264483,-0.00402504,-0.00679011
0.57121954,-0.75272766,-0.32727542,-0.41027372,-0.6071881,0.68043932,-0.71090337,-0.25440767,-0.65566203,-0.00601875,-0.01024145,-0.00253603
0.571219536,-0.752715073,-0.327304439,-0.41030113,-0.607224225,0.680390686,-0.710887587,-0.254359039,-0.655698157,-0.00938173756,-0.0144676566,-0.000556946266
0.57121954,-0.75268987,-0.32736251,-0.41035598,-0.60729647,0.68029332,-0.71085598,-0.25426168,-0.65577041,-0.00506397,-0.0113771,-0.00432813
0.57122273,-0.75261584,-0.3275268,-0.41041731,-0.6074692,0.68010155,-0.71081786,-0.2540667,-0.6558867,-0.00975767,-0.00786889,-0.00557994
0.57122273,-0.75260325,-0.32755582,-0.41044472,-0.60750532,0.68005291,-0.71080208,-0.25401806,-0.65592283,-0.00997611,-0.00536871,-0.00529298
0.57109377,-0.75285979,-0.32719099,-0.41056845,-0.6071124,0.68032913,-0.71083427,-0.25419738,-0.65581855,-0.00471067,-0.00612485,-0.00366327
0.57109377,-0.75285979,-0.32719099,-0.41056845,-0.6071124,0.68032913,-0.71083427,-0.25419738,-0.65581855,-0.00471067,-0.00612485,-0.00366327
0.570921239,-0.753016537,-0.327131543,-0.410604726,-0.606928025,0.680472027,-0.710951975,-0.254174182,-0.655700255,0.00237799482,-0.00783193111,3.7321588e-06
0.57086479,-0.75301045,-0.32724389,-0.41071032,-0.60702006,0.68032592,-0.71093624,-0.25397163,-0.6557955,0.00118981,-0.01517105,-0.00377129
0.570805125,-0.753002572,-0.327366122,-0.410919036,-0.607155313,0.680079227,-0.710863558,-0.253671709,-0.65599043,1.50147825e-05,-0.00269293785,-0.00967100821
0.57085835,-0.75298162,-0.32732166,-0.41097131,-0.60717835,0.68002734,-0.71079066,-0.25367949,-0.65606669,-0.00082038,-0.00419527,-0.00572658
0.57090186,-0.75308124,-0.32701629,-0.41105863,-0.60696986,0.68016043,-0.71070515,-0.25388196,-0.65608075,0.00365775,-0.00691015,-0.00253089
0.57088887,-0.75322534,-0.32670709,-0.41114206,-0.60670972,0.68034231,-0.71066739,-0.25407684,-0.65604646,0.00193323,-0.010961,-0.00081942
0.57088235,-0.75329731,-0.32655248,-0.41118371,-0.60657948,0.6804332,-0.71064852,-0.25417425,-0.6560291,-0.0012511,-0.01094341,-0.00135441
0.570816096,-0.753436971,-0.32634588,-0.411269611,-0.60636818,0.680569345,-0.710651962,-0.254263753,-0.655990411,0.000140646778,-0.00906360149,-0.000260948727
0.57081282,-0.75346037,-0.32629763,-0.41131786,-0.60633919,0.68056611,-0.71062669,-0.25426379,-0.65601786,-0.00407592,-0.00941032,-0.00498997
0.57075637,-0.75346702,-0.32638105,-0.41139605,-0.60639547,0.68046875,-0.71062678,-0.25410999,-0.65607742,-0.0021288,-0.00956035,-0.00672359
0.57069992,-0.75347368,-0.32646445,-0.41147424,-0.60645175,0.68037145,-0.71062689,-0.25395623,-0.65613699,-0.00472364,-0.00441945,-0.0014391
