0,1,2,3,4,5,6,7,8,9,10,11
0.03559178,-0.60460545,-0.79572944,-0.47185036,-0.71206145,0.51992837,-0.8809599,0.3569601,-0.31062674,0.00350197,-0.00264734,0.00708471
0.03572517,-0.60467021,-0.79567441,-0.47182598,-0.71206463,0.51994653,-0.88096769,0.35684463,-0.31073783,0.00456451,0.00162876,0.002961
0.03604184,-0.60524646,-0.79522179,-0.47174582,-0.71180393,0.52037586,-0.88099765,0.35638725,-0.31117721,0.00322309,-0.00742877,0.00779872
0.03633156,-0.60617214,-0.79450324,-0.47168071,-0.71130057,0.5211227,-0.88102064,0.35581863,-0.3117624,0.00456715,-0.01461327,0.00917574
0.03644844,-0.60663263,-0.79414625,-0.47161747,-0.71105466,0.52151515,-0.88104959,0.35552488,-0.3120153,0.0047087,-0.01351899,0.00176562
0.0366423,-0.60729645,-0.79362984,-0.47162705,-0.71066598,0.52203613,-0.88103645,0.35516872,-0.31245784,0.0063634,-0.01031095,-0.00189086
0.03677617,-0.60736081,-0.79357442,-0.47160276,-0.71066898,0.52205406,-0.8810439,0.35505274,-0.31256872,-0.00392352,-0.0087744,-0.00774409
0.03682313,-0.60721111,-0.79368675,-0.47159909,-0.71078127,0.52190435,-0.88104386,0.35508383,-0.31253334,-0.00331269,-0.00547409,-0.00465973
0.03704094,-0.60689396,-0.79391909,-0.47158154,-0.71105436,0.52154794,-0.88104407,0.35507904,-0.31253799,,,
0.03716468,-0.60687631,-0.79392689,-0.47157137,-0.711103,0.52149106,-0.88104439,0.35501215,-0.3126134,,,
0.03701396,-0.60713631,-0.7937351,-0.47147764,-0.71092996,0.52181158,-0.88110087,0.35491407,-0.31256548,0.00537735,-0.01364112,0.00338149
0.03698722,-0.60741425,-0.79352364,-0.47141333,-0.71076593,0.522093,-0.88113638,0.3547669,-0.31263236,0.00489063,-0.01404548,-0.00217757
0.036930418,-0.60744627,-0.793501719,-0.471391483,-0.710738475,0.522149923,-0.881150395,0.354766826,-0.312592729,0.00348033221,-0.016041398,-0.000182056858
0.03711108,-0.60736087,-0.79355874,-0.47136353,-0.71085393,0.52201819,-0.88115783,0.35468202,-0.31266827,0.00245362,-0.00855058,0.00210323
0.03724498,-0.60735379,-0.79355793,-0.47125989,-0.71093583,0.52200034,-0.88120765,0.35453013,-0.31270027,0.00951574,-0.00776434,0.00408834
0.0373891,-0.60746428,-0.79346653,-0.47118173,-0.71093263,0.52207514,-0.8812433,0.35434704,-0.31280716,0.00782826,-0.00337845,-0.00201802
0.03763067,-0.60779915,-0.79319856,-0.47098948,-0.7108532,0.5223565,-0.88133573,0.35393164,-0.31301676,0.00949601,-0.01131177,0.00241674
0.03787228,-0.60802674,-0.79301265,-0.47067823,-0.71089214,0.52258414,-0.88149169,0.35346238,-0.31310798,0.00275628,-0.01241887,0.00197358
0.03802668,-0.60818323,-0.79288529,-0.47054627,-0.71088277,0.52271582,-0.88155552,0.35321209,-0.31321083,0.0015186,-0.01084,0.00490602
0.03833594,-0.60849607,-0.79263028,-0.47028229,-0.71086366,0.52297914,-0.88168293,0.35271114,-0.31341646,0.00331263,-0.00778157,-0.00114543
0.0385887,-0.60891194,-0.79229859,-0.4700759,-0.71073836,0.52333492,-0.88178198,0.3522457,-0.31366122,0.00170734,-0.0061996,-0.0038648
0.03874349,-0.60910377,-0.7921436,-0.46998366,-0.71068936,0.52348437,-0.88182438,0.35201296,-0.31380337,0.00586884,-0.00798827,-0.0063407
0.03994232,-0.6090252,-0.7921445,-0.469143,-0.71139178,0.52328441,-0.88221848,0.35072786,-0.31413455,0.00183158,0.02094448,-0.00264759
0.04029911,-0.60908017,-0.79208419,-0.46875564,-0.71160302,0.52334441,-0.88240817,0.3502036,-0.31418677,-0.00553735,0.03070581,-0.00198772
0.04097333,-0.60989676,-0.79142092,-0.46791814,-0.711571,0.52413665,-0.88282147,0.34884461,-0.31453715,-0.01119718,0.0339644,-0.01417742
0.04126024,-0.61163558,-0.79006291,-0.4670205,-0.71084531,0.52591883,-0.88328327,0.34727609,-0.31497593,-0.01519056,0.00704706,-0.00109324
0.04127881,-0.6134459,-0.78865722,-0.46522832,-0.71034364,0.52818043,-0.88422774,0.345103,-0.31471457,-0.02623578,-0.00898027,0.0289335
0.04216809,-0.61277944,-0.78912812,-0.46375977,-0.71159312,0.52778981,-0.8849569,0.34371,-0.31418897,-0.04146528,-0.00663465,0.0544765
0.04288967,-0.61237423,-0.78940377,-0.46299492,-0.71234778,0.52744327,-0.88532266,0.34286805,-0.31407854,-0.04529655,-0.00486833,0.06056235
0.04435519,-0.6123407,-0.78934883,-0.46154247,-0.71330895,0.52741733,-0.8860086,0.34092427,-0.31426026,-0.02217836,-0.03377223,0.04960206
0.04440001,-0.61370643,-0.78828495,-0.46031691,-0.71287625,0.52907087,-0.88664372,0.33937009,-0.31415123,0.02041956,-0.06142014,0.014972
0.0436908,-0.61454703,-0.78766927,-0.45971086,-0.71236027,0.53029091,-0.88699316,0.33893137,-0.3136374,0.03153614,-0.07116944,-0.00756597
0.03870666,-0.61342405,-0.78880452,-0.4582189,-0.71240237,0.53152423,-0.8879961,0.34087168,-0.30865709,0.05113276,-0.05405807,-0.05298661
0.03428224,-0.60534203,-0.79522684,-0.45797343,-0.7167501,0.5258608,-0.88830459,0.34616509,-0.30180235,0.04629045,0.02168834,-0.04661045
0.03013123,-0.60083395,-0.79880586,-0.45770095,-0.71875409,0.52335707,-0.88859556,0.34984476,-0.2966593,0.03586613,0.02715814,-0.03816839
0.02777489,-0.59961348,-0.79980758,-0.45755294,-0.71900257,0.52314481,-0.88874844,0.35142405,-0.29432508,0.02821733,0.01166594,-0.03767011
0.02294961,-0.5984386,-0.80083989,-0.45737748,-0.71858785,0.52386762,-0.88897645,0.35426359,-0.29020363,0.02107824,-0.01964718,-0.03134505
0.01874511,-0.59786013,-0.80138115,-0.4573286,-0.71788556,0.52487203,-0.88910013,0.3566558,-0.28687528,0.01350393,-0.03850651,-0.0133258
0.01706813,-0.59712876,-0.8019638,-0.45725336,-0.71795373,0.52484458,-0.88917268,0.35774252,-0.28529327,0.01304257,-0.03206575,-0.00543413
0.01501711,-0.59484316,-0.80370146,-0.45683681,-0.71907413,0.52367205,-0.88942372,0.3592964,-0.28254462,0.00967916,-0.00895053,0.01124515
0.01387775,-0.59277922,-0.8052455,-0.45620091,-0.72037388,0.52243889,-0.88976865,0.3601034,-0.28042368,0.01057024,0.00588453,0.00263323
0.01331192,-0.59231539,-0.80559619,-0.45580926,-0.7206845,0.52235208,-0.8899779,0.36024471,-0.2795765,0.01640924,0.01763594,-0.00397088
0.012355,-0.59253861,-0.80544734,-0.4550648,-0.72058973,0.5231315,-0.89037264,0.36006741,-0.27854639,0.03888291,0.01394022,-0.0370497
0.01091396,-0.59350516,-0.80475617,-0.45440043,-0.7198501,0.52472472,-0.89073066,0.35995474,-0.27754539,0.04902415,0.02074611,-0.04175628
0.00995004,-0.59393109,-0.80445428,-0.45398594,-0.71948519,0.52558305,-0.8909532,0.35998143,-0.27679515,0.05359753,0.02164376,-0.03671259
0.00741921,-0.59419893,-0.80428396,-0.45306031,-0.71901509,0.52702356,-0.89144905,0.360479,-0.27454255,0.04827678,0.03237712,-0.03980565
0.00474,-0.59353255,-0.80479605,-0.45272002,-0.71887829,0.52750228,-0.89164015,0.3618469,-0.27211158,0.03236138,0.02245605,-0.00821586
0.00372992,-0.59284013,-0.80531147,-0.45291343,-0.7189842,0.52719157,-0.89154663,0.36277005,-0.27118693,0.02618145,0.02482498,0.0214642
-0.000557577128,-0.590149644,-0.807293615,-0.455299769,-0.718614537,0.525637791,-0.890337972,0.367853727,-0.268294238,0.0210432447,0.0242694616,0.0568339527
-0.00221548,-0.59007186,-0.80734771,-0.45597006,-0.71794076,0.5259776,-0.88999238,0.36929166,-0.26746454,0.03326108,0.00677359,0.05694095
-0.00628149,-0.5900669,-0.80732983,-0.45704664,-0.71638986,0.52715624,-0.88942047,0.37229878,-0.265188,0.02930097,-0.03036761,0.02532127
-0.0111575,-0.58972392,-0.80752769,-0.45737401,-0.7151366,0.52857189,-0.8892043,0.37523983,-0.26174509,0.0092611,-0.06564134,-0.01601665
-0.01378207,-0.58891185,-0.80807966,-0.45728857,-0.71497793,0.52886053,-0.88921148,0.37681445,-0.25944867,-0.00418061,-0.0839352,-0.0243151
-0.01863823,-0.58575246,-0.81027571,-0.45667757,-0.71595224,0.52807015,-0.88943705,0.37987701,-0.25415598,-0.03679261,-0.08857995,-0.04420885
-0.02385484,-0.57826497,-0.81550009,-0.45607844,-0.71960308,0.52360633,-0.88961972,0.38442263,-0.24656806,-0.06910896,-0.02722079,-0.03556691
-0.02516416,-0.57407844,-0.8184135,-0.45596022,-0.72196718,0.52044556,-0.88964431,0.3862606,-0.2435892,-0.07503144,0.01770794,0.00385882
-0.02463083,-0.57218787,-0.81975262,-0.4556465,-0.72344952,0.5186589,-0.88981997,0.38629241,-0.24289623,-0.06422744,0.03899026,0.02711639
-0.0216606,-0.57387473,-0.81865654,-0.45418346,-0.72382605,0.51941612,-0.89064478,0.38307116,-0.24496585,-0.0303518,0.0349828,0.01203496
-0.01922486,-0.57683515,-0.81663425,-0.45260102,-0.72328231,0.52155039,-0.8915058,0.37963628,-0.24717108,-0.01428319,0.00557899,0.01971715
-0.0179556936,-0.578573673,-0.815432383,-0.451551505,-0.72296014,0.522905021,-0.892064294,0.377598898,-0.24827447,-0.0163574927,-0.000301361084,-0.0118172215
-0.01562229,-0.58136965,-0.8134895,-0.44920382,-0.72278075,0.52517019,-0.89329265,0.373627,-0.2498619,-0.02445364,0.01491868,-0.0519508
-0.01367909,-0.58341165,-0.8120613,-0.44656569,-0.72307897,0.52700626,-0.89464618,0.36984776,-0.25064044,-0.04020672,-0.00735217,-0.02510596
-0.01144717,-0.58644234,-0.80991009,-0.44339492,-0.72300275,0.52978108,-0.89625327,0.36517451,-0.25174923,-0.03424681,-0.04293996,0.01451562
-0.01008553,-0.58842553,-0.80848855,-0.44210476,-0.72258864,0.5314218,-0.89690675,0.36279628,-0.25285808,-0.02148371,-0.06138504,0.03939624
-0.00917872,-0.58916743,-0.80795869,-0.4417271,-0.7224937,0.53186428,-0.89710238,0.36177919,-0.25361947,-0.01451817,-0.06777424,0.06227088
-0.00657477747,-0.589473252,-0.807761138,-0.440997356,-0.723275066,0.531408043,-0.897484319,0.359714417,-0.255200772,0.000260092318,-0.0170850754,0.0387053639
-0.00657477747,-0.589473252,-0.807761138,-0.440997356,-0.723275066,0.531408043,-0.897484319,0.359714417,-0.255200772,0.000260092318,-0.0170850754,0.0387053639
-0.00294192,-0.58923864,-0.80795355,-0.4391998,-0.72509778,0.53041148,-0.89838446,0.35641357,-0.25666014,0.02507345,0.00299609,0.06122519
-0.00110458,-0.59003671,-0.80737572,-0.43758766,-0.72568789,0.53093719,-0.89917513,0.35388407,-0.25739126,0.04004862,-0.00183821,0.04089213
8.63336427e-05,-0.592032101,-0.805914332,-0.43709719,-0.724873148,0.532451723,-0.899414234,0.352216954,-0.258838095,0.0510452241,-0.0221661925,0.0324973613
0.00049586609,-0.59382629,-0.804593153,-0.437481321,-0.723641212,0.533810432,-0.89922739,0.351729755,-0.260146776,0.0461073443,-0.0338949561,0.0254989266
0.0009166,-0.595052,-0.80368665,-0.43833568,-0.72260196,0.53451676,-0.89881085,0.35179462,-0.26149482,0.04253714,-0.0245502,-0.02218539
0.00113762,-0.59524499,-0.80354333,-0.43879001,-0.72235304,0.53448015,-0.89858879,0.35197886,-0.26200916,0.04065464,-0.00419962,-0.04536671
0.00130275,-0.59505666,-0.80368258,-0.43936356,-0.7222965,0.53408531,-0.89830829,0.35241314,-0.26238705,0.03354685,0.01103878,-0.02634906
0.00122567,-0.59512108,-0.80363502,-0.43898902,-0.72238048,0.5342797,-0.8984915,0.35213217,-0.2621369,0.01360556,-0.01330185,0.01060609
0.0012927,-0.59537162,-0.80344934,-0.43861417,-0.72237818,0.53459067,-0.89867448,0.35171325,-0.26207217,0.00777825,-0.02389991,0.01495117
0.00157193,-0.59620087,-0.80283366,-0.43802397,-0.72212907,0.53541043,-0.89896183,0.35081883,-0.26228529,0.00595294,-0.02651298,0.01398356
0.00197622,-0.59771031,-0.80170976,-0.43760207,-0.72139037,0.5367499,-0.8991666,0.34976909,-0.26298494,0.01847689,-0.02349198,0.00162657
0.00207963,-0.59845851,-0.801151,-0.43745912,-0.72097119,0.53742887,-0.8992358,0.34935323,-0.26330038,0.02168901,-0.02076304,-0.00130151
0.00216344,-0.59938055,-0.80046115,-0.4371248,-0.7205034,0.53832738,-0.89939813,0.34873688,-0.26356271,0.01967549,-0.00376809,-0.00552574
0.00218979,-0.5998514,-0.80010838,-0.43682986,-0.72030787,0.53882846,-0.89954144,0.34833135,-0.26361027,0.01112505,0.01987517,-0.01233634
0.00218162,-0.60010854,-0.79991551,-0.43662246,-0.72021269,0.53912359,-0.89964211,0.34808499,-0.26359199,0.01076964,0.01850402,-0.00842854
0.00224416747,-0.600791982,-0.7994021,-0.436239558,-0.719915834,0.539829443,-0.899827635,0.347519457,-0.263704666,0.00833732449,0.00949060917,0.000622411957
0.00245263,-0.60169495,-0.79872217,-0.43589678,-0.71949217,0.54067079,-0.89999329,0.34683438,-0.26404149,0.00428484,-0.00690925,0.01118023
0.00252399,-0.60219159,-0.79834758,-0.4358014,-0.71921113,0.54112141,-0.90003928,0.34655523,-0.26425117,-0.0024911,-0.01714307,0.01543658
0.00274122,-0.60315585,-0.7976186,-0.43602618,-0.71852701,0.54184865,-0.89992976,0.3462973,-0.26496132,-0.01190218,-0.03401703,0.00733341
0.00306354,-0.60378747,-0.79713926,-0.43660235,-0.71795995,0.54213593,-0.89964921,0.34637216,-0.2658143,-0.00788891,-0.0138436,-0.00275422
0.0032898,-0.60333291,-0.79748265,-0.43682568,-0.71824247,0.54158201,-0.89954016,0.34657921,-0.26591418,-0.00404032,0.00664353,-0.01162614
0.00350476,-0.60268888,-0.79796861,-0.43694457,-0.71868992,0.5408922,-0.89948165,0.34677232,-0.26586052,-0.00818091,0.01239407,-0.00314567
0.0035476,-0.60253871,-0.79808183,-0.43694434,-0.71880298,0.54074214,-0.8994816,0.34679896,-0.26582597,-0.00991423,0.00972021,0.00235766
0.00368891,-0.6022773,-0.79827832,-0.43704761,-0.71897678,0.54042713,-0.89943071,0.34689212,-0.26587597,-0.00477269,-0.00494647,0.00645625
0.00372019,-0.60232835,-0.79823974,-0.43738316,-0.71882111,0.54036297,-0.89926754,0.34712638,-0.26612241,0.00094541,-0.0117988,0.009281
0.00373567,-0.60220606,-0.798332,-0.43823719,-0.71857796,0.53999445,-0.89885165,0.3478415,-0.26659351,0.00840164,-0.01494062,0.00854089
0.00386187,-0.60159353,-0.79879309,-0.43865894,-0.71886158,0.53927406,-0.89864537,0.34831509,-0.26667059,0.01755741,-0.00116336,-0.00611578
0.00398043,-0.60116623,-0.79911406,-0.43879354,-0.71912854,0.53880823,-0.89857907,0.34850141,-0.26665027,0.01607151,-0.00506181,-0.00392712
0.0041629458,-0.600378749,-0.799704942,-0.439078727,-0.719595922,0.537951228,-0.898438929,0.348893981,-0.266609152,0.00667985668,-0.000660955906,4.63268952e-05
0.00448222,-0.60028159,-0.79977605,-0.43943663,-0.71960544,0.53764593,-0.89826231,0.34904113,-0.26701101,0.00103641,-0.00592774,-0.00250756
0.00494895,-0.60110017,-0.79915824,-0.4400118,-0.71895322,0.5380479,-0.89797824,0.34897638,-0.26804909,0.00349471,-0.01091421,-0.00635895
0.00531439,-0.60133458,-0.79897964,-0.44030663,-0.71877668,0.53804289,-0.89783173,0.34893667,-0.26859146,0.00867168,-0.00994116,-0.00258755
0.00559017,-0.6012102,-0.79907133,-0.44046501,-0.71887095,0.53778716,-0.89775234,0.34895667,-0.26883063,0.00762911,-0.0150038,0.00367515
0.0062293,-0.60069607,-0.79945328,-0.44082026,-0.7192458,0.53699457,-0.89757384,0.34907006,-0.26927948,0.0022542,-0.00815707,0.0093825
0.00665962,-0.60028571,-0.79975797,-0.44094495,-0.71958506,0.53643737,-0.8975095,0.34907672,-0.26948519,0.00379694,-0.0036642,0.00611341
0.00671491,-0.60021805,-0.79980826,-0.44092856,-0.71965119,0.53636206,-0.89751711,0.34905666,-0.2694857,0.00956043,-0.013345,0.00513874
0.00667111,-0.60026178,-0.79977582,-0.44080932,-0.71965682,0.53645253,-0.89757602,0.34896987,-0.26940194,0.01317979,-0.01101899,-0.00167407
0.00664817,-0.6002028,-0.7998203,-0.44096059,-0.71963161,0.53636207,-0.8975019,0.34912336,-0.26945009,0.00498637,-0.01110482,-0.00238379
0.00674732,-0.6000558,-0.79992971,-0.44102341,-0.71973149,0.53617625,-0.89747025,0.34916997,-0.26949493,0.00889785,-0.0123049,0.00425288
0.00698956189,-0.59968229,-0.800207602,-0.441228126,-0.719965022,0.535693897,-0.897367704,0.349329875,-0.269628867,0.00845901389,-0.000632286072,0.00713666156
0.00727745,-0.59967619,-0.80020958,-0.44141011,-0.71997321,0.53553286,-0.89727589,0.34932334,-0.2699426,0.0043947,-0.00609452,0.00247775
0.00753274,-0.59983236,-0.80009019,-0.44149728,-0.71990133,0.53555772,-0.89723092,0.34920347,-0.27024711,0.00331664,-0.00914145,0.00352893
0.00792155,-0.6001971,-0.79981283,-0.44172016,-0.71967163,0.53568257,-0.89711784,0.34905007,-0.27081998,0.00406779,-0.01206726,-0.0090586
0.00826499,-0.60012318,-0.79986482,-0.44188555,-0.71974626,0.53544586,-0.89703329,0.34902331,-0.27113437,0.00159198,-0.00380278,-0.00438021
0.00848616455,-0.599923665,-0.80001226,-0.441899586,-0.719932106,0.53518462,-0.8970244,0.348983406,-0.271215506,0.00695482502,-0.00271773338,-0.000333050266
0.00870774652,-0.59972393,-0.800159502,-0.441913418,-0.720117702,0.534923135,-0.897015358,0.348943314,-0.271296542,0.00782512873,0.000883281231,-0.00317107188
0.00896308,-0.59984432,-0.80006653,-0.44196054,-0.72008548,0.53492783,-0.89698971,0.34880324,-0.27156171,0.00218866,-0.0100894,0.00188438
0.00916342,-0.60003236,-0.79992314,-0.44202418,-0.71998686,0.53500771,-0.89695623,0.34868295,-0.27182623,0.00714029,-0.01165235,0.00195283
0.00948563,-0.6002748,-0.79973763,-0.44215918,-0.71985633,0.53507224,-0.89688649,0.3485358,-0.27224538,0.00813576,-0.01083606,-0.00302452
0.00984062,-0.60021227,-0.79978026,-0.44222871,-0.71996337,0.53487067,-0.89684837,0.3484223,-0.27251604,0.00251806,-0.01317346,0.00809325
0.01002959,-0.60021031,-0.79977933,-0.44218788,-0.72002952,0.53481525,-0.89686636,0.34828875,-0.27262732,0.0072143,-0.0063321,0.00817219
0.01025268,-0.60042121,-0.79961818,-0.44206053,-0.7199958,0.5349659,-0.89692662,0.34799481,-0.27280439,0.00555348,-0.00855249,0.00477873
0.0104663184,-0.601066612,-0.79913037,-0.44192768,-0.719670605,0.535512917,-0.896989602,0.347552997,-0.273160249,0.0038989922,-0.017640233,-0.00042014831
0.0106345,-0.60141619,-0.79886503,-0.441897,-0.71949166,0.53577844,-0.89700267,0.34731839,-0.27341534,0.00918969,-0.01380205,-0.00282481
0.01097107,-0.60204372,-0.79838763,-0.44175565,-0.71921251,0.53626951,-0.89706822,0.34680888,-0.27384661,0.00616571,-0.02261674,-0.0033796
0.0115060338,-0.602341516,-0.798155503,-0.441699067,-0.719173269,0.536368871,-0.897089429,0.346373108,-0.274328444,-6.07960392e-05,-0.0120524168,0.00586643582
0.0118406425,-0.602451724,-0.798067374,-0.441578621,-0.719232362,0.536388673,-0.897144322,0.346058387,-0.27454584,-0.000676498166,-0.00934267044,0.00612467481
0.0124228,-0.6029724,-0.79766522,-0.44134006,-0.71912502,0.53672886,-0.89725384,0.34537401,-0.27504931,,,
0.01307576,-0.60388074,-0.7969675,-0.44088884,-0.71885594,0.53746011,-0.89746653,0.34434632,-0.27564395,0.00541136,-0.00672317,0.00580679
0.01348201,-0.60437798,-0.79658356,-0.44055561,-0.71875288,0.53787064,-0.89762401,0.34368783,-0.27595225,0.00190057,-0.00775313,0.00795263
0.01441816,-0.60538917,-0.79579892,-0.43992059,-0.71855366,0.53865597,-0.89792084,0.34232197,-0.27668328,-0.00241623,-0.01099473,0.00101645
0.01554638,-0.60646606,-0.79495727,-0.43932524,-0.71834109,0.5394248,-0.89819345,0.34085877,-0.27760332,-0.00597064,-0.01660752,-0.00361422
0.01633493,-0.60709631,-0.7944603,-0.43907123,-0.71821247,0.5398029,-0.89830371,0.34000705,-0.27829042,-0.00957766,-0.02063358,-0.01345709
0.01793292,-0.608111,-0.79364947,-0.438673,-0.7180833,0.54029852,-0.89846785,0.33846343,-0.27963925,-0.00783938,-0.01483238,-0.01863988
0.0200853,-0.60862285,-0.79320537,-0.4383068,-0.71842293,0.540144,-0.89860096,0.33681838,-0.28119323,-0.00665835,-0.00183058,-0.01004641
0.02119631,-0.6088665,-0.79298946,-0.43808702,-0.71862254,0.54005683,-0.89868263,0.33595118,-0.28196865,-0.00665911,-0.00466192,-0.0139404
0.02569345,-0.61044346,-0.79164291,-0.43697971,-0.71909794,0.54032087,-0.89910424,0.33204924,-0.28522741,0.00605454,0.00571668,0.00995263
0.0267615241,-0.611117705,-0.791087235,-0.436596622,-0.719047812,0.540697429,-0.899259281,0.330916108,-0.286054772,0.010057549,-5.65052032e-05,0.00301222247
0.02882131,-0.61236594,-0.79004887,-0.43587791,-0.71897394,0.5413749,-0.89954416,0.32876175,-0.2876385,0.01727549,-0.01124907,0.00122959
0.03073992,-0.61317828,-0.78934625,-0.43536194,-0.71908461,0.54164322,-0.89973056,0.32700123,-0.28905912,0.01254297,-0.01110154,0.00341434
0.0316807,-0.61353205,-0.78903413,-0.43520703,-0.71913249,0.54170422,-0.8997729,0.32623158,-0.28979615,0.01352426,-0.01171505,-0.00252006
0.03322333,-0.61413557,-0.78850093,-0.43501838,-0.71916956,0.54180639,-0.89980844,0.32501178,-0.29105346,0.01220877,-0.00809264,-0.0023108
0.03445226,-0.61469132,-0.78801501,-0.4347999,-0.71917098,0.5419799,-0.89986784,0.3239564,-0.29204482,0.01694445,-0.01107639,-0.00554474
0.0358634,-0.61469476,-0.78794929,-0.4345136,-0.7196201,0.54161304,-0.89995092,0.32295064,-0.2929012,0.01484949,0.00267935,0.00246975
0.03672606,-0.61484306,-0.78779383,-0.43428312,-0.71981332,0.54154114,-0.90002738,0.32223693,-0.2934518,0.01642412,0.00181031,0.01474023
0.03702605,-0.61509204,-0.78758537,-0.43416438,-0.71975835,0.54170929,-0.90007234,0.32188422,-0.29370076,0.01895367,-0.00484991,0.01330519
0.03739297,-0.61574529,-0.78705741,-0.43397257,-0.71946743,0.54224918,-0.90014968,0.32128508,-0.29411949,0.01832089,-0.01024109,0.00311002
0.03736274,-0.61622425,-0.78668393,-0.43375769,-0.71920649,0.5427671,-0.90025452,0.32095098,-0.29416346,0.01789377,-0.01290834,-0.00111831
0.0371289676,-0.616308848,-0.786628703,-0.433721656,-0.719103398,0.542932411,-0.900281533,0.321019441,-0.294005971,0.0219881553,-0.0128508806,-0.000586004928
0.03668978,-0.6162128,-0.78672445,-0.43362041,-0.71909747,0.54302086,-0.90034822,0.32121659,-0.29358577,0.01194811,-0.00911421,-0.00401035
0.036183644,-0.615712444,-0.787139719,-0.433592554,-0.719328329,0.542737751,-0.900382279,0.321659689,-0.292996257,0.00587006519,0.000237286091,-0.0037385365
0.0359652652,-0.615486178,-0.787326527,-0.433582733,-0.719433738,0.542605514,-0.90039564,0.321856328,-0.292738657,0.0045108581,0.000134706497,-0.00269329059
0.0354576749,-0.615341408,-0.787462864,-0.433473329,-0.719447887,0.542674592,-0.900468591,0.322102144,-0.292244079,0.00428497279,-0.00808656216,-0.000727959326
0.03503223,-0.61532583,-0.78749405,-0.43335717,-0.71939521,0.54283709,-0.90054112,0.3222494,-0.29185788,0.00283162,-0.01172811,0.00290468
0.03490871,-0.61530982,-0.78751208,-0.43332611,-0.71938697,0.54287291,-0.9005609,0.32229852,-0.29174273,-0.00126046,-0.0091694,0.00331075
0.03466182,-0.61524208,-0.7875758,-0.43322323,-0.71940934,0.54292508,-0.90061983,0.32237741,-0.29147312,0.00190045,-0.00901103,0.00234579
0.0346617567,-0.61517105,-0.787631317,-0.433142005,-0.719487434,0.542886495,-0.900658934,0.322338831,-0.291395084,0.00419949321,-0.0102347732,-0.000202330877
0.03466183,-0.61513549,-0.78765904,-0.43310135,-0.71952641,0.54286715,-0.90067844,0.32231948,-0.29135603,0.00364316,-0.01119822,0.00271119
0.0349924,-0.61486962,-0.78785202,-0.43315762,-0.71977099,0.54249798,-0.90063862,0.32228084,-0.29152192,-0.00375759,-0.00789344,-0.00126599
0.03506063,-0.61488265,-0.78783892,-0.43312514,-0.71979065,0.54249808,-0.90065168,0.32221248,-0.2915575,-0.00211207,-0.0105083,-0.00596482
0.03532101,-0.61492447,-0.78779455,-0.43309115,-0.71983795,0.54246222,-0.90065777,0.32202656,-0.29174371,0.00278187,-0.01055521,-0.00205824
0.03549949,-0.6148725,-0.78782716,-0.43310449,-0.71991303,0.5423521,-0.90064439,0.32195824,-0.29186061,0.00587945,-0.00544053,0.00176392
0.0356098493,-0.61477192,-0.787900573,-0.433109555,-0.720007404,0.542222513,-0.900637519,0.321938854,-0.291902867,0.0038877402,-0.00575083494,-0.000736862072
0.03583033,-0.61464189,-0.78799201,-0.43320094,-0.72011839,0.54200203,-0.90058481,0.32193883,-0.29206542,0.00753703,-0.00347888,0.00277249
0.03587204,-0.61456399,-0.78805095,-0.43327922,-0.72015441,0.54189181,-0.90054556,0.32200734,-0.29211121,0.01050013,-0.00711942,0.00378343
0.03585882,-0.61451855,-0.78808696,-0.43333455,-0.72016257,0.54183667,-0.90051945,0.3220757,-0.29211627,0.00726391,-0.003497,0.00186492
0.0358192102,-0.614346594,-0.788222739,-0.433459931,-0.720226006,0.541651829,-0.900460611,0.322261505,-0.292092444,0.0127397906,-0.00954496861,0.000401447993
0.03572425,-0.61420723,-0.78833574,-0.4335625,-0.72026187,0.54152227,-0.90041508,0.32244735,-0.29202802,0.00950015,-0.00768203,-0.00094563
0.03564264,-0.61414885,-0.78838495,-0.43365036,-0.72025048,0.54146714,-0.90037603,0.32258409,-0.29199752,0.01209458,-0.01110244,-0.00112566
0.0354244732,-0.614028911,-0.78848815,-0.433762583,-0.720238828,0.541392631,-0.900330544,0.322838126,-0.291856819,0.00849648565,-0.0106588602,0.000507737044
0.03519318,-0.61379219,-0.78868276,-0.43384891,-0.72031334,0.54122423,-0.90029799,0.32312179,-0.29164312,0.0091012,-0.00968802,0.0042736
0.03504337,-0.6137207,-0.78874508,-0.43396925,-0.72028231,0.54116908,-0.90024585,0.32332675,-0.29157699,0.00801458,-0.01116425,0.00224642
0.03481506,-0.61323347,-0.78913402,-0.43425915,-0.72045581,0.54070527,-0.90011487,0.32386404,-0.29138486,0.00330607,-0.00738132,0.00125403
0.0348310182,-0.61306432,-0.789264748,-0.434447955,-0.720507689,0.540484477,-0.900023153,0.324068875,-0.291440486,0.00073662668,-0.010181427,-0.00159616233
0.03494156,-0.61307048,-0.78925501,-0.43457475,-0.72048493,0.5404127,-0.89995759,0.32410753,-0.29159967,0.00299759,-0.01069027,-0.00244749
0.03499671,-0.61307361,-0.78925018,-0.43463818,-0.72047363,0.54037687,-0.89992485,0.32412691,-0.2916793,0.00322936,-0.00895578,0.00147305
0.03505181,-0.61314792,-0.78919007,-0.43478284,-0.72038437,0.54037967,-0.89985289,0.32418503,-0.29183695,0.00348731,-0.01218319,-0.00305171
0.03509396,-0.61303432,-0.78927647,-0.43482041,-0.72045906,0.54024993,-0.89983312,0.324234,-0.29184361,0.00502545,-0.01091951,-0.00187349
0.03519148,-0.61285243,-0.78941333,-0.43484,-0.72060043,0.54004546,-0.89981981,0.32426352,-0.29185171,0.00494517,-0.00669527,-0.00251851
0.0353313208,-0.612556803,-0.789636454,-0.43489706,-0.720816372,0.539711097,-0.899786704,0.324341925,-0.291866452,0.00703301793,-0.00109803677,-0.000400052173
0.03544187,-0.61252737,-0.78965432,-0.43498318,-0.72083266,0.53961991,-0.89974072,0.32436127,-0.29198665,0.00980167,-0.00695795,0.00177194
0.035442,-0.61259862,-0.78959897,-0.43506437,-0.72075456,0.53965856,-0.89970139,0.32439992,-0.29206462,0.01066211,-0.00692827,0.00391437
0.0354159,-0.6125788,-0.7896156,-0.43525625,-0.72069265,0.53958675,-0.89960968,0.32457524,-0.29215263,0.00874046,-0.01357299,0.0053957
0.03541943,-0.61229258,-0.78983737,-0.43541889,-0.72083025,0.53927155,-0.89953081,0.32480951,-0.29213502,0.00515453,-0.00848889,0.0010772
0.0353934825,-0.612201404,-0.789909267,-0.435529431,-0.720846296,0.539160988,-0.899478363,0.32494599,-0.292144924,0.00441627251,-0.00693523884,-9.35118878e-05
0.0352017,-0.61220783,-0.78991289,-0.43557179,-0.72077936,0.53921633,-0.8994654,0.32508246,-0.29203309,0.00888245,-0.00894201,-0.00555385
0.03500998,-0.61221415,-0.78991651,-0.43561406,-0.72071245,0.53927161,-0.89945242,0.32521887,-0.29192119,0.00738627,-0.01000524,-0.00489516
0.03492883,-0.61211981,-0.78999323,-0.43566128,-0.72073979,0.53919698,-0.89943272,0.32533595,-0.29185149,0.00726545,-0.00891495,-0.00151155
0.03483498,-0.6118728,-0.79018863,-0.43564198,-0.72089199,0.53900888,-0.89944564,0.32546303,-0.29166965,0.00674406,-0.00936663,0.00250218
0.03489022,-0.61180462,-0.79023902,-0.43562414,-0.72095867,0.53893423,-0.89945218,0.32544368,-0.29167123,0.00772995,-0.00693423,0.00652556
0.0350653453,-0.612181628,-0.789939216,-0.435636815,-0.720740007,0.539216292,-0.899439201,0.325218849,-0.291961772,0.00893828925,-0.0112166405,-0.000805784133
0.03507812,-0.61226291,-0.78987573,-0.43562215,-0.72069314,0.53929099,-0.89944588,0.32517004,-0.29199586,0.00803732,-0.01273018,-0.00304516
0.0352017,-0.61220783,-0.78991289,-0.43557179,-0.72077936,0.53921633,-0.8994654,0.32508246,-0.29203309,0.01034875,-0.01024127,0.00180476
0.0352700972,-0.612220831,-0.789899647,-0.435539205,-0.720798902,0.539216235,-0.899478404,0.325014155,-0.292068661,0.00674418407,-0.00708091259,0.000196887064
0.03529586,-0.61231206,-0.78982783,-0.43542869,-0.720783,0.53932687,-0.89953094,0.32487776,-0.2920588,0.00835317,-0.00812256,0.00365508
0.03533469,-0.6125558,-0.78963708,-0.43538465,-0.72064201,0.53955081,-0.89955074,0.32473106,-0.29216096,0.00659422,-0.01170403,-0.00139818
0.03541594,-0.61261436,-0.78958798,-0.43529678,-0.72065368,0.53960604,-0.89959005,0.32459453,-0.29219156,0.00986791,-0.0109781,-0.00153356
0.03541594,-0.61261436,-0.78958798,-0.43529678,-0.72065368,0.53960604,-0.89959005,0.32459453,-0.29219156,0.00794164,-0.00555778,0.00264451
0.03555227,-0.61264052,-0.78956166,-0.43523179,-0.72069307,0.53960612,-0.8996162,0.32445812,-0.29226289,0.01001468,-0.00330728,0.00242698
0.0357018659,-0.612783416,-0.789443949,-0.435192688,-0.720646232,0.539700039,-0.89962914,0.324291986,-0.292407196,0.00717606256,-0.00593751669,0.000285092625
0.0357148,-0.61290026,-0.7893527,-0.43521858,-0.72056028,0.53979402,-0.89961614,0.32426234,-0.29248021,0.00660389,-0.00806761,0.00104043
0.03582217,-0.61315678,-0.78914855,-0.43514202,-0.72043878,0.54001778,-0.89964887,0.32404713,-0.29261789,0.00221489,-0.00998431,0.00201567
0.03584824,-0.61331905,-0.78902125,-0.43511268,-0.72034469,0.54016689,-0.89966201,0.32394917,-0.2926859,0.00522332,-0.01123714,-0.00091174
0.03586124,-0.61336458,-0.78898529,-0.43505742,-0.72033667,0.54022217,-0.89968825,0.3238809,-0.29268092,0.00285709,-0.00825268,0.0023666
0.0358191738,-0.613478181,-0.788898795,-0.435019965,-0.720261824,0.540351904,-0.899707963,0.323831856,-0.292674297,0.00316194235,-0.0112920403,0.000210063474
0.0358873759,-0.613491193,-0.788885636,-0.43498746,-0.720281543,0.540351939,-0.899721012,0.323763593,-0.292709913,0.00667230366,-0.00901407003,2.44318508e-05
0.0357770773,-0.613520558,-0.788867702,-0.434901273,-0.720265031,0.540443037,-0.899766974,0.323744219,-0.292589651,0.00664255721,-0.0059787035,4.69379593e-05
0.03579004,-0.61360168,-0.78880408,-0.43488661,-0.72021806,0.54051761,-0.89977361,0.32369526,-0.29262366,0.00677932,-0.01036334,0.00503246
0.03569261,-0.61374784,-0.78869482,-0.43482634,-0.72011563,0.54070265,-0.89980664,0.32364624,-0.29257646,0.0073666,-0.00781077,0.00139993
0.0357056636,-0.613864535,-0.788603434,-0.434852281,-0.720029557,0.540796469,-0.899793608,0.323616533,-0.292649482,0.00649591209,-0.0121608973,-0.000536632957
0.03569253,-0.61378347,-0.78866715,-0.43486698,-0.72007667,0.54072198,-0.89978705,0.32366557,-0.2926155,0.00556833,-0.01014376,0.00204742
0.03574784,-0.61375098,-0.78868987,-0.43488979,-0.72010426,0.54066675,-0.89977378,0.32366555,-0.29265613,0.00629856,-0.00689673,-0.00173132
0.03585826,-0.61365036,-0.78876317,-0.43489479,-0.72019868,0.54053698,-0.89976698,0.32364632,-0.29269835,0.00424756,-0.00920391,0.00253653
0.0358714,-0.61376697,-0.7886718,-0.43492066,-0.72011262,0.54063073,-0.89975392,0.32361654,-0.29277128,0.00560812,-0.01007926,-0.0028471
0.0358293086,-0.613773841,-0.788668345,-0.43476137,-0.720154773,0.54070264,-0.899832561,0.323509607,-0.292647678,0.0121981977,-0.00335645676,0.000319816405
0.0359949957,-0.613605048,-0.788792119,-0.434748481,-0.720315891,0.540498308,-0.899832162,0.32347103,-0.292691486,0.0058485521,0.00108766556,-0.000351190218
0.03622897,-0.61359168,-0.78879184,-0.43486549,-0.72034068,0.54037121,-0.89976626,0.32344132,-0.29292693,0.00456961,-0.01294917,0.00474076
0.035995028,-0.613676266,-0.788736692,-0.43482973,-0.720237845,0.540536902,-0.899792884,0.323509625,-0.292769501,0.00523230014,-0.0066999197,0.000177314854
0.0359397601,-0.613673166,-0.788741648,-0.434766325,-0.720249199,0.540572839,-0.899825753,0.323490335,-0.292689873,0.00638970826,-0.00890743732,-0.000389352324
0.03593983,-0.61363753,-0.78876932,-0.43472568,-0.72028815,0.5405535,-0.89984535,0.323471,-0.29265084,0.00451418,-0.00486052,-0.00414103
0.0359266849,-0.613556463,-0.788833024,-0.434740378,-0.720335265,0.540479002,-0.899838806,0.323520038,-0.292616882,0.00870893989,-0.00514340401,-0.000145066064
0.0358451917,-0.613462392,-0.788909958,-0.434787573,-0.720362803,0.540404505,-0.899819312,0.323637385,-0.292547299,0.00630895142,-0.00934773684,-0.000566431205
0.03588738,-0.61334877,-0.78899637,-0.43482504,-0.72043751,0.54027472,-0.89979952,0.32368638,-0.29255394,0.00476458,-0.01076072,0.00186154
0.03588738,-0.61334877,-0.78899637,-0.43482504,-0.72043751,0.54027472,-0.89979952,0.32368638,-0.29255394,,,
0.03584519,-0.61346239,-0.78890996,-0.43478757,-0.7203628,0.54040451,-0.89981931,0.32363739,-0.2925473,0.00567382,-0.01241505,0.00192414
0.03585829,-0.61347225,-0.78890168,-0.43469163,-0.72039375,0.5404404,-0.89986513,0.32354974,-0.29250326,0.01055407,-0.01014733,0.00221066
0.03587122,-0.61355342,-0.78883806,-0.43467701,-0.72034677,0.54051501,-0.89987176,0.32350082,-0.2925373,0.00662046,-0.00815028,-0.00099375
0.0358843984,-0.613598938,-0.788802006,-0.434621678,-0.720338612,0.540570249,-0.899897915,0.323432435,-0.292532283,0.00753032975,-0.00898039341,0.000284831389
0.03597904,-0.61377406,-0.78866136,-0.43455981,-0.72026396,0.54071925,-0.89992395,0.32326604,-0.29263583,0.00643245,-0.00999373,0.00132451
0.03617095,-0.61376749,-0.78865768,-0.43451751,-0.72033088,0.54066406,-0.89993667,0.32312932,-0.29274764,0.00813408,-0.00611824,0.00339126
0.03623933,-0.61378042,-0.78864446,-0.43448498,-0.72035047,0.54066404,-0.89994961,0.32306097,-0.29278323,0.00530437,-0.00900447,0.00361861
0.0362392538,-0.613816057,-0.788616769,-0.434525627,-0.720311521,0.540683377,-0.899930019,0.323080304,-0.292822246,0.00900100544,-0.00598782301,-3.05788126e-05
0.03619706,-0.61392966,-0.78853034,-0.43448819,-0.72023681,0.54081314,-0.89994985,0.3230313,-0.2928156,0.00384144,-0.00658453,0.00373031
0.0362523534,-0.613897155,-0.788553052,-0.434510999,-0.720264418,0.540757914,-0.899936567,0.323031287,-0.29285625,-0.000320426247,-0.00777333975,0.00402179826
0.0361839874,-0.613919765,-0.788538606,-0.43458409,-0.720205875,0.540777194,-0.899904039,0.323118906,-0.292859606,0.000982856494,-0.00955080986,-7.98027759e-05
0.03617078,-0.61394555,-0.78851919,-0.43472068,-0.720136,0.54076061,-0.89983864,0.32322587,-0.29294269,0.00516786,-0.00778598,0.00202231
0.0361710899,-0.614052248,-0.788435899,-0.434842482,-0.720018743,0.540818317,-0.89977961,0.32328358,-0.293059635,0.00567019638,-0.0087929368,0.000177347683
0.0361024642,-0.614074946,-0.788421547,-0.434915637,-0.719960343,0.540837708,-0.899747166,0.323371302,-0.293063112,0.00702312496,-0.0123211145,0.000455450034
0.03610254,-0.61411053,-0.78839378,-0.43495625,-0.71992126,0.54085695,-0.89972749,0.32339054,-0.29310212,0.00515743,-0.00697666,-0.00090781
0.0361026123,-0.614146105,-0.788366021,-0.434996865,-0.719882179,0.540876191,-0.899707813,0.323409785,-0.293141128,0.00451485813,-0.0115540028,-0.000221783703
0.0360472639,-0.614178626,-0.788343299,-0.434974096,-0.719854567,0.54093146,-0.899721111,0.323409838,-0.293100542,0.0059619504,-0.0084913969,-0.000139867654
0.0361157609,-0.614227107,-0.788302291,-0.434982159,-0.719835086,0.540950637,-0.899714378,0.323360683,-0.293175072,0.00859792344,-0.00950330496,0.000214043073
0.03619712,-0.61435672,-0.78819761,-0.43497565,-0.71976866,0.54104441,-0.89971431,0.32326257,-0.29328368,0.00713651,-0.00744247,0.00290524
0.03629183,-0.61453171,-0.78805678,-0.43491386,-0.71969396,0.5411933,-0.89974032,0.32309601,-0.29338723,0.00787734,-0.00961918,0.00465401
0.0363733,-0.61462567,-0.78797977,-0.43486673,-0.7196665,0.54126776,-0.89975984,0.32297856,-0.29345678,0.00630092,-0.00963175,0.00242842
0.0364548,-0.61471957,-0.78790276,-0.43481956,-0.71963904,0.5413422,-0.89977934,0.32286107,-0.2935263,0.00487814,-0.01076823,0.00265944
0.0363996,-0.61475208,-0.78787995,-0.4347968,-0.71961127,0.54139741,-0.89979258,0.32286109,-0.29348571,0.00576431,-0.0055759,-0.00439114
0.0364548,-0.61471957,-0.78790276,-0.43481956,-0.71963904,0.5413422,-0.89977934,0.32286107,-0.2935263,0.00888049,0.00096399,-0.00426785
0.03652312,-0.61480365,-0.78783402,-0.43486833,-0.71958067,0.54138068,-0.89975303,0.32283119,-0.29363991,0.00795845,-0.00406331,0.00373058
0.03652334,-0.61483917,-0.78780616,-0.43490892,-0.71954147,0.54139983,-0.89973328,0.32285033,-0.29367889,0.00930231,-0.00913614,0.00266082
0.03656532,-0.61476128,-0.78786503,-0.43498697,-0.7195774,0.54128944,-0.89969387,0.32291871,-0.29372455,0.00440568,-0.01142853,0.00593689
0.03644153,-0.61485202,-0.78780009,-0.43507794,-0.71945215,0.54138318,-0.89965503,0.32302562,-0.29372646,0.00346117,-0.00589299,0.00232359
0.0362209703,-0.615088515,-0.787625501,-0.435108531,-0.719223868,0.541661504,-0.89964903,0.323083172,-0.293681081,0.00407350529,-0.00873571634,7.2811963e-07
0.03593193,-0.61524094,-0.78751967,-0.43509025,-0.71905414,0.54190144,-0.89966945,0.32317068,-0.29352216,0.0068755,-0.00901365,-0.00239114
0.03583696,-0.61503057,-0.78768845,-0.43511156,-0.71916804,0.54173355,-0.89966306,0.32331828,-0.2933797,0.00623072,-0.0052166,0.00129719
0.03594741,-0.61489452,-0.78778957,-0.43507598,-0.71930155,0.54158471,-0.89967582,0.3232798,-0.2933828,0.00866349,-0.00367254,0.00345711
0.0359472972,-0.614930099,-0.787761879,-0.435116592,-0.719262618,0.541603969,-0.899656243,0.32329906,-0.293421845,0.00471543847,-0.010817647,-0.000872699893
0.0358898,-0.61538995,-0.78740526,-0.43509341,-0.71894024,0.54205026,-0.89966969,0.32314081,-0.29355467,0.00895986,-0.01207781,0.0028658
0.03583466,-0.6154579,-0.78735464,-0.43511116,-0.71887342,0.54212461,-0.8996633,0.32315999,-0.29355311,0.00942307,-0.01105422,0.00246544
0.03594493,-0.61532198,-0.78745587,-0.43507566,-0.71900706,0.54197592,-0.89967609,0.32312163,-0.29355623,0.00855352,-0.00794882,0.00164669
0.03594493,-0.61528643,-0.78748366,-0.43503504,-0.71904613,0.54195671,-0.89969573,0.32310242,-0.29351717,0.00858707,-0.00785804,0.00357518
0.03603972,-0.61553229,-0.78728716,-0.43505443,-0.71889333,0.5421438,-0.89968256,0.32297408,-0.29369871,0.00829544,-0.01136017,0.0011002
0.036092682,-0.615855927,-0.787031573,-0.434995686,-0.718704504,0.542441162,-0.899708827,0.322777227,-0.293834574,0.00665441947,-0.0150446892,0.0001069383
0.03605079,-0.61596921,-0.78694484,-0.43495812,-0.71862953,0.5425706,-0.89972867,0.32272799,-0.29382791,0.00803775,-0.01188999,-0.0030883
0.03613242,-0.61602751,-0.78689547,-0.43487042,-0.71864101,0.54262575,-0.8997678,0.32259122,-0.29385834,0.00345054,-0.0060088,-0.00211369
0.0360772213,-0.61602446,-0.786900437,-0.434806986,-0.718652292,0.542661743,-0.89980071,0.32257208,-0.293778716,0.0060679703,-0.00236564875,-9.56172589e-05
0.0360354814,-0.616173263,-0.786785777,-0.434809996,-0.718538128,0.542810331,-0.899800876,0.322541932,-0.293811093,0.00590359606,-0.00913149118,-7.43240817e-05
0.03604891,-0.61628958,-0.78669397,-0.43483589,-0.71845174,0.54290372,-0.89978775,0.32251179,-0.29388406,0.00490322,-0.00883985,-0.00412194
0.0360489066,-0.616325071,-0.786666164,-0.434876489,-0.718412686,0.542922871,-0.899768129,0.322530947,-0.29392311,0.00539520383,-0.00950193405,0.000198316528
0.0360354531,-0.616279796,-0.786702352,-0.43493183,-0.718420973,0.542867835,-0.899742008,0.322599436,-0.293928276,0.000798639259,-0.0117576718,8.91888631e-05
0.03603545,-0.6162798,-0.78670235,-0.43493183,-0.71842097,0.54286784,-0.89974201,0.32259944,-0.29392828,0.00230142,-0.00639343,0.00242633
0.0360069836,-0.616473825,-0.786551584,-0.43487953,-0.718298672,0.543071437,-0.899768395,0.322500876,-0.293955524,0.00580632268,-0.0102715492,-0.000538576569
0.0359100548,-0.616619465,-0.786441863,-0.434819079,-0.718195802,0.543255908,-0.899801499,0.322451622,-0.293908288,0.0066548856,-0.00605273247,-0.000637141289
0.03590995,-0.61665504,-0.78641404,-0.43485976,-0.71815675,0.54327513,-0.8997819,0.32247084,-0.29394744,0.00437584,-0.00699067,-0.00113999
0.03578653,-0.61674542,-0.78634873,-0.43495042,-0.71803114,0.54336845,-0.89974295,0.32257748,-0.29394946,0.00436118,-0.01063097,-0.00421359
0.03566311,-0.6168003,-0.78631124,-0.43500047,-0.71794458,0.54344263,-0.89972361,0.32266498,-0.29391244,0.00595829,-0.01048243,-0.00192275
0.03560791,-0.61683273,-0.78628837,-0.4349776,-0.71791682,0.54349778,-0.89973691,0.32266503,-0.2938719,0.0102307,-0.01076472,-0.00241146
0.03559449,-0.61678741,-0.78632459,-0.43503289,-0.71792511,0.54344272,-0.89971076,0.32273347,-0.29387702,0.01075474,-0.0087378,0.0024153
0.0355812508,-0.616706604,-0.786388526,-0.435047606,-0.717972305,0.54336848,-0.899704135,0.322782727,-0.293843067,0.00956573244,-0.000883579254,0.00461325282
0.03558125,-0.6167066,-0.78638853,-0.43504761,-0.71797231,0.54336848,-0.89970413,0.32278273,-0.29384307,0.00865451,-0.00448656,0.00495966
0.03553944,-0.61685527,-0.78627382,-0.43505058,-0.71785816,0.54351693,-0.89970436,0.32275259,-0.29387552,0.00888343,-0.00802547,0.00621323
0.0354978,-0.61700387,-0.78615903,-0.43505352,-0.71774389,0.54366529,-0.89970452,0.32272238,-0.29390796,0.01183391,-0.01008928,0.00348597
0.03541419,-0.61726567,-0.78595735,-0.4350188,-0.71755467,0.54394301,-0.89972469,0.3226429,-0.29393381,0.00733871,-0.01637024,-0.00094136
0.03531746,-0.61737569,-0.78587527,-0.43491761,-0.71749074,0.54410818,-0.89977739,0.32257447,-0.29384751,0.00938367,-0.0129351,-0.00171739
