0,1,2,3,4,5,6,7,8,9,10,11
-0.1647451,-0.06833017,-0.98396651,-0.08750439,-0.99265139,0.0835841,-0.98244699,0.09987145,0.15755521,-0.00631214,-0.00821978,0.00169433
-0.165529938,-0.0687070916,-0.983808387,-0.0873621342,-0.992626699,0.0840220096,-0.982327575,0.0998557767,0.158307268,-0.000540399109,-0.0101234913,0.00536872819
-0.16597797,-0.06888869,-0.98372021,-0.08728447,-0.99261518,0.08423866,-0.98225889,0.09984527,0.15873955,-0.00907004,-0.00930452,0.0040496
-0.16676141,-0.06914745,-0.98356962,-0.08715492,-0.99259944,0.08455914,-0.98213776,0.09982413,0.15950081,-0.00472983,-0.00134635,0.00693973
-0.16704242,-0.06951123,-0.98349628,-0.08719196,-0.99256184,0.08496113,-0.98208671,0.09994509,0.1597392,,,
-0.16698814,-0.06979786,-0.98348515,-0.08728076,-0.9925284,0.08525927,-0.982088,0.10007664,0.15964864,0.00332121,0.00464076,0.00103599
-0.16676735,-0.07016356,-0.98349662,-0.08738164,-0.99248835,0.08562198,-0.98211658,0.10021851,0.15938377,0.0046857,0.00384945,0.00231633
-0.16688252,-0.07067249,-0.98344059,-0.08736519,-0.99244447,0.08614477,-0.98209843,0.10029455,0.15944754,,,
-0.167051977,-0.0708947614,-0.983395836,-0.087260003,-0.992434214,0.0863694489,-0.982078983,0.100239327,0.159602019,0.00133992732,-0.00653737783,6.89259032e-05
-0.16733449,-0.07144196,-0.98330817,-0.08721724,-0.99238777,0.08694385,-0.98203466,0.10031015,0.15982998,0.00237704,-0.00576723,-0.0099376
-0.16733897,-0.07203009,-0.98326456,-0.08714783,-0.99234275,0.08752657,-0.98204012,0.10033599,0.15978048,0.00585681,-0.00762028,-0.0050774
-0.16739691,-0.07242035,-0.98322612,-0.08720958,-0.99230122,0.08793645,-0.98202484,0.10046702,0.15979238,0.00131943,-0.01264626,-0.003295
-0.16745541,-0.07287676,-0.98318238,-0.08720583,-0.99226006,0.08840251,-0.98201516,0.10054272,0.1598041,-0.00640204,-0.00686234,0.00155908
-0.16773413,-0.0729530383,-0.98312917,-0.0872181284,-0.992249296,0.0885103106,-0.98196645,0.100592898,0.160071395,-0.00386248319,-0.000209569931,0.00452818582
-0.16795698,-0.07292583,-0.98309324,-0.08719231,-0.99225251,0.08850167,-0.98193075,0.10058264,0.16029712,,,
-0.16856956,-0.07285834,-0.98299337,-0.08706291,-0.99226614,0.08847569,-0.98183723,0.10049657,0.16092261,0.00417414,0.01065868,-0.00149562
-0.16912926,-0.07320904,-0.98287117,-0.08689064,-0.99224698,0.08885925,-0.98175625,0.10043101,0.1614568,0.00946881,0.00225157,-0.00318419
-0.169465237,-0.0735722329,-0.982786062,-0.0868608502,-0.992213806,0.0892557375,-0.981700825,0.100491395,0.161755417,0.01065508,-0.00490641594,-0.000134054571
-0.169858658,-0.0742221639,-0.982669343,-0.086789023,-0.99215836,0.0899407443,-0.981639258,0.100562132,0.162085087,-0.000929102651,-0.00635015965,-0.00205662195
-0.17030548,-0.0746228,-0.98256163,-0.08679695,-0.99211653,0.09039282,-0.98156111,0.10067775,0.16248597,-0.01021428,-0.00808197,0.00532729
-0.1706399,-0.07475065,-0.98249403,-0.08679486,-0.99210206,0.0905562,-0.98150335,0.10072792,0.16280407,-0.01260935,-0.00678742,0.0060824
-0.17102771,-0.0746292,-0.98243574,-0.08687297,-0.9921014,0.09048675,-0.98142885,0.10082285,0.1631936,-0.00752575,0.00601381,0.00165265
-0.17169307,-0.07446606,-0.98233204,-0.08697658,-0.99209944,0.09040835,-0.98130347,0.10096238,0.16385986,-0.00598765,-0.00846922,0.00615933
-0.17241395,-0.07435438,-0.98221418,-0.08706642,-0.99209355,0.09038556,-0.98116905,0.10110162,0.16457716,0.00282356,-0.01282179,0.00259787
-0.1731331,-0.0740075,-0.98211395,-0.08718479,-0.99210654,0.09012996,-0.98103198,0.10122988,0.16531416,-0.00168154,-0.01446801,0.00642572
-0.173630656,-0.0737541847,-0.982045214,-0.0872638284,-0.992116977,0.0899392892,-0.980937056,0.101313236,0.165825762,-0.00023626443,-0.0107418895,0.00862408616
-0.17484693,-0.07316799,-0.98187325,-0.08734419,-0.99215074,0.08948766,-0.98071384,0.10140756,0.16708363,0.00508654,-0.00614303,0.01500558
-0.17561699,-0.07235034,-0.98179627,-0.0874551,-0.99220603,0.08876083,-0.98056621,0.10145102,0.16792101,0.01738874,-0.00153279,0.00483122
-0.17550273,-0.07194523,-0.98184649,-0.08757713,-0.99223105,0.08836037,-0.9805758,0.10149479,0.16783864,0.01893636,0.00301188,0.00410106
-0.17449479,-0.07098206,-0.98209629,-0.08805799,-0.99227687,0.08736365,-0.98071268,0.10172592,0.1668966,0.02765264,0.00410968,0.01384604
-0.17348613,-0.07018729,-0.982332,-0.08857419,-0.99230275,0.08654248,-0.98084505,0.1020232,0.16593414,0.04207158,-0.01242602,0.03738057
-0.17336884,-0.06970059,-0.98238738,-0.08887743,-0.99231505,0.0860898,-0.98083839,0.10223737,0.16584181,0.049278,-0.0225116,0.04982369
-0.17408772,-0.06505768,-0.9825787,-0.09030831,-0.99255547,0.08171857,-0.98058034,0.10296123,0.16691654,0.03057001,-0.03736341,0.09164369
-0.16536087,-0.0522729659,-0.984846745,-0.0928816835,-0.993330362,0.068318582,-0.981849564,0.102771459,0.159402979,0.0188416075,0.000572264194,0.0127251484
-0.16247564,-0.04814137,-0.98553736,-0.09382431,-0.99352942,0.06399965,-0.98224155,0.10286577,0.15690769,0.04447172,-0.00863969,-0.00623736
-0.1612115,-0.04487588,-0.985899,-0.09493317,-0.99362807,0.06075091,-0.98234331,0.10338828,0.15592423,0.07411289,-0.02019405,-0.01328165
-0.1613922,-0.04090602,-0.98604221,-0.09766204,-0.99357429,0.0572035,-0.98204617,0.10553109,0.15636019,0.08474635,-0.00959241,-0.00202346
-0.16282803,-0.03832555,-0.98590975,-0.10010659,-0.99344688,0.05515167,-0.98156281,0.10767631,0.1579245,0.08549044,0.00489801,0.02684022
-0.16518178,-0.03417635,-0.98567082,-0.10351376,-0.99327891,0.0517873,-0.98081593,0.11058481,0.16053384,0.07968903,0.00774843,0.05679498
-0.16632309,-0.03103819,-0.98558269,-0.10495086,-0.99326991,0.04899138,-0.98047025,0.11158615,0.16194626,0.061469,0.01282376,0.05552011
-0.1667006,-0.02943259,-0.9855682,-0.10546476,-0.9932879,0.04750161,-0.98035103,0.11186126,0.16247755,0.05630706,0.00125116,0.0444143
-0.16729839,-0.02650204,-0.98554998,-0.10630939,-0.99332517,0.04475728,-0.98015787,0.11226104,0.16336441,0.03472808,-0.0177955,0.01755191
-0.16899255,-0.02360101,-0.98533468,-0.10748729,-0.99330924,0.04222693,-0.9797387,0.11304699,0.16532512,0.00707284,-0.0253846,-0.01094095
-0.17035547,-0.02205179,-0.98513586,-0.10822935,-0.99328214,0.0409498,-0.97942093,0.11359664,0.16682446,-0.00697233,-0.03038657,-0.03202742
-0.17443353,-0.01863753,-0.98449257,-0.11005163,-0.99318766,0.03830121,-0.97849968,0.11502602,0.1711941,-0.03590592,-0.03234494,-0.08010892
-0.17985943,-0.01445091,-0.98358616,-0.11276178,-0.99299802,0.03520891,-0.97720793,0.11724358,0.17697057,-0.05136287,-0.04412431,-0.12425679
-0.18278415,-0.01209363,-0.98307859,-0.11437058,-0.99287371,0.0334791,-0.97647792,0.11855473,0.18009861,-0.05762243,-0.0588147,-0.13948274
-0.18935368,-0.00730923,-0.98188171,-0.1178448,-0.99257523,0.03011494,-0.97481164,0.12141204,0.18708647,-0.07314217,-0.09429193,-0.15535767
-0.19790807,-0.00182418,-0.98021884,-0.12142966,-0.99224979,0.02636346,-0.97267011,0.12424519,0.19615282,-0.06516746,-0.09346676,-0.15867917
-0.20337764,0.00148765,-0.97909912,-0.12327384,-0.99207985,0.02409897,-0.97130884,0.12559851,0.20195047,-0.0468559,-0.05774379,-0.16305128
-0.21707225,0.00896986,-0.97611414,-0.12652916,-0.99178014,0.01902427,-0.96792027,0.12763657,0.21642326,-0.02314838,0.0594998,-0.12501748
-0.23390232,0.01632699,-0.97212299,-0.12932749,-0.9914964,0.01446509,-0.9636203,0.12910565,0.23402486,0.01246903,0.14398021,-0.06211016
-0.24266293,0.01988726,-0.96990681,-0.13077461,-0.9913347,0.01239213,-0.96125581,0.12984629,0.24316091,0.03726157,0.15284878,-0.02760004
-0.25990679,0.02726216,-0.96524884,-0.1341019,-0.99093434,0.0081212,-0.95627675,0.13155245,0.26120638,0.10534851,0.16860801,0.0179112
-0.27657834,0.03345513,-0.96040875,-0.13731638,-0.99051425,0.00504052,-0.95113008,0.13327396,0.27854893,0.19531111,0.12533587,0.02271943
-0.28437961,0.03544387,-0.95805634,-0.13868225,-0.99032657,0.00452729,-0.9486282,0.13415288,0.28654413,0.23218222,0.08783573,0.01761904
-0.29815486,0.03675964,-0.95380933,-0.14037661,-0.9900815,0.0057233,-0.94413871,0.13559896,0.30035798,0.26767737,-0.00499731,0.00435971
-0.309378039,0.0357891793,-0.950265355,-0.140360827,-0.990064615,0.00840919009,-0.940523231,0.135981656,0.311327766,0.243944973,-0.0441023707,-0.000336535275
-0.31397323,0.0351245,-0.94878188,-0.13972671,-0.99014372,0.00958297,-0.93909384,0.13557897,0.31578647,0.22102281,-0.03988725,-0.00426737
-0.32142422,0.03395794,-0.94632617,-0.13802705,-0.99036342,0.01134339,-0.9368217,0.13426466,0.32301401,0.12887718,-0.02652442,-0.01712871
-0.32644909,0.03290147,-0.94464196,-0.13667347,-0.9905343,0.0127317,-0.9352814,0.13326375,0.32785583,0.06711841,-0.00920588,-0.02521026
-0.32801666,0.03201308,-0.94412922,-0.13653428,-0.99053835,0.01384911,-0.93475302,0.13344876,0.32928421,0.04503796,-0.01244044,-0.03844396
-0.33033193,0.02946231,-0.94340471,-0.13724704,-0.99038852,0.01712729,-0.93383282,0.13513721,0.3312009,0.0186698,-0.07286972,-0.05095417
-0.33194821,0.02683109,-0.94291592,-0.13876227,-0.99010981,0.02067647,-0.93303557,0.13770468,0.33238837,0.01039078,-0.13213062,-0.09490463
-0.33244489,0.02599452,-0.94276418,-0.1396206,-0.98996173,0.02193825,-0.93273045,0.13892258,0.33273747,0.01728559,-0.14846027,-0.11705708
-0.3322673,0.02645388,-0.94281406,-0.14118344,-0.98973908,0.02198548,-0.93255852,0.14041481,0.33259307,0.04766537,-0.1524654,-0.15813066
-0.33146434,0.02972571,-0.94299937,-0.14265133,-0.98959166,0.01894753,-0.93262106,0.14080054,0.33225472,0.09541662,-0.10787672,-0.14773884
-0.33144327,0.03184065,-0.94293783,-0.14314521,-0.98955756,0.01690074,-0.93255297,0.14057865,0.3325398,0.11488263,-0.09296268,-0.13456292
-0.33225433,0.03573208,-0.94251265,-0.14354569,-0.98955701,0.0130871,-0.9322025,0.13964188,0.33391397,0.13432181,-0.06294501,-0.07423335
-0.33336603,0.0380489,-0.94202934,-0.14321764,-0.98963319,0.01071033,-0.93185605,0.13848569,0.33535946,0.15758708,-0.06383175,-0.03126965
-0.33337562,0.03849522,-0.94200781,-0.14263681,-0.98972416,0.01003388,-0.9319417,0.13771004,0.33544084,0.16796906,-0.08302432,-0.01914255
-0.33136025,0.03866238,-0.94271179,-0.14058689,-0.99002906,0.0088129,-0.9329714,0.13545317,0.33349178,0.17759645,-0.104644,-0.01146568
-0.32639816,0.03903555,-0.94442599,-0.13744142,-0.99048815,0.006561,-0.93518665,0.13194475,0.32865863,0.19335406,-0.09054899,-0.0482199
-0.32309586,0.03927127,-0.94555112,-0.13559417,-0.99075096,0.00518414,-0.93660203,0.12988618,0.32543241,0.19871956,-0.06621617,-0.07514681
-0.31574075,0.03963995,-0.94801716,-0.13147416,-0.99131691,0.0023375,-0.93969272,0.1253778,0.31821069,0.18567999,-0.0326373,-0.10716125
-0.308640974,0.0395526489,-0.950356004,-0.127073384,-0.99189347,-1.25928229e-05,-0.94265227,0.120761058,0.311164858,0.158136711,0.00374549627,-0.137432933
-0.3050649,0.03987251,-0.95149644,-0.12465637,-0.99219857,-0.00161131,-0.94413774,0.11811855,0.30765544,0.15972313,0.02449566,-0.14296442
-0.2979982,0.04019411,-0.95371976,-0.11987894,-0.99277874,-0.00438299,-0.94700896,0.1130248,0.30066484,0.14776924,0.02994329,-0.17654249
-0.29150637,0.04122432,-0.95568012,-0.11521018,-0.99331117,-0.00770559,-0.94960547,0.10785786,0.2943061,0.14237866,0.03453737,-0.21092585
-0.28883613,0.04243994,-0.95643734,-0.11308177,-0.99353589,-0.00993635,-0.95067663,0.10528565,0.29176839,0.14542197,0.04467589,-0.24324994
-0.28460339,0.04716314,-0.95748449,-0.10930265,-0.99387212,-0.01646629,-0.95239374,0.09996923,0.28801443,0.14671451,0.12143475,-0.32206175
-0.28162628,0.0540474,-0.9580007,-0.10544047,-0.99410896,-0.02508787,-0.95371314,0.09394664,0.28566617,0.18054722,0.26952714,-0.33982095
-0.28023747,0.0575512,-0.95820386,-0.10344987,-0.9941982,-0.02945799,-0.95434004,0.09087084,0.28456543,0.1951485,0.32933396,-0.296381
-0.27697183,0.0633572,-0.95878699,-0.10007556,-0.9942993,-0.03679432,-0.9556524,0.08576016,0.28173338,0.1968895,0.37763482,-0.195456
-0.27422616,0.06867662,-0.95920982,-0.09782932,-0.99426432,-0.04321823,-0.95667622,0.08198727,0.27937192,0.07178934,0.43563074,-0.15430447
-0.27434471,0.071036,-0.95900402,-0.0976167,-0.99417343,-0.04571563,-0.95666389,0.08107297,0.27968068,0.03349705,0.42149025,-0.11710708
-0.27896582,0.07447634,-0.95740872,-0.09959095,-0.99385591,-0.04829315,-0.95512293,0.0818771,0.28466889,-0.00487597,0.31334907,-0.05122003
-0.28639209,0.07644943,-0.95505764,-0.10241298,-0.99354329,-0.04881962,-0.95262332,0.08382874,0.29237232,-0.04004142,0.23784214,0.0042294
-0.28969289,0.07494768,-0.95418068,-0.10386283,-0.99350381,-0.04650322,-0.95146752,0.08563226,0.29559536,-0.07550231,0.065494,0.20221551
-0.28038942,0.06863839,-0.95742896,-0.10199253,-0.99392366,-0.04138551,-0.95445218,0.08604655,0.28568661,-0.10655209,-0.13548619,0.38943866
-0.2724944,0.06402272,-0.96002485,-0.10029439,-0.99423797,-0.03783669,-0.9569157,0.08597482,0.27734557,-0.11786187,-0.21898234,0.45051286
-0.2529743,0.05509445,-0.96590292,-0.09606474,-0.99487365,-0.03158713,-0.96269176,0.08479848,0.25697025,-0.11596774,-0.30407983,0.40805182
-0.23307861,0.04930194,-0.97120725,-0.09143547,-0.99540048,-0.02858661,-0.96814966,0.08213987,0.23651466,-0.01889684,-0.1955629,0.21452636
-0.22411025,0.04711936,-0.97342392,-0.08905495,-0.9956415,-0.0276918,-0.97048625,0.08048221,0.22732992,0.02315882,-0.12774181,0.10961484
-0.20965331,0.04302843,-0.97682848,-0.08468911,-0.9960758,-0.02569973,-0.97410116,0.07733871,0.21247479,0.06548481,0.02209705,-0.09380331
-0.1988997,0.03680538,-0.97932838,-0.08065227,-0.99651939,-0.02107113,-0.97669541,0.07479402,0.20117605,-0.02002092,0.11755401,-0.24649222
-0.19420139,0.03315579,-0.9804012,-0.0784017,-0.99675609,-0.0181788,-0.9778236,0.07333478,0.19617089,-0.08206887,0.13680023,-0.25093508
-0.19420139,0.03315579,-0.9804012,-0.0784017,-0.99675609,-0.0181788,-0.9778236,0.07333478,0.19617089,-0.08206887,0.13680023,-0.25093508
-0.16774406,0.0113802081,-0.98576478,-0.0717512044,-0.997422131,0.000694864158,-0.983215884,0.0708463763,0.168128401,-0.0587711968,-0.201353252,0.000349497423
-0.15767099,0.00103668,-0.98749116,-0.07266302,-0.99730071,0.010555,-0.98481468,0.07341831,0.1573207,-0.02233458,-0.31689435,0.02894205
-0.14953824,-0.00833153,-0.98872085,-0.07802375,-0.99674685,0.0201998,-0.98567268,0.08016435,0.1484017,-0.02299012,-0.31394136,0.01923045
-0.15126461,-0.00868569,-0.988455,-0.08254375,-0.99635769,0.02138693,-0.98504074,0.08482588,0.14999699,0.0892176,-0.24085522,0.05223764
-0.16181599,-0.00419077,-0.98681202,-0.08607704,-0.99611951,0.01834508,-0.98305964,0.08791039,0.1608274,0.16223219,-0.00475305,0.07642211
-0.16748469,-0.00455596,-0.98586425,-0.08552203,-0.99615274,0.01913251,-0.98215837,0.08751751,0.16645049,0.22249769,0.01705772,0.09715971
-0.16832071,-0.00874967,-0.98569332,-0.08472994,-0.996131,0.02331113,-0.98208386,0.08744149,0.16692838,0.2478611,-0.01531041,0.05427305
-0.1676924,-0.01171066,-0.98576982,-0.08470071,-0.99606084,0.02624161,-0.982194,0.08789592,0.16603992,0.24553129,-0.05793929,0.0122788
-0.16621571,-0.01791625,-0.98592653,-0.08630377,-0.99573371,0.03264428,-0.98230534,0.09051518,0.16396057,0.21842711,-0.14054656,-0.07709364
-0.16514374,-0.02318075,-0.98599711,-0.09007249,-0.99519153,0.03848306,-0.98214795,0.09516645,0.16226159,0.18898138,-0.1961177,-0.14102562
-0.16666955,-0.02727334,-0.98563553,-0.0990502,-0.99409775,0.04425675,-0.98102512,0.10500365,0.16298443,0.20216599,-0.13884479,-0.16758335
-0.17196258,-0.02852771,-0.98469038,-0.10697045,-0.99312925,0.0474531,-0.97927846,0.11349292,0.16772934,0.19066367,-0.09245968,-0.08254137
-0.17632214,-0.02882803,-0.98391028,-0.11116722,-0.99259279,0.0490042,-0.97803494,0.1180191,0.17181135,0.17851274,-0.08265436,-0.01994043
-0.18827682,-0.02729706,-0.98173652,-0.11925456,-0.99158148,0.05044137,-0.97484875,0.12657351,0.18343662,0.11020294,0.01811117,0.12126832
-0.20321016,-0.02376858,-0.97884662,-0.12676592,-0.99065286,0.05037207,-0.97089446,0.13432051,0.19829766,0.09462681,0.16336375,0.21199816
-0.22051694,-0.01745657,-0.97522674,-0.13656777,-0.98943798,0.04859149,-0.9657749,0.14389982,0.21580419,0.16638373,0.33017761,0.20972764
-0.22026278,-0.01540868,-0.97531876,-0.14061341,-0.98893011,0.0473794,-0.96525229,0.14757883,0.21565802,0.27676752,0.30722374,0.07314898
-0.2164095,-0.0153591,-0.97618177,-0.14197011,-0.98875293,0.04703022,-0.96592507,0.14876644,0.21179517,0.3240855,0.30233413,0.00482109
-0.20395573,-0.01589343,-0.97885103,-0.14497511,-0.98835342,0.04625508,-0.96818601,0.15134304,0.19927631,0.28645015,0.35686034,-0.09435965
-0.19472541,-0.01600005,-0.98072729,-0.14987771,-0.98763987,0.04587135,-0.96933931,0.15592147,0.18992052,0.07014664,0.49229378,0.02616377
-0.19343421,-0.0176911,-0.98095369,-0.15207147,-0.98721333,0.04779096,-0.9692561,0.15841949,0.1882706,-0.0729781,0.43985683,0.11744596
-0.19270113,-0.02469089,-0.98094675,-0.1534692,-0.98662253,0.05498187,-0.9691818,0.16114019,0.18633409,-0.37028563,0.25711304,0.17549375
-0.19052883,-0.03131881,-0.98118196,-0.15021259,-0.98679075,0.06066655,-0.97012117,0.1589446,0.18330747,-0.52446115,0.09370846,0.11596103
-0.18904769,-0.03417895,-0.98137285,-0.14743216,-0.98707774,0.06277838,-0.97083707,0.15655403,0.18156579,-0.55110043,-0.04171354,0.0504791
-0.19064181,-0.03871102,-0.98089606,-0.14117313,-0.98775426,0.06641935,-0.97145549,0.15113848,0.18284238,-0.50739866,-0.20587152,-0.08800349
-0.19798337,-0.04248158,-0.97928451,-0.13575271,-0.98824457,0.07031558,-0.97075951,0.14686181,0.18988875,-0.3423585,-0.29494888,-0.19516021
-0.2020476,-0.04400836,-0.97838628,-0.13384008,-0.98837659,0.07209722,-0.97018724,0.14551439,0.19380935,-0.18920946,-0.28355122,-0.2462855
-0.2020476,-0.04400836,-0.97838628,-0.13384008,-0.98837659,0.07209722,-0.97018724,0.14551439,0.19380935,-0.18920946,-0.28355122,-0.2462855
-0.21932498,-0.03981175,-0.9748392,-0.13726718,-0.98796946,0.07123115,-0.96594729,0.14943621,0.21122165,0.0533009,0.14781159,-0.11106624
-0.22707231,-0.03502933,-0.97324768,-0.14148059,-0.98756441,0.06855403,-0.96354623,0.15326238,0.21929264,0.06124352,0.27065128,0.03551359
-0.24730881,-0.02884297,-0.9685073,-0.15073987,-0.98624139,0.06786261,-0.95713938,0.16277569,0.23955845,-0.00863221,0.25634032,0.23396249
-0.26915389,-0.03219041,-0.96255907,-0.15570823,-0.98483831,0.07647512,-0.95042682,0.17046194,0.26006075,0.02578389,0.04503101,0.25769857
-0.27757565,-0.03672441,-0.96000166,-0.1560865,-0.98426827,0.08278368,-0.94793928,0.17282202,0.26747661,0.04510056,-0.0807693,0.21968094
-0.28776096,-0.04979636,-0.95640683,-0.15385688,-0.98327231,0.09748715,-0.94526281,0.17520275,0.27528579,0.03954654,-0.33263761,0.12271331
-0.29187096,-0.06429809,-0.95429402,-0.14902447,-0.98249555,0.1117774,-0.94477671,0.17483774,0.27717994,0.05015302,-0.53886384,0.03799853
-0.29187096,-0.06429809,-0.95429402,-0.14902447,-0.98249555,0.1117774,-0.94477671,0.17483774,0.27717994,0.05015302,-0.53886384,0.03799853
-0.29224749,-0.07400704,-0.9534749,-0.14088189,-0.98279229,0.119464,-0.94590894,0.1692404,0.27679231,0.05513527,-0.54061377,-0.0038548
-0.28866116,-0.0682263606,-0.954997363,-0.138485172,-0.983993283,0.112156923,-0.947363002,0.164628315,0.274592239,0.0583341531,-0.34432441,0.000718064606
-0.28551616,-0.06307762,-0.95629569,-0.13877589,-0.98459361,0.10637777,-0.94827289,0.16308339,0.27236403,0.08083199,-0.20191658,0.02178516
-0.27537175,-0.05423513,-0.95980658,-0.14111458,-0.98531162,0.0961626,-0.95092418,0.16192319,0.2636739,0.08982783,-0.02853811,0.03663459
-0.25191852,-0.05033967,-0.96643821,-0.14268437,-0.98579986,0.08854129,-0.95717192,0.16020083,0.24115871,0.1152596,0.0276956,-0.07900192
-0.25191852,-0.05033967,-0.96643821,-0.14268437,-0.98579986,0.08854129,-0.95717192,0.16020083,0.24115871,0.1152596,0.0276956,-0.07900192
-0.25191852,-0.05033967,-0.96643821,-0.14268437,-0.98579986,0.08854129,-0.95717192,0.16020083,0.24115871,0.1152596,0.0276956,-0.07900192
-0.21751842,-0.05964711,-0.97423202,-0.12982599,-0.98749422,0.08944554,-0.9673836,0.14593668,0.20705436,0.10620131,-0.1582315,-0.22197503
-0.21751842,-0.05964711,-0.97423202,-0.12982599,-0.98749422,0.08944554,-0.9673836,0.14593668,0.20705436,0.10620131,-0.1582315,-0.22197503
-0.21751842,-0.05964711,-0.97423202,-0.12982599,-0.98749422,0.08944554,-0.9673836,0.14593668,0.20705436,0.10620131,-0.1582315,-0.22197503
-0.19425816,-0.06617614,-0.97871567,-0.10066825,-0.99110925,0.08699505,-0.97577125,0.1154251,0.18586936,0.15153009,0.12635094,-0.10761781
-0.18228743,-0.06214065,-0.98127969,-0.0954151,-0.99217276,0.08055525,-0.97860474,0.10831311,0.17493147,-0.00707934,0.26645654,-0.24724247
-0.17542637,-0.05956247,-0.98268899,-0.09301102,-0.99270055,0.07677332,-0.98008892,0.10486899,0.16860614,-0.08346331,0.34750909,-0.33309814
-0.16521153,-0.05607386,-0.98466284,-0.08846759,-0.99351524,0.0714215,-0.98228238,0.0989104,0.15917941,-0.14884254,0.45113176,-0.42362624
-0.16381933,-0.05683782,-0.98485154,-0.08474979,-0.99383682,0.07145359,-0.9828431,0.09517145,0.15799282,-0.00548022,0.41989821,-0.35592744
-0.16607735,-0.05797454,-0.98440702,-0.08354697,-0.99385372,0.07262593,-0.98256711,0.09430575,0.16021308,0.03785347,0.47584361,-0.2863425
-0.17340902,-0.05632815,-0.98323775,-0.08277434,-0.99399699,0.07154305,-0.98136524,0.09379307,0.1677055,-0.0841251,0.63885289,-0.1484247
-0.20074295,-0.05383991,-0.97816327,-0.08985847,-0.99326722,0.07311242,-0.975514,0.10257307,0.19455357,-0.17100395,0.45620161,0.10662378
-0.22410862,-0.05602904,-0.97295232,-0.09756481,-0.99204082,0.07960123,-0.96966828,0.11276522,0.2168583,-0.20539583,0.12305981,0.16313714
-0.23810614,-0.06173562,-0.96927506,-0.1047023,-0.99053025,0.08880994,-0.96557903,0.12263152,0.2293875,-0.09006832,-0.25333768,0.35318053
-0.23810614,-0.06173562,-0.96927506,-0.1047023,-0.99053025,0.08880994,-0.96557903,0.12263152,0.2293875,-0.09006832,-0.25333768,0.35318053
-0.2294533,-0.07103797,-0.97072387,-0.11381806,-0.98853225,0.09924475,-0.96664196,0.13325794,0.21873654,-0.04908083,-0.39136648,0.41732833
-0.21267605,-0.07618917,-0.9741478,-0.11718841,-0.98777057,0.10283922,-0.9700699,0.13603029,0.20114682,-0.06095577,-0.31329066,0.2587606
-0.21267605,-0.07618917,-0.9741478,-0.11718841,-0.98777057,0.10283922,-0.9700699,0.13603029,0.20114682,-0.06095577,-0.31329066,0.2587606
-0.20486906,-0.07494412,-0.97591606,-0.11528491,-0.9882766,0.10009449,-0.97197642,0.13301465,0.19382727,-0.04154187,-0.00197828,-0.0745278
-0.2054148,-0.06643265,-0.97641761,-0.10981297,-0.98982839,0.0904471,-0.9724946,0.1258025,0.19603035,-0.14892983,0.36686152,-0.14989902
-0.2046864,-0.06554094,-0.97663092,-0.10704707,-0.99027236,0.08889177,-0.97295658,0.12274041,0.19567922,-0.17177846,0.34123999,-0.15735516
-0.20089927,-0.07477128,-0.97675411,-0.10321336,-0.98991728,0.09700792,-0.9741593,0.12030291,0.19115641,-0.15577802,0.0523017,-0.08205169
-0.19687996,-0.08922933,-0.97635882,-0.10258641,-0.98850872,0.11102595,-0.97504586,0.12201992,0.18546371,-0.03578418,-0.24841905,0.017701
-0.19465993,-0.09575792,-0.97618533,-0.1037219,-0.98763367,0.11756401,-0.97537129,0.12413681,0.18232063,0.01517598,-0.39864045,0.04544376
-0.18973606,-0.10676094,-0.97601333,-0.10742273,-0.98584542,0.12871933,-0.97594072,0.12926875,0.17558217,0.01768459,-0.54743934,0.07935105
-0.18406704,-0.11090976,-0.97663623,-0.1125593,-0.98469836,0.13303943,-0.97644749,0.13441767,0.16876662,-0.03632993,-0.57251918,0.05544611
-0.18369276,-0.10386405,-0.97748092,-0.1181817,-0.98485528,0.1268569,-0.97585336,0.13882308,0.16863623,0.05700566,-0.34402299,0.15234785
-0.19142006,-0.0930379,-0.9770887,-0.11761166,-0.98615015,0.11694186,-0.97443618,0.13730204,0.17782657,0.1197181,-0.11963767,0.13102934
-0.19674116,-0.08776847,-0.97651907,-0.11665499,-0.98681476,0.11219655,-0.97349084,0.13598951,0.18390856,0.12430546,-0.07177997,0.09654366
-0.21358842,-0.07464788,-0.97406761,-0.11613624,-0.98806565,0.10118637,-0.96999608,0.13473678,0.20237003,0.19580588,-0.06488031,-0.03833246
-0.21635922,-0.07344709,-0.97354718,-0.11726047,-0.98799298,0.10059667,-0.9692464,0.13592363,0.20514904,0.19521232,-0.07401913,-0.07201929
-0.22044414,-0.07071065,-0.97283305,-0.12090261,-0.9876963,0.09918757,-0.96787742,0.1394834,0.209183,0.1696465,-0.11906123,-0.08736104
-0.22339268,-0.06344116,-0.97266176,-0.12981129,-0.98705445,0.09419387,-0.96604591,0.1473047,0.21226539,0.10560537,-0.08342385,-0.04654812
-0.22415608,-0.05715555,-0.97287565,-0.13738334,-0.98645625,0.08960732,-0.96482103,0.15374295,0.2132682,0.13673952,0.01424211,-0.01460263
-0.22870847,-0.04929512,-0.97224609,-0.14468506,-0.98590387,0.08402291,-0.96268308,0.15988623,0.21835226,0.22291535,0.15330428,0.09539076
-0.249412,-0.03121165,-0.96789444,-0.15547652,-0.9852244,0.07183447,-0.95583517,0.16840122,0.24087395,0.27583909,0.40971738,0.15691395
-0.24028346,-0.03147802,-0.97019223,-0.15784493,-0.9849046,0.07104816,-0.95778328,0.17021163,0.23168767,0.07749218,0.50003809,-0.09676824
-0.23348696,-0.02938688,-0.97191562,-0.16120233,-0.98454141,0.0684949,-0.95890425,0.17266776,0.22514063,-0.202656,0.64605969,0.02371794
-0.23068145,-0.02940512,-0.9725848,-0.1626115,-0.98432126,0.06832881,-0.95934528,0.17391568,0.22228325,-0.28238699,0.55408937,0.0701352
-0.22905462,-0.03648196,-0.97272963,-0.1598773,-0.98431667,0.07456383,-0.96019431,0.17259659,0.21962976,-0.29829797,0.05464131,0.12312062
-0.23110357,-0.03991354,-0.97211001,-0.15653854,-0.98461525,0.07764153,-0.96025343,0.17011593,0.22130027,-0.28347942,-0.10209531,0.06362428
-0.23989181,-0.04434713,-0.96978622,-0.14970156,-0.98531774,0.08208839,-0.9591879,0.16487084,0.22973075,-0.25470781,-0.29446054,-0.00768897
-0.252044,-0.04662015,-0.96659202,-0.14529467,-0.98569324,0.0854278,-0.95674607,0.16197226,0.24166465,-0.23422632,-0.24209368,-0.07846759
-0.25831374,-0.04814269,-0.96486074,-0.14413114,-0.98565867,0.0877674,-0.95524875,0.16173801,0.24767037,-0.12099352,-0.20856518,-0.1063267
-0.27808204,-0.04800828,-0.95935673,-0.14726648,-0.98481158,0.09196922,-0.94920109,0.1668561,0.26678865,-0.06991474,0.1652264,0.08887613
-0.2832387,-0.0463193,-0.95793014,-0.14996565,-0.98440684,0.09194107,-0.94725178,0.16969791,0.27187602,-0.04806565,0.2283116,0.14442909
-0.292877586,-0.0478252372,-0.954953144,-0.154993411,-0.983164276,0.0967734994,-0.943504002,0.176354229,0.280534143,-0.000148739666,0.094370544,0.178334266
-0.29982385,-0.06145593,-0.9520129,-0.15870781,-0.98080331,0.1132974,-0.94070039,0.18506118,0.28431495,0.01019188,-0.31957775,0.19334807
-0.30011914,-0.07265207,-0.95113088,-0.15721322,-0.97969288,0.12444075,-0.9408572,0.18687743,0.28260295,0.01634792,-0.47801512,0.07150104
-0.29917267,-0.08105522,-0.95075014,-0.15313507,-0.97939218,0.1316841,-0.94183089,0.18498946,0.28059492,0.05604169,-0.5685339,-0.01423879
-0.29496552,-0.08182921,-0.95199744,-0.14465705,-0.98101777,0.12914401,-0.9444943,0.1758062,0.27752943,0.04563217,-0.35145116,-0.09027841
-0.28727363,-0.07698735,-0.95474968,-0.14124466,-0.98246331,0.12172101,-0.94737741,0.16982051,0.27136161,0.05332789,-0.15343553,-0.0909873
-0.28727363,-0.07698735,-0.95474968,-0.14124466,-0.98246331,0.12172101,-0.94737741,0.16982051,0.27136161,0.05332789,-0.15343553,-0.0909873
-0.26626399,-0.07245315,-0.9611731,-0.14207299,-0.98332955,0.11348036,-0.95337215,0.1667725,0.25153191,0.04500605,0.00491244,-0.08190604
-0.24900385,-0.07307054,-0.96574201,-0.1430255,-0.98344225,0.11128704,-0.95788341,0.16583666,0.23443011,0.00468916,-0.03196108,-0.108893
-0.24093869,-0.07437252,-0.96768663,-0.14254578,-0.98353528,0.11108222,-0.9600153,0.16470364,0.22637009,-0.00347619,-0.0819214,-0.11725913
-0.216088,-0.07775158,-0.97327314,-0.13215516,-0.98532174,0.10805545,-0.96738872,0.15197256,0.20264099,0.12111617,-0.20331472,-0.10808148
-0.21152037,-0.07729495,-0.97431233,-0.12773657,-0.98613126,0.10596382,-0.9689904,0.14686883,0.19871357,0.15692285,-0.15727985,-0.09397902
-0.19441379,-0.07649666,-0.97793226,-0.10764307,-0.98926984,0.09878306,-0.97499549,0.12447242,0.1840934,0.15799908,0.08020133,-0.10697649
-0.18920919,-0.07708937,-0.97890602,-0.10300438,-0.98985511,0.09786097,-0.97651926,0.11934782,0.17934925,0.11490482,0.12671393,-0.16664091
-0.17476751,-0.07742809,-0.98156056,-0.09508912,-0.990916,0.09509676,-0.98000729,0.10995556,0.16581744,0.00794113,0.19661349,-0.3021636
-0.15819807,-0.07671006,-0.9844231,-0.08875381,-0.99183722,0.09155065,-0.98341041,0.10185445,0.15009852,-0.11268599,0.28663522,-0.47134256
-0.15259655,-0.07587189,-0.98537182,-0.08632087,-0.99221492,0.08976662,-0.98451149,0.09875624,0.14485937,-0.13206731,0.37184209,-0.5203917
-0.1521625,-0.07714901,-0.98533968,-0.08328702,-0.99240161,0.09056367,-0.98483985,0.09584643,0.14458112,-0.03007037,0.38695985,-0.45615897
-0.16409862,-0.08403598,-0.98285784,-0.08239552,-0.99171506,0.0985501,-0.98299672,0.09715502,0.15581495,0.13924137,0.30799001,-0.28440621
-0.1718912,-0.08552912,-0.98139608,-0.08230329,-0.99149419,0.10082456,-0.98167188,0.09810297,0.16338971,0.05313133,0.40362161,-0.21518531
-0.18769364,-0.07852258,-0.97908379,-0.08481987,-0.99177989,0.09580108,-0.97855835,0.10102703,0.17949074,-0.18267001,0.64992768,-0.00643733
-0.21119015,-0.06751992,-0.97511009,-0.09496503,-0.99147424,0.08922064,-0.97282078,0.11144388,0.20297766,-0.22436707,0.46687073,0.14379868
-0.22559819,-0.06269463,-0.97220095,-0.10187979,-0.99093709,0.08754398,-0.96887864,0.11879741,0.21716645,-0.29222527,0.35042936,0.23179966
-0.2535472,-0.05979553,-0.96547309,-0.11526082,-0.9891094,0.09152858,-0.96043153,0.13448804,0.24389387,-0.28697577,-0.02785915,0.43119761
-0.27165,-0.06146715,-0.96043127,-0.12490193,-0.98726649,0.09851206,-0.95425675,0.14672051,0.26051342,-0.14030303,-0.35014939,0.71810538
-0.27165,-0.06146715,-0.96043127,-0.12490193,-0.98726649,0.09851206,-0.95425675,0.14672051,0.26051342,-0.14030303,-0.35014939,0.71810538
-0.27165,-0.06146715,-0.96043127,-0.12490193,-0.98726649,0.09851206,-0.95425675,0.14672051,0.26051342,-0.14030303,-0.35014939,0.71810538
-0.23420654,-0.07233859,-0.96949175,-0.12381114,-0.98688836,0.10354653,-0.96427067,0.14428517,0.22217956,0.16758157,0.00359088,0.00729929
-0.22711265,-0.06905494,-0.97141708,-0.11925681,-0.98800351,0.0981157,-0.96653895,0.13813143,0.21615294,-0.08407937,0.3721047,-0.22100064
-0.21371145,-0.06817821,-0.97451469,-0.11477261,-0.98890043,0.09435435,-0.97013112,0.13201222,0.20351462,-0.23768227,0.3978253,-0.23296849
-0.19260483,-0.0895769,-0.97717912,-0.11079484,-0.98747129,0.11235838,-0.97500131,0.1299072,0.1802674,-0.22251074,-0.2118535,-0.10944404
-0.18868015,-0.1028296,-0.97664012,-0.11030475,-0.9859903,0.12512419,-0.97582412,0.13133649,0.17469416,-0.04075606,-0.45304066,0.03181472
-0.18868015,-0.1028296,-0.97664012,-0.11030475,-0.9859903,0.12512419,-0.97582412,0.13133649,0.17469416,-0.04075606,-0.45304066,0.03181472
-0.18868015,-0.1028296,-0.97664012,-0.11030475,-0.9859903,0.12512419,-0.97582412,0.13133649,0.17469416,-0.04075606,-0.45304066,0.03181472
-0.18378053,-0.11113159,-0.97666487,-0.11838648,-0.98385339,0.13422653,-0.97581204,0.14029216,0.16765684,0.09740304,-0.50002658,0.14394566
-0.18337717,-0.10842059,-0.97704535,-0.11996126,-0.9840031,0.13170767,-0.97569562,0.14135979,0.16743761,0.0643225,-0.41202009,0.13030659
-0.18723651,-0.10095822,-0.97711296,-0.12038596,-0.98484788,0.12482605,-0.97491,0.1410027,0.17224572,0.086569,-0.21772581,0.13988788
-0.20124813,-0.08741138,-0.97563229,-0.11396126,-0.98715734,0.11195128,-0.97288845,0.13371428,0.18870214,0.04439957,0.10380083,0.04726686
-0.20847457,-0.08281938,-0.97451484,-0.1104613,-0.9880387,0.10759932,-0.97176979,0.13007791,0.19683273,0.04359385,0.09585434,-0.05272231
-0.21021099,-0.08339476,-0.97409263,-0.11105476,-0.98786921,0.10854005,-0.97132795,0.13099396,0.19839978,0.12480329,-0.03031778,-0.11436983
-0.21107715,-0.08511762,-0.97375631,-0.11291595,-0.98740874,0.11078733,-0.97092551,0.1333373,0.19880836,0.14088978,-0.0931651,-0.12739554
-0.21696269,-0.0893525,-0.97208187,-0.11820797,-0.98606926,0.11702151,-0.96899634,0.14029714,0.20337821,0.19123538,-0.13992327,-0.09083205
-0.22829532,-0.09371142,-0.96907134,-0.1243632,-0.98439602,0.12449104,-0.96561632,0.14893755,0.21307891,0.22655648,-0.13696641,-0.02888649
-0.23490797,-0.09522973,-0.96734149,-0.1275717,-0.98356045,0.12780575,-0.96360973,0.15342799,0.21889756,0.21273635,-0.13613993,0.00289652
-0.24851921,-0.09453451,-0.96400282,-0.13381405,-0.98233269,0.13082919,-0.95933936,0.16151069,0.2314785,0.21906804,-0.09940881,0.0970938
-0.26680709,-0.08309387,-0.96016108,-0.14170125,-0.98206616,0.12436516,-0.95327575,0.16923754,0.25024779,0.28367847,0.07018143,0.2489551
-0.27353707,-0.07330135,-0.95906438,-0.14576885,-0.98241629,0.11666121,-0.95075182,0.17171287,0.25804212,0.26856941,0.23364383,0.32739475
-0.2715183,-0.06782364,-0.96004046,-0.14845264,-0.98262441,0.11140445,-0.95091511,0.1727689,0.256732,0.24678007,0.35680312,0.27598387
-0.26641427,-0.06750058,-0.96149204,-0.14939938,-0.98259665,0.11037843,-0.95220959,0.17305273,0.25169338,0.22428247,0.36716515,0.17089444
-0.25086244,-0.07072469,-0.9654357,-0.1508127,-0.98229416,0.11114742,-0.95620269,0.17348268,0.2357545,0.16071917,0.3707251,-0.07643028
-0.23385926,-0.07271305,-0.96954765,-0.15277936,-0.98206292,0.11050273,-0.9601918,0.17396896,0.21855548,-0.09033914,0.60491329,-0.20871997
-0.2275587,-0.07259845,-0.97105414,-0.15373376,-0.9820321,0.10944549,-0.96155219,0.17418912,0.21230947,-0.19889152,0.68621129,-0.2101932
-0.21899992,-0.07480547,-0.97285312,-0.15444086,-0.98183009,0.11026206,-0.96342466,0.17439565,0.20346767,-0.34260619,0.47883385,-0.05047247
-0.21293997,-0.08144857,-0.97366452,-0.1526553,-0.98150811,0.11549035,-0.96506623,0.17322757,0.19656886,-0.29774725,0.02283746,0.1900956
-0.21007823,-0.08503421,-0.97397963,-0.150154,-0.9815853,0.11808503,-0.96608535,0.17105403,0.19344148,-0.33640656,-0.20984346,0.04117085
-0.21532102,-0.08526346,-0.9728139,-0.14879098,-0.98168539,0.11897418,-0.96514143,0.17036358,0.19869118,-0.35899669,-0.22477227,0.02697208
-0.22031634,-0.08616918,-0.97161496,-0.14861829,-0.98149544,0.12074504,-0.96404012,0.17100185,0.20343313,-0.33837485,-0.2304377,-0.03622437
-0.2311983,-0.08998476,-0.96873621,-0.14899604,-0.98069279,0.12665477,-0.96142981,0.17362026,0.21332738,-0.1896569,-0.24569988,-0.10943846
-0.23888846,-0.09081077,-0.96679148,-0.14972875,-0.980266,0.12907352,-0.95943404,0.17559064,0.22057719,-0.12273379,-0.02805877,-0.05009098
-0.24110679,-0.08886152,-0.96642177,-0.15060227,-0.98031045,0.12771144,-0.95874208,0.17633743,0.22297686,-0.10447633,0.19643956,0.00979072
-0.25145783,-0.08775321,-0.9638819,-0.15488357,-0.97939887,0.12957197,-0.95539522,0.18187136,0.232686,0.02187517,0.1043542,0.11559261
-0.25145783,-0.08775321,-0.9638819,-0.15488357,-0.97939887,0.12957197,-0.95539522,0.18187136,0.232686,0.02187517,0.1043542,0.11559261
-0.25145783,-0.08775321,-0.9638819,-0.15488357,-0.97939887,0.12957197,-0.95539522,0.18187136,0.232686,0.02187517,0.1043542,0.11559261
-0.25924714,-0.11802861,-0.95857182,-0.15193808,-0.97516197,0.16116325,-0.95378483,0.18742471,0.23487514,-0.07161944,-0.43650836,-0.05929968
-0.26107289,-0.12364663,-0.95736748,-0.14990433,-0.97453861,0.16674305,-0.95360876,0.18704561,0.23589042,-0.04455896,-0.46791822,-0.06393644
-0.26697402,-0.128458635,-0.955103854,-0.144236961,-0.974586622,0.171396624,-0.952848725,0.183519706,0.241660707,-0.000433030073,-0.410501242,-0.0179221965
-0.27190087,-0.12617687,-0.95401754,-0.13776817,-0.97605147,0.16835581,-0.95241272,0.17720932,0.24800594,0.00863948,-0.23308688,0.02946793
-0.26752135,-0.12019568,-0.95602567,-0.13136869,-0.97837453,0.15976595,-0.95455453,0.16833268,0.24594637,0.00950582,-0.01652473,0.10901167
-0.25767694,-0.12064025,-0.95867016,-0.12959938,-0.97889412,0.15801974,-0.95750016,0.1649611,0.23660358,-0.03679922,-0.03275543,0.05339379
-0.25210268,-0.12287562,-0.95986762,-0.12829314,-0.97890619,0.15900812,-0.95915856,0.1632308,0.23102074,-0.04389153,-0.09839368,0.02146967
-0.22703159,-0.13486184,-0.96450447,-0.11743147,-0.97934847,0.16457923,-0.96678149,0.15062787,0.20650608,0.05917407,-0.23921764,-0.13180676
-0.22090831,-0.13661897,-0.96567832,-0.1135441,-0.97980459,0.16459181,-0.96866253,0.14600679,0.20093485,0.08039171,-0.21774912,-0.16493484
-0.20997986,-0.13796616,-0.9679224,-0.10499042,-0.98108714,0.16261913,-0.97205218,0.13576932,0.19152345,0.13452685,-0.13785839,-0.16705148
-0.20048231,-0.13785782,-0.96994939,-0.09609504,-0.98250875,0.15950512,-0.97497299,0.1251853,0.18372842,0.16411944,-0.09024632,-0.11234973
-0.18399393,-0.1350536,-0.97360488,-0.08344047,-0.98479398,0.15237448,-0.9793792,0.10927406,0.16992748,0.15233536,-0.01209354,-0.01839637
-0.18399393,-0.1350536,-0.97360488,-0.08344047,-0.98479398,0.15237448,-0.9793792,0.10927406,0.16992748,0.15233536,-0.01209354,-0.01839637
-0.140799,-0.12889312,-0.98161204,-0.06166959,-0.98842185,0.13863297,-0.98811563,0.08005499,0.13122003,-0.00172057,0.08018714,-0.15577692
-0.12027328,-0.12586885,-0.98472912,-0.05219868,-0.98975579,0.13288682,-0.9913676,0.06738429,0.11247092,-0.07935271,0.13047868,-0.29200834
-0.11104705,-0.12438569,-0.98600042,-0.04785932,-0.99031624,0.13032023,-0.99266213,0.06166098,0.1040186,-0.11079977,0.16924018,-0.33941889
-0.09665138,-0.12277615,-0.98771689,-0.04136925,-0.9910098,0.12723358,-0.99445825,0.05315839,0.09070319,-0.02791218,0.24135727,-0.34700319
-0.08729999,-0.12887516,-0.9878107,-0.03633963,-0.9905246,0.13244082,-0.99551907,0.04745875,0.08178944,0.25707164,0.18613952,-0.27405366
-0.08732249,-0.13104972,-0.98752252,-0.03502837,-0.99029227,0.13451469,-0.99556405,0.04633746,0.08188435,0.0785434,0.46297354,-0.10867253
-0.09170031,-0.12170997,-0.98832057,-0.03697232,-0.99140178,0.12551987,-0.99509996,0.04805073,0.08641213,-0.39887008,0.60190624,0.06798026
-0.10765951,-0.11623736,-0.98736934,-0.04343643,-0.99164334,0.12147669,-0.99323845,0.05596593,0.10171099,-0.376304,0.21165806,0.14687702
-0.10765951,-0.11623736,-0.98736934,-0.04343643,-0.99164334,0.12147669,-0.99323845,0.05596593,0.10171099,-0.376304,0.21165806,0.14687702
-0.11147271,-0.11391179,-0.98721726,-0.04881888,-0.99158157,0.11992781,-0.99256765,0.06156352,0.10497326,-0.394584,0.00760716,0.18897909
-0.11541943,-0.11080814,-0.9871169,-0.05112301,-0.99177859,0.11730904,-0.99200033,0.06400414,0.10880582,-0.2993862,-0.15929431,0.24154888
-0.12014429,-0.10115275,-0.98758973,-0.05717307,-0.99243953,0.10860483,-0.99110877,0.06951179,0.11345273,-0.09687671,-0.07031417,0.22623953
-0.12463706,-0.09152515,-0.98797196,-0.05951368,-0.99325382,0.09952238,-0.99041586,0.07120204,0.11834939,-0.08773334,0.16220659,0.23347755
-0.12629357,-0.0867185,-0.98819517,-0.05906987,-0.99374645,0.09475492,-0.99023257,0.07033951,0.12038148,-0.12201436,0.15701538,0.27205062
-0.12351645,-0.08794212,-0.98843808,-0.0574883,-0.99375843,0.09559929,-0.99067591,0.06863172,0.1176899,-0.13680764,0.07546479,0.21739356
-0.11431774,-0.0935087,-0.98903366,-0.05380089,-0.9935166,0.10015113,-0.99198635,0.06465994,0.10854571,-0.17757078,-0.09579539,0.11998131
-0.10335559,-0.09818568,-0.98978637,-0.05190112,-0.99322762,0.10394668,-0.99328936,0.0621145,0.09755982,-0.24851494,-0.25231582,0.0740068
-0.09858686,-0.09921211,-0.9901704,-0.05188118,-0.993152,0.10467644,-0.99377503,0.06169094,0.09276465,-0.25972572,-0.29287797,0.0646213
-0.09211591,-0.09596639,-0.99111301,-0.05602673,-0.99326855,0.10138235,-0.99417078,0.06486775,0.08611927,-0.11296564,-0.30117291,0.12942263
-0.09124786,-0.0936871,-0.99141132,-0.05732188,-0.99341969,0.09915271,-0.99417699,0.06587704,0.08527724,-0.08419087,-0.2408005,0.1326437
-0.08847575,-0.08616198,-0.99234475,-0.05936163,-0.99402488,0.09160044,-0.99430789,0.06701163,0.08283244,-0.05978073,-0.01959288,0.13958485
-0.08554043,-0.07758134,-0.99330966,-0.06032577,-0.99473145,0.08288743,-0.99450678,0.06701239,0.0804095,-0.08826019,0.15104967,0.12932031
-0.08462944,-0.07476161,-0.99360386,-0.06068274,-0.9949436,0.08003102,-0.99456298,0.06706758,0.07966471,-0.09012368,0.15889066,0.13217673
-0.08306882,-0.0727703,-0.99388334,-0.06155285,-0.99505138,0.07800041,-0.99464107,0.06765576,0.07817849,-0.07458362,0.09129316,0.10977836
-0.08091216,-0.07342864,-0.99401285,-0.0636795,-0.99486448,0.07867503,-0.99468499,0.069664,0.07582065,-0.08944012,0.03206557,0.06026312
-0.07986247,-0.07431985,-0.99403154,-0.06546211,-0.99467307,0.07962716,-0.99465414,0.07143062,0.07457176,-0.10915932,-0.00688612,0.04072324
