0,1,2,3,4,5,6,7,8,9,10,11
-0.221023948,-0.90185324,-0.371226498,-0.972616972,0.175781865,0.152042554,-0.0718651901,0.394666246,-0.916009768,0.0010012819,-0.000127553925,-0.0123750055
-0.222239911,-0.901858444,-0.370487025,-0.972319088,0.176888924,0.152662405,-0.0721448517,0.394159315,-0.916205951,-0.000661749626,-0.00222265697,-0.0119950064
-0.22268829,-0.90188981,-0.37014175,-0.97220284,0.1772757,0.15295458,-0.072331,0.39391401,-0.91629707,-0.00449182,-0.00403529,-0.00874218
-0.22320345,-0.90200133,-0.3695589,-0.97204966,0.17764975,0.15349262,-0.07279851,0.3934897,-0.91644212,-0.00369505,-0.00520658,-0.0024313
-0.22361169,-0.90216597,-0.36890941,-0.971925,0.17796283,0.1539184,-0.07320782,0.39297028,-0.91663222,,,
-0.223891325,-0.902207346,-0.368638586,-0.971844072,0.17817224,0.154187019,-0.0734275293,0.392780399,-0.916696071,0.00251387432,-0.00450056745,0.000625057204
-0.22434368,-0.90230955,-0.36811322,-0.97170417,0.17847984,0.15471236,-0.07389766,0.3924059,-0.91681878,,,
-0.22490793,-0.902150464,-0.368158865,-0.971554403,0.178877907,0.155192549,-0.0741515456,0.392590404,-0.916719315,-0.000835897285,-0.00149083126,-0.00528497575
-0.22499745,-0.90206007,-0.36832566,-0.97153121,0.1789167,0.15529306,-0.07418406,0.39278041,-0.91663531,,,
-0.22514807,-0.90196137,-0.36847487,-0.97149046,0.17899685,0.15545482,-0.07425846,0.39297024,-0.91654764,,,
-0.22531588,-0.90193361,-0.36844069,-0.97145088,0.17914914,0.15552748,-0.07426963,0.39296484,-0.91654935,,,
-0.22545533,-0.9019711,-0.36826356,-0.97141353,0.17927891,0.15561121,-0.07433492,0.39281958,-0.91660631,-0.00247101,-0.00274771,-0.00646192
-0.225628,-0.90213301,-0.3677609,-0.97137471,0.17952787,0.15556654,-0.07431837,0.3923338,-0.9168157,,,
-0.22600124,-0.90235728,-0.36698058,-0.97128776,0.17999813,0.15556584,-0.07432016,0.39160183,-0.91712838,0.00474268,0.00342238,-0.00827907
-0.22624661,-0.90240835,-0.36670382,-0.97123484,0.18028892,0.15555969,-0.07426572,0.39135037,-0.91724019,-0.00251231,0.00446749,-0.01042916
-0.22681002,-0.90236621,-0.36645911,-0.97110774,0.18086246,0.15568697,-0.07420799,0.39118268,-0.91731622,0.00099092,0.00597119,-0.0145216
-0.22758031,-0.90207813,-0.36669074,-0.97093113,0.18153593,0.15600429,-0.07416054,0.391535,-0.91716974,-0.00181198,0.00270545,-0.01416614
-0.228060613,-0.901800914,-0.367074248,-0.97082265,0.181924047,0.15622755,-0.0741065084,0.391993337,-0.916978465,0.000228628516,0.00282323337,-0.0146049811
-0.22877506,-0.9011609,-0.36819962,-0.97065191,0.18235849,0.15678084,-0.07414044,0.39326122,-0.91643262,-0.00674719,-0.00528455,-0.00352731
-0.22942738,-0.90051061,-0.3693824,-0.9704951,0.18272542,0.1573227,-0.07417527,0.39457802,-0.91586333,-0.00678422,-0.00689983,-0.00160165
-0.22971163,-0.90029201,-0.36973875,-0.97042212,0.18288742,0.15758494,-0.07425191,0.39500179,-0.91567464,-0.00142922,-0.00802004,0.00313756
-0.23024612,-0.89981368,-0.37057005,-0.97029465,0.18321724,0.15798668,-0.07426374,0.39593794,-0.91526946,-0.00189027,-0.00223142,0.00731004
-0.23089628,-0.8992281,-0.37158528,-0.97015116,0.18368252,0.15832679,-0.0741182,0.39705098,-0.91479879,-0.00432507,-0.00165236,-0.00483941
-0.23125193,-0.89894762,-0.37204259,-0.97007388,0.18396086,0.1584773,-0.07402152,0.39755698,-0.91458691,-0.0026094,-0.00792885,-0.00648788
-0.23145716,-0.89876677,-0.37235191,-0.97003792,0.1841601,0.15846621,-0.07385179,0.39787359,-0.91446302,-0.00167117,-0.00815171,-0.0085356
-0.23152895,-0.89870586,-0.37245388,-0.97003374,0.18427747,0.15835472,-0.07367949,0.39795658,-0.91444056,-0.00209792,-0.0085032,-0.00892487
-0.231655722,-0.898580979,-0.372676344,-0.970038259,0.184540516,0.158020393,-0.0732202696,0.398116684,-0.914407785,0.00532518886,0.00089633459,-0.00772032002
-0.23183688,-0.89832376,-0.37318339,-0.97003776,0.18484788,0.15766369,-0.07265092,0.39855429,-0.91426251,0.01392761,0.00427031,0.00126223
-0.231901806,-0.898121975,-0.373628587,-0.97004321,0.184943003,0.157518755,-0.0723710891,0.398964791,-0.914105732,0.0114597175,-0.000159978852,0.00776547473
-0.2321194,-0.89764318,-0.37464295,-0.97003387,0.18519638,0.1572788,-0.07179772,0.3999238,-0.91373195,0.01832576,0.00299072,0.02237579
-0.23231081,-0.89712142,-0.37577219,-0.970066,0.18560905,0.15659234,-0.07073565,0.40090194,-0.91338597,0.02397678,0.00575888,0.03611555
-0.23235866,-0.89678974,-0.37653355,-0.97011936,0.18588924,0.15592805,-0.06984116,0.40151374,-0.91318606,0.02794988,0.00644147,0.0314661
-0.2321299,-0.89523596,-0.38035292,-0.97052234,0.18711149,0.15190698,-0.06482418,0.40440314,-0.91228067,0.03476445,0.00389135,0.03864385
-0.22886286,-0.89524011,-0.38231795,-0.97200822,0.18872794,0.13993508,-0.05312141,0.40364211,-0.91337357,0.00800945,-0.01838749,0.07506791
-0.22782497,-0.89638713,-0.38024451,-0.97247763,0.18989289,0.13501088,-0.04881629,0.40053813,-0.91497878,0.00224455,-0.02631378,0.06526902
-0.22688454,-0.89770382,-0.37769156,-0.97291235,0.19126306,0.12984523,-0.04432418,0.39692073,-0.91678175,0.00589912,-0.03301108,0.05122699
-0.22615856,-0.89886252,-0.37536433,-0.97338629,0.19389216,0.1221675,-0.0370316,0.39300374,-0.91879082,0.01111881,-0.00454128,0.03691704
-0.22599241,-0.89849362,-0.37634631,-0.97361422,0.19577693,0.11724621,-0.03166506,0.3929129,-0.91903026,0.02487698,0.0050987,0.05082522
-0.22557002,-0.89590468,-0.38271793,-0.97398148,0.19856455,0.1092347,-0.02186966,0.39740024,-0.91738478,0.00698746,0.04037201,0.03235971
-0.22545524,-0.89223187,-0.39126995,-0.97414704,0.2005148,0.10407366,-0.01440242,0.40461842,-0.91437215,-0.00925171,0.06493079,-0.01129751
-0.22560866,-0.88964991,-0.39701843,-0.97416108,0.20160938,0.10180259,-0.01052605,0.40972747,-0.91214713,-0.01494021,0.04838669,-0.03066964
-0.22581802,-0.88345611,-0.41050132,-0.97416582,0.20364596,0.09761741,-0.0026438,0.42194017,-0.90661966,-0.03083575,0.02609134,-0.02351169
-0.22559926,-0.87693992,-0.42435972,-0.97420702,0.2053268,0.09360276,0.00504839,0.43453097,-0.9006426,-0.04702776,-0.02115536,-0.00959319
-0.22541131,-0.87380641,-0.43087343,-0.97422322,0.20618721,0.09151959,0.00887016,0.44039649,-0.89775942,-0.04892121,-0.04167586,0.00755204
-0.22448174,-0.86825787,-0.44242078,-0.97432781,0.20795963,0.08624429,0.01712337,0.45042315,-0.89265093,-0.04487462,-0.02716404,0.01170911
-0.22375724,-0.86299417,-0.45296092,-0.97431582,0.21013249,0.08095011,0.0253223,0.45944019,-0.88784752,-0.05580869,0.00192618,-0.04759923
-0.22359367,-0.86016928,-0.45838266,-0.97424262,0.21136168,0.07859738,0.02927747,0.4641498,-0.8852727,-0.04696628,-0.01307321,-0.05858946
-0.22294064,-0.85419684,-0.46972847,-0.97411029,0.21374352,0.07363835,0.0374997,0.47398441,-0.87973402,-0.02930298,-0.03413617,-0.03917157
-0.22224439,-0.84788834,-0.48134468,-0.97388576,0.21655286,0.06820074,0.04640994,0.48393198,-0.87387403,-0.03348476,-0.06075835,-0.04670532
-0.2218048,-0.84467458,-0.48716274,-0.97373106,0.21824924,0.06492409,0.05148317,0.48876595,-0.87089461,-0.06258588,-0.0244981,-0.04898729
-0.22090595,-0.83789759,-0.49912721,-0.97332775,0.22189131,0.05828546,0.06191471,0.49869002,-0.86456607,-0.08803612,0.02638638,-0.07599454
-0.21929645,-0.83054115,-0.51196719,-0.97298117,0.22501229,0.05174044,0.07222633,0.50948094,-0.85744529,-0.08161995,0.07151603,-0.11152115
-0.2180198,-0.82644338,-0.51909402,-0.97287651,0.22618193,0.04850731,0.07732113,0.51558996,-0.85333949,-0.06864484,0.06705057,-0.10829824
-0.21468039,-0.81719556,-0.53488651,-0.97276268,0.22793034,0.042195,0.08743526,0.52937612,-0.84386951,-0.03862355,0.03474176,-0.10598567
-0.21029955,-0.80608196,-0.55317806,-0.97270038,0.22931173,0.03563843,0.09812272,0.54557126,-0.83230038,-0.03083531,0.00770521,-0.11774228
-0.20786852,-0.7998012,-0.56312395,-0.97263905,0.23006939,0.03226885,0.10374889,0.55442405,-0.82574206,-0.02111863,-0.00738782,-0.11830772
-0.201878148,-0.785822709,-0.584574951,-0.972579344,0.231217815,0.0250546398,0.115475636,0.573603509,-0.810952758,0.000496381894,-0.0164060574,-0.101344414
-0.19432572,-0.77032665,-0.60731741,-0.9725891,0.23190442,0.01705347,0.12770286,0.5939842,-0.79427631,0.00958882,-0.02492118,-0.05071726
-0.18994165,-0.76225271,-0.61878338,-0.97258416,0.2322155,0.01248809,0.13417199,0.60419095,-0.78546229,0.01383993,-0.02776712,-0.0280427
-0.17989758,-0.74589718,-0.64130661,-0.97249069,0.23293405,0.00187734,0.14798182,0.62400246,-0.76728233,0.03527291,-0.03761518,0.00120347
-0.16777969,-0.7300529,-0.66247465,-0.97217008,0.23398665,-0.01164148,0.1635091,0.64208485,-0.74899379,0.06108684,-0.04200863,0.01465751
-0.16095887,-0.72250865,-0.67236396,-0.97190209,0.23458339,-0.01941229,0.17175092,0.65034741,-0.73996592,0.07170304,-0.04253769,0.01546065
-0.1460951,-0.70821177,-0.69071854,-0.9710966,0.23588527,-0.03646075,0.18875221,0.66542775,-0.7222037,0.10542621,-0.05751633,0.0089235
-0.1460951,-0.70821177,-0.69071854,-0.9710966,0.23588527,-0.03646075,0.18875221,0.66542775,-0.7222037,0.10542621,-0.05751633,0.0089235
-0.1460951,-0.70821177,-0.69071854,-0.9710966,0.23588527,-0.03646075,0.18875221,0.66542775,-0.7222037,0.10542621,-0.05751633,0.0089235
-0.1460951,-0.70821177,-0.69071854,-0.9710966,0.23588527,-0.03646075,0.18875221,0.66542775,-0.7222037,0.10542621,-0.05751633,0.0089235
-0.07819015,-0.66948458,-0.73869922,-0.96539844,0.23575163,-0.11147611,0.24878105,0.70442278,-0.66475281,0.18685552,-0.00438136,-0.00147843
-0.06714696,-0.6648115,-0.74398709,-0.96412131,0.23517651,-0.12313399,0.25682914,0.70902578,-0.65675031,0.20418756,-0.0211755,-0.00128043
-0.0442856287,-0.656265743,-0.753229095,-0.961131937,0.233657664,-0.147069727,0.272514578,0.71743946,-0.641105642,0.205663189,-0.0460211597,-0.000354465097
-0.02101561,-0.64843945,-0.76097608,-0.95749257,0.23207682,-0.17131347,0.28769132,0.7250287,-0.62575319,0.20089558,-0.05749839,-0.01019791
-0.00932779,-0.64488518,-0.76422252,-0.95542496,0.23127921,-0.18350219,0.29508662,0.72844561,-0.61829672,0.20130849,-0.05876726,-0.01817727
0.01399492,-0.63858399,-0.76942483,-0.95090446,0.22942828,-0.20770971,0.30916789,0.7345564,-0.60402152,0.21176738,-0.06304746,-0.02782292
0.03708044,-0.63312087,-0.77316424,-0.94598656,0.22712338,-0.2313533,0.32207826,0.73998168,-0.590502,0.22776273,-0.06995761,-0.03079683
0.04840448,-0.63087293,-0.77437475,-0.94342475,0.22574122,-0.24287972,0.32803452,0.7423208,-0.58425424,0.23502252,-0.06278902,-0.03332688
0.07038851,-0.6270996,-0.77575213,-0.93801013,0.22297935,-0.26536213,0.33938515,0.74634185,-0.57253058,0.26791152,-0.05706781,-0.02108241
0.09144806,-0.62446871,-0.77567787,-0.93234105,0.21994808,-0.28698969,0.34982496,0.74944095,-0.56210399,0.30822051,-0.03886258,-0.00400919
0.10158125,-0.62354399,-0.77516064,-0.92942643,0.21837154,-0.29745634,0.3547501,0.7506708,-0.5573558,0.32760251,-0.01574719,-0.00268517
0.12100296,-0.62138449,-0.77410557,-0.92352168,0.21545817,-0.31730953,0.36395855,0.7532987,-0.54779096,0.36469537,0.02534139,-0.01422051
0.13928685,-0.61828059,-0.77351677,-0.917636,0.21302134,-0.33550856,0.37221399,0.75653878,-0.53768545,0.42023632,0.04117667,-0.00524867
0.14815064,-0.61648892,-0.77329991,-0.91470512,0.21185742,-0.34413797,0.37598656,0.75832566,-0.53251876,0.44419,0.05279088,0.00488923
0.16552976,-0.61241139,-0.77301495,-0.90895423,0.20936901,-0.36050903,0.38262519,0.76231019,-0.52199712,0.48142436,0.09041034,0.01761383
0.18212297,-0.60798534,-0.77277742,-0.90351701,0.20658971,-0.37546985,0.387928,0.76659925,-0.51170036,0.51166314,0.10375487,0.0229127
0.19008624,-0.60573686,-0.77262539,-0.90102501,0.20490347,-0.38231979,0.3898988,0.76882855,-0.50683473,0.51998216,0.10043978,0.03158277
0.20514081,-0.60216248,-0.77156817,-0.89673776,0.20022106,-0.39468059,0.392146,0.77285944,-0.49890832,0.54740453,0.09433221,0.06832726
0.21769968,-0.60182221,-0.76838576,-0.89386377,0.19320425,-0.4045732,0.39193648,0.7749077,-0.49588656,0.53722429,0.07667016,0.11741029
0.22256434,-0.60316032,-0.76593912,-0.89304976,0.18900506,-0.40833713,0.39105913,0.77490303,-0.4965864,0.52609336,0.06832623,0.13445507
0.22831884,-0.60893029,-0.75965408,-0.89296826,0.17991038,-0.41260133,0.38791508,0.77255166,-0.50267849,0.49158573,0.05540537,0.14242662
0.22831884,-0.60893029,-0.75965408,-0.89296826,0.17991038,-0.41260133,0.38791508,0.77255166,-0.50267849,0.49158573,0.05540537,0.14242662
0.21647735,-0.64005768,-0.73719982,-0.90364371,0.15446199,-0.39946137,0.36954764,0.75264036,-0.54494657,0.37687087,0.01432788,0.14332956
0.19947919,-0.65683538,-0.72716939,-0.91256829,0.14581005,-0.3820452,0.35696941,0.7398018,-0.57032107,0.3124243,-0.02588433,0.09036026
0.18819235,-0.66489451,-0.72284082,-0.91778776,0.14295726,-0.37044402,0.34964152,0.73312921,-0.58332857,0.28700998,-0.04086655,0.07483567
0.16035177,-0.67961008,-0.71583327,-0.92932972,0.14043342,-0.34150335,0.33261599,0.72000584,-0.60906309,0.22630236,-0.02826989,0.1114098
0.12591974,-0.69481885,-0.70807544,-0.94169117,0.14078222,-0.30561081,0.31202855,0.70527085,-0.63657751,0.15979205,0.01639986,0.20817132
0.12591974,-0.69481885,-0.70807544,-0.94169117,0.14078222,-0.30561081,0.31202855,0.70527085,-0.63657751,0.15979205,0.01639986,0.20817132
0.12591974,-0.69481885,-0.70807544,-0.94169117,0.14078222,-0.30561081,0.31202855,0.70527085,-0.63657751,0.15979205,0.01639986,0.20817132
0.01478677,-0.74559718,-0.66623277,-0.97034915,0.15006655,-0.18947948,0.24125459,0.64928021,-0.72127058,0.04992116,0.12887906,0.24875928
-0.01057428,-0.757822,-0.65237559,-0.97462394,0.15369751,-0.16274266,0.22359846,0.6341,-0.7402167,0.03741684,0.16220461,0.2289238
-0.06312282,-0.7842823,-0.61718453,-0.98061092,0.16369865,-0.10772627,0.18552007,0.59841791,-0.7794089,-0.00566075,0.24384223,0.17618498
-0.14397566,-0.82139608,-0.55188726,-0.98227122,0.18628529,-0.02100233,0.12005972,0.53907913,-0.83365428,-0.08126232,0.25252339,0.06650166
-0.19792086,-0.83932404,-0.50632247,-0.97753435,0.20720465,0.03863671,0.07248364,0.50259463,-0.86147819,0.03308444,0.29132184,-0.05319703
-0.276239862,-0.846991419,-0.454199337,-0.961088318,0.243870211,0.129755705,0.000863712653,0.472369384,-0.881400229,0.0439884551,0.260244578,-0.0885166079
-0.32473275,-0.84061443,-0.43349284,-0.94472323,0.26636285,0.19117757,-0.04524023,0.47161237,-0.88064471,-0.0861666,0.19194804,-0.00915433
-0.39052252,-0.82339513,-0.41171908,-0.91366166,0.29188114,0.28289179,-0.11275869,0.48664756,-0.86629072,-0.24947457,0.10273039,0.09290093
-0.43099546,-0.81121534,-0.39518669,-0.88873073,0.30580099,0.34153097,-0.1562067,0.49841287,-0.85275083,-0.29448834,-0.01531416,0.08452158
-0.46988108,-0.79990428,-0.37331634,-0.86042761,0.32057144,0.39610399,-0.19717068,0.5073334,-0.83889019,-0.32555619,-0.08856111,0.08680345
-0.48878847,-0.79471597,-0.3598778,-0.84506118,0.32884407,0.42158395,-0.21669589,0.51018423,-0.83231877,-0.34316856,-0.11324262,0.07164647
-0.5254374,-0.78476344,-0.32872785,-0.81189338,0.34691135,0.46955479,-0.25444998,0.51361357,-0.81942446,-0.33941445,-0.17887454,0.01928724
-0.55893743,-0.77541091,-0.29381438,-0.77680617,0.36567698,0.51269145,-0.29010538,0.51479926,-0.80673454,-0.25590438,-0.23756139,-0.00694258
-0.59831474,-0.76365124,-0.2426033,-0.72725673,0.39047374,0.56447139,-0.33632904,0.5141664,-0.78899671,-0.12831517,-0.31818828,-0.02620888
-0.61704789,-0.75704942,-0.21477465,-0.69980441,0.40307808,0.5897473,-0.35989688,0.51420255,-0.77850501,-0.10066251,-0.36521044,-0.05519841
-0.62489188,-0.75388905,-0.20288317,-0.68792678,0.40883418,0.59967609,-0.36914364,0.51430143,-0.77409764,-0.10602266,-0.36461851,-0.06026928
-0.63884178,-0.74717279,-0.18334045,-0.66748339,0.41979611,0.61500979,-0.38255302,0.51527075,-0.76690868,-0.1448127,-0.30721119,-0.05312733
-0.6503809,-0.74057785,-0.16896313,-0.65142398,0.42937082,0.62552962,-0.39070564,0.51689936,-0.76168467,-0.21549216,-0.24698077,-0.06588991
-0.66068146,-0.73402519,-0.15718478,-0.63775375,0.43841515,0.63329481,-0.39594215,0.51865131,-0.75778008,-0.26325798,-0.21127175,-0.12655777
-0.66177099,-0.73292047,-0.15775498,-0.63827597,0.44041556,0.63137776,-0.39327196,0.51851874,-0.75925976,-0.28352982,-0.15933304,-0.18520127
-0.66075135,-0.73321378,-0.16063929,-0.64146793,0.44046238,0.62810168,-0.38977728,0.51806406,-0.76136921,-0.29117349,-0.14832328,-0.18700324
-0.65618318,-0.73537764,-0.16924236,-0.65276878,0.44065373,0.61621188,-0.37857123,0.51482413,-0.76918108,-0.30491665,-0.1080439,-0.14375746
-0.64837286,-0.73924076,-0.18203253,-0.67027239,0.44088662,0.59695389,-0.36103692,0.50906004,-0.7813516,-0.35989961,-0.00478554,-0.14596185
-0.64305109,-0.7417174,-0.19063167,-0.68127635,0.44035818,0.58476247,-0.34978232,0.50590505,-0.78848731,-0.39562714,0.0664556,-0.17371681
-0.62851043,-0.74840325,-0.21181875,-0.70752066,0.43698673,0.55538915,-0.32309307,0.49893403,-0.80416148,-0.41220978,0.1466056,-0.18905555
-0.60730357,-0.75792319,-0.23819076,-0.73888357,0.42865748,0.51990753,-0.29194772,0.49173693,-0.82034222,-0.37736616,0.12314057,-0.22046252
-0.59458216,-0.76306534,-0.25338434,-0.7554111,0.42223044,0.50107448,-0.27536594,0.4893392,-0.82747874,-0.35853395,0.07855415,-0.23467979
-0.56712456,-0.77174832,-0.28770471,-0.78793108,0.40663704,0.46239684,-0.23986263,0.48892817,-0.8386983,-0.30737114,0.00749731,-0.22207926
-0.53910199,-0.77515063,-0.3294094,-0.81815135,0.38909735,0.42335757,-0.19999356,0.49773965,-0.84395368,-0.26574284,-0.03731662,-0.24196094
-0.52495509,-0.77410562,-0.3538108,-0.83213247,0.37945518,0.40443676,-0.17882152,0.50672876,-0.84335529,-0.27373368,-0.06384348,-0.25436494
-0.495829,-0.76808575,-0.40521288,-0.85765734,0.35987395,0.36730704,-0.13629782,0.5296554,-0.83719028,-0.34314322,-0.09990024,-0.23207697
-0.46641253,-0.76060014,-0.45160446,-0.87939646,0.34358206,0.32956509,-0.0955041,0.55085271,-0.82912003,-0.3604857,-0.09763687,-0.20772541
-0.45173192,-0.75679162,-0.47244529,-0.88897242,0.33714638,0.30993592,-0.07527372,0.55999883,-0.82506664,-0.33369768,-0.05845689,-0.20915459
-0.42121903,-0.74846195,-0.51222951,-0.90631211,0.32603562,0.26888484,-0.03424504,0.57749927,-0.81567252,-0.20966525,0.00144124,-0.19236092
-0.38804668,-0.73795854,-0.55212012,-0.92161126,0.31539255,0.22618588,0.0072187,0.5966109,-0.8024979,-0.12900245,0.02049637,-0.15760188
-0.37059045,-0.73135367,-0.57252451,-0.9283763,0.31021361,0.20465789,0.02792755,0.60736251,-0.79393359,-0.05505998,0.05323815,-0.17632772
-0.33505556,-0.71453065,-0.61415278,-0.93969324,0.30091977,0.16255417,0.06866076,0.63157992,-0.77226445,-0.05751651,0.01033294,-0.08799321
-0.29917807,-0.69617529,-0.65255848,-0.94806094,0.29430891,0.12067635,0.10804191,0.65476888,-0.74806739,-0.07027066,-0.00278699,-0.02495885
-0.28195232,-0.68663558,-0.67010034,-0.95099812,0.29239713,0.10053099,0.12690726,0.66560911,-0.7354312,-0.04858924,-0.01432192,-0.0371322
-0.24844016,-0.6669014,-0.70250981,-0.95474599,0.29102158,0.06137216,0.16351634,0.68596573,-0.70902289,0.02450605,-0.03503966,-0.01342815
-0.21440948,-0.64855101,-0.73034938,-0.95603076,0.29252045,0.02090451,0.2000845,0.70271859,-0.68275388,0.0597545,-0.03762912,0.05722076
-0.197065674,-0.640731024,-0.742043677,-0.955777706,0.294090008,-0.000109934976,0.218298057,0.709207155,-0.670351468,0.0567227155,-0.0538110696,0.116467468
-0.197065674,-0.640731024,-0.742043677,-0.955777706,0.294090008,-0.000109934976,0.218298057,0.709207155,-0.670351468,0.0567227155,-0.0538110696,0.116467468
-0.10308867,-0.61531716,-0.7815098,-0.945533,0.30452176,-0.11503855,0.30877194,0.72708412,-0.61319543,0.24121112,0.01820063,0.0670542
-0.10308867,-0.61531716,-0.7815098,-0.945533,0.30452176,-0.11503855,0.30877194,0.72708412,-0.61319543,0.24121112,0.01820063,0.0670542
-0.10308867,-0.61531716,-0.7815098,-0.945533,0.30452176,-0.11503855,0.30877194,0.72708412,-0.61319543,0.24121112,0.01820063,0.0670542
-0.0033097,-0.5964512,-0.8026425,-0.92015181,0.31609282,-0.23109727,0.39154777,0.73778809,-0.54987183,0.41069061,-0.01677894,0.08876407
0.03618874,-0.58846088,-0.80771545,-0.90657497,0.32075056,-0.27430085,0.42049052,0.7421812,-0.52187635,0.4279016,0.00228941,0.06460746
0.07281495,-0.57936733,-0.81180742,-0.89211207,0.32608524,-0.31273684,0.44590789,0.74699516,-0.4931167,0.45272541,0.01046371,0.05567037
0.12215635,-0.56737035,-0.8143517,-0.869916,0.33381295,-0.36306343,0.47783256,0.75276808,-0.45278718,0.5248611,0.06094718,0.11480565
0.15055236,-0.56023857,-0.81453461,-0.85575061,0.33869287,-0.39112397,0.49499979,0.75592315,-0.42843349,0.56868136,0.11880075,0.1232108
0.16322929,-0.55663404,-0.8145642,-0.84936036,0.34076923,-0.40306745,0.50193949,0.75765094,-0.41715937,0.58718222,0.12943958,0.12775566
0.18461492,-0.54998115,-0.81451714,-0.83862148,0.3439953,-0.42235214,0.5124758,0.76104405,-0.39771935,0.59102613,0.12020039,0.13998358
0.19981673,-0.54461898,-0.81453258,-0.83161953,0.34534045,-0.43491245,0.5181526,0.76428401,-0.38391098,0.60596478,0.12061428,0.17665662
0.20504044,-0.54293316,-0.81435991,-0.82972775,0.34490212,-0.43885583,0.51914385,0.76568019,-0.37976782,0.62396133,0.13913117,0.2175543
0.21001861,-0.5427034,-0.81324358,-0.82946915,0.34142452,-0.44205221,0.51756452,0.76739966,-0.37845021,0.62035239,0.21608935,0.29511955
0.20155428,-0.54739751,-0.81223871,-0.83858636,0.33205111,-0.43187369,0.50611133,0.76817832,-0.39211376,0.51202857,0.26732108,0.29582334
0.18338628,-0.55193746,-0.81347065,-0.85066921,0.32562707,-0.41270921,0.49267773,0.76767964,-0.40980066,0.3892298,0.17618762,0.28021687
0.15477587,-0.55732588,-0.81574036,-0.86641151,0.32019569,-0.38315251,0.47473736,0.76606959,-0.43331499,0.26907822,0.07756566,0.26224756
0.137087,-0.56073465,-0.81656836,-0.87518236,0.3175516,-0.3649889,0.46396453,0.76468144,-0.44721288,0.22820379,0.05477655,0.27751744
0.09595713,-0.57059906,-0.81560332,-0.89366053,0.31146851,-0.32304504,0.43836391,0.75987101,-0.48003423,0.15641618,0.01597345,0.27446276
0.04813181,-0.58536829,-0.8093375,-0.9122365,0.3042628,-0.27431486,0.40682649,0.7515105,-0.51934959,0.12298626,0.00447154,0.23309593
0.02220024,-0.59429169,-0.80394307,-0.92111884,0.30044619,-0.24753205,0.38864786,0.7460224,-0.54074329,0.11394829,0.0192815,0.21155687
0.02220024,-0.59429169,-0.80394307,-0.92111884,0.30044619,-0.24753205,0.38864786,0.7460224,-0.54074329,0.11394829,0.0192815,0.21155687
0.02220024,-0.59429169,-0.80394307,-0.92111884,0.30044619,-0.24753205,0.38864786,0.7460224,-0.54074329,0.11394829,0.0192815,0.21155687
-0.12082398,-0.64805605,-0.75194739,-0.95429383,0.28442522,-0.09179084,0.2733584,0.70648824,-0.65280128,0.09326292,0.1846429,0.20340566
-0.12082398,-0.64805605,-0.75194739,-0.95429383,0.28442522,-0.09179084,0.2733584,0.70648824,-0.65280128,0.09326292,0.1846429,0.20340566
-0.12082398,-0.64805605,-0.75194739,-0.95429383,0.28442522,-0.09179084,0.2733584,0.70648824,-0.65280128,0.09326292,0.1846429,0.20340566
-0.26866239,-0.70488038,-0.65647863,-0.9543522,0.28713118,0.08226527,0.13050831,0.64861341,-0.74984549,-0.04775592,0.23769937,0.17294644
-0.32320433,-0.72585452,-0.60718544,-0.94382125,0.29392897,0.15102051,0.06885047,0.62188501,-0.78007604,-0.09873328,0.12873624,0.05025011
-0.375088036,-0.743352867,-0.553836847,-0.926960423,0.305471132,0.217788075,0.0072877334,0.595074607,-0.803637233,-0.136639699,0.0860155746,0.000246781856
-0.44718797,-0.75757899,-0.47549626,-0.89077329,0.329124,0.31336911,-0.08090468,0.56369436,-0.82201139,-0.13897637,0.02108145,-0.08071446
-0.49077334,-0.75781711,-0.42994744,-0.86046962,0.34404061,0.37580328,-0.13687077,0.55439093,-0.82092457,-0.18462408,-0.04788905,-0.05999158
-0.51032122,-0.75659513,-0.40882255,-0.84425102,0.350241,0.40567398,-0.16374457,0.55217295,-0.81749161,-0.18798694,-0.05629348,-0.05122512
-0.5746338,-0.74767704,-0.33282835,-0.77649057,0.36959444,0.51035499,-0.25856926,0.55170541,-0.79294559,-0.28167957,-0.16350578,-0.01428626
-0.58797724,-0.74465724,-0.31586148,-0.75938647,0.37368164,0.53262957,-0.27859481,0.55303496,-0.78519895,-0.30535072,-0.19895743,-0.03898367
-0.61223464,-0.7375151,-0.28502702,-0.72580634,0.38122052,0.5726047,-0.31364643,0.55744278,-0.76868958,-0.2994771,-0.25121573,-0.13332796
-0.6428507,-0.7245301,-0.24859403,-0.67936583,0.38937224,0.62197369,-0.35384307,0.56872256,-0.7425292,-0.33667356,-0.27832034,-0.13889328
-0.65821699,-0.71697629,-0.22955482,-0.65359883,0.39293151,0.64684883,-0.37357595,0.57580364,-0.72724907,-0.33787489,-0.29895553,-0.11990081
-0.6688927,-0.71197962,-0.21369885,-0.63399785,0.39631289,0.66406526,-0.38810939,0.57967316,-0.71648429,-0.34949401,-0.30137274,-0.13921282
-0.67788695,-0.71238037,-0.18161203,-0.61485815,0.41395859,0.67125818,-0.40301139,0.566703,-0.71862991,-0.31930959,-0.2548773,-0.26880515
-0.67306264,-0.71978258,-0.16999993,-0.62489477,0.43051296,0.65127966,-0.39559254,0.54458399,-0.73955059,-0.3785055,-0.12645368,-0.23281147
-0.67306264,-0.71978258,-0.16999993,-0.62489477,0.43051296,0.65127966,-0.39559254,0.54458399,-0.73955059,-0.3785055,-0.12645368,-0.23281147
-0.65950549,-0.73148469,-0.1731545,-0.65276278,0.44307206,0.61448177,-0.37276412,0.51828297,-0.76969441,-0.56197846,0.16033767,-0.26162249
-0.62050437,-0.7570062,-0.20473455,-0.71488499,0.43872066,0.54448484,-0.32235707,0.48421679,-0.81340049,-0.49878272,0.11314117,-0.2227217
-0.60740866,-0.76439496,-0.21622883,-0.73274796,0.4339925,0.52414777,-0.30681424,0.47681318,-0.82371963,-0.458381,0.05319404,-0.21727468
-0.60740866,-0.76439496,-0.21622883,-0.73274796,0.4339925,0.52414777,-0.30681424,0.47681318,-0.82371963,-0.458381,0.05319404,-0.21727468
-0.60740866,-0.76439496,-0.21622883,-0.73274796,0.4339925,0.52414777,-0.30681424,0.47681318,-0.82371963,-0.458381,0.05319404,-0.21727468
-0.60740866,-0.76439496,-0.21622883,-0.73274796,0.4339925,0.52414777,-0.30681424,0.47681318,-0.82371963,-0.458381,0.05319404,-0.21727468
-0.51133338,-0.79859117,-0.31747458,-0.84054504,0.38782362,0.37825493,-0.17894694,0.46026611,-0.869559,-0.31099454,-0.20085095,-0.3059727
-0.47096696,-0.80205029,-0.36729474,-0.87391003,0.36742392,0.31824661,-0.12029693,0.4708662,-0.87396432,-0.21461777,-0.1184625,-0.28973061
-0.44163518,-0.79966677,-0.40680637,-0.89378475,0.35263766,0.27712,-0.07814841,0.48598327,-0.87046716,-0.16737048,-0.02737462,-0.21788703
-0.39229139,-0.78528816,-0.47898834,-0.91976673,0.32826683,0.2151046,-0.01168314,0.52494126,-0.85105816,0.01958548,0.01905107,-0.13141695
-0.35559487,-0.7673575,-0.5335867,-0.93400034,0.3128715,0.17249574,0.03457817,0.55970876,-0.82796767,0.07221788,0.03855395,-0.09631231
-0.31688909,-0.74091956,-0.59213129,-0.94496167,0.30022456,0.13004856,0.08141683,0.60075236,-0.79527846,0.19579218,0.02154624,-0.13607848
-0.25899914,-0.68962248,-0.67626927,-0.95422194,0.2911337,0.06856799,0.14959872,0.66307007,-0.73345626,-0.01119391,-0.04629862,0.10879606
-0.22151619,-0.65838822,-0.71934374,-0.95570586,0.29317542,0.02596971,0.19379572,0.69323377,-0.69416857,0.04127225,-0.05623889,0.13697533
-0.20250493,-0.64531149,-0.73658987,-0.95525752,0.29575427,0.00351737,0.21557976,0.70434536,-0.67633033,0.08398877,-0.05191171,0.12490045
-0.1638871,-0.62473847,-0.76344142,-0.95176804,0.30362569,-0.0441476,0.25938112,0.71938394,-0.64436644,0.1295204,-0.03419053,0.12825289
-0.12478899,-0.61132576,-0.78147829,-0.94508785,0.31302074,-0.09395136,0.30205375,0.7268416,-0.61681808,0.15818346,0.03370499,0.12817931
-0.0651765,-0.60004258,-0.7973085,-0.93098181,0.32418005,-0.16786933,0.35920024,0.7313386,-0.57975764,0.27781701,0.07623481,0.04863226
-0.0260407,-0.59387581,-0.80413508,-0.91984214,0.32920586,-0.21333971,0.39142324,0.73412186,-0.55484474,0.35146812,0.07493805,0.05700302
-0.0072899,-0.59054772,-0.80696961,-0.91392467,0.33143516,-0.23429089,0.40581799,0.73580155,-0.54213224,0.37369943,0.06301772,0.07931758
0.0606535,-0.57578774,-0.81534631,-0.88920563,0.33993094,-0.306203,0.45346937,0.74358282,-0.4913757,0.40998447,0.0184958,0.09578611
0.07560883,-0.57227736,-0.81656719,-0.88305843,0.34192369,-0.321397,0.4631319,0.74537699,-0.4795019,0.43543482,0.02804994,0.10014268
0.10289069,-0.56499003,-0.81865721,-0.87108453,0.34617422,-0.34838922,0.48023443,0.74896567,-0.45653596,0.49103379,0.05582165,0.12330538
0.12614691,-0.55678597,-0.82102148,-0.86055969,0.35029011,-0.36977535,0.49348141,0.75318402,-0.43495954,0.50690168,0.10796785,0.15407895
0.1360825,-0.55205927,-0.82262513,-0.85612094,0.35231628,-0.37806108,0.49853635,0.7557141,-0.42468542,0.51396388,0.11563729,0.16992179
0.1360825,-0.55205927,-0.82262513,-0.85612094,0.35231628,-0.37806108,0.49853635,0.7557141,-0.42468542,0.51396388,0.11563729,0.16992179
0.16457894,-0.53191962,-0.83064753,-0.84549621,0.35762714,-0.39653375,0.50798618,0.76757044,-0.39087812,0.57361501,0.19386755,0.23496971
0.16843529,-0.52738579,-0.83276271,-0.84499476,0.35776266,-0.39747918,0.50755627,0.77062966,-0.38537837,0.59747487,0.25107989,0.29439244
0.1710379,-0.52095222,-0.83627435,-0.84701828,0.35583084,-0.39489798,0.50329517,0.77588219,-0.38039549,0.58021915,0.32438979,0.34226596
0.16628766,-0.51681654,-0.83979111,-0.8534453,0.35117405,-0.38510768,0.49394287,0.78075443,-0.38267874,0.48495418,0.31533286,0.25813895
0.16100244,-0.51490264,-0.84199378,-0.8582149,0.34825716,-0.37707316,0.48738634,0.7833213,-0.38582687,0.42650455,0.25659773,0.22575477
0.14407568,-0.51211041,-0.84674984,-0.870204,0.34184045,-0.35481014,0.47115535,0.78796457,-0.39638964,0.29462773,0.05972635,0.23516467
0.11906184,-0.51519587,-0.84876226,-0.88424532,0.33378535,-0.32664578,0.45159093,0.78940513,-0.41581843,0.23117185,-0.04355228,0.30296606
0.06722315,-0.54039375,-0.83872243,-0.90745253,0.31631784,-0.27653695,0.41474164,0.77969057,-0.46911777,0.15976417,-0.02112716,0.33704302
0.02485722,-0.56977259,-0.82142629,-0.92286744,0.30280276,-0.23796233,0.38431452,0.7639827,-0.51829773,0.14014512,0.06187605,0.26542503
0.02485722,-0.56977259,-0.82142629,-0.92286744,0.30280276,-0.23796233,0.38431452,0.7639827,-0.51829773,0.14014512,0.06187605,0.26542503
-0.04759349,-0.6218972,-0.78165135,-0.94328422,0.28538309,-0.16962145,0.32855721,0.72924649,-0.6002082,0.14259019,0.18908273,0.18463926
-0.10023016,-0.6562927,-0.74781937,-0.95330266,0.27856066,-0.11669617,0.2848999,0.70120172,-0.65356576,0.10363981,0.23484837,0.14850701
-0.18039298,-0.69980871,-0.69117722,-0.96073539,0.2759798,-0.02868008,0.21082148,0.65886478,-0.7221158,-0.01674578,0.16080879,0.11643818
-0.23372809,-0.72534435,-0.64749259,-0.95954716,0.27958729,0.03316816,0.15697233,0.62905204,-0.7613495,-0.08541552,0.13132523,0.08003058
-0.23372809,-0.72534435,-0.64749259,-0.95954716,0.27958729,0.03316816,0.15697233,0.62905204,-0.7613495,-0.08541552,0.13132523,0.08003058
-0.31141956,-0.75898542,-0.57180304,-0.94769047,0.2923827,0.12804289,0.07000258,0.58176743,-0.81033692,-0.13709119,0.07015657,-0.01661854
-0.31141956,-0.75898542,-0.57180304,-0.94769047,0.2923827,0.12804289,0.07000258,0.58176743,-0.81033692,-0.13709119,0.07015657,-0.01661854
-0.38716317,-0.77932751,-0.49270024,-0.92182576,0.31646174,0.22380649,-0.01849774,0.54083334,-0.84092652,-0.07552475,-0.02622676,-0.03295125
-0.38716317,-0.77932751,-0.49270024,-0.92182576,0.31646174,0.22380649,-0.01849774,0.54083334,-0.84092652,-0.07552475,-0.02622676,-0.03295125
-0.47594751,-0.78474651,-0.39704751,-0.87036285,0.35546988,0.34074859,-0.12626286,0.50775389,-0.8521992,-0.14437713,0.02822757,0.01185323
-0.53108992,-0.77662207,-0.33882366,-0.82348763,0.37892658,0.42223535,-0.19952803,0.50326209,-0.84078275,-0.19582564,-0.06382643,0.00220489
-0.56238252,-0.76854444,-0.30506643,-0.79022229,0.39090778,0.4719533,-0.24346421,0.50648852,-0.82716067,-0.24366726,-0.11060219,0.02766621
-0.56238252,-0.76854444,-0.30506643,-0.79022229,0.39090778,0.4719533,-0.24346421,0.50648852,-0.82716067,-0.24366726,-0.11060219,0.02766621
-0.60274102,-0.75523651,-0.25752868,-0.7395577,0.40756993,0.53566887,-0.29959575,0.51332694,-0.80420008,-0.2918292,-0.17397426,0.02802896
-0.62549809,-0.74607312,-0.22831303,-0.7074925,0.41898962,0.56912389,-0.32894728,0.51751573,-0.78991832,-0.28583837,-0.22175913,0.00380094
-0.63577042,-0.74150643,-0.21439308,-0.69234115,0.42501877,0.58311479,-0.34126224,0.51916021,-0.7835898,-0.27345699,-0.23694859,-0.01606263
-0.65416722,-0.73249323,-0.18846329,-0.66440331,0.43744647,0.60597743,-0.36143185,0.52162638,-0.772834,-0.26928213,-0.2506561,-0.06682865
-0.67495323,-0.72087578,-0.1574035,-0.63091364,0.45322473,0.62971041,-0.38260389,0.52433322,-0.76071581,-0.25097746,-0.25249407,-0.14292108
-0.68348441,-0.71585912,-0.1428098,-0.61586312,0.46047928,0.63927412,-0.39186927,0.52488523,-0.75560162,-0.23446722,-0.22902714,-0.15785457
-0.68820317,-0.71310795,-0.13361592,-0.60710128,0.46518947,0.64422567,-0.39724577,0.52447663,-0.75307359,-0.18976086,-0.19869082,-0.18053414
-0.68941752,-0.71227854,-0.13176806,-0.60527394,0.46652997,0.64497539,-0.39792837,0.52441309,-0.75275758,-0.20908394,-0.19069503,-0.19615009
-0.68941752,-0.71227854,-0.13176806,-0.60527394,0.46652997,0.64497539,-0.39792837,0.52441309,-0.75275758,-0.20908394,-0.19069503,-0.19615009
-0.68959264,-0.71112407,-0.13698397,-0.61097249,0.46972187,0.63723936,-0.38881187,0.52312899,-0.758394,-0.38954058,-0.0926479,-0.15708748
-0.68812142,-0.711871,-0.14045694,-0.61582991,0.4706093,0.63188628,-0.38372124,0.52131222,-0.76222773,-0.44557753,-0.01530528,-0.14611305
-0.68812142,-0.711871,-0.14045694,-0.61582991,0.4706093,0.63188628,-0.38372124,0.52131222,-0.76222773,-0.44557753,-0.01530528,-0.14611305
-0.66307748,-0.72855545,-0.17185782,-0.66789792,0.47216424,0.57530277,-0.33799486,0.49625382,-0.79968213,-0.37327367,0.0817759,-0.2354421
-0.66307748,-0.72855545,-0.17185782,-0.66789792,0.47216424,0.57530277,-0.33799486,0.49625382,-0.79968213,-0.37327367,0.0817759,-0.2354421
-0.66307748,-0.72855545,-0.17185782,-0.66789792,0.47216424,0.57530277,-0.33799486,0.49625382,-0.79968213,-0.37327367,0.0817759,-0.2354421
-0.66307748,-0.72855545,-0.17185782,-0.66789792,0.47216424,0.57530277,-0.33799486,0.49625382,-0.79968213,-0.37327367,0.0817759,-0.2354421
-0.60053913,-0.7419622,-0.29806798,-0.76384024,0.42210983,0.48823279,-0.23643291,0.52087932,-0.82023402,-0.37930551,-0.19195424,-0.2822977
-0.5808985,-0.74009875,-0.33883681,-0.78693342,0.40422092,0.46619855,-0.20806811,0.53745618,-0.81721973,-0.42097408,-0.22685914,-0.26514342
-0.57140314,-0.73925289,-0.35637501,-0.79733202,0.39725752,0.45436542,-0.19431838,0.54377518,-0.81642414,-0.41429693,-0.2102413,-0.26272881
-0.53286725,-0.73763998,-0.41465562,-0.83544361,0.38072448,0.39633655,-0.13448422,0.5576163,-0.81913216,-0.31192976,-0.09642183,-0.17992197
-0.52187864,-0.7377492,-0.42821547,-0.84480307,0.37750086,0.37921068,-0.11811072,0.5596598,-0.8202624,-0.25556526,-0.06187343,-0.17409004
-0.52187864,-0.7377492,-0.42821547,-0.84480307,0.37750086,0.37921068,-0.11811072,0.5596598,-0.8202624,-0.25556526,-0.06187343,-0.17409004
-0.52187864,-0.7377492,-0.42821547,-0.84480307,0.37750086,0.37921068,-0.11811072,0.5596598,-0.8202624,-0.25556526,-0.06187343,-0.17409004
-0.45877418,-0.73443798,-0.50012724,-0.88783305,0.35624179,0.29128048,-0.0357612,0.57766141,-0.81549286,-0.04716317,-0.05001545,-0.09142177
-0.45877418,-0.73443798,-0.50012724,-0.88783305,0.35624179,0.29128048,-0.0357612,0.57766141,-0.81549286,-0.04716317,-0.05001545,-0.09142177
-0.40350685,-0.71992054,-0.56470934,-0.9144761,0.33772454,0.22288021,0.03026016,0.60634689,-0.79462429,-0.01215031,-0.05913305,-0.03701555
-0.38873272,-0.71525716,-0.5807701,-0.92015502,0.33348745,0.20518474,0.04691966,0.61416059,-0.78778494,-0.02302794,-0.07351267,-0.00367756
-0.32483921,-0.69468527,-0.64178778,-0.93876789,0.31925014,0.1295918,0.11486526,0.64458635,-0.75585317,0.01788315,-0.02782976,-0.004406
-0.30818847,-0.68892496,-0.65605057,-0.9421546,0.31655445,0.11017271,0.13177501,0.652055,-0.74663226,0.01515509,-0.00235498,0.00950714
-0.241414528,-0.664554726,-0.707167511,-0.950048609,0.310389995,0.032643608,0.197804224,0.679724196,-0.706291933,0.0625138879,0.000697374286,0.0660003275
-0.22442606,-0.65910556,-0.71778326,-0.95086234,0.30932993,0.01325916,0.21329267,0.68548877,-0.69614036,0.07814037,0.01044774,0.06493002
-0.22442606,-0.65910556,-0.71778326,-0.95086234,0.30932993,0.01325916,0.21329267,0.68548877,-0.69614036,0.07814037,0.01044774,0.06493002
-0.22442606,-0.65910556,-0.71778326,-0.95086234,0.30932993,0.01325916,0.21329267,0.68548877,-0.69614036,0.07814037,0.01044774,0.06493002
-0.10507354,-0.62558817,-0.77304525,-0.94613271,0.30227857,-0.11601955,0.30625546,0.71921282,-0.62365091,0.26190591,0.10992312,0.05365133
-0.0726971,-0.61479151,-0.78533208,-0.94215075,0.3006664,-0.14816088,0.32721101,0.72913036,-0.60108385,0.29128987,0.123214,0.0609649
-0.02744674,-0.59731874,-0.80153411,-0.93487284,0.29923117,-0.19098018,0.35392002,0.74409071,-0.56662998,0.35569623,0.12543093,0.01039871
0.00141191,-0.58364661,-0.81200659,-0.9294762,0.29876715,-0.21636132,0.36887946,0.75504627,-0.5420638,0.40012553,0.14277934,0.03338347
0.01559851,-0.57624178,-0.81713032,-0.92674348,0.29846938,-0.22817197,0.37537057,0.76082938,-0.52937263,0.41126153,0.14165948,0.04528563
0.04321402,-0.56124095,-0.82652356,-0.9212989,0.29761822,-0.2502634,0.38644654,0.77229012,-0.50420939,0.4241609,0.11224126,0.0779505
0.06898455,-0.54845458,-0.83332985,-0.91617493,0.29574008,-0.27048336,0.39479686,0.7821351,-0.48207883,0.40382841,0.02287853,0.14404988
0.06898455,-0.54845458,-0.83332985,-0.91617493,0.29574008,-0.27048336,0.39479686,0.7821351,-0.48207883,0.40382841,0.02287853,0.14404988
0.11485514,-0.5591141,-0.82109659,-0.90713708,0.27783957,-0.31608131,0.40485862,0.78115076,-0.47528183,0.42273933,0.43951437,0.29342669
0.12337946,-0.58433046,-0.80208193,-0.90785646,0.25991308,-0.32900126,0.40071704,0.76876727,-0.49842024,0.29067874,0.2949259,0.09518421
0.12023165,-0.59811044,-0.79234343,-0.91126285,0.25017707,-0.32712587,0.39388353,0.76136405,-0.51495661,0.13594452,0.1153407,0.12168889
0.11560978,-0.60525475,-0.78759203,-0.91384088,0.24592645,-0.32313332,0.38926772,0.75709114,-0.52467504,0.05812893,0.07610201,0.12114754
0.10041858,-0.62146748,-0.77697769,-0.92074567,0.23787338,-0.30926317,0.37701932,0.7464546,-0.54832659,-0.0778626,-0.00637996,0.10646403
0.06509295,-0.65309396,-0.75447411,-0.93365588,0.22700131,-0.27705073,0.35220677,0.72245324,-0.59498883,-0.14340061,-0.05986744,0.14558142
0.06509295,-0.65309396,-0.75447411,-0.93365588,0.22700131,-0.27705073,0.35220677,0.72245324,-0.59498883,-0.14340061,-0.05986744,0.14558142
0.0040707,-0.70456958,-0.70962326,-0.95184757,0.21480481,-0.21873529,0.30654473,0.67634357,-0.66976844,-0.16165286,0.11957549,0.08317003
-0.01154159,-0.7154926,-0.69852495,-0.95600487,0.21267713,-0.2020473,0.29312363,0.66546131,-0.68646904,-0.11887142,0.09480309,0.05444081
-0.04012275,-0.7333525,-0.67866358,-0.96320839,0.20902868,-0.16892777,0.26574375,0.64691661,-0.71475809,-0.06511127,-0.01137018,0.01421901
-0.06648917,-0.74522055,-0.66349484,-0.96899779,0.20680894,-0.13517861,0.23795452,0.63393715,-0.73586761,-0.11640318,-0.05192273,0.0069004
-0.08015642,-0.74892225,-0.65779184,-0.97140458,0.20665226,-0.1169092,0.22349001,0.62961105,-0.744071,-0.16491573,-0.04009866,0.00242173
-0.10855014,-0.75277341,-0.64926815,-0.9751328,0.2075774,-0.07763818,0.19321737,0.62469502,-0.7565866,-0.21565051,-0.10147261,0.06282384
-0.10855014,-0.75277341,-0.64926815,-0.9751328,0.2075774,-0.07763818,0.19321737,0.62469502,-0.7565866,-0.21565051,-0.10147261,0.06282384
-0.16751851,-0.76834435,-0.61772524,-0.97865471,0.20526382,0.0100846,0.11904819,0.60622908,-0.7863293,-0.3990728,-0.09937602,0.10639799
-0.18817656,-0.78064055,-0.59597816,-0.97797009,0.2047628,0.0405801,0.0903557,0.59048502,-0.80197468,-0.39825276,-0.05666071,0.07667802
-0.19725404,-0.78780452,-0.58348495,-0.97734013,0.20464572,0.05409499,0.07679138,0.58093376,-0.81032015,-0.36672485,-0.03319418,0.07795903
-0.21246951,-0.80308063,-0.55670306,-0.97580427,0.20445879,0.07747702,0.05160255,0.5596947,-0.82709078,-0.29262233,-0.07087957,-0.00859752
-0.22370112,-0.81795518,-0.53000668,-0.97420889,0.20415056,0.09612266,0.02957712,0.53783998,-0.84252791,-0.23048724,-0.14187519,-0.02666073
-0.2280334,-0.82556016,-0.51618901,-0.97345705,0.20395317,0.10384797,0.01954562,0.52616867,-0.85015548,-0.23812205,-0.14547418,0.00762855
-0.235158847,-0.842238488,-0.485112727,-0.971956707,0.203997056,0.116983651,0.000433378528,0.499018381,-0.866591041,-0.381790847,-0.0330767594,0.07752648
