0,1,2,3,4,5,6,7,8,9,10,11
-0.1024902,0.22122526,-0.9698222,0.10835336,-0.96667224,-0.23195744,-0.98881508,-0.12885686,0.07510397,,,
-0.10242909,0.22128587,-0.9698148,0.10835449,-0.96665944,-0.23201001,-0.98882126,-0.12884838,0.07503683,0.00291833,0.00283992,0.00449549
-0.10248336,0.22133461,-0.96979787,0.1083376,-0.96664815,-0.23206437,-0.98881741,-0.12884835,0.07508673,,,
-0.10265336,0.22137155,-0.96977156,0.10830271,-0.96663874,-0.23212061,-0.9888037,-0.12885686,0.07525362,,,
-0.10270758,0.22137139,-0.96976576,0.10823595,-0.96664562,-0.23212242,-0.98880529,-0.12880429,0.07532171,,,
-0.10288414,0.22134788,-0.96975247,0.1082667,-0.96664184,-0.23212425,-0.98878362,-0.12887382,0.07548763,,,
-0.1029996,0.22138495,-0.96973177,0.10829857,-0.96662525,-0.23217864,-0.98876814,-0.12893488,0.07558641,-0.0030538,0.00231385,0.00405579
-0.10311504,0.22142199,-0.96971107,0.1083304,-0.96660867,-0.232233,-0.98875264,-0.1289959,0.07568519,,,
-0.10305387,0.2214337,-0.96971482,0.10828166,-0.96661399,-0.232233,-0.98876428,-0.12893487,0.07563628,,,
-0.103230448,0.221410125,-0.969701507,0.108312366,-0.966610261,-0.2322348,-0.988742579,-0.12900437,0.0758021732,-0.00748488167,5.96046411e-05,0.00146618695
-0.10329159,0.22134956,-0.96970889,0.10831129,-0.96662311,-0.23218229,-0.98873637,-0.12901288,0.07586928,0.00520041,-0.00382334,0.00411978
-0.1034678,0.22132588,-0.9696954,0.10834193,-0.96661908,-0.23218398,-0.98871449,-0.12908225,0.07603518,,,
-0.10358994,0.22125353,-0.96969893,0.10838957,-0.96662648,-0.23213142,-0.98869654,-0.12915172,0.07615119,,,
-0.10370537,0.22124171,-0.96968933,0.1083715,-0.96662813,-0.23213327,-0.98868646,-0.12916014,0.07626814,,,
-0.10382728,0.22112034,-0.96970382,0.10836927,-0.96665339,-0.232028,-0.98867376,-0.12917697,0.07640253,0.00264442,-0.00135279,0.0058334
-0.1039495,0.22109689,-0.9696962,0.1084668,-0.96664266,-0.23202808,-0.98865035,-0.12929903,0.07650029,-0.00182599,-0.00369072,0.00287972
-0.104064762,0.221084972,-0.96968651,0.10844875,-0.966644179,-0.232029834,-0.988640158,-0.129307425,0.0766172386,-0.00104384753,-0.00807666685,-0.000379379169
-0.10423432,0.22112176,-0.96965984,0.10841373,-0.96663451,-0.23208591,-0.98862606,-0.12931578,0.07678402,,,
-0.10423443,0.22121953,-0.96963759,0.10851341,-0.96659818,-0.23219112,-0.98861518,-0.129421,0.07674757,,,
-0.1042888,0.22131714,-0.96960948,0.10854629,-0.96656881,-0.23229806,-0.98860585,-0.1294736,0.07677917,,,
-0.10446504,0.22124455,-0.96960704,0.10852711,-0.96658312,-0.23224723,-0.98858931,-0.12949038,0.0769632,,,
-0.10464135,0.22122081,-0.96959346,0.10855775,-0.96657928,-0.23224898,-0.98856732,-0.12955974,0.07712899,,,
-0.10487203,0.22114803,-0.96958519,0.10847175,-0.96660084,-0.23219984,-0.98855236,-0.12952387,0.07738104,,,
-0.10510915,0.22106348,-0.96957866,0.10850126,-0.96660953,-0.23214885,-0.98852381,-0.12960152,0.07761406,0.00123891,-0.00594866,0.00457582
-0.10522451,0.22110035,-0.96955779,0.10853297,-0.96659301,-0.23220318,-0.9885081,-0.12966247,0.07771272,,,
-0.10527878,0.22110022,-0.9695519,0.10846617,-0.96660004,-0.23220489,-0.98850963,-0.12960986,0.07778076,,,
-0.10539406,0.22108817,-0.96954214,0.108448,-0.96660172,-0.23220652,-0.98849935,-0.12961812,0.07789766,0.00217593,-0.00265384,0.00624511
-0.105509427,0.221125085,-0.969521238,0.108479652,-0.966585224,-0.232260894,-0.988483637,-0.129679044,0.0779963061,-0.00579139218,-0.000579953135,0.00286732242
-0.1055637,0.22112496,-0.96951534,0.10841286,-0.96659228,-0.2322626,-0.98848515,-0.12962644,0.07806433,,,
-0.10573315,0.22116162,-0.96948846,0.10837767,-0.96658269,-0.23231852,-0.98847085,-0.1296347,0.07823101,,,
-0.10578748,0.22121032,-0.96947144,0.10836065,-0.96657158,-0.23237284,-0.98846692,-0.12963472,0.0782808,,,
-0.10584177,0.22121021,-0.96946554,0.10829386,-0.96657865,-0.23237452,-0.98846843,-0.12958211,0.07834881,,,
-0.10596363,0.22113761,-0.96946879,0.10834141,-0.96658598,-0.23232185,-0.98845016,-0.1296513,0.07846473,,,
-0.10602469,0.22112576,-0.96946489,0.10839011,-0.96658065,-0.23232188,-0.98843835,-0.12971226,0.07851355,,,
-0.10620079,0.2211507,-0.96943991,0.10847045,-0.96655856,-0.23237619,-0.98841061,-0.12983412,0.07866098,,,
-0.106261809,0.22123646,-0.969413717,0.108618681,-0.966516693,-0.232481479,-0.988387833,-0.130000326,0.0786733043,-0.000355469063,0.000235438332,0.009265339
-0.10632262,0.2211757,-0.96942085,0.10861754,-0.96652939,-0.23242879,-0.98838136,-0.13000855,0.07874039,,,
-0.10649881,0.22110296,-0.96941816,0.1085984,-0.96654388,-0.23237784,-0.98836455,-0.13002521,0.07892426,,,
-0.106559629,0.2210422,-0.969425287,0.108597267,-0.966556594,-0.232325156,-0.98835807,-0.13003342,0.0789913368,0.000923730724,-0.00542962505,0.00310605718
-0.10656624,0.22103043,-0.96942724,0.10871277,-0.966544,-0.23232352,-0.98834466,-0.13014696,0.07897214,,,
-0.1066813,0.22106716,-0.96940615,0.10874436,-0.96652728,-0.23237778,-0.98832871,-0.13020783,0.07907071,,,
-0.10674231,0.22100643,-0.96941334,0.10874327,-0.96654018,-0.23232516,-0.98832231,-0.1302161,0.07913777,,,
-0.10691851,0.22093364,-0.96941061,0.10872402,-0.96655475,-0.23227417,-0.98830546,-0.1302326,0.07932164,,,
-0.10726373,0.22089735,-0.96938061,0.10866947,-0.9665595,-0.23227897,-0.98827393,-0.1302572,0.07967206,,,
-0.10732462,0.22088536,-0.96937662,0.1087181,-0.96655407,-0.23227895,-0.98826198,-0.13031805,0.07972086,0.00348784,-0.0039227,0.00454133
-0.1074399,0.22092211,-0.96935556,0.10874971,-0.96653761,-0.23233329,-0.98824607,-0.13037899,0.07981938,-0.00227042,-0.00678199,0.00297231
-0.10754832,0.22106818,-0.96931009,0.10876514,-0.96649686,-0.23249446,-0.98823243,-0.13043157,0.07990077,,,
-0.10766353,0.221056,-0.96930004,0.10874696,-0.96649846,-0.23249602,-0.98822185,-0.13043982,0.0800177,,,
-0.107778572,0.221043882,-0.969289981,0.108728757,-0.966500058,-0.232497607,-0.988211274,-0.130448006,0.0801344759,-0.000132771092,-0.00766825629,0.00128468615
-0.10783304,0.22104373,-0.96928408,0.10866188,-0.96650742,-0.23249918,-0.98821281,-0.13039534,0.08020248,-0.0041652,-0.00250685,0.00386479
-0.10789368,0.22108053,-0.96926882,0.10876027,-0.96648347,-0.23255186,-0.98819525,-0.13050886,0.08023298,,,
-0.10794807,0.22112922,-0.96925174,0.10874319,-0.96647247,-0.23260618,-0.98819127,-0.13050894,0.08028268,,,
-0.10806319,0.22106822,-0.96925285,0.10867514,-0.96649248,-0.23255498,-0.98818619,-0.13046434,0.08041774,,,
-0.108124126,0.221056255,-0.969248832,0.108723807,-0.966487084,-0.232555021,-0.988174226,-0.130525233,0.0804664995,0.000435442373,-0.00489723636,0.00262465654
-0.108130669,0.220995593,-0.969261903,0.108789555,-0.966492685,-0.232500753,-0.988166242,-0.130586045,0.0804655561,-0.000408481457,-0.00490373326,0.00103529589
-0.10813711,0.22098369,-0.96926381,0.10890502,-0.96647991,-0.23249914,-0.98815273,-0.13069952,0.08044634,,,
-0.10819142,0.22098358,-0.96925781,0.10883818,-0.96648712,-0.23250074,-0.98815419,-0.13064687,0.08051432,,,
-0.10830648,0.22097145,-0.96924772,0.10881998,-0.96648878,-0.23250234,-0.98814358,-0.13065506,0.08063106,,,
-0.10848239,0.22089847,-0.9692447,0.10880063,-0.96650328,-0.23245118,-0.98812643,-0.13067132,0.08081485,,,
-0.10848239,0.22089847,-0.9692447,0.10880063,-0.96650328,-0.23245118,-0.98812643,-0.13067132,0.08081485,,,
-0.10848239,0.22089847,-0.9692447,0.10880063,-0.96650328,-0.23245118,-0.98812643,-0.13067132,0.08081485,,,
-0.10853661,0.22094712,-0.96922753,0.1087835,-0.96649214,-0.23250544,-0.98812235,-0.13067134,0.08086455,,,
-0.10853661,0.22094712,-0.96922753,0.1087835,-0.96649214,-0.23250544,-0.98812235,-0.13067134,0.08086455,-0.0010221,-0.00484127,-0.00124448
-0.10859752,0.22093505,-0.96922351,0.10883209,-0.96648677,-0.23250541,-0.98811036,-0.13073214,0.08091332,-0.00129097,-0.00634366,0.00301891
-0.1087125,0.22097166,-0.96920223,0.10886359,-0.9664701,-0.23255968,-0.98809421,-0.130793,0.08101176,,,
-0.10877343,0.22095959,-0.96919821,0.10891217,-0.96646475,-0.23255966,-0.98808221,-0.1308538,0.08106052,,,
-0.10900341,0.22093516,-0.96917789,0.1088757,-0.96646804,-0.23256268,-0.98806084,-0.13087006,0.08129396,,,
-0.10912506,0.22086233,-0.96918083,0.10892327,-0.96647539,-0.23251004,-0.98804219,-0.13093903,0.0814097,-0.00255628,-0.004682,0.00177923
-0.109185932,0.220801512,-0.969187878,0.10892218,-0.966488269,-0.232457342,-0.988035631,-0.130947125,0.0814767238,0.000402708072,-0.00181877601,0.0050110193
-0.10936179,0.2207772,-0.96917362,0.1089525,-0.96648455,-0.23245885,-0.98801287,-0.13101599,0.08164217,,,
-0.10941582,0.2208258,-0.96915635,0.10893523,-0.96647327,-0.23251304,-0.98800869,-0.1310159,0.08169187,,,
-0.10941582,0.2208258,-0.96915635,0.10893523,-0.96647327,-0.23251304,-0.98800869,-0.1310159,0.08169187,-0.0045078,-0.00296223,0.0026341
-0.10947669,0.22076498,-0.96916338,0.10893415,-0.96648617,-0.23246035,-0.98800212,-0.13102398,0.08175888,-0.00472756,-0.00508088,-0.00115311
-0.10947669,0.22076498,-0.96916338,0.10893415,-0.96648617,-0.23246035,-0.98800212,-0.13102398,0.08175888,-0.00472756,-0.00508088,-0.00115311
-0.10977406,0.22066772,-0.96915192,0.109012,-0.96648975,-0.23240915,-0.98796057,-0.13116168,0.08204003,,,
-0.10989562,0.22064344,-0.9691436,0.10910922,-0.96647865,-0.23240912,-0.98793624,-0.13128327,0.08213764,,,
-0.10995622,0.22063131,-0.9691394,0.10915782,-0.96647301,-0.23240912,-0.98792405,-0.13134402,0.08218635,0.00145949,-0.00288171,0.00531346
-0.1098957,0.22069219,-0.96913254,0.10915892,-0.96646044,-0.23246188,-0.98793079,-0.13133603,0.08211934,-0.00350048,-0.00402749,0.00510563
-0.1098956,0.22074091,-0.9691214,0.10920858,-0.96644205,-0.23251458,-0.98792526,-0.13138873,0.08210105,,,
-0.10994974,0.22074075,-0.96911526,0.10914168,-0.96644919,-0.23251604,-0.98792659,-0.13133598,0.08216901,,,
-0.110010532,0.220728626,-0.969111137,0.109190276,-0.966443729,-0.232516057,-0.987914473,-0.131396754,0.0822177257,1.81256619e-05,0.00493359519,0.00101862836
-0.11013211,0.22070438,-0.96910289,0.10928746,-0.96643281,-0.2325161,-0.98789022,-0.1315183,0.08231514,,,
-0.110192798,0.220643456,-0.969109831,0.109286328,-0.966445574,-0.232463311,-0.987883545,-0.131526261,0.0823821719,-0.000957761775,-0.00429314328,0.0031542792
-0.11025342,0.22063132,-0.96910563,0.10933493,-0.96643995,-0.23246332,-0.98787133,-0.13158702,0.08243087,,,
-0.110205994,0.220570759,-0.969124953,0.109467624,-0.966438567,-0.232407675,-0.987862072,-0.131700526,0.0823619697,0.000629573944,-0.00508105708,0.00280127907
-0.11020599,0.22057076,-0.96912495,0.10946762,-0.96643857,-0.23240768,-0.98786207,-0.13170053,0.08236197,,,
-0.11038163,0.22049754,-0.9691216,0.1094482,-0.96645306,-0.23235639,-0.98784459,-0.1317165,0.08254566,,,
-0.110381729,0.220448836,-0.969132727,0.109398552,-0.966471449,-0.23230368,-0.987850135,-0.131663789,0.0825639492,-0.000985002029,-0.00593012525,0.00053451251
-0.11061145,0.22052164,-0.96908989,0.10946125,-0.96643814,-0.23241209,-0.98781742,-0.13178525,0.08276065,,,
-0.11067206,0.22050941,-0.96908569,0.10950977,-0.96643254,-0.23241203,-0.98780518,-0.13184591,0.08280936,,,
-0.1107264,0.22060669,-0.96905742,0.10954219,-0.96640329,-0.23251899,-0.98779558,-0.13189867,0.08284068,-0.00352295,-0.00331819,0.00243775
-0.1106658,0.22061893,-0.96906162,0.10949367,-0.96640889,-0.23251905,-0.98780782,-0.13183801,0.08279197,-0.00637862,0.00278163,0.00100459
-0.11060492,0.22067981,-0.96905462,0.10949475,-0.96639592,-0.23257177,-0.98781443,-0.13183,0.08272496,-0.00675016,-0.00408417,-0.00384932
-0.1104834,0.22075284,-0.96905182,0.10944725,-0.96638857,-0.23262446,-0.98783326,-0.13176123,0.08260927,,,
-0.11007133,0.22091134,-0.96906262,0.10943749,-0.96636506,-0.23272691,-0.98788037,-0.13166836,0.08219321,,,
-0.10961129,0.22105782,-0.96908137,0.10960997,-0.96632162,-0.23282612,-0.9879124,-0.13174137,0.08168972,0.00437372,-0.00322849,-0.00394883
-0.1095571,0.22115549,-0.96906523,0.10977626,-0.96627773,-0.23293004,-0.98789997,-0.13189951,0.08158503,,,
-0.1098002,0.2212042,-0.96902663,0.11006978,-0.96621902,-0.23303528,-0.98784035,-0.13224787,0.08174315,,,
-0.110266567,0.221191639,-0.968976449,0.110161507,-0.966194555,-0.233092679,-0.987778083,-0.132446266,0.0821723322,0.00290033245,-0.000858783664,0.00487477379
-0.11044231,0.2211671,-0.96896208,0.1101917,-0.96619082,-0.23309422,-0.98775512,-0.13251506,0.08233767,0.00472726,-0.00520045,0.00895553
-0.11061807,0.22114255,-0.96894769,0.11022189,-0.96618711,-0.23309577,-0.98773215,-0.13258385,0.08250299,0.00108033,-0.00940943,0.00939937
-0.110490005,0.22142244,-0.968898329,0.110257557,-0.966118986,-0.233360703,-0.987742446,-0.132612403,0.0823330813,-0.00538097695,-2.52723676e-05,0.00122921658
-0.110422789,0.221544028,-0.968878228,0.110192835,-0.96610061,-0.233467549,-0.987757215,-0.132543581,0.0822669885,-0.00296065491,0.00752353622,-0.000861323439
-0.11035541,0.22156825,-0.96888031,0.11002887,-0.96611885,-0.23346904,-0.98778297,-0.1323694,0.08223767,-0.01226996,0.00292349,-0.00633156
-0.11070679,0.22142182,-0.96887373,0.10998995,-0.96614804,-0.23336674,-0.98774801,-0.13240167,0.08260505,-0.00659687,0.00109434,-0.00104224
-0.110774039,0.22125154,-0.968904934,0.110005057,-0.966184828,-0.233207193,-0.987738783,-0.132417761,0.0826895009,-0.00771143008,0.000627636851,-0.00352265709
-0.111138341,0.221080765,-0.968902121,0.110196996,-0.966188264,-0.233101758,-0.987676388,-0.132676686,0.0830183619,0.000524446601,-0.00732541038,0.00500721065
-0.11133342,0.22092249,-0.96891583,0.11047419,-0.96618275,-0.23299341,-0.98762345,-0.13298018,0.08316243,0.00201777,-0.00147748,0.00490529
-0.11139426,0.22091025,-0.96891172,0.11052273,-0.96617735,-0.23299346,-0.98761125,-0.13304091,0.08321106,,,
-0.11135306,0.22074016,-0.96895525,0.1106716,-0.96619957,-0.23283084,-0.98759926,-0.13316225,0.08315961,0.00382163,0.00267482,0.00430148
-0.11135924,0.22067927,-0.96896825,0.1107374,-0.96620483,-0.23277652,-0.98759103,-0.13322289,0.08315869,0.00448591,-0.00235534,0.00261409
-0.11135924,0.22067927,-0.96896825,0.1107374,-0.96620483,-0.23277652,-0.98759103,-0.13322289,0.08315869,0.00484518,-0.00134742,-0.00262915
-0.11130529,0.22067941,-0.96897457,0.11080434,-0.96619778,-0.23277501,-0.98758975,-0.13327568,0.08309071,,,
-0.11125097,0.22072819,-0.96896963,0.11092078,-0.966172,-0.23282614,-0.98758274,-0.13338102,0.08300436,,,
-0.11125097,0.22072819,-0.96896963,0.11092078,-0.966172,-0.23282614,-0.98758274,-0.13338102,0.08300436,,,
-0.111493617,0.22063038,-0.968964027,0.111065231,-0.966168105,-0.23277347,-0.987539145,-0.13357099,0.0832173334,-0.00447582453,0.00219297386,-0.000426967628
-0.111669098,0.220508326,-0.968971583,0.110996215,-0.966201017,-0.23266961,-0.987527058,-0.13353421,0.0834193643,0.00163858128,-0.005380332,-8.02980503e-05
-0.11179045,0.22043508,-0.9689743,0.11104367,-0.96620832,-0.23261695,-0.98750803,-0.13360283,0.08353502,,,
-0.11197245,0.220398112,-0.96896175,0.111189176,-0.966191683,-0.232616966,-0.987471098,-0.133784745,0.0836809355,0.0104002524,0.00202441192,0.000805874821
-0.11197225,0.2204467,-0.96895061,0.1112387,-0.9661731,-0.2326696,-0.98746543,-0.13383737,0.08366256,,,
-0.11191177,0.22050773,-0.96894379,0.11123982,-0.96616042,-0.23272236,-0.98747224,-0.13382951,0.08359551,,,
-0.111905207,0.220568537,-0.968930628,0.111173935,-0.966154809,-0.232776543,-0.987480328,-0.133768768,0.0835964596,-0.00272886083,-0.0042035575,-0.00094134314
-0.11202021,0.22060476,-0.96890919,0.11120518,-0.96613829,-0.23283083,-0.98746386,-0.13382948,0.08369463,-0.00278983,-0.0043146,-0.00152656
-0.11207452,0.22065325,-0.96889192,0.11118787,-0.96612732,-0.23288506,-0.98745971,-0.1338295,0.08374418,,,
-0.11236465,0.22061586,-0.96886675,0.11119961,-0.96612511,-0.232888,-0.98742533,-0.13390599,0.08402597,0.00513852,-0.00639814,0.0015167
-0.112594306,0.220590875,-0.968845796,0.111162824,-0.966128659,-0.232891003,-0.98740333,-0.133921838,0.0842590933,-0.00042933668,-0.00400263024,0.00435216306
-0.11259431,0.22059088,-0.9688458,0.11116282,-0.96612866,-0.232891,-0.98740333,-0.13392184,0.08425909,,,
-0.11253361,0.22065182,-0.96883892,0.11116386,-0.96611576,-0.23294366,-0.98741008,-0.13391388,0.08419209,,,
-0.11264207,0.22070016,-0.96881536,0.11107964,-0.96611211,-0.23299934,-0.98740725,-0.13386119,0.08430958,-0.00427655,-0.0027349,-0.0011183
-0.11275692,0.22068771,-0.96880487,0.11106128,-0.96611391,-0.23300088,-0.98739624,-0.13386917,0.08442611,,,
-0.11281107,0.22068757,-0.96879858,0.11099438,-0.96612122,-0.23300233,-0.98739756,-0.13381644,0.08449406,,,
-0.11293228,0.2206142,-0.96880116,0.11104179,-0.96612847,-0.23294962,-0.98737837,-0.13388494,0.08460968,,,
-0.11310763,0.22068648,-0.96876423,0.11117088,-0.96608783,-0.23305649,-0.98734376,-0.13405884,0.084738,,,
-0.11316816,0.22072267,-0.96874888,0.11126887,-0.96606377,-0.23310921,-0.98732575,-0.13417215,0.08476817,,,
-0.113168161,0.220722674,-0.96874888,0.111268875,-0.966063766,-0.233109207,-0.987325746,-0.13417215,0.0847681708,-0.000288567273,-0.00352734304,0.00617710175
-0.113343541,0.22069773,-0.968734078,0.111298902,-0.966059984,-0.233110684,-0.987302262,-0.134240636,0.0849332839,6.68556895e-05,-0.00471138908,0.00453002891
-0.1133977,0.22074621,-0.9687166,0.11128146,-0.96604875,-0.23316488,-0.98729792,-0.1342406,0.08498296,,,
-0.11345841,0.2207338,-0.96871239,0.11132992,-0.96604329,-0.23316491,-0.98728555,-0.13430121,0.08503153,,,
-0.11345841,0.2207338,-0.96871239,0.11132992,-0.96604329,-0.23316491,-0.98728555,-0.13430121,0.08503153,-0.00474102,-0.00492126,0.00194206
-0.113343574,0.22079491,-0.968711948,0.111397943,-0.966023155,-0.233216115,-0.987291106,-0.134346067,0.0848964219,-0.00660599303,-0.000227808938,0.00468279328
-0.11334357,0.22079491,-0.96871195,0.11139794,-0.96602315,-0.23321611,-0.98729111,-0.13434607,0.08489642,,,
-0.11364019,0.22069647,-0.96869953,0.1114753,-0.96602642,-0.23316489,-0.98724818,-0.13448301,0.08517742,,,
-0.11382191,0.22051335,-0.96871991,0.11147205,-0.96606499,-0.23300668,-0.98722762,-0.13450649,0.08537846,,,
-0.11388243,0.2204523,-0.96872667,0.11147098,-0.96607779,-0.23295394,-0.98722074,-0.13451431,0.08544546,0.00411908,-0.00206697,0.00738108
-0.11394296,0.22039126,-0.96873342,0.11146991,-0.9660906,-0.2329012,-0.98721387,-0.13452212,0.08551247,,,
-0.11400369,0.22042741,-0.96871816,0.11156788,-0.96606675,-0.23295398,-0.98719589,-0.13463545,0.0855426,,,
-0.11394935,0.22042751,-0.96872452,0.11163483,-0.96605936,-0.23295249,-0.98719458,-0.1346882,0.08547451,,,
-0.11383468,0.22044016,-0.96873515,0.11165333,-0.9660576,-0.2329511,-0.98720575,-0.13468042,0.08535799,,,
-0.11388883,0.22048856,-0.96871776,0.11163591,-0.96604655,-0.23300523,-0.98720146,-0.13468038,0.0854075,,,
-0.11400351,0.22047594,-0.96870703,0.11161734,-0.96604816,-0.23300665,-0.98719022,-0.13468812,0.08552418,0.00396286,0.00112462,-0.00405461
-0.114178753,0.220402325,-0.968703142,0.111597856,-0.966062763,-0.232955392,-0.987172163,-0.134703791,0.0857076584,-8.28683842e-05,-0.00408762647,0.003879881
-0.11429365,0.22043829,-0.96868152,0.11162888,-0.96604632,-0.23300958,-0.98715547,-0.13476436,0.08580571,,,
-0.11435402,0.2204258,-0.96867715,0.11167732,-0.96604055,-0.23300957,-0.98714291,-0.13482488,0.08585426,,,
-0.114522914,0.220461587,-0.968649082,0.111641413,-0.966031355,-0.233065134,-0.987127423,-0.134832675,0.0860202259,0.000854102196,-0.000785946788,0.0054187947
-0.1145771,0.22051003,-0.96863167,0.111624,-0.96602034,-0.2331193,-0.98712313,-0.1348327,0.0860697,,,
-0.11451656,0.22057104,-0.96862493,0.11162502,-0.96600749,-0.23317199,-0.98713003,-0.13482485,0.08600272,,,
-0.1146248,0.22071646,-0.96857898,0.11163968,-0.96596686,-0.23333305,-0.98711579,-0.13487763,0.0860832,-0.0056429,-0.0023818,-0.00207992
-0.11473948,0.22065526,-0.96857935,0.11157169,-0.96598714,-0.2332817,-0.98711016,-0.13483268,0.08621813,,,
-0.114854218,0.220642647,-0.968568671,0.11155321,-0.965989003,-0.233283135,-0.987098947,-0.134840507,0.0863345736,-0.00736742513,-0.00222933269,-0.000130843604
-0.11515041,0.22049531,-0.96856705,0.11158104,-0.96601092,-0.23317899,-0.98706129,-0.13492439,0.08663353,,,
-0.11532554,0.2204216,-0.96856298,0.1115615,-0.96602556,-0.23312764,-0.98704304,-0.13493993,0.08681694,,,
-0.11537973,0.22047,-0.96854555,0.11154403,-0.96601459,-0.23318176,-0.98703872,-0.13493993,0.0868664,,,
-0.11537973,0.22047,-0.96854555,0.11154403,-0.96601459,-0.23318176,-0.98703872,-0.13493993,0.0868664,,,
-0.1154943,0.22045735,-0.96853475,0.11152545,-0.96601635,-0.23318314,-0.9870274,-0.13494761,0.08698283,,,
-0.11555467,0.22039626,-0.96854138,0.11152439,-0.96602909,-0.23313035,-0.98702038,-0.13495532,0.08704981,,,
-0.11572998,0.22032248,-0.96853736,0.11150479,-0.96604398,-0.23307893,-0.98700217,-0.13497076,0.0872332,,,
-0.11585095,0.22024886,-0.96853964,0.11155217,-0.96605123,-0.23302619,-0.98698263,-0.135039,0.08734868,,,
-0.115911327,0.220236247,-0.968535225,0.11160053,-0.96604555,-0.233026139,-0.986970014,-0.135099426,0.0873972141,0.000139230979,-0.0047373767,-0.00318119582
-0.11603247,0.22021104,-0.96852647,0.11169735,-0.9660344,-0.23302612,-0.98694485,-0.13522044,0.08749441,0.00389176,-0.00252682,0.00398642
-0.11603866,0.22019855,-0.96852848,0.11181264,-0.96602123,-0.23302474,-0.98693097,-0.13533364,0.08747505,,,
-0.11604489,0.2201861,-0.96853058,0.11192806,-0.96600822,-0.2330234,-0.98691718,-0.13544696,0.08745549,0.00111322,-0.00503588,0.00455623
-0.116045107,0.220234666,-0.968519636,0.11197754,-0.965989961,-0.233076237,-0.98691166,-0.135499793,0.0874370142,-0.00504105445,-0.000445842714,-0.00198977464
-0.11604489,0.2201861,-0.96853058,0.11192806,-0.96600822,-0.2330234,-0.98691718,-0.13544696,0.08745549,,,
-0.11610566,0.22017356,-0.96852633,0.11197649,-0.96600291,-0.23302348,-0.98690471,-0.1355075,0.08750398,,,
-0.11628045,0.22014815,-0.96851091,0.11200619,-0.96599876,-0.23302475,-0.98688054,-0.13557549,0.08766908,,,
-0.11645549,0.2201713,-0.96848463,0.11208546,-0.96597654,-0.23307888,-0.98685092,-0.1356964,0.0878155,,,
-0.11645566,0.22012283,-0.96849572,0.11203606,-0.96599515,-0.23302615,-0.9868566,-0.13564367,0.08783396,,,
-0.11663065,0.22004895,-0.96849146,0.11201648,-0.96600984,-0.23297471,-0.98683816,-0.135659,0.08801729,0.00109667,-0.00623488,0.001586
-0.116799303,0.220036071,-0.968474065,0.111930998,-0.966019121,-0.232977349,-0.986827917,-0.135613866,0.0882015389,-0.0039056025,0.000127673135,0.00445883721
-0.11691375,0.22007177,-0.9684521,0.11196182,-0.96600243,-0.23303141,-0.98681082,-0.13567426,0.08829946,,,
-0.11691375,0.22007177,-0.9684521,0.11196182,-0.96600243,-0.23303141,-0.98681082,-0.13567426,0.08829946,,,
-0.11708246,0.22010737,-0.96842358,0.11192582,-0.96599315,-0.23308684,-0.98679486,-0.13568202,0.08846535,,,
-0.11713649,0.22010722,-0.96841705,0.11185886,-0.96600055,-0.2330881,-0.98679601,-0.1356292,0.08853323,,,
-0.11735925,0.22023965,-0.96836003,0.1118546,-0.96596198,-0.23325036,-0.98677008,-0.13568963,0.08872991,,,
-0.11729882,0.22025231,-0.96836447,0.11180624,-0.96596757,-0.23325036,-0.98678275,-0.13562921,0.08868143,,,
-0.11741331,0.220288,-0.96834247,0.11183704,-0.96595094,-0.23330442,-0.98676563,-0.13568962,0.08877931,,,
-0.11741331,0.220288,-0.96834247,0.11183704,-0.96595094,-0.23330442,-0.98676563,-0.13568962,0.08877931,,,
-0.11758184,0.22032362,-0.96831391,0.11180086,-0.96594173,-0.23335982,-0.98674966,-0.13569723,0.08894502,,,
-0.11758186,0.22037206,-0.96830289,0.11185022,-0.96592328,-0.23341259,-0.98674407,-0.13575,0.08892656,,,
-0.11747377,0.22032381,-0.96832701,0.11193479,-0.9659269,-0.23335724,-0.98674738,-0.13580286,0.0888093,,,
-0.11736558,0.22037254,-0.96832902,0.1121181,-0.96589346,-0.23340747,-0.98673942,-0.13596124,0.08865507,,,
-0.11737831,0.22025047,-0.96835528,0.11224988,-0.96590435,-0.2332993,-0.98672296,-0.13608206,0.08865323,,,
-0.1174387,0.22018931,-0.96836186,0.11224883,-0.9659172,-0.23324651,-0.98671588,-0.13608968,0.08872018,,,
-0.117680173,0.220041574,-0.968366059,0.112343433,-0.96593158,-0.233140904,-0.986676275,-0.136225672,0.0889510206,-6.00407366e-05,-0.00319421268,0.00494689867
-0.11774695,0.21991938,-0.96838575,0.11240832,-0.9659499,-0.23303406,-0.98666097,-0.1362937,0.08901704,,,
-0.11774697,0.21996782,-0.96837476,0.11245768,-0.96593145,-0.23308684,-0.98665535,-0.13634647,0.08899856,,,
-0.11757842,0.21993229,-0.96840332,0.11249379,-0.96594064,-0.23303142,-0.98667135,-0.13633885,0.08883287,,,
-0.11757842,0.21993229,-0.96840332,0.11249379,-0.96594064,-0.23303142,-0.98667135,-0.13633885,0.08883287,,,
-0.117578424,0.219932292,-0.968403322,0.112493792,-0.965940638,-0.233031416,-0.98667135,-0.136338847,0.0888328653,0.00062534702,-0.00593966199,-0.00418131985
-0.117753306,0.21985832,-0.96839888,0.11247421,-0.965955347,-0.232979971,-0.986652737,-0.136354075,0.0890161293,-0.00420820992,-0.0035306809,0.000260024332
-0.11793436,0.21972315,-0.96840748,0.1125205,-0.96597536,-0.23287429,-0.98662579,-0.1364296,0.08919849,,,
-0.11804886,0.21971035,-0.96839646,0.11250196,-0.96597724,-0.23287564,-0.98661424,-0.13643722,0.08931479,0.00368657,-0.00374746,0.00269236
-0.118223773,0.219684722,-0.968380995,0.112531667,-0.965973581,-0.232876893,-0.986589962,-0.136505115,0.0894795636,0.00497678062,-7.3909755e-06,0.00209758966
-0.11810929,0.21969761,-0.96839202,0.11255029,-0.96597168,-0.23287564,-0.98660153,-0.13649758,0.08936325,,,
-0.11816337,0.21974594,-0.96837445,0.11253272,-0.96596068,-0.23292972,-0.98659705,-0.13649758,0.08941262,,,
-0.11821745,0.21979427,-0.96835688,0.11251515,-0.96594968,-0.2329838,-0.98659258,-0.13649758,0.08946198,,,
-0.11844012,0.21987809,-0.96831069,0.1124614,-0.96592961,-0.23309326,-0.98657204,-0.13650517,0.08967699,,,
-0.11855442,0.21986521,-0.96829956,0.11244269,-0.96593137,-0.23309449,-0.98656038,-0.13651261,0.0897933,,,
-0.11878979,0.21977835,-0.96829058,0.11247135,-0.96594074,-0.23304294,-0.98652895,-0.13658804,0.09002495,,,
-0.11884366,0.21977819,-0.9682839,0.11240436,-0.96594806,-0.23304412,-0.98652999,-0.13653515,0.09009281,,,
-0.11901845,0.2197525,-0.96826829,0.11243403,-0.96594436,-0.23304533,-0.98650556,-0.13660299,0.09025751,,,
-0.11907256,0.21980087,-0.96825069,0.11241647,-0.9659334,-0.23309945,-0.98650107,-0.13660306,0.09030684,0.00220314,-0.0052681,0.00166135
-0.11907256,0.21980087,-0.96825069,0.11241647,-0.9659334,-0.23309945,-0.98650107,-0.13660306,0.09030684,,,
-0.11918713,0.21983643,-0.96822862,0.1124472,-0.96591696,-0.23315356,-0.98648383,-0.13666345,0.09040459,,,
-0.11924736,0.21977511,-0.96823498,0.11244616,-0.96592959,-0.23310064,-0.98647653,-0.13667094,0.09047168,0.00419723,-0.00512469,0.00227209
-0.11936156,0.21981058,-0.96821276,0.11247681,-0.96591281,-0.23315463,-0.98645912,-0.13673122,0.09056945,,,
-0.11930768,0.21981073,-0.96821946,0.1125438,-0.96590546,-0.23315346,-0.98645809,-0.1367841,0.09050161,,,
-0.11931372,0.21979801,-0.96822147,0.11265905,-0.9658921,-0.2331522,-0.98644408,-0.13689721,0.0904822,-0.00340311,-0.00323641,0.00275349
-0.11931376,0.21984641,-0.9682105,0.11270835,-0.96587363,-0.23320501,-0.98643846,-0.13695001,0.0904637,,,
-0.119374063,0.219833614,-0.96820596,0.11275668,-0.965867967,-0.233205034,-0.986425633,-0.137010361,0.0905121036,-0.000526214018,0.00385427452,-0.00322212698
-0.11949491,0.21971116,-0.96821898,0.11275464,-0.96589393,-0.23309942,-0.98641136,-0.13702537,0.09064594,,,
-0.119501052,0.219601609,-0.968243006,0.112771234,-0.965917666,-0.232992513,-0.986408654,-0.137032828,0.0906635437,0.00248851813,-0.000901699008,0.00527003314
-0.11962182,0.219575975,-0.968234001,0.112867855,-0.965906536,-0.232992559,-0.986383058,-0.137153478,0.0907603615,-0.000426302431,-0.00645410968,0.00472202152
-0.11951369,0.2195762,-0.9682473,0.11300175,-0.96589146,-0.23299009,-0.98638083,-0.13725913,0.0906247,-0.0015344,-0.00489497,0.00423535
-0.119459441,0.219576281,-0.968253866,0.113068658,-0.965883758,-0.232988798,-0.986379628,-0.137311901,0.0905568842,-0.00390092726,0.00340461708,-0.000461926218
-0.11945944,0.21957628,-0.96825387,0.11306866,-0.96588376,-0.2329888,-0.98637963,-0.1373119,0.09055688,-0.0058362,0.00177717,-0.00520961
-0.11958011,0.2194538,-0.96826679,0.11306664,-0.96590955,-0.23288319,-0.98636528,-0.13732688,0.09069072,,,
-0.1196406,0.219441,-0.96826233,0.11311497,-0.96590407,-0.23288325,-0.98635252,-0.13738723,0.09073912,,,
-0.11971305,0.21930569,-0.96828388,0.11329513,-0.9659088,-0.23277494,-0.9863229,-0.13756806,0.09078575,-0.00145939,-0.00501466,0.00169889
-0.119719233,0.219389782,-0.968264055,0.113508993,-0.965858504,-0.232879365,-0.986297554,-0.137786842,0.0907292695,-0.00561274588,0.000865936221,0.00273764855
-0.11966509,0.21943835,-0.96825971,0.11362527,-0.96583232,-0.23293096,-0.9862907,-0.13789251,0.09064288,-0.00282598,0.00375104,-0.00291437
-0.11950305,0.21939033,-0.96829073,0.11377675,-0.96582837,-0.23287435,-0.98629301,-0.13799817,0.09045789,-0.00193881,-0.00275439,-0.01288951
-0.119461092,0.21921972,-0.96833443,0.113926149,-0.96584968,-0.232712026,-0.986280734,-0.138118678,0.0904067875,-0.00512513239,-0.00465804292,-0.000101695536
-0.119413199,0.219158639,-0.968354197,0.114058899,-0.965847434,-0.23265657,-0.986271225,-0.1382317,0.0903380626,-0.00013713236,-0.00558602763,-0.00562829245
-0.11937752,0.2191689,-0.96835638,0.11452074,-0.96578152,-0.23270406,-0.98622213,-0.13867651,0.09019314,0.0027185,-0.00324267,0.0044689
-0.119456095,0.219166113,-0.968347321,0.11496383,-0.965717128,-0.232752839,-0.98616106,-0.139128649,0.0901645451,0.000533367856,0.00340795494,0.00548130181
-0.119522333,0.219140296,-0.968344847,0.115127227,-0.965697762,-0.232751378,-0.986133832,-0.139301878,0.0901936284,0.00423749629,-0.000734329165,0.00375964958
-0.119649016,0.219004899,-0.968359926,0.115240379,-0.96571017,-0.23264455,-0.986105343,-0.13942986,0.0903080839,0.000605755253,-0.00289791799,0.0044650007
-0.11954052,0.21890834,-0.96839504,0.11527554,-0.96573187,-0.23253619,-0.98611428,-0.1394298,0.09020955,,,
-0.11954052,0.21890834,-0.96839504,0.11527554,-0.96573187,-0.23253619,-0.98611428,-0.1394298,0.09020955,,,
-0.119492586,0.218944085,-0.968392973,0.115506831,-0.965692355,-0.232586206,-0.986093116,-0.139648341,0.0901035971,0.00431044726,-5.32865488e-05,0.00343820732
-0.11943843,0.21889583,-0.96841057,0.11552442,-0.9657033,-0.23253205,-0.98609762,-0.13964835,0.09005432,,,
-0.11943828,0.21884738,-0.96842145,0.11547509,-0.96572176,-0.23247921,-0.98610333,-0.13959551,0.09007294,,,
-0.11961895,0.21871177,-0.96842982,0.11552134,-0.96574168,-0.23237371,-0.98607604,-0.13967063,0.09025529,,,
-0.119745599,0.218576192,-0.968444989,0.115634458,-0.965754256,-0.232266747,-0.986047626,-0.139798489,0.0903696314,1.69571722e-05,-0.00539451791,0.00446219277
-0.1196311,0.21858934,-0.96845609,0.11565311,-0.96575221,-0.23226539,-0.98605926,-0.13979111,0.09025336,0.00208677,-0.00282204,0.00681377
-0.11946248,0.21850574,-0.96849573,0.11563998,-0.96577977,-0.232157,-0.9860812,-0.13973087,0.09010643,,,
-0.119468551,0.218347677,-0.968530661,0.115607206,-0.965822139,-0.231997233,-0.986084339,-0.139685483,0.0901427255,-0.000278240535,-0.000416636438,-0.0063708676
-0.11941436,0.21820259,-0.96857004,0.1155262,-0.96587019,-0.23183749,-0.98610039,-0.13957993,0.09013058,0.00325609,-0.00254691,-0.00581508
-0.11942023,0.218092927,-0.968593934,0.115542724,-0.965893746,-0.231730487,-0.986097669,-0.139587302,0.0901482752,-0.00295593124,-0.00415939046,0.000180387404
-0.11925776,0.21809335,-0.96861392,0.11574324,-0.96587087,-0.23172626,-0.98609388,-0.13974566,0.08994471,-0.00431273,-0.00460303,0.00281956
-0.11931788,0.21808041,-0.96860939,0.11579153,-0.96586501,-0.23172626,-0.9860809,-0.13980585,0.08999312,,,
-0.11961283,0.21797997,-0.96859555,0.11586855,-0.96586797,-0.23167488,-0.98603604,-0.13994107,0.09027334,0.00520352,0.00136495,-0.00214479
-0.11996198,0.21778254,-0.96859684,0.1157801,-0.96591599,-0.23151929,-0.98600408,-0.13991776,0.09065836,0.00621252,-0.00411236,0.00319788
-0.12019072,0.21775631,-0.96857441,0.11574297,-0.96591983,-0.23152208,-0.98598061,-0.13993248,0.09089082,0.00598215,-0.00801593,0.00580736
-0.1203532,0.21790111,-0.96852164,0.11569024,-0.96588712,-0.23168463,-0.98596695,-0.1399325,0.09103861,0.00563942,-0.00535798,0.00390999
-0.1203532,0.21790111,-0.96852164,0.11569024,-0.96588712,-0.23168463,-0.98596695,-0.1399325,0.09103861,0.00563942,-0.00535798,0.00390999
-0.12032922,0.21819456,-0.96845846,0.11547603,-0.96584791,-0.23195412,-0.9859949,-0.13974464,0.09102369,,,
-0.120371508,0.218316959,-0.968425724,0.115277473,-0.965845459,-0.232063817,-0.986013074,-0.139571545,0.0910932684,-0.00805679522,0.000237941727,-0.00124566536
-0.12053967,0.21835204,-0.96839673,0.1152412,-0.96583618,-0.23211922,-0.98599661,-0.13957883,0.09125876,-0.00711593,-0.00329691,-0.00290812
-0.120654046,0.218338914,-0.968385489,0.115222566,-0.96583816,-0.23212054,-0.985984836,-0.139586187,0.0913749691,-0.00602673646,0.000577807368,-0.00516022881
-0.12088273,0.21836099,-0.96835205,0.11523451,-0.96582351,-0.23217596,-0.98595548,-0.13965367,0.09158881,,,
-0.12100896,0.21832211,-0.96834499,0.11544619,-0.96579844,-0.23217471,-0.98591518,-0.139887,0.09166606,0.00774212,-0.00155449,0.00577415
-0.12100907,0.21837049,-0.96833414,0.11549544,-0.96577996,-0.23222754,-0.98590947,-0.13993983,0.09164747,0.00657977,-0.00609696,0.00722569
-0.12101499,0.21835758,-0.96833625,0.11561055,-0.96576641,-0.23222621,-0.98589519,-0.14005278,0.091628,,,
-0.12100912,0.2184672,-0.96831235,0.1155939,-0.96574284,-0.23233315,-0.98589795,-0.14004544,0.09161029,,,
-0.12106313,0.21851544,-0.96829464,0.11557627,-0.9657318,-0.23238729,-0.98589332,-0.14004545,0.09165952,,,
-0.12100297,0.21852848,-0.96829921,0.11552804,-0.96573756,-0.23238729,-0.98590635,-0.1399853,0.09161116,,,
-0.12106318,0.21846707,-0.96830558,0.11552702,-0.96575045,-0.23233447,-0.98589911,-0.13999264,0.09167812,-0.00293867,-0.00711828,0.005196
-0.12106318,0.21846707,-0.96830558,0.11552702,-0.96575045,-0.23233447,-0.98589911,-0.13999264,0.09167812,-0.00295929,-0.0050537,0.00430247
-0.12123756,0.21844088,-0.96828965,0.11555662,-0.96574656,-0.23233581,-0.9858742,-0.14006013,0.09184265,-0.00296359,0.00422168,-0.00134454
-0.12147221,0.2183048,-0.968291,0.11553593,-0.96577427,-0.23223139,-0.98584781,-0.14008207,0.09209273,,,
-0.121592601,0.218230346,-0.968292761,0.115583173,-0.96578146,-0.232178606,-0.985827513,-0.140149531,0.0922080108,0.00095180457,-0.00941109564,0.00411565928
-0.1215984,0.21816904,-0.96830573,0.11564905,-0.96578639,-0.23212446,-0.98581896,-0.14020962,0.09220714,-0.00182879,-0.00496066,0.0075795
-0.1215984,0.21816904,-0.96830573,0.11564905,-0.96578639,-0.23212446,-0.98581896,-0.14020962,0.09220714,,,
-0.1215984,0.21816904,-0.968305733,0.115649055,-0.965786388,-0.23212446,-0.985818959,-0.140209623,0.092207139,-0.000937006087,0.00513493968,-0.00369930477
-0.12177294,0.21804608,-0.96831161,0.11558017,-0.9658199,-0.23202011,-0.9858056,-0.14017138,0.09240882,,,
-0.12189305,0.21792318,-0.9683241,0.11557814,-0.96584544,-0.23191437,-0.98579094,-0.14018585,0.09254269,,,
-0.12200732,0.21791006,-0.9683127,0.11555949,-0.9658474,-0.23191575,-0.98577902,-0.14019313,0.09265881,0.00266244,-0.005292,0.00136963
-0.12206132,0.21795828,-0.96829498,0.11554181,-0.96583641,-0.23196984,-0.98577435,-0.14019311,0.09270803,,,
-0.12211532,0.21800645,-0.96827726,0.11552409,-0.96582543,-0.2320239,-0.98576967,-0.14019305,0.09275727,,,
-0.12211532,0.21800645,-0.96827726,0.11552409,-0.96582543,-0.2320239,-0.98576967,-0.14019305,0.09275727,,,
-0.12211532,0.21800645,-0.96827726,0.11552409,-0.96582543,-0.2320239,-0.98576967,-0.14019305,0.09275727,,,
-0.12240402,0.21796689,-0.96824974,0.11553502,-0.96582358,-0.23202643,-0.98573262,-0.14026774,0.093038,,,
-0.1224639,0.21790539,-0.9682559,0.11553399,-0.96583621,-0.23197351,-0.98572518,-0.1402749,0.09310493,,,
-0.1224639,0.21790539,-0.9682559,0.11553399,-0.96583621,-0.23197351,-0.98572518,-0.1402749,0.09310493,,,
-0.12252417,0.21784399,-0.9682622,0.11553303,-0.96584919,-0.2319207,-0.98571791,-0.14028218,0.09317183,-0.00283093,-0.0041123,0.0013215
-0.12257819,0.2178922,-0.96824447,0.11551534,-0.96583823,-0.2319748,-0.98571323,-0.14028217,0.09322103,,,
-0.12269245,0.21787892,-0.96823303,0.11549661,-0.96584028,-0.231976,-0.98570126,-0.14028936,0.09333716,,,
-0.12281252,0.21780431,-0.96823456,0.1155438,-0.96584726,-0.23192309,-0.98568073,-0.14035659,0.0934524,,,
-0.12292691,0.21783943,-0.96821227,0.11557435,-0.96583084,-0.23197726,-0.98566302,-0.14041674,0.0935499,,,
-0.12298093,0.21788761,-0.96819453,0.11555661,-0.96581991,-0.23203131,-0.98565832,-0.14041671,0.0935991,,,
-0.12298083,0.21783928,-0.96820536,0.11550741,-0.9658384,-0.23197843,-0.98566405,-0.14036382,0.09361769,,,
-0.12298083,0.21783928,-0.96820536,0.11550741,-0.9658384,-0.23197843,-0.98566405,-0.14036382,0.09361769,-0.00454252,-0.00259238,-0.00493328
-0.12320905,0.21781272,-0.96818229,0.11546997,-0.96584224,-0.2319808,-0.9856399,-0.14037815,0.09384988,0.00243065,-0.00473732,0.00462618
-0.1232152,0.21775138,-0.96819541,0.11553589,-0.96584752,-0.23192674,-0.98563151,-0.14043822,0.09384901,0.00185216,-0.00438714,0.00155912
-0.12326916,0.2178479,-0.96816675,0.11556737,-0.96581793,-0.23203371,-0.985621,-0.14049111,0.0938796,-0.00338601,-0.0073455,0.00429977
-0.12332924,0.2177864,-0.96817295,0.11556636,-0.96583079,-0.23198081,-0.98561362,-0.14049826,0.09394651,,,
-0.12344336,0.21777312,-0.9681614,0.11554764,-0.96583274,-0.231982,-0.98560152,-0.14050542,0.09406258,-0.00582319,0.00167847,-0.00679332
-0.1236176,0.21769832,-0.96815594,0.11552799,-0.96584743,-0.23193029,-0.98558194,-0.14051981,0.09424569,0.0038521,0.00218344,-0.00270026
-0.12384571,0.21757516,-0.96815442,0.11539215,-0.96588842,-0.23182685,-0.98556917,-0.14042823,0.09451497,,,
-0.12396005,0.21756189,-0.96814292,0.11537344,-0.96589061,-0.23182805,-0.98555713,-0.1404354,0.09463101,0.00100799,-0.00431216,0.00268208
-0.12395994,0.21761018,-0.96813202,0.11542261,-0.96587194,-0.23188095,-0.98555132,-0.14048829,0.09461243,,,
-0.12401399,0.2176584,-0.96811425,0.11540488,-0.96586106,-0.23193504,-0.98554659,-0.14048832,0.09466159,,,
-0.12418226,0.21764493,-0.96809579,0.11531916,-0.9658709,-0.23193728,-0.98553552,-0.14044248,0.0948454,,,
-0.12423622,0.21764482,-0.96808884,0.11525223,-0.96587854,-0.2319384,-0.9855365,-0.14038956,0.09491314,,,
-0.12435038,0.21763151,-0.96807723,0.11523348,-0.9658806,-0.23193953,-0.98552435,-0.14039667,0.09502917,,,
-0.12446434,0.217714764,-0.96804381,0.115313038,-0.965845316,-0.232046481,-0.985500604,-0.1405096,0.0951080379,2.809125e-05,-0.00420838548,0.00347021315
-0.12452435,0.21770151,-0.96803907,0.11536118,-0.96583957,-0.23204644,-0.98548739,-0.14056958,0.09515634,,,
-0.12458448,0.21773661,-0.96802351,0.11545854,-0.96581533,-0.23209942,-0.98546845,-0.14068256,0.09518601,,,
-0.12452438,0.21779815,-0.96801734,0.11545956,-0.96580239,-0.23215236,-0.98547588,-0.14067549,0.09511913,,,
-0.124524375,0.217798148,-0.968017344,0.115459557,-0.965802389,-0.23215236,-0.985475876,-0.140675493,0.0951191268,-0.000884431647,-0.00202065683,0.00456594676
-0.1245785,0.21779801,-0.96801046,0.11539258,-0.96581022,-0.23215345,-0.98547693,-0.14062255,0.09518688,,,
-0.12469838,0.21767497,-0.96802262,0.11539061,-0.96583576,-0.23204758,-0.98546192,-0.1406367,0.09532062,,,
-0.12475859,0.21766175,-0.96801796,0.11543878,-0.96583021,-0.23204761,-0.98544878,-0.14069673,0.0953689,,,
-0.12481854,0.21760025,-0.96802403,0.11543782,-0.96584299,-0.2319947,-0.98544127,-0.14070382,0.09543575,,,
-0.12493243,0.21763511,-0.96800142,0.11546814,-0.96582626,-0.23204866,-0.98542321,-0.14076374,0.09553319,-0.00137095,-0.00616765,0.00184593
-0.12487849,0.21753871,-0.9680301,0.11543683,-0.96585577,-0.23194175,-0.98543377,-0.14071086,0.09550262,0.00324335,-0.0041427,0.00122264
-0.12499249,0.2175253,-0.96801839,0.11541809,-0.96585773,-0.2319428,-0.98542149,-0.14071794,0.09561863,,,
-0.12504645,0.21752517,-0.96801141,0.11535112,-0.96586542,-0.23194386,-0.98542245,-0.14066498,0.09568636,,,
-0.12504658,0.21747694,-0.9680223,0.11530203,-0.9658841,-0.23189098,-0.98542825,-0.1406121,0.09570492,,,
-0.12504658,0.21747694,-0.9680223,0.11530203,-0.9658841,-0.23189098,-0.98542825,-0.1406121,0.09570492,-0.00256363,-0.00383985,0.00382809
-0.12504658,0.21747694,-0.9680223,0.11530203,-0.9658841,-0.23189098,-0.98542825,-0.1406121,0.09570492,-0.00256363,-0.00383985,0.00382809
-0.12527467,0.21749852,-0.96798792,0.11531354,-0.96586941,-0.23194612,-0.98539789,-0.14067909,0.09591849,-0.00401311,-0.00204772,0.00310289
