0,1,2,3,4,5,6,7,8,9,10,11
0.53343279,-0.00461725,0.84582986,0.07852136,-0.99539666,-0.05495416,0.84218993,0.09573006,-0.53061467,-0.00415047,-0.00196999,-0.00532749
0.52820824,-0.00694663,0.84908644,0.07733193,-0.99541724,-0.05625123,0.84558607,0.09537386,-0.52525037,0.0063283,0.00479186,0.00106292
0.52725312,-0.00721558,0.84967762,0.07720198,-0.99542119,-0.05635964,0.84619382,0.09531259,-0.52428185,0.00399383,0.0082103,0.00167624
0.52545355,-0.00739184,0.85079018,0.0771112,-0.99543318,-0.05627291,0.84732073,0.09517426,-0.52248391,0.00312212,0.00713909,0.00531923
0.52394003,-0.00727361,0.85172407,0.07695911,-0.99546907,-0.05584274,0.84827124,0.09480617,-0.52100627,0.00443295,0.00346267,0.00467177
0.52330689,-0.00714224,0.85211432,0.07688903,-0.99549005,-0.05556366,0.84866831,0.09459509,-0.52039757,,,
0.522197654,-0.00672651476,0.852797897,0.0770501905,-0.995507015,-0.0550326325,0.849336663,0.0944461566,-0.519333039,-0.00237935572,-0.00784605742,0.000820597925
0.52117143,-0.0064892,0.85342731,0.07739057,-0.9954919,-0.05483033,0.84993587,0.09462323,-0.51831969,-0.00558305,-0.00521725,-0.00285511
0.520786335,-0.00641522498,0.853662944,0.0775331369,-0.995483596,-0.0547809279,0.85015892,0.0947163252,-0.517936843,-0.00360820326,-0.00522726774,-0.000451766246
0.52023909,-0.00649788,0.85399587,0.07752764,-0.99548259,-0.05480286,0.85049435,0.09471888,-0.51738506,0.00110401,0.00191081,0.0060936
0.52004366,-0.00687587,0.854112,0.07722453,-0.99549366,-0.05503378,0.8506415,0.09457837,-0.51716917,0.00171636,-0.00677073,0.00433217
0.520054083,-0.00718469034,0.854103127,0.0770823527,-0.995489503,-0.0553086344,0.850648037,0.0945997588,-0.517154588,-0.000970959489,-0.0112054944,0.00256505748
0.52044978,-0.00772876,0.85385729,0.07695808,-0.99546496,-0.05591863,0.85041723,0.09481406,-0.51749471,0.00194071,0.00225198,0.00509009
0.521138897,-0.00817635919,0.853432684,0.0768191978,-0.995445874,-0.0564456838,0.850007653,0.0949760576,-0.518137414,-0.0060116807,0.00138652325,0.000436692149
0.52147981,-0.00832399,0.85322302,0.07682381,-0.99543316,-0.05666518,0.84979816,0.09509759,-0.51845883,-0.00466132,0.00562322,-0.00565346
0.52212092,-0.00860782,0.85282804,0.07674553,-0.99541825,-0.0570324,0.84941149,0.09522855,-0.5190681,-0.00861055,-0.00386566,-0.00286801
0.52276156,-0.00881099,0.85243335,0.07658674,-0.99541739,-0.05725634,0.84903164,0.09521651,-0.51969105,-0.00780033,-0.00155073,0.00100955
0.52310855,-0.00898983,0.8522186,0.07632209,-0.99543243,-0.05734856,0.84884174,0.09504263,-0.52003301,,,
0.5238457,-0.00939452,0.85176138,0.07576504,-0.99546206,-0.05757608,0.84843701,0.09469472,-0.52075675,-0.00532054,0.00102592,0.00390927
0.52491525,-0.009754,0.8510986,0.07531975,-0.99547921,-0.05786214,0.84781537,0.09447725,-0.52180754,-0.00451622,0.00730801,0.00452998
0.525513294,-0.00994586306,0.850727248,0.0750728516,-0.995489123,-0.058012459,0.847466718,0.0943528392,-0.522396098,-0.00403007399,0.00428390503,-1.1905795e-05
0.526711265,-0.010445748,0.849980051,0.0745436858,-0.995504567,-0.0584270017,0.846769413,0.0941348075,-0.523564762,-0.00798273645,0.00232696533,0.000450130552
0.52840668,-0.0118739,0.84890828,0.07306818,-0.99555582,-0.0594067,0.84584118,0.09341909,-0.52519062,0.00745452,-0.01922888,0.0024565
0.529513787,-0.0134546241,0.848194528,0.071579785,-0.995599283,-0.0604789176,0.845275883,0.0927380083,-0.526220303,0.0102878185,0.000286340714,0.00799701829
0.53048968,-0.01513009,0.84755632,0.0702566,-0.99561592,-0.06174712,0.84477491,0.09230264,-0.52710093,0.01111345,0.01011717,0.00500312
0.53096965,-0.01579727,0.84724353,0.06980069,-0.995613,-0.06230796,0.84451111,0.09222182,-0.52753755,0.01438669,0.01421988,0.00804844
0.53096965,-0.01579727,0.84724353,0.06980069,-0.995613,-0.06230796,0.84451111,0.09222182,-0.52753755,0.01438669,0.01421988,0.00804844
0.533320294,-0.0176747987,0.845728684,0.0684728711,-0.995598805,-0.0639862145,0.843137516,0.0920346197,-0.529762745,0.0326843895,0.000312209129,0.0296412706
0.53417324,-0.01821933,0.84517865,0.06782362,-0.99562121,-0.06432855,0.8426499,0.09168566,-0.53059847,0.04215054,-0.00118673,0.0344031
0.53686083,-0.01901602,0.84345648,0.06700102,-0.9956273,-0.06509298,0.84100613,0.09145831,-0.53323919,0.06840164,-0.00551748,0.06062305
0.54138601,-0.01965872,0.84054429,0.06703182,-0.99553502,-0.06645816,0.83809779,0.09232273,-0.53765095,0.10765635,-0.00401407,0.0890895
0.54460541,-0.01999866,0.83845399,0.06726856,-0.99545348,-0.06743669,0.83599042,0.09312798,-0.54078416,0.12698404,0.00638115,0.10479066
0.56624613,-0.01998076,0.82399397,0.07009092,-0.9949176,-0.0722917,0.8212506,0.09868939,-0.56196775,0.18848383,-0.0058794,0.13389094
0.62805411,-0.01343636,0.77805366,0.08176264,-0.9931771,-0.08315113,0.77386233,0.11583913,-0.62267037,0.167133,-0.03128934,0.08633079
0.65373664,-0.00826737,0.75667696,0.0882419,-0.99228547,-0.08707884,0.75155954,0.12369724,-0.64796381,0.13006243,-0.01679993,0.06127838
0.679859137,-0.000918301758,0.733342112,0.0963475646,-0.991219096,-0.0905621003,0.726985999,0.132225202,-0.673800826,0.112999618,-0.00500416756,0.0560753755
0.71887385,0.01295518,0.69501983,0.10965647,-0.98942147,-0.0949772,0.68643707,0.14449004,-0.71268985,0.09709201,-0.03006309,0.04477952
0.74478781,0.022395,0.66692548,0.11768538,-0.98817948,-0.0982424,0.6568419,0.15165712,-0.73861961,0.06327773,-0.02454185,0.01186265
0.78163866,0.03468915,0.6227661,0.12657902,-0.98649777,-0.10392067,0.61075258,0.16005754,-0.77547568,0.00466236,-0.00163031,-0.02562198
0.80356262,0.0412769,0.59378727,0.13012092,-0.98564512,-0.10757375,0.58082325,0.1637064,-0.79739855,-0.02089451,-0.00228184,-0.0322082
0.80356262,0.0412769,0.59378727,0.13012092,-0.98564512,-0.10757375,0.58082325,0.1637064,-0.79739855,-0.02089451,-0.00228184,-0.0322082
0.83204473,0.04909874,0.55253133,0.13293919,-0.98469707,-0.11268857,0.53854315,0.167215,-0.82583914,-0.02939928,0.00228584,-0.02795172
0.84856116,0.05279413,0.52645678,0.13319843,-0.98427892,-0.11598838,0.51205678,0.16854645,-0.84225297,-0.03494884,0.01318443,-0.0305034
0.85613316,0.0542917,0.51389534,0.13290809,-0.98414505,-0.11744827,0.49937106,0.1688522,-0.84977503,-0.03452029,0.01059186,-0.0321069
0.87016671,0.05678367,0.48947474,0.13162146,-0.98403035,-0.1198341,0.47485334,0.16870103,-0.86374441,-0.03116554,-0.01162589,-0.02560951
0.88279944,0.0588012,0.46605533,0.12949584,-0.98415459,-0.12112162,0.45154842,0.16727832,-0.87642562,-0.03954277,-0.03540939,-0.03584022
0.88854682,0.05968768,0.45488668,0.1283168,-0.98426254,-0.12149642,0.44047623,0.16632487,-0.88222225,-0.04023335,-0.04032671,-0.03989809
0.89891447,0.0610803,0.43384557,0.12585685,-0.98449759,-0.1221659,0.419658,0.16441913,-0.8926665,-0.02634512,-0.02498084,-0.05381273
0.90796685,0.06173374,0.4144697,0.12296899,-0.98479569,-0.1227029,0.40059308,0.16237709,-0.90175318,0.00774919,0.06027174,-0.05621947
0.91204667,0.06182815,0.40539876,0.12139424,-0.98496811,-0.12288755,0.39170693,0.16129225,-0.90584247,0.00235239,0.06333911,-0.05986805
0.919327269,0.0621080673,0.388561377,0.118605895,-0.985277112,-0.123131018,0.37519328,0.159283377,-0.913158483,0.000892736018,0.00362980366,-0.078059867
0.92564885,0.06209608,0.37325365,0.11588282,-0.98556527,-0.12342029,0.36020187,0.15749753,-0.91948324,0.00930933,-0.03340524,-0.08117678
0.92850516,0.06200216,0.36610642,0.11458997,-0.98568288,-0.12368787,0.35319586,0.15679695,-0.92231648,0.0110689,-0.02256787,-0.08336443
0.9336354,0.06207195,0.35280592,0.11272339,-0.98574889,-0.12487091,0.34002704,0.15635338,-0.92732702,0.01737777,-0.00163633,-0.08455482
0.93801251,0.06347333,0.34073988,0.11269936,-0.98552293,-0.12666259,0.32776727,0.15721226,-0.93158624,0.02469792,0.00209248,-0.08318572
0.93996313,0.06459921,0.33510633,0.11326728,-0.9853149,-0.12776992,0.32193141,0.1580556,-0.93347666,0.03090233,0.01595867,-0.08101388
0.94346144,0.06764264,0.32450731,0.11537613,-0.98475595,-0.13017104,0.31075532,0.16025175,-0.93688362,0.05760281,0.05480993,-0.08377145
0.94649067,0.07158989,0.31469078,0.11843463,-0.98410349,-0.13233752,0.30021432,0.16252651,-0.93992348,0.06603564,0.03047955,-0.09039238
0.94789323,0.07377816,0.30992774,0.12013068,-0.98377835,-0.1332236,0.29507125,0.16351359,-0.94137985,0.06916456,0.00480342,-0.09240734
0.9505578,0.07782241,0.30063854,0.12309321,-0.98321304,-0.13468392,0.28511037,0.16503142,-0.94418022,0.07718807,-0.02060616,-0.09485941
0.9530773,0.08112652,0.29165417,0.12510293,-0.98285803,-0.13542384,0.27566814,0.16555618,-0.94688885,0.09233091,-0.02988529,-0.09688002
0.95428413,0.0824426,0.28730649,0.1257224,-0.98275707,-0.13558297,0.27117463,0.16550554,-0.94819437,0.09976861,-0.01908737,-0.09608233
0.9565365,0.08470857,0.27903834,0.12647692,-0.98270804,-0.13523595,0.26275754,0.16465003,-0.95070979,0.10818445,-0.02019352,-0.09447363
0.95849403,0.08676599,0.27158949,0.12700648,-0.98277326,-0.13426012,0.25526172,0.16318115,-0.95300214,0.11058298,-0.04698408,-0.10017714
0.95932815,0.0877949,0.26829378,0.12730787,-0.98282473,-0.13359612,0.25195675,0.16231844,-0.95402841,0.11453432,-0.06967628,-0.09961596
0.9607414,0.08965926,0.26255889,0.12783696,-0.98295671,-0.13211158,0.24623904,0.1604898,-0.95582897,0.12897941,-0.08499378,-0.09977575
0.96185094,0.09139245,0.25785693,0.12839713,-0.98309868,-0.13050294,0.24157184,0.15863247,-0.95732891,0.15373123,-0.09613866,-0.098941
0.96231112,0.09230687,0.25580606,0.12879444,-0.98314724,-0.12974305,0.23951888,0.15779958,-0.95798214,0.16461554,-0.09594041,-0.09649058
0.96303026,0.09458116,0.25224414,0.13015543,-0.98316134,-0.12826883,0.23586493,0.15635772,-0.95912437,0.17094086,-0.0804283,-0.10448534
0.96351342,0.0980327,0.24906121,0.13279897,-0.98299506,-0.12682801,0.23239263,0.15527557,-0.96014758,0.16070023,-0.08635098,-0.11595394
0.96366748,0.10027324,0.24756873,0.13466718,-0.98283231,-0.12611691,0.23067238,0.15487415,-0.96062705,0.16279653,-0.0945121,-0.12313131
0.96378701,0.10539565,0.24496194,0.13911635,-0.98239779,-0.12466458,0.22751096,0.15422831,-0.96148449,0.17625333,-0.08388621,-0.12795675
0.9637059,0.11097267,0.24280861,0.14412154,-0.98185165,-0.12327442,0.22472191,0.15379424,-0.96220978,0.18203849,-0.05564213,-0.13838986
0.96360349,0.11397409,0.24182271,0.14683441,-0.98154869,-0.12248244,0.22340092,0.1535324,-0.96255906,0.18432397,-0.03439409,-0.14146432
0.96327794,0.12048357,0.23995689,0.15276906,-0.98085314,-0.12078146,0.22081035,0.15300411,-0.96324035,0.1745398,0.02091026,-0.13758531
0.96279507,0.12780959,0.23809737,0.15941485,-0.98007027,-0.11852905,0.21820301,0.15207545,-0.96398157,0.15447479,0.04966378,-0.14236405
0.96250725,0.13166662,0.23715752,0.16288292,-0.97966365,-0.11716672,0.21690769,0.15140273,-0.9643796,0.15778072,0.05606258,-0.13669224
0.96197775,0.13881971,0.23521883,0.16910982,-0.97900161,-0.11383079,0.21447769,0.1492805,-0.96525354,0.16522796,0.10903037,-0.1374997
0.96154314,0.14499541,0.23326193,0.17419679,-0.97857152,-0.10978803,0.2123447,0.14619941,-0.96619646,0.17683944,0.15875411,-0.12803036
0.96131582,0.14786143,0.23239812,0.17645348,-0.9784343,-0.1073796,0.211509,0.14423317,-0.96667503,0.17780165,0.15656602,-0.12881194
0.96083479,0.15314082,0.23096409,0.1805637,-0.97820094,-0.10256758,0.21022196,0.14025422,-0.96754117,0.16582251,0.16413164,-0.13353018
0.96006051,0.15825133,0.23073868,0.18480869,-0.97784576,-0.09830221,0.21007039,0.13701859,-0.96803731,0.14698644,0.19521594,-0.13747485
0.95944432,0.16111141,0.23132165,0.18745128,-0.97750554,-0.09666962,0.2105436,0.13611065,-0.96806268,0.16510215,0.27314699,-0.13263635
0.9575549,0.16819357,0.23409303,0.19445494,-0.97640924,-0.09387531,0.21278134,0.1354113,-0.96767152,0.12240767,0.27395725,-0.09317826
0.95465834,0.17833356,0.23837911,0.20476051,-0.97457933,-0.09093143,0.2161032,0.13561907,-0.96690596,0.09861045,0.22071099,-0.05168951
0.95303725,0.1838548,0.24066033,0.21032998,-0.97355523,-0.08916908,0.21790201,0.13559954,-0.96650457,0.0889957,0.21959841,-0.03151065
0.94959788,0.19561217,0.24494844,0.2219905,-0.97134599,-0.08489373,0.22132347,0.13499114,-0.96581213,0.03123145,0.21152079,0.0335959
0.94594698,0.20815419,0.24870897,0.2343342,-0.96882361,-0.0804276,0.22421375,0.13436126,-0.96523342,-0.08349825,0.09387541,0.08969282
0.94070716,0.22561424,0.25331453,0.25162804,-0.9649097,-0.07504857,0.22749366,0.13433978,-0.96446833,-0.22810058,-0.11356848,0.15258339
0.93800503,0.23363077,0.25605318,0.25958697,-0.9630119,-0.07226893,0.229698,0.13425668,-0.96395752,-0.24894407,-0.08386081,0.17410764
0.93687819,0.23667734,0.25737729,0.26259815,-0.9622903,-0.07098566,0.23087105,0.13409172,-0.96369982,-0.22445643,0.00684154,0.18998215
0.93466042,0.24208973,0.26038904,0.26794134,-0.96101143,-0.06829444,0.2337035,0.1336011,-0.96308519,-0.25180814,-0.00786835,0.19656786
0.9321593,0.24733073,0.26439844,0.27339479,-0.95962091,-0.06620203,0.23734851,0.133996,-0.96213849,-0.25742409,-0.05501759,0.19892633
0.93098743,0.24914915,0.2668091,0.27540227,-0.95910519,-0.06534924,0.23961632,0.13431916,-0.96153111,-0.23386338,-0.05788177,0.18915132
0.92887602,0.25088328,0.2724829,0.27777965,-0.95848187,-0.06442899,0.24500575,0.13553675,-0.96000109,-0.18166992,-0.06659043,0.1703265
0.92728651,0.24975641,0.27885741,0.27757462,-0.95853529,-0.06451635,0.2511813,0.13722889,-0.95816289,-0.113395,-0.05878407,0.15649995
0.92681081,0.24790278,0.28207433,0.27622424,-0.95890263,-0.06485155,0.25440496,0.13802089,-0.95719807,-0.10585143,-0.07455176,0.15055244
0.92650333,0.24190954,0.288221,0.27124506,-0.96024594,-0.06597966,0.26080201,0.13930891,-0.95528782,-0.09832239,-0.12047547,0.1178991
0.92714204,0.22739652,0.29782287,0.25864447,-0.96346603,-0.06954244,0.27112853,0.14150596,-0.95208471,-0.0786832,-0.14943331,0.07297207
0.92772192,0.21501674,0.30512263,0.24795955,-0.96600168,-0.07318668,0.27901269,0.14355497,-0.94949638,-0.0321224,-0.13057411,0.06423526
0.92836585,0.19445321,0.31674086,0.23045229,-0.96978214,-0.08008673,0.29159658,0.14734345,-0.9451248,0.03719483,-0.13292438,0.05660526
0.92893297,0.17934137,0.3239139,0.21756625,-0.97228285,-0.08562129,0.29958049,0.15000917,-0.94220422,0.03372816,-0.14563578,0.05242296
0.93018257,0.15467891,0.33291862,0.19632287,-0.97591595,-0.09510573,0.31018979,0.15382524,-0.93814701,0.06363907,-0.12917989,0.05227125
0.93119429,0.13794078,0.33741597,0.18170438,-0.97808986,-0.10160637,0.31600746,0.15592523,-0.93585614,0.0783827,-0.10621578,0.05056776
0.9323351,0.12119338,0.34068084,0.16684567,-0.98005473,-0.10796012,0.32080179,0.15749613,-0.93396002,0.09013496,-0.10073507,0.05654015
0.93297524,0.11257422,0.34188336,0.15907163,-0.98099852,-0.11107506,0.32288296,0.15801423,-0.93315468,0.08891707,-0.0933435,0.06247943
0.93433892,0.09456729,0.34360997,0.14251331,-0.9828507,-0.1170228,0.32665079,0.15830795,-0.93179275,0.07756709,-0.10798401,0.06317621
0.935612,0.07584624,0.34478623,0.12512429,-0.9844911,-0.12296848,0.33011227,0.15819191,-0.93059189,0.09013168,-0.11919749,0.06821449
0.93717964,0.04611678,0.34578542,0.09713264,-0.98652083,-0.13168734,0.33505158,0.15700175,-0.92902667,0.10520966,-0.08710289,0.0722012
0.93784203,0.02529441,0.34613946,0.07746979,-0.98743389,-0.13774179,0.33830572,0.15599539,-0.92801656,0.13000308,-0.00625455,0.07374484
0.93797978,0.0145742,0.34638349,0.06734798,-0.9877427,-0.14081352,0.34008554,0.15540847,-0.92746422,0.15368876,0.05386937,0.07317229
0.93788882,-0.00711506,0.34686296,0.046843,-0.98803732,-0.14692679,0.34375903,0.1540491,-0.92633585,0.18497036,0.15696561,0.0758386
0.93736239,-0.02804064,0.34722537,0.02677027,-0.98800899,-0.15205642,0.34732562,0.15182728,-0.9253718,0.1994544,0.18822753,0.08103323
0.93614145,-0.05703232,0.34696755,-0.00214967,-0.98766784,-0.15654665,0.35161704,0.14580394,-0.92471938,0.1865339,0.14057231,0.06431723
0.93511914,-0.07500302,0.34630439,-0.0204808,-0.98714738,-0.15849368,0.35374103,0.14111788,-0.92463652,0.1820737,0.17142725,0.03492406
0.93454334,-0.08329665,0.34596302,-0.02893346,-0.98678529,-0.15942842,0.35467111,0.13898286,-0.92460368,0.20917787,0.25679302,0.01540202
0.93350792,-0.09894472,0.34463447,-0.0448204,-0.98583346,-0.16162866,0.35574444,0.13543498,-0.9247181,0.20436931,0.59475756,0.03713794
0.93324406,-0.10869003,0.3424062,-0.05512413,-0.98517089,-0.16247952,0.35498854,0.1327582,-0.92539632,0.13061088,0.26627624,-0.00806196
0.93332501,-0.1118368,0.34116998,-0.05858385,-0.98495048,-0.16260498,0.35422078,0.13177624,-0.92583074,0.0937528,0.27764535,-0.01521738
0.93357812,-0.11660776,0.3388724,-0.06433066,-0.98475221,-0.16163034,0.35255275,0.12909466,-0.92684456,-0.03633704,0.05739725,-0.06435557
0.93377514,-0.11918556,0.33742967,-0.06718037,-0.98452723,-0.16184138,0.35149791,0.1284548,-0.92733398,-0.08330689,-0.08758336,-0.13212168
0.93377811,-0.12037315,0.33699962,-0.06810235,-0.98429281,-0.1628784,0.35131255,0.12914181,-0.92730876,-0.0782098,-0.01573336,-0.14618698
0.93349079,-0.12327394,0.33674691,-0.06973038,-0.98353111,-0.1667457,0.35175647,0.13217408,-0.92671317,-0.10903117,-0.00199032,-0.17036074
0.93341433,-0.12400976,0.33668866,-0.06835267,-0.98264667,-0.17243357,0.35222946,0.1379384,-0.92569289,-0.08139297,-0.03626424,-0.16426139
0.93353998,-0.12372991,0.33644316,-0.06700698,-0.98223224,-0.17529806,0.35215501,0.1411037,-0.92524382,-0.05895898,-0.00116962,-0.13839208
0.93437986,-0.12170027,0.33484821,-0.06362729,-0.98174147,-0.17926372,0.35055078,0.14619493,-0.92506293,-0.01598023,0.0583154,-0.08619423
0.93613271,-0.11751874,0.33142858,-0.05967543,-0.98192505,-0.17961774,0.34654639,0.1483679,-0.92622516,-0.04345109,0.00890911,-0.08674967
0.93724851,-0.1144829,0.32933095,-0.05717874,-0.9822366,-0.17872181,0.34394157,0.14867602,-0.92714577,-0.06369314,-0.05477786,-0.09409931
0.93960046,-0.10706981,0.32509542,-0.05098289,-0.98299783,-0.17639698,0.3384549,0.14916838,-0.92908393,-0.09241056,-0.14544737,-0.10906563
0.94160798,-0.09950201,0.32167336,-0.04440079,-0.983689,-0.17431009,0.33377083,0.14984921,-0.93066737,-0.0824305,-0.20191777,-0.10683711
0.942383,-0.09620023,0.32040567,-0.04146044,-0.98396302,-0.17348592,0.33195678,0.15020602,-0.93125851,-0.06307731,-0.21680331,-0.09690908
0.94356668,-0.09096056,0.31844634,-0.03682468,-0.98439606,-0.17206886,0.32912891,0.15063175,-0.9321929,-0.01830877,-0.19645756,-0.08010592
0.94435516,-0.08794471,0.31695278,-0.03435777,-0.98469707,-0.17085496,0.32712824,0.15045797,-0.93292534,0.02682841,-0.16867703,-0.08067262
0.94469103,-0.08694119,0.3162279,-0.03367832,-0.98484164,-0.17015484,0.32622787,0.15009373,-0.93329909,0.04023974,-0.14885676,-0.08866721
0.94538232,-0.08514668,0.31464632,-0.03270259,-0.98518575,-0.16834405,0.32431899,0.14885973,-0.93416171,0.06222074,-0.15259773,-0.09792537
0.94626695,-0.08290275,0.31257958,-0.03158984,-0.9856557,-0.16578546,0.32183993,0.14700297,-0.9353123,0.07348839,-0.14352697,-0.10073122
0.94671734,-0.08177134,0.31151197,-0.03112855,-0.98593496,-0.16420334,0.32055775,0.14575723,-0.93594714,0.07293412,-0.15378934,-0.10290661
0.94755807,-0.07964156,0.30950112,-0.03049662,-0.98656516,-0.16049785,0.31812525,0.1426423,-0.93725659,0.06410287,-0.18942589,-0.10488065
0.9481522,-0.07803964,0.30808634,-0.0310364,-0.98748635,-0.15461856,0.31629752,0.13704003,-0.93870941,0.02847428,-0.16476786,-0.11077233
0.94789759,-0.07783605,0.30892021,-0.03201415,-0.98805796,-0.1507198,0.31696252,0.13297712,-0.93906962,0.00931298,-0.11067992,-0.11503935
0.9470643,-0.07722511,0.31161753,-0.03236343,-0.98865865,-0.14665102,0.31940854,0.12880293,-0.93882258,-0.01931222,-0.11807483,-0.12620667
0.94641916,-0.07688622,0.31365472,-0.03243773,-0.98896584,-0.144548,0.32130759,0.12662875,-0.93847023,-0.02688414,-0.10561347,-0.13125655
0.94449813,-0.07718577,0.31932059,-0.03346032,-0.98955428,-0.14022366,0.32680834,0.12175642,-0.93721482,-0.01411673,-0.03289968,-0.13055328
0.9418719,-0.07928252,0.32648371,-0.03631551,-0.99008919,-0.13566435,0.33400376,0.11592202,-0.93541638,0.01882822,0.13047242,-0.12327175
0.93731014,-0.08401972,0.3382165,-0.04232611,-0.99076376,-0.12882576,0.34591648,0.10643431,-0.93220915,0.06640969,0.16844666,-0.12081771
0.9342712,-0.08857181,0.34538725,-0.04752131,-0.99094535,-0.12557506,0.35338229,0.10090791,-0.93002076,0.08644819,0.17526376,-0.12332185
0.93274173,-0.09163912,0.34870495,-0.05084565,-0.99092758,-0.12440853,0.356942,0.0983109,-0.92893896,0.07368641,0.16773725,-0.11523136
0.92959874,-0.09886528,0.35506596,-0.05824316,-0.99065233,-0.12335268,0.36394219,0.09398833,-0.92666739,0.07233788,0.23729348,-0.09240185
0.92635304,-0.10695768,0.36115106,-0.06609483,-0.99011618,-0.12369729,0.37081196,0.09071714,-0.92426647,0.13496356,0.68616319,-0.02482703
0.92475243,-0.11110955,0.36398846,-0.07024568,-0.98983197,-0.12368506,0.37403005,0.08880944,-0.92315448,0.05748643,0.57743037,-0.02373276
0.92207031,-0.11478111,0.36961009,-0.07346286,-0.98955461,-0.12403416,0.37998622,0.0872156,-0.92087107,0.02556914,0.38267696,0.00218697
0.91902871,-0.11371904,0.37743108,-0.07167609,-0.98973086,-0.12367514,0.38761937,0.08660822,-0.91774202,-0.05565502,0.21572936,0.13128519
0.91838492,-0.10784045,0.38070929,-0.0667344,-0.99057562,-0.11960903,0.39002006,0.08444073,-0.91692638,-0.08302024,0.0212816,0.21543813
0.9191314,-0.10036362,0.38095225,-0.06194661,-0.99179429,-0.11183292,0.38905024,0.07919045,-0.91780645,-0.06446292,0.07794797,0.23517793
0.91985058,-0.0973893,0.37998715,-0.06074468,-0.99236995,-0.1072936,0.38753709,0.07561188,-0.91874796,-0.11437887,0.01923609,0.22547929
0.92148365,-0.09135669,0.37752066,-0.05765694,-0.99335091,-0.09964838,0.38411401,0.07005766,-0.92062398,-0.16373728,-0.22873861,0.19682911
0.92272614,-0.08650632,0.37562364,-0.05402419,-0.99389632,-0.09618347,0.38165147,0.06845824,-0.92176754,-0.10699989,-0.22696978,0.16716814
0.92310454,-0.08520715,0.37499034,-0.05271521,-0.99397595,-0.09608836,0.38091878,0.0689319,-0.92203543,-0.08768447,-0.19685006,0.14151374
0.92349277,-0.08291343,0.37454836,-0.04917757,-0.99389498,-0.09876458,0.38045063,0.072789,-0.92193231,-0.05219647,-0.17037785,0.12170134
0.92385637,-0.07907984,0.37448069,-0.04302665,-0.99367861,-0.10368894,0.38031318,0.07968104,-0.92141884,-0.02515944,-0.16062891,0.09048887
0.92412698,-0.07643229,0.37436269,-0.03907671,-0.9935563,-0.1063887,0.380082,0.08368781,-0.92115889,-0.01365116,-0.15376979,0.07623076
0.92480715,-0.07027388,0.37388942,-0.03052269,-0.99332872,-0.11120259,0.37920981,0.09142884,-0.92078244,-0.00594546,-0.17498046,0.04918541
0.92551074,-0.06436194,0.37321228,-0.02256915,-0.99307516,-0.11529165,0.37804828,0.09828058,-0.92055431,-0.00233037,-0.17450571,0.02440784
0.92579084,-0.06180306,0.37294999,-0.01912432,-0.99293939,-0.11707085,0.37755208,0.10125071,-0.92043613,-0.00644043,-0.17936766,0.01700224
0.92609361,-0.05748386,0.37288904,-0.01312297,-0.99263493,-0.12043099,0.37706554,0.10663695,-0.92002722,-0.00463894,-0.19910729,0.00745053
0.92609361,-0.05748386,0.37288904,-0.01312297,-0.99263493,-0.12043099,0.37706554,0.10663695,-0.92002722,-0.00463894,-0.19910729,0.00745053
0.92486528,-0.05039705,0.37694075,-0.00140341,-0.99162557,-0.12913711,0.38029229,0.11890542,-0.91719077,0.05977408,-0.19747263,0.03697503
0.92402846,-0.04873672,0.3792046,0.00219221,-0.99114993,-0.132728,0.38231739,0.12347574,-0.91574389,0.07198344,-0.17674172,0.04372754
0.92360144,-0.04805477,0.38033027,0.00379897,-0.99091597,-0.13442785,0.38333529,0.12560262,-0.91502885,0.08047947,-0.15051574,0.05275764
0.92234297,-0.04597128,0.38362754,0.00908463,-0.99004165,-0.14048163,0.38626534,0.13305735,-0.91274033,0.10642187,-0.10043573,0.07669912
0.92216482,-0.04580739,0.38407517,0.0098527,-0.98985866,-0.14171356,0.38667166,0.13446744,-0.9123615,0.103945,-0.08912736,0.08371374
0.92203651,-0.04591907,0.38436974,0.01081296,-0.98949665,-0.14414953,0.38695185,0.1370673,-0.9118555,0.08678204,-0.0515458,0.09453528
0.9222588,-0.0474822,0.38364582,0.01069161,-0.98891492,-0.14809568,0.38642511,0.14068433,-0.9115278,0.10983329,0.01540983,0.11780681
0.92278911,-0.05011174,0.38203277,0.00876254,-0.98852031,-0.15083118,0.38520571,0.14253295,-0.91175664,0.13342097,0.11464012,0.13095614
0.92366278,-0.05406378,0.3793734,0.00519679,-0.9881394,-0.15347053,0.38317106,0.14372654,-0.91242661,0.12819071,0.162817,0.13109732
0.92644787,-0.06484901,0.37079501,-0.00524149,-0.98717538,-0.1595528,0.37638658,0.14587383,-0.91490643,0.06339146,0.27675724,0.08691193
0.92796051,-0.07079603,0.36589235,-0.01139821,-0.98672298,-0.16201209,0.37250418,0.14617031,-0.91644692,0.02187973,0.57745731,0.09534668
0.92921403,-0.06955507,0.36293715,-0.01089351,-0.98685578,-0.16123571,0.36938139,0.14586883,-0.91775793,0.01977937,0.29247522,0.022938
0.93003905,-0.06801377,0.36111145,-0.00991848,-0.98700964,-0.16035403,0.3673268,0.14555383,-0.9186321,-0.05303726,0.3004005,-0.00821623
0.93354768,-0.05004076,0.35494318,0.00740399,-0.98730463,-0.15866609,0.35837678,0.15075035,-0.92132545,-0.28933617,-0.06842792,-0.1986956
0.93397656,-0.04342712,0.3546856,0.01491819,-0.98698342,-0.16012798,0.35702274,0.15484704,-0.92117151,-0.27860707,0.02255166,-0.20067851
0.93390975,-0.03098871,0.35616328,0.03014303,-0.98586371,-0.16481629,0.35623585,0.16465938,-0.91977365,-0.25066897,-0.0230093,-0.19700864
0.93331853,-0.02027726,0.35847644,0.04386003,-0.98448814,-0.16988035,0.35636053,0.17427526,-0.91795165,-0.16480446,-0.01928592,-0.15822333
0.93311468,-0.01651985,0.35919921,0.04863419,-0.98396652,-0.17159351,0.35627474,0.17758579,-0.91735017,-0.13311175,0.01691675,-0.13434584
0.93395801,-0.00820155,0.35728863,0.05714009,-0.98344877,-0.17194011,0.35278526,0.18100035,-0.91803122,-0.12357871,-0.07650816,-0.0977575
0.93440561,-0.00652014,0.35615113,0.05825614,-0.98357348,-0.17084853,0.3514148,0.18038982,-0.91867674,-0.12361284,-0.11393791,-0.09815399
0.93529187,-0.00311462,0.35386353,0.06028078,-0.98394397,-0.1679877,0.34870522,0.1784487,-0.92008702,-0.10155484,-0.1798861,-0.10156895
0.936350245,0.000603335145,0.351066728,0.0618358645,-0.984647577,-0.163233786,0.345578555,0.174552511,-0.922012302,-0.0403896943,-0.216425717,-0.0873708352
0.93687064,0.00129933,0.34967371,0.06115708,-0.98518853,-0.16019558,0.34428651,0.17146756,-0.92307365,-0.00331825,-0.20834053,-0.0799722
0.937269125,0.000977341016,0.348605242,0.0594631665,-0.985788975,-0.15711046,0.343497746,0.167983956,-0.924007669,0.0238552764,-0.175016582,-0.0784464851
0.937425846,0.000687838439,0.348184291,0.0584897689,-0.986098608,-0.155525512,0.34323712,0.166158854,-0.924434545,0.0304496977,-0.172046065,-0.0842382386
0.938128673,-0.000662531701,0.346286221,0.054362881,-0.987316797,-0.149164187,0.341993074,0.158760318,-0.926194171,0.0488734096,-0.205057919,-0.114211112
0.93825404,-0.00161228,0.34594327,0.0527768,-0.98761674,-0.147742,0.34189758,0.15687731,-0.92655031,0.06030403,-0.18920153,-0.10866529
0.93850727,-0.00447691,0.34523044,0.04861956,-0.98823813,-0.14498737,0.34181902,0.15285665,-0.927251,0.08293504,-0.16233665,-0.10508122
0.93875062,-0.00823611,0.34449879,0.04340539,-0.98892555,-0.14192137,0.34185263,0.14818188,-0.92799697,0.10348365,-0.14992493,-0.1004841
0.93919101,-0.01464874,0.34308258,0.03457103,-0.98998013,-0.13690804,0.34165053,0.14044352,-0.929274,0.08305188,-0.08512837,-0.11316385
0.93938904,-0.01784292,0.34238844,0.02988343,-0.99058287,-0.13361157,0.34154824,0.13574499,-0.93000947,0.06365663,-0.10061634,-0.12559794
0.93942818,-0.01922673,0.34220611,0.02787621,-0.99083154,-0.1321956,0.34161031,0.13372768,-0.9302791,0.06007082,-0.09140217,-0.124413
0.93893566,-0.0258403,0.34312111,0.01931025,-0.99164772,-0.1275222,0.34355048,0.12636089,-0.93059443,0.07678304,0.09820819,-0.10717219
0.93864133,-0.02740835,0.34380408,0.01740163,-0.99180414,-0.12657676,0.34445558,0.12479293,-0.9304714,0.08061802,0.12132215,-0.10073975
0.93790335,-0.03079337,0.34552723,0.01358056,-0.99202929,-0.12527285,0.34663074,0.12218628,-0.9300094,0.08586869,0.16229522,-0.09304668
0.93690421,-0.03536494,0.34779279,0.00883063,-0.99215827,-0.12467503,0.34947464,0.11987978,-0.92924496,0.07208999,0.17145801,-0.0724655
0.9363586,-0.03791841,0.34899108,0.00621667,-0.99220219,-0.12448385,0.35098993,0.11873109,-0.92882132,0.04907732,0.13428628,-0.05609903
0.93521499,-0.0427668,0.35148815,0.00124294,-0.99227626,-0.12404088,0.35407821,0.11644177,-0.92793847,0.07954621,0.26807332,-0.02546006
0.93395221,-0.04854302,0.35408594,-0.00449,-0.99224857,-0.12418822,0.35736973,0.11439601,-0.92693071,0.05434164,0.74087334,0.03966171
0.93331327,-0.0501074,0.35554969,-0.00596668,-0.99224252,-0.1241737,0.35901356,0.11377151,-0.92637209,0.01674746,0.43234396,0.02302022
0.93208567,-0.04893207,0.35891774,-0.00347897,-0.99199768,-0.12620665,0.36222118,0.11638674,-0.92479705,-0.03518457,0.22971487,0.04601377
0.930826742,-0.0466841708,0.362466763,0.000559257498,-0.991624337,-0.129153181,0.365460331,0.120421946,-0.923004331,-0.0408363901,0.158261657,0.11211884
0.93040516,-0.04512048,0.36374493,0.00281069,-0.99148664,-0.13017758,0.36652194,0.12214027,-0.92235746,-0.04512947,0.10542345,0.16277391
0.93049978,-0.04119171,0.36396895,0.00675074,-0.9915594,-0.12947694,0.36623023,0.12293532,-0.92236772,-0.01681938,0.1732775,0.21451648
0.93339057,-0.03316089,0.35732674,0.01105266,-0.99259252,-0.12098647,0.35869191,0.11687704,-0.92610997,-0.1535015,0.04754722,0.21540114
0.93626545,-0.02450114,0.35043787,0.01670099,-0.99333234,-0.11406966,0.35089612,0.11265214,-0.92961355,-0.22986019,-0.13177645,0.15922341
0.9385454,-0.01734644,0.34471962,0.02218234,-0.99364,-0.11039479,0.34444224,0.11125721,-0.93219145,-0.23694432,-0.1077472,0.13239418
0.93931718,-0.01418657,0.3427564,0.02513318,-0.99361321,-0.11000229,0.34212795,0.1119416,-0.93296139,-0.22400551,-0.10462791,0.12735417
0.9403048,-0.0078432,0.34024309,0.03203192,-0.99325695,-0.11142058,0.33882272,0.11566795,-0.93371305,-0.19360454,-0.1384635,0.11340885
0.94081698,-0.00147852,0.33891182,0.03958662,-0.99266618,-0.11422276,0.33659517,0.12087909,-0.93385868,-0.15698874,-0.16336566,0.10505326
0.94120397,0.00607814,0.33778413,0.04899964,-0.99172164,-0.1186877,0.33426651,0.12826064,-0.93371016,-0.1170854,-0.20144069,0.0688609
0.94112281,0.0086841,0.33795332,0.0527505,-0.99119756,-0.12142812,0.33392401,0.13210598,-0.93329672,-0.08465742,-0.19702929,0.04659084
0.94093451,0.00916687,0.33846447,0.05387331,-0.99095186,-0.12292965,0.33427518,0.13390295,-0.93291465,-0.06920759,-0.20072311,0.03673259
0.9402336,0.00894088,0.34041273,0.0552668,-0.99040844,-0.12663621,0.3360154,0.13788114,-0.93170943,-0.02727464,-0.21314704,0.02504497
0.93923067,0.00714998,0.34321222,0.05542,-0.98982655,-0.13104112,0.33878367,0.14209865,-0.93007169,0.00755031,-0.20164841,0.02333354
0.9386844,0.00586167,0.34472778,0.05516842,-0.98952619,-0.13339645,0.3403352,0.14423525,-0.92917619,0.00739377,-0.21376836,0.02682479
0.93751991,0.00274279,0.34792083,0.05427575,-0.98888002,-0.13845766,0.34367219,0.14869048,-0.92724357,0.01902456,-0.20647669,0.03356044
0.93559446,-0.00364366,0.35305768,0.05113707,-0.98800495,-0.14570851,0.34935369,0.15437842,-0.92418562,0.05526485,-0.16348404,0.05358901
0.93432674,-0.00828179,0.35632141,0.04839082,-0.9875253,-0.14984031,0.35311735,0.15724249,-0.92227054,0.0816755,-0.11557657,0.06443156
0.93325298,-0.01279096,0.35899201,0.04535628,-0.98717167,-0.1530835,0.35634489,0.15914817,-0.92070074,0.10082519,-0.09300673,0.08302207
0.93325298,-0.01279096,0.35899201,0.04535628,-0.98717167,-0.1530835,0.35634489,0.15914817,-0.92070074,0.10082519,-0.09300673,0.08302207
0.93325298,-0.01279096,0.35899201,0.04535628,-0.98717167,-0.1530835,0.35634489,0.15914817,-0.92070074,0.10082519,-0.09300673,0.08302207
0.93243572,-0.02335791,0.36058013,0.03654835,-0.98669387,-0.1584283,0.35948274,0.16090282,-0.91917492,0.08656971,-0.04539168,0.10727662
0.93254422,-0.0258454,0.36012954,0.03430077,-0.98658145,-0.15962472,0.35942277,0.16120983,-0.91914429,0.09873068,0.00197828,0.11373358
0.93301193,-0.03127477,0.3584838,0.02932995,-0.98629211,-0.16238184,0.35864815,0.16201851,-0.91930503,0.11159445,0.07524073,0.12593815
0.93427413,-0.04112748,0.35417561,0.01989918,-0.98576264,-0.16696018,0.35599979,0.16303438,-0.92015412,0.12049448,0.17006755,0.13221577
0.93524032,-0.04930556,0.35056311,0.0118323,-0.98534661,-0.17015227,0.35381568,0.16328123,-0.92095247,0.08977629,0.13266683,0.1169536
0.9359884,-0.05865755,0.34710951,0.00265266,-0.98481688,-0.1735758,0.35202085,0.1633857,-0.92162157,0.07133891,0.10740244,0.08267687
0.93625437,-0.06387836,0.3454668,-0.0024495,-0.98449434,-0.17539901,0.35131433,0.16337187,-0.92189359,0.07663554,0.18636417,0.07179648
0.93658739,-0.07546901,0.34221119,-0.0137008,-0.98367437,-0.17943576,0.35016618,0.1633687,-0.922331,0.15084359,0.71141851,0.10745221
0.93705042,-0.08504174,0.33868039,-0.02333984,-0.98297569,-0.18224664,0.3484132,0.16286954,-0.92308264,0.00669082,0.37626314,0.05138564
0.93751215,-0.08698248,0.33690503,-0.02530054,-0.98272801,-0.18331741,0.34703146,0.16333842,-0.92352015,-0.02217329,0.29906404,0.02807045
0.93852201,-0.0892363,0.33348661,-0.02789667,-0.98245849,-0.18438317,0.34409041,0.1637445,-0.92454831,-0.12365273,0.1853739,-0.03178196
0.939816,-0.08738587,0.33031742,-0.02519247,-0.98183285,-0.18806768,0.34075097,0.1684275,-0.92494369,-0.2901758,-0.0920459,-0.1782189
0.93950823,-0.08555375,0.33166978,-0.02063085,-0.98068071,-0.19452497,0.34190445,0.17591518,-0.92312265,-0.26647842,0.04810762,-0.18880939
0.93820468,-0.08479206,0.33553283,-0.01598276,-0.97910258,-0.20273735,0.34571163,0.18484639,-0.91995383,-0.21707568,-0.01310146,-0.20651774
0.93741405,-0.08446256,0.33781797,-0.01364902,-0.97830399,-0.20672458,0.34794915,0.18917564,-0.91822874,-0.18473694,0.01359403,-0.20089422
0.93595595,-0.08407341,0.34193292,-0.01025386,-0.97717301,-0.21219691,0.35196778,0.19510082,-0.91545296,-0.15714204,0.07823884,-0.18828726
0.93482171,-0.08236728,0.34543304,-0.00728147,-0.9769704,-0.21324981,0.35504272,0.1968353,-0.91389288,-0.15785605,0.06650329,-0.17667678
0.93442275,-0.08030919,0.3469936,-0.00511221,-0.977171,-0.21239252,0.35612917,0.1966905,-0.91350136,-0.15780495,0.04474843,-0.17208259
0.93415849,-0.06482155,0.35092175,0.00782433,-0.97940725,-0.20174258,0.3567726,0.19120527,-0.91441441,-0.1006583,-0.11229748,-0.12290947
0.93440995,-0.06023206,0.35107,0.01124574,-0.98011964,-0.19808801,0.35602188,0.18904345,-0.91515618,-0.07876013,-0.14538479,-0.11353435
0.93527431,-0.05218993,0.35005453,0.01669806,-0.98145963,-0.19094047,0.35352954,0.18442695,-0.91706252,-0.05534229,-0.18241924,-0.09562328
0.93655193,-0.04629701,0.347458,0.01991542,-0.9826101,-0.18460863,0.34996264,0.17981534,-0.91934335,-0.03788143,-0.16001672,-0.0862928
0.93727638,-0.04413724,0.34578154,0.02079241,-0.98310649,-0.18184848,0.34796644,0.17763191,-0.92052477,-0.04019061,-0.16537893,-0.08198401
0.93874228,-0.04092969,0.34218078,0.02171812,-0.98392201,-0.17727277,0.34393495,0.17384496,-0.92276027,-0.0411692,-0.16845053,-0.09096804
0.93999534,-0.03928517,0.33891804,0.02133392,-0.98463735,-0.17330277,0.34051964,0.17013424,-0.9247164,-0.02869134,-0.15678906,-0.09714442
0.94123243,-0.03903497,0.33549632,0.01870033,-0.98575308,-0.16715591,0.33724147,0.16360646,-0.9270928,-0.01196619,-0.17394125,-0.10997047
0.94145943,-0.04026761,0.33471279,0.01577503,-0.98649154,-0.16305085,0.33675701,0.15878587,-0.92810654,0.01356081,-0.17188716,-0.10765879
0.94139518,-0.04133472,0.33476344,0.01387347,-0.9868783,-0.16086808,0.33702024,0.15608477,-0.92846901,0.02491551,-0.15527844,-0.1070216
0.94034902,-0.04620323,0.3370593,0.00593801,-0.98835527,-0.15204745,0.34015945,0.14497914,-0.92912455,0.04161462,-0.08316404,-0.09773894
0.93996019,-0.047261,0.33799594,0.00411352,-0.98872465,-0.14969013,0.34125934,0.14209312,-0.92916741,0.04756437,-0.08166879,-0.09281519
0.939105232,-0.0490783281,0.340106882,0.000760758057,-0.989449002,-0.144880722,0.343628862,0.136316984,-0.929159408,0.0528673939,-0.0969174504,-0.0977808088
0.93817996,-0.05081546,0.34239766,-0.00250099,-0.99013513,-0.14009381,0.34613887,0.13057687,-0.92905203,0.0610823,-0.08014828,-0.09335122
0.93670113,-0.05440779,0.34587683,-0.00822496,-0.9909995,-0.13361335,0.35003334,0.12231096,-0.92871786,0.08110034,-0.02672118,-0.09510919
0.93560858,-0.05782913,0.34827054,-0.01293068,-0.99144429,-0.12988841,0.35280218,0.11702134,-0.92835156,0.08042885,-0.01335216,-0.10301268
0.9333283,-0.06477631,0.35313213,-0.0211161,-0.99179036,-0.12611788,0.35840254,0.11025262,-0.92703383,0.07901409,0.06523108,-0.11297701
0.93123953,-0.0700927,0.35760306,-0.02676665,-0.99183307,-0.12470278,0.36342328,0.10655633,-0.92551031,0.05545506,0.04620802,-0.11782097
0.92993869,-0.07278321,0.36043952,-0.02937807,-0.9917878,-0.12447494,0.36653918,0.10516504,-0.92444008,0.04768724,0.03760111,-0.11722142
0.92676838,-0.07827027,0.36738822,-0.03429655,-0.99159634,-0.12473881,0.37406428,0.10300383,-0.92166452,0.01401979,0.01106346,-0.09262016
0.92058115,-0.086331,0.38089014,-0.04074744,-0.99117118,-0.12617149,0.38841986,0.1006308,-0.91597127,0.15944591,0.69179368,-0.01650274
0.91544444,-0.09263322,0.39163829,-0.04625452,-0.99091813,-0.12626062,0.39977742,0.09746954,-0.9114152,-0.00482601,0.4528873,-0.01256382
0.91022257,-0.09229229,0.40370408,-0.04395849,-0.99087467,-0.12741534,0.41177968,0.09823009,-0.90597351,-0.11315897,0.13779211,-0.0070048
0.90142971,-0.09155223,0.4231343,-0.03941386,-0.9906795,-0.13038442,0.43112758,0.10085503,-0.89663634,-0.04935181,0.40794337,0.10738488
0.89609599,-0.08897538,0.43485093,-0.03534675,-0.99089541,-0.12990942,0.44245062,0.10104074,-0.89108238,-0.12933324,0.17469728,0.16338059
0.89400303,-0.08534055,0.43985857,-0.03145366,-0.99122523,-0.12838683,0.44695553,0.10094305,-0.88884263,-0.14917225,0.06022704,0.18485881
0.89108191,-0.07647609,0.44735269,-0.02373668,-0.99220436,-0.12233881,0.45322135,0.09839523,-0.88595063,-0.14869708,0.11454546,0.21310613
0.88875683,-0.06399753,0.45388941,-0.01633555,-0.99399848,-0.1081654,0.4580878,0.0887182,-0.88446834,-0.26622632,0.01226842,0.19552121
0.88738638,-0.05529189,0.45769884,-0.01070534,-0.9949857,-0.09944283,0.46090218,0.08334439,-0.88352867,-0.3337217,-0.13059312,0.15401462
0.88523804,-0.04705484,0.46275199,-0.00384263,-0.99557539,-0.093884,0.46512235,0.0813315,-0.88150199,-0.35692623,-0.18021959,0.14581554
0.883797612,-0.0433170411,0.465859837,-0.000197854868,-0.995739193,-0.0922114628,0.467869335,0.0814040967,-0.880040464,-0.336395591,-0.159787893,0.147168487
0.88038773,-0.03701273,0.4728081,0.00666342,-0.99588608,-0.09036828,0.4742078,0.08270964,-0.87651925,-0.28619182,-0.12698823,0.1507107
0.87683534,-0.03301664,0.47965581,0.01155023,-0.99590485,-0.08966654,0.48065204,0.08416293,-0.87286321,-0.25881487,-0.1456756,0.13691308
0.87504259,-0.03211392,0.48297945,0.01299566,-0.99587839,-0.08976222,0.48387144,0.0848224,-0.87101866,-0.26008525,-0.17891681,0.11970976
0.86729382,-0.03522321,0.49654885,0.01289707,-0.9955687,-0.0931483,0.49762948,0.08719097,-0.8629963,-0.18739739,-0.0826925,0.08641932
0.8651562,-0.03704168,0.50013263,0.01198152,-0.99545703,-0.09445353,0.50135933,0.0877094,-0.86078199,-0.17243643,-0.04985482,0.0878363
0.86084921,-0.04042424,0.50725191,0.01015516,-0.99527622,-0.09655034,0.50875878,0.08826651,-0.85637222,-0.17426626,-0.03821677,0.07620937
0.85634211,-0.04302251,0.51461365,0.0088874,-0.99514788,-0.09798501,0.51633241,0.08848226,-0.85180462,-0.18311752,-0.08566844,0.07725549
0.85393427,-0.04417581,0.5185024,0.00832019,-0.99510373,-0.09848442,0.52031435,0.08841326,-0.84938562,-0.18158604,-0.08962852,0.07852854
0.84895134,-0.04678408,0.5263961,0.00650073,-0.99507382,-0.0989225,0.52843102,0.08740235,-0.84446511,-0.15904167,-0.04575258,0.08629715
0.84370301,-0.04954939,0.53451853,0.00410776,-0.99510572,-0.09872925,0.5367945,0.08549384,-0.83937014,-0.14476985,-0.03679591,0.10420686
0.84110553,-0.05081599,0.53847859,0.00292426,-0.9951348,-0.09847813,0.54086312,0.08440515,-0.83686477,-0.15187493,-0.05988848,0.10608637
0.835814519,-0.0534225174,0.546406559,0.000394443045,-0.995195784,-0.097904287,0.549011783,0.0820453511,-0.831778018,-0.196196541,-0.134778559,0.0794783384
0.83004836,-0.05645774,0.5548263,-0.00209562,-0.99517115,-0.09813099,0.55768746,0.08029075,-0.82615847,-0.21301901,-0.08027822,0.06151643
0.82684552,-0.05811556,0.55941849,-0.00327035,-0.99512703,-0.09854572,0.56241957,0.07965259,-0.82300636,-0.20234959,-0.01587456,0.07591252
