0,1,2,3,4,5,6,7,8,9,10,11,12
-0.0290572,0.13609399,-0.99026963,0.16877007,-0.97579683,-0.13905717,-0.98522697,-0.17116851,0.00538549,-0.00292192,-0.00282454,0.0036535,
-0.02912032,0.13610307,-0.99026654,0.168597,-0.97582409,-0.13907596,-0.98525475,-0.17100593,0.00546988,,,,
-0.02905924,0.13605158,-0.99027543,0.16860585,-0.97583131,-0.13901483,-0.98525506,-0.17100591,0.00541793,0.00220013,-0.00591147,-0.00279583,
-0.02894084,0.13607266,-0.99027594,0.1685029,-0.97584897,-0.1390148,-0.98527609,-0.17088761,0.00531347,0.0043253,0.00447381,-0.00224732,
-0.02876139,0.13604224,-0.99028533,0.16840879,-0.97587389,-0.13895367,-0.98529742,-0.17076929,0.00515704,-0.00244047,0.00395632,0.00194721,
-0.02870223,0.136105,-0.99027842,0.16840928,-0.97586643,-0.13900541,-0.98529905,-0.17076188,0.00508846,-0.00411239,0.00557923,0.00667703,
-0.02840049,0.13618053,-0.99027671,0.16854073,-0.97584034,-0.13902896,-0.9852853,-0.1708505,0.00476268,0.00172942,-0.00429583,0.00629657,
-0.028041555,0.136224082,-0.990281044,0.16845635,-0.975857774,-0.139010159,-0.985310106,-0.170717209,0.00441687967,0.00511170784,-0.000894904137,-0.00986909587,
-0.0280435588,0.136233825,-0.99027967,0.168344071,-0.97587585,-0.139019594,-0.985329262,-0.170606327,0.00443295226,0.00588830933,-8.41617584e-05,-0.0103447121,
-0.0283435,0.1360963,-0.99029003,0.168273,-0.97590015,-0.13893492,-0.98533281,-0.17057699,0.00475919,0.00220046,0.00561237,0.00139449,
-0.0283435,0.1360963,-0.99029003,0.168273,-0.97590015,-0.13893492,-0.98533281,-0.17057699,0.00475919,0.00220046,0.00561237,0.00139449,
-0.0282250814,0.136169601,-0.990283386,0.168221983,-0.975901667,-0.1389867,-0.98534497,-0.170510345,0.00463818304,-0.000919344136,-0.00555109978,-0.00218333886,
-0.02810873,0.13635704,-0.99026094,0.16816266,-0.97588851,-0.1391513,-0.98535846,-0.17043627,0.00450075,,,,
-0.02817154,0.13647047,-0.9902434,0.16809347,-0.97588275,-0.13927349,-0.98536834,-0.17037703,0.0045525,0.00108544,-0.0075292,-0.00118506,
-0.02823276,0.13652197,-0.99023462,0.16808464,-0.97587565,-0.13933462,-0.98536815,-0.17037704,0.00460449,,,,
-0.02829575,0.1366354,-0.99021715,0.16801545,-0.97587007,-0.13945682,-0.98537813,-0.17031783,0.00465622,-0.0013044,-0.00287819,0.0045504,
-0.0281772889,0.136760849,-0.990203181,0.16801646,-0.975855043,-0.139560285,-0.985381316,-0.170302889,0.00451904367,-0.00440445961,0.003895998,0.000564952497,
-0.02805714,0.13671983,-0.99021234,0.16797382,-0.97587129,-0.13949919,-0.9853921,-0.1702437,0.00441481,,,,
-0.0280552,0.13665789,-0.99022093,0.16803417,-0.9758696,-0.1394381,-0.98538185,-0.17030292,0.00441506,0.00213562,-0.0039047,0.00486663,
-0.02811435,0.13659519,-0.99022788,0.16803368,-0.97587702,-0.13938638,-0.98538022,-0.17031041,0.00448364,0.00449302,-0.00808442,0.00143583,
-0.02817544,0.13659442,-0.99022624,0.16797284,-0.97588613,-0.13939575,-0.98538884,-0.17025867,0.00455198,,,,
-0.02835495,0.13652044,-0.99023132,0.16796296,-0.97589389,-0.13935336,-0.98538538,-0.17027356,0.00474115,0.00850352,-0.00300014,0.00266847,
-0.02847911,0.13658094,-0.99021935,0.1677809,-0.97591368,-0.13943324,-0.98541275,-0.17011086,0.0048777,0.01036092,-0.00735354,-0.00680047,
-0.02872536,0.13674438,-0.99018969,0.16758109,-0.97591916,-0.13963518,-0.98543961,-0.16994817,0.00511806,0.01257856,-0.00477523,-0.00403305,
-0.0293933994,0.136925592,-0.990145096,0.167343965,-0.9759183,-0.139925971,-0.985460261,-0.169807722,0.00577198271,0.00489347428,-0.000295758247,0.00578848179,
-0.0297578,0.13706795,-0.99011453,0.16724676,-0.97590608,-0.14012757,-0.98546585,-0.16976334,0.00611671,0.00628112,0.0030973,0.00213581,
-0.03066739,0.13728835,-0.99005625,0.16692949,-0.97590728,-0.14049707,-0.98549176,-0.16957827,0.0070111,0.00758929,0.00244057,0.00326806,
-0.0316338439,0.137435954,-0.990005214,0.16672352,-0.975897844,-0.140804922,-0.985495933,-0.169511406,0.00795792071,0.0345587283,-0.00390148163,-2.79862434e-07,
-0.03223803,0.13745108,-0.98998375,0.16650255,-0.97591916,-0.14092036,-0.98551384,-0.16937782,0.00857584,0.05175589,-0.00949311,-0.01675439,
-0.03520238,0.13814943,-0.98978553,0.16546331,-0.97592485,-0.14209966,-0.98558741,-0.16877546,0.01149635,0.06770989,-0.01304227,-0.00121262,
-0.03960729,0.13945345,-0.98943617,0.16418027,-0.97584677,-0.1441103,-0.98563484,-0.16815373,0.01575521,0.09424948,-0.05505115,0.04890347,
-0.04118765,0.14078383,-0.98918323,0.16331264,-0.9757603,-0.14567346,-0.98571422,-0.16754608,0.01719753,0.10045962,-0.06864274,0.01934039,
-0.05125363,0.14988296,-0.98737431,0.15711778,-0.97515153,-0.15618339,-0.98624892,-0.16313904,0.0264309,0.1292392,-0.04854834,0.00184851,
-0.07052336,0.16798981,-0.98326284,0.14360089,-0.97373972,-0.1766624,-0.98711963,-0.15365625,0.04454798,-0.14841418,0.02712727,0.0214885,
-0.07299838,0.17245666,-0.98230855,0.13979843,-0.97344285,-0.181289,-0.98748559,-0.15055897,0.04695042,-0.12892084,0.02613294,-0.03449821,
-0.07701606,0.17443506,-0.98165215,0.13633128,-0.97348625,-0.18367996,-0.98766508,-0.1479762,0.05119311,-0.10262237,0.0284971,0.05643331,
-0.08253372,0.17528803,-0.98105157,0.13180549,-0.97384257,-0.18508849,-0.98783368,-0.14458404,0.05727104,-0.0103429,0.00217414,0.05015432,
-0.08548694,0.1755781,-0.98074679,0.12812852,-0.97423945,-0.18558147,-0.9880663,-0.14152644,0.06078824,0.01750223,-0.01041067,0.00581548,
-0.09053073,0.17593738,-0.98022965,0.12237151,-0.97484738,-0.18627317,-0.98834677,-0.13681563,0.06672398,0.03505391,-0.02823144,0.01672359,
-0.09335106,0.17713546,-0.97974928,0.1179968,-0.97514283,-0.18754542,-0.9886164,-0.13311484,0.07012916,0.04119976,-0.00542283,0.02172268,
-0.09494715,0.17789641,-0.979458,0.11561229,-0.97527458,-0.18834386,-0.98874613,-0.13112009,0.07203246,0.02175427,0.01155162,0.03072486,
-0.09909954,0.17918592,-0.97881133,0.11037202,-0.9756044,-0.18977345,-0.98893743,-0.12683985,0.07690489,-0.00763276,-0.02638626,0.06458922,
-0.10384655,0.18049297,-0.97807866,0.10478253,-0.9759374,-0.19122305,-0.98905824,-0.12234346,0.08243553,-0.04426793,0.01014543,0.00906429,
-0.10713884,0.18088079,-0.97765197,0.10192972,-0.97613245,-0.19176992,-0.98900534,-0.1201978,0.08614461,-0.03731292,-0.004857,-0.00967046,
-0.11617928,0.18080277,-0.97663336,0.0958134,-0.97666594,-0.19220667,-0.98859605,-0.115905,0.09614504,-0.02003483,0.00674105,0.02238866,
-0.12564454,0.18015667,-0.97558044,0.08982991,-0.97726788,-0.19203741,-0.9880001,-0.11176473,0.10660475,0.0095293,-0.00319213,0.05769381,
-0.12935083,0.17985503,-0.97515146,0.08672399,-0.97759294,-0.19180903,-0.98779914,-0.1093797,0.11085488,-0.00465939,-0.00971073,0.05088876,
-0.1346378,0.17998237,-0.97441214,0.08014885,-0.97816567,-0.19175012,-0.98764814,-0.10391483,0.11727268,0.00211153,-0.00387245,0.00747584,
-0.14019194,0.17994351,-0.97363574,0.07381399,-0.97871113,-0.19150986,-0.98736909,-0.09871607,0.12392506,0.00781346,0.06142926,-0.07929077,
-0.14476169,0.17938083,-0.97307066,0.07061711,-0.97904879,-0.19098844,-0.98694337,-0.09636325,0.12906147,0.00367252,0.06358337,-0.09270849,
-0.15648315,0.17747799,-0.97160407,0.06432658,-0.97980294,-0.18933586,-0.98558358,-0.09212786,0.14190622,0.01575226,0.01770389,-0.00734558,
-0.16566806,0.17633364,-0.97028898,0.05889529,-0.98035963,-0.18821963,-0.98442146,-0.08832742,0.15202889,0.02889388,-0.00544125,0.03074508,
-0.16849687,0.17643766,-0.96978281,0.05654871,-0.98049913,-0.1882125,-0.98407885,-0.08655317,0.15523357,0.02687295,0.03135574,0.01965319,
-0.17097684,0.17719133,-0.96921114,0.05262715,-0.98064941,-0.18856633,-0.98386858,-0.08324728,0.15834318,0.03099571,0.01262641,0.0632459,
-0.16867532,0.17935224,-0.96921679,0.0493973,-0.98053211,-0.19004289,-0.98443299,-0.07993226,0.15653228,0.01640691,0.00312567,0.02970881,
-0.16578424,0.180829,-0.96944126,0.04809006,-0.98039259,-0.19109564,-0.98498875,-0.07830114,0.15383766,0.03566042,0.00982594,0.01535236,
-0.1570933,0.18474769,-0.97014944,0.04606217,-0.97990671,-0.1940645,-0.98650896,-0.07517342,0.14542695,0.0536774,0.00547099,-0.03765798,
-0.14702103,0.18976728,-0.97075899,0.04483612,-0.97913636,-0.19819535,-0.98811657,-0.07266397,0.13544539,0.03577526,-0.01495707,-0.07174725,
-0.14259353,0.19224441,-0.97093204,0.04443674,-0.97872352,-0.20031323,-0.98878325,-0.07170844,0.13101707,0.05037936,-0.03979826,-0.07120159,
-0.13520881,0.19743628,-0.97094655,0.04362625,-0.97780849,-0.2049068,-0.98985607,-0.070064,0.1235952,0.05659154,-0.01612723,-0.02346953,
-0.12848876,0.20340907,-0.97062633,0.04244423,-0.97671442,-0.21030355,-0.99080231,-0.06821912,0.1168632,0.07914753,-0.02466238,0.03562057,
-0.12440583,0.20703653,-0.97039124,0.04189975,-0.97602034,-0.21360913,-0.9913464,-0.06723336,0.11274775,0.05800151,-0.03005946,0.00378943,
-0.11801781,0.21449448,-0.96956897,0.04022481,-0.9745585,-0.22049453,-0.99219647,-0.065023,0.10638718,0.01799142,-0.00641316,-0.05306636,
-0.11536684,0.22153419,-0.9683041,0.03813573,-0.97310638,-0.22717653,-0.9925905,-0.06313566,0.1038161,0.03126342,-0.01614815,-0.04256736,
-0.11473752,0.22513736,-0.96754752,0.03709645,-0.97232933,-0.23064919,-0.99270282,-0.06235673,0.10321113,0.03616549,-0.02780789,-0.03364817,
-0.11337905,0.23297008,-0.96585202,0.0349088,-0.97058614,-0.23820984,-0.99293835,-0.06072474,0.10191143,0.0401422,-0.02575475,0.00389209,
-0.11143181,0.24188612,-0.96388486,0.03242822,-0.96852387,-0.24679921,-0.99324283,-0.05875836,0.10008047,0.04507203,-0.03146923,-0.01380143,
-0.11046692,0.24670134,-0.96277483,0.03101889,-0.96737575,-0.25143934,-0.99339557,-0.05763995,0.09921076,0.05165461,-0.01510018,-0.03520758,
-0.11024823,0.25631112,-0.96028639,0.02796503,-0.96499366,-0.26077814,-0.9935106,-0.05560476,0.09922107,0.04298037,-0.00481856,-0.0182701,
-0.11143206,0.26613483,-0.95747325,0.02441462,-0.96244972,-0.27035949,-0.99347205,-0.05350308,0.10075029,0.02795197,-0.04074717,0.09362739,
-0.11082718,0.27153769,-0.95602532,0.02257306,-0.96101524,-0.27557178,-0.9935832,-0.05212129,0.10037738,0.01789487,-0.06145078,0.0803318,
-0.10692384,0.2837008,-0.9529328,0.01929787,-0.95765447,-0.28727186,-0.99407981,-0.04910582,0.09692149,0.03978861,0.01500404,-0.00677752,
-0.10244031,0.29655405,-0.94950602,0.01600305,-0.9539128,-0.29965693,-0.99461042,-0.04589194,0.09297335,0.11158261,-0.0173654,0.00270826,
-0.10003796,0.30347549,-0.94757326,0.01432171,-0.95181278,-0.30634524,-0.99488057,-0.04421701,0.09087107,0.11769016,-0.02566755,-0.01849481,
-0.09560472,0.3184862,-0.94309393,0.01080997,-0.94704567,-0.32091657,-0.99536062,-0.04087598,0.08709932,0.11443561,-0.01134795,-0.07271124,
-0.09336138,0.33442311,-0.93778726,0.0070476,-0.94165568,-0.33650423,-0.9956074,-0.03802563,0.08555729,0.13373949,0.02699518,0.0388247,
-0.09143586,0.3430256,-0.93486528,0.00536217,-0.93861479,-0.34492582,-0.99579661,-0.03655146,0.08398353,0.13392282,0.03877521,0.10197476,
-0.08402538,0.36213475,-0.92833077,0.00262562,-0.93154161,-0.36362495,-0.99646009,-0.03299119,0.07732244,0.13663593,0.08234084,0.05413751,
-0.0774946607,0.382534969,-0.92068535,0.000440836365,-0.923449153,-0.383720417,-0.996992639,-0.0301421669,0.0713938024,0.197373331,0.0789147615,0.148835868,
-0.0738978473,0.393653144,-0.91628392,-0.00038222118,-0.918807151,-0.394706364,-0.997265698,-0.0288177451,0.0680484186,0.232465595,0.0810652971,0.095441103,
-0.06793747,0.41787941,-0.90595865,-0.001942,-0.90811021,-0.41872625,-0.99768758,-0.02668788,0.06250644,0.33641961,0.11485922,0.01859718,
-0.06578777,0.44397451,-0.89362106,-0.00514683,-0.89570025,-0.4446286,-0.99782037,-0.02465181,0.06121118,0.38717607,0.13867414,-0.00358029,
-0.06565329,0.45789,-0.88658136,-0.00728062,-0.88869452,-0.4584422,-0.99781599,-0.02364335,0.06167933,0.4539372,0.12766719,0.00640993,
-0.06719437,0.48765811,-0.8704449,-0.0123048,-0.87275525,-0.48800263,-0.99766394,-0.02208042,0.06464493,0.58359152,0.13945174,0.12050203,
-0.0694014,0.52019104,-0.8512254,-0.01945811,-0.85382634,-0.52019407,-0.997399,-0.01953897,0.06937873,0.69406146,0.01239991,0.12772553,
-0.0708229935,0.537588685,-0.840227624,-0.0246336557,-0.84302853,-0.537304378,-0.997184655,-0.0173556394,0.0729486247,0.769389272,0.000555157661,0.228266761,
-0.07156929,0.57524735,-0.81484248,-0.03573682,-0.81789173,-0.57426118,-0.99679519,-0.0119796,0.07909349,1.06775987,-0.00974059,0.26181132,
-0.06465935,0.61564589,-0.78536564,-0.04628968,-0.78801573,-0.61391228,-0.99683315,-0.00334087,0.07945074,1.21586561,0.04841256,0.24595034,
-0.02838714,0.67635651,-0.73602712,-0.04845484,-0.73638926,-0.67482054,-0.99842184,0.01650781,0.05367684,1.0600301,-0.01785862,-0.11680475,
-0.00265381,0.71756849,-0.69648291,-0.05106782,-0.69567384,-0.71654033,-0.99869168,0.03366631,0.03849082,0.48721123,0.14952374,-0.3479262,
0.00455609,0.73739432,-0.67544713,-0.05722033,-0.67415517,-0.73636986,-0.99835116,0.04200426,0.03912246,0.40685841,0.24683416,-0.56039774,
0.0036984,0.77204748,-0.63555402,-0.07971125,-0.63330834,-0.76978341,-0.99681109,0.05350774,0.05919872,0.66366607,0.55523825,-0.0538613,
0.00147964,0.79844804,-0.60206177,-0.09981463,-0.59893775,-0.7945504,-0.99500487,0.06127016,0.07881073,0.22869246,0.47463524,-0.02632914,
0.00251685,0.80984966,-0.58663188,-0.10768266,-0.58300303,-0.80530214,-0.99418201,0.06519682,0.08573964,0.23489739,0.23185778,0.14904721,
0.01364438,0.82954557,-0.55827224,-0.11011156,-0.55368196,-0.82541602,-0.99382553,0.07273448,0.08378798,0.3417564,-0.07018387,0.23904182,
0.03065332,0.84229052,-0.53815146,-0.10399861,-0.53279449,-0.83982988,-0.99410492,0.08171055,0.07126518,0.45770985,-0.21461344,-0.1258688,
0.03918747,0.84449928,-0.53412104,-0.10159929,-0.52839389,-0.84289824,-0.99405327,0.08729737,0.06509412,0.42552799,-0.28863126,-0.14847803,
0.05095321,0.84026341,-0.53977884,-0.09673188,-0.53378744,-0.84006783,-0.9940054,0.09501799,0.05408206,0.37069547,-0.33394206,-0.26893267,
0.0422044,0.81239689,-0.58157529,-0.09486604,-0.57620545,-0.81178032,-0.99459487,0.08943234,0.05275069,0.00745732,-0.2885381,-0.30512697,
0.02262842,0.78138614,-0.62363731,-0.09530969,-0.61926969,-0.77937209,-0.99519036,0.07707458,0.06046071,-0.01827939,-0.2036618,-0.04759507,
-0.01866224,0.71344636,-0.70046129,-0.08791051,-0.69904086,-0.70965741,-0.99595355,0.04833411,0.07576509,0.01430976,-0.23890066,0.14302486,
-0.05055724,0.65213327,-0.75641658,-0.07707122,-0.7576741,-0.64806619,-0.99574288,0.02553348,0.08856672,-0.05607971,-0.2334469,0.07160719,
-0.08658513,0.53936899,-0.83760607,-0.03772034,-0.84193555,-0.53825774,-0.99553001,-0.01501038,0.09324445,-0.14526978,-0.11884344,0.09516381,
-0.09836342,0.45158649,-0.88678863,0.00224489,-0.89100697,-0.45398368,-0.99514793,-0.04664617,0.08662892,-0.22276878,0.00844896,0.12472547,
-0.09954793,0.35476361,-0.92964126,0.05117452,-0.93122022,-0.36084606,-0.99371589,-0.08349545,0.07454629,-0.35946888,0.07612014,0.10795245,
-0.09686986,0.3029897,-0.94805779,0.07844301,-0.94725042,-0.31074674,-0.9922011,-0.10447048,0.06799249,-0.41156441,0.13162303,0.08936925,
-0.0849737,0.19436878,-0.9772412,0.1337941,-0.96968019,-0.20449866,-0.98735948,-0.14812609,0.0563918,-0.60790521,0.23768997,-0.02551404,
-0.06898798,0.08071625,-0.99434674,0.18441454,-0.97851188,-0.09222559,-0.98042431,-0.18973447,0.05262042,-0.5785892,0.25108325,-0.08654197,
-0.04983069,-0.0858195,-0.9950638,0.25244446,-0.96503329,0.07058763,-0.96632745,-0.24768091,0.06975289,-0.98079687,0.29983866,-0.00288874,
-0.03342741,-0.18119822,-0.9828783,0.29190189,-0.94231889,0.1637934,-0.95586392,-0.28142885,0.08439144,-0.71343482,0.20383739,0.23944429,
-0.02294743,-0.2208962,-0.97502734,0.30672362,-0.92980434,0.20343197,-0.95152198,-0.29439567,0.08909066,-0.83371943,-0.06789064,0.27219236,
0.0013581,-0.28368168,-0.95891752,0.32510361,-0.90670304,0.26869523,-0.9456774,-0.31211247,0.09099461,-0.53477412,-0.73004878,0.22389886,
0.03171828,-0.31144833,-0.94973349,0.317098,-0.89798735,0.30506923,-0.94786214,-0.31083487,0.07027721,-0.33969447,-0.94917613,-0.40980047,
0.03254864,-0.28871587,-0.95686136,0.29713604,-0.91128699,0.28507201,-0.95428019,-0.2935967,0.05612682,-0.69688964,-0.59883475,-0.59963328,
-0.00738138,-0.25439451,-0.96707239,0.29026124,-0.92600545,0.24137611,-0.95691901,-0.27892194,0.080676,0.12918261,0.50298262,-0.36409867,
-0.00738138,-0.25439451,-0.96707239,0.29026124,-0.92600545,0.24137611,-0.95691901,-0.27892194,0.080676,0.12918261,0.50298262,-0.36409867,
-0.00738138,-0.25439451,-0.96707239,0.29026124,-0.92600545,0.24137611,-0.95691901,-0.27892194,0.080676,0.12918261,0.50298262,-0.36409867,
-0.1390031,-0.22417278,-0.96458529,0.28090446,-0.9429587,0.17866651,-0.94961619,-0.2461211,0.19404523,-0.05629773,-0.66842204,0.95893759,
-0.14736695,-0.20498638,-0.96760703,0.27372088,-0.94853231,0.15925761,-0.95045234,-0.24138494,0.19589157,-0.67090124,-0.18604481,0.26607627,
-0.15780695,-0.16375295,-0.97379776,0.25056347,-0.96051945,0.1209155,-0.95515185,-0.22491683,0.19260702,-0.58994746,-0.19124091,-0.33859947,
-0.1802476,-0.12647078,-0.9754568,0.22122962,-0.97150353,0.08507881,-0.95841968,-0.20046468,0.20309023,-0.71312141,0.20275033,-0.44824761,
-0.19631612,-0.11251066,-0.97406437,0.21236693,-0.97469523,0.0697824,-0.95726711,-0.19315965,0.21524187,-0.42062694,0.10630059,-0.06411663,
-0.21459755,-0.08425552,-0.97306154,0.19897263,-0.97915102,0.04090166,-0.9562205,-0.18483522,0.2268881,-0.13633572,-0.15056014,0.17307009,
-0.20023676,-0.04927103,-0.97850788,0.1789071,-0.98378111,0.01292594,-0.96327439,-0.17247376,0.20580401,-0.2858595,-0.04823256,0.02681794,
-0.189020919,-0.0321345127,-0.981447098,0.167776236,-0.985825053,-3.48608778e-05,-0.967534065,-0.164670093,0.191733024,-0.334692955,0.0178000927,-0.0224903524,
-0.17356905,-0.00295204,-0.98481718,0.15113036,-0.98823016,-0.02367371,-0.97315631,-0.15294481,0.1719725,-0.28528789,0.08946013,-0.25749773,
-0.18129535,0.01701719,-0.98328132,0.14191732,-0.98893163,-0.04328142,-0.97313474,-0.14739139,0.17687392,-0.19264202,0.0573312,-0.17209341,
-0.19357347,0.02428724,-0.98078519,0.1383176,-0.98903297,-0.05179063,-0.97128662,-0.14568514,0.18809104,-0.14171767,0.13133812,-0.04008324,
-0.21735857,0.03682282,-0.97539703,0.1308204,-0.98917364,-0.06649507,-0.96728554,-0.1420551,0.21018816,-0.01197702,-0.07064754,0.31734177,
-0.21536783,0.05387895,-0.97504547,0.12183144,-0.98919318,-0.08157083,-0.96890335,-0.13635893,0.20647633,-0.02376755,-0.07870626,0.24108303,
-0.20597936,0.06416949,-0.9764499,0.11729296,-0.98903419,-0.08973915,-0.97150115,-0.13301514,0.19619437,-0.02754937,-0.08836526,0.12335248,
-0.20597936,0.06416949,-0.9764499,0.11729296,-0.98903419,-0.08973915,-0.97150115,-0.13301514,0.19619437,-0.02754937,-0.08836526,0.12335248,
-0.17677203,0.10324768,-0.97882149,0.10041594,-0.98740179,-0.12228755,-0.97911605,-0.11990631,0.16417736,-0.03081633,0.08662939,-0.2365651,
-0.18231726,0.10995137,-0.97707274,0.09622328,-0.98696262,-0.1290191,-0.97852007,-0.11753955,0.1693604,0.05488195,0.04808557,-0.11828035,
-0.19461472,0.12346535,-0.97307824,0.08725225,-0.98593465,-0.14254697,-0.9769913,-0.11264502,0.18110493,0.19214381,-0.10602874,0.13202308,
-0.1925458,0.14221851,-0.97092734,0.07830651,-0.98405948,-0.15967114,-0.97815853,-0.10677395,0.17833999,0.07922236,-0.06160694,0.0505283,
-0.18768311,0.15309252,-0.97022563,0.0738741,-0.98278101,-0.16936404,-0.97944765,-0.10346131,0.17314179,0.02940376,-0.002891,-0.01238545,
-0.17922066,0.17474165,-0.96816595,0.06514683,-0.97983169,-0.18890673,-0.98164956,-0.09692894,0.16422221,0.03399039,0.02851248,-0.03197499,
-0.17645011,0.20523893,-0.96267447,0.05113019,-0.9747884,-0.21719333,-0.9829806,-0.08754554,0.16150781,0.08960662,-0.05881411,0.0697766,
-0.1735814,0.22714161,-0.95826728,0.0411916,-0.97051241,-0.2375056,-0.98395769,-0.08069912,0.15910659,0.11558764,-0.03694844,0.06224163,
-0.16579642,0.25145265,-0.95356323,0.03156419,-0.96509714,-0.25998223,-0.98565459,-0.07320261,0.15207302,0.12701696,0.00510883,-0.04030765,
-0.16174788,0.26420986,-0.95080539,0.0266203,-0.96197377,-0.27184188,-0.98647306,-0.06928055,0.14856376,0.14701661,-0.03711712,0.00906123,
-0.15210889,0.29156128,-0.94438068,0.01693593,-0.95458993,-0.29744104,-0.98821861,-0.06123739,0.14026379,0.1941621,-0.02267569,0.09220263,
-0.13935274,0.32191898,-0.93645554,0.00817135,-0.94527673,-0.32616734,-0.99020909,-0.05310441,0.12909639,0.23237333,0.04882634,0.07701242,
-0.1236669,0.37128056,-0.92024847,-0.00667888,-0.92765755,-0.37337227,-0.99230131,-0.04002756,0.11720027,0.36838508,0.07197118,-0.03251913,
-0.1233615,0.40694871,-0.90508264,-0.01935387,-0.91286216,-0.4078087,-0.992173,-0.03279106,0.12048817,0.44459254,0.0570209,-0.01064835,
-0.12563852,0.42600054,-0.89595664,-0.02659567,-0.90423445,-0.42620697,-0.99171943,-0.02971949,0.12493664,0.51793534,0.07321823,0.02719395,
-0.13066153,0.46753123,-0.87426659,-0.0432233,-0.88367429,-0.46610235,-0.99048436,-0.02311297,0.13567053,0.67252004,0.08628368,0.10711066,
-0.13191108,0.51462926,-0.84720488,-0.06120753,-0.85727118,-0.51121388,-0.98937001,-0.01557948,0.14458283,0.95787066,0.16950345,0.06891221,
-0.13214985,0.53986415,-0.83131404,-0.07111743,-0.84167192,-0.5352855,-0.9886752,-0.01161699,0.14962064,1.15592289,0.21872878,0.27536476,
-0.1270721,0.59249158,-0.7954913,-0.09069812,-0.80557349,-0.58551276,-0.98773809,-0.00225277,0.15610379,1.47272742,0.19710565,0.53183341,
-0.07303793,0.67244285,-0.73653644,-0.09354528,-0.73987208,-0.66621195,-0.99293232,0.02024072,0.11694271,1.9812119,-0.02796412,0.57376873,
0.00604345,0.72608843,-0.68757483,-0.05850003,-0.68615311,-0.72510122,-0.99826915,0.04460529,0.0383294,0.56216663,-0.03012544,-0.33224893,
0.0654449,0.77778316,-0.62511619,-0.03132257,-0.62454922,-0.78035701,-0.99736442,0.07065061,-0.01651134,0.46379226,0.60103333,-0.7394731,
0.08158713,0.799349,-0.59530215,-0.02916839,-0.5951225,-0.8031054,-0.99623927,0.08288704,-0.02523856,0.88955116,1.16066933,-0.24604595,
0.09454686,0.82656958,-0.55483652,-0.02898904,-0.55481085,-0.83147126,-0.99509822,0.09469715,-0.02849412,0.35462648,0.48168492,-0.50320238,
0.0898407,0.84373135,-0.52919392,-0.0408202,-0.5277768,-0.8484018,-0.99511935,0.09782288,-0.01297468,0.17514166,-0.04789615,0.36327174,
0.09367349,0.85076246,-0.51713488,-0.03916523,-0.51586785,-0.8557724,-0.99483231,0.10041689,-0.01500281,0.24511628,-0.03411335,0.35151476,
0.10518316,0.85882074,-0.50136159,-0.03451063,-0.50070221,-0.86493139,-0.99385387,0.10827852,-0.02302699,0.34979692,-0.39911479,-0.07990261,
0.11922988,0.85673495,-0.50178629,-0.03142197,-0.50188227,-0.86436501,-0.99236934,0.11882525,-0.03291907,0.32610992,-0.30733466,-0.32783031,
0.11922988,0.85673495,-0.50178629,-0.03142197,-0.50188227,-0.86436501,-0.99236934,0.11882525,-0.03291907,0.32610992,-0.30733466,-0.32783031,
0.11440242,0.82689524,-0.55059627,-0.05563128,-0.54803292,-0.83460465,-0.99187557,0.12611113,-0.01669497,0.17436467,-0.45105469,-0.25174513,
0.0940681,0.79017579,-0.6056182,-0.07689882,-0.60073127,-0.79574398,-0.99259143,0.12142544,0.00425395,-0.17506811,-0.34809011,-0.17628627,
0.08183253,0.76863507,-0.6344316,-0.08055146,-0.62938322,-0.77290882,-0.99338552,0.11435344,0.01041074,-0.16662884,-0.40058219,-0.10459469,
0.05077012,0.71771096,-0.69448778,-0.08114341,-0.69012115,-0.7191303,-0.99540848,0.09286341,0.02320006,-0.12681007,-0.21007061,0.06816521,
0.01260607,0.65402496,-0.75636794,-0.07428096,-0.75372546,-0.65297803,-0.99715769,0.06441523,0.03908006,-0.15670168,-0.28983086,0.26982424,
-0.03372794,0.53795206,-0.84230037,-0.03641984,-0.84288163,-0.53686497,-0.99876721,0.01256907,0.04802087,-0.20466343,-0.31468248,0.08368483,
-0.03372794,0.53795206,-0.84230037,-0.03641984,-0.84288163,-0.53686497,-0.99876721,0.01256907,0.04802087,-0.20466343,-0.31468248,0.08368483,
-0.05041155,0.39990495,-0.9151691,0.03233806,-0.91520003,-0.40169983,-0.99820474,-0.04984516,0.03320471,-0.3765994,0.09922171,-0.26507539,
-0.06237467,0.29118824,-0.95463013,0.08468537,-0.95149902,-0.29576645,-0.99445345,-0.09929157,0.03469016,-0.62879002,0.23847294,-0.25902882,
-0.09095426,0.11053358,-0.98970179,0.16803894,-0.97786712,-0.12465473,-0.98157538,-0.17764632,0.07036725,-0.66626585,0.33004951,0.03198961,
-0.09556061,-0.00784584,-0.99539261,0.22475191,-0.97431676,-0.01389714,-0.96971882,-0.22504443,0.09486983,-0.92173964,0.25340462,0.16641137,
-0.07104307,-0.16389204,-0.98391677,0.297117,-0.94510963,0.13597475,-0.95219446,-0.28267834,0.11583868,-0.91944098,0.28139758,0.34932825,
-0.07104307,-0.16389204,-0.98391677,0.297117,-0.94510963,0.13597475,-0.95219446,-0.28267834,0.11583868,-0.91944098,0.28139758,0.34932825,
-0.00130828,-0.29126347,-0.95664203,0.3144574,-0.90823365,0.2760948,-0.94927073,-0.30046196,0.09277809,-0.38918927,-1.06776047,-0.30788255,
-0.03364254,-0.2550248,-0.96634906,0.2904084,-0.92767201,0.23470741,-0.95631121,-0.27273973,0.1052706,0.56304753,0.83993077,0.39372969,
-0.10884742,-0.2345274,-0.96599645,0.28778472,-0.93759027,0.1952036,-0.95148946,-0.25675161,0.16954768,-0.81534779,0.17551768,0.18365411,
-0.1480994,-0.20902962,-0.96662967,0.27490172,-0.94758993,0.16279407,-0.94999755,-0.24161846,0.19780037,-0.43074006,-0.44023538,0.34683236,
-0.1480994,-0.20902962,-0.96662967,0.27490172,-0.94758993,0.16279407,-0.94999755,-0.24161846,0.19780037,-0.43074006,-0.44023538,0.34683236,
-0.1480994,-0.20902962,-0.96662967,0.27490172,-0.94758993,0.16279407,-0.94999755,-0.24161846,0.19780037,-0.43074006,-0.44023538,0.34683236,
-0.1480994,-0.20902962,-0.96662967,0.27490172,-0.94758993,0.16279407,-0.94999755,-0.24161846,0.19780037,-0.43074006,-0.44023538,0.34683236,
-0.1480994,-0.20902962,-0.96662967,0.27490172,-0.94758993,0.16279407,-0.94999755,-0.24161846,0.19780037,-0.43074006,-0.44023538,0.34683236,
-0.14923353,-0.01917211,-0.98861607,0.16509719,-0.98626023,-0.00579532,-0.97492165,-0.1640826,0.15034841,-0.32183188,0.06095731,-0.3038727,
-0.14923353,-0.01917211,-0.98861607,0.16509719,-0.98626023,-0.00579532,-0.97492165,-0.1640826,0.15034841,-0.32183188,0.06095731,-0.3038727,
-0.16736542,0.03252724,-0.98535817,0.13712165,-0.9889735,-0.05593703,-0.97631266,-0.14447587,0.16105984,0.02179782,-0.01655179,0.26621157,
-0.17401179,0.04083576,-0.98389637,0.13292794,-0.98902071,-0.06455808,-0.97573039,-0.1420212,0.16667332,0.07347861,-0.03330135,0.32514906,
-0.16619121,0.0619812,-0.98414367,0.12307433,-0.98891496,-0.08306512,-0.97838292,-0.13492752,0.15672074,-0.04986247,-0.09526473,0.01798155,
-0.14777259,0.09368444,-0.98457429,0.11091974,-0.98765327,-0.11062511,-0.98278183,-0.12555608,0.13555658,-0.13049605,0.03540194,-0.14051051,
-0.14884566,0.10926555,-0.98280512,0.10399744,-0.98663504,-0.12544175,-0.98337652,-0.12088069,0.13549312,-0.04834713,0.00345206,0.0544264,
-0.14884566,0.10926555,-0.98280512,0.10399744,-0.98663504,-0.12544175,-0.98337652,-0.12088069,0.13549312,-0.04834713,0.00345206,0.0544264,
-0.15088773,0.13157499,-0.9797555,0.09299782,-0.98481799,-0.14657703,-0.98416677,-0.11323181,0.13636083,-0.0544398,-0.00709319,-0.0242558,
-0.15145173,0.16081752,-0.9752948,0.07661761,-0.98179802,-0.17378767,-0.98549073,-0.10104521,0.13637369,0.14650381,-0.01816803,0.03384838,
-0.15213259,0.16829584,-0.97392631,0.07290735,-0.98080079,-0.18087226,-0.98566752,-0.09852292,0.1369415,0.16668209,-0.05420417,0.06466404,
-0.15104143,0.18580647,-0.97090812,0.06421107,-0.97825788,-0.19720214,-0.98643984,-0.09212873,0.1358265,0.17759486,-0.11602032,0.09409405,
-0.14702661,0.2066936,-0.9672955,0.05357941,-0.97482294,-0.21644606,-0.98768015,-0.0836505,0.13225073,0.1504309,-0.05468667,-0.01090818,
-0.14377494,0.24027123,-0.95999914,0.03735469,-0.9680688,-0.24788539,-0.98890507,-0.0715002,0.13020893,0.17356287,0.03231013,0.1157065,
-0.14377494,0.24027123,-0.95999914,0.03735469,-0.9680688,-0.24788539,-0.98890507,-0.0715002,0.13020893,0.17356287,0.03231013,0.1157065,
-0.13119043,0.27939216,-0.95117235,0.02085377,-0.95847467,-0.2844134,-0.9911377,-0.05714789,0.11991657,0.24326415,-0.05953097,-0.06326377,
-0.11649172,0.34271778,-0.93218777,-0.00244895,-0.93867413,-0.34479647,-0.99318856,-0.03788308,0.11018722,0.25455177,0.03094208,0.06171197,
-0.11649172,0.34271778,-0.93218777,-0.00244895,-0.93867413,-0.34479647,-0.99318856,-0.03788308,0.11018722,0.25455177,0.03094208,0.06171197,
-0.11649172,0.34271778,-0.93218777,-0.00244895,-0.93867413,-0.34479647,-0.99318856,-0.03788308,0.11018722,0.25455177,0.03094208,0.06171197,
-0.11649172,0.34271778,-0.93218777,-0.00244895,-0.93867413,-0.34479647,-0.99318856,-0.03788308,0.11018722,0.25455177,0.03094208,0.06171197,
-0.11649172,0.34271778,-0.93218777,-0.00244895,-0.93867413,-0.34479647,-0.99318856,-0.03788308,0.11018722,0.25455177,0.03094208,0.06171197,
-0.12782869,0.50312277,-0.85470886,-0.06610553,-0.86418437,-0.49881391,-0.98959073,-0.00726177,0.14372682,0.8041448,0.03138304,0.11611663,
-0.127641133,0.553016328,-0.82333506,-0.086019784,-0.833169638,-0.546286421,-0.988083133,0.00109447168,0.153917118,1.15100539,0.0,0.162229776,0.164548591
-0.12635993,0.57897714,-0.80549274,-0.0963063,-0.8153256,-0.57093705,-0.98729842,0.00543044,0.15878372,1.4208039,0.05524409,0.3045643,
-0.11398638,0.63235468,-0.76624707,-0.11437689,-0.77449836,-0.62214956,-0.98687636,0.01672436,0.16060911,1.66941905,0.11515498,0.76287723,
-0.06738726,0.68617897,-0.72430469,-0.11152806,-0.72658562,-0.67796362,-0.99147383,0.03509415,0.12549091,1.910478,-0.29103565,0.6040808,
-0.02739263,0.71354999,-0.70006864,-0.09526223,-0.69900749,-0.70874092,-0.99507527,0.04727584,0.08712198,1.14051676,0.08291185,0.07751673,
0.04094664,0.7690329,-0.6378964,-0.06255164,-0.63520652,-0.7698052,-0.99720144,0.07142242,0.02209466,0.4972356,0.09422588,-0.69720411,
0.09425504,0.83381208,-0.54394255,-0.03921406,-0.5428415,-0.83891926,-0.99477552,0.1004026,-0.01846847,0.78212774,1.17706633,-0.59095234,
0.08619616,0.85519594,-0.51108703,-0.05283274,-0.50835068,-0.85952777,-0.99487625,0.10109004,0.0013646,0.10788736,0.2857337,-0.06009734,
0.08709588,0.87093422,-0.48361958,-0.05427351,-0.480595,-0.87526158,-0.99472041,0.10247941,0.00541081,0.24721657,0.03911459,0.27334675,
0.08932118,0.87610867,-0.473767,-0.05391118,-0.47071815,-0.88063486,-0.99454269,0.10420062,0.00518707,0.4168959,-0.28948903,0.06883338,
0.09394153,0.8784833,-0.46844614,-0.05634142,-0.46508168,-0.88347281,-0.99398206,0.10938758,0.00580473,0.34163898,-0.22499013,-0.19917628,
0.09302123,0.86843337,-0.48700172,-0.070164,-0.48218907,-0.87325309,-0.99318891,0.11540113,0.01607882,0.28285894,-0.34240144,-0.16141054,
0.06860829,0.8275642,-0.55716275,-0.11183434,-0.54857891,-0.82858564,-0.9913556,0.11915775,0.05491309,-0.22860493,-0.36605996,-0.01380743,
0.04519148,0.78919445,-0.61247844,-0.11839289,-0.60455278,-0.78771761,-0.99193792,0.10811121,0.06611439,-0.21283714,-0.37377954,0.15696768,
0.03277707,0.76681738,-0.64102788,-0.11476101,-0.63424294,-0.764569,-0.99285223,0.09862533,0.06721213,-0.18358938,-0.26868415,0.16725221,
0.03277707,0.76681738,-0.64102788,-0.11476101,-0.63424294,-0.764569,-0.99285223,0.09862533,0.06721213,-0.18358938,-0.26868415,0.16725221,
-0.01861609,0.64852533,-0.76096522,-0.07875822,-0.75968319,-0.64550611,-0.99671978,0.04791539,0.06521928,-0.19702983,-0.40644681,0.19217037,
-0.02849749,0.61135119,-0.79084616,-0.0650989,-0.790623,-0.60883288,-0.99747184,0.03413302,0.06232902,-0.19003372,-0.34608144,0.03153987,
-0.04353856,0.52716335,-0.84864786,-0.03097069,-0.84975727,-0.52626359,-0.99857158,0.00337044,0.05332383,-0.31641436,-0.22785062,-0.00455232,
-0.05433097,0.38041361,-0.92321913,0.03944663,-0.92304527,-0.3826634,-0.99774348,-0.05720837,0.03514398,-0.50908488,0.03041244,-0.04189488,
-0.05433097,0.38041361,-0.92321913,0.03944663,-0.92304527,-0.3826634,-0.99774348,-0.05720837,0.03514398,-0.50908488,0.03041244,-0.04189488,
-0.05433097,0.38041361,-0.92321913,0.03944663,-0.92304527,-0.3826634,-0.99774348,-0.05720837,0.03514398,-0.50908488,0.03041244,-0.04189488,
-0.05433097,0.38041361,-0.92321913,0.03944663,-0.92304527,-0.3826634,-0.99774348,-0.05720837,0.03514398,-0.50908488,0.03041244,-0.04189488,
-0.04541899,-0.01933873,-0.99878078,0.24319419,-0.96994682,0.00772132,-0.96891363,-0.242547,0.04875714,-0.98559892,0.45532358,-0.10236776,
-0.03704595,-0.12801174,-0.99108049,0.29912223,-0.94770984,0.11122882,-0.95349538,-0.29233364,0.07340002,-0.81091166,0.36600459,0.30558455,
-0.02838002,-0.17633139,-0.98392173,0.3216214,-0.93358728,0.15803404,-0.94644303,-0.31196526,0.08320702,-0.78881335,0.25467658,0.38843417,
0.00248837,-0.25553485,-0.96679661,0.3452315,-0.90713848,0.24065512,-0.93851423,-0.33436749,0.08596144,-0.69311565,-0.59139818,0.25952053,
0.06305767,-0.3119642,-0.94799886,0.33340204,-0.8887326,0.31463784,-0.94067347,-0.33590508,0.04796833,-0.32111388,-0.90451258,-0.5827356,
0.07468995,-0.30312693,-0.95001858,0.32181387,-0.8943805,0.31067506,-0.94385225,-0.32893346,0.03074939,-0.61432421,-0.81860685,-0.74299932,
0.04334322,-0.27504951,-0.96045256,0.31767751,-0.90766599,0.27426889,-0.94720766,-0.31700188,0.0480359,-0.90594888,-0.31764519,-0.46527985,
0.01608191,-0.25971608,-0.96555113,0.31679929,-0.91459983,0.25128759,-0.94835628,-0.30992709,0.06756931,0.18995792,0.69994938,0.1264696,
0.01608191,-0.25971608,-0.96555113,0.31679929,-0.91459983,0.25128759,-0.94835628,-0.30992709,0.06756931,0.18995792,0.69994938,0.1264696,
0.01608191,-0.25971608,-0.96555113,0.31679929,-0.91459983,0.25128759,-0.94835628,-0.30992709,0.06756931,0.18995792,0.69994938,0.1264696,
-0.09290983,-0.21257381,-0.9727179,0.29758447,-0.9382176,0.17661026,-0.95016379,-0.27305691,0.15042833,-0.2509827,-0.41539943,0.51862985,
-0.09164929,-0.16591496,-0.98187201,0.27560912,-0.95172935,0.13509578,-0.95689081,-0.25823145,0.13295298,-0.55806047,-0.22625953,-0.16371392,
-0.09164929,-0.16591496,-0.98187201,0.27560912,-0.95172935,0.13509578,-0.95689081,-0.25823145,0.13295298,-0.55806047,-0.22625953,-0.16371392,
-0.09164929,-0.16591496,-0.98187201,0.27560912,-0.95172935,0.13509578,-0.95689081,-0.25823145,0.13295298,-0.55806047,-0.22625953,-0.16371392,
-0.09164929,-0.16591496,-0.98187201,0.27560912,-0.95172935,0.13509578,-0.95689081,-0.25823145,0.13295298,-0.55806047,-0.22625953,-0.16371392,
-0.08831955,-0.00761948,-0.99606299,0.18548446,-0.98260651,-0.00893012,-0.97867005,-0.18554292,0.08819678,-0.3545619,-0.03485084,-0.1568045,
-0.07856668,0.02413098,-0.99661668,0.16597354,-0.98543776,-0.03694458,-0.98299537,-0.16831462,0.07341763,-0.31470633,0.04829156,-0.37004903,
-0.07856668,0.02413098,-0.99661668,0.16597354,-0.98543776,-0.03694458,-0.98299537,-0.16831462,0.07341763,-0.31470633,0.04829156,-0.37004903,
-0.07856668,0.02413098,-0.99661668,0.16597354,-0.98543776,-0.03694458,-0.98299537,-0.16831462,0.07341763,-0.31470633,0.04829156,-0.37004903,
-0.07856668,0.02413098,-0.99661668,0.16597354,-0.98543776,-0.03694458,-0.98299537,-0.16831462,0.07341763,-0.31470633,0.04829156,-0.37004903,
-0.07856668,0.02413098,-0.99661668,0.16597354,-0.98543776,-0.03694458,-0.98299537,-0.16831462,0.07341763,-0.31470633,0.04829156,-0.37004903,
-0.07856668,0.02413098,-0.99661668,0.16597354,-0.98543776,-0.03694458,-0.98299537,-0.16831462,0.07341763,-0.31470633,0.04829156,-0.37004903,
-0.07856668,0.02413098,-0.99661668,0.16597354,-0.98543776,-0.03694458,-0.98299537,-0.16831462,0.07341763,-0.31470633,0.04829156,-0.37004903,
-0.07856668,0.02413098,-0.99661668,0.16597354,-0.98543776,-0.03694458,-0.98299537,-0.16831462,0.07341763,-0.31470633,0.04829156,-0.37004903,
-0.13566215,0.14797634,-0.97964224,0.09433099,-0.98236231,-0.16145028,-0.98625432,-0.1143133,0.1193105,0.01549534,0.0074743,0.01289716,
-0.13040784,0.16195232,-0.97814375,0.08598046,-0.98100452,-0.17388905,-0.98772522,-0.10677775,0.114006,0.00357494,-0.01963764,-0.09242929,
-0.12939899,0.16858845,-0.97715595,0.08217664,-0.98022784,-0.18000062,-0.98818157,-0.1035913,0.11298655,-0.00373596,-0.05198103,-0.07272992,
-0.12939899,0.16858845,-0.97715595,0.08217664,-0.98022784,-0.18000062,-0.98818157,-0.1035913,0.11298655,-0.00373596,-0.05198103,-0.07272992,
-0.12939899,0.16858845,-0.97715595,0.08217664,-0.98022784,-0.18000062,-0.98818157,-0.1035913,0.11298655,-0.00373596,-0.05198103,-0.07272992,
-0.11588909,0.23494546,-0.96507529,0.04920646,-0.96907087,-0.24182703,-0.99204254,-0.07551305,0.10074394,0.06832438,-0.01262772,-0.02092376,
-0.11588909,0.23494546,-0.96507529,0.04920646,-0.96907087,-0.24182703,-0.99204254,-0.07551305,0.10074394,0.06832438,-0.01262772,-0.02092376,
-0.11588909,0.23494546,-0.96507529,0.04920646,-0.96907087,-0.24182703,-0.99204254,-0.07551305,0.10074394,0.06832438,-0.01262772,-0.02092376,
-0.11588909,0.23494546,-0.96507529,0.04920646,-0.96907087,-0.24182703,-0.99204254,-0.07551305,0.10074394,0.06832438,-0.01262772,-0.02092376,
-0.11588909,0.23494546,-0.96507529,0.04920646,-0.96907087,-0.24182703,-0.99204254,-0.07551305,0.10074394,0.06832438,-0.01262772,-0.02092376,
-0.11588909,0.23494546,-0.96507529,0.04920646,-0.96907087,-0.24182703,-0.99204254,-0.07551305,0.10074394,0.06832438,-0.01262772,-0.02092376,
-0.11588909,0.23494546,-0.96507529,0.04920646,-0.96907087,-0.24182703,-0.99204254,-0.07551305,0.10074394,0.06832438,-0.01262772,-0.02092376,
-0.05845029,0.4094207,-0.91047137,0.00548334,-0.91188517,-0.4104085,-0.9982752,-0.02898095,0.05105509,0.33426386,-0.03207314,-0.04908842,
-0.05845029,0.4094207,-0.91047137,0.00548334,-0.91188517,-0.4104085,-0.9982752,-0.02898095,0.05105509,0.33426386,-0.03207314,-0.04908842,
-0.05103722,0.46256766,-0.88511376,-0.00650959,-0.88640404,-0.46286662,-0.99867554,-0.0178617,0.04825072,0.39366868,-0.01655841,-0.01073585,
-0.03819166,0.5232629,-0.85131504,-0.01838675,-0.85216032,-0.52295759,-0.99910124,-0.00431971,0.04216656,0.596668,0.08868575,0.14677203,
-0.02204941,0.56762107,-0.82299458,-0.02507307,-0.82324972,-0.56712531,-0.9994424,0.0081302,0.03238423,0.80651313,0.17137623,0.3548491,
-0.02204941,0.56762107,-0.82299458,-0.02507307,-0.82324972,-0.56712531,-0.9994424,0.0081302,0.03238423,0.80651313,0.17137623,0.3548491,
0.06849197,0.67724475,-0.73256286,-0.02780005,-0.73270644,-0.67997672,-0.99726424,0.06693822,-0.03135703,0.85387373,0.16182303,0.07030147,
0.06849197,0.67724475,-0.73256286,-0.02780005,-0.73270644,-0.67997672,-0.99726424,0.06693822,-0.03135703,0.85387373,0.16182303,0.07030147,
0.13966001,0.72813047,-0.67105968,-0.01931587,-0.6755692,-0.7370435,-0.9900111,0.1158976,-0.08028551,0.44939372,0.3794992,-0.35821956,
0.17148071,0.75655361,-0.63104766,-0.02058098,-0.63764496,-0.77005559,-0.98497255,0.14503731,-0.09377331,0.34447244,0.38657641,-0.43071765,
0.18662057,0.78904246,-0.58530731,-0.03526397,-0.59000979,-0.8066255,-0.98179892,0.17117313,-0.08228311,0.07559867,0.22098303,-0.51434129,
0.18523655,0.80317183,-0.56621745,-0.05294888,-0.56719438,-0.82187986,-0.98126633,0.18222268,-0.06253789,0.06915949,-0.14187515,-0.23992439,
0.17871617,0.81102936,-0.55703857,-0.07518467,-0.5532408,-0.82962159,-0.98102388,0.19014757,-0.03789615,0.01510225,-0.19590998,0.33662575,
0.17645583,0.81385602,-0.55362581,-0.08331644,-0.54808327,-0.83226363,-0.98077598,0.19298383,-0.02890475,0.16056268,-0.35484004,0.34196594,
0.17473199,0.814523,-0.55319176,-0.09175612,-0.54591989,-0.83279799,-0.9803314,0.19627522,-0.02065229,0.02386259,-0.40656996,0.16394164,
0.16970408,0.80972368,-0.56173656,-0.09173876,-0.55454933,-0.82707847,-0.98121577,0.19189156,-0.01982613,0.02468784,-0.1957376,-0.01985033,
0.16331541,0.8043271,-0.57130194,-0.09252907,-0.56403654,-0.82054919,-0.9822252,0.18687033,-0.01769214,-0.12177487,-0.14556491,-0.0866776,
0.12474882,0.76357889,-0.63354956,-0.09930089,-0.62572311,-0.77369891,-0.98720672,0.15943008,-0.00223419,-0.15897845,-0.17873561,0.1422074,
0.12474882,0.76357889,-0.63354956,-0.09930089,-0.62572311,-0.77369891,-0.98720672,0.15943008,-0.00223419,-0.15897845,-0.17873561,0.1422074,
0.09698989,0.70933428,-0.69816737,-0.08931933,-0.69244066,-0.71592435,-0.99126931,0.13179721,-0.00380233,-0.27938175,-0.17452943,0.19980784,
0.08704655,0.66292233,-0.74361067,-0.06896299,-0.74064335,-0.66834977,-0.99381434,0.10945914,-0.01875329,-0.36314103,-0.17129159,0.24570149,
0.08704655,0.66292233,-0.74361067,-0.06896299,-0.74064335,-0.66834977,-0.99381434,0.10945914,-0.01875329,-0.36314103,-0.17129159,0.24570149,
0.09572719,0.58302682,-0.80679364,-0.01717648,-0.80942762,-0.58696829,-0.99525937,0.07004668,-0.06746982,-0.48840553,0.03921425,0.01746897,
