0,1,2,3,4,5,6,7,8,9,10,11
-0.27977699,-0.04236997,0.95912972,-0.01476324,-0.99871786,-0.0484252,0.95995161,-0.02770811,0.27879255,0.00939848,0.00631499,-0.00462577
-0.2803877,-0.04316694,0.95891574,-0.01458745,-0.99868134,-0.04922243,0.959776,-0.0277895,0.27938823,0.01226662,0.01117802,-0.00231408
-0.28150389,-0.04457298,0.9585243,-0.01404772,-0.99862209,-0.05056319,0.95945727,-0.02769882,0.28048982,0.01611059,0.00506663,-0.00458673
-0.28287514,-0.04590162,0.95805772,-0.01335655,-0.9985688,-0.05178619,0.95906369,-0.02744537,0.2818573,0.01797285,0.00167787,0.0030176
-0.28348451,-0.046428,0.95785218,-0.01304595,-0.99854807,-0.05226164,0.95888798,-0.02731146,0.28246739,0.01905289,0.01356256,0.00831498
-0.28450085,-0.04700299,0.95752287,-0.01236306,-0.99853446,-0.0526895,0.9585961,-0.02682812,0.28350274,0.01539537,0.01814282,0.01725007
-0.28500941,-0.046906,0.95737631,-0.01170552,-0.99855708,-0.05240835,0.95845321,-0.02614346,0.28404918,0.01352001,0.00377285,0.01222967
-0.28511071,-0.04671012,0.95735573,-0.01136965,-0.99857672,-0.05210732,0.95842713,-0.02574116,0.2841739,0.0136114,0.00324488,0.01086697
-0.28490421,-0.04598713,0.95745212,-0.0106487,-0.99863487,-0.05113385,0.95849673,-0.02476387,0.28402578,0.0079689,0.00406158,0.00764282
-0.284393754,-0.0447489479,0.95766259,-0.00983134837,-0.998721346,-0.0495870946,0.958657107,-0.023517377,0.283590259,-0.000268874574,0.00518727303,0.000841738016
-0.28408587,-0.04417035,0.95778081,-0.00939467,-0.998762,-0.04884684,0.95875275,-0.02287474,0.28331932,,,
-0.28331579,-0.04282215,0.95807003,-0.00840128,-0.99885327,-0.0471294,0.95898975,-0.02140153,0.28263139,-0.0177223,-0.00102818,-0.01384223
-0.28295699,-0.04168578,0.95822631,-0.00747616,-0.9989289,-0.04566411,0.95910348,-0.02008483,0.28234224,-0.01931418,-0.01411033,-0.01721106
-0.2829571,-0.04123244,0.95824597,-0.00702241,-0.99895982,-0.04505794,0.95910694,-0.01947866,0.28237306,-0.01850176,-0.013358,-0.01798573
-0.28332135,-0.04050212,0.95816929,-0.00649402,-0.99900372,-0.04414842,0.95900294,-0.01873056,0.28277627,-0.01857578,-0.00215018,-0.01876366
-0.283944873,-0.039778749,0.95801509,-0.00603841638,-0.999045038,-0.0432721159,0.958821568,-0.0180717906,0.283433563,-0.0216776822,-0.000341057777,-0.0176132247
-0.28441229,-0.03943772,0.95789057,-0.00589858,-0.99906266,-0.04288422,0.95868393,-0.017847,0.28391304,-0.01884462,-0.00630915,-0.01377363
-0.28550572,-0.03879054,0.95759151,-0.00599784,-0.99908844,-0.04225977,0.95835809,-0.01780889,0.28501308,-0.02168964,-0.00637698,-0.00268554
-0.28660161,-0.03815668,0.95728964,-0.00638809,-0.99910815,-0.04173605,0.95802849,-0.01807687,0.28610238,-0.02165104,0.00392473,0.00513374
-0.28712392,-0.03781308,0.9571469,-0.00659184,-0.99911902,-0.04144865,0.95787085,-0.01821025,0.28662154,-0.01947192,0.00453246,0.00981139
-0.287908695,-0.0371188791,0.956938073,-0.00692669194,-0.999141462,-0.0408399166,0.957632658,-0.0183865891,0.2874047,-0.0212074295,0.000596642494,0.0167923551
-0.28843334,-0.03643612,0.95680635,-0.00706875,-0.99916727,-0.04018017,0.95747377,-0.01835273,0.28793582,-0.02380999,-0.00295383,0.01444397
-0.28853799,-0.03615222,0.95678565,-0.00692203,-0.99918198,-0.03984165,0.9574434,-0.01811872,0.28805177,-0.02403096,-0.00102413,0.0135964
-0.28874536,-0.03565311,0.95674178,-0.0065588,-0.99920916,-0.03921511,0.95738339,-0.01759826,0.28828331,-0.02179573,-0.00367159,0.00911312
-0.28869301,-0.03526636,0.95677184,-0.00610309,-0.99923307,-0.038673,0.95740212,-0.0170039,0.28825664,-0.01339692,0.00199544,0.00717419
-0.28859025,-0.03507877,0.95680985,-0.00591655,-0.99924416,-0.03841904,0.95743439,-0.01674837,0.28816463,-0.01581042,0.00775778,0.00779367
-0.288335257,-0.0345315091,0.956906747,-0.00557974639,-0.999272084,-0.0377416171,0.95751335,-0.0162215323,0.287932527,-0.0101563986,0.000348687172,0.00237417151
-0.28787715,-0.03382369,0.95706985,-0.00536149,-0.99930351,-0.03692895,0.95765234,-0.01576232,0.2874953,,,
-0.28772467,-0.03351425,0.9571264,-0.00526133,-0.99931685,-0.0365732,0.95769853,-0.01555877,0.28735214,0.00436539,0.00422084,-0.00500592
-0.28716783,-0.03225966,0.95733685,-0.00491242,-0.9993699,-0.03514962,0.95786763,-0.01479668,0.28682852,0.0230704,0.0175668,0.00494146
-0.28706929,-0.03191567,0.95737802,-0.00498483,-0.99938154,-0.03481061,0.95789688,-0.01476542,0.2867326,0.02994641,0.01098239,0.01105239
-0.28682496,-0.03127198,0.95747241,-0.00565902,-0.99939424,-0.03433644,0.95796625,-0.01526691,0.28647434,0.04816223,-0.00109571,0.01325355
-0.28662841,-0.03107121,0.95753789,-0.00642931,-0.99938911,-0.03435379,0.9580203,-0.01600308,0.28625347,0.06994188,0.03757679,0.02312271
-0.28652934,-0.03097987,0.95757055,-0.00675432,-0.99938705,-0.0343538,0.95804775,-0.01631111,0.28614429,0.07617215,0.03342438,0.02577967
-0.28622487,-0.0308474,0.95766566,-0.00717839,-0.99938436,-0.03433666,0.95813546,-0.01670251,0.28582746,0.08601495,0.01601565,0.03453885
-0.28556144,-0.03053366,0.95787389,-0.00763188,-0.99938821,-0.0341322,0.95833003,-0.01705722,0.28515368,0.09928259,-0.01528323,0.03385184
-0.28510004,-0.03039857,0.9580156,-0.00784687,-0.99938944,-0.03404657,0.95846565,-0.0172241,0.28468744,0.09985211,-0.02871174,0.03174824
-0.28392039,-0.03003427,0.95837725,-0.00839185,-0.99939303,-0.03380574,0.95881103,-0.0176407,0.28349622,0.10417634,-0.02497059,0.02522648
-0.28242485,-0.02978319,0.95882691,-0.00849883,-0.99940091,-0.03354686,0.95925171,-0.01762337,0.28200266,0.10084239,-0.05382258,0.00860021
-0.2814928,-0.02962015,0.95910603,-0.00820528,-0.99941255,-0.03327315,0.95952822,-0.01723589,0.28108448,0.10311253,-0.05505347,0.00318153
-0.2814928,-0.02962015,0.95910603,-0.00820528,-0.99941255,-0.03327315,0.95952822,-0.01723589,0.28108448,0.10311253,-0.05505347,0.00318153
-0.27814158,-0.0299066,0.96007441,-0.00451743,-0.99946341,-0.03244232,0.96052947,-0.01336063,0.27785722,0.09312154,-0.032179,-0.01769694
-0.27598111,-0.03120923,0.96065629,0.00160457,-0.99948635,-0.03200975,0.96116177,-0.00729265,0.27588933,0.0794815,-0.0137701,-0.01921988
-0.27454281,-0.03224302,0.96103404,0.00675439,-0.99947751,-0.03160325,0.96155105,-0.00218525,0.27461735,0.06971171,0.0188216,-0.03570381
-0.27386642,-0.0327716821,0.961209315,0.00952225919,-0.99946282,-0.0313628353,0.961720675,0.000563658594,0.274031219,0.0682734624,0.0235930681,-0.0441028886
-0.27296111,-0.03395458,0.96142561,0.01528041,-0.9994038,-0.03095754,0.96190364,0.00624077,0.27331733,0.0556265,0.0214299,-0.06896667
-0.27287224,-0.03516265,0.96140747,0.02088856,-0.99931279,-0.03062029,0.96182348,0.01172699,0.27341923,0.04811346,0.01264453,-0.08143599
-0.27332072,-0.0357812,0.96125731,0.02344841,-0.99925892,-0.0305285,0.96163719,0.01419588,0.27395705,0.04978475,0.00158226,-0.08592599
-0.27500022,-0.03701023,0.96073145,0.02797911,-0.99914351,-0.03048122,0.96103686,0.01849807,0.2758004,0.0475288,-0.00515997,-0.08270037
-0.2780357,-0.03840527,0.95980262,0.03156064,-0.99902608,-0.03083226,0.96005206,0.02171952,0.27897713,0.05073109,-0.00831759,-0.06663975
-0.27994257,-0.03916079,0.95921773,0.03306709,-0.99896816,-0.03113317,0.95944712,0.02300304,0.28094859,0.04505632,-0.01983118,-0.0583478
-0.28875617,-0.0417601,0.95649143,0.03799159,-0.9987611,-0.03213626,0.95664853,0.02705909,0.28998507,0.03547691,-0.00554502,-0.02310378
-0.29536945,-0.04367257,0.95438427,0.04128522,-0.99860476,-0.03291886,0.95449052,0.02967874,0.29676064,0.02602855,0.01077843,-0.02320946
-0.29962929,-0.04522811,0.95298318,0.04390495,-0.99847128,-0.03358271,0.95304505,0.03177832,0.30115675,0.02053768,-0.00264966,-0.02285618
-0.301698084,-0.0460453836,0.952290962,0.0452476556,-0.99839908,-0.0339397715,0.952329199,0.0328493694,0.303298547,0.0181851964,-0.000197768211,-0.0223908406
-0.30586923,-0.04755457,0.95088505,0.04813926,-0.99824662,-0.03443831,0.95085563,0.03524128,0.30762237,0.00670866,0.04095292,-0.01774984
-0.3099135,-0.04897139,0.94950279,0.05127135,-0.99808036,-0.03474208,0.94938137,0.03791525,0.31182929,-0.00216999,0.03465056,-0.01579592
-0.31189865,-0.04975038,0.94881198,0.05287516,-0.99798946,-0.03494756,0.94864298,0.03926849,0.31390207,-0.00723546,0.03920913,-0.0201814
-0.31601878,-0.05104362,0.94737872,0.05601386,-0.99781347,-0.03507634,0.94709784,0.04198156,0.3181872,-0.00851016,0.03837192,-0.01924087
-0.32008334,-0.05219564,0.94595045,0.05895373,-0.99764345,-0.03509965,0.94555333,0.0445325,0.3224062,-0.01345056,-0.01136041,-0.02132674
-0.32583218,-0.05280728,0.94395158,0.06132427,-0.99751661,-0.03463601,0.94343655,0.04660162,0.32826158,-0.01832496,0.02418721,0.0181327
-0.32900099,-0.05196695,0.94289849,0.06180804,-0.99752849,-0.03341145,0.94230456,0.0472863,0.33140007,-0.02363779,0.03394246,0.01939068
-0.32900099,-0.05196695,0.94289849,0.06180804,-0.99752849,-0.03341145,0.94230456,0.0472863,0.33140007,-0.02363779,0.03394246,0.01939068
-0.33572047,-0.04807511,0.94073401,0.06365698,-0.99757151,-0.02826241,0.93980822,0.05039601,0.33796557,-0.02811513,-0.01465237,0.004315
-0.3371338,-0.04704259,0.94028073,0.06418325,-0.99757565,-0.02689643,0.9392664,0.05128258,0.33933575,-0.03203037,-0.01412106,0.00213993
-0.340112612,-0.0447805364,0.939317863,0.0652248103,-0.997583298,-0.0239413462,0.938119965,0.0531240764,0.342211529,-0.0315213129,-0.00873184204,-0.000460833311
-0.3433342,-0.04246508,0.93825274,0.06625523,-0.99758358,-0.02090565,0.93687338,0.05498653,0.34531823,-0.0372424,0.00179946,0.00591939
-0.34494181,-0.04126369,0.93771655,0.06681261,-0.99757837,-0.01932065,0.93624307,0.05598679,0.34686355,-0.04244397,0.02104521,0.01347663
-0.3480803,-0.03849023,0.93667403,0.06758338,-0.997587,-0.01587843,0.93502526,0.05777664,0.34984205,-0.06048929,-0.00355828,0.01530948
-0.35084468,-0.0352946,0.93576832,0.06804716,-0.99760859,-0.01211434,0.93395805,0.05942612,0.35240732,-0.07706658,-0.00488454,0.0152295
-0.352138955,-0.0335255557,0.935347066,0.0680898546,-0.997627786,-0.0101234453,0.933467658,0.0601227874,0.353586415,-0.0831274837,0.000617623329,0.0138485162
-0.35458106,-0.0301236,0.93453975,0.06781604,-0.99767691,-0.00642812,0.93256257,0.0610975,0.3558005,-0.08205956,-0.01466125,0.00479923
-0.358650503,-0.0255010959,0.933123523,0.0666781973,-0.997773184,-0.00163980507,0.931087447,0.0616308775,0.359552223,-0.0747509226,0.000985383987,0.00253383629
-0.36182466,-0.02301013,0.93196218,0.06621237,-0.99780502,0.00107048,0.92989187,0.06209475,0.36255397,-0.06681254,-0.01615679,-0.00157452
-0.36515041,-0.02116755,0.93070781,0.06609445,-0.99780806,0.00323761,0.92859928,0.06269683,0.36574916,-0.06457744,-0.04089928,-0.00631453
-0.36697127,-0.02046793,0.93000692,0.06606669,-0.99780654,0.00410916,0.92788307,0.06295043,0.36751887,-0.0588588,-0.01284945,0.00305609
-0.37060071,-0.01943057,0.9285889,0.06578918,-0.99781889,0.00537733,0.92645921,0.06308395,0.37107093,-0.05857751,-0.00174713,0.01339167
-0.37407225,-0.0185253,0.92721448,0.0654427,-0.99783533,0.00646571,0.92508763,0.06309806,0.37447492,-0.0605697,-0.00443542,0.01392832
-0.37573762,-0.01807514,0.92654986,0.06508477,-0.99785577,0.00692721,0.92443784,0.0629071,0.37610826,-0.05860786,-0.00372708,0.01813808
-0.37896449,-0.0171584,0.9252522,0.06437916,-0.99789462,0.00786287,0.9231692,0.06254671,0.37927114,-0.05433979,-0.02050042,0.00553661
-0.38401449,-0.01619497,0.92318499,0.06333813,-0.99795292,0.00883999,0.92115204,0.0618675,0.38425421,-0.03902868,-0.00769156,0.00724738
-0.38748433,-0.01580064,0.92174081,0.06282606,-0.99798105,0.00930345,0.91973293,0.06151429,0.38769483,-0.03049126,0.00852787,0.0169807
-0.39090248,-0.01522063,0.92030627,0.06227947,-0.99800921,0.00994763,0.91832269,0.06120474,0.39107216,-0.02800815,-0.01160532,0.02200186
-0.39248995,-0.01494778,0.91963474,0.06194853,-0.99802694,0.01021698,0.91766762,0.06098009,0.39264169,-0.02958747,-0.029414,0.02524937
-0.39538563,-0.01417359,0.91840578,0.06107286,-0.9980738,0.01088958,0.9164825,0.06039526,0.3954898,-0.02832956,-0.01960742,0.03246154
-0.39761489,-0.01328709,0.9174561,0.06014399,-0.99812207,0.01161037,0.91557902,0.05979593,0.39766749,-0.0281732,-0.00427997,0.03760893
-0.39848912,-0.01283333,0.91708318,0.05975476,-0.99814088,0.0119969,0.91522436,0.05958072,0.39851529,-0.02566575,0.0052731,0.03316419
-0.39993705,-0.01211647,0.91646237,0.05935378,-0.99815596,0.01270501,0.91461861,0.05947672,0.39991898,-0.02229987,0.00926876,0.03167457
-0.40093445,-0.01167631,0.91603238,0.05960195,-0.99813282,0.01336412,0.91416588,0.05995545,0.40088167,-0.02529556,-0.00576341,0.01828698
-0.401311997,-0.0114763393,0.915869577,0.0598111925,-0.998115754,0.0137008942,0.913986548,0.0602775819,0.401242133,-0.0233691931,-0.000713706017,0.0197859444
-0.40182896,-0.01099692,0.91564857,0.06037479,-0.99807015,0.01450845,0.91372212,0.06111201,0.40171768,-0.02452753,0.00126362,0.01242296
-0.40214995,-0.01048904,0.91551368,0.06125055,-0.99800244,0.0154709,0.91352268,0.06229734,0.40198919,-0.02730224,-0.01116753,0.00945381
-0.40223682,-0.01019579,0.91547872,0.06183411,-0.9979571,0.0160539,0.91344501,0.06306529,0.40204584,-0.02685704,-0.01508522,-0.00124768
-0.40240675,-0.00968351,0.91540971,0.06307128,-0.99786125,0.01716993,0.91328568,0.06464536,0.40215695,-0.0123335,0.0036329,-0.01096084
-0.40385743,-0.00866821,0.91478091,0.06628754,-0.99760392,0.0198116,0.91241724,0.06863964,0.40346427,-0.01171291,-0.00383478,-0.01874444
-0.40461039,-0.00791073,0.91445482,0.06706298,-0.99752663,0.02104337,0.91202672,0.06984044,0.4041404,-0.02386563,0.00748682,-0.01613363
-0.40490054,-0.00736622,0.91433106,0.06732495,-0.9974934,0.02177783,0.91187877,0.07037515,0.40438155,-0.02605607,-0.00209785,-0.01781123
-0.40549545,-0.00584768,0.91407827,0.06769953,-0.99742526,0.0236514,0.91158656,0.07147321,0.40484746,-0.03958684,-0.00115341,-0.01281058
-0.40605935,-0.00405904,0.91383764,0.06769229,-0.99737644,0.02564864,0.91133609,0.07227463,0.40526889,-0.04105061,-0.00898606,-0.01407291
-0.40650246,-0.00331166,0.91364353,0.06765422,-0.99735701,0.02648594,0.91114125,0.07257845,0.40565241,-0.04209514,-0.01213652,-0.0135029
-0.407523,-0.00216207,0.91319212,0.0674533,-0.99733637,0.02774057,0.91070005,0.07290276,0.40658383,-0.04454762,-0.03690314,-0.00763383
-0.40931357,-0.00104781,0.91239309,0.06636691,-0.99738441,0.02862781,0.90997675,0.07227047,0.40831266,-0.03181107,0.01720786,0.02652092
-0.410475914,-0.00065721548,0.911871215,0.0651925367,-0.997461999,0.028627308,0.909538058,0.0711980174,0.40947695,-0.0301761068,0.0247046947,0.0301995743
-0.411487372,-0.000488181794,0.911415325,0.0641543006,-0.99753493,0.0284301851,0.909154749,0.0701698753,0.410504356,-0.0351233967,-0.00168114901,0.0232158937
-0.411874889,-0.00036337875,0.911240255,0.0637084858,-0.997564324,0.0283980376,0.909010541,0.0697501803,0.410894986,-0.0325344242,0.00290477276,0.0194659866
-0.41244604,-0.000306022698,0.910982027,0.063344233,-0.997589218,0.0283439085,0.908777121,0.0693957877,0.411471025,-0.0351799503,0.0131471157,0.0240473077
-0.412623044,-0.000430082923,0.91090161,0.0636589688,-0.997568303,0.0283654422,0.908674565,0.0696913026,0.411647343,-0.0322955288,-0.0165279508,0.0100226197
-0.41216409,-0.00102839,0.91110913,0.06471681,-0.99750664,0.02815044,0.90880836,0.07056667,0.41120283,-0.02115824,-0.00933611,0.00970222
-0.41139185,-0.00147594,0.91145756,0.06526571,-0.99747963,0.02784282,0.90911905,0.07094122,0.410451,-0.02308804,-0.00791121,0.01107595
-0.41090971,-0.0017621,0.91167424,0.06554784,-0.99746708,0.02761579,0.9093165,0.07110588,0.4099846,-0.02080802,-0.02204657,0.00976852
-0.40956697,-0.00251055,0.91227656,0.06607122,-0.99745172,0.02691776,0.90988429,0.07129985,0.40868922,-0.01665881,0.01041484,0.00269646
-0.4080684,-0.00350997,0.91294454,0.06684534,-0.9974233,0.02604381,0.91050083,0.07165375,0.40725168,-0.01015207,-0.00535607,-0.0075129
-0.40733699,-0.00411799,0.91326854,0.06730471,-0.99740584,0.02552196,0.91079441,0.07186332,0.40655766,-0.00874329,-0.00946581,-0.01527472
-0.40595433,-0.00562002,0.91387615,0.06837197,-0.9973655,0.02423816,0.91133225,0.07232309,0.40526898,-0.00645233,-0.01854223,-0.02166448
-0.4047519,-0.00732674,0.91439722,0.06938196,-0.99733145,0.02272021,0.9117906,0.07263872,0.40418008,-0.00522789,-0.01912713,-0.0165782
-0.40419639,-0.00830432,0.91463453,0.06976355,-0.99732588,0.02177489,0.91200786,0.07260948,0.40369485,-0.00120855,-0.02578688,-0.01982667
-0.403221609,-0.0104411021,0.915042628,0.0704199134,-0.997323634,0.0196511931,0.912388658,0.0723610183,0.402878008,0.000335364835,-0.00384372473,-0.00877102092
-0.40224375,-0.01267134,0.91544481,0.07098123,-0.997326,0.01738423,0.91277676,0.07197211,0.40206779,,,
-0.401638771,-0.013810655,0.915693942,0.0711253346,-0.997336438,0.016154771,0.913031936,0.0716174256,0.401551437,0.000380567741,0.000545740128,0.0115062352
-0.40024647,-0.01599741,0.91626781,0.07120971,-0.99736727,0.01369266,0.91363657,0.07072761,0.40033205,-0.00219843,0.0107429,0.01913915
-0.39852211,-0.01815182,0.91697901,0.07124112,-0.99739594,0.01121794,0.91438761,0.06979721,0.39877763,0.00585997,-0.01567298,0.01509502
-0.3974893,-0.01937869,0.91740199,0.07120921,-0.99741318,0.00978453,0.91483943,0.06921673,0.39784133,0.00626062,-0.00728834,0.02088599
-0.39525599,-0.02211582,0.91830477,0.07150201,-0.99741762,0.00675471,0.91578394,0.06833047,0.39581656,0.01846415,-0.01842421,0.00289196
-0.39307491,-0.02543987,0.91915444,0.07221325,-0.99738381,0.00327682,0.91666642,0.06766317,0.39388368,0.02474778,0.00825226,-0.00556475
-0.39204294,-0.02725919,0.91954274,0.07266325,-0.99735523,0.00141377,0.9170725,0.06737123,0.39298723,0.0343033,-0.0233829,-0.01935863
-0.39061037,-0.0313125,0.92002327,0.07388698,-0.99726313,-0.00257144,0.91758597,0.06697332,0.39185515,0.03812217,-0.01574147,-0.02284357
-0.38992234,-0.03545944,0.92016466,0.07518517,-0.99714783,-0.00656614,0.91777315,0.06662245,0.39147643,0.0453744,-0.00374258,-0.02079236
-0.38986273,-0.03750912,0.92010871,0.07579675,-0.99708673,-0.00853107,0.91774823,0.06641531,0.39157011,0.04664578,0.0251044,-0.00475955
-0.39015704,-0.04420092,0.91968684,0.0779005,-0.99685044,-0.01486188,0.91744706,0.06584559,0.39237138,0.04087422,-0.02908725,-0.00431195
-0.39024572,-0.04539556,0.91959094,0.07793433,-0.9968279,-0.01613546,0.91740639,0.06537091,0.39254572,0.04494741,-0.02596885,0.00212647
-0.39065019,-0.04738115,0.91931883,0.07755268,-0.99681781,-0.01842059,0.91726641,0.06409963,0.39308195,0.04613804,0.05014193,0.0108341
-0.3911997,-0.04905507,0.91899728,0.07741705,-0.99679278,-0.02025274,0.91704362,0.0632232,0.39374313,0.04328777,0.00527871,0.00563419
-0.39159777,-0.04968505,0.91879397,0.07745364,-0.99677691,-0.02089068,0.91687071,0.0629832,0.39418412,0.04016216,-0.00697392,0.00188902
-0.39250769,-0.05074253,0.9183478,0.07730325,-0.99676393,-0.02203544,0.91649424,0.0623422,0.39516029,0.03597349,0.0199846,0.01372894
-0.39354462,-0.05107454,0.91788546,0.07716344,-0.99676703,-0.02237987,0.91606121,0.06201973,0.39621369,0.01674042,0.02448404,0.01432445
-0.3941137,-0.05109624,0.91764027,0.07716793,-0.99676743,-0.02235967,0.91581636,0.06200015,0.39678259,0.01167237,0.01573455,0.01130579
-0.395155827,-0.0508403717,0.917206142,0.0774711571,-0.99675461,-0.0218731587,0.915341505,0.0624137153,0.397812076,0.000116350537,-0.00780087709,0.00366173103
-0.39610249,-0.0506595,0.9168077,0.07769512,-0.99674507,-0.02150874,0.91491323,0.06271182,0.39874927,-0.00763325,-0.01398313,0.00464694
-0.39652494,-0.0506667,0.91662471,0.07777937,-0.99673985,-0.02144833,0.91472309,0.06278969,0.39917304,-0.00508611,-0.01873624,0.00714335
-0.39710563,-0.05068088,0.91637254,0.07750357,-0.99675939,-0.02154096,0.91449461,0.06246811,0.39974665,0.00344978,-0.00917143,0.01684258
-0.39742886,-0.05057388,0.91623826,0.07676031,-0.99681282,-0.02172571,0.91441682,0.06169631,0.40004429,0.00576853,-0.01031339,0.01285169
-0.39754313,-0.05051071,0.91619222,0.07639614,-0.99683906,-0.02180796,0.91439769,0.06132395,0.40014529,0.00773614,-0.00855875,0.01953482
-0.39762616,-0.05027609,0.91616898,0.07584128,-0.99688168,-0.02178947,0.91440767,0.06081937,0.4001994,0.00626639,-0.00120974,0.01836756
-0.39752008,-0.04976964,0.91624265,0.07554902,-0.99691285,-0.02137397,0.91447797,0.06072465,0.40005311,0.00751506,0.01753855,0.01645489
-0.39743856,-0.04941564,0.91629723,0.07561041,-0.9969169,-0.02096787,0.91450838,0.06094817,0.39994963,0.0068369,0.0110687,0.01075611
-0.39723743,-0.04842379,0.91643735,0.07579855,-0.99692601,-0.01982123,0.91458015,0.06159089,0.39968693,-0.00213761,0.01127589,0.00735492
-0.3969985,-0.04719494,0.91660499,0.07600546,-0.99693731,-0.01841179,0.91466674,0.06235753,0.39936981,-0.00320536,-0.01197505,0.00342472
-0.39692297,-0.04662734,0.91666674,0.07613625,-0.99693944,-0.01774299,0.91468863,0.06274897,0.39925834,-0.00774851,-0.01166165,-0.00587639
-0.39693562,-0.04596688,0.9166946,0.07650756,-0.99692629,-0.01686168,0.91465214,0.06344106,0.39923254,0.00120554,0.00929713,-0.00447559
-0.39729511,-0.04575424,0.91654969,0.07716774,-0.99688477,-0.01631482,0.91444077,0.06424627,0.399588,0.00295267,0.01342046,-0.00276354
-0.39782457,-0.04498242,0.91635817,0.07774492,-0.99685775,-0.0151821,0.9141616,0.06520238,0.40007156,0.00461514,-0.00517452,0.00126905
-0.398259274,-0.0439754052,0.916218226,0.0774711637,-0.996893942,-0.0141726138,0.913995565,0.0653361151,0.40042896,0.00530508673,-0.000267148018,-0.00247867918
-0.39857373,-0.04347768,0.91610499,0.07726048,-0.99691659,-0.01369889,0.91387607,0.0653187,0.4007042,,,
-0.400105205,-0.0410783356,0.915548085,0.0758976209,-0.997048452,-0.0115669037,0.913321015,0.0648599449,0.402042123,-0.000294533558,0.0126233101,0.0309967007
-0.40036001,-0.04016406,0.91547731,0.0752336,-0.99710697,-0.01084389,0.91326435,0.06453319,0.40222345,-0.00587227,-0.00105715,0.03520941
-0.40061229,-0.03790816,0.91546309,0.07359929,-0.99724643,-0.0090872,0.91328684,0.06373699,0.40229928,-0.00114868,-0.03548753,0.02075128
-0.4008924,-0.03577863,0.91542614,0.07219996,-0.9973629,-0.00736254,0.91327559,0.06314215,0.40241857,-0.00375724,-0.00952566,0.02192453
-0.40111998,-0.03497598,0.91535759,0.07199933,-0.99738317,-0.00655928,0.91319162,0.06327408,0.40258848,-0.00342755,0.00839853,0.02085084
-0.40156891,-0.0338288,0.9152037,0.07251142,-0.99735465,-0.00504912,0.91295361,0.06433515,0.40295981,-0.01043734,-0.00658846,0.01713043
-0.40197916,-0.03296945,0.91505486,0.07374499,-0.99727059,-0.00353586,0.91267412,0.06605938,0.40331371,-0.00785366,-0.0024085,0.00150001
-0.40448707,-0.02678867,0.91415123,0.07458798,-0.99720719,0.00378058,0.91149697,0.06971389,0.40535564,-0.02438497,-0.08792549,0.0064838
-0.40529366,-0.02450906,0.91385798,0.07270108,-0.99733868,0.00549478,0.9112912,0.06866546,0.40599682,-0.01223276,-0.0125494,0.00599342
-0.40585296,-0.02373718,0.91363023,0.07226201,-0.99736669,0.00618748,0.9110773,0.06853196,0.40649924,-0.01601092,0.00172937,-0.00577581
-0.40722089,-0.02407552,0.91301244,0.07450079,-0.99719699,0.00693335,0.91028621,0.07084355,0.40787289,-0.01159673,0.00628102,-0.02134833
-0.40857373,-0.02580554,0.91236042,0.07947441,-0.99680944,0.00739615,0.90925864,0.07553118,0.40932107,-0.01292255,-0.05278951,-0.03261523
-0.40911921,-0.02699541,0.91208161,0.08242977,-0.99656892,0.00747829,0.90875021,0.07824219,0.40994057,-0.01214396,-0.07434636,-0.04038743
-0.41020961,-0.02998242,0.9114982,0.08838988,-0.99606114,0.0070149,0.90769771,0.0834448,0.41124416,0.00762982,0.02710092,-0.05930106
-0.41146496,-0.03406143,0.91078894,0.09515593,-0.99544577,0.00576097,0.90644471,0.0890374,0.41283212,0.01189009,0.06303012,-0.05463694
-0.41243011,-0.03939251,0.91013705,0.10370707,-0.99459993,0.0039468,0.90506689,0.09601543,0.41428842,-0.00306841,0.00392044,-0.01690094
-0.41183544,-0.04071223,0.91034833,0.10576155,-0.99438579,0.00337529,0.90510003,0.09766991,0.4138291,-0.00381799,-0.05838746,-0.02408868
-0.411267997,-0.0409312942,0.910595042,0.105658876,-0.994397889,0.00302233153,0.905370037,0.0974554342,0.413288716,-0.000984137878,-0.0404475331,-0.0218487121
-0.410091135,-0.0411894452,0.911113909,0.10461914,-0.994509984,0.00212933889,0.90602426,0.096193181,0.412149069,-0.000486163422,0.0146580935,-0.0221341029
-0.408710888,-0.0415574774,0.911717162,0.10374888,-0.994602687,0.00117374408,0.906747692,0.0950693631,0.410816692,-0.000443774275,0.0553575754,0.0196698997
-0.407740936,-0.0413212691,0.912162237,0.102779095,-0.994703861,0.00088231786,0.907294799,0.0941109641,0.409828381,-0.0138978828,0.0379811525,0.0238452926
-0.405074795,-0.0394024089,0.913434011,0.09979213,-0.995007295,0.00133298723,0.90882109,0.0916934907,0.406984593,-0.0289405696,-0.000101804733,0.0474773645
-0.40130979,-0.03547588,0.91525497,0.09479725,-0.99549196,0.00297963,0.91102342,0.08795942,0.40286395,-0.03706401,-0.0320968,0.03314025
-0.39917012,-0.0333446,0.9162704,0.09206798,-0.99574526,0.00387228,0.91224273,0.08590486,0.40054163,-0.03806885,0.01061833,0.03635993
-0.39483402,-0.02947007,0.91827981,0.08667348,-0.99622283,0.00529564,0.91465512,0.0816814,0.39589675,-0.03942797,-0.01352501,0.02992897
-0.39064002,-0.02637786,0.92016543,0.08175286,-0.99663362,0.00613681,0.91690603,0.07762344,0.39148161,-0.04744567,0.01419353,0.05337499
-0.38854819,-0.02486976,0.92109258,0.07937107,-0.99682332,0.00656692,0.91800342,0.07565968,0.3892881,-0.05196992,-0.01894945,0.05103108
-0.38422585,-0.02203217,0.92297601,0.07487117,-0.99716575,0.007365,0.92019805,0.07193412,0.38478679,-0.05596213,-0.03367025,0.03166565
-0.38006348,-0.01966479,0.92475126,0.07128916,-0.99742278,0.00808898,0.922209,0.06899907,0.38048602,-0.05355363,-0.00253761,0.01293708
-0.3781525,-0.01889997,0.92555033,0.07020087,-0.99749819,0.00831284,0.92307771,0.06811796,0.37853329,-0.05016468,-0.00707084,0.00386891
-0.374704665,-0.018490403,0.926959744,0.0699266223,-0.997516924,0.00836858831,0.924503396,0.0679549172,0.375067368,-0.0503863022,-0.032238245,1.30105764e-05
-0.36975862,-0.01927986,0.92892781,0.07104841,-0.99744409,0.00757882,0.92640742,0.06880118,0.37018334,-0.0564545,-0.02471817,0.00500661
-0.36618513,-0.01977936,0.93033182,0.07150085,-0.99741646,0.00693762,0.927791,0.06905997,0.36665325,-0.057563,-0.09945738,-0.01357946
-0.36040676,-0.02096905,0.93255942,0.07125859,-0.99744464,0.00511133,0.93006935,0.06829504,0.36098021,-0.05104887,-0.01569313,-0.01300795
-0.35615045,-0.02305494,0.93414409,0.07208534,-0.99739423,0.00286719,0.93164393,0.06835925,0.35688448,-0.05341944,0.02764928,-0.00409946
-0.351510584,-0.0254350417,0.935838235,0.0732326902,-0.997314678,0.000401060954,0.933315122,0.0686749329,0.352429507,-0.052365534,0.00894486904,-0.00959299318
-0.349059032,-0.0263941828,0.936728813,0.0733899001,-0.99730284,-0.000753239583,0.934222374,0.0684835158,0.3500549,-0.0497905836,-0.00446355343,-0.0172098894
-0.34425672,-0.02740112,0.93847549,0.07284399,-0.99734028,-0.00239879,0.93604531,0.06753651,0.34533734,-0.04899328,-0.00769907,-0.01449268
-0.33771038,-0.02803186,0.94083261,0.07105467,-0.99746359,-0.0042142,0.93856434,0.06542737,0.33884551,-0.0569834,0.0073036,-0.0195254
-0.33385656,-0.02854498,0.94219151,0.07117438,-0.99745125,-0.00499919,0.9399329,0.06539089,0.33503746,-0.05703308,0.02805495,-0.02259092
-0.33034796,-0.02932118,0.94340381,0.07216701,-0.99737631,-0.00572823,0.94109639,0.06619031,0.33159699,-0.07041186,-0.01996452,-0.02923674
-0.3288074,-0.02977902,0.94392721,0.07277573,-0.99732935,-0.00611307,0.94158859,0.06668498,0.33009678,-0.0706467,-0.01801187,-0.04211267
-0.32609004,-0.03067632,0.9448407,0.07353045,-0.99726817,-0.00700114,0.94247454,0.06719156,0.32745516,-0.07157614,-0.06763464,-0.05565292
-0.32415138,-0.03242322,0.94544947,0.07388579,-0.99722735,-0.00886684,0.9431155,0.06698108,0.32564816,-0.06942418,-0.04584503,-0.05639208
-0.32355195,-0.03355286,0.9456153,0.07392692,-0.9972126,-0.01008882,0.94331803,0.06664217,0.32513058,-0.06790384,-0.02733624,-0.0558423
-0.3228172,-0.03633499,0.94576361,0.07434619,-0.99714862,-0.01293258,0.9435368,0.06613907,0.3245981,-0.06859231,0.02326751,-0.03693979
-0.32241416,-0.03914023,0.94578909,0.0751054,-0.99705253,-0.01565869,0.9436144,0.06598529,0.32440365,-0.07269144,0.00704885,-0.02480701
-0.32229368,-0.04042983,0.94577583,0.07542569,-0.9970077,-0.01691693,0.94362994,0.06588358,0.32437901,-0.07063231,0.01053119,-0.01897268
-0.3220717,-0.04470235,0.94565924,0.07500774,-0.9969493,-0.02158082,0.94373912,0.06398119,0.3244423,-0.07170949,0.01454222,0.00536811
-0.32199918,-0.04561381,0.94564035,0.07458546,-0.99695623,-0.02269204,0.94379728,0.0632242,0.32442145,-0.06771518,0.01430368,0.00559746
-0.32199918,-0.04561381,0.94564035,0.07458546,-0.99695623,-0.02269204,0.94379728,0.0632242,0.32442145,-0.06771518,0.01430368,0.00559746
-0.32173605,-0.04905569,0.94555782,0.07359138,-0.99693162,-0.02668073,0.94396524,0.06100075,0.32435878,-0.06712888,0.00119126,0.01811202
-0.3214362,-0.04997606,0.9456116,0.0737102,-0.99689697,-0.02763064,0.94405811,0.06081973,0.32412237,-0.0750911,-0.00639302,0.02100727
-0.32050017,-0.05182972,0.9458293,0.07461877,-0.99678032,-0.0293367,0.94430473,0.06117421,0.32333599,-0.07548067,-0.01756907,0.01598897
-0.31887696,-0.05397177,0.94625824,0.07583402,-0.99662949,-0.0312897,0.94475754,0.06178101,0.32189495,-0.07852396,-0.02048343,0.01084083
-0.31783495,-0.05508474,0.94654455,0.07642184,-0.99655114,-0.03233364,0.94506117,0.06205991,0.32094849,-0.07739206,-0.02484012,0.0041131
-0.3157526,-0.0574889,0.94709838,0.0772752,-0.99640511,-0.03471909,0.94568962,0.06222458,0.31905996,-0.0691543,-0.0155943,-0.0107458
-0.31375693,-0.06043579,0.94757797,0.07772559,-0.99625771,-0.03780446,0.94631667,0.06178964,0.31728026,-0.05992985,-0.01110893,-0.01069179
-0.31295431,-0.06210695,0.94773533,0.0778315,-0.99618047,-0.03958071,0.94657371,0.06137671,0.31659291,-0.05627844,-0.00873297,-0.00801542
-0.31163232,-0.06595124,0.94791119,0.07783318,-0.99600768,-0.04370938,0.9470096,0.06015769,0.31552149,-0.04105908,0.00413358,0.00853384
-0.31062176,-0.07051597,0.94791436,0.07775664,-0.99578725,-0.04859721,0.9473479,0.05861129,0.31479625,-0.02857622,0.03376365,0.01441335
-0.30949766,-0.07841175,0.94766161,0.07783046,-0.99533918,-0.05693799,0.94770953,0.05613476,0.31415824,-0.01415302,0.01523912,0.02749953
-0.30868207,-0.08393703,0.9474545,0.07819067,-0.99496663,-0.06267159,0.94794602,0.0547365,0.31369139,-0.00250629,0.01503885,0.02480094
-0.308131659,-0.0867033371,0.947384585,0.0785308818,-0.994757879,-0.0654971354,0.948096999,0.0542172064,0.313325146,0.000871306751,0.0198218822,0.0192635097
-0.30539062,-0.09798773,0.94717219,0.08101468,-0.99375859,-0.07668619,0.94877467,0.05331561,0.31142281,0.0164397,0.00912464,0.00594316
-0.30454109,-0.10075353,0.94715531,0.08167408,-0.99348939,-0.07942146,0.94899094,0.05317094,0.31078756,0.0198751,0.00183427,0.00633711
-0.30290399,-0.10638003,0.94706509,0.08254587,-0.99294429,-0.08513245,0.9494394,0.05238935,0.3095482,0.02841125,-0.01228988,0.00402216
-0.30148329,-0.11212369,0.94685598,0.08288815,-0.99238418,-0.09112302,0.94986184,0.05101107,0.30848083,0.03523861,-0.01238656,0.00398395
-0.3008004,-0.11500048,0.94672806,0.08294838,-0.99209583,-0.09415648,0.95007299,0.05020725,0.30796192,0.04143392,-0.01324552,0.00262108
-0.29807843,-0.1268348,0.94607719,0.08353642,-0.99079615,-0.10651037,0.95087896,0.04728346,0.30593041,0.0578563,0.00362933,-0.0059422
-0.29549711,-0.134924,0.9457679,0.0848726,-0.98976979,-0.11468363,0.95156611,0.0463811,0.30392551,0.06585338,-0.0072937,-0.01386934
-0.29343129,-0.1399199,0.94568513,0.08593367,-0.98908669,-0.11967756,0.95210995,0.04614905,0.30225295,0.06991147,-0.01940519,-0.02177479
-0.29234743,-0.14246011,0.94564155,0.08634318,-0.98873524,-0.12225893,0.95240626,0.04590761,0.30135481,0.07313062,-0.02205116,-0.02310412
-0.29014784,-0.14744925,0.94555432,0.08689403,-0.98803652,-0.12741006,0.95302869,0.04519528,0.29948909,0.08160412,0.00160682,-0.0171373
-0.287882711,-0.15242637,0.945457305,0.0868826405,-0.98733761,-0.132723374,0.953716268,0.0439350545,0.297480864,0.0843798071,-0.00042951107,-0.016025506
-0.28680026,-0.154825298,0.945396643,0.0866548216,-0.987001135,-0.135350721,0.95406322,0.0431045582,0.296488466,0.0870784223,-0.000198245049,-0.0136134606
-0.28450222,-0.15925367,0.94535544,0.0857182,-0.98638196,-0.14036829,0.9548356,0.04109909,0.29427864,0.09063684,-0.00721467,-0.01167488
-0.28083023,-0.16570786,0.94534394,0.0839778,-0.98544686,-0.14779043,0.95607635,0.03788388,0.29065918,0.0986078,-0.00724411,-0.01644172
-0.27838207,-0.17020319,0.94526948,0.08321171,-0.98474688,-0.15280554,0.95685909,0.03611917,0.28829868,0.10449863,-0.00240678,-0.01950725
-0.276044,-0.17485601,0.94510577,0.08263304,-0.98398906,-0.15791466,0.95758619,0.03450556,0.28607333,0.10759073,0.00613546,-0.01425889
-0.27490774,-0.17706774,0.9450253,0.08235522,-0.98361993,-0.16034202,0.95793707,0.03374851,0.28498711,0.10398305,0.00559974,-0.01323054
-0.27283253,-0.1812236,0.94483876,0.08159881,-0.98291813,-0.16496482,0.95859476,0.03208994,0.28295979,0.10593336,0.0087781,-0.00932304
-0.27089532,-0.18478764,0.94470582,0.08054907,-0.98231109,-0.16904584,0.95923271,0.03030144,0.28098813,0.10099605,0.01622295,-0.00384292
-0.26999838,-0.18634675,0.94465634,0.08004807,-0.9820412,-0.17084239,0.95952749,0.02949074,0.2800664,0.09954669,0.00992262,-0.00934985
-0.26861439,-0.18913289,0.94449725,0.07893906,-0.98155815,-0.17410401,0.96000778,0.02779088,0.27859062,0.10185163,0.02022111,-0.00787174
-0.26750854,-0.19152912,0.94432824,0.07804525,-0.98113233,-0.17688514,0.96038959,0.02638205,0.27740918,0.09852755,0.01869786,-0.0028688
-0.26638623,-0.19432357,0.94407445,0.07688011,-0.98062911,-0.18015481,0.96079533,0.02458978,0.27616587,0.09334909,0.01112902,0.00338039
-0.26604619,-0.19563935,0.94389856,0.07578081,-0.98040249,-0.18184594,0.96097686,0.02314996,0.27565823,0.08650318,0.01072872,0.00375721
-0.26606083,-0.19615572,0.94378728,0.07511824,-0.98031858,-0.18257195,0.96102484,0.02232038,0.27555939,0.08651254,0.01607537,0.00422179
-0.266238327,-0.197130418,0.94353408,0.0739371408,-0.980156533,-0.183918927,0.961067251,0.0207959324,0.275530685,0.081205532,0.0238585472,0.000741215423
-0.2669923,-0.19851275,0.943031,0.073302,-0.97990217,-0.18552096,0.96090665,0.01959337,0.27617805,0.08120377,-0.00192314,-0.00198768
-0.267775378,-0.200002607,0.94249419,0.0732526374,-0.979612124,-0.187067175,0.960692662,0.0189482011,0.276966732,0.0766296014,0.000898838043,0.00098108314
-0.26886667,-0.2016016,0.94184255,0.07312603,-0.97929977,-0.18874413,0.9603974,0.01812619,0.27804352,0.07386977,-0.00392503,0.00453161
-0.26947083,-0.20241116,0.94149625,0.07298973,-0.97914203,-0.18961379,0.9602385,0.01762418,0.27862415,0.06919794,-0.00103635,0.006901
-0.27269192,-0.2055673,0.93988365,0.07275755,-0.97851583,-0.19290734,0.95934641,0.01577936,0.28178986,0.07013038,0.02129519,0.01293064
-0.27368978,-0.20629526,0.93943389,0.0728878,-0.97836715,-0.19361008,0.9590522,0.01548415,0.28280564,0.07043627,0.01719081,0.01479417
-0.27439484,-0.20647032,0.93918971,0.07292571,-0.97833276,-0.19376942,0.95884782,0.01532174,0.28350663,0.06639839,0.01771152,0.01787796
-0.27503006,-0.20567535,0.93917839,0.072696,-0.97850227,-0.19299871,0.95868331,0.01519406,0.28406937,0.05566315,0.02459252,0.0145614
-0.27488696,-0.20440034,0.93949855,0.07245367,-0.97876672,-0.19174451,0.95874266,0.01536204,0.2838599,0.04721862,0.02218878,0.01660949
-0.27469835,-0.20355098,0.93973822,0.07218874,-0.97894352,-0.19094124,0.95881683,0.01538728,0.28360815,0.04461141,0.02206659,0.01510684
-0.27309865,-0.1988688,0.9412059,0.0715165,-0.97988847,-0.18629098,0.95932411,0.01643595,0.2818284,0.03180967,0.01561213,0.01273027
-0.2725524,-0.19737854,0.94167765,0.07131235,-0.98018359,-0.18480938,0.95949447,0.016783,0.28122703,0.02739722,0.01819384,0.01222748
-0.26972963,-0.19041224,0.94392209,0.07048774,-0.98152856,-0.17785624,0.96035265,0.01856183,0.27816927,0.01473889,0.01287711,0.01128944
-0.26895214,-0.18846924,0.94453381,0.07037677,-0.98189202,-0.17588408,0.96057893,0.01916884,0.2773458,0.00925566,0.00507152,0.00724484
-0.26706571,-0.18457321,0.94583756,0.07027212,-0.98260383,-0.17190591,0.96111279,0.02055584,0.27539008,0.00533361,0.00687373,0.00338011
-0.26493062,-0.18042615,0.94723706,0.07019364,-0.98334082,-0.16767076,0.96170915,0.02206889,0.27318198,,,
-0.26378454,-0.1782539,0.94796792,0.07021404,-0.98371747,-0.16543819,0.96202267,0.02292061,0.27200548,,,
-0.26147017,-0.17396001,0.94940565,0.07034272,-0.98444313,-0.16100728,0.96264483,0.02468517,0.26963951,-0.00943419,-0.01225048,-0.01161238
-0.25929457,-0.16983786,0.95074786,0.07038414,-0.985122,-0.15678267,0.96323022,0.02626468,0.26739062,-0.01257829,-0.00807202,-0.01315154
-0.25828411,-0.16783406,0.95137846,0.07032144,-0.98544725,-0.15475304,0.96350617,0.02693205,0.26632776,-0.01419358,-0.01314557,-0.01230203
-0.25641887,-0.16399263,0.95255214,0.06997684,-0.98606517,-0.15092512,0.96402925,0.02795653,0.26432161,-0.01712153,-0.00867951,-0.00269443
-0.25456896,-0.1601131,0.95370777,0.06940176,-0.98668037,-0.1471236,0.9645611,0.0287359,0.26229025,-0.01569379,-0.00797409,-0.0068927
-0.250746334,-0.151158641,0.956178521,0.0680917742,-0.988041365,-0.138339466,0.965655119,0.030419779,0.258040387,-0.0175756067,-0.000674843788,-0.00905340537
-0.250154428,-0.149516141,0.956591642,0.0680539339,-0.988275906,-0.136671914,0.965811218,0.030910735,0.257396872,-0.0179474466,0.000505924225,-0.00507487683
-0.24902485,-0.14606339,0.95741957,0.06808519,-0.98875661,-0.13313519,0.96610101,0.03203212,0.25616959,-0.02415012,0.00736797,-0.00460771
-0.24801755,-0.14251632,0.95821513,0.06795,-0.98924267,-0.12954339,0.96636946,0.03298168,0.25503368,-0.01870306,-0.0086776,-0.00721203
-0.24754639,-0.14082879,0.95858633,0.06769646,-0.98947572,-0.12788484,0.96650799,0.03323546,0.25447503,-0.02182712,-0.00497341,-0.00196381
-0.24664368,-0.13729588,0.95933136,0.06680608,-0.98996739,-0.12450458,0.96680079,0.0333809,0.25334147,-0.0197384,-0.00471431,0.00592277
-0.2457178,-0.1337671,0.96006718,0.06543391,-0.99046222,-0.12125504,0.96713031,0.03302642,0.25212723,-0.01974229,-0.00270402,0.00274501
-0.24517432,-0.13197892,0.96045351,0.06473225,-0.99070803,-0.11961213,0.96731541,0.03284648,0.25143964,-0.0204937,-0.00662845,0.00525042
-0.244031719,-0.128498095,0.961216213,0.0631628727,-0.991183777,-0.11646858,0.967708024,0.0322911444,0.249996741,-0.0141167641,-0.000609993935,0.00483758235
-0.24261844,-0.12492703,0.9620445,0.06159981,-0.99165663,-0.11323745,0.96816416,0.03178827,0.24828959,-0.01100761,-0.00263137,0.0081845
-0.24184919,-0.12315011,0.96246713,0.06087492,-0.99188492,-0.11161752,0.96840238,0.0315955,0.24738337,-0.00919285,0.00188315,0.01427764
-0.24005148,-0.11944288,0.96338401,0.05936064,-0.99235068,-0.10824304,0.96894358,0.03120319,0.24530539,-0.00517733,0.00640118,0.01679089
-0.2377284,-0.11533954,0.9644594,0.05794199,-0.99284061,-0.1044516,0.96960191,0.03105159,0.24270948,-0.00249907,0.01681352,0.02026199
-0.236381782,-0.113111111,0.965054092,0.0572989968,-0.993095395,-0.10236285,0.969969251,0.0310999148,0.241230942,-0.000680758851,0.0147999525,0.0120729413
-0.22820012,-0.10002812,0.96846217,0.05496489,-0.99444546,-0.08976036,0.97206145,0.03274809,0.23243071,0.00653835,0.0087651,-0.00178558
-0.224335704,-0.0938911993,0.969978146,0.0541149417,-0.995011961,-0.0837987521,0.973008085,0.0336912519,0.228297956,0.0060901097,0.0136791468,-0.000671650399
-0.22022266,-0.08709388,0.97155372,0.05305428,-0.99560119,-0.07722375,0.97400576,0.03453866,0.22387465,0.00204545,0.00116205,-0.00832135
-0.218026881,-0.0836268843,0.972353249,0.0524248334,-0.995887073,-0.0738958912,0.974533701,0.0348641667,0.221514261,-0.00153066078,-0.000473380089,-0.0151873222
-0.20924305,-0.06967698,0.97537807,0.05018929,-0.99690868,-0.06044817,0.97657478,0.03630517,0.21209333,-0.01024276,-0.00376344,-0.0147669
-0.20715579,-0.06632164,0.97605723,0.04955331,-0.99712993,-0.05723644,0.97705206,0.03651,0.2098479,-0.00937812,-0.00295329,-0.01908458
-0.202844128,-0.0596508719,0.977392432,0.048254364,-0.997539004,-0.0508659118,0.978021324,0.0368455982,0.205223411,-0.00735644717,0.000455498695,-0.0149583668
-0.19851033,-0.05291988,0.97866893,0.04664012,-0.99791981,-0.04450049,0.97898829,0.03681143,0.20056585,-0.01455031,-0.00807244,-0.0141517
-0.19639044,-0.0495522,0.97927276,0.04564748,-0.99810122,-0.04135046,0.97946254,0.0365805,0.19827971,-0.01742786,-0.01566809,-0.01913872
