0,1,2,3,4,5,6,7,8,9,10,11
0.02356519,0.80416208,-0.59394264,0.99209839,0.0544206,0.11304427,0.12322859,-0.59191349,-0.79652546,0.02233972,0.03023433,-0.02307926
0.02241919,0.80576618,-0.59180923,0.99216407,0.05484599,0.11225996,0.12291363,-0.58968865,-0.79822264,0.01470819,0.0279324,-0.01657056
0.02167196,0.806968,-0.59019726,0.99224619,0.05490323,0.11150328,0.12238328,-0.58803752,-0.79952106,0.01023691,0.01582622,-0.02049836
0.02154225,0.8073276,-0.58971007,0.99229542,0.05471636,0.11115667,0.12200661,-0.5875612,-0.79992876,0.00488361,0.01335108,-0.01731315
0.0214639008,0.807559925,-0.589394821,0.992411971,0.054180714,0.110376254,0.121069269,-0.587291584,-0.800269206,-0.000215228647,0.00746118976,-0.00668553216
0.02172599,0.80722407,-0.589845,0.99253911,0.05338495,0.10961755,0.11997473,-0.58782582,-0.80004161,-0.00893601,0.00572813,0.00140459
0.02189326,0.8069886,-0.5901609,0.99258528,0.05304948,0.10936182,0.11956142,-0.58817936,-0.79984357,-0.0063496,0.00654054,0.00570791
0.0223310805,0.806605636,-0.590667909,0.992673636,0.0522843801,0.108927986,0.118744611,-0.588772963,-0.799528577,-0.0107260682,0.000705480517,0.00272030942
0.02275548,0.80622659,-0.59116917,0.99273936,0.05163896,0.10863739,0.11811374,-0.58934898,-0.79919781,-0.0092208,-0.00222278,0.00507029
0.02286621,0.80602319,-0.5914419,0.99276032,0.05146952,0.10852473,0.11791462,-0.58964165,-0.79901091,-0.01164363,-0.00126982,0.00170498
0.02289651,0.80558522,-0.59203733,0.99280146,0.05131616,0.10822159,0.1175628,-0.59025342,-0.79861122,-0.01103279,-0.0050053,0.01064825
0.0228041046,0.805492447,-0.59216707,0.992826879,0.0512900544,0.108000317,0.117365709,-0.590382247,-0.798544925,-0.0164108984,-0.000265121431,0.0122637451
0.02276118,0.80557609,-0.592055,0.99283545,0.05127121,0.10793086,0.11730191,-0.59026982,-0.79863751,-0.01510345,0.00310731,0.0132984
0.0225406532,0.806120358,-0.591322057,0.992820615,0.0514483962,0.107982309,0.117469281,-0.589510748,-0.799173222,-0.00740370294,-0.000309824914,0.00197952008
0.02215959,0.80674615,-0.59048262,0.9928127,0.05172306,0.10792496,0.11760965,-0.58863018,-0.79980167,-0.00781922,0.00143111,-0.00236554
0.0219013528,0.806971576,-0.590183937,0.992809047,0.0519357574,0.10785523,0.117687724,-0.588302159,-0.800031209,-0.0104323002,0.000413358182,0.00337187131
0.02141508,0.80742549,-0.58958064,0.99278789,0.052402,0.10782447,0.1179554,-0.58763762,-0.80048005,-0.01681661,-0.00191474,0.01249526
0.02106278,0.80808011,-0.5886959,0.99277117,0.0526862,0.10784033,0.11815977,-0.58671174,-0.80112892,-0.01453012,-0.00561082,0.00860747
0.0209815,0.80842287,-0.58822816,0.99276358,0.05273522,0.10788695,0.11823865,-0.58623509,-0.80146633,-0.00586411,-0.00562018,0.0060298
0.02085711,0.80882086,-0.58768502,0.99275885,0.05279832,0.10789855,0.11829936,-0.58567998,-0.80186284,,,
0.02060545,0.80883758,-0.58767099,0.99279634,0.05283824,0.10753394,0.11802899,-0.58565339,-0.80192224,-0.00784612,0.00297713,0.00272265
0.0205572,0.80868975,-0.58787616,0.99281864,0.05279847,0.10734785,0.11785009,-0.58586116,-0.80179688,-0.01484215,0.00592232,0.00899197
0.02047848,0.80848353,-0.58816223,0.99284364,0.05278261,0.10712283,0.11765173,-0.58614689,-0.80161681,-0.02006139,0.00520515,0.01223722
0.0205648224,0.808427031,-0.588236961,0.992848615,0.0526899153,0.10712284,0.117595131,-0.586233239,-0.801562093,-0.0214675609,0.000923395099,0.0167314727
0.02068169,0.80840123,-0.58826842,0.99284516,0.05260587,0.1071966,0.11760424,-0.58627646,-0.80152927,-0.01653925,-0.0049665,0.01413223
0.02092802,0.80820817,-0.5885249,0.99283253,0.05248013,0.10737502,0.11766723,-0.58655381,-0.80131706,-0.01460898,-0.00527877,0.00307446
0.02127323,0.80773445,-0.58916241,0.99280261,0.05240131,0.10768901,0.11785696,-0.58721291,-0.80080612,-0.01174728,-0.00181669,0.00379739
0.02134138,0.80739561,-0.58962418,0.99278838,0.05247201,0.10778552,0.11796427,-0.58767237,-0.80045314,-0.01381701,0.00415087,0.0054555
0.02140359,0.80663223,-0.59066597,0.99274954,0.05274862,0.10800875,0.11828014,-0.58869516,-0.79965476,-0.01580383,0.00696421,0.00952612
0.0211947866,0.805987544,-0.591552836,0.992662558,0.0534881744,0.108443364,0.119045057,-0.58951081,-0.79893998,-0.000950374641,0.0211147051,0.00414484181
0.02075808,0.80581921,-0.59179766,0.99260704,0.05418929,0.10860358,0.11958394,-0.58967693,-0.79873695,0.01645553,0.02611875,-0.00270238
0.01997063,0.80586589,-0.59176128,0.99258932,0.05497909,0.10836882,0.11986525,-0.5895401,-0.79879592,0.02009256,0.02589631,-0.01128641
0.0193986,0.80590806,-0.59172293,0.99261179,0.05537537,0.10796076,0.11977336,-0.58944541,-0.79887965,0.04110165,0.0281806,-0.02130937
0.01814355,0.80583626,-0.59186033,0.99270603,0.05604633,0.10674023,0.11918673,-0.58947999,-0.79894163,0.06358421,0.03358256,-0.04284031
0.01672034,0.80528273,-0.59265497,0.99289508,0.05646865,0.10473977,0.1178115,-0.59019555,-0.79861706,0.06669457,0.02227676,-0.04641259
0.01590465,0.80497862,-0.59309063,0.99304433,0.05649157,0.10330387,0.11666204,-0.5906083,-0.79848097,0.06421766,0.01021707,-0.04587845
0.01440865,0.80453167,-0.59373494,0.99341376,0.0559872,0.09997259,0.11367267,-0.59126493,-0.79842613,0.05893378,-0.01417673,-0.02819043
0.01298506,0.80508576,-0.59301624,0.99381912,0.05499946,0.09642913,0.11024928,-0.59060303,-0.79939544,0.08026107,-0.04382008,-0.03292589
0.01236178,0.80560382,-0.59232561,0.99404867,0.05421807,0.09448598,0.10823301,-0.58996851,-0.80013918,0.09757463,-0.06488072,-0.04524474
0.0107101,0.80636363,-0.59132296,0.99455723,0.05270114,0.08987975,0.10363912,-0.58906718,-0.80141034,0.11338065,-0.09512448,-0.04162454
0.00855994,0.8059936,-0.59186233,0.99508212,0.05154506,0.08458521,0.09868271,-0.58967567,-0.80158859,0.12550773,-0.10347717,-0.0498381
0.00718731,0.80525688,-0.59288253,0.99534794,0.05120439,0.08161239,0.09607713,-0.59071098,-0.80114276,0.12237576,-0.10316025,-0.04313511
-7.8512498e-05,0.800440602,-0.599412036,0.996221759,0.0521189271,0.069467818,0.0868455619,-0.597141871,-0.797420433,0.0790556669,0.0097647896,-0.0402186438
-0.00221904,0.79949307,-0.60067115,0.99636402,0.05292646,0.06676415,0.08516885,-0.59833899,-0.79670357,0.06540615,0.02997351,-0.03065224
-0.00650209,0.79896939,-0.60133655,0.9965386,0.05501613,0.06232223,0.08287677,-0.59884985,-0.79656155,0.03177682,0.08689784,-0.0149247
-0.01024341,0.80079012,-0.59885741,0.99657373,0.0573302,0.05961536,0.082072,-0.59619492,-0.79863365,0.01812064,0.11253285,-0.01701648
-0.01170726,0.80265167,-0.59633306,0.99654264,0.05842279,0.05907146,0.08225322,-0.59357979,-0.80056058,0.01212122,0.10543167,-0.02486477
-0.01395034,0.80766875,-0.58947142,0.99640912,0.06046645,0.05926767,0.08351188,-0.5865279,-0.80561204,0.01699907,0.06881522,-0.03979771
-0.01578916,0.81279466,-0.5823363,0.9962212,0.06253492,0.06027198,0.0854051,-0.57918412,-0.81071065,0.03548031,0.02589011,-0.05549033
-0.01663845,0.81497384,-0.57925881,0.99612359,0.06355941,0.06081095,0.08637668,-0.57600157,-0.8128722,0.03474808,0.00443447,-0.05444461
-0.01877511,0.81833439,-0.57443564,0.99592046,0.06602493,0.06150722,0.08826054,-0.57093741,-0.81623559,0.02845035,-0.03117215,-0.03037432
-0.02335054,0.82151577,-0.56970748,0.99561278,0.07075774,0.0612253,0.09060876,-0.5657784,-0.81956383,0.0211995,-0.04361075,-0.01442774
-0.03253127,0.82493678,-0.56428799,0.99514858,0.07918348,0.05838835,0.09284896,-0.55965096,-0.8235106,0.0044021,0.01497972,-0.00933505
-0.0352037355,0.826101865,-0.56242003,0.995010666,0.0815402428,0.0574879111,0.0933507101,-0.557590167,-0.824850681,-0.000831708079,0.0307413321,-0.014919525
-0.04079321,0.82891117,-0.55789072,0.99471146,0.08636559,0.05558761,0.09425972,-0.55267272,-0.82805056,-0.00161752,0.0545808,-0.01956958
-0.04655395,0.83229067,-0.55238122,0.99436933,0.09131097,0.05377714,0.09519669,-0.5467674,-0.8318552,-0.00916524,0.05838716,-0.03397981
-0.04931539,0.83415594,-0.54931945,0.99417689,0.09375764,0.05312076,0.09581389,-0.54350103,-0.83392226,-0.011414,0.06296622,-0.041334
-0.05453753,0.83807405,-0.54282348,0.99379,0.09836338,0.05201831,0.0969891,-0.53661565,-0.83823409,-0.03137735,0.04736781,-0.02495828
-0.05926265,0.84201587,-0.5361876,0.99339026,0.10264016,0.05138805,0.09830392,-0.52959816,-0.84253308,-0.03702847,0.041471,-0.00870359
-0.06565677,0.84794148,-0.52600805,0.99275282,0.10868246,0.05128332,0.10065311,-0.51882888,-0.84893204,-0.03715916,0.01741695,-0.00293603
-0.0698584759,0.851564027,-0.519575262,0.992329177,0.112575052,0.0510844547,0.101992887,-0.512021021,-0.852896149,-0.0327070542,-0.000775933207,0.00806579366
-0.07202341,0.85317044,-0.51663598,0.99211489,0.11454931,0.05085688,0.10256986,-0.50889938,-0.85469332,-0.03381831,-0.00487184,0.01216515
-0.07629846,0.855894,-0.51149199,0.9916939,0.1184133,0.05021498,0.10354617,-0.50341215,-0.85781961,-0.02565496,-0.00385517,0.00441652
-0.08284509,0.85871038,-0.50572026,0.99105559,0.1242651,0.04865038,0.10461993,-0.49716648,-0.86132447,-0.03291748,0.01707089,-0.00262034
-0.0873786584,0.859893255,-0.502939856,0.990606708,0.128310487,0.047272817,0.105182023,-0.494084972,-0.863027621,-0.0572336167,0.0324777327,-0.000287968665
-0.0920079,0.86116817,-0.49992398,0.99011974,0.13247389,0.04597397,0.1058182,-0.49075462,-0.86484825,-0.08258709,0.03395807,0.0249461
-0.0942037,0.86217944,-0.49776725,0.98985773,0.13452103,0.04566989,0.1063358,-0.48841649,-0.86610737,-0.08828855,0.02865958,0.03302681
-0.09843178,0.86458588,-0.49274963,0.98930558,0.13857285,0.04551768,0.10763562,-0.48299962,-0.8689796,-0.07711795,0.00744986,0.01425669
-0.10290144,0.86673291,-0.48804206,0.98871451,0.14283168,0.04519389,0.10887885,-0.47788381,-0.87164898,-0.08422034,0.00573873,-0.00651575
-0.10551772,0.86755693,-0.48601539,0.98836767,0.14532584,0.04483008,0.10952323,-0.47563154,-0.87279967,-0.09269151,0.01497054,0.00939161
-0.11113204,0.8694224,-0.4814087,0.98758158,0.15074337,0.04426112,0.11105077,-0.47051154,-0.87537797,-0.10047176,0.01024341,0.05697095
-0.11695521,0.87238421,-0.47462321,0.98665196,0.15658985,0.04469305,0.11331068,-0.46306085,-0.87905358,-0.08492906,-0.00945645,0.08122382
-0.12589988,0.87822252,-0.46138286,0.98515079,0.16540749,0.04602245,0.11673409,-0.44873752,-0.88600638,-0.03459125,-0.03581023,0.02925161
-0.13201473,0.88108884,-0.45415244,0.98416299,0.17118492,0.04603084,0.11830129,-0.4408833,-0.88973396,-0.00791586,-0.04665362,-0.0074986
-0.135241063,0.881887912,-0.451645064,0.983667411,0.174150082,0.0454967366,0.118777002,-0.438115556,-0.891036632,0.000179433264,-0.0438431464,-0.0241922364
-0.14174164,0.88246454,-0.44851506,0.98271384,0.1799496,0.0434941,0.11909212,-0.43459701,-0.89271647,-0.01074301,-0.03282868,-0.01870235
-0.14809334,0.88234578,-0.44669251,0.9818087,0.18543886,0.04079272,0.11882742,-0.43252547,-0.89375702,-0.03379558,-0.014539,-0.01230975
-0.15116366,0.88237064,-0.44561359,0.9813715,0.18803184,0.03941971,0.11857232,-0.43135367,-0.89435697,-0.03027436,-0.00588483,-0.01200439
-0.156900426,0.883042535,-0.442287239,0.980522028,0.19285367,0.0372010765,0.118146831,-0.427835538,-0.896101477,-0.00818198733,0.00040793416,-0.016066188
-0.161887014,0.884646455,-0.437256398,0.979766791,0.196934461,0.0356902339,0.11768408,-0.422631527,-0.898628348,0.00248719612,-0.000904202403,-0.0225873385
-0.16808091,0.88792366,-0.42818259,0.97880294,0.20188884,0.03443333,0.11701945,-0.41331881,-0.90303595,0.01730689,-0.02750557,-0.031532
-0.17155707,0.8897219,-0.42304035,0.97835269,0.20430685,0.03293534,0.11573334,-0.40823237,-0.90551211,0.0178439,-0.02911305,-0.0162199
-0.17291928,0.89056419,-0.42070695,0.97820718,0.20512639,0.03215381,0.11493312,-0.40597855,-0.90662659,0.01084404,-0.0289731,-0.00814615
-0.17509362,0.89224162,-0.41622963,0.978048,0.20614154,0.03045936,0.11297932,-0.40175932,-0.9087492,0.00552259,-0.02185786,0.00556627
-0.17643136,0.89405923,-0.41174048,0.97804612,0.2063609,0.02900126,0.110896,-0.39758442,-0.9108397,0.01513295,-0.03425735,0.00342693
-0.17692179,0.89489692,-0.40970521,0.97808672,0.2062794,0.02820099,0.10975075,-0.39573783,-0.91178212,0.0229408,-0.03991907,0.00615556
-0.17768373,0.89625443,-0.40639436,0.97827727,0.20567898,0.02587794,0.10677998,-0.39296829,-0.91333114,0.02748575,-0.04710346,0.00103102
-0.17843875,0.89690911,-0.40461552,0.978536,0.20484101,0.02252776,0.10308721,-0.39191102,-0.91420943,0.0145758,-0.02777958,0.00502222
-0.17873408,0.89711594,-0.40402594,0.97868584,0.20431532,0.02071621,0.10113351,-0.3917118,-0.91451278,0.01162565,-0.01186639,0.00799924
-0.17914153,0.89750099,-0.40298901,0.97901997,0.20305251,0.0170143,0.09709826,-0.39148635,-0.91504652,0.00273171,0.01243257,0.01782623
-0.17899206,0.89824201,-0.40140166,0.97941312,0.20138607,0.01391719,0.09333773,-0.39064696,-0.91579653,0.00200816,0.0255115,0.01783129
-0.17876567,0.8987175,-0.4004369,0.97962369,0.20044949,0.0125473,0.09154385,-0.39003445,-0.91623845,-0.00283935,0.01854598,0.01828595
-0.177977444,0.899651151,-0.398687731,0.980070663,0.198389301,0.0101602011,0.0882360259,-0.38893385,-0.917030522,-0.000280024251,0.00701546622,0.0118232733
-0.17692895,0.90038196,-0.39750249,0.98050368,0.19632605,0.00827352,0.08548939,-0.38828887,-0.91756358,-0.00347198,-0.00569862,0.00294086
-0.174364615,0.900692325,-0.397932577,0.981281116,0.1924957,0.00572637422,0.0817580137,-0.389485243,-0.917396809,-0.0156305023,0.00925981905,9.71243717e-05
-0.17389465,0.90071205,-0.39809359,0.98139298,0.19192946,0.00556206,0.08141571,-0.38971903,-0.91732799,-0.01423563,0.01055896,0.00102781
-0.17299613,0.90098871,-0.39785904,0.98159688,0.19088684,0.0054656,0.08087052,-0.38959164,-0.9174304,-0.02686921,0.00496745,0.02926855
-0.17227497,0.90182575,-0.39627224,0.9817393,0.1901394,0.00591393,0.0806803,-0.3880172,-0.91811404,-0.0349113,-0.00545287,0.04272986
-0.17188793,0.90252417,-0.39484764,0.98181476,0.18973749,0.00628234,0.08058736,-0.38658738,-0.91872514,-0.03693384,-0.01735401,0.03781796
-0.17117754,0.90424471,-0.39120273,0.9819322,0.18908781,0.00740478,0.08066738,-0.38286706,-0.92027457,-0.02409686,-0.04228019,0.02006448
-0.17063629,0.90564762,-0.3881822,0.9820338,0.18852801,0.00816412,0.080577,-0.37981498,-0.92154629,-0.00634839,-0.04650205,0.0095742
-0.17045308,0.90682403,-0.38550718,0.98213646,0.18800066,0.00797707,0.07970938,-0.37726096,-0.92267022,-0.01128248,-0.03717911,0.01560403
-0.17067793,0.90697117,-0.38506163,0.98216977,0.18786068,0.00714072,0.07881438,-0.37697711,-0.92286335,-0.00837856,-0.00260991,0.03064253
-0.17076941,0.90710529,-0.38470438,0.98218087,0.18781225,0.00685921,0.07847418,-0.376678,-0.92301405,0.0022293,0.01190364,0.02582262
-0.17089696,0.90753948,-0.38362221,0.98220367,0.18770576,0.0065025,0.07790933,-0.37568393,-0.92346694,0.00773568,0.02857113,0.00742924
-0.17081886,0.90818225,-0.38213314,0.98225728,0.18742998,0.00636523,0.07740397,-0.37426579,-0.9240852,-0.00213746,0.02995884,-0.00353249
-0.17063772,0.90853421,-0.38137696,0.98230737,0.18716752,0.00637016,0.07716889,-0.3735424,-0.92439769,-0.00298534,0.0146451,-0.00913123
-0.16926216,0.90956008,-0.3795401,0.98268586,0.18519556,0.00557224,0.07535742,-0.37202553,-0.92515842,-0.01389442,-0.03474497,0.02106041
-0.16876881,0.90986112,-0.37903796,0.98279888,0.18459654,0.00551759,0.07498933,-0.37158689,-0.92536463,-0.00189552,-0.04334485,0.01631006
-0.16778542,0.91035613,-0.37828513,0.98300258,0.18350575,0.00560948,0.07452411,-0.37091409,-0.92567201,0.02125002,-0.05167138,-0.00109721
-0.16702221,0.9105428,-0.37817333,0.98317565,0.18258262,0.00538604,0.07395205,-0.37091128,-0.92571885,0.02151959,-0.03784561,-0.01401989
-0.166723,0.91051776,-0.37836586,0.98325672,0.18215455,0.00508324,0.07354943,-0.3711833,-0.92564206,0.0195801,-0.02382254,-0.01657449
-0.16627422,0.91042398,-0.3787893,0.98338868,0.18145785,0.00446587,0.07280016,-0.37175451,-0.92547241,0.01968649,-0.00099653,-0.01956363
-0.16564922,0.910486,-0.37891364,0.98352306,0.18073123,0.00431075,0.07240641,-0.37195624,-0.92542197,0.01003466,0.01496625,-0.01854675
-0.16515857,0.91071674,-0.3785732,0.9836056,0.18027528,0.0045667,0.07240636,-0.37161249,-0.92556009,0.00433076,0.01150858,-0.02006553
-0.16396385,0.91158238,-0.37700601,0.98380278,0.17917404,0.00536833,0.07244337,-0.37001933,-0.92619535,0.00425906,-0.00143409,-0.01290553
-0.16223314,0.91282915,-0.37473096,0.98406322,0.17768846,0.00680889,0.07280072,-0.36765433,-0.92710855,0.01859059,-0.02171981,-0.01718722
-0.16125762,0.91343864,-0.37366531,0.98421764,0.17680475,0.00746026,0.07288028,-0.36656498,-0.92753353,0.03048209,-0.02503669,-0.01622252
-0.15918462,0.91446062,-0.37205102,0.98456129,0.17483482,0.00847326,0.07279593,-0.36495823,-0.92817355,0.04296503,-0.03643584,-0.00678492
-0.15699827,0.91516153,-0.37125585,0.98498477,0.17243108,0.00851538,0.07180899,-0.36434446,-0.92849156,0.03882674,-0.02324915,0.00647798
-0.15588219,0.91543094,-0.37106159,0.98521625,0.17111539,0.00826402,0.07105946,-0.36428773,-0.92857127,0.032449,-0.02170175,0.01858705
-0.15350419,0.91593937,-0.37079854,0.98573631,0.16814058,0.00725987,0.06899588,-0.36439516,-0.92868498,0.0383363,-0.01252925,0.02311924
-0.151060477,0.916345187,-0.370799272,0.986293804,0.164899688,0.00570366794,0.0663711959,-0.364855446,-0.928695403,0.0432853326,0.000261068315,0.0176492538
-0.149853351,0.916475353,-0.370967535,0.986563784,0.163302664,0.00491414049,0.0650836768,-0.365246732,-0.928632844,0.0434032083,-6.23464512e-05,0.0173015296
-0.14761378,0.91643316,-0.37196827,0.98705991,0.16031841,0.00327293,0.06263278,-0.36667185,-0.92823963,0.04976823,0.01132405,0.00629007
-0.14582963,0.9160437,-0.37362762,0.98745,0.15792185,0.00177665,0.06063145,-0.36867951,-0.92757704,0.03727031,0.02722966,-0.00138775
-0.145094216,0.915800835,-0.37450815,0.987600481,0.156982835,0.00125437699,0.0599400908,-0.36968245,-0.927222643,0.0289540216,0.0317228995,0.000275161117
-0.143902412,0.915437087,-0.375854949,0.987812043,0.15564861,0.000899008722,0.0593242734,-0.371144691,-0.926677987,0.00479796948,0.0478374921,0.00595488073
-0.14158078,0.91607247,-0.3751879,0.98811128,0.15372041,0.00245569,0.05992361,-0.37037974,-0.92694539,-0.00948857,0.05477762,0.01696051
-0.13967823,0.91717083,-0.3732126,0.98831954,0.1523304,0.00446466,0.06094648,-0.36822969,-0.9277351,0.00472065,0.03824234,0.01591158
-0.137740118,0.918241081,-0.371296107,0.988502989,0.151046051,0.00684096103,0.0623644381,-0.366085065,-0.92848915,0.0273890011,0.0126578799,7.86073506e-05
-0.13677258,0.91850027,-0.3710127,0.9885835,0.15045881,0.00804627,0.06321262,-0.36567654,-0.92859286,0.04062049,0.0101881,-0.01141208
-0.13505191,0.91813917,-0.37253369,0.98871956,0.14945082,0.00990006,0.06476509,-0.36699434,-0.92796577,0.02274711,0.01156258,-0.00454556
-0.13392894,0.91700185,-0.3757267,0.98878442,0.14894033,0.01104964,0.06609339,-0.37003285,-0.92666456,-0.0151957,0.01491082,0.00987121
-0.13357656,0.91644261,-0.37721342,0.98878345,0.14890299,0.01161813,0.06681552,-0.37143052,-0.92605323,-0.02976513,0.02641105,0.02212314
-0.13297173,0.9158967,-0.37874977,0.98875449,0.14897115,0.01311019,0.06843032,-0.37274731,-0.92540592,-0.04743601,0.02626836,0.02381275
-0.13261072,0.91620961,-0.37811927,0.98869065,0.14923157,0.01485321,0.07003597,-0.37187331,-0.92563758,-0.0397094,0.02122485,0.01840154
-0.13241559,0.91663281,-0.37716102,0.98865553,0.14935788,0.01588963,0.07089693,-0.3707783,-0.92601141,-0.03156058,0.01582289,0.01264115
-0.13220388,0.91738039,-0.37541351,0.98857453,0.14969377,0.01766773,0.07240509,-0.36878849,-0.92668898,-0.01023281,-0.01541209,-0.00925302
-0.13237981,0.91736515,-0.37538891,0.98848761,0.15017746,0.0184124,0.07326585,-0.36862984,-0.92668454,0.00391598,-0.02593434,-0.01146533
-0.13265605,0.91693657,-0.37633712,0.98843821,0.15051465,0.01830811,0.07343162,-0.36955732,-0.92630182,0.00186949,-0.02096307,-0.00906948
-0.13354354,0.91560926,-0.37924345,0.98833025,0.15133497,0.01734612,0.07327504,-0.37250134,-0.92513413,-0.01778761,-0.00789916,-0.00216186
-0.13476889,0.91425501,-0.38206682,0.98818851,0.15239504,0.01609875,0.07294344,-0.37538444,-0.9239944,-0.03839033,0.00740755,0.00544283
-0.13540949,0.91380007,-0.3829277,0.98811063,0.15295231,0.01558576,0.07281194,-0.37626449,-0.92364676,-0.04142023,0.0144633,0.00509869
-0.13669164,0.91350346,-0.38317982,0.98793958,0.15411344,0.01498001,0.07273745,-0.37651088,-0.92355224,-0.0326776,0.0210557,-0.00666087
-0.13794793,0.91378303,-0.38206111,0.98775499,0.15530784,0.01481096,0.07287105,-0.37533967,-0.92401813,-0.00879597,0.01404333,-0.01477104
-0.13854703,0.91404213,-0.38122391,0.9876545,0.15593427,0.01493575,0.07309778,-0.37444821,-0.92436206,-0.00390287,0.00833702,-0.02196478
-0.13978573,0.91441818,-0.37986742,0.98746636,0.15712787,0.01486521,0.07328076,-0.37302837,-0.92492143,0.01772686,-0.00231242,-0.02870935
-0.14108587,0.914334783,-0.379587271,0.987293745,0.158264213,0.0142605502,0.0731139729,-0.372752205,-0.925045852,0.021422226,-0.000908195914,-0.0291810576
-0.14177239,0.91413249,-0.37981892,0.98721353,0.15881111,0.01372973,0.07287027,-0.37301588,-0.924959,0.01782122,0.00662231,-0.02584216
-0.14425867,0.91352232,-0.38035011,0.98696564,0.16053751,0.01124251,0.07133071,-0.37377069,-0.92477406,-0.01059954,0.01969445,0.0014926
-0.1447811,0.91373902,-0.37963058,0.98691721,0.16086523,0.01080477,0.07094209,-0.37309963,-0.92507501,-0.00782924,0.01420796,0.00556221
-0.14544592,0.91449606,-0.37754793,0.98687408,0.16116907,0.01020177,0.07017853,-0.37110846,-0.92593384,0.00835933,-0.00348151,-0.00539888
-0.1461856,0.91546702,-0.37489989,0.98686434,0.16129694,0.00906024,0.06876456,-0.36865085,-0.92702104,0.00608815,-0.0027051,-0.01188286
-0.146526792,0.915588751,-0.374469032,0.986919989,0.161033406,0.00755759861,0.067221665,-0.368463595,-0.927208546,-0.000610507559,-0.00453603221,0.00705517828
-0.14679003,0.91558376,-0.37437805,0.98698342,0.16070812,0.00604283,0.06569829,-0.36861792,-0.92725634,0.00452304,-0.00241899,0.01458201
-0.14703543,0.91562481,-0.37418145,0.98699619,0.16065665,0.00528564,0.0649544,-0.3685385,-0.92734042,0.00796528,-0.01341021,0.01078938
-0.14761819,0.91549612,-0.37426705,0.98699505,0.16070565,0.00381295,0.06363758,-0.36883685,-0.92731322,0.00459778,-0.0043177,-0.00467937
-0.14833564,0.91513053,-0.37487681,0.98695898,0.1609543,0.00238209,0.06251796,-0.36963469,-0.92707155,-0.01251223,-0.0048421,0.0028173
-0.14871544,0.91495332,-0.37515858,0.98693314,0.16112073,0.00172089,0.06202033,-0.37000054,-0.92695889,-0.02377721,0.00743294,0.00494083
-0.15199542,0.91678414,-0.36932932,0.98663759,0.16292194,-0.00162514,0.05868193,-0.36464122,-0.92929709,0.00888152,-0.02381795,0.00230466
-0.15239367,0.91693652,-0.36878624,0.98661234,0.1630668,-0.00225553,0.05806858,-0.36419283,-0.92951123,0.02894137,-0.04713493,-0.01418057
-0.15350346,0.91648342,-0.36945204,0.98650897,0.16366078,-0.0038981,0.05689226,-0.36506612,-0.92924161,0.04220514,-0.03757894,-0.04438225
-0.15496457,0.91483101,-0.37292103,0.98633631,0.16463511,-0.00599047,0.05591561,-0.36875388,-0.92784364,0.00825461,-0.01506555,-0.0334907
-0.15576201,0.91383489,-0.37502539,0.98623933,0.16516934,-0.00714905,0.05540965,-0.37097833,-0.92698702,-0.01480848,-0.00361586,-0.01771941
-0.15766019,0.91227403,-0.37802041,0.98597789,0.16662795,-0.00909755,0.05468932,-0.37415407,-0.92575262,-0.03670785,0.00886071,0.01669285
-0.159883377,0.91217305,-0.377329319,0.985599339,0.168830868,-0.00948285762,0.0550547993,-0.373411715,-0.926030399,-0.00373103213,0.000391662092,0.00482613966
-0.161046288,0.912660011,-0.375653882,0.985367781,0.170208612,-0.00891031918,0.0558074396,-0.371592199,-0.926717236,0.0186998453,-0.000513434352,-0.00743476953
-0.16474766,0.91599682,-0.36579775,0.9845832,0.17482544,-0.0056541,0.05877161,-0.36108982,-0.93067716,0.00609106,0.019912,0.02062029
-0.16520836,0.91686437,-0.36340856,0.98450043,0.17530236,-0.00528147,0.05886396,-0.35864845,-0.93161477,0.00726723,0.01590335,0.04798897
-0.16586702,0.91845447,-0.35906759,0.98443403,0.17567161,-0.00539939,0.05811889,-0.35437393,-0.93329596,0.03155337,-0.00509822,0.07051513
-0.16612976,0.9196448,-0.3558853,0.98445534,0.17553421,-0.00595193,0.05699638,-0.35134198,-0.93451068,0.04814546,-0.01838922,0.05523143
-0.16614761,0.91989984,-0.35521695,0.9844884,0.17533159,-0.00642714,0.05636841,-0.35077485,-0.93476164,0.03101587,-0.02631777,0.05181536
-0.16586783,0.91949118,-0.3564038,0.98462534,0.1744931,-0.00806091,0.05477805,-0.35226129,-0.9342971,-0.00660441,-0.00618845,0.06949279
-0.1654569,0.91819655,-0.35991525,0.98482634,0.17320155,-0.01087298,0.05235433,-0.35625305,-0.93292153,-0.04205719,0.00796759,0.09400059
-0.16531521,0.91743516,-0.36191658,0.98492183,0.17254852,-0.01249035,0.05098909,-0.35852439,-0.93212681,-0.0424113,0.01457703,0.10692814
-0.16520614,0.91614635,-0.36521612,0.98504243,0.17166001,-0.01497564,0.04897313,-0.36222744,-0.93080232,-0.03102067,0.00565743,0.10161962
-0.16523727,0.91511645,-0.36777514,0.98505984,0.17147702,-0.01589865,0.04851587,-0.36490757,-0.92977887,-0.02280858,0.00504529,0.06817447
-0.165319559,0.914504005,-0.369258315,0.985040889,0.171565601,-0.0161112956,0.0486181577,-0.366398078,-0.929186984,-0.0259196516,0.000525355281,0.0628099293
-0.16598239,0.91276897,-0.37323269,0.98491195,0.172241,-0.0167772,0.04897226,-0.37038606,-0.92758604,-0.02462313,0.00885355,0.05701481
-0.16732673,0.91042213,-0.37832963,0.98465705,0.17359598,-0.01774596,0.04952018,-0.37549432,-0.92550082,-0.01084601,0.00814915,0.04200478
-0.16825641,0.90908861,-0.38111371,0.98447818,0.17455446,-0.01826043,0.04992474,-0.37827057,-0.92434781,-0.01013741,-0.00155026,0.03326831
-0.17028107,0.90641514,-0.3865433,0.9840545,0.17687732,-0.01873469,0.0513893,-0.38356987,-0.92208075,-0.02599571,-0.00906157,0.0147388
-0.17198296,0.90355425,-0.39244299,0.98364225,0.17917681,-0.01853468,0.05356958,-0.38921117,-0.91958949,-0.04764526,-0.01881677,0.00726601
-0.17385734,0.89918946,-0.40153667,0.98308105,0.18235168,-0.01730188,0.05766318,-0.39775119,-0.91567929,-0.03147487,-0.02611828,0.01572051
-0.174797568,0.896784712,-0.406476153,0.982720427,0.184428127,-0.0157079751,0.060878945,-0.402198157,-0.913526239,-0.00386310508,-0.0489755832,0.000342531886
-0.17601349,0.89349197,-0.41314766,0.98216804,0.18756904,-0.01278884,0.06606693,-0.4080315,-0.91057392,0.01923972,-0.05778414,-0.02602792
-0.17626518,0.89076018,-0.41889948,0.9819312,0.18888682,-0.01152428,0.06885921,-0.41336182,-0.90795938,0.00257752,-0.03057533,-0.01619143
-0.176033694,0.889311616,-0.422062733,0.981885159,0.189160125,-0.010952414,0.0700973246,-0.416345134,-0.906500431,-0.00656332169,-0.00331020332,0.000119074597
-0.174917629,0.886541531,-0.428308178,0.981934745,0.188961163,-0.00988963628,0.0721660317,-0.422300561,-0.903578569,0.000394898932,0.0276534539,0.0137518412
-0.17302735,0.88439439,-0.43348365,0.98208153,0.18829301,-0.00784737,0.07468177,-0.4270741,-0.90112724,0.01126733,0.02036297,-0.01845387
-0.16913568,0.88135409,-0.44114382,0.98237705,0.18688079,-0.00328016,0.07955029,-0.4339244,-0.89743023,-0.02973216,0.00195885,-0.05171717
-0.16561459,0.878709096,-0.447707537,0.982656158,0.185436261,0.000451763775,0.0834181659,-0.439867767,-0.894179851,-0.0485041216,0.00503814174,-0.0525164306
-0.16368457,0.87712447,-0.45150836,0.98279184,0.18469898,0.00251592,0.08559987,-0.44332696,-0.89226314,-0.05923414,0.01316118,-0.0498683
-0.15953937,0.87387138,-0.45923417,0.98303848,0.18325775,0.00720849,0.09045752,-0.45029481,-0.88828602,-0.05610534,0.02103174,-0.05116636
-0.15499665,0.87094689,-0.4662914,0.98320922,0.1820086,0.01313724,0.09631091,-0.45642575,-0.88453374,-0.07383339,0.0168364,-0.05187961
-0.15271801,0.86981754,-0.46914235,0.98324479,0.18154028,0.01651447,0.09953279,-0.45875974,-0.88296803,-0.08959929,-0.00108129,-0.05005842
-0.14804484,0.86842971,-0.47319384,0.98323205,0.18075677,0.02411696,0.10647686,-0.46168899,-0.88062802,-0.09610378,-0.02939236,-0.05094371
-0.14339377,0.86770594,-0.47594578,0.98316838,0.17991375,0.03179315,0.11321626,-0.46337595,-0.87889955,-0.08864717,-0.04743427,-0.06423599
-0.14108242,0.86728705,-0.4773979,0.98314887,0.17936449,0.03530669,0.11624924,-0.46437209,-0.87797745,-0.09187999,-0.0390433,-0.05929207
-0.13620581,0.86622741,-0.48072667,0.98322359,0.17762456,0.04148419,0.12132361,-0.4670114,-0.87588873,-0.08587374,-0.02423549,-0.03723825
-0.12837171,0.86414235,-0.48659921,0.98367978,0.17332515,0.04829645,0.1260749,-0.47245789,-0.8722894,-0.06023737,0.01142669,-0.04089174
-0.12266708,0.86226794,-0.49137218,0.98415943,0.1695411,0.0518258,0.12799548,-0.47723127,-0.86940623,-0.04739717,0.01343834,-0.05070551
-0.1168091,0.85958146,-0.49746895,0.98470027,0.16545589,0.05467853,0.12930982,-0.48347085,-0.86575685,-0.06198645,0.01341903,-0.05528165
-0.11376802,0.85790535,-0.50105401,0.98498777,0.16330254,0.05595784,0.1298299,-0.48716588,-0.86360487,-0.08028531,0.01326108,-0.05496182
-0.10756807,0.8542854,-0.50855214,0.98557464,0.15885287,0.05837964,0.1306578,-0.49493636,-0.85904951,-0.09832994,0.00585294,-0.02289638
-0.1010594,0.85074957,-0.51576365,0.98617075,0.15410951,0.06097125,0.13135534,-0.50246931,-0.85455855,-0.08169693,-0.01429301,0.00693932
-0.09766527,0.84927689,-0.51883535,0.98646593,0.15160191,0.06246382,0.13170548,-0.50571288,-0.85258896,-0.07498057,-0.02770752,0.01082939
-0.09134507,0.84701586,-0.52366012,0.9869671,0.14696495,0.06555172,0.13248297,-0.51084754,-0.84940129,-0.06846478,-0.05089175,0.01455828
-0.08546213,0.84555447,-0.52700454,0.98736277,0.14272489,0.06887888,0.13345749,-0.51445814,-0.84706658,-0.05407018,-0.06055075,0.0104711
-0.08272628,0.84508067,-0.52819989,0.98753383,0.14073613,0.07050069,0.1339156,-0.51578298,-0.84618833,-0.05116174,-0.05964255,0.01107422
-0.0777834,0.84446128,-0.52993846,0.98785952,0.13697929,0.07328123,0.13447374,-0.51780472,-0.84486383,-0.03431903,-0.03786033,-0.00552922
-0.07299396,0.84394155,-0.53144557,0.98815543,0.13331991,0.07599031,0.13498363,-0.51960402,-0.84367697,-0.01205156,-0.0142104,-0.01686079
-0.07074925,0.84366244,-0.53219193,0.98829581,0.13157504,0.07719725,0.1351516,-0.5205014,-0.84309689,-0.00342993,0.00475073,-0.01963742
-0.0604479,0.84115247,-0.53740899,0.98894739,0.12349213,0.08205258,0.13538448,-0.52650934,-0.83932038,0.04146694,0.03959655,-0.03711382
-0.05756811,0.83999337,-0.53953401,0.98913282,0.1212241,0.08319188,0.13528513,-0.52888162,-0.83784365,0.04634922,0.03810644,-0.04316914
-0.0514886,0.83669986,-0.54523604,0.98954361,0.11639874,0.0851753,0.13473096,-0.53514927,-0.83394421,0.05362875,0.03513038,-0.03072472
-0.04149656,0.83029305,-0.55578006,0.9901107,0.10878129,0.08858566,0.13401052,-0.54660778,-0.82659608,0.03622662,0.01966631,-0.01970347
-0.03400438,0.82635758,-0.56211804,0.99036765,0.10339726,0.0920912,0.13422169,-0.55357205,-0.82191376,0.03196341,-0.01730299,0.00139144
-0.02637625,0.8232171,-0.56711344,0.99054561,0.09792313,0.09607405,0.13462327,-0.55921771,-0.81801691,0.04815954,-0.03814435,0.00132254
-0.02265221,0.82195287,-0.56910484,0.99061104,0.09522022,0.0980961,0.13482065,-0.56153946,-0.81639253,0.04777321,-0.04246425,-0.00945176
-0.01567246,0.82003161,-0.57210358,0.99071204,0.09002892,0.10190399,0.13507036,-0.56519282,-0.81382616,0.0521377,-0.03540295,-0.01099367
-0.00610943,0.81834975,-0.57468804,0.99080117,0.0826475,0.10715609,0.13518769,-0.56874692,-0.81132682,0.04907615,-0.01351374,-0.00799982
0.00627372,0.81784321,-0.57540679,0.99085063,0.07249339,0.11384015,0.13481654,-0.57085642,-0.80990565,0.0390606,0.00421941,-0.0027667
0.00939964,0.81791674,-0.57525992,0.99084982,0.06984228,0.11549373,0.13464174,-0.57108176,-0.80977617,0.03873932,0.00365043,-0.00420284
0.01584066,0.81805555,-0.57492111,0.99077586,0.06455125,0.11914875,0.13458219,-0.57150533,-0.80948716,0.05221818,-0.00709522,-0.01045901
0.02207352,0.81790724,-0.57492652,0.99067557,0.05943753,0.1225932,0.13444208,-0.57227173,-0.80896872,0.06809027,-0.00863027,-0.01478655
0.02506049,0.81760981,-0.575227,0.99061573,0.05702545,0.12421153,0.13435913,-0.57294174,-0.80850805,0.07492393,-0.00960666,-0.01462067
0.0305405226,0.816849311,-0.576042029,0.990475476,0.0526787693,0.127213285,0.134259256,-0.574440677,-0.80746037,0.0709920675,0.000313937635,0.00226943381
0.03524404,0.81669849,-0.57598718,0.99034732,0.04876689,0.12974506,0.13405165,-0.57500015,-0.8070964,0.07434019,0.00500727,0.01322734
0.04131892,0.81768434,-0.57418199,0.99019384,0.04324379,0.1328384,0.13344966,-0.57404023,-0.8078792,0.07964939,0.0027982,0.01549228
0.04482487,0.81891161,-0.57216645,0.99007475,0.03995052,0.13474376,0.13320156,-0.57252744,-0.80899293,0.07801053,0.00499022,0.0132986
0.04639277,0.81956355,-0.57110701,0.99000835,0.03848857,0.13565404,0.13315817,-0.5716941,-0.80958916,0.07757784,-0.00145447,0.00517468
0.04935583,0.8204157,-0.5696331,0.9898682,0.03584317,0.13738995,0.13313428,-0.57064273,-0.81033433,0.08190588,0.00690103,-0.00835403
0.05197461,0.82070587,-0.56898201,0.98972976,0.03364317,0.13893582,0.1331678,-0.57035956,-0.81052843,0.07981143,0.0151962,-0.00837895
0.05316955,0.8206584,-0.56893991,0.98964863,0.03274907,0.13972444,0.13329825,-0.57047972,-0.8104222,0.07138524,0.02141893,-0.01348712
0.0556282,0.82043189,-0.5690316,0.9894428,0.03108799,0.14155005,0.13382221,-0.57089841,-0.81004106,0.06168553,0.02454066,-0.00717712
0.05816662,0.82026655,-0.56901614,0.98919311,0.02948529,0.14362293,0.13458668,-0.57122092,-0.80968696,0.05560029,0.03188598,-0.01055724
0.05951179,0.82020249,-0.5689692,0.98903881,0.02871044,0.14483662,0.13513064,-0.57135217,-0.80950347,0.05527722,0.03756129,-0.00575006
0.06524099,0.82072618,-0.56758435,0.98823862,0.02569325,0.15074526,0.13830363,-0.57074358,-0.80939705,0.03877285,0.04427063,-0.00914311
0.06671955,0.82120326,-0.56672188,0.987997,0.02493474,0.15244725,0.13932123,-0.57009073,-0.80968273,0.0385131,0.03625965,-0.01050872
0.06964327,0.82251606,-0.56446173,0.98749432,0.02338345,0.15591048,0.14143791,-0.56826089,-0.81060144,0.03057959,0.02184975,-0.00693823
0.07247256,0.82399551,-0.56194203,0.9869595,0.0219453,0.15946492,0.14373031,-0.56617092,-0.81165976,0.03292811,0.01753056,-0.00955746
0.07576079,0.82617333,-0.55829911,0.98619517,0.02059424,0.16430137,0.14723915,-0.56303949,-0.81320791,0.04098379,0.02448797,-0.02324209
0.0774587,0.82701209,-0.55682222,0.98575191,0.0201128,0.16699842,0.14930893,-0.56182408,-0.81367083,0.02589932,0.01541865,-0.01759176
0.07810986,0.82723658,-0.55639777,0.98556309,0.02001837,0.16812094,0.15021396,-0.56149701,-0.8137302,0.01983973,0.01804662,-0.01386752
0.07901489,0.82773521,-0.55552769,0.9852443,0.02002869,0.16997777,0.15182306,-0.56076128,-0.81393883,0.0186341,0.01053131,-0.00385096
0.07988236,0.83018104,-0.55174102,0.98476295,0.02004853,0.17274227,0.15446894,-0.5571332,-0.81593,0.01759058,0.0039264,-0.00228105
0.0796453,0.83128487,-0.55011101,0.98471587,0.02013911,0.17300028,0.15489127,-0.5554817,-0.81697542,0.02532683,0.00406051,-0.0074856
0.079312,0.83171978,-0.54950139,0.98474534,0.02027235,0.17281668,0.15487473,-0.55482538,-0.81742434,0.02309413,0.00442076,-0.00598208
0.0771309345,0.83250902,-0.548616107,0.985067107,0.0213205769,0.170845877,0.153927563,-0.553601166,-0.81843278,0.0155707495,0.0182969552,0.000708017498
0.0763885579,0.832552848,-0.548653349,0.98518551,0.0217111232,0.170111989,0.153539091,-0.553519949,-0.818560519,0.0152928019,0.019899128,-0.000982400961
0.07482766,0.83252597,-0.54890906,0.98544977,0.02250489,0.16846986,0.15260863,-0.55352854,-0.81872853,0.00449168,0.01783609,0.00541628
0.07253971,0.83253324,-0.54920517,0.98585279,0.02357347,0.16594726,0.15110326,-0.55347323,-0.8190452,-0.00182052,0.02328718,0.00298256
0.07104382,0.83245562,-0.54951835,0.98608486,0.02439664,0.16444284,0.15029777,-0.55355438,-0.81913865,0.00415218,0.01794386,0.00208981
0.0691309861,0.832332249,-0.549949051,0.986318936,0.0256712034,0.162837258,0.149652561,-0.553682257,-0.819170384,-0.00462885713,-0.000820279063,0.0167991966
0.0677697422,0.832550562,-0.549787804,0.986430333,0.0266819835,0.161997118,0.149540179,-0.553305911,-0.819444888,0.000778439455,-0.000991463545,0.0132443495
0.06631764,0.83284958,-0.54951207,0.98654454,0.0277508,0.16112027,0.14943834,-0.55280326,-0.81980284,0.01262403,-0.0042904,0.00670269
0.06541552,0.83295749,-0.54945651,0.98661644,0.02842998,0.16056016,0.14936079,-0.55260599,-0.81994979,0.00977097,-0.00762522,0.01705624
0.06362925,0.83301351,-0.5495816,0.9867439,0.02986721,0.15951349,0.14929139,-0.55244599,-0.82007058,0.01418193,-0.00757539,0.01466625
0.06170072,0.83293824,-0.54991524,0.98685405,0.03154484,0.15850512,0.14937194,-0.55246599,-0.82004213,0.00890116,-0.0114181,0.00920639
0.06070028,0.8329115,-0.55006712,0.98691633,0.03238674,0.15794677,0.14937055,-0.55245766,-0.82004808,0.00409045,-0.01506025,0.01043011
0.05890375,0.83264693,-0.55066266,0.98699846,0.03405986,0.15707922,0.149547,-0.55275577,-0.81981498,0.00302468,-0.01336437,0.0176468
0.05713672,0.83247133,-0.55111417,0.98703456,0.03583273,0.15645687,0.14999378,-0.55290817,-0.81963061,0.00672119,0.00172234,0.00307275
0.0563263439,0.832402452,-0.551301567,0.987022413,0.0367434328,0.15632208,0.150379577,-0.552952071,-0.819530249,0.00757053308,0.00103116024,0.000751944957
0.05300428,0.832707,-0.55117101,0.98678582,0.04095389,0.15676869,0.15311496,-0.55219717,-0.81953272,,,
0.0521019604,0.832944934,-0.550897666,0.986609369,0.0424425243,0.157482387,0.154555669,-0.551725916,-0.819579943,0.00466326624,-0.0036294458,0.000178479473
0.0513945662,0.8334587,-0.550186307,0.986397925,0.0437654484,0.15844083,0.156132993,-0.550845675,-0.819872616,-0.00177149521,-0.00612539006,-0.000495015644
0.0511149149,0.833867608,-0.54959252,0.986274287,0.0443660614,0.159042583,0.157003685,-0.550178448,-0.820154407,-0.00141119747,-0.0104076853,-0.000419806369
0.0508091945,0.83466283,-0.548412511,0.98599777,0.0454065149,0.160457286,0.158829212,-0.54888624,-0.820668616,-0.000835638202,-0.0151575198,-0.0050433483
0.05058995,0.83540181,-0.54730665,0.98572266,0.04635515,0.16187071,0.16059759,-0.54768158,-0.82112939,0.00174971,-0.01439059,-0.01046719
0.05051223,0.83570338,-0.54685309,0.98558464,0.04681313,0.16257729,0.16146628,-0.54718217,-0.82129177,0.00298872,-0.01512015,-0.01220242
0.05034788,0.83610755,-0.54625,0.98535171,0.04764306,0.16374353,0.16293218,-0.54649255,-0.82146127,-0.00429323,-0.0162636,-0.01489213
0.05031925,0.83642931,-0.54575981,0.98512357,0.04833659,0.16490885,0.16431472,-0.54593898,-0.82155396,-0.01237738,-0.01393092,-0.00985489
0.05039765,0.83661639,-0.54546576,0.98501139,0.04857311,0.16550834,0.16496192,-0.54563126,-0.82162869,-0.01215899,-0.01440418,-0.01058026
0.05052645,0.83697452,-0.54490424,0.98485542,0.0488492,0.16635342,0.16585168,-0.54505716,-0.82183071,-0.00764112,-0.00970411,-0.01139087
0.05074638,0.83742776,-0.54418674,0.98474899,0.04883853,0.16698469,0.16641483,-0.54436128,-0.82217775,-0.00758207,-0.0104863,-0.01066971
0.05084288,0.83759631,-0.54391849,0.98471538,0.04879995,0.16719477,0.1665849,-0.54410558,-0.82231283,-0.00959134,-0.01072627,-0.00596567
0.05112795,0.83800324,-0.54326455,0.98469059,0.0484692,0.16743672,0.16664409,-0.54350821,-0.82269577,-0.01015491,-0.00775206,-0.01087532
0.0515454864,0.83844278,-0.542546483,0.984867011,0.0473364847,0.16672176,0.165468883,-0.542929903,-0.82331465,-0.0136895142,-0.000952482165,-0.00986926444
0.05163157,0.83832859,-0.54271469,0.98501167,0.04680859,0.16601459,0.16457846,-0.54315192,-0.82334664,-0.01835651,-0.00249726,-0.00594541
0.0517215958,0.838262397,-0.542808464,0.985065166,0.046561244,0.16576691,0.164230004,-0.543275439,-0.823334866,-0.0175646711,-0.000369667978,-0.00512215216
0.0519692546,0.838070645,-0.543080821,0.985195539,0.0459367098,0.165165239,0.163367482,-0.543624319,-0.823276164,-0.0156472772,-0.000109493725,-0.00904962234
0.05246529,0.83759809,-0.54376164,0.98537582,0.0449745,0.16435231,0.16211657,-0.54443238,-0.8229893,-0.00551774,0.00307846,-0.00304828
0.0527082,0.8371691,-0.5443983,0.98548584,0.04448643,0.16382422,0.16136686,-0.54513174,-0.82267349,-0.00150532,0.00477815,0.00347827
0.05283672,0.83695208,-0.54471949,0.98560699,0.04401053,0.16322304,0.16058321,-0.54550354,-0.82258043,-0.00762002,0.00601268,0.0035322
0.05283357,0.83694067,-0.54473731,0.98565504,0.04385375,0.16297482,0.16028898,-0.54553365,-0.82261782,-0.01133832,0.0044502,0.00430097
