0,1,2,3,4,5,6,7,8,9,10,11
0.96956311,0.20502778,0.13383193,0.22619457,-0.95929677,-0.16907354,0.09371976,0.19419952,-0.97647493,0.00239491,0.01169086,-0.03750999
0.96956118,0.20594609,0.13242856,0.2268161,-0.95917058,-0.16895643,0.09222566,0.19385052,-0.97668645,-0.00989117,0.01510417,-0.02360556
0.96934822,0.2069521,0.13241922,0.22775809,-0.95904294,-0.16841129,0.09214268,0.19340874,-0.97678158,-0.03043738,-0.00797713,-0.00877697
0.96914558,0.20739305,0.13321022,0.22832151,-0.95896073,-0.16811764,0.09287695,0.19334523,-0.97672485,-0.02709016,-0.01422417,-0.00100513
0.96862261,0.20821057,0.13571515,0.22957917,-0.9587376,-0.16767662,0.09520318,0.19357273,-0.97645573,0.01325283,0.00139737,0.01778659
0.968170093,0.209139389,0.137504131,0.230817507,-0.958497838,-0.167347334,0.0967984959,0.193759045,-0.976261974,0.00242557982,0.000371217728,0.0159057211
0.96799307,0.20959384,0.13805737,0.23136626,-0.95838277,-0.16724759,0.09725777,0.19383633,-0.97620082,-0.00402481,-0.00849444,0.01727763
0.9677472,0.21028339,0.13873085,0.23218098,-0.9581867,-0.16724287,0.09776166,0.19405948,-0.9761063,0.00411455,0.0096662,0.00583308
0.96751076,0.21098641,0.13931138,0.23298455,-0.95800348,-0.1671746,0.09818922,0.19420063,-0.97603524,0.01068853,0.00594044,-0.00653912
0.96744214,0.21122703,0.13942328,0.23324665,-0.95793663,-0.16719236,0.09824313,0.19426895,-0.97601625,0.01671955,0.01202834,-0.00445411
0.96732219,0.21188318,0.13925979,0.23385663,-0.95780096,-0.16711782,0.09797371,0.19422361,-0.97605241,0.01431639,0.00303888,0.00107109
0.96721672,0.21251211,0.13903387,0.2344134,-0.95770232,-0.16690345,0.09768405,0.19402321,-0.97612138,,,
0.967128187,0.212842992,0.139143546,0.234755122,-0.957631436,-0.166828607,0.0977399507,0.194009311,-0.976118336,-0.0163332913,-0.000733852386,0.00247490429
0.966927625,0.213286415,0.139856618,0.2353135,-0.957531085,-0.166618941,0.098379497,0.194018607,-0.976052432,0.00597437611,0.000971794128,-0.00113507209
0.96680866,0.2136995,0.14004834,0.2357419,-0.95745752,-0.16643647,0.09852293,0.19392749,-0.97605615,-0.00882003,0.00172889,0.00315051
0.966739265,0.213951209,0.140143049,0.235995925,-0.957418745,-0.166298899,0.0985957284,0.193840863,-0.976065908,-0.00929799862,8.67843628e-05,0.0067379754
0.96661413,0.21431535,0.14044947,0.23638896,-0.95736938,-0.16602357,0.09888064,0.19368144,-0.97606855,-0.01165782,-0.00777954,-0.0026369
0.96656887,0.21443589,0.14057686,0.23652096,-0.95735801,-0.16590094,0.09900729,0.19360406,-0.97607103,-0.00309085,-0.00522035,0.00794503
0.96657471,0.21449045,0.14045343,0.23655228,-0.95734772,-0.16591606,0.09887537,0.19359485,-0.9760863,0.00783298,-0.00550348,0.0043639
0.966694,0.21454448,0.13954704,0.23642895,-0.95737625,-0.16592705,0.0980003,0.19339364,-0.9762144,-0.01291462,0.00203323,0.00895433
0.96685275,0.21452989,0.13846546,0.23620799,-0.95742128,-0.16598263,0.09696154,0.19318741,-0.97635907,-0.01908543,-0.00255799,-0.006162
0.96688359,0.21455976,0.13820364,0.23618307,-0.95743329,-0.16595017,0.09671452,0.19309586,-0.97640192,-0.01276294,0.00242829,-0.00980797
0.9670096,0.21441421,0.13754625,0.23591737,-0.957486,-0.16602229,0.09610108,0.1929947,-0.97648219,-0.00502635,0.00599957,-0.00501084
0.96713515,0.21428506,0.13686309,0.23564021,-0.95758198,-0.16586206,0.09551588,0.19266148,-0.97660536,-0.01673688,-0.00843936,-0.00966288
0.9672049,0.21415078,0.13658013,0.23544417,-0.95764432,-0.16578175,0.09529288,0.19250191,-0.97665882,-0.02859483,-0.00474894,-0.00892381
0.967208317,0.213913477,0.136927316,0.235258883,-0.957721541,-0.165597111,0.0957148045,0.192380273,-0.976641285,-0.0106275426,-0.000498175621,-0.0011320787
0.96716891,0.21343662,0.13794601,0.23496599,-0.95782754,-0.16540034,0.096826,0.19238268,-0.97653136,0.02161678,0.00237,-0.00758408
0.9671922,0.21321007,0.13813293,0.23477041,-0.957889,-0.16532299,0.09706748,0.19232863,-0.97651819,0.00434715,-0.0087074,-0.0094245
0.96722928,0.21287198,0.138394498,0.234440219,-0.958049793,-0.164858233,0.09749513,0.191900948,-0.976559565,0.00584695255,0.000296592712,0.00688564545
0.96726942,0.21285868,0.13813421,0.23430363,-0.95820863,-0.16412821,0.09742527,0.19112155,-0.97671946,-0.04619436,0.00186777,0.01787805
0.96725343,0.21280731,0.13832513,0.23427129,-0.95824804,-0.16394344,0.09766143,0.19098047,-0.97672335,0.04854795,-0.01840055,0.00176887
0.9675931,0.21283467,0.13588598,0.23385659,-0.95829725,-0.16424932,0.09526119,0.19070434,-0.97701459,0.07530077,-0.00886613,0.01928101
0.96790763,0.21315346,0.13311804,0.2336609,-0.95830362,-0.16448872,0.09250617,0.19031437,-0.97735502,0.03924797,-0.02262884,0.0276894
0.96844079,0.2139662,0.12783153,0.23350592,-0.95823349,-0.16511622,0.08716318,0.18975471,-0.97795477,0.03197959,-0.00734127,0.02884993
0.9686969,0.2148146,0.12442268,0.23378177,-0.95798537,-0.16616297,0.08350088,0.19004931,-0.9782172,0.05591208,0.02019906,0.02035815
0.96878968,0.21528161,0.1228836,0.23399857,-0.95782758,-0.16676513,0.08179985,0.19031492,-0.97830906,0.04258159,0.01293206,0.00947874
0.96889113,0.21660607,0.11971541,0.23479877,-0.95741569,-0.16800147,0.07822728,0.19088417,-0.97849041,0.02389027,-0.0051899,0.00236424
0.96876815,0.21848377,0.11727362,0.23629245,-0.95679985,-0.16941014,0.07519402,0.19183003,-0.97854329,0.03966023,0.01405907,0.00301716
0.96863539,0.21950916,0.11645261,0.23719897,-0.9564521,-0.17010647,0.07404141,0.19239358,-0.9785207,0.02519098,0.00636578,0.00232188
0.968153258,0.221593572,0.116514189,0.239373443,-0.955661867,-0.171495342,0.0733459064,0.193924177,-0.978270766,0.00897793844,0.00060749054,0.00187062274
0.96739356,0.22364948,0.11887222,0.24196334,-0.95477911,-0.17277308,0.07485611,0.19590229,-0.97776214,0.01775188,-0.0044356,0.0017029
0.966945078,0.224764095,0.120408918,0.243416851,-0.954294747,-0.173404549,0.0759305129,0.196982239,-0.977461975,0.0345210582,0.00685489178,-0.000469460618
0.96494721,0.23066391,0.12518404,0.25039734,-0.95202612,-0.17591775,0.07860062,0.20109709,-0.97641257,-0.01247508,-0.00591046,0.04456399
0.96433899,0.2321379,0.12713111,0.25231208,-0.95137584,-0.17669949,0.07993081,0.20247492,-0.97602001,-0.01938271,-0.04152417,0.05793738
0.96301341,0.23480947,0.13217293,0.25620119,-0.94986326,-0.17922165,0.08346329,0.20645572,-0.97488951,0.05174717,-0.01266593,0.0842894
0.96187434,0.23765347,0.13534619,0.25999427,-0.94812873,-0.18290678,0.08485718,0.21112257,-0.97376923,0.00348829,-0.00846308,0.11974152
0.96130116,0.23900837,0.13702221,0.2618971,-0.94714544,-0.18527148,0.08549852,0.21398741,-0.97308761,-0.01511567,-0.02225983,0.1284931
0.96017661,0.24115281,0.14108931,0.26545468,-0.94492168,-0.19145897,0.0871475,0.22128725,-0.97130683,-0.00671953,-0.03103536,0.12689897
0.95923815,0.24280518,0.14459534,0.26861199,-0.94234997,-0.19955978,0.08780526,0.2302654,-0.96915843,0.01972327,-0.02519709,0.11894605
0.95889884,0.24352329,0.14563455,0.26999345,-0.94093162,-0.20433079,0.08727286,0.23525293,-0.96800793,0.02849694,-0.01773036,0.11356205
0.9583793,0.24503013,0.14652424,0.27265396,-0.93773499,-0.2152036,0.08466956,0.24619709,-0.96551423,0.00627874,-0.01170731,0.11638757
0.95778746,0.24678777,0.14744148,0.27625804,-0.93201744,-0.23457452,0.0795279,0.26540443,-0.96085172,-0.0143481,0.01263011,0.09938364
0.95756764,0.24865224,0.14572671,0.27991161,-0.92280901,-0.26471307,0.06865642,0.29427127,-0.95325269,-0.0654853,0.09694481,0.094095
0.95751258,0.24888535,0.1456906,0.28069268,-0.92023419,-0.27272869,0.06619128,0.30203544,-0.95099611,-0.06355231,0.08323097,0.102724
0.95732534,0.24925668,0.14628503,0.2823559,-0.91462857,-0.2893611,0.06167128,0.31831715,-0.9459762,-0.04195177,0.0982635,0.12873048
0.95681829,0.25004824,0.14823845,0.28487217,-0.90807765,-0.30698943,0.05784987,0.33596211,-0.94009708,-0.02334706,0.18771279,0.18516609
0.95664486,0.25024297,0.14902706,0.28588141,-0.9046133,-0.31614255,0.05569943,0.34504022,-0.93693348,-0.01847176,0.19127488,0.21611467
0.95680217,0.24957519,0.14913697,0.28635999,-0.89766071,-0.33496719,0.05027491,0.36320419,-0.93035205,0.01145399,0.16712534,0.22896384
0.95786125,0.24866676,0.14375903,0.28442056,-0.89098805,-0.35389997,0.04008442,0.37987509,-0.92416887,0.01437607,0.15297389,0.23992784
0.96150431,0.244464,0.12548632,0.27431127,-0.88084262,-0.38583576,0.01621076,0.40540506,-0.9139932,0.15934497,0.12320685,0.0295302
0.96491263,0.237284786,0.112425719,0.262570608,-0.872861502,-0.411301835,0.00053642254,0.426390026,-0.904539098,0.0806867778,0.235570073,-0.0718915239
0.96656705,0.23282529,0.10742679,0.25635087,-0.86813703,-0.42499675,-0.00568882,0.43832681,-0.89879762,0.02008933,0.22412992,-0.05767984
0.96934822,0.22366305,0.10168027,0.24526982,-0.85670648,-0.45375876,-0.01437893,0.46478935,-0.88530469,0.10636535,0.19311881,-0.08865374
0.97284207,0.212758,0.09117204,0.22960792,-0.83714583,-0.49645447,-0.02930036,0.50390561,-0.8632616,-0.04731502,0.16118252,-0.01390925
0.97497624,0.2042775,0.08770421,0.21963533,-0.8241174,-0.52210191,-0.0343751,0.5282999,-0.84836144,-0.12397645,0.15816653,0.00667127
0.97723733,0.19228461,0.08963172,0.20970115,-0.81151816,-0.54540266,-0.03213478,0.55178371,-0.83336814,-0.14929034,0.14110494,0.00691386
0.9781455,0.18571988,0.0934853,0.20601961,-0.80503249,-0.55630796,-0.02805874,0.56340993,-0.82570084,-0.12411156,0.14426088,0.03704494
0.9795497,0.17203073,0.10434467,0.20052165,-0.79207173,-0.57655285,-0.01653633,0.58568553,-0.81036951,-0.04693693,0.13851202,-0.00524463
0.98054361,0.15922716,0.11480826,0.1962305,-0.77935427,-0.59506332,-0.00527393,0.60601442,-0.79543607,-0.01932743,0.13025153,-0.01208319
0.980938971,0.153773149,0.118796276,0.194313867,-0.773349717,-0.603467016,-0.000925960664,0.615048077,-0.788489131,-0.000693896436,0.129972577,-0.011061565
0.98168659,0.14462928,0.12399121,0.19043542,-0.76238095,-0.6184736,0.00507915,0.63075955,-0.77596169,0.03930607,0.11468101,-0.03236341
0.98252556,0.13729492,0.12567267,0.18595686,-0.75300445,-0.6311927,0.00797253,0.64353266,-0.76537705,0.06236327,0.05305445,-0.05727517
0.98457687,0.12653574,0.12081843,0.17478113,-0.74196603,-0.6472544,0.00774235,0.6583885,-0.75263865,-0.01861719,0.02818692,-0.05711546
0.98570561,0.11948642,0.11877473,0.16824164,-0.73533993,-0.65648257,0.00889907,0.66708141,-0.74493128,-0.02879117,0.02790797,-0.03891586
0.98610593,0.11595702,0.11894983,0.16578902,-0.7320026,-0.66082204,0.01044464,0.67136111,-0.7410565,-0.02201249,0.02723658,-0.03256178
0.9865835,0.1095098,0.12108094,0.16260887,-0.7251944,-0.66906729,0.01453781,0.67977959,-0.73327209,0.05714916,0.05488515,-0.01804632
0.98703392,0.10406923,0.12220322,0.15955652,-0.71908088,-0.67636104,0.01748563,0.68708961,-0.72636215,0.0749421,0.05125737,-0.01412216
0.98733214,0.10179093,0.12171214,0.1576393,-0.71647674,-0.67956648,0.01803023,0.69014445,-0.72344676,0.07645878,0.05943322,-0.0326995
0.98816006,0.09750783,0.11845641,0.15242279,-0.71207116,-0.68536267,0.01752116,0.69530347,-0.71850269,0.04603551,0.02674973,-0.04682761
0.98903834,0.09359953,0.11420285,0.14675662,-0.70848274,-0.69030024,0.01629898,0.69949342,-0.71445294,0.04188393,0.04139888,-0.04196189
0.99028863,0.08797693,0.10764985,0.13825943,-0.7044401,-0.69616667,0.01458628,0.70428955,-0.70976266,0.02050966,0.06216884,-0.02847705
0.99103465,0.08420615,0.10372868,0.13288141,-0.70192524,-0.69974523,0.01388693,0.70725539,-0.70682167,0.0360279,0.10381377,0.00269768
0.99143553,0.08211652,0.10155035,0.12989097,-0.70077206,-0.70146042,0.01356216,0.70864326,-0.70543651,0.04701847,0.10393596,-0.01156235
0.99242402,0.07670799,0.09597105,0.12216515,-0.69907433,-0.70453587,0.01304737,0.71092264,-0.70314921,0.02751505,0.05936813,-0.02750733
0.99357869,0.07042103,0.08855652,0.11250411,-0.69798859,-0.70721592,0.01200858,0.71263764,-0.70142924,0.04752565,0.04461575,-0.05058487
0.99415129,0.06746166,0.08433344,0.10742837,-0.69772694,-0.70826276,0.01106113,0.71318014,-0.70089344,0.05499633,0.05651665,-0.0773807
0.99523753,0.06248593,0.07481823,0.09716151,-0.6978297,-0.70964293,0.00786769,0.71353273,-0.70057754,0.05299956,0.05220091,-0.06160417
0.99624437,0.05854115,0.06379723,0.08653364,-0.69879961,-0.71006389,0.00301353,0.71291776,-0.70124096,0.01087912,0.03416061,-0.059871
0.996662937,0.0566415477,0.058776902,0.0816223027,-0.699384147,-0.710070075,0.000888167222,0.712498033,-0.701673471,0.00498879608,0.0199462175,-0.0568742938
0.99734792,0.05243204,0.0504778,0.07275784,-0.70062974,-0.70980579,-0.00185032,0.71159598,-0.70258645,-0.00113445,0.02714956,-0.04319271
0.99781028,0.04832351,0.04516064,0.0660914,-0.70200025,-0.70910331,-0.00256358,0.71053531,-0.70365683,0.0196866,-0.0035609,-0.0391271
0.99800359,0.0464135,0.04283259,0.06309644,-0.70294899,-0.70843584,-0.00277186,0.70972409,-0.70447414,0.02060744,-0.0023157,-0.04846077
0.99836496,0.04317074,0.03746589,0.05701612,-0.70542438,-0.70648835,-0.00407027,0.70746937,-0.70673241,0.0438143,-0.04548907,-0.05414623
0.99867192,0.04194747,0.02991314,0.05084944,-0.70908998,-0.7032819,-0.00828979,0.70386896,-0.71028126,0.0277086,-0.04012227,-0.03493407
0.99880791,0.04742976,0.01154047,0.04230124,-0.72303786,-0.68951187,-0.02435919,0.68917809,-0.72418227,-0.04003546,-0.05991155,-0.03516328
0.99877947,0.04839141,0.00989108,0.04198842,-0.72641252,-0.68597489,-0.02601029,0.68555295,-0.7275578,-0.04132214,-0.06799024,-0.05459357
0.99873154,0.04942778,0.00960286,0.04282748,-0.73359923,-0.67823137,-0.02647882,0.67778232,-0.73478555,-0.01338765,-0.11070895,-0.06630273
0.99870504,0.04961095,0.01126908,0.04437601,-0.74116509,-0.66985473,-0.02487987,0.66948737,-0.74240685,0.06455682,-0.13055086,-0.04671139
0.99869819,0.04971399,0.01142141,0.04470488,-0.74521872,-0.66531983,-0.02456426,0.6649643,-0.74647104,0.10281242,-0.12125146,-0.04963482
0.99865825,0.05087644,0.00965898,0.04474586,-0.75387363,-0.6554937,-0.02606754,0.65504639,-0.75513862,0.09234986,-0.14217234,-0.07565181
0.99857619,0.05303834,0.00570323,0.04420857,-0.76298793,-0.64489895,-0.02985288,0.64423287,-0.76424633,0.04364633,-0.10999352,-0.07010904
0.998409055,0.0563850455,-0.000291457887,0.0436737171,-0.77657849,-0.62850483,-0.0356646148,0.627492185,-0.777805541,-0.00302796066,-0.185778499,-0.0916017145
0.99831329,0.05800986,-0.0023299,0.04414896,-0.78461348,-0.61841093,-0.03770201,0.61726499,-0.78585114,0.03450622,-0.16885203,-0.08600164
0.99825239,0.05896808,-0.00386363,0.04419488,-0.78836612,-0.61361697,-0.03922977,0.61237386,-0.78959445,0.01631778,-0.17505443,-0.09616264
0.99809146,0.06135106,-0.0070346,0.04462691,-0.79533043,-0.60453092,-0.04268345,0.60306322,-0.79655042,-0.01115101,-0.19193268,-0.09404383
0.99786448,0.06463739,-0.00940705,0.04625362,-0.80093693,-0.59695961,-0.04612036,0.59524967,-0.80221622,-0.01399145,-0.17104483,-0.08677643
0.99772328,0.06662922,-0.0104308,0.04745291,-0.80347583,-0.59344331,-0.04792155,0.59159723,-0.80480829,-0.02243792,-0.15218532,-0.05837116
0.99683198,0.07852592,-0.01263633,0.05646929,-0.81062749,-0.5828331,-0.05601086,0.58027311,-0.81249371,0.03239631,-0.15062535,-0.02637117
0.99647683,0.08277586,-0.01349406,0.05957177,-0.81182947,-0.58084772,-0.05903505,0.57799743,-0.81390036,0.04498324,-0.14478457,-0.05095684
0.995517892,0.0930434617,-0.0169423074,0.0662085211,-0.8135848,-0.577664592,-0.067531913,0.573953712,-0.816098495,-0.000234003179,-0.0927374363,-0.0323722549
0.9942839,0.104765,-0.02058707,0.07390972,-0.81451995,-0.57540782,-0.07705119,0.57059715,-0.81760722,-0.02091794,-0.1387471,-0.0065842
0.99361955,0.110573,-0.02222178,0.07779407,-0.81458317,-0.57480608,-0.08165953,0.56940984,-0.81798769,0.03500523,-0.09411168,0.00223359
0.99210398,0.1224102,-0.02730272,0.08476751,-0.81490405,-0.57336363,-0.09243466,0.56652196,-0.81884596,-0.1416914,-0.13482749,-0.00124041
0.9905979,0.13382798,-0.02838771,0.09359127,-0.81428288,-0.57287302,-0.09978209,0.56482997,-0.81915204,0.01974146,-0.05920309,0.06547797
0.98981153,0.13921689,-0.02986279,0.09720604,-0.81397096,-0.57271465,-0.104039,0.56397673,-0.81921057,0.00986016,0.05237281,-0.00784337
0.98817293,0.14941581,-0.03448453,0.10316616,-0.81417068,-0.57138644,-0.11345048,0.56107097,-0.81995608,-0.17075357,-0.10286033,0.00651196
0.98671841,0.15854452,-0.03536125,0.11034758,-0.81396574,-0.57033626,-0.11920653,0.55885926,-0.82064998,-0.00273954,0.03130698,0.02820234
0.98606321,0.16240224,-0.03612274,0.11322801,-0.81416112,-0.569492,-0.12189651,0.557465,-0.82120281,-0.0314688,0.03810799,0.01508749
0.98503799,0.16848701,-0.03622539,0.11852629,-0.81492464,-0.56731778,-0.12510663,0.55453591,-0.82270188,-0.01253982,0.02923429,-0.00652348
0.9841778,0.17345962,-0.03613617,0.12307974,-0.81599511,-0.56480387,-0.1274576,0.55141979,-0.82443363,0.01773633,0.06641841,-0.00436676
0.9838145,0.17547737,-0.03628667,0.1248987,-0.8167354,-0.56333234,-0.1284887,0.54968237,-0.82543303,0.0079797,0.04708385,-0.00391621
0.98309596,0.1792796,-0.03716407,0.1280341,-0.81825811,-0.56041146,-0.13088014,0.54617997,-0.82738015,0.01594142,0.0185082,-0.00611101
0.98220908,0.18329056,-0.0408644,0.12980251,-0.8198966,-0.55760274,-0.13570791,0.54237817,-0.82910146,-0.04203075,0.01964593,-0.00742085
0.98166285,0.18556944,-0.04361223,0.1304553,-0.82080507,-0.55611148,-0.13899446,0.54022454,-0.82996236,-0.09198272,-0.0154413,0.01382768
0.98065358,0.18973711,-0.04814968,0.1319908,-0.82256391,-0.55314286,-0.14455792,0.5360862,-0.83169379,-0.08505725,-0.07040203,0.01893425
0.97993606,0.1928147,-0.05047571,0.13379579,-0.8240827,-0.5504419,-0.14772946,0.53264443,-0.83334616,-0.04759532,0.00162649,-0.00786776
0.97966193,0.19397774,-0.05133366,0.13460221,-0.8250313,-0.54882205,-0.14881114,0.53075044,-0.83436159,-0.0569764,-0.05060279,-0.01121775
0.97919993,0.19612202,-0.0519966,0.13665524,-0.82691171,-0.54547428,-0.14997613,0.52702277,-0.83651299,-0.03237052,0.04046822,-0.01982862
0.97890866,0.19792217,-0.05064228,0.13983348,-0.82982993,-0.54021172,-0.14894436,0.52173645,-0.84000385,-0.02896786,0.02734447,-0.00701121
0.97875011,0.19893292,-0.04973855,0.14170822,-0.83150401,-0.53714045,-0.14821272,0.51867791,-0.84202506,0.01201452,0.06891012,-0.00765492
0.97818445,0.20115598,-0.05187917,0.14299923,-0.83315861,-0.53422642,-0.15068642,0.5151533,-0.84374795,-0.04821481,0.02548361,0.00603489
0.97782552,0.20250272,-0.0533845,0.14360388,-0.83390499,-0.53289804,-0.15243091,0.51341508,-0.84449375,-0.0520738,0.01148534,0.01500061
0.97724507,0.20458768,-0.05599956,0.14452849,-0.83548097,-0.53017223,-0.1552533,0.51001466,-0.84603841,-0.07626812,-0.01889765,0.00624788
0.97707121,0.2053195,-0.05635377,0.14553038,-0.83722885,-0.52713233,-0.15541157,0.50684464,-0.84791243,-0.05772128,-0.00492764,-0.01079086
0.97708403,0.20540331,-0.05582363,0.14621629,-0.83828848,-0.52525517,-0.15468547,0.50505611,-0.8491116,-0.05456847,-0.02182668,-0.00395578
0.97723131,0.20499787,-0.05472517,0.14721308,-0.84082653,-0.5209019,-0.15279817,0.50098538,-0.85186037,-0.02091903,-0.0428021,-0.01646909
0.97754866,0.2038237,-0.05342773,0.1476832,-0.84361587,-0.516238,-0.15029403,0.49675739,-0.85477689,0.00167791,-0.04977274,-0.02294015
0.97768877,0.2033934,-0.05249561,0.1481641,-0.84487858,-0.51403068,-0.14890287,0.49478406,-0.8561639,0.03280518,-0.05749732,-0.02201206
0.97771365,0.20315717,-0.0529451,0.14847734,-0.84740971,-0.50975572,-0.14842674,0.49053398,-0.85868828,0.00318473,-0.04127687,-0.05085046
0.97752249,0.2034193,-0.05541099,0.14817761,-0.84983662,-0.50578788,-0.14997729,0.48620836,-0.86087659,-0.04411464,-0.08939099,-0.04745515
0.97743806,0.20370269,-0.05585743,0.1484689,-0.85068414,-0.5042751,-0.15023923,0.48460458,-0.86173457,-0.03788868,-0.05763161,-0.04801216
0.97746518,0.20388363,-0.05471094,0.14956786,-0.85179174,-0.50207577,-0.14896736,0.48257859,-0.8630912,-0.01397588,-0.03485978,-0.04741682
0.97769708,0.20332666,-0.05259934,0.1502721,-0.85222381,-0.50113186,-0.14671986,0.48205094,-0.86377106,-0.0226448,-0.01844239,-0.05165688
0.97781111,0.2031192,-0.05126424,0.15073031,-0.85210589,-0.50119407,-0.14548472,0.48234606,-0.86381482,0.01573537,-0.00263083,-0.04038834
0.97795962,0.20287266,-0.04937276,0.1513794,-0.8517907,-0.50153426,-0.14380287,0.48300623,-0.86372765,-0.00798534,-0.00907826,-0.02423028
0.978097482,0.20254906,-0.0479499045,0.15166988,-0.851307597,-0.502266457,-0.142553719,0.483993001,-0.863382409,-0.0209386274,-0.0265017748,-0.000949787907
0.97823515,0.2021083,-0.04699177,0.15167955,-0.85103856,-0.50271941,-0.14159557,0.48465011,-0.86317153,-0.02374503,-0.05369556,0.00267386
0.97864448,0.20066876,-0.04457603,0.15142442,-0.85040983,-0.50385876,-0.13901661,0.4863487,-0.86263504,0.02259477,-0.05563068,-0.00303935
0.97887839,0.199837,-0.04315399,0.15121184,-0.84975263,-0.50502974,-0.13759386,0.4878373,-0.86202221,0.02186037,0.00722265,-0.00437453
0.97887302,0.19975828,-0.04363759,0.15086224,-0.84965268,-0.50530268,-0.13801519,0.48804389,-0.86183806,-0.03688578,-0.0070405,0.00431926
0.97930989,0.19797122,-0.04194671,0.14996558,-0.84914198,-0.50642656,-0.13587661,0.48965798,-0.861262,0.00716584,-0.01266736,-0.01954895
0.97949508,0.19725453,-0.04098828,0.14976415,-0.84897695,-0.50676274,-0.13475937,0.49023303,-0.8611104,0.02038614,-0.00871027,-0.02413697
0.97967106,0.19656637,-0.04007842,0.14951705,-0.84863704,-0.50740488,-0.13375077,0.49109747,-0.86077517,0.02563339,0.04606795,-0.03887943
0.979895702,0.19536779,-0.0404454406,0.148222186,-0.848574111,-0.507889422,-0.133546211,0.491683748,-0.860471964,-0.0424659513,0.00542902946,0.000540368259
0.98044944,0.19277228,-0.03946812,0.14634254,-0.84844579,-0.50864844,-0.1315399,0.49292821,-0.86006898,-0.03650093,-0.08950257,-0.01221112
0.98107038,0.19000417,-0.03740764,0.14477375,-0.84792712,-0.50996107,-0.12861368,0.49489206,-0.8593838,-0.01503377,-0.12007147,-0.01981197
0.98130541,0.18900006,-0.03631339,0.14434697,-0.84757819,-0.51066159,-0.12729351,0.49587326,-0.85901465,0.0229841,-0.08883083,-0.00971691
0.98153597,0.18788083,-0.03588779,0.14343896,-0.84710317,-0.5117045,-0.12654013,0.49710867,-0.85841166,-0.03592301,-0.11576438,0.01751848
0.98193495,0.18580068,-0.03580314,0.14150897,-0.84669533,-0.51291531,-0.12561437,0.498583,-0.8576922,-0.02774483,-0.15055156,-0.031038
0.98214202,0.18493744,-0.03457155,0.14126514,-0.84624639,-0.51372301,-0.12426266,0.49966521,-0.85725935,-0.00744614,-0.15014738,-0.05596029
0.98316396,0.17914541,-0.03599375,0.13450113,-0.84284643,-0.52107478,-0.12368538,0.50746075,-0.8527515,-0.14977451,-0.45507789,-0.00675312
0.98396939,0.17524572,-0.03306325,0.13239947,-0.84205025,-0.52289737,-0.11947645,0.51013745,-0.85175411,-0.08598603,-0.46520805,-0.04052259
0.98528089,0.16905278,-0.02535196,0.13050734,-0.83968427,-0.52716068,-0.11040562,0.51609273,-0.8493875,-0.01376324,-0.42370832,-0.05877373
0.98584348,0.16642551,-0.02037601,0.13028809,-0.83687225,-0.53166682,-0.10553505,0.52148551,-0.84670831,-0.03525014,-0.46553558,-0.03572607
0.98598248,0.16560771,-0.02031369,0.12935123,-0.8356081,-0.53387986,-0.10538889,0.52376859,-0.84531651,-0.1030027,-0.54981112,-0.03827298
0.98638993,0.16289794,-0.02234199,0.12529081,-0.83265395,-0.5394344,-0.1064759,0.52929341,-0.84173109,-0.12728803,-0.59992522,-0.14769001
0.98681351,0.16061297,-0.02006429,0.12369426,-0.82825687,-0.54652543,-0.10439746,0.53683684,-0.83720197,-0.08174157,-0.49455118,-0.20946157
0.98682675,0.16095557,-0.01631782,0.12554226,-0.82549298,-0.55027282,-0.10203973,0.54097537,-0.83482528,-0.09201807,-0.40181625,-0.23548013
0.98656539,0.1631986,0.00741293,0.13876706,-0.81319951,-0.56519967,-0.08621159,0.55863511,-0.82492108,0.00540498,-0.36335337,-0.27769431
0.98659305,0.16267722,0.01304865,0.14109559,-0.81005587,-0.56912346,-0.08201329,0.56333436,-0.82214853,0.00588734,-0.35093725,-0.32849419
0.98638057,0.16254729,0.02513448,0.14706807,-0.80318205,-0.57729496,-0.07365017,0.57312902,-0.81614869,0.06579144,-0.18321788,-0.35976699
0.98510502,0.16754808,0.03867473,0.15830541,-0.79586336,-0.58441517,-0.06713783,0.58183274,-0.81053276,-0.01014786,-0.02272481,-0.34083155
0.98419551,0.17090403,0.04637891,0.1652315,-0.79205094,-0.58766828,-0.06370042,0.58604374,-0.80777171,0.03823192,0.022892,-0.28387156
0.98241565,0.1765429,0.06076256,0.1777635,-0.7849201,-0.593549,-0.0570931,0.5939132,-0.80250068,0.07217326,0.05974174,-0.30458593
0.98100924,0.18044884,0.07112726,0.1866555,-0.77859667,-0.59912159,-0.05273134,0.60102011,-0.7974923,0.12327888,0.13137209,-0.2574189
0.98035313,0.18272218,0.07429903,0.19020237,-0.77590572,-0.6014928,-0.05225703,0.6038072,-0.79541579,0.06862669,0.1875174,-0.25649205
0.979007,0.18817389,0.07833183,0.19664156,-0.77082591,-0.60593676,-0.05364127,0.60861962,-0.79164677,0.1141438,0.29609251,-0.14282043
0.97780309,0.19410344,0.07889839,0.20141793,-0.7670391,-0.60916452,-0.05772278,0.61153451,-0.78910912,0.02152646,0.26049089,-0.14409585
0.97743553,0.1961889,0.0782924,0.20256797,-0.76549966,-0.6107178,-0.05988325,0.61279681,-0.78796815,0.0628974,0.22645199,-0.10060395
0.97726781,0.19925886,0.07241219,0.20123061,-0.76428735,-0.61267514,-0.06673723,0.61331924,-0.78701041,0.00281498,0.18984139,-0.12454588
0.97706702,0.20321142,0.0636015,0.19899671,-0.76515724,-0.61231897,-0.07576506,0.61093316,-0.78804831,-0.07886809,0.16444421,-0.13631311
0.97680275,0.20578291,0.05924335,0.19850161,-0.76633681,-0.61100311,-0.08033364,0.60858942,-0.78940814,-0.08003609,0.15837932,-0.07503632
0.97582426,0.21164817,0.05451664,0.20084632,-0.77004167,-0.60555498,-0.08618452,0.60186471,-0.7939341,-0.05283276,0.13516784,-0.02907329
0.97452831,0.21835914,0.05112578,0.20509164,-0.77551636,-0.59708576,-0.09073026,0.59236245,-0.80054628,0.0571727,0.23912251,0.04025526
0.97177622,0.23296219,0.03714285,0.21102796,-0.78808269,-0.57826716,-0.10544275,0.56978446,-0.81500156,0.01718582,0.17762446,-0.00985759
0.969404642,0.244434164,0.0225071922,0.214474737,-0.798838624,-0.562011598,-0.119395231,0.549643874,-0.826822823,-0.000204610173,0.184896708,-0.0258741807
0.965008563,0.262218169,0.000308623076,0.222188408,-0.817065664,-0.532010845,-0.139250762,0.513463591,-0.846737199,0.0989256948,0.450385451,0.0728816688
0.96104406,0.27600326,-0.01471466,0.23029118,-0.82904108,-0.5095653,-0.15284075,0.48632605,-0.86030611,0.02677558,0.42999744,0.12483152
0.95910632,0.28218354,-0.02207997,0.23416123,-0.83486462,-0.49816649,-0.15900815,0.47262436,-0.86680038,0.03518385,0.39068198,0.11537448
0.95561716,0.29243666,-0.03573027,0.24112208,-0.84602919,-0.47549432,-0.16928082,0.44577517,-0.87899295,-0.01998159,0.32769859,0.1014276
0.95291353,0.29996069,-0.04449047,0.24830582,-0.85605585,-0.45333522,-0.17406906,0.42094203,-0.89022918,-0.11665921,0.36328447,0.16022356
0.95177018,0.30479385,-0.0351316,0.26260004,-0.86847691,-0.42046293,-0.1586655,0.39095852,-0.9066293,0.01147287,0.25257707,0.16164289
0.95204918,0.30530212,-0.01982349,0.27212964,-0.87465215,-0.40115946,-0.1398135,0.37652898,-0.91579362,0.13092375,0.16020012,0.21267016
0.95213552,0.3054409,-0.01199229,0.27654027,-0.87743435,-0.39196228,-0.13024376,0.36988486,-0.91990311,0.06727272,0.20792258,0.16648029
0.951808867,0.306690902,0.000752639435,0.284712842,-0.882682706,-0.373911264,-0.114010847,0.356106342,-0.927464065,0.0245449487,0.144428968,0.18326807
0.95035979,0.31088079,0.01301505,0.29492452,-0.88667182,-0.35613521,-0.09917552,0.34229505,-0.93434362,0.00121777,0.07506549,0.18605003
0.94959127,0.31285779,0.01991055,0.29998535,-0.88840671,-0.34748003,-0.09102316,0.33593688,-0.937476,0.05273897,0.08244777,0.21290968
0.94868076,0.31472881,0.03083175,0.30677938,-0.89226545,-0.33128354,-0.07675437,0.32374086,-0.94302737,0.05033701,0.08216965,0.23203127
0.94824805,0.31536408,0.03702894,0.31042874,-0.89618931,-0.31698444,-0.06678056,0.31207473,-0.94770784,-0.05937017,0.07197499,0.26511455
0.94805661,0.31551411,0.04049091,0.31209761,-0.89798189,-0.31019947,-0.0615122,0.30672377,-0.94980886,-0.14029285,0.05194163,0.26978287
0.94751494,0.31576326,0.05009,0.31601277,-0.90122463,-0.29653018,-0.04849099,0.29679585,-0.95370902,-0.104671,0.06413269,0.28104284
0.94627919,0.31423007,0.0762572,0.32291545,-0.90611704,-0.27327188,-0.01677229,0.28321612,-0.95890945,0.06531963,-0.14220798,0.22188067
0.9457768,0.31047242,0.09546264,0.32477311,-0.90873017,-0.26216773,0.00535393,0.27895585,-0.96028901,0.27011508,-0.09172499,0.06021152
0.94541434,0.30902791,0.1034093,0.32550652,-0.91054706,-0.25485237,0.01540253,0.27460149,-0.96143485,0.23230967,-0.04932934,0.09960648
0.94578771,0.30821194,0.1024255,0.32440752,-0.91168943,-0.25215368,0.01566349,0.27171146,-0.96225093,0.16203536,0.01729608,0.08314055
0.94751088,0.30492901,0.09613226,0.31947486,-0.91481936,-0.24706449,0.01260653,0.26480813,-0.96421845,-0.0211517,-0.01425856,0.07788276
0.94915908,0.30073402,0.09303802,0.3145454,-0.91784275,-0.2421269,0.01257849,0.25908162,-0.96577328,-0.07512782,-0.02978998,0.00586232
0.9497788,0.29814366,0.09502934,0.31251552,-0.91922278,-0.2395064,0.01594583,0.25717625,-0.96623283,-0.07596495,-0.00876218,0.00662578
0.95095606,0.29106995,0.10469411,0.30801787,-0.92214162,-0.23405057,0.02841772,0.25481946,-0.9665709,0.08244734,0.03761482,-0.00220093
0.95228343,0.28389983,0.11205872,0.30272434,-0.92535938,-0.22818385,0.03891323,0.2512186,-0.96714779,0.09670089,0.00768161,-0.0247225
0.95296477,0.28119463,0.11308288,0.30022643,-0.92690941,-0.22517364,0.04149996,0.24853301,-0.96773407,0.0619905,-0.00449306,-0.02930575
0.95449629,0.2770414,0.11038516,0.29526975,-0.92988254,-0.21939406,0.04186401,0.24200422,-0.96937138,0.01255027,0.05549169,-0.03022919
0.95615529,0.27402611,0.1033283,0.29039141,-0.93283772,-0.2132749,0.03794566,0.23392957,-0.97151255,-0.05998815,0.11183441,-0.01919408
0.95690646,0.27263661,0.0999965,0.28812502,-0.9343419,-0.20973645,0.03624908,0.22950965,-0.97263123,-0.09137012,0.11890209,-0.01509365
0.95924431,0.26513646,0.09773947,0.27961013,-0.94058263,-0.1926723,0.04084759,0.21214875,-0.97638338,0.01908229,0.08150625,-0.01454271
0.95971559,0.26340297,0.09780004,0.27772143,-0.94209145,-0.18797392,0.04262371,0.20756267,-0.97729251,0.018517,0.05682158,-0.00241977
0.96070619,0.26022634,0.09657048,0.2739122,-0.94510131,-0.17819958,0.04489668,0.19764927,-0.97924385,-0.01814962,0.00943351,0.02494378
0.96235031,0.25492957,0.09430167,0.26761617,-0.94936916,-0.1645596,0.04757598,0.18360064,-0.98184897,-0.00753606,-0.04132432,0.08552757
0.96353931,0.25102343,0.09262419,0.26308825,-0.95190592,-0.1570346,0.04875014,0.17567734,-0.98324009,0.00212529,-0.02753562,0.10050946
0.96479238,0.24663802,0.09135284,0.2582289,-0.95421445,-0.15097163,0.04993486,0.16924622,-0.9843079,0.00138769,-0.01456779,0.10073179
0.96540417,0.24429975,0.09117252,0.25575493,-0.95527987,-0.14842474,0.05083514,0.16660768,-0.98471203,0.0410611,-0.0209254,0.08694588
0.96664322,0.23972675,0.09017737,0.25084829,-0.95721299,-0.14428443,0.05173013,0.16209241,-0.9854185,0.04991695,-0.00246888,0.0666632
0.96843825,0.23332197,0.08768239,0.24383827,-0.95977226,-0.13921018,0.05167436,0.15619679,-0.986373,0.01115626,0.01747823,0.02672098
0.97052799,0.22538835,0.08529656,0.23530443,-0.96271206,-0.13348049,0.05203109,0.14961721,-0.98737388,0.04506539,-0.00409025,0.02325781
0.97107802,0.22355958,0.08383665,0.23320592,-0.96339724,-0.1322151,0.05121004,0.14794238,-0.9876693,0.04971861,-0.0117293,0.02348537
0.9722458,0.22019593,0.07906858,0.22905745,-0.96469349,-0.12999465,0.04765267,0.144498,-0.98835672,0.00673784,-0.00880378,0.01718946
0.97336975,0.21695456,0.07404088,0.22502785,-0.96590828,-0.12799795,0.04374697,0.14125059,-0.98900672,0.00576504,-0.00958127,0.02885994
0.97391945,0.21523873,0.07178579,0.22297252,-0.96649016,-0.12719962,0.04200198,0.13988844,-0.98927589,0.03988862,-0.00159359,0.02756882
0.97503935,0.21207298,0.06575189,0.21893585,-0.96760034,-0.12576247,0.03695074,0.1370188,-0.98987878,0.05120855,0.00509357,0.03247921
0.97608066,0.20939643,0.0584781,0.21525008,-0.96858398,-0.12454974,0.03056068,0.13415801,-0.99048869,0.00383031,-0.01017767,0.02633314
0.97732981,0.20535272,0.05154319,0.21028899,-0.96978979,-0.12363919,0.02459641,0.13167523,-0.99098789,0.0198231,-0.00119519,0.0193885
0.97801836,0.2027447,0.04873068,0.20732465,-0.97046531,-0.12334422,0.02228405,0.13073599,-0.99116687,0.0235498,0.00369549,0.01228955
0.97831871,0.2016592,0.04718114,0.20604507,-0.97073735,-0.12334606,0.02092663,0.1303932,-0.9912414,0.01916905,0.00583601,0.01378152
0.97889847,0.19952605,0.04412643,0.20353052,-0.97126968,-0.12332881,0.01825136,0.12970746,-0.99138404,0.01574362,-0.01030946,0.00903261
0.97942957,0.19755376,0.0411123,0.20118761,-0.97172337,-0.12359847,0.01553245,0.12932728,-0.99147997,0.02095029,-0.00263214,-0.002679
0.97966569,0.19666637,0.03971743,0.20012842,-0.97192896,-0.12370402,0.0142741,0.12913717,-0.99152398,0.00947247,-0.00599796,-0.00271274
0.98009624,0.19486436,0.03793742,0.19811522,-0.97229936,-0.12403206,0.0127171,0.12907933,-0.99155254,0.01235665,0.00652599,-0.00832506
0.98047805,0.19320811,0.03651605,0.19629282,-0.97262505,-0.12437668,0.01148584,0.12911644,-0.99156287,0.02065354,0.00995052,-0.02357
0.98062562,0.19256141,0.03596532,0.19558167,-0.97275141,-0.12450946,0.0110096,0.12913133,-0.99156643,0.0149696,0.01414287,-0.02686828
0.98099164,0.19075856,0.035589,0.19374012,-0.97317302,-0.12409354,0.01096235,0.12862974,-0.99163218,0.02435379,-0.00268996,0.01433129
0.98103883,0.19043168,0.03603594,0.19347222,-0.97323872,-0.12399446,0.0114591,0.12861533,-0.99162821,0.01821822,-0.00944829,0.02325671
0.98109252,0.18992526,0.03722701,0.1931242,-0.97329818,-0.12407042,0.01266887,0.128914,-0.99157473,0.01541167,-0.00663602,0.01747007
0.98114417,0.18947601,0.03814381,0.19280156,-0.97331804,-0.12441512,0.01355239,0.12942336,-0.99149659,0.01026188,-0.00399548,0.0113552
0.9811973,0.18896329,0.03930293,0.19245273,-0.9733043,-0.12506137,0.0146217,0.13027384,-0.99137006,0.00866415,0.0081054,0.01461178
0.98123278,0.18878436,0.03927727,0.19228289,-0.97324134,-0.12581121,0.01447508,0.13100243,-0.9912763,0.01181796,0.00447643,-0.00514098
0.98125862,0.18871241,0.0389763,0.19217962,-0.97319322,-0.12633929,0.01408968,0.13146197,-0.99122091,0.00997335,0.00959241,-0.01235411
0.981248608,0.188864487,0.0384885664,0.192275705,-0.973084622,-0.127027182,0.0134617147,0.132045662,-0.991151983,0.00979683083,-0.000517606735,-0.00143294898
0.98104308,0.18951434,0.04048188,0.19321016,-0.97267407,-0.12874454,0.01497674,0.13412545,-0.99085127,-0.00448925,0.00100422,0.00435076
0.98088187,0.18998129,0.04216466,0.1939139,-0.97241704,-0.12962506,0.01637529,0.13532319,-0.99066626,,,
0.98080153,0.19021524,0.04297106,0.19426413,-0.97227701,-0.13014882,0.01702349,0.1359979,-0.99056278,,,
0.98039647,0.19122223,0.04750598,0.19592602,-0.97166288,-0.13222845,0.02087478,0.13894396,-0.99008027,0.00870541,-0.00221425,0.00243437
0.980296707,0.191420984,0.0487480604,0.196308117,-0.9715108,-0.132777472,0.0219428734,0.139730959,-0.989946331,-0.000253091217,-0.00430709124,-0.00549349329
0.98008928,0.19186956,0.05109869,0.19710699,-0.97120843,-0.13380209,0.02395493,0.14120991,-0.98968981,0.01123583,0.00269687,-0.00766604
0.97982582,0.19267732,0.05307359,0.198222,-0.97079463,-0.13515014,0.0254832,0.14294395,-0.98940253,0.01319025,0.00418878,-0.0026335
0.97962442,0.19344363,0.05399593,0.19913562,-0.97049039,-0.13599028,0.02609607,0.14397192,-0.9892376,-0.00275513,-0.00948489,0.00720402
0.97928052,0.19440081,0.05672725,0.20051835,-0.97001064,-0.13737407,0.0283204,0.1459026,-0.98889346,-0.00859344,0.0083015,-0.00368248
0.97903675,0.19509574,0.05852088,0.20149602,-0.96968178,-0.13826166,0.02977238,0.14715497,-0.98866511,0.00366534,0.00178814,-0.0081615
0.97879597,0.19591679,0.05979182,0.20252103,-0.96935696,-0.13903971,0.03071941,0.14820061,-0.98847995,-0.00256698,0.01343393,0.00326842
0.97867602,0.196386557,0.0602126403,0.20306038,-0.969190887,-0.139409447,0.0309794128,0.148663486,-0.988402209,-0.0109776454,0.00548553467,0.000854877057
0.978453717,0.19712969,0.0613857232,0.203994359,-0.968891613,-0.14012585,0.031853149,0.149629,-0.988228945,0.000150007429,-0.00485944748,0.00583112985
0.97824712,0.19778672,0.06255389,0.20484434,-0.96860716,-0.14085059,0.03273177,0.15060049,-0.98805265,-0.00115054,-0.0052352,0.00546887
0.9781712,0.1980461,0.06291937,0.2051697,-0.96847983,-0.14125021,0.03296211,0.15107603,-0.98797214,,,
0.9780549,0.19856706,0.06308511,0.20573713,-0.96824334,-0.14204569,0.03287615,0.15190744,-0.98784776,0.00592384,0.00355339,-0.00835453
0.977937303,0.19920171,0.0629071589,0.206362965,-0.96800013,-0.142794013,0.0324493252,0.152625299,-0.987751292,-0.000229071942,0.00853538513,-0.00839904044
0.97785311,0.19962284,0.06288102,0.20678475,-0.96786973,-0.14306696,0.0323012,0.15290131,-0.98771338,-0.0057825,-0.00200349,-0.00255851
0.97734802,0.20113303,0.0658509,0.20878797,-0.96721876,-0.14455113,0.03461823,0.15502564,-0.9873035,,,
0.97719443,0.20159591,0.06670925,0.20940746,-0.96696783,-0.14533252,0.03520726,0.15598755,-0.98713127,0.0084306,0.0039773,-0.00103727
0.97704892,0.20218617,0.06705345,0.21007251,-0.9667095,-0.1460896,0.03528391,0.15682277,-0.98699623,,,
0.97697936,0.20245693,0.06724975,0.21038624,-0.96657817,-0.14650731,0.03534071,0.15728304,-0.98692107,0.00242484,0.00543499,0.00454128
0.97682191,0.2029736,0.06797557,0.21103777,-0.96632792,-0.14721806,0.03580532,0.15815124,-0.98676537,,,
0.97669312,0.20336574,0.06865074,0.21155975,-0.96610176,-0.14795028,0.03623559,0.15902576,-0.98660894,0.01241869,-0.00453043,0.00202898
0.976629732,0.203590046,0.0688873326,0.21183472,-0.965978103,-0.148366876,0.0363376257,0.15949223,-0.986530377,0.00590289105,0.000340342522,-0.0035662048
0.97647529,0.20411214,0.06952868,0.21248056,-0.96572526,-0.14908624,0.03671529,0.16035252,-0.98637671,,,
0.97629677,0.20459329,0.0706131,0.21316212,-0.96544842,-0.14990487,0.03750377,0.16140368,-0.98617571,-0.00697715,0.00499034,-0.00535905
0.97618405,0.20491277,0.07124217,0.21359327,-0.96529892,-0.15025107,0.03798164,0.16188955,-0.9860774,-0.01228009,0.00517178,0.00328146
0.97599748,0.20527522,0.07273916,0.21422252,-0.96505163,-0.15094192,0.03921243,0.1629013,-0.98586254,0.00769965,0.00141048,0.00248523
0.97585516,0.2056527,0.0735777,0.21475813,-0.96483493,-0.15156624,0.03982034,0.1637081,-0.98570473,-0.00401702,-0.00270903,0.0014395
0.97579697,0.20582937,0.07385481,0.21499511,-0.96471715,-0.15197995,0.03996706,0.16418,-0.98562038,-0.004451,-0.00199199,-0.00894023
0.975721833,0.206195033,0.073827587,0.215379294,-0.964525244,-0.152652429,0.0397324002,0.164847241,-0.985518479,-0.000124277896,0.0053255558,-0.00748635083
0.97562566,0.20684739,0.0732716,0.2159793,-0.96420193,-0.15384271,0.03882665,0.16591804,-0.9853749,0.00371444,-0.0085417,0.0079665
0.97558391,0.20698331,0.07344344,0.21616875,-0.96405212,-0.1545144,0.0388214,0.16661794,-0.98525706,,,
0.9755587,0.20710228,0.07344295,0.21629813,-0.96397434,-0.15481674,0.03873423,0.16691839,-0.98520939,-0.00803905,-0.001091,-0.01486734
0.97547015,0.20739031,0.07380539,0.21667123,-0.96377744,-0.15551965,0.03887871,0.16769628,-0.98507164,-0.0010496,-0.00132269,-0.00471539
0.97541656,0.20756175,0.07403139,0.21690782,-0.96360486,-0.15625715,0.03890401,0.1684738,-0.98493791,0.00146528,-0.00109142,0.00619511
0.97538748,0.20778434,0.07378984,0.21710273,-0.96349559,-0.15666101,0.03854448,0.16882516,-0.98489208,,,
0.97538848,0.20788048,0.07350522,0.21716912,-0.96339815,-0.15716641,0.03814297,0.16926136,-0.98483267,-0.00616924,-0.00407714,-0.00573234
0.975386507,0.207924968,0.0734055084,0.217205655,-0.963349772,-0.157413149,0.0379850564,0.169482753,-0.984800848,0.000192128005,-0.000189304352,-0.00652184617
0.975434018,0.207869308,0.0729302592,0.217087954,-0.963298586,-0.157886676,0.0374338343,0.169840316,-0.984760132,0.0126028396,0.00895559788,-0.000615841243
0.97548647,0.20794402,0.07200991,0.21701564,-0.96326833,-0.15817151,0.03647405,0.16992145,-0.98478233,,,
0.97552644,0.20805189,0.07115183,0.21699155,-0.96320328,-0.15860091,0.03553646,0.17015873,-0.98477577,-0.00699034,0.00110757,0.0066977
0.97553802,0.20811591,0.07080491,0.21700842,-0.96314017,-0.15896044,0.03511286,0.17043721,-0.98474276,-0.00310727,0.00312757,-0.00241526
0.97557495,0.20805486,0.07047482,0.21689933,-0.96312932,-0.15917489,0.03475925,0.17057298,-0.9847318,-0.0043629,-0.00343263,-0.00607562
