0,1,2,3,4,5,6,7,8,9,10,11
0.52446195,0.24006595,-0.81688918,-0.29132872,0.95211452,0.09276589,0.80004198,0.18933112,0.56928595,0.06759735,-0.00423831,0.07040199
0.54040801,0.24567298,-0.80473845,-0.29134454,0.95189437,0.09494986,0.78935261,0.18314449,0.58598682,0.08778553,-0.00639874,0.06998103
0.55328725,0.25028056,-0.7945016,-0.29122161,0.95172495,0.09700301,0.78042496,0.17770553,0.59946439,0.09875543,-0.01554084,0.06544558
0.55845897,0.25219392,-0.79026691,-0.29121432,0.95163555,0.09789787,0.77673534,0.17546511,0.60489189,0.10510358,-0.01994705,0.06269925
0.56652856,0.25513876,-0.78354937,-0.29107262,0.95152516,0.0993811,0.77092291,0.17176754,0.61333009,0.06577788,-0.04289621,0.05179493
0.57266298,0.25719879,-0.7783996,-0.29086257,0.95148209,0.1004032,0.76645686,0.1689101,0.61968806,0.0457512,-0.00567996,0.0384532
0.57538715,0.25802824,-0.77611279,-0.29081987,0.95146167,0.10071985,0.76443014,0.16775611,0.62249856,0.04405934,0.00442153,0.02685788
0.58030781,0.25938576,-0.77198566,-0.29101667,0.95138208,0.10090306,0.76062615,0.16610586,0.62758004,0.0647967,-0.01452827,0.03514232
0.5843488,0.25946587,-0.76890432,-0.29102491,0.95148483,0.09990551,0.75752286,0.16539068,0.63151006,0.04157405,-0.03792679,0.02068545
0.58613891,0.25894609,-0.76771613,-0.29070094,0.95167347,0.09904833,0.75626324,0.16511974,0.63308873,0.02427936,-0.03913068,0.02189268
0.58982225,0.25705347,-0.76552806,-0.28960831,0.95225632,0.09661745,0.75381478,0.16471617,0.63610678,0.00233041,-0.01024109,0.02168098
0.593648984,0.254561454,-0.763399834,-0.287974435,0.953027845,0.0938543884,0.751433008,0.164123087,0.639071208,-0.00617272826,0.000536620559,0.019955676
0.595756,0.25307317,-0.76225237,-0.28688847,0.95350267,0.0923453,0.75017979,0.16366618,0.64065872,-0.00469508,0.0057407,0.0250248
0.60457185,0.24670366,-0.75738377,-0.28113694,0.95572545,0.08689582,0.74528846,0.16039379,0.64716221,0.0113351,0.02594703,0.02339982
0.6066273,0.24518394,-0.75623284,-0.27928431,0.95634667,0.08603086,0.74431415,0.15901531,0.64862203,0.01167693,0.02220446,0.02242659
0.613020333,0.240760218,-0.752489555,-0.272137723,0.958499022,0.084974572,0.741718999,0.152689672,0.653099333,0.00261156796,-0.000454962224,0.0076885717
0.6141326,0.23996142,-0.75183753,-0.27040638,0.95896963,0.08519173,0.74143209,0.15098265,0.65382161,0.00128021,-0.00754577,-0.00142097
0.61596584,0.23848763,-0.75080607,-0.26690837,0.95988364,0.08592623,0.74117881,0.1474688,0.65490988,-0.00378217,-0.00704706,-0.00791965
0.61743129,0.237022,-0.75006611,-0.26333852,0.96078717,0.08683801,0.74123642,0.14390479,0.65563708,-0.00258032,0.00214463,-0.01455959
0.61802935,0.23624908,-0.74981738,-0.26149323,0.96124628,0.087332,0.74139127,0.14209843,0.65585595,-0.00239882,-0.01418775,-0.01778182
0.61914702,0.2345708,-0.74942207,-0.25791786,0.96214446,0.08807043,0.74171105,0.13876081,0.65620889,-0.00977114,-0.00223321,-0.01933293
0.62011514,0.23323782,-0.74903758,-0.25490098,0.96288138,0.08879714,0.7419452,0.13586597,0.65654987,-0.0150147,-0.00218135,-0.02566789
0.6211492,0.23236562,-0.7484516,-0.25166571,0.96359255,0.09029819,0.74218458,0.13227099,0.65701321,-0.00899221,0.0333454,-0.02414378
0.62166467,0.23209401,-0.74810787,-0.24999918,0.9639313,0.09130638,0.74231626,0.13026441,0.65726535,-0.01042067,0.00286514,-0.02751328
0.62187342,0.23194018,-0.74798205,-0.24902136,0.96412541,0.09192687,0.74247004,0.12909665,0.65732203,-0.01470232,0.00535613,-0.02697481
0.62243138,0.23145997,-0.74766666,-0.24702417,0.96454083,0.09295184,0.74266965,0.1268356,0.65753669,-0.01321654,0.00575083,-0.02462039
0.62308286,0.23086322,-0.74730845,-0.24523276,0.96493272,0.09362553,0.74271707,0.12492805,0.65784826,-0.02083566,0.03126555,-0.02226889
0.62341093,0.23074493,-0.74707132,-0.24462293,0.96505675,0.09394196,0.74264285,0.12418634,0.65807243,-0.01954661,0.03541833,-0.01930432
0.62411815,0.23070624,-0.74649255,-0.24383396,0.96520786,0.09443935,0.74230822,0.12307894,0.65865776,-0.0147705,0.00257355,-0.01593025
0.62466707,0.23135295,-0.74583302,-0.24365867,0.96516613,0.0953142,0.74190399,0.12218903,0.65927865,-0.00246802,0.00775796,-0.0206517
0.62479123,0.23194099,-0.74554631,-0.24394532,0.96504621,0.09579402,0.7417052,0.12202127,0.65953332,-0.00289368,0.03107804,-0.0132658
0.62475372,0.23308767,-0.74522005,-0.24450606,0.96480513,0.09678767,0.74155213,0.12174237,0.65975694,-0.00522769,0.012317,-0.01800702
0.62445105,0.2339965,-0.74518892,-0.2446437,0.96465739,0.09790596,0.74176165,0.1211683,0.65962709,-0.00841154,-0.00317091,-0.01461539
0.62414679,0.2345407,-0.74527273,-0.24491093,0.96453553,0.09843708,0.74192953,0.12108625,0.65945333,-0.00551173,-0.01494896,-0.01568992
0.62332477,0.23563545,-0.74561527,-0.24563966,0.96425351,0.0993797,0.74237952,0.12120686,0.65892452,-0.00534561,-0.03128117,-0.01472061
0.62216942,0.23679281,-0.74621336,-0.24656584,0.96392194,0.10029847,0.74304139,0.12158808,0.65810777,-0.00266206,-0.01629525,-0.01468847
0.62153148,0.23732855,-0.74657464,-0.24710081,0.96374811,0.10065171,0.74339742,0.12192102,0.65764387,-0.00179299,-0.0215882,-0.01160661
0.62006195,0.23824325,-0.7475047,-0.24814158,0.96342072,0.10122388,0.74427742,0.12272194,0.65649859,-0.00248862,-0.02758103,-0.0129073
0.618587768,0.238781428,-0.748553667,-0.249089465,0.963157951,0.10139625,0.745186958,0.123734355,0.655275666,0.000752625638,-0.0260885935,-0.00423477404
0.61780194,0.23900684,-0.74913044,-0.24967635,0.96301203,0.10133873,0.74564228,0.12443291,0.65462507,0.00484593,-0.02512443,-0.0058117
0.61632239,0.23924825,-0.75027125,-0.25068392,0.962777,0.10108424,0.74652812,0.12578047,0.65335671,0.01114401,-0.00518626,0.00547068
0.614865282,0.239720999,-0.751315172,-0.252004614,0.962456447,0.100852659,0.747284631,0.127324103,0.652191857,0.0166248865,-0.000952124537,0.0130944028
0.61419623,0.24008556,-0.75174591,-0.25285508,0.96224683,0.10072411,0.74754752,0.1282184,0.65171523,0.02047494,0.00305599,0.01083035
0.61314459,0.24114837,-0.75226406,-0.25473015,0.96175654,0.10068221,0.74777424,0.12989157,0.65112358,0.01096177,-0.00425136,0.01382711
0.61290642,0.24202354,-0.75217704,-0.25606479,0.96140107,0.10069163,0.74751355,0.13089152,0.6512226,0.00510025,-0.00710398,0.00675049
0.61324297,0.24244796,-0.75176595,-0.25677668,0.96122725,0.10053807,0.74699318,0.13138169,0.65172084,0.00236078,-0.00870734,0.00678999
0.61484832,0.2434513,-0.75012865,-0.25819181,0.96088118,0.10022143,0.74518354,0.1320561,0.65365331,0.01633936,-0.00819462,0.01187783
0.61747135,0.2447651,-0.74754205,-0.26000013,0.96044618,0.09971489,0.74238063,0.13278996,0.65668696,0.03835309,0.00989503,0.0147068
0.6191802,0.24552298,-0.74587821,-0.26113814,0.96018185,0.09928584,0.74055568,0.13330143,0.65864101,0.04522747,-0.00942272,0.01993978
0.62314414,0.24712419,-0.74203839,-0.26365207,0.95960894,0.09817462,0.736328,0.13446304,0.6631295,0.04297122,-0.03668123,0.01793189
0.62821804,0.24886548,-0.73716215,-0.26675205,0.95893135,0.09640547,0.73087989,0.13607587,0.66880335,0.04736546,-0.02128506,0.01435388
0.63121172,0.24970721,-0.73431464,-0.26848439,0.95857032,0.09517913,0.72765913,0.13707386,0.67210332,0.05698228,-0.01320016,0.02462113
0.63807371,0.25106066,-0.72789453,-0.2718024,0.95793186,0.09214115,0.72040639,0.13905065,0.67947003,0.06898332,0.01569205,0.02623304
0.64588745,0.25178272,-0.7207183,-0.27473948,0.95745806,0.08827389,0.71228339,0.14099477,0.6875848,0.07494058,0.02346521,0.02635759
0.650114396,0.25180523,-0.716899853,-0.275933444,0.957319593,0.0860228604,0.707963282,0.141891945,0.691848733,0.0692709237,-0.000628888549,0.023005031
0.65916239,0.25144537,-0.70871724,-0.27787797,0.95718258,0.08115003,0.6987766,0.14344588,0.70080989,0.06872593,-0.0416184,0.0093205
0.66862983,0.25118464,-0.69988598,-0.27939444,0.95711717,0.0765863,0.6891102,0.14433638,0.71013668,0.09171861,-0.00732589,-0.00273988
0.67329175,0.25124126,-0.69538192,-0.2801503,0.95705824,0.07453405,0.68424703,0.1446283,0.71476474,0.086972,-0.01502305,-0.00248703
0.68252638,0.25134362,-0.68628279,-0.28149839,0.95696678,0.07052111,0.67447486,0.145055,0.72390791,0.08868874,-0.01866633,-0.01041168
0.69163374,0.25138254,-0.67708906,-0.28272636,0.956895,0.06646629,0.66461159,0.1454606,0.73289333,0.07809418,-0.03093713,-0.01973508
0.70511109,0.25200683,-0.66280528,-0.28468359,0.9566858,0.06088938,0.64944094,0.14575603,0.74631199,0.09634904,-0.00148791,-0.03762009
0.71375346,0.25287482,-0.65315413,-0.28627936,0.95642244,0.0574478,0.63921837,0.14598098,0.75504267,0.08459967,0.00998956,-0.04500702
0.71808339,0.25317036,-0.64827538,-0.28697706,0.95632298,0.05559239,0.63403499,0.14612021,0.75937374,0.08678151,0.01508552,-0.0455248
0.73499146,0.25414113,-0.62864918,-0.28927208,0.95602841,0.04828389,0.6132774,0.14636242,0.77618866,0.09299467,0.0078668,-0.05104048
0.73896869,0.25456879,-0.62379484,-0.28986357,0.95592655,0.04672844,0.60819765,0.14628455,0.78019001,0.10178602,0.0163334,-0.04579027
0.75713358,0.25758608,-0.60033169,-0.29337701,0.95516668,0.03983141,0.58367684,0.14596582,0.7987586,0.07676279,-0.0498197,-0.05802621
0.76411983,0.25946889,-0.59059018,-0.29573276,0.95456354,0.03675015,0.57329137,0.14657535,0.80613439,0.07900711,-0.04311251,-0.06011084
0.77103137,0.26228251,-0.58027447,-0.29886163,0.95369207,0.03395818,0.56230979,0.14723898,0.81371269,0.09458864,-0.04667627,-0.05674819
0.77442606,0.26395387,-0.57497181,-0.30064578,0.95317719,0.03263966,0.55666538,0.14758586,0.81752189,0.10041561,-0.05653441,-0.05370525
0.7810827,0.26756247,-0.56419867,-0.30459035,0.95201713,0.02980121,0.54510049,0.14857226,0.82510105,0.09871657,-0.08306604,-0.05611783
0.78745044,0.2715742,-0.55332557,-0.30908116,0.95066003,0.02672686,0.53328283,0.14997646,0.83253614,0.11125607,-0.06361073,-0.05968724
0.79046004,0.27382726,-0.54789735,-0.31154956,0.94989412,0.02525917,0.52736112,0.15073083,0.83616411,0.11863939,-0.04076755,-0.05704888
0.79615475,0.27874477,-0.53706514,-0.31685781,0.94820807,0.0224185,0.51549854,0.15232469,0.84324281,0.12597737,-0.04695516,-0.06490603
0.80393331,0.28561234,-0.52164816,-0.32450654,0.94571804,0.01768841,0.4983841,0.15505795,0.85297732,0.13787588,-0.07897776,-0.06608817
0.8084219,0.28981048,-0.51231232,-0.32931805,0.94410902,0.01441458,0.48785618,0.15706063,0.85867823,0.14886516,-0.03838515,-0.07616226
0.81221011,0.29375957,-0.50400399,-0.33402528,0.94249933,0.01105049,0.47826961,0.15937477,0.86363062,0.1408847,-0.02149725,-0.07987983
0.81394128,0.29551224,-0.50017209,-0.33624675,0.94172888,0.00921143,0.47374859,0.16068367,0.86587704,0.14593114,-0.04247415,-0.07952775
0.81681447,0.29883439,-0.49346948,-0.34085021,0.94010371,0.00511467,0.46544093,0.16402144,0.86974807,0.14864668,-0.04996353,-0.08333813
0.818862543,0.302523108,-0.487794939,-0.346330025,0.938112647,0.00041835016,0.457733162,0.168595463,0.872958144,0.154221639,-0.0120137325,-0.0902314931
0.81952753,0.30462139,-0.48536627,-0.34940832,0.9369686,-0.00191414,0.45418986,0.17115971,0.87430881,0.14559829,0.00493771,-0.09645119
0.82043287,0.30906012,-0.48101116,-0.35589978,0.93450082,-0.00660056,0.44746536,0.17660709,0.87668962,0.15070131,0.02104646,-0.08876186
0.82075807,0.31354594,-0.47754072,-0.36263799,0.93186002,-0.01142758,0.44141804,0.18255368,0.8785353,0.16436648,0.07987516,-0.08064204
0.82065801,0.31598599,-0.47610219,-0.36621033,0.93043101,-0.01371612,0.43864614,0.18560978,0.87928299,0.17141813,0.10870009,-0.08537841
0.81991754,0.32108256,-0.47396329,-0.3736816,0.92737859,-0.0181934,0.43370182,0.19202846,0.88035662,0.16940549,0.1380655,-0.08744842
0.81878353,0.32589648,-0.47263623,-0.38116638,0.92421914,-0.02304731,0.42930841,0.1990238,0.88095619,0.16997859,0.1666141,-0.08594573
0.81878353,0.32589648,-0.47263623,-0.38116638,0.92421914,-0.02304731,0.42930841,0.1990238,0.88095619,0.16997859,0.1666141,-0.08594573
0.81878353,0.32589648,-0.47263623,-0.38116638,0.92421914,-0.02304731,0.42930841,0.1990238,0.88095619,0.16997859,0.1666141,-0.08594573
0.81324453,0.33702345,-0.47439277,-0.39956667,0.91606712,-0.03416853,0.42306002,0.21733893,0.87964993,0.14051822,0.22542004,-0.06519718
0.81162315,0.33893774,-0.47580357,-0.40305531,0.9144628,-0.03611377,0.42286434,0.22108594,0.87880984,0.13690272,0.23817341,-0.04866433
0.80793226,0.34210707,-0.47980019,-0.4094353,0.91148191,-0.03954059,0.42380208,0.22839325,0.87648635,0.11219991,0.22636156,-0.01737202
0.80384892,0.34397599,-0.48529105,-0.41456248,0.90903415,-0.04236566,0.42657336,0.23523907,0.87332567,0.06228273,0.17353825,0.02479191
0.80176255,0.34435631,-0.48846243,-0.41652616,0.90808213,-0.04350644,0.42858228,0.23833922,0.87149965,0.03621868,0.1061421,0.0468781
0.7980483,0.343629461,-0.495012809,-0.418931896,0.90685848,-0.0458666757,0.433145419,0.243980489,0.86767422,0.000879185274,0.019074617,0.093312934
0.79461501,0.34189114,-0.50169456,-0.4202883,0.9061101,-0.04818943,0.43811497,0.2491484,0.86370154,-0.02843691,0.03993207,0.11700895
0.79292098,0.34083096,-0.50508472,-0.4206809,0.90587728,-0.04913173,0.44079916,0.25143708,0.86167018,-0.02977811,-0.01316065,0.13632315
0.78968475,0.33763193,-0.5122525,-0.42046325,0.90586865,-0.0511139,0.44677579,0.25574725,0.85731249,-0.06105616,-0.07383817,0.1575404
0.78644888,0.3338994,-0.51962422,-0.4195795,0.90618537,-0.05273632,0.45326724,0.2594981,0.85276582,-0.06163262,-0.05034726,0.16064611
0.78468954,0.33222928,-0.52334119,-0.41920865,0.90633016,-0.05319517,0.45664691,0.26113086,0.8504612,-0.07152425,-0.05152195,0.16200164
0.78094224,0.32912333,-0.53085504,-0.41830173,0.9067493,-0.05319182,0.46384577,0.26359731,0.84579169,-0.05395159,-0.00598568,0.14517705
0.77679015,0.32629063,-0.53863855,-0.41701324,0.90742897,-0.05169739,0.47190785,0.26477743,0.8409494,-0.03321711,-0.01713151,0.11939186
0.77449898,0.32481725,-0.54281217,-0.41615522,0.90789003,-0.05050264,0.47640962,0.26500837,0.83833431,-0.01944731,-0.02907359,0.11196991
0.76934805,0.32178919,-0.55186529,-0.41426114,0.90891603,-0.0475327,0.4863037,0.26518554,0.83257753,-0.03214231,-0.00376296,0.10175236
0.76377023,0.31843536,-0.56147481,-0.41197693,0.91011952,-0.04424327,0.49692057,0.26510635,0.82631022,-0.04116094,-0.03785985,0.10550987
0.76098854,0.31642226,-0.56636863,-0.41053001,0.9108457,-0.04272269,0.50235602,0.26502278,0.82304397,-0.03759955,-0.06361239,0.10805385
0.7555111,0.31180604,-0.57617703,-0.40727405,0.91241776,-0.04027009,0.5131577,0.26508645,0.81633225,-0.02685581,-0.0517264,0.09363138
0.74950288,0.30772672,-0.58613114,-0.40459604,0.91372002,-0.03765341,0.5239728,0.26536767,0.80934079,-0.00172628,-0.04149055,0.08448146
0.74617669,0.30608458,-0.59121276,-0.40364479,0.91420165,-0.03614146,0.52942533,0.26560789,0.80570542,0.0054734,-0.06135451,0.08297511
0.73892866,0.30364981,-0.60148251,-0.40247136,0.91485224,-0.032591,0.54037137,0.26616192,0.7982209,0.013575,-0.08997988,0.07866536
0.73123538,0.30192277,-0.61166777,-0.40202203,0.91517465,-0.02887296,0.55106543,0.26701685,0.79058769,-0.00478791,-0.09692048,0.06886203
0.7274167,0.30121436,-0.61655075,-0.4018884,0.91529075,-0.02699147,0.55619298,0.26741866,0.78685234,-0.0093776,-0.11126434,0.07117263
0.719903939,0.300351317,-0.625721458,-0.401593226,0.915539887,-0.0225738194,0.56609287,0.267536508,0.779719842,-0.000718396157,-0.0971259996,0.0673755482
0.71245776,0.30059694,-0.63407051,-0.4015832,0.9156622,-0.01713658,0.57544319,0.26684116,0.77308532,0.01611613,-0.10625755,0.05735422
0.70875175,0.30111877,-0.63796427,-0.40178075,0.915626,-0.01418673,0.57986478,0.26637664,0.76993526,0.01736825,-0.13868128,0.06443614
0.70128639,0.30251153,-0.6455108,-0.40236213,0.91544462,-0.00811533,0.58847441,0.26542027,0.76370803,0.02561718,-0.15611564,0.06382946
0.69409795,0.30413091,-0.65248174,-0.40329614,0.91506612,-0.00249376,0.5963055,0.26487428,0.75780034,0.03499674,-0.15643249,0.0772756
0.690507439,0.305091111,-0.65583445,-0.403844249,0.914827667,0.000378665015,0.600091022,0.264593528,0.754904616,0.0389440432,-0.149221763,0.0759756863
0.68319199,0.30725427,-0.66245268,-0.40497524,0.91430517,0.00641302,0.60765434,0.26389559,0.74907633,0.05908801,-0.08666455,0.08025856
0.67543412,0.31036838,-0.66892461,-0.40655096,0.9135305,0.01335367,0.61522759,0.26293245,0.74321025,0.05276514,-0.05741,0.08440878
0.67149179,0.31205497,-0.67210151,-0.40738208,0.91310073,0.01693777,0.6189819,0.26242855,0.74026526,0.04365044,-0.06835138,0.0838797
0.6638371,0.31519255,-0.67821377,-0.40890255,0.9122694,0.0237327,0.62619403,0.26156871,0.73448132,0.04943115,-0.07948273,0.09288976
0.65626023,0.31866818,-0.68393943,-0.41099477,0.9111385,0.03016542,0.63277631,0.26129914,0.7289149,0.04159838,0.02094894,0.09301753
0.65251042,0.32073944,-0.68655394,-0.41244076,0.91037511,0.03331322,0.63570648,0.26142562,0.72631527,0.05287587,0.03082901,0.09744829
0.64502005,0.32533615,-0.69145172,-0.41593334,0.90853794,0.03947478,0.64105269,0.26213582,0.72134335,0.07930139,0.12418693,0.10888413
0.63710294,0.33081119,-0.69617795,-0.42072131,0.90604734,0.04551685,0.64582765,0.26389801,0.71642476,0.07066214,0.22618131,0.09767349
0.6331015,0.33372444,-0.69843431,-0.42321969,0.90471945,0.04866023,0.64812621,0.26478429,0.71401799,0.07102332,0.20802443,0.08992589
0.62520258,0.33946288,-0.70277074,-0.42782423,0.90217608,0.05517941,0.65275431,0.26616403,0.70927325,0.0851058,0.25063959,0.07570887
0.61683867,0.34607061,-0.70692658,-0.4329452,0.89925433,0.06245083,0.65731918,0.26753838,0.70452445,0.08298507,0.27029482,0.06333286
0.61683867,0.34607061,-0.70692658,-0.4329452,0.89925433,0.06245083,0.65731918,0.26753838,0.70452445,0.08298507,0.27029482,0.06333286
0.61683867,0.34607061,-0.70692658,-0.4329452,0.89925433,0.06245083,0.65731918,0.26753838,0.70452445,0.08298507,0.27029482,0.06333286
0.59785117,0.36267323,-0.71487205,-0.44632692,0.89138005,0.07895485,0.66585749,0.27186341,0.69478345,-0.01144688,0.25225845,-0.04576446
0.59585794,0.36505481,-0.71532394,-0.44800863,0.89033571,0.08118255,0.66651452,0.27209802,0.6940613,-0.00446363,0.18028311,-0.0501137
0.59395572,0.36840524,-0.71518818,-0.45006517,0.88901966,0.08417467,0.66682673,0.27188529,0.69384469,0.00984483,0.06037587,-0.0503373
0.59365767,0.37093446,-0.71412758,-0.45112255,0.88827293,0.08636928,0.66637753,0.27088527,0.69466694,0.00320805,0.02121371,-0.0728876
0.59392691,0.37208236,-0.71330607,-0.45123147,0.88810218,0.08754818,0.66606381,0.26986892,0.69536305,-0.00203489,0.03849333,-0.08911129
0.59866094,0.37354848,-0.70856656,-0.44551041,0.8904314,0.09301825,0.66567673,0.25998741,0.69948624,-0.02826411,-0.09730779,-0.14523907
0.60065745,0.3731822,-0.70706835,-0.44268231,0.89167894,0.09455703,0.66576496,0.25621027,0.70079476,-0.0270651,-0.09997224,-0.14621224
0.60506709,0.37263355,-0.70358934,-0.43677995,0.89421707,0.09797492,0.66567033,0.24803236,0.70382021,-0.03040459,-0.11739831,-0.14263639
0.61001438,0.37196502,-0.69966026,-0.43131224,0.89657609,0.10060351,0.66471965,0.24040245,0.70735737,-0.0246754,-0.11959719,-0.13575231
0.6128424,0.37141768,-0.69747622,-0.42889125,0.89767226,0.10117708,0.66368401,0.23713585,0.70942942,-0.0308037,-0.08324372,-0.13400881
0.61902917,0.37031035,-0.69258434,-0.42476865,0.89961126,0.10134676,0.66058642,0.23145154,0.71418185,-0.01735374,-0.04122352,-0.12470995
0.62582336,0.36890618,-0.68720693,-0.42111752,0.90143165,0.10040429,0.65650984,0.22655952,0.71948984,-0.01491229,-0.05238503,-0.12366264
0.62949047,0.36794256,-0.68436833,-0.41925053,0.90239814,0.09953189,0.65419473,0.22426741,0.72231114,-0.01323381,-0.06225925,-0.11467295
0.63748827,0.36551765,-0.67823705,-0.41512599,0.90454624,0.09729589,0.64906014,0.21952886,0.72837351,-0.02639274,-0.07845955,-0.12364115
0.64608575,0.3629373,-0.67145343,-0.41085862,0.90675808,0.09478905,0.64324831,0.21463059,0.7349594,-0.03744194,-0.04832852,-0.11553773
0.65052124,0.36183722,-0.6677544,-0.40886115,0.90778458,0.09359338,0.64004272,0.21213435,0.73847433,-0.04335957,-0.04925787,-0.11759076
0.65972579,0.35997503,-0.65968161,-0.40488679,0.90977396,0.09153151,0.63311021,0.20671069,0.74595049,-0.04973598,-0.08991992,-0.11422919
0.66934943,0.35835437,-0.65080985,-0.40110911,0.91165279,0.08944642,0.62536613,0.20117487,0.75395348,-0.03534586,-0.11319184,-0.10276426
0.67411464,0.35786548,-0.6461437,-0.39969431,0.91238321,0.08832504,0.62113915,0.19871879,0.7580877,-0.02682126,-0.11315351,-0.09349965
0.68340057,0.35786959,-0.63631205,-0.39808783,0.91329758,0.08610237,0.61195567,0.19446567,0.76661161,-0.01057846,-0.12811469,-0.07891285
0.69232306,0.3587413,-0.62609378,-0.39772064,0.91367804,0.08373007,0.60208557,0.19104218,0.77523921,0.01339018,-0.14639793,-0.06978422
0.69660448,0.35938448,-0.62095489,-0.39787805,0.91372349,0.08247687,0.59702198,0.18961057,0.77949508,0.02167982,-0.1434425,-0.06925403
0.70465896,0.36126225,-0.6106925,-0.39883652,0.913509,0.0801919,0.5868434,0.18705853,0.78779688,0.03565064,-0.14075176,-0.07208884
0.71205807,0.36379398,-0.60052242,-0.40035493,0.91300195,0.0783795,0.57679213,0.18461138,0.79575714,0.03215469,-0.14004682,-0.06981978
0.71560034,0.36510521,-0.59549506,-0.40111732,0.91273473,0.07759009,0.57185757,0.18333988,0.79960329,0.03273092,-0.14968292,-0.07685211
0.72936527,0.37097824,-0.57480562,-0.40467194,0.91140309,0.07473318,0.551604,0.1780999,0.81487022,0.05312208,-0.10262858,-0.08062214
0.72936527,0.37097824,-0.57480562,-0.40467194,0.91140309,0.07473318,0.551604,0.1780999,0.81487022,0.05312208,-0.10262858,-0.08062214
0.73851895,0.37711106,-0.55890697,-0.40913125,0.90954393,0.07308531,0.53591171,0.17469143,0.82600335,0.08999898,-0.07163208,-0.08992922
0.74364067,0.38216408,-0.5485883,-0.4136129,0.90763219,0.07161118,0.52528362,0.17365023,0.83302022,0.10843796,-0.06065106,-0.08751193
0.74575077,0.38515016,-0.54361304,-0.41666211,0.90632089,0.07053463,0.51985428,0.17390171,0.83636698,0.12585606,-0.03066283,-0.07609373
0.74879774,0.39232599,-0.53421185,-0.42451634,0.90286137,0.06802378,0.50900674,0.17584559,0.84260933,0.15631081,0.09508329,-0.06895945
0.7500563,0.4012136,-0.5257786,-0.43467858,0.8982139,0.0653169,0.49846767,0.17955337,0.84810998,0.14935066,0.23653869,-0.06021694
0.75018802,0.4058017,-0.52205641,-0.44001988,0.89570847,0.063944,0.49355893,0.18174518,0.85051059,0.13137214,0.22223811,-0.05714283
0.75044032,0.41371949,-0.51543718,-0.44953199,0.89119036,0.06083359,0.48452068,0.18605354,0.85476533,0.13941923,0.32073346,-0.05265594
0.7497263,0.4220469,-0.50969298,-0.45873506,0.88658807,0.05936124,0.47694095,0.18930934,0.85830608,0.13587722,0.44274965,-0.03361776
0.74885427,0.42654277,-0.50722635,-0.46336464,0.88417261,0.05943074,0.4738254,0.19052578,0.85976126,0.1274738,0.38341501,-0.0204729
0.7467089,0.43482116,-0.50334517,-0.47146317,0.87980018,0.06061445,0.46919962,0.19204737,0.86195679,0.09698272,0.28442672,0.01864155
0.74438727,0.44201546,-0.50050963,-0.47809787,0.87607072,0.06262983,0.46616518,0.19267176,0.86346256,0.02666143,0.23874228,0.06135831
0.74347487,0.44494292,-0.49927035,-0.48065759,0.87459399,0.06366805,0.46498749,0.19264251,0.86410386,0.0230369,0.17307095,0.07707522
0.74247437,0.44883874,-0.4972681,-0.48361021,0.87281221,0.06572661,0.46352231,0.19168363,0.86510371,0.01296241,0.13555448,0.1049098
0.74178375,0.45074849,-0.49657088,-0.48421687,0.87226662,0.06844674,0.46399446,0.18967533,0.86529324,-0.01587064,-0.01292002,0.12440852
0.74173118,0.45051568,-0.49686061,-0.48340981,0.87262463,0.06957876,0.46491913,0.18857857,0.8650366,-0.02225427,-0.05479121,0.13209637
0.74199705,0.44846583,-0.49831594,-0.48056927,0.87407294,0.07106106,0.46743294,0.18674823,0.86407844,-0.05178294,-0.05776131,0.13224353
0.74236888,0.44540262,-0.50050465,-0.4774574,0.87576797,0.07116785,0.47002428,0.18613688,0.86280369,-0.05999276,-0.08845835,0.13819775
0.74267452,0.44346356,-0.50177153,-0.47576799,0.87672786,0.07066182,0.47125302,0.18624808,0.86210919,-0.05520174,-0.07942127,0.13626224
0.74317241,0.43929937,-0.50468882,-0.47231517,0.87869739,0.06934888,0.47393367,0.18683402,0.86051143,-0.04601102,-0.01463252,0.13533676
0.74319643,0.43518473,-0.50820593,-0.46900839,0.88055946,0.06816267,0.47716888,0.18769462,0.85853396,-0.03321194,0.02880078,0.12493615
0.743102,0.43304983,-0.51016396,-0.46724566,0.88153204,0.0676961,0.47904166,0.18806679,0.85740887,-0.04093754,0.03187483,0.12008025
0.74302311,0.4281147,-0.51442635,-0.46281237,0.88391058,0.0671327,0.48344739,0.18820173,0.85490277,-0.05326679,-0.02900052,0.11641011
0.7436441,0.42156191,-0.51892095,-0.45640056,0.88726706,0.06675086,0.48856108,0.18719695,0.85221203,-0.07206411,-0.10585832,0.11186962
0.74427039,0.4177084,-0.52113462,-0.45252253,0.88926986,0.06650177,0.49120765,0.18632986,0.85087968,-0.07338521,-0.13392012,0.1065692
0.74600257,0.40961547,-0.52506697,-0.44398127,0.89357971,0.06630183,0.49634744,0.18365857,0.84847436,-0.07111603,-0.11959957,0.09361915
0.74811768,0.4015366,-0.52828806,-0.4348684,0.8980179,0.06673314,0.50120793,0.17981156,0.84643866,-0.04809301,-0.09875792,0.08815232
0.74905908,0.39779149,-0.52978525,-0.43031091,0.90015553,0.06747247,0.5037291,0.17743151,0.8454437,-0.03679445,-0.09214555,0.08629814
0.75038566,0.39118446,-0.53281904,-0.4216294,0.90406601,0.06995229,0.50906783,0.17216096,0.84333302,-0.01766057,-0.12661253,0.08824615
0.75091462,0.38583466,-0.53596537,-0.41375994,0.90741131,0.07353525,0.51471349,0.16654229,0.84103133,-0.01819582,-0.20727246,0.08627811
0.75095689,0.38352067,-0.53756453,-0.41005765,0.90891887,0.07562543,0.51760646,0.16364102,0.83982448,-0.01062298,-0.21936356,0.08131325
0.7505664,0.37998932,-0.5406091,-0.40346636,0.9114476,0.08048711,0.52332111,0.15770667,0.83741485,-0.01533191,-0.17862038,0.07621586
0.74955273,0.37792766,-0.54345319,-0.39784995,0.91336902,0.08644332,0.52904262,0.15141901,0.83497675,0.01342299,-0.15505587,0.06525714
0.74686686,0.37741094,-0.54749505,-0.39162704,0.91504555,0.09653959,0.53741801,0.14231166,0.83122154,0.0116787,-0.19515274,0.06127166
0.74485632,0.37779612,-0.54996286,-0.38865052,0.91565195,0.10262686,0.5423466,0.1373011,0.8288598,0.01452825,-0.15901987,0.07282399
0.74375665,0.37823341,-0.55114927,-0.3875787,0.91578592,0.1054462,0.54461801,0.13518741,0.82771708,0.01125803,-0.13142274,0.0818488
0.7413006,0.37993369,-0.55328455,-0.3862401,0.91566094,0.11128166,0.5489007,0.13120753,0.82552564,0.02397006,-0.07895785,0.08648445
0.73831584,0.38322529,-0.55500274,-0.38632468,0.91481605,0.11774899,0.5528498,0.12747534,0.82347259,0.03621946,0.04264742,0.0886274
0.73656232,0.38565634,-0.55564836,-0.38712716,0.91402316,0.12121973,0.55462463,0.1258207,0.82253307,0.05399694,0.07153147,0.09217656
0.73254756,0.3918376,-0.55663038,-0.39025499,0.91173485,0.12822093,0.5577411,0.12329985,0.82080571,0.07280782,0.17018144,0.10159094
0.72546572,0.40391457,-0.55727235,-0.39885881,0.90659018,0.13786183,0.56090204,0.12225897,0.81880499,0.04456798,0.17050533,0.08677708
0.7211752,0.41261322,-0.556468,-0.40572956,0.9026596,0.14348928,0.56150675,0.12229462,0.8183851,0.03228621,0.15930288,0.07699835
0.71515675,0.42825819,-0.55239996,-0.41901375,0.89523803,0.1515795,0.55944462,0.12306009,0.8196816,0.06056881,0.38241616,0.07533616
0.71092785,0.44017213,-0.54847978,-0.42879099,0.88947271,0.15803981,0.55742252,0.12282829,0.82109277,0.06180875,0.34419325,0.03246387
0.7073525,0.45068005,-0.54455477,-0.43656787,0.88443284,0.16488491,0.55593246,0.12110338,0.82235822,0.03026571,0.29754212,-0.00715024
0.70598501,0.45514598,-0.54261155,-0.43962238,0.88231175,0.16810155,0.55526329,0.11986701,0.82299123,0.01862446,0.21682779,-0.02482317
0.70391453,0.46580918,-0.53621466,-0.44426208,0.87776881,0.17931295,0.55419812,0.11199883,0.82481557,0.01742047,0.12190955,-0.07349797
0.70375685,0.46720581,-0.53520558,-0.4436649,0.87740549,0.18254055,0.55487632,0.10898777,0.82476295,0.0196242,0.10042375,-0.08661009
0.70340399,0.46861466,-0.53443721,-0.44023542,0.87754043,0.19004097,0.55804625,0.1016026,0.82356621,0.03349611,0.00927955,-0.11257418
0.70238815,0.46875888,-0.53564537,-0.43434883,0.87844364,0.19919296,0.56390774,0.09274619,0.8206133,0.00737438,-0.03508633,-0.13880414
0.70152009,0.46860589,-0.53691533,-0.43084432,0.87900895,0.20424603,0.56766428,0.08804423,0.81853863,-0.0135155,-0.06098026,-0.15209475
0.6985667,0.46495141,-0.54389769,-0.41492116,0.88248835,0.22148301,0.58296221,0.07095404,0.80939517,-0.05604064,-0.1296889,-0.1909703
0.69840559,0.463134,-0.54565238,-0.41090617,0.88370002,0.22412136,0.58599125,0.06768433,0.80748566,-0.05733421,-0.10986745,-0.18272948
0.70134136,0.45193553,-0.55124816,-0.39471055,0.89016635,0.22761248,0.59356873,0.05794943,0.80269421,-0.05145845,-0.09901499,-0.16002826
0.7030824,0.4479801,-0.55225802,-0.39033634,0.892284,0.2268629,0.59440107,0.05606308,0.80221211,-0.05265645,-0.12122195,-0.15378954
0.70767814,0.43878027,-0.55377205,-0.38090678,0.89706511,0.22401829,0.59506439,0.0524027,0.80196776,-0.0536381,-0.15632455,-0.13474578
0.71342131,0.42841577,-0.55451773,-0.37104229,0.90225167,0.21970328,0.59443891,0.04900854,0.80264595,-0.07215293,-0.17201762,-0.125989
0.71675753,0.42289671,-0.55445198,-0.3660952,0.9049333,0.21695626,0.59349215,0.04747718,0.80343822,-0.08241376,-0.16867684,-0.12202817
0.72446996,0.4113622,-0.55310434,-0.35623168,0.91038276,0.21048092,0.59012055,0.04454619,0.80608522,-0.08030196,-0.14808457,-0.1050459
0.73795905,0.39394166,-0.54792916,-0.34233753,0.91823661,0.19911436,0.58156806,0.0406385,0.81248205,-0.0479526,-0.15225385,-0.08315725
0.74713893,0.38345157,-0.54290727,-0.33452107,0.92275263,0.19137196,0.57435099,0.03863249,0.81769705,-0.02462036,-0.150492,-0.07238227
0.75558405,0.37471558,-0.53729043,-0.32831945,0.92639753,0.18437449,0.56683252,0.03709247,0.82299761,-0.00242969,-0.16675107,-0.07305879
0.76640262,0.36489154,-0.52865979,-0.32206006,0.930356,0.17525704,0.55579161,0.03594275,0.83054427,0.00120842,-0.16994427,-0.07757658
0.76640262,0.36489154,-0.52865979,-0.32206006,0.930356,0.17525704,0.55579161,0.03594275,0.83054427,0.00120842,-0.16994427,-0.07757658
0.77512186,0.35875166,-0.52008011,-0.31914644,0.93274038,0.16775257,0.54528124,0.03595304,0.83748178,0.02082671,-0.12274735,-0.08056558
0.7799726,0.35621879,-0.51453952,-0.31857132,0.93369334,0.16349028,0.53866043,0.03639959,0.84173631,0.02871295,-0.11853456,-0.09490382
0.78613391,0.35392943,-0.50668276,-0.31930995,0.93449607,0.15734752,0.52918297,0.03809264,0.84765224,0.03628217,-0.0260005,-0.10886666
0.78951585,0.35351467,-0.50168928,-0.32080294,0.93459082,0.15370581,0.52321145,0.03959022,0.85128281,0.05554331,0.00347418,-0.1259634
0.79208617,0.35427309,-0.49708156,-0.32358543,0.93420345,0.15018783,0.51758281,0.04188665,0.85460724,0.08386603,0.09946423,-0.11695004
0.79208617,0.35427309,-0.49708156,-0.32358543,0.93420345,0.15018783,0.51758281,0.04188665,0.85460724,0.08386603,0.09946423,-0.11695004
0.79414419,0.35835821,-0.4908303,-0.33156102,0.93234004,0.14425443,0.5093155,0.04818138,0.85923004,0.09356692,0.11354118,-0.11162636
0.79448656,0.36294323,-0.48689147,-0.33935456,0.93023032,0.13967826,0.50361649,0.05425635,0.86222193,0.09390405,0.10836976,-0.09954208
0.79427372,0.3658835,-0.48503452,-0.34400023,0.92886738,0.13736528,0.50079243,0.05774637,0.86363897,0.09911294,0.10827737,-0.09615105
0.79327927,0.37272528,-0.48143938,-0.35458389,0.92561109,0.1323419,0.4949528,0.06572656,0.86643047,0.10421077,0.30893686,-0.05984845
0.79044746,0.38690365,-0.47486666,-0.3784748,0.91805883,0.11800336,0.48161147,0.08644962,0.87211057,0.00977042,0.2649,0.02459604
0.79115425,0.38696338,-0.47363938,-0.38127777,0.91755688,0.11276803,0.47822817,0.09137128,0.87346957,-0.00133051,0.19632034,0.0544
0.79687147,0.37846616,-0.4709132,-0.37882327,0.92021004,0.09852114,0.47062598,0.09988418,0.87666091,-0.08953273,-0.06174272,0.13918427
0.79907051,0.37505052,-0.46991852,-0.37721518,0.92135166,0.09391393,0.46818268,0.10221655,0.87769969,-0.08448798,-0.03990411,0.15678929
0.80414334,0.36723307,-0.46743276,-0.37337119,0.92391324,0.08353617,0.46254456,0.10735086,0.88007292,-0.07189757,0.02502662,0.17570134
0.81189853,0.3537113,-0.46444492,-0.36486718,0.92847823,0.06928295,0.45573316,0.11320998,0.88288775,-0.02140505,0.08566313,0.15953684
0.81589664,0.34481693,-0.46412706,-0.3578397,0.93164839,0.06310327,0.4541623,0.11459736,0.88351799,-0.00378462,0.1026594,0.14722949
0.82035213,0.33033014,-0.46680223,-0.3443588,0.93704937,0.05792641,0.45655158,0.11322743,0.88246256,-0.03408163,0.00387901,0.13455489
0.82335508,0.31801046,-0.47005931,-0.33218251,0.94160009,0.05517287,0.46015343,0.11071862,0.88090874,-0.04878617,-0.07991391,0.12597027
0.82633617,0.30380327,-0.47420683,-0.31781047,0.94668877,0.05269612,0.46493553,0.10716319,0.87883503,-0.05344661,-0.09249675,0.11616518
0.8297464,0.28211406,-0.48159376,-0.29501802,0.95414873,0.0506415,0.47379876,0.10005925,0.87493021,-0.03001879,-0.12676518,0.09312286
0.83081394,0.2684958,-0.48750196,-0.27999635,0.95865549,0.05081027,0.48098878,0.09428491,0.8716422,-0.01516973,-0.12662552,0.07818617
0.83090814,0.26228452,-0.49071221,-0.27284985,0.96067871,0.05147211,0.48491711,0.09112217,0.86980006,-0.01749946,-0.15019332,0.07390109
0.83029842,0.25097186,-0.49761195,-0.25915025,0.96432893,0.05395245,0.49340215,0.08415963,0.86572021,0.01082165,-0.17345445,0.06887168
0.82827863,0.24197096,-0.50537564,-0.24716586,0.96723473,0.05801727,0.50285537,0.07685715,0.86094683,0.03380226,-0.14310126,0.07089217
0.81713381,0.23001592,-0.52856883,-0.22653146,0.97130359,0.07247642,0.53007153,0.06051455,0.84579084,0.02532136,-0.13050537,0.06454596
0.81442829,0.22904369,-0.53314683,-0.22395466,0.97168379,0.07533203,0.53530446,0.05804818,0.84266217,0.03168116,-0.14114742,0.06949778
0.80296302,0.22625608,-0.55141504,-0.21521149,0.97279386,0.0857678,0.55581865,0.04980249,0.8298104,0.047947,-0.07342988,0.08456309
0.79997755,0.22597616,-0.55585132,-0.2134825,0.97294823,0.08830041,0.56076834,0.04802619,0.8265787,0.05204942,-0.04710114,0.08911699
0.78737068,0.22620497,-0.57347947,-0.20727473,0.97322987,0.09930152,0.58058985,0.0406807,0.81317925,0.07507275,0.0564683,0.11001063
0.78406515,0.22641472,-0.57790848,-0.20575734,0.97325719,0.10214868,0.58558155,0.03881769,0.80968354,0.06883276,0.06985252,0.10830566
0.7773308,0.22751655,-0.58650919,-0.2031647,0.97314414,0.10823398,0.59538301,0.03502436,0.80267824,0.07341807,0.08713072,0.11406196
0.77030555,0.23013748,-0.5946983,-0.20177369,0.9726522,0.11504376,0.6049105,0.03137563,0.79567508,0.09201655,0.13377242,0.11379956
0.75156832,0.242715,-0.61337954,-0.20327802,0.96981383,0.13468177,0.62755325,0.02346404,0.77821998,0.0694624,0.08481019,0.06725644
0.75156832,0.242715,-0.61337954,-0.20327802,0.96981383,0.13468177,0.62755325,0.02346404,0.77821998,0.0694624,0.08481019,0.06725644
0.73938434,0.25343332,-0.6237647,-0.2064488,0.9671629,0.14823908,0.64085079,0.0191698,0.7674261,0.06295437,0.25414339,0.03157656
0.73145046,0.26094711,-0.62998952,-0.20881433,0.96521287,0.15735526,0.64913539,0.01645327,0.7604949,0.02330513,0.15315382,-0.01831654
0.72788055,0.26407024,-0.63281656,-0.20950242,0.96438595,0.16145737,0.65291549,0.01505493,0.75728113,0.02519647,0.26773193,-0.02356948
0.7166307,0.27249739,-0.64201683,-0.20865922,0.96212134,0.17545327,0.66550865,0.00822753,0.74634478,-0.04840268,0.02090591,-0.09159651
0.71449175,0.27315998,-0.64411577,-0.20767112,0.96194401,0.177585,0.66811242,0.00688124,0.74402849,-0.05452317,0.00932616,-0.09631059
0.71449175,0.27315998,-0.64411577,-0.20767112,0.96194401,0.177585,0.66811242,0.00688124,0.74402849,-0.05452317,0.00932616,-0.09631059
0.7044396,0.27088806,-0.65603696,-0.19742609,0.96261017,0.18548474,0.68175346,-0.00114398,0.7315811,-0.09427232,0.01264578,-0.11720452
0.69987109,0.26531741,-0.66316447,-0.18719948,0.96413158,0.18816657,0.68930167,-0.0075483,0.7244351,-0.12514587,-0.07785266,-0.14885433
0.69987109,0.26531741,-0.66316447,-0.18719948,0.96413158,0.18816657,0.68930167,-0.0075483,0.7244351,-0.12514587,-0.07785266,-0.14885433
0.69198879,0.25401424,-0.67574273,-0.16865414,0.96703174,0.19080199,0.70193109,-0.01806602,0.71201568,-0.15699655,-0.09041833,-0.14587624
0.68656967,0.24553848,-0.68434853,-0.15678976,0.96910367,0.19040757,0.70995706,-0.02342921,0.70385511,-0.14592451,-0.12244361,-0.13120556
0.67880712,0.2308882,-0.69707351,-0.14044021,0.97257899,0.18538244,0.72076167,-0.02794176,0.69261954,-0.14708582,-0.10529118,-0.0886318
0.67412301,0.21987544,-0.70513331,-0.13015352,0.97508747,0.17962321,0.72706138,-0.02931256,0.68594646,-0.13981755,-0.09642565,-0.07910663
0.67412301,0.21987544,-0.70513331,-0.13015352,0.97508747,0.17962321,0.72706138,-0.02931256,0.68594646,-0.13981755,-0.09642565,-0.07910663
0.67412301,0.21987544,-0.70513331,-0.13015352,0.97508747,0.17962321,0.72706138,-0.02931256,0.68594646,-0.13981755,-0.09642565,-0.07910663
0.65683075,0.18731076,-0.73040264,-0.10036152,0.98175344,0.161517,0.74732917,-0.03278501,0.66364464,-0.05795954,-0.08573519,-0.05095038
0.64837587,0.17675353,-0.74051799,-0.09009386,0.98365492,0.15590409,0.75597077,-0.03436832,0.65370252,-0.04425595,-0.10396748,-0.03982402
0.64233712,0.17002026,-0.74732596,-0.0840133,0.98482772,0.15184244,0.76180362,-0.03474871,0.64687536,-0.03278336,-0.10464453,-0.03082358
0.63920176,0.16679352,-0.75073364,-0.08131037,0.98538305,0.14969593,0.76472852,-0.03464347,0.64342062,-0.02967322,-0.12266033,-0.03407744
0.63920176,0.16679352,-0.75073364,-0.08131037,0.98538305,0.14969593,0.76472852,-0.03464347,0.64342062,-0.02967322,-0.12266033,-0.03407744
0.62598397,0.15419542,-0.76443951,-0.07274673,0.98752876,0.13962402,0.77643538,-0.03179191,0.62939439,-0.00143998,-0.09335946,-0.04103581
0.60258438,0.13609127,-0.78636577,-0.0627332,0.99038123,0.12332706,0.79558564,-0.0249837,0.6053257,0.01700719,-0.07763457,-0.0457311
0.59335058,0.13145196,-0.79413813,-0.06081457,0.99107654,0.11861234,0.80264349,-0.02208352,0.59605003,0.03252257,-0.03777241,-0.05004957
0.58385482,0.12765998,-0.80175838,-0.05967517,0.99163657,0.11443681,0.80966193,-0.01896941,0.58658992,0.03682746,0.01200181,-0.05272981
0.57906459,0.12592687,-0.80549775,-0.05921656,0.99188616,0.11249555,0.81312828,-0.01744338,0.58182311,0.02994691,-0.01978433,-0.06368037
0.55887413,0.12224094,-0.82019313,-0.06044723,0.99244939,0.10672552,0.8270464,-0.01006772,0.56204341,0.08497573,0.03036207,-0.04978921
0.55338663,0.12232219,-0.82389346,-0.06195153,0.99246231,0.10573819,0.83061734,-0.00747263,0.55679343,0.08153901,0.00893217,-0.0478594
0.55338663,0.12232219,-0.82389346,-0.06195153,0.99246231,0.10573819,0.83061734,-0.00747263,0.55679343,0.08153901,0.00893217,-0.0478594
0.52986099,0.12520865,-0.83879085,-0.07225863,0.99211026,0.10244956,0.84500058,0.00632586,0.53472793,0.1029063,0.04577428,-0.01758064
0.50772826,0.13006798,-0.85164209,-0.08246805,0.99133573,0.1022374,0.85756105,0.01832446,0.51405562,0.09206688,0.02859717,0.02439301
0.47865661,0.13381815,-0.86774452,-0.09330391,0.99047327,0.10127724,0.87303048,0.03248694,0.48658234,0.07708111,0.13437514,0.04760785
0.45529296,0.13708329,-0.87972522,-0.10261045,0.98957106,0.10109502,0.88440906,0.04424116,0.46461092,0.15138163,0.30025354,0.15648042
0.42522775,0.14162961,-0.89393643,-0.11329503,0.98824155,0.10267852,0.89796744,0.05761681,0.43627366,0.15016243,0.21927123,0.18906939
0.3649042,0.14993896,-0.91889237,-0.13278032,0.98523984,0.10803631,0.92152822,0.08258793,0.3794271,0.12020551,0.29107764,0.23527777
0.28852551,0.15421268,-0.94497162,-0.15319579,0.98166472,0.11342589,0.94513701,0.11203943,0.30686004,-0.01916769,0.02311665,0.23440209
0.23187745,0.15061597,-0.96101387,-0.16634245,0.97952782,0.11338179,0.95841693,0.13356672,0.25218425,-0.12143679,0.00508684,0.26059633
0.17249854,0.14085671,-0.97488648,-0.17796975,0.97789091,0.10980045,0.96879876,0.15455988,0.19375299,-0.16565906,0.07447439,0.2846663
0.07900865,0.11919758,-0.98972196,-0.19445253,0.97559706,0.10197347,0.97772483,0.18439716,0.10025888,-0.19020468,-0.01104653,0.27708018
0.0132944,0.10041625,-0.99485667,-0.20597812,0.97388083,0.09554654,0.97846627,0.20364848,0.03363071,-0.23890507,-0.02835643,0.23051661
-0.0202762104,0.0900056945,-0.995734844,-0.212250704,0.972850388,0.092259213,0.977004884,0.213216084,-0.000621947826,-0.247766525,-0.0403987728,0.203726023
-0.08710892,0.0676218,-0.99390105,-0.22522948,0.97052305,0.08577113,0.97040388,0.23132725,-0.06931079,-0.26052943,-0.07780748,0.17320076
