0,1,2,3,4,5,6,7,8,9,10,11
0.44692741,0.12864896,-0.88527134,0.03639353,-0.99140072,-0.12569864,-0.89382963,0.02396002,-0.44776615,0.01246265,-0.00259382,0.01646243
0.44598278,0.127991,-0.88584287,0.03612019,-0.99149,-0.12507052,-0.89431237,0.02378248,-0.44681045,0.01158812,-0.00883597,0.01044075
0.44399113,0.12693291,-0.88699485,0.0354562,-0.99162862,-0.12415864,-0.89532937,0.02367586,-0.44477482,0.0180824,-0.02116459,-0.0167065
0.44192057,0.12653687,-0.8880848,0.03463637,-0.9916699,-0.12406054,-0.89638524,0.02406487,-0.44262207,0.00898859,-0.01787543,-0.00731682
0.44094575,0.12638905,-0.88859025,0.03428994,-0.99168489,-0.12403705,-0.89687848,0.0242239,-0.44161309,0.00842595,-0.02307749,-0.01227993
0.43929126,0.12605723,-0.88945642,0.03401833,-0.99172999,-0.12375063,-0.89770034,0.02410475,-0.43994652,-0.00592486,-0.01367038,0.01274583
0.43794996,0.12607718,-0.8901148,0.03429073,-0.99173947,-0.12359989,-0.89834512,0.02360788,-0.43865553,0.0205885,0.00514936,0.02895563
0.43722877,0.1258008,-0.89050833,0.0343825,-0.99178267,-0.1232263,-0.89869281,0.02326018,-0.43796119,0.03721847,0.01691246,0.03578245
0.43594096,0.12496877,-0.89125658,0.03368286,-0.99188404,-0.12260306,-0.89934473,0.02342762,-0.43661219,0.05003051,0.05321383,0.01726975
0.43519562,0.12349066,-0.8918267,0.03205227,-0.99204601,-0.12172702,-0.89976522,0.02439,-0.43569226,0.04040746,0.04250681,-0.0083325
0.43487241,0.12224999,-0.89215517,0.03079289,-0.99218113,-0.12094663,-0.89996539,0.02512431,-0.43523655,0.02463258,0.0212177,-0.01086042
0.43414554,0.11925868,-0.89291378,0.02753982,-0.99249204,-0.11916829,-0.90042168,0.0271457,-0.43417034,0.0088341,-0.00460833,0.00761727
0.43281932,0.11581715,-0.89400997,0.02449456,-0.99285759,-0.11676404,-0.90114785,0.02863935,-0.43256484,0.04079719,-0.01812178,-0.01294811
0.43033872,0.11185503,-0.89571037,0.02170597,-0.99328812,-0.11361189,-0.90240649,0.02944934,-0.42987829,-0.02349036,-0.0114854,0.00540648
0.4296869,0.1116638,-0.89604704,0.02106352,-0.99329378,-0.11368181,-0.9027322,0.02997367,-0.42915729,-0.02374699,-0.0178833,0.00175315
0.42811163,0.11100206,-0.89688292,0.01990226,-0.99334542,-0.11344067,-0.90350669,0.03071528,-0.42747192,-0.02424363,-0.01949704,-0.0157274
0.42697087,0.10990432,-0.89756162,0.01869017,-0.993447,-0.11275434,-0.90407218,0.03136724,-0.42622701,-0.03120117,-0.01008767,0.00202005
0.42632858,0.10948464,-0.89791816,0.01798803,-0.99347799,-0.11259576,-0.90438948,0.03185101,-0.42551744,-0.02450543,-0.01280206,0.01134093
0.424714963,0.108720831,-0.898775216,0.0165676616,-0.993529968,-0.112353877,-0.905175464,0.0328277628,-0.423768201,-0.00927392393,-0.000535249652,0.0281329453
0.42329467,0.10769288,-0.89956868,0.0151322,-0.99361192,-0.11183087,-0.90586565,0.03372495,-0.4222202,-0.01252257,0.01032638,0.04307608
0.42288228,0.10725967,-0.89981436,0.01438327,-0.99363957,-0.11168417,-0.90607044,0.03428698,-0.42173526,-0.00900246,0.01377988,0.03776847
0.42274056,0.10647596,-0.899974,0.0130506,-0.99368612,-0.11143286,-0.90615673,0.03536199,-0.42146091,-0.0134568,0.00456989,0.01795948
0.42311968,0.10463199,-0.90001209,0.01134791,-0.99384382,-0.11020557,-0.90600267,0.03641688,-0.42170212,-0.00508625,-0.00443441,-0.01371254
0.42386704,0.10308379,-0.89983909,0.01045571,-0.99399267,-0.1089447,-0.90566402,0.0367696,-0.42239846,-0.01048251,-0.00962901,-0.01748451
0.424831947,0.102452675,-0.899456073,0.0101074304,-0.994050072,-0.108453471,-0.905215785,0.0369833072,-0.423339721,-0.0221889187,-0.0351754986,-0.000428628176
0.4253746,0.10266229,-0.8991756,0.01020987,-0.99402609,-0.10866174,-0.9049597,0.03704147,-0.42388148,-0.02597801,-0.04185545,0.00477849
0.42593345,0.10421325,-0.89873255,0.01086158,-0.9938614,-0.11009641,-0.90468925,0.03713208,-0.42445065,-0.03647674,-0.04661911,-0.00230011
0.4263317,0.10780324,-0.89812015,0.01215688,-0.99346634,-0.11347705,-0.90448524,0.03746053,-0.4248568,-0.0489296,-0.01103568,-0.01363434
0.42646522,0.11029382,-0.89775426,0.01301447,-0.99318321,-0.11583542,-0.90441034,0.03771599,-0.42499355,-0.05128639,0.00315022,-0.01173902
0.42614706,0.1156738,-0.89722812,0.01473893,-0.99254773,-0.12096234,-0.90453385,0.03832357,-0.42467624,-0.03417398,0.03218245,-0.01604255
0.42535539,0.11964184,-0.89708339,0.01581521,-0.9920547,-0.12480909,-0.90488821,0.03890066,-0.42386796,-0.01072819,0.03408527,0.00365342
0.42501582,0.12076426,-0.89709397,0.01598183,-0.99190718,-0.12595604,-0.90504485,0.03919611,-0.42350634,-0.0102223,0.0223304,-0.01344742
0.42456912,0.12252226,-0.89706703,0.01579366,-0.99165263,-0.12796595,-0.90525771,0.04016242,-0.42296007,-0.01357228,0.0095222,-0.01289587
0.42383703,0.12435996,-0.89716041,0.01565623,-0.99138718,-0.13002487,-0.90560316,0.0410632,-0.42213364,-0.00179189,-0.00601923,-0.01866383
0.42340261,0.12541169,-0.89721906,0.0158877,-0.99124733,-0.13105731,-0.90580225,0.04123526,-0.42168913,0.00804663,-0.01644158,0.0217531
0.42280145,0.12753051,-0.89720392,0.0164932,-0.99096722,-0.13308592,-0.90607223,0.04147115,-0.42108574,0.01816522,-0.0151037,0.01232794
0.42272964,0.12962119,-0.89693812,0.0175911,-0.99070559,-0.13488127,-0.90608509,0.04124018,-0.42108079,0.01408609,-0.01898891,0.01138791
0.42302358,0.13055475,-0.89666407,0.01812387,-0.99058689,-0.13567959,-0.90593737,0.04114463,-0.42140772,0.00823861,-0.01609564,0.01243354
0.42403584,0.13221365,-0.89594259,0.01920416,-0.99037648,-0.13706017,-0.90544175,0.04091259,-0.42249414,0.00575401,-0.01065475,0.00439231
0.42529462,0.13341386,-0.89516768,0.02039754,-0.99023714,-0.13789193,-0.90482506,0.04038548,-0.42386379,-0.00167192,0.00320971,0.0235061
0.4259688,0.13396177,-0.89476518,0.02105014,-0.99017692,-0.13822528,-0.90449288,0.04004471,-0.42460429,-0.00672158,0.00893819,0.02563666
0.427548206,0.134999151,-0.893855528,0.0223557161,-0.990062895,-0.138836207,-0.903716049,0.0393763862,-0.426317562,0.0118807349,-0.000634312571,0.0343335941
0.42902217,0.1353817,-0.89309113,0.02366097,-0.99004988,-0.13871323,-0.90298401,0.03837965,-0.4279566,0.05436692,0.00545132,0.03279032
0.43018351,0.13560243,-0.8924988,0.02408834,-0.99002603,-0.13880974,-0.90242001,0.03821485,-0.42915929,0.04662748,0.01692533,0.03278673
0.43372455,0.13604338,-0.89071609,0.0244268,-0.98994809,-0.13930521,-0.90071432,0.03866274,-0.43268785,0.04426073,0.03125345,0.02071966
0.43829747,0.13578411,-0.88851446,0.02398947,-0.98993839,-0.13945006,-0.89850975,0.03980561,-0.43714483,0.04694511,0.01378965,0.013547
0.44074623,0.1356044,-0.88732984,0.02364536,-0.98993418,-0.13953979,-0.89732029,0.04052041,-0.43951622,0.03169815,0.01570916,0.01313278
0.44557026,0.13553919,-0.88492721,0.02287269,-0.98987345,-0.14009657,-0.89495468,0.04218219,-0.44415823,0.04473563,0.03240347,0.02323123
0.44966348,0.13366891,-0.88313946,0.02115292,-0.99005492,-0.13908096,-0.8929475,0.04385864,-0.44801895,0.03064579,0.00179863,0.06343678
0.45174551,0.13252766,-0.88224853,0.01968735,-0.99014519,-0.13865475,-0.89192963,0.04526754,-0.44990283,0.02907948,-0.01420957,0.03582315
0.45605247,0.13056009,-0.88032386,0.01591604,-0.9902185,-0.13861318,-0.8898105,0.04920361,-0.45366948,0.0228018,-0.03740465,0.02398108
0.46000874,0.12938476,-0.87843696,0.01153176,-0.99011326,-0.13979473,-0.88783947,0.05417687,-0.45695274,0.01540244,-0.08095276,-0.01037966
0.46153759,0.12953523,-0.87761249,0.00938087,-0.98993932,-0.14118121,-0.88707105,0.05692766,-0.45810936,0.00787212,-0.08580869,-0.03823516
0.46372766,0.13250759,-0.87601274,0.00544234,-0.98915976,-0.1467415,-0.88596104,0.06328053,-0.45942182,-0.0140045,-0.05448269,-0.05891855
0.46425296,0.13806858,-0.87487495,0.00191445,-0.98792906,-0.15489434,-0.88570054,0.07023525,-0.45891325,-0.01201947,-0.01109505,-0.10096832
0.463748656,0.141758224,-0.874552301,0.000302208627,-0.987141502,-0.159847828,-0.88596672,0.0738649129,-0.457828322,-0.00507424213,0.0239599925,-0.111400411
0.46100203,0.14952795,-0.87471047,-0.00267358,-0.9854627,-0.16986965,-0.88739499,0.08064885,-0.45390042,-0.00210411,0.03545951,-0.1156796
0.45548721,0.15531264,-0.87658961,-0.00601293,-0.9841048,-0.1774864,-0.890222,0.08611366,-0.44731322,0.0046582,-0.0176869,-0.11663558
0.4517293,0.15735963,-0.87816777,-0.00776702,-0.98359101,-0.18024586,-0.89212127,0.08824309,-0.44309471,0.01149109,-0.03955996,-0.1099266
0.44329367,0.16110902,-0.88177925,-0.01061116,-0.98270327,-0.18488326,-0.89631365,0.09131428,-0.43391662,0.07031771,-0.02569669,-0.09311131
0.43068217,0.16747321,-0.88682899,-0.01312216,-0.98136621,-0.19169876,-0.9024083,0.09419835,-0.42045938,0.12798674,0.0574888,0.02538373
0.42425315,0.1705071,-0.88934615,-0.01509274,-0.98064511,-0.19521094,-0.90541783,0.09624153,-0.41346834,0.12217729,0.0283252,0.06060079
0.42037887,0.17268767,-0.89076404,-0.01766906,-0.97997773,-0.19832163,-0.90717662,0.09910919,-0.40891071,0.10395131,-0.02250874,0.04460028
0.41735821,0.17744613,-0.89124912,-0.02085806,-0.97862146,-0.20460932,-0.90850265,0.1039851,-0.40473451,0.09456763,-0.0348832,-0.0375924
0.41557224,0.18139087,-0.89128955,-0.02293807,-0.97751097,-0.20963333,-0.90927089,0.10756225,-0.40206566,0.12104605,-0.01208287,-0.08425324
0.4095358,0.19078771,-0.89212134,-0.0299595,-0.97454789,-0.22216848,-0.91180198,0.11771346,-0.39339634,0.10126615,-0.02734524,-0.11007228
0.40752111,0.19243739,-0.89268948,-0.03168688,-0.97397608,-0.22442571,-0.91264593,0.11974477,-0.39081819,0.11941809,-0.01915401,-0.08623557
0.40332567,0.19445471,-0.89415648,-0.03521982,-0.97313696,-0.22751735,-0.91437848,0.12325563,-0.38564249,0.11833575,-0.01629567,-0.03745525
0.39994386,0.19537931,-0.89547294,-0.03809361,-0.97262723,-0.22922696,-0.91574764,0.12578971,-0.38155354,0.11413567,-0.0358321,-0.00451107
0.39880258,0.19559534,-0.89593466,-0.03902949,-0.97248324,-0.22967999,-0.91620585,0.12656484,-0.3801948,0.12757793,-0.05635804,0.00305758
0.39751653,0.1958332,-0.89645413,-0.03912685,-0.97245447,-0.22978581,-0.91676046,0.12641909,-0.37890443,0.14157827,-0.07320266,-0.00965067
0.39692954,0.19640544,-0.89658892,-0.03771891,-0.97252117,-0.22973764,-0.91707365,0.125008,-0.37861404,0.13224263,-0.07459544,-0.04703087
0.39690755,0.1971428,-0.89643691,-0.03644842,-0.9725056,-0.23000963,-0.91713463,0.12396627,-0.37880929,0.11953184,-0.06462329,-0.06247315
0.39828315,0.20154792,-0.8948457,-0.02994347,-0.97218426,-0.23229448,-0.91677358,0.11931375,-0.38116943,0.11868581,-0.05702948,-0.08367056
0.39866215,0.2023158,-0.89450366,-0.02846048,-0.97216431,-0.23256509,-0.91665614,0.1181729,-0.3818071,0.11918511,-0.04113614,-0.08551738
0.399479,0.20345307,-0.89388104,-0.02609538,-0.97214364,-0.23292828,-0.91637083,0.11637611,-0.38304172,0.11858632,-0.03299385,-0.05546299
0.39991881,0.20387028,-0.89358934,-0.0238115,-0.9723082,-0.23248644,-0.91624124,0.11425341,-0.38398993,0.14645328,-0.01791048,-0.03364131
0.39989556,0.2036525,-0.89364928,-0.02250152,-0.97252743,-0.23169708,-0.91628438,0.11276309,-0.38432675,0.15598659,-0.01575118,-0.04127404
0.40026183,0.20244762,-0.8937591,-0.01964615,-0.97317286,-0.2292342,-0.91619016,0.10931262,-0.38554655,0.15661277,-0.01184976,-0.08013719
0.40191953,0.20123601,-0.89328869,-0.01706237,-0.97373676,-0.22703591,-0.91551596,0.10649178,-0.38793017,0.16232346,-0.00659668,-0.10833558
0.40297518,0.20066255,-0.89294206,-0.01604262,-0.97396941,-0.22611093,-0.91507028,0.10544222,-0.38926632,0.16916756,0.00206757,-0.12000588
0.40419804,0.19956655,-0.89263496,-0.01418541,-0.97442267,-0.2242752,-0.91456151,0.10331399,-0.39102884,0.16502587,0.01256108,-0.13236928
0.40515151,0.19898858,-0.89233161,-0.01236727,-0.97474402,-0.22298164,-0.91416585,0.10137704,-0.39245796,0.16527271,0.04755807,-0.16053329
0.40593592,0.19880999,-0.89201489,-0.01125956,-0.97488928,-0.22240481,-0.91383215,0.10032578,-0.393504,0.17910324,0.07474791,-0.16086909
0.40767164,0.19854145,-0.89128283,-0.00817561,-0.97524313,-0.2209839,-0.91309197,0.09737565,-0.39595573,0.2277682,0.13979672,-0.14435849
0.41058378,0.19777307,-0.8901161,-0.00405822,-0.97578796,-0.21868028,-0.91181379,0.09339885,-0.39984,0.20129631,0.18431388,-0.15662394
0.41244944,0.19756045,-0.88930051,-0.00174308,-0.97602863,-0.21763574,-0.91097886,0.09131387,-0.40221817,0.19254106,0.20783304,-0.13278791
0.41619749,0.19729626,-0.88761126,0.00295086,-0.97646336,-0.21566248,-0.90926941,0.08713895,-0.4069837,0.23368999,0.25227222,-0.10514943
0.41940437,0.19581004,-0.88643018,0.00711337,-0.97713923,-0.21248181,-0.90777168,0.08281029,-0.41120939,0.19523039,0.27227625,-0.15905237
0.42085183,0.19447975,-0.88603681,0.00835879,-0.97753776,-0.2105934,-0.90709081,0.08122241,-0.41302403,0.16063535,0.28786013,-0.17785737
0.42371272,0.18964759,-0.88572082,0.00888981,-0.97865991,-0.20529466,-0.90575303,0.07911207,-0.41635662,0.02820503,0.24126969,-0.20947056
0.4252084,0.18473762,-0.88604166,0.00763524,-0.97964557,-0.2005897,-0.90506326,0.07852728,-0.41796403,-0.15671754,0.13160037,-0.19883358
0.42561022,0.18320612,-0.88616669,0.00666129,-0.9798985,-0.19938495,-0.90488205,0.07895725,-0.41827515,-0.21360844,0.09921931,-0.17843732
0.42683815,0.181246,-0.88597916,0.00405233,-0.98008343,-0.19854475,-0.90431895,0.0811562,-0.41907146,-0.30980521,0.03178238,-0.08996927
0.4299104,0.18033701,-0.88467826,0.00165683,-0.98000545,-0.19896382,-0.90287004,0.08407085,-0.42161332,-0.30209082,-0.01331985,0.13813365
0.431103184,0.179817624,-0.884203348,0.000794550576,-0.980016154,-0.198915397,-0.902302226,0.0850505061,-0.422630852,-0.237290531,-0.00996732619,0.279963315
0.43220185,0.17536136,-0.88456201,0.00100428,-0.98100303,-0.19398977,-0.90177633,0.08295439,-0.42416743,-0.08088402,-0.0231511,0.43748513
0.43307378,0.16611525,-0.88591926,0.00438132,-0.98324764,-0.18222313,-0.90134789,0.07503458,-0.42654669,-0.04758918,-0.04103839,0.38317448
0.43367146,0.16108485,-0.88655549,0.00637557,-0.98441456,-0.17574691,-0.90104845,0.07056411,-0.42793941,-0.04260394,-0.06887656,0.29064387
0.43484766,0.1520606,-0.88757252,0.00944047,-0.98635521,-0.16435909,-0.90045449,0.06309205,-0.43034968,-0.04067525,-0.10810804,0.04915353
0.4359382,0.14628724,-0.88800782,0.0105097,-0.98746117,-0.15751144,-0.89991521,0.05933255,-0.43200944,-0.06438293,-0.05984985,-0.16803607
0.43610924,0.14488956,-0.88815297,0.01046693,-0.98770305,-0.15599019,-0.89983283,0.05873252,-0.43226292,-0.07873949,-0.02064103,-0.13372402
0.43574727,0.14312476,-0.88861666,0.01047352,-0.98801546,-0.15399854,-0.90000809,0.05779749,-0.432024,-0.09350587,0.0276761,-0.11280748
0.43418392,0.14296032,-0.88940802,0.01327091,-0.98823481,-0.15236691,-0.90072646,0.054352,-0.43097283,-0.03901089,0.0255897,-0.02830849
0.43331377,0.14178308,-0.89002059,0.01610255,-0.98860793,-0.14964871,-0.90109921,0.05051324,-0.43066041,-0.02637919,-0.01189804,-0.09621441
0.42884923,0.13744542,-0.89285895,0.02383426,-0.98973539,-0.1409106,-0.90306161,0.03914877,-0.42772317,-0.00689784,-0.11815255,0.06165771
0.42237539,0.13133631,-0.89685552,0.03249207,-0.99100493,-0.12982145,-0.90583846,0.0256927,-0.42284351,-0.00480431,-0.17798387,0.07846943
0.41886696,0.12921521,-0.89880692,0.03669302,-0.99142363,-0.12543019,-0.90730594,0.01955862,-0.42001588,0.00819884,-0.18205462,0.07001039
0.41131894,0.12744705,-0.90253755,0.04458254,-0.99180451,-0.11973453,-0.91040056,0.00901167,-0.41362994,0.04690117,-0.16552292,0.04939686
0.403966806,0.128173695,-0.905749553,0.0518169762,-0.991751525,-0.117233433,-0.913304851,0.000425205689,-0.4072762,0.0489187688,-0.16629152,0.0411686935
0.40061894,0.12899114,-0.90711949,0.05534328,-0.9916396,-0.11656805,-0.91457182,-0.00350359,-0.40440843,0.02855525,-0.15132217,0.02314358
0.39396181,0.13102262,-0.90974008,0.06210996,-0.99131971,-0.11587527,-0.91702578,-0.01085351,-0.39867977,0.04580448,-0.15750544,-0.00209711
0.38653336,0.13095821,-0.91293038,0.06821951,-0.9912155,-0.11330404,-0.91974889,-0.01848388,-0.39207172,0.08133264,-0.20881544,-0.00660999
0.38272889,0.13066628,-0.91457363,0.07083123,-0.99118392,-0.11197039,-0.92114143,-0.02192607,-0.38860997,0.10102633,-0.21643941,-0.01078418
0.37498493,0.13027077,-0.91783209,0.07453941,-0.99110831,-0.11021765,-0.92402927,-0.02708472,-0.3813609,0.11029498,-0.22502385,-0.02300416
0.36732025,0.13003297,-0.92095996,0.07570898,-0.99107318,-0.10973631,-0.92700807,-0.02941657,-0.3738859,0.13368542,-0.17977361,0.00550865
0.36301319,0.12971711,-0.92271058,0.07513016,-0.99111278,-0.10977555,-0.92875013,-0.02947343,-0.36953261,0.12788391,-0.15752898,0.03188117
0.35445827,0.12882961,-0.92615454,0.07217269,-0.99127812,-0.11026644,-0.93228236,-0.02775821,-0.36066468,0.1295044,-0.1141737,0.04453186
0.34713506,0.12899715,-0.92890096,0.06797744,-0.99135032,-0.11226602,-0.93534824,-0.02417283,-0.35290137,0.10297948,-0.07651352,0.04538237
0.34418382,0.12975325,-0.92989328,0.06572203,-0.99130478,-0.11399649,-0.93659918,-0.02187874,-0.34971863,0.07967895,-0.03387922,0.04543654
0.34114318,0.13173013,-0.93073548,0.06131075,-0.99114201,-0.11780739,-0.93800978,-0.01687489,-0.34619784,0.0209666,0.01701653,0.0759173
0.34120414,0.13402112,-0.93038599,0.0581545,-0.99089737,-0.12141049,-0.93818858,-0.01268036,-0.34589223,0.19087982,0.06868231,0.08574492
0.34035724,0.13406457,-0.93068986,0.05748271,-0.99089904,-0.12171595,-0.93853751,-0.01207167,-0.34496603,0.26027861,0.0706731,0.09159024
0.33629104,0.13393494,-0.93218536,0.05824221,-0.99089811,-0.12135953,-0.9399553,-0.01348043,-0.34103061,0.29725441,0.1646931,-0.04463404
0.32867297,0.13485913,-0.93476578,0.06057217,-0.99072495,-0.12163462,-0.94249937,-0.01664278,-0.33379318,0.31867802,0.21838103,-0.26228535
0.3243766,0.13573286,-0.93613904,0.06155884,-0.99058256,-0.12229633,-0.94392279,-0.01795757,-0.32967726,0.27941003,0.268123,-0.34236124
0.3160667,0.1394388,-0.93843415,0.06253949,-0.99005124,-0.12604498,-0.94667346,-0.01885057,-0.32164265,0.1514779,0.30731794,-0.2579543
0.3083631,0.14578445,-0.94003142,0.06521188,-0.98910192,-0.13200276,-0.94903086,-0.02059644,-0.31450939,0.22868615,0.36126301,-0.10538834
0.30468551,0.14857386,-0.94079353,0.06755684,-0.98864172,-0.13425128,-0.95005407,-0.02265262,-0.31126192,0.20620328,0.37268826,-0.02037862
0.30152957,0.15464432,-0.94083211,0.0744471,-0.98756508,-0.13846607,-0.95054592,-0.0282906,-0.3092929,0.03118481,0.33492443,0.18649845
0.30609781,0.16276083,-0.93798342,0.08206029,-0.9861203,-0.14433443,-0.94845669,-0.03279076,-0.31520532,-0.09183865,0.33669648,0.39882702
0.3100213,0.16660571,-0.93601781,0.08548942,-0.98542265,-0.14708427,-0.94687822,-0.03442036,-0.31974504,-0.12167028,0.34861454,0.43145418
0.31770658,0.17143913,-0.93256162,0.0919018,-0.98445571,-0.14966991,-0.94372486,-0.03815297,-0.32852365,-0.12172946,0.29841551,0.41920871
0.32394194,0.16845113,-0.93095963,0.09794807,-0.98470465,-0.14409338,-0.94099298,-0.04450781,-0.33548659,-0.16844989,-0.05108368,0.24452814
0.32930574,0.1527987,-0.931778,0.10410837,-0.98667842,-0.12500801,-0.93846637,-0.05584004,-0.34082644,-0.36568207,-0.4848232,-0.10458285
0.32564363,0.14981462,-0.93354796,0.10252848,-0.98713967,-0.12265059,-0.93991709,-0.05577488,-0.336816,-0.38489178,-0.42874566,-0.28634283
0.32564363,0.14981462,-0.93354796,0.10252848,-0.98713967,-0.12265059,-0.93991709,-0.05577488,-0.336816,-0.38489178,-0.42874566,-0.28634283
0.30950865,0.15658216,-0.93791602,0.09037652,-0.98672805,-0.13490726,-0.94659206,-0.04301062,-0.31955226,-0.16462967,-0.02912444,-0.05266297
0.30422819,0.16568426,-0.93807985,0.08270941,-0.98563346,-0.14725979,-0.9490017,-0.03278747,-0.31356099,-0.08331522,0.21218608,0.03673552
0.30417623,0.17081714,-0.93717573,0.08017071,-0.98489212,-0.15349354,-0.94923628,-0.02844495,-0.31327534,-0.05595286,0.25097296,0.06634817
0.30720759,0.17585908,-0.93525243,0.07633548,-0.984164,-0.15998176,-0.94857599,-0.02224533,-0.31576695,-0.04620537,0.13537799,0.22034448
0.31397484,0.16864043,-0.93433411,0.07157564,-0.98550255,-0.15382358,-0.9467295,-0.01857883,-0.32149357,-0.08932292,-0.07609688,0.28502417
0.31397484,0.16864043,-0.93433411,0.07157564,-0.98550255,-0.15382358,-0.9467295,-0.01857883,-0.32149357,-0.08932292,-0.07609688,0.28502417
0.32246121,0.1482786,-0.93489691,0.05946078,-0.98887727,-0.13633112,-0.94471328,-0.0116282,-0.32769132,0.04114141,-0.2292562,0.05156315
0.32480703,0.13856698,-0.93557451,0.04935542,-0.99034471,-0.12954401,-0.94449167,-0.00409886,-0.32851004,0.05953487,-0.27388027,-0.00562786
0.326441919,0.136319486,-0.935335547,0.0439804402,-0.990664308,-0.129033695,-0.94419347,0.000985529697,-0.329389663,0.0429975837,-0.230733976,-0.0710981339
0.3318786,0.13935138,-0.93297253,0.0343607,-0.99015801,-0.13566992,-0.94269608,0.01296835,-0.33340042,0.03138385,-0.14258949,-0.12284975
0.33863689,0.14679741,-0.92939521,0.02620884,-0.98884283,-0.14663762,-0.94055198,0.02529853,-0.33870594,0.03148878,-0.14299677,-0.11704347
0.34250467,0.15006889,-0.92745339,0.02286309,-0.98819959,-0.15145485,-0.93923785,0.03066953,-0.34189392,0.02727745,-0.11611133,-0.10860195
0.34983227,0.15393092,-0.92407941,0.01856773,-0.98735385,-0.15744176,-0.93662838,0.03792016,-0.34826647,0.05939532,-0.08713638,-0.09005854
0.35532064,0.15356926,-0.92204326,0.01678782,-0.98730146,-0.15796882,-0.93459374,0.04065049,-0.35338674,0.07686202,-0.1181724,-0.09589465
0.35772364,0.15231793,-0.92132135,0.01642201,-0.98748115,-0.15687963,-0.93368308,0.0409896,-0.35574669,0.09157376,-0.13721286,-0.08633804
0.36296507,0.1510423,-0.91947952,0.01660943,-0.98766684,-0.1556868,-0.93165471,0.04123684,-0.3609973,0.14934057,-0.12519912,-0.0949377
0.36832504,0.15147844,-0.91727369,0.01828899,-0.98762687,-0.15575273,-0.92951721,0.04059163,-0.36653817,0.16307709,-0.18266182,-0.12645079
0.37507542,0.15749501,-0.91351715,0.0245391,-0.98680284,-0.16005451,-0.92666935,0.0376156,-0.37399011,0.08474611,-0.19019519,-0.1313266
0.37982458,0.16447828,-0.91031868,0.03166934,-0.98580112,-0.1649028,-0.92451623,0.03380493,-0.37964033,0.06908002,-0.0969265,-0.10069456
0.38238027,0.16834011,-0.90854111,0.03615186,-0.98523698,-0.16733546,-0.92329756,0.03114033,-0.38282099,0.06760085,-0.02765471,-0.06415291
0.38723544,0.17563016,-0.90509816,0.04580032,-0.98414092,-0.17137295,-0.92084253,0.02490788,-0.38913807,0.088056,0.09123551,-0.04835191
0.3902616,0.18024766,-0.90288792,0.05358171,-0.98343369,-0.1731674,-0.91914352,0.0192023,-0.39345431,0.1036352,0.11370658,-0.1136274
0.39080241,0.18106109,-0.90249117,0.0559146,-0.98332185,-0.17306515,-0.91877472,0.01717184,-0.39440846,0.10047401,0.10344898,-0.18121623
0.39030523,0.18022318,-0.90287401,0.05701481,-0.98350326,-0.17167057,-0.91891848,0.01552673,-0.3941419,0.1641584,0.11788272,-0.28375918
0.39120122,0.1752915,-0.90345694,0.05421189,-0.98437729,-0.16751792,-0.91870704,0.0165551,-0.39459243,0.2525008,0.27236745,-0.20170824
0.39266901,0.17182983,-0.90348521,0.05198287,-0.98496721,-0.16473396,-0.91820956,0.01772016,-0.39569828,0.26354688,0.35267052,-0.08582907
0.39802717,0.16516927,-0.90238203,0.04662397,-0.9860289,-0.15991464,-0.91618799,0.02157772,-0.40016698,0.13773037,0.35969326,0.01947054
0.40679182,0.16364828,-0.89874336,0.04315496,-0.98616765,-0.16003408,-0.91250098,0.02631532,-0.40822714,0.08140065,0.35435364,-0.03893441
0.41051645,0.16283986,-0.89719526,0.04177195,-0.98625043,-0.15989031,-0.91089586,0.02816,-0.41167409,0.12443354,0.34075472,-0.08487915
0.41633885,0.15865661,-0.89525973,0.03767848,-0.98682201,-0.15736085,-0.90842844,0.0317834,-0.41683021,-0.02121422,0.29123077,-0.20311522
0.42167416,0.15730506,-0.89299829,0.03166717,-0.98679078,-0.15887373,-0.90619425,0.03871421,-0.4210855,-0.34070837,0.22068642,-0.3061085
0.42384814,0.15937602,-0.89160083,0.02751373,-0.98620798,-0.16320785,-0.90531528,0.04464407,-0.42238744,-0.47799128,0.13045906,-0.28677389
0.42384814,0.15937602,-0.89160083,0.02751373,-0.98620798,-0.16320785,-0.90531528,0.04464407,-0.42238744,-0.47799128,0.13045906,-0.28677389
0.42818058,0.16254141,-0.88895532,0.00281719,-0.98392669,-0.17854956,-0.90368874,0.07394709,-0.4217561,-0.23073234,-0.08942824,0.24616675
0.42727036,0.15869332,-0.89008788,-0.0024763,-0.98426642,-0.17667307,-0.9041205,0.07769129,-0.42015487,-0.19429874,-0.11074411,0.39093089
0.42399848,0.15240183,-0.89274789,-0.00672012,-0.98518297,-0.17137316,-0.90563787,0.07866132,-0.41669175,-0.15600994,-0.0363124,0.48479155
0.41965707,0.15211781,-0.89484535,-0.00409956,-0.98552936,-0.16945606,-0.90767352,0.07478191,-0.41296083,-0.09114424,0.07600819,0.39266008
0.4183559,0.15223035,-0.89543518,-0.00158265,-0.98573085,-0.1683207,-0.90828175,0.07183511,-0.41214529,-0.04846361,0.094895,0.27743077
0.41669983,0.14963307,-0.89664439,0.00242156,-0.98653875,-0.16350937,-0.9090409,0.06596305,-0.41145285,0.020633,0.13386939,0.08851071
0.41681838,0.14362015,-0.89757203,0.00363637,-0.98769447,-0.15635195,-0.90898244,0.06190645,-0.41221133,-0.01957558,0.05683314,-0.08005236
0.4180251,0.14084683,-0.89745038,0.00380894,-0.98817075,-0.15331041,-0.9084275,0.06066927,-0.41361666,-0.06910916,0.0255928,-0.14416254
0.41986287,0.13782431,-0.8970616,0.00455357,-0.98870958,-0.14977384,-0.90757607,0.05879963,-0.41574991,-0.10703665,-0.02894985,-0.17990305
0.41816387,0.1359,-0.89814817,0.00699837,-0.98919791,-0.14641853,-0.90834463,0.05494136,-0.41459786,-0.05217317,-0.17306988,-0.11554487
0.41576134,0.1344142,-0.89948614,0.00903546,-0.98957988,-0.14370093,-0.90942886,0.05161802,-0.41264354,-0.03084333,-0.21123783,-0.05153933
0.41576134,0.1344142,-0.89948614,0.00903546,-0.98957988,-0.14370093,-0.90942886,0.05161802,-0.41264354,-0.03084333,-0.21123783,-0.05153933
0.41576134,0.1344142,-0.89948614,0.00903546,-0.98957988,-0.14370093,-0.90942886,0.05161802,-0.41264354,-0.03084333,-0.21123783,-0.05153933
0.40081799,0.12505657,-0.90758234,0.0251918,-0.99176962,-0.1255313,-0.91581124,0.02745157,-0.40066941,0.07339594,-0.22669898,0.13592309
0.3931234,0.12136384,-0.91144107,0.03189883,-0.99245439,-0.11839262,-0.91893224,0.01746901,-0.39402843,0.13142928,-0.24880747,0.09723581
0.38439672,0.12034953,-0.91528963,0.03798548,-0.99268817,-0.11457365,-0.92238615,0.00927401,-0.38615756,0.11793253,-0.25463852,0.04702255
0.37972925,0.120612,-0.91720133,0.04047316,-0.9926808,-0.11378134,-0.9242118,0.00608405,-0.38183131,0.09092176,-0.28907165,0.00465896
0.36946418,0.12029801,-0.92142533,0.04384128,-0.99273736,-0.11202921,-0.9282102,0.00099432,-0.37205494,0.08812933,-0.29405263,-0.05340623
0.35262329,0.11695087,-0.9284284,0.04335093,-0.99313579,-0.10863686,-0.93476067,-0.00194035,-0.35527273,0.12535398,-0.20681904,-0.07851747
0.339959288,0.113875789,-0.933520169,0.0393890673,-0.993494771,-0.106847537,-0.939614869,-0.000446682824,-0.342233155,0.114155829,-0.152286395,-0.0126275029
0.32817078,0.11113183,-0.93805847,0.03477559,-0.99380366,-0.10557005,-0.94397809,0.00202347,-0.33000203,0.09333281,-0.09965622,0.05351346
0.3230879,0.11005569,-0.93994788,0.03255276,-0.99391976,-0.10518574,-0.94580896,0.00338635,-0.32470613,0.06359066,-0.09339946,0.07017368
0.31551203,0.11100804,-0.94240605,0.02823806,-0.99379211,-0.107607,-0.94850122,0.00733957,-0.31668781,0.00435067,-0.03727907,0.11638042
0.30980779,0.11600467,-0.94369591,0.02388486,-0.99316538,-0.11424455,-0.95049911,0.0128538,-0.31046105,0.10458888,0.0813434,0.17121449
0.30658462,0.1183058,-0.94446256,0.02202374,-0.99286173,-0.11721923,-0.95158854,0.015137,-0.30700161,0.22301465,0.09620427,0.18081819
0.29021647,0.12075817,-0.94931123,0.02520282,-0.99262651,-0.11856333,-0.95662906,0.01048371,-0.29111995,0.37671396,0.31145522,-0.14904158
0.28548958,0.1228669,-0.95047327,0.02731944,-0.99238834,-0.12007941,-0.95799236,0.00831502,-0.2866732,0.34302491,0.42575344,-0.26204482
0.27107973,0.12919243,-0.95384749,0.0309989,-0.99160947,-0.12549729,-0.96205758,0.00445155,-0.27280999,0.14671271,0.4079611,-0.11880402
0.26863316,0.13096258,-0.95429818,0.033196,-0.9913845,-0.12670749,-0.96267037,0.00235895,-0.27066619,0.13642679,0.38088819,-0.01603262
0.2659626,0.13767528,-0.95410133,0.04113054,-0.99046807,-0.13145752,-0.96310545,-0.00427992,-0.26909004,0.03816583,0.36132571,0.17851679
0.26972462,0.14386389,-0.95213014,0.05047122,-0.98952967,-0.13521708,-0.96161389,-0.0115838,-0.27416149,-0.16645658,0.24267386,0.43679306
0.28041645,0.15277009,-0.94764328,0.06177637,-0.98807891,-0.14100855,-0.95788839,-0.01900086,-0.28651104,-0.22787081,0.10287606,0.46494016
0.28511191,0.15360472,-0.94610612,0.0707076,-0.98775659,-0.13905892,-0.95588265,-0.02724954,-0.2924822,-0.24244244,-0.16085069,0.29980245
0.28511191,0.15360472,-0.94610612,0.0707076,-0.98775659,-0.13905892,-0.95588265,-0.02724954,-0.2924822,-0.24244244,-0.16085069,0.29980245
0.2851876,0.14943363,-0.94675108,0.0838856,-0.98787262,-0.13065553,-0.95479382,-0.04215744,-0.29426434,-0.39039546,-0.28718987,-0.22554097
0.27843509,0.14972091,-0.94871361,0.08665089,-0.98766279,-0.13043676,-0.95653829,-0.04588871,-0.2879734,-0.35515076,-0.13928001,-0.4064877
0.26942883,0.15613276,-0.95027919,0.07961995,-0.98700271,-0.1395922,-0.95972321,-0.03805103,-0.27835815,-0.23021726,0.10168266,-0.11362934
0.26564892,0.15874519,-0.95091038,0.07090366,-0.9868959,-0.14494479,-0.96145892,-0.0289186,-0.27342338,-0.06030912,0.19750927,0.10360724
0.264521436,0.149593586,-0.952706738,0.0575124005,-0.988584466,-0.139258633,-0.962663333,-0.0179555622,-0.270105229,-2.68369913e-05,0.0299407225,0.315881282
0.26731031,0.13593358,-0.95397448,0.04815426,-0.99064762,-0.12766604,-0.96240658,-0.01181149,-0.27135616,-0.0426585,-0.19664507,0.33079323
0.269320061,0.127355121,-0.954592739,0.0422578684,-0.991825509,-0.120400219,-0.962123119,-0.00791286693,-0.272500183,1.63763762e-05,-0.332804829,0.232423633
0.27321259,0.115766949,-0.954962205,0.0316797592,-0.993276278,-0.111348138,-0.961431845,0.000168734375,-0.275042974,0.0171872042,-0.349723428,0.0385884568
0.27807724,0.11211201,-0.95399365,0.02160154,-0.99364404,-0.1104751,-0.96031576,0.01011288,-0.27873152,-0.00358018,-0.30721709,-0.07259449
0.28166598,0.11351239,-0.95277447,0.0169171,-0.99341076,-0.1133526,-0.95936336,0.01580939,-0.28173029,-0.01611184,-0.23010199,-0.13718821
0.3015815,0.13015242,-0.94451515,0.00254725,-0.99074529,-0.13570952,-0.95343696,0.03852156,-0.2991219,-0.02140433,-0.10289472,-0.15037446
0.307338426,0.134057954,-0.942110097,0.000505993992,-0.990049908,-0.140714514,-0.951600081,0.0427702668,-0.304348092,-0.0109191053,-0.101673834,-0.13108182
0.31824583,0.13812607,-0.93789169,-0.0012176,-0.98926832,-0.14610561,-0.94800747,0.04763948,-0.31466238,0.04002736,-0.10031139,-0.07659879
0.327504102,0.138546253,-0.934636829,-3.41151768e-05,-0.989189217,-0.146644802,-0.944849758,0.0480586595,-0.323958801,0.0674501359,-0.128720626,-0.0627170056
0.34096264,0.1393471,-0.92969176,0.00637759,-0.98927295,-0.14593848,-0.94005516,0.04383037,-0.3381937,0.10347412,-0.16186331,-0.09432428
0.35112124,0.14067915,-0.92570149,0.01227161,-0.98925525,-0.14568278,-0.93624958,0.03979247,-0.34907489,0.12832922,-0.18136482,-0.11228431
0.35549079,0.14168843,-0.9238781,0.01549071,-0.98920085,-0.14574597,-0.93455144,0.03749982,-0.3538467,0.12753527,-0.17597888,-0.10322185
0.36969701,0.14837496,-0.91722894,0.03105706,-0.98858904,-0.14740068,-0.92863314,0.02600715,-0.37008643,0.05642187,-0.05617267,-0.11485532
0.37304197,0.15161237,-0.91534324,0.0356114,-0.9881711,-0.14916201,-0.92713073,0.02304702,-0.3740283,0.02997996,0.00812316,-0.10857692
0.37802927,0.15983955,-0.91189093,0.04388238,-0.98696932,-0.15480792,-0.92475298,0.01850597,-0.38011731,0.07655275,0.11382198,-0.11960222
0.37802927,0.15983955,-0.91189093,0.04388238,-0.98696932,-0.15480792,-0.92475298,0.01850597,-0.38011731,0.07655275,0.11382198,-0.11960222
0.38180874,0.16606366,-0.90920018,0.05277724,-0.98603815,-0.15793473,-0.92273326,0.01231579,-0.38524238,0.16791692,0.09957122,-0.26957482
0.38433566,0.16523654,-0.90828573,0.05735504,-0.98622516,-0.15514595,-0.92141005,0.00753335,-0.38851863,0.31241798,0.29803118,-0.22387123
0.38933156,0.15923064,-0.90723016,0.05704883,-0.98722214,-0.14878815,-0.91932931,0.00617151,-0.39344067,0.33755416,0.3923845,-0.07111431
0.39398793,0.15580341,-0.90581389,0.05501798,-0.98775826,-0.14596784,-0.91746745,0.00767352,-0.39773681,0.24228399,0.38441679,-0.00560487
0.41745833,0.1478336,-0.89659003,0.04317658,-0.98879005,-0.14293264,-0.90766968,0.02095672,-0.41916152,-0.14413573,0.29087719,-0.22026314
0.42314567,0.14724208,-0.89401764,0.03852734,-0.98873885,-0.14460708,-0.90524218,0.02674574,-0.42405343,-0.43911085,0.20732377,-0.34994525
0.4307108,0.15747947,-0.88864414,0.00642018,-0.98516787,-0.17147299,-0.90246716,0.06815001,-0.42533347,-0.24916875,-0.10213708,0.24821454
0.42752942,0.15436992,-0.89072359,-0.0081716,-0.98461194,-0.17456377,-0.90396449,0.08190978,-0.41968911,-0.13117747,0.07160079,0.52462906
0.42425662,0.1512792,-0.89281631,-0.01258241,-0.98486693,-0.17285531,-0.90545461,0.0845688,-0.4159329,-0.16937606,0.12305044,0.55932373
0.41387381,0.15204414,-0.89754723,-0.01211522,-0.98494618,-0.17243602,-0.91025363,0.08224074,-0.40580137,-0.03192341,0.22570239,0.16460416
0.41212377,0.14999034,-0.89869723,-0.01055546,-0.98550448,-0.16931879,-0.91106662,0.07926644,-0.40456641,0.0193584,0.21682678,-0.0109426
0.41130175,0.13049135,-0.90211023,-0.00838173,-0.98911605,-0.14689836,-0.9114607,0.0679808,-0.40573141,-0.10119618,0.01123989,-0.22134376
0.41131419,0.12719657,-0.90257499,-0.00752374,-0.98970778,-0.14290453,-0.91146254,0.0655694,-0.4061238,-0.12738758,-0.07915395,-0.22494327
0.40645671,0.12445879,-0.90515354,-0.00525537,-0.99034391,-0.1385324,-0.91365491,0.06106433,-0.40187782,-0.0799572,-0.20384084,-0.15545657
0.387274768,0.122569472,-0.913780581,-0.000272644879,-0.991108257,-0.133057333,-0.921964289,0.0517788837,-0.383797774,-0.00446855742,-0.262583286,0.0267285351
0.37293373,0.12034535,-0.92002028,0.00570998,-0.99183168,-0.12742426,-0.92784035,0.0422675,-0.37057454,0.05227867,-0.19716565,0.09758697
0.35903588,0.11553405,-0.92614524,0.0137002,-0.99285403,-0.11854468,-0.93322314,0.02987341,-0.35805295,0.05743556,-0.21408199,0.12587017
0.35253596,0.1146475,-0.92874878,0.01833931,-0.99312265,-0.11563274,-0.93561852,0.02373208,-0.35221396,0.03936764,-0.22110812,0.09684772
0.33983048,0.11611877,-0.9332907,0.02784502,-0.99315571,-0.11342816,-0.94007433,0.01255883,-0.34073777,0.05814883,-0.27316812,0.08027696
0.30181018,0.11538496,-0.94635977,0.03741403,-0.99331765,-0.10917834,-0.95263356,-0.00245601,-0.30411028,0.03913185,-0.19243513,-0.01155206
0.28647233,0.11429973,-0.95124604,0.03413217,-0.99344535,-0.10909127,-0.95748026,-0.00121647,-0.28849575,0.09653084,-0.12372702,0.03412252
0.26780288,0.11291796,-0.95683396,0.02693179,-0.99359785,-0.10971874,-0.96309728,0.00361375,-0.26912952,0.10601229,-0.1083368,0.0933506
0.25623117,0.1127211,-0.96002054,0.02388374,-0.99361223,-0.11029068,-0.96632037,0.00533102,-0.25728652,0.10664402,-0.12642013,0.08205152
0.24378121,0.11440894,-0.96305828,0.02355145,-0.99342285,-0.11205455,-0.96954422,0.00463537,-0.24487227,0.05892675,-0.06443285,0.05623006
0.24378121,0.11440894,-0.96305828,0.02355145,-0.99342285,-0.11205455,-0.96954422,0.00463537,-0.24487227,0.05892675,-0.06443285,0.05623006
0.23684146,0.12200887,-0.96385678,0.02367566,-0.99251337,-0.1198187,-0.97125976,0.00555809,-0.2379569,0.1258,0.05314946,0.02333662
0.23019577,0.12657041,-0.96487808,0.02377552,-0.99194105,-0.12444823,-0.9728538,0.00570697,-0.2313498,0.25781602,0.11820745,0.0150988
0.21583629,0.13042196,-0.96768009,0.02562286,-0.99145453,-0.12791119,-0.9760933,0.00281314,-0.21733362,0.27348447,0.17412101,-0.1870444
0.21583629,0.13042196,-0.96768009,0.02562286,-0.99145453,-0.12791119,-0.9760933,0.00281314,-0.21733362,0.27348447,0.17412101,-0.1870444
0.21583629,0.13042196,-0.96768009,0.02562286,-0.99145453,-0.12791119,-0.9760933,0.00281314,-0.21733362,0.27348447,0.17412101,-0.1870444
0.1779712,0.14143079,-0.973819,0.03232276,-0.98992364,-0.13786256,-0.98350463,-0.00694097,-0.18074919,0.08357824,0.18689488,0.02905463
0.17466361,0.15257571,-0.97273496,0.03927175,-0.98821454,-0.14795211,-0.98384469,-0.01235915,-0.17859706,-0.02026279,0.29890463,0.33440083
0.18813715,0.17780928,-0.96591314,0.05283892,-0.98388336,-0.17082555,-0.98072033,-0.01889919,-0.19450017,-0.18875065,0.43962404,0.62120461
0.20221138,0.1944743,-0.95983863,0.0644676,-0.98060274,-0.18509983,-0.97721767,-0.02444921,-0.21082622,-0.13501884,0.44363889,0.62750024
0.20889446,0.19710365,-0.957869,0.07095961,-0.979951,-0.18617252,-0.97536025,-0.02907963,-0.21869251,-0.14542849,0.32272562,0.52468669
0.22938236,0.17229206,-0.95796614,0.0912694,-0.98367952,-0.15506247,-0.96904777,-0.0518644,-0.24136368,-0.43038899,-0.25202093,-0.23552829
0.22989356,0.16331252,-0.9594154,0.0925123,-0.98502282,-0.1455038,-0.96880873,-0.05530735,-0.24155876,-0.41374058,-0.34869376,-0.3587783
0.22574632,0.1511123,-0.96239472,0.08959985,-0.98692944,-0.13394749,-0.9700569,-0.05599228,-0.23633525,-0.34706405,-0.35838988,-0.38784131
0.21854445,0.15262223,-0.96381772,0.08006357,-0.98716751,-0.13816542,-0.97253687,-0.04697142,-0.22795928,-0.12689732,-0.01773476,-0.15142639
0.21610121,0.15419071,-0.96411897,0.0745973,-0.98717254,-0.14115715,-0.97351703,-0.04141645,-0.22483127,-0.01400002,0.12426876,0.02170506
0.22883786,0.14827039,-0.96210662,0.05426529,-0.98873865,-0.1394676,-0.97195089,-0.02029353,-0.23430679,-0.01075155,0.00764227,0.4488892
0.23495403,0.14254684,-0.9614972,0.0492492,-0.98966323,-0.13468795,-0.97075794,-0.01570751,-0.23954555,0.03488234,-0.06305265,0.3736653
0.24669517,0.12698088,-0.96073792,0.04111281,-0.99185712,-0.1205371,-0.96822065,-0.00976272,-0.2499069,-0.01082167,-0.25561133,0.20929934
0.26048194,0.11236859,-0.95891728,0.03374154,-0.99365666,-0.10727385,-0.96488889,-0.00441245,-0.26262101,-0.09829482,-0.3558726,0.07778054
0.28324848,0.10938575,-0.95278796,0.02447745,-0.99397493,-0.10683752,-0.95873406,0.00693974,-0.28421921,-0.08697209,-0.12021356,-0.14397049
0.30656164,0.11676021,-0.94466231,0.01525779,-0.99292304,-0.11777379,-0.95172844,0.02169146,-0.30617349,-0.03125577,-0.02942508,-0.08395137
0.32555483,0.12179961,-0.93764538,0.01092408,-0.99208663,-0.12507861,-0.94546003,0.03047703,-0.3243091,-0.03640803,-0.0452556,-0.0542689
0.34453854,0.11964903,-0.93111618,0.00857773,-0.99220454,-0.12432492,-0.93873301,0.03484786,-0.34287906,-0.03500994,-0.08918738,-0.03406462
0.35339221,0.1171119,-0.92811562,0.00821202,-0.99248275,-0.12210708,-0.93543913,0.03552998,-0.35169726,-0.02799829,-0.08343207,-0.03052844
0.36987493,0.11187493,-0.9223213,0.00802144,-0.99307131,-0.11723989,-0.92904695,0.03596576,-0.36820963,-0.01957099,-0.08094113,-0.05471355
0.42537388,0.09856246,-0.89963461,0.01199879,-0.99457867,-0.103291,-0.90493813,0.03314276,-0.42425034,0.06101386,-0.13800804,-0.02951071
0.43354394,0.09660087,-0.89593966,0.01362916,-0.99482664,-0.10066782,-0.90102932,0.03143302,-0.4326176,0.04482768,-0.11288171,-0.0188174
0.43354394,0.09660087,-0.89593966,0.01362916,-0.99482664,-0.10066782,-0.90102932,0.03143302,-0.4326176,0.04482768,-0.11288171,-0.0188174
0.46606817,0.09549491,-0.87958008,0.02294407,-0.99512808,-0.09588231,-0.88445122,0.02450654,-0.4659885,0.03507316,-0.04617113,-0.10269558
0.48593635,0.09802358,-0.86847983,0.03089246,-0.99499604,-0.0950181,-0.87344805,0.01934327,-0.4865329,0.04569874,0.01606095,-0.22260502
0.49808412,0.09989943,-0.86135493,0.03537123,-0.99485542,-0.0949291,-0.86640699,0.01681549,-0.49905524,0.06473498,0.04564201,-0.25501317
0.50374189,0.10062684,-0.85797338,0.0371452,-0.99479686,-0.09486504,-0.86305523,0.0159179,-0.50485864,0.0954743,0.06274306,-0.25051117
0.52361928,0.09417731,-0.84673107,0.03834721,-0.99546943,-0.08700672,-0.85108893,0.01308862,-0.52485844,0.14182627,0.05540943,-0.06147303
0.52874958,0.09147712,-0.84383399,0.03788128,-0.99572796,-0.08420687,-0.84793212,0.01255883,-0.529956,0.16986093,0.02028477,-0.01499742
0.55426054,0.08425875,-0.82806745,0.03904142,-0.99639968,-0.07525508,-0.83142709,0.00938199,-0.55555458,0.10570733,-0.04154062,0.03890468
0.56257529,0.08549017,-0.82231408,0.04057992,-0.99629571,-0.0758156,-0.82574953,0.00928254,-0.5639605,0.03245615,0.03614187,0.01442198
0.5784985,0.0924025,-0.81043277,0.04441797,-0.99565728,-0.08181492,-0.81447317,0.01133203,-0.58009059,-0.06738033,0.25031194,-0.06026749
0.59342774,0.10347309,-0.79820849,0.04473956,-0.99440943,-0.09564535,-0.80364286,0.02104711,-0.59473943,-0.11114378,0.34722969,-0.27023777
