0,1,2,3,4,5,6,7,8,9,10,11
0.01317325,-0.80965681,-0.58675576,0.99794073,0.04748602,-0.0431206,0.06277559,-0.58497943,0.80861504,-0.00784488,0.00452006,0.01715939
0.01200125,-0.80988419,-0.58646692,0.99798749,0.04622255,-0.04340879,0.06226406,-0.58476573,0.80880913,0.01348926,0.00116026,0.03097535
0.01164373,-0.80890034,-0.58783033,0.99796014,0.04630269,-0.04394856,0.06276809,-0.58611956,0.80778957,0.02271253,0.00534523,0.02288927
0.01129147,-0.80782444,-0.58931494,0.99797845,0.04596563,-0.04388744,0.06254156,-0.58762808,0.80671047,0.01342766,0.00183177,0.0173239
0.01051091,-0.80529116,-0.59278642,0.99805229,0.04490417,-0.04330477,0.06149155,-0.59117665,0.80419461,0.01486154,-0.00601268,0.01399127
0.00936746,-0.80226334,-0.5968968,0.99813191,0.04354161,-0.04285812,0.06037335,-0.59538027,0.80117251,0.00110695,-0.02294815,0.01137072
0.00877112,-0.80085889,-0.59878883,0.99817017,0.04283902,-0.04267438,0.05982767,-0.59731886,0.79976923,-0.01017624,-0.02015901,0.0136882
0.00723703635,-0.798599265,-0.601819509,0.998233904,0.0412562599,-0.0427420105,0.0589625276,-0.60044735,0.797487539,-0.000789340818,-0.024695456,0.0177576151
0.00549587,-0.79662425,-0.60444974,0.99829528,0.03949365,-0.04297314,0.05810534,-0.60318318,0.79548338,0.00429782,-0.00989771,0.01981962
0.00450967,-0.79556244,-0.6058549,0.99832621,0.03851536,-0.0431444,0.05765881,-0.60464623,0.79440444,0.00921654,-0.0084101,0.01952218
0.00214658,-0.79294083,-0.60929479,0.99837229,0.03642433,-0.04388559,0.05699181,-0.60820886,0.79172842,-0.00746924,-0.0051266,0.02243308
-0.000256858335,-0.789743935,-0.613436466,0.998409769,0.0343776452,-0.0446761876,0.0563712066,-0.612472487,0.788479364,0.00910849683,0.00601160526,0.026507454
-0.00113753,-0.78780442,-0.61592435,0.99844145,0.03347196,-0.04465667,0.05579689,-0.61501523,0.78653859,0.0042259,0.01057303,0.03130875
-0.00431958,-0.77970303,-0.62613468,0.99855067,0.03022779,-0.04453036,0.05364716,-0.62541952,0.77844231,-0.02550603,-0.00641853,0.0037866
-0.00499271508,-0.778512064,-0.62760967,0.998547069,0.0297928791,-0.0448998696,0.0536533487,-0.626922016,0.777232316,-0.019120913,0.000740885735,0.00407395232
-0.00847212,-0.77613871,-0.63050524,0.9984234,0.02842215,-0.04840292,0.05548768,-0.62992128,0.77467431,-0.03526696,-0.00786191,-0.00379703
-0.00950088,-0.77625078,-0.63035257,0.99836786,0.0281371,-0.04969732,0.05631384,-0.62979595,0.77471659,-0.06698803,-0.02347142,-0.01213258
-0.01151063,-0.7769549,-0.62945096,0.99825811,0.02749817,-0.05219696,0.05786341,-0.62895538,0.77528507,-0.01533206,-0.01307935,-0.00117053
-0.01318122,-0.77737595,-0.62889797,0.99818175,0.0267653,-0.05400556,0.0588152,-0.62846641,0.77560989,0.00108211,-0.01427418,-0.00200159
-0.0139481,-0.7772361,-0.62905445,0.99815861,0.02631873,-0.05465074,0.05903244,-0.62865839,0.77543781,0.0049611,-0.01119864,-0.00392195
-0.01579153,-0.77686386,-0.62947031,0.99812222,0.02501395,-0.05591104,0.05918072,-0.62917132,0.77501034,0.00328149,-0.01273757,-0.02954072
-0.0181599,-0.77682945,-0.62944912,0.99805489,0.02346678,-0.05775569,0.05963746,-0.62927362,0.7748923,-0.01909775,-0.00263155,-0.03870751
-0.02216721,-0.77828735,-0.62751691,0.99789854,0.0210015,-0.06129846,0.06088663,-0.627557,0.77618622,0.0098502,0.02331054,-0.04014304
-0.02514527,-0.77921861,-0.62624745,0.99776137,0.01926833,-0.06403737,0.0619658,-0.62645582,0.7769899,0.00879982,0.02869928,-0.03350559
-0.02669162,-0.7795332,-0.62579185,0.99768617,0.0183838,-0.06545412,0.06252806,-0.62609099,0.77723889,0.02369148,0.03029037,-0.03281194
-0.02950353,-0.77928043,-0.62598042,0.99756818,0.01660591,-0.06768974,0.06314424,-0.62645525,0.77689549,0.02167095,0.02185631,-0.02453587
-0.03174101,-0.77789693,-0.62758961,0.99751464,0.01486296,-0.06887301,0.06290389,-0.62821597,0.77549194,0.00706836,0.01386344,-0.02017262
-0.03264017,-0.7768962,-0.62878196,0.9975128,0.01400086,-0.06907994,0.06247139,-0.62947288,0.77450706,-0.00143429,0.01526499,-0.02357813
-0.03397883,-0.77500173,-0.63104504,0.99754702,0.01236529,-0.06889935,0.06120019,-0.63183819,0.77268043,-0.0120269,0.01270235,-0.02849277
-0.03510816,-0.77397321,-0.63224431,0.99759704,0.01066891,-0.06845652,0.05972887,-0.63312845,0.77173883,-0.01124624,0.00407922,-0.02915317
-0.03557285,-0.77389071,-0.63231936,0.99764137,0.00966812,-0.06795776,0.05870522,-0.63324539,0.77172144,-0.00592658,0.00358605,-0.02712489
-0.03573009,-0.77469591,-0.63132363,0.99775042,0.00820269,-0.06653372,0.05672193,-0.6322807,0.77266016,0.01480042,0.00423062,-0.03148218
-0.03621674,-0.77564314,-0.63013178,0.99777647,0.00723693,-0.06625516,0.05595058,-0.63113021,0.77365638,0.02137469,0.01110816,-0.01636881
-0.03647838,-0.77611708,-0.62953274,0.99778527,0.00677576,-0.06617033,0.05562145,-0.63055232,0.77415114,0.02165315,0.00929236,-0.01379367
-0.03689751,-0.77634273,-0.6292301,0.99780585,0.00601664,-0.06593379,0.05497307,-0.63028227,0.77441734,0.00718082,0.00401676,-0.00965598
-0.03720411,-0.77659486,-0.62890086,0.9978406,0.00521917,-0.06547447,0.05412948,-0.62997872,0.7747237,0.00284747,-0.00734484,-0.00476175
-0.03735648,-0.77670818,-0.62875181,0.9978513,0.00489721,-0.06533568,0.05382587,-0.62984154,0.77485638,0.00977244,-0.01690125,-0.00194584
-0.037202553,-0.777298254,-0.628031416,0.99789019,0.00456680355,-0.0647639961,0.0532090552,-0.629115754,0.775488349,0.00152700383,-0.0239523649,-0.000128896252
-0.03647673,-0.77801566,-0.62718497,0.99793849,0.0048025,-0.06399701,0.05280271,-0.62822646,0.77623667,-0.01024,-0.02983987,0.00357815
-0.03601721,-0.77846571,-0.62665296,0.99796315,0.00502063,-0.06359538,0.05265302,-0.62766708,0.77669924,-0.00671665,-0.02841175,0.00904878
-0.03479175,-0.77939982,-0.62556014,0.99801248,0.00581237,-0.06274818,0.05254191,-0.62649994,0.77764849,0.0016718,-0.01475847,0.01279052
-0.03346211,-0.77967246,-0.6252929,0.99806814,0.00670132,-0.06176673,0.05234812,-0.62615175,0.77794195,0.0018012,-0.01201069,0.01485485
-0.03293341,-0.77952469,-0.62550513,0.99808682,0.00711525,-0.06141742,0.05232702,-0.6263311,0.77779897,0.00173986,-0.0054177,0.01503456
-0.03233602,-0.77889652,-0.62631819,0.99811026,0.00759496,-0.06097637,0.05225111,-0.62710638,0.77717912,-0.00410986,0.00210643,0.00814802
-0.03265517,-0.77813443,-0.62724829,0.99813108,0.0070437,-0.06070179,0.0516523,-0.62805825,0.77645017,-0.01936398,-0.0062691,0.01874945
-0.03326785,-0.77788619,-0.62752388,0.99812588,0.00640678,-0.06085705,0.05136023,-0.62837244,0.77621529,-0.02662636,-0.01241362,0.01935711
-0.03429197,-0.77831855,-0.62693231,0.9981262,0.00513587,-0.06097162,0.05067514,-0.62784846,0.77668417,-0.01480815,-0.0185138,0.03706742
-0.03499224,-0.7804234,-0.62427138,0.9981498,0.00378725,-0.06068381,0.04972331,-0.62523985,0.77884703,0.01592223,-0.00837511,0.06207208
-0.03558486,-0.78169335,-0.62264683,0.99815676,0.00284748,-0.06062047,0.04915955,-0.62365636,0.7801513,0.02447171,-0.01315856,0.06426416
-0.037297931,-0.784216899,-0.619364642,0.998155135,0.000476545555,-0.0607119788,0.0479064711,-0.620486481,0.782752491,0.0198306758,-0.02048105,0.059605632
-0.03986884,-0.78678449,-0.6159388,0.99809522,-0.00231469,-0.06164855,0.04707841,-0.61722344,0.78537815,0.02603677,-0.01586992,0.05813607
-0.04132416,-0.7879974,-0.61428996,0.99806266,-0.0039376,-0.06209007,0.04650792,-0.61566578,0.78663372,0.03162235,0.0024296,0.04757189
-0.04414045,-0.78997867,-0.61154323,0.99804057,-0.007698,-0.06209327,0.04434464,-0.61308584,0.78877073,0.06977551,0.01433563,0.05091721
-0.04711828,-0.79203255,-0.60865781,0.99805052,-0.01236319,-0.06117455,0.04092729,-0.61035368,0.79107101,0.10018797,0.04360211,0.041614
-0.04858877,-0.79296479,-0.6073269,0.99804909,-0.01467756,-0.06068428,0.03920642,-0.60909063,0.79213096,0.10772482,0.02826369,0.04396437
-0.05194628,-0.79440281,-0.60516589,0.99800256,-0.01948013,-0.06009501,0.03595093,-0.60707882,0.79382796,0.12322579,0.02422893,0.04552623
-0.0556494,-0.79508924,-0.60393374,0.99791197,-0.02443218,-0.05978713,0.03278061,-0.60599991,0.79478895,0.1207177,-0.01254195,0.03061041
-0.05723609,-0.79536299,-0.60342492,0.99787055,-0.0266402,-0.05953614,0.03127745,-0.60554761,0.79519418,0.10689521,-0.03981525,0.0221658
-0.05982423,-0.79665336,-0.60146855,0.99779758,-0.03042933,-0.05894048,0.02865283,-0.60366996,0.79671926,0.09040636,-0.07388663,0.00603339
-0.06165131,-0.79948588,-0.5975127,0.99772726,-0.03305521,-0.05871678,0.02719232,-0.59977468,0.79970676,0.09219556,-0.08259743,0.00180129
-0.06393433,-0.80620083,-0.5881773,0.99758887,-0.03568728,-0.05952129,0.02699564,-0.5905646,0.8065387,0.11995533,-0.06455731,-0.01305411
-0.06654665,-0.81135877,-0.58074818,0.9973764,-0.03747063,-0.06193725,0.02849232,-0.58334626,0.81172367,0.14188676,-0.02818513,-0.02239773
-0.06826988,-0.81380078,-0.57711999,0.99722316,-0.03841274,-0.06379954,0.02975134,-0.57987302,0.81416346,0.15768488,-0.00582081,-0.02972805
-0.0771443,-0.81767301,-0.57049063,0.99635595,-0.04234634,-0.07403755,0.0363803,-0.57412332,0.81796019,0.18743885,0.03352904,-0.02866088
-0.07985549,-0.81662433,-0.57161845,0.99609094,-0.04365126,-0.07679363,0.03775964,-0.5755164,0.81691802,0.17691469,0.02785301,-0.03002524
-0.09372176,-0.80577143,-0.58476381,0.99468504,-0.05062866,-0.08965756,0.04263771,-0.59005865,0.80623373,0.13317664,-0.00849867,-0.03401218
-0.09810817,-0.80164448,-0.58969541,0.99420089,-0.05273159,-0.09372171,0.04403586,-0.59547064,0.80216926,0.13305615,-0.02268416,-0.02743468
-0.10068003,-0.79882794,-0.5930744,0.99390027,-0.05378848,-0.09627492,0.04500647,-0.59914983,0.79937092,0.11563688,-0.03530657,-0.04487517
-0.10124263,-0.79815522,-0.5938838,0.99382238,-0.05386106,-0.09703535,0.04546201,-0.60003919,0.79867774,0.10912319,-0.04136008,-0.0525987
-0.10121581,-0.79895532,-0.59281157,0.99375936,-0.05311688,-0.09808541,0.04687751,-0.5990399,0.79934577,0.11071409,-0.05031252,-0.05618016
-0.09968396,-0.80202681,-0.58891074,0.99381565,-0.05115262,-0.09855777,0.04892159,-0.59509342,0.80216611,0.143529,-0.04807734,-0.0538223
-0.09842244,-0.80404394,-0.58636708,0.99387906,-0.04971275,-0.09865624,0.05017403,-0.59248795,0.80401529,0.16067703,-0.04699421,-0.05359383
-0.09502392,-0.80814934,-0.5812618,0.99408349,-0.04617118,-0.09831797,0.05261811,-0.58716526,0.80775512,0.15707853,-0.03903091,-0.06787746
-0.08941271,-0.81383772,-0.574172,0.99440542,-0.0403906,-0.09760332,0.05624209,-0.57968675,0.81289612,0.15477961,-0.0483228,-0.07012446
-0.0857991,-0.8170665,-0.57012353,0.99455859,-0.03630033,-0.09764981,0.05909072,-0.57539952,0.81573505,0.16345836,-0.05240566,-0.0652644
-0.08219197,-0.81911276,-0.56771349,0.99467326,-0.03186674,-0.09802781,0.06220461,-0.57274658,0.8173689,0.16685747,-0.02249259,-0.05846808
-0.08022917,-0.81934182,-0.56766387,0.99474399,-0.02946372,-0.09806266,0.06362135,-0.57254771,0.8173992,0.15754348,-0.01371229,-0.06692585
-0.07632399,-0.81841179,-0.56954075,0.99490318,-0.02476027,-0.09774699,0.06589528,-0.57409838,0.81613041,0.12586568,-0.00639337,-0.06660397
-0.07287555,-0.81641377,-0.57285047,0.99502184,-0.02036894,-0.09755301,0.06797525,-0.57710797,0.81383398,0.1007617,0.01237476,-0.07121314
-0.07121873,-0.81528904,-0.5746578,0.99507834,-0.01827817,-0.09739054,0.06889772,-0.57876559,0.81257829,0.08542948,0.0260042,-0.07505514
-0.0683802,-0.81351584,-0.57750858,0.99514752,-0.01456769,-0.09730996,0.07075023,-0.58136029,0.81056438,0.06800821,0.05138075,-0.07422619
-0.06618237,-0.81287202,-0.57866998,0.99514832,-0.0114604,-0.09771621,0.07279898,-0.58232955,0.80968673,0.05172932,0.08515668,-0.05359247
-0.06524981,-0.81320705,-0.57830507,0.99512908,-0.01011194,-0.09806049,0.0738957,-0.58188662,0.80990579,0.05208769,0.10507309,-0.04742017
-0.06375769,-0.81468016,-0.57639483,0.99505872,-0.00784735,-0.09897657,0.07611103,-0.57985728,0.81115511,0.0483922,0.1411674,-0.03594388
-0.06405877,-0.81696836,-0.57311339,0.99489137,-0.00738154,-0.10068001,0.07802187,-0.57663508,0.81326781,0.03667266,0.15088594,-0.03639638
-0.06502025,-0.81843086,-0.57091433,0.99474069,-0.00778521,-0.10212854,0.07914043,-0.57455217,0.81463278,0.03054851,0.16453063,-0.03098223
-0.06912301,-0.8219755,-0.56531267,0.99423134,-0.01017511,-0.10677376,0.08201333,-0.56943206,0.81793702,0.0171151,0.22968578,-0.04105829
-0.07499479,-0.82532,-0.55966287,0.99344847,-0.01330378,-0.11350331,0.08623089,-0.56450843,0.82091074,0.02765981,0.23388529,-0.01456211
-0.07835862,-0.82629024,-0.55776738,0.99298849,-0.01501767,-0.11725364,0.08850919,-0.5630444,0.82167338,0.02807556,0.22876823,-0.01352868
-0.08580564,-0.82642742,-0.55646659,0.99201021,-0.01902196,-0.12471514,0.09248292,-0.56272182,0.82145667,0.02557829,0.17692971,-0.00746865
-0.0951442762,-0.824682925,-0.557535294,0.990831507,-0.0244879078,-0.132865472,0.0959190054,-0.565064936,0.819451741,-0.0317759514,0.164000392,-4.20603901e-05
-0.10037804,-0.82358251,-0.55824354,0.99011397,-0.02743709,-0.13755469,0.097971,-0.56653228,0.81819485,-0.09204783,0.17810977,0.00364304
-0.11084195,-0.82126171,-0.55968125,0.98852644,-0.03296031,-0.14740743,0.10261277,-0.56959869,0.81549244,-0.18588641,0.12307036,0.0450718
-0.12046319,-0.81892707,-0.56111236,0.98705252,-0.03850728,-0.1557065,0.10590536,-0.57260427,0.81296273,-0.18646026,0.00170445,0.07251187
-0.12466382,-0.81783432,-0.56178809,0.9864606,-0.04135441,-0.15869845,0.1065566,-0.5739658,0.81191682,-0.17031783,-0.05371594,0.08514541
-0.13174559,-0.8151551,-0.56406127,0.98554161,-0.04655352,-0.16291214,0.10653959,-0.57736886,0.80950262,-0.1618184,-0.12254488,0.08486604
-0.13760631,-0.8120068,-0.56719439,0.98475991,-0.05066701,-0.16637545,0.10635996,-0.5814446,0.80660383,-0.26870909,-0.08202124,0.08822018
-0.14038677,-0.8106103,-0.56850905,0.98432338,-0.05234899,-0.16842537,0.10676647,-0.58324143,0.80525174,-0.33466443,-0.07675833,0.08990988
-0.146467,-0.80841744,-0.57009501,0.98321875,-0.05561094,-0.17374695,0.10875648,-0.58597641,0.80299665,-0.3503724,-0.10868329,0.0747033
-0.15337802,-0.80653576,-0.57094239,0.981894,-0.05938909,-0.17988073,0.11117249,-0.58819467,0.80104164,-0.24794233,-0.10787511,0.06067666
-0.15726125,-0.80470295,-0.57246996,0.98117407,-0.06151433,-0.18306623,0.11209879,-0.59048197,0.79922767,-0.20296556,-0.09161365,0.06055111
-0.16653699,-0.79753481,-0.57983075,0.97955649,-0.0665161,-0.18985451,0.11284751,-0.59959476,0.79230775,-0.1507632,-0.04954457,0.07388957
-0.17917895,-0.78541291,-0.59247072,0.97738345,-0.07335324,-0.19834558,0.11232355,-0.6146104,0.78079286,-0.15004218,-0.05416459,0.09086791
-0.18741043,-0.77764792,-0.60011746,0.97585811,-0.07764322,-0.20413822,0.1121526,-0.62388715,0.77342524,-0.20172669,-0.0534898,0.12415783
-0.20585945,-0.76204706,-0.61392667,0.97203535,-0.08679215,-0.21820679,0.11299978,-0.64167844,0.75860384,-0.1889762,-0.082555,0.0946262
-0.22681882,-0.74733542,-0.62453408,0.96712882,-0.09714142,-0.23500049,0.11495603,-0.65730751,0.74480327,-0.13325195,-0.07973796,0.06407222
-0.23856504,-0.73987643,-0.62902262,0.96421664,-0.10333275,-0.2441485,0.11564105,-0.66475942,0.73805286,-0.11356809,-0.06613958,0.04394877
-0.26325409,-0.72455939,-0.63695431,0.9577356,-0.11694446,-0.26280477,0.11592935,-0.67921832,0.72472258,-0.09764633,-0.06741428,-0.00258884
-0.28908824,-0.70967726,-0.64248435,0.95029275,-0.13167127,-0.28214595,0.11563583,-0.69211331,0.7124658,-0.03421642,-0.06365752,-0.03302578
-0.30220166,-0.70254891,-0.6442818,0.94624436,-0.13933328,-0.29190362,0.11530664,-0.69786184,0.70688981,0.00139867,-0.08976781,-0.04071561
-0.32830077,-0.68884487,-0.64630579,0.93763214,-0.15486275,-0.31122878,0.11429963,-0.70817379,0.69672479,0.08445754,-0.11880863,-0.04512697
-0.35357921,-0.67549095,-0.64706527,0.92862113,-0.17032474,-0.32962414,0.11244685,-0.71742682,0.68749866,0.16546813,-0.12190557,-0.0242624
-0.36568351,-0.66896064,-0.64712214,0.92405964,-0.17779758,-0.33838094,0.11130675,-0.72171985,0.68317731,0.18546678,-0.12169284,-0.01324308
-0.38976179,-0.65544359,-0.64689979,0.91443195,-0.19224362,-0.35616921,0.10908645,-0.73036702,0.67428787,0.28899401,-0.11671251,0.00805262
-0.41377498,-0.63764454,-0.64976873,0.90422678,-0.2050197,-0.37462061,0.10565934,-0.74254704,0.66140753,0.33172271,-0.16763115,0.01881436
-0.42509085,-0.62709328,-0.65272629,0.89928984,-0.21066946,-0.38327014,0.1028366,-0.74991482,0.65349242,0.33323643,-0.19199961,0.00915899
-0.44548885,-0.60384519,-0.6609923,0.89019831,-0.22015137,-0.39884892,0.09532468,-0.76609692,0.63561683,0.30788547,-0.2056635,-0.02280956
-0.4623021,-0.58152797,-0.6694043,0.88246822,-0.22786993,-0.41149148,0.08675671,-0.78096134,0.6185246,0.27260423,-0.17744637,-0.05396513
-0.46933811,-0.57241666,-0.67235461,0.87912419,-0.23147493,-0.41660516,0.08283846,-0.78661195,0.61186549,0.26593423,-0.17368287,-0.05926978
-0.4810602,-0.55985156,-0.67464577,0.87334576,-0.2389084,-0.42448749,0.07647136,-0.79340322,0.60387362,0.31120268,-0.14914393,-0.05954211
-0.48972199,-0.55327721,-0.67383735,0.86895821,-0.24652251,-0.42911342,0.07130261,-0.79568275,0.60150222,0.38268256,-0.12592041,-0.03320729
-0.49233491,-0.55162153,-0.67329012,0.86767199,-0.2497805,-0.42983097,0.06892919,-0.79581595,0.60160255,0.41359404,-0.1241855,-0.00462203
-0.4938202,-0.54952192,-0.67391942,0.86720786,-0.25420997,-0.4281681,0.06397075,-0.79586623,0.60208365,0.47033671,-0.04665482,0.05510934
-0.49020038,-0.5462562,-0.67919619,0.86963067,-0.25404114,-0.42332653,0.05870091,-0.79816478,0.59957244,0.46883348,0.06877518,0.05127276
-0.4865527,-0.54374827,-0.68381594,0.87186426,-0.25216836,-0.41983783,0.05584934,-0.80046793,0.59676791,0.45449618,0.10369635,0.02592722
-0.47567807,-0.53767848,-0.69615532,0.87822503,-0.24575782,-0.41027296,0.04950933,-0.80653887,0.5891043,0.42208624,0.14973199,0.00617139
-0.46064291,-0.53027454,-0.71177018,0.88658077,-0.236749,-0.39739683,0.04221849,-0.81409989,0.57918814,0.42611682,0.20095217,0.00107242
-0.451650526,-0.525938856,-0.720694196,0.891378403,-0.231447965,-0.389713207,0.038162113,-0.818425416,0.573344131,0.436969489,0.253636003,0.000192634761
-0.4308384,-0.5157614,-0.74051903,0.90195583,-0.21953405,-0.37186083,0.02922231,-0.82812738,0.55977771,0.39192051,0.24220312,0.01519916
-0.40712345,-0.50503038,-0.76104836,0.91315064,-0.20666943,-0.35134525,0.02015455,-0.83799278,0.54530894,0.32564628,0.22430074,-0.02985227
-0.39485588,-0.50073164,-0.77029639,0.91860449,-0.2006129,-0.34047047,0.0159529,-0.84203454,0.53918762,0.30834067,0.21717727,-0.03842438
-0.37050358,-0.49560552,-0.78555864,0.92879235,-0.18996002,-0.31821385,0.00848384,-0.84752018,0.5306954,0.28850842,0.1527859,-0.01981322
-0.34613144,-0.49601442,-0.79634343,0.9381826,-0.18067735,-0.29524435,0.00256428,-0.84930884,0.5278901,0.29355833,0.05968463,0.00673002
-0.333735702,-0.498097059,-0.800324672,0.942666508,-0.176038125,-0.283531724,0.000338597276,-0.849064016,0.528289791,0.284009337,0.0208462477,0.0021096319
-0.281351547,-0.520773889,-0.806000063,0.959604838,-0.152414092,-0.236492519,0.000313435154,-0.839978997,0.542618901,0.143127158,0.0658990145,-0.0393190458
-0.26642906,-0.53054779,-0.8046953,0.9638504,-0.14422106,-0.2240371,0.00280835,-0.83529591,0.54979344,0.11545298,0.06484103,-0.03546368
-0.23367307,-0.55432235,-0.79882647,0.97226976,-0.1252626,-0.19748642,0.00940809,-0.82282203,0.56822128,-0.20211492,0.16087449,0.01717171
-0.19992895,-0.59839898,-0.77585227,0.97962435,-0.1066563,-0.17017711,0.01908417,-0.79406724,0.60753016,-0.1067817,0.06309903,0.05573226
-0.18316258,-0.6247812,-0.75901238,0.98274792,-0.09622258,-0.15794816,0.02564887,-0.77484808,0.6316269,0.07078058,0.1190449,0.0551271
-0.14695079,-0.67110098,-0.72665583,0.98830083,-0.06929564,-0.13586522,0.04082512,-0.73812015,0.67343291,0.0765924,0.26768374,0.14934587
-0.10608297,-0.71353482,-0.69254203,0.99271831,-0.03602609,-0.11494557,0.05706808,-0.69969292,0.71216084,0.21593904,0.19490314,0.28305277
-0.10608297,-0.71353482,-0.69254203,0.99271831,-0.03602609,-0.11494557,0.05706808,-0.69969292,0.71216084,0.21593904,0.19490314,0.28305277
-0.03133161,-0.74738831,-0.66364831,0.99687762,0.02478188,-0.07497264,0.07248013,-0.66392515,0.74427819,-0.15190575,0.16755104,-0.09487215
0.01796616,-0.76170014,-0.64768046,0.99671097,0.06484119,-0.04860807,0.07902111,-0.64467697,0.76035994,-0.17934947,0.12381899,-0.08581473
0.04198682,-0.76928243,-0.63752775,0.99588577,0.08350965,-0.03518032,0.08030332,-0.63342771,0.76962374,-0.1490292,0.05948019,-0.08695181
0.08911837,-0.7840178,-0.6143077,0.99257592,0.1211603,-0.01063814,0.08277018,-0.608799,0.78899484,-0.19700515,-0.04467225,-0.03592931
0.13486936,-0.79726105,-0.58837482,0.98715352,0.15944662,0.01022506,0.08566229,-0.58219537,0.80852365,-0.15055209,-0.07280856,-0.04415019
0.15760022,-0.80271441,-0.57516247,0.98367598,0.1788408,0.01994129,0.08685539,-0.56891622,0.81779612,-0.13846488,-0.07424718,-0.05480739
0.2029149,-0.81007875,-0.5500891,0.97527937,0.2173959,0.03961345,0.08749711,-0.54452869,0.83416591,-0.13664179,-0.10259861,-0.06895597
0.2458362,-0.81223624,-0.52899596,0.96551071,0.2534718,0.05950612,0.08575249,-0.52538006,0.84653545,-0.16208261,-0.14550978,-0.08000243
0.26567664,-0.81183441,-0.51994304,0.96038032,0.26996156,0.06921244,0.08417558,-0.5177312,0.85139231,-0.17840025,-0.16749454,-0.07306798
0.30190239,-0.80941093,-0.50369515,0.9499825,0.29971655,0.08776762,0.07992567,-0.50499886,0.85941144,-0.19312619,-0.23437476,-0.07741435
0.33324956,-0.80667355,-0.48808028,0.93981661,0.32562164,0.10351388,0.07542754,-0.49320196,0.86663861,-0.20390184,-0.28353345,-0.08134693
0.34701309,-0.80565371,-0.48010829,0.93498467,0.33723894,0.10987962,0.07338628,-0.48702357,0.87030023,-0.20014262,-0.30403864,-0.0777768
0.38913541,-0.80254707,-0.45220769,0.91854604,0.37515137,0.12463775,0.06961866,-0.46387456,0.88316116,-0.0566426,-0.3360312,-0.01028894
0.39718596,-0.80108285,-0.44778304,0.91504626,0.3830257,0.12641883,0.07024047,-0.45995396,0.88516023,-0.0459139,-0.3142513,-0.01442222
0.410415,-0.79703516,-0.44305138,0.90897161,0.39646558,0.12878548,0.07300808,-0.4555766,0.88719772,-0.11754932,-0.28052312,-0.04572799
0.41744019,-0.79411524,-0.44172918,0.90543652,0.40467722,0.12814469,0.07699608,-0.45345048,0.88794947,-0.17580748,-0.24117094,-0.04659491
0.41804556,-0.79372285,-0.44186187,0.90493812,0.40644096,0.12606629,0.07952906,-0.45255911,0.88818094,-0.19157082,-0.20328194,-0.0329582
0.4137801,-0.79479178,-0.44395057,0.90634366,0.40549695,0.11880001,0.08559934,-0.45152885,0.88814101,-0.21509866,-0.13724071,0.0166454
0.40265745,-0.79805763,-0.4482979,0.91060967,0.39902493,0.10755991,0.09304303,-0.4515342,0.88738935,-0.26267552,-0.01371664,0.05623579
0.39480125,-0.80031487,-0.4512516,0.91361203,0.39392504,0.10067798,0.0971852,-0.45201671,0.88669945,-0.28310201,0.05362427,0.05075737
0.3729975,-0.80591866,-0.4597477,0.9217462,0.37852326,0.0842855,0.10609793,-0.45520899,0.88404072,-0.30253321,0.13639188,0.06113045
0.3432881,-0.8113716,-0.4731061,0.93214659,0.35606696,0.06571931,0.11513466,-0.4635649,0.87855084,-0.38706774,0.23088193,0.06397215
0.32618586,-0.8138741,-0.48084485,0.93775059,0.34277156,0.05596001,0.11927555,-0.46916589,0.87501812,-0.43373403,0.26513636,0.04253488
0.28704385,-0.81910673,-0.49665891,0.94953361,0.31174692,0.03463904,0.12645883,-0.48153723,0.86725433,-0.4656086,0.27234375,0.02114626
0.24095336,-0.82451138,-0.5119789,0.96154158,0.27445717,0.01053483,0.13183018,-0.49482742,0.85893341,-0.43819687,0.24221349,0.01583225
0.21532328,-0.82723878,-0.51895253,0.96730411,0.25360239,-0.00290325,0.13400924,-0.50135983,0.85479812,-0.41805986,0.22407925,0.01348186
0.16048284,-0.83217806,-0.53077769,0.97734691,0.20914786,-0.03240687,0.13797931,-0.51355319,0.84689128,-0.36583859,0.1855216,0.01128711
0.10401907,-0.83580102,-0.5390887,0.98441591,0.16379571,-0.06400171,0.1417931,-0.52403011,0.83981376,-0.33115318,0.11540413,0.01669956
0.07575683,-0.83720057,-0.54162348,0.98669633,0.14130021,-0.08040204,0.14384412,-0.52832693,0.83676729,-0.31205493,0.07432842,0.01821928
0.02154753,-0.83928931,-0.54325789,0.98884149,0.09800715,-0.11219214,0.14740481,-0.53477849,0.83203593,-0.26723117,0.06334043,0.0419826
-0.02720282,-0.83967902,-0.5424013,0.98832872,0.0587678,-0.1405443,0.14988783,-0.53989398,0.82828023,-0.23565923,0.05917346,0.06547599
-0.04900997,-0.83924689,-0.54153722,0.98739268,0.04099296,-0.15288941,0.15051115,-0.54220303,0.82665727,-0.22441976,0.05526316,0.06720579
-0.08715558,-0.83771531,-0.53910754,0.98485941,0.00894855,-0.17312377,0.14985266,-0.54603385,0.82425191,-0.18591262,0.04223669,0.0625029
-0.11979186,-0.83479227,-0.53737463,0.98183823,-0.01940682,-0.18872417,0.1471167,-0.55022267,0.82195599,-0.11201033,0.07595396,0.04897571
-0.13468557,-0.83226221,-0.53777238,0.98022529,-0.03250287,-0.19519655,0.14497552,-0.55342834,0.82018238,-0.05409362,0.08483756,0.04748025
-0.16268138,-0.8239775,-0.54276691,0.97683841,-0.05700401,-0.2062458,0.13900202,-0.56374789,0.8141663,0.09528802,0.09239829,0.05257079
-0.18869522,-0.80950067,-0.55597003,0.97327776,-0.07871547,-0.21571782,0.13086026,-0.58181822,0.80272233,0.14547876,0.05957258,0.05403893
-0.20090295,-0.79982403,-0.56561411,0.97145757,-0.08832649,-0.22015551,0.12612693,-0.59370007,0.79474033,0.12346414,0.03536952,0.04577251
-0.22401032,-0.77682301,-0.58852782,0.96770158,-0.10563954,-0.22889648,0.11564017,-0.62079461,0.77539753,0.09095813,-0.06228387,0.01834649
-0.24537405,-0.75214335,-0.6116141,0.96378318,-0.12128092,-0.23751375,0.10446724,-0.64774315,0.75466243,0.07446212,-0.16443777,0.00509179
-0.25536653,-0.74030614,-0.62187998,0.96175108,-0.12856831,-0.24187807,0.09910975,-0.65986132,0.74482231,0.07978206,-0.191329,-0.00731064
-0.27439635,-0.71899835,-0.63855147,0.95742515,-0.14233849,-0.25115099,0.08968669,-0.68028016,0.72744429,0.10685664,-0.17888927,-0.02972275
-0.29265608,-0.70135738,-0.64996162,0.95270039,-0.15561813,-0.26104565,0.08194046,-0.69561534,0.71372616,0.14474718,-0.18973178,-0.0283311
-0.30161788,-0.69372772,-0.65403999,0.95018764,-0.16219975,-0.26614754,0.07854876,-0.70173565,0.70809401,0.16545178,-0.18519849,-0.02391106
-0.31883616,-0.68012078,-0.66013576,0.9450604,-0.17511196,-0.27603738,0.07214109,-0.71187886,0.69858725,0.21680155,-0.21873724,-0.00265842
-0.33554269,-0.66708764,-0.66513551,0.93971498,-0.18761236,-0.28589754,0.06593109,-0.72096861,0.68982416,0.2585361,-0.23470789,0.01024286
-0.360743045,-0.64566998,-0.673034129,0.930986857,-0.206013373,-0.301367127,0.0559297224,-0.735301945,0.675427987,0.282615751,-0.189112544,0.000306256115
-0.37765406,-0.63022056,-0.67838013,0.92465668,-0.21802025,-0.31221358,0.04886284,-0.74517739,0.66507376,0.28577852,-0.18449807,0.00412832
-0.38562749,-0.62288779,-0.68066301,0.92153933,-0.22376399,-0.31732451,0.04534966,-0.74962683,0.66030523,0.29339725,-0.17869431,0.01217964
-0.40039429,-0.60938354,-0.68435081,0.91552187,-0.23442278,-0.32690303,0.03878189,-0.75742827,0.65176557,0.30094221,-0.17340738,0.03202838
-0.41304794,-0.59775063,-0.68708473,0.9101241,-0.24389319,-0.3349479,0.03263999,-0.76368197,0.64476696,0.31652111,-0.11287272,0.03240588
-0.41835767,-0.59271288,-0.68823566,0.90780151,-0.24820743,-0.33806731,0.02955165,-0.76621441,0.64190512,0.33831587,-0.06963062,0.03528266
-0.42707188,-0.58443494,-0.68996049,0.90390713,-0.25594235,-0.34270318,0.02369762,-0.77001907,0.63758064,0.40212822,0.02632701,0.0439463
-0.43554979,-0.57341271,-0.69389784,0.90002567,-0.26386234,-0.34688677,0.01581577,-0.77561235,0.63101137,0.47140589,0.18084335,0.03507351
-0.43758081,-0.56512868,-0.69939458,0.89911824,-0.26594233,-0.34765101,0.01046897,-0.78096376,0.62448863,0.43926653,0.24872625,0.05048509
-0.431762671,-0.550810026,-0.714275296,0.90198707,-0.264061523,-0.34160026,-0.000455802865,-0.791757367,0.610835521,0.381589442,0.272267461,0.058690533
-0.4232321,-0.54167112,-0.72626926,0.90597193,-0.26138905,-0.33300253,-0.00946096,-0.7989169,0.60136702,0.38844827,0.23913705,0.03870436
-0.41265933,-0.53533922,-0.7369695,0.91073315,-0.25727409,-0.32307124,-0.01665049,-0.80450098,0.59371785,0.38825405,0.24055874,0.00364234
-0.40614769,-0.53419689,-0.7414025,0.91360728,-0.25435454,-0.31721513,-0.01912378,-0.80618694,0.59135173,0.37850329,0.25546587,-0.00377811
-0.37176966,-0.53783129,-0.75665361,0.92799865,-0.23691987,-0.2875541,-0.02461072,-0.80907747,0.58718644,0.2467732,0.10677469,0.04789289
-0.36088027,-0.54103455,-0.75963604,0.93229379,-0.23056418,-0.27869039,-0.02436377,-0.80877788,0.58760932,0.22907625,0.0642935,0.04154047
-0.33522903,-0.55105268,-0.76417427,0.94189529,-0.21438074,-0.25860016,-0.02132198,-0.80646247,0.59090068,0.2021486,-0.00149429,0.02816069
-0.30464309,-0.564985,-0.76680147,0.95234131,-0.19374031,-0.23560705,-0.01544592,-0.80203279,0.59708024,0.16997015,-0.01877898,-0.00486293
-0.28770216,-0.57339199,-0.76710431,0.95764908,-0.18197593,-0.2231433,-0.01164596,-0.79881557,0.60146324,0.14820172,-0.00783622,-0.02141605
-0.21329226,-0.62022611,-0.75486812,0.97692404,-0.12652895,-0.17207481,0.01121259,-0.77415108,0.63290153,0.01575108,0.13473964,-0.03685893
-0.21329226,-0.62022611,-0.75486812,0.97692404,-0.12652895,-0.17207481,0.01121259,-0.77415108,0.63290153,0.01575108,0.13473964,-0.03685893
-0.10665701,-0.69490571,-0.71114719,0.99302921,-0.03835622,-0.11145311,0.05017248,-0.71807719,0.69415263,-0.56484169,0.22280645,-0.11770093
-0.08478432,-0.70830074,-0.70080064,0.9946938,-0.01903325,-0.1011032,0.05827292,-0.70565407,0.70615619,0.41553709,0.31498981,-0.26224697
-0.03853085,-0.7252141,-0.68744439,0.99679032,0.02041737,-0.07740867,0.07017363,-0.68822057,0.72209978,-0.11251792,0.10588765,-0.04850356
0.00686636,-0.74417338,-0.66795115,0.99670633,0.05906872,-0.0555634,0.08080379,-0.66536965,0.74212798,-0.0949602,0.05298769,-0.10650249
0.03010124,-0.75266273,-0.65771783,0.99590044,0.07873844,-0.04452616,0.08530086,-0.65368118,0.75194726,-0.12858433,-0.01629031,-0.07439909
0.07695176,-0.7677922,-0.63606084,0.99266526,0.11865945,-0.02314005,0.09324133,-0.62961489,0.77129184,-0.14063966,-0.08614862,-0.05905912
0.14581492,-0.7848776,-0.60225011,0.98393054,0.17846242,0.00564648,0.10304723,-0.5933956,0.7982875,-0.15891516,-0.11348563,-0.08957942
0.19006446,-0.79229798,-0.57977537,0.97587547,0.21708607,0.02325451,0.10743668,-0.57020839,0.81444445,-0.17787565,-0.12480831,-0.1058307
0.23130751,-0.79679745,-0.55822092,0.96652743,0.2536721,0.0384073,0.11100222,-0.54841975,0.82880291,-0.19862615,-0.14707714,-0.11316428
0.28679579,-0.79780515,-0.53033499,0.95092161,0.30421054,0.05660494,0.11617381,-0.52054103,0.84589639,-0.19781023,-0.19520807,-0.0836879
0.28679579,-0.79780515,-0.53033499,0.95092161,0.30421054,0.05660494,0.11617381,-0.52054103,0.84589639,-0.19781023,-0.19520807,-0.0836879
0.3347402,-0.79280312,-0.50932525,0.93452929,0.34862215,0.07153739,0.120847,-0.49992581,0.85759559,-0.22965869,-0.24308878,-0.08222826
0.36182023,-0.78788495,-0.49832051,0.92405158,0.37382801,0.07988249,0.12334793,-0.48937699,0.86330495,-0.21667948,-0.25063801,-0.07225724
0.39417087,-0.77854802,-0.4883567,0.91011286,0.40454569,0.08965113,0.12776487,-0.47979759,0.86802673,-0.1913054,-0.22812694,-0.04926017
0.41012257,-0.77102126,-0.48716075,0.902572,0.41984556,0.09535926,0.13100823,-0.47880667,0.86809043,-0.23318234,-0.19912732,-0.0571824
0.42053161,-0.76422038,-0.48899931,0.89735523,0.42984333,0.09994125,0.13381593,-0.48083456,0.8665399,-0.27823573,-0.14838684,-0.04761472
0.4233581,-0.76150703,-0.49079018,0.89582115,0.43270056,0.10136436,0.13517553,-0.48257363,0.86536136,-0.29967052,-0.11573464,-0.03779091
0.42391075,-0.75808315,-0.4955901,0.89509945,0.43415185,0.10153363,0.1381904,-0.48664365,0.86260151,-0.33364922,-0.06372219,-0.01997363
0.417962417,-0.75737401,-0.501689202,0.897411764,0.43009062,0.0983575793,0.141278355,-0.491331553,0.859438036,-0.352973342,-0.0290147662,-0.000224813819
0.41286026,-0.75798693,-0.50497741,0.89956105,0.42616487,0.09577777,0.14260532,-0.49380085,0.85780209,-0.36696529,-0.01131612,0.00754721
0.39827079,-0.76137051,-0.51156172,0.90575124,0.41452849,0.08820929,0.14489698,-0.49847882,0.85470682,-0.40196577,0.02823555,0.01600907
0.33442337,-0.78359908,-0.52357764,0.93053829,0.3625097,0.05181941,0.14919634,-0.50453865,0.85040062,-0.43272078,0.13933909,-0.00275349
0.29770648,-0.79810532,-0.52383071,0.94267288,0.33243355,0.02925148,0.1507931,-0.5025094,0.85131998,-0.38528964,0.14574492,-0.00569828
0.17870871,-0.83266323,-0.52415175,0.97175375,0.23282722,-0.03854955,0.15413557,-0.50245731,0.85075194,-0.18770006,0.09037161,0.04603229
0.15181999,-0.83702527,-0.52567976,0.97641091,0.20962017,-0.0517781,0.15353262,-0.50541856,0.84910528,-0.15687096,0.07247603,0.06712091
0.09933264,-0.84211796,-0.53006613,0.98343172,0.16426413,-0.0766752,0.15164036,-0.51366759,0.84448254,-0.16638187,0.06464398,0.09893745
0.02767579,-0.84260319,-0.53782301,0.9883113,0.10375436,-0.11169377,0.14991495,-0.52844545,0.83562603,-0.21739763,0.0668937,0.11501025
-0.01291014,-0.84160494,-0.53993935,0.98882682,0.06945356,-0.13190064,0.14850895,-0.53560935,0.83130483,-0.2229118,0.06942022,0.08882785
-0.06485062,-0.84209997,-0.53540808,0.98712113,0.02449356,-0.15808776,0.14623971,-0.53876479,0.82966644,-0.07818618,0.15770161,0.07825208
-0.09690874,-0.83954019,-0.53458473,0.98481058,-0.00313383,-0.17360351,0.1440718,-0.54328844,0.82709187,0.07097611,0.16085267,0.08836556
-0.09690874,-0.83954019,-0.53458473,0.98481058,-0.00313383,-0.17360351,0.1440718,-0.54328844,0.82709187,0.07097611,0.16085267,0.08836556
-0.16079348,-0.81265427,-0.56012373,0.97843692,-0.05670299,-0.1986103,0.12964084,-0.57998095,0.80424833,0.06484567,-0.14813054,0.10828421
-0.1810776,-0.80002569,-0.57198743,0.97552455,-0.07233746,-0.20765112,0.12475008,-0.5955888,0.79354355,0.1593011,-0.18175942,0.10412724
-0.18976166,-0.79332016,-0.57847528,0.97410633,-0.07836389,-0.21207541,0.12291213,-0.60374021,0.78764864,0.08497894,-0.16389894,-0.02956673
-0.20514011,-0.7777252,-0.59418939,0.97154863,-0.08839065,-0.21972785,0.11836709,-0.62235889,0.77373034,0.06568959,-0.19947016,-0.01869646
-0.22062166,-0.76509167,-0.60494697,0.96858657,-0.09889287,-0.22816722,0.1147439,-0.63628213,0.76287541,0.1010843,-0.1882804,-0.08263527
-0.25312882,-0.74904837,-0.61225188,0.96135459,-0.12392822,-0.24584378,0.1082736,-0.65082129,0.75147088,0.23917037,-0.14355356,-0.06386642
-0.25912719,-0.74683657,-0.61244438,0.95989061,-0.12884333,-0.24901667,0.10706536,-0.65240664,0.75026832,0.25687796,-0.13624138,-0.05841773
-0.27170801,-0.74130426,-0.61371218,0.95670668,-0.13891885,-0.25576118,0.10434064,-0.65663494,0.7469562,0.2858882,-0.13996017,-0.05556874
-0.27170801,-0.74130426,-0.61371218,0.95670668,-0.13891885,-0.25576118,0.10434064,-0.65663494,0.7469562,0.2858882,-0.13996017,-0.05556874
-0.31268905,-0.71496047,-0.62534537,0.94595225,-0.17477274,-0.27318238,0.08602123,-0.67696808,0.7309682,0.30430323,-0.06998831,-0.05835469
-0.31769391,-0.71231868,-0.62583746,0.94450738,-0.17959552,-0.27504748,0.08352382,-0.67848907,0.72984678,0.33115786,-0.0427956,-0.057399
-0.326548303,-0.707689561,-0.626531255,0.941883904,-0.188331911,-0.27818259,0.0788710289,-0.680959858,0.728061107,0.358020216,0.000695109367,-0.0412008241
-0.33304835,-0.70262048,-0.62881086,0.94001077,-0.1951588,-0.27980827,0.07388102,-0.68427872,0.72546826,0.36242002,0.0699985,-0.02339864
-0.33416811,-0.68293421,-0.64956323,0.94088431,-0.20121234,-0.27248888,0.05539181,-0.702221,0.70980095,0.27337706,0.1224097,0.01890168
-0.33146103,-0.67870046,-0.65536207,0.94212258,-0.20100469,-0.26833247,0.05038656,-0.7063731,0.7060441,0.25649628,0.11378896,0.03207601
-0.33146103,-0.67870046,-0.65536207,0.94212258,-0.20100469,-0.26833247,0.05038656,-0.7063731,0.7060441,0.25649628,0.11378896,0.03207601
-0.33146103,-0.67870046,-0.65536207,0.94212258,-0.20100469,-0.26833247,0.05038656,-0.7063731,0.7060441,0.25649628,0.11378896,0.03207601
-0.30762572,-0.65854861,-0.68678978,0.95123835,-0.19568511,-0.23843864,0.02262892,-0.72665062,0.68663442,0.32226491,0.21896982,0.05066697
-0.28227215,-0.64532442,-0.70984401,0.95931037,-0.18465749,-0.21359996,0.00676318,-0.74125416,0.67119033,0.26106772,0.3439604,0.05262862
-0.27531527,-0.64361045,-0.71411964,0.96134027,-0.18036533,-0.20806972,0.00511336,-0.74379682,0.66838617,0.25072965,0.31806195,0.07898003
-0.25801695,-0.64203775,-0.72195191,0.96613053,-0.16810341,-0.19578776,0.0043405,-0.74801642,0.66366598,0.06622829,0.26568806,0.15386248
-0.22457957,-0.65800632,-0.71874307,0.97439114,-0.14314831,-0.1734081,0.01121674,-0.73928083,0.6733038,-0.10228872,0.13744175,0.1320398
-0.19683706,-0.68064579,-0.70567446,0.98019976,-0.1208107,-0.15688587,0.02153067,-0.7225829,0.6909489,-0.09182359,0.07385337,0.14207767
-0.16340328,-0.70728934,-0.68777971,0.98595249,-0.09262929,-0.13898664,0.03459515,-0.70082907,0.71248981,-0.06045536,0.06013119,0.12106244
-0.14407052,-0.71945686,-0.67943021,0.98869597,-0.07584561,-0.1293353,0.04151934,-0.69038335,0.72225131,0.0647475,0.05164731,0.12904394
-0.10036882,-0.73892178,-0.66627372,0.99335332,-0.03649532,-0.10916611,0.05634933,-0.6728021,0.73767342,-0.2018123,0.15373027,0.05850051
-0.024009,-0.75054341,-0.66038485,0.99654254,0.03458911,-0.07554174,0.07953948,-0.65991528,0.74711799,0.13156328,0.46986628,-0.35918197
0.02983684,-0.74474076,-0.66668649,0.9957018,0.08065136,-0.0455323,0.0876789,-0.66246243,0.74394618,-0.18428552,0.13434851,-0.04259392
0.0812728,-0.73886136,-0.66893836,0.9921485,0.12398463,-0.01640328,0.09505779,-0.66235308,0.74313685,-0.1932511,0.07227921,-0.11180906
0.10684797,-0.73510822,-0.66947693,0.98940732,0.14515822,-0.00148003,0.09826804,-0.66222726,0.74283136,-0.24275237,-0.01770872,-0.08042705
0.20456031,-0.72253766,-0.66037437,0.97237079,0.22751299,0.05227603,0.11247231,-0.65282239,0.74911473,-0.2338661,-0.14687979,-0.10407564
0.26971117,-0.71697371,-0.64280979,0.95494312,0.28500912,0.08278461,0.12385221,-0.63617478,0.76153938,-0.25268188,-0.13514298,-0.08797711
0.30773106,-0.71279007,-0.63026337,0.94221127,0.320492,0.09758485,0.13243685,-0.62387114,0.77022417,-0.2650314,-0.14403969,-0.0862415
0.32535167,-0.71011366,-0.62440752,0.93566425,0.3372047,0.10404462,0.1366696,-0.61808693,0.77413818,-0.26996717,-0.16248673,-0.08606736
0.35759515,-0.70402442,-0.61357572,0.92261893,0.36804097,0.11541231,0.14456786,-0.60736751,0.78115606,-0.27582997,-0.20250595,-0.09336174
0.38529121,-0.69772861,-0.60392488,0.91030058,0.3947059,0.12473931,0.15133846,-0.59781421,0.78721964,-0.26119137,-0.25322169,-0.06100728
0.44143877,-0.67833148,-0.58736542,0.88116636,0.4512618,0.14109768,0.16934455,-0.57985266,0.7969274,-0.19994372,-0.28509545,-0.04708899
0.45040329,-0.67173642,-0.58813861,0.87532432,0.46201677,0.14264573,0.17590956,-0.57906015,0.79608113,-0.19635168,-0.28787696,-0.04431998
0.45362183,-0.66554111,-0.59269057,0.87214741,0.4682843,0.1416635,0.18326475,-0.58117526,0.79287407,-0.19346733,-0.27999592,-0.05244097
0.45326669,-0.66264705,-0.59619467,0.8714766,0.46997051,0.14020038,0.1872905,-0.58311791,0.79050347,-0.19636989,-0.26549488,-0.05312428
0.43675016,-0.65278788,-0.61896465,0.8763322,0.46416088,0.12882744,0.20320217,-0.59868408,0.77478141,-0.19103329,-0.18425745,-0.03608648
0.42865484,-0.65060293,-0.62687387,0.87956529,0.45906283,0.12500489,0.20644595,-0.60496045,0.76902726,-0.18496659,-0.16180271,-0.03120113
0.40720052,-0.64596968,-0.64568636,0.88849131,0.44394047,0.11618958,0.21159135,-0.62099919,0.75471126,-0.17135343,-0.12042022,-0.02169729
0.36232399,-0.63673303,-0.68065588,0.90704985,0.40889459,0.10032859,0.21443401,-0.65374025,0.72570088,-0.192903,-0.12626469,-0.03198525
0.32446846,-0.63010611,-0.70546885,0.92155432,0.37869163,0.08561592,0.21320796,-0.67790763,0.70355065,-0.24062772,-0.09999919,-0.06375448
0.25620067,-0.6228942,-0.73916443,0.94400808,0.32567765,0.05275252,0.2078701,-0.71129242,0.67145597,-0.29552537,-0.03716969,-0.0679781
0.20516475,-0.62156716,-0.75601691,0.95746269,0.28760888,0.02337161,0.20291012,-0.72865307,0.65413465,-0.308828,0.02478147,-0.10140775
0.15141768,-0.62378084,-0.76679205,0.96846552,0.24889413,-0.011232,0.19785631,-0.74091098,0.64179728,-0.33354071,0.24112523,-0.14364301
0.06155172,-0.62492707,-0.77825275,0.98010806,0.18524121,-0.07123001,0.18867798,-0.75838755,0.62389812,-0.28671336,0.53258443,-0.15788803
-0.02797328,-0.60819671,-0.79329322,0.98493381,0.11871458,-0.12574628,0.1706539,-0.7848589,0.59571276,-0.1231515,0.50395131,-0.0980261
