0,1,2,3,4,5,6,7,8,9,10,11
-0.15867187,0.93962683,-0.30319075,-0.98541338,-0.13158058,0.1079213,0.06151173,0.3158923,0.94679901,0.44321424,-0.0241034,0.03975224
-0.15503628,0.94972327,-0.27200996,-0.98569228,-0.13027562,0.10695298,0.06613947,0.28469972,0.95633239,0.95333254,0.00804687,0.02634732
-0.14263813,0.95500821,-0.26002607,-0.98662428,-0.11624501,0.11427819,0.07890986,0.27284848,0.95881538,0.41981518,-0.12889737,0.05964707
-0.12295039,0.95153591,-0.28189123,-0.98724813,-0.08833152,0.13243383,0.10111567,0.29457937,0.9502624,-0.02710629,-0.20585525,-0.00498679
-0.11103899,0.94947767,-0.29353457,-0.98736117,-0.07178719,0.14129599,0.11308537,0.30551399,0.94544852,-0.11469837,-0.20575607,0.00527444
-0.08460358,0.94893043,-0.30392975,-0.98738165,-0.03886259,0.15351614,0.13386464,0.31308267,0.94024439,-0.14489181,-0.18794382,-0.0122801
-0.05717608,0.95441813,-0.2929452,-0.98747756,-0.01084917,0.15738591,0.14703375,0.29827553,0.94308684,-0.06189077,-0.15195322,-0.01932758
-0.0440621765,0.958995774,-0.279974362,-0.987531184,0.000585486078,0.157422456,0.151131392,0.283419786,0.947012422,0.0241428576,-0.135813832,-0.0159419701
-0.01813435,0.96924763,-0.24541817,-0.98730848,0.02137433,0.15736903,0.1577752,0.24515725,0.95655889,0.23286642,-0.09169912,-0.01740057
0.01015907,0.97756529,-0.21038744,-0.98634161,0.04438755,0.15861886,0.16439888,0.20590247,0.96466428,0.3946813,-0.07293814,-0.04379437
0.02546006,0.98016197,-0.19655599,-0.98546811,0.05763961,0.15978182,0.16794147,0.18963161,0.96738592,0.4654752,-0.07844114,-0.06856753
0.0588318,0.98177258,-0.18072472,-0.98274418,0.08876268,0.16228087,0.17536452,0.16805889,0.97005335,0.51841497,-0.08040619,-0.08598268
0.09665054,0.9786158,-0.1815753,-0.97843542,0.12687492,0.16299294,0.18254481,0.16190638,0.96977508,0.45864859,-0.05021036,-0.07967339
0.11700551,0.9755893,-0.18583628,-0.97565363,0.14786686,0.16197311,0.18549826,0.16236011,0.96913858,0.39471143,-0.02761924,-0.06757692
0.15970726,0.96794399,-0.19385048,-0.96880948,0.1913777,0.15742538,0.18947761,0.16266221,0.96831774,0.3612316,0.05636239,-0.01652307
0.20238275,0.95941569,-0.19637379,-0.96031342,0.23372761,0.15221517,0.1919356,0.15777468,0.96864228,0.40186784,0.1411047,0.0200614
0.22300414,0.95498205,-0.19564836,-0.95556017,0.25384686,0.14988787,0.19280494,0.1535282,0.96915187,0.44061491,0.17353785,0.01510953
0.26171338,0.94588137,-0.19187093,-0.94536762,0.29127314,0.14642385,0.19438644,0.1430675,0.97043578,0.50771302,0.20652103,0.00355489
0.29576009,0.93646826,-0.18855544,-0.93502616,0.3242122,0.14357059,0.19558128,0.13384182,0.97151136,0.51337463,0.20466626,-0.01732948
0.31052443,0.93195105,-0.18719466,-0.93011409,0.3385236,0.14244144,0.19611826,0.12988084,0.97194063,0.49231818,0.19811332,-0.02053289
0.33448104,0.92414771,-0.18458952,-0.92170447,0.36162377,0.14031736,0.19642593,0.12320352,0.97274752,0.46809891,0.1763953,-0.0306657
0.33448104,0.92414771,-0.18458952,-0.92170447,0.36162377,0.14031736,0.19642593,0.12320352,0.97274752,0.46809891,0.1763953,-0.0306657
0.35978242,0.91656097,-0.1745642,-0.91418035,0.38371015,0.13054065,0.18663052,0.11261692,0.97595414,0.46883631,0.27599335,-0.10196674
0.35630669,0.91938739,-0.16665055,-0.91711588,0.37823644,0.12583992,0.17872894,0.10800026,0.97795292,0.45596161,0.24239695,-0.12435393
0.31510296,0.93490627,-0.16327992,-0.93483959,0.33542272,0.11647532,0.1636613,0.11593882,0.97968013,0.38184345,-0.21209431,-0.16596025
0.30148983,0.9379886,-0.17111734,-0.93971552,0.32268946,0.11316419,0.16136448,0.12668379,0.97873016,0.36733186,-0.28660363,-0.1591042
0.26972766,0.94229938,-0.19828973,-0.95003038,0.29401078,0.10488037,0.15712803,0.16009214,0.97451593,0.38882059,-0.28881252,-0.12928866
0.23326187,0.94199734,-0.24130848,-0.96037433,0.26209637,0.09479722,0.1525448,0.20963392,0.96580728,0.33709195,-0.13111711,-0.06881072
0.21326225,0.9400552,-0.26611149,-0.96538953,0.24461925,0.09046755,0.15014047,0.23760795,0.9596876,0.32191476,-0.07284707,-0.0526178
0.170065809,0.932518845,-0.318568809,-0.974651326,0.206862699,0.0852202153,0.145369446,0.296000499,0.944061131,0.376344115,0.00581884384,-0.000181697309
0.1245568,0.91930295,-0.37331958,-0.98228844,0.16733132,0.08431777,0.1399816,0.3562052,0.92386308,0.44460201,0.11625814,0.07430766
0.10138117,0.90980785,-0.40245686,-0.98534252,0.14761698,0.08549465,0.13719317,0.38789031,0.91143795,0.43452772,0.18467212,0.10070939
0.05458276,0.88444314,-0.46344478,-0.9896656,0.10955559,0.09251804,0.13259992,0.45360546,0.88128279,0.29710263,0.22388387,0.13926925
0.0050736,0.85223456,-0.52313509,-0.99179191,0.07112656,0.1062528,0.12776107,0.51830212,0.84560037,0.13353284,0.15261686,0.10980069
-0.02048605,0.83529,-0.54942779,-0.99193255,0.05178161,0.11570846,0.12510037,0.54736573,0.82749058,0.05675775,0.09246051,0.10523678
-0.12744888,0.76885976,-0.62658701,-0.98581639,-0.02864818,0.16536375,0.10919091,0.63877523,0.76160588,-0.11960918,-0.03155458,0.07405014
-0.15441113,0.75418971,-0.6382437,-0.98249976,-0.04910221,0.17967513,0.10416995,0.65481814,0.74857318,-0.13740399,-0.03939652,0.0651654
-0.26402468,0.69999654,-0.66354786,-0.96123509,-0.13426903,0.24082956,0.07948592,0.70141045,0.70831162,-0.19220667,-0.08009821,0.09619717
-0.29142289,0.68597957,-0.66671153,-0.95385852,-0.15571213,0.25672409,0.07229231,0.71076392,0.69970591,-0.23320781,-0.0729866,0.10571585
-0.34581675,0.65705461,-0.66984322,-0.93658328,-0.19852785,0.28878781,0.05676681,0.72723165,0.68404067,-0.30449703,-0.08349025,0.09888866
-0.39930839,0.62746918,-0.66845731,-0.91597194,-0.24174414,0.32024228,0.03934651,0.74016359,0.67127468,-0.33462679,-0.10138917,0.10796714
-0.42511921,0.61260778,-0.66632211,-0.90463746,-0.26310655,0.33526978,0.03007512,0.74530965,0.66603977,-0.3379004,-0.09376204,0.12484235
-0.47327453,0.58304784,-0.6603531,-0.88083899,-0.30337856,0.36343354,0.01156212,0.75366868,0.65715279,-0.39724746,-0.06705463,0.15356085
-0.51540248,0.55458933,-0.65329255,-0.85693036,-0.33848507,0.38871377,-0.00555323,0.76017018,0.64970032,-0.44162107,-0.03453517,0.17031313
-0.53396883,0.54110169,-0.64968144,-0.84540195,-0.35362388,0.4003067,-0.0131363,0.76299336,0.64627278,-0.4081597,-0.05573362,0.17842111
-0.56420458,0.5153188,-0.64507312,-0.82521787,-0.37679591,0.42076117,-0.02623485,0.7697214,0.63784058,-0.34136796,-0.11412632,0.22534204
-0.58271973,0.49299538,-0.64605977,-0.81198793,-0.38583894,0.43795419,-0.03336563,0.7797973,0.6251423,-0.38500878,-0.11996973,0.2064828
-0.58812435,0.48358272,-0.64827236,-0.80804887,-0.38518639,0.44574441,-0.03415149,0.78598906,0.61729633,-0.46808138,-0.07734179,0.18797189
-0.59414481,0.46848287,-0.65384665,-0.80373204,-0.37783971,0.45962126,-0.0317246,0.79859921,0.60102644,-0.61980641,0.02749896,0.16496938
-0.59607076,0.45770891,-0.65969838,-0.80247748,-0.36723005,0.47028904,-0.02700564,0.80971874,0.58619638,-0.68860811,0.02157044,0.09048349
-0.59505805,0.45496952,-0.66250197,-0.80331061,-0.36179593,0.47307075,-0.0244577,0.81369934,0.58077126,-0.67451674,-0.05047739,0.04540637
-0.59505805,0.45496952,-0.66250197,-0.80331061,-0.36179593,0.47307075,-0.0244577,0.81369934,0.58077126,-0.67451674,-0.05047739,0.04540637
-0.59505805,0.45496952,-0.66250197,-0.80331061,-0.36179593,0.47307075,-0.0244577,0.81369934,0.58077126,-0.67451674,-0.05047739,0.04540637
-0.55900685,0.4882056,-0.67019901,-0.82914379,-0.3346455,0.44780914,-0.00565614,0.80601969,0.59186171,-0.56624347,-0.26638931,0.05063723
-0.53281674,0.51866068,-0.66865337,-0.84620428,-0.32032439,0.42582923,0.00667487,0.79270632,0.60956715,-0.71810353,-0.08272451,0.09480199
-0.50358504,0.55773577,-0.65979742,-0.86369659,-0.30667413,0.39997366,0.02073676,0.77128564,0.63615122,-0.72249585,-0.08480626,0.07663394
-0.48827506,0.58062299,-0.65150925,-0.87226256,-0.30134709,0.38515955,0.02730205,0.75635097,0.65359605,-0.62254775,-0.19013578,0.08787879
-0.45386964,0.63052446,-0.62963579,-0.89025828,-0.29075038,0.35057724,0.03798068,0.71965485,0.69329241,-0.47182047,-0.17105359,0.16328919
-0.41282249,0.67990389,-0.6060595,-0.9095854,-0.27323616,0.31304351,0.04724209,0.68049433,0.73122884,-0.55114645,0.12881267,0.18111616
-0.39019573,0.70492201,-0.59231109,-0.9192658,-0.26197171,0.29380499,0.05194089,0.65913272,0.75023079,-0.58939993,0.29058373,0.10480518
-0.34325479,0.75611833,-0.55719031,-0.93741338,-0.23878998,0.25344692,0.05858437,0.60931458,0.7907614,-0.47156665,0.44522381,0.06066651
-0.2953896,0.80580741,-0.51324381,-0.95340343,-0.21411941,0.21254316,0.06137336,0.5521115,0.83150837,-0.16518965,0.41590524,0.02243999
-0.27000429,0.82757376,-0.4921577,-0.96090994,-0.19909121,0.19239189,0.06123419,0.52486591,0.84897947,-0.05910805,0.4438889,-0.0110167
-0.21680422,0.86223909,-0.45775508,-0.97429227,-0.16169818,0.15687031,0.06124155,0.47999737,0.8751297,0.07759161,0.38544023,-0.04030666
-0.16200427,0.88645982,-0.43352433,-0.98460416,-0.1159855,0.13077374,0.06564309,0.44803582,0.89160241,0.0577458,0.22037542,-0.13083029
-0.13445703,0.89579876,-0.423634,-0.98847948,-0.09126857,0.12074041,0.06949462,0.43498794,0.89775051,-0.09354606,0.05584538,-0.18899585
-0.07965419,0.91777276,-0.38903518,-0.99366646,-0.04207338,0.10419596,0.07926019,0.39487086,0.91531133,0.12659901,0.03188396,-0.26081887
-0.03103412,0.93408841,-0.3556907,-0.99581649,0.00170416,0.09136062,0.08594508,0.35703793,0.93012761,0.13864891,-0.2557767,-0.10751747
-0.00737781,0.9403695,-0.3400746,-0.99582681,0.02402703,0.08804334,0.09096424,0.33930498,0.93626793,0.20695722,-0.27880204,-0.16576819
0.03768008,0.95008503,-0.30970756,-0.99428352,0.06662995,0.08343169,0.09990302,0.30479339,0.94716439,0.16673902,-0.25919831,-0.1192203
0.07856026,0.95656121,-0.28074696,-0.99072803,0.10622538,0.08469985,0.11084304,0.27148985,0.95603717,0.22234227,-0.24901873,-0.12754148
0.0972911,0.95867144,-0.26736406,-0.98851989,0.12428259,0.08592023,0.11559797,0.25593541,0.95975735,0.26886171,-0.22630125,-0.10922064
0.13196346,0.9604237,-0.24529958,-0.98329395,0.1581314,0.09015209,0.12537376,0.22930482,0.96524645,0.31360063,-0.17544776,-0.09841304
0.18308873,0.95821085,-0.21979629,-0.97324183,0.20824211,0.09713645,0.13884804,0.19613037,0.97069774,0.31644166,0.00120187,-0.07279103
0.21596915,0.95543551,-0.20124663,-0.96526377,0.23996236,0.10336254,0.14704785,0.17193298,0.97407185,0.4045448,0.08560276,-0.05940286
0.2469312,0.95173313,-0.18228761,-0.95643742,0.26960175,0.11199157,0.15573114,0.14669253,0.97684651,0.55946583,0.08421183,-0.06133993
0.26166594,0.94923003,-0.1746232,-0.95173572,0.28383794,0.11676953,0.16040583,0.13564053,0.97768687,0.61989951,0.07403982,-0.06197703
0.29024789,0.94232131,-0.1666938,-0.94169857,0.3122319,0.12536007,0.17017659,0.1205898,0.97800717,0.69673383,0.00880444,-0.06687773
0.31829856,0.93259887,-0.17013335,-0.93084421,0.34144608,0.13016766,0.17948558,0.11693547,0.97678607,0.66324067,-0.05546027,-0.07099627
0.33242562,0.92686227,-0.17441198,-0.92512252,0.35641875,0.1308205,0.18341629,0.11786437,0.97594388,0.62654281,-0.03662705,-0.07117665
0.36047018,0.91466114,-0.18291054,-0.91351281,0.38581479,0.12900115,0.18856193,0.12059005,0.97462939,0.50292933,0.09609199,-0.09615049
0.38516281,0.9049698,-0.18077359,-0.90299609,0.40998799,0.12848246,0.19038775,0.11375121,0.97509649,0.46409807,0.18477535,-0.10007535
0.39512159,0.9021276,-0.17333395,-0.89856836,0.41876768,0.13118101,0.19092866,0.10391997,0.97608754,0.48246866,0.15162718,-0.09817424
0.40864857,0.90034226,-0.1496335,-0.89219628,0.42861567,0.14238836,0.19233352,0.07531565,0.97843516,0.51291066,-0.01292944,-0.09560063
0.4131793,0.90227342,-0.12322944,-0.88980114,0.42879637,0.1561652,0.19374405,0.04512548,0.98001374,0.50088286,-0.16735494,-0.09022538
0.4123473,0.90420758,-0.11125853,-0.89025449,0.42585934,0.16152662,0.19343407,0.03244332,0.98057672,0.52692866,-0.18572438,-0.07216946
0.40534178,0.90931897,-0.09400581,-0.89409128,0.41577077,0.1665397,0.19052257,0.01654427,0.9815434,0.60342032,-0.10264724,-0.06354426
0.39198217,0.91546426,-0.09096804,-0.9007741,0.4020166,0.16428236,0.18696529,0.01754589,0.98220982,0.65512168,-0.0471971,-0.09152161
0.38279713,0.91894475,-0.09490526,-0.90498321,0.39364885,0.16138794,0.18566594,0.02410881,0.98231712,0.65825313,-0.07483828,-0.09146447
0.38279713,0.91894475,-0.09490526,-0.90498321,0.39364885,0.16138794,0.18566594,0.02410881,0.98231712,0.65825313,-0.07483828,-0.09146447
0.32570156,0.9319948,-0.15907286,-0.92648412,0.34816055,0.14286845,0.18853555,0.100846,0.97687483,0.62575895,-0.04046988,-0.05518328
0.30715848,0.93288894,-0.18807423,-0.932526,0.33447582,0.13609263,0.18986559,0.1335821,0.97268026,0.55065721,0.05281472,-0.00592508
0.26543972,0.93023141,-0.25339928,-0.94522922,0.30287091,0.12169988,0.18995632,0.20721644,0.95967596,0.39178696,0.29106963,0.06621551
0.21702867,0.923645,-0.31587722,-0.95793872,0.2637568,0.11307396,0.18775496,0.27805074,0.94203814,0.31731179,0.51362169,0.11560503
0.13061163,0.91178987,-0.38933257,-0.97469037,0.18995599,0.11787878,0.18143673,0.36408237,0.91352326,0.20306638,0.59949362,0.160961
0.06435167,0.90193437,-0.42705177,-0.98210739,0.13313583,0.13319119,0.1769856,0.41083964,0.89436395,0.13997822,0.44364595,0.15355708
0.02887622,0.89498095,-0.44516869,-0.98439837,0.10279331,0.14280509,0.17356818,0.43409969,0.88398616,0.12700209,0.35242391,0.14675297
0.02887622,0.89498095,-0.44516869,-0.98439837,0.10279331,0.14280509,0.17356818,0.43409969,0.88398616,0.12700209,0.35242391,0.14675297
-0.12239131,0.83742623,-0.53267026,-0.98114874,-0.02121451,0.192086,0.1495575,0.54613843,0.82423623,-0.12524103,0.07849455,0.11022425
-0.16185024,0.81473509,-0.5567864,-0.97662732,-0.0513807,0.2087079,0.14143355,0.57755227,0.80400864,-0.22436136,0.01449192,0.08819436
-0.31689348,0.71842089,-0.61923319,-0.94315202,-0.1697081,0.28576779,0.10021262,0.67458906,0.73135968,-0.42356405,-0.17382622,-0.02658093
-0.35349653,0.69909291,-0.62153784,-0.93125602,-0.20026188,0.30439677,0.08833129,0.68641407,0.72182637,-0.35543087,-0.20789981,0.00153534
-0.42292074,0.66363254,-0.61703309,-0.90398564,-0.26176639,0.33806548,0.06283272,0.70076397,0.71062078,-0.28584829,-0.18049717,0.08477411
-0.48662064,0.6261183,-0.60924246,-0.8728506,-0.3193182,0.36900929,0.03650129,0.71134513,0.70189443,-0.36090192,-0.13044071,0.15882644
-0.51648632,0.6063221,-0.60466099,-0.85595162,-0.34556451,0.38461873,0.02425337,0.71621104,0.69746213,-0.41854405,-0.15270352,0.15933122
-0.57199632,0.56807335,-0.59170332,-0.82025282,-0.39408457,0.41458727,0.00233482,0.72248873,0.69137874,-0.47002476,-0.24852777,0.10878653
-0.6197436,0.53511718,-0.5740794,-0.78463516,-0.437659,0.43909221,-0.01628529,0.72256759,0.69110839,-0.46121386,-0.36261702,0.11563478
-0.64008522,0.5213856,-0.56431211,-0.76792563,-0.45720978,0.44860854,-0.02411094,0.72049736,0.69303842,-0.46791759,-0.35759676,0.13084912
-0.67335373,0.49869973,-0.54579593,-0.73842163,-0.49004055,0.46324251,-0.03644325,0.71495364,0.69822143,-0.55265772,-0.26695961,0.15975353
-0.69930595,0.47911323,-0.53049192,-0.71338524,-0.51480792,0.47545166,-0.04530627,0.71093128,0.70180057,-0.62475675,-0.19176567,0.15827133
-0.71013741,0.46990382,-0.52430481,-0.70236661,-0.52448357,0.48124668,-0.04884956,0.71000537,0.70249992,-0.63096011,-0.20249605,0.14635824
-0.72624204,0.45397843,-0.51621325,-0.68524748,-0.53798876,0.4909216,-0.0548491,0.71026172,0.7017976,-0.66498953,-0.25033838,0.0861043
-0.73322239,0.44590203,-0.51337729,-0.67742337,-0.54451588,0.49457049,-0.05901211,0.71040395,0.70131575,-0.76883155,-0.20296431,0.05974994
-0.73359808,0.44525441,-0.51340252,-0.67693413,-0.5454128,0.49425183,-0.05994854,0.71012196,0.70152188,-0.79037297,-0.17205632,0.07232195
-0.73004432,0.44911213,-0.51510518,-0.68082366,-0.54333956,0.49118332,-0.05928068,0.70928147,0.70242833,-0.76429117,-0.16490847,0.04094921
-0.7219553,0.45876307,-0.517993,-0.68964643,-0.5379734,0.48473933,-0.056286,0.70719223,0.70477727,-0.66152018,-0.24238223,-0.00364345
-0.71611828,0.46613428,-0.51951268,-0.6958451,-0.53494251,0.47920361,-0.05453619,0.70466682,0.70743938,-0.6532281,-0.24810219,-0.0064204
-0.70013395,0.48704801,-0.52210788,-0.712201,-0.52841106,0.46211627,-0.05081478,0.69538906,0.71683464,-0.7158106,-0.18563092,0.02190569
-0.679668,0.51519873,-0.52213182,-0.73206905,-0.52117809,0.43868926,-0.04611152,0.68039961,0.73138915,-0.72384465,-0.0964449,0.06461065
-0.66808009,0.5313597,-0.52088912,-0.74283977,-0.51682907,0.42553076,-0.04310082,0.67122591,0.73999867,-0.71329141,-0.07547975,0.09198677
-0.64180972,0.56620049,-0.51720128,-0.76601008,-0.50515743,0.397548,-0.03617622,0.65133161,0.75793034,-0.60916793,-0.1499263,0.10795436
-0.61024468,0.60371418,-0.51296281,-0.79167124,-0.48867052,0.36668512,-0.02929676,0.62986548,0.77615154,-0.46171004,-0.12147093,0.111198
-0.59137649,0.62360673,-0.51126155,-0.80598641,-0.47728782,0.35011733,-0.02568341,0.61912105,0.78487545,-0.44577661,-0.01692504,0.13159665
-0.54607946,0.66524425,-0.50916333,-0.83757113,-0.44551916,0.31620762,-0.01648673,0.599135,0.80047825,-0.52269697,0.23215556,0.09268476
-0.49280264,0.71034152,-0.50255376,-0.87013169,-0.40496811,0.28084068,-0.00402549,0.57568704,0.8176602,-0.58365381,0.3485496,-0.10604431
-0.4643483,0.73458232,-0.49474166,-0.88565016,-0.38383565,0.26133088,0.00206952,0.55951663,0.82881653,-0.52058744,0.36261344,-0.13049687
-0.40410725,0.78611474,-0.46767577,-0.91463339,-0.34058695,0.21782094,0.01194793,0.51577498,0.85664075,-0.30017957,0.42123616,-0.10975855
-0.33847626,0.83704935,-0.42986291,-0.94072992,-0.29059177,0.17488156,0.02146986,0.46357817,0.88579587,-0.08585234,0.44588923,-0.059369
-0.30393713,0.86003445,-0.40983266,-0.95228224,-0.26164271,0.15716706,0.02793933,0.4380453,0.89851861,0.01147175,0.40654981,-0.06486894
-0.23210484,0.8982883,-0.37310255,-0.97158311,-0.19580616,0.1329896,0.04640723,0.39336766,0.91820927,0.06536196,0.17487037,-0.13594058
-0.23210484,0.8982883,-0.37310255,-0.97158311,-0.19580616,0.1329896,0.04640723,0.39336766,0.91820927,0.06536196,0.17487037,-0.13594058
-0.23210484,0.8982883,-0.37310255,-0.97158311,-0.19580616,0.1329896,0.04640723,0.39336766,0.91820927,0.06536196,0.17487037,-0.13594058
-0.23210484,0.8982883,-0.37310255,-0.97158311,-0.19580616,0.1329896,0.04640723,0.39336766,0.91820927,0.06536196,0.17487037,-0.13594058
-0.00258971,0.9746174,-0.22386188,-0.99356117,0.0228486,0.11096878,0.11326703,0.22270786,0.96828291,0.08110665,-0.18007976,-0.16933128
0.02491285,0.97688708,-0.21229908,-0.99202709,0.0504012,0.11550716,0.12353758,0.20772884,0.97035416,-0.03245661,-0.11141187,-0.12597388
0.07653541,0.98040862,-0.18149727,-0.98689965,0.10041854,0.12627427,0.14202608,0.16945514,0.97525051,-0.01884455,-0.01906037,-0.07198692
0.12061111,0.98247328,-0.14212431,-0.98038564,0.14036852,0.1383502,0.15587515,0.12265005,0.9801326,0.22140005,0.12181401,-0.01451568
0.18055593,0.97880527,-0.09664308,-0.96744492,0.19445374,0.16198192,0.17734136,0.06425005,0.98204988,0.6204536,0.19887137,0.01139033
0.22213461,0.97081641,-0.09039751,-0.95566966,0.23516678,0.17717811,0.19326591,0.04703277,0.98001847,0.69874364,0.03373146,-0.00632916
0.24336544,0.96510113,-0.09671064,-0.94883447,0.25756926,0.18267759,0.20121205,0.04730499,0.9784048,0.65322173,-0.0358727,-0.01007232
0.28491928,0.95094059,-0.12055284,-0.93398793,0.30370254,0.18823204,0.21560969,0.05896397,0.97469775,0.4972454,-0.05983579,-0.00417957
0.322993,0.93535966,-0.14414511,-0.91884274,0.34641665,0.18900663,0.22672344,0.07139887,0.9713386,0.36919045,-0.03437728,0.02003063
0.3401031,0.92819466,-0.15094576,-0.91157183,0.36483787,0.18955259,0.23101243,0.07313047,0.97019853,0.35739714,-0.03513175,0.02555669
0.36948626,0.91666265,-0.15234641,-0.89835441,0.39428867,0.19363819,0.23756937,0.06531443,0.96917223,0.4948298,-0.07746863,0.02641878
0.39419976,0.90769345,-0.1438718,-0.88665391,0.41680872,0.200288,0.24176713,0.04861102,0.9691159,0.62209237,-0.17031449,-0.00683357
0.4057143,0.90338449,-0.13889678,-0.88115153,0.42696507,0.20315695,0.24283292,0.03996544,0.96924452,0.64832979,-0.18214184,-0.01135804
0.44482016,0.88773381,-0.11859022,-0.86277442,0.46026418,0.20922986,0.24032326,0.00924696,0.97064887,0.56560075,-0.12456316,-0.004356
0.451484221,0.885305408,-0.111338332,-0.859896677,0.465009447,0.21057971,0.238200745,0.000666065967,0.97121571,0.527152836,-0.151878834,-0.01085601
0.45954469,0.88341026,-0.09167851,-0.85735433,0.46818662,0.21388034,0.23186674,-0.0196866,0.97254833,0.50931406,-0.21931988,-0.02459491
0.45931141,0.88562177,-0.0686077,-0.85977956,0.46265513,0.21616948,0.22318612,-0.0403016,0.97394237,0.54186213,-0.2528832,-0.04735967
0.45623412,0.88796758,-0.05799938,-0.86268622,0.45734576,0.21588712,0.21822654,-0.04845979,0.97469422,0.57829291,-0.23775595,-0.06328163
0.44476892,0.89462817,-0.04267197,-0.87124063,0.44320464,0.21097219,0.2076541,-0.0566563,0.9765602,0.65907472,-0.13670164,-0.06369624
0.42663174,0.90355743,-0.03961369,-0.88229504,0.42542301,0.20142154,0.19884852,-0.05098185,0.97870328,0.65374857,-0.10407835,-0.04324712
0.41489973,0.90880045,-0.0440444,-0.8884763,0.41510536,0.19569711,0.1961327,-0.04206227,0.97967481,0.62876678,-0.12821281,-0.05196778
0.38633454,0.91998824,-0.06608474,-0.90207575,0.39181066,0.18095214,0.19236655,-0.01029461,0.98126914,0.62819874,-0.10802621,-0.02686919
0.38633454,0.91998824,-0.06608474,-0.90207575,0.39181066,0.18095214,0.19236655,-0.01029461,0.98126914,0.62819874,-0.10802621,-0.02686919
0.33234214,0.93470774,-0.12597629,-0.92491116,0.34913874,0.15047055,0.18462919,0.06650919,0.98055524,0.54980218,0.17481685,0.05255207
0.28830619,0.94173728,-0.17323522,-0.94086169,0.3122283,0.131502,0.17792928,0.12507754,0.97606187,0.48660302,0.37154603,0.064073
0.23591868,0.94645934,-0.22035685,-0.95684703,0.26583445,0.11737058,0.16966493,0.18315788,0.96833207,0.38917187,0.46684194,0.04619354
0.20643844,0.94769976,-0.24340985,-0.96447219,0.23900341,0.11256463,0.16485325,0.21152436,0.96336953,0.33591607,0.47378039,0.04297636
0.14060123,0.94674044,-0.28967865,-0.97801963,0.17831582,0.10807851,0.15397657,0.26811546,0.95100226,0.25199008,0.50106585,0.05977533
0.06724232,0.93818833,-0.33953061,-0.98758738,0.11100087,0.11113005,0.1419491,0.32784352,0.934007,0.11420965,0.49239635,0.07434598
0.0281366,0.92997869,-0.36653502,-0.99037178,0.07565581,0.11593053,0.13554342,0.35974406,0.92315339,0.06069431,0.43659973,0.07146508
-0.13963353,0.86597578,-0.4801961,-0.98479971,-0.0708562,0.15858378,0.10330483,0.49504063,0.86270671,-0.21412876,0.19492817,0.05134289
-0.1834636,0.84207986,-0.50719088,-0.97859704,-0.10752617,0.17545921,0.09321436,0.52852588,0.84378402,-0.29598576,0.13124633,0.03560754
-0.2717803,0.78770708,-0.55285896,-0.95975067,-0.17958311,0.21593651,0.07081058,0.58929404,0.80480954,-0.44036189,0.03880525,-0.02588607
-0.35797955,0.7333265,-0.57799885,-0.93265655,-0.25116023,0.25897894,0.04474575,0.63178365,0.77385218,-0.4511379,-0.00535119,-0.05194188
-0.39948379,0.70774883,-0.58266999,-0.91622702,-0.2869744,0.27959573,0.03067218,0.64555194,0.7631002,-0.43564242,-0.0203855,-0.0375448
-0.478466245,0.658963617,-0.580376402,-0.878105647,-0.359463891,0.315778352,-0.000537961211,0.660721156,0.750631218,-0.38342163,0.0296142101,0.005612351
-0.478466245,0.658963617,-0.580376402,-0.878105647,-0.359463891,0.315778352,-0.000537961211,0.660721156,0.750631218,-0.38342163,0.0296142101,0.005612351
-0.478466245,0.658963617,-0.580376402,-0.878105647,-0.359463891,0.315778352,-0.000537961211,0.660721156,0.750631218,-0.38342163,0.0296142101,0.005612351
-0.478466245,0.658963617,-0.580376402,-0.878105647,-0.359463891,0.315778352,-0.000537961211,0.660721156,0.750631218,-0.38342163,0.0296142101,0.005612351
-0.68515923,0.49499651,-0.53435491,-0.72280363,-0.55275201,0.41475295,-0.09006451,0.67040552,0.73650853,-0.45058766,-0.07202977,0.09872083
-0.70551224,0.47509951,-0.5258642,-0.7019253,-0.57078148,0.42603942,-0.09774239,0.66969334,0.73617749,-0.47926742,-0.09921056,0.10365877
-0.74056485,0.4394909,-0.5083419,-0.66297954,-0.60128331,0.4460006,-0.10964429,0.66731264,0.73666273,-0.52080858,-0.13549465,0.08419262
-0.76883534,0.40967386,-0.49097765,-0.62857705,-0.62516414,0.46266643,-0.11739936,0.66433175,0.73816031,-0.49386394,-0.25238633,0.08472333
-0.76883534,0.40967386,-0.49097765,-0.62857705,-0.62516414,0.46266643,-0.11739936,0.66433175,0.73816031,-0.49386394,-0.25238633,0.08472333
-0.79938816,0.37842078,-0.46666549,-0.58863197,-0.64890603,0.48211381,-0.1203801,0.66009018,0.74147802,-0.52141649,-0.4063642,0.02488682
-0.79938816,0.37842078,-0.46666549,-0.58863197,-0.64890603,0.48211381,-0.1203801,0.66009018,0.74147802,-0.52141649,-0.4063642,0.02488682
-0.79938816,0.37842078,-0.46666549,-0.58863197,-0.64890603,0.48211381,-0.1203801,0.66009018,0.74147802,-0.52141649,-0.4063642,0.02488682
-0.82531088,0.35437492,-0.43963663,-0.55376392,-0.66026494,0.50734183,-0.11048744,0.66216963,0.74116388,-0.58194375,-0.45301682,0.03187708
-0.82657161,0.35268949,-0.43862213,-0.55309612,-0.65331918,0.51697061,-0.10423017,0.66991347,0.73508639,-0.6598143,-0.50851738,-0.02117977
-0.82503688,0.35530072,-0.43940333,-0.55608582,-0.64867195,0.51960853,-0.10041137,0.67304225,0.7327562,-0.75799096,-0.46396196,-0.00849122
-0.81769501,0.36880255,-0.44199454,-0.56828463,-0.63961214,0.51763748,-0.09179911,0.67444841,0.7325928,-0.94017714,-0.29573023,0.0119222
-0.80447092,0.39327162,-0.44515617,-0.58815659,-0.63218468,0.50439507,-0.08305664,0.66759268,0.73987946,-0.96560568,-0.16516745,0.06359008
-0.79542775,0.40924874,-0.44700106,-0.60089137,-0.62857444,0.49378491,-0.07889262,0.66136937,0.74589978,-0.90984756,-0.16647089,0.06928821
-0.77264582,0.44708286,-0.45070516,-0.63090109,-0.6196959,0.46684109,-0.07058352,0.64505326,0.7608707,-0.75369686,-0.23592508,0.06759325
-0.7447714,0.48954562,-0.45349802,-0.66441689,-0.60730389,0.43558239,-0.06217369,0.62572111,0.77756511,-0.58116657,-0.30580801,0.04000822
-0.72940781,0.5115045,-0.45423276,-0.68163401,-0.59953991,0.41943651,-0.057787,0.61556076,0.78596795,-0.512815,-0.30512846,0.03043911
-0.69545137,0.55629357,-0.45484596,-0.71690691,-0.58022662,0.38649909,-0.04890677,0.59487354,0.80233011,-0.49970868,-0.16645396,0.02175158
-0.65481111,0.60302418,-0.45561438,-0.75472212,-0.55378898,0.35172785,-0.04021379,0.5741775,0.81774267,-0.59409964,0.04844093,0.07701567
-0.63137661,0.62760648,-0.45549276,-0.77466202,-0.53735829,0.33338387,-0.03552894,0.56334373,0.82545838,-0.61290312,0.14586508,0.09496698
-0.57895955,0.67816557,-0.4526559,-0.81500775,-0.49757006,0.29696207,-0.02383856,0.54084707,0.84078307,-0.57564747,0.29390144,0.08026034
-0.51909629,0.72972655,-0.44501472,-0.85467517,-0.44823608,0.26194401,-0.00832417,0.51631722,0.85635695,-0.43418074,0.39240193,0.05389121
-0.486283032,0.755255626,-0.439451578,-0.873801051,-0.419914478,0.245241707,0.000688090274,0.503250148,0.864140504,-0.363997638,0.402258635,0.0320164599
-0.41528287,0.8041636,-0.42527746,-0.90947914,-0.35690311,0.21323166,0.01969027,0.47533246,0.87958589,-0.31389081,0.34885192,-0.02990102
-0.33991863,0.85027554,-0.40185416,-0.9396715,-0.28963189,0.18201863,0.0383762,0.43948244,0.89743103,-0.3266018,0.26821303,-0.07648221
-0.3017961,0.87262896,-0.38397589,-0.952199,-0.25592068,0.16679734,0.04728478,0.41596032,0.9081526,-0.30022758,0.22125757,-0.07948245
-0.22699785,0.91432897,-0.33537192,-0.9717636,-0.18987646,0.14007945,0.06439944,0.3577,0.93161334,-0.11085637,0.14716661,-0.10119687
-0.15333995,0.94803974,-0.27876056,-0.98482726,-0.12341848,0.12199623,0.08125307,0.29323791,0.95258043,0.03601224,0.12207365,-0.09936265
-0.1164527,0.96108825,-0.25049567,-0.98912592,-0.08941598,0.11676743,0.08982548,0.26136965,0.9610501,0.02711372,0.13023674,-0.10861591
-0.04498228,0.97938829,-0.19691378,-0.993287,-0.02282023,0.11340216,0.10657112,0.200693,0.97384029,0.04603823,0.16458523,-0.11077544
0.0208477,0.98891652,-0.14700124,-0.99240837,0.0382942,0.11687201,0.12120596,0.14344877,0.9822075,-0.00901182,0.23999822,-0.04495013
0.05181202,0.99124336,-0.12145825,-0.99045743,0.06655822,0.12068171,0.12770899,0.11404646,0.98523288,0.0396152,0.28156579,-0.01290788
0.16130785,0.98651086,-0.02786107,-0.97539172,0.16366208,0.14773578,0.15030274,0.00334451,0.98863436,0.50306708,0.27748954,-0.00431643
0.1864395,0.98236481,-0.01412841,-0.96995731,0.18633414,0.15640436,0.15627876,-0.01545599,0.98759205,0.54687434,0.16511416,-0.04005118
0.23431314,0.97215872,-0.00214203,-0.95762134,0.23118782,0.17179457,0.16750682,-0.03820245,0.98513047,0.51378489,0.02303517,-0.06572355
0.27833931,0.96046558,-0.00575317,-0.94412165,0.27469396,0.18214704,0.17652632,-0.04526698,0.98325447,0.4084731,-0.02413547,-0.05335265
0.29808379,0.95449558,-0.00917834,-0.93742131,0.29453738,0.18571222,0.17996486,-0.04675383,0.98256131,0.37989029,-0.03230667,-0.04609382
0.33240362,0.9430503,-0.01280418,-0.92485003,0.32858885,0.19152481,0.18482484,-0.05182159,0.98140425,0.40327004,-0.07417297,-0.05459862
0.36140363,0.93233464,-0.01180734,-0.91332372,0.35652664,0.19679533,0.18768876,-0.06033861,0.98037349,0.50005412,-0.13266492,-0.08867993
0.37450174,0.92716174,-0.01092689,-0.90786317,0.36905143,0.19896066,0.18850132,-0.06459098,0.97994656,0.5391385,-0.15129459,-0.09717265
0.4194271,0.90773262,-0.01011893,-0.88795451,0.41255483,0.20331083,0.18872649,-0.07628892,0.97906196,0.5328306,-0.2295121,-0.08743356
0.4286958,0.90339563,-0.00981228,-0.88363986,0.42153334,0.2036916,0.1881503,-0.07865122,0.97898593,0.50601643,-0.24531931,-0.08101335
0.4439138,0.89604922,-0.00601751,-0.87650025,0.43560522,0.2049275,0.1862464,-0.08569578,0.97875866,0.46081224,-0.25624394,-0.05561209
0.45378322,0.891106,0.00329581,-0.87198969,0.44328034,0.20769324,0.18361573,-0.09712162,0.97818845,0.45589563,-0.29391325,-0.04851332
0.45672014,0.88955983,0.00949426,-0.87074187,0.44482124,0.20962528,0.18225096,-0.10400715,0.9777357,0.4702329,-0.319314,-0.0575383
0.4546535,0.89010203,0.03175704,-0.873498,0.4386378,0.21118253,0.17404417,-0.12375458,0.97693062,0.49624333,-0.16153866,-0.01247452
0.435562,0.89924715,0.0405006,-0.88479564,0.4194176,0.20304075,0.16559715,-0.12427159,0.97833233,0.4588916,0.00683975,0.05450662
0.4141611,0.90915985,0.04357524,-0.89609692,0.39887886,0.19469416,0.1596269,-0.11968238,0.97989559,0.49141777,-0.04781944,0.01394067
0.37640701,0.9260633,0.02691705,-0.91483652,0.36694316,0.16860263,0.14625968,-0.08808791,0.98531651,0.52251089,0.13830447,0.00576654
0.34797936,0.93749104,-0.00455476,-0.92777375,0.34506244,0.14201276,0.13470739,-0.04519172,0.98985435,0.38654271,0.18201363,0.02337345
0.33201407,0.94292192,-0.0257854,-0.93419456,0.33247902,0.12937622,0.13056478,-0.01886614,0.99126026,0.30162898,0.11145127,0.00551718
0.33201407,0.94292192,-0.0257854,-0.93419456,0.33247902,0.12937622,0.13056478,-0.01886614,0.99126026,0.30162898,0.11145127,0.00551718
0.23569111,0.96108313,-0.14411388,-0.96532384,0.24865314,0.0795072,0.1122474,0.12037744,0.9863619,-0.1174136,-0.0818404,-0.06677762
0.19454799,0.96519539,-0.17478251,-0.97558956,0.20890376,0.06770679,0.10186301,0.15734377,0.98227637,-0.19305515,0.03508317,-0.03344825
0.15303015,0.97006517,-0.18856107,-0.98386193,0.16745893,0.06303284,0.09272219,0.17587214,0.98003652,-0.14188127,0.26549101,-0.02826204
0.1313344,0.97259658,-0.19185175,-0.98738832,0.14559652,0.06217628,0.08840538,0.18126631,0.97945241,-0.14944521,0.33043206,-0.0234304
0.04072064,0.97580047,-0.214838,-0.996209,0.05619312,0.0664082,0.07687358,0.21131935,0.97438934,-0.28436258,0.33274877,-0.08768376
0.01853619,0.9737681,-0.22678651,-0.99699072,0.03507845,0.06913054,0.07527244,0.22482262,0.97148796,-0.39024729,0.36476088,-0.09277027
-0.06775634,0.95389164,-0.29240361,-0.99480791,-0.04228665,0.09256953,0.07593654,0.29715759,0.95180408,-0.42818263,0.18647504,-0.12354974
-0.08701845,0.94516421,-0.31478916,-0.99313996,-0.0575311,0.10179883,0.07810642,0.32148811,0.9436868,-0.49364662,0.12155664,-0.1228531
-0.12113231,0.92444923,-0.36155284,-0.98904458,-0.0814461,0.12311472,0.08436622,0.37250507,0.92418737,-0.67825085,0.01919103,-0.14404954
-0.16575244,0.89616969,-0.41158967,-0.98149768,-0.10934449,0.15718182,0.09585653,0.43002757,0.89771255,-0.62649661,-0.08578271,-0.19147263
-0.1899858,0.88367337,-0.42781627,-0.97623864,-0.12377329,0.1778715,0.10422808,0.45144384,0.88619127,-0.51252335,-0.06942749,-0.17752209
-0.21454134,0.87040281,-0.44313748,-0.96893283,-0.13250744,0.20883204,0.12304897,0.47417359,0.87179031,-0.45042467,0.14289498,-0.04481349
-0.2254235,0.86081054,-0.4562776,-0.96412373,-0.12971755,0.23160005,0.14017653,0.49211622,0.85916945,-0.41253507,0.21708786,0.02762723
-0.23284627,0.8497586,-0.47296184,-0.95916453,-0.12036064,0.25596229,0.16058017,0.51324809,0.84308386,-0.38166067,0.04939711,0.03905749
-0.23524339,0.83557836,-0.49645641,-0.95157953,-0.09401019,0.2926741,0.19788013,0.54126754,0.81723488,-0.342767,-0.0550009,0.05996701
-0.23156834,0.82589706,-0.5140722,-0.94325963,-0.0613475,0.32634004,0.23798624,0.56047355,0.79324143,-0.30739331,-0.02908534,0.12949573
-0.22085213,0.81669945,-0.53312894,-0.92743869,-0.00671218,0.37391513,0.30179784,0.57702432,0.75892096,-0.26198313,0.09736097,0.26786762
-0.21495745,0.81328441,-0.54070476,-0.92119622,0.01501632,0.38880836,0.32433116,0.58167249,0.74596675,-0.23034325,0.03751254,0.27249297
-0.21495745,0.81328441,-0.54070476,-0.92119622,0.01501632,0.38880836,0.32433116,0.58167249,0.74596675,-0.23034325,0.03751254,0.27249297
-0.19756608,0.80422265,-0.56052977,-0.90778988,0.06571368,0.41424546,0.36998006,0.59068408,0.71708234,-0.16730309,-0.08766598,0.21887285
-0.18850847,0.8042231,-0.56363954,-0.90424111,0.08178544,0.4191169,0.38316098,0.58867322,0.71179452,-0.09645467,-0.12866747,0.21302629
-0.18364668,0.80513845,-0.563938,-0.90288453,0.0886819,0.42063658,0.38868179,0.58641937,0.71066083,-0.05428919,-0.12809479,0.20956028
-0.17270159,0.80846777,-0.56263133,-0.90103265,0.10107296,0.42181087,0.3978873,0.57979662,0.7110004,0.02079919,-0.11944592,0.23471728
-0.15272097,0.8137781,-0.56075084,-0.90015619,0.11965757,0.41880889,0.40791559,0.56872424,0.71425318,0.14904678,-0.18206036,0.25093439
-0.13753647,0.81300685,-0.56577673,-0.90028918,0.13555723,0.41364649,0.41299254,0.56625426,0.71329742,0.18163012,-0.23851675,0.2504839
-0.12149257,0.80659079,-0.57849009,-0.90091064,0.1550333,0.40536975,0.41665273,0.57041732,0.70783089,0.14022112,-0.26641738,0.21327789
-0.09508838,0.79256779,-0.60232409,-0.9033797,0.18546638,0.38666161,0.41816639,0.58089446,0.69835409,0.10483845,-0.23286295,0.20338066
-0.07583657,0.78322789,-0.61709221,-0.90579,0.20463195,0.3710393,0.41688511,0.58709435,0.69392147,0.13464071,-0.1965726,0.2255317
-0.04694098,0.76759724,-0.63921125,-0.91040234,0.23045375,0.34359664,0.41105246,0.59806818,0.6880046,0.16062167,-0.13825071,0.25731742
-0.02890775,0.75551361,-0.65449474,-0.91406237,0.24501204,0.32320112,0.40454192,0.6075921,0.68350393,0.16283721,-0.09073812,0.28553352
-0.00425084,0.73502008,-0.67803197,-0.92073865,0.26166661,0.28943197,0.39015663,0.6255206,0.67564914,0.17155434,-0.12455904,0.29279873
0.01119106,0.71767161,-0.69629167,-0.92582171,0.27052491,0.26395137,0.37779462,0.64168811,0.66746352,0.1096075,-0.11114991,0.2574105
0.01829052,0.70831037,-0.7056641,-0.92868324,0.27351682,0.25047144,0.37042251,0.6507572,0.66279877,0.08282529,-0.09275657,0.23228973
0.03905981,0.67368597,-0.73798467,-0.94298501,0.26915426,0.19579358,0.33053507,0.6882609,0.645789,0.10274687,0.02088428,0.20084341
0.04221285,0.66580109,-0.74493407,-0.9471348,0.26401372,0.1822972,0.31804644,0.69785779,0.6417483,0.13238785,0.00455141,0.19564314
0.04221285,0.66580109,-0.74493407,-0.9471348,0.26401372,0.1822972,0.31804644,0.69785779,0.6417483,0.13238785,0.00455141,0.19564314
0.04921573,0.60863533,-0.7919222,-0.96864966,0.22239252,0.11072194,0.24350684,0.76164594,0.60049966,0.20792879,-0.03440535,0.12850729
0.04941555,0.57109869,-0.81939267,-0.97701178,0.19798069,0.07906704,0.207379,0.79664916,0.5677535,0.23966855,0.0225215,0.13075121
0.04764679,0.48918829,-0.87087587,-0.98813738,0.15051674,0.03048587,0.1459948,0.85909236,0.49055676,0.2790269,0.11686003,0.13141978
0.05348199,0.33991531,-0.93893404,-0.9973114,0.06535348,-0.03314771,0.05009514,0.93818249,0.34249673,0.37348247,0.57876539,-0.87785387
0.06160146,0.29903077,-0.952253,-0.99760627,0.04847572,-0.04931278,0.03141507,0.95301134,0.3013012,-0.26668793,0.990026,-1.10854673
0.06969321,-0.05975759,-0.99577701,-0.99356224,0.08521226,-0.07465186,0.08931341,0.99456919,-0.05343415,-0.31590143,-0.4050256,-0.37767065
0.06560677,-0.12313289,-0.99021909,-0.992897,0.09065124,-0.07705647,0.09925267,0.98824109,-0.11631086,-0.27128518,-0.32427526,-0.29213127
0.0438881,-0.23716805,-0.9704767,-0.98701906,0.13992456,-0.0788313,0.15448974,0.96133881,-0.22794832,-0.26698935,0.71333754,0.4992207
0.03375382,-0.30299277,-0.95239488,-0.98616009,0.14467525,-0.08097711,0.16232343,0.94194713,-0.29391602,-0.33692923,-0.36386847,0.5627566
