0,1,2,3,4,5,6,7,8,9,10,11,12
-0.91084911,-0.36829504,0.18631374,-0.39544088,0.90801887,-0.1383049,-0.11823939,-0.19965096,-0.9727071,0.1030224,-0.28538215,-0.18878831,
-0.92043696,-0.34303457,0.18741219,-0.36985168,0.91944682,-0.13351887,-0.12651396,-0.1922104,-0.97316475,0.08975399,-0.26962739,-0.19659591,
-0.93919646,-0.28527206,0.1911274,-0.31144837,0.94209863,-0.12429834,-0.14460201,-0.17626689,-0.97366322,0.15778965,-0.21491349,-0.15083978,
-0.95580636,-0.22033644,0.19464345,-0.24518709,0.96272655,-0.11419668,-0.16222673,-0.15687397,-0.97420381,0.13348562,-0.13436508,-0.12695806,
-0.96274329,-0.1861552,0.19614033,-0.20994436,0.97170038,-0.1082669,-0.17043519,-0.14541183,-0.97458026,0.09022222,-0.12220985,-0.10713486,
-0.9728011,-0.11591579,0.20055272,-0.13711668,0.9859669,-0.09522752,-0.18669998,-0.12013657,-0.97504367,0.03779734,-0.12522531,-0.12647866,
-0.97732995,-0.04511082,0.20685972,-0.06360554,0.9944637,-0.08364383,-0.20194124,-0.09490506,-0.97478845,0.03634465,-0.04412889,-0.14920375,
-0.97764252,-0.01024252,0.21002464,-0.02732104,0.99653357,-0.0785774,-0.20849177,-0.08255869,-0.97453342,0.00260368,-0.05893481,-0.11143339,
-0.97466726,0.05821217,0.21595222,0.04448721,0.99670082,-0.06788493,-0.21919148,-0.0565581,-0.97404136,-0.11556256,-0.12267661,0.00112998,
-0.96648185,0.12498966,0.22425522,0.11503364,0.99172616,-0.05697787,-0.22952142,-0.02927118,-0.97286335,-0.26208279,-0.09177673,0.05799989,
-0.96049941,0.15728402,0.22956954,0.14904222,0.98741361,-0.05292242,-0.23500394,-0.01661641,-0.97185215,-0.32717362,-0.08172524,0.03336087,
-0.94544356,0.21857984,0.24157734,0.21326572,0.97580131,-0.04826539,-0.24628132,0.00588797,-0.96918065,-0.39836812,-0.05891281,0.02113293,
-0.92762642,0.27292456,0.2549931,0.26974379,0.96173132,-0.04807441,-0.25835554,0.02418771,-0.96574709,-0.4221881,0.00486588,0.12497644,
-0.91799494,0.29662751,0.26324346,0.29447627,0.95442468,-0.04855145,-0.26564776,0.03294896,-0.96350679,-0.37828627,0.05519295,0.19532287,
-0.90001669,0.33333534,0.28081577,0.3332387,0.94153717,-0.04959555,-0.28093043,0.04894186,-0.95847941,-0.3055923,0.11633921,0.2755194,
-0.88889135,0.35255061,0.2925408,0.35509525,0.9336853,-0.04625066,-0.28944674,0.06276803,-0.95513383,-0.12687343,0.07210135,0.24842758,
-0.88739803,0.35548859,0.29351774,0.35924828,0.93225279,-0.04295829,-0.28890392,0.06732464,-0.95498795,-0.01848474,0.0539391,0.32804057,
-0.89390347,0.34848108,0.28195324,0.35419307,0.93461741,-0.03221137,-0.27474346,0.07107203,-0.95888733,-0.25420386,0.17772412,0.42480382,
-0.91248336,0.32305684,0.25101353,0.33076451,0.94363607,-0.01207453,-0.24076618,0.07200857,-0.96790794,-0.50044131,0.28500879,0.30515015,
-0.9233105,0.30302359,0.23595427,0.31140234,0.95027637,-0.00184402,-0.22478055,0.07177411,-0.97176241,-0.49145567,0.21712887,0.27714086,
-0.94469266,0.25404214,0.20740852,0.26240946,0.96486351,0.01340496,-0.19671548,0.06708952,-0.97816253,0.39517438,0.11197662,-0.09032354,
-0.96206459,0.21219285,0.17148084,0.21961683,0.97525742,0.0253261,-0.16186394,0.06202543,-0.98486175,0.15354888,0.76890159,-0.08716667,
-0.97488044,0.16140413,0.15348173,0.16838892,0.98514892,0.03356737,-0.14578445,0.0585688,-0.98758108,-1.31826663,-0.27006388,-0.62729418,
-0.97088308,0.11530425,0.20997897,0.12023047,0.99268721,0.01080421,-0.20719767,0.03573549,-0.97764631,-0.60834628,-0.30742437,-0.20500872,
-0.95226227,0.02285197,0.30442464,0.02328473,0.99972643,-0.00220924,-0.30439184,0.00498467,-0.95253387,0.22248317,0.03550708,0.25466216,
-0.957633992,0.00793003444,0.287878106,0.00812471396,0.99996686,-0.000518509501,-0.287872677,0.00184238509,-0.957666685,0.0421277173,-0.0262167454,0.050232958,
-0.971381818,-0.0178399001,0.236852443,-0.0174672391,0.999840694,0.00367190391,-0.236880218,-0.000570337547,-0.971538685,-0.420132905,-0.132746518,-0.114879474,
-0.98083536,-0.03966548,0.19075754,-0.03936452,0.9992105,0.00536831,-0.19081987,-0.00224365,-0.9816224,-0.79902303,0.01755869,0.03520259,
-0.98223283,-0.04972645,0.18095802,-0.04961149,0.99875524,0.00516427,-0.18098957,-0.00390509,-0.98347719,-0.81385976,0.04937184,0.17056948,
-0.97973235,-0.0673839,0.18863684,-0.06813174,0.99767314,0.00252458,-0.18836803,-0.01037874,-0.98204363,-0.33587745,-0.03918386,0.33633509,
-0.97482405,-0.0816156,0.20750216,-0.08366453,0.99649337,-0.00110253,-0.20668454,-0.01843534,-0.97823403,0.1302458,-0.04824269,0.26333696,
-0.97319515,-0.08736608,0.2127408,-0.09019001,0.99591812,-0.00358654,-0.21155908,-0.02267749,-0.97710223,0.25002003,-0.04768854,0.17318891,
-0.97335745,-0.09696264,0.20778174,-0.10108665,0.99483419,-0.0092968,-0.20580694,-0.03005307,-0.9781309,0.20919144,-0.02375728,0.0148531,
-0.97645319,-0.10683464,0.18741714,-0.11161225,0.99363716,-0.01509622,-0.18461184,-0.0356588,-0.98216423,-0.05249583,0.03135049,-0.07479677,
-0.97764211,-0.11226473,0.1777994,-0.11731477,0.99292954,-0.01811531,-0.17450857,-0.03856878,-0.98390005,-0.16991261,0.0895108,-0.02457361,
-0.9726873,-0.13574935,0.18828492,-0.14221585,0.98960848,-0.02120648,-0.18344959,-0.04740438,-0.98188531,0.04089224,-0.04340976,0.07879507,
-0.969897085,-0.141288434,0.198336436,-0.148381963,0.98870086,-0.0212932563,-0.193086915,-0.0500818148,-0.979902738,0.201068729,-0.0243181586,-0.000613771379,
-0.96070447,-0.16785577,0.22106839,-0.17717098,0.9839146,-0.0228582,-0.21367554,-0.06112688,-0.97499033,0.24969655,-0.01022071,-0.08892982,
-0.95881379,-0.1758587,0.22304582,-0.18573192,0.98230932,-0.02391762,-0.21489386,-0.06435928,-0.9745143,0.20006087,0.01066005,-0.10070271,
-0.95544576,-0.19288759,0.2234228,-0.20361395,0.97871167,-0.02578408,-0.21369308,-0.07012729,-0.97438052,0.20922023,0.06076849,0.00970357,
-0.95075056,-0.21236778,0.22577278,-0.22403067,0.97420663,-0.02705011,-0.21420477,-0.07629793,-0.9738044,0.30019322,-0.06517273,-0.03612286,
-0.94764362,-0.22328244,0.22828967,-0.23565641,0.97143009,-0.02810048,-0.21549311,-0.08042718,-0.97318746,0.43457654,-0.08825743,0.01986785,
-0.94097563,-0.24792079,0.23043455,-0.26218762,0.96445252,-0.03299996,-0.2140618,-0.09146925,-0.97252807,0.51812708,0.01697421,-0.001256,
-0.93480359,-0.27663896,0.22273997,-0.29262358,0.95532235,-0.04160095,-0.20128003,-0.10406769,-0.97398985,0.51073408,0.09256661,-0.07395288,
-0.9316737,-0.29227655,0.21577438,-0.3089964,0.94987432,-0.04753958,-0.19106383,-0.11096488,-0.97528532,0.51764762,0.15940261,-0.04537009,
-0.92368548,-0.32538124,0.20231728,-0.34359835,0.93709382,-0.06160638,-0.16954471,-0.1264208,-0.97738042,0.53033948,0.15755451,-0.12957515,
-0.91204768,-0.3611179,0.19432632,-0.38139562,0.92108295,-0.07838091,-0.1506859,-0.14560234,-0.97780036,0.6196785,0.05875337,-0.11147128,
-0.90477658,-0.37988795,0.19252148,-0.40147028,0.91164695,-0.0878718,-0.14213018,-0.156796,-0.97735054,0.77473968,0.02636385,-0.11835667,
-0.88737756,-0.41902624,0.19229581,-0.44371435,0.8894695,-0.10936894,-0.1252128,-0.18237598,-0.97522322,0.79242903,0.10674274,-0.08992544,
-0.86595815,-0.45969923,0.19695992,-0.48804594,0.86276678,-0.13207819,-0.10921424,-0.21049967,-0.97147426,0.88305897,0.04272914,-0.2957952,
-0.85363274,-0.48023345,0.20170972,-0.51072711,0.84776291,-0.14302394,-0.10231713,-0.22510856,-0.96894642,0.96933496,-0.04243994,-0.44502842,
-0.82681103,-0.52044382,0.21335933,-0.55538894,0.8154171,-0.16321189,-0.08903424,-0.25344275,-0.9632446,1.22805154,-0.15929937,-0.7095387,
-0.79941056,-0.5595784,0.2186656,-0.59697091,0.78080075,-0.18432555,-0.06758966,-0.27788881,-0.95823239,1.74816918,-0.51409113,-0.87671864,
-0.78587143,-0.57889719,0.21744923,-0.61620668,0.76260749,-0.19677183,-0.05191776,-0.28863102,-0.95603176,1.87314749,-0.65860522,-0.71628737,
-0.75712415,-0.61813612,0.21135438,-0.65307917,0.72403246,-0.22195626,-0.01582824,-0.30607959,-0.95187428,1.18377185,-0.2123962,0.30755278,
-0.71797154,-0.66041317,0.21993454,-0.69595905,0.67537837,-0.24393652,0.01255986,-0.32820493,-0.94452297,1.00062335,0.59510505,0.52222157,
-0.69636625,-0.6799479,0.2296627,-0.71716016,0.64700968,-0.25895905,0.02748467,-0.34503527,-0.93818725,1.39673162,0.91590607,-0.02507466,
-0.65330469,-0.71695538,0.24324427,-0.75401061,0.58717598,-0.2944356,0.06827001,-0.37576496,-0.92419677,0.69297427,0.53499711,0.11155856,
-0.61660562,-0.74693794,0.24875903,-0.77870276,0.5321537,-0.33231673,0.11584195,-0.39861775,-0.90977158,0.18814746,0.20920658,0.58067274,
-0.60527079,-0.75384894,0.25565384,-0.78579489,0.51453232,-0.34319503,0.12717507,-0.40861745,-0.90380202,0.09410796,0.37928736,0.58236408,
-0.59639723,-0.75542783,0.27136569,-0.79196946,0.49871843,-0.35222771,0.13074752,-0.42498092,-0.89571007,0.1409514,0.37065887,-0.33579242,
-0.59822596,-0.74963696,0.28314317,-0.78969718,0.4915327,-0.36711571,0.13602939,-0.44321553,-0.88603381,0.22391303,0.39262474,-0.31136048,
-0.60253145,-0.74510473,0.28596249,-0.78562591,0.49064793,-0.37690378,0.14052592,-0.45175598,-0.88100437,0.06007599,0.25502098,-0.12764171,
-0.6193694,-0.73331534,0.28041017,-0.77236394,0.50506111,-0.38518453,0.14083749,-0.45515029,-0.87920571,-0.210761,-0.02212024,0.13493808,
-0.64704762,-0.71475647,0.26542937,-0.75313767,0.54492222,-0.3685695,0.11879905,-0.43838683,-0.89090067,-0.57756382,-0.30178851,0.04730926,
-0.6646531,-0.70067282,0.25941069,-0.74049002,0.57148603,-0.35366405,0.0995532,-0.42715492,-0.8986812,-0.46419215,-0.44698471,-0.18459891,
-0.71005659,-0.66035052,0.24445235,-0.70167197,0.63448775,-0.32416318,0.05895929,-0.40169954,-0.91387166,-0.62538689,-0.45280212,-0.28587985,
-0.7635857,-0.60496396,0.22573351,-0.64538457,0.70400856,-0.29639625,0.02039071,-0.37200883,-0.92800528,-0.58289063,-0.5998019,-0.21043651,
-0.79037315,-0.57187862,0.21969361,-0.61260555,0.74069918,-0.27582458,-0.00498871,-0.35258984,-0.93576476,-0.81246805,-0.65505052,-0.05943128,
-0.83833601,-0.49934069,0.21874993,-0.54144708,0.80937683,-0.22747353,-0.06346433,-0.30914077,-0.94889629,-0.17313084,-0.30241752,-0.19296017,
-0.87253623,-0.4254425,0.24016477,-0.46909315,0.8669176,-0.16853929,-0.13649929,-0.2597163,-0.95598917,-0.40262944,-0.88299257,-0.18444037,
-0.88852302,-0.38445276,0.25044583,-0.42684883,0.8928124,-0.14382663,-0.16830661,-0.23469576,-0.95738759,-0.41684398,-0.95620418,-0.17122683,
-0.91995798,-0.28782869,0.2661428,-0.32534499,0.9393225,-0.10873766,-0.2186961,-0.1866223,-0.95778085,-0.18193769,-0.715065,-0.26877207,
-0.95298998,-0.10951807,0.28251689,-0.13694099,0.98741119,-0.07915998,-0.27029089,-0.11412681,-0.95599048,-0.3196913,-0.22287464,0.10253396,
-0.96004137,0.02071944,0.27908972,0.00156998,0.99763864,-0.06866347,-0.27985336,-0.06548161,-0.9578069,-0.60683364,0.25678444,0.15988891,
-0.95472029,0.14426253,0.26018711,0.13576715,0.98945635,-0.05043222,-0.26471926,-0.01282381,-0.96424017,-1.20683837,0.71790612,-0.04695797,
-0.94651514,0.19778733,0.25492923,0.19451265,0.98015368,-0.0382568,-0.25743654,0.01337631,-0.96620244,-1.282161,0.50388801,0.18210074,
-0.92233829,0.28557669,0.26026556,0.28909343,0.95696049,-0.02552661,-0.25635366,0.05169689,-0.96519965,-1.2069087,0.32772088,0.57185209,
-0.89514697,0.34996977,0.27610333,0.36227877,0.93204453,-0.00686216,-0.25974215,0.09388374,-0.96110345,-1.05529618,0.60834181,0.41213644,
-0.8840155,0.3703241,0.28526621,0.38780064,0.92172861,0.00520015,-0.26101229,0.11522342,-0.9584343,-0.31619084,0.44909358,0.61266172,
-0.88155487,0.38542768,0.2725918,0.40837118,0.91229857,0.0307292,-0.23684122,0.13840812,-0.9616388,0.39629322,-0.08555561,0.48850894,
-0.90399963,0.3650387,0.22255693,0.38573551,0.92088566,0.05637131,-0.18437178,0.13680775,-0.97328869,-0.85998559,-0.33619893,-0.06051698,
-0.91818115,0.34258203,0.1989507,0.36077533,0.93054449,0.06267484,-0.16366121,0.12932334,-0.97800355,-1.43042517,-0.30701149,0.18840665,
-0.94259611,0.28239214,0.17823373,0.29625441,0.95346018,0.05609823,-0.15409707,0.1056805,-0.98238777,-0.49878165,0.27227914,-0.20954415,
-0.94797382,0.24290891,0.20577005,0.2564181,0.96568185,0.04133191,-0.18866852,0.09194472,-0.97772736,0.73333651,0.76329648,0.61996913,
-0.94907619,0.23268986,0.21239031,0.24855411,0.96727709,0.05094979,-0.19358478,0.10114572,-0.97585567,0.39202088,0.12204671,-0.31408104,
-0.95289011,0.20846385,0.22032483,0.22295983,0.97388636,0.04282834,-0.20564318,0.0899343,-0.97448575,-1.15011847,0.75779915,-0.69112325,
-0.94607266,0.17319028,0.27377284,0.18350276,0.98294208,0.01231287,-0.26697038,0.06188694,-0.96171552,-1.10714304,0.22154343,-0.01766521,
-0.934995343,0.150678682,0.321060005,0.15901887,0.987275512,-0.000247496701,-0.317011973,0.0508231924,-0.94705876,-1.31060314,0.0,0.232004285,0.29261604
-0.934995343,0.150678682,0.321060005,0.15901887,0.987275512,-0.000247496701,-0.317011973,0.0508231924,-0.94705876,-1.31060314,0.0,0.232004285,0.29261604
-0.88315311,0.03981969,0.46739161,0.04041981,0.99914449,-0.008748,-0.46734009,0.01116606,-0.88400707,0.82232976,-0.49050325,1.07934499,
-0.88423158,0.02399653,0.46643147,0.02317236,0.99970333,-0.0075031,-0.46647314,0.00417384,-0.88452531,0.92869502,-0.30630457,0.69254595,
-0.90107426,-0.00134057,0.43366204,-0.00556007,0.99994874,-0.00846174,-0.43362847,-0.01003585,-0.90103553,-0.15869817,-0.1386559,-0.10891336,
-0.9312414,-0.03012013,0.36315621,-0.03595253,0.99931013,-0.00931039,-0.36262524,-0.0217266,-0.93168186,-0.91144311,0.10440755,-0.23802567,
-0.951122803,-0.0620513551,0.302514002,-0.067191289,0.997718264,-0.00660269413,-0.301414039,-0.0266062814,-0.953121902,-1.14490569,0.0,-0.0394409299,0.000423014164
-0.94305341,-0.07666432,0.32368693,-0.08370008,0.99646008,-0.00784923,-0.32193935,-0.03449486,-0.94613189,-0.64230818,0.04931962,0.05967137,
-0.93398901,-0.08389703,0.34731233,-0.09196309,0.99573937,-0.00677471,-0.34526418,-0.03826742,-0.93772506,-0.31711802,0.05952394,0.09340047,
-0.9143525,-0.09580315,0.3934225,-0.10474855,0.99449792,-0.0012736,-0.39113584,-0.04237495,-0.91935691,0.34260166,0.02938831,0.12470466,
-0.9143525,-0.09580315,0.3934225,-0.10474855,0.99449792,-0.0012736,-0.39113584,-0.04237495,-0.91935691,0.34260166,0.02938831,0.12470466,
-0.90369782,-0.11107577,0.41351198,-0.12074664,0.9926795,0.0027669,-0.4107922,-0.04742974,-0.91049433,0.48623055,-0.13667405,-0.11008391,
-0.9186421,-0.13919287,0.36975954,-0.1484836,0.98890913,0.00336926,-0.36612756,-0.05180808,-0.92912142,0.03802129,0.07847404,-0.10241239,
-0.91917505,-0.14676522,0.36548182,-0.1564209,0.98768522,0.00322762,-0.3614547,-0.05420225,-0.93081276,0.05887828,0.05411494,-0.1608852,
-0.91643309,-0.1618931,0.36597885,-0.17249937,0.9850024,0.00377322,-0.36110091,-0.05967323,-0.93061525,0.11669731,0.03904605,-0.03953151,
-0.91059211,-0.1792093,0.37243235,-0.19085551,0.98160163,0.00569394,-0.36660061,-0.06589591,-0.92804178,0.50345105,-0.11979598,0.01609094,
-0.90863695,-0.18928493,0.37222315,-0.20182901,0.97940607,0.00536643,-0.3655734,-0.0702493,-0.92812774,0.7465204,-0.12997317,-0.10796845,
-0.90915807,-0.21206732,0.35841205,-0.22671119,0.9739613,0.00119714,-0.34933334,-0.08016763,-0.93356281,0.50260204,-0.03348291,0.06808418,
-0.90982949,-0.23897285,0.33926756,-0.2556603,0.96675548,-0.00465398,-0.3268766,-0.09097157,-0.94067852,0.17147993,0.0213244,0.14428031,
-0.9087152,-0.25351245,0.33161466,-0.27145597,0.96241664,-0.00811647,-0.31709384,-0.09739434,-0.9433801,0.26684001,0.02552259,0.1243947,
-0.90284501,-0.28399495,0.32282815,-0.30543857,0.95206585,-0.01667066,-0.30261927,-0.11365518,-0.94631091,0.42435759,0.04082024,0.06671485,
-0.89342113,-0.31592968,0.31935444,-0.34216031,0.93922216,-0.02807248,-0.29107583,-0.13435096,-0.94721952,0.54930288,0.19523382,0.06610195,
-0.88746425,-0.33293479,0.31868748,-0.3618328,0.93160979,-0.03435451,-0.28545457,-0.14579997,-0.94723711,0.67679846,0.17908335,0.01720136,
-0.87411448,-0.36892899,0.31593542,-0.40346214,0.91366392,-0.04936136,-0.27044796,-0.17061546,-0.94749574,0.70804876,0.12367213,-0.11287761,
-0.85937173,-0.40646001,0.31027422,-0.44688191,0.89190133,-0.06934365,-0.24854857,-0.19824794,-0.94811442,0.72144163,0.1116389,-0.25768286,
-0.85112982,-0.42543301,0.30754625,-0.46875563,0.87965849,-0.08043069,-0.2363178,-0.212621,-0.94812769,0.72389984,0.07666802,-0.26687562,
-0.83186709,-0.46330738,0.30552133,-0.51247142,0.85256837,-0.10247051,-0.21300247,-0.2418128,-0.94665536,0.99805868,0.01056635,-0.37419188,
-0.80920119,-0.50189556,0.30544035,-0.55633238,0.821705,-0.12367348,-0.18891067,-0.27000313,-0.94414541,1.46573615,-0.14248294,-0.56553352,
-0.7969735,-0.52211717,0.30368869,-0.57853239,0.80434698,-0.13537428,-0.17358984,-0.28358347,-0.94310492,1.90854967,-0.3929503,-0.76089716,
-0.77526944,-0.56407297,0.28421598,-0.61939814,0.76706792,-0.16719065,-0.12370522,-0.30566069,-0.94407006,1.88688469,-0.6377542,-0.71638453,
-0.75140357,-0.60817214,0.25596712,-0.65691953,0.72596955,-0.20353113,-0.06204236,-0.32108384,-0.94501626,0.99194539,-0.03966749,0.370101,
-0.73440921,-0.6318404,0.24783239,-0.67781151,0.70154558,-0.22001219,-0.03485313,-0.32956262,-0.94349024,0.6169191,0.48623884,0.85233676,
-0.69584171,-0.67527596,0.24455351,-0.7180705,0.64780571,-0.25440609,0.01337118,-0.35263308,-0.93566597,0.8392812,1.01925266,-0.08257324,
-0.65517552,-0.71544685,0.24265353,-0.75217462,0.58775108,-0.29796307,0.07055688,-0.37773596,-0.92322107,0.33111766,0.53213084,-0.02514757,
-0.6379241,-0.7313046,0.24134238,-0.76366998,0.56032035,-0.32070109,0.09930116,-0.38888895,-0.91591721,0.25598693,0.34007156,0.07016741,
-0.61664633,-0.74831786,0.24447456,-0.77600515,0.52551415,-0.34878493,0.13252714,-0.40479043,-0.9047549,0.16809574,0.22471774,0.49282202,
-0.60983262,-0.75154554,0.25156215,-0.78095661,0.51580266,-0.35221359,0.13494812,-0.41125045,-0.90147774,-0.05459351,0.18909299,-0.15664971,
-0.61062724,-0.75040823,0.25302597,-0.77991391,0.51442713,-0.35650961,0.13736429,-0.41503289,-0.89937705,-0.15316121,0.26358497,-0.25969329,
-0.61987593,-0.74296998,0.25248585,-0.77080176,0.51622769,-0.37332763,0.14703107,-0.42603343,-0.89267967,-0.20635396,0.22572613,-0.16376798,
-0.63962515,-0.72805395,0.24661093,-0.75551958,0.5363105,-0.37624615,0.14166749,-0.42697593,-0.89309669,-0.29256311,-0.13063043,0.07473423,
-0.65291691,-0.71817705,0.24066768,-0.74600275,0.55475784,-0.36840677,0.13106904,-0.42007783,-0.89797281,-0.37047142,-0.27547491,0.11871216,
-0.68564441,-0.6896007,0.23311472,-0.72220575,0.60431766,-0.3364803,0.09116172,-0.39906266,-0.9123806,-0.43335715,-0.49835944,-0.11861812,
-0.72793299,-0.64687553,0.22730047,-0.68427303,0.66440607,-0.30055777,0.04340366,-0.37432152,-0.92628257,-0.61493838,-0.55445182,-0.19237258,
-0.75116863,-0.62012829,0.22624431,-0.65978364,0.69454145,-0.28687575,0.02076372,-0.36476438,-0.93086825,-0.53346211,-0.4727056,-0.27070498,
-0.79811823,-0.55874394,0.22541655,-0.60186468,0.75656262,-0.25567935,-0.02768246,-0.33973259,-0.94011466,-0.35364667,-0.24495554,-0.09532499,
-0.83658542,-0.4927535,0.23941334,-0.54001658,0.81530419,-0.20895254,-0.0922326,-0.30409383,-0.94816666,-0.3417488,-0.56416875,-0.01277015,
-0.85239353,-0.45805678,0.25220901,-0.50676656,0.84254023,-0.18252019,-0.12889163,-0.28339011,-0.9503037,-0.2491834,-0.61074364,-0.09439081,
-0.88337691,-0.38131332,0.27247996,-0.4275923,0.89375723,-0.13550954,-0.19185934,-0.23621634,-0.95257114,-0.40154582,-1.01738632,-0.11626154,
-0.91205922,-0.2877203,0.292173,-0.32877947,0.93891179,-0.10172862,-0.24505529,-0.18884301,-0.95093968,-0.18932909,-0.72612882,-0.0867523,
-0.94116857,-0.12465712,0.31410508,-0.15768384,0.9840852,-0.08192756,-0.2988933,-0.12663696,-0.94584647,-0.32267553,-0.16540474,0.24102096,
-0.94974623,-0.00976298,0.31286894,-0.03367013,0.99690067,-0.07110122,-0.31120509,-0.07806245,-0.94713137,-0.53821391,0.25861073,-0.00219187,
-0.95102363,0.04523935,0.30578968,0.02702363,0.99761306,-0.0635445,-0.30793449,-0.05216878,-0.94997613,-0.62951046,0.40758252,-0.01882789,
-0.94628591,0.14569799,0.28864317,0.13859574,0.98932573,-0.04500908,-0.29211985,-0.00258675,-0.95637812,-0.74356318,0.41650522,0.32472503,
-0.93595896,0.23003386,0.2665802,0.23287778,0.97227164,-0.02134937,-0.26409945,0.04209847,-0.96357612,-0.85039616,0.65729511,0.44757184,
-0.93063221,0.26360406,0.25384313,0.27129277,0.96248445,-0.00488877,-0.24560877,0.06431616,-0.96723291,-0.84892833,0.50386035,0.36988872,
-0.92056204,0.31574083,0.2299408,0.33198534,0.94264567,0.03471093,-0.20579304,0.10829056,-0.97258515,-1.10891747,-0.01962107,0.12602651,
-0.92056204,0.31574083,0.2299408,0.33198534,0.94264567,0.03471093,-0.20579304,0.10829056,-0.97258515,-1.10891747,-0.01962107,0.12602651,
-0.90895061,0.35284363,0.22205826,0.37598747,0.92390243,0.0709769,-0.18011642,0.14800564,-0.97244646,-0.54248935,-0.02029979,0.27542993,
-0.91163845,0.33746423,0.23459121,0.36229322,0.92935599,0.07100038,-0.19405866,0.1497175,-0.96949766,-0.77273703,-0.14226252,0.27662471,
-0.92856267,0.2715452,0.25304988,0.29227323,0.95515313,0.04752745,-0.22879553,0.11809194,-0.96628493,0.35508209,0.50315511,-0.35699591,
-0.92856267,0.2715452,0.25304988,0.29227323,0.95515313,0.04752745,-0.22879553,0.11809194,-0.96628493,0.35508209,0.50315511,-0.35699591,
-0.95313077,0.21486052,0.21301698,0.23334867,0.97018293,0.06552454,-0.1925868,0.1121607,-0.97484862,-0.49598128,0.53812611,-1.04677176,
-0.96031932,0.1999661,0.19442273,0.21598842,0.97424194,0.06482013,-0.17645295,0.10424109,-0.97877372,-1.37892604,0.44821048,-0.57873964,
-0.96433089,0.1600863,0.21080361,0.1728598,0.98398506,0.04350743,-0.20046266,0.07839503,-0.97655967,-1.19577897,-0.11402863,-0.3161121,
-0.95098235,0.11210675,0.28820924,0.12382239,0.99204507,0.02268479,-0.28337344,0.05725959,-0.95729868,-1.09412456,-0.10397899,0.11123011,
-0.94148871,0.08611309,0.32585839,0.09704728,0.99512737,0.01741681,-0.32277079,0.0480214,-0.94525822,-0.63064462,-0.02898163,0.38499269,
-0.92623235,0.03963098,0.37486407,0.04837666,0.99873182,0.01394454,-0.37383604,0.03105056,-0.92697494,0.25708711,-0.1673283,0.87125647,
-0.93060522,0.00924569,0.36590787,0.01577109,0.99976537,0.01484837,-0.36568473,0.01958873,-0.93053269,0.51183224,-0.17568552,0.58421814,
-0.93762177,-0.0024674,0.34764771,0.00297714,0.99988116,0.01512605,-0.34764371,0.01521752,-0.937503,0.04625994,-0.25043428,0.37153235,
-0.95624415,-0.02346267,0.29162743,-0.02050095,0.99970259,0.01320788,-0.29185059,0.00665132,-0.95644076,-0.63742375,-0.07981807,-0.06769526,
-0.9687725,-0.04013928,0.24468024,-0.0391634,0.99919359,0.00885433,-0.24483833,-0.00100468,-0.96956326,-0.99219525,0.15752256,-0.01973939,
-0.97067954,-0.04643221,0.23584948,-0.04610401,0.99891275,0.00690909,-0.23591385,-0.00416709,-0.97176488,-1.01536942,0.14595878,0.02433923,
-0.97067954,-0.04643221,0.23584948,-0.04610401,0.99891275,0.00690909,-0.23591385,-0.00416709,-0.97176488,-1.01536942,0.14595878,0.02433923,
-0.95398334,-0.0694771,0.29169999,-0.07052944,0.9974857,0.00691982,-0.29144734,-0.01397205,-0.95648492,0.03393387,0.01837766,-0.09214863,
-0.93638139,-0.08573538,0.34035123,-0.08761182,0.99610567,0.00988213,-0.33987304,-0.02056535,-0.94024625,0.56503773,-0.04970896,0.05410963,
-0.93634661,-0.09848167,0.33698185,-0.10059809,0.99486387,0.01122077,-0.3363561,-0.0233932,-0.94144448,0.25580901,-0.09798586,0.04250187,
-0.93882684,-0.10500954,0.32798935,-0.10728528,0.99416516,0.01120317,-0.32725202,-0.02467059,-0.94461491,0.07674074,-0.06875056,-0.01165466,
-0.94501362,-0.11837353,0.30485541,-0.12115703,0.99258455,0.00984299,-0.30375992,-0.02763362,-0.9523477,-0.05814318,0.08822989,-0.07936753,
-0.94719611,-0.13235248,0.29206551,-0.13541721,0.99074026,0.00979326,-0.29065722,-0.03027456,-0.95634812,-0.10546657,0.01345956,-0.12784167,
-0.94650858,-0.13900235,0.29120375,-0.14225895,0.98977826,0.01006914,-0.28962678,-0.03189581,-0.95660794,-0.03152157,-0.06665099,-0.0767509,
-0.94409827,-0.15302601,0.29199628,-0.15724728,0.98751728,0.00910617,-0.28974485,-0.0373185,-0.95637628,0.37593108,-0.03993875,-0.14751922,
-0.94274568,-0.16085518,0.29215824,-0.16581049,0.98612604,0.00789426,-0.28937468,-0.04100062,-0.95633754,0.41131926,0.00543165,-0.1281271,
-0.94044471,-0.1788497,0.28909633,-0.1852762,0.98267263,0.00521867,-0.28502041,-0.04865479,-0.95728587,0.38001096,-0.02545613,0.05537449,
-0.93772332,-0.20003338,0.28400997,-0.2082515,0.97807446,0.00128606,-0.27804015,-0.05793954,-0.95882049,0.32047984,-0.07783282,0.1073691,
-0.93302936,-0.22414988,0.28144754,-0.2348531,0.97202078,-0.004429,-0.2725801,-0.07023122,-0.95956622,0.28621528,-0.05671108,0.07221973,
-0.93302936,-0.22414988,0.28144754,-0.2348531,0.97202078,-0.004429,-0.2725801,-0.07023122,-0.95956622,0.28621528,-0.05671108,0.07221973,
-0.93302936,-0.22414988,0.28144754,-0.2348531,0.97202078,-0.004429,-0.2725801,-0.07023122,-0.95956622,0.28621528,-0.05671108,0.07221973,
-0.91609809,-0.29581748,0.27065886,-0.31437936,0.94891454,-0.02695954,-0.24885702,-0.10978715,-0.96229771,0.29780856,0.02380598,0.03054814,
-0.91177964,-0.31159426,0.26751972,-0.33188726,0.94273797,-0.03310531,-0.24188558,-0.11897114,-0.96298345,0.30148396,0.03814244,-0.01980101,
-0.9016397,-0.34389435,0.26226331,-0.36813084,0.92853094,-0.04806209,-0.22699131,-0.13988193,-0.96379847,0.4064163,0.13621795,-0.10780175,
-0.8895484,-0.37741419,0.25741373,-0.40577259,0.91161339,-0.06564761,-0.20988546,-0.16284818,-0.96406857,0.45383584,0.11066866,-0.0965472,
-0.88260882,-0.39466296,0.25542635,-0.42506043,0.90205302,-0.07499308,-0.20081111,-0.1747612,-0.96391556,0.47138244,0.08223176,-0.11681129,
-0.86605807,-0.43025279,0.25460914,-0.46498635,0.8803059,-0.09407025,-0.18365994,-0.19986008,-0.9624577,0.69533253,0.0044868,-0.13192502,
-0.84640803,-0.46811649,0.25388959,-0.50690409,0.85433911,-0.11468604,-0.16322137,-0.2257689,-0.96040964,1.0529213,0.01449251,-0.27121624,
-0.83612558,-0.4881185,0.25026844,-0.52828729,0.83938619,-0.12784114,-0.14767024,-0.23910489,-0.95969906,1.5915066,-0.11199081,-0.5151571,
-0.81943206,-0.53071317,0.21650498,-0.56743665,0.80444906,-0.17571947,-0.08091058,-0.26684306,-0.96033746,2.37479043,-0.49925876,-1.28206861,
-0.80353269,-0.57729432,0.14514152,-0.59448996,0.765872,-0.2449933,0.03027343,-0.28314536,-0.95859885,0.89835846,-0.18660522,-0.49142945,
-0.79140226,-0.59988778,0.11754449,-0.60627367,0.74565742,-0.27645467,0.07819388,-0.29005104,-0.95381113,0.42768002,0.33385038,0.39981401,
-0.76000109,-0.64048749,0.11033739,-0.63794521,0.70272471,-0.31496655,0.12419531,-0.30976409,-0.94266748,0.26023951,0.97141981,0.85747302,
-0.74058668,-0.66101543,0.12078648,-0.65888026,0.67904913,-0.32368037,0.13193781,-0.31929731,-0.93842474,0.22285272,1.05532992,0.32713717,
-0.69607092,-0.70159443,0.15248044,-0.70452426,0.62653825,-0.33330967,0.1383134,-0.33943339,-0.93040534,0.27761436,0.7768414,-0.10408466,
-0.65248723,-0.73282211,0.19295518,-0.74566896,0.57550416,-0.33581639,0.13504722,-0.36299669,-0.9219518,0.47739047,0.06053698,-0.00716007,
-0.62549015,-0.74862774,0.21981491,-0.76912431,0.54424026,-0.33503782,0.13118648,-0.37862784,-0.91620472,0.26416397,-0.18044025,0.27143753,
-0.61982667,-0.75129072,0.22666568,-0.77403784,0.53777768,-0.33415662,0.12915301,-0.38256696,-0.9148564,-0.03325254,-0.210693,0.23514754,
-0.62131491,-0.748834,0.23068459,-0.77281195,0.53703564,-0.33816328,0.12934232,-0.3883817,-0.91237611,-0.19970474,-0.21216202,-0.08759588,
-0.63321207,-0.74045943,0.225305,-0.76104774,0.54268016,-0.35539358,0.14088597,-0.39650736,-0.90715661,-0.29488188,-0.04651093,-0.18461908,
-0.64169229,-0.73455077,0.22060435,-0.75229676,0.54684328,-0.36743985,0.14926721,-0.40174323,-0.90350529,-0.30286264,-0.02410603,-0.17276174,
-0.64169229,-0.73455077,0.22060435,-0.75229676,0.54684328,-0.36743985,0.14926721,-0.40174323,-0.90350529,-0.30286264,-0.02410603,-0.17276174,
-0.69507411,-0.69375945,0.18860049,-0.70288605,0.60062963,-0.38104505,0.15107453,-0.39741912,-0.90511596,-0.450766,-0.21537596,-0.00620492,
-0.71326479,-0.67706796,0.18119667,-0.68702801,0.6242164,-0.37194942,0.13872911,-0.38978563,-0.91039624,-0.56748915,-0.25309563,-0.04461595,
-0.71326479,-0.67706796,0.18119667,-0.68702801,0.6242164,-0.37194942,0.13872911,-0.38978563,-0.91039624,-0.56748915,-0.25309563,-0.04461595,
-0.79996714,-0.57646855,0.1665425,-0.59750106,0.73975708,-0.30943807,0.05518034,-0.34704964,-0.93622191,-0.56593364,-0.35036516,-0.18497497,
-0.82097758,-0.54585469,0.1674465,-0.57029018,0.76975268,-0.28679243,0.0276546,-0.33094327,-0.94324526,-0.51745522,-0.29794586,-0.1540096,
-0.82097758,-0.54585469,0.1674465,-0.57029018,0.76975268,-0.28679243,0.0276546,-0.33094327,-0.94324526,-0.51745522,-0.29794586,-0.1540096,
-0.88976282,-0.41106521,0.198362,-0.44482883,0.87831978,-0.17516183,-0.10222233,-0.24408963,-0.96434994,-0.37285411,-0.66331613,-0.24164131,
-0.90371571,-0.37085397,0.21392693,-0.4051308,0.90233085,-0.14720072,-0.13844289,-0.21969604,-0.96569492,-0.39304033,-0.83884251,-0.06901933,
-0.93894665,-0.2280125,0.25766074,-0.26121316,0.95982215,-0.10251398,-0.22393402,-0.16355957,-0.96078166,-0.22544879,-0.4095872,0.11793122,
-0.95433739,-0.12340008,0.27205248,-0.15238552,0.98439144,-0.08804629,-0.25694122,-0.12548272,-0.95824594,-0.50699466,0.01888883,-0.14621159,
-0.96597991,-0.01474714,0.25819581,-0.0348511,0.99668901,-0.07346033,-0.25625759,-0.07995962,-0.96329551,-0.73526824,0.17542517,-0.11832708,
-0.96598149,0.08783798,0.24323653,0.07479119,0.99524611,-0.0623816,-0.24755969,-0.04206753,-0.96795882,-0.77849644,0.41649806,0.28166601,
-0.96117361,0.13413326,0.24115076,0.12377151,0.99063263,-0.05768544,-0.24662935,-0.02559812,-0.96877181,-0.90976948,0.43985951,0.42489535,
-0.94456259,0.21431849,0.2487341,0.20694092,0.9767631,-0.05576112,-0.25490493,-0.00119662,-0.96696514,-0.99691445,0.3552357,0.23992294,
-0.92267013,0.27748842,0.26773159,0.27310649,0.96045232,-0.05426041,-0.27220006,0.02305477,-0.96196455,-0.99639392,0.48302412,-0.0118216,
-0.92267013,0.27748842,0.26773159,0.27310649,0.96045232,-0.05426041,-0.27220006,0.02305477,-0.96196455,-0.99639392,0.48302412,-0.0118216,
-0.88740846,0.33365465,0.31808864,0.33823308,0.94010222,-0.04249917,-0.31321588,0.06987398,-0.94710771,0.12262906,-0.23790652,0.24615046,
-0.89183406,0.32824937,0.311262,0.33292321,0.94212041,-0.03963903,-0.30625777,0.06827491,-0.94949691,-0.24355184,-0.2716589,0.06341608,
-0.90687277,0.3067517,0.28893766,0.30859663,0.95033666,-0.04035289,-0.28696636,0.05257025,-0.95649698,-0.7669493,-0.16775548,-0.03536385,
-0.9191053,0.27502631,0.28214554,0.27168445,0.96099565,-0.05171971,-0.28536492,0.0291187,-0.95797657,-0.55935484,-0.02643889,0.12076664,
-0.92262137,0.25916893,0.285659,0.25298546,0.9656678,-0.05902587,-0.29114937,0.01780905,-0.95651172,-0.02263622,0.13152134,0.14487781,
-0.92262137,0.25916893,0.285659,0.25298546,0.9656678,-0.05902587,-0.29114937,0.01780905,-0.95651172,-0.02263622,0.13152134,0.14487781,
-0.94877132,0.22106421,0.22575075,0.22063363,0.97497,-0.02746434,-0.2261716,0.02375083,-0.97379778,-0.84431171,0.58897471,-0.19245169,
-0.94877132,0.22106421,0.22575075,0.22063363,0.97497,-0.02746434,-0.2261716,0.02375083,-0.97379778,-0.84431171,0.58897471,-0.19245169,
-0.94187959,0.19220919,0.27553229,0.18976149,0.981178,-0.03578136,-0.27722372,0.01858368,-0.96062543,-0.72866511,0.08303094,-0.32988238,
-0.9116118,0.14621125,0.38416951,0.13782141,0.98922208,-0.04944635,-0.38725857,0.00787091,-0.92193756,0.65003496,-0.20615035,0.64778244,
-0.9116118,0.14621125,0.38416951,0.13782141,0.98922208,-0.04944635,-0.38725857,0.00787091,-0.92193756,0.65003496,-0.20615035,0.64778244,
-0.9116118,0.14621125,0.38416951,0.13782141,0.98922208,-0.04944635,-0.38725857,0.00787091,-0.92193756,0.65003496,-0.20615035,0.64778244,
-0.9116118,0.14621125,0.38416951,0.13782141,0.98922208,-0.04944635,-0.38725857,0.00787091,-0.92193756,0.65003496,-0.20615035,0.64778244,
-0.9116118,0.14621125,0.38416951,0.13782141,0.98922208,-0.04944635,-0.38725857,0.00787091,-0.92193756,0.65003496,-0.20615035,0.64778244,
-0.9116118,0.14621125,0.38416951,0.13782141,0.98922208,-0.04944635,-0.38725857,0.00787091,-0.92193756,0.65003496,-0.20615035,0.64778244,
-0.94009171,0.07559627,0.3324348,0.07283715,0.9971275,-0.02077256,-0.33305021,0.00468549,-0.94289751,-0.31062514,-0.04430211,-0.04416321,
-0.94009171,0.07559627,0.3324348,0.07283715,0.9971275,-0.02077256,-0.33305021,0.00468549,-0.94289751,-0.31062514,-0.04430211,-0.04416321,
-0.94009171,0.07559627,0.3324348,0.07283715,0.9971275,-0.02077256,-0.33305021,0.00468549,-0.94289751,-0.31062514,-0.04430211,-0.04416321,
-0.92728865,0.05536446,0.37022985,0.0580078,0.99830812,-0.00399967,-0.36982491,0.01776737,-0.92893136,-0.1240488,-0.01726133,-0.03669148,
-0.92728865,0.05536446,0.37022985,0.0580078,0.99830812,-0.00399967,-0.36982491,0.01776737,-0.92893136,-0.1240488,-0.01726133,-0.03669148,
-0.92044281,0.05156668,0.38746087,0.05635858,0.99841008,0.00100695,-0.38679292,0.02276359,-0.92188561,0.15600708,-0.0172894,-0.09477161,
-0.91317768,0.04638644,0.40491341,0.0517946,0.99865486,0.00240452,-0.40425721,0.02316808,-0.9143519,0.27712274,0.03035951,0.07338227,
-0.90914293,0.03544582,0.41497285,0.04045278,0.99917607,0.00327913,-0.41451471,0.01976801,-0.90982774,0.01941884,0.01884472,0.06385393,
-0.90791036,0.0323788,0.41791195,0.03675127,0.99932152,0.00241682,-0.41755015,0.01755305,-0.90848432,0.06738015,0.04344094,0.0337932,
-0.90690829,0.02560836,0.42054931,0.02875443,0.99958585,0.00114106,-0.42034592,0.0131275,-0.90726906,0.11848821,-0.01537317,0.00806971,
-0.909079858,0.0184069771,0.416215224,0.0200483121,0.999798921,-0.000427087452,-0.416139394,0.00795615589,-0.90926609,0.120655686,-0.0186966658,-0.0128007792,
-0.913471767,0.00599243911,0.406857999,0.00532101527,0.999981974,-0.00278164349,-0.406867334,-0.000376055157,-0.913487187,-0.0321661904,0.0139132738,0.0103177996,
-0.91534305,-0.00709961,0.40261259,-0.00996324,0.99993777,-0.00501874,-0.40255191,-0.0086052,-0.91535682,-0.05023532,-0.01115805,0.00157056,
-0.91652626,-0.02655635,0.39909166,-0.03410923,0.99934804,-0.0118343,-0.39851719,-0.02445916,-0.91683454,0.05036534,-0.00493437,0.11407165,
-0.91730473,-0.03400522,0.39673103,-0.04374127,0.9989224,-0.01551556,-0.3957759,-0.03158601,-0.91780368,0.02798097,-0.05942613,0.12060849,
-0.91828163,-0.04128,0.39376991,-0.05338792,0.99837675,-0.0198394,-0.39231175,-0.03924071,-0.91899488,0.04049153,0.00582278,0.09483693,
-0.9204936,-0.05265577,0.38719343,-0.06785258,0.99736496,-0.02567413,-0.38482127,-0.04990495,-0.92164089,-0.05666723,0.00281048,-0.0582023,
-0.92103301,-0.05648087,0.38536753,-0.07249926,0.99699886,-0.02715029,-0.38267752,-0.05294517,-0.92236368,-0.09797709,-0.00653523,-0.08040512,
-0.92091139,-0.06355044,0.38455582,-0.08114973,0.9962595,-0.02969398,-0.38123032,-0.05855213,-0.92262382,-0.17078365,0.00587964,-0.104734,
-0.91864808,-0.06929485,0.38895224,-0.0884143,0.99558717,-0.03145006,-0.38505653,-0.06328048,-0.9207209,-0.18266825,-0.00231373,-0.11800452,
-0.91123702,-0.07609441,0.40479178,-0.09758127,0.99469081,-0.03268169,-0.40015577,-0.06928087,-0.91382447,-0.15399587,-0.01257503,-0.08685218,
-0.90423802,-0.07912829,0.41963365,-0.10213905,0.99423536,-0.03261384,-0.41463394,-0.07235165,-0.9071075,-0.13816319,-0.01812571,-0.03087971,
-0.89676792,-0.08090633,0.43504228,-0.10546264,0.99389019,-0.03255658,-0.42975022,-0.07507639,-0.89982143,-0.04612079,-0.03874964,0.01437729,
-0.88993198,-0.08234421,0.44859846,-0.10829783,0.99358842,-0.03245985,-0.44304936,-0.0774693,-0.8931438,-0.04780377,0.02058089,-0.04265209,
-0.88772156,-0.0829772,0.45284098,-0.10914618,0.99351323,-0.03191515,-0.44725528,-0.07775763,-0.89101976,-0.07690887,0.00610161,-0.05918901,
-0.88659751,-0.08306563,0.45502203,-0.10941913,0.99348574,-0.03183626,-0.4494134,-0.07801406,-0.88991095,-0.07855681,0.02047718,-0.05312296,
-0.88659751,-0.08306563,0.45502203,-0.10941913,0.99348574,-0.03183626,-0.4494134,-0.07801406,-0.88991095,-0.07855681,0.02047718,-0.05312296,
-0.88396099,-0.07730138,0.46112622,-0.10199662,0.99436684,-0.02883183,-0.45629989,-0.07251953,-0.88686598,0.16212583,-0.03587168,0.0319962,
-0.88629144,-0.07862272,0.45640489,-0.10421532,0.99406738,-0.03113222,-0.45124951,-0.07515662,-0.8892271,0.06133079,0.00803173,0.01502299,
-0.88724794,-0.07949239,0.45439176,-0.10565101,0.99387451,-0.03242398,-0.44903093,-0.07677507,-0.89021157,-0.00727995,0.00522184,0.0201517,
-0.88405985,-0.08275464,0.45998918,-0.11176253,0.99307764,-0.03613775,-0.4538144,-0.08335748,-0.88718894,-0.03549211,-0.02982837,0.03299436,
-0.88405985,-0.08275464,0.45998918,-0.11176253,0.99307764,-0.03613775,-0.4538144,-0.08335748,-0.88718894,-0.03549211,-0.02982837,0.03299436,
-0.87856181,-0.08846824,0.46936413,-0.12419389,0.9912078,-0.0456396,-0.46119974,-0.09838936,-0.88182454,-0.09295352,0.03048003,-0.04017431,
-0.87916716,-0.08915254,0.46809906,-0.12562631,0.99095355,-0.04721332,-0.45965524,-0.10031397,-0.88241372,0.00830445,0.03049779,-0.00433191,
-0.87888193,-0.09002466,0.46846777,-0.12823265,0.9904709,-0.05023731,-0.4594811,-0.10422554,-0.88205107,-0.00175213,-0.00280553,-0.01334812,
-0.87526954,-0.09263636,0.47468063,-0.13398532,0.98951377,-0.05394852,-0.46470543,-0.11081973,-0.87850317,0.00309019,-0.01012516,-0.01862377,
-0.86954151,-0.09447582,0.48473911,-0.13877979,0.98872476,-0.05624509,-0.47395976,-0.11617943,-0.87284856,0.05495284,-0.01174915,-0.01556099,
-0.85670285,-0.09674946,0.50665577,-0.14736656,0.98721975,-0.06066516,-0.49431127,-0.12663612,-0.86001161,-0.05331152,0.007043,0.00790191,
-0.85670285,-0.09674946,0.50665577,-0.14736656,0.98721975,-0.06066516,-0.49431127,-0.12663612,-0.86001161,-0.05331152,0.007043,0.00790191,
-0.839365,-0.10349317,0.53362505,-0.1643419,0.98408123,-0.06764514,-0.51812959,-0.14447591,-0.84301162,-0.11903651,-0.04902321,-0.12612592,
-0.82563801,-0.10744773,0.55387429,-0.17641777,0.9816382,-0.07254794,-0.53590905,-0.15761161,-0.8294335,-0.14986393,0.01772356,-0.02858542,
-0.82563801,-0.10744773,0.55387429,-0.17641777,0.9816382,-0.07254794,-0.53590905,-0.15761161,-0.8294335,-0.14986393,0.01772356,-0.02858542,
