0,1,2,3,4,5,6,7,8,9,10,11,12,13,14
0.95211285,-0.18159821,-0.24597399,-0.15513345,-0.98018553,0.12316511,-0.26346675,-0.07910828,-0.96141919,,,,,,
0.95208677,-0.18154936,-0.24611097,-0.15509574,-0.98020274,0.12307689,-0.26358317,-0.07900912,-0.96139559,,,,,,
0.952109063,-0.181536989,-0.24603383,-0.155110649,-0.980209853,0.122999842,-0.263493852,-0.0789467932,-0.961424998,0.00343336165,0.00010740757,0.0082771359,,,
0.952198165,-0.181497848,-0.245717673,-0.155159258,-0.980230607,0.122772695,-0.263143019,-0.0787785582,-0.96153485,0.000185461016,-0.000558376312,0.00855725538,,,
0.95226866,-0.18150168,-0.24544152,-0.15524862,-0.98024496,0.12254545,-0.26283506,-0.07859173,-0.96163443,,,,,,
0.95229088,-0.18148937,-0.24536438,-0.15526346,-0.98025238,0.12246851,-0.26274575,-0.07852952,-0.96166407,-0.00592159,-0.00123549,0.00147838,,,
0.95226114,-0.18139973,-0.24554606,-0.15518108,-0.98027708,0.12237645,-0.26290219,-0.07843024,-0.96162959,,,,,,
0.952197773,-0.181179543,-0.245954007,-0.154971635,-0.980333482,0.122188416,-0.263254996,-0.0782316429,-0.961549047,0.0017374194,-0.000943303108,0.00495168846,,,
0.95217171,-0.18113059,-0.24609092,-0.15493397,-0.98035043,0.12210006,-0.2633714,-0.07813237,-0.96152523,0.00584693,-0.00179529,0.00845909,,,
0.952193989,-0.181118296,-0.24601377,-0.154948832,-0.980357792,0.122023132,-0.263282114,-0.0780701489,-0.961554868,0.00333669875,0.000372886658,0.00601051655,,,
0.95222383,-0.18118757,-0.24584722,-0.15505307,-0.98034995,0.1219537,-0.26311278,-0.07800785,-0.96160627,,,,,,
0.95225362,-0.18126706,-0.24567315,-0.15514637,-0.98033367,0.12196495,-0.2629499,-0.07802627,-0.96164921,,,,,,
0.95230561,-0.18133426,-0.24542191,-0.15525448,-0.98032483,0.12189926,-0.26269768,-0.0779825,-0.9617218,,,,,,
0.95235753,-0.18141168,-0.24516311,-0.15535169,-0.98030759,0.12191424,-0.2624519,-0.07801945,-0.96178593,,,,,,
0.95237599,-0.181368797,-0.245123095,-0.155310914,-0.980313903,0.121914163,-0.262409017,-0.0780378285,-0.961795975,0.00822051987,-0.000788390636,-0.00171387603,,,
0.95236126,-0.18145244,-0.2451184,-0.15539637,-0.98029979,0.12191796,-0.26241187,-0.07801943,-0.96179659,0.00436074,0.00333089,0.00425156,,,
0.952365,-0.18149323,-0.2450737,-0.15544107,-0.98029245,0.12192168,-0.26237184,-0.07801943,-0.96180772,-0.00213025,0.00233835,0.00621881,,,
0.95235025,-0.18158708,-0.24506148,-0.15551564,-0.98026987,0.12200619,-0.26238118,-0.07808173,-0.96179988,-0.00156937,-0.00104576,0.00484497,,,
0.9523133,-0.18169321,-0.24512638,-0.15557536,-0.98024031,0.12216778,-0.26247985,-0.07820637,-0.96176287,0.00349239,-0.00848925,0.0038768,,,
0.952276343,-0.181778934,-0.245206388,-0.155656923,-0.980227229,0.122167706,-0.262565565,-0.0781693386,-0.961742341,0.00551383803,0.0007994771,0.000215152279,,,
0.95226902,-0.18195432,-0.24510476,-0.15582087,-0.98018997,0.12225965,-0.26249491,-0.07823164,-0.96175682,0.00183409,-0.00418395,0.00812853,,,
0.952261654,-0.182129708,-0.245003063,-0.155984824,-0.980152239,0.122351575,-0.26242421,-0.0782939486,-0.961770856,-0.00544845499,0.00139182806,-0.000754901092,,,
0.95220616,-0.18224811,-0.2451307,-0.15611806,-0.98014132,0.12227079,-0.26254634,-0.07815768,-0.96174882,,,,,,
0.95216541,-0.182549997,-0.245064343,-0.156408262,-0.980083169,0.122366372,-0.262521407,-0.0781829402,-0.961753622,0.0095915189,-0.000729620457,0.0200600009,,,
0.95229098,-0.1827026,-0.24446198,-0.15660673,-0.98004744,0.12239946,-0.261947,-0.07827551,-0.96190279,0.00609168,-0.00216073,0.00916206,,,
0.95235708,-0.18298356,-0.24399385,-0.15683932,-0.97996594,0.12275162,-0.26156722,-0.07863554,-0.96197652,-0.01149476,-0.00488585,-0.01131748,,,
0.95219452,-0.18322454,-0.24444704,-0.15692115,-0.97989386,0.12322162,-0.2621094,-0.07897203,-0.96180137,-0.01661613,-0.00733531,-0.01077677,,,
0.95210583,-0.18323306,-0.24478588,-0.15690527,-0.97989834,0.12320708,-0.26244089,-0.07889799,-0.96171716,-0.01110197,0.00220627,-0.00225294,,,
0.95191702,-0.18312773,-0.24559766,-0.15673941,-0.97992999,0.12316666,-0.26322374,-0.07874961,-0.96151537,0.01401683,-0.00242358,0.01932959,,,
0.9519244,-0.18321943,-0.24550063,-0.1568179,-0.97990609,0.12325464,-0.26315027,-0.0788302,-0.9615286,0.01094884,-0.00466013,0.01336662,,,
0.95195769,-0.183370178,-0.245258908,-0.1569232,-0.979857067,0.123511633,-0.262967039,-0.0790910349,-0.961557503,0.000905481575,-0.00782430172,0.00574865099,,,
0.95196503,-0.18349242,-0.24513895,-0.15696889,-0.97980779,0.12384184,-0.26291317,-0.07941391,-0.96154534,-0.00769203,-0.00762206,0.00184313,,,
0.95193913,-0.18348443,-0.24524548,-0.15688738,-0.97979127,0.12407666,-0.26305557,-0.07963751,-0.96148803,-0.01151403,-0.00713652,0.00175764,,,
0.95190584,-0.183395,-0.24544153,-0.15671638,-0.97978996,0.12430396,-0.26327789,-0.07986096,-0.96140878,-0.00654947,-0.00933021,0.00316806,,,
0.9517982,-0.183199962,-0.246003952,-0.156476686,-0.979832224,0.12427059,-0.263809054,-0.079786633,-0.961269058,-0.00672708172,0.00272291899,0.000420131022,,,
0.95172752,-0.1831657,-0.24630276,-0.15641997,-0.97984353,0.12425575,-0.26409755,-0.07973094,-0.96119483,,,,,,
0.9516716,-0.18303752,-0.24661392,-0.15628877,-0.97987704,0.12415632,-0.26437659,-0.07961306,-0.96112787,-0.00339891,-0.00577348,0.00382436,,,
0.95172738,-0.18289868,-0.24650167,-0.15617756,-0.97990514,0.12407571,-0.2642415,-0.07958823,-0.96116723,0.00454406,-0.00362873,-0.00309471,,,
0.95174221,-0.18279453,-0.24652161,-0.15611405,-0.97993572,0.12391046,-0.26422556,-0.07944532,-0.96118298,0.00599244,0.00112271,-0.00273455,,,
0.951704783,-0.182602924,-0.246807983,-0.155964194,-0.979992909,0.123649526,-0.264448821,-0.0791846392,-0.961143459,0.00977023598,-0.000825166702,0.010473704,,,
0.95169344,-0.18247039,-0.24694969,-0.15584107,-0.98002388,0.12355735,-0.2645622,-0.07910381,-0.96111867,0.00846995,-0.00493449,0.00737297,,,
0.95166346,-0.18240125,-0.24711623,-0.15573666,-0.98003172,0.12362667,-0.26473145,-0.07916592,-0.96106694,0.00316874,-0.00680244,0.00555887,,,
0.95161435,-0.1821181,-0.24751388,-0.15541972,-0.98008599,0.12359621,-0.26509401,-0.07914739,-0.96096864,0.00335337,-0.0034374,0.00156668,,,
0.95148983,-0.1817287,-0.2482776,-0.15503469,-0.98018375,0.12330396,-0.26576557,-0.07883082,-0.96080912,,,,,,
0.95142927,-0.18153877,-0.24864837,-0.15488123,-0.98024131,0.12303841,-0.26607169,-0.07855138,-0.96074722,0.00201488,0.0047558,0.00783574,,,
0.951330267,-0.181187664,-0.249282473,-0.15454522,-0.980330217,0.122753136,-0.266620509,-0.0782533576,-0.960619493,-0.00201533735,0.000839471817,0.0065583894,,,
0.95120815,-0.18085914,-0.24998606,-0.15418328,-0.98040332,0.12262486,-0.26726499,-0.07809809,-0.96045308,0.00483056,-0.00458181,0.00684382,,,
0.95116151,-0.1806268,-0.25033124,-0.1539002,-0.98044099,0.12267749,-0.2675939,-0.07816008,-0.96035622,0.00265071,-0.01257586,0.00465283,,,
0.95121035,-0.17994308,-0.2506379,-0.15322705,-0.98057227,0.12247171,-0.26780653,-0.07809185,-0.96030263,0.00239083,-0.0058111,0.0138113,,,
0.95125865,-0.17923832,-0.25095936,-0.15257626,-0.9807196,0.1221037,-0.26800645,-0.07786176,-0.96026551,-0.00700508,-0.00908667,0.01288201,,,
0.95129395,-0.17888489,-0.25107772,-0.15225279,-0.98079264,0.12192171,-0.26806513,-0.0777561,-0.96025783,-0.00460458,-0.01138836,0.0042544,,,
0.95135586,-0.1780858,-0.25141096,-0.15152775,-0.98096101,0.12146822,-0.26825616,-0.07746376,-0.96022794,0.00466341,-0.00749123,0.00440875,,,
0.95146434,-0.17705534,-0.25172805,-0.15061331,-0.98117898,0.1208439,-0.26838636,-0.07706506,-0.9602237,0.0041576,0.01123732,0.01051589,,,
0.95153169,-0.17656469,-0.25181808,-0.15017472,-0.98127927,0.12057617,-0.26839335,-0.07691534,-0.96023388,0.00739344,0.01455969,0.01300867,,,
0.9516842,-0.17557185,-0.2519359,-0.14922318,-0.98146024,0.12028252,-0.26838334,-0.07687629,-0.96023958,0.00787277,0.00628823,0.01423864,,,
0.95180315,-0.17473686,-0.25206705,-0.14836441,-0.98159638,0.12023534,-0.26843765,-0.0770426,-0.96021125,0.0108212,0.00624913,0.00565489,,,
0.95180973,-0.17436507,-0.25229953,-0.14797022,-0.98165944,0.12020494,-0.2686318,-0.07707942,-0.96015384,0.01350621,0.00651854,0.00833933,,,
0.951790661,-0.173510138,-0.252960011,-0.147122505,-0.981825721,0.119888102,-0.269164455,-0.0768922644,-0.960019797,0.00866761897,0.000930964947,0.00810013246,,,
0.95177436,-0.17291272,-0.25342997,-0.14652772,-0.98194096,0.11967311,-0.26954626,-0.07676728,-0.95992274,-0.00862717,-0.00395757,0.00911436,,,
0.9518023,-0.17275582,-0.25343207,-0.14634548,-0.98195931,0.11974502,-0.26954663,-0.07688495,-0.95991316,-0.01179909,-0.00617886,0.00494114,,,
0.95196733,-0.17260827,-0.25291222,-0.14616324,-0.98195461,0.12000552,-0.26906228,-0.07727486,-0.96001769,-0.01187763,-0.001243,0.00398075,,,
0.952227562,-0.172493357,-0.252009347,-0.146040896,-0.981938296,0.12028789,-0.268206499,-0.0777377723,-0.960219792,-0.00675245887,-0.0036072135,-0.000820352579,,,
0.95233244,-0.17241208,-0.25166841,-0.14595933,-0.98193885,0.12038191,-0.2678783,-0.07791024,-0.96029738,,,,,,
0.95246503,-0.17214229,-0.25135113,-0.14572903,-0.98198234,0.12030544,-0.26753206,-0.07795756,-0.96038997,0.00807046,-0.0069409,0.00278548,,,
0.95271503,-0.17189282,-0.25057322,-0.14557338,-0.98202165,0.12017454,-0.26672546,-0.0780153,-0.9606098,-0.00642916,0.00121576,0.0127449,,,
0.952940889,-0.171862062,-0.249734034,-0.145622321,-0.982018833,0.120137149,-0.265890571,-0.0781167495,-0.960832849,-0.0104089091,0.000739455223,0.0137857776,,,
0.95344054,-0.17164093,-0.24797284,-0.14554207,-0.98203073,0.120138,-0.26413755,-0.07845396,-0.96128889,0.0045509,-0.00169379,0.00292604,,,
0.95366101,-0.17140373,-0.24728815,-0.14528313,-0.98203656,0.12040168,-0.26348335,-0.07889558,-0.96143204,0.01145792,-0.00783062,-0.00546549,,,
0.95372484,-0.17117079,-0.24720331,-0.14500846,-0.98205848,0.1205549,-0.26340361,-0.07912963,-0.96143478,0.00794363,-0.00559473,-0.00730349,,,
0.9539277,-0.17071849,-0.24673294,-0.14462569,-0.98213435,0.12039755,-0.26287898,-0.07916664,-0.96157544,,,,,,
0.95413009,-0.17027639,-0.24625539,-0.14423198,-0.98220155,0.12032092,-0.26236025,-0.07928391,-0.96170735,-0.00337486,-0.00106382,-0.01181474,,,
0.954202029,-0.170124929,-0.246081272,-0.144046778,-0.982208879,0.120482568,-0.262200323,-0.0795174945,-0.961731649,0.00092013739,-0.0114288926,-0.0113672353,,,
0.95425354,-0.16954235,-0.24628351,-0.14344032,-0.98230229,0.12044421,-0.26234528,-0.07960732,-0.96168464,0.0074475,-0.01933825,0.01048744,,,
0.95425211,-0.16849102,-0.24700948,-0.14271398,-0.98259432,0.11891537,-0.26274632,-0.07822354,-0.96168872,-0.01162763,0.01328057,0.01014005,,,
0.95445795,-0.16808986,-0.24648697,-0.14236446,-0.98265394,0.11884306,-0.2621877,-0.07833972,-0.96183189,-0.01509677,0.01420635,-0.01098714,,,
0.954752011,-0.167751717,-0.245576768,-0.141953915,-0.982651088,0.119354359,-0.261338236,-0.0790932259,-0.962001108,5.6977733e-05,-0.014593482,-0.00539688161,,,
0.95487254,-0.16739963,-0.24534833,-0.141634,-0.982708,0.11926926,-0.26107135,-0.07913728,-0.96207037,0.01573088,-0.02170724,0.00157008,,,
0.95504281,-0.16634198,-0.24540493,-0.1408378,-0.98295448,0.11817398,-0.26087918,-0.07829892,-0.96219084,0.01538266,0.00158745,0.01150385,,,
0.95534912,-0.16530247,-0.24491459,-0.14011919,-0.98319439,0.11702737,-0.26014356,-0.07748476,-0.96245594,0.00668207,0.00866336,0.00303266,,,
0.95555678,-0.16492171,-0.2443605,-0.13983532,-0.98326186,0.11679745,-0.25953287,-0.07743636,-0.96262441,-0.000996,0.01004213,-0.00120059,,,
0.95595764,-0.16408808,-0.2433518,-0.13907958,-0.98337737,0.11672945,-0.25846057,-0.07774314,-0.96288841,0.00684769,-0.0055722,-0.00302714,,,
0.9559712,-0.16314666,-0.24393078,-0.13814829,-0.98354627,0.11641214,-0.25890946,-0.07758803,-0.96278035,0.01827053,-0.00491828,-0.01146308,,,
0.955847553,-0.162590035,-0.244785481,-0.13758937,-0.983661619,0.116098108,-0.259662505,-0.0772922104,-0.962601209,0.0124807209,-0.00896418095,0.000536657171,,,
0.95570025,-0.1617873,-0.24589001,-0.13685109,-0.9838426,0.11543622,-0.26059318,-0.07667211,-0.96239939,-0.00682522,0.00488335,0.00568534,,,
0.9557921,-0.16136545,-0.24581023,-0.13651479,-0.98392903,0.11509844,-0.26043269,-0.07645345,-0.96246037,-0.01696423,-0.00192016,-0.00955221,,,
0.95584933,-0.16124673,-0.24566551,-0.13646895,-0.98396299,0.11485975,-0.26024656,-0.0762629,-0.96252554,-0.01110735,-0.00121099,-0.01168647,,,
0.95584478,-0.16113408,-0.24575712,-0.13650027,-0.98402538,0.11428749,-0.26024686,-0.07569518,-0.96257037,0.00215408,-0.00637007,-0.01302305,,,
0.9556814,-0.16111886,-0.24640168,-0.13676837,-0.98413157,0.11304772,-0.26070575,-0.07433765,-0.96255221,0.00405176,0.00822192,0.01331775,,,
0.95597384,-0.16129083,-0.24515155,-0.13713227,-0.98411797,0.1127235,-0.25943931,-0.07414253,-0.96290922,-0.00680494,-0.00489414,0.00272244,,,
0.95633032,-0.16147752,-0.24363355,-0.13748496,-0.98408552,0.11257364,-0.25793446,-0.07416163,-0.96331154,-0.00715271,-0.00381678,-0.01157728,,,
0.95638296,-0.16153544,-0.24338845,-0.13760267,-0.984086,0.11242897,-0.25767642,-0.07403425,-0.96339079,-0.00415029,-0.00694633,-0.00962852,,,
0.95629976,-0.1615029,-0.24373669,-0.13771917,-0.98414523,0.11176607,-0.25792284,-0.07331466,-0.96337989,-0.00531082,0.003591,0.00525428,,,
0.95631284,-0.16134769,-0.24378818,-0.13770886,-0.98421141,0.11119286,-0.25787986,-0.07276337,-0.96343301,0.00393233,0.00427765,0.0092334,,,
0.95643979,-0.16127507,-0.24333776,-0.13770667,-0.9842276,0.11105246,-0.25740977,-0.07270575,-0.96356309,0.00286038,0.00663751,0.00288833,,,
0.95677578,-0.1611217,-0.24211548,-0.13762875,-0.98423203,0.11110941,-0.25619999,-0.07298474,-0.96386434,0.0029498,-0.00962448,-0.00337159,,,
0.9569019,-0.16084187,-0.24180287,-0.13740727,-0.98428071,0.11095119,-0.25584757,-0.07294393,-0.96396091,0.01418008,-0.0047676,-0.00583115,,,
0.956849682,-0.160733254,-0.24208159,-0.13734325,-0.984319096,0.110689963,-0.256077151,-0.072665379,-0.963921034,0.011296967,-0.00067615509,0.00131416903,,,
0.956823541,-0.160613212,-0.242264542,-0.137380754,-0.984388026,0.110030874,-0.25615472,-0.0719976453,-0.963950801,0.00707077747,0.00766462088,0.000922460458,,,
0.95699313,-0.16075444,-0.24149982,-0.13759366,-0.98436201,0.10999749,-0.25540583,-0.072038,-0.96414647,0.00475435,0.00293106,-0.0147003,,,
0.95706253,-0.1607899,-0.241201,-0.13764854,-0.98435229,0.11001475,-0.25511604,-0.07209002,-0.96421918,0.00554711,-0.00693667,-0.00879757,,,
0.95696705,-0.16092249,-0.24149124,-0.13776489,-0.98433704,0.11000612,-0.25541124,-0.07200322,-0.96414757,-0.00305851,-0.00885433,-0.0052236,,,
0.95678884,-0.16104287,-0.24211632,-0.13797607,-0.98436428,0.10949653,-0.2559643,-0.0713588,-0.96404882,-0.00529676,-0.00197971,0.019971,,,
0.956806202,-0.161156704,-0.241971905,-0.138207531,-0.984374968,0.109106978,-0.255774441,-0.0709518911,-0.964129141,-0.00729144551,-0.0008238554,0.0217241962,,,
0.956879845,-0.161339934,-0.241558243,-0.138632513,-0.984400867,0.108332138,-0.255268457,-0.0701730123,-0.964320309,-0.011177049,0.000319838524,0.00597935822,,,
0.95697514,-0.16135459,-0.24117063,-0.13879888,-0.98442817,0.10786945,-0.25482042,-0.06975417,-0.96446912,-0.01062798,-0.00572777,-0.00157414,,,
0.95734183,-0.1613715,-0.23969953,-0.13924453,-0.98449778,0.10665541,-0.25319476,-0.06872884,-0.96497101,-0.00257381,-0.010638,0.00652826,,,
0.95760717,-0.16152064,-0.23853637,-0.13971885,-0.98452789,0.1057524,-0.2519269,-0.06794123,-0.96535844,-0.01612827,-0.00670916,-0.00974209,,,
0.957645059,-0.161623755,-0.238314269,-0.139963132,-0.984543086,0.105283642,-0.251647076,-0.0674691427,-0.965464179,-0.0195880793,-0.000395357609,-0.00995539315,,,
0.95770831,-0.16171674,-0.23799681,-0.14030752,-0.98458686,0.10441523,-0.25121422,-0.06660659,-0.9656371,-0.00707351,0.00523585,0.00211415,,,
0.957737828,-0.161628225,-0.237938162,-0.1405782,-0.984693098,0.103039967,-0.250950237,-0.0652363551,-0.965799234,0.0147012929,0.000404536724,0.00841235556,,,
0.95777644,-0.1614344,-0.23791433,-0.14069766,-0.98480296,0.10181895,-0.25073584,-0.0640458,-0.96593451,0.0180019,-0.0011155,0.00894736,,,
0.958047992,-0.161451742,-0.236806652,-0.141048767,-0.98485571,0.100821272,-0.249498098,-0.0631903351,-0.966311611,-0.00297896285,-0.0126681924,0.000643714331,,,
0.95820836,-0.16151535,-0.23611339,-0.14125573,-0.98486361,0.10045238,-0.24876406,-0.06290195,-0.96651952,-0.01183156,-0.01827604,-0.00478558,,,
0.95848925,-0.16169727,-0.23484536,-0.14169683,-0.98486737,0.09979112,-0.24742749,-0.06237187,-0.96689678,-0.00601482,-0.01576698,-0.00456633,,,
0.95864418,-0.16159245,-0.23428448,-0.14199328,-0.98496935,0.09835297,-0.24665613,-0.06101868,-0.96718018,0.01249728,0.00202197,-0.00257498,,,
0.958773845,-0.16151714,-0.233805304,-0.142169305,-0.985030614,0.0974791689,-0.246049986,-0.0602205362,-0.967384363,0.00633924128,0.0130574107,0.000163538265,,,
0.95924203,-0.16164236,-0.23178971,-0.14277113,-0.9850778,0.09611405,-0.24386703,-0.05910376,-0.96800589,-0.01354802,0.00633484,0.00116584,,,
0.95961705,-0.16197106,-0.23000105,-0.14350253,-0.98508064,0.09498709,-0.24195482,-0.05814549,-0.96854343,-0.00442679,0.00376004,0.0057267,,,
0.95945804,-0.16161153,-0.23091551,-0.14351908,-0.98524695,0.09322345,-0.2425748,-0.0563032,-0.96849745,0.03585821,0.00248474,0.01459596,,,
0.95943224,-0.16113691,-0.231354,-0.14340335,-0.98541269,0.09163685,-0.24274524,-0.05474241,-0.96854428,0.01828158,0.00869423,0.02125786,,,
0.959559902,-0.161093372,-0.230854328,-0.143545656,-0.985450542,0.0910049732,-0.242155817,-0.0541865874,-0.96872308,0.000192821957,0.011932075,0.017005302,,,
0.95989746,-0.16134906,-0.22926697,-0.14400122,-0.98542155,0.09059514,-0.24054212,-0.05394732,-0.96913809,-0.01088477,-0.01214135,-0.00499656,,,
0.96001765,-0.16153111,-0.22863468,-0.14425612,-0.98539634,0.09046638,-0.23990892,-0.05386737,-0.96929972,0.01367901,-0.01036716,-0.0073979,,,
0.95993582,-0.16149736,-0.2290018,-0.14428563,-0.98542344,0.09012311,-0.2402184,-0.05347073,-0.96924501,0.02236553,0.00377053,-0.00157749,,,
0.95978155,-0.16125541,-0.22981746,-0.14426589,-0.98552695,0.08901761,-0.24084585,-0.05228265,-0.96915425,0.01077413,0.01411778,0.01280086,,,
0.9599082,-0.1611936,-0.22933133,-0.14442722,-0.98557478,0.08821954,-0.24024365,-0.05156097,-0.96934205,-0.02511647,0.00210971,-0.00778075,,,
0.96027851,-0.16089785,-0.2279848,-0.14432711,-0.98563666,0.08769273,-0.23881975,-0.05130506,-0.96970762,0.01457084,-0.00351262,-0.00570128,,,
0.96023336,-0.16053128,-0.22843293,-0.14409606,-0.98573119,0.08700532,-0.23914059,-0.05062912,-0.96966389,0.03159056,0.00854129,0.01772957,,,
0.96012771,-0.16043714,-0.2289426,-0.14409959,-0.98577626,0.08648944,-0.2395623,-0.05005037,-0.96959002,0.01074152,0.00520128,0.02651344,,,
0.95999628,-0.16072263,-0.22929322,-0.14457723,-0.98577801,0.08566864,-0.23980111,-0.049091,-0.96958005,-0.02003256,-0.00381708,0.01173274,,,
0.96007336,-0.16133855,-0.22853668,-0.14533574,-0.98569699,0.08531653,-0.23903277,-0.04869558,-0.96978968,-0.01406595,-0.01290685,-0.00415052,,,
0.9601415,-0.16139952,-0.22820711,-0.14545163,-0.9856926,0.08516906,-0.23868832,-0.04858126,-0.9698802,0.00564617,-0.00532115,-0.00265085,,,
0.96033441,-0.16123622,-0.22750977,-0.14537466,-0.98572334,0.08494585,-0.23795803,-0.04850227,-0.97006371,0.01918757,-0.00721943,0.01602389,,,
0.96044304,-0.16152665,-0.22684422,-0.1457775,-0.98568855,0.08465722,-0.23727216,-0.04823966,-0.97024466,-0.00241519,-0.00965238,0.00740563,,,
0.960413008,-0.1619038,-0.226702496,-0.146166776,-0.985629411,0.0846776976,-0.237154245,-0.0481891927,-0.970276269,-0.00510691293,-0.00387519598,-0.000659329351,,,
0.96015335,-0.16269959,-0.227232,-0.14697433,-0.98551526,0.08460535,-0.23770588,-0.04783684,-0.97015845,0.00730576,0.00727671,-0.02102854,,,
0.95989614,-0.16326696,-0.22791073,-0.14758417,-0.98544563,0.08435431,-0.23836593,-0.04733535,-0.97002107,0.00141167,0.00709158,-0.02162244,,,
0.959797756,-0.163534684,-0.22813299,-0.147907964,-0.985417719,0.0841101218,-0.238561288,-0.0469860142,-0.969989789,-0.00064933463,0.00156968832,-0.0148609253,,,
0.95965817,-0.16426652,-0.22819444,-0.14879098,-0.98533166,0.08356263,-0.23857375,-0.04623829,-0.97002296,-0.00268258,-0.003892,-0.00692926,,,
0.95943638,-0.16496287,-0.22862432,-0.1497047,-0.98526864,0.08267093,-0.23889398,-0.04509137,-0.9699983,-0.0037901,0.00388736,0.00269874,,,
0.95929644,-0.16520262,-0.22903804,-0.15005432,-0.98525672,0.08217183,-0.23923635,-0.04445899,-0.96994262,-0.00657387,-0.0015201,-0.00251137,,,
0.959132,-0.16560338,-0.22943695,-0.15067011,-0.98523779,0.0812694,-0.23950847,-0.04337878,-0.96992457,-0.00549422,0.00509948,0.00405012,,,
0.959065572,-0.166286826,-0.229220232,-0.151434287,-0.985138078,0.0810578238,-0.239292457,-0.0430279632,-0.969993537,-0.000822057482,0.00770825148,0.0109690055,,,
0.95898962,-0.16665277,-0.22927225,-0.15174418,-0.98506914,0.08131567,-0.23940052,-0.04319015,-0.96995966,0.00276499,0.01509708,0.01019633,,,
0.95869469,-0.16722669,-0.23008638,-0.15199431,-0.98492945,0.08253563,-0.24042096,-0.04415465,-0.96966414,0.00609375,0.00251311,-0.00261685,,,
0.958443864,-0.167542134,-0.230900382,-0.152081464,-0.984848308,0.0833349308,-0.241364001,-0.0447561819,-0.969401866,-0.000632772222,-0.00249880552,-0.0164226256,,,
0.95837473,-0.16773124,-0.23105004,-0.15222752,-0.98481196,0.08350016,-0.24154642,-0.04485227,-0.9693522,-0.01219622,-0.00203353,-0.01374222,,,
0.95833205,-0.16828239,-0.23082616,-0.15269513,-0.98470211,0.08393937,-0.24142054,-0.04519576,-0.96936749,-0.00977043,-0.00648272,-0.00759212,,,
0.95832698,-0.16875129,-0.23050466,-0.15316442,-0.98461965,0.08405146,-0.24114323,-0.04524367,-0.96943427,0.00126355,-0.01558447,-0.0111378,,,
0.958336763,-0.168856622,-0.230386831,-0.15331688,-0.984609301,0.0838962363,-0.241007437,-0.0450786586,-0.969475863,-0.000443937723,-0.018358171,-0.00972190686,,,
0.95843515,-0.16897399,-0.22989097,-0.15363822,-0.98461958,0.08318224,-0.24041082,-0.04440474,-0.96965487,-0.00730254,-0.0252493,-0.0156184,,,
0.95869356,-0.16901503,-0.22878063,-0.1539646,-0.98464781,0.08224207,-0.23916847,-0.04362083,-0.96999785,-0.00714007,-0.01430464,-0.02018969,,,
0.95888328,-0.16903366,-0.22797035,-0.15413454,-0.98465954,0.08178073,-0.23829688,-0.04328007,-0.97022749,-0.01118158,-0.00614792,-0.01252441,,,
0.95909865,-0.16905829,-0.22704419,-0.15447474,-0.98469802,0.08066657,-0.23720735,-0.04229461,-0.97053778,0.00379488,0.00734705,-0.0074574,,,
0.95900038,-0.16893982,-0.22754696,-0.15467795,-0.98478146,0.07924778,-0.23747213,-0.04080216,-0.97053705,0.0076339,0.0023784,0.00736591,,,
0.95889884,-0.168856086,-0.228036484,-0.154757291,-0.984829927,0.0784871655,-0.237830185,-0.0399709438,-0.970483986,0.0103022987,1.75833702e-05,0.0128500555,,,
0.95866852,-0.16858494,-0.22920249,-0.15484733,-0.98494937,0.07678974,-0.23869849,-0.03812451,-0.97034487,0.00600918,0.00706166,0.01126218,,,
0.95855045,-0.16823247,-0.22995406,-0.1547694,-0.98506047,0.0755145,-0.23922263,-0.03679461,-0.9702674,,,,,,
0.95854726,-0.16814191,-0.23003357,-0.15477629,-0.98509123,0.07509659,-0.23923095,-0.03637989,-0.97028088,-0.00369957,-0.01296735,-0.00147699,,,
0.95871082,-0.16800224,-0.22945327,-0.15493448,-0.98515219,0.07396034,-0.23847193,-0.03535635,-0.9705054,-0.0125632,-0.01325673,-0.00667018,,,
0.95894116,-0.16789727,-0.22856584,-0.15523589,-0.98521886,0.07242337,-0.23734712,-0.03396812,-0.9708306,-0.01383546,-0.00685906,-0.00530807,,,
0.95906298,-0.1677984,-0.22812691,-0.15534825,-0.9852605,0.07161108,-0.23678072,-0.03324042,-0.97099406,-0.00813381,-0.01209003,-0.00576804,,,
0.95926847,-0.16762466,-0.22738948,-0.1556319,-0.98534472,0.06981554,-0.23575986,-0.03158279,-0.97129786,-0.01454215,-0.01353914,-0.00393352,,,
0.959417728,-0.16724278,-0.227040672,-0.155691861,-0.985462379,0.0679964977,-0.235112013,-0.0298886566,-0.971508411,-0.00778872613,-0.000164866447,-0.000268323813,,,
0.95944893,-0.16700069,-0.22708705,-0.1556843,-0.98553251,0.06699396,-0.2349897,-0.0289234,-0.9715675,0.0029994,0.01427072,0.01109713,,,
0.95942142,-0.16642923,-0.22762217,-0.15549146,-0.9856766,0.06529927,-0.23522956,-0.02725621,-0.97155756,0.01485364,0.01239103,0.0118631,,,
0.95926274,-0.1657792,-0.22876243,-0.1551086,-0.98582266,0.0639921,-0.23612774,-0.02590221,-0.97137672,0.01914633,-0.00225633,0.00500321,,,
0.959223532,-0.165478097,-0.22914452,-0.154895655,-0.985884476,0.0635526678,-0.236426623,-0.025467722,-0.971315425,0.0188391898,-0.00673848391,0.000664632767,,,
0.95921084,-0.16519252,-0.22940359,-0.15484228,-0.9859579,0.06253809,-0.23651309,-0.02446584,-0.97132029,,,,,,
0.95939826,-0.165403019,-0.228466224,-0.155333996,-0.985945545,0.061502391,-0.235427959,-0.0235167136,-0.97160715,-0.0159973856,0.00866025686,-0.000572409481,,,
0.95952096,-0.16563018,-0.22778534,-0.15571666,-0.98591918,0.06095473,-0.23467391,-0.02301736,-0.97180149,-0.0126005,0.00863546,0.00459277,,,
0.95962898,-0.16589319,-0.22713798,-0.15623461,-0.98589642,0.05999106,-0.23388664,-0.02208235,-0.97201304,-0.01372357,0.00255471,-0.00615346,,,
0.95959367,-0.16554634,-0.22753986,-0.15615547,-0.98598028,0.0588015,-0.23408427,-0.02089395,-0.97199139,-0.00392501,-0.00307107,-0.00543202,,,
0.95959851,-0.16523854,-0.22774309,-0.15603934,-0.98604918,0.05795227,-0.23414187,-0.02007402,-0.97199504,0.00741394,-0.00219125,-0.00698342,,,
0.95966539,-0.16457141,-0.22794427,-0.15577777,-0.98619351,0.05617483,-0.23404194,-0.01840039,-0.97205235,,,,,,
0.95962508,-0.16432644,-0.22829045,-0.15602584,-0.98627181,0.05407247,-0.23404197,-0.01627009,-0.97209034,0.00323274,0.0166468,0.01099468,,,
0.95976429,-0.16445582,-0.22761108,-0.15642342,-0.98626622,0.05301844,-0.23320428,-0.01528151,-0.97230784,0.00346815,0.00431401,0.01873176,,,
0.96004581,-0.16468989,-0.22625049,-0.15681171,-0.98623255,0.05249098,-0.23178035,-0.01491502,-0.97265372,0.01409177,0.00648254,0.00650448,,,
0.960111611,-0.164746814,-0.225929572,-0.15693165,-0.986225881,0.0522539512,-0.23142632,-0.01471412,-0.972740902,0.00936589483,0.000523626804,-0.00141594978,,,
0.96010865,-0.16466579,-0.22600122,-0.15692796,-0.98624458,0.05191501,-0.23144112,-0.01437814,-0.97274262,0.0037438,0.00523752,0.00717166,,,
0.960065773,-0.16459339,-0.22623599,-0.156912162,-0.986260724,0.0516541042,-0.23162962,-0.0140921572,-0.972701866,-0.00839126203,-0.00059223175,0.0104316659,,,
0.96004878,-0.16464488,-0.22627064,-0.15694451,-0.98625135,0.05173819,-0.23167814,-0.01415925,-0.97268952,-0.00978649,-0.00478107,0.00324145,,,
0.95997388,-0.16444156,-0.22673579,-0.15671437,-0.98628459,0.05179818,-0.23214382,-0.01419214,-0.9725778,-0.0030108,-0.00172514,-0.01174703,,,
0.95983548,-0.16418465,-0.22750662,-0.15644753,-0.98632904,0.05176197,-0.23289489,-0.01409013,-0.97239989,0.0017867,-0.00131547,-0.01667992,,,
0.959792251,-0.164121746,-0.227734236,-0.156421987,-0.98634221,0.0515847423,-0.233090094,-0.013887992,-0.972355857,-0.000207741279,-0.000603377819,-0.0184823219,,,
0.95979836,-0.164138,-0.22769677,-0.15657869,-0.9863476,0.05100278,-0.23295968,-0.01329992,-0.97239532,-0.00418005,0.00181299,-0.0064605,,,
0.95990778,-0.16419954,-0.22719058,-0.15678383,-0.98634416,0.05043883,-0.23237013,-0.01279682,-0.97254327,0.00590781,-0.00558513,0.00519882,,,
0.95996485,-0.16412974,-0.22699979,-0.15677346,-0.98635827,0.05019266,-0.23214124,-0.01259565,-0.97260046,0.00637845,-0.00986302,0.00910657,,,
0.95973194,-0.16384603,-0.2281865,-0.15669902,-0.98641904,0.04922199,-0.23315235,-0.01148332,-0.97237237,0.00812215,0.00392801,0.01685866,,,
0.95957386,-0.16388312,-0.22882377,-0.15673465,-0.98641438,0.04920038,-0.2337782,-0.01134678,-0.97222362,0.01022693,0.00436443,0.01426671,,,
0.95898573,-0.163892934,-0.231269255,-0.156676791,-0.986415473,0.0493612897,-0.23621758,-0.0111022443,-0.971636576,0.00668960577,-0.000757277012,0.00288774958,,,
0.95884283,-0.16387804,-0.23187155,-0.15668039,-0.98642036,0.04925474,-0.2367946,-0.01089783,-0.97149856,0.00284433,0.00945848,-0.0029737,,,
0.95854194,-0.16394186,-0.23306739,-0.15676335,-0.98641354,0.04912838,-0.23795503,-0.01055519,-0.97121883,-0.00404778,0.00570172,-0.01190651,,,
0.958274229,-0.163881717,-0.234207765,-0.156802924,-0.986430021,0.0486648128,-0.23900489,-0.00990976986,-0.970967595,-0.0016979028,0.000808656216,-0.0166658331,,,
0.95814689,-0.16380432,-0.2347822,-0.15678529,-0.98644664,0.04838902,-0.23952643,-0.0095534,-0.97084289,-0.01354508,0.00172371,-0.02002973,,,
0.95793283,-0.163670802,-0.235746791,-0.156731513,-0.986473246,0.048011917,-0.240416126,-0.00904323414,-0.970627471,-0.0137137817,-0.00046145916,-0.00246926514,,,
0.95782546,-0.16359371,-0.23623608,-0.15671516,-0.98648948,0.0477391,-0.24085421,-0.00870396,-0.97052236,-0.00411081,0.01009077,0.0142905,,,
0.957801214,-0.163550419,-0.236364321,-0.1566711,-0.986496656,0.0477321782,-0.240979249,-0.00868647846,-0.970491317,0.000662583625,0.00600332022,0.0117784301,,,
0.95776299,-0.1636013,-0.23648398,-0.15670232,-0.9864878,0.04781303,-0.24111085,-0.00873596,-0.9704582,0.00358654,0.00497049,0.01259597,,,
0.95773871,-0.16357836,-0.23659813,-0.15663753,-0.98649028,0.04797434,-0.24124933,-0.00888674,-0.97042244,0.00140485,-0.00510424,0.00802252,,,
0.957717858,-0.163587682,-0.236676083,-0.156626314,-0.986488025,0.0480551049,-0.241339379,-0.00895352687,-0.97039933,0.000271414057,-0.00571739674,0.00636167545,,,
0.95769356,-0.16354444,-0.23680431,-0.15658225,-0.98649573,0.04804828,-0.24146441,-0.00893618,-0.97036876,0.0029526,-0.01089358,-0.0024992,,,
0.95763093,-0.16352146,-0.23707329,-0.15660056,-0.98650128,0.04786952,-0.2417008,-0.00871552,-0.97031168,0.0042661,-0.00324005,-0.00319505,,,
0.95759606,-0.16357397,-0.23717784,-0.1567166,-0.98649481,0.04761705,-0.24176368,-0.00842819,-0.9702983,,,,,,
0.95747739,-0.16386639,-0.23745497,-0.15709849,-0.98645046,0.04728392,-0.24198578,-0.00796947,-0.97024717,-0.01129252,-0.00219053,-0.01080701,,,
0.95739695,-0.16413844,-0.23759135,-0.15741796,-0.98640708,0.04712233,-0.24209639,-0.00771363,-0.97022146,-0.01022904,-0.00490862,-0.01164992,,,
0.957410719,-0.164287775,-0.237432586,-0.157611678,-0.986383393,0.0469676708,-0.241915822,-0.00754519931,-0.970267699,-0.00694463123,-0.000922441483,-0.0107638529,,,
0.957535621,-0.164475711,-0.236797959,-0.157947554,-0.986355946,0.0464159118,-0.241201375,-0.00704322967,-0.970449488,0.000867054798,0.00494366884,0.00507238787,,,
0.95755929,-0.16472197,-0.23653095,-0.15830189,-0.98631791,0.04601836,-0.24087493,-0.00662202,-0.97053367,0.00361876,-0.00135845,0.01386636,,,
0.957569372,-0.164828974,-0.23641552,-0.158452215,-0.986300826,0.045859936,-0.240735922,-0.00645350282,-0.970568972,0.000669891946,-0.00271201134,0.0175080709,,,
0.95761689,-0.16513915,-0.23600627,-0.15882962,-0.98625061,0.04563722,-0.24029783,-0.00621819,-0.97067922,0.00313845,-0.00258511,0.01323502,,,
0.95765649,-0.16562842,-0.23550214,-0.15936863,-0.98616946,0.04550837,-0.23978255,-0.00604973,-0.97080756,,,,,,
0.95765538,-0.16588222,-0.23532798,-0.15962707,-0.98612707,0.04552467,-0.23961504,-0.00603223,-0.97084918,0.00441348,0.00210565,-0.00254355,,,
0.957649643,-0.166347347,-0.235022807,-0.16010076,-0.986048928,0.0455538612,-0.239321763,-0.005997308,-0.970921738,0.00038032874,0.00066113472,-0.00553597789,,,
0.95771664,-0.16665864,-0.23452873,-0.16047868,-0.98599755,0.04533321,-0.23879996,-0.0057795,-0.97105141,-0.00198638,-0.01120633,0.00401622,,,
0.95779124,-0.16679104,-0.23412965,-0.16069474,-0.98597695,0.04501824,-0.23835508,-0.00549467,-0.97116252,-0.00558574,-0.0030458,0.01417138,,,
0.957886187,-0.166904417,-0.233659935,-0.160931894,-0.985960022,0.044537621,-0.2378129,-0.00505863447,-0.971297727,0.000404929742,0.0017208457,0.0127346888,,,
0.95792731,-0.16684603,-0.23353301,-0.16099474,-0.98597221,0.04403792,-0.23760463,-0.00458754,-0.97135104,0.00682106,-0.00575483,0.0091784,,,
0.95800635,-0.16676738,-0.23326482,-0.16099523,-0.98598665,0.04370991,-0.23728542,-0.00431984,-0.97143022,0.0041564,-0.01097894,0.01077702,,,
0.95820816,-0.1666348,-0.23252951,-0.1610608,-0.98601184,0.04289403,-0.2364245,-0.00365002,-0.97164292,0.0012605,-0.00577229,0.00466385,,,
0.95833381,-0.16664353,-0.23200483,-0.16114854,-0.98601138,0.04257804,-0.23585474,-0.00341674,-0.97178241,-0.01104365,-0.00271702,-0.00357584,,,
0.95835422,-0.16663457,-0.23192696,-0.16115936,-0.98601291,0.04249659,-0.2357644,-0.00334959,-0.97180435,-0.00931022,-0.00109345,-0.00595461,,,
0.95841234,-0.16655523,-0.2317437,-0.16115874,-0.98602729,0.04216508,-0.23552844,-0.00306401,-0.97186255,,,,,,
0.95852844,-0.16640667,-0.23136991,-0.16114719,-0.98605358,0.04158609,-0.23506339,-0.00257683,-0.97197636,0.00270684,-0.00175762,0.00767165,,,
0.95862706,-0.16632967,-0.23101644,-0.16114758,-0.98606732,0.04126045,-0.23466063,-0.00232564,-0.97207444,0.00893076,-0.00717735,0.00729424,,,
0.958814859,-0.16604823,-0.230438805,-0.161018682,-0.986115749,0.040599511,-0.233980857,-0.00182245804,-0.972239294,0.00371458638,-0.0092009902,-0.000687003136,,,
0.95902833,-0.16586326,-0.22968248,-0.1609661,-0.98614758,0.04003189,-0.23314068,-0.00142062,-0.97244182,,,,,,
0.959183681,-0.165678186,-0.22916674,-0.160994742,-0.986179429,0.0391196785,-0.232480857,-0.000628312504,-0.972600525,0.0,0.0,0.0,0.0,0.0,0.0
0.959215101,-0.165473596,-0.229183065,-0.160946783,-0.986214201,0.0384401388,-0.232384426,1.39157874e-05,-0.972623998,-0.00235344423,0.00442785025,-0.00296883308,,,
0.959269574,-0.165362257,-0.229035394,-0.160892197,-0.98623295,0.0381893139,-0.232197306,0.000216159453,-0.97266876,-0.00363814714,0.00234407187,-0.00550821982,,,
0.959384269,-0.165205075,-0.228668121,-0.160889035,-0.986258959,0.0375241202,-0.23172515,0.00079014207,-0.972781017,0.00437619537,-0.00470906496,0.00814100355,,,
0.95957306,-0.16495786,-0.22805361,-0.16081124,-0.98629965,0.03677974,-0.2309963,0.00138074,-0.97295365,0.00350908,-0.00794715,0.00989727,,,
