0,1,2,3,4,5,6,7,8,9,10,11
-0.03072721,-0.88920633,-0.45647327,-0.98338405,-0.05485402,0.17305127,-0.17891771,0.45420595,-0.8727458,0.00438116,-0.00369948,-0.01103353
-0.03087442,-0.88885112,-0.45715474,-0.9834367,-0.05471316,0.17279682,-0.17860302,0.45491775,-0.87243957,0.01255776,-0.00133944,-0.0165078
-0.03125848,-0.88838931,-0.45802537,-0.98344971,-0.05448417,0.17279478,-0.1784642,0.45584625,-0.87198311,0.00960206,-0.00530505,-0.01662214
-0.03135683,-0.88811283,-0.4585546,-0.98344351,-0.05450967,0.17282224,-0.17848132,0.45638172,-0.87169954,0.00931197,-0.00445527,-0.01297069
-0.0315351139,-0.887467875,-0.45978928,-0.983417976,-0.054645809,0.172924238,-0.178590302,0.457618267,-0.871028587,0.00347685046,0.000748217106,-0.00617708638
-0.03142464,-0.88679862,-0.46108643,-0.98337037,-0.05512598,0.17304287,-0.17887203,0.45885654,-0.87031916,-0.00130417,-0.00247133,-0.00431036
-0.031453561,-0.886408535,-0.461833588,-0.98333147,-0.0553435604,0.173193488,-0.1790798,0.459583151,-0.869892622,-0.00444491953,-0.000177145004,0.00307324855
-0.03129165,-0.88567243,-0.46325487,-0.98324732,-0.05599163,0.17346338,-0.17957016,0.4609221,-0.86908297,0.00153636,-0.00302207,0.00801161
-0.03106068,-0.88482168,-0.46489331,-0.98313002,-0.05683292,0.17385435,-0.18025136,0.46245062,-0.86812949,-0.00366763,-0.00122786,0.00842282
-0.0309015901,-0.88438092,-0.465741768,-0.983082221,-0.0572727606,0.173980141,-0.180539061,0.463238741,-0.86764933,-0.00486191828,-0.000786542892,0.0155812651
-0.03061924,-0.88357155,-0.46729404,-0.98297014,-0.05813285,0.1743279,-0.18119633,0.46467389,-0.86674446,-0.010516,0.00430727,0.01370082
-0.0303408596,-0.882972534,-0.468443293,-0.98286047,-0.0589040113,0.174687721,-0.181837592,0.465714514,-0.866051621,-0.00795935653,5.76972961e-05,0.0102596637
-0.03022194,-0.88277186,-0.4688289,-0.98278135,-0.05929459,0.17500009,-0.18228415,0.46604513,-0.86577973,-0.00571989,0.00411987,0.01218824
-0.0300024441,-0.882484962,-0.469382666,-0.982644573,-0.0599599648,0.175540268,-0.183055833,0.466502985,-0.865370107,0.000421540521,0.0062161684,0.00502159446
-0.02993395,-0.88214965,-0.47001696,-0.98252449,-0.06045648,0.17604155,-0.18371057,0.4670728,-0.86492393,0.00502525,-0.00173241,-0.00196894
-0.02989739,-0.8819195,-0.47045093,-0.98248023,-0.06068985,0.17620802,-0.18395291,0.46747692,-0.86465399,,,
-0.02978785,-0.88138367,-0.47146096,-0.98240815,-0.06117784,0.17644101,-0.18435521,0.46842291,-0.86405614,-0.00106573,-0.00395638,0.00426461
-0.02952707,-0.88091746,-0.47234796,-0.98232725,-0.06180572,0.17667267,-0.18482785,0.46921689,-0.86352428,-0.00451558,0.00433683,-0.00129333
-0.02937634,-0.88087662,-0.47243355,-0.98227489,-0.062097,0.17686169,-0.18513001,0.46925514,-0.86343881,,,
-0.0290746807,-0.880906249,-0.472396912,-0.98221354,-0.0625272015,0.177050584,-0.185502623,0.469142333,-0.863420086,0.000330104609,-0.00444895029,-0.00310752331
-0.02890538,-0.88083882,-0.47253286,-0.98217351,-0.06281372,0.17717073,-0.18574045,0.4692305,-0.86332089,0.00173088,-0.00549358,0.00141864
-0.02839773,-0.88072557,-0.4727746,-0.98208825,-0.06355155,0.17737997,-0.18626871,0.46934364,-0.86314549,,,
-0.027825959,-0.880756504,-0.472751121,-0.98198867,-0.0643306964,0.177650606,-0.186879359,0.469179566,-0.863102836,-0.00470342673,-0.00070309639,0.00617385935
-0.02764263,-0.88078756,-0.47270403,-0.98192848,-0.06464289,0.17786986,-0.18722253,0.46907836,-0.86308348,-0.00306821,0.0034585,0.00200178
-0.0271932106,-0.881011917,-0.472311883,-0.981824227,-0.0652424784,0.178226234,-0.187834239,0.468573798,-0.86322469,-0.000382805069,0.00339603424,0.00410735188
-0.0266928329,-0.881259229,-0.471878904,-0.981716377,-0.0658882099,0.178582578,-0.18846879,0.468018111,-0.863387879,-0.0046234536,0.00306224823,-0.000826487085
-0.02640787,-0.88138104,-0.4716672,-0.98166699,-0.06623186,0.17872637,-0.18876547,0.46773995,-0.86347362,,,
-0.024902453,-0.88152217,-0.471485315,-0.981490463,-0.0680241883,0.179022474,-0.189884727,0.46721648,-0.86351162,-0.00893702451,0.000126957893,0.00391516788
-0.0245303344,-0.881547105,-0.471458396,-0.981435969,-0.0684965288,0.179141619,-0.190215022,0.467100614,-0.8635018,-0.0125599382,0.000734508038,0.00422969414
-0.0236155966,-0.881661519,-0.471290974,-0.981338076,-0.0695448697,0.179273536,-0.190834476,0.466729456,-0.863565665,-0.00726182666,0.000245392323,0.00570367742
-0.02282247,-0.88199125,-0.47071265,-0.9812452,-0.07038275,0.17945462,-0.19140751,0.46598018,-0.86384336,-0.00877362,0.00157458,0.00481996
-0.02258946,-0.88230212,-0.47014109,-0.98120086,-0.07058839,0.17961656,-0.19166258,0.4653603,-0.86412104,-0.00321199,-0.00530529,-0.00248645
-0.0220688378,-0.882843572,-0.469148331,-0.981150641,-0.070985587,0.179734322,-0.191980073,0.464271725,-0.864635964,0.00561782531,0.000593721867,-0.0118199531
-0.02167991,-0.88307592,-0.46872899,-0.9811199,-0.07133095,0.17976542,-0.19218141,0.46377665,-0.86485691,-0.0059946,0.00481594,-0.00634992
-0.02128836,-0.88318386,-0.46854343,-0.98112198,-0.0716465,0.17962823,-0.19221429,0.46352229,-0.86498585,-0.00736284,0.00194651,-0.00253039
-0.0207795028,-0.883523778,-0.467925041,-0.981133494,-0.0719586412,0.179440558,-0.192211283,0.462825648,-0.865359495,-0.00908837654,-0.000285565853,-0.00987821445
-0.02015076,-0.883949,-0.46714903,-0.98117826,-0.07226851,0.17907148,-0.19205018,0.46196487,-0.86585529,-0.01163551,0.00488722,-0.00900382
-0.01979382,-0.88417495,-0.46673628,-0.98118146,-0.07250269,0.17895864,-0.19207041,0.4614953,-0.86610094,-0.01489104,0.012483,-0.00575664
-0.01889312,-0.8847875,-0.46561151,-0.98117938,-0.07310172,0.17872639,-0.19217189,0.46022513,-0.86675413,-0.0181418,0.01173878,-0.00734253
-0.01785392,-0.88543511,-0.46441982,-0.98121363,-0.07372511,0.17828143,-0.19209609,0.45887813,-0.8674847,-0.01803574,0.00830519,-0.00299817
-0.01732502,-0.88578916,-0.46376428,-0.98125519,-0.07397481,0.1779491,-0.19193228,0.45815411,-0.86790358,-0.02089798,0.01006496,-0.00574309
-0.0165564,-0.88635652,-0.46270734,-0.98138079,-0.07416129,0.17717766,-0.19135752,0.4570255,-0.86862543,-0.01131302,0.00568426,-0.01057865
-0.01578526,-0.88656795,-0.46232902,-0.98152529,-0.07443944,0.17625807,-0.19068026,0.4565699,-0.86901383,-0.00992856,-0.00757939,-0.00271037
-0.01537339,-0.88659064,-0.46229936,-0.98159804,-0.07463217,0.17577068,-0.19033904,0.45649434,-0.86912829,-0.01285477,-0.00921142,0.00462311
-0.01453161,-0.88665382,-0.46220517,-0.98177329,-0.07495334,0.17465102,-0.18949888,0.45631872,-0.86940383,-0.0175588,-0.0106709,0.01268617
-0.01365571,-0.88689727,-0.46176473,-0.98198517,-0.07514679,0.17337241,-0.18846368,0.45581367,-0.86989378,-0.02273033,-0.01445097,0.01658094
-0.01327824,-0.88710348,-0.46137942,-0.98208524,-0.07516974,0.17279452,-0.18796844,0.45540836,-0.87021309,-0.0264444,-0.00957429,0.0191752
-0.01225093,-0.88781061,-0.46004604,-0.98228289,-0.07535791,0.1715857,-0.18700367,0.4539974,-0.87115798,-0.02613658,-0.00116521,0.01716163
-0.01122381,-0.88876812,-0.45821953,-0.98250053,-0.07540124,0.17031513,-0.18592101,0.45211255,-0.87236885,-0.03064105,0.0025987,0.01032562
-0.01081313,-0.88931662,-0.4571641,-0.98262251,-0.0752721,0.16966765,-0.18529996,0.45105438,-0.8730486,-0.03570205,0.00505054,0.0054793
-0.01033419,-0.89050382,-0.45485843,-0.98293289,-0.07450813,0.16820081,-0.18367411,0.44883352,-0.87453551,-0.03888048,0.0208776,-0.02410706
-0.01048991,-0.89152543,-0.45284928,-0.98322303,-0.07327953,0.16704098,-0.18210583,0.44700406,-0.87579965,-0.03356729,0.01219833,-0.03544473
-0.01062668,-0.89178113,-0.45234229,-0.98338468,-0.07266375,0.16635684,-0.18122276,0.44659428,-0.87619173,-0.03061843,0.00592172,-0.03601078
-0.01164907,-0.8915785,-0.45271619,-0.98385953,-0.07062925,0.16441355,-0.17856263,0.44732444,-0.87636523,-0.05448088,0.01594377,-0.02982799
-0.01401452,-0.89111871,-0.45355377,-0.98443705,-0.06717151,0.16239357,-0.17517785,0.44877101,-0.87630889,-0.04379523,0.02848291,-0.07891752
-0.01577505,-0.89040093,-0.45490362,-0.98474386,-0.06501618,0.16140755,-0.17329354,0.45050976,-0.87579121,-0.04346655,0.03937864,-0.11347885
-0.01972804,-0.88765099,-0.460094,-0.98523678,-0.06101267,0.15995597,-0.17005664,0.45645716,-0.87334275,-0.01440427,0.00524604,-0.11528958
-0.02329282,-0.88359491,-0.46767226,-0.98575607,-0.05763844,0.15799568,-0.16656012,0.46469097,-0.86966647,-0.06908461,-0.05026805,-0.09019851
-0.02509442,-0.88089898,-0.4726386,-0.9861428,-0.05574367,0.15625306,-0.16398977,0.47001024,-0.86729333,-0.05417977,-0.01544988,-0.08127326
-0.02938852,-0.87509663,-0.48305496,-0.98688731,-0.0513305,0.15303104,-0.15871243,0.4812182,-0.86211322,-0.05864532,0.0093075,-0.06798551
-0.0349838,-0.86992987,-0.49193292,-0.9875481,-0.04545256,0.15060765,-0.15337775,0.49107629,-0.85750747,-0.01691712,0.02387786,-0.08909697
-0.03791435,-0.86734019,-0.49626952,-0.98781706,-0.04247901,0.14970947,-0.1509301,0.49589966,-0.85516287,0.01169429,0.01662326,-0.10462341
-0.04352428,-0.86091964,-0.50687549,-0.988214,-0.03743045,0.14843119,-0.14675998,0.50736189,-0.84914368,0.03799268,-0.01173055,-0.11205149
-0.04805819,-0.85183168,-0.52160633,-0.98851695,-0.03433934,0.1471564,-0.14326412,0.52268878,-0.84039976,0.03767981,-0.01553398,-0.09228178
-0.04805819,-0.85183168,-0.52160633,-0.98851695,-0.03433934,0.1471564,-0.14326412,0.52268878,-0.84039976,0.03767981,-0.01553398,-0.09228178
-0.05256362,-0.83405892,-0.5491655,-0.98886607,-0.03319093,0.14505937,-0.13921539,0.55067599,-0.82302792,0.00375647,-0.03707403,-0.05552847
-0.05394126,-0.82288235,-0.5656455,-0.98894887,-0.03431597,0.1442304,-0.13809538,0.5671745,-0.81193751,-0.00633248,-0.035034,0.00851855
-0.05553804,-0.81885358,-0.57130935,-0.98879399,-0.03430502,0.14529158,-0.1385713,0.57297645,-0.80777227,-0.0375118,-0.11554158,0.15804969
-0.06039764,-0.81678549,-0.5737713,-0.98833925,-0.03155831,0.14896146,-0.13977684,0.57607765,-0.80535509,-0.01025289,0.01098025,0.05994971
-0.0593415,-0.82199387,-0.56639634,-0.98857886,-0.03034863,0.14761751,-0.13853,0.56868724,-0.81080485,-0.05718551,0.17590225,0.01908296
-0.05864741,-0.82721966,-0.55880955,-0.98872776,-0.02911447,0.14686647,-0.13776028,0.56112386,-0.81618755,-0.05906489,0.14203465,-0.02365435
-0.05932696,-0.83371388,-0.54900035,-0.98867143,-0.02688559,0.14766812,-0.13787319,0.55154169,-0.82267404,0.24843441,0.01611328,-0.32459098
-0.05616952,-0.81622528,-0.57499667,-0.9885636,-0.03526112,0.14662388,-0.13995318,0.57665661,-0.80490999,-0.0034699,-0.01850826,-0.0724544
-0.0530989,-0.80539774,-0.59035165,-0.98860815,-0.04097928,0.1448265,-0.14083509,0.59131655,-0.79404682,-0.07753658,-0.03456736,0.0130268
-0.04683847,-0.78677331,-0.61546226,-0.98873226,-0.05118127,0.14067291,-0.14217787,0.61511634,-0.77551088,-0.11074841,-0.08774787,0.08010543
-0.04071157,-0.77507664,-0.63055421,-0.98895764,-0.05874276,0.13605854,-0.14249635,0.62913062,-0.76412644,-0.12899563,0.00845742,0.07074931
-0.03847331,-0.77677187,-0.62860588,-0.98908253,-0.05995055,0.1346171,-0.14225201,0.62692223,-0.76598501,-0.03186096,0.09802294,-0.00328644
-0.03699645,-0.7774987,-0.62779531,-0.98898401,-0.06161466,0.1345889,-0.14332412,0.62585887,-0.76665425,0.08197226,0.04534376,-0.0985852
-0.03590506,-0.77480475,-0.63118014,-0.98895902,-0.06331628,0.13398148,-0.14377349,0.62902193,-0.76397676,0.13633487,0.03446126,-0.15271331
-0.03253641,-0.75987083,-0.64925931,-0.9888883,-0.0698041,0.13125266,-0.14505605,0.64631545,-0.7491562,0.11252148,-0.00163645,-0.12002762
-0.02586875,-0.73347332,-0.67922571,-0.98884781,-0.08091038,0.1250335,-0.1466652,0.67488537,-0.72320041,0.03838365,-0.00983512,0.00771032
-0.02153772,-0.71714329,-0.69659298,-0.98880891,-0.08760267,0.12075952,-0.14762523,0.69139817,-0.70723094,0.00844587,0.01837111,0.04237706
-0.01048413,-0.68174052,-0.73151889,-0.98859198,-0.10285817,0.11002745,-0.15025289,0.72432727,-0.67288482,-0.01313513,0.06123495,0.11442023
0.00051731744,-0.649194745,-0.760622014,-0.988035642,-0.117638447,0.0997330964,-0.154224625,0.751470095,-0.641488387,0.000935640186,0.00778961182,0.180374414
0.00568307,-0.6367796,-0.77102488,-0.98772146,-0.12395203,0.09509017,-0.15612161,0.76101745,-0.62966529,-0.01582402,0.07123482,0.25451443
0.01314409,-0.62246355,-0.78253837,-0.98712939,-0.13282215,0.08907177,-0.15938238,0.77129588,-0.61619788,0.02189828,0.06215429,0.23465471
0.0176457134,-0.621499692,-0.783215631,-0.986690753,-0.137468556,0.0868545395,-0.161647609,0.771259027,-0.615653721,0.0647914261,-0.000676810741,0.0460204929
0.01789114,-0.62482636,-0.78055864,-0.98660504,-0.13763502,0.08756115,-0.16214278,0.76853657,-0.61891925,0.03945648,-0.01162761,0.07246289
0.0169646083,-0.628372712,-0.777727313,-0.986530842,-0.137086452,0.089241318,-0.162692765,0.765738108,-0.622234637,0.031404227,-0.000519275665,0.0515001081
0.01670485,-0.63047324,-0.77603108,-0.98642115,-0.13721749,0.09024652,-0.16338315,0.76398601,-0.62420429,0.03149302,0.00144321,0.03841849
0.01333978,-0.6363856,-0.77125564,-0.98633,-0.13506873,0.09438958,-0.16424076,0.7594535,-0.62948795,-0.00128597,-0.05700088,0.07956868
0.01001166,-0.64560529,-0.7636055,-0.98630421,-0.13210175,0.09875677,-0.16463162,0.75215869,-0.63808572,0.00667308,-0.02170819,0.04003548
0.00683449,-0.65084094,-0.75918333,-0.98635942,-0.12925171,0.10192673,-0.16446385,0.74813102,-0.64284645,-0.03523768,-0.11976802,0.11036418
-0.00124103,-0.66340966,-0.74825545,-0.98667665,-0.12092107,0.10884596,-0.16268924,0.7384212,-0.65442079,-0.05535173,-0.0330264,0.09630179
-0.01351726,-0.68130356,-0.73187617,-0.9866648,-0.10964607,0.12029258,-0.16220312,0.72374248,-0.67073613,-0.0012669,-0.1359939,-0.02075894
-0.01548493,-0.6903082,-0.72334959,-0.98669433,-0.10654999,0.12280558,-0.16184667,0.71562665,-0.67947324,0.04685418,0.10755479,-0.12525934
-0.02012866,-0.70744786,-0.70647886,-0.98676999,-0.09964159,0.12789281,-0.16087216,0.69970644,-0.69608267,0.00144629,-0.00198758,-0.02812891
-0.02824122,-0.72265645,-0.6906302,-0.98673859,-0.09032549,0.1348638,-0.15984171,0.6852802,-0.71052211,-0.00997532,-0.03171957,-0.01121567
-0.03270652,-0.73004251,-0.6826186,-0.9865931,-0.08567729,0.13890062,-0.1598883,0.67800979,-0.71745269,-0.01107866,-0.06629133,-0.01278735
-0.0420534,-0.74365238,-0.66724257,-0.98624945,-0.07593221,0.14678666,-0.15982345,0.6642405,-0.73023354,0.00940176,-0.03371799,-0.08857694
-0.0494708466,-0.753509321,-0.655573203,-0.985930662,-0.0680870486,0.152658992,-0.159666062,0.653901935,-0.7395396,-0.000188777223,-0.0268467665,-0.100728728
-0.05239537,-0.75617194,-0.65227193,-0.98571679,-0.06552413,0.15514165,-0.16005333,0.65108412,-0.74193821,0.0224388,-0.06637818,-0.10924326
-0.0562157,-0.75592833,-0.65223627,-0.98530698,-0.06352011,0.15854129,-0.16127597,0.65156546,-0.74125064,0.01059005,-0.05369896,-0.09412321
-0.05880519,-0.74801193,-0.661075,-0.98483264,-0.06481697,0.16094559,-0.16323808,0.66051265,-0.73285499,-0.02129734,-0.00138491,-0.05491749
-0.05836789,-0.74256483,-0.66722598,-0.98469989,-0.06710313,0.1608202,-0.16419244,0.66640415,-0.7272868,-0.05168143,0.04882324,-0.03941623
-0.05782197,-0.73030667,-0.68066784,-0.98428078,-0.07226528,0.16114899,-0.16687687,0.67928626,-0.71464828,-0.03058912,0.03614557,-0.03583483
-0.05794301,-0.71474856,-0.69697706,-0.98363201,-0.07844352,0.16221776,-0.17061828,0.69496837,-0.69850429,-0.02382666,0.0650605,-0.0379059
-0.05813645,-0.70540441,-0.70641672,-0.9832483,-0.08198812,0.16278987,-0.17275055,0.70404714,-0.68882115,-0.02682104,0.05631196,-0.03216343
-0.05820789,-0.6842874,-0.72688557,-0.98245346,-0.08997131,0.16337199,-0.17719222,0.72364076,-0.6670435,-0.02321018,0.04854953,-0.011391
-0.0577035085,-0.660912812,-0.748241083,-0.981665329,-0.0988236613,0.162994571,-0.181669054,0.74392762,-0.643092759,-0.00373011455,6.61611557e-06,0.00896563008
-0.057179489,-0.648523362,-0.759044047,-0.981278666,-0.103545662,0.162389603,-0.183909209,0.754119123,-0.630461429,0.000718222465,-0.00498652458,0.0347255953
-0.05582346,-0.624239,-0.77923637,-0.98065507,-0.11237321,0.16027407,-0.18761467,0.7731092,-0.60589005,-0.007121,0.00946009,0.10426388
-0.05463734,-0.6047968,-0.79450332,-0.9802229,-0.11908263,0.15805801,-0.19020455,0.78742624,-0.5863293,-0.00367891,0.03435457,0.11931611
-0.05409868,-0.59738346,-0.80012901,-0.98006087,-0.12166058,0.15709709,-0.19119132,0.79267384,-0.5788905,0.00698655,0.04187131,0.11176722
-0.05284293,-0.5870734,-0.8078072,-0.97986992,-0.12546837,0.1552825,-0.19251647,0.79975155,-0.56862546,0.01563742,0.03404534,0.09438709
-0.05102941,-0.58096314,-0.81232848,-0.97979147,-0.12839314,0.153374,-0.19340217,0.80373922,-0.56267083,0.01681223,0.04011559,0.087686
-0.05010747,-0.57877726,-0.8139448,-0.97978388,-0.12955717,0.15244183,-0.19368224,0.80512846,-0.56058485,0.01855727,0.04067278,0.08686168
-0.04922595,-0.57666459,-0.81549649,-0.97976902,-0.1306961,0.15156171,-0.19398259,0.80645907,-0.5585644,0.00893138,0.03416884,0.07777016
-0.05000958,-0.57749648,-0.81486001,-0.97969727,-0.13023269,0.15242273,-0.19414501,0.80593873,-0.55925884,0.01360304,0.00366139,0.04370138
-0.05079189,-0.57832751,-0.81422194,-0.97962466,-0.12976868,0.15328238,-0.19430798,0.80541744,-0.55995265,0.01289192,-0.00532258,0.04628006
-0.05276215,-0.58035357,-0.81265355,-0.97956705,-0.12807583,0.15506411,-0.19407333,0.8042302,-0.56173765,-0.01381518,-0.01471508,0.07373729
-0.05543126,-0.58598036,-0.80842704,-0.97980232,-0.12387964,0.15697496,-0.19213194,0.80080006,-0.56727808,-0.0233616,0.0268718,0.07197521
-0.05720208,-0.59033754,-0.80512708,-0.98000151,-0.12075223,0.15816461,-0.19059135,0.79807306,-0.57162444,-0.02577613,0.04572713,0.06667537
-0.06197659,-0.60162942,-0.79636738,-0.98034926,-0.11302467,0.16168119,-0.1872813,0.79073859,-0.58280209,-0.01163487,0.04336858,0.02655348
-0.06790981,-0.61494036,-0.78564386,-0.98055084,-0.1042014,0.16631827,-0.18414117,0.78165854,-0.59590389,-0.00296713,-0.00725359,0.00742093
-0.07089279,-0.62207834,-0.77973882,-0.98064649,-0.09955588,0.16858518,-0.18250083,0.77659967,-0.60298112,-0.00254453,-0.0245595,0.01465361
-0.07582002,-0.63710452,-0.76703911,-0.9809118,-0.09048441,0.17211757,-0.17906203,0.76544773,-0.61808277,-0.02120437,-0.01930481,0.01533139
-0.08171895,-0.6610468,-0.74588136,-0.981494,-0.07666343,0.1754768,-0.17318026,0.74641792,-0.64254859,-0.01586873,0.00565112,-0.03728952
-0.08570021,-0.67436753,-0.73340562,-0.98170535,-0.06846713,0.17767037,-0.17002935,0.73521465,-0.65616254,0.00125926,-0.02010167,-0.02011866
-0.08971672,-0.68488224,-0.7231093,-0.98181201,-0.06115479,0.17973619,-0.1673198,0.72608281,-0.66693897,-0.01386786,-0.0530501,0.01353849
-0.09140313,-0.69005539,-0.71796162,-0.9819166,-0.05757651,0.18034576,-0.16578634,0.72146266,-0.67231414,-0.02541879,-0.03670055,0.0178799
-0.09395026,-0.70102786,-0.70691813,-0.98226351,-0.05046373,0.18058729,-0.16227047,0.71134612,-0.68385299,-0.02470652,0.02413857,-0.0030575
-0.09586063,-0.7110436,-0.69658285,-0.98270619,-0.04377763,0.17992217,-0.15842729,0.70178376,-0.69455039,-0.00495864,0.05779493,-0.04054552
-0.09664962,-0.71502083,-0.69239001,-0.98291,-0.0409361,0.1794771,-0.15667366,0.69790352,-0.69884464,-0.00618157,0.01826251,-0.03485227
-0.09588005,-0.72776821,-0.67908784,-0.98389629,-0.03409726,0.17545748,-0.15084747,0.68497494,-0.71277917,-0.01033696,-0.07507271,0.02091056
-0.09459593,-0.7303237,-0.6765196,-0.98430624,-0.03307701,0.17334072,-0.14897213,0.68229985,-0.7157332,-0.01725398,-0.05086184,0.0107744
-0.0913600456,-0.734659993,-0.672255895,-0.985251327,-0.0313972333,0.168208173,-0.144682808,0.677708538,-0.720956272,-0.0154180434,-0.000398755074,0.0014284011
-0.08721841,-0.73820461,-0.66891474,-0.98622045,-0.03077102,0.16254967,-0.14057809,0.67387471,-0.72534868,-0.0126417,0.00140703,0.01771735
-0.08541718,-0.73944062,-0.66778099,-0.98665514,-0.03047213,0.15994712,-0.13862011,0.67253178,-0.72697004,-0.01473179,-0.02182078,0.03458379
-0.08208929,-0.74136591,-0.66606146,-0.98750507,-0.02969938,0.15476312,-0.13451773,0.67044349,-0.72966459,-0.00444344,-0.04252011,0.04822236
-0.07436841,-0.74306147,-0.66507803,-0.98899797,-0.0305638,0.14473661,-0.12787558,0.66852473,-0.73261327,0.01002606,-0.00314057,0.03738507
-0.06773268,-0.74280713,-0.66607039,-0.99003951,-0.03254844,0.13697547,-0.12342594,0.66871375,-0.7332038,-0.01541516,0.01076496,0.05966686
-0.0608665212,-0.742383436,-0.667204593,-0.990953105,-0.0351584538,0.129521035,-0.119612201,0.669052008,-0.733527176,0.000244180672,0.00211167336,0.0479904935
-0.057465,-0.74160891,-0.66836663,-0.99135465,-0.03671116,0.1259691,-0.11795633,0.6698272,-0.73308783,0.0294559,-0.00933772,0.01475586
-0.05059307,-0.73689415,-0.67411215,-0.99203798,-0.04086437,0.11912425,-0.11532919,0.67477178,-0.7289595,0.05271641,-0.06115812,0.02403102
-0.04425886,-0.73017391,-0.68182643,-0.99255037,-0.04540857,0.113057,-0.11351201,0.68175082,-0.72272466,0.0488232,-0.05365741,0.02432823
-0.04204011,-0.7269822,-0.68536824,-0.99278458,-0.04670831,0.11044106,-0.11230104,0.68506593,-0.71977312,0.05419701,-0.00413519,0.01569918
-0.04043264,-0.72306767,-0.68959284,-0.99324135,-0.04606286,0.1065353,-0.10879687,0.68923965,-0.71631826,0.05839973,0.09570158,-0.00988965
-0.04223286,-0.72393832,-0.6885708,-0.99361039,-0.04176542,0.10485276,-0.10466536,0.68859932,-0.71754877,0.02705502,0.1013993,-0.00976965
-0.04439038,-0.72612337,-0.6861299,-0.99375173,-0.03830735,0.10483288,-0.10240546,0.68649639,-0.71988586,0.04317439,0.06160939,-0.0211497
-0.0509981,-0.73194773,-0.67944954,-0.99397032,-0.028925,0.10576534,-0.09706779,0.68074652,-0.7260592,0.02235942,-0.01232553,-0.04338592
-0.05836639,-0.74063295,-0.66936998,-0.99430052,-0.01679521,0.10528234,-0.08921779,0.67169988,-0.73543145,0.00330156,0.0246166,-0.06049944
-0.06199609,-0.74613256,-0.66290458,-0.994472,-0.01021538,0.1045031,-0.08474506,0.6657189,-0.74137458,0.00568978,0.05498695,-0.06613927
-0.06952512,-0.75873725,-0.64767582,-0.99461052,0.00266321,0.10364722,-0.07691613,0.6513913,-0.7548332,-0.00271446,0.03098845,-0.06553277
-0.07526183,-0.77185801,-0.63132461,-0.99451184,0.01195843,0.10393805,-0.0726758,0.6356824,-0.76852193,0.01648658,-0.01112878,-0.06826457
-0.07612262,-0.77772743,-0.62397544,-0.99450033,0.01407398,0.10378337,-0.07193337,0.62844406,-0.77452152,0.0121679,-0.02574837,-0.06976282
-0.0739871,-0.78799611,-0.61121857,-0.99468777,0.01432538,0.10193676,-0.0715698,0.61551361,-0.78487,-0.00991373,-0.01002169,-0.09765159
-0.06992849,-0.79689581,-0.60005591,-0.99507179,0.01333201,0.09825688,-0.07030054,0.60396965,-0.79390083,0.01721485,0.0266583,-0.11425751
-0.06881733,-0.80139289,-0.59416639,-0.99521482,0.01373545,0.09674134,-0.06936665,0.59798065,-0.79850333,0.04182225,0.02460122,-0.12091341
-0.07020545,-0.81158599,-0.57999931,-0.99527199,0.01786879,0.09546839,-0.06711697,0.58395953,-0.80900327,0.04227717,-0.04968315,-0.13240565
-0.07580539,-0.82249046,-0.56370461,-0.99505847,0.02604303,0.0958139,-0.06412547,0.56818229,-0.82040029,0.11649352,-0.10450953,-0.20204416
-0.07919128,-0.82624731,-0.55771307,-0.99488277,0.03029405,0.09638626,-0.06274357,0.56249215,-0.82441821,0.13619457,-0.10946578,-0.22220752
-0.08406464,-0.82688717,-0.55604915,-0.99457153,0.03528542,0.09788937,-0.06132306,0.56125972,-0.82536469,0.08414846,-0.06424785,-0.16680154
-0.08455061,-0.8193903,-0.56696617,-0.99451137,0.03420226,0.09888002,-0.06162983,0.57221469,-0.81778478,-0.0088336,0.01269555,-0.06681254
-0.08319777,-0.81388684,-0.57503578,-0.99456225,0.03154313,0.09925118,-0.06264086,0.58016642,-0.81208542,-0.04225237,0.04796267,-0.01075791
-0.07824719,-0.8021008,-0.59204035,-0.99471133,0.02318091,0.10006052,-0.06653456,0.59673867,-0.79967261,-0.09824885,0.09618735,0.06822219
-0.07170035,-0.79242896,-0.60573549,-0.99482857,0.0130143,0.10073139,-0.07193922,0.60982542,-0.78926411,-0.10446964,0.12838328,0.10071123
-0.06813824,-0.78897344,-0.61063727,-0.99486266,0.0078022,0.10093168,-0.07486817,0.6143776,-0.78545182,-0.09214678,0.11741078,0.098281
-0.06140445,-0.78497947,-0.61647125,-0.99482012,-0.00199589,0.10163176,-0.08100923,0.61951862,-0.78079082,-0.06602073,0.06590652,0.07280767
-0.05556696,-0.78383331,-0.61848015,-0.99466348,-0.01047436,0.10263959,-0.0869305,0.62088298,-0.77906834,-0.02934429,0.02172685,0.04751261
-0.05294241,-0.7837532,-0.61881175,-0.99457211,-0.01420018,0.1030758,-0.08957324,0.62091001,-0.77874728,-0.0206539,0.00976706,0.03237604
-0.04831863,-0.78333438,-0.61971968,-0.99440375,-0.0206323,0.10361182,-0.09394897,0.62125798,-0.7779537,-0.00975383,-0.01361561,0.02582547
-0.04463984,-0.78213295,-0.62151053,-0.99431001,-0.02544804,0.10344086,-0.09672073,0.62259172,-0.77654662,-0.02234616,-0.0221256,0.07232691
-0.04336003,-0.78164362,-0.62221644,-0.99429503,-0.02699009,0.10319428,-0.09745478,0.62314117,-0.77601409,-0.03289763,-0.01861906,0.09450428
-0.04166228,-0.78206778,-0.62179922,-0.99432267,-0.02853331,0.10251011,-0.09791183,0.62253985,-0.77643897,-0.0419592,-0.00899404,0.1093439
-0.04153431,-0.7843886,-0.61887749,-0.99443461,-0.02757117,0.10168367,-0.09682271,0.61965658,-0.77887801,-0.02469476,-0.01063633,0.09390026
-0.04232914,-0.78575313,-0.61709015,-0.99451632,-0.02598235,0.10130246,-0.09563219,0.61799427,-0.7803445,-0.01615764,-0.01063806,0.08996677
-0.04446965,-0.78847897,-0.61345196,-0.99471756,-0.02191977,0.10028182,-0.09251685,0.61467095,-0.7833391,-0.0213401,-0.01573956,0.08330502
-0.04679527,-0.79110052,-0.60989363,-0.99488367,-0.01781639,0.09944412,-0.08953638,0.6114267,-0.78621928,-0.02688408,-0.0145517,0.08453213
-0.04780733,-0.7925851,-0.60788424,-0.99495246,-0.01596804,0.09906839,-0.08822687,0.60955214,-0.7878211,-0.03978172,-0.02036923,0.07710678
-0.04942383,-0.79619799,-0.60301392,-0.99504868,-0.01287122,0.09855058,-0.08622738,0.60489903,-0.79161958,-0.06282616,-0.0247401,0.07704973
-0.05080151,-0.80153812,-0.5957818,-0.99508346,-0.01015993,0.09851796,-0.08501897,0.59785744,-0.7970812,-0.07523932,-0.01354325,0.06700203
-0.05156196,-0.8051126,-0.59087653,-0.99506565,-0.00880288,0.09882748,-0.08476867,0.59305667,-0.800686,-0.06338144,-0.00888616,0.05592868
-0.05262018,-0.81353275,-0.57913342,-0.99500057,-0.00658177,0.09965174,-0.0848817,0.5814818,-0.80911921,-0.02973938,-0.00147402,0.01192223
-0.05327018,-0.82173017,-0.56738149,-0.99488175,-0.00518236,0.10091283,-0.0858635,0.56985315,-0.81724829,0.00720601,-0.00144517,-0.0270286
-0.0532645,-0.82519725,-0.5623274,-0.99481815,-0.00498511,0.1015466,-0.08659933,0.56482243,-0.82065564,0.01798636,-0.0011754,-0.04173905
-0.05271223,-0.83012347,-0.55508229,-0.99467213,-0.00566743,0.10293272,-0.08859279,0.55755073,-0.82540193,0.01804505,-0.01379567,-0.05416058
-0.05133901,-0.83326127,-0.55049064,-0.99454283,-0.00747164,0.10406114,-0.09082319,0.55282892,-0.82833043,0.00535422,-0.01816326,-0.04778327
-0.0505475316,-0.834649049,-0.548457735,-0.994476286,-0.00851700119,0.104615263,-0.0919882521,0.550716263,-0.82960817,-0.000835380517,-0.022270143,-0.047618553
-0.04899943,-0.83768406,-0.54395251,-0.99431277,-0.01064735,0.10596513,-0.09455699,0.54605121,-0.83239823,-0.00834084,-0.00860167,-0.05454421
-0.0474390478,-0.841180616,-0.538669321,-0.994117993,-0.0128032616,0.107542655,-0.0973595428,0.540602608,-0.835625403,-0.00189172663,0.000335812569,-0.0680029988
-0.04667091,-0.84294568,-0.53597055,-0.99401036,-0.01388909,0.1083998,-0.09881928,0.53781939,-0.83724852,0.00316949,-0.00735724,-0.07315382
-0.04482367,-0.84588693,-0.53147545,-0.99376339,-0.01661977,0.11026388,-0.10210376,0.53310327,-0.83986651,0.01024495,-0.00158131,-0.0770013
-0.04218956,-0.84740018,-0.52927583,-0.99352308,-0.02035892,0.11179147,-0.10550762,0.5305642,-0.84105269,0.01648955,0.00544322,-0.06325958
-0.0406467656,-0.847551845,-0.529153682,-0.993403637,-0.0225520973,0.112430093,-0.107223886,0.53023314,-0.841044406,0.00979204942,-0.000352084637,-0.0573534593
-0.0406467656,-0.847551845,-0.529153682,-0.993403637,-0.0225520973,0.112430093,-0.107223886,0.53023314,-0.841044406,0.00979204942,-0.000352084637,-0.0573534593
-0.03349519,-0.84532333,-0.53320386,-0.99289022,-0.03282784,0.11441658,-0.114223,0.53324536,-0.83821367,-0.00796898,0.00451064,-0.03319317
-0.03181117,-0.84467062,-0.53434034,-0.99274118,-0.03533738,0.11496177,-0.11598701,0.53411873,-0.83741518,-0.0131485,-0.00112778,-0.02407945
-0.02871547,-0.84380067,-0.53588786,-0.99243544,-0.03995064,0.11608524,-0.11936188,0.53516757,-0.83627048,-0.02723559,0.00494862,-0.02191549
-0.02639443,-0.84360983,-0.53630758,-0.99212534,-0.04360268,0.11741436,-0.12243635,0.53518342,-0.83581583,-0.02840173,0.02494371,-0.02321703
-0.02556291,-0.84376921,-0.53609705,-0.99195247,-0.0451117,0.11830144,-0.12400337,0.53480692,-0.83582576,-0.02348671,0.02719879,-0.02655466
-0.02386098,-0.84440445,-0.53517453,-0.99158473,-0.048145,0.12017396,-0.12724141,0.53353836,-0.83614977,-0.01562966,0.03104842,-0.02939502
-0.02229424,-0.84450872,-0.53507755,-0.99120966,-0.05114189,0.12201603,-0.13040848,0.5330943,-0.83594503,-0.01252481,0.03368855,-0.02377675
-0.02155875,-0.84437234,-0.53532286,-0.9910346,-0.05256877,0.12282884,-0.13185454,0.53317152,-0.83566889,-0.01568435,0.03103971,-0.02120328
-0.02032995,-0.84387922,-0.53614785,-0.99073592,-0.05501532,0.12415964,-0.1342721,0.5337051,-0.834943,-0.0259831,0.02389801,-0.00352846
-0.01952016,-0.84356118,-0.53667824,-0.99051602,-0.05670156,0.12515179,-0.13600368,0.53403137,-0.83445404,-0.03414733,0.01452446,-0.00216048
-0.01920226,-0.84365017,-0.53654962,-0.99043048,-0.057306,0.125552,-0.13666953,0.53382604,-0.83447642,-0.03622285,0.00878656,0.00120819
-0.01891945,-0.84475224,-0.53482296,-0.99030175,-0.05780565,0.12633622,-0.13763863,0.53202636,-0.83546595,-0.03054471,0.00795805,-0.00656989
-0.01940483,-0.8465962,-0.53188183,-0.99021226,-0.05726769,0.12727932,-0.13821385,0.52914576,-0.83719866,-0.01536633,0.00205195,-0.02068835
-0.01997399,-0.84745451,-0.53049205,-0.99017399,-0.05668548,0.12783636,-0.13840672,0.52783286,-0.83799516,-0.00193273,0.00596857,-0.03409839
-0.02102086,-0.84845821,-0.52884449,-0.99009329,-0.055784,0.12885313,-0.13882765,0.52631408,-0.83888012,0.00959219,0.00333846,-0.0388439
-0.02179412,-0.84805645,-0.52945753,-0.99007738,-0.05522784,0.12921562,-0.13882294,0.52702007,-0.83843787,-0.00102879,0.00445271,-0.03176428
-0.02187568,-0.8473816,-0.53053358,-0.9900506,-0.05541857,0.12933905,-0.13900095,0.52808447,-0.83773834,0.00104007,-0.00108099,-0.02989964
-0.02169551,-0.84542563,-0.53365214,-0.9899491,-0.05644637,0.12967032,-0.1397494,0.53110179,-0.83570368,0.00110525,0.00468969,-0.02416627
-0.02138374,-0.84298764,-0.53750778,-0.98981087,-0.05785084,0.13010672,-0.14077363,0.5348132,-0.83316126,0.00974665,0.01800132,-0.02121458
-0.02123569,-0.84169738,-0.53953183,-0.98973786,-0.05857618,0.13033737,-0.14130833,0.53676287,-0.83181586,0.02762282,0.04293191,-0.0325341
-0.02107833,-0.83923742,-0.54335638,-0.98961052,-0.05979683,0.13074877,-0.14222028,0.54046719,-0.82925774,0.02659613,0.16489232,-0.0574207
-0.02128685,-0.83707558,-0.54667285,-0.98943524,-0.06079193,0.13161347,-0.14340376,0.54369906,-0.826938,0.03872005,0.13710296,-0.05027853
-0.0217586,-0.83639156,-0.54770044,-0.98926287,-0.06117854,0.13272609,-0.14451847,0.54470763,-0.82607997,0.06125334,0.05786574,-0.04693016
-0.02459045,-0.83524477,-0.54932812,-0.98878852,-0.06063485,0.13645721,-0.14728363,0.54652492,-0.82438939,0.17787844,-0.08189178,-0.12208141
-0.02904654,-0.83248895,-0.55327962,-0.98819804,-0.05936892,0.14120852,-0.15040219,0.55085149,-0.82093948,0.23429954,-0.11569935,-0.15155376
-0.03145288,-0.83019925,-0.55657863,-0.98786099,-0.05893107,0.14372765,-0.15212241,0.55434301,-0.81826789,0.23491624,-0.11074436,-0.13472775
-0.03661949,-0.82460611,-0.56452079,-0.9872391,-0.0577539,0.1484028,-0.15497715,0.56275145,-0.81196846,0.18228278,-0.04494882,-0.1142291
-0.0439889,-0.81884689,-0.57232414,-0.98682276,-0.0536758,0.15264314,-0.15571126,0.57149703,-0.80569564,0.12330863,0.02373075,-0.08916944
-0.0488433,-0.81609014,-0.57585699,-0.98670542,-0.05005,0.15462036,-0.15500578,0.57575337,-0.80279597,0.10037481,0.04690766,-0.08004709
-0.0615245,-0.81107828,-0.58169298,-0.98650999,-0.03916273,0.15894742,-0.15169949,0.58362511,-0.79772736,0.07800674,0.05743814,-0.07502416
-0.07835993,-0.80652947,-0.58597767,-0.98603145,-0.02395414,0.16482739,-0.14697477,0.59070831,-0.79338636,0.05930835,0.03887236,-0.06737594
-0.08797371,-0.80418049,-0.58783878,-0.98564123,-0.01510845,0.168176,-0.14412517,0.59419318,-0.79130431,0.04095649,0.0368042,-0.06021041
-0.10852822,-0.79946445,-0.59082817,-0.98456892,0.00436928,0.17494199,-0.1372785,0.6006973,-0.787602,0.00737357,0.04360044,-0.03983261
-0.12974844,-0.79478996,-0.59285276,-0.98312928,0.02537502,0.18114374,-0.12892753,0.60635398,-0.78467367,-0.01576908,0.04054439,-0.00687545
-0.14016448,-0.79283771,-0.5930954,-0.98231718,0.03625777,0.18367964,-0.12412387,0.60835321,-0.78390013,-0.04621,0.03090286,0.01785909
-0.160488651,-0.791113923,-0.590239042,-0.980468163,0.0588973533,0.187651968,-0.113690575,0.60882661,-0.785114368,-0.0826578364,0.000274658203,0.0276531018
-0.18071779,-0.7929147,-0.58191702,-0.97818886,0.0832949,0.19028544,-0.10240939,0.60361269,-0.7906732,-0.06522331,0.04908931,-0.02590963
-0.19075623,-0.79438177,-0.57668852,-0.97686976,0.09578789,0.19118093,-0.09663088,0.59981853,-0.79427966,-0.0579052,0.07719743,-0.04595989
-0.21013416,-0.79606532,-0.56755922,-0.97394638,0.11981408,0.19254326,-0.08527547,0.59323222,-0.80050194,-0.07576191,0.03707063,0.00913789
-0.22802182,-0.79746519,-0.55861903,-0.97095202,0.14351212,0.19145855,-0.07251296,0.58604904,-0.80702432,-0.17246871,-0.01846725,0.05728471
-0.2366995,-0.79986491,-0.55153366,-0.96935027,0.15595632,0.18983576,-0.06582782,0.57956336,-0.81226404,-0.1949062,-0.04014254,0.05538757
-0.27065632,-0.82632439,-0.49389584,-0.96182381,0.21053288,0.17484513,-0.0404975,0.52236373,-0.85176052,-0.10436881,-0.03991723,-0.06318116
-0.27803375,-0.83385797,-0.47684168,-0.95994869,0.22333128,0.16917911,-0.03457771,0.50478108,-0.86255449,-0.1216345,-0.06626379,-0.06500555
-0.28951365,-0.8470557,-0.44573367,-0.95690306,0.24505693,0.1558321,-0.02276834,0.47163943,-0.88149751,-0.21564966,-0.07885897,-0.0386041
-0.29463376,-0.86006584,-0.41650631,-0.95552207,0.25923345,0.14062537,-0.01297474,0.439414,-0.89819081,-0.23547317,-0.03656697,-0.02463626
-0.29554946,-0.86641774,-0.40245609,-0.95528758,0.26418187,0.13279165,-0.00873142,0.42370779,-0.90575692,-0.20914324,-0.03720403,-0.02425623
-0.294859188,-0.878754594,-0.375297713,-0.955540658,0.271264955,0.115573984,0.000243940358,0.392690285,-0.919670706,-0.313585967,-0.0560196638,-0.0129799545
-0.29217941,-0.89502791,-0.33698113,-0.9563048,0.27732951,0.0925716,0.01060065,0.34930418,-0.93694946,-0.33606651,-0.10260218,-0.02650877
-0.29070396,-0.9042328,-0.31281676,-0.95666471,0.28044355,0.07838422,0.01684987,0.32204735,-0.94657367,-0.25672567,-0.10454214,-0.05408449
-0.28623647,-0.92110649,-0.26387739,-0.95765617,0.28394336,0.04765178,0.03103384,0.26634351,-0.96337825,-0.2187649,-0.05610836,-0.10594247
-0.27752918,-0.93564924,-0.21803161,-0.95959513,0.28093697,0.01585729,0.04641626,0.21362295,-0.97581265,-0.25432026,0.01041448,-0.10511123
