0,1,2,3,4,5,6,7,8,9,10,11
0.966099694,-0.145081829,-0.213547759,-0.195344507,-0.951609165,-0.237235356,-0.168795456,0.270908386,-0.947690262,0.000618977647,0.00576138496,-0.000428799074
0.96603803,-0.14548305,-0.21355377,-0.19548056,-0.95194519,-0.23577097,-0.16899078,0.26950933,-0.94805436,,,
0.96600717,-0.14567959,-0.21355934,-0.19555174,-0.95210242,-0.23507504,-0.16908476,0.26884608,-0.94822567,,,
0.9659454,-0.14605618,-0.21358154,-0.1957071,-0.95237684,-0.23383014,-0.16925783,0.26766658,-0.94852825,,,
0.96591449,-0.14633585,-0.21352992,-0.19571227,-0.95272751,-0.23239431,-0.1694282,0.26626345,-0.94889303,,,
0.96591449,-0.14642717,-0.21346731,-0.19563978,-0.95294039,-0.23158083,-0.16951189,0.26544997,-0.9491059,0.00356701,-0.00196648,0.00462886
0.965897675,-0.146607356,-0.213419675,-0.195497451,-0.953385326,-0.229862596,-0.169771674,0.263746753,-0.949534031,0.000582139008,-0.0015566349,0.00876112469
0.96584901,-0.14687866,-0.21345338,-0.19543447,-0.95385465,-0.22796221,-0.17012071,0.26189322,-0.94998473,-0.00217404,-0.00194335,0.00721402
0.96583308,-0.14700729,-0.21343691,-0.19540805,-0.95405842,-0.22713039,-0.17024146,0.26107733,-0.95018759,-0.00371306,-0.00354815,0.00734473
0.96590036,-0.14714945,-0.21303411,-0.19529132,-0.9542789,-0.22630349,-0.1699935,0.26019033,-0.95047535,0.00302721,-0.00812817,0.00845104
0.96598429,-0.14725216,-0.2125821,-0.19520528,-0.95438307,-0.22593743,-0.16961499,0.25974916,-0.95066345,0.00498452,0.0045563,0.00874836
0.96600105,-0.14731243,-0.21246415,-0.19515638,-0.95449484,-0.22550783,-0.16957581,0.25930453,-0.95079198,0.0034253,0.00491261,0.00365644
0.965970131,-0.147600342,-0.212404916,-0.195154134,-0.954852714,-0.223989603,-0.16975445,0.257818962,-0.95116402,-0.0017096051,0.0116858482,-0.000491071783
0.96588885,-0.1479235,-0.21254969,-0.19512581,-0.95536325,-0.22182659,-0.1702488,0.25573376,-0.9516384,-0.00294922,0.00705194,-0.00153519
0.965822515,-0.148062583,-0.212754161,-0.195092762,-0.955660416,-0.220570988,-0.170662461,0.254539227,-0.951884281,0.00026715803,0.00396263599,0.00562751759
0.96572418,-0.14836008,-0.21299315,-0.19508495,-0.9561294,-0.21853658,-0.17122693,0.25259782,-0.9523001,-0.00141682,-0.00589865,0.0042677
0.96571001,-0.14864261,-0.21286041,-0.19508546,-0.95643916,-0.21717695,-0.17130628,0.25125593,-0.95264088,-0.00168548,-0.00657839,0.0079676
0.96572773,-0.14875037,-0.21270469,-0.19507384,-0.95653967,-0.21674467,-0.1712196,0.25080946,-0.9527742,-0.00102316,-0.00581825,0.00691465
0.96573122,-0.14904056,-0.21248558,-0.19514318,-0.95672802,-0.21584782,-0.17112086,0.2499161,-0.95302636,0.00789098,0.00228858,0.00724726
0.96570102,-0.14935202,-0.21240409,-0.19519665,-0.95701011,-0.21454463,-0.17123024,0.24864654,-0.95333865,0.00281388,0.00219095,0.00652721
0.96566909,-0.1495019,-0.21244386,-0.1952287,-0.95716165,-0.21383924,-0.17137376,0.24797308,-0.95348848,0.00304198,0.00246501,0.0085611
0.9655866,-0.14963845,-0.212722466,-0.195273213,-0.957353888,-0.212935771,-0.171787327,0.247146929,-0.953628464,0.00159242563,-0.000475287437,0.0123883532
0.96550134,-0.14959936,-0.21313656,-0.19523173,-0.95749647,-0.21233148,-0.17231289,0.24661735,-0.95367066,-0.00431129,0.00240505,0.00878457
0.965484437,-0.149614453,-0.213202522,-0.195220107,-0.957552334,-0.212090809,-0.172420735,0.246391795,-0.953709624,-0.00567824487,0.000225901604,0.00018409593
0.96548354,-0.14960874,-0.21321058,-0.19514873,-0.95764975,-0.21171597,-0.17250652,0.24601606,-0.95379102,-0.00481769,0.00386679,-0.00197397
0.96556711,-0.14970283,-0.21276565,-0.19499389,-0.95784578,-0.21097138,-0.17221366,0.24519503,-0.95405552,,,
0.96560085,-0.14978935,-0.21255151,-0.1949227,-0.95798482,-0.21040333,-0.17210501,0.24459675,-0.95422829,,,
0.965584856,-0.149977084,-0.212491799,-0.194847233,-0.958299848,-0.209036525,-0.17228014,0.243245939,-0.954542444,-0.00188249699,0.000417470932,0.00890399609
0.96554934,-0.14999612,-0.21263966,-0.19468052,-0.95860168,-0.20780264,-0.17266718,0.2420405,-0.95477854,-0.00716308,0.00108683,0.00622904
0.965515552,-0.150051791,-0.212753795,-0.194636281,-0.958764135,-0.207094198,-0.172905858,0.241362277,-0.954907205,-0.00348805659,0.000732421875,0.00586790871
0.965432779,-0.150307156,-0.212949066,-0.194583298,-0.959196211,-0.205133687,-0.17342689,0.239479119,-0.955286725,-0.000136180664,-0.00136458874,0.00523643848
0.96538287,-0.15053509,-0.21301432,-0.19447512,-0.95962907,-0.2032027,-0.17382561,0.23759439,-0.9556848,0.00490237,-0.00475073,0.01125281
0.965365912,-0.150601004,-0.213044575,-0.194421736,-0.959786699,-0.20250816,-0.173979429,0.236914972,-0.95582547,-0.000689828768,0.00148439407,0.0143760405
0.96533291,-0.15077185,-0.21307326,-0.19435931,-0.96007565,-0.20119387,-0.1742321,0.23563183,-0.95609653,-0.00440534,-0.00278139,0.00433783
0.96534895,-0.1508515,-0.21294418,-0.19421728,-0.960322,-0.20015306,-0.17430159,0.23457499,-0.9563438,,,
0.96536499,-0.150864,-0.2128626,-0.19413016,-0.96043049,-0.19971595,-0.17430981,0.23412184,-0.95645322,,,
0.96541309,-0.15086781,-0.21264166,-0.19389629,-0.96068716,-0.19870628,-0.17430375,0.23306407,-0.95671266,-0.00485117,-0.01816028,0.01330303
0.96554755,-0.1509875,-0.21194502,-0.19371887,-0.96086821,-0.19800263,-0.17375533,0.2322387,-0.95701307,-0.01297001,-0.00536531,0.00417487
0.965614186,-0.151027715,-0.21161254,-0.193607957,-0.960970752,-0.197612771,-0.173508492,0.231787569,-0.957167154,-0.0125338137,0.000460505486,0.00303679425
0.96573208,-0.15120121,-0.21094961,-0.19346341,-0.96117872,-0.19674083,-0.17301287,0.23080996,-0.95749302,-0.0092909,0.01568365,-0.00151958
0.96591661,-0.15140282,-0.20995783,-0.19329446,-0.96136261,-0.19600745,-0.17216955,0.22991054,-0.95786143,-0.00185866,0.01392126,0.00124724
0.96604945,-0.15149577,-0.20927853,-0.193139,-0.96149156,-0.1955286,-0.17159777,0.22931014,-0.95810813,-0.00566281,0.00416791,-0.00246665
0.96628072,-0.15167038,-0.20808091,-0.19283794,-0.96176817,-0.19446198,-0.17063148,0.22803076,-0.95858584,0.00658751,0.00412965,-0.01515378
0.96637934,-0.1518423,-0.2074967,-0.19261828,-0.96209873,-0.19303941,-0.17032076,0.22651696,-0.95899994,0.00731701,0.00969946,-0.01810161
0.96639516,-0.15190264,-0.20737885,-0.19249167,-0.96230317,-0.19214403,-0.17037416,0.22560576,-0.95920512,0.00399592,0.01076603,-0.01623438
0.966396609,-0.152185356,-0.207164683,-0.192412803,-0.962666272,-0.190396091,-0.170454984,0.223859277,-0.959599829,0.00900976267,-0.000929117203,-0.0089228861
0.96633043,-0.15234637,-0.20735497,-0.19228123,-0.96306439,-0.18850682,-0.17097786,0.22203035,-0.95993177,-0.00528299,-0.01251966,-0.01150734
0.96627997,-0.152363,-0.20757779,-0.19219124,-0.96325523,-0.18762163,-0.1713638,0.22118966,-0.96005706,-0.00445579,-0.01114726,-0.00777011
0.9662128,-0.15242871,-0.20784202,-0.19206074,-0.9635594,-0.1861865,-0.17188801,0.21981408,-0.960279,0.00181497,-0.00162029,0.01369885
0.96627769,-0.15251806,-0.20747446,-0.19183192,-0.9638571,-0.18487697,-0.17177871,0.21844272,-0.96061145,0.01000514,-0.00509495,0.01259004
0.96634176,-0.1524779,-0.20720545,-0.19163313,-0.96400187,-0.18432984,-0.17164018,0.21783305,-0.96077508,0.00644468,-0.0091784,0.00652029
0.96646742,-0.15219892,-0.20682411,-0.19116859,-0.96420069,-0.18376904,-0.17145055,0.21714507,-0.9609642,0.00522414,-0.01048905,-0.00484771
0.96649512,-0.15190406,-0.2069114,-0.19087246,-0.96428243,-0.18364788,-0.17162422,0.21698848,-0.96096857,0.0144114,-0.00297904,0.002296
0.96650774,-0.15169445,-0.20700624,-0.19066021,-0.96435079,-0.1835109,-0.17178904,0.21683256,-0.9609746,0.01770355,0.00560141,0.00487436
0.96650124,-0.15141757,-0.20723915,-0.19027211,-0.9646013,-0.182594,-0.17225524,0.21590916,-0.96109889,0.00865126,0.0119518,0.00238822
0.9665925,-0.15115633,-0.20700412,-0.18971538,-0.96496712,-0.18123583,-0.17235723,0.21445306,-0.96140666,0.00245748,0.0012784,0.00528256
0.96668696,-0.15098387,-0.20668865,-0.18939402,-0.96511306,-0.18079476,-0.17218082,0.21391753,-0.96155765,0.00677048,0.00630116,0.00309738
0.96691912,-0.15030318,-0.20609799,-0.18848869,-0.96538945,-0.18026489,-0.17187042,0.21314871,-0.96178397,,,
0.967231896,-0.149633925,-0.205114962,-0.187495386,-0.965695709,-0.179658635,-0.171195617,0.212229672,-0.962107362,-0.00460354984,-8.65459442e-05,-0.00683659734
0.9674197,-0.14925283,-0.20450607,-0.18695968,-0.96582205,-0.17953913,-0.1707197,0.21192407,-0.96225954,-0.00126489,0.00479066,-0.00481246
0.96784343,-0.14857038,-0.20299247,-0.18589834,-0.96607702,-0.17926802,-0.16947244,0.21123934,-0.96263028,-0.00119236,0.01482308,-0.00654195
0.96823277,-0.14795703,-0.2015788,-0.18485659,-0.96640423,-0.17857973,-0.16838449,0.21016992,-0.96305508,0.00153568,0.0106132,0.00230755
0.968402355,-0.147637202,-0.200997853,-0.184346681,-0.966569738,-0.178211422,-0.1679678,0.209633647,-0.963244839,0.00472320383,0.0107723475,-0.000108609092
0.96874254,-0.14710534,-0.19974463,-0.18346922,-0.96681612,-0.17778013,-0.16696391,0.20887017,-0.9635852,-0.00168225,0.01117444,-0.00735492
0.96897385,-0.14680297,-0.19884309,-0.18286625,-0.96704341,-0.17716366,-0.16628175,0.20802864,-0.96388508,-0.0059352,0.00381827,0.01053652
0.96909827,-0.14672985,-0.19828993,-0.18261577,-0.96715307,-0.17682406,-0.16583131,0.20757076,-0.96406156,-0.00819672,0.00172424,0.01079482
0.96939439,-0.14659977,-0.19693406,-0.18217834,-0.96725292,-0.17672707,-0.16457693,0.20719535,-0.96435685,-0.00595054,-0.01252913,0.01149998
0.96964289,-0.14643674,-0.1958289,-0.18192394,-0.96714439,-0.1775826,-0.16339019,0.20781767,-0.96442503,-0.00935368,-0.01253575,0.00906407
0.969735633,-0.146346629,-0.195436587,-0.181842877,-0.967057983,-0.178133492,-0.162929319,0.208281149,-0.964402673,-0.00943714567,-0.00961256027,-0.000118782744
0.96987565,-0.14626693,-0.19480041,-0.18182994,-0.96683707,-0.17934328,-0.16210827,0.20936122,-0.96430744,0.00353194,0.00714731,0.00474863
0.97008066,-0.14653415,-0.19357496,-0.18199156,-0.96662775,-0.18030491,-0.1606941,0.21013931,-0.96437486,0.00373449,-0.00319189,0.00559743
0.97022022,-0.14661914,-0.19280961,-0.18199595,-0.96653022,-0.1808225,-0.15984428,0.21052821,-0.96443125,0.00612457,-0.00482953,0.00118251
0.970435723,-0.146686312,-0.191670632,-0.182013472,-0.966300704,-0.182027256,-0.158510571,0.21153239,-0.964431607,0.00353114819,-0.000126123428,-0.00408183597
0.97078377,-0.14654323,-0.1900104,-0.18173848,-0.96608508,-0.18343994,-0.15668438,0.21261273,-0.96449226,0.00709076,-0.00946152,-0.00136912
0.97108326,-0.14635176,-0.18862254,-0.18142675,-0.96592749,-0.18457658,-0.15518258,0.2134604,-0.96454814,0.00853086,-0.01017141,0.00331397
0.971748401,-0.14577016,-0.18562355,-0.180655003,-0.965503386,-0.187527966,-0.151884205,0.215763826,-0.964560478,0.00744114909,-0.00613927841,0.000828893157
0.972302407,-0.14553659,-0.18288557,-0.180136443,-0.965194813,-0.189604576,-0.148925795,0.217297341,-0.964677684,-0.0142338909,0.000795125961,-0.021816846
0.9730607,-0.14554879,-0.17879718,-0.17963615,-0.96476083,-0.19226869,-0.14451205,0.21920755,-0.96491667,0.00138319,0.00388956,0.00543459
0.973509678,-0.14543396,-0.176430899,-0.179325828,-0.964361008,-0.194549484,-0.141849026,0.221034426,-0.964894836,0.0124895759,-0.000414729118,0.00953121763
0.973704202,-0.14532973,-0.175440569,-0.179171119,-0.964149845,-0.195735876,-0.140704776,0.22202273,-0.964835644,0.0149839604,-0.00045633316,-0.00123925461
0.97403463,-0.14518235,-0.17371993,-0.17896647,-0.96371541,-0.19804892,-0.13866338,0.22399655,-0.96467495,0.01330016,-0.00749624,-0.00953005
0.97432094,-0.14495004,-0.17230259,-0.17883056,-0.96312962,-0.20099905,-0.13681494,0.22665055,-0.96431885,0.01753529,-0.0079633,-0.0037217
0.974456,-0.14486134,-0.17161202,-0.17881605,-0.96278547,-0.20265466,-0.13586874,0.22816503,-0.96409562,0.02277763,-0.00188518,-0.00684728
0.97475153,-0.14461903,-0.17013168,-0.17868428,-0.96211866,-0.20591174,-0.1339081,0.23111264,-0.96366779,0.01214731,0.00786006,-0.01428447
0.97489679,-0.1445591,-0.16934854,-0.17879449,-0.96154446,-0.20848235,-0.13269812,0.23352736,-0.96325298,0.01531872,0.00371253,-0.00656433
0.97488265,-0.14452458,-0.16945931,-0.17897237,-0.9612182,-0.20982829,-0.13256207,0.2348865,-0.96294085,0.00958791,0.00669694,0.00635924
0.97481471,-0.14443261,-0.16992795,-0.17934921,-0.96058327,-0.21240012,-0.13255242,0.23752721,-0.96229458,0.01216766,0.0086937,0.00119701
0.97469318,-0.14440093,-0.17065047,-0.17975806,-0.96008224,-0.21431045,-0.13289187,0.23956274,-0.96174283,0.00148631,-0.00217485,-0.00633654
0.97466617,-0.14433492,-0.1708604,-0.17988648,-0.95982849,-0.2153364,-0.13291615,0.24061659,-0.96147626,0.00315594,-0.00442958,-0.00696757
0.97458504,-0.14420982,-0.17142791,-0.18021482,-0.95926015,-0.21758388,-0.13306622,0.24294785,-0.96086934,0.00963503,0.00853324,0.00248249
0.97442309,-0.14411737,-0.17242337,-0.18059973,-0.95881501,-0.21921999,-0.13372872,0.24475263,-0.96031904,-0.0017118,0.00400293,-0.01123997
0.97435526,-0.1440875,-0.17283119,-0.18077817,-0.95860825,-0.21997583,-0.13398165,0.24557871,-0.96007286,-0.00149664,-0.0027656,-0.0073007
0.97425962,-0.14398326,-0.17345611,-0.18116551,-0.95798706,-0.22235105,-0.13415387,0.24805191,-0.95941291,0.00274549,0.0039053,0.01193358
0.97413747,-0.1438023,-0.17429024,-0.18146605,-0.95748829,-0.2242458,-0.1346338,0.250074,-0.95882045,0.00111925,0.0066278,0.01532741
0.974069094,-0.143777664,-0.174692235,-0.181640335,-0.957296015,-0.224923631,-0.134893225,0.250822317,-0.958588282,0.000108657405,0.00925707817,0.0069734524
0.97394557,-0.143792785,-0.175367209,-0.181937811,-0.957058131,-0.225694692,-0.135383367,0.251720274,-0.95828387,0.000300664164,0.0068089962,-0.00189579593
0.973821345,-0.14387571,-0.175987969,-0.182257096,-0.956868349,-0.226241111,-0.135846738,0.252393481,-0.95804119,-0.00642247498,-0.00482022762,-0.000963573577
0.97375241,-0.14387072,-0.1763731,-0.18241622,-0.95673119,-0.22669355,-0.13612707,0.2529167,-0.95786365,-0.00544221,-0.00134826,0.00255877
0.9735729,-0.14379389,-0.17742353,-0.18279009,-0.95636594,-0.22792826,-0.13690718,0.25433605,-0.95737606,-0.00341146,0.00335884,0.01053762
0.97337862,-0.14376071,-0.17851305,-0.18313171,-0.95615204,-0.22855119,-0.13782897,0.25515824,-0.9570251,-0.01372181,-0.0075376,0.00514441
0.97332338,-0.14363563,-0.17891454,-0.18315968,-0.95607132,-0.22886735,-0.13818154,0.25553187,-0.95687483,-0.01414716,0.00208247,0.00140671
0.97324049,-0.14334452,-0.1795976,-0.18317031,-0.95587534,-0.22967611,-0.13875009,0.25642704,-0.95655305,-0.00630226,0.00863409,0.01118048
0.97315687,-0.14316964,-0.18018924,-0.18323956,-0.95572126,-0.23026112,-0.13924429,0.25709799,-0.95630105,-0.0098186,-0.00269955,0.00561809
0.97315687,-0.14314159,-0.18021152,-0.18326123,-0.95564536,-0.23055864,-0.13921577,0.25739551,-0.95622516,-0.01208505,-0.00755501,0.0021917
0.973170694,-0.143165129,-0.180118143,-0.183315798,-0.955541685,-0.230944604,-0.139047179,0.257767022,-0.956149595,-0.00997647829,0.000196814537,0.000896256184
0.97311458,-0.14317016,-0.18041708,-0.18339164,-0.95554084,-0.23088804,-0.1393396,0.2577675,-0.95610693,-0.00883742,0.01054811,0.00564701
0.97312842,-0.14324279,-0.18028471,-0.18340832,-0.95557012,-0.23075346,-0.13922091,0.25761847,-0.95616437,-0.00340224,0.00551736,0.00696601
0.973226,-0.14340754,-0.17962579,-0.18334548,-0.95566582,-0.23040607,-0.13862028,0.25717076,-0.95637195,-0.00335724,-0.00204778,0.0096884
0.97344898,-0.14343573,-0.17839077,-0.18300482,-0.9558023,-0.23011073,-0.13750023,0.25664743,-0.9566742,-0.011399,0.00303757,-0.00287328
0.9735594,-0.1435903,-0.17766237,-0.18287439,-0.95597929,-0.2294787,-0.13689064,0.25590104,-0.95696161,-0.0132806,0.01015806,-0.00961346
0.97365504,-0.14385007,-0.17692656,-0.18281251,-0.95619956,-0.22860862,-0.13629174,0.25493033,-0.95730611,-0.00158571,0.01168215,-0.00263695
0.973695216,-0.144066653,-0.176528814,-0.182863699,-0.956286466,-0.228203547,-0.135935611,0.254481415,-0.957476117,8.15273961e-05,0.0125534534,0.00457665697
0.97378755,-0.14468752,-0.17550875,-0.18304249,-0.95653065,-0.2270339,-0.13503054,0.25320834,-0.9579416,0.00452404,0.00614929,0.00285723
0.97387698,-0.14551872,-0.17432134,-0.18335591,-0.95680057,-0.22563893,-0.13395609,0.25170741,-0.95848777,0.01021517,-0.00854558,0.0025852
0.97391361,-0.14599336,-0.17371877,-0.18357911,-0.95690614,-0.22500858,-0.13338284,0.25103006,-0.95874524,0.00417092,-0.00590956,0.00176154
0.97401323,-0.14686009,-0.17242487,-0.18393835,-0.95710929,-0.22384965,-0.13215485,0.24974807,-0.95925032,-0.00251575,-0.00468725,0.00262379
0.97405788,-0.14767719,-0.17147209,-0.18434154,-0.95729749,-0.2227084,-0.1312609,0.24854031,-0.95968621,,,
0.97405331,-0.14805801,-0.17116944,-0.18456732,-0.95737604,-0.22218463,-0.13097731,0.24801196,-0.95986197,,,
0.97404432,-0.14874485,-0.1706242,-0.18500227,-0.95746546,-0.22143594,-0.13042934,0.24725428,-0.96013193,-0.00957448,0.00375104,-0.00868016
0.97406017,-0.14948627,-0.16988419,-0.18546663,-0.95750759,-0.22086456,-0.1296492,0.24664322,-0.96039472,-0.00343673,0.01160049,-0.01786206
0.97408161,-0.14985252,-0.16943803,-0.18562705,-0.9576256,-0.22021792,-0.12925798,0.24596251,-0.96062216,0.0012043,0.00959361,-0.017529
0.97424829,-0.15024717,-0.16812514,-0.1855289,-0.95791294,-0.21904831,-0.12813783,0.24459951,-0.96112024,0.00406934,-0.0040853,-0.00618947
0.97446661,-0.1504813,-0.16664395,-0.18539984,-0.95791827,-0.21913269,-0.12665594,0.24443326,-0.96135857,0.0029761,-0.01334691,-0.00698165
0.97462176,-0.15111875,-0.16515308,-0.18570649,-0.9577664,-0.21953628,-0.12500205,0.24463484,-0.96152371,0.00698214,-0.00955403,-0.01159251
0.97460925,-0.15174207,-0.16465467,-0.18611674,-0.95782424,-0.218936,-0.12448845,0.24402204,-0.96174609,0.0064394,-0.01600456,-0.00902529
0.9746017,-0.15207556,-0.16439148,-0.18637886,-0.95777343,-0.21893609,-0.12415496,0.24401458,-0.96179128,0.00422789,-0.00743294,0.00314487
0.97453458,-0.15277501,-0.1641406,-0.18695797,-0.95774153,-0.21858098,-0.12381057,0.24370212,-0.96191475,0.003907,0.00164211,0.00699322
0.97448304,-0.15337373,-0.16388808,-0.18739146,-0.95782023,-0.21786418,-0.12356068,0.24301618,-0.96212049,0.00105866,-0.0049715,-0.00344707
0.9744909,-0.15355514,-0.16367131,-0.18754658,-0.95773549,-0.21810316,-0.12326296,0.24323554,-0.96210326,-0.00107503,-0.00882035,-0.0061019
0.97445866,-0.15362857,-0.16379434,-0.18793396,-0.95715039,-0.22032635,-0.12292741,0.24548144,-0.96157551,0.00568436,0.00100303,0.00209958
0.97425449,-0.15389484,-0.16475608,-0.1887088,-0.95650843,-0.22244198,-0.12335792,0.24780602,-0.96092394,-0.00162886,0.00788605,0.00285427
0.97414517,-0.15410071,-0.1652094,-0.18907896,-0.95633901,-0.22285541,-0.12365404,0.24833115,-0.96075023,-0.00545397,0.00216508,-0.00548995
0.97405251,-0.15460965,-0.16528024,-0.18973012,-0.95596731,-0.22389427,-0.12338631,0.24944342,-0.96049646,-0.00732865,0.00281143,-0.00415343
0.97396196,-0.1549779,-0.16546886,-0.19034007,-0.9554792,-0.22545524,-0.12316148,0.25108018,-0.9600989,,,
0.973945601,-0.155033272,-0.165513272,-0.190518899,-0.955234732,-0.226337289,-0.123014258,0.251973618,-0.95988343,0.0143630104,0.000961184502,0.00884233043
0.97419003,-0.15529832,-0.16381764,-0.19065045,-0.95462712,-0.22877718,-0.12085609,0.25410436,-0.95959591,0.00232998,0.00528646,-0.00731434
0.97412364,-0.15538216,-0.16413263,-0.19081505,-0.95459321,-0.22878269,-0.12113114,0.2541816,-0.95954107,0.00418541,0.00425708,0.0032097
0.97402946,-0.15550824,-0.16457152,-0.1910969,-0.9544525,-0.22913287,-0.12144368,0.25463128,-0.959382,0.00720903,0.00380874,0.00407219
0.97404913,-0.15564419,-0.16432644,-0.19128271,-0.95419375,-0.23005446,-0.12099264,0.25551715,-0.95920364,0.00433724,0.00155306,-0.00739445
0.97403529,-0.15561094,-0.16443993,-0.19138136,-0.95397954,-0.2308596,-0.12094805,0.25633613,-0.95899077,0.00278857,0.0142076,0.0092311
0.973893455,-0.155571987,-0.165314526,-0.191647367,-0.953782712,-0.231451076,-0.12166685,0.257090784,-0.958697701,-0.00201193965,0.0168662071,-0.000452012813
0.97372179,-0.15580316,-0.16610616,-0.1919351,-0.95400274,-0.23030286,-0.12258384,0.25613252,-0.95883735,-0.01485981,0.01336873,-0.02056123
0.97367997,-0.15599862,-0.16616781,-0.19201356,-0.95423017,-0.22929314,-0.12279294,0.25516461,-0.95906866,-0.00365637,0.00641763,-0.01742145
0.97371659,-0.15623352,-0.165732,-0.19190709,-0.95466965,-0.22754627,-0.12266898,0.25337072,-0.95955999,0.00558706,-0.01132429,0.00655578
0.97378685,-0.15656558,-0.16500419,-0.19194114,-0.9548559,-0.22673471,-0.12205639,0.25246238,-0.9598775,0.01148308,-0.00867248,0.00347564
0.97378416,-0.15666758,-0.16492329,-0.19201081,-0.9548598,-0.22666009,-0.12196832,0.25238505,-0.95990921,0.00849793,-0.00283712,-0.00286744
0.9737132,-0.15687569,-0.16514422,-0.19230095,-0.95474671,-0.22688883,-0.12207759,0.25268205,-0.95981681,0.00579547,-0.00409049,-0.0031062
0.97350925,-0.15720378,-0.16603228,-0.19288252,-0.9545729,-0.22712715,-0.12278468,0.25313511,-0.95960741,0.00159557,0.00237966,-0.0119742
0.97336052,-0.15740876,-0.16670866,-0.19325793,-0.95449824,-0.22712229,-0.12337209,0.25328964,-0.95949139,0.00311973,0.00804436,-0.00902493
0.973176544,-0.157926993,-0.167291601,-0.19391277,-0.954373383,-0.227088765,-0.123795203,0.253437437,-0.959397851,0.00585115328,0.000579118729,-0.0103565045
0.97310261,-0.15864498,-0.16704211,-0.19462165,-0.95410013,-0.22762884,-0.12326276,0.25401623,-0.95931307,0.01246985,-0.00534886,0.01208899
0.97302797,-0.15892865,-0.16720722,-0.19500065,-0.95391543,-0.22808011,-0.12325305,0.25453384,-0.95917759,0.00422604,-0.00401115,0.02243241
0.97282591,-0.15950728,-0.16783076,-0.19582953,-0.95356064,-0.22885043,-0.12353353,0.25549785,-0.95888473,-0.00847742,-0.01211429,0.00825168
0.972584658,-0.159974288,-0.16878182,-0.196745569,-0.952981887,-0.23046962,-0.123976839,0.257358295,-0.958329793,0.0105842119,0.000903487206,0.00346679217
0.97245929,-0.16009374,-0.16938982,-0.19717977,-0.95259866,-0.2316796,-0.1242701,0.25869923,-0.95793066,0.02027287,0.0057745,-0.00233044
0.97212298,-0.16061736,-0.17081855,-0.19821084,-0.95212452,-0.23274753,-0.12525723,0.26011731,-0.95741823,0.00166467,0.02318692,-0.02313646
0.97181675,-0.16159174,-0.17164007,-0.19926615,-0.95212273,-0.23185138,-0.12595716,0.25951911,-0.95748858,-0.0015099,0.00374293,-0.01493795
0.97169846,-0.16197034,-0.17195265,-0.19972447,-0.95201862,-0.23188452,-0.12614372,0.25966499,-0.95742446,0.01124831,-0.00439405,-0.01623034
0.97138786,-0.16243695,-0.17326244,-0.20057639,-0.9517546,-0.23223373,-0.12717997,0.26034138,-0.95710388,0.01178351,0.01331162,-0.01037345
0.97105543,-0.16272297,-0.17485021,-0.20120323,-0.9517618,-0.23166111,-0.12871915,0.2601362,-0.95695385,-0.00150536,0.01962066,-0.02012764
0.97086334,-0.162762403,-0.175877166,-0.201487855,-0.951751505,-0.231455993,-0.129719011,0.26014925,-0.956815294,-0.000318736769,0.026322484,-0.014276416
0.97050139,-0.16238047,-0.1782123,-0.20167138,-0.95182701,-0.23098408,-0.13212,0.2601107,-0.95649693,0.00297899,0.03584981,0.00712362
0.97025868,-0.16209071,-0.17979071,-0.20169848,-0.95201194,-0.23019771,-0.13384999,0.25961484,-0.9563913,0.00741213,0.01233816,0.01045074
0.9701506,-0.16199282,-0.1804609,-0.20163878,-0.95226837,-0.22918736,-0.13472049,0.25873417,-0.95650777,-0.01421296,-0.00553679,-0.00403972
0.96997641,-0.16162951,-0.1817186,-0.20149353,-0.95250584,-0.22832468,-0.13618408,0.25808469,-0.95647549,-0.00770911,-0.02005672,0.00197514
0.96960707,-0.1624176,-0.18298266,-0.20239952,-0.95265227,-0.22690939,-0.13746479,0.25704856,-0.95657162,-0.02408273,-0.08054745,-0.0018536
0.96953097,-0.16263671,-0.18319116,-0.20268045,-0.95257496,-0.22698301,-0.13758757,0.25719633,-0.9565142,-0.02384599,-0.06606942,0.00701246
0.96951,-0.1629963,-0.18298242,-0.20292302,-0.95261567,-0.22659598,-0.1373776,0.25681841,-0.95664612,-0.00632129,-0.02420676,-0.01519239
0.969525042,-0.16301619,-0.182884976,-0.202833565,-0.952772528,-0.226015705,-0.137403558,0.256223097,-0.956801981,-0.000934643205,-0.0228507519,0.00407254696
0.96973894,-0.16300597,-0.18175653,-0.20252702,-0.95283722,-0.22601758,-0.13634218,0.25598866,-0.95701646,-0.00404901,-0.01520294,-0.00163253
0.96999086,-0.16315818,-0.18026961,-0.20224002,-0.9529756,-0.22569082,-0.13496925,0.25537577,-0.95737474,-0.01223949,-0.01738399,-0.01580893
0.97010783,-0.16292148,-0.17985378,-0.20196763,-0.95291696,-0.22618235,-0.13453575,0.25574592,-0.95733708,0.00958758,-0.00604671,-0.00452475
0.97031025,-0.16258457,-0.17906501,-0.20154213,-0.95281601,-0.22698589,-0.1337116,0.25633588,-0.95729479,0.0151478,0.00130808,0.00708437
0.970751226,-0.16142107,-0.177722503,-0.2003247,-0.952592515,-0.228991244,-0.132333156,0.257895742,-0.957066976,-0.00847112481,0.0302717686,0.000320835738
0.97059792,-0.16013228,-0.17971457,-0.1996332,-0.95265898,-0.22931997,-0.13448515,0.25845448,-0.95661655,0.03352323,0.04149234,0.00551475
0.97073516,-0.15877352,-0.18017829,-0.19859661,-0.95257806,-0.23055239,-0.13502827,0.25958811,-0.9562329,0.03935865,0.11771822,-0.00435237
0.9711015,-0.15774163,-0.17910736,-0.19757953,-0.95230332,-0.23255269,-0.13388129,0.26122021,-0.95594971,0.00652298,0.00435019,-0.01996562
0.97108963,-0.15764886,-0.17925337,-0.19750481,-0.95235848,-0.23238961,-0.13407753,0.26107454,-0.95596184,-0.05226983,-0.14404738,-0.02711502
0.97085426,-0.15729417,-0.18083295,-0.19787075,-0.95178032,-0.23443824,-0.13523749,0.26338691,-0.95516389,-0.01716706,-0.03577578,0.01835674
0.970676724,-0.156740503,-0.182261089,-0.198014978,-0.951229636,-0.236541308,-0.136296583,0.265695571,-0.954373432,0.0333450064,7.39097595e-05,0.0116631435
0.97027855,-0.15644669,-0.18461841,-0.1987181,-0.95048474,-0.23893447,-0.1380965,0.26852001,-0.95332375,,,
0.96995553,-0.15681317,-0.18599972,-0.19957239,-0.95010982,-0.23971353,-0.1391299,0.26963187,-0.95285986,-0.01110455,0.01415896,-0.01874562
0.96977863,-0.15698331,-0.186777,-0.20004724,-0.94984997,-0.24034494,-0.13968003,0.27044562,-0.95254827,-0.00743421,0.00582027,-0.01762952
0.96974316,-0.15722448,-0.1867583,-0.2005973,-0.9491796,-0.24252495,-0.13913635,0.27265013,-0.95199922,0.01626929,-0.00728548,-0.01445415
0.9695234,-0.15797339,-0.18726662,-0.20202214,-0.94790872,-0.24628427,-0.13860532,0.27661036,-0.9509338,0.03122718,-0.00386095,-0.01425459
0.9689879,-0.15827518,-0.18976675,-0.20359909,-0.94656118,-0.25013803,-0.14003522,0.28101706,-0.949431,0.0288674,0.01269913,0.0216526
0.96850694,-0.15870301,-0.19185319,-0.20493032,-0.94572386,-0.25220941,-0.14141377,0.2835831,-0.94846319,0.01135989,-0.0010519,0.00561334
0.967256747,-0.160114711,-0.196920441,-0.207935129,-0.944821069,-0.253132054,-0.145524441,0.285790367,-0.947178024,-0.000317228492,-0.00200462341,0.0161142182
0.96638583,-0.16118691,-0.20029281,-0.21005793,-0.94421594,-0.25363749,-0.14823662,0.28718477,-0.9463355,-0.0057087,0.00754356,0.00732873
0.9659444,-0.16188502,-0.20185302,-0.21117901,-0.94400665,-0.25348448,-0.1495153,0.28747904,-0.94604466,-0.00420523,0.00624955,0.00669893
0.96511512,-0.16325675,-0.20469495,-0.21343046,-0.94339132,-0.25388964,-0.15165827,0.28872087,-0.9453252,0.00404519,0.00531387,0.00735534
0.96426045,-0.16447639,-0.20772409,-0.21564992,-0.94268683,-0.25463096,-0.15393796,0.29032625,-0.94446495,-0.00692065,0.02103209,-0.02024577
0.96374004,-0.16520373,-0.20955396,-0.21682536,-0.94255832,-0.2541069,-0.15553745,0.29032961,-0.94420154,-0.00868336,0.01913118,-0.03838767
0.96273861,-0.16615318,-0.21337172,-0.21889431,-0.94209733,-0.25404263,-0.15880696,0.2912825,-0.94336346,0.00451107,-0.02664495,-0.01420489
0.96192464,-0.166299,-0.21690004,-0.22023888,-0.94157392,-0.25481952,-0.16185123,0.292887,-0.94234865,-0.00423328,-0.00748843,0.00510902
0.96072337,-0.16658014,-0.22194967,-0.22223953,-0.9408208,-0.25586274,-0.16619322,0.2951393,-0.94088922,-0.0070049,-0.0034343,0.03412564
0.9597236,-0.16696543,-0.22594944,-0.22399533,-0.94018298,-0.25667483,-0.16957801,0.29694852,-0.93971527,-0.00320618,-0.00952935,0.00706159
0.95939232,-0.1669589,-0.22735674,-0.224536,-0.93988682,-0.25728553,-0.17073354,0.29788754,-0.93920848,0.00760448,0.02613735,0.01656738
0.95902191,-0.1664646,-0.22927387,-0.22479333,-0.93960867,-0.2580762,-0.17246719,0.29903997,-0.93852543,0.00209076,0.00417852,0.01546431
0.95881079,-0.16663871,-0.23002916,-0.22518777,-0.9395322,-0.2580108,-0.17312523,0.2991833,-0.93835861,-0.02118572,-0.01022434,-0.00704293
0.95874069,-0.1667479,-0.2302421,-0.22540171,-0.93942065,-0.25822962,-0.17323498,0.29947221,-0.93824606,-0.00684243,0.06074882,0.0061221
0.95835484,-0.16772387,-0.23113787,-0.22651326,-0.93933891,-0.25755415,-0.17391881,0.29918405,-0.93821166,-0.00765062,-0.05184698,0.01376555
0.95840902,-0.16779923,-0.23085833,-0.22666987,-0.93904829,-0.25847378,-0.17341546,0.30005223,-0.93802738,-0.00739834,-0.04134047,0.01930447
0.9584984,-0.16762074,-0.23061676,-0.22694102,-0.93819941,-0.2613032,-0.1725647,0.3027951,-0.93730266,-0.00618057,-0.00619835,0.0459144
0.95800006,-0.16761635,-0.23268142,-0.22756554,-0.93808545,-0.26116976,-0.17449873,0.30315092,-0.93682963,-0.02670159,0.03164995,-0.00855308
0.95819493,-0.16752186,-0.23194593,-0.22696826,-0.93863646,-0.25970587,-0.17420648,0.30149321,-0.93741884,-0.00603619,-0.00883156,0.02129752
0.95888202,-0.16632082,-0.22996229,-0.22549307,-0.9385014,-0.26147303,-0.17233151,0.30257668,-0.93741631,-0.00580013,-0.01223117,0.02463047
0.95959837,-0.16528738,-0.22770824,-0.22388758,-0.93870641,-0.26211528,-0.17042685,0.30250644,-0.93778693,-0.01238577,0.0163064,-0.02823109
0.95966774,-0.16520431,-0.22747604,-0.223654,-0.93888334,-0.26167984,-0.17034289,0.30200163,-0.93796465,-0.01012374,0.0047884,-0.01821632
0.9602223,-0.16444813,-0.22567661,-0.22257731,-0.93878349,-0.26295363,-0.16861928,0.30272443,-0.93804326,0.00132577,0.00305867,0.01715819
0.96065266,-0.16379715,-0.22431441,-0.2217938,-0.93852444,-0.2645356,-0.16719441,0.30387837,-0.93792519,-0.01541057,-0.00264239,0.01262342
0.96075545,-0.16362955,-0.22399627,-0.22154767,-0.93855378,-0.26463834,-0.16692989,0.30387858,-0.93797241,-0.01167825,-0.0027765,-0.00440829
0.961386367,-0.162687765,-0.221966099,-0.220021037,-0.938857146,-0.264836302,-0.165308806,0.303447218,-0.938399194,0.0146849705,0.00150871277,-0.000561190303
0.9619454,-0.16268926,-0.21952961,-0.21931345,-0.93892609,-0.26517771,-0.16298053,0.30323228,-0.93887557,-0.01495448,0.01031744,-0.02339707
0.96281418,-0.16275675,-0.21563648,-0.2178741,-0.93972641,-0.2635243,-0.15974894,0.30070654,-0.94024239,0.01552658,-0.00407481,0.01972388
0.963029347,-0.162808718,-0.214634084,-0.217380091,-0.940224512,-0.262151364,-0.15912374,0.299116638,-0.940855168,0.000840845518,0.00133872032,-0.0126152998
0.96312726,-0.16327417,-0.21383973,-0.21731266,-0.94069477,-0.26051553,-0.15862248,0.29737969,-0.94149032,-0.00212331,-0.00918978,-0.00099839
0.96304486,-0.16338373,-0.21412699,-0.21738436,-0.94088151,-0.25978134,-0.15902405,0.29672894,-0.94162817,0.00266465,-0.0059315,0.00748892
0.96296264,-0.16337189,-0.21450539,-0.21740172,-0.94101983,-0.25926391,-0.15949743,0.29629531,-0.94168427,0.01033518,0.00928879,0.010642
0.96319352,-0.163302,-0.21351979,-0.21699648,-0.9411693,-0.25906159,-0.158653,0.29585948,-0.94196413,0.0071416,0.01112592,-0.00201865
0.9633082,-0.16342927,-0.21290416,-0.21681764,-0.94139756,-0.25838045,-0.15820056,0.29506138,-0.94229033,-0.00693392,-0.0098142,-0.02841506
0.9634056,-0.16374631,-0.21221872,-0.21671612,-0.94175108,-0.2571744,-0.15774588,0.29375448,-0.94277473,-0.01051017,0.0032897,-0.02248429
0.96327386,-0.16405415,-0.21257872,-0.21693419,-0.9420138,-0.25602632,-0.15824991,0.29273906,-0.94300622,0.00364433,0.01671147,-0.0062834
0.96320766,-0.16431397,-0.21267797,-0.21703657,-0.94228382,-0.25494354,-0.15851223,0.29172246,-0.94327713,0.00931152,0.00924528,-0.00856124
0.96355016,-0.16450372,-0.210973,-0.21657111,-0.94261127,-0.25412758,-0.1570606,0.29055533,-0.94387999,0.02273445,0.01509976,0.01063936
0.9635172,-0.16464145,-0.21101611,-0.21661652,-0.9427664,-0.25351293,-0.15720016,0.28997364,-0.94403571,0.00458708,0.02603304,-0.01072884
0.9632218,-0.16520272,-0.21192411,-0.21702322,-0.94333648,-0.25103194,-0.1584446,0.28779189,-0.94449509,-0.0099418,0.01419377,-0.01591618
0.96305686,-0.1657745,-0.21222696,-0.21711827,-0.94418676,-0.24773045,-0.15931455,0.28465686,-0.9452982,0.01106047,0.00716519,0.00533401
0.96310558,-0.16604626,-0.21179301,-0.21698242,-0.94464442,-0.24610007,-0.15920512,0.28297571,-0.94582142,0.00631561,-0.01200408,0.00478593
0.96310449,-0.16637807,-0.21153743,-0.21702394,-0.94495816,-0.24485709,-0.15915514,0.28173164,-0.94620148,-0.00579429,-0.01347786,-0.01901307
0.96310449,-0.1664108,-0.21151168,-0.21699931,-0.94503961,-0.24456448,-0.15918871,0.28143904,-0.94628292,-0.00235455,-0.00648659,-0.02099359
0.962808812,-0.166657137,-0.212660743,-0.217203186,-0.945559937,-0.242361773,-0.160692155,0.279538641,-0.946591901,0.0053798724,-0.000315785408,-0.00827904698
0.96275932,-0.16671198,-0.21284175,-0.21723879,-0.9456581,-0.24194546,-0.16094036,0.27917273,-0.94665745,0.00267788,0.0028286,-0.0100004
0.96261112,-0.16666665,-0.21354637,-0.21728519,-0.94581706,-0.24128233,-0.16176209,0.27866152,-0.94666822,0.00396517,0.00133038,-0.00430687
0.96246248,-0.1665322,-0.21431984,-0.21732587,-0.94588333,-0.24098531,-0.16258978,0.27851657,-0.94656897,,,
0.96239628,-0.16642175,-0.21470259,-0.21734175,-0.94585943,-0.24106503,-0.16296002,0.27866393,-0.94646199,-0.00286505,-0.00475454,-0.00373124
0.96223031,-0.16593332,-0.21582163,-0.21735987,-0.94559879,-0.24206999,-0.16391317,0.27983804,-0.94595106,-0.00360767,-0.00709236,-0.00451128
0.9621301,-0.16578501,-0.21638161,-0.21733396,-0.94566764,-0.24182269,-0.16453455,0.27969197,-0.94588601,-0.0053592,-0.00625271,-0.00371589
0.96206316,-0.16551547,-0.216885,-0.21717805,-0.94575841,-0.24160904,-0.16513076,0.27954581,-0.94582566,,,
0.96204635,-0.1651758,-0.21721825,-0.21692518,-0.94583922,-0.24151884,-0.1655605,0.27947243,-0.94577196,,,
0.96201255,-0.16496897,-0.21752492,-0.2167922,-0.94589725,-0.24141207,-0.1659307,0.27939914,-0.94572901,-0.00708906,-0.00236994,0.0043941
0.96211287,-0.16415867,-0.21769418,-0.2162297,-0.94575641,-0.24246511,-0.16608294,0.28035075,-0.94542039,-0.01205472,0.01087642,-0.00543838
0.96212959,-0.16407395,-0.21768415,-0.21614645,-0.94577115,-0.24248192,-0.16609444,0.28035069,-0.94541841,-0.01430147,0.01271677,-0.00369157
0.96207864,-0.16392894,-0.21801831,-0.21604086,-0.94588321,-0.2421386,-0.16652635,0.28005724,-0.94542938,-0.00361365,-0.00351828,0.00236663
0.96206104,-0.16366267,-0.21829586,-0.21580521,-0.94601619,-0.24182875,-0.16693311,0.27976341,-0.94544457,0.00821469,-0.00244761,0.00927291
0.96206078,-0.16359186,-0.21835008,-0.21571253,-0.94609351,-0.24160902,-0.16705435,0.27954341,-0.94548827,0.00722101,-0.00612122,0.00675396
0.96219428,-0.1629848,-0.21821575,-0.21513908,-0.94613367,-0.2419632,-0.16702496,0.27976234,-0.94542881,-0.00465319,0.00874996,0.00709973
0.96221058,-0.16282076,-0.21826634,-0.21496957,-0.94620537,-0.24183349,-0.16714928,0.27961536,-0.94545033,-0.01211369,0.00868249,0.00731188
0.96222628,-0.16257168,-0.21838274,-0.21464468,-0.94644294,-0.24119072,-0.16747606,0.27895475,-0.94558742,,,
0.96225883,-0.16229181,-0.2184475,-0.21434215,-0.94657792,-0.24093108,-0.16767643,0.27866057,-0.94563894,,,
0.962292145,-0.162212684,-0.218359503,-0.214179763,-0.946699336,-0.240598023,-0.167692744,0.278293775,-0.94574401,0.00301840529,-0.0044464469,-0.000857904495
0.96232478,-0.16198936,-0.21838148,-0.21390729,-0.94684574,-0.24026483,-0.16785319,0.27792619,-0.94582383,-0.00218379,-0.00568104,-0.00392781
0.96237359,-0.16159089,-0.21846158,-0.21354731,-0.94691429,-0.24031509,-0.16803162,0.27792478,-0.94579261,0.00353315,-0.00298184,0.01574036
0.96242329,-0.16137621,-0.21840128,-0.21334059,-0.9469292,-0.24043857,-0.1680095,0.27799754,-0.94577481,0.00273839,0.00100458,0.01519051
0.96248913,-0.161071,-0.21833649,-0.21298131,-0.94706777,-0.2402121,-0.16808822,0.27770312,-0.94584754,-0.00865166,0.00496984,-0.00831664
0.96241964,-0.16082766,-0.21882163,-0.21280472,-0.94721719,-0.23977844,-0.1687086,0.27733375,-0.94584531,,,
0.962435745,-0.160728782,-0.218823427,-0.212658504,-0.947320047,-0.239501484,-0.16880105,0.277039453,-0.945915017,0.00459719403,0.00557172298,0.000613703509
0.96267077,-0.16043222,-0.2180057,-0.21213344,-0.94743432,-0.23951512,-0.16812015,0.27682051,-0.94610037,0.00930895,-0.01641637,0.01450354
0.96283792,-0.16007674,-0.21752831,-0.21180577,-0.94727948,-0.24041557,-0.16757519,0.27755498,-0.94598178,0.00405844,0.00576377,0.00547286
0.96273461,-0.15987821,-0.21813075,-0.21159687,-0.94759312,-0.23936161,-0.1684305,0.27659749,-0.94611042,-0.00851751,0.01629329,-0.01694502
0.962716241,-0.159852519,-0.218230629,-0.211322334,-0.948046802,-0.237802353,-0.168879562,0.275053195,-0.94648046,0.000130075146,0.0108742714,-0.00451983837
0.96274956,-0.15987203,-0.21806928,-0.21115713,-0.94827774,-0.23702713,-0.16889625,0.27424465,-0.9467121,0.01074509,-0.00337136,0.00622015
0.96286641,-0.15976382,-0.21763223,-0.21078945,-0.94855046,-0.23626087,-0.16868928,0.27336224,-0.9470039,0.00657449,-0.00929332,0.0156066
0.96294951,-0.15957972,-0.2173995,-0.21055672,-0.94858157,-0.23634405,-0.16850548,0.27336231,-0.94703674,,,
0.962948457,-0.159503306,-0.217460235,-0.210393859,-0.948764147,-0.23575517,-0.168714797,0.272772381,-0.947169483,-8.66099726e-05,-0.00209218264,-0.00738405716
0.96299755,-0.15934749,-0.21735705,-0.21014128,-0.94891748,-0.23536336,-0.16874937,0.27233003,-0.94729069,,,
0.96306318,-0.15919695,-0.21717649,-0.20980936,-0.949175,-0.23461956,-0.16878783,0.27151913,-0.9475165,0.00354593,-0.00868022,0.01365329
0.96326375,-0.15896911,-0.21645269,-0.20945498,-0.94914963,-0.23503941,-0.16808199,0.27174203,-0.94757831,-0.00185263,0.00435662,-0.01453987
