0,1,2,3,4,5,6,7,8,9,10,11,12,13,14
-0.51531513,-0.1399116,-0.84550281,0.23321877,-0.9722436,0.01874269,-0.82465705,-0.18752874,0.53364192,-0.01741873,-0.00262904,0.00636887,,,
-0.515370605,-0.139516182,-0.845534261,0.233166648,-0.972264325,0.0183071989,-0.824637051,-0.187715407,0.533607161,-0.0113169989,0.000483691663,-0.00102816336,,,
-0.51547695,-0.13895589,-0.84556184,0.23320739,-0.97226762,0.01760875,-0.8245592,-0.18811436,0.53358703,0.00384234,-0.00366575,0.00460944,,,
-0.51559665,-0.13854727,-0.8455557,0.23332388,-0.9722497,0.01703201,-0.82445118,-0.18850671,0.53361538,0.01022905,-0.00288135,0.00325838,,,
-0.51541725,-0.13834138,-0.84569903,0.23328082,-0.97226313,0.01687039,-0.82457579,-0.18859007,0.53339346,0.01103291,-0.00347579,0.00322349,,,
-0.51525586,-0.13797729,-0.84585672,0.2332461,-0.9722774,0.01651672,-0.82468635,-0.18878245,0.53315438,0.00162767,0.00450867,0.00344355,,,
-0.51529266,-0.13781977,-0.84585993,0.23310789,-0.97231221,0.01641531,-0.82470238,-0.18871794,0.53315238,-0.00322604,-0.00219434,-0.00496604,,,
-0.51534346,-0.1377741,-0.84583652,0.23308446,-0.9723188,0.01636462,-0.82467737,-0.18871795,0.53319113,-0.01047764,-0.00182784,0.00715345,,,
-0.51534808,-0.13754377,-0.84587127,0.23293931,-0.97235655,0.01619249,-0.82471557,-0.18869189,0.5331413,,,,,,
-0.51501611,-0.13751473,-0.84607807,0.23292779,-0.97235819,0.01625383,-0.82492608,-0.18870412,0.53281114,0.00446028,0.00270718,0.00769438,,,
-0.51484995,-0.13746052,-0.84618796,0.23296083,-0.97235089,0.01621388,-0.82502043,-0.18878094,0.5326378,0.00136543,0.00315112,0.00626196,,,
-0.51460531,-0.13710904,-0.84639371,0.23290397,-0.97236946,0.01591106,-0.82518904,-0.18894056,0.53231989,-0.00431848,0.00481552,0.0028709,,,
-0.51425916,-0.13684891,-0.84664615,0.23289402,-0.9723751,0.01570974,-0.8254076,-0.18909996,0.53192428,,,,,,
-0.51411147,-0.1367159,-0.84675745,0.23285793,-0.97238534,0.01561912,-0.8255099,-0.18914422,0.53174982,-0.00732348,-0.00272822,0.00437998,,,
-0.51376492,-0.13649559,-0.84700314,0.23280923,-0.97239892,0.01548866,-0.82573921,-0.18923263,0.53136212,0.00125898,0.00441772,0.00457187,,,
-0.51353373,-0.13633543,-0.84716902,0.23278967,-0.97240524,0.01537818,-0.82588841,-0.18931501,0.53110078,0.00277537,0.00190932,0.00883679,,,
-0.513386003,-0.136242247,-0.847273723,0.232714812,-0.972423678,0.0153582674,-0.82600153,-0.189288431,0.530934394,-0.00412655622,-0.000384390325,0.00863438658,,,
-0.51317325,-0.13600344,-0.84744102,0.23262623,-0.97244747,0.0151971,-0.82615874,-0.18933826,0.53067199,-0.00719802,-0.00219047,-0.00241827,,,
-0.512909494,-0.135890043,-0.847618901,0.232483378,-0.972481185,0.0152280464,-0.826362744,-0.189246692,0.530386955,-0.0097022932,0.00067150587,-0.00314440439,,,
-0.51284468,-0.13582404,-0.84766877,0.23239201,-0.97250311,0.015228,-0.82642874,-0.18918184,0.53030729,0.00225399,-0.00388652,-0.00421654,,,
-0.51293185,-0.13554125,-0.84766108,0.23230801,-0.97252749,0.01493452,-0.82639805,-0.18925807,0.53032782,0.00400024,-0.00335276,0.00502443,,,
-0.513019281,-0.135139094,-0.847672515,0.232340532,-0.9725275,0.0144292925,-0.826334766,-0.189546175,0.530323597,0.000465521123,0.00445443345,0.00543397386,,,
-0.51298677,-0.13502642,-0.84771011,0.23237252,-0.9725219,0.01428804,-0.82634592,-0.18965496,0.53026731,-0.00159365,0.0012601,0.00548871,,,
-0.512954265,-0.13491379,-0.847747679,0.232404453,-0.972516299,0.014146901,-0.826357083,-0.189763626,0.530211013,-0.00343470741,0.000846147479,-0.0045734928,,,
-0.51293591,-0.13503228,-0.84773983,0.23243474,-0.97250719,0.01426821,-0.82635987,-0.18972552,0.53022026,,,,,,
-0.51301915,-0.1350196,-0.84769152,0.232457,-0.97250266,0.01421746,-0.82630197,-0.18975801,0.53029888,-0.00306133,0.00268775,0.00518792,,,
-0.51286706,-0.13527612,-0.84774275,0.23241079,-0.97250843,0.01458146,-0.82640948,-0.18954621,0.53020714,0.00848595,0.00327247,0.0110685,,,
-0.512580682,-0.13551148,-0.847878277,0.232443255,-0.972495656,0.0149059136,-0.826577925,-0.189443109,0.529981327,-0.000512604835,-0.00438129855,0.00668598339,,,
-0.51238177,-0.13546405,-0.84800611,0.23239176,-0.97250753,0.01493681,-0.82671575,-0.18941628,0.52977592,-0.00774382,-0.00290698,-0.00525754,,,
-0.51246507,-0.13549117,-0.84795148,0.23237525,-0.97251122,0.01495661,-0.82666881,-0.18937819,0.5298628,0.00117007,-0.00274426,-0.00537417,,,
-0.51292757,-0.13585117,-0.84761399,0.23237545,-0.97250644,0.01524793,-0.82638167,-0.18914361,0.53039413,0.00573373,-0.00100636,0.00941998,,,
-0.51320973,-0.13596548,-0.84742489,0.23237155,-0.97250648,0.0153075,-0.82620761,-0.18906149,0.53069452,0.00278717,0.00229996,0.00377231,,,
-0.513505916,-0.136311042,-0.847190091,0.232366042,-0.972502868,0.0156299571,-0.826025286,-0.188832128,0.531059957,-0.00608699862,0.00025779006,0.000113134971,,,
-0.51355212,-0.13661502,-0.84711287,0.23237126,-0.97249593,0.01596339,-0.82599485,-0.18864667,0.53117309,-0.00892728,-0.00226319,0.00862444,,,
-0.51351972,-0.13658202,-0.84713784,0.23232555,-0.97250685,0.01596339,-0.82602785,-0.18861427,0.53113327,,,,,,
-0.51343679,-0.1365549,-0.84719265,0.23234204,-0.97250344,0.01594344,-0.82607494,-0.18865252,0.53104652,,,,,,
-0.51343679,-0.1365549,-0.84719265,0.23234204,-0.97250344,0.01594344,-0.82607494,-0.18865252,0.53104652,,,,,,
-0.51290531,-0.13627956,-0.8475589,0.23247307,-0.97247644,0.01568268,-0.82636825,-0.18899088,0.53046958,0.00484232,0.01064366,0.00713539,,,
-0.512188562,-0.136148125,-0.848013177,0.232589516,-0.972449001,0.0156452887,-0.826779764,-0.189225649,0.529744098,-0.000458775612,-0.00625097705,0.00251685921,,,
-0.51192052,-0.13622523,-0.84816278,0.23263035,-0.97243726,0.01577792,-0.82693442,-0.18923136,0.52950068,-0.01009214,-0.00672847,0.00351697,,,
-0.511888125,-0.136192284,-0.848187687,0.232584628,-0.972448268,0.0157779307,-0.8269674,-0.189198874,0.52946081,-0.0100191897,-0.00233602501,-0.000256891828,,,
-0.511869734,-0.136390597,-0.848166872,0.232537008,-0.972455304,0.0160405998,-0.826992126,-0.189019486,0.529486238,-0.00481413025,-0.000417232484,0.00764365168,,,
-0.511587162,-0.136316166,-0.84834916,0.232501772,-0.972463382,0.016051825,-0.827176717,-0.189030786,0.529193712,0.00770484982,-0.000557541789,0.00170035078,,,
-0.51138818,-0.136229009,-0.848483246,0.232489,-0.972467231,0.0160122445,-0.827303467,-0.189074547,0.528979961,0.00344430539,0.00438803388,0.000253206352,,,
-0.51092452,-0.13594894,-0.84880733,0.23241085,-0.97248825,0.01586266,-0.82761174,-0.18916742,0.52846423,0.00864442,-0.00303316,-0.00221193,,,
-0.51034075,-0.13587896,-0.84916965,0.23240927,-0.97248743,0.01593634,-0.82797229,-0.18922194,0.52787962,-0.00445056,-0.00894481,-0.00774062,,,
-0.51002527,-0.13569189,-0.84938904,0.23240612,-0.97249025,0.01580671,-0.82816751,-0.1893414,0.52753043,-0.01092671,-0.00654477,-0.01223666,,,
-0.50982963,-0.13529472,-0.84956968,0.23232643,-0.9725148,0.01545395,-0.82831017,-0.18949864,0.52724984,-0.01289665,-0.00109333,-0.01585532,,,
-0.509532296,-0.134789281,-0.84982853,0.23248815,-0.97248574,0.0148505574,-0.828447911,-0.190008233,0.526849961,-0.00405801134,0.000336348981,-0.0183528531,,,
-0.509416198,-0.13452941,-0.849939323,0.232653682,-0.972451787,0.0144784536,-0.82847286,-0.190365962,0.526681576,-0.00942779891,0.000303804845,-0.0100371977,,,
-0.509049344,-0.134028231,-0.850238166,0.233024554,-0.972373237,0.0137660964,-0.828594027,-0.191118762,0.526218087,0.000611221418,-0.0110054603,-0.00522840163,,,
-0.509049344,-0.134028231,-0.850238166,0.233024554,-0.972373237,0.0137660964,-0.828594027,-0.191118762,0.526218087,0.000611221418,-0.0110054603,-0.00522840163,,,
-0.508297066,-0.133224009,-0.850814505,0.233718544,-0.972222489,0.0126054777,-0.828860423,-0.192443808,0.525314894,0.00601711078,0.000360667676,-0.000326765468,,,
-0.50712574,-0.13252291,-0.85162272,0.23426192,-0.9721023,0.01177233,-0.82942445,-0.19353272,0.52402308,-0.01003971,-0.0013898,-0.01354124,,,
-0.50664517,-0.13133087,-0.85209323,0.23484894,-0.97197867,0.01016992,-0.82955207,-0.19496065,0.52329122,-0.01121094,0.0054397,0.00916353,,,
-0.50672884,-0.13091836,-0.85210687,0.23526045,-0.97188664,0.0094173,-0.82938426,-0.19569503,0.52328305,-0.00656621,0.00815576,-0.00137352,,,
-0.506812682,-0.130306394,-0.852150881,0.23586596,-0.97175001,0.00831470052,-0.8291611,-0.196779391,0.523230097,-0.00244135433,0.000799179019,0.00906700641,,,
-0.507413328,-0.130090604,-0.85182635,0.236368469,-0.971633851,0.00758831036,-0.828650495,-0.197494481,0.523769301,0.0144409761,0.000857472362,0.011739837,,,
-0.507748158,-0.129960917,-0.85164665,0.23653446,-0.971596127,0.00724430639,-0.828398036,-0.197765494,0.52406633,0.0144312801,-9.05990528e-05,0.0118844761,,,
-0.50832981,-0.13006402,-0.85128381,0.23687214,-0.97151567,0.00698951,-0.82794466,-0.19809245,0.52465895,0.01521929,0.00819689,0.0118033,,,
-0.50799524,-0.12991439,-0.8515063,0.23697789,-0.97149087,0.00684317,-0.82811968,-0.19831187,0.52429969,0.01083028,0.0068205,0.02119584,,,
-0.50760981,-0.12988991,-0.85174005,0.23702955,-0.97147817,0.0068879,-0.82834141,-0.19839118,0.52391938,0.00690934,0.00336355,0.00454827,,,
-0.50662302,-0.1296017,-0.85237098,0.23704503,-0.97147458,0.00681896,-0.82894062,-0.19859568,0.52289305,-0.0051828,-0.00441831,0.00327936,,,
-0.50594181,-0.12896071,-0.85287275,0.23699778,-0.97148967,0.00630446,-0.82937015,-0.19893927,0.52208074,0.02193751,0.00439233,0.00501532,,,
-0.50574503,-0.12848303,-0.85306164,0.23699674,-0.9714931,0.00581489,-0.82949057,-0.19923197,0.52177778,0.0311512,0.01481312,0.0085514,,,
-0.50512828,-0.12802787,-0.85349513,0.2369241,-0.9715123,0.00551096,-0.82988677,-0.19942985,0.52107157,0.01460865,0.00317138,0.01064999,,,
-0.50422655,-0.12765734,-0.85408386,0.23666196,-0.97157652,0.0055002,-0.83050993,-0.19935581,0.52010626,-0.01340243,-0.00573426,0.00805564,,,
-0.50380963,-0.12745027,-0.85436064,0.23644573,-0.97162893,0.00551375,-0.83082435,-0.19923206,0.51965126,-0.02598092,-0.00188893,0.01306437,,,
-0.50337782,-0.12717209,-0.85465665,0.23607605,-0.97171872,0.00554615,-0.83119121,-0.19897216,0.51916398,-0.00504323,0.00122941,0.00835859,,,
-0.502978626,-0.126967086,-0.854922125,0.23571286,-0.971806316,0.00564833366,-0.831535885,-0.198675149,0.518725602,0.0197613593,-0.0116749993,-0.000894458964,,,
-0.50252778,-0.12660749,-0.8552404,0.2355677,-0.97184249,0.00545252,-0.83184942,-0.19872699,0.51820272,0.01876543,0.00115901,-0.00718655,,,
-0.50145675,-0.12583369,-0.85598292,0.23531101,-0.97190697,0.00502385,-0.83256808,-0.19890298,0.51697962,0.01185894,0.00742322,-0.01124574,,,
-0.50016129,-0.12536104,-0.85680978,0.23517702,-0.97193989,0.00492167,-0.83338476,-0.19904036,0.51560904,-0.0054124,0.00440878,-0.00293642,,,
-0.50016129,-0.12536104,-0.85680978,0.23517702,-0.97193989,0.00492167,-0.83338476,-0.19904036,0.51560904,-0.0054124,0.00440878,-0.00293642,,,
-0.49925326,-0.12519411,-0.85736372,0.2347179,-0.97204925,0.00526166,-0.83405852,-0.19861172,0.51468412,-0.0030174,-0.00459212,0.01138522,,,
-0.49886927,-0.12495271,-0.85762241,0.23424582,-0.97216245,0.00538266,-0.83442092,-0.19820923,0.51425169,,,,,,
-0.49865136,-0.12487506,-0.85776033,0.23400165,-0.97222044,0.00550367,-0.83461954,-0.19797294,0.51402028,0.00691546,0.00099397,0.00387818,,,
-0.49664748,-0.12394879,-0.85905649,0.23305129,-0.97244852,0.00557528,-0.83607922,-0.19743527,0.51185045,-0.01724698,0.00230139,-0.01266767,,,
-0.49664748,-0.12394879,-0.85905649,0.23305129,-0.97244852,0.00557528,-0.83607922,-0.19743527,0.51185045,-0.01724698,0.00230139,-0.01266767,,,
-0.4956719,-0.12281692,-0.85978212,0.23264295,-0.9725503,0.00480477,-0.83677151,-0.19764066,0.51063842,-0.01980163,-0.00644875,-0.00469734,,,
-0.49545488,-0.1223088,-0.8599797,0.23245096,-0.97259819,0.00440518,-0.83695345,-0.19772054,0.51030925,0.00917028,-0.00353384,0.005327,,,
-0.49523567,-0.1220706,-0.86013975,0.23236352,-0.97261973,0.00424765,-0.83710741,-0.19776152,0.51004075,0.0078121,0.00651139,0.00807703,,,
-0.49466055,-0.12177419,-0.86051244,0.23207113,-0.97268934,0.00424399,-0.83752827,-0.19760078,0.50941164,,,,,,
-0.49400013,-0.12149135,-0.86093176,0.23175593,-0.97276434,0.00429185,-0.83800527,-0.19740588,0.50870228,-0.02148021,-0.00169271,-0.02178477,,,
-0.493695387,-0.121306924,-0.861132601,0.231606455,-0.972800165,0.00425526984,-0.838226209,-0.197343071,0.508362558,-0.022094382,-0.000435113878,-0.00950554945,,,
-0.49345954,-0.1208773,-0.86132822,0.2314834,-0.97283097,0.00390732,-0.83839911,-0.19745508,0.50803387,-0.01073124,0.00313038,-0.01403743,,,
-0.493478595,-0.120367479,-0.861388623,0.231467899,-0.972836697,0.00333582357,-0.838392094,-0.197737669,0.507935479,0.000539519824,-0.00179970253,-0.00960396975,,,
-0.49358121,-0.1201547,-0.86135949,0.23153998,-0.97282051,0.00302448,-0.83831174,-0.19794635,0.5079868,0.00547261,-0.00472033,0.00162394,,,
-0.49329371,-0.11960885,-0.86160019,0.23159756,-0.97280849,0.00244995,-0.8384651,-0.19833597,0.50758158,0.00349181,-0.00233185,0.0082856,,,
-0.493006149,-0.119103459,-0.861834932,0.231615886,-0.972805475,0.00194520561,-0.838629338,-0.198655654,0.507185187,-0.00349707995,-0.000521182956,0.00393849052,,,
-0.49290467,-0.118925116,-0.861917498,0.231557607,-0.972819496,0.00180625673,-0.838704972,-0.198693243,0.507045318,-0.00600545434,0.00106471765,0.000632414129,,,
-0.49268444,-0.11860606,-0.86208746,0.23154921,-0.97282212,0.00151018,-0.83883678,-0.19887162,0.50675732,-0.01231762,-0.00121719,-0.00338283,,,
-0.49277072,-0.11824226,-0.86208803,0.23154617,-0.97282332,0.00107838,-0.83878685,-0.19908179,0.50675739,0.00245318,0.01061553,-0.00544466,,,
-0.492855896,-0.11814816,-0.862052272,0.23164748,-0.972799419,0.000888155949,-0.83870886,-0.199254501,0.506818612,0.0,0.0,0.0,0.0,0.0,0.0
-0.493026169,-0.11795995,-0.861980623,0.231849978,-0.972751387,0.000507664249,-0.83855276,-0.1995999,0.506940954,0.0,0.0,0.0,0.0,0.0,0.0
-0.493061022,-0.117520649,-0.862020559,0.231987798,-0.972718501,-8.07895788e-05,-0.838494012,-0.200018104,0.506873215,-0.00472916011,0.0012809633,0.00144758052,,,
-0.493061022,-0.117520649,-0.862020559,0.231987798,-0.972718501,-8.07895788e-05,-0.838494012,-0.200018104,0.506873215,-0.00472916011,0.0012809633,0.00144758052,,,
-0.493061022,-0.117520649,-0.862020559,0.231987798,-0.972718501,-8.07895788e-05,-0.838494012,-0.200018104,0.506873215,-0.00472916011,0.0012809633,0.00144758052,,,
-0.493472672,-0.116401182,-0.861936997,0.232169636,-0.972673984,-0.00156504843,-0.838201576,-0.200887914,0.507012949,0.00522009656,-0.000110447399,-0.000414792332,,,
-0.49325106,-0.11635165,-0.86207053,0.23226596,-0.97265091,-0.00161924,-0.83830533,-0.20102833,0.50678571,-0.0064644,0.00596064,0.00514116,,,
-0.492961856,-0.116237051,-0.862251419,0.232271065,-0.972649623,-0.00167335559,-0.838474039,-0.201100959,0.506477714,0.000505273696,0.00480931951,-0.00582789909,,,
-0.49279159,-0.1160611,-0.86237246,0.2324227,-0.97261298,-0.0019173,-0.83853213,-0.20137977,0.50627073,-0.00135044,-0.00227076,0.00891363,,,
-0.49275773,-0.11594772,-0.86240706,0.23245574,-0.9726048,-0.00205594,-0.83854287,-0.20148455,0.50621125,0.00876813,0.00112641,0.00729273,,,
-0.49277507,-0.11578876,-0.862418424,0.232465579,-0.972601925,-0.00224586684,-0.838529862,-0.201589316,0.506191038,0.0170130692,0.000422239274,0.0163882002,,,
-0.49287772,-0.11573807,-0.86236662,0.23237987,-0.97262239,-0.0022791,-0.83849334,-0.20151996,0.50627917,0.00307467,0.00296015,0.00738693,,,
-0.49267341,-0.11569113,-0.86248955,0.23232885,-0.97263453,-0.0022459,-0.83862743,-0.20148772,0.5060698,-0.00820024,0.00616604,0.00339808,,,
-0.492196105,-0.115802072,-0.862747119,0.232239957,-0.9726564,-0.00193797956,-0.838932246,-0.201318239,0.505631842,0.00568105746,0.00656956388,-2.15151813e-05,,,
-0.491666333,-0.116268882,-0.862986537,0.232238982,-0.972657929,-0.00126796786,-0.839243273,-0.201042532,0.505225324,-0.00310132606,-0.000260353059,0.0123137217,,,
-0.490694813,-0.11611165,-0.863560355,0.231841172,-0.972753061,-0.000944120414,-0.839921469,-0.200672133,0.50424454,-0.0109869661,0.00833803322,0.000156413298,,,
-0.490934325,-0.116245096,-0.863406287,0.231518728,-0.972830119,-0.000664536831,-0.839870477,-0.200220979,0.504508763,0.0,0.0,0.0,0.0,0.0,0.0
-0.49096819,-0.116399078,-0.863366211,0.231446122,-0.972847428,-0.0004565281,-0.839870617,-0.200046921,0.504577531,0.0,0.0,0.0,0.0,0.0,0.0
-0.490781059,-0.116396115,-0.863473059,0.231207708,-0.972904258,-0.00026647603,-0.840045698,-0.19977242,0.504394834,0.0105207078,-0.00664621545,-0.0034319004,,,
-0.490030022,-0.116356394,-0.863904827,0.231014054,-0.972950266,5.96651037e-06,-0.840537249,-0.199571247,0.503655019,0.0140453372,-0.0023218987,0.0102627184,,,
-0.48956891,-0.116350123,-0.864167157,0.23089437,-0.972978765,0.000193818496,-0.840838876,-0.199436448,0.503204798,0.00273550814,0.00618058397,0.0129108038,,,
-0.488697365,-0.116292153,-0.864668202,0.23063152,-0.973041078,0.000518151684,-0.841417891,-0.199166517,0.502343168,-0.0154511388,-0.000791847648,-0.00531981746,,,
-0.487979099,-0.11613833,-0.865094172,0.230259827,-0.973128645,0.000757765817,-0.841936132,-0.198826685,0.50160879,-0.0142902769,-0.00480854465,-0.00664437702,,,
-0.487619973,-0.116041243,-0.865309787,0.230093605,-0.973168024,0.000842916748,-0.842189723,-0.198691236,0.501236678,-0.01065946,0.00270074583,-0.00214113109,,,
-0.4873295,-0.115901883,-0.865492128,0.229756598,-0.973247585,0.000963678576,-0.842449866,-0.198382904,0.500921568,0.0,0.0,0.0,0.0,0.0,0.0
-0.48708986,-0.11590518,-0.8656266,0.2295796,-0.97328919,0.00113601,-0.84263671,-0.19817687,0.50068881,0.00682661,-0.00616556,0.00396836,,,
-0.487021388,-0.115840726,-0.865673657,0.229488043,-0.973310672,0.00113601856,-0.842701129,-0.198108502,0.500607388,0.0117032733,0.000490903796,0.00119012594,,,
-0.487021388,-0.115840726,-0.865673657,0.229488043,-0.973310672,0.00113601856,-0.842701129,-0.198108502,0.500607388,0.0117032733,0.000490903796,0.00119012594,,,
-0.48510064,-0.11512022,-0.86684753,0.22916589,-0.97338681,0.00102438,-0.84389591,-0.19815497,0.49857225,0.01091712,0.00489515,-0.0081712,,,
-0.48451661,-0.11501555,-0.86718797,0.22905513,-0.97341272,0.00112614,-0.84426139,-0.19808823,0.49797964,-0.00583293,-0.00876421,-0.00780623,,,
-0.4825215,-0.11439644,-0.86838158,0.22848065,-0.97354768,0.00129386,-0.84555882,-0.19778407,0.49589494,-0.01642823,-0.00279194,-0.01851422,,,
-0.48210791,-0.11426496,-0.86862837,0.22841554,-0.97356271,0.00129303,-0.84581208,-0.19778486,0.49546241,-0.01348892,-0.0104391,-0.0139384,,,
-0.481590874,-0.11387366,-0.868966531,0.228372373,-0.973573201,0.0010153271,-0.846118255,-0.197958989,0.494869754,0.0136101367,0.000125765786,-0.00683748582,,,
-0.481590874,-0.11387366,-0.868966531,0.228372373,-0.973573201,0.0010153271,-0.846118255,-0.197958989,0.494869754,0.0136101367,0.000125765786,-0.00683748582,,,
-0.480435347,-0.113489524,-0.869656269,0.228542723,-0.973533579,0.000788657851,-0.846729073,-0.198374711,0.493657127,0.00482357852,0.000252842874,-0.010095682,,,
-0.479675546,-0.113331953,-0.870096054,0.228464117,-0.973551891,0.000857242492,-0.847180867,-0.198374535,0.492881415,-0.00356729468,-0.00383084989,-0.00482244976,,,
-0.47908798,-0.113146539,-0.870443836,0.228432077,-0.973559439,0.000822356898,-0.847521916,-0.198443318,0.49226702,-0.00418810826,0.00194269407,-0.00780241657,,,
-0.478828786,-0.113065284,-0.870597037,0.228481865,-0.97354784,0.000770468105,-0.847654998,-0.198546715,0.491996132,-0.00959667936,0.00667053415,-0.0136935497,,,
-0.478292628,-0.112669962,-0.870943049,0.228587109,-0.973523483,0.000407984311,-0.847929389,-0.198891207,0.491383854,-0.0212940536,-0.00155282009,-0.00438759662,,,
-0.478171421,-0.112364697,-0.871048973,0.228797572,-0.973474054,-2.33521865e-05,-0.847940924,-0.199305053,0.491196195,0.00911013782,-0.00216329074,0.00380645762,,,
-0.478032965,-0.112301379,-0.871133013,0.228916613,-0.973445919,-0.00012670188,-0.84798674,-0.199477397,0.491047047,0.0130564645,-0.00688528968,0.0117820743,,,
-0.477548332,-0.112088538,-0.871426011,0.229142148,-0.973392588,-0.000367577155,-0.848198685,-0.199855995,0.49052667,0.00268703792,0.00438016606,0.00978855323,,,
-0.476786391,-0.111807742,-0.871879293,0.229183331,-0.973382964,-0.000504372771,-0.848616211,-0.200060697,0.489720484,0.0,0.0,0.0,0.0,0.0,0.0
-0.476803556,-0.111524549,-0.87190618,0.229314915,-0.973351691,-0.000900978333,-0.848571023,-0.200370698,0.489672046,0.0,0.0,0.0,0.0,0.0,0.0
-0.47676881,-0.11124615,-0.87196073,0.22950895,-0.97330547,-0.00131455,-0.84853807,-0.20074955,0.48957396,-0.00860818,-0.00160748,0.00525639,,,
-0.47671699,-0.1111688,-0.87199898,0.22965136,-0.97327172,-0.00146934,-0.84852871,-0.20095622,0.48950542,,,,,,
-0.47657844,-0.11106426,-0.87208799,0.22981042,-0.97323385,-0.00164113,-0.84856343,-0.20119705,0.48934625,-0.00548743,0.00307745,0.00704766,,,
-0.476700187,-0.111310815,-0.871990039,0.230022144,-0.973184065,-0.0015203107,-0.848437704,-0.201301765,0.489521184,0.00133925048,0.000201284871,0.0087742079,,,
-0.47682151,-0.11136988,-0.87191617,0.23005136,-0.9731772,-0.00150338,-0.84836162,-0.20130236,0.4896528,0.00577936,0.0015915,0.00463626,,,
-0.47692571,-0.11158886,-0.87183127,0.230069,-0.97317343,-0.00129671,-0.84829835,-0.20119978,0.4898046,-0.00298866,0.00660509,0.00468274,,,
-0.47713335,-0.11163412,-0.87171159,0.23012147,-0.97316066,-0.00133153,-0.84816707,-0.2012349,0.49001731,-0.00502661,-0.005373,0.00228211,,,
-0.47722002,-0.11157921,-0.87167126,0.2301847,-0.97314564,-0.00145232,-0.84810124,-0.20133849,0.49008875,0.00826671,0.00347298,0.00134659,,,
-0.47697795,-0.11160739,-0.87180028,0.23034884,-0.97310696,-0.00145147,-0.84819299,-0.20151051,0.4898593,0.0067328,0.00196689,0.00955556,,,
-0.47683949,-0.11154397,-0.87188426,0.23046795,-0.97307876,-0.00155428,-0.84823861,-0.20168251,0.48970957,-0.00388822,0.00152391,-0.00729188,,,
-0.47683949,-0.11154397,-0.87188426,0.23046795,-0.97307876,-0.00155428,-0.84823861,-0.20168251,0.48970957,-0.00388822,0.00152391,-0.00729188,,,
-0.47687396,-0.11149381,-0.87187165,0.23059362,-0.97304854,-0.00169201,-0.8481849,-0.20185493,0.48973146,0.00185422,-0.0061847,-0.00623327,,,
-0.47676988,-0.11123371,-0.87196176,0.23061592,-0.97304272,-0.00196749,-0.84823732,-0.20202632,0.48956995,0.01195907,-0.00259477,-0.00184904,,,
-0.47652729,-0.11103331,-0.87211992,0.23063751,-0.97303727,-0.00213907,-0.84836778,-0.2021629,0.48928744,0.01034912,0.00782221,0.00180365,,,
-0.47607623,-0.11043587,-0.87244219,0.23058401,-0.97304882,-0.0026547,-0.84863565,-0.20243505,0.48871013,0.01447542,0.00400513,-0.00312906,,,
-0.47550356,-0.11008999,-0.87279799,0.23056404,-0.97305275,-0.00287657,-0.84896193,-0.20260366,0.48807307,0.00617329,-0.00474882,-0.00955987,,,
-0.475468676,-0.110016985,-0.87282611,0.230558192,-0.973053819,-0.00294533684,-0.848982966,-0.202637652,0.488022308,0.00877104513,-0.00446516229,0.000518854009,,,
-0.47515614,-0.10979383,-0.87302447,0.23044829,-0.97307964,-0.00304778,-0.84918785,-0.20263518,0.4876668,,,,,,
-0.474651965,-0.109324507,-0.873357592,0.230337642,-0.973104799,-0.0033732117,-0.849499795,-0.202768243,0.487067835,-0.00149124768,-5.34653627e-05,-0.00540744001,,,
-0.47432185,-0.10917916,-0.87355512,0.23029608,-0.97311449,-0.00342353,-0.84969545,-0.20280019,0.48671314,-0.00525031,0.00608653,-0.00436158,,,
-0.47381693,-0.10875103,-0.8738824,0.23014543,-0.97314909,-0.00367996,-0.85001783,-0.20286369,0.48612335,-0.01218382,-0.00817025,0.00316135,,,
-0.47383332,-0.10836272,-0.87392183,0.23001475,-0.97317865,-0.00404198,-0.85004415,-0.20293014,0.48604964,-0.01703853,-0.00324994,0.00431892,,,
-0.47390234,-0.10819811,-0.8739048,0.22996395,-0.97318993,-0.00421459,-0.85001942,-0.20296392,0.48607878,-0.01263629,0.00500387,-0.00266883,,,
-0.47428374,-0.10811033,-0.87370863,0.2298004,-0.97322797,-0.00432022,-0.84985081,-0.20282763,0.48643031,-0.01105,0.00853878,-0.00269142,,,
-0.47428374,-0.10811033,-0.87370863,0.2298004,-0.97322797,-0.00432022,-0.84985081,-0.20282763,0.48643031,-0.01105,0.00853878,-0.00269142,,,
-0.475065313,-0.108108449,-0.873284274,0.229889816,-0.973205818,-0.0045814509,-0.849390094,-0.202935655,0.487189447,-0.0130885467,-1.80006009e-05,-0.00190013181,,,
-0.47575955,-0.10799751,-0.87292008,0.23007535,-0.97316005,-0.00499665,-0.84895128,-0.20321459,0.48783767,,,,,,
-0.47622778,-0.10800145,-0.87266416,0.23019688,-0.97313022,-0.0051872,-0.84865567,-0.20335486,0.48829329,0.00215191,-0.00907749,0.01275932,,,
-0.47640109,-0.10797384,-0.87257294,0.23024302,-0.97311871,-0.00529087,-0.84854584,-0.20342441,0.48845515,-0.0020096,-0.00480258,0.005503,,,
-0.47666109,-0.10797354,-0.87243092,0.23027244,-0.97311119,-0.00537769,-0.84839177,-0.20346015,0.48870779,-0.01469511,-0.00222522,-0.0134824,,,
-0.477077381,-0.108105464,-0.872187185,0.230336664,-0.973096208,-0.00537888099,-0.848140495,-0.203462821,0.489142738,0.0112184016,-0.000168263898,-0.00457468629,,,
-0.47725055,-0.10807795,-0.87209583,0.23038279,-0.97308468,-0.00548255,-0.84803051,-0.20353241,0.48930443,0.02087417,0.01118368,-0.00546655,,,
-0.47718091,-0.10776802,-0.87217222,0.23053047,-0.97304721,-0.0058949,-0.8480295,-0.20387521,0.48916342,0.01625317,0.00602859,-0.00158686,,,
-0.47666124,-0.10748145,-0.87249172,0.23075094,-0.97299308,-0.00620215,-0.84826179,-0.2042846,0.48858953,0.00702172,-0.01106191,-0.00943913,,,
-0.476366447,-0.107326554,-0.872671853,0.230795591,-0.972981823,-0.00632137157,-0.848415316,-0.204420095,0.488266246,0.00501951296,-0.0115177026,-0.000220444752,,,
-0.47568884,-0.10676127,-0.87311052,0.23075907,-0.97298739,-0.00674846,-0.84880516,-0.20468835,0.48747555,-0.01475166,0.00301617,0.00882578,,,
-0.4754268,-0.105976536,-0.873348942,0.230763701,-0.972980521,-0.00755498871,-0.848950832,-0.205129075,0.48703651,9.89083201e-05,0.00293773389,-0.00878534839,,,
-0.47492305,-0.10552992,-0.87367702,0.2309959,-0.97292143,-0.00804983,-0.8491696,-0.20563886,0.48643978,0.02097298,-0.0072993,0.00551585,,,
-0.47427905,-0.1049964,-0.874091,0.23100552,-0.97291549,-0.00847562,-0.84952679,-0.20593966,0.48568824,-0.01855049,0.00309616,0.00100599,,,
-0.47391356,-0.10465444,-0.87433029,0.23107875,-0.97289531,-0.00879934,-0.84971091,-0.20620927,0.48525162,-0.0382855,0.00569433,-0.00122732,,,
-0.4738604,-0.10426657,-0.87440537,0.23115844,-0.97287199,-0.00926208,-0.8497188,-0.20651512,0.48510766,-0.01607979,-0.01470989,-0.01254041,,,
-0.47452063,-0.1041659,-0.87405942,0.23125666,-0.97284548,-0.00960887,-0.84932371,-0.20669165,0.48572408,0.00633533,-0.01045889,0.00107161,,,
-0.47471085,-0.1039789,-0.87397808,0.23131377,-0.9728286,-0.0099013,-0.84920153,-0.20686344,0.48586435,0.02185001,0.01742655,0.00276896,,,
-0.47384237,-0.10317194,-0.87454503,0.23200143,-0.97265378,-0.01095601,-0.84949914,-0.20808711,0.48482056,-0.00816893,-0.00798494,0.00201985,,,
-0.47401607,-0.10306263,-0.87446369,0.23212681,-0.97262101,-0.01119654,-0.84936788,-0.20829382,0.4849617,-0.0047104,-0.01312774,0.00135758,,,
-0.474345544,-0.102775612,-0.874318843,0.232223653,-0.972592485,-0.0116610418,-0.849157489,-0.208568881,0.485211879,0.000570952194,0.0148707023,0.00568870641,,,
-0.47432746,-0.102502,-0.8743608,0.23226894,-0.97257774,-0.01198632,-0.84915523,-0.2087723,0.48512836,0.0025085,0.00615114,0.0069019,,,
-0.474760532,-0.102205918,-0.874160336,0.2322402,-0.972579129,-0.0124177936,-0.848920982,-0.208910657,0.485478601,0.0194116216,-0.000746428908,-0.00746902823,,,
-0.47475778,-0.10166755,-0.87422463,0.23203447,-0.97262199,-0.01289838,-0.84897879,-0.20897386,0.4853503,0.01961825,0.003941,-0.00425119,,,
-0.47465278,-0.10140759,-0.87431188,0.2320569,-0.97261305,-0.01317162,-0.84903142,-0.20914205,0.48518579,0.00801724,0.00143331,-0.00965543,,,
-0.47473358,-0.10003078,-0.87442656,0.23194627,-0.97261805,-0.01466212,-0.84901643,-0.20978058,0.48493627,-0.00202047,0.00441998,-0.01361886,,,
-0.47487072,-0.09970268,-0.87438966,0.23184301,-0.97263754,-0.01500576,-0.84896804,-0.20984692,0.48499235,0.0066221,-0.00129247,0.01115697,,,
-0.47507596,-0.0991696,-0.87433866,0.2317277,-0.97265568,-0.01558938,-0.84888455,-0.21001464,0.4850658,-0.00374894,0.00892657,-0.00181834,,,
-0.475281265,-0.0987593476,-0.874273471,0.231493001,-0.972705366,-0.0159681711,-0.848833612,-0.209977578,0.485170942,-0.0103403507,9.10162853e-05,-0.00529128406,,,
-0.475539916,-0.0985726933,-0.874153882,0.231338316,-0.972739026,-0.0161586047,-0.848730917,-0.209909364,0.485380077,-0.0115216644,-2.47359258e-05,0.00665293727,,,
-0.476230782,-0.098009024,-0.873841352,0.231232327,-0.972751658,-0.0169155426,-0.848372612,-0.210116053,0.485916904,-0.0136340698,0.000696778239,0.00761068193,,,
-0.477250896,-0.0975517002,-0.873335623,0.231204165,-0.972744317,-0.0176902656,-0.847806629,-0.210361539,0.486797592,0.000665037194,-0.00544464542,-0.00243365229,,,
-0.477717458,-0.0973299324,-0.873105267,0.231178486,-0.972743803,-0.0180515632,-0.847550843,-0.210466709,0.487197389,0.0129304435,0.00109857309,0.000501682516,,,
-0.478682739,-0.0964870805,-0.872670088,0.231226343,-0.972708815,-0.0192858969,-0.846993045,-0.211016139,0.48792927,-0.00485550938,0.000277399988,-0.0115020648,,,
-0.47895906,-0.09632914,-0.87253594,0.23126372,-0.97269449,-0.01956026,-0.84682665,-0.21115447,0.48815821,-0.01678816,0.01015586,-0.00703117,,,
-0.47964899,-0.09607701,-0.87218452,0.23121819,-0.97269604,-0.02000707,-0.84644834,-0.21126131,0.48876763,0.00739555,-0.00945979,0.00763945,,,
-0.480201,-0.09580227,-0.87191107,0.23125253,-0.97267803,-0.0204871,-0.84612603,-0.21146957,0.48923548,0.00859903,-0.00690412,0.0097476,,,
-0.480201,-0.09580227,-0.87191107,0.23125253,-0.97267803,-0.0204871,-0.84612603,-0.21146957,0.48923548,0.00859903,-0.00690412,0.0097476,,,
-0.48014303,-0.0949597589,-0.872035187,0.231043149,-0.972710584,-0.0212897291,-0.846216158,-0.211699867,0.488979957,-0.0237150211,0.00521653844,-0.000574051403,,,
-0.48041654,-0.09433014,-0.87195277,0.23117289,-0.97266057,-0.02214348,-0.84602536,-0.21220995,0.48908893,-0.01832701,-0.00492543,0.00510866,,,
-0.4808324,-0.09430197,-0.87172667,0.23139057,-0.97260266,-0.02241727,-0.84572966,-0.21248827,0.48947941,0.01221933,0.00851148,0.01386775,,,
-0.48079952,-0.09437603,-0.87173671,0.23160688,-0.97255031,-0.02245064,-0.84568906,-0.21269448,0.48945995,0.00240034,0.00820225,0.0104405,,,
-0.48109797,-0.09502879,-0.87150103,0.23180769,-0.97251442,-0.02192235,-0.8454642,-0.21256746,0.48990335,-0.02060902,0.00387496,0.0109078,,,
-0.48243158,-0.09589136,-0.87066885,0.23191653,-0.97250008,-0.02139679,-0.84467397,-0.21224502,0.49140391,-0.00871383,-0.00823361,0.00136251,,,
-0.4830276,-0.09722302,-0.87019076,0.23265909,-0.97234204,-0.02050899,-0.84412915,-0.2123642,0.49228793,-0.00846719,0.00430685,0.00880273,,,
-0.484999616,-0.0995905965,-0.868824988,0.232912405,-0.972320372,-0.0185635445,-0.842927611,-0.211363447,0.494771117,0.00575541798,-4.48226892e-05,-0.0027677014,,,
-0.48469385,-0.1004816,-0.86889316,0.23318306,-0.97227286,-0.01763952,-0.84302879,-0.21116093,0.49468528,-0.00565567,-0.00287056,-0.00193023,,,
-0.48457634,-0.10139081,-0.86885304,0.23331035,-0.97225949,-0.01666393,-0.84306108,-0.21078736,0.49478953,0.00674519,0.00221342,0.00255477,,,
-0.484594956,-0.101891649,-0.868784011,0.233410606,-0.972243738,-0.0161675301,-0.843022571,-0.210618118,0.494927164,0.0104049221,0.00621324731,0.000698785763,,,
-0.48483764,-0.10263109,-0.86856154,0.23359636,-0.97220972,-0.01551689,-0.84283156,-0.21041599,0.49533829,0.0042194,-0.00346321,-0.00633689,,,
-0.484668261,-0.103530839,-0.868549147,0.234165305,-0.972083896,-0.014796916,-0.842770945,-0.210555704,0.495381961,-0.00762129109,0.000739216746,0.00212779269,,,
-0.4846353,-0.10430594,-0.86847482,0.23443211,-0.9720303,-0.01407704,-0.84271574,-0.21042065,0.49553324,-0.00297174,0.00846678,-0.00546766,,,
-0.485290249,-0.10613587,-0.867887294,0.23521306,-0.971861098,-0.0126713335,-0.842121128,-0.210287715,0.496599452,0.0139399655,0.00565165235,-0.000781846698,,,
-0.48484362,-0.106426,-0.8681014,0.23539292,-0.97182202,-0.01232763,-0.84232815,-0.21032191,0.49623375,0.00757057,0.00209707,0.00439934,,,
-0.48513568,-0.10654136,-0.86792404,0.23538682,-0.97182411,-0.01227652,-0.84216165,-0.21025367,0.49654516,,,,,,
-0.48570238,-0.10676892,-0.86757906,0.23552174,-0.97179164,-0.01225979,-0.84179721,-0.21028835,0.49714808,-0.00167616,-0.00708359,0.00391984,,,
-0.48590832,-0.10669466,-0.86747286,0.23568995,-0.97174778,-0.01250001,-0.84163125,-0.21052851,0.49732738,-0.0020031,0.00476342,0.00441167,,,
-0.48573681,-0.10667987,-0.86757084,0.23568506,-0.97174954,-0.0124656,-0.84173173,-0.21052848,0.49715737,-0.00540715,0.00384635,0.00272113,,,
-0.48561666,-0.10697009,-0.86760244,0.23568232,-0.97175484,-0.01210526,-0.8418019,-0.21035706,0.49711117,-0.00175365,-0.0072788,-0.00702316,,,
-0.48571948,-0.10735126,-0.86749771,0.23554324,-0.97179433,-0.01162493,-0.84178142,-0.20997968,0.49730532,,,,,,
-0.485788025,-0.10757833,-0.867431151,0.235476736,-0.971813638,-0.0113504045,-0.84176042,-0.209773754,0.497427718,0.00741405506,0.000849425734,-0.00477465335,,,
-0.48556471,-0.10764956,-0.86754722,0.23545556,-0.97182041,-0.0111958,-0.84189505,-0.20970513,0.49722869,,,,,,
-0.48516988,-0.10762501,-0.86777122,0.23550797,-0.97180842,-0.01114406,-0.84210808,-0.20977381,0.49683888,,,,,,
-0.48516988,-0.10762501,-0.86777122,0.23550797,-0.97180842,-0.01114406,-0.84210808,-0.20977381,0.49683888,,,,,,
-0.4853073,-0.10780998,-0.86767142,0.23527086,-0.97186935,-0.01083527,-0.84209519,-0.20939625,0.49701998,0.0135392,0.00400871,-0.00880075,,,
-0.48558202,-0.10820585,-0.86746853,0.23513682,-0.9719068,-0.01038909,-0.84197437,-0.20901854,0.49738359,-0.00877177,0.00108439,-0.00790026,,,
-0.48570201,-0.1084281,-0.86737349,0.23500769,-0.97194098,-0.01009715,-0.8419411,-0.20874366,0.49755525,0.00234721,-0.00792175,-0.00736531,,,
-0.48577054,-0.10861469,-0.86731174,0.2349805,-0.97194964,-0.00989103,-0.84190912,-0.20860613,0.49766701,0.00230829,-0.00713307,-0.00318437,,,
-0.48602809,-0.10881904,-0.86714195,0.23481116,-0.9719933,-0.0096333,-0.84180785,-0.20829666,0.49796793,0.0096244,-0.00124335,-0.00371296,,,
-0.48618256,-0.10880429,-0.86705703,0.23462348,-0.97203893,-0.00958166,-0.84177081,-0.20809039,0.49811667,,,,,,
-0.48601121,-0.1083987,-0.86720396,0.23463241,-0.97203272,-0.00999408,-0.84186734,-0.2083314,0.49785275,-0.01419398,0.00316232,-0.00954583,,,
-0.48587394,-0.10806616,-0.8673223,0.23464743,-0.9720254,-0.0103376,-0.84194231,-0.20853774,0.4976395,-0.002422,-0.00529939,-0.00426489,,,
-0.48602867,-0.107889307,-0.867257815,0.234617226,-0.972030526,-0.0105608674,-0.841861614,-0.208606501,0.497747305,0.00595803605,0.000469863386,-0.00187960325,,,
-0.485857001,-0.107524268,-0.86739928,0.23458682,-0.972034015,-0.0109043235,-0.841969123,-0.20877838,0.497493303,1.79156195e-05,-0.00309699751,-0.00832431205,,,
-0.48542786,-0.10715762,-0.86768492,0.23452916,-0.97204506,-0.01116183,-0.84223271,-0.20891567,0.49698926,,,,,,
-0.485479271,-0.107031104,-0.867671687,0.234584657,-0.972029381,-0.0113506224,-0.842187539,-0.209052962,0.497008034,0.0170882791,-0.00315368152,-0.000659021549,,,
-0.485032659,-0.10666121,-0.86796705,0.234674517,-0.972003732,-0.0116936547,-0.842419898,-0.209361545,0.496484129,7.04282429e-05,-0.00444436027,0.00387459481,,,
-0.48475758,-0.10634648,-0.86815923,0.23472999,-0.97198647,-0.01200218,-0.84256267,-0.20960116,0.49614058,,,,,,
-0.48446508,-0.10579967,-0.86838919,0.23478965,-0.97196479,-0.01256792,-0.84271417,-0.20997753,0.4957239,-0.01418451,0.00886458,0.0080751,,,
-0.4844995,-0.10566991,-0.86838578,0.23499245,-0.97191219,-0.01284206,-0.84263785,-0.2102861,0.49572284,0.00597103,-0.00404149,0.00293996,,,
-0.484190324,-0.105591837,-0.868567958,0.235106626,-0.971883982,-0.0129101353,-0.842783963,-0.21045703,0.495401958,-0.00896600075,0.0018134712,-0.000476730755,,,
-0.483863188,-0.105362916,-0.868777787,0.235146155,-0.971871608,-0.0130981147,-0.84296054,-0.210627468,0.495028806,-0.0044400664,0.00447744085,-0.000589948613,,,
-0.48377709,-0.10525417,-0.86883884,0.23524205,-0.97184622,-0.01325202,-0.84298312,-0.21079848,0.4949175,-0.00233561,-0.00479609,0.00546984,,,
-0.483587661,-0.104885804,-0.868988855,0.235359322,-0.971811935,-0.013679809,-0.843059103,-0.211140039,0.494642423,-0.00509189721,0.00177687395,0.000370817841,,,
-0.48353613,-0.10468768,-0.86904145,0.23561876,-0.97174398,-0.01403912,-0.84301622,-0.21155091,0.49453996,,,,,,
-0.48374282,-0.10500413,-0.8688882,0.2357729,-0.9717095,-0.01383371,-0.8428545,-0.21155227,0.49481493,0.01605915,-0.00229722,0.00667717,,,
-0.48384646,-0.10549248,-0.86877149,0.23589479,-0.97168635,-0.01338817,-0.84276107,-0.21141649,0.49503216,,,,,,
-0.48365735,-0.10563669,-0.86885931,0.23587971,-0.97169312,-0.01316497,-0.84287388,-0.21131361,0.49488402,-0.01648639,0.0038113,0.00179426,,,
-0.483794854,-0.105578394,-0.868789772,0.235878673,-0.971691879,-0.0132681392,-0.842795181,-0.211348042,0.495003296,-0.0190449134,0.000799357833,-0.00180146424,,,
-0.48422475,-0.10555447,-0.86855303,0.23594999,-0.97167182,-0.01345747,-0.84252817,-0.21145154,0.4954134,0.00350995,-0.0054338,-0.00547881,,,
-0.48448265,-0.10551581,-0.86841393,0.23601637,-0.97165358,-0.0136122,-0.84236134,-0.2115548,0.49565298,0.01664859,0.00412792,-0.0027849,,,
-0.48451705,-0.10542671,-0.86840557,0.23617966,-0.97161103,-0.01381765,-0.84229579,-0.21179464,0.49566195,0.00881513,0.00574857,0.00193114,,,
-0.484482743,-0.105460779,-0.868420602,0.236434805,-0.971547534,-0.0139200175,-0.842243967,-0.212068876,0.495632766,-0.000613214448,-0.00594627811,-0.00221631629,,,
-0.484585934,-0.105558312,-0.868351235,0.236570852,-0.971514488,-0.0139200354,-0.842146458,-0.212172049,0.495754323,-0.00577933108,-0.000640332641,0.00171703112,,,
-0.48487809,-0.10563349,-0.86817899,0.23660378,-0.97150622,-0.01393768,-0.84196903,-0.21217251,0.49605541,-0.00934433,0.0027501,-0.00133918,,,
-0.48520459,-0.10570066,-0.86798851,0.23672129,-0.9714765,-0.01402385,-0.84174801,-0.21227579,0.49638627,,,,,,
-0.48527308,-0.10580624,-0.86793717,0.23677269,-0.97146474,-0.01395537,-0.84169387,-0.21227599,0.49647787,0.00778537,0.00194353,-0.00163264,,,
-0.4852217,-0.10577057,-0.86797037,0.23687452,-0.97143884,-0.01404082,-0.84169498,-0.21241297,0.49641748,,,,,,
-0.48504984,-0.10567461,-0.86807806,0.23694823,-0.97141931,-0.01414313,-0.84177323,-0.21254968,0.49622621,,,,,,
-0.48499816,-0.10567941,-0.86810624,0.23701079,-0.97140367,-0.01416007,-0.84178528,-0.21261817,0.49617636,0.00643548,-0.0017845,-0.00346686,,,
-0.48486079,-0.10565654,-0.86818582,0.23709055,-0.9713838,-0.01419382,-0.84184202,-0.21272068,0.49603618,-0.01069041,0.00369042,0.00294298,,,
-0.484895085,-0.105608071,-0.868172522,0.237214398,-0.971351502,-0.0143307281,-0.841787338,-0.212891935,0.496055487,-0.00621196488,-0.00019562243,0.00438688602,,,
-0.48499817,-0.1053555,-0.86814561,0.23732486,-0.97131887,-0.01470761,-0.8416968,-0.21316571,0.49609154,0.00102508,0.00283068,-0.00457122,,,
-0.48504977,-0.10522921,-0.86813214,0.23738009,-0.97130256,-0.01489607,-0.84165153,-0.21330263,0.49610951,0.00860099,-0.00097626,-0.00332626,,,
-0.48492953,-0.10496651,-0.8682311,0.23754827,-0.97125585,-0.01525496,-0.84167336,-0.21364438,0.49592539,,,,,,
-0.48463755,-0.104190744,-0.868487657,0.237464593,-0.971264627,-0.0159904071,-0.841865244,-0.213984613,0.495452846,0.0163429957,0.000867009105,-0.00511567993,,,
