0,1,2,3,4,5,6,7,8,9,10,11
-0.09239982,0.51720855,-0.85085699,0.99156969,-0.03016206,-0.1260152,-0.09083972,-0.85532777,-0.51006136,0.00328891,-0.00745857,-0.00243076
-0.09221702,0.51698011,-0.85101559,0.99158457,-0.03031009,-0.12586223,-0.09086264,-0.85546059,-0.50983438,0.00845008,-0.00139594,0.00105498
-0.09164366,0.51667295,-0.85126407,0.99163785,-0.03065079,-0.12535916,-0.0908616,-0.85563404,-0.5095435,-0.00281418,-0.01334685,-0.00117074
-0.09120147,0.51667454,-0.85131056,0.99167341,-0.03092758,-0.12500914,-0.09091804,-0.85562309,-0.50955175,-0.00463182,-0.00201178,0.00428713
-0.090993628,0.516788308,-0.851263727,0.991692952,-0.0310138882,-0.124832528,-0.0909130198,-0.855551235,-0.509673237,-0.000491313054,0.000666022301,-0.0121980105
-0.09057844,0.51710135,-0.85111785,0.99171496,-0.03133253,-0.12457757,-0.09108697,-0.85535041,-0.50997905,,,
-0.09024165,0.51723516,-0.8510725,0.99170846,-0.03183733,-0.12450252,-0.09149289,-0.85525103,-0.51007348,-0.0032881,0.00840843,-0.00972556
-0.09000748,0.51724437,-0.85109146,0.99171075,-0.03213202,-0.12440691,-0.09169617,-0.85523422,-0.51006461,-0.00946073,0.00362194,-0.00244298
-0.0896702224,0.517269495,-0.851111797,0.991691991,-0.0327613514,-0.12439241,-0.0922280711,-0.855195151,-0.510034233,-0.00865354855,-0.00231218338,0.000384776387
-0.08925569,0.517753,-0.8508614,0.99167893,-0.03337191,-0.12433457,-0.09276952,-0.85487895,-0.51046607,-0.01323692,-0.00397056,0.00296252
-0.08902233,0.51814969,-0.85064438,0.9916701,-0.03370923,-0.1243143,-0.09308801,-0.85462537,-0.51083266,-0.0078582,-0.00257039,0.0029572
-0.08863304,0.51913769,-0.85008246,0.99163753,-0.03438301,-0.12438958,-0.09380373,-0.85399872,-0.51174893,-0.00526874,0.0026778,-0.00143645
-0.08842451,0.51997966,-0.84958935,0.99157579,-0.03509511,-0.12468198,-0.09464861,-0.85345726,-0.51249592,,,
-0.0884500496,0.520267981,-0.849410067,0.991532554,-0.0354071183,-0.124936758,-0.0950759111,-0.853268555,-0.512730779,0.00152851921,0.00732958317,0.00046406631
-0.0887608807,0.520498231,-0.849236809,0.991357419,-0.0365255746,-0.126001618,-0.0966024556,-0.853081199,-0.512757758,-0.00027893277,-0.00790894032,-0.00139504229
-0.0888910777,0.520289026,-0.849351487,0.991308935,-0.0368144765,-0.126299325,-0.0969804781,-0.853196492,-0.51249475,0.00255445181,-0.000326991081,0.00542168459
-0.08922932,0.51985866,-0.8495792,0.99122829,-0.03714129,-0.12683344,-0.09749006,-0.85344433,-0.51198444,0.00703991,-0.00184727,0.00706447
-0.0893578567,0.52005041,-0.849448499,0.991141729,-0.037701243,-0.127344792,-0.0982509722,-0.853303108,-0.512074763,0.00822704099,0.000211596489,0.00531878974
-0.0891735228,0.520451804,-0.849222035,0.991116484,-0.0380996271,-0.127422889,-0.0986724882,-0.853040677,-0.512430902,0.0102419369,-0.00301516056,0.000115709845
-0.0891711079,0.520780429,-0.84902082,0.99107011,-0.0384534701,-0.127677163,-0.0991395235,-0.852824229,-0.512701005,0.0159344785,0.00178611279,0.000674071722
-0.08914396,0.52090583,-0.84894663,0.99105007,-0.038641,-0.12777541,-0.09936314,-0.85273906,-0.51279912,0.01336998,0.00373304,0.00158801
-0.0891410656,0.521234411,-0.848745255,0.991003416,-0.0389947604,-0.128029638,-0.0998300934,-0.852522169,-0.513069032,0.0112075303,0.00386047363,0.000415902352
-0.0892940129,0.521350196,-0.848658062,0.990912521,-0.0395538269,-0.128560593,-0.100592785,-0.852425612,-0.513080503,0.00731902989,-0.000851392746,-0.00500571216
-0.08947424,0.52141269,-0.84860075,0.99085004,-0.03984199,-0.12895302,-0.10104766,-0.85237403,-0.51307697,0.00917203,0.00283349,0.01145447
-0.089885547,0.521651509,-0.848410422,0.990721852,-0.0403548806,-0.129775389,-0.101935049,-0.852203697,-0.513184216,0.00864791404,0.000331997871,-0.00387552008
-0.0902665,0.52210179,-0.84809285,0.99055311,-0.04120058,-0.13079321,-0.10322937,-0.85188735,-0.51345047,0.01488061,0.00475669,-0.0070041
-0.09033789,0.52251789,-0.84782899,0.99047637,-0.04167705,-0.13122296,-0.10390141,-0.85160904,-0.51377658,0.0187746,0.00847411,0.00315256
-0.09028982,0.52389461,-0.84698417,0.99031201,-0.04286066,-0.13207988,-0.10549823,-0.85070406,-0.51494924,0.02105271,0.00101054,-0.00570659
-0.09046555,0.52530369,-0.84609229,0.9900596,-0.04443371,-0.13344571,-0.10769448,-0.84975397,-0.51606228,0.01272663,-0.00676888,-0.02147204
-0.0906041,0.52578509,-0.84577816,0.98991702,-0.04530251,-0.13420787,-0.10888047,-0.84941009,-0.51637895,0.01804991,-0.00488293,-0.01432851
-0.0911545,0.52549841,-0.84589738,0.9895994,-0.0471225,-0.13591386,-0.11128327,-0.84948866,-0.51573751,0.03240993,-0.0059762,-0.01106953
-0.09176632,0.52415962,-0.84666136,0.9892458,-0.0492602,-0.13771713,-0.11389255,-0.85019407,-0.51400222,0.02219245,-0.0174768,-0.03530549
-0.09217851,0.52314111,-0.84724639,0.9890328,-0.05050791,-0.13879124,-0.11540007,-0.85074807,-0.51274795,0.02917395,-0.00149608,-0.01733591
-0.09297866,0.52069949,-0.84866175,0.98856885,-0.05332457,-0.14102444,-0.11868598,-0.85207294,-0.50978918,0.02523191,-0.00307691,-0.01435849
-0.09379835,0.51839066,-0.84998396,0.98805176,-0.05639903,-0.14343157,-0.12229198,-0.85328191,-0.50690659,0.0337741,0.003034,-0.00875036
-0.09412875,0.51731329,-0.85060371,0.98779231,-0.05799206,-0.1445794,-0.12412114,-0.85382891,-0.50553934,0.03578167,0.01214933,-0.01073669
-0.09473031,0.51543337,-0.8516774,0.98725082,-0.06128589,-0.14690014,-0.12791314,-0.8547352,-0.50305632,0.02239939,0.01225555,-0.00785034
-0.0954585,0.51360037,-0.85270297,0.9866718,-0.06458523,-0.14935705,-0.13178184,-0.85559536,-0.5005898,0.01646802,0.01343703,-0.00894059
-0.0958143,0.51255594,-0.85329122,0.98640885,-0.06606154,-0.15044382,-0.13348066,-0.85610874,-0.49926003,0.01986572,0.00779283,0.00250753
-0.0967708,0.51014276,-0.85462857,0.98590622,-0.06860415,-0.1525864,-0.13647182,-0.85734943,-0.49631412,0.01231537,0.00518239,0.01582265
-0.0982992,0.5077302,-0.85588977,0.98536559,-0.07069079,-0.15510467,-0.13925486,-0.858611,-0.49335102,0.00950144,0.01797891,0.00686348
-0.09922245,0.50684737,-0.85630632,0.98504709,-0.0717734,-0.15662273,-0.1408439,-0.8590426,-0.49214695,0.00973242,0.02019536,-0.00104276
-0.10260814,0.50554915,-0.85667471,0.98377065,-0.07586663,-0.16260225,-0.14719649,-0.85945578,-0.48955985,0.01986807,0.00827277,-0.03885371
-0.10348519,0.50551442,-0.85658979,0.98344543,-0.07679128,-0.16412883,-0.14874808,-0.85939418,-0.48919911,0.0223556,-0.00356138,-0.05091164
-0.10608526,0.50424183,-0.85702162,0.98268924,-0.07848157,-0.16781673,-0.15188063,-0.85998882,-0.48718727,0.03284291,0.00581634,-0.03986171
-0.10925534,0.50242174,-0.85769182,0.98183056,-0.08013249,-0.17200911,-0.15515028,-0.86090115,-0.48453799,0.0241167,0.01738596,-0.02332055
-0.11090909,0.50173131,-0.85788387,0.98137672,-0.08093572,-0.17420968,-0.15683996,-0.86122875,-0.48341087,0.02051514,0.01687491,-0.02528058
-0.11426271,0.50128731,-0.85770332,0.9804311,-0.0824155,-0.17878048,-0.16030847,-0.86134699,-0.48206063,0.01191173,0.032287,-0.03067952
-0.11426271,0.50128731,-0.85770332,0.9804311,-0.0824155,-0.17878048,-0.16030847,-0.86134699,-0.48206063,0.01191173,0.032287,-0.03067952
-0.11949066,0.50223665,-0.85643462,0.97908032,-0.08348318,-0.1855592,-0.16469255,-0.86069091,-0.48175453,0.01113567,0.01544285,-0.03798362
-0.12329593,0.50356168,-0.8551162,0.97817408,-0.08355894,-0.19024547,-0.16725295,-0.85990901,-0.4822685,0.01601135,0.00321388,-0.0383596
-0.1273706,0.50550659,-0.85336964,0.97721715,-0.08331196,-0.19520676,-0.16977423,-0.85879109,-0.4833782,0.01619856,-0.01202506,-0.03523653
-0.12951301,0.50657192,-0.85241485,0.97672777,-0.0830452,-0.19775282,-0.17096507,-0.85818891,-0.48402736,0.01765247,-0.01405132,-0.03337434
-0.13403462,0.50877585,-0.85040088,0.97571479,-0.08227145,-0.20300709,-0.17324891,-0.85695878,-0.48539284,0.0112764,-0.01633185,-0.02932475
-0.13403462,0.50877585,-0.85040088,0.97571479,-0.08227145,-0.20300709,-0.17324891,-0.85695878,-0.48539284,0.0112764,-0.01633185,-0.02932475
-0.14158949,0.51257553,-0.84688773,0.97406101,-0.08040795,-0.21151787,-0.17651535,-0.85486898,-0.48789495,0.01232579,-0.01032335,-0.02129946
-0.14693637,0.51601108,-0.84388508,0.97291663,-0.07851494,-0.21741299,-0.17844521,-0.85297581,-0.49049899,0.01351239,-0.00842983,-0.0263308
-0.15210448,0.52018915,-0.84039705,0.97184324,-0.0761009,-0.22300025,-0.1799574,-0.85065366,-0.49396694,0.01002368,0.01134789,-0.01967141
-0.15451442,0.522665245,-0.838418831,0.971361395,-0.0746752131,-0.225566988,-0.180505218,-0.84926113,-0.496158381,0.000710049644,0.0168107748,-0.0241709147
-0.15923162,0.52793619,-0.83422322,0.97046972,-0.07138967,-0.23041655,-0.18120028,-0.8462781,-0.50097851,0.009713,0.05081487,-0.02863129
-0.16341291,0.53368292,-0.82974621,0.9697443,-0.06772089,-0.23454185,-0.18136213,-0.84296882,-0.5064695,0.01175736,0.06025469,-0.03078435
-0.16851471,0.54336689,-0.82240825,0.9689671,-0.06176022,-0.23935023,-0.18084705,-0.83722052,-0.51609717,-0.01900688,0.029194,-0.05173785
-0.171244483,0.549221444,-0.817943033,0.96863073,-0.0578934412,-0.241666219,-0.180081947,-0.833668914,-0.522078736,-0.0284057856,0.000388860703,-0.0508076698
-0.17252706,0.55161269,-0.81606232,0.968519,-0.05594194,-0.2425723,-0.17945813,-0.83222221,-0.52459584,-0.03201853,-0.01564246,-0.042039
-0.17516254,0.5556305,-0.81276839,0.96828928,-0.05214625,-0.24432827,-0.17813922,-0.82979225,-0.52887689,-0.0296208,-0.0261094,-0.03430621
-0.17516254,0.5556305,-0.81276839,0.96828928,-0.05214625,-0.24432827,-0.17813922,-0.82979225,-0.52887689,-0.0296208,-0.0261094,-0.03430621
-0.18180961,0.56534473,-0.80456857,0.96716044,-0.04497791,-0.2501553,-0.1776118,-0.82362753,-0.53860164,-0.03899187,-0.0286082,0.0155656
-0.18383924,0.57106905,-0.8000521,0.96644423,-0.043549,-0.25315826,-0.17941228,-0.81974612,-0.54390039,-0.0485845,-0.03622144,0.03273625
-0.18469683,0.57462859,-0.79730097,0.96601852,-0.04311113,-0.25485181,-0.18081778,-0.81727793,-0.54713931,-0.0522839,-0.04758,0.04143771
-0.18611389,0.58347803,-0.79051547,0.96504445,-0.04254829,-0.25860895,-0.18452785,-0.81101342,-0.55516331,-0.06476214,-0.03820086,0.05299056
-0.18722389,0.59377811,-0.7825438,0.96391536,-0.04242317,-0.26280691,-0.18924697,-0.80350971,-0.56440922,-0.0552977,-0.04095596,0.06012407
-0.18759956,0.59901353,-0.77845313,0.96333266,-0.0425705,-0.26491132,-0.19182457,-0.79960654,-0.56906311,-0.04327057,-0.04143357,0.06955765
-0.18827236,0.60821112,-0.77112426,0.96218173,-0.04316619,-0.26896633,-0.19687486,-0.79260066,-0.5770826,-0.02506224,-0.04652303,0.01895638
-0.18971864,0.6137736,-0.76634753,0.96086684,-0.04439381,-0.27342983,-0.20184521,-0.78823278,-0.58133229,-0.01066713,-0.04946649,0.00562205
-0.19093125,0.61461002,-0.7653756,0.96012886,-0.04527098,-0.27586794,-0.2042005,-0.787531,-0.58146118,-0.0027877,-0.03773135,0.00315138
-0.19351767,0.61338176,-0.76571138,0.95870091,-0.04758238,-0.28040801,-0.20843145,-0.78835202,-0.57884167,-0.00685468,-0.0216195,0.0431971
-0.19570559,0.61062081,-0.76736014,0.95752372,-0.04999489,-0.28398744,-0.21177271,-0.79034345,-0.57489963,-0.00999808,-0.02271473,0.08610202
-0.19657376,0.6095286,-0.76800623,0.9570403,-0.05100049,-0.28543431,-0.2131491,-0.79112184,-0.57331806,-0.00947796,-0.01918417,0.08353627
-0.19813948,0.60827103,-0.76860078,0.95630626,-0.05202474,-0.2877009,-0.21498636,-0.79202262,-0.57138525,0.02384179,0.00137973,0.05149121
-0.1987844,0.606906,-0.76951268,0.95598958,-0.05281188,-0.28860828,-0.21579755,-0.79301698,-0.5696976,0.01964389,-0.00536573,0.02676716
-0.19887437,0.60597865,-0.77022004,0.95591096,-0.05332495,-0.28877454,-0.21606313,-0.79369161,-0.56865668,0.02788553,-0.00267005,0.03199056
-0.19845445,0.60413538,-0.771774559,0.95600082,-0.0542612197,-0.288301725,-0.216050826,-0.795032009,-0.566785451,-0.00205856003,-0.000767707825,0.0679914728
-0.19694359,0.60419417,-0.77211556,0.95656948,-0.05421662,-0.28641791,-0.2149136,-0.79499044,-0.56727603,-0.00518952,-0.00267351,0.08991559
-0.19103632,0.61009983,-0.76894959,0.95843426,-0.05318843,-0.28031213,-0.21191755,-0.79053737,-0.5745797,-0.02341771,-0.01958507,0.08482847
-0.18555149,0.61539275,-0.76606929,0.96009315,-0.05248766,-0.27471067,-0.20926424,-0.78647097,-0.58109513,0.00306759,0.01634002,0.01458966
-0.17598983,0.61861319,-0.76573183,0.96313775,-0.05256203,-0.26382352,-0.20345316,-0.78393551,-0.58655931,0.01703151,0.08147085,-0.00860339
-0.16894297,0.61563914,-0.76970555,0.96550062,-0.05363466,-0.25481718,-0.19815836,-0.78620079,-0.58533875,-0.01576939,0.05233955,-0.0241129
-0.1646676,0.61274574,-0.77293422,0.96697556,-0.05426513,-0.24902535,-0.19453257,-0.78841488,-0.58357447,-0.02588765,0.03122365,-0.00856665
-0.15771753,0.60571298,-0.77989529,0.96921554,-0.05626059,-0.23969919,-0.18906641,-0.79369153,-0.57819306,-0.09102423,-0.01391864,0.02670385
-0.15182114,0.59718086,-0.78760742,0.97117258,-0.05803129,-0.23120611,-0.1837777,-0.80000467,-0.57115533,-0.09157456,0.01909983,0.03646285
-0.14953951,0.59665853,-0.78843934,0.97201055,-0.05742272,-0.22781169,-0.1812001,-0.80043818,-0.57137143,-0.11137584,0.0048331,0.05207393
-0.14665604,0.59799323,-0.78796955,0.97296704,-0.05646059,-0.22393582,-0.17840137,-0.79950998,-0.57354739,-0.12873621,-0.05077791,0.00594638
-0.14628496,0.59943777,-0.78694031,0.97324678,-0.05526695,-0.22301626,-0.17717618,-0.79851106,-0.57531614,-0.07240579,-0.05852139,-0.02745394
-0.14761821,0.60329458,-0.78373741,0.9732646,-0.05237758,-0.22363462,-0.1759679,-0.7957965,-0.57943332,-0.05572369,-0.05850077,0.00449226
-0.14790884,0.60766268,-0.78030052,0.97353428,-0.04953019,-0.22310901,-0.17422351,-0.79264916,-0.58425446,-0.03701035,-0.0888356,-0.00548651
-0.14929339,0.61008761,-0.77814176,0.97325599,-0.04829181,-0.22459006,-0.17459749,-0.79086093,-0.58656178,-0.01127914,-0.0186165,-0.06066268
-0.15420617,0.6149814,-0.77331638,0.97205871,-0.04576627,-0.23023297,-0.17698085,-0.78721231,-0.59074056,-0.02091815,-0.10057271,-0.01401232
-0.16311028,0.618923,-0.76832883,0.96975887,-0.04273171,-0.24029477,-0.18155603,-0.78428832,-0.59323604,0.02273229,-0.06447762,-0.04271377
-0.16804249,0.62019072,-0.76624096,0.96841492,-0.04139347,-0.2458844,-0.18421259,-0.7833582,-0.59364608,0.09391411,0.09123349,-0.11554763
-0.17449836,0.62052837,-0.76452253,0.96654157,-0.04030639,-0.2533232,-0.18800944,-0.78314736,-0.59273302,0.07606883,-0.03898466,-0.08470489
-0.1809241,0.61605143,-0.76664652,0.96431441,-0.04208742,-0.26139279,-0.19329766,-0.78658064,-0.58645258,0.07310233,0.04201138,-0.12078238
-0.18308876,0.6113312,-0.76990424,0.9634101,-0.04436596,-0.26433411,-0.19575329,-0.79013018,-0.5808397,0.06196707,0.0054096,-0.13722061
-0.18652621,0.59862848,-0.77900705,0.96142861,-0.05192693,-0.27010863,-0.20214613,-0.79934198,-0.56585284,0.05286483,0.00926745,-0.10043775
-0.1898514,0.58513101,-0.78840229,0.95901053,-0.06153934,-0.27660757,-0.21036941,-0.80860042,-0.54946348,0.05461933,0.03601015,-0.0406274
-0.19143177,0.57905584,-0.79249469,0.95774399,-0.06638576,-0.2798554,-0.21466242,-0.81258041,-0.5418788,0.02326431,0.02600324,-0.0457659
-0.19428575,0.56969397,-0.7985623,0.9551444,-0.07561398,-0.28632434,-0.22349976,-0.81837109,-0.52944926,-0.00325125,0.00500357,-0.02172617
-0.19553816,0.56440715,-0.80200325,0.95235217,-0.08590698,-0.29265195,-0.23407261,-0.82101425,-0.52071622,-0.0121076,-0.01884401,0.00413248
-0.19413204,0.56915083,-0.79898685,0.95110868,-0.09024405,-0.29537808,-0.24021853,-0.81726572,-0.523805,0.01258081,0.03882909,0.09098164
-0.18969389,0.58124392,-0.79131,0.95099085,-0.09168005,-0.29531506,-0.24419752,-0.80854813,-0.53536644,-0.04076619,0.01774812,0.0853645
-0.18669415,0.58923741,-0.78609431,0.9512094,-0.09166166,-0.29461592,-0.24565356,-0.80274351,-0.54337538,-0.01037421,0.00179005,0.06885763
-0.17931111,0.60737954,-0.77391058,0.95215448,-0.09075089,-0.29183232,-0.24748607,-0.78921122,-0.5620465,0.01863587,0.02409434,0.03708192
-0.17220307,0.6236672,-0.76248629,0.95301999,-0.09033603,-0.28912334,-0.24919672,-0.7764526,-0.57881116,0.02205224,0.01672125,-0.02441967
-0.16949858,0.62982903,-0.75801423,0.95318378,-0.09067064,-0.28847787,-0.2504214,-0.77142348,-0.58497426,0.02419258,0.03939998,-0.04263089
-0.16516648,0.63710057,-0.75287628,0.95321811,-0.09283316,-0.28767525,-0.25317004,-0.76516971,-0.59196282,0.02513481,0.0418334,0.02943264
-0.16131078,0.63965102,-0.75154848,0.95330175,-0.09602866,-0.28634596,-0.25533181,-0.7626433,-0.5942899,0.00812855,0.01913333,0.0774617
-0.15926732,0.6403675,-0.75137435,0.9533852,-0.09782466,-0.28545933,-0.25630181,-0.76181351,-0.59493663,-0.01995751,0.02044523,0.1186481
-0.15554722,0.64072755,-0.75184652,0.95345365,-0.10165481,-0.28388794,-0.25832367,-0.76100882,-0.59509188,-0.04378591,-0.05750269,-0.03342051
-0.15446423,0.63661948,-0.75555029,0.95294591,-0.10589216,-0.28404357,-0.26083461,-0.76387322,-0.59030732,-0.01717,0.00386202,0.06145535
-0.15404679,0.63408433,-0.75776413,0.95282348,-0.10766064,-0.28378942,-0.26152787,-0.76573238,-0.58758562,-0.03790209,-0.00367403,0.05061889
-0.15271733,0.62915963,-0.7621256,0.95293531,-0.11061904,-0.2822722,-0.26189994,-0.76936432,-0.58265494,-0.04536339,-0.00204766,0.08196758
-0.15042853,0.62627718,-0.76494969,0.95345892,-0.11261831,-0.27970177,-0.26131823,-0.77142329,-0.58018852,-0.05323078,-0.01944661,0.06132527
-0.14898868,0.62582001,-0.76560544,0.95394157,-0.11290922,-0.27793342,-0.26038021,-0.77175179,-0.58017353,-0.05760546,-0.02064645,0.06144745
-0.14622918,0.62686609,-0.76528137,0.95514492,-0.11191106,-0.27417832,-0.2575167,-0.77104764,-0.58238319,-0.02651626,0.01542926,0.01324564
-0.14381913,0.62815964,-0.76467736,0.95632217,-0.11049072,-0.27062823,-0.25448751,-0.77019946,-0.58483229,-0.02883321,0.0152036,0.0161467
-0.14381913,0.62815964,-0.76467736,0.95632217,-0.11049072,-0.27062823,-0.25448751,-0.77019946,-0.58483229,-0.02883321,0.0152036,0.0161467
-0.1404664,0.63074626,-0.76316994,0.95778353,-0.10871914,-0.26614071,-0.25083843,-0.76833542,-0.58884699,-0.0456739,-0.01691395,0.05501195
-0.1404664,0.63074626,-0.76316994,0.95778353,-0.10871914,-0.26614071,-0.25083843,-0.76833542,-0.58884699,-0.0456739,-0.01691395,0.05501195
-0.1404664,0.63074626,-0.76316994,0.95778353,-0.10871914,-0.26614071,-0.25083843,-0.76833542,-0.58884699,-0.0456739,-0.01691395,0.05501195
-0.13856201,0.63690555,-0.7583877,0.95888026,-0.10524191,-0.26357695,-0.24768779,-0.76372474,-0.59613364,-0.0423661,0.00375569,-0.05736325
-0.14015992,0.63712233,-0.75791177,0.95846542,-0.10472736,-0.26528501,-0.24839314,-0.76361459,-0.59598112,-0.0717369,0.00744855,0.0163851
-0.14410107,0.6413094,-0.75362942,0.95743894,-0.10211669,-0.26996857,-0.25009145,-0.76045684,-0.59929951,-0.05478402,0.0037173,-0.11702534
-0.14642344,0.64439327,-0.7505448,0.95653278,-0.10120484,-0.2735007,-0.25220078,-0.75796762,-0.60156453,-0.07869832,0.03371572,-0.12766378
-0.14735908,0.64552672,-0.74938678,0.95591702,-0.10160789,-0.2754968,-0.25398416,-0.75694854,-0.60209713,-0.1004132,0.04771388,-0.00158961
-0.14807066,0.64952878,-0.74577968,0.95495637,-0.10218391,-0.27859769,-0.25716395,-0.75343925,-0.60514118,-0.08842006,0.04172575,0.12291536
-0.14716225,0.65805016,-0.73845341,0.9545514,-0.10114522,-0.2803595,-0.25918157,-0.74614999,-0.61325799,-0.05151843,0.00485146,0.08061565
-0.14654463,0.66342,-0.7337564,0.95454277,-0.09979745,-0.28087091,-0.25956245,-0.74156204,-0.61863795,-0.04595603,0.01532257,0.04086219
-0.14506273,0.67144018,-0.72672194,0.95492212,-0.09725639,-0.28047253,-0.25899893,-0.73464901,-0.62706477,0.11567297,-0.01588178,-0.09066435
-0.143564118,0.670740262,-0.727665159,0.955109337,-0.0986306727,-0.279352634,-0.259143276,-0.735104918,-0.626470391,0.0325975344,-0.0349639654,0.000688302796
-0.14354644,0.66751097,-0.73063215,0.95490461,-0.10046833,-0.27939779,-0.25990657,-0.73779065,-0.62298738,-0.00831966,-0.0312379,0.08114304
-0.14373007,0.66096561,-0.73652298,0.95463601,-0.1035259,-0.27919967,-0.2607906,-0.74324076,-0.61610178,-0.05122289,-0.04408073,0.15966009
-0.14350161,0.65846762,-0.73880144,0.95492187,-0.10389869,-0.27808124,-0.25986804,-0.74540281,-0.61387548,-0.03349753,-0.05167878,0.07553467
-0.14313,0.65864726,-0.73871336,0.95522284,-0.10336758,-0.27724412,-0.25896516,-0.7453179,-0.61435986,0.00240183,-0.04190361,0.02403844
-0.14209045,0.65747018,-0.73996164,0.9559112,-0.10293986,-0.27502205,-0.25699036,-0.74641564,-0.61385633,0.05260745,-0.06153065,-0.03258561
-0.1414028,0.6517114,-0.74516959,0.95613918,-0.10514268,-0.27339184,-0.25652161,-0.75114411,-0.6082594,-0.07867479,-0.07755363,-0.04333441
-0.14178156,0.6477265,-0.74856428,0.95580674,-0.10716936,-0.2737669,-0.25754918,-0.75429783,-0.60390675,-0.07798709,-0.05530912,0.03719793
-0.14242242,0.64092771,-0.75427285,0.95577655,-0.10904618,-0.27313024,-0.25730731,-0.75981617,-0.59705306,-0.07983333,0.00305462,0.13886736
-0.14113973,0.63905009,-0.75610472,0.9571154,-0.10710121,-0.26918254,-0.25300095,-0.76167192,-0.59652839,-0.02868815,-0.01577753,0.05705513
-0.1397397,0.63953557,-0.75595436,0.95800938,-0.10572536,-0.26653346,-0.25038121,-0.76145671,-0.59790702,-0.01825214,-0.04447818,-0.01769841
-0.13754922,0.63906457,-0.75675396,0.95947871,-0.10372866,-0.26199395,-0.24592819,-0.76212644,-0.59890101,-0.03677867,-0.07724684,-0.0639225
-0.137388161,0.634108074,-0.76094107,0.96049877,-0.102406888,-0.258756286,-0.242005114,-0.766433071,-0.594990495,-0.0217964761,-0.000888586044,0.0526799522
-0.13716589,0.63134184,-0.76327778,0.96106024,-0.10179384,-0.25690701,-0.23989313,-0.76879482,-0.59279488,-0.03225124,0.04001319,0.10414731
-0.13377134,0.63007119,-0.76492834,0.96294601,-0.09975316,-0.25056763,-0.23417954,-0.77010353,-0.59338038,0.05964287,0.07584071,0.0055505
-0.13323227,0.63047713,-0.76468794,0.96312667,-0.09960638,-0.24993094,-0.23374359,-0.76979026,-0.59395852,0.06779825,0.04288006,-0.03117063
-0.13348205,0.62808356,-0.76661156,0.96308699,-0.10024911,-0.24982646,-0.23376415,-0.77166111,-0.59151756,0.07624204,-0.01680821,-0.03654087
-0.13471657,0.62210392,-0.77125754,0.96298255,-0.10120993,-0.24984233,-0.2334868,-0.77636544,-0.58544057,0.02028939,-0.02948946,-0.04983104
-0.13539887,0.61809452,-0.77435531,0.96310442,-0.10136182,-0.24931004,-0.23258731,-0.7795414,-0.58156524,0.00781569,-0.03391027,-0.06334636
-0.13631346,0.60945274,-0.78101594,0.9639888,-0.10012108,-0.24637626,-0.22835089,-0.78647507,-0.57385774,0.01790999,-0.04504615,-0.03856147
-0.13582723,0.60279938,-0.78624683,0.96527382,-0.09823312,-0.24206799,-0.22315382,-0.79182281,-0.56852379,0.03687136,-0.04944104,-0.03871519
-0.13514574,0.60061063,-0.78803704,0.96586118,-0.09755082,-0.23999147,-0.22101515,-0.79356826,-0.56692288,0.03739272,-0.04854566,-0.02500862
-0.13353497,0.59811662,-0.79020556,0.96663615,-0.09726292,-0.23696918,-0.21859295,-0.79548497,-0.56517311,0.04959672,-0.02164465,0.00855105
-0.13143109,0.59806273,-0.7905991,0.96700563,-0.09822185,-0.2350589,-0.21823403,-0.79540778,-0.56542066,0.07570357,0.00760877,0.01189298
-0.13005671,0.59871935,-0.79032926,0.96707033,-0.09927597,-0.23434849,-0.2187697,-0.7947826,-0.56609219,0.08408242,0.02573073,-0.00964491
-0.12743916,0.59952617,-0.79014402,0.9667769,-0.10289335,-0.23399853,-0.22158883,-0.79371359,-0.56649539,0.10597735,0.04234219,-0.04904999
-0.12565013,0.5965766,-0.7926591,0.9659754,-0.10849284,-0.23477835,-0.22606108,-0.7951891,-0.56264619,0.10858355,0.08880961,-0.03167414
-0.12528519,0.59314232,-0.79528986,0.96542087,-0.11183095,-0.23549212,-0.22861829,-0.79729303,-0.55862127,0.09391949,0.09625268,-0.02503556
-0.12518813,0.58255909,-0.80308949,0.96423975,-0.11914841,-0.23673879,-0.23360122,-0.80400774,-0.54681063,0.05076257,0.07728648,-0.01502877
-0.12553309,0.56809102,-0.81333516,0.96322112,-0.12653886,-0.2370507,-0.23758485,-0.81317929,-0.53131247,0.02133992,0.03162813,0.05345561
-0.12581878,0.56021993,-0.81873276,0.96288558,-0.1296888,-0.2367113,-0.23879083,-0.81812866,-0.52311042,0.01215811,0.00688231,0.06071725
-0.12581878,0.56021993,-0.81873276,0.96288558,-0.1296888,-0.2367113,-0.23879083,-0.81812866,-0.52311042,0.01215811,0.00688231,0.06071725
-0.12652695,0.53067781,-0.83807633,0.96287798,-0.13738347,-0.23236119,-0.23844679,-0.83636522,-0.49359524,0.01344402,-0.04135787,0.0567134
-0.12652695,0.53067781,-0.83807633,0.96287798,-0.13738347,-0.23236119,-0.23844679,-0.83636522,-0.49359524,0.01344402,-0.04135787,0.0567134
-0.12839735,0.51423604,-0.84798307,0.96373187,-0.13701664,-0.22901353,-0.23395487,-0.8466331,-0.47799304,0.0102781,0.00940382,0.09441582
-0.12932851,0.51070606,-0.84997259,0.96451347,-0.13419549,-0.227388,-0.23019094,-0.84921778,-0.47522756,-0.00932021,0.01849675,0.08732291
-0.12954445,0.51153951,-0.84943838,0.96496635,-0.13208112,-0.22670361,-0.22816263,-0.84904765,-0.47650804,-0.00567213,0.02673686,0.05481283
-0.129256844,0.516174525,-0.846673678,0.966104273,-0.126860648,-0.224830378,-0.223461386,-0.847036023,-0.482280734,0.0161208622,0.0399109125,0.000161834294
-0.12810747,0.52100999,-0.84388206,0.96758768,-0.12105802,-0.22162782,-0.21762906,-0.84492213,-0.48861436,0.04693969,0.01770854,-0.07976942
-0.12757662,0.52255558,-0.84300641,0.96835355,-0.11820294,-0.21981674,-0.21451233,-0.84437176,-0.49093859,0.05146798,0.01039863,-0.0996382
-0.12755743,0.52238674,-0.84311393,0.96981002,-0.11243976,-0.21639255,-0.20784017,-0.84526286,-0.49227334,0.0186889,-0.01033878,-0.08951084
-0.12867685,0.51894571,-0.84506667,0.97108923,-0.1068385,-0.21347433,-0.20106722,-0.84810432,-0.49019497,0.00312332,-0.00331795,-0.06102972
-0.12922336,0.5169503,-0.84620543,0.97167838,-0.10424757,-0.21206955,-0.19784432,-0.8496439,-0.48883818,0.00216815,0.00424159,-0.04602923
-0.12978982,0.51420207,-0.84779177,0.97269566,-0.09988184,-0.20949179,-0.19240009,-0.85183325,-0.4871985,0.01017375,0.01191628,-0.01184987
-0.12942642,0.51467565,-0.84755985,0.97351622,-0.0964939,-0.20725596,-0.18845399,-0.85193769,-0.48855621,0.01883764,0.01176941,-0.01920564
-0.12917194,0.51603266,-0.84677313,0.97384813,-0.09493813,-0.20641319,-0.18690709,-0.8512913,-0.49027404,0.01845868,0.01696253,-0.04234435
-0.1285812,0.5188318,-0.84515118,0.9743938,-0.09241662,-0.20497795,-0.18445507,-0.84986634,-0.49366348,0.02347426,0.01239288,-0.08591593
-0.1284086,0.51968184,-0.844655,0.97473938,-0.09080486,-0.20405315,-0.18274147,-0.84952064,-0.49489425,0.02713047,0.01707697,-0.08926495
-0.1284965,0.51898147,-0.84507206,0.9748603,-0.09031113,-0.20369388,-0.18203281,-0.8500012,-0.49432974,0.02486504,0.01339972,-0.06778207
-0.12872549,0.5163951,-0.84662029,0.97510581,-0.08952273,-0.20286548,-0.18055047,-0.85165829,-0.49201602,0.00478833,-0.00167,-0.03849125
-0.12854775,0.51261019,-0.84894421,0.97558121,-0.08836458,-0.20107959,-0.17809204,-0.85406235,-0.48873381,-0.01424087,-0.00772089,-0.0048896
-0.12796934,0.51149883,-0.84970158,0.97598458,-0.08733936,-0.1995643,-0.17628931,-0.85483376,-0.4880382,-0.00959285,-0.01054728,-0.00899831
-0.12722533,0.511915,-0.84956267,0.97640132,-0.08605955,-0.19807623,-0.17451119,-0.85471443,-0.48888552,-0.00855098,-0.00745946,-0.03385061
-0.126857452,0.512369041,-0.849343895,0.9766148,-0.0853258114,-0.19733966,-0.173581735,-0.854515872,-0.489562942,-0.00470756646,-0.000802755356,-0.0324171633
-0.12646123,0.51305569,-0.84898843,0.97699865,-0.08372151,-0.19612316,-0.17170072,-0.85426255,-0.49066716,0.00699174,0.00435483,-0.0342176
-0.126196325,0.513665251,-0.848659128,0.977372344,-0.082016401,-0.19497804,-0.169757493,-0.854061558,-0.491691984,-0.000620735809,0.00638782978,-0.0255751647
-0.12608288,0.51408993,-0.84841891,0.97754487,-0.08118061,-0.19446267,-0.16884646,-0.85388597,-0.49231049,-0.00779381,0.00488162,-0.01538273
-0.12592185,0.51513784,-0.847807,0.97786483,-0.07950211,-0.19354534,-0.16710497,-0.85341223,-0.49372413,-0.00783316,-0.01142287,-0.02430675
-0.12575129,0.51609986,-0.84724687,0.97811763,-0.07818511,-0.19280222,-0.16574743,-0.85295237,-0.4949744,0.00165139,-0.00529313,-0.02753323
-0.12585544,0.51648366,-0.84699772,0.97819009,-0.07760361,-0.1926705,-0.1652412,-0.85277336,-0.49545239,0.00532927,-0.00773722,-0.03093946
-0.12635524,0.51663346,-0.84683179,0.97824151,-0.07671468,-0.19276484,-0.16455326,-0.85276292,-0.49569896,-0.00150769,-0.00746739,-0.03274359
-0.12729818,0.51610183,-0.84701476,0.97815991,-0.07614421,-0.19340418,-0.16431155,-0.85313592,-0.49513709,-0.00111838,-0.00273871,-0.0128104
-0.127844841,0.51587401,-0.847071243,0.97811234,-0.0757945653,-0.193781895,-0.164170445,-0.853304857,-0.494892788,-0.0054574525,0.000506162643,-0.00381503184
-0.12844018,0.51658469,-0.84654797,0.97809163,-0.07503046,-0.19418366,-0.16382915,-0.85294242,-0.49563027,-0.00772833,0.0038954,0.00157886
-0.12849,0.52032697,-0.84424522,0.97814435,-0.07383551,-0.19437538,-0.1634741,-0.85076907,-0.49946771,,,
-0.12825993,0.523869,-0.84208711,0.97822775,-0.07286171,-0.1943236,-0.16315601,-0.8486769,-0.50311796,0.00179926,0.00416636,-0.01084044
-0.128012573,0.527527865,-0.839837489,0.978289813,-0.0719902261,-0.19433561,-0.162977596,-0.846481919,-0.506859444,0.000493901083,-0.00300371647,-0.0156923123
-0.12784497,0.52911003,-0.83886726,0.97832188,-0.0716595,-0.19429684,-0.16291719,-0.84552205,-0.50847863,0.00191533,-0.00205195,-0.01544958
-0.12773574,0.53163501,-0.8372859,0.97834935,-0.07106232,-0.19437742,-0.16283737,-0.84398712,-0.51104753,0.00976284,0.00336492,-0.00435739
-0.127616884,0.533810538,-0.835918799,0.978391923,-0.070479747,-0.194375533,-0.162675054,-0.842661802,-0.513281512,0.00164368865,0.00479435921,-9.1294467e-05
-0.12749569,0.53482211,-0.83529047,0.97841804,-0.07025518,-0.19432535,-0.16261298,-0.84203891,-0.51432237,-0.00199252,-0.00190461,-0.00719816
-0.12738819,0.53809769,-0.83320038,0.97843208,-0.06954793,-0.19450836,-0.16261197,-0.84000816,-0.51763238,-0.00213626,-0.01812351,0.00386893
-0.12744418,0.53896878,-0.83262882,0.97841471,-0.06936784,-0.19466091,-0.16267377,-0.83946463,-0.51849448,-0.00297998,-0.01042646,0.00523689
-0.12749554,0.54065127,-0.8315293,0.97834695,-0.06926014,-0.19503887,-0.1630399,-0.8383908,-0.52011413,0.00349528,-0.00463158,0.00860155
-0.12767838,0.54225499,-0.83045643,0.97827194,-0.06904865,-0.19549017,-0.16334736,-0.83737204,-0.52165685,0.00231402,-0.00215709,0.00522066
-0.12774765,0.54317218,-0.82984608,0.97822875,-0.06896969,-0.19573371,-0.16355134,-0.83678381,-0.52253592,0.01309396,-0.00274312,0.00802073
-0.12787079,0.54505912,-0.82858897,0.97810695,-0.06899679,-0.19633209,-0.16418255,-0.83555374,-0.52430345,0.00671147,-0.00136864,0.00277282
-0.12806296,0.54656931,-0.82756384,0.97797885,-0.06905681,-0.19694815,-0.16479472,-0.83456167,-0.52568962,0.00603331,-0.00321198,0.00876411
-0.12799216,0.54721815,-0.82714577,0.9779575,-0.06909496,-0.19704026,-0.16497568,-0.8341331,-0.52631243,0.00259325,0.00191367,0.00835109
-0.12792298,0.54838135,-0.82638594,0.97795679,-0.0689055,-0.19711077,-0.16503436,-0.83338468,-0.52747869,0.00622748,0.00656903,0.00653107
-0.12767152,0.54940676,-0.82574333,0.97802825,-0.06860204,-0.19686127,-0.16480466,-0.83273395,-0.52857676,0.00867578,0.01120007,-0.00142247
-0.12762777,0.54980941,-0.82548207,0.97805132,-0.06844229,-0.19680233,-0.16470171,-0.83248133,-0.52900665,0.01338735,0.00827241,0.01221161
-0.12709152,0.55148824,-0.82444429,0.97827364,-0.06756327,-0.19599952,-0.16379362,-0.83144203,-0.53091966,0.01246982,-0.00694084,0.0045296
-0.127031986,0.551773583,-0.824262491,0.978308851,-0.0673883211,-0.195883841,-0.163629253,-0.831266865,-0.531244468,0.00410868367,-0.00921070576,-0.000259789987
-0.126972559,0.552230315,-0.823965775,0.97837807,-0.0669999016,-0.195671451,-0.163261355,-0.830994972,-0.531782866,-0.00672699697,-0.0067050457,0.000918324455
-0.12695817,0.55269522,-0.82365618,0.97842414,-0.06667206,-0.19555289,-0.16299605,-0.83071218,-0.53230574,-0.00904036,0.00309122,0.00639978
-0.12689864,0.55301464,-0.82345093,0.97846603,-0.06645471,-0.19541724,-0.16279083,-0.830517,-0.532673,-0.00733063,0.00447619,0.0085396
-0.12634501,0.553822,-0.82299324,0.9786313,-0.06608876,-0.19471213,-0.16222658,-0.83000797,-0.53363748,,,
-0.125611364,0.554526483,-0.8226311,0.978793069,-0.0659813186,-0.193933931,-0.161819889,-0.829546032,-0.534478605,-0.00383776939,-0.000352859497,-0.00648537697
-0.12543182,0.55462934,-0.82258934,0.97883051,-0.06598308,-0.19374503,-0.16173363,-0.8294773,-0.53461175,-0.00280439,0.00397813,-0.00865842
-0.12513059,0.55444827,-0.82275712,0.97893053,-0.06587514,-0.19327529,-0.16136047,-0.82960679,-0.5345233,-0.00753472,0.00099218,0.00519304
-0.12502364,0.55397392,-0.82309293,0.97900137,-0.06575147,-0.19295867,-0.16101365,-0.82993351,-0.53412073,-0.00861803,0.00455427,0.0035521
-0.124992393,0.553740729,-0.823254426,0.979025291,-0.0657196891,-0.1928475,-0.160891653,-0.830091491,-0.533911641,-0.0101092895,0.000901818275,-0.00104513881
-0.12516955,0.55295474,-0.82375578,0.97901498,-0.0657435,-0.19289222,-0.16081728,-0.83061351,-0.53312188,-0.00352182,0.00413799,0.0024252
-0.12561493,0.55191152,-0.82438731,0.97896897,-0.06568624,-0.1931449,-0.16074986,-0.83131153,-0.53205304,-0.01044891,0.00861633,0.01649801
-0.12579279,0.5515352,-0.82461198,0.97895858,-0.0656124,-0.19322252,-0.16067387,-0.83156705,-0.5316765,-0.01573724,0.01081669,0.01575441
-0.12601394,0.55116818,-0.82482353,0.97900572,-0.06518516,-0.19312802,-0.16021239,-0.8318439,-0.53138249,-0.00959644,0.00714278,0.01144565
-0.12622108,0.55123243,-0.82474893,0.97909115,-0.06447343,-0.19293381,-0.15952588,-0.83185681,-0.53156881,-0.00651276,0.00308549,0.00213704
-0.12638492,0.55135572,-0.82464147,0.97913233,-0.06402981,-0.19287276,-0.15914321,-0.83180941,-0.53175776,,,
-0.1268464,0.55149063,-0.82448036,0.97919948,-0.06308073,-0.1928445,-0.15836085,-0.83179247,-0.53201771,-0.01138177,0.00228453,0.00571783
-0.12747142,0.55150806,-0.82437237,0.9792603,-0.06198648,-0.19289076,-0.15748079,-0.83186323,-0.53216841,-0.00961164,0.00148106,0.00360774
-0.1278441,0.55152191,-0.82430539,0.97927236,-0.06145813,-0.19299857,-0.15710324,-0.83189326,-0.53223308,-0.01173718,-0.00484943,0.01071922
-0.12850021,0.55177183,-0.82403597,0.97930768,-0.06039575,-0.19315429,-0.15634548,-0.83180524,-0.53259345,-0.00532346,-0.00509721,0.010303
-0.12917523,0.55237673,-0.82352511,0.9792975,-0.0594646,-0.1934949,-0.15585271,-0.83147088,-0.53325976,-0.00518635,0.00133479,-0.0047397
-0.129550005,0.552697232,-0.82325116,0.979288649,-0.0589660821,-0.193692169,-0.155597061,-0.83129338,-0.533611042,0.00205352763,-0.00047814846,-0.00931941159
-0.130312805,0.552941405,-0.822966738,0.979239373,-0.0582108357,-0.19416908,-0.155269759,-0.831184206,-0.533876342,-0.000887439586,0.00135207176,-0.0117447646
-0.13110205,0.55259847,-0.82307184,0.97916653,-0.05768384,-0.19469345,-0.15506522,-0.83144908,-0.53352347,0.00538034,0.00132763,-0.00924672
-0.131607336,0.55225952,-0.823218607,0.979116111,-0.0573924408,-0.195032549,-0.154955131,-0.831694341,-0.533172911,0.00346868276,-0.000746369362,-0.00387456967
-0.13248051,0.55148801,-0.8235956,0.97906911,-0.0567144,-0.19546608,-0.154507,-0.83225254,-0.53243128,0.01198176,-0.00137424,0.00801453
-0.13322279,0.55120396,-0.82366621,0.97903002,-0.05604266,-0.19585598,-0.15411698,-0.83248636,-0.5321791,0.00773773,-0.00571746,-0.00497208
-0.13457541,0.55088333,-0.82366063,0.97891365,-0.05500354,-0.19672953,-0.15367935,-0.83276767,-0.53186503,0.00958094,0.00135398,-0.00334975
-0.13514113,0.55104388,-0.82346063,0.97889748,-0.05431945,-0.19700005,-0.15328564,-0.8327064,-0.53207464,0.00785029,-0.00184727,-0.00128703
-0.13529085,0.55125332,-0.823296,0.97890813,-0.05401756,-0.1970307,-0.15308621,-0.83258754,-0.53231831,0.01183699,-0.00489223,-0.00624105
-0.13557324,0.55148696,-0.82309286,0.97892818,-0.05348331,-0.1970761,-0.15270671,-0.83246712,-0.53261517,0.01531337,-0.01924384,-0.0099282
-0.13588512,0.55147552,-0.82304903,0.97891232,-0.05316465,-0.19724076,-0.15253069,-0.83249505,-0.53262181,0.01406911,-0.01487541,-0.00524803
-0.1361221,0.55139355,-0.82306476,0.97889759,-0.05295441,-0.1973703,-0.15241377,-0.83256272,-0.53254945,0.01322413,-0.00488991,-0.00814238
-0.13638814,0.55127132,-0.82310254,0.97888497,-0.05270358,-0.19749976,-0.15225659,-0.83265952,-0.53244295,0.01713017,0.00175822,-0.01067551
-0.13647589,0.55115087,-0.82316883,0.97889164,-0.05258187,-0.19749986,-0.15213603,-0.83274711,-0.53234078,0.00736514,0.01171458,-0.00548869
-0.13647593,0.551185,-0.823146,0.97889796,-0.05253917,-0.19747999,-0.15209545,-0.83272724,-0.53238352,0.00690721,0.01102507,-0.00338795
-0.13611883,0.55139318,-0.82306577,0.97897419,-0.052541,-0.19710155,-0.15192513,-0.83258936,-0.53264789,0.00985868,0.0036819,-0.0010286
-0.13541665,0.55158446,-0.82305332,0.97912754,-0.05257403,-0.19632905,-0.15156334,-0.83246046,-0.5329521,0.00549178,-0.00450587,-0.00269194
-0.13508849,0.55168419,-0.82304048,0.97919297,-0.05262088,-0.19599015,-0.1514338,-0.83239148,-0.5330968,0.00727831,-0.00513864,-0.00854319
-0.13439875,0.55158198,-0.82322184,0.97933443,-0.05276848,-0.19524206,-0.15113221,-0.83244982,-0.53309118,0.00398789,-0.00128245,-0.00422368
-0.133866926,0.551019801,-0.823684814,0.979481512,-0.0527842168,-0.194498463,-0.150650128,-0.832821027,-0.532647604,-0.000956983655,-0.00374603271,0.00498559093
-0.13359253,0.55062911,-0.82399074,0.97955149,-0.05284823,-0.19412895,-0.15043945,-0.83307548,-0.53230948,,,
-0.133192191,0.549885718,-0.824551475,0.979669835,-0.0528869135,-0.19351903,-0.150021506,-0.833563613,-0.531662211,0.000337923411,-0.00257694721,0.00436378177
-0.1326755,0.54943984,-0.82493214,0.97980432,-0.05291775,-0.19282939,-0.14960172,-0.83385583,-0.53132264,,,
-0.132387454,0.549342658,-0.825042924,0.979884518,-0.0528669958,-0.192434557,-0.149330215,-0.833922881,-0.531293328,0.00469901133,0.000896692276,0.00707613863
-0.13185759,0.54922515,-0.82520609,0.98003537,-0.05274105,-0.19169994,-0.14880875,-0.83400834,-0.5313057,-0.00106266,-0.01141071,-0.00396716
-0.13150672,0.54910632,-0.82534139,0.9801673,-0.05248605,-0.19109534,-0.14825049,-0.83410289,-0.53131384,0.00275503,-0.00714892,-0.00220661
-0.13123005,0.54898968,-0.82546287,0.98028523,-0.05220802,-0.1905653,-0.14771419,-0.83419698,-0.5313152,,,
-0.130635638,0.549091042,-0.825489655,0.980528755,-0.0515794604,-0.1894802,-0.146620272,-0.834169295,-0.531661386,-0.00562632503,0.00477421284,-8.2990271e-05
-0.13001744,0.54960955,-0.82524216,0.98076195,-0.05093757,-0.18844414,-0.1456066,-0.83386722,-0.53241332,0.00233256,0.01178312,0.0014775
-0.12961302,0.54998241,-0.82505749,0.98088654,-0.05066766,-0.18786808,-0.14512785,-0.83363792,-0.53290316,-0.00145574,0.01176155,-0.00481494
-0.128872383,0.55119438,-0.824364337,0.981089225,-0.0501938243,-0.186934252,-0.144415153,-0.832865678,-0.53430224,0.000170266372,0.00803554058,-0.00672742864
-0.127998264,0.552449508,-0.823660095,0.981294102,-0.0498690852,-0.185943348,-0.143799501,-0.832053234,-0.535732279,-0.00178911758,0.000912427902,-0.0108975377
-0.12698489,0.55340628,-0.82317449,0.98151346,-0.04970449,-0.1848262,-0.14319948,-0.83142701,-0.53686397,-0.00644188,-0.01224577,-0.00893296
-0.12663769,0.55321863,-0.823354071,0.981556564,-0.0499483804,-0.184531194,-0.143211346,-0.83153725,-0.536689997,-0.00396928238,-0.0153782964,-0.000715242815
-0.12651628,0.55300284,-0.82351775,0.98155478,-0.05016542,-0.1844821,-0.14333124,-0.83166777,-0.53645583,0.00293531,-0.00568163,0.00284484
