0,1,2,3,4,5,6,7,8,9,10,11
0.57667708,-0.30129169,0.7593858,-0.59364408,0.48405626,0.64286559,-0.56127549,-0.82153075,0.10028412,-0.00519766,-0.01552302,-0.01282507
0.57662973,-0.30114182,0.75948123,-0.59358852,0.48432308,0.64271596,-0.56138294,-0.82142848,0.10052076,-0.00171953,-0.01596051,-0.00532844
0.57662973,-0.30108868,0.75950228,-0.59354923,0.48442553,0.642675,-0.56142444,-0.82138751,0.10062321,0.00590229,-0.01270097,-0.00352202
0.57653501,-0.30097501,0.75961929,-0.59357565,0.48460029,0.64251893,-0.56149388,-0.82132616,0.10073759,-0.00168625,-0.00166416,0.00517045
0.576539159,-0.301235486,0.759512829,-0.593498354,0.484487838,0.642675025,-0.561571242,-0.821296941,0.100543447,-0.00764542073,-0.00541377021,-9.77288e-05
0.57652611,-0.30140344,0.75945616,-0.5934611,0.48441634,0.6427634,-0.56162409,-0.82127756,0.10040745,-0.00743152,-0.00633627,-0.00557921
0.5765855,-0.302228172,0.759083139,-0.593206287,0.484016859,0.643299216,-0.561832164,-0.821209908,0.0997934549,-0.00470019178,-0.0187715869,-0.000512670842
0.576572338,-0.302342976,0.759047481,-0.593129767,0.484047706,0.643346652,-0.561926537,-0.821149536,0.0997598985,-0.00638377247,-0.0149989715,0.000618893537
0.576464516,-0.302397263,0.759107687,-0.593118857,0.484151141,0.643278788,-0.562048579,-0.821068495,0.0997384379,0.000223765848,-0.00693774177,0.00625463296
0.57645132,-0.30251202,0.75907197,-0.59304227,0.48418208,0.64332609,-0.5621429,-0.82100796,0.09970499,-0.00380596,-0.00410151,0.00778566
0.57643812,-0.30267993,0.75901505,-0.59300502,0.48411052,0.64341428,-0.56219573,-0.82098827,0.09956905,0.00242721,-0.00621086,0.00510466
0.5764722,-0.30289133,0.75890488,-0.59294482,0.48397699,0.64357027,-0.56222435,-0.82098909,0.09940144,-0.0027862,-0.0072583,0.0052186
0.5764722,-0.30289133,0.75890488,-0.59294482,0.48397699,0.64357027,-0.56222435,-0.82098909,0.09940144,-0.00362725,-0.00777131,-0.0051813
0.57642489,-0.30287439,0.75894757,-0.59298751,0.4839876,0.64352295,-0.56222783,-0.82098908,0.09938177,-0.00182114,-0.01207048,-0.00502701
0.57640785,-0.30272887,0.7590186,-0.59298814,0.48413116,0.64341442,-0.56224468,-0.82095814,0.09954237,0.00338636,-0.00769567,-0.00179009
0.57646839,-0.30263102,0.75901157,-0.59302196,0.48408976,0.64341428,-0.56214683,-0.82101855,0.0995956,-0.00146526,-0.00651175,-0.00189581
0.576498643,-0.302582094,0.759008105,-0.593038928,0.48406899,0.64341428,-0.562097907,-0.821048831,0.0996221593,-0.00161060411,-0.0133737316,-0.000814916275
0.57665378,-0.30257128,0.75889459,-0.59302677,0.48390375,0.64354981,-0.56195162,-0.82115025,0.09961206,-0.00829711,-0.01237237,-0.00378742
0.57670109,-0.30264133,0.75883072,-0.59302341,0.48379062,0.64363798,-0.56190664,-0.82119111,0.09952919,-0.00743375,-0.00980031,-0.00292127
0.57670109,-0.30266791,0.75882017,-0.59304311,0.48373929,0.64365848,-0.56188591,-0.82121161,0.09947786,-0.00604902,-0.0151189,-0.00590557
0.576657625,-0.302831559,0.758787811,-0.592949524,0.483791094,0.643705626,-0.562029143,-0.821120648,0.0994179987,0.00674103294,-0.00381231285,-0.00030517322
0.57664439,-0.30294636,0.75875213,-0.59287302,0.48382187,0.64375308,-0.56212353,-0.82106026,0.09938444,0.00310027,-0.00461161,0.0042078
0.576699088,-0.303457257,0.758506379,-0.592656295,0.483636921,0.644091556,-0.562295963,-0.820980578,0.0990671144,0.000755573972,-0.00982099678,0.00111215131
0.57678399,-0.30397215,0.75823548,-0.59249567,0.48332866,0.64447044,-0.56237798,-0.8209715,0.09867405,-0.01128839,-0.009399,-0.00836913
0.576770619,-0.304193041,0.75815713,-0.592497898,0.483154242,0.644599259,-0.562389439,-0.820992422,0.0984354344,-0.000760397408,-0.00674468232,0.00299771596
0.576662711,-0.304273941,0.758206746,-0.592506816,0.483206353,0.644551995,-0.562490689,-0.820931769,0.0983627019,0.000745524361,-0.00989216473,0.00322456565
0.576632381,-0.304375891,0.758188874,-0.592529258,0.483124557,0.644592651,-0.562498116,-0.820942095,0.0982336445,-0.000242359034,-0.0122255078,0.00149825378
0.57664926,-0.30452133,0.75811765,-0.59252867,0.4829808,0.64470092,-0.56248144,-0.82097276,0.09807291,-0.00208044,-0.01188558,0.00151428
0.57666271,-0.3043535,0.75817477,-0.59256582,0.48305258,0.64461294,-0.56242847,-0.82099272,0.09820893,-0.00256836,-0.01678127,-0.00546101
0.576740297,-0.30426847,0.758149923,-0.592500666,0.483123702,0.644619595,-0.56241761,-0.820982435,0.0983576373,0.000766702229,-0.0166381579,-0.00405601645
0.576861559,-0.303913627,0.758199974,-0.592450228,0.483348505,0.644497393,-0.562346353,-0.820981528,0.0987714772,-0.00588517264,-0.000266075105,0.00224498473
0.576861559,-0.303940144,0.758189323,-0.592469886,0.48329726,0.644517721,-0.562325613,-0.821001856,0.0987202319,-0.00560129108,-0.000324368448,0.00714008324
0.57689545,-0.30415141,0.75807883,-0.59240963,0.48316354,0.64467337,-0.56235436,-0.82100235,0.09855263,-0.00392087,-0.0013845,0.00602202
0.576942694,-0.304274375,0.757993492,-0.592445559,0.482947815,0.644801944,-0.562267986,-0.821083669,0.0983672162,-0.000599754043,-0.016069172,-0.00811213162
0.57697301,-0.30422546,0.75799004,-0.59246245,0.4829271,0.64480193,-0.56221907,-0.82111397,0.09839375,-0.00166621,-0.0163672,-0.01058883
0.576871269,-0.303618336,0.758310881,-0.592662974,0.483276729,0.6443556,-0.562112165,-0.821133025,0.098845117,-0.000660638267,-0.00904643442,-0.00135133928
0.57693184,-0.3034674,0.75832519,-0.59265745,0.48333785,0.64431478,-0.56205577,-0.82115281,0.09900078,,,
0.576948825,-0.303612858,0.758254069,-0.592656816,0.483194093,0.644423233,-0.562039055,-0.82118368,0.0988400369,-2.24271207e-05,-0.0129156103,-0.00150715956
0.57694883,-0.30363938,0.75824343,-0.59267646,0.48314284,0.64444356,-0.56201831,-0.82120401,0.09878879,-0.00696331,-0.00835377,-0.00230356
0.576776724,-0.303637588,0.758375089,-0.592787763,0.483195423,0.644301785,-0.5620776,-0.821173756,0.0987032288,-9.8926248e-05,-0.0128442636,-0.00471540261
0.57663481,-0.30353376,0.75852456,-0.59287666,0.48332984,0.64411917,-0.56212946,-0.82113305,0.09874673,-0.0043394,-0.00911426,-0.00164314
0.57658752,-0.3034903,0.75857796,-0.59289972,0.48339171,0.64405158,-0.56215372,-0.82111275,0.09877832,,,
0.57649293,-0.30345646,0.75866336,-0.59298512,0.48341299,0.64395695,-0.56216062,-0.82111271,0.09873901,-0.00380185,-0.00331873,0.00835613
0.57633774,-0.303520424,0.758755666,-0.593036683,0.48347575,0.643862323,-0.56226533,-0.8210521,0.0986465755,0.000395919662,-0.00472974731,0.00839620363
0.57611819,-0.30344849,0.7589511,-0.59315114,0.48364158,0.64363223,-0.56236953,-0.82098096,0.09864389,-0.00667627,-0.00950891,0.00470758
0.57606703,-0.3031713,0.7591007,-0.59327101,0.48376492,0.64342904,-0.56229549,-0.82101071,0.09881828,-0.00701981,-0.00717646,-0.00257144
0.57598558,-0.30299611,0.75923246,-0.59341325,0.48380647,0.64326664,-0.56222885,-0.82105092,0.09886365,-0.00660732,-0.00328594,-0.00643566
0.57583965,-0.30268502,0.75946725,-0.59361841,0.48395082,0.64296877,-0.56216183,-0.82108065,0.09899867,-0.00240195,-0.00825077,-0.00435543
0.575771218,-0.302341801,0.759655762,-0.593797784,0.484063869,0.642717888,-0.562042376,-0.821140382,0.0991801553,-0.00264134025,-0.00865113642,-0.000470640138
0.575706712,-0.302232416,0.759748166,-0.593880351,0.484115493,0.642602699,-0.562021208,-0.82115021,0.099218649,-8.48114723e-06,-0.0102854362,0.00100504293
0.575672435,-0.302074132,0.759837092,-0.59397987,0.484146292,0.642487517,-0.561951155,-0.821190303,0.099283724,-0.00375121413,-0.0117649427,0.000718974043
0.57556049,-0.30197438,0.75996153,-0.59412473,0.48415723,0.64234531,-0.56191268,-0.82122053,0.09925132,-0.00475386,-0.01036221,-0.00627532
0.57551308,-0.30195745,0.76000418,-0.59416738,0.48416776,0.64229795,-0.56191616,-0.82122058,0.09923162,-0.00090718,-0.00797748,-0.00498716
0.575401086,-0.30180448,0.760149737,-0.594272885,0.484281119,0.642114871,-0.561919304,-0.821209977,0.0993016636,-0.000285057671,-0.00652843667,-0.000247607153
0.575353601,-0.301760892,0.760202992,-0.594295901,0.484342915,0.642046969,-0.561943597,-0.82118956,0.0993331795,-0.000313140219,-0.00688058091,0.00493477471
0.57532336,-0.30180978,0.76020646,-0.59427894,0.48436373,0.64204696,-0.56199249,-0.82115931,0.09930658,-0.00576138,-0.00719261,0.00662766
0.57523262,-0.3020629,0.76017458,-0.59430676,0.48422127,0.64212863,-0.56205592,-0.82115023,0.09902184,-0.00276981,-0.00674474,0.00448203
0.57504694,-0.3023354,0.76020674,-0.59445923,0.48399747,0.64215623,-0.56208469,-0.8211819,0.0985952,-0.00176389,-0.00479662,-0.00237939
0.57499951,-0.30234508,0.76023877,-0.59452153,0.48395682,0.6421292,-0.56206733,-0.82120229,0.09852428,-0.00417366,-0.00910735,-0.00233681
0.574826928,-0.302369766,0.760359458,-0.594652111,0.483958119,0.642007305,-0.562105726,-0.821192449,0.0983873398,-0.000156736409,-0.0123383394,-5.17463777e-05
0.574650239,-0.302187247,0.760565572,-0.594899026,0.483969325,0.641770101,-0.56202515,-0.821253056,0.0983421888,-1.85477838e-05,-0.00908160117,-0.000342219573
0.574615755,-0.3020289,0.760654481,-0.594998441,0.484000147,0.641654632,-0.561955115,-0.8212931,0.0984073871,-0.000608270348,-0.00916099455,-0.000572770834
0.57452957,-0.30156653,0.76090303,-0.59519779,0.48420485,0.64131528,-0.56183217,-0.82134239,0.09869827,0.00699378,-0.01896846,-0.00285429
0.57447778,-0.30123575,0.76107313,-0.59527801,0.48443008,0.64107067,-0.56180013,-0.82133095,0.0989753,0.00083153,-0.01043862,-0.00358164
0.57427044,-0.30096867,0.7613352,-0.59540942,0.48471804,0.64073083,-0.5618728,-0.82125894,0.09915966,-0.00701726,-0.00104034,0.00381546
0.574192701,-0.301133883,0.761328482,-0.595533376,0.484493434,0.640785478,-0.561820854,-0.82133088,0.0988573189,-8.79637664e-05,-0.00476968242,0.00375259877
0.57416248,-0.3012894,0.76128973,-0.5955951,0.48430947,0.64086714,-0.56178629,-0.82138232,0.09862584,-0.00424615,-0.00731522,0.00129297
0.57409765,-0.30133994,0.76131864,-0.59579555,0.4840536,0.64087417,-0.56164001,-0.82151463,0.09835704,-0.00109547,-0.01711249,-0.01283235
0.57408034,-0.30122081,0.7613789,-0.59581577,0.48414562,0.64078596,-0.56163634,-0.82150417,0.09846637,0.00211951,-0.01460647,-0.00838417
0.574058568,-0.300814338,0.76155593,-0.595893191,0.48440114,0.6405207,-0.561576358,-0.821502402,0.0988214116,-0.00080963783,-0.00930470135,-0.0016028831
0.57394612,-0.3006612,0.76170114,-0.59599842,0.48451429,0.64033717,-0.56157961,-0.82149173,0.0988915,,,
0.57391592,-0.30073677,0.76169409,-0.59600114,0.48448393,0.64035765,-0.56160762,-0.821482,0.09881359,,,
0.573859955,-0.30133525,0.761499773,-0.596067373,0.483952561,0.64069783,-0.561594627,-0.821575979,0.0981048796,-0.000662269769,-0.016189931,-0.00190742267
0.573829729,-0.301410775,0.76149262,-0.596070061,0.483922281,0.640718141,-0.561622603,-0.821566065,0.0980270519,-0.00443365565,-0.0113260737,0.000562275527
0.573704396,-0.301425732,0.761581103,-0.596138161,0.483964314,0.640622989,-0.561678325,-0.821535787,0.0979610739,-0.000101893907,-0.0127559295,0.00304897851
0.57360928,-0.30136516,0.76167673,-0.59620356,0.48403661,0.64050752,-0.56170608,-0.82151543,0.09797291,,,
0.57354876,-0.301516317,0.761662456,-0.596209009,0.483975954,0.640548244,-0.561762053,-0.821495676,0.0978170657,0.000394391478,-0.00750601245,0.00641460856
0.57354876,-0.30156964,0.76164128,-0.59624831,0.48387362,0.64058889,-0.56172025,-0.82153632,0.09771473,0.00106699,-0.01035219,0.00375639
0.57354876,-0.30162301,0.76162018,-0.59628768,0.48377115,0.64062967,-0.5616785,-0.8215771,0.09761226,-0.00407529,-0.00961167,0.00213751
0.573501129,-0.301659449,0.761641672,-0.596369678,0.483679171,0.640622879,-0.561640159,-0.821617942,0.0974900018,-0.00950758904,-0.00823920872,-6.76801428e-05
0.573544253,-0.301469195,0.761684552,-0.596443385,0.483678278,0.640554964,-0.561517871,-0.821688322,0.0976015878,0.000679844816,-0.0120064011,-0.00233271369
0.57354425,-0.30146919,0.76168455,-0.59644339,0.48367828,0.64055496,-0.56151787,-0.82168832,0.09760159,-0.00263491,-0.01019597,0.00260429
0.57357448,-0.30144698,0.7616705,-0.59647994,0.48360625,0.64057519,-0.56144805,-0.82173877,0.09757713,0.00083984,-0.01034564,-0.0038874
0.57352691,-0.30145675,0.76170251,-0.59654217,0.48356551,0.64054807,-0.5614306,-0.82175922,0.09750617,0.00150842,-0.00484306,-0.00432882
0.57353136,-0.30179726,0.76156425,-0.59652427,0.48329981,0.64076516,-0.56144501,-0.82179049,0.09715821,0.00143502,-0.00694174,-0.00204484
0.57350113,-0.30184619,0.7615677,-0.59650738,0.4833206,0.64076531,-0.56149393,-0.82176038,0.09713143,0.00317449,-0.00485206,-0.00387314
0.57356608,-0.301955596,0.761475385,-0.596424973,0.483269135,0.640880789,-0.561515089,-0.821750419,0.0970929254,0.00465565734,-0.00767326308,0.000222438364
0.57357045,-0.30218938,0.76137933,-0.59632844,0.48320821,0.64101651,-0.56161311,-0.82170029,0.09694983,-0.00206376,-0.01403195,0.00090123
0.57360926,-0.30258145,0.76119439,-0.5961327,0.48311654,0.64126768,-0.5617813,-0.82160994,0.09674142,-0.00934936,-0.00814742,-0.00228889
0.5736955,-0.30320355,0.76088174,-0.59605177,0.48260419,0.64172846,-0.56177905,-0.82168165,0.09614284,-0.00694029,-0.00500494,0.00145254
0.57377337,-0.30314496,0.76084637,-0.59600637,0.48262394,0.64175576,-0.56174768,-0.82169166,0.09624044,-0.00206282,-0.00629067,0.00520507
0.57374308,-0.30319383,0.76084974,-0.59598948,0.4826448,0.64175578,-0.56179655,-0.82166139,0.09621379,-0.00227708,-0.00449902,0.00622403
0.57372579,-0.30304808,0.76092088,-0.59598999,0.48278831,0.64164741,-0.56181373,-0.82163089,0.09637448,-0.00138467,-0.00456142,0.00355719
0.573661025,-0.302965371,0.761002552,-0.596091988,0.48278872,0.641552209,-0.561771521,-0.821661049,0.0963618479,-0.000457496499,-0.00408500386,0.00354761933
0.573721584,-0.30292096,0.760974695,-0.596165205,0.482644381,0.641592947,-0.561632123,-0.821762346,0.0963125608,-0.000711247907,-0.0137449494,-0.0038558119
0.57379938,-0.30291562,0.76091805,-0.59615915,0.48256174,0.64166057,-0.56155892,-0.82181272,0.09630772,-0.00118775,-0.01658094,-0.00920652
0.57379938,-0.30286235,0.76093938,-0.59611989,0.48266412,0.64162023,-0.56160076,-0.82177238,0.0964101,-0.00236388,-0.0190857,-0.01878218
0.573782128,-0.302689936,0.761020901,-0.596100618,0.48285895,0.641491399,-0.561638729,-0.821721343,0.0966221807,0.000797136337,-0.00344765163,-0.00550869759
0.573782128,-0.302636614,0.761042105,-0.596061264,0.482961469,0.641450787,-0.561680492,-0.82168073,0.0967247,0.000596487662,-0.00401312066,-0.00545489043
0.57367406,-0.3027708,0.76107028,-0.59610941,0.4829112,0.641444,-0.56173988,-0.82166092,0.0965491,,,
0.573600456,-0.303143118,0.760977514,-0.596117252,0.482676613,0.641613218,-0.561806683,-0.821661457,0.0961546832,-0.00657859538,-0.000150918946,0.0044128662
0.57355709,-0.30341321,0.76090255,-0.5961027,0.48252361,0.6417418,-0.56186638,-0.82165162,0.0958894,-0.00972728,-0.00539523,0.00694177
0.5735481,-0.30381483,0.76074905,-0.59596918,0.4823911,0.64196538,-0.56201717,-0.82158102,0.09561022,-0.00586641,-0.01376671,0.00209228
0.573487454,-0.303885865,0.760766342,-0.595915667,0.482484167,0.641945038,-0.562135716,-0.821500027,0.0956082726,-0.00169809116,-0.013324081,8.28608754e-05
0.573439941,-0.303815703,0.760830224,-0.595918893,0.482597237,0.641857111,-0.562180829,-0.821459614,0.0956910147,-0.00152826495,-0.0151707521,-0.000341240084
0.573392412,-0.303745448,0.760894067,-0.595922094,0.482710398,0.641769003,-0.562225877,-0.821419076,0.0957738589,-0.00123712316,-0.00621515466,0.000791972911
0.57340961,-0.30381123,0.7608548,-0.59586255,0.4827207,0.64181647,-0.56227138,-0.82138865,0.09576696,-0.00557799,-0.0067485,0.00214004
0.573457124,-0.30385483,0.760801685,-0.59583977,0.482658658,0.641884437,-0.562247214,-0.821409096,0.0957352519,-0.00466715405,-0.00658124639,0.000665776024
0.573474305,-0.303973833,0.760741083,-0.595819576,0.48256655,0.641972268,-0.562250939,-0.821419058,0.0956259633,-0.0065565533,-0.00830119755,-0.000396766816
0.57346113,-0.30408847,0.76070527,-0.59574326,0.48259753,0.6420199,-0.56234532,-0.8213585,0.09559227,-0.00307007,-0.01084864,-0.00323052
0.573461132,-0.304088465,0.760705268,-0.595743264,0.482597533,0.642019897,-0.562345323,-0.821358503,0.0955922738,-0.000259180437,-0.00717240525,-0.00487243477
0.573478289,-0.304180838,0.760655375,-0.59570347,0.482556532,0.642087599,-0.562369948,-0.821348359,0.0955341168,0.000385262945,-0.00609695865,0.00141529238
0.57349544,-0.30427321,0.76060548,-0.59566368,0.48251552,0.6421553,-0.56239458,-0.82133821,0.09547596,-0.00283473,-0.00562477,-0.00091656
0.57347829,-0.30420752,0.76064479,-0.59572324,0.48250515,0.642108,-0.56234913,-0.82136876,0.09548274,-0.00121697,-0.00762081,-0.00508108
0.573478289,-0.304154238,0.760666087,-0.595683835,0.482607673,0.642067487,-0.562390848,-0.821328246,0.0955852571,-0.000950629532,-0.0102513423,-0.000367208937
0.57344794,-0.30414977,0.760690685,-0.595627483,0.482731126,0.64202686,-0.562481379,-0.821257271,0.0956612107,0.000786465302,-0.00982826855,-0.0029576607
0.57346509,-0.30424219,0.76064086,-0.59558775,0.48269,0.64209471,-0.56250604,-0.82124728,0.09560294,-0.00196686,-0.00762373,-0.00224311
0.57345187,-0.3043834,0.76059425,-0.59553099,0.48266993,0.64216234,-0.5625795,-0.82120666,0.09551823,-0.00657829,-0.00626135,0.00089005
0.57336077,-0.30455656,0.76059363,-0.5955,0.48268122,0.64218261,-0.56270517,-0.82113583,0.09538705,-0.00184561,-0.00901246,-0.00277673
0.57330002,-0.30470751,0.76057896,-0.59550561,0.48262044,0.64222309,-0.56276113,-0.82111556,0.09523128,-0.00123891,-0.00923568,-0.00230392
0.573256301,-0.304950866,0.760514392,-0.595471478,0.48251858,0.642331291,-0.562841799,-0.821085097,0.0950172756,0.000595957157,-0.0139780631,0.000435859722
0.57332088,-0.30508674,0.76041117,-0.59540882,0.48241562,0.64246664,-0.56284225,-0.82109508,0.09492762,-0.00614381,-0.01169324,0.00153775
0.57335127,-0.30501129,0.76041856,-0.59540603,0.48244598,0.64244647,-0.56281429,-0.82110531,0.09500546,-0.00951927,-0.00884414,0.00184002
0.57333418,-0.30478573,0.76052183,-0.5953472,0.48274338,0.6422775,-0.56289387,-0.82101421,0.09531995,0.00254182,-0.00493687,-0.00213143
0.573256301,-0.304737782,0.760599816,-0.595313771,0.48292853,0.642169392,-0.563008624,-0.820923198,0.0954272253,-0.00512468396,5.25712931e-05,-0.00262249867
0.57322591,-0.30475995,0.76061379,-0.5952771,0.48300069,0.64214905,-0.56307828,-0.82087246,0.0954519,,,
0.57316511,-0.304910921,0.760599191,-0.59528278,0.48293978,0.642189716,-0.563134274,-0.820852332,0.0952960093,-0.00112618285,-0.00662326766,0.000299130217
0.57312132,-0.30515423,0.76053455,-0.5952486,0.48283802,0.64229782,-0.56321488,-0.82082171,0.09508214,-0.00755787,-0.00616765,0.0028044
0.57316881,-0.30522444,0.76047064,-0.59524552,0.48272477,0.64238587,-0.56316989,-0.82086227,0.0949993,-0.00369429,-0.01041162,-0.00250841
0.57320293,-0.30540916,0.76037076,-0.59516601,0.48264257,0.6425213,-0.56321919,-0.82084192,0.09488298,-0.00865951,-0.01890343,-0.00812032
0.57318955,-0.30541719,0.76037762,-0.59501071,0.48287854,0.64248784,-0.56339688,-0.82070014,0.09505443,-0.00650587,-0.01386773,-0.01054577
0.57318955,-0.305337242,0.760409627,-0.59495143,0.483032418,0.642426921,-0.563459341,-0.820639215,0.0952083101,-0.000651840353,-0.00550401164,-0.00853081141
0.57320666,-0.30524323,0.76043451,-0.59477344,0.48334997,0.64235294,-0.56362987,-0.82048724,0.09550886,0.00371656,-0.0037598,0.00307325
0.57317982,-0.30555224,0.76033066,-0.59467983,0.48325814,0.64250872,-0.56375596,-0.82042634,0.09528806,-0.00611759,-0.00185662,0.00155595
0.57320032,-0.30590485,0.76017346,-0.59456343,0.48310427,0.6427322,-0.56385796,-0.82038562,0.09503568,-0.00581053,-0.00639409,0.00153023
0.57311237,-0.30641785,0.76003308,-0.59451494,0.48284914,0.64296863,-0.56399837,-0.8203443,0.09455683,-0.00924812,-0.01244295,-0.00428346
0.57308528,-0.30670009,0.75993963,-0.5944016,0.48280849,0.64310388,-0.5641453,-0.82026271,0.09438742,0.00512027,-0.01459473,0.00108789
0.57305478,-0.30672232,0.7599537,-0.59436495,0.48288049,0.64308377,-0.56421496,-0.82021207,0.09441198,0.00345598,-0.01157278,0.00269591
0.57305478,-0.3066957,0.75996443,-0.59434517,0.48293176,0.64306353,-0.56423577,-0.82019183,0.09446324,0.0016456,-0.00743079,0.0068839
0.57308528,-0.30651381,0.76001486,-0.59426334,0.4831671,0.64296243,-0.56429106,-0.82012126,0.09474603,-0.00221053,-0.00644427,0.0035838
0.57308528,-0.30651381,0.76001486,-0.59426334,0.4831671,0.64296243,-0.56429106,-0.82012126,0.09474603,-0.00494314,-0.00528097,0.00281794
0.57310221,-0.30660615,0.7599648,-0.59422353,0.483126,0.64303004,-0.56431571,-0.82011091,0.09468799,-0.00486283,-0.01207518,0.00261738
0.573102212,-0.306632771,0.759954069,-0.594243301,0.483074745,0.643050291,-0.564294907,-0.820131161,0.0946367354,0.000766561541,-0.00974047091,-0.00208674697
0.57314964,-0.30664967,0.75991144,-0.59420068,0.48306406,0.64309765,-0.56429157,-0.8201311,0.09465655,-0.00997044,-0.00896227,-0.00253806
0.573146268,-0.306416192,0.760008183,-0.594297138,0.48312555,0.642962341,-0.564193434,-0.820182161,0.0947993414,-0.000204386393,-0.0100758662,-6.10205061e-05
0.57308188,-0.30628031,0.7601115,-0.59435972,0.48322868,0.64282698,-0.56419291,-0.82017216,0.09488893,-0.00219752,-0.0061487,-0.00317878
0.57304797,-0.30606899,0.76022221,-0.59441948,0.48336217,0.64267138,-0.56416444,-0.82017242,0.09505634,,,
0.57317333,-0.30605399,0.76013367,-0.59435121,0.48332,0.64276614,-0.56410893,-0.82020279,0.09512257,-0.0021946,-0.01024628,-0.00148058
0.573173327,-0.306053994,0.760133672,-0.594351214,0.483319998,0.642766135,-0.564108927,-0.820202794,0.0951225727,-0.00148690969,-0.00898921397,-7.79115944e-05
0.573112371,-0.306178265,0.760129632,-0.594337132,0.48331033,0.642786489,-0.56418575,-0.820162159,0.0950180189,0.000768996426,-0.0129012456,-0.00627852185
0.573051395,-0.306275885,0.760136325,-0.594303312,0.483351894,0.642786575,-0.564283371,-0.820101268,0.094964702,8.60977452e-05,-0.0064005251,-0.00502712419
0.57305139,-0.30624922,0.76014698,-0.59428348,0.48340326,0.64276616,-0.56430414,-0.82008086,0.09501606,-0.002041,-0.00940764,-0.00590639
0.57308863,-0.3065343,0.760004,-0.59400866,0.48351565,0.64293564,-0.56455564,-0.81990807,0.0950133,-0.00138845,-0.00911206,0.00143696
0.57306141,-0.30681666,0.75991065,-0.59389531,0.48347477,0.64307119,-0.56470259,-0.81982665,0.09484375,,,
0.57296982,-0.30698961,0.75990977,-0.5938642,0.48348608,0.64309129,-0.56482811,-0.81975513,0.0947128,-0.00175533,-0.00464773,-0.00103703
0.57295616,-0.30715736,0.75985234,-0.59382735,0.48341437,0.64317929,-0.56488079,-0.81973464,0.0945768,-0.00253429,-0.00540209,0.00095287
0.57302043,-0.30731982,0.75973813,-0.59378454,0.48325998,0.64333476,-0.56486053,-0.81976473,0.09443609,-0.004061,-0.01122832,0.00583947
0.572956156,-0.307183981,0.759841584,-0.593847137,0.483363115,0.64319955,-0.56485999,-0.819754893,0.0945255456,-0.00010186719,-0.00873345044,0.00285929977
0.572969821,-0.307016269,0.759899087,-0.593884049,0.483434713,0.643111692,-0.564807355,-0.819775532,0.0946614347,7.28828018e-05,-0.0104316464,0.000232993771
0.57295287,-0.30687066,0.75997065,-0.59388426,0.48357844,0.64300338,-0.56482428,-0.81974524,0.09482201,-0.00342524,-0.00787729,-0.00146975
0.57301069,-0.30635313,0.76013582,-0.59387606,0.48395709,0.64272599,-0.56477423,-0.81971534,0.0953768,-0.00491012,-0.00207794,0.0022257
0.57294633,-0.30624379,0.76022838,-0.59395838,0.48400901,0.64261082,-0.56475295,-0.81972554,0.09541512,-0.00593382,-0.00082505,0.00387884
0.57291582,-0.306399159,0.760188787,-0.594020611,0.483824782,0.642692043,-0.56471847,-0.819776252,0.0951834575,-0.000514777319,-0.00948738959,0.000905229943
0.57293274,-0.30654474,0.76011728,-0.59402038,0.48368125,0.6428002,-0.56470147,-0.81980646,0.095023,0.00131702,-0.01608151,-0.00464652
0.57298017,-0.30653507,0.76008552,-0.59395806,0.48372168,0.6428275,-0.56471902,-0.81978633,0.09509395,0.00307006,-0.02009862,-0.01295118
0.57301069,-0.30635313,0.76013582,-0.59387606,0.48395709,0.64272599,-0.56477423,-0.81971534,0.0953768,-0.00216323,-0.01082748,-0.00668423
0.57294633,-0.30619054,0.76024985,-0.59391883,0.48411143,0.64257025,-0.56479457,-0.81968497,0.09551754,0.00121179,-0.00490892,-0.00273174
0.57285478,-0.30631025,0.7602706,-0.59384815,0.48422508,0.64254992,-0.56496171,-0.81957309,0.09548888,-0.00593222,-0.00345868,0.00256577
0.57279695,-0.30674791,0.76013775,-0.593797,0.48400021,0.64276664,-0.56507416,-0.81954227,0.09508785,-0.00427549,-0.0098657,0.00109369
0.572688427,-0.306828481,0.760186956,-0.59380563,0.484052624,0.642719131,-0.565175015,-0.819481111,0.0950148582,-0.000851271267,-0.0135402074,0.000141942728
0.572688427,-0.306828481,0.760186956,-0.59380563,0.484052624,0.642719131,-0.565175015,-0.819481111,0.0950148582,-0.000453790883,-0.00924253371,0.00321989483
0.57261039,-0.30680711,0.76025443,-0.5937917,0.48418654,0.64263123,-0.56526881,-0.81941008,0.09507073,0.00367271,-0.00927937,0.00186178
0.57257984,-0.30685587,0.76025777,-0.59377474,0.48420734,0.64263123,-0.56531757,-0.81937953,0.09504409,-0.00255071,-0.00848663,0.00307847
0.57257984,-0.30685587,0.76025777,-0.59377474,0.48420734,0.64263123,-0.56531757,-0.81937953,0.09504409,-0.00340192,-0.00926745,0.00540084
0.5724544,-0.30687071,0.76034624,-0.59384292,0.48424963,0.64253637,-0.565373,-0.81934899,0.09497783,-0.00618899,-0.00957417,-0.00331069
0.57251551,-0.30674648,0.76035026,-0.59385695,0.48425941,0.64251589,-0.56529624,-0.81938962,0.0950825,-0.0068255,-0.00788617,-0.00221758
0.57244793,-0.30637696,0.76055016,-0.59401592,0.48442389,0.64224498,-0.56519774,-0.81943071,0.09531466,0.00137735,-0.00699228,-0.00219997
0.572431007,-0.306311202,0.760589357,-0.594075423,0.484413849,0.64219747,-0.565152293,-0.819461193,0.0953215517,0.000681045756,-0.00622034026,-0.00217134901
0.57238354,-0.30632086,0.76062115,-0.59413774,0.48437343,0.64217024,-0.56513479,-0.81948143,0.0952506,-0.00465782,-0.00832176,-0.00347105
0.57238354,-0.30634754,0.76061047,-0.5941576,0.48432212,0.64219067,-0.56511401,-0.81950186,0.09519929,-0.0063901,-0.00831985,-0.00091923
0.57238354,-0.30632086,0.76062115,-0.59413774,0.48437343,0.64217024,-0.56513479,-0.81948143,0.0952506,0.00147367,-0.00940454,-0.00227961
0.57230547,-0.30632602,0.76067789,-0.59414365,0.48445609,0.64210254,-0.56520776,-0.81943073,0.09525521,-0.00260546,-0.00987756,-0.00235049
0.57230547,-0.30629933,0.76068857,-0.59412379,0.48450739,0.64208211,-0.56522854,-0.8194103,0.09530652,-0.00256824,-0.00859135,-0.00265422
0.57218979,-0.30704144,0.7604764,-0.59392248,0.48431402,0.64241417,-0.56555715,-0.81924687,0.09476073,,,
0.57215922,-0.3071169,0.76046902,-0.59392538,0.4842835,0.64243462,-0.56558515,-0.81923672,0.09468274,0.00507657,-0.0072915,0.00167741
0.57222036,-0.30693937,0.7604946,-0.5938998,0.48439569,0.64237355,-0.56555003,-0.81923683,0.09488984,0.0011275,-0.01414114,0.00349414
0.572203473,-0.306793698,0.760566076,-0.59389988,0.484539267,0.64226518,-0.565567026,-0.81920648,0.0950503133,-9.68900858e-05,-0.012433528,0.00054785033
0.5721729,-0.30681581,0.76058017,-0.5938631,0.48461125,0.64224491,-0.5656366,-0.81915564,0.09507484,-0.00278643,-0.0075838,-0.00263075
0.572189789,-0.306908206,0.760530221,-0.593823409,0.484570061,0.642312725,-0.565661226,-0.819145427,0.095016763,-0.00054650486,-0.00933974888,-0.00708316453
0.572223543,-0.307092966,0.760430217,-0.593743945,0.484487772,0.642448217,-0.565710467,-0.819124834,0.0949007203,0.000271079422,-0.00646430207,1.76746253e-05
0.57225726,-0.30733099,0.76030867,-0.59370417,0.48430297,0.64262428,-0.5657181,-0.81914484,0.0946822,0.00305349,-0.00987494,-0.00348861
0.57229095,-0.30743581,0.76024096,-0.5935653,0.4843742,0.64269892,-0.56582978,-0.81906342,0.09471974,-0.00213833,-0.00964492,-0.00169999
0.572290948,-0.307435808,0.760240963,-0.593565298,0.484374197,0.642698924,-0.565829775,-0.819063425,0.0947197403,0.000518999994,-0.011843442,-0.000133633264
0.57229095,-0.30738252,0.76026251,-0.59352563,0.48447666,0.64265832,-0.56587138,-0.81902283,0.0948222,-0.00252081,-0.00655472,0.00128541
0.57235521,-0.30751853,0.76015914,-0.59346317,0.48437343,0.64279382,-0.56587191,-0.81903284,0.09473274,-0.00664242,-0.00673795,0.00167965
0.57232764,-0.30782739,0.7600548,-0.59336956,0.48428143,0.64294944,-0.56599786,-0.81897113,0.09451225,-0.00460679,-0.01225066,-0.00129496
0.572283199,-0.308017246,0.76001137,-0.593295908,0.484281752,0.643017193,-0.566120016,-0.818899579,0.0944009402,-0.000105314364,-0.0110574951,-0.00221016677
0.572299984,-0.308109572,0.759961291,-0.593256184,0.484240547,0.64308485,-0.566144657,-0.818889197,0.0943429508,0.00215212139,-0.0142028322,-0.000663798943
0.57231676,-0.30817527,0.75992201,-0.59319663,0.48425055,0.64313224,-0.56619009,-0.81885855,0.09433618,0.00436106,-0.00891524,0.00202021
0.57230289,-0.30831635,0.75987524,-0.59313996,0.48423007,0.64319994,-0.56626349,-0.81881757,0.09425152,0.00139265,-0.00371909,0.00506974
0.57227225,-0.30839172,0.75986776,-0.59314286,0.48419959,0.64322026,-0.56629146,-0.81880724,0.09417364,-0.00345826,-0.00449336,0.00673617
0.5722751,-0.30862511,0.75977081,-0.59304644,0.48413789,0.64335554,-0.56638949,-0.81875574,0.09403103,-0.00255573,-0.0051716,0.00513975
0.5722779,-0.30893834,0.75964145,-0.59300965,0.48392235,0.64355166,-0.56642527,-0.8187651,0.09373465,-0.00448114,-0.00678629,0.00278285
0.57229462,-0.30905722,0.75958044,-0.59298975,0.48382992,0.64363941,-0.56642914,-0.8187748,0.0936255,-0.00308572,-0.01108485,0.00161111
0.57235595,-0.30898637,0.75956307,-0.5930435,0.48373711,0.64365968,-0.56631091,-0.8188564,0.09362745,-0.00777822,-0.01362842,-0.00448425
0.572369885,-0.30876551,0.759642394,-0.593040652,0.483911291,0.643531381,-0.566299825,-0.818836805,0.093865751,-0.000393477589,-0.00970035698,0.000110656474
0.572434,-0.3089812,0.7595064,-0.59303771,0.48365422,0.64372735,-0.56623813,-0.81890735,0.09362261,-0.00487253,-0.00557017,-0.00384342
0.57242005,-0.30917543,0.75943786,-0.59302073,0.48353123,0.64383538,-0.56627001,-0.81890667,0.09343553,-0.00319648,-0.01213688,-0.00538266
0.57231673,-0.30990881,0.75921671,-0.5929756,0.48310119,0.64419958,-0.5664216,-0.81888319,0.09271854,-0.00201176,-0.00926214,0.0019408
0.572380755,-0.310071184,0.759102161,-0.592932996,0.482946415,0.644354851,-0.56640153,-0.818913043,0.0925777993,-0.00164431625,-0.0110307923,0.000608568836
0.572257923,-0.31039906,0.759060785,-0.59296456,0.482773191,0.644455626,-0.566492614,-0.818890987,0.0922151426,-0.00354055967,-0.00977086928,-0.000285395305
0.57222716,-0.31055416,0.7590205,-0.59302699,0.482589,0.64453608,-0.56645829,-0.81894071,0.09198353,,,
0.57207099,-0.31069758,0.75907954,-0.59313796,0.4824985,0.64450174,-0.56649987,-0.81893965,0.09173687,-0.00543035,-0.0072971,0.00206003
0.57205435,-0.31065856,0.75910807,-0.59321733,0.48243732,0.64447451,-0.56643358,-0.81899051,0.09169233,0.00129487,-0.01157671,-0.00102181
0.5720043,-0.31038184,0.75925895,-0.59333641,0.48256142,0.64427194,-0.56635938,-0.8190223,0.09186636,0.00329839,-0.01276994,-0.00558557
0.57203501,-0.31027994,0.7592775,-0.59331367,0.4826431,0.64423176,-0.56635224,-0.81901283,0.09199542,-0.00228642,-0.00916845,-0.00478495
0.57200165,-0.310042257,0.7593997,-0.593353323,0.482828294,0.644056415,-0.566344365,-0.818993669,0.0922139778,0.00459145289,-0.00488173915,-0.000771946623
0.57197095,-0.31009101,0.75940297,-0.59333644,0.48284902,0.64405649,-0.56639311,-0.81896305,0.09218731,,,
0.571956918,-0.310258558,0.759345063,-0.593299677,0.48277726,0.644144105,-0.566445753,-0.818941855,0.092051491,-0.000464322395,-0.00271213031,0.00620125607
0.57202097,-0.31044748,0.75921958,-0.59327691,0.4825713,0.64431935,-0.5664049,-0.81899163,0.09185958,-0.00772506,-0.00869083,0.00265962
0.57194288,-0.31055913,0.75923278,-0.59336215,0.48244914,0.6443324,-0.56639452,-0.81902131,0.09165931,-0.00303171,-0.01495242,-0.01021065
0.57191215,-0.31060784,0.75923596,-0.59334522,0.48246997,0.64433234,-0.56644322,-0.81899053,0.09163277,-0.00337938,-0.01667321,-0.00945285
0.57181739,-0.31044104,0.75937557,-0.59333121,0.48274798,0.644137,-0.56655359,-0.81888996,0.09184933,0.00127859,-0.01159495,-0.00360607
0.57175332,-0.31022546,0.75951189,-0.59333407,0.48300519,0.64394152,-0.56661524,-0.81881998,0.09209249,-0.00097151,-0.00342011,0.00642546
0.571705926,-0.310181882,0.759565284,-0.593356741,0.483067422,0.643873829,-0.566639215,-0.818799688,0.0921240019,5.46204392e-05,-0.00156116474,0.00884896237
0.57169188,-0.3103229,0.75951836,-0.59330024,0.48304674,0.64394156,-0.56671268,-0.81875857,0.09203924,-0.00525833,-0.00416803,-0.00183423
0.57152154,-0.31058062,0.75954115,-0.59333466,0.48298711,0.64395448,-0.56684835,-0.81869595,0.0917593,-0.00816047,-0.00425774,0.00176933
0.57149081,-0.31068255,0.75952255,-0.59335741,0.48290547,0.64399469,-0.56685548,-0.8187054,0.09163025,-0.00420513,-0.00349236,0.00171095
0.5713345,-0.31082599,0.75958151,-0.59346837,0.482815,0.64396036,-0.56689696,-0.81870437,0.09138348,-0.00219134,-0.00809806,-0.00228057
0.57123702,-0.31061217,0.75974228,-0.5936895,0.48279617,0.64377062,-0.56676364,-0.81879662,0.09138386,-0.00323617,-0.01721263,0.00185239
0.57123437,-0.31037898,0.75983957,-0.59378568,0.482858,0.64363553,-0.56666555,-0.81884859,0.0915265,0.00312333,-0.00808597,0.00661923
0.57120096,-0.31016786,0.75995092,-0.59384512,0.4829918,0.64348034,-0.56663699,-0.81884972,0.09169371,0.00678659,-0.00922727,0.00964217
0.57110608,-0.31010737,0.76004689,-0.59391036,0.4830648,0.64336528,-0.56666422,-0.81882954,0.09170527,0.0023933,-0.00343019,0.00755493
0.571044627,-0.310284654,0.76002067,-0.593936054,0.482952766,0.643425622,-0.56669917,-0.818828432,0.0914983409,-9.87721141e-05,-0.0103019467,-0.00477943197
0.57110877,-0.31047373,0.75989528,-0.59391347,0.48274681,0.64360105,-0.56665824,-0.81887825,0.09130641,0.00233243,-0.01592868,-0.0085762
0.57107804,-0.31054907,0.75988761,-0.59391642,0.48271635,0.64362119,-0.56668614,-0.81886765,0.09122852,-0.0020583,-0.01810878,-0.00986972
0.57087155,-0.31046906,0.7600754,-0.59418581,0.48264748,0.64342412,-0.56661174,-0.81893854,0.09105341,,,
0.570824089,-0.310452127,0.760117921,-0.594228335,0.482658399,0.643376605,-0.566614916,-0.818938488,0.0910335942,0.000512127765,-0.0103386035,0.00812784676
0.570824089,-0.310452127,0.760117921,-0.594228335,0.482658399,0.643376605,-0.566614916,-0.818938488,0.0910335942,-0.00139262213,-0.00903016236,-0.000240587571
0.57073182,-0.31065159,0.76010582,-0.5942174,0.48261825,0.64341698,-0.56671947,-0.81888663,0.09085101,-0.00316983,-0.00415921,-0.00255589
0.57070107,-0.31072689,0.76009807,-0.5942203,0.48258791,0.64343697,-0.56674731,-0.81887587,0.09077321,-0.00232432,-0.00853431,-0.00404691
0.570734479,-0.310911385,0.759997572,-0.594141128,0.482505237,0.643572117,-0.566796717,-0.818854603,0.0906571325,-0.000552866084,-0.00917792227,-0.00311745517
0.57078454,-0.31124136,0.75982483,-0.59406203,0.48227873,0.64381478,-0.56682913,-0.81886262,0.09038057,-0.00084215,-0.01181,0.00328089
0.57081787,-0.31145243,0.75971334,-0.59400274,0.48214471,0.64396991,-0.56685777,-0.81886133,0.09021322,0.00472169,-0.00920123,0.00102522
0.57096271,-0.31178942,0.75946621,-0.59381858,0.48194754,0.64428724,-0.56690481,-0.81884913,0.09002772,-0.00448346,-0.00727415,0.00316234
0.57096271,-0.31176283,0.75947715,-0.59379873,0.48199877,0.64426723,-0.56692562,-0.81882913,0.09007895,,,
0.570979332,-0.311775187,0.759459568,-0.593699529,0.482111178,0.644274538,-0.567012762,-0.818758233,0.0901747371,-0.00075911649,-0.00506675197,0.0026212791
0.57101251,-0.31201282,0.75933702,-0.59366005,0.4819259,0.64444951,-0.56702068,-0.81877679,0.08995617,0.00413132,-0.00895023,-0.00123429
0.57102911,-0.31210501,0.75928667,-0.59362046,0.48188447,0.64451698,-0.56704544,-0.81876606,0.08989814,0.00176092,-0.0145126,-0.00571791
0.57114049,-0.312151117,0.759183871,-0.593436021,0.481975087,0.644618971,-0.567126228,-0.818695065,0.0900337731,-0.00339507218,-0.0125371208,-0.00014680624
0.57108119,-0.31237518,0.75913635,-0.59322665,0.48215963,0.64467373,-0.56740497,-0.81850096,0.09004301,-0.00728963,0.00177944,0.00771912
0.57111654,-0.31281916,0.75892686,-0.59307111,0.48196347,0.64496339,-0.56753191,-0.81844688,0.0897333,-0.00660549,-0.0057475,0.00740542
0.57124641,-0.31337651,0.75859917,-0.59289016,0.48159125,0.64540772,-0.56759034,-0.81845282,0.08930942,-0.00267067,-0.01540017,-0.0039104
0.5713267,-0.3135245,0.75847752,-0.5927285,0.48159989,0.64554969,-0.56767832,-0.81839103,0.08931597,-0.00083737,-0.01314866,-0.00847603
0.57134316,-0.31359004,0.75843801,-0.592669,0.48160967,0.64559702,-0.56772387,-0.81836015,0.0893093,0.00269672,-0.0141834,-0.01102308
0.5713288,-0.3136246,0.75843456,-0.59253291,0.481794,0.64558443,-0.56788038,-0.81823842,0.08942989,0.00288516,-0.00779742,-0.0051779
0.57137805,-0.31387444,0.7582941,-0.59239418,0.48172075,0.64576639,-0.56797556,-0.81818576,0.08930728,,,
0.57141089,-0.31405866,0.75819308,-0.59231495,0.48163768,0.64590102,-0.56802516,-0.81816397,0.08919138,-0.00441676,-0.00650948,0.00411366
0.57152375,-0.31444397,0.75794821,-0.59211383,0.48146041,0.64621743,-0.56812121,-0.81812025,0.08897944,-0.00558521,-0.01094538,0.00705502
0.57151105,-0.31484413,0.75779168,-0.59198113,0.48132582,0.64643927,-0.5682723,-0.81804557,0.08870125,-0.00656531,-0.01319277,-0.00224535
0.57154368,-0.31502831,0.75769052,-0.5919019,0.48124265,0.64657373,-0.56832201,-0.8180236,0.08858535,-0.00106303,-0.01022828,-0.00155709
0.571577985,-0.31536561,0.757524335,-0.591666875,0.481250797,0.646782771,-0.568532228,-0.817888854,0.0884809768,0.00160797953,-0.0131504526,0.000109465298
0.571753908,-0.315726967,0.757241011,-0.591283774,0.481276983,0.647113562,-0.568753871,-0.817734031,0.0884877638,0.000680910656,-0.0109248152,0.00466900086
0.57191323,-0.3160758,0.75697512,-0.59100003,0.48119084,0.64743673,-0.56888858,-0.81764995,0.0883986,,,
0.57205763,-0.31656526,0.7566614,-0.59065966,0.48108352,0.64782697,-0.56909683,-0.81752373,0.08822517,0.00163422,-0.00559926,0.00289779
0.572106095,-0.316841225,0.756509201,-0.590540727,0.480958396,0.648028216,-0.569171487,-0.817490402,0.0880515859,-0.0021496499,-0.00631624414,0.000584163703
0.572233819,-0.317423993,0.756168255,-0.590379614,0.480533078,0.648490425,-0.569210271,-0.817514482,0.0875766253,0.000452739652,-0.00541263772,-0.0077405097
0.57247072,-0.31787298,0.75580027,-0.59016935,0.4801578,0.64895965,-0.56919014,-0.81756056,0.08727739,0.0026867,-0.00651318,-0.00645402
0.57269022,-0.31791798,0.755615,-0.59003499,0.48004134,0.6491679,-0.56910858,-0.81761141,0.08733225,0.00669673,-0.01038062,-0.00541685
0.57272227,-0.318154744,0.755491028,-0.589995514,0.479855044,0.649341472,-0.569117235,-0.817628652,0.0871138014,0.0164048783,-0.00734853698,0.000538716093
0.57261403,-0.31852065,0.75541891,-0.58994848,0.47974172,0.64946796,-0.56927492,-0.81755271,0.08679607,0.02501135,-0.00662208,0.00640412
0.57249427,-0.32021554,0.7547929,-0.58938474,0.47923976,0.65034982,-0.56997889,-0.81718497,0.08563186,0.06713541,0.02514541,0.02935624
0.57298315,-0.32422587,0.75270701,-0.58795207,0.47721858,0.65312689,-0.57096639,-0.81678636,0.08280894,0.09723701,0.03881812,0.00794319
0.57325945,-0.3274279,0.75110886,-0.58705935,0.47536517,0.65527795,-0.57160726,-0.81658977,0.08028797,0.12516467,0.02592599,-0.00127157
0.57313097,-0.33482293,0.74794015,-0.58573871,0.47092293,0.65965274,-0.57308902,-0.81616492,0.07378176,0.14297661,0.01845884,-0.00476272
0.57134351,-0.34522332,0.74457194,-0.58484879,0.46521127,0.66447745,-0.57577636,-0.81510689,0.063892,0.16531646,0.03266692,0.01192905
0.5696944,-0.35225964,0.74253719,-0.58451057,0.46147347,0.66737522,-0.57775057,-0.81422076,0.05699937,0.17662656,0.0411154,0.01051646
0.56621163,-0.37130365,0.73589264,-0.58299181,0.45073223,0.6759889,-0.58268768,-0.81177216,0.03874285,0.16139542,0.00159383,-0.02702807
0.56124299,-0.39494618,0.72734024,-0.58047102,0.43859195,0.68606887,-0.58996585,-0.80725127,0.01690185,0.10647342,-0.05353325,-0.08968564
0.55789391,-0.40668087,0.72343974,-0.57897035,0.43382204,0.69035626,-0.59459879,-0.80399571,0.00657051,0.09363835,-0.08687692,-0.09025592
0.54820057,-0.42952949,0.7176214,-0.57689567,0.42703563,0.69629869,-0.60553071,-0.79570402,-0.01369252,0.10473919,-0.09574633,-0.05834006
0.53498948,-0.4509208,0.71446252,-0.57615241,0.4237913,0.69889151,-0.61792771,-0.7855389,-0.03307522,0.09229632,-0.1270368,-0.02895276
0.50820754,-0.4778324,0.7165203,-0.58021766,0.42486448,0.69486523,-0.63645315,-0.76887347,-0.06132747,0.10653751,-0.07582831,-0.04727395
