0,1,2,3,4,5,6,7,8,9,10,11
-0.56275828,0.03394222,-0.82592429,-0.18525943,0.96856166,0.16603388,0.80559416,0.24644722,-0.53877798,-0.00264507,-0.00426006,-0.00443864
-0.562641675,0.0338628354,-0.826007199,-0.185102018,0.968632908,0.165793658,0.805712001,0.246177989,-0.538725167,-0.00250405306,0.000297307968,-0.0074331644
-0.56240769,0.03373974,-0.82617136,-0.18482189,0.96875738,0.16537837,0.80593943,0.24570463,-0.53860075,-0.00839111,0.00386542,-0.00576991
-0.56193245,0.03370308,-0.82649602,-0.18461511,0.96885661,0.16502764,0.80631807,0.24531809,-0.53820986,-0.00787345,-0.00103027,-0.00497651
-0.561618054,0.0337521206,-0.826707695,-0.184499326,0.968901111,0.164895811,0.806563586,0.245135522,-0.537925107,-0.0109536471,0.00608187914,-0.000617653364
-0.561128241,0.0341253547,-0.827025087,-0.184169353,0.968956555,0.164938907,0.806979977,0.244864562,-0.537424041,-0.0110756401,0.00414901972,7.83335418e-05
-0.561128241,0.0341253547,-0.827025087,-0.184169353,0.968956555,0.164938907,0.806979977,0.244864562,-0.537424041,-0.0110756401,0.00414901972,7.83335418e-05
-0.560608564,0.0347543856,-0.827351235,-0.183863821,0.968955124,0.165287815,0.807410694,0.244781737,-0.536814464,-0.00500860624,-0.00605809689,-0.000419440446
-0.56054997,0.03501467,-0.82737998,-0.18366728,0.96896622,0.16544118,0.80749612,0.24470069,-0.53672294,-0.00409359,-0.00709629,0.00124636
-0.560608623,0.0351032033,-0.827336446,-0.183382973,0.969031076,0.165376707,0.807519978,0.244431044,-0.536809845,-0.00670045149,-0.00429707766,0.00084491598
-0.56061582,0.03510839,-0.82733125,-0.18323905,0.96907314,0.16528969,0.80754755,0.24426345,-0.5368445,,,
-0.56061582,0.03510839,-0.82733125,-0.18323905,0.96907314,0.16528969,0.80754755,0.24426345,-0.5368445,,,
-0.56115065,0.034695,-0.82698631,-0.18263549,0.96930566,0.1645929,0.80731306,0.24339844,-0.53758997,0.0014041,-0.00149614,-0.0111772
-0.561230882,0.0346301981,-0.826934304,-0.182575808,0.969331712,0.164505626,0.807270505,0.243303875,-0.53769625,0.000331249554,0.00258845091,-0.0147375483
-0.5611432,0.034438,-0.82700196,-0.18253362,0.96938788,0.16422123,0.80734113,0.2431073,-0.53767932,0.00161205,0.00376981,-0.01100126
-0.55986805,0.03486113,-0.8278482,-0.18176961,0.96960939,0.1637603,0.80839826,0.24216178,-0.53651663,-0.00671916,0.01019424,-0.00715441
-0.5592217,0.03540323,-0.82826182,-0.18144912,0.96963634,0.16395605,0.80891733,0.24197517,-0.5358178,-0.00265632,0.00782365,-0.00404189
-0.55890597,0.03559531,-0.82846666,-0.18147342,0.96960973,0.16408644,0.80913005,0.24205358,-0.53546106,-0.00664866,0.00209993,-0.0016898
-0.55845802,0.0357689,-0.82876113,-0.18169775,0.96953476,0.16428108,0.80938887,0.24232815,-0.53494533,-0.00272036,0.00165433,0.00402474
-0.55826035,0.03569358,-0.82889759,-0.18236183,0.96936235,0.16456243,0.80937594,0.24302798,-0.53464741,-0.004191,-0.00378823,0.00783712
-0.5585916,0.03503133,-0.82870261,-0.18322244,0.96921519,0.16447327,0.80895287,0.24371033,-0.53497694,-0.00501821,-0.00103742,0.00184716
-0.55878246,0.03496984,-0.82857647,-0.18339487,0.96916399,0.16458271,0.80878191,0.24392265,-0.53513854,-0.00377742,-0.00437868,0.00288198
-0.55912753,0.03484563,-0.828349,-0.18366227,0.96908728,0.16473622,0.80848282,0.24424503,-0.53544354,,,
-0.559531135,0.0349176433,-0.828073533,-0.183750713,0.969021917,0.16502182,0.808183577,0.244493934,-0.535781794,-0.000843145768,-0.000366747379,0.00504970225
-0.559692257,0.0349319756,-0.82796373,-0.183771895,0.969002911,0.165109783,0.808066873,0.244567183,-0.535923904,-0.00082424772,-0.00323265791,0.00789217651
-0.560037119,0.0351559968,-0.827721307,-0.183558237,0.969002053,0.16535234,0.807876772,0.244538501,-0.536223947,-0.000756392023,-0.00393050909,0.00698743435
-0.56039592,0.03549825,-0.82746363,-0.18316181,0.96903186,0.16561704,0.80771773,0.24437088,-0.53653957,-0.00114553,-0.00390846,0.00294162
-0.56061572,0.035601,-0.82731045,-0.18289863,0.96907759,0.16564033,0.80762498,0.24417452,-0.53676876,0.00321123,-0.00377131,0.00251711
-0.561047326,0.035801373,-0.827008937,-0.182515982,0.969126949,0.165773537,0.807411566,0.243949198,-0.537191753,-0.000419782737,-0.00553369522,-0.00203475473
-0.560807405,0.0370961117,-0.827114717,-0.17951219,0.969784139,0.165209241,0.808251353,0.241127763,-0.537202919,9.48328525e-05,-0.0055847764,0.00507705705
-0.56088622,0.03748781,-0.8270437,-0.17907644,0.96983109,0.16540644,0.80829342,0.24087823,-0.53725171,0.00334128,-0.00670105,0.00298986
-0.56098758,0.03765436,-0.82696727,-0.17879521,0.9698755,0.16545026,0.80828522,0.24067336,-0.53735568,,,
-0.56122034,0.03780373,-0.82680258,-0.17827838,0.96998552,0.16536296,0.80823786,0.24020609,-0.53763602,,,
-0.56151974,0.03773433,-0.82660266,-0.1778495,0.97010898,0.16510037,0.80812461,0.23971796,-0.53802432,0.00225917,-0.00217015,-0.00888882
-0.561643803,0.0376400112,-0.826522449,-0.177687744,0.97016841,0.164925194,0.808073756,0.239492137,-0.538200905,-0.00012026995,-0.00504529476,-0.0054678102
-0.56180489,0.03740288,-0.82642379,-0.17746273,0.97027281,0.1645529,0.80801129,0.23910604,-0.53846639,-0.00268388,0.00356704,-0.00903446
-0.56184854,0.03726523,-0.82640029,-0.17725521,0.97035899,0.16426814,0.80802644,0.23877758,-0.53858933,-0.00270543,0.00438136,-0.00487643
-0.56184854,0.03726523,-0.82640029,-0.17725521,0.97035899,0.16426814,0.80802644,0.23877758,-0.53858933,-0.00270543,0.00438136,-0.00487643
-0.56162076,0.03736127,-0.8265508,-0.17704035,0.97041673,0.16415874,0.8082319,0.2385278,-0.53839172,-0.00374065,0.00114024,-0.00969095
-0.561268676,0.037515498,-0.826782957,-0.176951953,0.970432806,0.164158994,0.808495812,0.23843816,-0.538035096,-0.00559917651,0.00481516123,0.000250348123
-0.56111417,0.03764968,-0.82688155,-0.17692723,0.97042249,0.1642466,0.80860828,0.23845899,-0.53785656,-0.00547474,0.00098133,0.00332409
-0.56096677,0.03793306,-0.8269687,-0.17689907,0.97038311,0.16450938,0.8087168,0.23857431,-0.53764236,-0.00578416,-0.00158244,0.00656572
-0.5608562,0.03807351,-0.82703729,-0.17680751,0.97038867,0.16457503,0.80881356,0.23852934,-0.53751682,-0.00242126,-0.00348634,0.00403858
-0.56087672,0.03819672,-0.82701768,-0.17648017,0.97045942,0.16450917,0.8088708,0.2382216,-0.53756713,-0.00691616,-0.00315309,0.00265261
-0.56104472,0.03821671,-0.82690281,-0.17635723,0.9704818,0.16450895,0.80878112,0.23812718,-0.53774389,,,
-0.56116897,0.03826637,-0.82681613,-0.17633628,0.9704708,0.16459627,0.80869941,0.23816402,-0.53785035,-0.00432622,0.00472122,0.00277843
-0.561498107,0.0383012546,-0.826591144,-0.176234604,0.970474505,0.164683335,0.808493209,0.23814334,-0.538169591,-0.000511949707,-0.00826394558,-0.00243510143
-0.561820198,0.0382230422,-0.826375817,-0.176171495,0.97048977,0.164660892,0.808283116,0.238093687,-0.538506943,0.000482718024,-0.0081525445,-8.5146974e-05
-0.56194431,0.0381647797,-0.826294079,-0.176044899,0.970531373,0.164551041,0.80822438,0.237933396,-0.538665866,0.000653502124,-0.00649815798,-0.000470723229
-0.56247756,0.03786107,-0.82594509,-0.17554559,0.9707074,0.16404539,0.80796194,0.2372629,-0.53935478,,,
-0.56256496,0.03776576,-0.82589009,-0.17530637,0.97079143,0.16380375,0.8079532,0.23693404,-0.53951267,-0.00493581,-0.00212407,-0.00143855
-0.56265195,0.03752655,-0.82584153,-0.17492631,0.97094506,0.16329871,0.80797479,0.23634179,-0.53973974,,,
-0.56274612,0.03729246,-0.82578818,-0.17440182,0.97113902,0.1627053,0.80802281,0.23558073,-0.54000085,-0.00144689,-0.00401866,-0.00589923
-0.56275295,0.03718956,-0.82578824,-0.17415173,0.97123174,0.16241946,0.80807206,0.23521446,-0.5400869,-0.00293792,0.00135946,-0.00649464
-0.56259851,0.03685545,-0.82590816,-0.17366868,0.97144642,0.16165096,0.80828324,0.23437901,-0.54013367,-0.00412711,0.00558668,-0.01090357
-0.56243095,0.03647479,-0.82603924,-0.17343888,0.9715968,0.16099259,0.80844925,0.23381456,-0.54012996,-0.00969447,0.00306481,-0.00831307
-0.56231372,0.03639379,-0.82612271,-0.17327984,0.97166514,0.1607512,0.80856499,0.23354302,-0.54007433,-0.01306109,0.00162911,-0.00696142
-0.56206541,0.03611328,-0.82630397,-0.17314478,0.97177252,0.16024683,0.80876653,0.23313942,-0.5399469,-0.00983469,0.00166988,-0.00215408
-0.56206541,0.03611328,-0.82630397,-0.17314478,0.97177252,0.16024683,0.80876653,0.23313942,-0.5399469,-0.00983469,0.00166988,-0.00215408
-0.56206541,0.03611328,-0.82630397,-0.17314478,0.97177252,0.16024683,0.80876653,0.23313942,-0.5399469,-0.00983469,0.00166988,-0.00215408
-0.56206541,0.03611328,-0.82630397,-0.17314478,0.97177252,0.16024683,0.80876653,0.23313942,-0.5399469,-0.00983469,0.00166988,-0.00215408
-0.56157895,0.03587349,-0.826645,-0.17206641,0.97215554,0.15908097,0.8093343,0.23157439,-0.53976946,-0.00999191,0.00550801,-0.00226282
-0.56151167,0.03598373,-0.82668579,-0.17187215,0.97219358,0.15905849,0.80942213,0.23139752,-0.53971343,-0.00744361,0.00456804,0.00515932
-0.561377503,0.0362404326,-0.82676591,-0.17151898,0.972252466,0.159079792,0.809590316,0.23110987,-0.539584738,-0.0114920381,0.00021648407,0.00373963779
-0.5613736,0.03662438,-0.82675151,-0.17107131,0.97230647,0.1592317,0.8096876,0.23082197,-0.5395618,-0.01224778,0.00333732,0.00856791
-0.56144356,0.03697524,-0.8266884,-0.17074396,0.97232829,0.15944966,0.80970821,0.23067406,-0.53959416,-0.00905961,0.0033403,0.00691576
-0.56187505,0.0378201,-0.82635717,-0.17001631,0.97234844,0.16010297,0.80956222,0.23045205,-0.53990829,-0.00323243,-0.00870776,0.00492904
-0.56247262,0.03861325,-0.82591374,-0.16909446,0.97242368,0.16062143,0.8093402,0.23000261,-0.5404324,0.00310559,-0.00951445,-0.00461066
-0.56275223,0.03895504,-0.82570696,-0.16854135,0.97249878,0.16074803,0.80926095,0.22962714,-0.54071032,0.00258058,-0.00841314,-0.00589987
-0.56339165,0.03953857,-0.82524343,-0.16733964,0.97269021,0.1608453,0.8090658,0.22871481,-0.54138917,0.00558743,-0.00115353,-0.00923492
-0.56406633,0.04001578,-0.82475933,-0.16610904,0.97290723,0.16080832,0.80884919,0.22770653,-0.54213723,0.00852022,0.00563878,-0.013477
-0.56478884,0.04054097,-0.82423896,-0.16470137,0.97316057,0.16072326,0.80863274,0.226528,-0.54295307,0.00236295,0.00578636,-0.01284857
-0.56478884,0.04054097,-0.82423896,-0.16470137,0.97316057,0.16072326,0.80863274,0.226528,-0.54295307,0.00236295,0.00578636,-0.01284857
-0.56509657,0.04116073,-0.82399741,-0.16367008,0.97331128,0.1608641,0.80862726,0.22576747,-0.54327809,0.00569464,0.0029847,-0.00939059
-0.565095293,0.0415856234,-0.823976819,-0.163111393,0.973384197,0.160990299,0.808740896,0.225374885,-0.543271737,0.00599579792,0.00077521801,-0.00528157875
-0.565095293,0.0415856234,-0.823976819,-0.163111393,0.973384197,0.160990299,0.808740896,0.225374885,-0.543271737,0.00599579792,0.00077521801,-0.00528157875
-0.56483937,0.04229319,-0.82411627,-0.16214519,0.97352857,0.16109332,0.80911388,0.22461836,-0.54302963,,,
-0.56471389,0.04273932,-0.82417921,-0.16167794,0.97357774,0.1612657,0.80929492,0.2243206,-0.54288287,,,
-0.56462559,0.04315088,-0.82421838,-0.16125315,0.97361963,0.16143804,0.80944139,0.22405986,-0.54277234,0.00533884,-0.00257689,-0.00422428
-0.5644192,0.04344454,-0.82434422,-0.16063337,0.9737446,0.16130209,0.80970843,0.2234592,-0.5426215,0.00329825,-0.00752258,-0.00327788
-0.564287253,0.0436330919,-0.824424635,-0.160063069,0.973872006,0.161099745,0.809913353,0.222866478,-0.542559511,0.0048946687,0.000787854195,-0.00213397946
-0.56417534,0.04362816,-0.82450154,-0.15982905,0.97394333,0.16090081,0.81003758,0.22255556,-0.54250176,,,
-0.56395674,0.04373118,-0.82464545,-0.15932193,0.97407405,0.16061217,0.81028949,0.22196245,-0.54236828,,,
-0.56372703,0.04371613,-0.8248035,-0.15899872,0.97417765,0.16030381,0.810513,0.22151029,-0.54221947,,,
-0.56357186,0.04374042,-0.82490827,-0.158867,0.97421715,0.16019433,0.81064675,0.22133171,-0.54209246,,,
-0.56330443,0.04383159,-0.82508608,-0.15857189,0.97429411,0.16001858,0.81089038,0.22097462,-0.54187373,,,
-0.56307965,0.04396525,-0.82523219,-0.15824494,0.97436906,0.15988578,0.81111014,0.22061727,-0.54169011,,,
-0.56301041,0.04407475,-0.82527361,-0.15804977,0.97440456,0.1598625,0.81119627,0.22043858,-0.54163391,,,
-0.562779976,0.0440950665,-0.825429618,-0.157761522,0.974490982,0.159620248,0.811412183,0.220052144,-0.541467503,0.00151511817,-0.000759065151,-0.0072450703
-0.56258724,0.04408106,-0.82556192,-0.15751582,0.97457036,0.1593781,0.81159374,0.21970315,-0.54133739,,,
-0.562238623,0.0440907276,-0.825798795,-0.157137891,0.97468883,0.159026309,0.811908446,0.219175025,-0.541079381,-5.88664589e-05,-0.00696647167,0.00014137807
-0.561927162,0.0441020831,-0.826009976,-0.156838012,0.974783652,0.15874087,0.812181822,0.218750616,-0.540840522,0.00242216024,-0.00455451012,-7.55427754e-05
-0.56173414,0.04408758,-0.82614225,-0.15659192,0.97486264,0.15849857,0.81236304,0.21840126,-0.54070987,,,
-0.56125588,0.04400447,-0.82647169,-0.15634361,0.97496984,0.15808382,0.81274137,0.21793904,-0.54032774,-0.00184837,0.00455695,-0.00494659
-0.56073959,0.04399134,-0.82682275,-0.15608783,0.97506726,0.1577353,0.81314678,0.2175054,-0.5398923,,,
-0.56045977,0.04399952,-0.82701196,-0.15601125,0.97510044,0.15760592,0.81335431,0.21735496,-0.53964014,,,
-0.55989987,0.04397938,-0.82739216,-0.15582215,0.97518319,0.15728063,0.81377603,0.21698745,-0.53915198,-0.00748106,0.00350386,0.00199134
-0.55942596,0.04404448,-0.82770919,-0.15556985,0.975262,0.15704154,0.81415014,0.21661973,-0.53873489,,,
-0.55923215,0.04406523,-0.8278391,-0.15535852,0.97532403,0.15686545,0.81432368,0.21633607,-0.53858664,-0.00224588,-0.00103825,-0.00590875
-0.55923215,0.04406523,-0.8278391,-0.15535852,0.97532403,0.15686545,0.81432368,0.21633607,-0.53858664,-0.00224588,-0.00103825,-0.00590875
-0.55823454,0.0439653,-0.82851747,-0.15485117,0.9755273,0.15610126,0.81510445,0.21543802,-0.53776495,-0.00609148,0.00275129,0.00297482
-0.55799166,0.04386587,-0.82868637,-0.15474505,0.97558612,0.15583867,0.81529092,0.21519179,-0.5375809,-0.00685307,0.00344497,-0.00307164
-0.55742462,0.04383984,-0.82906923,-0.15470021,0.97563093,0.15560246,0.81568717,0.21499384,-0.53705866,-0.01079755,0.00292152,0.0047336
-0.55706812,0.04398778,-0.829301,-0.15460863,0.97564493,0.15560574,0.81594806,0.21490009,-0.5366998,-0.00506359,-0.00400174,0.00559442
-0.55691153,0.04404667,-0.82940311,-0.15451128,0.97566725,0.15556248,0.81607346,0.21478666,-0.53655463,-0.00463747,-0.00676906,0.00930124
-0.55673847,0.0443008,-0.82950562,-0.15393056,0.97578075,0.15542624,0.81630112,0.21421805,-0.53643543,-0.00114992,-0.00747418,0.00273761
-0.556613969,0.044565065,-0.82957506,-0.15313632,0.975945386,0.1551769,0.816535421,0.213411709,-0.536400304,-0.000662378152,-0.00259631872,-0.00524175446
-0.55654875,0.04460385,-0.82961661,-0.15272232,0.97604939,0.15493058,0.81665728,0.21292743,-0.53640705,-0.00388207,-0.00115788,-0.00431329
-0.5563478,0.04460653,-0.82975126,-0.15151804,0.97637144,0.15408145,0.81701847,0.21144518,-0.53644341,-0.00221548,0.00219959,-0.00572118
-0.55623398,0.04459828,-0.829828,-0.15128113,0.97643969,0.15388158,0.81713985,0.21113151,-0.53638205,-0.00357156,0.002505,-0.00687482
-0.556092588,0.0446677087,-0.829919013,-0.150744671,0.976571976,0.15356828,0.817335193,0.210504081,-0.536331015,-0.000384173356,0.00284749269,-0.00634302897
-0.55583729,0.04491125,-0.83007707,-0.15015089,0.97669177,0.15338806,0.8176183,0.20989561,-0.53613824,-0.00532719,0.0026527,-0.00360853
-0.55564724,0.04497012,-0.83020111,-0.14982762,0.9767728,0.15318806,0.81780674,0.20950557,-0.53600335,-0.00734361,0.00209588,-0.01028931
-0.55526162,0.04508404,-0.83045281,-0.14932715,0.97689797,0.15287822,0.81816004,0.20889657,-0.53570168,-0.00711078,0.00786012,-0.00831576
-0.55491373,0.04523712,-0.83067687,-0.14894163,0.97698444,0.15270165,0.81846616,0.20845864,-0.53540439,-0.00328535,0.00553948,-0.00254435
-0.55475644,0.04529503,-0.83077891,-0.14884358,0.97700613,0.1526585,0.81859076,0.2083444,-0.53525856,-0.0043491,0.00297147,-0.00484517
-0.554560788,0.0454597784,-0.830900469,-0.148774636,0.97700254,0.152748624,0.818735787,0.20832533,-0.535044034,-0.00837896951,-0.000579833984,-0.00393970963
-0.554560788,0.0454597784,-0.830900469,-0.148774636,0.97700254,0.152748624,0.818735787,0.20832533,-0.535044034,-0.00837896951,-0.000579833984,-0.00393970963
-0.554408359,0.0455576719,-0.830996843,-0.148566153,0.977044689,0.152681931,0.818876885,0.208106156,-0.534913413,-0.00605274271,-0.000418365002,0.00520545151
-0.55441334,0.04548777,-0.83099726,-0.1483474,0.97711284,0.15245835,0.81891308,0.20780125,-0.53497639,,,
-0.554380378,0.0454514736,-0.831021334,-0.148085537,0.977187419,0.152234753,0.818982886,0.207458213,-0.535002823,-0.00604356267,-0.000190258026,-0.000932683353
-0.55438039,0.04537816,-0.83102534,-0.14801328,0.97721914,0.15210134,0.81899595,0.2073248,-0.53503455,-0.00513128,0.00299138,-0.00442654
-0.55442355,0.04534792,-0.83099818,-0.14790983,0.97724886,0.15201104,0.8189854,0.20719131,-0.53510238,,,
-0.554390543,0.045348308,-0.831020299,-0.147684048,0.977307394,0.151854141,0.819048612,0.206914932,-0.535112756,-0.00365049578,4.39882278e-05,0.00358973187
-0.55435746,0.04542196,-0.83103831,-0.14753042,0.97733426,0.15183058,0.81909865,0.20677185,-0.53509142,,,
-0.55429608,0.04560922,-0.83106888,-0.1471128,0.97740819,0.15175984,0.81921518,0.20638077,-0.53506383,,,
-0.55422964,0.04571969,-0.83110705,-0.14676944,0.9774775,0.15164587,0.81932164,0.20602779,-0.53503675,,,
-0.55415838,0.04582681,-0.83114885,-0.14657265,0.97751069,0.15162226,0.81940525,0.20584644,-0.53497879,,,
-0.55412504,0.04586367,-0.83116894,-0.14638286,0.97755314,0.15153188,0.81946162,0.20563651,-0.53497302,,,
-0.554053621,0.0458973865,-0.831214783,-0.146113692,0.977617757,0.151374738,0.819558037,0.205321582,-0.534946422,-0.000757079455,-0.00493198633,0.000842791051
-0.55401531,0.04589419,-0.8312404,-0.14603432,0.97763996,0.1513079,0.81959799,0.20521654,-0.53492537,-0.00190821,-0.00672674,0.0042169
-0.553982112,0.0458575871,-0.831264577,-0.145772037,0.977713744,0.151083904,0.819667145,0.204872922,-0.534951169,-0.00479708472,-0.000691711903,0.00261318637
-0.55387724,0.04592789,-0.83133062,-0.1453128,0.97782036,0.15083611,0.8198196,0.20434767,-0.53491853,-0.00859576,-0.00098276,-0.00286906
-0.55380566,0.04596137,-0.83137648,-0.14504345,0.97788461,0.15067879,0.81991566,0.20403248,-0.53489163,-0.00591651,0.0017851,-0.00133848
-0.55365732,0.04598821,-0.83147363,-0.14461506,0.97799287,0.15038762,0.82009133,0.20350684,-0.53482232,-0.00714821,0.00463349,-0.00212812
-0.55351402,0.04612835,-0.83156139,-0.14414849,0.97808958,0.15020644,0.82027031,0.2030097,-0.53473697,,,
-0.553485297,0.046241662,-0.831574148,-0.143884091,0.978135796,0.15015902,0.820336043,0.202761119,-0.534730339,-0.00764836418,-0.000295162201,0.00356508815
-0.55346617,0.04647141,-0.83157407,-0.14343463,0.97820615,0.15013075,0.82042765,0.20236883,-0.5347384,,,
-0.55343269,0.0464712,-0.83159643,-0.14320819,0.97826349,0.1499732,0.82048986,0.20209149,-0.53474794,,,
-0.553326956,0.0465408197,-0.83166268,-0.142748244,0.97836875,0.149724823,0.820641091,0.201565216,-0.534714176,-0.0034452877,0.00722569227,-0.000425855862
-0.55317354,0.04652719,-0.83176555,-0.14242993,0.97845607,0.14945712,0.82079987,0.20114407,-0.53462914,-0.00868055,0.00532562,-0.00158884
-0.5531782,0.04660384,-0.8317581,-0.14235558,0.9784603,0.14950023,0.82080957,0.20110572,-0.53462859,-0.00668378,0.00925654,0.00244979
-0.553187739,0.0468675028,-0.831737048,-0.142315797,0.978422201,0.149787204,0.820810145,0.201229794,-0.534581176,-0.00694905361,-0.000131905079,0.00432342337
-0.553331105,0.0473375892,-0.831615144,-0.142108234,0.97838197,0.150246365,0.820749563,0.201315357,-0.534642114,9.5483847e-05,-0.00905072689,0.00401433837
-0.55342651,0.04757739,-0.8315379,-0.14189721,0.97838614,0.15041857,0.82072168,0.20123856,-0.53471372,0.00470249,-0.01065445,0.00178192
-0.55361713,0.04790994,-0.83139192,-0.14132994,0.97845646,0.15049517,0.82069101,0.20081729,-0.53491915,,,
-0.553850612,0.048175449,-0.831221226,-0.140622518,0.97857093,0.150413578,0.82065517,0.200195062,-0.535207557,0.00121033634,-0.000742137432,-0.00656046858
-0.553940965,0.048228395,-0.831157812,-0.140376862,0.978617251,0.15034165,0.820636109,0.199955738,-0.535326031,-6.77185599e-05,0.000300347805,-0.00803666282
-0.55415575,0.04826105,-0.83101272,-0.14003962,0.978684,0.15022163,0.82054871,0.1996209,-0.5355849,0.00359596,0.00262326,-0.00966821
-0.55428919,0.04828375,-0.83092251,-0.13969023,0.97875896,0.15005844,0.82051824,0.19924752,-0.53577075,0.00549929,0.00189263,-0.0089874
-0.554293631,0.0482868679,-0.830919254,-0.13954314,0.978793901,0.149967363,0.820540152,0.199075052,-0.535801123,0.000358606922,-0.000144481659,-0.0113134254
-0.554105815,0.0484198178,-0.831036757,-0.139143235,0.978875034,0.149809296,0.820734872,0.198643365,-0.535663057,-0.000222632429,0.000603318214,-0.0119085284
-0.553755212,0.048606063,-0.831259633,-0.138791463,0.978941797,0.149699322,0.821031094,0.198268524,-0.535348015,0.000348731177,0.00440818071,-0.00865656696
-0.55351973,0.04872912,-0.83140923,-0.13860597,0.97897464,0.1496564,0.82122118,0.19807606,-0.53512763,0.00119853,-0.00378305,-0.00885229
-0.552967024,0.0489648483,-0.831763035,-0.138222543,0.97904854,0.149527535,0.821657977,0.197652216,-0.534613509,-0.00410707202,0.00536257029,-0.000914793694
-0.55253822,0.04929055,-0.83202851,-0.13785644,0.97909648,0.14955157,0.82200767,0.1973335,-0.53419321,-0.0026243,-0.0041557,-0.00337346
-0.55237975,0.0493468,-0.83213062,-0.13775746,0.97911697,0.14950864,0.82213099,0.19721776,-0.5340465,-0.00313864,-0.00258893,-0.00539307
-0.55210076,0.04942603,-0.83231109,-0.13760281,0.97915183,0.14942274,0.8223443,0.19702476,-0.5337893,-0.00263607,-0.00241262,-0.00741717
-0.5518902,0.04924883,-0.83246116,-0.13764725,0.97918202,0.14918383,0.82247812,0.1969191,-0.53362199,-0.00873909,0.00347131,-0.00217007
-0.5518902,0.04924883,-0.83246116,-0.13764725,0.97918202,0.14918383,0.82247812,0.1969191,-0.53362199,-0.00873909,0.00347131,-0.00217007
-0.55200186,0.04888832,-0.83240856,-0.13766965,0.97923641,0.14880568,0.82239963,0.19673839,-0.53380988,-0.0081104,0.00193673,0.00476412
-0.55219899,0.0486515,-0.83229142,-0.1376664,0.97927106,0.14858048,0.82226756,0.19662458,-0.53405481,-0.00720179,0.00109208,-0.0035092
-0.552396409,0.0484515257,-0.832172197,-0.137699598,0.979290382,0.148422261,0.822129513,0.196577711,-0.534284733,-0.00695729395,0.00481706858,-0.000724395504
-0.552747813,0.0480818638,-0.83196021,-0.137870012,0.97930053,0.148196929,0.821864658,0.196617915,-0.534677176,-0.0111273648,0.00556641817,-0.000751158921
-0.55318059,0.0477591662,-0.831691229,-0.138089171,0.979287095,0.14808162,0.821536743,0.19676343,-0.53512759,-0.0107517224,0.00556987524,0.000373640098
-0.55337756,0.04766961,-0.83156528,-0.13823164,0.9792605,0.14812457,0.82138007,0.19691745,-0.53531134,-0.00871942,0.00264889,0.00214923
-0.55369432,0.04763054,-0.83135656,-0.13850244,0.97918891,0.14834467,0.82112086,0.19728253,-0.5355744,-0.00803182,0.00569707,0.00159386
-0.55405839,0.04771126,-0.83110934,-0.13866754,0.97911915,0.14865062,0.82084737,0.19760903,-0.53587317,,,
-0.554225706,0.0478815903,-0.830988001,-0.138690213,0.979075976,0.148913583,0.820730607,0.197781657,-0.535988364,-0.0054508131,-0.00176137686,-0.000705238781
-0.554478648,0.04813854,-0.830804281,-0.138650495,0.9790285,0.149262293,0.820566336,0.197954219,-0.536175962,-0.00719809392,0.000854372978,-0.00197518198
-0.55476565,0.04839569,-0.83059782,-0.13883736,0.97892461,0.14976916,0.82034082,0.19840482,-0.53635461,,,
-0.55476565,0.04839569,-0.83059782,-0.13883736,0.97892461,0.14976916,0.82034082,0.19840482,-0.53635461,,,
-0.55521954,0.048896,-0.83026522,-0.13911874,0.97874601,0.15067259,0.81998606,0.19916183,-0.53661656,0.00373114,-0.0051291,0.00335849
-0.55547234,0.04918912,-0.83007885,-0.13911461,0.97868257,0.15108788,0.81981558,0.19940123,-0.53678817,,,
-0.5556437,0.04939887,-0.82995165,-0.13902585,0.97865836,0.15132623,0.81971447,0.19946821,-0.53691763,,,
-0.55598178,0.04970494,-0.82970689,-0.13888647,0.97862138,0.15169292,0.81950879,0.19957358,-0.53719231,0.00572392,0.00335366,0.00413833
-0.55634075,0.04978089,-0.82946185,-0.13919694,0.97851574,0.15208935,0.81921262,0.20007204,-0.53745883,0.00422627,0.00290233,0.00478488
-0.5565708,0.04969021,-0.82931269,-0.13956482,0.97843209,0.15229021,0.81899348,0.20050319,-0.53763172,,,
-0.55709899,0.04932465,-0.82898012,-0.14057177,0.97822821,0.15267332,0.8184623,0.20158533,-0.5380363,0.00196192,-0.00491333,0.00978457
-0.55766849,0.04892806,-0.8286204,-0.14147445,0.97805247,0.15296517,0.81791852,0.20253249,-0.53850697,0.00397072,-0.00828403,0.01086926
-0.55793619,0.04869316,-0.82845407,-0.14177652,0.97800873,0.15296514,0.81768368,0.20280013,-0.53876292,0.00592711,-0.01016039,0.00573736
-0.558451168,0.0484905077,-0.828118874,-0.141967247,0.977975215,0.153002541,0.817298905,0.203010215,-0.539267337,0.000968994398,-0.00786703825,-0.00212434842
-0.55878904,0.04850319,-0.82789032,-0.14153832,0.97806384,0.15283337,0.81714249,0.2025798,-0.53966629,,,
-0.558878938,0.0484836476,-0.827830608,-0.141220697,0.978141994,0.15262684,0.817135787,0.202206759,-0.539816063,-0.000682737445,0.00419539213,-0.00379324076
-0.55898713,0.04877099,-0.82774069,-0.14060486,0.97823628,0.1525911,0.81716799,0.20168084,-0.53996405,-0.0019412,0.00825304,-0.00202648
-0.55914219,0.0493608,-0.82760098,-0.14006317,0.97825396,0.15297545,0.81715493,0.20145146,-0.54006944,,,
-0.559198232,0.0495976621,-0.827548956,-0.139771938,0.978279377,0.153079276,0.81716645,0.201269797,-0.540119735,0.00200831564,-0.00456362963,0.000682844198
-0.55942938,0.0500838,-0.82736362,-0.13928032,0.97829985,0.15339624,0.81709237,0.20104982,-0.540314,0.0044714,0.00441939,-0.00228743
-0.55972329,0.05030918,-0.82715096,-0.1391347,0.97828042,0.15365203,0.8169157,0.20108803,-0.54056658,0.00461152,-0.00878674,0.00184709
-0.559885,0.05029192,-0.82704249,-0.13912202,0.97827935,0.15367032,0.81680697,0.20109755,-0.54072722,0.00864928,-0.00798935,-0.00206734
-0.56028487,0.0500807,-0.82678452,-0.13907492,0.9783119,0.15350568,0.81654081,0.20099191,-0.54116838,0.00473456,-0.01177436,-0.00371988
-0.56063763,0.04967669,-0.82656979,-0.13906192,0.97837393,0.15312164,0.81630091,0.20079014,-0.5416051,0.0015468,-0.00540173,-0.00466712
-0.560832926,0.049147918,-0.826468818,-0.138770963,0.978534233,0.152359349,0.816216176,0.200138036,-0.54197391,-0.00271140644,-0.000892460346,-0.00786929484
-0.56059941,0.04901723,-0.82663506,-0.13833429,0.97867568,0.15184705,0.81645076,0.19947735,-0.54186425,-0.00234063,-0.00109416,-0.00703839
-0.56036582,0.04903222,-0.82679263,-0.13804158,0.97875484,0.15160308,0.81666072,0.19908494,-0.54169227,0.0015363,0.00561458,-0.00646928
-0.55981282,0.04901182,-0.82716815,-0.1375546,0.97890165,0.15109696,0.8171218,0.19836683,-0.54125989,-0.00778912,0.00184768,-0.00953797
-0.55917872,0.04901753,-0.82759673,-0.13709133,0.97904086,0.15061529,0.8176338,0.19767721,-0.54073893,-0.00953113,0.00360578,-0.00313413
-0.558901774,0.0490615853,-0.827781021,-0.136901505,0.979090863,0.150462804,0.817854777,0.197418434,-0.540499011,-0.00758946687,0.000962078571,-0.00359601364
-0.558390434,0.0491926287,-0.828118285,-0.136490375,0.979188532,0.150200507,0.818272685,0.196900737,-0.540055185,-0.0129678827,-0.00275450945,-0.000675356481
-0.557917339,0.0492166063,-0.828435829,-0.136049748,0.979310614,0.149803829,0.818668836,0.196286644,-0.539678465,-0.0108413948,0.000347793102,-0.00367703428
-0.557767901,0.049316733,-0.828530432,-0.13569316,0.979384386,0.149644873,0.818829765,0.195893036,-0.539577229,-0.0110888816,0.000139892101,-0.00282942271
-0.55754183,0.0494101,-0.82867725,-0.13517738,0.97950048,0.14935158,0.81906924,0.19528814,-0.53943336,-0.0106127,0.00595301,-0.00197559
-0.55732365,0.04954639,-0.82881577,-0.13440322,0.97966942,0.14894162,0.81934499,0.19440419,-0.53933374,-0.00946619,0.00248057,-0.00166465
-0.55725487,0.04965612,-0.82885529,-0.13405831,0.97973438,0.14882508,0.81944811,0.19404846,-0.53930494,-0.0081517,0.0014829,-0.0051531
-0.557117479,0.0499488364,-0.828930115,-0.133441002,0.979833623,0.14872649,0.819642313,0.193471402,-0.539217214,-0.00738758082,0.000538647175,0.00265621184
-0.55706096,0.05028835,-0.82894765,-0.13287202,0.97990923,0.14873778,0.81977324,0.19299995,-0.53918726,-0.00880462,-0.00120974,0.0011103
-0.55700798,0.05070433,-0.82895781,-0.13222821,0.97998817,0.14879142,0.81991322,0.19248963,-0.53915669,-0.00589002,0.00459558,0.00752945
-0.5570625,0.05094088,-0.82890663,-0.13193653,0.98001184,0.14889441,0.81992312,0.19230658,-0.53920688,,,
-0.557214,0.05142064,-0.82877528,-0.13128558,0.98007173,0.14907549,0.81992478,0.19187319,-0.5393589,,,
-0.55732252,0.05185689,-0.82867519,-0.13066567,0.98013356,0.14921358,0.81995011,0.19143948,-0.53947459,,,
-0.55737639,0.05209338,-0.82862392,-0.13037385,0.98015678,0.14931623,0.81995974,0.19125626,-0.53952464,,,
-0.55740325,0.05251935,-0.82857903,-0.12974169,0.98022614,0.14941155,0.82004182,0.19078374,-0.53956728,,,
-0.55739485,0.05305495,-0.82855069,-0.12899121,0.9803042,0.14954912,0.82016604,0.19023366,-0.53957289,,,
-0.55737074,0.05332091,-0.82854956,-0.12857596,0.98035342,0.14958409,0.82024735,0.18990539,-0.53956452,0.00245421,-0.00253636,-0.00466778
-0.55728029,0.0538092,-0.82857886,-0.12777666,0.98045375,0.14961141,0.82043372,0.18924856,-0.53951198,-0.00169443,0.00335246,-0.00615204
-0.557143397,0.0541405622,-0.82864942,-0.127046962,0.980567625,0.149486453,0.820640075,0.1885628,-0.539438382,0.000398419099,0.000886082649,-0.00531224906
-0.557072927,0.0543230002,-0.828684865,-0.126774008,0.98060031,0.149503783,0.820730129,0.18834023,-0.539379139,-0.000612791511,0.00269180536,-0.00551563594
-0.55697087,0.05461802,-0.82873425,-0.12623515,0.98067481,0.14947109,0.82088262,0.18786642,-0.53931259,,,
-0.55678364,0.05486262,-0.82884388,-0.12579522,0.98073898,0.14942094,0.82107712,0.18745973,-0.53915797,,,
-0.55667057,0.05500139,-0.82891063,-0.12555347,0.98077377,0.14939589,0.82119079,0.18723689,-0.53906228,,,
-0.55656785,0.05533279,-0.82895765,-0.12505074,0.98083275,0.14943035,0.82133721,0.18682987,-0.53898057,,,
-0.55646104,0.05558758,-0.82901197,-0.12462278,0.98088843,0.14942238,0.82147428,0.18646154,-0.53889871,0.00263198,-0.00232792,-0.00487507
-0.55638328,0.0556167,-0.82906227,-0.12449929,0.98091438,0.14935494,0.82154574,0.18631627,-0.53884012,,,
-0.556227561,0.0556381105,-0.829165351,-0.124215758,0.980981114,0.149152599,0.821694118,0.185958202,-0.538737601,-0.00160888187,-0.000388085842,0.00488930242
-0.55598712,0.05557234,-0.82933095,-0.12399479,0.98105265,0.14886566,0.82189014,0.18560013,-0.53856196,-0.0043301,0.00546163,0.00192761
-0.555909253,0.0555645422,-0.829383702,-0.123834727,0.981093327,0.148730769,0.821966972,0.185387332,-0.538518037,-0.00793519989,0.000102341175,0.000889671501
-0.555805896,0.0558954629,-0.829430962,-0.123331623,0.981151501,0.148765071,0.822112726,0.184979547,-0.538436113,-0.00880448427,-0.000676810741,0.00965090096
-0.55583544,0.05647302,-0.82937201,-0.1225484,0.98122261,0.14894322,0.82220985,0.18442611,-0.53847762,-0.00368809,-0.0070141,0.00390992
-0.55589366,0.05686195,-0.82930623,-0.12210618,0.98124948,0.14912925,0.82223609,0.18416344,-0.53852717,-0.00135336,-0.00757968,-0.00132076
-0.55596464,0.0574093,-0.82922105,-0.12121829,0.98134666,0.14921414,0.82231958,0.18347454,-0.53863498,0.00157998,-0.00511843,-0.00632772
-0.55602856,0.05773,-0.82915587,-0.12040689,0.98146707,0.14907905,0.82239551,0.1827283,-0.53877263,,,
-0.55604066,0.05788829,-0.8291366,-0.11996103,0.98153708,0.14897752,0.82245237,0.18230167,-0.53883019,,,
-0.55614031,0.05798919,-0.82906289,-0.11915826,0.98169254,0.14859701,0.82250187,0.18143047,-0.5390489,,,
-0.55615229,0.05796313,-0.82905662,-0.11852938,0.98183515,0.14815711,0.82258458,0.18066549,-0.53917953,-0.00131906,0.00581914,-0.01066834
-0.55607699,0.05795763,-0.82910759,-0.11822084,0.98190677,0.14792878,0.82267996,0.18027757,-0.53916397,-0.00299126,0.00135523,-0.01374875
-0.55592301,0.05798054,-0.82920897,-0.11778826,0.98200332,0.14763262,0.82284578,0.17974349,-0.53908882,-0.0052243,0.00436765,-0.00788873
-0.55565162,0.05821215,-0.82937461,-0.11733428,0.98207167,0.14753947,0.8230939,0.17929466,-0.53885943,-0.00820312,0.00558716,-0.00854128
-0.55553411,0.05831021,-0.82944654,-0.11720323,0.98208732,0.14753948,0.82319199,0.17917705,-0.53874886,-0.00642109,0.00199848,-0.00728159
-0.555178186,0.0585278863,-0.829669545,-0.116884973,0.982131574,0.147497368,0.823477364,0.178863236,-0.538416993,-0.00654111989,0.0115494132,0.000460856478
-0.55498762,0.05891773,-0.82976944,-0.1165898,0.98213366,0.14771691,0.82364764,0.17872372,-0.53820282,,,
-0.55495408,0.05917691,-0.82977355,-0.11646944,0.98211491,0.1479364,0.82368739,0.17874116,-0.53813638,,,
-0.55500731,0.05959982,-0.82970761,-0.11621151,0.98209332,0.14828215,0.82368789,0.17871926,-0.53814278,,,
-0.55518093,0.05996413,-0.82956495,-0.11597295,0.98207315,0.14860216,0.82360426,0.17870823,-0.53827406,-0.00392305,0.00233525,-0.00215135
-0.55547014,0.06008038,-0.82936326,-0.11586717,0.98206403,0.14874487,0.82342448,0.17871929,-0.53854591,,,
-0.55571954,0.06026607,-0.8291826,-0.11575418,0.98204551,0.14895499,0.82327198,0.17875856,-0.53876583,,,
-0.555884765,0.0603644665,-0.829064586,-0.115703825,0.982032307,0.149081091,0.823167408,0.178797869,-0.538912396,-0.00166196027,7.09891319e-05,-0.0061081415
-0.55613134,0.06054747,-0.82888586,-0.11573891,0.98198209,0.14938435,0.82299591,0.17901169,-0.53910331,,,
-0.55621826,0.06082169,-0.82880762,-0.1157109,0.9819353,0.14971325,0.82294127,0.17917531,-0.53913261,,,
-0.55626014,0.06090215,-0.82877351,-0.11571607,0.98191798,0.14982279,0.82291214,0.17924287,-0.53915447,,,
-0.55622889,0.06131122,-0.82876437,-0.11559365,0.98187184,0.15021916,0.82295051,0.17935613,-0.53905829,0.00607731,-0.00346637,-0.0039352
-0.55627082,0.06139172,-0.82873017,-0.1155988,0.98185446,0.15032876,0.82292136,0.17942373,-0.53908017,0.00623409,-0.00508553,0.00160207
-0.55618954,0.06134393,-0.82878831,-0.11555002,0.98187697,0.15021919,0.82298319,0.17931686,-0.53902141,,,
-0.55618953,0.06123339,-0.82879648,-0.11544026,0.98192089,0.15001634,0.82299859,0.17911401,-0.53906532,,,
-0.55618954,0.06119653,-0.8287992,-0.11540366,0.98193553,0.14994869,0.82300372,0.17904636,-0.53907996,-0.00110793,0.00266737,-0.00647863
-0.5561475,0.06104237,-0.82883872,-0.1153253,0.98198209,0.1497039,0.82304305,0.17884354,-0.53908715,-0.00260773,0.00575048,-0.01092404
-0.55602163,0.06087454,-0.82893556,-0.11538281,0.98200482,0.14951033,0.82312009,0.1787759,-0.53899205,-0.00122501,0.00511366,-0.00450256
-0.55589573,0.06074352,-0.82902967,-0.11547692,0.98201293,0.14938434,0.82319199,0.17877591,-0.53888233,-0.00221404,0.00739413,-0.00334448
-0.555724842,0.0606031481,-0.829154346,-0.115787163,0.981977489,0.149377175,0.82326363,0.17901806,-0.538692216,-0.0029506241,0.000491440296,-0.00428296719
-0.55550653,0.06026643,-0.8293252,-0.1162788,0.98193968,0.14924379,0.82334171,0.17933886,-0.5384662,-0.00534541,-0.00099695,0.00239021
-0.55537484,0.06001966,-0.82943129,-0.11655937,0.98192809,0.14910113,0.82339088,0.17948502,-0.53834229,,,
-0.55536647,0.05982746,-0.82945079,-0.11682095,0.98190591,0.14904245,0.82335947,0.17967043,-0.53832852,0.00272074,-0.0049023,0.00274611
-0.5553609,0.05971167,-0.82946292,-0.11700752,0.9818862,0.14902592,0.82333678,0.17981657,-0.53831449,,,
-0.55522598,0.05938854,-0.82957636,-0.11736298,0.98187184,0.14884092,0.82337711,0.18000192,-0.53819074,,,
-0.55504895,0.05902171,-0.82972104,-0.11774969,0.98185996,0.14861369,0.8234413,0.18018728,-0.53803055,-0.00380346,0.00527734,0.00427317
-0.55495871,0.05881856,-0.82979572,-0.11799877,0.98184534,0.14851267,0.82346636,0.1803333,-0.5379431,-0.00598644,0.00212222,0.00311212
-0.55457945,0.05849942,-0.83007196,-0.11835347,0.98183957,0.14826841,0.82367111,0.18046851,-0.53758444,-0.01098312,0.00442511,0.00580463
-0.55433213,0.05857473,-0.83023173,-0.11857437,0.98178736,0.14843749,0.82380571,0.1807279,-0.53729082,-0.00547549,0.00288671,0.00406417
-0.55425074,0.05867453,-0.83027906,-0.11867188,0.98175131,0.14859796,0.82384647,0.18089131,-0.53717337,-0.00299251,-0.0051558,0.00454101
-0.554172163,0.0588506727,-0.830319018,-0.118694429,0.981717899,0.14880053,0.823896053,0.181015368,-0.537055483,-0.000396410935,-0.0114842653,0.00314229773
-0.55409672,0.05899238,-0.83035943,-0.11853223,0.9817311,0.14884274,0.82397026,0.18089762,-0.53698148,0.00104236,-0.00548476,0.01050226
-0.554138795,0.0589990865,-0.830330767,-0.118464304,0.981743147,0.148817342,0.823951627,0.180830032,-0.537032677,-0.000188963953,-0.00468486547,0.00537360599
-0.55418405,0.05889759,-0.83030785,-0.1181383,0.981831,0.14849654,0.82396808,0.18038557,-0.53715702,-0.00161666,-0.00473982,-0.0014544
-0.5543077,0.05869373,-0.83023978,-0.1178629,0.98192281,0.14810785,0.82392438,0.17995178,-0.53736957,-0.00351595,0.00400347,-0.00396145
-0.554310519,0.0584745069,-0.830253283,-0.117494657,0.982042033,0.147609111,0.823974992,0.179371615,-0.537485786,-0.000187932514,0.00257593393,-0.0053815078
-0.55415627,0.05853364,-0.83035208,-0.11709823,0.98212366,0.14738084,0.82413517,0.17890479,-0.5373958,,,
-0.554038279,0.0585945637,-0.830426454,-0.116930388,0.982153807,0.147313212,0.824238256,0.178719263,-0.537299318,0.00114111265,0.000203430653,-0.0049470095
-0.55363934,0.05865699,-0.83068795,-0.11653286,0.9822441,0.14702592,0.82456243,0.17820181,-0.5369735,,,
-0.55315336,0.0586293,-0.83101392,-0.11634589,0.98230791,0.14674741,0.82491524,0.17785886,-0.53654565,-0.00712014,0.00514764,0.004192
-0.552993041,0.0586831901,-0.831116752,-0.116245793,0.982326068,0.14670519,0.825036779,0.177740767,-0.536397806,-0.00396095589,0.00495868921,0.000529651763
-0.55275395,0.05876512,-0.83127001,-0.11602138,0.982369,0.14659534,0.82522858,0.17747623,-0.53619033,,,
-0.55247243,0.05880316,-0.83145429,-0.11582803,0.98241449,0.14644326,0.82544407,0.17721159,-0.53594586,-0.00444409,0.00119442,-0.00375183
-0.552351431,0.0588243841,-0.831533187,-0.115771646,0.982427432,0.146401043,0.825532965,0.177132807,-0.535835001,-0.00656041875,0.000445127487,-0.00032057357
-0.5520672,0.05878597,-0.83172475,-0.11565306,0.98247034,0.1462067,0.8257398,0.17690743,-0.53559087,,,
-0.5518193,0.05863864,-0.83189957,-0.11565312,0.98250552,0.14597004,0.82590541,0.17676087,-0.53538377,,,
-0.55169536,0.05858354,-0.83198563,-0.11567154,0.9825159,0.14588559,0.8259856,0.17672148,-0.53527302,,,
-0.5514503,0.0585124325,-0.832153076,-0.11559652,0.982553577,0.145691149,0.826159725,0.17653544,-0.53506563,-0.00403261185,-0.000600218773,0.00488331076
-0.55125035,0.05852417,-0.83228482,-0.11537869,0.9826055,0.14551355,0.8263237,0.17624233,-0.53490918,,,
-0.55117406,0.05862823,-0.83232787,-0.11517925,0.98263266,0.14548814,0.82640226,0.17605621,-0.53484888,-0.00273307,0.00152785,0.00536866
-0.55097941,0.05875523,-0.83244782,-0.1147746,0.9827038,0.14532735,0.82658837,0.17561626,-0.53470594,,,
-0.5508665,0.05889356,-0.83251291,-0.11438267,0.98276701,0.14520884,0.82671809,0.17521572,-0.53463702,,,
-0.55079005,0.05899734,-0.832556,-0.1141831,0.982794,0.14518321,0.82679647,0.17502931,-0.53457665,0.0009887,-0.0054664,0.00154253
-0.55067427,0.0590593,-0.83262828,-0.11386595,0.98285454,0.1450224,0.82691741,0.17466811,-0.53450786,-0.00368317,-0.00509763,0.00147528
-0.55056101,0.05912301,-0.83269866,-0.11339995,0.98294588,0.14476823,0.82705685,0.17413173,-0.53446713,,,
-0.550484436,0.0591895945,-0.83274444,-0.113163412,0.98298687,0.144674991,0.827140105,0.173877551,-0.534420875,0.00221465109,-0.00586175919,0.000904576911
-0.55037379,0.05925492,-0.83281307,-0.1125484,0.98310858,0.14432735,0.82729778,0.17316576,-0.53440815,,,
-0.5502627,0.0592828936,-0.832884372,-0.111896215,0.983243937,0.143911766,0.827460014,0.172385898,-0.53440893,-0.00206400128,-7.18832016e-05,-0.00527973054
-0.55018602,0.05931196,-0.83293293,-0.11162247,0.98329865,0.14375046,0.82754794,0.17206354,-0.53437662,,,
-0.5500326,0.05933284,-0.8330328,-0.11103794,0.9834218,0.14336014,0.82772858,0.17135101,-0.53432586,-0.00287788,0.00269014,-0.00313675
-0.5500007,0.05940748,-0.83304868,-0.11058407,0.98350392,0.14314746,0.82781067,0.17085311,-0.53435833,-0.00457261,0.0040291,-0.00221042
-0.55004526,0.05945312,-0.83301588,-0.1104041,0.98353162,0.14309604,0.82780496,0.17067767,-0.53442304,-0.00352101,0.00495058,-0.00162923
