0,1,2,3,4,5,6,7,8,9,10,11,12,13,14
-0.38751704,-0.097982,-0.91664057,0.22624298,-0.97403396,0.00847091,-0.89366913,-0.20410088,0.39962263,0.00562431,-0.00162911,-0.01066016,,,
-0.38751704,-0.097982,-0.91664057,0.22624298,-0.97403396,0.00847091,-0.89366913,-0.20410088,0.39962263,0.00562431,-0.00162911,-0.01066016,,,
-0.388358301,-0.0977235101,-0.916312228,0.226237187,-0.974039548,0.00799452533,-0.893305502,-0.20419915,0.400384883,0.0139415823,7.49826359e-05,-0.0040514241,,,
-0.38831969,-0.09760594,-0.91634109,0.22627657,-0.97403145,0.00786128,-0.89331228,-0.20429382,0.40032143,,,,,,
-0.38822571,-0.09753556,-0.9163884,0.22633443,-0.97401862,0.00778339,-0.89333847,-0.20438853,0.40021464,-0.00746444,0.00173658,0.00309579,,,
-0.38810986,-0.09740498,-0.91645129,0.22623605,-0.97404191,0.00771682,-0.89341364,-0.20433935,0.40007183,-0.00342358,-0.00726581,0.00138723,,,
-0.38816525,-0.09735776,-0.91643284,0.2262176,-0.97404662,0.00766143,-0.89339425,-0.20433935,0.40011514,,,,,,
-0.38831464,-0.09733647,-0.91637183,0.22618462,-0.97405466,0.00761725,-0.8933377,-0.20431133,0.40025571,,,,,,
-0.388370109,-0.0972003951,-0.916362833,0.226252797,-0.974040364,0.00742859622,-0.893296384,-0.204444602,0.400279924,0.0041493983,0.00494700624,-0.000481970026,,,
-0.38812677,-0.09715131,-0.91647113,0.22634365,-0.97401952,0.00739493,-0.89337913,-0.20456725,0.40003253,-0.00210643,-0.00108296,-0.00499114,,,
-0.388032644,-0.0970809268,-0.91651834,0.226401458,-0.974006523,0.00731714265,-0.893405258,-0.204661805,0.399925682,0.00121348677,-1.12056723e-05,-0.0111330142,,,
-0.38797228,-0.09685865,-0.91656745,0.22632803,-0.97402504,0.0071285,-0.89345012,-0.20467925,0.39981657,-0.00535427,-0.0040099,-0.00535701,,,
-0.38832641,-0.0966801,-0.91643632,0.22633008,-0.97402655,0.00685158,-0.89329574,-0.20475646,0.40012187,0.00385007,-0.00496143,-0.00304543,,,
-0.388569754,-0.0965959761,-0.916341975,0.226368969,-0.974018575,0.0066854227,-0.893179986,-0.204833646,0.400340637,0.00884018652,-0.000540137233,-0.00892621465,,,
-0.388813059,-0.0963787686,-0.916261678,0.226537603,-0.973981864,0.00631958193,-0.893031379,-0.205110594,0.400530357,0.00461084954,0.00176924455,0.000890177325,,,
-0.388995907,-0.095628919,-0.916262681,0.226935136,-0.973895461,0.00529949708,-0.892850847,-0.205870713,0.400542904,0.0101122865,0.00124424684,-0.000218601897,,,
-0.38878622,-0.09525038,-0.91639113,0.22706767,-0.97386675,0.00488918,-0.89290851,-0.20618195,0.4002542,,,,,,
-0.38865335,-0.09506247,-0.91646676,0.22716485,-0.9738448,0.00467851,-0.89294139,-0.20637074,0.40008327,0.00496849,0.00260824,-0.00180652,,,
-0.388443752,-0.0948169573,-0.916581315,0.227167817,-0.97384546,0.0044678521,-0.893032108,-0.206482259,0.399823434,1.6039703e-06,0.000244021401,0.00608988199,,,
-0.38834456,-0.09438859,-0.91666756,0.22721999,-0.97383527,0.00401377,-0.89306198,-0.20672646,0.39963049,0.00718098,0.00431579,-0.00340663,,,
-0.38754838,-0.09370474,-0.91707452,0.22737117,-0.97380218,0.00341581,-0.89336924,-0.20719252,0.39870122,-0.00107593,-0.00155568,-0.00583671,,,
-0.38726603,-0.09358228,-0.91720627,0.2274585,-0.9737821,0.00331637,-0.89346943,-0.20734205,0.39839885,,,,,,
-0.38728275,-0.09328454,-0.91722957,0.22760893,-0.97374824,0.00292909,-0.8934239,-0.20763525,0.39834827,,,,,,
-0.38739332,-0.09292413,-0.91721923,0.22783092,-0.9736974,0.00242013,-0.89331914,-0.20803339,0.39837526,0.00552137,0.00639814,-0.00512686,,,
-0.38744881,-0.09274398,-0.91721412,0.22794191,-0.97367215,0.00216568,-0.89326685,-0.20823247,0.39838859,0.01028403,0.00442332,0.00825022,,,
-0.38741028,-0.09258217,-0.91724687,0.2280244,-0.97365344,0.0019667,-0.89326265,-0.20839274,0.39831434,0.0080954,0.00242084,0.00389099,,,
-0.38729404,-0.09240706,-0.91731353,0.22796953,-0.97366643,0.00183406,-0.89332697,-0.20840922,0.39816135,,,,,,
-0.3872552,-0.09233392,-0.9173372,0.22796563,-0.97366734,0.00176777,-0.89334471,-0.2084368,0.39810702,,,,,,
-0.387028288,-0.0922530633,-0.917441199,0.227948084,-0.973671631,0.00174597328,-0.893447621,-0.208453232,0.397867497,-0.00198373292,-0.00542813493,0.000861733453,,,
-0.387199966,-0.0914088668,-0.917453279,0.227728546,-0.973724174,0.000905259939,-0.893429241,-0.208579791,0.397842461,0.00406676112,0.00396579457,-0.00416247733,,,
-0.387404747,-0.0912521442,-0.917382445,0.227762773,-0.973716378,0.000672919785,-0.893331754,-0.208684882,0.398006246,-0.00216189702,-0.0016556381,-0.00917793252,,,
-0.387725726,-0.0912705468,-0.917244914,0.22785168,-0.973695525,0.00057318852,-0.893169724,-0.208773571,0.398323167,-0.00139686139,-0.00358933187,-0.0062729991,,,
-0.387764619,-0.0912107409,-0.91723454,0.227985031,-0.973664538,0.000440601922,-0.893118932,-0.208944895,0.398347342,0.0082721049,-0.00388944126,0.00700100977,,,
-0.387803162,-0.0911952494,-0.917219641,0.22807519,-0.973643257,0.000374334294,-0.893079029,-0.209049896,0.39838157,0.00726521108,0.00221079565,0.0141150132,,,
-0.387709203,-0.0911691724,-0.917262034,0.228090094,-0.973639877,0.000363372139,-0.893116099,-0.20907751,0.398284042,0.0130091999,-0.000747621001,0.0068207588,,,
-0.387388192,-0.0911506984,-0.917399539,0.228001145,-0.973660736,0.000463160759,-0.893278144,-0.208988724,0.39796716,0.0,0.0,0.0,0.0,0.0,0.0
-0.387139169,-0.0909206611,-0.917527556,0.227914161,-0.973681263,0.000319610101,-0.893408371,-0.208993781,0.397672143,-0.000276661012,0.000837624015,-0.00666270219,,,
-0.386983894,-0.0907168339,-0.917613102,0.227812297,-0.973704963,0.000187154892,-0.893501486,-0.208971131,0.397474665,-0.00405361876,-0.0039494629,-0.00877741072,,,
-0.386978142,-0.0904476808,-0.917642053,0.227720112,-0.973726485,-5.60274899e-05,-0.893527432,-0.208987247,0.397407817,-0.00620835368,0.000478208036,-0.00459156092,,,
-0.387088882,-0.0903536461,-0.917604676,0.227682681,-0.973735315,-0.000166631763,-0.893489071,-0.2089872,0.397494148,0.0111880274,-0.000693738402,0.00325885369,,,
-0.387088882,-0.0903536461,-0.917604676,0.227682681,-0.973735315,-0.000166631763,-0.893489071,-0.2089872,0.397494148,0.0115476176,0.00176304567,0.00598097639,,,
-0.387088882,-0.0903536461,-0.917604676,0.227682681,-0.973735315,-0.000166631763,-0.893489071,-0.2089872,0.397494148,0.0115476176,0.00176304567,0.00598097639,,,
-0.386712161,-0.0904710088,-0.917751796,0.2275261,-0.973771725,0.000120929592,-0.893691913,-0.208765748,0.397154225,-0.0140726259,-0.00290465332,-0.00544099649,,,
-0.388306247,-0.0905564513,-0.917070217,0.227267996,-0.973832247,-6.84684223e-05,-0.893066353,-0.208447298,0.398725733,0.00411247741,2.37822514e-05,0.00596807944,,,
-0.388864492,-0.0902225005,-0.916866551,0.227301941,-0.973824135,-0.000576754573,-0.892814762,-0.208629829,0.399193411,0.0155904796,0.0152053228,0.00603794679,,,
-0.388715305,-0.0901549063,-0.916936491,0.227421819,-0.973796132,-0.000665086101,-0.892849232,-0.208789892,0.39903263,0.00667651929,0.00748056127,0.00898550916,,,
-0.387835957,-0.0901602799,-0.917308175,0.227601101,-0.973754238,-0.000521025655,-0.893185817,-0.208982431,0.398177591,0.00366441463,0.00312155462,-0.00932103395,,,
-0.387315948,-0.0903902311,-0.917505197,0.227743222,-0.973721074,-0.000211135222,-0.893375176,-0.209037379,0.397723639,0.0117839277,-0.000768721045,0.0106939562,,,
-0.387000292,-0.0905523269,-0.917622316,0.227832846,-0.973700014,-6.45935787e-07,-0.893489022,-0.209064779,0.397453318,0.0254623964,0.000515878142,0.0139881251,,,
-0.38453896,-0.0897801305,-0.918732458,0.227601363,-0.973754397,-0.000106444575,-0.894610206,-0.209145691,0.394880571,-0.0109359175,-0.000201761708,-0.0012337137,,,
-0.383794429,-0.0893158966,-0.919088862,0.227475401,-0.973783636,-0.000358443706,-0.894961791,-0.209207689,0.394050073,-0.0152148549,0.00311917043,-0.00207060389,,,
-0.382837974,-0.0886953438,-0.919547663,0.227266215,-0.973832195,-0.000687046281,-0.895424389,-0.209245168,0.392977714,-0.00645740842,-0.00181823957,-0.0108545022,,,
-0.382131292,-0.0883491991,-0.919874966,0.22710072,-0.973870838,-0.00080618573,-0.895768271,-0.209212346,0.39221083,0.00843261462,0.0026208756,-0.00574558508,,,
-0.381658291,-0.0883082485,-0.920075134,0.227087679,-0.97387379,-0.00072692368,-0.895973094,-0.20921519,0.391741069,0.0060213441,-0.00136321771,0.00635355059,,,
-0.380790584,-0.0883728134,-0.92042847,0.227068951,-0.973878434,-0.000436048755,-0.896347039,-0.209166786,0.390910667,0.0,0.0,0.0,0.0,0.0,0.0
-0.379961294,-0.0885553851,-0.920753672,0.227009965,-0.973892411,-1.25811901e-05,-0.896713922,-0.209025042,0.390144409,0.0,0.0,0.0,0.0,0.0,0.0
-0.379621556,-0.0886139344,-0.920888133,0.22698542,-0.973898079,0.000143749822,-0.896863982,-0.208973617,0.389826865,0.0,0.0,0.0,0.0,0.0,0.0
-0.379186925,-0.0886911477,-0.921059777,0.22693199,-0.973910512,0.000355672022,-0.897061372,-0.208883066,0.389421033,0.00112897716,-0.00217461563,-0.0068280194,,,
-0.379186925,-0.0886911477,-0.921059777,0.22693199,-0.973910512,0.000355672022,-0.897061372,-0.208883066,0.389421033,0.00112897716,-0.00217461563,-0.0068280194,,,
-0.379186925,-0.0886911477,-0.921059777,0.22693199,-0.973910512,0.000355672022,-0.897061372,-0.208883066,0.389421033,0.00112897716,-0.00217461563,-0.0068280194,,,
-0.3790985,-0.08920204,-0.92104693,0.22677723,-0.97394624,0.00098485,-0.89713797,-0.2084991,0.38945044,,,,,,
-0.379265223,-0.0891050536,-0.920987495,0.226678725,-0.973969028,0.000884045208,-0.897092209,-0.208433,0.389591014,0.00289720786,-0.000831425132,-0.00633632019,,,
-0.379265223,-0.0891050536,-0.920987495,0.226678725,-0.973969028,0.000884045208,-0.897092209,-0.208433,0.389591014,0.00676100887,-0.0038014052,0.00126731279,,,
-0.379069401,-0.0887841752,-0.921099152,0.226616644,-0.973983753,0.000619806402,-0.897190712,-0.208501457,0.389327521,0.0127013791,0.00255197263,-0.00217729737,,,
-0.37861202,-0.0885344223,-0.921311366,0.226667692,-0.97397208,0.000446042858,-0.897371012,-0.208662641,0.388825392,-0.0126877334,0.000350892515,0.00110537792,,,
-0.378533469,-0.0884329306,-0.92135326,0.226616733,-0.973983792,0.000380107186,-0.897416887,-0.208650198,0.388726043,-0.00752010662,-0.0042201872,-0.00948279537,,,
-0.3783997,-0.088378534,-0.921413604,0.226584188,-0.973991608,0.000369614952,-0.8974817,-0.208637881,0.388583183,0.0,0.0,0.0,0.0,0.0,0.0
-0.378478,-0.0885693941,-0.921363051,0.22654811,-0.973999816,0.000567743775,-0.897457722,-0.208518179,0.388702725,0.0164962076,0.00396650983,-0.000534082297,,,
-0.378445089,-0.0888099385,-0.921353383,0.226592153,-0.973989355,0.00081102948,-0.89746045,-0.20846452,0.388725175,0.00717425859,0.0042279358,0.00274314452,,,
-0.37820605,-0.08911905,-0.92142166,0.22668728,-0.97396683,0.00115527,-0.89753716,-0.20843765,0.38856241,-0.00200272,-0.01177514,-0.00116705,,,
-0.37826166,-0.0890272,-0.92140768,0.22671249,-0.97396106,0.00103361,-0.89750733,-0.20850367,0.38859586,-0.00500635,-0.00108492,-0.00671414,,,
-0.378634709,-0.0887278003,-0.921283395,0.226693412,-0.973965932,0.000633744561,-0.897354898,-0.208608922,0.388891356,0.0,0.0,0.0,0.0,0.0,0.0
-0.378634709,-0.0887278003,-0.921283395,0.226693412,-0.973965932,0.000633744561,-0.897354898,-0.208608922,0.388891356,0.0,0.0,0.0,0.0,0.0,0.0
-0.37885712,-0.0884497347,-0.921218658,0.226707014,-0.973962881,0.00027918066,-0.897257545,-0.20874097,0.389045058,0.0113397185,-0.000685155333,0.00312562287,,,
-0.378818031,-0.0884212806,-0.921237532,0.226659837,-0.973973953,0.000279180547,-0.897286037,-0.20870179,0.389000434,0.00619183434,0.00436538411,-0.00393591775,,,
-0.378818031,-0.0884212806,-0.921237532,0.226659837,-0.973973953,0.000279180547,-0.897286037,-0.20870179,0.389000434,0.00619183434,0.00436538411,-0.00393591775,,,
-0.378818031,-0.0884212806,-0.921237532,0.226659837,-0.973973953,0.000279180547,-0.897286037,-0.20870179,0.389000434,0.00619183434,0.00436538411,-0.00393591775,,,
-0.378896315,-0.0887013539,-0.921178357,0.226536836,-0.974002344,0.000609382416,-0.89728399,-0.208449945,0.389140109,0.0,0.0,0.0,0.0,0.0,0.0
-0.378879758,-0.0887770247,-0.92117779,0.226602362,-0.973986947,0.000665021463,-0.897274346,-0.208489118,0.389141268,0.00436355639,-0.00400835229,0.00130055507,,,
-0.37884069,-0.088659287,-0.921205271,0.2266421,-0.973977883,0.000532921181,-0.897280881,-0.208582013,0.38907649,0.0,0.0,0.0,0.0,0.0,0.0
-0.378991246,-0.0886380165,-0.921145522,0.22660921,-0.97398574,0.000487723224,-0.897225744,-0.208555206,0.389218125,0.00512615591,-0.00188970554,-0.00419087894,,,
-0.379046712,-0.0885461856,-0.921131432,0.226634345,-0.97397981,0.000366062217,-0.897195862,-0.208621267,0.3892515,0.00855595525,0.000204145894,0.000773603097,,,
-0.379236184,-0.0885087884,-0.921056998,0.22669198,-0.973966381,0.000254899311,-0.89710119,-0.208699577,0.389427644,0.00669697858,0.00608938886,0.000431198394,,,
-0.379141445,-0.0885274847,-0.921094217,0.226663165,-0.97397309,0.000310482178,-0.897148528,-0.208660421,0.389339577,0.0,0.0,0.0,0.0,0.0,0.0
-0.379141445,-0.0885274847,-0.921094217,0.226663165,-0.97397309,0.000310482178,-0.897148528,-0.208660421,0.389339577,-0.00628427137,-0.00211036182,-0.00336230942,,,
-0.379102354,-0.0884990258,-0.9211131,0.226615986,-0.973984148,0.000310488719,-0.897177026,-0.208621245,0.389294962,0.0,0.0,0.0,0.0,0.0,0.0
-0.37904052,-0.0881433183,-0.921172725,0.226673394,-0.973970934,-7.52992477e-05,-0.897188724,-0.208833878,0.389154046,-0.00699543674,-0.00187236059,-0.00254976191,,,
-0.379246259,-0.0879856796,-0.921102967,0.226708885,-0.97396243,-0.000308061327,-0.897092658,-0.208939067,0.389318862,-0.00108709792,0.0036295054,-0.0103037888,,,
-0.379278896,-0.087656016,-0.921120848,0.226751511,-0.973952164,-0.000683203201,-0.897067971,-0.209124694,0.38927596,0.0102114733,0.00226467825,-0.00112390448,,,
-0.37920068,-0.0874206598,-0.921175538,0.226830953,-0.973933611,-0.000947200296,-0.897081079,-0.209310311,0.389146099,0.00565027259,-0.00241023279,0.00520013738,,,
-0.37902741,-0.08724854,-0.92126308,0.22683817,-0.97393168,-0.00108957,-0.8971524,-0.20939063,0.38893834,,,,,,
-0.37902749,-0.08729314,-0.92125888,0.22679474,-0.97394194,-0.00102359,-0.8971634,-0.20932465,0.38894853,,,,,,
-0.37898838,-0.08726467,-0.92127774,0.22674759,-0.97395301,-0.00102359,-0.89719191,-0.20928544,0.38890393,,,,,,
-0.378949064,-0.0872361906,-0.921296535,0.226700437,-0.973963886,-0.00102358649,-0.897220358,-0.209246225,0.388859334,0.000188782113,-8.29696583e-05,-0.00806503464,,,
-0.379004748,-0.087189013,-0.921278177,0.226682079,-0.97396821,-0.00107921496,-0.89720156,-0.20924628,0.38890276,-0.00553345447,-0.00197356916,8.88321083e-05,,,
-0.37909954,-0.08717034,-0.92124095,0.22671083,-0.97396147,-0.00113479,-0.89715426,-0.2092855,0.38899078,0.00641988,0.00190896,-0.00215638,,,
-0.37907672,-0.08702163,-0.92126443,0.22664157,-0.97397747,-0.00125635,-0.89718142,-0.20927306,0.38893483,0.00749284,-0.00493139,0.00654969,,,
-0.37882479,-0.08674796,-0.92139367,0.22659795,-0.97398708,-0.00146467,-0.89729866,-0.20934079,0.38862763,0.01232204,0.00613409,0.00599698,,,
-0.37873013,-0.08672203,-0.92143514,0.22661267,-0.97398379,-0.00147508,-0.89733501,-0.20936754,0.38852938,0.00903561,0.003447,0.00714946,,,
-0.378517462,-0.0865661242,-0.921537091,0.226529297,-0.97400295,-0.00155137071,-0.897445699,-0.209342387,0.388287113,-0.0129016778,0.00204759813,-0.000669545028,,,
-0.37858957,-0.08648795,-0.92151497,0.22640195,-0.9740327,-0.00159663,-0.89744759,-0.20923725,0.38833959,-0.0028369,-0.00201744,-0.00496017,,,
-0.37858943,-0.08653257,-0.92151074,0.22635848,-0.97404277,-0.00153065,-0.8974585,-0.20917127,0.3883498,-0.00449389,-0.00176394,0.00248007,,,
-0.37883456,-0.0864926,-0.92141369,0.22635405,-0.97404356,-0.00163139,-0.89735612,-0.20918376,0.38857954,0.01236189,0.00138301,0.00119882,,,
-0.37875621,-0.08634647,-0.92145972,0.22634665,-0.97404521,-0.00176333,-0.89739117,-0.20923719,0.38846991,0.00179432,0.00313348,0.00766047,,,
-0.37837671,-0.08633208,-0.92161693,0.22631856,-0.97405184,-0.00167288,-0.8975583,-0.20921201,0.38809716,,,,,,
-0.37791884,-0.0860823,-0.92182824,0.22636994,-0.97403974,-0.0018462,-0.89773834,-0.20937191,0.3875943,,,,,,
-0.37791884,-0.0860823,-0.92182824,0.22636994,-0.97403974,-0.0018462,-0.89773834,-0.20937191,0.3875943,,,,,,
-0.378157328,-0.0858180708,-0.921754993,0.226230827,-0.974071385,-0.00212412109,-0.897672893,-0.209332648,0.387766952,0.000712036854,0.00126713503,0.00668257056,,,
-0.37834716,-0.08604836,-0.9216556,0.22602755,-0.97411913,-0.00183966,-0.89764409,-0.20901559,0.38800456,,,,,,
-0.378441729,-0.0861634958,-0.921605811,0.225925893,-0.974142691,-0.00169732906,-0.897629606,-0.20885699,0.388123245,0.0081952326,-0.000222980962,-0.00395467225,,,
-0.3784418,-0.08620813,-0.92160166,0.22588243,-0.97415295,-0.00163136,-0.89764057,-0.20879102,0.38813344,,,,,,
-0.37796756,-0.08630189,-0.92178764,0.22573855,-0.97418694,-0.00135354,-0.8978767,-0.20859461,0.38769278,0.00392995,0.0011974,-0.00929812,,,
-0.37773837,-0.08622175,-0.921889,0.22572071,-0.97419094,-0.00137428,-0.89797755,-0.20860858,0.38745153,,,,,,
-0.37767591,-0.0860894,-0.9219269,0.22556071,-0.97422783,-0.0014298,-0.89804397,-0.20849051,0.38736108,-0.00157224,-0.00294727,0.00579861,,,
-0.377692259,-0.0861031102,-0.921919001,0.225408199,-0.974263349,-0.00135351991,-0.898075462,-0.208319328,0.387380238,0.000656906981,-0.0010524391,0.0147241745,,,
-0.377692259,-0.0861031102,-0.921919001,0.225408199,-0.974263349,-0.00135351991,-0.898075462,-0.208319328,0.387380238,0.000656906981,-0.0010524391,0.0147241745,,,
-0.377613612,-0.0861803599,-0.921944017,0.225183258,-0.974315642,-0.00115559884,-0.898164976,-0.208042737,0.387321358,-0.000106653199,-0.0015375613,-0.00661863945,,,
-0.377764254,-0.0863376704,-0.921867704,0.224976184,-0.974363877,-0.000936846632,-0.898153647,-0.207752179,0.387503676,-0.004918369,-0.00217288709,-0.00636726385,,,
-0.377764254,-0.0863376704,-0.921867704,0.224976184,-0.974363877,-0.000936846632,-0.898153647,-0.207752179,0.387503676,-0.00217079045,-0.000258743734,-0.0122671016,,,
-0.37784266,-0.0865731172,-0.921813297,0.224896468,-0.974382238,-0.000672788355,-0.898140433,-0.207566783,0.387633429,0.0,0.0,0.0,0.0,0.0,0.0
-0.377882087,-0.0867354717,-0.921781949,0.22481315,-0.974401684,-0.000474818136,-0.898144783,-0.207408138,0.387708342,-0.000265464652,-0.000174641595,0.00554289529,,,
-0.377976961,-0.0868059924,-0.9217364,0.224754947,-0.974415131,-0.00039829887,-0.898119416,-0.207315374,0.38781669,0.0,0.0,0.0,0.0,0.0,0.0
-0.378183087,-0.0867373714,-0.921658304,0.224703569,-0.974426929,-0.000498955328,-0.898045493,-0.207288618,0.388002131,0.0,0.0,0.0,0.0,0.0,0.0
-0.37819923,-0.0866617388,-0.921658821,0.224637975,-0.974442059,-0.000554512336,-0.898055132,-0.207249295,0.388000856,-0.00123898359,0.00132554758,0.0053034192,,,
-0.378048912,-0.0867278212,-0.921714356,0.224627459,-0.974444651,-0.000443415542,-0.898121135,-0.207209983,0.387869142,0.00359963765,-0.00142234552,-0.00438711699,,,
-0.377953822,-0.0867466777,-0.921751424,0.224598558,-0.974451128,-0.000387845436,-0.898168226,-0.207170646,0.38778094,0.00143642328,-0.00206184364,-0.00784611516,,,
-0.377764243,-0.0867398068,-0.921829949,0.224584361,-0.974454643,-0.000342720663,-0.898251698,-0.207158053,0.387594453,0.0,0.0,0.0,0.0,0.0,0.0
-0.377764243,-0.0867398068,-0.921829949,0.224584361,-0.974454643,-0.000342720663,-0.898251698,-0.207158053,0.387594453,0.00220048334,0.000207424149,0.00546092261,,,
-0.377708633,-0.086742336,-0.921852468,0.224646242,-0.974440335,-0.000353194637,-0.898259579,-0.207224096,0.387540849,-0.00680208765,-0.00618952466,0.00711448304,,,
-0.377534815,-0.0866150843,-0.921935558,0.224609943,-0.974448572,-0.000429676393,-0.89834165,-0.20723812,0.387342987,0.0,0.0,0.0,0.0,0.0,0.0
-0.37743993,-0.0866339972,-0.921972661,0.22458101,-0.974455305,-0.000374073774,-0.898388784,-0.207198747,0.387254754,0.0,0.0,0.0,0.0,0.0,0.0
-0.377495553,-0.0865420295,-0.92195856,0.224606286,-0.974449471,-0.000495726291,-0.898359129,-0.207264822,0.387288225,0.0,0.0,0.0,0.0,0.0,0.0
-0.377495576,-0.0864526808,-0.92196695,0.224693348,-0.974429347,-0.00062769495,-0.898337365,-0.207396791,0.387268077,0.0153606217,0.00294202543,-0.00290923333,,,
-0.377440187,-0.0864552053,-0.921989531,0.224755252,-0.974415254,-0.000638161928,-0.898345298,-0.207462835,0.387214447,0.00636546453,0.00212615705,0.00276078773,,,
-0.377060339,-0.0863519993,-0.922154556,0.22481376,-0.974401655,-0.000679725196,-0.898490103,-0.207569316,0.386821146,-0.0055786944,-0.00538498117,0.00208996912,,,
-0.376925782,-0.0863425358,-0.922210278,0.224737555,-0.974419039,-0.000624124942,-0.898565446,-0.207490542,0.386688193,0.0,0.0,0.0,0.0,0.0,0.0
-0.377037005,-0.0862480609,-0.922173678,0.224700955,-0.974427437,-0.0007353301,-0.898527963,-0.207490559,0.386775301,0.0110303527,0.00178974855,-0.0054759034,,,
-0.377226985,-0.0862103167,-0.922099566,0.224758797,-0.974414083,-0.000846476269,-0.89843381,-0.207569301,0.386951787,0.00974366721,0.00133246172,-0.00538074411,,,
-0.377171571,-0.0862575299,-0.922117946,0.22477715,-0.974410069,-0.000790931349,-0.898452615,-0.207569341,0.386908238,0.0,0.0,0.0,0.0,0.0,0.0
-0.376948945,-0.0864017802,-0.922195285,0.224893881,-0.974382996,-0.000634453122,-0.898516641,-0.207635239,0.386723955,0.00220552576,-0.00542879058,-0.00478310604,,,
-0.376742648,-0.0865151695,-0.922268875,0.224901546,-0.974381216,-0.000467606705,-0.898601162,-0.20759588,0.386548578,0.0,0.0,0.0,0.0,0.0,0.0
-0.376742648,-0.0865151695,-0.922268875,0.224901546,-0.974381216,-0.000467606705,-0.898601162,-0.20759588,0.386548578,-0.000451207859,-0.000191986546,0.00726512261,,,
-0.376592175,-0.0865813198,-0.922324218,0.224890886,-0.974383855,-0.000356393083,-0.898667,-0.207556529,0.38641673,0.0,0.0,0.0,0.0,0.0,0.0
-0.376703541,-0.086576265,-0.922279312,0.224767209,-0.974412534,-0.000335688859,-0.898651368,-0.207424592,0.38652402,0.00758958561,-0.00239074207,0.0028668181,,,
-0.376624644,-0.0864302015,-0.922325125,0.224759842,-0.974414031,-0.000467619744,-0.898686168,-0.207477771,0.386414438,0.0112090539,0.00133842218,0.00334989512,,,
-0.376237531,-0.0861028524,-0.922513614,0.224683564,-0.974431354,-0.000686258608,-0.898867268,-0.207531862,0.385963793,0.00217397767,0.00488561345,-0.00581199396,,,
-0.375873424,-0.085879416,-0.922682829,0.224720031,-0.974422787,-0.000849091557,-0.899010448,-0.207664487,0.385558745,0.00446811365,-0.00160884846,-0.00515445974,,,
-0.375873424,-0.085879416,-0.922682829,0.224720031,-0.974422787,-0.000849091557,-0.899010448,-0.207664487,0.385558745,0.00446811365,-0.00160884846,-0.00515445974,,,
-0.37558127,-0.08557794,-0.92282986,0.2246292,-0.97444361,-0.00105724,-0.8991553,-0.20769162,0.38520625,-0.00430667,0.00281471,0.009083,,,
-0.37577169,-0.0854952776,-0.922760204,0.224730772,-0.97442026,-0.00123447165,-0.899050564,-0.207836478,0.385372769,-0.00451764325,0.00385194994,0.000648379093,,,
-0.3758273,-0.08544805,-0.92274192,0.22471249,-0.97442439,-0.00129009,-0.89903188,-0.20783647,0.38541635,0.00635397,0.0020532,0.00410376,,,
-0.375794748,-0.0856438757,-0.922736901,0.224799926,-0.974404275,-0.00111285824,-0.899023501,-0.207849397,0.38542879,0.00562760094,0.00078982109,0.00128954579,,,
-0.37568354,-0.08573834,-0.92277346,0.22483648,-0.97439603,-0.00100162,-0.89906089,-0.20784943,0.38534161,0.00849592,-0.00259715,-0.00158823,,,
-0.37545369,-0.08565843,-0.92287423,0.22481843,-0.9743999,-0.0010222,-0.89916121,-0.20786295,0.38509995,0.00710869,0.00307101,-0.0039396,,,
-0.375128908,-0.0856423287,-0.92300777,0.224727765,-0.974420895,-0.000921145465,-0.8993194,-0.207771049,0.384780004,-0.00639330363,-0.00219595409,0.00980048813,,,
-0.37487601,-0.08541404,-0.92313184,0.22464058,-0.97444109,-0.00106314,-0.89944681,-0.20777142,0.38448208,-0.00350727,-0.00280905,-0.00329434,,,
-0.37489223,-0.08529368,-0.9231363,0.2246187,-0.97444589,-0.0011848,-0.89944543,-0.20779786,0.38447092,0.00105772,-0.00294518,-0.00824185,,,
-0.375129002,-0.0859109538,-0.922982838,0.224466032,-0.974481609,-0.000525562382,-0.899384796,-0.207375465,0.384840624,-0.0112749785,0.00694864942,0.0191745199,,,
-0.37665855,-0.08871455,-0.92209432,0.22429957,-0.97451781,0.00213596,-0.89878691,-0.20602085,0.38695922,-0.00474331,0.00283831,0.01958784,,,
-0.37776176,-0.09014654,-0.92150389,0.2241552,-0.97454719,0.00344521,-0.89835976,-0.20525844,0.38835372,-0.00455375,-0.00988156,-0.00706523,,,
-0.37960516,-0.09208369,-0.92055445,0.22374331,-0.97463406,0.00522922,-0.89768526,-0.20398287,0.39057925,-0.02160345,-0.00231403,-0.01050229,,,
-0.38139932,-0.0934102,-0.91967877,0.2234989,-0.97468372,0.00630989,-0.89698537,-0.20314061,0.39262084,0.006247,-0.00224519,-0.00155643,,,
-0.3824452,-0.09405179,-0.91917887,0.2233442,-0.97471578,0.00680699,-0.89657844,-0.20268998,0.39378142,0.04024586,-0.00487697,-0.00844099,,,
-0.38392893,-0.09506302,-0.91845593,0.22316148,-0.9747516,0.0076048,-0.89598952,-0.20204431,0.39545004,0.05188836,0.01420265,0.00768537,,,
-0.38350159,-0.09558931,-0.91857983,0.2230242,-0.97477712,0.00832603,-0.89620668,-0.20167251,0.39514762,0.00660236,-0.00461608,0.00335427,,,
-0.38302965,-0.09563942,-0.91877159,0.22292197,-0.9747988,0.0085369,-0.89643401,-0.2015445,0.39469712,-0.01953834,-0.00244266,-0.00556233,,,
-0.38272386,-0.09572621,-0.9188899,0.22259054,-0.97487166,0.00884768,-0.89664687,-0.20115,0.39441468,-0.03242896,-0.0071649,-0.00740181,,,
-0.38360698,-0.09585035,-0.91850879,0.22228627,-0.9749408,0.00890341,-0.89634509,-0.20075648,0.3953003,-0.01375209,-0.00157946,-0.00618926,,,
-0.384228768,-0.0959569548,-0.918237739,0.222181599,-0.974964563,0.00891497851,-0.896104692,-0.200590136,0.395929275,0.00399055611,0.00026690957,-0.00766213331,,,
-0.385515653,-0.0965128352,-0.917639762,0.222067401,-0.974987275,0.00925016263,-0.895579996,-0.20021181,0.397305431,0.0253492221,-0.00187575805,-0.000857897103,,,
-0.385665335,-0.0964911142,-0.917579192,0.222034698,-0.974995201,0.00920605098,-0.895523703,-0.200183974,0.397446366,0.0127553754,0.000172734246,-0.00156363705,,,
-0.385476917,-0.0964843402,-0.91765911,0.222020048,-0.974998167,0.00925010997,-0.895608491,-0.200173021,0.397260821,-0.0068064658,0.00074863428,-0.00746027287,,,
-0.38536047,-0.09635435,-0.91772175,0.22192141,-0.97502135,0.00918341,-0.89568312,-0.20012318,0.39711772,-0.00809317,-0.00176007,-0.00548832,,,
-0.38595877,-0.09622286,-0.91748397,0.22183389,-0.97504338,0.00894045,-0.89544704,-0.2000784,0.39767218,,,,,,
-0.38648521,-0.09621475,-0.91726331,0.22183033,-0.97504555,0.00880841,-0.89522096,-0.2000725,0.39818396,,,,,,
-0.387332452,-0.0963124394,-0.91689555,0.221830318,-0.975046346,0.00871092635,-0.89485465,-0.200021209,0.399032148,0.00315454556,5.01871073e-05,0.00399944512,,,
-0.38772525,-0.0962503,-0.91673591,0.22179352,-0.9750558,0.00856785,-0.89469351,-0.20000413,0.39940173,,,,,,
-0.38776403,-0.0963234,-0.91671183,0.22179739,-0.97505434,0.00863465,-0.89467575,-0.19997611,0.39945555,0.00554486,-0.00481307,-0.00596446,,,
-0.38772525,-0.0962503,-0.91673591,0.22179352,-0.9750558,0.00856785,-0.89469351,-0.20000413,0.39940173,0.0036911,0.00252134,-0.00461692,,,
-0.38772525,-0.0962503,-0.91673591,0.22179352,-0.9750558,0.00856785,-0.89469351,-0.20000413,0.39940173,0.0036911,0.00252134,-0.00461692,,,
-0.38754792,-0.0957645,-0.91686193,0.22175175,-0.97506943,0.00811202,-0.89478087,-0.20017193,0.39912205,-0.01194414,-0.00244606,-0.01063151,,,
-0.388167726,-0.0956934172,-0.916607136,0.221819807,-0.975056047,0.00785850056,-0.894495302,-0.200271198,0.399711929,0.00204720418,-0.000192642197,-0.00769058987,,,
-0.38891995,-0.09567696,-0.91629006,0.22192034,-0.97503525,0.00761677,-0.89414367,-0.20038107,0.40044305,0.01766615,-0.00297159,0.00986143,,,
-0.38901367,-0.09565828,-0.91625203,0.22194909,-0.97502888,0.00756162,-0.89409557,-0.20041973,0.40053091,0.00720436,-0.00411665,0.00831489,,,
-0.38903047,-0.09553786,-0.9162577,0.22192673,-0.97503522,0.00743954,-0.89409406,-0.20044784,0.40052046,,,,,,
-0.38904672,-0.09537296,-0.9162677,0.22194762,-0.97503153,0.00725077,-0.89408152,-0.20054255,0.40050076,-0.00114679,-0.00564212,-0.01242856,,,
-0.3892123,-0.09514218,-0.91622132,0.22197874,-0.97502655,0.00695169,-0.89400167,-0.20067598,0.40061211,0.00858302,0.00588196,-0.01850611,,,
-0.38902434,-0.09491289,-0.9163249,0.22218141,-0.97498238,0.00666183,-0.89403311,-0.20099876,0.40038003,-0.00299937,0.00699705,0.0060166,,,
-0.38914059,-0.09499875,-0.91626664,0.22232326,-0.97495005,0.00666184,-0.89394725,-0.20111502,0.40051335,-0.00724723,-0.00555599,0.00576708,,,
-0.38927353,-0.0949643,-0.91621393,0.22244269,-0.97492387,0.00653986,-0.89385985,-0.20125929,0.40063611,-0.01261707,-0.00372249,0.00616911,,,
-0.38964914,-0.09488981,-0.91606186,0.22255746,-0.97489899,0.00631906,-0.89366749,-0.20141419,0.40098713,-0.0020717,-0.00382,0.00741904,,,
-0.39017395,-0.09483836,-0.91584387,0.22259562,-0.97489166,0.00612126,-0.89342907,-0.20147447,0.40148791,0.00689709,0.00495881,0.01001152,,,
-0.390328732,-0.0951306838,-0.915747491,0.222611399,-0.974886208,0.00638817883,-0.893357419,-0.201362352,0.401703439,0.00636472041,-0.000323653192,0.00105121406,,,
-0.390290037,-0.0950575562,-0.915771669,0.222607459,-0.974887665,0.0063214075,-0.893375401,-0.201390421,0.401649463,0.00440886663,0.000463306875,-0.00537816528,,,
-0.39047775,-0.0950648193,-0.915690778,0.222621364,-0.974884621,0.0062778086,-0.89328979,-0.201401,0.401834419,-0.00096132129,0.00249356008,0.00428230781,,,
-0.39051639,-0.09509349,-0.91567129,0.22266863,-0.97487379,0.00627778,-0.89326108,-0.20143971,0.40187879,,,,,,
-0.390499979,-0.095258164,-0.915661231,0.222647933,-0.974877355,0.00646637244,-0.893273477,-0.201344973,0.401898778,0.0074925106,-0.00184482324,-0.000764033524,,,
-0.3904835,-0.09537856,-0.91565575,0.22267052,-0.97487141,0.00658835,-0.89327507,-0.20131691,0.40190931,0.00643753,0.00224322,0.00320648,,,
-0.39020184,-0.09552315,-0.91576069,0.22249786,-0.97490869,0.00688746,-0.89344111,-0.20106731,0.40166507,0.00879823,-0.003317,0.00164623,,,
-0.38977089,-0.09555601,-0.91594072,0.22248826,-0.97490981,0.00702996,-0.89363154,-0.20104601,0.40125185,,,,,,
-0.38973227,-0.09552737,-0.9159602,0.22244099,-0.97492068,0.00702996,-0.89366022,-0.2010073,0.40120743,,,,,,
-0.38948925,-0.09556749,-0.91605941,0.22244543,-0.97491897,0.00712885,-0.89376508,-0.20099663,0.40097915,-0.00583442,0.00287431,-0.00655866,,,
-0.38945031,-0.09549443,-0.91608341,0.22244142,-0.97492015,0.00706217,-0.89378287,-0.20102456,0.40092532,,,,,,
-0.38938962,-0.09527234,-0.91613253,0.22236779,-0.97493856,0.00687342,-0.89382783,-0.20104193,0.40081655,0.00816002,-0.00287974,0.00421414,,,
-0.38914065,-0.09490984,-0.91627587,0.22241001,-0.97493122,0.00652836,-0.89392569,-0.20124849,0.40049447,,,,,,
-0.38887516,-0.0947122,-0.91640911,0.22243146,-0.97492747,0.0063721,-0.89403597,-0.20136027,0.4001921,-0.00599839,0.00275487,-0.00336515,,,
-0.38885868,-0.0948325061,-0.916403655,0.222453952,-0.974921523,0.00649397021,-0.894037528,-0.201332383,0.400202626,-0.000365411863,-0.0028492806,0.00496048154,,,
-0.38895267,-0.09481385,-0.9163657,0.22248269,-0.97491534,0.00643874,-0.8939895,-0.20137114,0.40029042,,,,,,
-0.38885862,-0.09478805,-0.91640823,0.22249732,-0.97491201,0.00642727,-0.89402672,-0.20139908,0.40019317,-0.00256942,0.00218517,0.00631204,,,
-0.388692787,-0.0949743662,-0.916459197,0.222509522,-0.974907532,0.00665972228,-0.89409569,-0.201332334,0.400072552,0.00626029959,-0.000532388629,-0.000207529869,,,
-0.38856033,-0.09491993,-0.91652123,0.22247687,-0.97491537,0.0066482,-0.89416162,-0.20132154,0.39993084,,,,,,
-0.38861542,-0.0948282,-0.91650725,0.22250169,-0.97491037,0.00652631,-0.89413139,-0.20138819,0.39996476,,,,,,
-0.38853807,-0.09468206,-0.9165553,0.22249389,-0.97491323,0.00639291,-0.89416709,-0.20144405,0.39985694,,,,,,
-0.38848265,-0.09468491,-0.91657836,0.22255575,-0.974899,0.00638153,-0.89417563,-0.20151068,0.39980412,0.01201286,-0.00429928,0.00100485,,,
-0.38833341,-0.09466194,-0.916644,0.22263227,-0.97488171,0.00635868,-0.89422143,-0.20160525,0.39965401,,,,,,
-0.388261807,-0.0948740237,-0.916652501,0.222629864,-0.974880772,0.00660249522,-0.894253226,-0.201510717,0.399630643,-0.00781241339,-0.000920355262,0.00132657052,,,
-0.38833915,-0.09502021,-0.91660445,0.22263762,-0.97487789,0.00673594,-0.89421756,-0.20145481,0.39973847,,,,,,
-0.38858836,-0.09533827,-0.91646593,0.22263874,-0.97487586,0.00701408,-0.89410915,-0.20131522,0.4000513,0.00263391,-0.00394255,-0.00222326,,,
-0.38870457,-0.09551309,-0.91639844,0.22269386,-0.97486229,0.00714754,-0.89404491,-0.20129801,0.40020352,0.00657187,-0.00458687,-0.00520553,,,
-0.388571655,-0.0953252577,-0.91647422,0.222791265,-0.974841375,0.00693595829,-0.89407827,-0.201487346,0.400033528,0.000551332836,0.00488322927,-0.00473106699,,,
-0.388439152,-0.0950930042,-0.916554704,0.222932099,-0.974811371,0.00665775286,-0.894100936,-0.201743319,0.399854006,-0.00580804003,7.89761471e-05,-0.000138392206,,,
-0.3882345,-0.09507292,-0.91664343,0.22307046,-0.97477986,0.00662365,-0.89415525,-0.20190454,0.39965107,0.0036969,-0.00289023,0.00727186,,,
-0.38817906,-0.0950313,-0.9166711,0.22317567,-0.97475614,0.00654566,-0.89415294,-0.20203781,0.39958876,-0.00454953,-0.00135267,0.00952304,,,
-0.38812387,-0.09503409,-0.91669425,0.22323757,-0.97474213,0.00653424,-0.89416151,-0.2021045,0.39953591,0.00732963,-0.00250554,0.00287505,,,
-0.388013299,-0.0950842063,-0.916735856,0.223317905,-0.974723437,0.00657821454,-0.894189437,-0.2021711,0.399439705,0.00373705802,0.00818592217,-0.000305243302,,,
-0.38799679,-0.09520452,-0.91673038,0.22334035,-0.97471749,0.00670009,-0.89419102,-0.20214327,0.39945027,0.00389318,0.00292772,-0.00435827,,,
-0.38798018,-0.09514703,-0.91674333,0.22353621,-0.97467351,0.00655545,-0.89414923,-0.20238195,0.3994229,,,,,,
-0.38809646,-0.09527739,-0.91668062,0.22363469,-0.97465054,0.00662207,-0.89407419,-0.20243158,0.39956575,0.00281057,-0.00531441,-0.00320161,,,
-0.388118533,-0.0953819164,-0.916660332,0.223747706,-0.974624128,0.00667736939,-0.894036262,-0.202509045,0.399611302,0.00399154145,-0.000784516276,0.00452212477,,,
-0.388157156,-0.0954105533,-0.916640919,0.223794959,-0.974613175,0.00667737455,-0.894007587,-0.202547766,0.399655751,0.0102112731,-0.00022232531,0.00555224717,,,
-0.388157156,-0.0954105533,-0.916640919,0.223794959,-0.974613175,0.00667737455,-0.894007587,-0.202547766,0.399655751,0.0102112731,-0.00022232531,0.00555224717,,,
-0.38793051,-0.09528582,-0.91674995,0.22382022,-0.97460813,0.0065881,-0.89409975,-0.20263146,0.39940719,,,,,,
-0.38772556,-0.09531006,-0.91683392,0.2239151,-0.97458584,0.00662084,-0.89416468,-0.20272592,0.39921365,0.00496973,0.00503105,-0.00423876,,,
-0.38742705,-0.0953529,-0.91695596,0.2239813,-0.97457045,0.00670884,-0.8942778,-0.20278179,0.39893209,-0.00100346,0.00312418,-0.0065183,,,
-0.38723888,-0.09534575,-0.91703619,0.22396703,-0.97457342,0.00675295,-0.89436288,-0.20277086,0.39874689,,,,,,
-0.38718332,-0.09534854,-0.91705919,0.22402884,-0.97455907,0.0067417,-0.89437128,-0.20283745,0.39869401,-0.00740358,-0.00372434,0.00361346,,,
-0.38733266,-0.09532712,-0.91699828,0.22399579,-0.97456688,0.00669768,-0.89431482,-0.20280954,0.39883475,,,,,,
-0.38746566,-0.09538156,-0.91693656,0.22402852,-0.97455946,0.00670891,-0.89424914,-0.20282047,0.39897657,,,,,,
-0.387764595,-0.0953386518,-0.916814663,0.223962437,-0.974575264,0.00662073464,-0.894136126,-0.202764762,0.399258092,0.0113286395,0.000406086416,-0.00100285513,,,
-0.38767041,-0.095268408,-0.916861707,0.224020411,-0.974562348,0.00654287307,-0.894162353,-0.202859272,0.399151246,0.0101638529,-0.000210225568,-0.00596018508,,,
-0.387576411,-0.0952870163,-0.916899656,0.223991606,-0.974568788,0.00659820551,-0.894210464,-0.202820513,0.399063296,0.00508568017,-0.000895976962,-0.00392280798,,,
-0.387294079,-0.0951650693,-0.91703154,0.224078669,-0.974549354,0.00649782691,-0.8943109,-0.202970641,0.398761716,-0.010591317,-0.0037526486,0.000286933035,,,
-0.38757641,-0.09528702,-0.91689966,0.22399161,-0.97456879,0.00659821,-0.89421046,-0.20282051,0.3990633,0.00401011,0.00274056,0.00232886,,,
-0.38759847,-0.09548052,-0.91687004,0.22401786,-0.97456124,0.00678681,-0.89419416,-0.20276472,0.39912802,,,,,,
-0.38786415,-0.09572281,-0.9167325,0.2239532,-0.97457465,0.00700925,-0.89409524,-0.20258654,0.39944006,0.00228058,-0.00414568,-0.00555567,,,
-0.38809098,-0.09580314,-0.91662814,0.22397126,-0.97457038,0.00703195,-0.89399232,-0.20256932,0.39967913,-0.00563512,-0.00478578,-0.00111232,,,
-0.38838956,-0.09576031,-0.9165061,0.2239051,-0.97458615,0.00694405,-0.89387917,-0.2025134,0.3999604,,,,,,
-0.38840625,-0.09555108,-0.91652093,0.22396938,-0.97457327,0.0066888,-0.89385589,-0.20267464,0.39993082,0.00436006,0.00898904,0.00367167,,,
-0.388351082,-0.0955983053,-0.916539484,0.223987926,-0.974568749,0.00674403883,-0.89387531,-0.202674707,0.399887471,2.87711155e-05,-0.00188302982,0.00894060358,,,
-0.38831787,-0.0961057,-0.91650048,0.22377263,-0.97461353,0.00738791,-0.89394365,-0.20221885,0.39996546,-0.00236168,-0.00512904,0.00332691,,,
-0.38835621,-0.09622328,-0.91647163,0.22373311,-0.97462122,0.00752134,-0.89393661,-0.20212411,0.40002882,0.00457857,0.00179785,0.00237414,,,
-0.38894235,-0.09657175,-0.91618644,0.22367213,-0.9746333,0.00777841,-0.89369709,-0.20190003,0.40067672,0.01012486,0.00248188,-0.00595319,,,
-0.389074921,-0.0966707137,-0.916119688,0.223661449,-0.974635086,0.00785661503,-0.893642023,-0.201843858,0.400827777,0.00657730084,0.000113010399,-0.00366289658,,,
-0.38903631,-0.09664207,-0.91613914,0.22361416,-0.97464598,0.00785664,-0.8936707,-0.20180518,0.40078334,0.00143238,-0.00125676,-0.00663294,,,
-0.388865129,-0.096514441,-0.916225442,0.223577539,-0.974655244,0.00777844162,-0.893754542,-0.201822652,0.400587713,-0.00333277741,0.000207245335,0.00374525972,,,
-0.38882642,-0.09644135,-0.91624954,0.2235736,-0.97465664,0.00771175,-0.89377234,-0.20185067,0.40053386,,,,,,
-0.38882642,-0.09644135,-0.91624954,0.2235736,-0.97465664,0.00771175,-0.89377234,-0.20185067,0.40053386,,,,,,
-0.38886506,-0.0966478,-0.91621136,0.22344744,-0.97468339,0.00797862,-0.89378705,-0.20162247,0.40061593,0.00684701,-0.00398511,0.00703788,,,
-0.38939538,-0.09722125,-0.91592527,0.22323155,-0.97472776,0.00855846,-0.89360996,-0.20113081,0.40125749,0.00425086,0.002065,0.00189588,,,
-0.38956662,-0.09743765,-0.9158294,0.22318146,-0.97473726,0.00877025,-0.89354777,-0.20097957,0.40147165,-0.00313544,0.00146908,-0.00919757,,,
-0.38969933,-0.09762547,-0.91575307,0.22308413,-0.9747578,0.00898218,-0.89351435,-0.20078963,0.40164117,-0.00516946,-0.00472742,-0.00564485,,,
-0.389793263,-0.0976512507,-0.91571038,0.223069609,-0.974761068,0.00899368317,-0.893477037,-0.200761476,0.401738269,-0.00128826499,-0.000336527795,0.0071009947,,,
-0.38975449,-0.09766704,-0.91572508,0.22297892,-0.97478105,0.00906051,-0.89351647,-0.20065602,0.40170314,,,,,,
-0.38958338,-0.09758398,-0.91580678,0.22289882,-0.97479952,0.009049,-0.89361111,-0.20060691,0.40151714,,,,,,
-0.38954463,-0.09759976,-0.9158215,0.22280815,-0.9748195,0.00911577,-0.89365052,-0.20050151,0.40148198,,,,,,
-0.38956139,-0.09756828,-0.91581783,0.22269898,-0.97484448,0.00912733,-0.89367053,-0.20039604,0.40149019,,,,,,
-0.38965517,-0.0976385,-0.91577035,0.22264106,-0.97485685,0.0092057,-0.89364398,-0.20030105,0.40159659,-0.00333946,0.00130194,-0.00544906,,,
-0.38965501,-0.09768296,-0.91576556,0.22259766,-0.97486597,0.00927255,-0.89365474,-0.2002342,0.40160586,,,,,,
-0.38954464,-0.09782206,-0.91579778,0.22259122,-0.9748659,0.00944986,-0.89370458,-0.20016741,0.40152836,0.01028277,0.00236696,0.00235819,,,
-0.38945076,-0.09784076,-0.91583573,0.22256235,-0.97487198,0.00950512,-0.89375271,-0.20012879,0.4014405,-0.00303518,0.00349563,0.0034207,,,
-0.38945076,-0.09784076,-0.91583573,0.22256235,-0.97487198,0.00950512,-0.89375271,-0.20012879,0.4014405,-0.00303518,0.00349563,0.0034207,,,
-0.38951134,-0.0981964137,-0.915771966,0.222505788,-0.974881094,0.00989470743,-0.893740457,-0.199910468,0.401576598,0.000650676026,-0.00477653695,-0.00196959171,,,
-0.38956664,-0.09823793,-0.9157439,0.22240054,-0.9749042,0.00997302,-0.89374246,-0.1997768,0.40163856,,,,,,
-0.38939555,-0.09815504,-0.91582573,0.22232037,-0.97492283,0.00996154,-0.89383714,-0.19972773,0.4014524,0.0009938,0.00421029,-0.00426413,,,
-0.38931823,-0.09800882,-0.91587424,0.22231249,-0.97492595,0.00982781,-0.89387276,-0.19978413,0.401345,,,,,,
