0,1,2,3,4,5,6,7,8,9,10,11
0.972899422,-0.138740092,-0.184980799,-0.188834536,-0.938418016,-0.289331508,-0.133447469,0.316421223,-0.939185263,0.00470593851,0.00779938698,-0.000369868707
0.972829477,-0.138539827,-0.185498047,-0.188921444,-0.938158336,-0.290116554,-0.133833843,0.317278495,-0.938841227,-0.00516514573,0.00854110718,0.000636444078
0.972801364,-0.138470751,-0.185696936,-0.188976653,-0.938023423,-0.290515845,-0.133960163,0.317706598,-0.938678202,-0.0044451612,0.00436687469,0.000400507473
0.97283016,-0.13819562,-0.18575103,-0.18888571,-0.93770137,-0.29161342,-0.13387929,0.31877605,-0.93832735,-0.00485876,0.0055362,-0.00535484
0.97284439,-0.13806129,-0.18577642,-0.1889088,-0.93738143,-0.29262461,-0.13374327,0.31977301,-0.93800725,-0.00144631,0.00332248,-0.01088929
0.97285877,-0.13793431,-0.18579543,-0.18885564,-0.93725422,-0.293066,-0.13371373,0.32020034,-0.93786565,,,
0.97285923,-0.13770947,-0.18595972,-0.18880479,-0.9370195,-0.29384864,-0.13378216,0.32098345,-0.93758828,,,
0.9728453,-0.13761155,-0.18610503,-0.18880715,-0.93691201,-0.29419002,-0.13388009,0.32133934,-0.93745249,0.00534491,-0.00376463,-0.00131553
0.97276079,-0.1374174,-0.18668928,-0.18889261,-0.93672032,-0.29474442,-0.13437266,0.32198005,-0.93716193,0.002719,-0.00470465,-0.00535953
0.97271857,-0.13720753,-0.18706329,-0.18891027,-0.93650663,-0.29541218,-0.13465323,0.32269109,-0.9368773,,,
0.97269033,-0.13706726,-0.18731281,-0.1889459,-0.9363064,-0.29602283,-0.13480716,0.32333053,-0.93663448,,,
0.97267614,-0.13701812,-0.1874224,-0.18898409,-0.93619108,-0.29636359,-0.13485599,0.32368564,-0.93650497,,,
0.97266217,-0.13677171,-0.18767471,-0.18895165,-0.93593203,-0.29720087,-0.13500211,0.32453749,-0.93618892,,,
0.972690948,-0.136433009,-0.187772071,-0.188764711,-0.935735172,-0.297938595,-0.135056286,0.325246917,-0.935934868,-0.000671731075,0.00215613842,-0.00705258222
0.972705259,-0.136327065,-0.187774892,-0.188696491,-0.935676739,-0.298165579,-0.135048557,0.32545969,-0.935862124,0.000496027293,0.00231444836,-0.0086372029
0.97269119,-0.13606677,-0.18803634,-0.18860326,-0.93554154,-0.29864741,-0.13527987,0.32595598,-0.93565565,-0.00738412,-0.00196028,-0.01105893
0.97269127,-0.13584799,-0.18819411,-0.18854826,-0.93532638,-0.29935598,-0.13535601,0.32666462,-0.93539771,,,
0.972705544,-0.135734875,-0.188201934,-0.188485184,-0.93524389,-0.299653532,-0.135341271,0.326947928,-0.93530093,0.00682081934,5.62667847e-05,0.00228465814
0.97271981,-0.13559327,-0.18823024,-0.18844259,-0.93506605,-0.30023418,-0.135298,0.32751433,-0.93510882,,,
0.972719831,-0.135402869,-0.188367169,-0.188367169,-0.934944877,-0.300658808,-0.135402869,0.327938977,-0.934944877,-0.00329076778,-0.000930190086,-0.00773074431
0.97271982,-0.13528303,-0.18845328,-0.18831177,-0.93488763,-0.30087098,-0.13547994,0.32815114,-0.93485912,-0.00585449,-0.0016917,-0.00977647
0.97273406,-0.135149217,-0.188475843,-0.188192845,-0.934907381,-0.300885349,-0.135543008,0.32815123,-0.93485037,-0.00265464163,0.000712156296,-0.00573206134
0.972705528,-0.135227817,-0.188566675,-0.188212761,-0.935094241,-0.300290725,-0.135719969,0.327585105,-0.935022936,0.000516852597,0.00481498241,-0.00390082272
0.972677,-0.1353486,-0.18862717,-0.18827312,-0.93525014,-0.29976648,-0.13584065,0.32708939,-0.9351788,,,
0.97269131,-0.13552501,-0.18842662,-0.18828493,-0.93544734,-0.2991434,-0.13572179,0.32645208,-0.93541881,-0.00129973,-0.00659025,0.00242074
0.97271983,-0.13559534,-0.18822868,-0.18822868,-0.93558568,-0.29874692,-0.13559534,0.32602709,-0.93558568,-0.00614987,0.00147653,-0.00502468
0.97273409,-0.135659668,-0.188108599,-0.188108599,-0.935921436,-0.297768705,-0.135659668,0.325034615,-0.935921436,0.0022980168,0.00632953644,0.000844360446
0.97274834,-0.13565271,-0.18803992,-0.18803992,-0.9360209,-0.29749929,-0.13565271,0.32475095,-0.9360209,0.01967679,-0.00193691,0.01077933
0.97273409,-0.135702428,-0.188077749,-0.188077749,-0.936062852,-0.297343106,-0.135702428,0.324609016,-0.936062852,0.016962694,-0.000440955162,0.00379797723
0.97270556,-0.13564731,-0.188265,-0.18805215,-0.93614479,-0.29710177,-0.13594223,0.32439618,-0.93610201,0.01249281,-0.00572485,-0.00198197
0.97266271,-0.13568485,-0.18845922,-0.18803328,-0.93640948,-0.29627833,-0.13627451,0.32361549,-0.93632385,-0.00677484,0.00346971,-0.01626352
0.97263407,-0.13571571,-0.18858474,-0.18794533,-0.93677229,-0.29518448,-0.13659982,0.3225501,-0.93664378,-0.00595249,0.00206578,0.00178899
0.972619676,-0.135782825,-0.18861068,-0.187757015,-0.93737281,-0.293392858,-0.136960824,0.320772646,-0.937201415,0.00503585953,0.000515222549,0.0054279482
0.972633909,-0.135762575,-0.188551841,-0.18762661,-0.937594478,-0.292766838,-0.137038421,0.320132299,-0.937408851,0.00460488861,-0.0007199049,-0.00242283684
0.97264814,-0.13568507,-0.18853423,-0.18753778,-0.93763002,-0.29270996,-0.13705901,0.32006109,-0.93743017,0.00878284,-0.00132847,-0.00139406
0.97247567,-0.13559532,-0.18948608,-0.18763456,-0.9378862,-0.29182646,-0.13814609,0.31934827,-0.93751388,,,
0.97241783,-0.13552855,-0.18983036,-0.18762218,-0.9380171,-0.29141296,-0.13856938,0.31899155,-0.93757271,-0.00265505,0.00714874,0.00922452
0.972316354,-0.135472387,-0.190389441,-0.187609679,-0.938316036,-0.290457496,-0.139296501,0.318135476,-0.937755958,0.00168739143,0.000892162323,0.00791312661
0.97230105,-0.13527182,-0.19061009,-0.18740133,-0.93853851,-0.28987291,-0.13968326,0.31756431,-0.9378921,0.01035841,0.00648165,0.00380108
0.9722718,-0.1352251,-0.19079236,-0.18736896,-0.93864175,-0.28955882,-0.13993007,0.31727844,-0.93795188,0.00543708,0.003865,-0.00376861
0.97270146,-0.135405361,-0.188460224,-0.185078901,-0.94257477,-0.278025901,-0.139991672,0.305316212,-0.941904528,0.00108706998,0.00933218002,3.85523308e-05
0.97277271,-0.13531168,-0.18815949,-0.18477607,-0.94286743,-0.27723346,-0.13989657,0.30445252,-0.94219806,-0.00504042,0.00641751,-0.00471605
0.97291529,-0.1352211,-0.18748623,-0.18424277,-0.94343695,-0.275647,-0.13960815,0.30272417,-0.94279775,,,
0.973057316,-0.135045088,-0.186875049,-0.183700541,-0.943900658,-0.274418675,-0.139332592,0.301354147,-0.943277296,-2.17970228e-05,-0.00527906418,-0.00445688376
0.97311395,-0.13496497,-0.18663785,-0.18346186,-0.94411912,-0.27382585,-0.13925148,0.30070469,-0.94349641,0.00685801,-0.00136209,0.00560251
0.97318416,-0.13476671,-0.18641493,-0.18301925,-0.94456065,-0.27259665,-0.13934327,0.29940426,-0.94389636,0.00842683,-0.01069897,0.00598485
0.97323994,-0.13455574,-0.18627607,-0.18258798,-0.94500225,-0.27135212,-0.13951935,0.2981025,-0.94428219,,,
0.973282085,-0.134448455,-0.186133267,-0.182371515,-0.945177249,-0.270888115,-0.13950846,0.297595956,-0.944443651,-1.88052654e-05,0.00522482395,0.00305089471
0.973380352,-0.134168995,-0.185820789,-0.181912334,-0.945444479,-0.270263197,-0.139422335,0.296871983,-0.944684071,-0.000905533263,0.00680363178,-0.00467749964
0.973436237,-0.133955352,-0.185682127,-0.181628095,-0.94556587,-0.270029985,-0.139402739,0.296582065,-0.944778136,0.000856426312,0.00704741478,-0.00714979786
0.97350566,-0.13367923,-0.18551708,-0.18117033,-0.94592266,-0.26908637,-0.13951357,0.2955673,-0.94507977,-0.00201579,0.00393486,-0.00994422
0.973617001,-0.133350998,-0.185168701,-0.180526925,-0.946466208,-0.267603979,-0.139570649,0.293971718,-0.945569038,0.0123824617,-0.000522732735,-0.00211644149
0.97379844,-0.13286708,-0.18456147,-0.1797717,-0.94680419,-0.26691531,-0.13927933,0.29310064,-0.94588218,0.00787358,-0.00390542,-0.00188683
0.97389589,-0.13259264,-0.18424438,-0.17938103,-0.9469327,-0.26672263,-0.13910157,0.29281002,-0.94599847,0.00699582,-0.00256628,-0.00174197
0.974020205,-0.132149118,-0.183905554,-0.178748947,-0.94724161,-0.266049335,-0.1390448,0.292010351,-0.946253983,0.000583113637,0.00677776337,-0.00719015533
0.97403246,-0.13197675,-0.18396442,-0.17836573,-0.94775746,-0.26446452,-0.13945048,0.29040997,-0.94668666,-0.00716328,0.01446629,-0.01467976
0.97404549,-0.13189365,-0.18395501,-0.17813401,-0.94808046,-0.26346004,-0.13965548,0.28939071,-0.94696824,-0.00244933,0.01309824,-0.00441416
0.974085643,-0.131746783,-0.183847607,-0.17765363,-0.948743539,-0.261390026,-0.139986946,0.287277467,-0.947562754,-2.98381783e-05,0.0111153126,0.00188885757
0.974153422,-0.131505759,-0.183660958,-0.177093901,-0.949349599,-0.25956363,-0.140224329,0.285380033,-0.94810103,-0.00124931301,0.00535678864,0.00094063615
0.97420821,-0.13135462,-0.18347844,-0.176761,-0.94965535,-0.25867021,-0.14026375,0.28443047,-0.94838041,-0.00614554,-0.00384092,0.00644695
0.974304427,-0.131143,-0.18311852,-0.176248044,-0.950120967,-0.257306073,-0.140240885,0.28296873,-0.948820759,0.000683730934,-0.00814956427,0.013187659
0.974387001,-0.130987808,-0.182789952,-0.175840731,-0.950490258,-0.256219128,-0.140178492,0.281798507,-0.949178343,0.00616942067,-0.000103473663,0.00985869952
0.974469792,-0.130993098,-0.182344277,-0.17538373,-0.951181105,-0.253959187,-0.140175512,0.279455774,-0.949871313,0.00165082933,-0.00486701727,-0.000165585865
0.97458067,-0.13091563,-0.18180649,-0.17498658,-0.95155641,-0.25282314,-0.13990068,0.27821025,-0.95027696,,,
0.974677907,-0.13085268,-0.181329962,-0.1747277,-0.951715063,-0.252406012,-0.139546443,0.27769793,-0.950479234,-0.00313270139,0.000667214394,0.00519424584
0.97487141,-0.13068475,-0.1804085,-0.1741683,-0.95205804,-0.2514971,-0.13889254,0.27659877,-0.95089531,,,
0.97495405,-0.13061649,-0.18001094,-0.17391507,-0.95223758,-0.25099162,-0.13862956,0.27601192,-0.95110405,0.00309285,0.0045023,-0.00235321
0.975104955,-0.130467884,-0.179299912,-0.17341961,-0.952597816,-0.249966106,-0.138188155,0.274837309,-0.95150854,0.000939689111,0.00400483608,-0.00862415414
0.97520134,-0.13050702,-0.17874637,-0.17315583,-0.95290976,-0.24895838,-0.13783833,0.27373552,-0.95187693,,,
0.975324598,-0.130444461,-0.178118408,-0.172819175,-0.953149911,-0.24827106,-0.137387982,0.27292715,-0.952173857,0.00131465448,0.00793647766,0.000562977453
0.975366039,-0.130513012,-0.177841057,-0.172761342,-0.953245617,-0.24794371,-0.137166346,0.272559935,-0.952311002,-0.00135059003,0.00612902641,4.79684095e-05
0.975420947,-0.130599505,-0.177476039,-0.172613987,-0.953506888,-0.247040505,-0.136961259,0.27160333,-0.952613893,-0.00722860266,-0.00012755394,0.00061079429
0.97557203,-0.13112006,-0.17625759,-0.17219399,-0.95464329,-0.2429101,-0.13641275,0.2673268,-0.95390138,0.00435979,0.00728381,0.00201432
0.97562656,-0.13120514,-0.17589212,-0.17204765,-0.95490014,-0.24200326,-0.13620731,0.26636663,-0.95419947,,,
0.97569445,-0.13119173,-0.17552514,-0.17190174,-0.95498415,-0.2417748,-0.13590488,0.2660714,-0.95432482,-0.0066981,-0.0020448,0.00510365
0.975803314,-0.131314451,-0.174826793,-0.171794194,-0.955069844,-0.241512575,-0.135257708,0.265702999,-0.954519379,-0.010766089,-0.00163912773,0.000589089468
0.97591145,-0.13134078,-0.17420228,-0.17161282,-0.95516884,-0.24124999,-0.13470662,0.26533398,-0.95469997,,,
0.97596526,-0.13130243,-0.17392952,-0.1714878,-0.955215,-0.24115551,-0.1344758,0.2651862,-0.95477342,0.00488564,-0.0025782,-0.00267956
0.97607286,-0.13131505,-0.1733151,-0.17131703,-0.95527458,-0.24104042,-0.13391131,0.26496485,-0.95491409,0.01120643,0.00221312,0.00213124
0.976113354,-0.131457813,-0.172978502,-0.17135027,-0.955296036,-0.240932563,-0.133573215,0.264817405,-0.955002549,0.0116289584,-0.000227093697,-0.00157841993
0.97612712,-0.13178286,-0.17265317,-0.17146835,-0.95547636,-0.24013152,-0.13332084,0.26400345,-0.95526298,,,
0.97607385,-0.13212086,-0.172696,-0.17165856,-0.95571563,-0.23904102,-0.13346599,0.26296643,-0.95552871,,,
0.9761141,-0.13226326,-0.17235918,-0.17169217,-0.95573681,-0.23893296,-0.13312796,0.26281855,-0.95561675,0.00547475,0.00245643,0.00335211
0.976087569,-0.132891145,-0.172026163,-0.172100307,-0.955873531,-0.238090735,-0.132795111,0.262003162,-0.955886877,0.00419304287,0.00767493248,-0.000960239384
0.97603414,-0.13306618,-0.17219391,-0.17226807,-0.95593056,-0.23774072,-0.13297016,0.26170657,-0.95594392,0.00537171,0.00972509,-0.01024802
0.97586012,-0.13352601,-0.17282313,-0.17274893,-0.95608925,-0.23675059,-0.133622,0.26089047,-0.95607584,0.00427818,0.00604939,-0.0089268
0.97564502,-0.13400188,-0.17366719,-0.17329594,-0.95624516,-0.23571897,-0.13448165,0.26007386,-0.95617781,,,
0.97555061,-0.13424081,-0.17401267,-0.17356709,-0.9562926,-0.23532766,-0.13481644,0.25977691,-0.95621162,,,
0.975415479,-0.134687201,-0.174424779,-0.174053374,-0.956310493,-0.234895461,-0.135166817,0.259479888,-0.956242821,-0.000251460122,-0.00791800022,0.00801968481
0.97527997,-0.135140528,-0.174831375,-0.174534192,-0.956346873,-0.234388331,-0.135524122,0.259108301,-0.956292589,-8.01919959e-05,-0.00673764944,0.00823128037
0.97522564,-0.13524796,-0.17505124,-0.17467972,-0.95635195,-0.2342598,-0.13572746,0.25903407,-0.95628402,0.00387113,-0.0095318,0.0069919
0.97513037,-0.13537102,-0.17548629,-0.17489187,-0.95635472,-0.23409034,-0.13613811,0.25895973,-0.95624583,0.00501621,0.00405228,0.00524306
0.97507574,-0.13532103,-0.17582807,-0.17493645,-0.95634166,-0.23411012,-0.13647171,0.25903384,-0.95617813,0.01095661,0.00144148,-0.00133774
0.975034698,-0.135268124,-0.1760962,-0.174981845,-0.956288924,-0.234292161,-0.136706587,0.259256624,-0.956084348,0.00666103465,0.00584852695,-0.000248480355
0.97488388,-0.13523136,-0.17695733,-0.17524944,-0.95611288,-0.23481039,-0.13743744,0.25992453,-0.95579825,,,
0.97477396,-0.13530904,-0.17750266,-0.17549816,-0.95602122,-0.2349978,-0.13789898,0.26022113,-0.95565107,0.0023201,-0.00271177,-0.00360788
0.97459463,-0.13537284,-0.17843626,-0.17591356,-0.95576936,-0.23570987,-0.13863521,0.26111093,-0.9553016,-0.00630076,0.00113606,-0.00470114
0.97445574,-0.13529056,-0.17925536,-0.17614067,-0.95557857,-0.23631397,-0.13932151,0.26185166,-0.95499919,-0.00498666,0.00108492,0.00547609
0.974302396,-0.135293719,-0.180084562,-0.176377166,-0.955517365,-0.236384471,-0.140092596,0.262072762,-0.954825581,-0.000631303759,0.0049507618,0.00609828206
0.9742324,-0.1352872,-0.18046774,-0.17646373,-0.95551851,-0.23631514,-0.14046986,0.26207187,-0.95477038,,,
0.974147931,-0.135186694,-0.180998257,-0.176550472,-0.955431469,-0.236602664,-0.140945883,0.262441322,-0.954598864,0.000109247863,-0.00607085228,0.00161444198
0.97418977,-0.13499712,-0.18091452,-0.17654484,-0.95509035,-0.23797791,-0.14066345,0.26377517,-0.95427229,,,
0.97420385,-0.13491692,-0.18089857,-0.17660575,-0.95483572,-0.23895445,-0.14048941,0.26473807,-0.95403173,-0.00430143,0.00284338,0.00319699
0.97417633,-0.13486359,-0.18108641,-0.17687291,-0.95432835,-0.24077579,-0.14034404,0.26658736,-0.9535378,-0.01005218,0.00457513,0.00526155
0.97417715,-0.13489467,-0.18105888,-0.17714563,-0.95384785,-0.24247508,-0.139994,0.26828746,-0.95311278,-0.00923571,0.00319779,0.00319503
0.97420488,-0.13474372,-0.18102203,-0.17711094,-0.95364004,-0.24331462,-0.13984477,0.26909928,-0.95290537,-0.00156686,0.00545561,0.0040654
0.97426141,-0.13454927,-0.18086235,-0.17740241,-0.95266183,-0.24690792,-0.1390794,0.27263828,-0.95201102,0.00392172,-0.00570798,0.00591483
0.9743176,-0.13453832,-0.18056759,-0.17747809,-0.95234665,-0.24806719,-0.1385884,0.27374302,-0.95176571,-0.00108917,0.00126553,0.00623932
0.97444424,-0.134853,-0.17964713,-0.17795861,-0.95147289,-0.25105742,-0.13707355,0.27661121,-0.95115553,-0.00382148,0.00524926,-0.00200363
0.97444455,-0.13498374,-0.17954721,-0.17815297,-0.95126182,-0.25171801,-0.1368186,0.27727211,-0.95099965,,,
0.974472547,-0.135068634,-0.179331312,-0.178451897,-0.950692064,-0.253652256,-0.136228395,0.279179173,-0.95052657,-0.000818684231,0.00279664993,0.00683111325
0.97451408,-0.13511752,-0.1790686,-0.17855593,-0.95042651,-0.25457285,-0.13579429,0.28005859,-0.95033005,-0.00498298,0.00678742,0.01079369
0.97462422,-0.13535001,-0.17829188,-0.17873099,-0.95006888,-0.25578104,-0.13476964,0.28115668,-0.95015138,-0.00155353,-0.00631404,-0.00738465
0.974706246,-0.135559397,-0.17768338,-0.178853837,-0.949865905,-0.256448848,-0.134011337,0.281741648,-0.950085548,-0.00611146027,-0.000967621803,-0.00308026699
0.97478804,-0.13563086,-0.17717942,-0.17886135,-0.94970377,-0.25704309,-0.13340501,0.28225308,-0.950019,0.01019347,0.0088799,0.01122965
0.97482866,-0.13573592,-0.17687521,-0.17892237,-0.94960195,-0.25737664,-0.1330258,0.28254506,-0.94998539,0.01111537,0.00335681,0.01202095
0.97499007,-0.13614929,-0.17566369,-0.17909824,-0.9493258,-0.25827175,-0.13159856,0.28327345,-0.94996733,0.01032905,-0.0035367,0.0220248
0.97521682,-0.13649307,-0.17413156,-0.17916989,-0.9489502,-0.25959889,-0.12980873,0.28436433,-0.94988764,,,
0.97525623,-0.13657232,-0.17384846,-0.17924969,-0.94876391,-0.26022361,-0.12940182,0.28494698,-0.94976845,0.00242259,0.00802267,-0.00492237
0.97509333,-0.13696159,-0.17445491,-0.17978316,-0.94870786,-0.26006052,-0.12988844,0.28494734,-0.9497021,-0.00710769,0.01702929,-0.02191817
0.97495668,-0.13746892,-0.17481926,-0.18022435,-0.94894092,-0.25890194,-0.13030219,0.28392486,-0.94995153,-0.00426809,0.0097872,0.00329257
0.975010141,-0.137543456,-0.174462075,-0.180160492,-0.949017675,-0.258664224,-0.129990058,0.283631418,-0.950081751,-0.00058617536,0.00977444649,0.0143260686
0.975077115,-0.137608163,-0.174036242,-0.180029323,-0.949183395,-0.258147903,-0.129669051,0.283045739,-0.950300511,0.00746086612,0.000753879547,0.00610418571
0.97506525,-0.13733413,-0.17431891,-0.17987265,-0.94915684,-0.25835343,-0.12997529,0.28326666,-0.95019251,0.01107178,-0.00683343,0.00537034
0.975092501,-0.13722087,-0.174255681,-0.179807717,-0.949042371,-0.258819118,-0.129860673,0.2837051,-0.950077467,0.017352866,-0.000889539719,0.00933849998
0.97514608,-0.13720672,-0.17396676,-0.17973734,-0.94900114,-0.25901973,-0.12955541,0.2838504,-0.95007591,0.01301724,0.0012778,-0.0045006
0.9750786,-0.13731921,-0.17425604,-0.1798817,-0.94907217,-0.25865938,-0.12986265,0.2835587,-0.95012117,0.00926461,0.00389695,-0.0060076
0.97506497,-0.13736913,-0.17429294,-0.17991917,-0.94910841,-0.25849965,-0.12991304,0.2834126,-0.95015769,0.00755484,0.00275731,-0.00906591
0.97505016,-0.1376127,-0.17418358,-0.18010268,-0.94911703,-0.25833986,-0.12976979,0.28326526,-0.95022113,0.00354542,-0.00249285,-0.00292418
0.97502229,-0.13778255,-0.17420536,-0.18027062,-0.94909263,-0.25831263,-0.12974607,0.28326468,-0.9502246,0.00384689,-0.00587678,0.00198156
0.9748997,-0.13806278,-0.17466898,-0.18066114,-0.9490519,-0.25818978,-0.13012353,0.28326504,-0.95017299,-0.00154373,-0.008385,-0.0024988
0.97487265,-0.13801343,-0.17485884,-0.18077462,-0.94881879,-0.258966,-0.13016857,0.28406892,-0.94992681,-0.00822708,-0.00215006,-0.00181867
0.97488379,-0.13827036,-0.17459354,-0.18108896,-0.94847549,-0.26000183,-0.12964715,0.28508853,-0.94969262,-0.0091888,0.00913835,-0.00381627
0.9748147,-0.13854957,-0.1747579,-0.18139927,-0.94843499,-0.25993343,-0.12973284,0.28508788,-0.94968116,-0.0103814,0.00801194,-0.01589259
0.97459644,-0.1389528,-0.17565276,-0.18200286,-0.94841924,-0.25956776,-0.13052483,0.28494313,-0.94961582,-0.00403857,-0.00342447,-0.0086929
0.97443177,-0.13924614,-0.17633277,-0.18253466,-0.94822255,-0.25991331,-0.1310108,0.28545463,-0.94939542,-0.01006487,0.00537336,-0.00957121
0.97434411,-0.14021756,-0.17604713,-0.18327458,-0.94832209,-0.25902768,-0.13062917,0.28464706,-0.94969036,-0.01259173,0.00876808,-0.01190058
0.97433942,-0.14094725,-0.17548952,-0.18360211,-0.94869617,-0.2574206,-0.13020355,0.28303529,-0.95023028,-0.00863202,-0.00136602,-0.00936183
0.97442016,-0.14099709,-0.17500047,-0.18348023,-0.94877645,-0.25721105,-0.12977037,0.28274076,-0.95037707,0.00511451,-0.00635242,-0.00318373
0.97461032,-0.14076277,-0.17412801,-0.18304548,-0.94876844,-0.25755004,-0.12895377,0.28288427,-0.9504455,0.01732116,0.00714803,0.01795312
0.97478591,-0.140618499,-0.17325954,-0.182618433,-0.948921724,-0.257289893,-0.128230021,0.282442948,-0.950675056,-0.00351095479,-3.11136246e-05,0.00663660048
0.97481185,-0.14067731,-0.17306575,-0.18264302,-0.94886992,-0.2574635,-0.12799761,0.28258772,-0.95066337,-0.01383356,-0.00406432,0.00466959
0.97477027,-0.14077528,-0.17322021,-0.18286615,-0.94865929,-0.25808016,-0.12799566,0.28324498,-0.9504679,-0.00979384,-0.00470084,0.00458101
0.97479668,-0.14075245,-0.17309009,-0.18287868,-0.94850994,-0.25861901,-0.12777645,0.28375544,-0.95034495,0.0092675,0.0040071,-0.00365969
0.974836737,-0.140739823,-0.17287462,-0.182809311,-0.948512167,-0.258660104,-0.127569932,0.283754464,-0.950373054,0.00187522639,-3.21865082e-06,-0.0125132836
0.9749561,-0.14076362,-0.17218078,-0.18262788,-0.94855387,-0.25863709,-0.12691601,0.28360482,-0.95050574,0.00318428,-0.00658751,-0.01359704
0.975271209,-0.140764566,-0.170386058,-0.182285783,-0.948250684,-0.259986042,-0.124971858,0.284615856,-0.950460972,0.018772833,-0.000251054764,0.00399663532
0.97554294,-0.14093237,-0.16868323,-0.1819714,-0.94827304,-0.26012382,-0.12329791,0.28445748,-0.95072673,0.00330116,-0.00854242,-0.00602076
0.97574536,-0.14122754,-0.16725959,-0.18186273,-0.94825498,-0.2602661,-0.121848,0.28437173,-0.95093942,0.00817035,0.00352943,-0.0022856
0.975730441,-0.141360889,-0.167233977,-0.18198316,-0.948235495,-0.260252643,-0.121787659,0.284370195,-0.950947538,0.0166790374,-0.000181436539,0.0021028514
0.97559749,-0.14164145,-0.16777136,-0.18237599,-0.94823705,-0.25997223,-0.12226417,0.28422572,-0.95092969,0.014791,0.00382304,0.00147627
0.97540022,-0.1424779,-0.16820955,-0.18359227,-0.94741123,-0.26211823,-0.12201755,0.28655215,-0.95026297,0.01218802,0.01278555,0.00548444
0.97498411,-0.14348509,-0.16975869,-0.18472384,-0.94782912,-0.25980058,-0.12362478,0.28465992,-0.95062344,-0.01799862,0.01162684,-0.02188585
0.9747663,-0.14412475,-0.17046619,-0.18537051,-0.94808234,-0.25841362,-0.12437219,0.28349229,-0.95087519,-0.00182367,0.01306725,0.00253771
0.974482471,-0.144686197,-0.171609474,-0.186085015,-0.948278934,-0.257175057,-0.125524,0.28254654,-0.95100513,0.000776788453,-0.00593411922,0.00828471035
0.97435987,-0.14493121,-0.1720982,-0.18642899,-0.94828479,-0.25690486,-0.12596458,0.28240188,-0.95099002,0.00197825,-0.0034641,0.02033483
0.97419177,-0.14551442,-0.17255711,-0.18710726,-0.94819611,-0.25673896,-0.12625877,0.28239967,-0.95095165,0.00632049,0.00147343,0.02408085
0.973982156,-0.146225405,-0.17313835,-0.187842203,-0.948304683,-0.255799512,-0.126783532,0.28166685,-0.951099142,0.000136404764,-0.00166940689,0.0115604829
0.97385688,-0.14660759,-0.17351943,-0.18822927,-0.94841932,-0.25508895,-0.12717122,0.28108156,-0.95122052,-0.00927044,-0.00282514,0.00419623
0.973661403,-0.147186236,-0.174125474,-0.188842805,-0.948546308,-0.254161337,-0.127757049,0.280349429,-0.951357988,-0.0131571647,-0.000589847565,-0.000374065246
0.97356339,-0.14745557,-0.17444533,-0.18916416,-0.94854788,-0.25391697,-0.12802828,0.28020307,-0.9513648,-0.00912372,0.00208437,0.00215737
0.973463696,-0.147774472,-0.174731605,-0.18959312,-0.948390327,-0.254184746,-0.128151775,0.280567535,-0.951240573,0.00207921024,7.39097595e-05,0.0101755606
0.973416952,-0.148160632,-0.174665008,-0.189964226,-0.948288297,-0.254289107,-0.127957145,0.28070943,-0.951225124,-0.0100777224,-0.000922203064,0.00724763144
0.97332784,-0.148616,-0.17477475,-0.19050677,-0.94804502,-0.25479027,-0.1278284,0.28129023,-0.95107097,-0.01019818,0.00871611,0.02233206
0.97327849,-0.14985728,-0.17398783,-0.19154378,-0.94772538,-0.25520113,-0.12664894,0.28170805,-0.95110497,-0.00375066,-0.01078147,-0.01928889
0.973368776,-0.150023502,-0.173338311,-0.191550754,-0.947657888,-0.255445802,-0.125942565,0.281846053,-0.951157713,0.00016978709,-0.01128304,-0.0147246104
0.97384834,-0.150444991,-0.170251921,-0.191233089,-0.947384772,-0.256694559,-0.122675659,0.28253937,-0.951379148,0.0068936944,0.000291466713,-0.00364928646
0.97392311,-0.15060004,-0.16968618,-0.19124998,-0.94731871,-0.25692413,-0.12205416,0.28267683,-0.95141783,0.00935201,0.00485659,-0.01365677
0.97401474,-0.15056712,-0.16918872,-0.19111467,-0.94726036,-0.25724068,-0.1215338,0.28289067,-0.95142114,0.00276792,0.00755429,-0.01471623
0.97399975,-0.15062591,-0.16922269,-0.19121723,-0.94716418,-0.25751908,-0.12149262,0.28318181,-0.95133995,0.00415448,0.00755286,-0.0134383
0.97395812,-0.15073528,-0.16936488,-0.19135942,-0.94714672,-0.25747741,-0.12160247,0.28318178,-0.95132585,0.00511654,-0.00408441,-0.01618786
0.973930343,-0.150769037,-0.169494485,-0.191482295,-0.947010058,-0.257888053,-0.121631466,0.283620194,-0.951191431,0.010341946,-0.000736474991,-0.00660265889
0.97395246,-0.15091209,-0.16923987,-0.19158838,-0.94690137,-0.25820793,-0.1212868,0.28390665,-0.95114992,0.00644499,-0.00851798,0.0033288
0.97393744,-0.15094481,-0.16929717,-0.19170955,-0.94672122,-0.25877834,-0.12121598,0.2844898,-0.9509848,-0.00628043,0.00219584,0.00251113
0.973885271,-0.150932208,-0.169608197,-0.191799302,-0.946678146,-0.258868648,-0.121492798,0.284639101,-0.950904591,-0.0130828889,-0.000129461288,-0.00435667625
0.973744344,-0.150767493,-0.170561173,-0.191943863,-0.946591088,-0.259080484,-0.122390784,0.285016328,-0.950676612,0.00764344446,-0.000981688499,0.000435590511
0.97357871,-0.15041551,-0.17181286,-0.19208533,-0.94631207,-0.25999306,-0.12348162,0.28612644,-0.9502019,0.01555024,0.00647402,0.01151327
0.97352785,-0.15031887,-0.17218528,-0.19209313,-0.94632613,-0.25993721,-0.12386994,0.28613172,-0.95015006,-0.00555594,-0.00855422,-0.01159847
0.97344677,-0.15039189,-0.17257942,-0.1922685,-0.94631337,-0.25985296,-0.12423446,0.28613461,-0.95010132,-0.01115633,-0.00643694,-0.00331413
0.97300207,-0.15049502,-0.1749806,-0.19312719,-0.94602593,-0.26026287,-0.12636793,0.28702982,-0.94954987,0.0100063,0.00141382,0.00529515
0.97300575,-0.15032818,-0.1751035,-0.19296223,-0.94613961,-0.25997129,-0.12659137,0.28674193,-0.94960695,-0.00261047,0.00353575,0.00694744
0.972914661,-0.150106366,-0.175798579,-0.192995994,-0.946039908,-0.260309341,-0.127238389,0.287187196,-0.949386023,-0.000449107029,-0.00911974907,0.00151096354
0.97291728,-0.14996779,-0.17590232,-0.19288199,-0.94608331,-0.26023654,-0.12739114,0.28711701,-0.94938689,0.00366537,0.00640178,0.00707719
0.97282393,-0.15003938,-0.17635702,-0.19284594,-0.94657762,-0.25846015,-0.12815638,0.28544595,-0.94978784,-0.01731094,-0.00404811,-0.01582178
0.97275947,-0.14991584,-0.17681698,-0.19273195,-0.94685833,-0.25751322,-0.12881537,0.28457671,-0.94995897,-0.00378246,0.00219321,0.01161639
0.97302073,-0.14973445,-0.17552848,-0.19217692,-0.94697748,-0.25749073,-0.1276663,0.28427634,-0.95020423,0.00373525,0.01081002,0.00270741
0.97318773,-0.14946243,-0.17483315,-0.1917032,-0.94708712,-0.25744134,-0.1271044,0.28405482,-0.95034599,-0.00121902,0.00474834,0.00518745
0.973297,-0.14935768,-0.17431361,-0.19147493,-0.94708258,-0.25762699,-0.12661083,0.28412426,-0.95039089,0.00783084,0.00311828,0.00892441
0.97345424,-0.14875801,-0.173948,-0.19088333,-0.94700099,-0.25836582,-0.12629493,0.28471108,-0.95025755,0.00739493,0.00531507,0.01252705
0.97357153,-0.14814262,-0.17381666,-0.19030979,-0.94698594,-0.25884279,-0.1262563,0.28508098,-0.95015155,0.00814793,0.0273726,0.01600976
0.97401058,-0.14657279,-0.17268413,-0.18858692,-0.94705245,-0.25985911,-0.12545264,0.28567149,-0.95008082,0.00964953,-0.03916854,-0.01676619
0.974273845,-0.145748793,-0.171894616,-0.187781164,-0.946738324,-0.261580446,-0.124614221,0.287129561,-0.949751263,-0.000575145707,0.00482439995,0.00689961063
0.97429009,-0.14545468,-0.17205163,-0.18770596,-0.94640658,-0.26283266,-0.12460056,0.28837037,-0.94937726,-0.00350969,0.01520991,0.00433579
0.97428022,-0.14522209,-0.17230378,-0.18759092,-0.94635233,-0.26311003,-0.12485069,0.28866552,-0.9492547,-0.00154052,0.00710201,-0.01316659
0.97466338,-0.14417944,-0.17100753,-0.18649243,-0.94593351,-0.26538696,-0.12349842,0.29055456,-0.94885513,-0.01318799,0.00702763,-0.03852186
0.97461241,-0.14408189,-0.17137987,-0.18650126,-0.94594719,-0.26533207,-0.12388676,0.29055849,-0.94880332,-0.01304933,0.01320863,-0.01582596
0.97460401,-0.14382449,-0.17164364,-0.18626138,-0.94614094,-0.26480938,-0.124313,0.29005487,-0.9489017,0.00155571,-0.03465486,-0.0106769
0.97471302,-0.14354313,-0.17125974,-0.18594569,-0.94604998,-0.26535539,-0.12393034,0.29049037,-0.94881846,0.011504,0.0024153,-0.00612454
0.97464444,-0.143797,-0.17143697,-0.18613119,-0.94625686,-0.264487,-0.12419095,0.28969055,-0.9490291,0.02226707,0.00354934,-0.00289097
0.97454601,-0.14429563,-0.17157751,-0.18650142,-0.94651499,-0.26329924,-0.12440776,0.28859668,-0.94933375,0.00438494,-0.00844449,-0.01813315
0.97450088,-0.14468672,-0.17150449,-0.18679711,-0.94658972,-0.26282108,-0.12431766,0.28815591,-0.94947958,-0.00099586,-0.00379741,-0.02051369
0.97429089,-0.14541279,-0.17208251,-0.18766481,-0.9464349,-0.26275977,-0.12465628,0.28829828,-0.94939176,-0.00654152,-0.0088169,-0.00126831
0.97395284,-0.14574817,-0.17370476,-0.18848158,-0.94624766,-0.26285007,-0.1260578,0.28874372,-0.94907144,-0.02323907,-0.00886536,0.01199187
0.973829744,-0.145949834,-0.174224761,-0.188785433,-0.946282164,-0.262506288,-0.126553079,0.288527532,-0.949070917,-0.0267164111,-0.0112468004,0.000260103494
0.97360765,-0.14645461,-0.17504054,-0.18945781,-0.94627065,-0.26206433,-0.12725519,0.28831064,-0.94904331,0.00180993,-0.01416212,-0.00609826
0.97349697,-0.14657432,-0.17555515,-0.18981877,-0.94600717,-0.26275291,-0.12756361,0.28911283,-0.94875767,0.01527601,-0.00629944,0.00802404
0.97334311,-0.14679696,-0.176221,-0.19039803,-0.94554884,-0.26398035,-0.12787407,0.29049559,-0.9482933,0.00620085,0.01130879,-0.00539752
0.97314273,-0.14644936,-0.17761141,-0.19061386,-0.94521889,-0.26500414,-0.12907201,0.29174205,-0.94774816,0.00803073,-0.00449622,-0.00323767
0.97299342,-0.14495212,-0.17964604,-0.19015661,-0.9445204,-0.2678095,-0.13085977,0.29473776,-0.94657574,-0.00721587,0.01611423,0.00418818
0.97293302,-0.14390496,-0.18081125,-0.18978573,-0.94399629,-0.26991151,-0.13184355,0.29692121,-0.94575626,0.00551596,0.09910429,0.01592149
0.97283422,-0.1421434,-0.18272612,-0.18894109,-0.94359628,-0.27189507,-0.13377163,0.2990333,-0.94481947,0.00186929,0.03049862,-0.00513143
0.97309321,-0.14072094,-0.18244788,-0.18778819,-0.94318849,-0.27410042,-0.13351107,0.30098681,-0.94423604,0.00844392,0.00558996,-0.02446108
0.97316251,-0.14069373,-0.18209886,-0.18779616,-0.94289316,-0.27510891,-0.13299369,0.30192315,-0.94401002,0.02035641,0.02521145,-0.0084483
0.97309149,-0.14081116,-0.18238743,-0.1881521,-0.94250563,-0.27619163,-0.13301032,0.3030763,-0.94363812,0.02424785,-0.04350579,-0.00880802
0.97295329,-0.14021525,-0.18357985,-0.18839628,-0.94152213,-0.27936053,-0.13367393,0.30639052,-0.94247309,0.02475194,-0.02698839,0.02250216
0.97309293,-0.139995418,-0.18300665,-0.188388106,-0.940710569,-0.282087946,-0.132665265,0.308974062,-0.941772275,-0.000597380102,-0.0376927257,0.0482550822
0.97315871,-0.14030637,-0.18241776,-0.18893302,-0.93967168,-0.285169,-0.13140178,0.31197943,-0.94095819,-0.01643365,-0.02475256,-0.00665117
0.97266739,-0.14038278,-0.18496169,-0.19010723,-0.93882346,-0.28717544,-0.13333189,0.31448874,-0.93985074,-0.01262566,-0.00348324,0.00331045
0.97244112,-0.14030885,-0.18620335,-0.19062916,-0.93830571,-0.28851799,-0.13423407,0.31606255,-0.93919401,0.0020062,0.02841973,0.02222187
0.9720193,-0.14250236,-0.1867393,-0.19246165,-0.93891131,-0.28531417,-0.13467369,0.31327103,-0.94006615,-0.01430397,-0.01928151,0.03183825
0.97195967,-0.14291047,-0.18673778,-0.19288803,-0.93875448,-0.2855425,-0.1344939,0.31355528,-0.93999721,0.01836015,-0.02746165,0.05340584
0.9719738,-0.1428455,-0.18671396,-0.19293215,-0.93850129,-0.28634337,-0.13432843,0.31434138,-0.93975815,0.02042049,-0.02297997,0.03555219
0.97163045,-0.14273902,-0.18857319,-0.19371069,-0.93774761,-0.2882809,-0.1356851,0.31663114,-0.93879421,0.00265606,-0.00982618,-0.02193426
0.97119787,-0.14263146,-0.19086895,-0.19436403,-0.93759331,-0.2883425,-0.13783074,0.31713568,-0.93831106,-0.00620843,-0.00467265,-0.00856575
0.97131512,-0.14191334,-0.19080761,-0.19422189,-0.93641683,-0.29223464,-0.13720349,0.32091094,-0.9371185,0.00320033,0.01669288,0.02056587
0.97109703,-0.14182491,-0.19197981,-0.19468024,-0.9359902,-0.29329469,-0.13809475,0.32219228,-0.93654781,-0.00819572,0.00347877,-0.00763354
0.97102415,-0.14179161,-0.19237267,-0.19478859,-0.9359463,-0.29336347,-0.13845399,0.32233502,-0.93644585,-0.00572054,-0.00310057,-0.02801459
0.971257462,-0.141512632,-0.191397772,-0.194449816,-0.935473622,-0.295089353,-0.137288751,0.323825002,-0.936102837,-0.000475652167,0.0217726231,-0.00507280091
0.97144616,-0.14141694,-0.19050879,-0.19405823,-0.9355625,-0.29506634,-0.1365055,0.32361086,-0.93629172,-0.02081152,-0.01650357,-0.00458033
0.9714177,-0.14125528,-0.19077367,-0.1940383,-0.93546364,-0.29539207,-0.13673618,0.32396649,-0.93613486,-0.00546911,-0.01156539,0.00492068
0.9712886,-0.14065224,-0.19187341,-0.19393026,-0.93525868,-0.29611207,-0.13780244,0.32482034,-0.93568282,0.00537603,0.00417149,0.00931658
0.97137668,-0.14027205,-0.19170571,-0.19347924,-0.93541381,-0.29591582,-0.1378155,0.32453681,-0.93577889,0.01445235,-0.01672798,0.00391578
0.97156558,-0.14006242,-0.19090007,-0.19309855,-0.93529804,-0.29653113,-0.13701558,0.32496197,-0.93574924,0.01058129,-0.01244217,0.00925049
0.971768497,-0.139690633,-0.190138136,-0.192618978,-0.935106927,-0.297443468,-0.136249451,0.325670408,-0.935614517,-0.0100322766,0.0193281174,-7.57635571e-05
0.97168271,-0.13939287,-0.19079395,-0.19242515,-0.93542212,-0.29657637,-0.13713229,0.32489169,-0.9357562,-0.01139776,0.01151764,-0.02873754
0.97168354,-0.13870487,-0.19129048,-0.19192878,-0.93552431,-0.2965765,-0.13782029,0.32489265,-0.93565504,0.01280703,0.00392282,0.00818747
0.97179946,-0.13865394,-0.19073776,-0.19165999,-0.93565484,-0.29633781,-0.13737633,0.32453772,-0.93584328,0.00633678,0.00931764,-0.00265713
0.97178491,-0.13891931,-0.19061875,-0.19161321,-0.93622932,-0.29454858,-0.13754439,0.32276293,-0.9364323,-0.01713469,0.0040853,-0.00963642
0.97174164,-0.13884713,-0.19089173,-0.19146047,-0.93663124,-0.29336818,-0.13806182,0.3216263,-0.93674731,-0.00868227,-0.00947535,0.00219806
0.97194445,-0.13830763,-0.1902498,-0.19074747,-0.9367355,-0.2934999,-0.13762045,0.32155527,-0.93683671,0.00791631,-0.0025928,0.00805525
0.971973401,-0.138138385,-0.190224844,-0.190580341,-0.936760281,-0.293528704,-0.137647515,0.32155521,-0.936832535,0.00850532576,-8.54730606e-05,-0.0063881455
0.97179955,-0.13777964,-0.19136982,-0.19058776,-0.93681321,-0.29335505,-0.13885943,0.32155505,-0.93665377,-0.00301658,-0.00491107,-0.01862647
0.97168271,-0.13751155,-0.19215433,-0.19051867,-0.93697484,-0.2928835,-0.13976891,0.32119882,-0.93664077,-0.00271897,0.01187563,-0.01032816
0.97172635,-0.13751951,-0.19192781,-0.19036252,-0.93719296,-0.29228683,-0.13967824,0.32055868,-0.93687366,-0.0095266,0.00935435,-0.01224633
0.9716974,-0.13779281,-0.19187838,-0.19038261,-0.9376627,-0.29076284,-0.13985218,0.3190638,-0.93735776,-0.00434383,-0.00223899,-0.00529047
0.97143421,-0.13797771,-0.19307442,-0.1907217,-0.93807145,-0.28921816,-0.14121194,0.3177799,-0.93759004,-0.00718632,-0.00602895,-0.00766256
0.97136069,-0.13801147,-0.19341982,-0.19078097,-0.93823546,-0.28864594,-0.14163692,0.31728015,-0.93769501,-0.01254471,0.00609696,-0.01242206
0.971390171,-0.138140967,-0.193179214,-0.190681161,-0.938553701,-0.287676357,-0.141569173,0.316281622,-0.938042721,-0.000118613476,0.00889086723,-0.00897679292
0.9713903,-0.13823401,-0.19311199,-0.19068455,-0.93868407,-0.28724804,-0.14156372,0.31585344,-0.93818769,0.00466572,-0.01484323,0.00884413
0.971272703,-0.13827486,-0.193673424,-0.190889014,-0.938678227,-0.287131091,-0.142094042,0.315852722,-0.938107688,-0.000403976912,-0.0059850812,-0.00211953348
0.971125117,-0.138311404,-0.194386118,-0.191101431,-0.938745383,-0.286770507,-0.142815442,0.315637508,-0.938070727,0.00203564577,0.000413179398,-0.0132485777
0.9708285,-0.13848621,-0.19573856,-0.19152273,-0.93903191,-0.28554774,-0.14426038,0.31470627,-0.93816219,-0.00619958,0.0286572,-0.00657255
0.97062062,-0.13906379,-0.19635907,-0.19177571,-0.93997281,-0.28226509,-0.1453193,0.31162921,-0.93902604,-0.01151082,-0.00342166,-0.00441627
0.97057622,-0.1392836,-0.1964227,-0.19183576,-0.94029569,-0.28114602,-0.14553639,0.31055454,-0.93934822,-0.00230942,-0.00913614,0.01678319
0.97050215,-0.13956036,-0.19659217,-0.19200213,-0.9405621,-0.28013993,-0.14581069,0.30962252,-0.93961343,0.00953658,-0.00833988,0.03840165
0.97047202,-0.13953446,-0.19675924,-0.19202578,-0.94056603,-0.28011024,-0.14598002,0.30962199,-0.93958723,0.00879447,0.00825667,0.01963242
0.97042726,-0.13960827,-0.19692755,-0.19212186,-0.94060228,-0.27992237,-0.14615103,0.30947838,-0.9396079,0.01229132,0.01158333,0.01053612
0.97032327,-0.14000997,-0.19715463,-0.19234394,-0.94101354,-0.27838306,-0.14654879,0.30804306,-0.94001741,-0.00693825,0.00225806,-0.00649618
0.97047429,-0.1403449,-0.19617073,-0.19214549,-0.94145534,-0.27702284,-0.14580727,0.30653687,-0.94062484,-0.00678001,-0.00132024,0.00580024
0.97056457,-0.14050794,-0.19560657,-0.19208357,-0.94154751,-0.27675234,-0.14528701,0.30617882,-0.94082191,,,
0.97057991,-0.14062575,-0.19544576,-0.19213828,-0.94155357,-0.27669534,-0.14511212,0.30610754,-0.94087258,-0.00453294,0.00259995,-0.00967127
0.97057938,-0.14053172,-0.19551599,-0.19199153,-0.94173095,-0.27619192,-0.14530974,0.3056036,-0.94100554,0.00506694,0.00140572,0.00695793
0.97062396,-0.14050986,-0.19531029,-0.19185686,-0.94185076,-0.27587647,-0.1451898,0.30524393,-0.94114069,0.01113147,-0.0066489,0.01441955
0.97057862,-0.14038157,-0.19562761,-0.19181425,-0.94189363,-0.2757602,-0.14554875,0.30517112,-0.941109,0.02521965,-0.04696095,0.00707347
0.97045743,-0.13984434,-0.19661114,-0.19194212,-0.94122576,-0.27794213,-0.14618687,0.30746896,-0.94026154,0.03105689,-0.00947869,0.01606755
0.97042823,-0.14001379,-0.19663465,-0.19210931,-0.94120049,-0.2779125,-0.14616108,0.30746948,-0.94026547,-0.02753607,0.0453608,-0.00730219
0.9704579,-0.14019706,-0.19635744,-0.19182411,-0.94196834,-0.27549771,-0.14633854,0.30502502,-0.94103379,-0.03174479,0.01646113,-0.0097455
0.97047152,-0.13991733,-0.19648963,-0.19159651,-0.94201042,-0.2755126,-0.14654628,0.30502386,-0.94100196,-0.01443596,0.01355338,-0.01348825
0.97055429,-0.13855731,-0.19704376,-0.19064482,-0.94183992,-0.27675236,-0.14723764,0.30616856,-0.940522,0.01059129,-0.01683956,0.00366724
0.97062828,-0.13840751,-0.1967844,-0.19038413,-0.94195559,-0.27653871,-0.14708712,0.30588092,-0.94063934,0.00405448,-0.02937871,0.01555453
0.9706723,-0.13825831,-0.19667212,-0.19019961,-0.94200085,-0.27651121,-0.14703534,0.30580873,-0.94067081,-0.0029675,-0.03101844,0.01517883
0.97065685,-0.13812161,-0.19684438,-0.19023148,-0.94178742,-0.27721538,-0.14709613,0.306527,-0.94042748,0.00395374,0.00495636,0.01853403
0.97064171,-0.13815392,-0.19689631,-0.19020944,-0.94192306,-0.27676923,-0.14722443,0.3060953,-0.94054799,0.00242117,0.00737798,-0.00333024
0.97059699,-0.13849915,-0.19687424,-0.19010217,-0.94275698,-0.27398988,-0.1476572,0.30335997,-0.94136607,0.01486172,0.01945257,0.00115635
0.97091424,-0.1393289,-0.19471261,-0.18965496,-0.94392305,-0.27025954,-0.14613876,0.29932705,-0.94289274,-0.01389364,-0.00598431,-0.00289902
