0,1,2,3,4,5,6,7,8,9,10,11
-0.513154666,-0.138723779,-0.84701104,0.259061558,-0.965859817,0.0012385492,-0.818265909,-0.218792454,0.531573768,0.00537423324,-0.00032490489,0.00080445176
-0.51310343,-0.13876857,-0.84703481,0.25908533,-0.96585346,0.00128982,-0.81829058,-0.21879249,0.5315358,-0.00307274,-0.00461811,0.0065441
-0.51293782,-0.1386331,-0.84715736,0.25919505,-0.96582431,0.00111463,-0.81835973,-0.21900726,0.53134089,-0.00144213,-0.00390762,0.01084163
-0.512823338,-0.138531383,-0.847243283,0.259205169,-0.965821669,0.00102703372,-0.818428253,-0.219083158,0.531204041,-0.00646883808,-0.00246882415,-0.000316388207
-0.51277211,-0.13861552,-0.84726062,0.25919092,-0.96582546,0.00114785,-0.81846496,-0.21901367,0.53117619,,,
-0.51260624,-0.13863725,-0.84735732,0.25914875,-0.96583652,0.00125053,-0.81858209,-0.21895057,0.53102163,-0.00734935,0.00443011,-0.00192198
-0.51253514,-0.13883944,-0.84736726,0.25916505,-0.96583185,0.00149209,-0.81862148,-0.21884323,0.53100516,0.00682909,0.00300246,-0.00977194
-0.51244399,-0.13915976,-0.84736963,0.25921182,-0.96581843,0.00185457,-0.81866352,-0.2186979,0.53100013,,,
-0.51246749,-0.13966047,-0.84727313,0.2591725,-0.96582778,0.00244368,-0.81866136,-0.21833761,0.53115175,0.00769771,-0.00257826,0.00232147
-0.5123649,-0.13982881,-0.84730754,0.25914385,-0.96583498,0.00268538,-0.81873477,-0.21819865,0.53109576,,,
-0.51231334,-0.13995242,-0.84731825,0.25909147,-0.96584841,0.0028759,-0.81878356,-0.21805959,0.53107764,,,
-0.51237647,-0.14017763,-0.84724289,0.25902915,-0.96586431,0.00315391,-0.81876382,-0.21784462,0.5311963,-0.00487687,-0.00780243,0.00488449
-0.51262502,-0.14018413,-0.84709133,0.25905464,-0.9658576,0.00306933,-0.81860002,-0.21786955,0.5314384,0.00486028,0.00549656,-0.006258
-0.51270785,-0.14021251,-0.84703647,0.25903784,-0.96586202,0.00308746,-0.81855344,-0.21783155,0.53152571,0.00364385,0.00344247,-0.01023621
-0.512822338,-0.140274892,-0.846956959,0.259065827,-0.965854597,0.00310570896,-0.818472988,-0.217824936,0.531652357,-0.00294733513,0.000292599172,0.00729547907
-0.51331937,-0.14044531,-0.84662765,0.25896493,-0.9658814,0.00321487,-0.81819339,-0.21759661,0.532176,0.00848129,-0.00274569,0.00194467
-0.51351632,-0.14057537,-0.84648649,0.25893815,-0.96588807,0.00332091,-0.81807814,-0.21748232,0.5323998,,,
-0.51402464,-0.14093708,-0.84611786,0.2588746,-0.96590417,0.003621,-0.81777909,-0.21717715,0.53298354,-0.00438242,0.00506228,-0.00396953
-0.514480932,-0.141343602,-0.845772433,0.258834858,-0.965913186,0.0039727428,-0.817504458,-0.216871512,0.533528913,7.80005939e-05,0.00240963674,-0.00532708596
-0.51465797,-0.14159172,-0.84562333,0.25883876,-0.96591132,0.00419999,-0.81739191,-0.21671854,0.53376352,0.00549787,-0.00296301,-0.01020966
-0.51501149,-0.14212719,-0.84531824,0.2588086,-0.965917,0.00472445,-0.81717879,-0.21634249,0.5342422,0.00485533,-0.00342965,0.00777271
-0.51549849,-0.14276378,-0.84491382,0.2586242,-0.96596248,0.00542547,-0.81692985,-0.21571836,0.53487482,0.00743547,-0.00629276,0.00660427
-0.51574636,-0.14292736,-0.84473501,0.25849795,-0.96599531,0.00562042,-0.81681349,-0.21546357,0.53515521,0.00539346,-0.00429434,-0.00589676
-0.51625039,-0.14278793,-0.84445074,0.25832909,-0.96604171,0.00541962,-0.81654854,-0.21534832,0.53560578,-0.0034352,0.00359839,-0.00638158
-0.51656912,-0.14267078,-0.84427566,0.25826221,-0.96606069,0.00523331,-0.81636817,-0.21534113,0.53588358,-0.00257599,0.00337619,-0.00557785
-0.51681632,-0.14271658,-0.8441164,0.2582497,-0.96606385,0.00521926,-0.81621542,-0.21529543,0.53613445,-0.00635986,-0.00414669,-0.00600247
-0.51722875,-0.14281909,-0.84384649,0.25820353,-0.96607617,0.00524245,-0.81596883,-0.21517261,0.53655899,0.01020415,-0.00248295,0.00234814
-0.51734262,-0.14295977,-0.84375302,0.25815586,-0.96608822,0.00540054,-0.81591189,-0.21502586,0.53670447,0.0148213,0.00928634,0.01336771
-0.51734261,-0.14299898,-0.84374638,0.25811794,-0.96609795,0.00547038,-0.81592389,-0.21495602,0.5367142,0.01676493,0.00745362,0.00285367
-0.516981543,-0.143008528,-0.843966068,0.257988667,-0.966131328,0.00567515981,-0.816193611,-0.214799723,0.536366566,-0.00294491928,-0.00454765512,-0.000891882461
-0.51645217,-0.1423431,-0.84440234,0.25790056,-0.96615765,0.00513092,-0.81655629,-0.21512199,0.53568486,-0.01022904,0.00776559,-0.01808191
-0.51645217,-0.1423431,-0.84440234,0.25790056,-0.96615765,0.00513092,-0.81655629,-0.21512199,0.53568486,-0.01022904,0.00776559,-0.01808191
-0.5158798,-0.14113855,-0.84495443,0.25803361,-0.96612835,0.00383882,-0.81687621,-0.21604627,0.53482454,0.00679973,0.00194532,0.00229466
-0.5156318,-0.14105342,-0.8451198,0.25808417,-0.96611482,0.00378335,-0.81701659,-0.21616124,0.53456349,-0.00316164,0.00682348,0.00354454
-0.5153013,-0.14105779,-0.8453207,0.25803769,-0.96612678,0.00391868,-0.81723983,-0.21610531,0.5342448,0.01277344,-0.00279862,0.00558633
-0.51451433,-0.14069511,-0.84586041,0.25799284,-0.96613942,0.0037714,-0.81774974,-0.21628549,0.53339097,-0.00371599,-0.00887382,0.01674815
-0.51388854,-0.13977058,-0.84639403,0.2579228,-0.96616109,0.00295055,-0.81816532,-0.21678805,0.53254904,0.00402498,0.00313109,-0.01101554
-0.51330495,-0.13903194,-0.84686957,0.25797335,-0.96614936,0.00225137,-0.81851555,-0.21731414,0.53179586,-0.01365013,0.00685674,-0.00445944
-0.51310775,-0.1388626,-0.84701687,0.25803827,-0.96613244,0.00207578,-0.81861875,-0.21749767,0.53156194,-0.00719473,0.0019024,0.00215782
-0.51291038,-0.13869323,-0.84716406,0.25810315,-0.96611537,0.00190031,-0.81872188,-0.21768104,0.53132795,0.00890169,-0.00750488,0.01150975
-0.508472192,-0.135517258,-0.850347706,0.25744642,-0.966292654,5.29079282e-05,-0.821691846,-0.218892062,0.526221259,-0.0181166697,-0.000143647179,0.00130587257
-0.508543264,-0.135275313,-0.850343784,0.25746877,-0.966286729,-0.000257848822,-0.821640915,-0.21906808,0.526227564,0.00410308409,-0.00751912547,0.00372228469
-0.508582275,-0.135118021,-0.850345365,0.257331784,-0.966323076,-0.000360701725,-0.821659584,-0.219004333,0.5262249,0.00886853039,-0.00489669992,0.00595132541
-0.508435199,-0.135022051,-0.85044854,0.257258938,-0.966342449,-0.000378575868,-0.821773395,-0.218977968,0.52605812,0.0110944938,-0.0035486219,-0.00704926252
-0.507922671,-0.134660236,-0.850811962,0.257323375,-0.966324987,-0.000675629053,-0.822069981,-0.219276987,0.525469781,-0.00450818148,0.00581186963,-0.0023462933
-0.50759632,-0.13419753,-0.85107988,0.25736195,-0.96631439,-0.00112677,-0.82225955,-0.21960752,0.52503501,,,
-0.507250209,-0.133931986,-0.85132806,0.257354487,-0.966316176,-0.00131849521,-0.822475477,-0.219761902,0.524632063,-0.00611823052,0.00350540853,0.000204195734
-0.50701928,-0.13372864,-0.85149754,0.25737503,-0.96631041,-0.00149235,-0.82261139,-0.21991085,0.52435646,0.00109619,-0.0071187,0.00652576
-0.50674955,-0.13384059,-0.85164065,0.25737972,-0.96630962,-0.00128645,-0.82277626,-0.21984692,0.52412462,0.00178653,-0.00680482,0.00770007
-0.50670475,-0.133654969,-0.851696218,0.257259668,-0.966341154,-0.00140708211,-0.822841153,-0.219820076,0.524033882,0.0057033021,0.0034151671,-4.57826536e-05
-0.50642238,-0.1336151,-0.85187051,0.2571892,-0.96636016,-0.00132186,-0.8230371,-0.21976131,0.52375079,,,
-0.50613972,-0.13349614,-0.85205705,0.25719506,-0.96635844,-0.00137493,-0.82320905,-0.21984078,0.52344708,-0.00309232,-0.00191087,-0.00767087
-0.50612698,-0.13326516,-0.85210061,0.25719639,-0.9663575,-0.00163391,-0.8232163,-0.2199842,0.52337534,-0.01072237,0.00251716,-0.00467616
-0.50621757,-0.13298401,-0.85209088,0.25711237,-0.96637948,-0.00192677,-0.823187,-0.22005849,0.52339027,,,
-0.50640422,-0.13296222,-0.85198349,0.25701007,-0.96640681,-0.00194298,-0.82310427,-0.21995227,0.52356506,0.00770046,-0.00351566,0.00381473
-0.506539213,-0.132945767,-0.85190581,0.256969526,-0.966417526,-0.00197676763,-0.823033869,-0.219915138,0.523691324,0.0194615144,-0.00181102741,-2.86037102e-05
-0.506539213,-0.132945767,-0.85190581,0.256969526,-0.966417526,-0.00197676763,-0.823033869,-0.219915138,0.523691324,0.0194615144,-0.00181102741,-2.86037102e-05
-0.50624395,-0.13271452,-0.85211731,0.25686215,-0.96644581,-0.0020813,-0.82324899,-0.21993033,0.52334668,-0.00448268,-0.00124991,0.00247101
-0.50609613,-0.1326583,-0.85221374,0.25675109,-0.96647527,-0.00202975,-0.82337437,-0.21983407,0.52318979,-0.00575645,-0.0015167,0.00098471
-0.506115649,-0.132619241,-0.852208362,0.256644413,-0.966503804,-0.00201212822,-0.823395774,-0.219732884,0.523198682,-0.00590737443,8.05854725e-05,0.00789530575
-0.50613499,-0.13261982,-0.85219673,0.25649946,-0.96654239,-0.00192524,-0.82342899,-0.21956244,0.52321793,,,
-0.50615456,-0.13262038,-0.85218517,0.25635455,-0.96658118,-0.0018384,-0.82346224,-0.21939205,0.52323715,0.00462598,-0.00116545,-0.00614893
-0.506328055,-0.132565434,-0.852090326,0.256062203,-0.966658432,-0.00176741625,-0.823446213,-0.219083046,0.523391662,0.00986381434,0.000575423182,0.00437195692
-0.50629615,-0.13253171,-0.85211469,0.25601737,-0.96667049,-0.00176751,-0.82347993,-0.21905105,0.52335208,0.00322006,0.00587052,0.00262626
-0.5062192,-0.13243126,-0.85217598,0.25573764,-0.96674464,-0.00168052,-0.82361411,-0.2187842,0.52325253,0.0030428,-0.0019238,0.00571336
-0.5063927,-0.13249504,-0.85206282,0.25533056,-0.9668525,-0.00140177,-0.82363358,-0.21826756,0.52343753,,,
-0.50652788,-0.1325972,-0.85196675,0.25517527,-0.96689393,-0.00122771,-0.82359877,-0.21802273,0.52359441,-0.00618579,0.00521988,0.00249191
-0.506862021,-0.132868751,-0.851725678,0.254954485,-0.96695255,-0.000879360388,-0.823461564,-0.217597007,0.523987162,0.0165878367,-0.00632435037,-0.0157159977
-0.506662896,-0.132936865,-0.851833572,0.254790322,-0.96699607,-0.000637893854,-0.823634953,-0.217362152,0.523812121,-0.00402615825,0.0028299687,-0.00344225392
-0.506463663,-0.13292578,-0.851953714,0.254702671,-0.967019157,-0.000535097777,-0.823784525,-0.217265906,0.523616778,-0.00405054353,0.00933807995,-0.00362272933
-0.506116368,-0.132898502,-0.852164146,0.254465225,-0.967081552,-0.00031137787,-0.824071109,-0.217003769,0.523274325,-0.0116561335,-0.00560933305,0.00413612276
-0.506155352,-0.132860213,-0.852147291,0.254213321,-0.967148206,-0.000206435914,-0.824125251,-0.216731676,0.523301995,0.00285828835,-0.00531500531,-0.00135991478
-0.506765593,-0.132334489,-0.851866154,0.253328434,-0.967380055,-0.000423071153,-0.824022491,-0.216016336,0.523759287,-0.00475123338,-0.000389635534,0.00533133745
-0.506868422,-0.132165305,-0.851831306,0.253357923,-0.967372272,-0.000664551428,-0.823950245,-0.216155062,0.523815743,0.00256178342,-0.00178885448,0.00688031921
-0.506958035,-0.131923549,-0.851815286,0.253235362,-0.96740399,-0.000887928652,-0.823932616,-0.216159927,0.523841378,0.00363919185,-0.00272142864,0.00778193306
-0.506958035,-0.131923549,-0.851815286,0.253235362,-0.96740399,-0.000887928652,-0.823932616,-0.216159927,0.523841378,0.00363919185,-0.00272142864,0.00778193306
-0.506945198,-0.132009323,-0.85180976,0.252930351,-0.967484148,-0.000592748253,-0.824034324,-0.215749049,0.523850844,-0.000583910849,0.001472175,-0.00650260318
-0.506880739,-0.132140245,-0.851827725,0.252648711,-0.967557774,-0.000245895029,-0.824160267,-0.215337845,0.52382186,7.54965877e-05,-0.00553393317,-0.000716290902
-0.506668464,-0.131977703,-0.851979218,0.252485628,-0.967600361,-0.000263911273,-0.824340772,-0.21524625,0.523575426,0.00564380689,0.00549977971,-0.00490586832
-0.506623572,-0.131752732,-0.852041048,0.252403793,-0.967622006,-0.000454040555,-0.82439375,-0.215288408,0.523474834,-0.00107761077,0.0094118705,-0.00355477678
-0.506411023,-0.1314317,-0.852216926,0.252394089,-0.967624308,-0.000749383335,-0.824527262,-0.215474003,0.523188094,0.00500031188,0.000591516437,-0.00246670796
-0.506249659,-0.131224268,-0.852344641,0.252207377,-0.967672804,-0.000818620223,-0.824683355,-0.215382039,0.522979842,0.00559728825,-0.00684326841,0.0117514711
-0.506185212,-0.131117512,-0.852399392,0.252155748,-0.967686252,-0.000887961511,-0.824738749,-0.21538688,0.522890511,0.00815350655,-0.00671213819,0.0103032039
-0.505552591,-0.130677917,-0.85284218,0.251253824,-0.967920979,-0.000628636504,-0.825401731,-0.214597673,0.52216836,-0.00542588579,0.00441330625,-0.0128849708
-0.505674124,-0.130548985,-0.852789673,0.251099713,-0.967960681,-0.000713375282,-0.825373975,-0.214496007,0.522253897,-0.00338387419,0.00268644071,-0.00597699359
-0.505841643,-0.130565601,-0.852687928,0.251104284,-0.967959648,-0.000746787664,-0.825270087,-0.214491359,0.522420033,0.00820361264,-0.00467109634,-0.00318714697
-0.505873827,-0.130638775,-0.852657511,0.251110907,-0.967957848,-0.000677436906,-0.825248225,-0.214454323,0.522469711,0.00506472867,-0.00737655116,0.00492020603
-0.505874046,-0.13071812,-0.852645414,0.251034138,-0.96797807,-0.000538773031,-0.825271646,-0.214315659,0.522489715,0.00234816992,0.000664114894,0.00774913514
-0.50567427,-0.130866468,-0.852741053,0.250792429,-0.968040741,-0.000158563893,-0.825467439,-0.213941196,0.52233381,-0.0140427025,0.000393152208,0.00157169625
-0.50569323,-0.1308276,-0.852735715,0.250685427,-0.96806839,-0.000140572243,-0.825488266,-0.213839525,0.5223425,-0.0125447717,-0.00216037012,-0.00315859588
-0.506052825,-0.130591582,-0.852558749,0.250443783,-0.968131106,-0.000361276062,-0.825341441,-0.21370086,0.522631287,-0.00682552205,-0.00391823007,-0.00887822639
-0.506052825,-0.130591582,-0.852558749,0.250443783,-0.968131106,-0.000361276062,-0.825341441,-0.21370086,0.522631287,-0.00682552205,-0.00391823007,-0.00887822639
-0.5068356,-0.12998828,-0.8521857,0.25024181,-0.96818251,-0.00114892,-0.82492209,-0.21383482,0.52323813,,,
-0.50749097,-0.12978429,-0.85182681,0.25029916,-0.96816718,-0.00161027,-0.82450179,-0.21402874,0.52382104,,,
-0.50807534,-0.1298229,-0.85147226,0.2503334,-0.96815778,-0.00176071,-0.82413117,-0.21404655,0.52439655,-0.00399267,-0.00224662,0.0134346
-0.50837702,-0.12982274,-0.85129225,0.25029699,-0.96816713,-0.0018268,-0.82395622,-0.21400462,0.52468853,-0.0062305,0.00385421,0.00597319
-0.50887794,-0.12991249,-0.85097941,0.25027146,-0.96817391,-0.00185639,-0.82365491,-0.21392054,0.52519576,,,
-0.50947496,-0.13014267,-0.85058686,0.25034261,-0.96815551,-0.00181634,-0.82326406,-0.21386353,0.52583138,-0.0039315,-0.00233704,-0.003317
-0.50964159,-0.13015946,-0.8504844,0.25034679,-0.9681543,-0.00184918,-0.82315958,-0.21385847,0.52599694,-0.00250933,-0.00657505,-0.01147575
-0.50997493,-0.13003507,-0.85030362,0.25050808,-0.96811189,-0.00219257,-0.82290405,-0.2141261,0.52628783,-0.00588939,0.00101072,0.00436453
-0.5104427,-0.1298545,-0.8500506,0.25066645,-0.96806989,-0.00263824,-0.82256583,-0.21442584,0.52669441,0.0094698,0.00133735,0.00311687
-0.51052597,-0.12980377,-0.85000829,0.25072579,-0.96805414,-0.00275874,-0.82249602,-0.21452742,0.52676205,0.01308637,0.00377887,0.00189682
-0.510743748,-0.129617918,-0.849905966,0.2508587,-0.968018775,-0.00312026254,-0.822320417,-0.214799951,0.526925188,0.00607785862,0.000754058303,-0.00180476508
-0.51069255,-0.12954447,-0.84994784,0.25099708,-0.96798228,-0.00327737,-0.8223099,-0.21500815,0.52685664,-0.00167904,-0.00353879,-0.00818225
-0.510775714,-0.129454326,-0.849911525,0.251094464,-0.967956278,-0.00346722232,-0.822228431,-0.215179062,0.526913971,-0.00617779139,-0.00243967748,0.000262831803
-0.51099339,-0.12922922,-0.84981504,0.25126529,-0.96791043,-0.00389801,-0.82204108,-0.21552087,0.52706662,-0.00211318,0.00208968,0.00839165
-0.511172877,-0.129003829,-0.849741157,0.251725926,-0.967787903,-0.00450387939,-0.821788343,-0.21620416,0.527180801,0.0154300584,-0.00637632562,0.000955466181
-0.51103862,-0.12886286,-0.84984339,0.25191949,-0.96773648,-0.00474829,-0.82181263,-0.21651868,0.52701388,0.01257993,0.00766319,0.01073308
-0.510224983,-0.128462001,-0.850392784,0.252060319,-0.967698282,-0.00505062937,-0.822274874,-0.216927241,0.526124105,-0.0153858019,-0.00697749807,0.000650782604
-0.510179602,-0.128158243,-0.850465869,0.252054332,-0.967698107,-0.00537880696,-0.822304897,-0.217107768,0.526002719,-0.014527739,-0.00360184885,-0.000106810592
-0.51038399,-0.12789996,-0.85038207,0.2520349,-0.96770115,-0.00572172,-0.82218397,-0.21724624,0.52613454,,,
-0.510416,-0.12785481,-0.8503695,0.252156,-0.9676686,-0.00586026,-0.82212681,-0.21741697,0.52615327,0.00801539,0.00610644,0.00418245
-0.51053168,-0.12783801,-0.85030278,0.2522599,-0.96764101,-0.00598066,-0.8220233,-0.21755062,0.52625983,0.01790411,-0.00300765,0.00398062
-0.5102629,-0.12787112,-0.85045912,0.25234211,-0.96761998,-0.00591465,-0.82216494,-0.21762468,0.52600789,,,
-0.5100962,-0.12789335,-0.85055568,0.25230024,-0.96763141,-0.00581242,-0.82228113,-0.21756031,0.52585282,,,
-0.50967967,-0.12783074,-0.8508149,0.2523099,-0.96762935,-0.00576441,-0.82253657,-0.21760702,0.52543391,-0.01671617,-0.00178069,0.00547082
-0.50979522,-0.12773499,-0.85076006,0.2524901,-0.96758078,-0.00602323,-0.82240966,-0.2178791,0.52551981,-0.0047656,-0.00374931,-0.00354163
-0.50991071,-0.12771821,-0.85069333,0.25259395,-0.96755288,-0.0061435,-0.82230614,-0.21801263,0.5256264,-0.00598003,0.00244969,-0.0043909
-0.51009061,-0.12776889,-0.85057784,0.25278747,-0.96750155,-0.00626388,-0.82213505,-0.21821056,0.52581185,0.00864703,-0.00496668,0.00192124
-0.51015484,-0.1276393,-0.85055867,0.2530676,-0.96742589,-0.0066099,-0.8220089,-0.21862093,0.52583856,0.01074578,0.00335544,0.00345863
-0.51002028,-0.12761641,-0.85064275,0.25314687,-0.96740484,-0.00664593,-0.82206794,-0.21872713,0.52570206,0.00163808,0.00207752,0.00537152
-0.509834971,-0.127598859,-0.850756717,0.253288144,-0.967367785,-0.00670005984,-0.822139633,-0.218902503,0.525517048,0.00805437379,-0.00237119175,0.000524601899
-0.50956586,-0.12763177,-0.85091287,0.25337037,-0.96734657,-0.00663374,-0.822281,-0.21897644,0.52526494,-0.00538176,0.00542635,-0.00353284
-0.5095147,-0.12763717,-0.8509427,0.25343238,-0.9673302,-0.00665172,-0.82229359,-0.21904559,0.52521639,-0.01076121,0.00362915,-0.00233044
-0.50943121,-0.12752993,-0.85100864,0.25352577,-0.9673045,-0.00680801,-0.82231641,-0.21922086,0.52510748,0.00199723,-0.00130171,-0.0062954
-0.50951452,-0.12736119,-0.850984,0.25369902,-0.96725667,-0.00713573,-0.82221131,-0.21952959,0.52514304,,,
-0.50963021,-0.127344542,-0.850917361,0.253802764,-0.967228736,-0.00725600243,-0.822107745,-0.219663061,0.525249441,0.0142813269,-0.00546508981,-0.000264801085
-0.50944463,-0.12724808,-0.851043,0.25402018,-0.9671703,-0.0074481,-0.82215571,-0.21997648,0.52504321,0.00641861,0.00309604,0.00681129
-0.50916207,-0.12705026,-0.85124149,0.25410323,-0.96714683,-0.00764,-0.82230492,-0.22019322,0.52471851,0.00930284,-0.00387114,-0.00318159
-0.50899526,-0.12699342,-0.85134969,0.25413769,-0.96713745,-0.00767581,-0.8223975,-0.22026701,0.5245424,,,
-0.50873192,-0.126717,-0.85154834,0.25415203,-0.96713182,-0.00791876,-0.82255609,-0.22045127,0.52421627,-0.00276346,0.00447351,-0.00160705
-0.50861611,-0.12657591,-0.85163836,0.25420069,-0.96711758,-0.00807478,-0.82261252,-0.22059404,0.52406757,,,
-0.5086675,-0.12649172,-0.85162034,0.25421485,-0.96711304,-0.00819502,-0.82257654,-0.22066308,0.52409506,,,
-0.5088212,-0.12619969,-0.85157195,0.25429537,-0.96708825,-0.00862479,-0.82245669,-0.22093927,0.52416684,0.00227042,0.00813466,0.00368288
-0.50873768,-0.12597417,-0.85165515,0.25450296,-0.96703024,-0.00898768,-0.82244406,-0.22132113,0.52402551,0.01629443,-0.00378329,0.00362782
-0.50848727,-0.12584935,-0.85182303,0.25459282,-0.96700533,-0.00911014,-0.82257099,-0.22150043,0.5237504,0.00473687,-0.00268966,0.00655942
-0.50780614,-0.12554889,-0.85227367,0.25457946,-0.96700778,-0.00923443,-0.82299589,-0.22166067,0.52301465,0.00166246,-0.00824553,0.00421575
-0.50769021,-0.12540773,-0.85236339,0.25462814,-0.96699332,-0.00939011,-0.82305222,-0.22180299,0.52286558,0.01138408,-0.00568503,0.00495025
-0.50686024,-0.1247349,-0.852956,0.25480932,-0.9669395,-0.01001413,-0.82350771,-0.2224169,0.52188676,0.015993,0.00389498,0.00978797
-0.505462009,-0.123942086,-0.853900598,0.254890507,-0.966912332,-0.0105355931,-0.824341374,-0.222976521,0.520329395,-0.000128653832,0.00854509976,-0.00908507966
-0.5047461,-0.12356834,-0.85437835,0.25487069,-0.96691574,-0.01072688,-0.8247863,-0.22317035,0.51954076,-0.01009142,0.01065093,-0.0031763
-0.503647596,-0.122776647,-0.855140406,0.25491467,-0.966897445,-0.0113136151,-0.825443959,-0.2236859,0.518273024,0.00863369741,2.58088094e-05,-0.00103569077
-0.50276169,-0.12234593,-0.85572306,0.25492939,-0.9668907,-0.01153831,-0.82597911,-0.22395,0.51730537,0.01457444,0.00166315,0.01017228
-0.502192427,-0.122147319,-0.856085687,0.254905333,-0.966896688,-0.0115732501,-0.826332827,-0.224032813,0.516704293,0.00415607728,0.000836491527,0.0101523874
-0.50061816,-0.12157533,-0.85708865,0.25475336,-0.96693602,-0.01164242,-0.82733442,-0.22417461,0.5150374,-0.00762205,-0.00474626,-0.00522526
-0.49951383,-0.12094268,-0.85782202,0.25464426,-0.96696083,-0.01195062,-0.82803506,-0.22440897,0.51380784,-0.01882691,-0.00195694,-0.01229983
-0.49847843,-0.12010753,-0.85854139,0.25451983,-0.96698671,-0.01249825,-0.82869704,-0.22474592,0.51259188,-0.00842529,0.00350767,0.00302097
-0.49847843,-0.12010753,-0.85854139,0.25451983,-0.96698671,-0.01249825,-0.82869704,-0.22474592,0.51259188,-0.00842529,0.00350767,0.00302097
-0.49847843,-0.12010753,-0.85854139,0.25451983,-0.96698671,-0.01249825,-0.82869704,-0.22474592,0.51259188,-0.00842529,0.00350767,0.00302097
-0.49847843,-0.12010753,-0.85854139,0.25451983,-0.96698671,-0.01249825,-0.82869704,-0.22474592,0.51259188,-0.00842529,0.00350767,0.00302097
-0.49764322,-0.11988056,-0.85905747,0.25390633,-0.96715278,-0.01212021,-0.82938692,-0.22415168,0.51173559,,,
-0.49726276,-0.11931206,-0.85935699,0.25375085,-0.96718826,-0.01254847,-0.82966277,-0.22430245,0.51122218,-0.01755322,0.00339097,-0.00172385
-0.49762357,-0.11899829,-0.85919144,0.25358527,-0.96722671,-0.01290946,-0.82949686,-0.22430236,0.51149128,-0.00585683,-0.0074175,0.00726556
-0.49794725,-0.11896057,-0.8590092,0.25344127,-0.96726385,-0.0129616,-0.82934669,-0.22416259,0.51179601,0.00197727,-0.0044269,0.01108881
-0.49788152,-0.11889364,-0.85905665,0.25335167,-0.96728743,-0.01296165,-0.82941362,-0.2240968,0.5117164,0.00230685,0.00297469,0.00779261
-0.49800321,-0.11872573,-0.85900934,0.25323584,-0.96731569,-0.01311626,-0.82937595,-0.22406389,0.51179188,,,
-0.498106245,-0.118556526,-0.858972954,0.253265298,-0.967304667,-0.0133563513,-0.829305055,-0.224200922,0.511846733,0.00171286555,0.00822490361,-0.000397090946
-0.49810627,-0.11847689,-0.85898395,0.25334219,-0.96728266,-0.01349349,-0.82928158,-0.22433806,0.51182469,-0.00443812,0.00593549,-0.00179501
-0.49797013,-0.11853305,-0.85905499,0.25334474,-0.96728325,-0.0133904,-0.82936241,-0.2243051,0.51170808,-0.00419575,-0.00322044,0.00619767
-0.49797022,-0.11857288,-0.85904952,0.2533063,-0.96729436,-0.01332184,-0.82937418,-0.22423654,0.51171909,,,
-0.49802184,-0.1185679,-0.85902036,0.25324417,-0.96731096,-0.0133048,-0.82936224,-0.22416797,0.51176853,-0.00097693,0.00524467,0.00238579
-0.49783853,-0.11851867,-0.85913337,0.25305015,-0.96736333,-0.0131848,-0.82953146,-0.22396772,0.51158189,0.01295636,-0.00242621,-0.00540362
-0.49736865,-0.11811187,-0.85946141,0.25309381,-0.96734711,-0.01352679,-0.82979989,-0.22425217,0.5110216,,,
-0.497185093,-0.11786367,-0.859601646,0.253091951,-0.967344421,-0.0137491458,-0.829910416,-0.22439414,0.510779721,0.00537286,0.00931090023,0.000106850872
-0.49539341,-0.11735413,-0.86070501,0.25314946,-0.96732839,-0.01381263,-0.83096357,-0.22472971,0.50891651,-0.01482582,-0.0039686,0.00521545
-0.49446528,-0.116971311,-0.861290729,0.253042176,-0.967355405,-0.0138951265,-0.831548955,-0.224813544,0.507922415,-0.00929931737,-0.00166475761,0.00065499288
-0.49318165,-0.11612372,-0.86214087,0.25312209,-0.96732541,-0.01450547,-0.83228649,-0.22538075,0.50646088,0.00351831,-0.00401503,-0.00386663
-0.49318165,-0.11612372,-0.86214087,0.25312209,-0.96732541,-0.01450547,-0.83228649,-0.22538075,0.50646088,0.00351831,-0.00401503,-0.00386663
-0.49194435,-0.11570092,-0.86290444,0.25308996,-0.96733282,-0.01458432,-0.83302836,-0.22556713,0.50515664,-0.01199047,0.00471157,-0.00721819
-0.49185923,-0.11567243,-0.86295669,0.25310727,-0.96732794,-0.01460094,-0.83307327,-0.22560223,0.50506684,-0.00598677,-0.00336009,-0.00586037
-0.49185923,-0.11567243,-0.86295669,0.25310727,-0.96732794,-0.01460094,-0.83307327,-0.22560223,0.50506684,0.00410592,-0.00818431,-0.00215076
-0.49167445,-0.11542417,-0.86309539,0.25310589,-0.96732514,-0.01482223,-0.83318294,-0.22574223,0.50482343,,,
-0.49147089,-0.11525399,-0.86323391,0.25317282,-0.96730483,-0.01499169,-0.83328254,-0.22591535,0.50458144,-0.0045976,-0.00127673,-0.0024328
-0.49111936,-0.11451903,-0.8635318,0.25325635,-0.96727084,-0.01575875,-0.83346446,-0.22643434,0.5040481,,,
-0.49125609,-0.11446262,-0.8634614,0.25325418,-0.9672696,-0.01586227,-0.83338442,-0.22646766,0.50416539,,,
-0.49132295,-0.114569216,-0.863409363,0.253305256,-0.967257511,-0.0157940691,-0.833329635,-0.226466112,0.504256725,-0.000113648362,0.000214517102,0.00940791052
-0.49127117,-0.11457403,-0.86343817,0.25336738,-0.96724096,-0.0158105,-0.83334126,-0.22653431,0.50420687,0.00458436,0.00458258,-0.01621253
-0.49113417,-0.11459041,-0.86351381,0.25340816,-0.9672307,-0.01577514,-0.83340948,-0.22656917,0.50407836,-0.00363449,0.00369579,-0.00315271
-0.491030679,-0.114640035,-0.863566128,0.253493795,-0.967208898,-0.0157398161,-0.833444474,-0.226637394,0.503989856,-0.00696908962,-0.00526428176,-0.000941725681
-0.49111561,-0.11454843,-0.86352985,0.25359236,-0.96717982,-0.01592794,-0.8333643,-0.22680706,0.50404603,0.00570763,0.01174396,0.00481317
-0.492066228,-0.114653087,-0.86297473,0.253823959,-0.967113994,-0.0162410301,-0.832732918,-0.227035334,0.504985947,0.00694703963,0.00519007398,-0.000930474605
-0.49232123,-0.11469858,-0.86282325,0.25381056,-0.96711721,-0.01625983,-0.83258628,-0.22699872,0.50524413,0.01899226,0.01135367,0.00425896
-0.492402329,-0.114916681,-0.862747808,0.253974754,-0.967075956,-0.0161398453,-0.832488107,-0.227063486,0.505376709,0.013198657,0.00257736421,0.000900570769
-0.49224727,-0.11501111,-0.86282384,0.254084,-0.96704886,-0.01605287,-0.83254661,-0.22713172,0.50524974,0.00542481,-0.00599915,0.00199691
-0.49221394,-0.1149378,-0.86285255,0.25407777,-0.96704928,-0.01612108,-0.83256814,-0.22716669,0.5051985,0.00235114,0.00487846,0.0016182
-0.49184079,-0.1148705,-0.86307447,0.25402509,-0.96706454,-0.01605042,-0.83280492,-0.22713681,0.50482164,-0.00936875,-0.00542879,-0.00636182
-0.491722423,-0.114808689,-0.863150074,0.253997599,-0.96707141,-0.0160668608,-0.832883129,-0.22713848,0.504691801,-0.014089901,0.000912666263,-0.00247566821
-0.49184454,-0.11456089,-0.86311346,0.25395932,-0.96707662,-0.01635862,-0.83282274,-0.22724159,0.50474507,0.00442992,0.00239509,-0.00446066
-0.49175929,-0.11449237,-0.86317093,0.25401523,-0.96706027,-0.01644325,-0.83285582,-0.22734471,0.50464391,0.01208932,0.00786704,-0.00103729
-0.49148568,-0.11452504,-0.86332248,0.25409698,-0.96704007,-0.01637247,-0.83299245,-0.22741448,0.50438694,,,
-0.4911786,-0.11448431,-0.86350254,0.25417241,-0.96702018,-0.01636987,-0.83315045,-0.22751908,0.50407866,0.00168018,0.00224835,-0.00862332
-0.49092347,-0.11447883,-0.86364846,0.25414715,-0.96702843,-0.01628268,-0.83330864,-0.22748735,0.5038315,,,
-0.490838431,-0.114450349,-0.863700627,0.254164449,-0.967023683,-0.0162990269,-0.83335352,-0.227522181,0.503741576,-0.00765619706,0.00085771078,0.00270121312
-0.49066816,-0.1144334,-0.8637997,0.25416051,-0.96702541,-0.01626356,-0.83345507,-0.22752377,0.50357287,-0.01371969,0.00232667,0.00283821
-0.49090481,-0.11463698,-0.86363795,0.2541382,-0.96703377,-0.01609454,-0.83332221,-0.22738431,0.50385549,,,
-0.49121189,-0.11467767,-0.86345794,0.25406283,-0.96705356,-0.01609719,-0.83316425,-0.22727972,0.50416383,0.01096193,0.00407046,-0.00121642
-0.49127872,-0.11478427,-0.86340597,0.25411387,-0.96704153,-0.01602905,-0.8331095,-0.22727816,0.50425512,0.00864504,-0.00639778,-0.01247486
-0.49102316,-0.11461874,-0.86357304,0.25424292,-0.96700419,-0.01621447,-0.8332205,-0.22751904,0.50396286,-0.0071487,0.00323659,-0.00260139
-0.49102338,-0.11457874,-0.86357842,0.25428154,-0.96699311,-0.01628264,-0.83320878,-0.22758721,0.50395156,0.00354701,0.00107199,0.00616312
-0.49116018,-0.11452245,-0.86350802,0.25427935,-0.96699187,-0.01638621,-0.83312875,-0.22762053,0.50406877,0.00631489,-0.00182724,0.00291029
-0.49146726,-0.11456314,-0.86332797,0.25420392,-0.96701175,-0.0163889,-0.83297075,-0.22751596,0.50437705,-0.00159948,-0.00572038,-0.0013643
-0.49182594,-0.11447907,-0.86313477,0.25418201,-0.96701417,-0.0165796,-0.83276563,-0.22754762,0.50470134,0.00215231,0.0057196,-0.00978449
-0.49201456,-0.11433806,-0.86304604,0.2541947,-0.96700709,-0.01680301,-0.83265042,-0.22764906,0.5048457,0.00626645,0.00585884,-0.01499156
-0.49222142,-0.11399906,-0.86297287,0.25425463,-0.9669828,-0.01728264,-0.83250978,-0.22792175,0.50495456,0.00949292,-0.01633549,-0.00954907
-0.49242844,-0.11366024,-0.86289957,0.25431436,-0.96695855,-0.01776207,-0.83236922,-0.2281943,0.50506323,0.01912716,0.00648707,-0.00607401
-0.49238013,-0.11339552,-0.86296183,0.25427205,-0.96696478,-0.01801822,-0.83241059,-0.2282989,0.50494769,0.01667594,0.00522345,-0.00410126
-0.49195878,-0.112903423,-0.863266772,0.254331671,-0.966940653,-0.0184760754,-0.832641642,-0.228645536,0.504409717,-0.00560890185,0.0175945144,-0.000388787827
-0.49185857,-0.11264352,-0.86335759,0.25435158,-0.9669299,-0.01874846,-0.83269452,-0.22881798,0.50424407,-0.01845426,-0.01145548,-0.00730701
-0.49216542,-0.1125646,-0.86319294,0.25439118,-0.96691538,-0.01895534,-0.83250103,-0.22891787,0.50451812,-0.01454957,-0.01976549,-0.01129038
-0.49305208,-0.11225508,-0.86272723,0.25450339,-0.96687224,-0.01964365,-0.83194201,-0.22925236,0.50528784,,,
-0.49319214,-0.11161054,-0.86273074,0.25470366,-0.966801,-0.02053094,-0.83179763,-0.2298664,0.50524653,0.00544072,0.00556141,0.00166877
-0.49310716,-0.11134268,-0.86281389,0.25495182,-0.96672644,-0.02095547,-0.83177195,-0.23030929,0.50508707,-0.00262766,-0.00269902,0.00486377
-0.49321058,-0.11089453,-0.8628126,0.25525018,-0.96663206,-0.02167085,-0.83161922,-0.23092138,0.50505915,0.01090589,-0.00830442,0.00444511
-0.49326217,-0.11061085,-0.86281948,0.25545677,-0.96656702,-0.0221302,-0.83152514,-0.23132909,0.50502745,0.01833322,0.00674051,0.01097392
-0.49316238,-0.1103909,-0.86290482,0.25543808,-0.96656742,-0.0223341,-0.8315902,-0.23143309,0.50487272,0.01560026,0.00314814,-0.00206471
-0.49248603,-0.10977259,-0.86336997,0.25558931,-0.96651417,-0.0229072,-0.83194461,-0.23194959,0.50405121,-0.0165404,0.00465006,-0.00148111
-0.49220089,-0.10918438,-0.86360718,0.25568492,-0.96647388,-0.0235344,-0.83208402,-0.23239495,0.5036158,-0.01321971,-0.00193739,0.00160129
-0.49232231,-0.1088576,-0.86357899,0.25572238,-0.96645322,-0.02396082,-0.83200043,-0.23263293,0.5036439,-0.00139935,-0.0031904,0.00947877
-0.49249554,-0.10836684,-0.86354196,0.25585115,-0.96640202,-0.02464225,-0.83185832,-0.23307441,0.50367453,0.01601375,0.00130171,0.01706121
-0.491581175,-0.107862974,-0.864125859,0.255718653,-0.96643207,-0.0248392528,-0.832439722,-0.233183612,0.502662414,-0.0108496333,-0.00127506244,0.000601196662
-0.4913136,-0.10751577,-0.86432132,0.25543869,-0.96650266,-0.02497477,-0.83268365,-0.23305154,0.50231955,-0.00934198,0.00230628,0.00575108
-0.49121308,-0.10733571,-0.86440072,0.25538171,-0.96651407,-0.02511031,-0.83276031,-0.23308666,0.50217608,-0.00522415,0.00633329,0.00166697
-0.49064071,-0.10667783,-0.86480713,0.255074,-0.96658561,-0.02548133,-0.83319192,-0.233092,0.50145716,-0.00295884,-0.00814027,-0.00154048
-0.49060709,-0.10660452,-0.86483516,0.25506784,-0.96658535,-0.02554907,-0.83321352,-0.23312622,0.50140531,-0.00748716,-0.00505412,0.00667019
-0.491051462,-0.106709878,-0.864570128,0.254872612,-0.966639629,-0.0254526141,-0.833011678,-0.232853786,0.501867186,-0.0105744647,0.000746786536,-0.00171638047
-0.49110297,-0.10666531,-0.86454625,0.25484873,-0.96664442,-0.02550419,-0.83298849,-0.23285372,0.50190563,-0.01833258,-0.0040583,0.00569663
-0.491224572,-0.10641832,-0.86450776,0.254809494,-0.966647245,-0.0257946825,-0.832928957,-0.232955757,0.501957172,-0.0156886131,-0.000451683969,0.00737561099
-0.49154976,-0.10626222,-0.86434213,0.25477939,-0.96664828,-0.02605282,-0.83274632,-0.23302281,0.50222901,-0.00669347,0.00712794,-0.00654753
-0.49177152,-0.10619524,-0.86422402,0.25479688,-0.96663925,-0.02620775,-0.83260983,-0.23308982,0.50242406,,,
-0.49177152,-0.10619524,-0.86422402,0.25479688,-0.96663925,-0.02620775,-0.83260983,-0.23308982,0.50242406,,,
-0.4923979,-0.10653951,-0.86382499,0.25497584,-0.96659436,-0.02612691,-0.83218483,-0.23311934,0.50311407,0.01418524,-0.00784832,0.00918471
-0.49246499,-0.10664625,-0.86377372,0.25502664,-0.96658297,-0.02605918,-0.83212972,-0.23311852,0.50320568,0.00290853,-0.00370765,0.00422341
-0.492482809,-0.106608058,-0.863768003,0.254919735,-0.966611285,-0.0260429269,-0.832151651,-0.233017225,0.503216178,-0.000508034602,0.00298064924,-0.014371464
-0.492586056,-0.106558751,-0.863715284,0.254833535,-0.966633144,-0.026078306,-0.832117016,-0.23294944,0.503304868,-0.00542327669,-0.000229239449,-0.00701027177
-0.492671243,-0.106587429,-0.863663291,0.254815871,-0.966638394,-0.0260621768,-0.832072131,-0.232915189,0.503394995,-0.00507999863,0.000435709924,0.00167699356
-0.492719922,-0.10701124,-0.863583034,0.254704829,-0.966681616,-0.0255358721,-0.832077227,-0.232540804,0.503559587,-0.00255745533,-0.000190794453,0.00746031944
-0.492719922,-0.10701124,-0.863583034,0.254704829,-0.966681616,-0.0255358721,-0.832077227,-0.232540804,0.503559587,-0.00741853332,0.00935357716,-0.000760058407
-0.49263497,-0.10714187,-0.86361536,0.25456901,-0.96672416,-0.02528087,-0.83216915,-0.23230394,0.50351704,-0.00744468,-0.00268817,-0.00974209
-0.49273517,-0.10732191,-0.86353569,0.25462603,-0.96671251,-0.0251452,-0.83209222,-0.23226861,0.50366037,0.008035,0.00193495,-0.00631201
-0.492820348,-0.107310781,-0.86348861,0.254646734,-0.966705885,-0.0251967704,-0.832035591,-0.232302028,0.503738592,0.00698556844,-0.00316262222,-0.000332788099
-0.492717092,-0.107399961,-0.863536368,0.254694514,-0.966695888,-0.025093607,-0.832082036,-0.23230203,0.503661825,-0.00549431425,0.000289976568,0.00171356217
-0.49269884,-0.10751786,-0.86353203,0.25472458,-0.96669096,-0.02497414,-0.83208356,-0.23226758,0.50367515,-0.00807095,-0.01269042,-0.00522
-0.49286882,-0.10753541,-0.8634328,0.2547276,-0.96668921,-0.02500946,-0.83198192,-0.23226657,0.50384346,-0.00440944,-0.00198585,-0.00964708
-0.4933121,-0.10752115,-0.86318152,0.25464743,-0.96670774,-0.02511538,-0.83174384,-0.23219668,0.50426865,0.00442776,0.01075381,0.00181572
-0.4936185,-0.10756262,-0.86300116,0.25457044,-0.96672794,-0.02511803,-0.8315856,-0.23209331,0.50457712,,,
-0.49373683,-0.10766462,-0.86292071,0.254559,-0.96673308,-0.02503384,-0.83151881,-0.23202437,0.50471885,,,
-0.49412811,-0.10773477,-0.86268804,0.2544643,-0.96675848,-0.02502,-0.83131544,-0.23188639,0.50511716,0.00693959,-0.00323993,0.00774909
-0.49438279,-0.10790038,-0.86252139,0.25433449,-0.96679737,-0.02483509,-0.83120371,-0.23164698,0.50541079,-0.00317763,0.00207013,-0.00402178
-0.494637419,-0.107906856,-0.86237462,0.254358079,-0.966788985,-0.0249217231,-0.83104503,-0.231679164,0.505656938,-0.00478156237,-0.00212281919,0.000433163485
-0.4950615,-0.10793103,-0.86212811,0.2543845,-0.96677877,-0.02504332,-0.83078427,-0.23171002,0.50607106,0.00422875,-0.00632471,0.00311749
-0.49521309,-0.10802678,-0.86202912,0.25445597,-0.96676046,-0.02502689,-0.8306721,-0.23174211,0.50624051,0.0051552,0.00729531,0.00327963
-0.495382496,-0.108123904,-0.861919448,0.254382224,-0.966782303,-0.0249260393,-0.830593521,-0.231604933,0.506432097,-0.0100467112,0.00513309194,-0.000859446824
-0.495718622,-0.108388608,-0.861692951,0.254531385,-0.966745675,-0.0248252467,-0.830347281,-0.231634256,0.506822349,-0.00971947704,-0.00760751916,0.000947575783
-0.496091026,-0.108536981,-0.861460053,0.254505112,-0.966754434,-0.024759237,-0.83013303,-0.231528822,0.50722141,-0.00280597364,-0.008460938,0.000547361735
-0.49652938,-0.10875242,-0.86118013,0.25456797,-0.96673939,-0.02469314,-0.82985147,-0.23148977,0.50769965,,,
-0.496765414,-0.108837225,-0.861033494,0.254659954,-0.966714516,-0.0247281059,-0.829682184,-0.231554809,0.507946724,-0.0130171524,0.00367516256,-3.06358561e-05
-0.49696777,-0.10888853,-0.86090999,0.25470722,-0.96670089,-0.02476293,-0.82954623,-0.23158639,0.50815419,-0.01218353,-0.00194579,0.00649696
-0.497659763,-0.109031607,-0.860492217,0.254869694,-0.966654266,-0.0249189049,-0.829081531,-0.231714525,0.508853799,0.0029000002,-0.000439584226,0.00794489123
-0.49796153,-0.10926322,-0.86028823,0.25497414,-0.96662932,-0.02481759,-0.82886819,-0.23170946,0.50920353,0.0163842,0.00919002,-0.00275374
-0.49774113,-0.1092503,-0.86041749,0.25503373,-0.96661416,-0.02479945,-0.82898232,-0.23177918,0.50898602,-0.0066079,0.01493913,0.01765312
-0.4975536,-0.10927098,-0.86052318,0.25513781,-0.96658699,-0.02478123,-0.82906272,-0.231882,0.50880812,0.01965714,0.01409882,0.00129904
-0.4968252,-0.10908576,-0.86096736,0.25530367,-0.96654106,-0.02486208,-0.82944833,-0.23216025,0.50805218,-0.01082226,-0.0011968,0.00348191
-0.49679229,-0.10901243,-0.86099593,0.25529739,-0.96654131,-0.02493014,-0.82947028,-0.23219509,0.50800058,-0.00473445,-0.02235174,-0.00966658
-0.4966045,-0.10895371,-0.86111147,0.25547787,-0.96649033,-0.02504758,-0.82952694,-0.23243368,0.5077988,-0.01508353,-0.02107,-0.01498507
-0.49667401,-0.10867236,-0.86110678,0.25553809,-0.96646444,-0.02542214,-0.8294666,-0.23267213,0.50778806,-0.0087416,0.00749284,-0.00580687
-0.49596017,-0.10851917,-0.86153757,0.25589367,-0.96636619,-0.0255866,-0.82978421,-0.23315195,0.50704862,0.00672249,0.00728649,0.00974052
-0.49597514,-0.10859122,-0.86151983,0.25604498,-0.96632562,-0.02560299,-0.82972853,-0.23328629,0.50707791,0.0096024,-0.00633329,-0.00259601
-0.4960933,-0.1085742,-0.86145415,0.25614825,-0.96629533,-0.02572242,-0.82962623,-0.23342068,0.50718356,0.01186152,-0.00292307,-0.00350038
-0.49580575,-0.10813673,-0.86167457,0.25646267,-0.96619583,-0.02631436,-0.82970085,-0.23403417,0.50677853,0.00290205,-0.00119132,0.008066
-0.49580575,-0.10813673,-0.86167457,0.25646267,-0.96619583,-0.02631436,-0.82970085,-0.23403417,0.50677853,0.0041326,-0.01125193,0.00823995
-0.496059758,-0.108223172,-0.861517351,0.256409372,-0.966211134,-0.0262652317,-0.829565329,-0.233930275,0.50704821,0.000473572407,-0.00555932475,0.00458706357
-0.49616267,-0.10833256,-0.8614443,0.25617023,-0.96628092,-0.02602889,-0.82957763,-0.23359098,0.50718447,0.009705,0.01041645,0.00888456
-0.496026767,-0.108467325,-0.861505841,0.256097414,-0.966306895,-0.0257902455,-0.829681619,-0.233422068,0.507092258,0.0069435304,0.000846743525,0.00982330553
-0.49597532,-0.10934566,-0.86142445,0.25531827,-0.96655139,-0.02431247,-0.8299525,-0.23199578,0.5073035,-0.00407315,0.00217491,0.01272131
-0.49550656,-0.10914519,-0.86171959,0.25479931,-0.9666943,-0.0240736,-0.83039185,-0.23149418,0.50681341,0.00541523,-0.00798279,0.00157493
