0,1,2,3,4,5,6,7,8,9,10,11
-0.48796681,-0.03177141,-0.87228371,-0.26246166,0.9584304,0.11191531,0.83246752,0.283552,-0.476021,-0.00724471,-0.00305873,0.00444713
-0.48788379,-0.03144281,-0.87234215,-0.26190274,0.95858206,0.11192578,0.83269228,0.28307557,-0.47591161,-0.00512901,0.0010584,0.00379468
-0.48781497,-0.03103751,-0.87239509,-0.26127441,0.95874643,0.1119865,0.83292989,0.2825632,-0.47580017,,,
-0.48777308,-0.03085395,-0.87242499,-0.26101336,0.9588132,0.11202353,0.83303623,0.28235665,-0.47573656,,,
-0.487739517,-0.0304830265,-0.872456761,-0.260427401,0.958965436,0.112084157,0.833239211,0.281879539,-0.475663951,-0.0049541695,-0.000643551291,-0.00161593489
-0.48779182,-0.03014262,-0.87243939,-0.25982026,0.95912461,0.1121312,0.83339816,0.28137412,-0.4756848,-0.00895447,0.00170654,-0.0034316
-0.48783555,-0.02995075,-0.87242141,-0.25957504,0.9591808,0.11221845,0.83344884,0.28120301,-0.47569696,-0.00305303,-0.0023064,-0.00529805
-0.487873055,-0.0296484899,-0.872410997,-0.259074068,0.95930919,0.112278707,0.833582994,0.280796808,-0.475702262,-0.00211049058,-0.000529527606,-0.00507254666
-0.487910093,-0.0292686275,-0.872403147,-0.258647264,0.959402347,0.112466588,0.833693886,0.280518249,-0.475672341,-0.00571961794,-0.000211477265,-0.00721554039
-0.48795356,-0.02903797,-0.87238645,-0.25843897,0.95944077,0.11261753,0.83373295,0.28041078,-0.47566708,-0.00334073,-0.00135791,-0.00364573
-0.48795421,-0.02870157,-0.87239707,-0.25789505,0.95958007,0.11267754,0.83390082,0.2799684,-0.47563312,,,
-0.48804074,-0.02827914,-0.87236234,-0.25744122,0.95967397,0.11291535,0.83399028,0.27968938,-0.4756402,,,
-0.48803387,-0.02813002,-0.87237115,-0.25722254,0.95972829,0.1129521,0.83406192,0.279518,-0.47561558,-0.0042038,-0.00119549,-0.00360748
-0.488163248,-0.0278520054,-0.872307718,-0.25706711,0.959738716,0.113217022,0.834034166,0.279510034,-0.475669001,0.000114591094,-0.0037398932,-0.00551319728
-0.48812758,-0.02777898,-0.87233018,-0.25706158,0.95973265,0.113281,0.83405693,0.27953814,-0.47561289,-0.00298087,0.00110638,-0.00562421
-0.48809144,-0.02766719,-0.87235374,-0.25709307,0.95970913,0.11340869,0.83406814,0.27962995,-0.47553885,-0.00435158,0.00565726,-0.00278522
-0.48796945,-0.02752514,-0.87242651,-0.25714576,0.95967831,0.11354998,0.83412331,0.27974973,-0.47537167,-0.00521801,0.01160866,-0.00410851
-0.48776126,-0.02719745,-0.87255332,-0.25736821,0.95957005,0.11396023,0.8341766,0.28015286,-0.47504086,,,
-0.487675124,-0.0269730958,-0.872608459,-0.257574924,0.959475022,0.114292797,0.834163191,0.280499799,-0.474859695,-0.000105328858,-0.00618994189,0.00460891519
-0.48762471,-0.02686047,-0.87263999,-0.25775014,0.95940353,0.11449776,0.83413842,0.28075503,-0.47475216,,,
-0.48762478,-0.02682164,-0.8726412,-0.25778726,0.95938594,0.11456157,0.83412696,0.28081885,-0.47473463,,,
-0.48758892,-0.02678746,-0.87266233,-0.25774461,0.95939739,0.1145616,0.83416115,0.28078297,-0.47469586,,,
-0.48758886,-0.02682628,-0.87266112,-0.25770749,0.95941498,0.11449778,0.8341726,0.28071915,-0.47471339,0.0034066,-0.00826394,0.00160093
-0.48758886,-0.02682628,-0.87266112,-0.25770749,0.95941498,0.11449778,0.8341726,0.28071915,-0.47471339,0.0034066,-0.00826394,0.00160093
-0.48750965,-0.02710029,-0.87269675,-0.25779892,0.95942361,0.11421932,0.83419049,0.28066334,-0.47471469,-0.00552517,0.00171655,-0.00397449
-0.4873949,-0.02726253,-0.87275594,-0.25792191,0.9594085,0.11406846,0.83421967,0.28069927,-0.47464242,-0.00712442,0.00461072,-0.00597351
-0.48725819,-0.02735254,-0.87282932,-0.25789556,0.95943512,0.11390402,0.83430754,0.28059951,-0.47454672,-0.00562411,-0.00484002,-0.00282615
-0.48696376,-0.02738294,-0.87299279,-0.2577679,0.95949491,0.11368919,0.83451899,0.28039204,-0.47429769,-0.00414554,-0.00488943,-0.00136179
-0.486669207,-0.0273744277,-0.873157433,-0.257677276,0.95953712,0.113538286,0.834718925,0.280248393,-0.47403094,-0.00396877993,0.00716119958,-0.000904088141
-0.4864605,-0.02731856,-0.87327527,-0.25763973,0.95955155,0.11350144,0.83485195,0.2802044,-0.47382228,-0.0073163,0.00602609,-0.00223105
-0.48619447,-0.02703992,-0.87343215,-0.25752166,0.95956656,0.11364249,0.8350434,0.28018005,-0.47349932,,,
-0.4859786,-0.02675751,-0.87356095,-0.2573397,0.95960025,0.11377006,0.83522511,0.28009174,-0.47323096,,,
-0.48595688,-0.02664659,-0.87357636,-0.25722753,0.95962436,0.11382037,0.83527223,0.28001971,-0.47319029,,,
-0.48586325,-0.02650639,-0.87363274,-0.25699279,0.95968885,0.11380695,0.83539898,0.27981195,-0.47308949,,,
-0.4856906,-0.0265237,-0.87372824,-0.25696071,0.95970937,0.11370626,0.83550927,0.2797399,-0.47293737,,,
-0.48569061,-0.0264848,-0.87372942,-0.2569979,0.95969185,0.11377004,0.83549783,0.27980368,-0.47291985,-0.00391349,0.00384146,0.00587006
-0.4857265,-0.0264022,-0.87371187,-0.25715219,0.95962782,0.11396134,0.83542939,0.28003099,-0.47290604,-0.00609152,0.01010173,-0.00489239
-0.4857769,-0.02616498,-0.87369104,-0.25731147,0.9595412,0.11433058,0.83535109,0.2803499,-0.4728555,,,
-0.48577702,-0.02608722,-0.8736934,-0.25738583,0.95950606,0.11445808,0.83532822,0.2804774,-0.47282048,-0.0012737,-0.00991022,-0.00804362
-0.48546052,-0.02603138,-0.87387101,-0.25798724,0.95931052,0.11474283,0.83532673,0.28115068,-0.47242314,-0.0060926,0.00796634,0.00251558
-0.485395712,-0.0260341732,-0.873906851,-0.258194854,0.959243839,0.114833244,0.835300174,0.281377822,-0.472334735,-0.00532562658,0.00427645398,-0.000153305358
-0.48534549,-0.02584357,-0.87394053,-0.25844453,0.95913683,0.11516499,0.83525227,0.28175994,-0.47219187,,,
-0.48524465,-0.02573449,-0.87399966,-0.25868374,0.95904618,0.11538258,0.83523673,0.28207828,-0.47202912,0.0033746,-0.01204222,-0.00406693
-0.48523007,-0.02577239,-0.87400647,-0.25879025,0.95901585,0.11539584,0.83521203,0.28217792,-0.47201296,0.0021985,-0.01299518,-0.00542961
-0.48501416,-0.02590314,-0.87412248,-0.25907791,0.95894552,0.11533483,0.8352483,0.28240487,-0.47181309,0.00231773,0.00374871,-0.00410634
-0.48474783,-0.0260766037,-0.874265186,-0.259392219,0.958873971,0.1152232,0.835305502,0.282631774,-0.471576146,-0.000185472425,-0.00130707014,-0.00893796328
-0.484596337,-0.0261656555,-0.874346332,-0.259509408,0.95885279,0.115135521,0.83535682,0.282695383,-0.471446779,-0.00271525909,6.4730637e-05,-0.0106922472
-0.4841714,-0.02627932,-0.87457858,-0.25972232,0.95881463,0.1149732,0.83553732,0.28281428,-0.47105595,-0.00747602,-0.00389636,-0.01279666
-0.48359421,-0.02640411,-0.87489378,-0.26012646,0.95871982,0.11484998,0.8357455,0.28312385,-0.47049976,-0.00777596,0.00595576,-0.00800148
-0.48320482,-0.02651292,-0.87510579,-0.26041892,0.95865231,0.1147507,0.83587982,0.2833422,-0.47012988,-0.00869954,0.01269728,-0.00493265
-0.48264104,-0.0267012,-0.87541117,-0.26148258,0.95834093,0.1149327,0.83587351,0.284376,-0.46951657,-0.00754272,0.00931829,0.00486333
-0.48224157,-0.02698092,-0.87562257,-0.26297666,0.9578859,0.11531641,0.83563517,0.28587869,-0.46902774,0.00155791,-0.01171458,0.00130943
-0.482037604,-0.0272529948,-0.87572667,-0.263848381,0.957632287,0.115431538,0.835478281,0.286701382,-0.468805435,-0.0105148414,2.90274602e-05,0.00695339963
-0.48159162,-0.0277239,-0.87595706,-0.26558528,0.9571168,0.11572331,0.83518492,0.28837269,-0.46830249,-0.00908898,0.01169485,0.00624869
-0.48106324,-0.02784588,-0.87624359,-0.26800456,0.95631794,0.11674565,0.83471658,0.29099931,-0.46751224,-0.00482437,0.00539273,0.01373552
-0.481044966,-0.0275580951,-0.876262746,-0.269281533,0.955833771,0.117767825,0.83431607,0.29261298,-0.467219913,-0.000186315738,-0.0105147948,0.00541167986
-0.480954435,-0.0273965177,-0.87631745,-0.270287623,0.955462623,0.118472685,0.834042831,0.293837722,-0.466938925,0.000947293825,0.000107049935,0.00773183396
-0.480837706,-0.0272859359,-0.876384926,-0.270668738,0.955318842,0.118761708,0.833986508,0.294315114,-0.466738769,0.000648589106,0.00148528803,0.00507410336
-0.480532334,-0.0270737069,-0.876559006,-0.271272111,0.955091474,0.119212914,0.833966498,0.295071671,-0.466296676,0.00167238456,-0.000694334449,0.0052540889
-0.48019116,-0.02682689,-0.87675354,-0.27183299,0.95487563,0.11966356,0.83398038,0.29579192,-0.46581527,0.0019716,-0.00374812,0.00275801
-0.48002302,-0.02679745,-0.87684631,-0.27220342,0.95474826,0.11983756,0.83395615,0.2962054,-0.46559549,-0.00226332,0.01195747,0.00376078
-0.4796004,-0.02666849,-0.87708156,-0.2730025,0.95446694,0.12026012,0.8339382,0.29712229,-0.46504329,0.00119916,-0.00238734,0.00769816
-0.47934557,-0.02645238,-0.87722742,-0.27354185,0.95425735,0.12069699,0.83390799,0.297814,-0.46465487,-0.00294804,0.01100045,0.0032552
-0.479105767,-0.026081841,-0.877369542,-0.274086181,0.954023415,0.121309878,0.833867101,0.298595141,-0.464226791,0.000130927656,-0.0242117029,-0.00564061105
-0.479105767,-0.026081841,-0.877369542,-0.274086181,0.954023415,0.121309878,0.833867101,0.298595141,-0.464226791,0.000130927656,-0.0242117029,-0.00564061105
-0.47853442,-0.02682954,-0.87765867,-0.27582632,0.95353031,0.12124262,0.83362126,0.30010017,-0.46369737,-0.00757653,0.00965387,0.00499605
-0.478237917,-0.0269922397,-0.877815415,-0.276788044,0.9532208,0.121484509,0.833472772,0.301067311,-0.463337459,-0.00443540141,0.000692605914,-0.00521430373
-0.47795123,-0.02704567,-0.87796982,-0.27735345,0.95303811,0.1216282,0.83344918,0.30164033,-0.46300695,-0.0025578,-0.02928519,-0.01551783
-0.47771589,-0.02721231,-0.87809288,-0.27774458,0.95293137,0.12157202,0.833454,0.30196241,-0.46278853,-0.01427812,-0.00713855,-0.01996036
-0.47683009,-0.02761722,-0.87856155,-0.27863278,0.95270964,0.12127699,0.83366473,0.30262456,-0.46197568,-0.01203119,0.0093686,-0.0100937
-0.47594947,-0.02749164,-0.87904268,-0.27916672,0.9525425,0.12136194,0.83398907,0.30316166,-0.46103684,-0.01108953,0.02708202,-0.00331462
-0.47536065,-0.02660563,-0.87938863,-0.28016428,0.95208582,0.12264002,0.83399053,0.30467153,-0.46003807,-0.00338831,-0.0050934,-0.01384899
-0.4747179,-0.02659591,-0.87973619,-0.28160977,0.95158792,0.12319242,0.83386992,0.30622393,-0.45922549,-0.0126856,-0.00657433,-0.00551545
-0.47432679,-0.0266546416,-0.87994528,-0.282300678,0.951362277,0.123353746,0.833858796,0.306919126,-0.45878124,-0.0137127899,0.0176295619,3.73329967e-05
-0.47393531,-0.02593502,-0.88017757,-0.2837285,0.95075392,0.12476022,0.83359662,0.30885975,-0.45795435,-0.00522104,0.03921538,0.02925174
-0.47465192,-0.02470521,-0.87982673,-0.28517673,0.95000073,0.12717246,0.83269421,0.31126878,-0.45796502,0.0079761,-0.01486647,0.00478378
-0.47498432,-0.02420965,-0.8796611,-0.28582064,0.94966958,0.12819615,0.8322838,0.31231648,-0.45799778,0.00324916,-0.01747602,-0.00165522
-0.47521389,-0.02368228,-0.87955142,-0.28662693,0.94927651,0.12930238,0.83187532,0.31354944,-0.45789736,,,
-0.47529699,-0.0227898,-0.87953025,-0.28712298,0.94895273,0.13057225,0.83165692,0.31459393,-0.45757785,0.00826535,0.02414483,0.01216896
-0.47553806,-0.02219275,-0.87941517,-0.28749725,0.94870838,0.13152086,0.83138973,0.31537262,-0.4575273,0.00857584,0.00117749,0.01417334
-0.47677481,-0.02073947,-0.87878064,-0.28920455,0.94776594,0.1345379,0.83008811,0.31829167,-0.45786887,0.00807525,-0.04116028,-0.00995561
-0.476731513,-0.020925723,-0.878799761,-0.289807449,0.947565597,0.134651681,0.829902734,0.318875441,-0.457798808,0.00453489926,6.72936367e-05,-0.00473975111
-0.4767153,-0.02105948,-0.87880541,-0.29138723,0.94697826,0.13537227,0.82935875,0.32060671,-0.45757549,0.00249957,0.01315552,-0.00307008
-0.47672964,-0.02100226,-0.87879893,-0.29286508,0.94639554,0.13625533,0.82882971,0.3223265,-0.45732563,0.00170429,-0.00166476,-0.00512462
-0.47678788,-0.02102883,-0.8787666,-0.29348557,0.94615453,0.13659358,0.8285766,0.32303153,-0.45728666,-0.00239009,-0.04472208,-0.02036949
-0.47624812,-0.02158795,-0.87904589,-0.29461118,0.94583464,0.13638582,0.82848776,0.32393024,-0.45681202,-0.01238889,0.00687009,-0.02710116
-0.47534331,-0.02190165,-0.87952775,-0.29607267,0.9453657,0.13647221,0.82848641,0.32527528,-0.45585774,-0.01130393,0.03162819,0.00842503
-0.47507236,-0.02191086,-0.87967402,-0.29688905,0.94506271,0.13679683,0.82834978,0.32615394,-0.45547827,-0.00732884,0.01998514,0.0070172
-0.4745972,-0.0218111,-0.87993299,-0.29842573,0.94446966,0.13754691,0.82806997,0.32787398,-0.45475166,-0.00893451,-0.00844681,0.00239791
-0.47401758,-0.02202515,-0.88023985,-0.29979734,0.94399485,0.13782333,0.82790631,0.32922425,-0.45407324,-0.01927328,-0.01851129,-0.01153032
-0.47353564,-0.02212677,-0.88049664,-0.30043303,0.94378779,0.13785718,0.82795164,0.32981057,-0.45356476,-0.01870773,-0.00669521,-0.00103873
-0.47270749,-0.02186219,-0.88094811,-0.30173175,0.94327966,0.13849705,0.82795259,0.33127862,-0.45249187,-0.01013694,0.01523608,0.01241977
-0.47246748,-0.02110046,-0.88109561,-0.30298972,0.94266976,0.13989628,0.82763031,0.33305932,-0.45177404,-0.00262992,-0.00307351,0.01159767
-0.47239896,-0.02083267,-0.88113856,-0.30344663,0.94244747,0.14040264,0.82750185,0.33370459,-0.45153281,-0.00648103,-0.02136969,-0.00293764
-0.47212318,-0.02061417,-0.88129142,-0.30411915,0.94215881,0.14088405,0.82741226,0.33453225,-0.45108417,-0.00852734,-0.00660038,-0.00698525
-0.4722082,-0.01976496,-0.8812654,-0.30457127,0.94183387,0.14207496,0.8271975,0.33549709,-0.45076152,0.00561995,0.04387098,0.00373255
-0.47267451,-0.01885559,-0.8810353,-0.30483524,0.94154866,0.14339312,0.82683385,0.33634889,-0.4507939,0.01544109,0.04745108,0.01790003
-0.47442201,-0.01668251,-0.88013927,-0.30549357,0.94080404,0.14683806,0.82558895,0.33854015,-0.45143454,0.03426215,-0.03685742,-0.00310552
-0.47567645,-0.01617779,-0.87947154,-0.3065168,0.94021185,0.14848948,0.82448733,0.34020575,-0.4521954,0.01800587,-0.07660126,-0.03535983
-0.47570174,-0.01677867,-0.87944667,-0.30722919,0.94001724,0.14824914,0.82420761,0.34071405,-0.45232274,0.00811913,-0.05898302,-0.04268155
-0.47485053,-0.01826102,-0.87987695,-0.30893588,0.93961875,0.14722511,0.8240604,0.34173549,-0.45181995,-0.00675287,0.02904576,0.00304186
-0.474218335,-0.0190844225,-0.88020036,-0.31050272,0.93914922,0.14692447,0.823835511,0.342978897,-0.451287543,5.4637203e-05,0.00350147462,0.0126580773
-0.47411748,-0.01939003,-0.88024813,-0.31105395,0.93897758,0.14685552,0.82368573,0.3434314,-0.45121704,-0.00859832,-0.02273303,0.00873262
-0.47363792,-0.02074237,-0.88047528,-0.31192823,0.93887083,0.14567888,0.82363083,0.34364416,-0.45115496,-0.02414345,-0.02089077,-0.02914574
-0.47363792,-0.02074237,-0.88047528,-0.31192823,0.93887083,0.14567888,0.82363083,0.34364416,-0.45115496,-0.02414345,-0.02089077,-0.02914574
-0.47228759,-0.02179925,-0.88117477,-0.31334062,0.93854812,0.14472415,0.82387004,0.34445931,-0.45009521,-0.01470748,0.05341404,0.01782522
-0.47254966,-0.02120437,-0.8810491,-0.31427663,0.93803962,0.14598589,0.82336343,0.34587867,-0.44993435,0.00230951,-0.02816963,-0.00225744
-0.47265557,-0.02126665,-0.88099073,-0.3151461,0.93767671,0.14644228,0.82297015,0.34685751,-0.44990022,-0.00856132,-0.05206966,-0.03661049
-0.47223923,-0.02166682,-0.88120408,-0.31564537,0.93756176,0.14610253,0.82301766,0.34714334,-0.44959247,-0.01205009,-0.01465183,-0.03316511
-0.47112663,-0.02195118,-0.88179242,-0.31653163,0.9373125,0.14578415,0.82331492,0.34779798,-0.44854113,-0.01003207,0.03576582,-0.00190794
-0.47053444,-0.02148491,-0.88211991,-0.31711608,0.93702958,0.14633165,0.82342852,0.34858852,-0.44771789,0.00297395,0.00497383,0.00717857
-0.47049971,-0.02121886,-0.88214502,-0.31729037,0.93691403,0.14669331,0.82338138,0.34891527,-0.44755032,0.00461855,-0.0248816,-0.00426339
-0.47006473,-0.0215797,-0.88236814,-0.31796392,0.936719,0.14648024,0.82337001,0.34941641,-0.44718014,-0.0130133,-0.03695941,-0.03052584
-0.46900137,-0.02254134,-0.88290968,-0.31920618,0.93642519,0.14565461,0.82349562,0.35014246,-0.44638003,-0.00914583,0.04072278,0.00381575
-0.46865206,-0.02278137,-0.88308885,-0.32000018,0.93615133,0.14567275,0.82338617,0.35085848,-0.44601928,-0.00394142,0.02375942,0.01730152
-0.468737712,-0.0232195696,-0.883031993,-0.321358535,0.935637534,0.145983159,0.822808205,0.352197732,-0.446030395,0.00637570815,-0.0124271503,6.95541967e-05
-0.46906521,-0.02417771,-0.88283242,-0.32275021,0.93517574,0.14587198,0.82207661,0.35335785,-0.44646176,-0.00248244,-0.03012824,-0.01943173
-0.46900939,-0.02497325,-0.88283991,-0.32347903,0.93499743,0.14539986,0.82182193,0.35377414,-0.44660089,-0.00831972,-0.01303643,-0.01724636
-0.468756729,-0.0262294828,-0.882937689,-0.324951948,0.934586642,0.144755073,0.821384916,0.354767267,-0.446617094,-0.00426575262,0.0350850187,-0.000778361456
-0.46907985,-0.02677024,-0.88274983,-0.32638002,0.93403413,0.14510792,0.82063389,0.35617914,-0.44687385,0.00449934,-0.00444359,0.00630492
-0.46935424,-0.0270929,-0.88259422,-0.32702279,0.93378831,0.14524285,0.82022112,0.35679877,-0.4471375,0.00301266,-0.01633864,0.00349419
-0.46956781,-0.02930302,-0.88240992,-0.33004588,0.9328155,0.14465457,0.81888684,0.35916091,-0.44769147,-0.00741974,0.03828019,0.00891207
-0.46966583,-0.02944427,-0.8823532,-0.33083738,0.932484,0.14498354,0.81851131,0.36000921,-0.44769714,0.00437954,0.03531867,0.01996358
-0.47057419,-0.02950172,-0.88186719,-0.33256782,0.93166337,0.14629429,0.81728743,0.36212294,-0.44822806,0.01798652,-0.02522415,0.0144358
-0.47143321,-0.0304751,-0.88137497,-0.33477566,0.93077962,0.14688275,0.81588959,0.36430832,-0.44900275,0.00121771,-0.03446227,-0.01218619
-0.47158594,-0.031336,-0.88126304,-0.33609772,0.93032022,0.14677396,0.81525752,0.36540707,-0.44925789,-0.00502032,-0.01352537,-0.01602981
-0.47154759,-0.03265819,-0.88123562,-0.33837165,0.92952075,0.14661446,0.81433862,0.36732086,-0.44936387,-0.00793585,0.03969925,0.01586919
-0.47223007,-0.03315314,-0.88085164,-0.34030142,0.92867824,0.1474845,0.81313817,0.36940168,-0.44983185,0.00594604,-0.00450033,0.01442737
-0.472630308,-0.0334753157,-0.880624742,-0.341238963,0.928275063,0.147855922,0.812512463,0.370384674,-0.450154009,0.00763578806,-0.0283721667,0.000111546833
-0.47305293,-0.03470662,-0.88035019,-0.34336853,0.92747551,0.14794333,0.81136864,0.37226956,-0.45066217,-0.0072363,-0.01149291,-0.01234058
-0.47286024,-0.03600197,-0.88040157,-0.34571675,0.9266271,0.14779088,0.81048318,0.37425403,-0.45061159,-0.01334975,0.04027837,0.01272478
-0.47295735,-0.03633851,-0.88033552,-0.34688482,0.92613569,0.1481337,0.80992718,0.37543599,-0.45062795,-0.00422223,0.03105873,0.01904212
-0.47360686,-0.03657849,-0.87997644,-0.34918306,0.92505518,0.14947942,0.80855903,0.37806735,-0.45088507,0.00695324,-0.02616197,0.00723697
-0.47406738,-0.0375122,-0.87968919,-0.35151852,0.92408114,0.15002927,0.80727627,0.38035101,-0.45126297,-0.00781387,-0.03465211,-0.01027963
-0.4738179,-0.0389293,-0.87976199,-0.35492797,0.92272889,0.15032478,0.80592976,0.3834787,-0.45102256,-0.01975426,0.04081803,0.01548284
-0.47439188,-0.03880037,-0.87945836,-0.35650694,0.921906,0.15163161,0.80489457,0.38546578,-0.45117733,-0.005941,-0.00224191,0.02040054
-0.47494648,-0.03870964,-0.87916277,-0.3572826,0.92147215,0.15244081,0.80422308,0.38651083,-0.45148023,-0.00420565,-0.01404589,0.0061338
-0.47608742,-0.03875716,-0.87854327,-0.35869754,0.92070241,0.1537632,0.80291747,0.3883361,-0.45223692,-0.00839154,-0.01795405,-0.01016001
-0.47706209,-0.03869778,-0.878017,-0.35984233,0.92005374,0.15496642,0.80182596,0.38987636,-0.45284785,-0.01136331,0.01884311,-0.00353862
-0.47757761,-0.03842062,-0.87774914,-0.36015715,0.9198071,0.15569759,0.80137789,0.3904853,-0.45311674,-0.00672069,0.02508253,-0.00113929
-0.47883969,-0.03770869,-0.87709207,-0.36054034,0.91938312,0.15730653,0.80045181,0.3915517,-0.45383262,,,
-0.48031247,-0.03756752,-0.87629239,-0.36160975,0.91870275,0.15881951,0.79908576,0.39315891,-0.45484916,0.00439684,-0.02929795,-0.01555733
-0.48096007,-0.03771093,-0.87593096,-0.36239082,0.91828588,0.15944879,0.79834207,0.39411788,-0.45532493,-0.00621094,-0.00721574,-0.01453397
-0.48222029,-0.03796348,-0.87522685,-0.36391033,0.91746532,0.16070669,0.79688929,0.39600018,-0.45623569,-0.00890819,0.02479309,-0.00305369
-0.483589033,-0.037794729,-0.87447873,-0.364783579,0.916873357,0.162099287,0.795659746,0.397384948,-0.457176791,0.00155666075,0.000808715762,0.0109954728
-0.483589033,-0.037794729,-0.87447873,-0.364783579,0.916873357,0.162099287,0.795659746,0.397384948,-0.457176791,0.00155666075,0.000808715762,0.0109954728
-0.485973977,-0.0374189244,-0.873171842,-0.365409857,0.916266548,0.164107422,0.793917425,0.398817544,-0.458954941,-0.00609898008,-0.0115966788,0.000251135207
-0.48742773,-0.03720552,-0.87237009,-0.3654291,0.91607871,0.16511014,0.79301664,0.39926875,-0.46011813,-0.00877612,0.01059443,0.00628361
-0.48812492,-0.03684994,-0.87199534,-0.36513942,0.91609058,0.16568415,0.79272126,0.39927449,-0.460622,-0.0153068,0.01218039,0.01231562
-0.48963976,-0.0357153,-0.87119289,-0.36412307,0.91624024,0.16708742,0.7922544,0.39903412,-0.46163241,-0.01122718,0.00817603,0.01484916
-0.49146242,-0.03422584,-0.870226,-0.36248775,0.91659933,0.16866621,0.79187583,0.39833937,-0.46288057,-0.00617893,-0.04068881,0.00665195
-0.49240156,-0.03347672,-0.86972398,-0.36146658,0.91687542,0.16935575,0.79175906,0.39776723,-0.4635716,-0.01461867,-0.02450186,-0.00193411
-0.49397654,-0.03182852,-0.86889228,-0.35924318,0.91751374,0.17062488,0.79178987,0.39642838,-0.46466443,-0.01312389,-0.0066542,-0.00440644
-0.49535717,-0.02979739,-0.86817795,-0.35657372,0.91831058,0.17193267,0.79213384,0.3947376,-0.46551668,-0.00895938,0.01283342,0.0057246
-0.49625579,-0.02854791,-0.8677069,-0.35501958,0.91874714,0.17281435,0.79226974,0.39381305,-0.46606865,-0.00137518,0.00660282,0.00649881
-0.49834515,-0.02561766,-0.86659998,-0.35135169,0.91976985,0.17485819,0.79259307,0.39162116,-0.46736365,0.00962393,-0.00757784,-0.02052914
-0.50049236,-0.02252496,-0.865448,-0.34726721,0.92093818,0.17685691,0.79304042,0.3890572,-0.46874472,0.01531424,-0.00854379,-0.03600325
-0.50139433,-0.02111513,-0.86496118,-0.34535768,0.92149393,0.17769921,0.79330434,0.38781837,-0.46932411,0.0143708,-0.01268434,-0.03682454
-0.50289308,-0.01864352,-0.86414733,-0.34181235,0.92256053,0.179015,0.79389074,0.3854017,-0.47032188,0.01676213,-0.00627738,-0.0203898
-0.50428849,-0.01648147,-0.86337806,-0.33866796,0.9234924,0.18018274,0.7943534,0.38326253,-0.47128834,0.0223681,0.00649565,-0.01023938
-0.50506446,-0.01553069,-0.86294197,-0.33715773,0.92394308,0.1807038,0.79450281,0.3822146,-0.47188711,0.02487282,0.00234145,-0.00565059
-0.50635077,-0.01435332,-0.86220817,-0.33449623,0.92484337,0.18104427,0.79480892,0.38007727,-0.47309629,0.02609836,-0.02436119,-0.00173113
-0.507168963,-0.0142119206,-0.86172941,-0.332521681,0.925673434,0.180438415,0.795115643,0.378056492,-0.474198604,0.0154109681,-0.020009635,0.000812552404
-0.50747515,-0.0143335271,-0.861547104,-0.33166347,0.92607594,0.17995191,0.795278697,0.377064845,-0.474714431,0.0163255259,-0.0161634665,2.54940242e-05
-0.50773526,-0.014506,-0.86139083,-0.32976336,0.92698411,0.17876402,0.79590245,0.37481999,-0.47544605,0.02629609,0.01096314,0.00635103
-0.50819793,-0.01473267,-0.86111405,-0.32719482,0.92819031,0.17721816,0.79666681,0.37181403,-0.47652484,0.03239631,0.01180869,0.02330045
-0.50858779,-0.01513692,-0.86087709,-0.32572671,0.92891939,0.17609906,0.79701982,0.36997248,-0.47736756,0.03456239,0.00590032,0.01770045
-0.50944898,-0.01641983,-0.86034408,-0.32235527,0.9306539,0.17311958,0.79783998,0.36553207,-0.47941369,0.02278436,-0.01315552,0.0067275
-0.51015691,-0.01807968,-0.85989116,-0.31882578,0.93252567,0.16954639,0.79880523,0.36065078,-0.48149868,0.01314854,-0.01317519,-0.0094905
-0.510292282,-0.0190144906,-0.859790741,-0.317188239,0.933433626,0.167610503,0.799370559,0.358245878,-0.482355144,-0.00061812019,-0.0118632307,-0.0127547625
-0.5098584,-0.02084509,-0.86000566,-0.31416044,0.9351702,0.16358456,0.80084173,0.35358474,-0.48335308,-0.01498164,-0.00326467,-0.01738095
-0.50858497,-0.02246502,-0.86071877,-0.31159747,0.93670305,0.15966971,0.80265092,0.34940338,-0.48339314,-0.02826401,0.01322609,-0.0200477
-0.50764468,-0.02301245,-0.8612589,-0.31042251,0.93738898,0.15792321,0.8037004,0.3475231,-0.4830041,-0.03131831,0.02395969,-0.0222265
-0.50522255,-0.0236623,-0.86266445,-0.30871799,0.93842909,0.15506137,0.8058803,0.34466059,-0.48142051,-0.04242001,0.03333252,-0.00744899
-0.50238777,-0.0233681,-0.86432673,-0.30735501,0.93917251,0.15325766,0.80817057,0.34264988,-0.47901109,-0.0363746,0.01928049,0.00337482
-0.50110105,-0.02289804,-0.86508565,-0.30673963,0.93944614,0.15281273,0.80920226,0.34193071,-0.47778118,-0.03113732,0.00434893,0.00835304
-0.49894433,-0.02137664,-0.86637026,-0.30573976,0.93975967,0.15288871,0.81091158,0.34116681,-0.47542344,-0.02401012,0.00942355,0.00414524
-0.497156833,-0.0199951279,-0.867430259,-0.305431562,0.93977796,0.153391479,0.812124757,0.341200205,-0.473324176,-0.0149013419,-0.000430226297,0.00841459446
-0.49642458,-0.01954316,-0.86785977,-0.30549751,0.93972471,0.15358622,0.81254771,0.341373,-0.47247282,-0.01858719,0.01201743,0.00557383
-0.49528101,-0.01843344,-0.86853725,-0.30564086,0.93955291,0.15435022,0.81319149,0.34190721,-0.47097672,-0.00510118,0.01936918,0.01848361
-0.49525624,-0.01684739,-0.8685835,-0.30548711,0.93933614,0.15596548,0.81326426,0.34258396,-0.47035874,0.0105627,-0.00559348,0.02572777
-0.49571091,-0.01599199,-0.86834025,-0.30533657,0.93921093,0.15701084,0.81304374,0.34296805,-0.47046004,0.01896465,-0.01647746,0.02287797
-0.49719816,-0.01470404,-0.86751223,-0.30483696,0.93907332,0.15879457,0.81232266,0.34340221,-0.47138785,0.02226917,-0.01637775,0.01128423
-0.499003738,-0.0139233667,-0.866487822,-0.303677515,0.939279667,0.159792561,0.811649538,0.342869998,-0.472932271,0.0137273176,0.000308036775,-0.0083754221
-0.50436472,-0.01161414,-0.86341262,-0.29657473,0.94141224,0.16058155,0.81096218,0.33705803,-0.47825958,-0.01044683,0.03347617,-0.01635703
-0.50514284,-0.00989833,-0.86297879,-0.29496958,0.94169778,0.16185864,0.81106308,0.33631428,-0.47861159,-0.00262364,-0.00445765,-0.02281102
-0.50531171,-0.00890371,-0.86289083,-0.29434622,0.94175602,0.16265267,0.81118442,0.33617898,-0.47850111,0.00273066,-0.01498914,-0.0309629
-0.50492528,-0.00688268,-0.86313569,-0.29349281,0.94175725,0.16418057,0.81173429,0.33622302,-0.47753706,0.0082328,-0.01694131,-0.02637982
-0.50341982,-0.00503364,-0.86402721,-0.29252108,0.94192545,0.16494805,0.81301893,0.33578432,-0.47565638,0.00528266,-0.01171839,-0.02947688
-0.5022484,-0.00407534,-0.86471364,-0.29195905,0.9420666,0.16513762,0.81394484,0.33540112,-0.47434126,0.00320984,-0.00541007,-0.01432825
-0.499373384,-0.00226683826,-0.866383868,-0.290831594,0.942410277,0.165166133,0.816114655,0.334451385,-0.471273875,0.00943442062,-0.0111305108,-0.000881837448
-0.496120494,-0.000976799919,-0.868252996,-0.289829281,0.942827093,0.164548025,0.818451714,0.333280828,-0.468038942,-0.000148561783,-0.00338119245,-0.00794215035
-0.494393058,-0.000321339627,-0.869238291,-0.289223241,0.943082252,0.164151686,0.819710454,0.332559402,-0.466346251,0.000298810191,-0.00672280742,-0.012682599
-0.490819711,0.00116430066,-0.871260292,-0.287954472,0.943587294,0.163478546,0.822300477,0.331121817,-0.462795973,-0.00694146566,-0.000638008059,-0.0136403646
-0.490819711,0.00116430066,-0.871260292,-0.287954472,0.943587294,0.163478546,0.822300477,0.331121817,-0.462795973,-0.00694146566,-0.000638008059,-0.0136403646
-0.48281512,0.00420746,-0.87571202,-0.28656347,0.94417438,0.16253035,0.82750869,0.32941924,-0.45465595,-0.01927341,0.02472311,-0.00326215
-0.48045906,0.00545506,-0.87700011,-0.28682528,0.94401264,0.16300735,0.82878839,0.32986418,-0.45199478,-0.0153235,0.0053578,0.01301385
-0.47968494,0.00590121,-0.87742081,-0.28753489,0.94370424,0.16354202,0.82899083,0.33073778,-0.4509839,-0.01274014,-0.01062709,0.00805031
-0.47884643,0.00612846,-0.87787725,-0.28994984,0.94275698,0.16473727,0.82863449,0.33342423,-0.44965887,-0.01378529,0.00133175,-0.00769983
-0.47867192,0.00681909,-0.87796735,-0.29314126,0.94134725,0.16713334,0.82761184,0.3373705,-0.44859754,-0.01336153,0.02079195,-0.00748749
-0.47887192,0.00711011,-0.87785592,-0.29570222,0.94022644,0.16892136,0.8265844,0.34047566,-0.44814556,-0.00914963,-0.00684726,0.00313104
-0.47937048,0.00587294,-0.87759291,-0.30017948,0.93856675,0.17024903,0.82467939,0.34504777,-0.44815825,-0.01067921,-0.00356126,-0.01077065
-0.48101693,0.00427628,-0.87670085,-0.30689579,0.93589729,0.17294866,0.82124153,0.35224705,-0.44887007,-0.0079741,0.01903897,-0.0013641
-0.48285021,0.00372336819,-0.875694985,-0.310716899,0.934197736,0.175298586,0.818724971,0.356736208,-0.449920656,-0.00282965647,-0.000209093079,-0.00596647663
-0.48581668,0.00258977,-0.87405675,-0.31692471,0.93142316,0.17891231,0.81458003,0.36392881,-0.45168014,0.00672792,-0.00858313,0.00685159
-0.488193859,0.00133462075,-0.872734286,-0.321482074,0.929406546,0.181253292,0.811366866,0.369055143,-0.453301517,0.00950725749,-0.0188670736,-0.000137286494
-0.48937453,0.000530977945,-0.872073521,-0.32359662,0.928495886,0.182155469,0.809813395,0.371342303,-0.454210413,0.0121525722,-0.0184010845,-0.0114465291
-0.49134471,-0.00132439,-0.87096415,-0.32748878,0.92689679,0.1833397,0.80705106,0.37531399,-0.45585955,,,
-0.49288779,-0.00353682,-0.87008554,-0.33086956,0.92563005,0.18366908,0.80472771,0.37841312,-0.45740197,-0.00121816,-0.01272613,0.01244114
-0.49531185,-0.00687903,-0.8686881,-0.33533729,0.92397754,0.18388699,0.80138333,0.38238489,-0.45996382,-0.00523525,-0.00285572,0.00665646
-0.497075246,-0.00869144744,-0.867663771,-0.338413071,0.922706989,0.184630423,0.798994715,0.38540402,-0.461596094,-0.00637968164,0.00073194498,0.00786014833
-0.49799565,-0.00956039,-0.86712684,-0.3398145,0.92211961,0.1849906,0.79782609,0.38678678,-0.46246031,-0.00984142,-0.00546169,0.01104177
-0.50106506,-0.01289712,-0.86531346,-0.3444373,0.92025342,0.18573257,0.79391225,0.39111035,-0.46554907,-0.00483194,-0.00578308,-0.00630437
-0.50152757,-0.01342622,-0.86503729,-0.34498265,0.92004912,0.18573253,0.7933831,0.3915729,-0.4660618,-0.0058496,0.00848621,0.00509079
-0.50242857,-0.01409308,-0.86450374,-0.34530758,0.91993628,0.18568766,0.79267144,0.39181451,-0.46706871,-0.00141,-0.00452775,0.02615827
-0.50377422,-0.0148437,-0.8637079,-0.34476021,0.92022515,0.18527298,0.7920556,0.39110784,-0.46870323,0.00201746,-0.02277654,0.01949377
-0.50632099,-0.01598568,-0.862197,-0.34278409,0.92117447,0.18421911,0.791289,0.38882138,-0.47188961,0.00112452,0.00921255,0.00780289
-0.50816248,-0.01653835,-0.86110226,-0.34084964,0.92204796,0.18343684,0.79094383,0.38672217,-0.47418726,0.00610112,-0.00469315,-0.0074396
-0.50895818,-0.01679237,-0.86062736,-0.33971258,0.92257442,0.18289832,0.79092149,0.38545357,-0.47525637,0.0045441,-0.00294304,-0.01175395
-0.5101326,-0.01711285,-0.85992549,-0.33721214,0.92373543,0.18166127,0.7912349,0.38264866,-0.47699822,0.00381426,-0.00699145,-0.01463455
-0.510798729,-0.0172511824,-0.859527285,-0.333197765,0.925625472,0.179434502,0.792504893,0.378047468,-0.478556374,0.00450577587,0.000271558732,-0.00875254162
-0.51055106,-0.01706824,-0.85967784,-0.33029977,0.92698698,0.177756,0.79387617,0.37470496,-0.47891181,0.0134461,-0.00747788,-0.00731282
-0.50982953,-0.01712989,-0.86010486,-0.32754975,0.92836003,0.17566676,0.79547782,0.37128724,-0.47891625,0.01656475,-0.01457059,-0.00852388
-0.50863436,-0.01776234,-0.86079921,-0.32429199,0.93010944,0.17242716,0.79757475,0.36685273,-0.4788458,0.01174636,0.00369197,-0.00521212
-0.50776536,-0.01854266,-0.86129592,-0.32270078,0.93107278,0.17019898,0.79877324,0.36436198,-0.47875024,0.01043091,-0.01018357,-0.0124466
-0.50581312,-0.02083883,-0.86239133,-0.32157851,0.93220284,0.16608773,0.80046257,0.36133587,-0.47822175,-0.00975155,-0.00696647,-0.01863022
-0.50281959,-0.02366487,-0.86406714,-0.32212405,0.93275013,0.16190515,0.80212726,0.35974596,-0.47662805,-0.02486418,0.0238077,-0.00268555
-0.49823158,-0.02606407,-0.86665201,-0.324733,0.93240562,0.15864497,0.80393627,0.36047248,-0.47301778,-0.01391048,0.01212472,0.03332307
-0.49758151,-0.02613992,-0.8670233,-0.3257264,0.93202696,0.15883346,0.8039372,0.36144496,-0.47227384,-0.00882881,0.00937802,0.0346082
-0.49846121,-0.02592248,-0.86652437,-0.32609145,0.93174986,0.15970776,0.80324394,0.36217431,-0.47289426,0.00492084,-0.02197438,0.01767862
-0.50048281,-0.02697899,-0.86532609,-0.32369593,0.93285306,0.15813322,0.80295582,0.35924546,-0.47560991,-0.00327973,0.00612706,-0.00389518
-0.50135845,-0.02739231,-0.86480601,-0.32078033,0.93415506,0.15637872,0.80357934,0.35581454,-0.47713345,-0.00603536,-0.006877,-0.02825022
-0.50072856,-0.02910612,-0.8651149,-0.32011501,0.93480595,0.15383176,0.80423712,0.35396422,-0.47740135,-0.01236716,0.00997835,-0.04005231
-0.49900414,-0.03029498,-0.86606976,-0.32180775,0.93440517,0.15273094,0.80463308,0.35492137,-0.4760212,-0.01598539,0.00759655,-0.02470216
-0.497007942,-0.0305908212,-0.867206669,-0.323730183,0.933763016,0.152595555,0.805097493,0.35658216,-0.47399081,-0.0184040982,-0.000343203516,-0.00498014456
-0.49562609,-0.03054776,-0.8679985,-0.324826,0.9333773,0.15262662,0.80550768,0.35759425,-0.47252884,-0.01645881,0.00468665,0.00413695
-0.49448698,-0.0301105,-0.86866319,-0.32539271,0.93313764,0.15288462,0.80597889,0.35825617,-0.47122214,-0.00992706,0.01251668,0.01645859
-0.49404706,-0.02978952,-0.8689247,-0.32543129,0.93309843,0.15304182,0.80623323,0.35838514,-0.47068898,-0.0076655,0.00320989,0.0167533
-0.49313728,-0.02724491,-0.86952498,-0.32380662,0.93344081,0.15439414,0.80744365,0.35769539,-0.46913655,0.00863713,-0.01322549,0.01641616
-0.4930383,-0.02552673,-0.86963285,-0.32107695,0.93434783,0.15460827,0.80859291,0.35544692,-0.46886529,0.00667183,-0.01233798,-0.00488287
-0.49293975,-0.02526135,-0.86969664,-0.32039329,0.93460856,0.15445055,0.8089243,0.35477979,-0.46879927,0.00548745,-0.00370198,-0.00660556
-0.492323895,-0.0235558264,-0.870093203,-0.31547106,0.936495244,0.153149152,0.811230589,0.349888233,-0.468490164,-0.00299362186,0.00522071077,0.000674907642
-0.49210353,-0.02291363,-0.87023518,-0.31363664,0.93718779,0.15267976,0.81207535,0.34807185,-0.46837998,0.00124954,-0.00497472,0.00436723
-0.49186424,-0.02269179,-0.87037628,-0.31225856,0.93775601,0.15201406,0.81275111,0.34655268,-0.46833435,,,
-0.49155457,-0.02235946,-0.87055952,-0.31047929,0.93847716,0.15120587,0.81361934,0.34461668,-0.46825488,,,
-0.491106813,-0.0219986422,-0.870821494,-0.30878319,0.939163489,0.15041569,0.814534809,0.342765223,-0.468022396,-0.00532898819,0.00191861379,0.000103262137
-0.491016626,-0.0218093992,-0.870876976,-0.307175206,0.939812026,0.149655389,0.815196756,0.340995151,-0.468162629,-0.000362630468,0.000544607581,-0.00768207107
-0.491064305,-0.0217282604,-0.870852142,-0.306118873,0.940235701,0.149157808,0.815565329,0.339830397,-0.468367614,0.00240795827,-0.000696599425,-0.0144641213
-0.490941897,-0.0217711052,-0.870920151,-0.305284504,0.940598802,0.148577451,0.815951752,0.338821349,-0.468425736,0.0019697384,-3.02791577e-05,-0.0180642661
-0.49041081,-0.0220655,-0.87121184,-0.30474214,0.94091116,0.14771057,0.81647362,0.33793387,-0.46815728,0.00598826,-0.00424463,-0.02442827
-0.48892388,-0.02241675,-0.8720385,-0.30490367,0.94100759,0.14675995,0.81730496,0.33764215,-0.46691603,0.00106663,0.00258988,-0.0254964
-0.48404167,-0.0213408,-0.87478477,-0.30456949,0.9413017,0.14556286,0.82032996,0.33689122,-0.46212901,-0.00432631,0.00146419,-0.04593978
-0.47597645,-0.01801464,-0.87927348,-0.302983,0.94194421,0.14471492,0.82561958,0.33528582,-0.45380139,-0.01070008,0.00905579,-0.08684625
-0.46199024,-0.01174223,-0.88680717,-0.30091698,0.94267239,0.14428351,0.83427442,0.33351294,-0.43903887,-0.01292745,0.00164658,-0.06373465
-0.434769587,-0.0001647656,-0.900541674,-0.299121104,0.943250568,0.144239134,0.849412679,0.33208182,-0.410145943,-0.0228438638,0.00689846231,-0.0876284763
-0.4262299,0.00343417,-0.90460834,-0.29883023,0.94332078,0.14438283,0.85383168,0.3318646,-0.40104528,-0.02197594,0.00285059,-0.06961589
-0.40800167,0.0111134,-0.91291355,-0.29863955,0.94329388,0.14495199,0.86275667,0.33177275,-0.38154658,-0.01504546,0.01180142,-0.00893891
-0.38972598,0.01899171,-0.92073499,-0.29917956,0.9429478,0.14608573,0.87097945,0.33239851,-0.36180932,-0.01078411,0.00859171,0.01986653
-0.380921764,0.0227705711,-0.924326733,-0.299797541,0.942645116,0.146770607,0.874654128,0.333019035,-0.352247473,-0.0119748842,5.49554788e-05,0.0203547925
-0.347962329,0.0372298863,-0.936768933,-0.303598071,0.940892471,0.150165124,0.886989464,0.336653069,-0.31609221,0.000722857192,-0.00583976461,0.0908405185
-0.34106266,0.04041948,-0.93917126,-0.30462805,0.94040989,0.1510993,0.88931329,0.33763221,-0.30842579,0.00863898,-0.01105988,0.11088271
-0.3302293,0.04536557,-0.94280987,-0.30642687,0.93959251,0.15254008,0.89277717,0.3392755,-0.29637975,0.00826101,-0.01874095,0.10062978
-0.319972955,0.0493985729,-0.946137805,-0.308630973,0.938732763,0.153387441,0.89574767,0.341087328,-0.285123154,0.000275583938,-0.0085764518,0.0531491153
-0.31575175,0.05082545,-0.94747954,-0.30986028,0.93829376,0.15359502,0.89682067,0.34208419,-0.2805191,-0.0074163,0.01567453,0.03754987
-0.312505,0.05276908,-0.94844915,-0.31133321,0.93761653,0.15474775,0.8974475,0.34364321,-0.27658108,0.00543292,-0.00116611,0.06282489
-0.31290685,0.0531753,-0.94829403,-0.31222154,0.93718406,0.15557549,0.89699882,0.34475848,-0.27664884,0.01154908,-0.01703441,0.0722611
-0.31762438,0.0515181,-0.94681599,-0.31282672,0.93692454,0.15592257,0.89512796,0.34571418,-0.28147383,0.00537036,0.00267297,0.05441511
-0.32314667,0.04961335,-0.9450473,-0.31254191,0.93699663,0.1560604,0.89324881,0.34579735,-0.28728108,0.00481978,0.0021227,0.05082007
-0.33436012,0.0458858,-0.94132762,-0.31120096,0.93741397,0.1562338,0.88958258,0.34518043,-0.29915414,-0.01001165,0.00247556,0.01357917
-0.34262737,0.04357909,-0.93846002,-0.30965216,0.93786497,0.15660403,0.88697344,0.34425303,-0.30784385,-0.0117064,0.00775737,-0.00359083
-0.350733082,0.0417634107,-0.935543696,-0.307736288,0.938385688,0.157259886,0.884468522,0.343057011,-0.316270783,-0.012182516,-0.000480234594,-0.0172282457
-0.36179944,0.03963707,-0.93141291,-0.30469892,0.93919723,0.15832605,0.881056,0.34108279,-0.32772366,-0.00881804,0.00529927,-0.01224464
-0.37189558,0.03779167,-0.92750502,-0.30195397,0.939907,0.15936948,0.8777913,0.3393326,-0.33813592,-0.00531703,-0.00107652,-0.00897334
-0.38429518,0.03477133,-0.92255517,-0.29862424,0.94088771,0.15985579,0.87357922,0.33692916,-0.35119505,-0.00502547,-0.00872338,-0.01593258
-0.38705427,0.03385595,-0.92143516,-0.29786431,0.94115499,0.15970017,0.87262009,0.33627529,-0.35419357,-0.00405513,-0.00896996,-0.01550962
-0.39935252,0.02978696,-0.91631334,-0.29440483,0.94237088,0.15894311,0.86824144,0.33324143,-0.36756875,-0.00993579,0.00411504,-0.00937098
-0.40378427,0.02865754,-0.91440523,-0.29330823,0.94269246,0.1590635,0.86656129,0.33242993,-0.3722389,-0.01282305,0.00141877,-0.00899651
-0.410094909,0.0272285862,-0.911636029,-0.292158887,0.942960262,0.159590441,0.863981961,0.331789885,-0.378748113,-0.0126771685,-0.000418007345,-0.00190297887
-0.41819194,0.02608967,-0.90798388,-0.29073998,0.94315799,0.16100705,0.86057287,0.33131908,-0.38683576,-0.01456889,0.00164074,0.00351328
