0,1,2,3,4,5,6,7,8,9,10,11
0.93672538,-0.05363407,0.345932,-0.01216287,-0.99258318,-0.12095732,0.34985373,0.10909626,-0.93043019,,,
0.93669481,-0.05363628,0.34601441,-0.01216017,-0.9925847,-0.12094349,0.34993564,0.10907955,-0.93040115,0.00629918,0.00451332,-0.00109846
0.93672538,-0.05363407,0.345932,-0.01216287,-0.99258318,-0.12095732,0.34985373,0.10909626,-0.93043019,,,
0.93672538,-0.05363407,0.345932,-0.01216287,-0.99258318,-0.12095732,0.34985373,0.10909626,-0.93043019,,,
0.93667806,-0.05367964,0.346053,-0.01220135,-0.99258408,-0.12094343,0.34997902,0.10906274,-0.93038667,,,
0.936633635,-0.0536550485,0.346177087,-0.0121402589,-0.992578898,-0.120995562,0.350100063,0.109125834,-0.930334173,0.000616373145,-0.00271338224,0.00549174007
0.93664748,-0.05372489,0.34612878,-0.01215509,-0.99255752,-0.12116882,0.35006249,0.10928524,-0.93032953,-0.00138042,0.00380069,0.0065613
0.93664748,-0.05373924,0.34612653,-0.01214058,-0.99254768,-0.1212485,0.35006297,0.10936492,-0.93031969,,,
0.93655568,-0.05378896,0.34636713,-0.01208888,-0.99252426,-0.12144612,0.35031029,0.10955386,-0.93020447,0.00520273,0.00361139,-0.00532027
0.93651121,-0.05376441,0.34649118,-0.01202779,-0.99251866,-0.12149811,0.35043128,0.10961681,-0.9301515,,,
0.93651121,-0.05377877,0.34648897,-0.01201327,-0.99250929,-0.1215778,0.35043179,0.10969651,-0.93014214,,,
0.936497333,-0.0537520061,0.34653062,-0.0119548369,-0.992501893,-0.121643775,0.35047087,0.109776354,-0.930117977,-0.00316318357,-0.000860989094,0.00483360095
0.93648058,-0.0538241,0.3465647,-0.01196694,-0.99248208,-0.12180309,0.35051522,0.1099189,-0.93008429,,,
0.936466707,-0.0537973318,0.346606331,-0.0119085556,-0.992474676,-0.121868884,0.350554258,0.109998571,-0.930060134,0.00339125167,0.00671344995,-0.000237349654
0.93644995,-0.05385508,0.34664266,-0.01193515,-0.9924647,-0.12194863,0.35059814,0.11006156,-0.93003629,,,
0.936449947,-0.0538550813,0.346642656,-0.0119351477,-0.992464701,-0.12194863,0.350598136,0.110061557,-0.930036288,0.00598600227,8.95261765e-05,0.00185523345
0.93648058,-0.05385283,0.34656024,-0.01193789,-0.99246287,-0.12196245,0.35051621,0.11007827,-0.93006509,,,
0.93646382,-0.05392492,0.34659431,-0.01194997,-0.99244306,-0.12212176,0.35056057,0.11022082,-0.93003141,,,
0.93644705,-0.05396831,0.34663286,-0.01199109,-0.99244269,-0.12212182,0.35060395,0.11020412,-0.93001717,0.00501165,0.00343329,-0.00120243
0.936430284,-0.0540260565,0.346669155,-0.0120177047,-0.992432481,-0.122201449,0.350647818,0.11026697,-0.929993095,0.000717021874,0.00346928835,-0.00361449621
0.93644415,-0.05408157,0.34662305,-0.01204705,-0.99242068,-0.12229502,0.35060979,0.11034667,-0.92999806,,,
0.93643028,-0.05404043,0.34666692,-0.01200317,-0.99242288,-0.12228113,0.35064832,0.11034665,-0.92998349,,,
0.93647478,-0.05406495,0.34654289,-0.0120643,-0.99242868,-0.12222928,0.35052738,0.11028384,-0.9300367,0.00381106,-0.00265706,0.00436742
0.93651927,-0.05411817,0.34641432,-0.01209644,-0.99241483,-0.12233653,0.35040738,0.11038014,-0.93007023,,,
0.93653312,-0.05417365,0.3463682,-0.01212579,-0.99240303,-0.12243009,0.35036935,0.11045985,-0.9300752,-0.00471072,0.0024727,0.00242276
0.9364106,-0.05422578,0.34669114,-0.01207118,-0.99238106,-0.12261363,0.35069854,0.11063173,-0.92993072,,,
0.93634638,-0.05434356,0.34684611,-0.01212156,-0.99236228,-0.12275912,0.35086823,0.11074074,-0.92985355,0.00830788,-0.00330287,0.0023868
0.93640769,-0.05433901,0.34668125,-0.01212713,-0.99235858,-0.12278674,0.35070437,0.1107742,-0.92991115,,,
0.93642154,-0.0543945,0.34663515,-0.01215647,-0.99234701,-0.12288031,0.35066638,0.11085391,-0.92991636,,,
0.93635733,-0.05452663,0.3467878,-0.01219233,-0.99231838,-0.1231053,0.35083654,0.1110424,-0.92982937,0.00568836,0.00414068,0.00206371
0.93630986,-0.0545867,0.3469065,-0.01221612,-0.99231005,-0.12317112,0.35096238,0.11108848,-0.92977651,0.00388474,0.00351161,-0.00475208
0.936323725,-0.054642185,0.346860383,-0.012245458,-0.992298465,-0.123264689,0.350924411,0.111168189,-0.929781726,0.00073865836,-0.00212520361,-0.00495924894
0.93642953,-0.05469076,0.34656697,-0.01228321,-0.99228111,-0.12339966,0.35064065,0.11129813,-0.92987312,,,
0.936474,-0.05472957,0.34644064,-0.01232992,-0.99227685,-0.12342734,0.35052021,0.11131491,-0.92991627,,,
0.93644337,-0.05476058,0.34651852,-0.01229807,-0.99225924,-0.12357276,0.35060314,0.11145739,-0.92986803,,,
0.93637915,-0.0548784,0.3466734,-0.0123484,-0.99224043,-0.12371814,0.35077286,0.11156623,-0.9297909,0.00765159,0.00386459,-0.00483182
0.936409787,-0.0548760968,0.346590984,-0.0123512283,-0.992238589,-0.123731947,0.350690951,0.11158298,-0.9298197,-0.000748262857,0.00476032495,-0.00651076529
0.9364513,-0.05499937,0.34645927,-0.01248294,-0.99223175,-0.12377345,0.35057543,0.11158297,-0.92986324,,,
0.9364513,-0.05499937,0.34645927,-0.01248294,-0.99223175,-0.12377345,0.35057543,0.11158297,-0.92986324,,,
0.936523402,-0.0551203524,0.346245088,-0.0126174859,-0.992223327,-0.123828847,0.350377958,0.11159987,-0.929935843,-0.000330333714,-0.00434601307,0.00547785545
0.93652041,-0.05521919,0.34623742,-0.01268799,-0.99221069,-0.12392221,0.3503834,0.11166262,-0.92992618,,,
0.93651742,-0.05530368,0.34623202,-0.01277299,-0.99220788,-0.12393603,0.3503883,0.11164583,-0.92992636,0.00446792,0.00519019,0.00432552
0.93653124,-0.05535912,0.34618579,-0.01280241,-0.99219585,-0.12402944,0.35035029,0.11172543,-0.92993113,,,
0.93645319,-0.0554215,0.34638689,-0.01282333,-0.99218904,-0.12408138,0.3505581,0.11175457,-0.92984927,,,
0.93640575,-0.05548157,0.3465055,-0.01284708,-0.99218042,-0.12414711,0.35068393,0.11180048,-0.92979621,,,
0.93632763,-0.05554399,0.34670657,-0.01286796,-0.99217391,-0.12419919,0.35089171,0.11182972,-0.92971458,0.01265763,0.00523955,-0.0012163
0.93640274,-0.05558042,0.3464978,-0.01291754,-0.99216801,-0.12424061,0.35068938,0.11186334,-0.9297868,0.00179662,-0.00203967,-0.00451092
0.936464,-0.05556143,0.34633523,-0.01293774,-0.99217419,-0.12418861,0.35052501,0.11181737,-0.92985424,,,
0.936464,-0.05557576,0.34633293,-0.01292323,-0.99216435,-0.12426816,0.35052554,0.11189692,-0.92984441,,,
0.9364778,-0.05560249,0.34629131,-0.01298166,-0.99217176,-0.12420235,0.35048649,0.1118173,-0.92986863,,,
0.93650842,-0.05560019,0.3462089,-0.01298449,-0.99217018,-0.12421625,0.35040461,0.11183422,-0.92989766,0.00268578,0.00871545,-0.00200037
0.93653903,-0.05559787,0.34612645,-0.01298734,-0.99216837,-0.12423002,0.35032266,0.111851,-0.92992647,,,
0.9366308,-0.05557654,0.34588147,-0.01301035,-0.99217285,-0.1241918,0.35007639,0.11182182,-0.93002271,,,
0.93666138,-0.05557421,0.34579901,-0.0130132,-0.99217107,-0.12420557,0.34999444,0.11183861,-0.93005151,,,
0.936633807,-0.0554920356,0.345886886,-0.0129253395,-0.992175657,-0.124177997,0.350071478,0.111838604,-0.930022509,0.00646564225,-0.000350058079,0.00180689711
0.93667817,-0.05551647,0.3457628,-0.01298662,-0.99218131,-0.12412595,0.34995048,0.11177578,-0.93007553,,,
0.93672853,-0.05540054,0.34564495,-0.01284888,-0.99217316,-0.12420555,0.34982075,0.11190573,-0.93010873,-0.00961621,0.00367934,0.00215734
0.93655884,-0.05546995,0.34609337,-0.01286123,-0.9921718,-0.12421626,0.35027436,0.11188465,-0.92994069,0.00789938,-0.00333107,0.00411019
0.93652824,-0.05548659,0.34617347,-0.01284391,-0.99216353,-0.1242819,0.35035677,0.11194729,-0.92990181,,,
0.93648381,-0.05546222,0.3462976,-0.0127826,-0.99215819,-0.12433406,0.3504778,0.11201025,-0.92984903,0.00932419,-0.00143176,-0.00298812
0.93653124,-0.0554307756,0.346174313,-0.0127298877,-0.992146906,-0.124427315,0.350352931,0.112123306,-0.929882191,-0.00402325811,0.00720220804,7.92295905e-05
0.93651742,-0.05540403,0.34621598,-0.01267144,-0.99213951,-0.12449312,0.35039199,0.11220293,-0.92985798,-0.00653331,0.00141865,0.00102035
0.9363811,-0.05540101,0.34658501,-0.01258708,-0.99212934,-0.12458319,0.35075918,0.11229485,-0.9297085,,,
0.93627529,-0.05539566,0.34687158,-0.01250556,-0.99211722,-0.1246869,0.35104441,0.11240344,-0.92958759,0.00749032,-0.00258136,-0.00145229
0.93635344,-0.05536192,0.34666598,-0.01245564,-0.99210449,-0.12479425,0.35083771,0.11253358,-0.92965002,-0.00698978,0.00335342,-0.0023531
0.93629212,-0.05539533,0.3468262,-0.01242089,-0.99208807,-0.12492562,0.35100253,0.11265898,-0.92957228,0.00220906,0.00516516,-0.0044107
0.93627826,-0.0553686,0.34686786,-0.01236242,-0.99208047,-0.12499127,0.35104154,0.11273848,-0.92954784,0.00691456,-0.00234914,-0.00108871
0.93623374,-0.05534429,0.34699192,-0.01230108,-0.99207497,-0.12504325,0.35116244,0.11280134,-0.92949485,,,
0.93623671,-0.0552885,0.3469928,-0.01218702,-0.99205811,-0.12518836,0.35115851,0.11297713,-0.92947502,,,
0.93619217,-0.0552498,0.34711911,-0.01214022,-0.99206199,-0.12516066,0.35127885,0.11296032,-0.92943139,0.0072068,-0.00172538,0.00579577
0.93614759,-0.05523984,0.34724087,-0.01206435,-0.99204623,-0.12529191,0.35140022,0.11310248,-0.9293681,0.00554556,0.01018268,0.00308239
0.93598599,-0.05509918,0.34769858,-0.01177784,-0.99202369,-0.12549894,0.35184017,0.11337011,-0.92916921,-0.00147493,0.0022921,-0.01435865
0.93597502,-0.05498805,0.34774571,-0.01163434,-0.99201892,-0.12555074,0.35187414,0.11346656,-0.92914468,-0.00489783,-0.00183868,0.00256898
0.935947181,-0.0549059285,0.347833594,-0.0115464747,-0.992023462,-0.125522899,0.35195106,0.113466551,-0.929115529,-0.000707068248,-0.00400799513,0.00625204202
0.93588565,-0.05492508,0.34799609,-0.01152618,-0.9920171,-0.12557452,0.35211531,0.11351233,-0.92904764,,,
0.93581308,-0.05483311,0.3482057,-0.01136236,-0.99200601,-0.12567784,0.35231346,0.11365452,-0.92895524,0.00392339,0.00560993,0.00445353
0.93582993,-0.05480408,0.34816498,-0.01130674,-0.99199648,-0.12575727,0.35227049,0.1137508,-0.92895963,-0.00997846,0.00778395,0.00423476
0.93577125,-0.05473878,0.34833294,-0.01120141,-0.99199297,-0.12579496,0.3524297,0.11381349,-0.92889165,,,
0.93572648,-0.05472893,0.34845472,-0.01112542,-0.99197715,-0.12592597,0.35255095,0.11395556,-0.92882816,,,
0.93575729,-0.05475537,0.34836783,-0.01109914,-0.99195547,-0.12609887,0.35247,0.11413135,-0.92883729,-0.00429566,0.00342137,-0.00535321
0.93576018,-0.05471415,0.34836656,-0.01097041,-0.99192855,-0.1263234,0.35246638,0.11438669,-0.92880748,-0.00132952,-0.00744295,-0.00468052
0.93580782,-0.05468269,0.34824347,-0.01091768,-0.991917,-0.12641686,0.35234147,0.11449988,-0.92884069,-0.00302835,0.00113016,0.0071757
0.93580782,-0.05468269,0.34824347,-0.01091768,-0.991917,-0.12641686,0.35234147,0.11449988,-0.92884069,0.0056807,0.01060635,-0.0031063
0.93582466,-0.05463923,0.34820505,-0.01087666,-0.99191752,-0.12641679,0.35229803,0.11451664,-0.92885516,0.01096552,0.00655669,0.00376147
0.93596458,-0.0545861,0.3478371,-0.01084728,-0.99191061,-0.12647263,0.35192702,0.11460082,-0.9289853,-0.00863678,-0.0115546,0.00809792
0.93601214,-0.05454022,0.34771632,-0.01080917,-0.99190944,-0.12648655,0.3518017,0.11463442,-0.92902881,-0.00949775,-0.01182508,0.00442579
0.93596458,-0.05461486,0.34783257,-0.01081818,-0.99189047,-0.12663143,0.3519279,0.11475962,-0.92896516,0.00616045,0.01014501,0.01032684
0.93590304,-0.05464852,0.34799285,-0.0107832,-0.99187429,-0.12676251,0.35209262,0.11488494,-0.92888744,0.01124306,0.00252157,0.00678286
0.935933803,-0.0546748575,0.347905964,-0.0107570139,-0.991852423,-0.126935292,0.352011628,0.115060599,-0.928896333,0.0088252686,-0.000275373459,0.0113923326
0.93604288,-0.05466715,0.34761361,-0.01068117,-0.99181736,-0.12721538,0.3517238,0.11536613,-0.92896747,-0.008506,-0.00217098,-0.00104234
0.93604288,-0.05472466,0.34760457,-0.01062299,-0.99177733,-0.12753316,0.35172557,0.1156839,-0.92892744,0.00670541,-0.00841016,-0.0128417
0.93604288,-0.05473903,0.34760231,-0.01060845,-0.99176726,-0.12761255,0.35172601,0.1157633,-0.92891737,0.01084977,-0.00324494,-0.00687635
0.93617969,-0.05479878,0.34722423,-0.01063531,-0.99173741,-0.12784089,0.35136087,0.1159892,-0.9290272,-0.00385646,0.00561661,-0.00529232
0.93625785,-0.05476464,0.34701882,-0.01058575,-0.99172436,-0.12794823,0.35115406,0.11611908,-0.92908944,,,
0.93625785,-0.05477899,0.34701656,-0.01057123,-0.99171429,-0.12802762,0.3511545,0.11619848,-0.92907938,-0.00182624,-0.00453788,0.0030938
0.93622717,-0.05481019,0.34709441,-0.01053923,-0.99169581,-0.12817242,0.35123725,0.1163404,-0.92903021,0.00420583,0.00224692,0.00234808
0.93619647,-0.05484142,0.34717227,-0.01050717,-0.99167757,-0.12831734,0.35132003,0.11648245,-0.92898128,0.00155022,0.01038271,0.00416922
0.936213257,-0.054797905,0.347133871,-0.0104661991,-0.991677913,-0.128317292,0.35127652,0.116499178,-0.928995534,-0.00339997094,0.0056257844,0.000835608982
0.93616576,-0.05487262,0.34725014,-0.01047511,-0.99165912,-0.12846213,0.35140281,0.11662437,-0.92893212,-0.00740049,-0.00126433,0.00274381
0.93604,-0.0550103,0.34756724,-0.01050443,-0.99163335,-0.12865849,0.3517368,0.11677849,-0.92878634,,,
0.93588333,-0.05513615,0.34796895,-0.01054524,-0.99161952,-0.12876142,0.35215222,0.11683625,-0.92862161,0.00696659,0.00177842,-0.00660529
0.935723572,-0.0553465004,0.348364989,-0.0106709652,-0.99160308,-0.12887829,0.352572732,0.116877064,-0.928456982,0.00338460226,0.0083706975,-0.000533112558
0.93576543,-0.0554982,0.34822838,-0.01077383,-0.99157559,-0.12907877,0.35245848,0.11703569,-0.92848007,-0.00266079,-0.00951475,-0.00114444
0.935793313,-0.0555945189,0.348138049,-0.0108472891,-0.991560705,-0.129185912,0.352382162,0.117114957,-0.928498905,0.000942049082,-0.000409543514,0.00663210871
0.93575665,-0.05579477,0.34820455,-0.01098507,-0.99153673,-0.12935851,0.35247524,0.11722303,-0.92844999,-0.00223107,0.00298613,0.00518171
0.93558273,-0.05599304,0.34863981,-0.01103749,-0.99150213,-0.12962012,0.352935,0.11742224,-0.92825029,0.01108315,0.00607616,-0.0063479
0.93550117,-0.05615492,0.3488326,-0.01112815,-0.99148236,-0.12976486,0.3531483,0.11751331,-0.92815781,0.00911232,0.0046882,-0.00505793
0.93559076,-0.05624613,0.34857754,-0.01120769,-0.99146377,-0.12989992,0.35290837,0.11762642,-0.92823474,-0.00526252,-0.00856698,-0.0057463
0.935663368,-0.0563808192,0.34836081,-0.0113282438,-0.991444526,-0.130034828,0.352711953,0.117722508,-0.928297008,-0.000830001314,-0.0048879385,0.00402752496
0.93561565,-0.0564413,0.34847918,-0.01135156,-0.99143575,-0.13010023,0.35283778,0.11776803,-0.92824349,,,
0.93545841,-0.05658177,0.3488783,-0.01137744,-0.99141165,-0.13028239,0.35325361,0.11790442,-0.92806812,0.01656294,0.01040465,0.00474379
0.93553108,-0.05671644,0.3486615,-0.01149798,-0.99139254,-0.13041741,0.35305721,0.11800064,-0.92813066,,,
0.9356544,-0.05672054,0.34832975,-0.01149575,-0.99137477,-0.13055233,0.35273033,0.11814755,-0.92823622,-0.0073128,-0.00447959,0.00490457
0.93576074,-0.05678248,0.3480339,-0.01151994,-0.99134629,-0.13076654,0.35244735,0.11835686,-0.92831707,0.00113486,-0.00129956,0.00933355
0.93571002,-0.05698493,0.34813715,-0.01156996,-0.99129325,-0.13116284,0.35258033,0.11870245,-0.92822234,0.00722771,0.00460309,0.00628683
0.93571002,-0.057013657,0.348132445,-0.0115408655,-0.991272653,-0.131321218,0.352581288,0.11886083,-0.928201738,0.00279711047,0.00856333971,0.000527910073
0.93575472,-0.0571238,0.34799422,-0.0115153,-0.99121662,-0.13174519,0.35246348,0.11927393,-0.92819342,-0.01356489,-0.00567132,0.0018071
0.935614555,-0.0572641266,0.348347844,-0.0114562567,-0.991161471,-0.132164899,0.352837293,0.11966464,-0.928001126,-0.00636553112,0.000668346882,-0.000717474846
0.935474241,-0.0573614014,0.348708489,-0.0114408006,-0.991137378,-0.132346812,0.353209638,0.119817529,-0.927839742,-0.00153559039,0.00925332308,-0.000105783052
0.935145264,-0.0576023247,0.349550153,-0.0114474538,-0.991090637,-0.132696527,0.354079501,0.12008907,-0.927473118,0.022969095,0.0013256669,-0.00020105578
0.93524893,-0.05776292,0.34924617,-0.01154218,-0.9910484,-0.13300371,0.35380252,0.12036051,-0.92754367,-0.00767512,-0.00825179,-0.0086566
0.93510212,-0.05808692,0.34958537,-0.01163801,-0.99097649,-0.13352975,0.35418721,0.12079547,-0.92734023,,,
0.93475203,-0.05844179,0.35046139,-0.01178448,-0.99093617,-0.13381368,0.35510527,0.1209526,-0.92696828,0.01145362,0.01320976,-0.01270606
0.93465581,-0.0585487,0.35070011,-0.01184517,-0.99092868,-0.13386491,0.35535645,0.12096351,-0.92687076,0.00770727,0.00445408,-0.00997314
0.93461855,-0.05873469,0.3507683,-0.01199722,-0.99091434,-0.13395802,0.35544934,0.1209914,-0.92683158,-0.00599609,-0.00520617,-0.01551216
0.93453309,-0.05892342,0.35096428,-0.01223092,-0.99093281,-0.1337998,0.355666,0.12074772,-0.92678018,-0.00354062,-0.00198001,-0.00302117
0.934450672,-0.0590421509,0.351163713,-0.012365042,-0.990943608,-0.133706661,0.355877837,0.120600123,-0.926717965,0.0133668473,-0.000951290131,-0.00987449568
0.93447231,-0.0592348,0.35107366,-0.01268182,-0.99097475,-0.13344605,0.35580985,0.12024938,-0.92678966,0.01030905,0.01236731,-0.00130954
0.93460738,-0.05927722,0.35070681,-0.01289689,-0.99101416,-0.13313411,0.35544722,0.11990509,-0.92697364,-0.0105286,0.00564486,-0.00580684
0.9346042,-0.05931821,0.35070832,-0.01302583,-0.99104224,-0.1329106,0.35545085,0.11965054,-0.92700489,-0.00392634,0.00240415,-0.00355592
0.93453569,-0.05940535,0.35087611,-0.01327753,-0.99110273,-0.13243559,0.35562163,0.11910702,-0.92700963,0.0073687,0.00174671,-0.00215721
0.934560349,-0.0594701956,0.350799428,-0.0135533329,-0.991167132,-0.131922969,0.355546411,0.118535473,-0.927111508,0.00375987706,0.00328165293,0.00039766077
0.93457427,-0.05945319,0.35076523,-0.01365608,-0.99120612,-0.13162008,0.3555059,0.11821866,-0.92716763,,,
0.934664203,-0.0594286041,0.35052967,-0.0138530491,-0.991269285,-0.13112103,0.355261736,0.117698226,-0.927327165,0.00403965497,-0.00322335958,0.000435860245
0.93475404,-0.05933182,0.35030647,-0.01412327,-0.99138379,-0.13022545,0.35501467,0.11678129,-0.92753796,0.00908783,0.00512975,0.00188503
0.93476793,-0.05924249,0.35028452,-0.01429931,-0.99147289,-0.12952554,0.35497105,0.1160675,-0.92764418,0.01511542,0.00598699,0.00446556
0.93495385,-0.0590976,0.34981246,-0.01444928,-0.99155283,-0.12889475,0.35447497,0.1154561,-0.92791004,-0.00150335,-0.00782853,0.00868351
0.93507766,-0.05903002,0.3494928,-0.01451984,-0.99158583,-0.12863258,0.35414536,0.11520687,-0.92806685,-0.00870859,-0.01224387,0.00596067
0.9352184,-0.05889025,0.34913962,-0.01457853,-0.99163957,-0.12821173,0.35377112,0.11481602,-0.9282581,0.00115258,0.00362033,0.0034502
0.93519073,-0.05875047,0.34923728,-0.01454913,-0.99168451,-0.12786643,0.35384547,0.1144984,-0.92826892,0.01196766,0.01225311,-0.00391679
0.93514596,-0.05868293,0.34936849,-0.01453148,-0.99170889,-0.12767991,0.3539645,0.11432251,-0.9282453,0.01285326,0.01372558,-0.00592679
0.935180086,-0.0585094208,0.349306254,-0.01453728,-0.991770195,-0.12720334,0.353874101,0.113880068,-0.928334309,0.00570674473,-0.000846743584,-0.00648028683
0.935358,-0.05818419,0.34888395,-0.01444325,-0.9918374,-0.12668868,0.35340742,0.11346025,-0.92856342,-0.00733793,-0.00111026,0.00563647
0.93539205,-0.0580541,0.34881432,-0.01440504,-0.99186834,-0.12645026,0.35331884,0.11325588,-0.92862203,-0.00619449,0.00320834,0.00441745
0.93536754,-0.0578009,0.34892207,-0.01431991,-0.99193548,-0.12593181,0.35338717,0.112796,-0.92865196,0.00465649,-0.00359142,0.01360468
0.93536001,-0.05754759,0.34898412,-0.0141499,-0.99197339,-0.12565166,0.35341395,0.11259145,-0.92866653,-0.00313854,-0.00257367,0.01061199
0.93531527,-0.05747992,0.34911516,-0.01413238,-0.99199723,-0.1254649,0.35353304,0.1124154,-0.92864248,0.00416079,0.00385839,-0.00485671
0.935318414,-0.0573665576,0.349125365,-0.0140766889,-0.992019707,-0.125291904,0.353526928,0.112273293,-0.928661808,0.00626965519,-0.000202178955,-0.003919004
0.935479013,-0.0571283888,0.348733953,-0.0139793917,-0.992056394,-0.125015508,0.353105649,0.112074297,-0.928846563,-0.0120043792,0.000553667545,0.00610269094
0.93549601,-0.05705612,0.34870019,-0.01396754,-0.99207655,-0.12485641,0.35306109,0.11193219,-0.92888058,-0.01568443,-0.00689363,0.01403903
0.935361796,-0.0569252792,0.349081411,-0.0138419805,-0.99209885,-0.124693664,0.353421446,0.111801712,-0.928759329,0.00746692857,-0.000706017017,-0.00439502485
0.935378787,-0.0568529938,0.349047661,-0.013830176,-0.992118996,-0.124534506,0.353376936,0.111659545,-0.928793357,0.000391826965,0.00225788355,-0.00902540796
0.93540965,-0.0568218,0.34896999,-0.01386226,-0.99213659,-0.12438918,0.35329394,0.11151732,-0.92884182,0.00642804,0.00551277,-0.00338149
0.93548836,-0.05673056,0.34877382,-0.01387065,-0.99216291,-0.12417825,0.35308517,0.11132958,-0.92894374,0.00619596,0.00553054,0.00798666
0.93547448,-0.05664611,0.34882475,-0.01387064,-0.99219449,-0.12392564,0.35312192,0.11109085,-0.92895834,0.0020434,-0.00684178,0.00416147
0.93547448,-0.05664611,0.34882475,-0.01387064,-0.99219449,-0.12392564,0.35312192,0.11109085,-0.92895834,0.0020434,-0.00684178,0.00416147
0.93551151,-0.05647492,0.34875319,-0.01370343,-0.99219852,-0.12391175,0.35303034,0.11114175,-0.92898704,-0.0050713,0.00428826,0.00316294
0.93557627,-0.0563715,0.34859616,-0.01363864,-0.99220755,-0.123846,0.35286118,0.11111301,-0.92905466,0.0078452,-0.0014109,0.01015038
0.9356071,-0.05638367,0.34851146,-0.01362679,-0.99219615,-0.12393952,0.35277991,0.1112096,-0.92907409,0.00391718,0.00967723,0.00196817
0.935620967,-0.056424773,0.348467575,-0.0136706737,-0.992193855,-0.123953411,0.352741433,0.111209623,-0.929088738,0.00668106368,0.000789701939,-0.00344380736
0.935517677,-0.05633489,0.34875931,-0.0135041922,-0.992184936,-0.124043193,0.353021689,0.111334887,-0.928967304,0.0152648306,-0.000911295414,-0.00691864314
0.93559629,-0.05628697,0.34855609,-0.01346868,-0.99218183,-0.12407089,0.35281463,0.11138568,-0.92903975,,,
0.93577032,-0.05616217,0.34810876,-0.013342,-0.99216668,-0.12420598,0.35235762,0.1115838,-0.92918944,-0.01336642,-0.00860196,0.00765889
0.935667089,-0.0561011799,0.34839598,-0.0131462659,-0.992138227,-0.124454923,0.352639018,0.11186827,-0.929048612,0.000424355501,-0.00327664614,0.007431217
0.93554684,-0.0560692,0.3487239,-0.01300619,-0.99211871,-0.12462411,0.35296311,0.11205612,-0.92890277,0.00998772,-0.00326103,-0.00564473
0.93541251,-0.05599618,0.34909578,-0.01282213,-0.99210167,-0.12477927,0.35332567,0.11224394,-0.92874231,0.01845943,0.01571542,-0.01702805
0.935575841,-0.055731224,0.34870024,-0.0125812933,-0.992100955,-0.124807074,0.352901597,0.112379382,-0.928886837,-0.000909797964,0.005461514,-0.00508517399
0.93558183,-0.05556228,0.34871113,-0.01241133,-0.99210657,-0.12477922,0.35289173,0.1124132,-0.92888647,-0.00474842,-0.00322217,0.00111184
0.93540856,-0.05523826,0.34922709,-0.01205448,-0.9921288,-0.12463983,0.35336315,0.11237941,-0.92871164,0.00424519,-0.00390476,0.0029295
0.93518997,-0.05490435,0.34986459,-0.01162172,-0.99213497,-0.12463113,0.35395572,0.11248776,-0.92847274,0.00634649,-0.0066151,0.0069173
0.93515083,-0.05471111,0.34999943,-0.01139044,-0.99213457,-0.12465453,0.35406661,0.11258414,-0.92841864,0.00818578,-0.00731534,-0.00110732
0.935083558,-0.0544357156,0.350222055,-0.0110713503,-0.992138942,-0.124649939,0.354254372,0.112680677,-0.928335484,0.000568293734,0.0174521804,-0.00873034261
0.93503592,-0.05398891,0.35041835,-0.0106703,-0.99217561,-0.12439236,0.35439239,0.11257225,-0.9282959,0.00169466,0.00148088,-0.01301848
0.935010604,-0.0538077562,0.350513748,-0.0105122481,-0.992192546,-0.124270718,0.354463898,0.112509751,-0.928276185,0.00215122453,0.000629961491,-0.00637586601
0.93490062,-0.05333638,0.35087896,-0.01013513,-0.99225197,-0.12382561,0.35476485,0.11220843,-0.92819754,-0.00505135,0.00390953,-0.00584914
0.93468299,-0.05283049,0.3515347,-0.00970616,-0.99231912,-0.12332359,0.35534983,0.11185641,-0.92801659,-0.00230444,-0.00675118,-0.00559245
0.93458102,-0.05259799,0.35184054,-0.00951375,-0.99235117,-0.12307934,0.35562312,0.11168029,-0.92793297,0.00221578,-0.0060724,-0.00127379
0.93452967,-0.05217699,0.35203956,-0.009257,-0.99242321,-0.12251668,0.35576481,0.11123665,-0.92793193,0.00724855,0.00139958,0.00945017
0.93448084,-0.05165677,0.35224584,-0.00893019,-0.99250699,-0.12185982,0.3559014,0.11073004,-0.92794006,-0.00367767,0.00396782,0.00957236
0.93436155,-0.0514673,0.35258985,-0.00877927,-0.99253843,-0.12161515,0.3562182,0.11053704,-0.92784159,0.00297566,0.01041991,-0.0029643
0.93417069,-0.05104259,0.35315685,-0.00843917,-0.99259931,-0.12113946,0.35672663,0.11018458,-0.92768792,,,
0.93408743,-0.05063778,0.35343526,-0.00816567,-0.99266254,-0.120641,0.35695096,0.10980321,-0.92764709,0.00238527,-0.00675434,0.00578934
0.93413814,-0.05047854,0.353324,-0.00807173,-0.99268264,-0.12048167,0.35682038,0.10969458,-0.92771016,-0.00250865,-0.00599515,0.00937087
0.934222571,-0.0502180649,0.353137836,-0.00791019517,-0.992712982,-0.120242689,0.35660288,0.109540045,-0.927812108,-0.00748572871,0.00096231699,0.0104310308
0.93404031,-0.049959,0.35365631,-0.00782871,-0.99279478,-0.11957006,0.35708178,0.10891458,-0.92770146,0.00373787,-0.00939655,0.00630991
0.93399217,-0.04998967,0.3537791,-0.00788222,-0.99280561,-0.11947597,0.35720651,0.10880105,-0.92766668,,,
0.93397527,-0.05003297,0.3538176,-0.00792344,-0.99280533,-0.11947599,0.35724979,0.10878417,-0.92765204,0.00350124,-0.00468153,-0.00230701
0.93396091,-0.04999176,0.35386132,-0.00787972,-0.99280738,-0.11946162,0.35728829,0.10878416,-0.9276372,,,
0.93392964,-0.04997912,0.35394561,-0.00789203,-0.99281852,-0.11936751,0.35736973,0.10868751,-0.92761707,0.00367237,0.00857621,-0.00230307
0.93386707,-0.04996857,0.35411215,-0.00790187,-0.99283147,-0.11925906,0.35753298,0.10857396,-0.92756745,0.00425312,-0.0030123,0.00404089
0.93377317,-0.04997474,0.35435883,-0.00789437,-0.99283691,-0.11921591,0.35777833,0.10852318,-0.92747899,0.00998436,0.00244147,0.0017141
0.933633464,-0.0499711658,0.354727278,-0.0078109352,-0.99282718,-0.119303425,0.358144591,0.108614919,-0.927327005,-0.000606613932,-0.00188076496,0.00884662475
0.93351311,-0.04985459,0.35506026,-0.00758647,-0.99281032,-0.11945604,0.35846299,0.10882012,-0.92717966,0.00292071,-0.00822705,-0.00149836
0.93349868,-0.04988708,0.35509362,-0.00746836,-0.99276493,-0.11984009,0.35850303,0.1092186,-0.92711732,-0.00418491,0.01623029,0.00581366
0.93337562,-0.04984039,0.35542353,-0.00734359,-0.99275549,-0.11992732,0.35882589,0.10932715,-0.92697978,0.00388393,0.00656825,-0.01157484
0.933312795,-0.0498593058,0.35558582,-0.00732368598,-0.992749521,-0.119978103,0.358989679,0.1093729,-0.926910984,0.0116565879,-0.000927746296,-0.00830872171
0.93337562,-0.0498699,0.3554194,-0.0073138,-0.99273654,-0.1200867,0.35882651,0.10948653,-0.92696083,,,
0.93361222,-0.04979727,0.35480761,-0.0073052,-0.99273379,-0.12010795,0.35821061,0.10954231,-0.92719217,-0.00522618,-0.01021928,0.00120748
0.93376889,-0.04983089,0.35439037,-0.00727332,-0.99269647,-0.12041905,0.35780267,0.10986597,-0.92731152,,,
0.93358087,-0.04988771,0.3548774,-0.00721345,-0.99267833,-0.12057154,0.35829418,0.11000339,-0.92710535,0.00736265,0.01260763,-0.00590153
0.93353508,-0.04987811,0.35499919,-0.00713744,-0.99266313,-0.12070201,0.358415,0.11014578,-0.92704185,0.0035415,0.01116782,-0.01218573
0.93348926,-0.04983903,0.35512511,-0.00709114,-0.99266667,-0.1206731,0.3585352,0.1101288,-0.92699708,0.00396699,0.00111574,-0.00435298
0.933542569,-0.0496099318,0.355017055,-0.00689754578,-0.992679506,-0.120579045,0.358400165,0.110116924,-0.927050746,0.00646992587,-0.0006762743,-0.00181426271
0.93359333,-0.04946531,0.35490374,-0.00678885,-0.99269003,-0.12049946,0.35827,0.1100881,-0.92710459,0.00499528,-0.00131291,0.00128472
0.93349458,-0.04912197,0.35521104,-0.00636806,-0.99268751,-0.12054306,0.35853493,0.11026429,-0.92698121,-0.00157994,0.01191074,0.00565836
0.93331342,-0.04891071,0.35571589,-0.00606829,-0.99268595,-0.12057195,0.35901146,0.11037283,-0.92678392,0.00315174,0.00560242,-0.00707388
0.933165794,-0.0485981096,0.356145787,-0.00570113276,-0.992694378,-0.120520784,0.359401023,0.110435439,-0.926625498,0.00462550949,-0.000791549683,-0.0111566018
0.933153634,-0.0484576466,0.356196784,-0.00558740758,-0.992708239,-0.120412082,0.35943438,0.110372755,-0.926620052,0.00929462072,-0.00375813246,-0.000984054292
0.9331922,-0.04817251,0.3561344,-0.00536504,-0.99273199,-0.12022367,0.35933761,0.11028112,-0.92666818,-0.00295178,-0.00700003,0.01735667
0.93282808,-0.04775004,0.35714382,-0.0047658,-0.99272872,-0.12027971,0.36029025,0.11049822,-0.92627281,0.01101881,-0.00282782,-0.00278322
0.93275721,-0.04748923,0.35736362,-0.00443253,-0.99272154,-0.12035111,0.36047793,0.11067434,-0.92617867,,,
0.93287335,-0.04727062,0.35708934,-0.00422909,-0.99272057,-0.12036571,0.36017971,0.1107758,-0.92628248,-0.01313475,0.01563936,0.00512969
0.9325202,-0.0469592,0.35805158,-0.00377341,-0.99272216,-0.12036993,0.36109813,0.11089632,-0.92591067,0.02299268,-0.00500536,-0.0031418
0.93243414,-0.04665731,0.35831503,-0.00339644,-0.99271648,-0.1204262,0.361324,0.1110725,-0.92580121,0.00215532,0.00763613,-0.00791727
0.93247018,-0.04650108,0.35824155,-0.00321421,-0.99270917,-0.12049103,0.36123266,0.11120283,-0.92582116,-0.00836314,0.00654489,-0.00686177
0.93246412,-0.0461368,0.35830443,-0.00281603,-0.99270978,-0.12049699,0.36125163,0.11135012,-0.92579618,-0.00506622,-0.00413913,-0.00187962
0.932299544,-0.045768231,0.358779637,-0.00242043177,-0.992728645,-0.120349269,0.361679002,0.111333167,-0.925631241,0.000581953558,0.00963908434,-0.00425210688
0.932272078,-0.0455864531,0.358874131,-0.00226322347,-0.992743961,-0.120225267,0.361750805,0.111270447,-0.925610641,0.0107921064,-0.00087171793,0.00308152218
0.932403,-0.04537928,0.35856011,-0.00213343,-0.99275993,-0.12009566,0.361414,0.11121259,-0.92574914,-0.00105651,-0.00805271,0.01578861
0.9324051,-0.04527988,0.35856721,-0.00206358,-0.99277138,-0.12000116,0.36140898,0.11114976,-0.92575852,-0.01264398,-0.00197828,0.00430562
0.931918511,-0.04516082,0.35984494,-0.0017531,-0.99276584,-0.120052754,0.36266349,0.111248539,-0.925256026,0.0168791339,0.000917613506,0.00218383549
0.931901587,-0.0452190587,0.359881461,-0.00177925239,-0.992756235,-0.120132378,0.362706856,0.111311233,-0.925231563,0.0123951435,0.0101950765,0.000838897191
0.93206044,-0.04519363,0.35947303,-0.00180662,-0.99275667,-0.12012697,0.3622983,0.11131616,-0.92539085,-0.0051619,-0.00106078,-0.00532599
0.93210908,-0.04513333,0.35935447,-0.0017829,-0.99276473,-0.12006231,0.36217327,0.11127048,-0.92544549,-0.00598674,-0.00443792,-0.00183481
0.93193337,-0.04518709,0.35980317,-0.0018118,-0.99277357,-0.11998803,0.36262502,0.11116896,-0.92528068,0.00848583,0.00495523,0.00142332
0.931914368,-0.0452999346,0.359838176,-0.00195292298,-0.992781043,-0.119923252,0.362673107,0.111055464,-0.925275372,-0.00462448085,-0.00249063969,0.000177118229
0.93132404,-0.04538035,0.36135321,-0.00195033,-0.99281344,-0.11965533,0.36418637,0.11073313,-0.92471953,0.01405899,0.00307637,0.0043744
0.931079192,-0.0455917738,0.361957069,-0.00215952625,-0.992831594,-0.119501096,0.364810726,0.110483328,-0.924503286,0.00884332228,-0.000947892666,-0.0071534561
0.93110906,-0.04567422,0.36186985,-0.00224675,-0.99282792,-0.11953102,0.36473398,0.11048339,-0.92453369,0.00825714,0.00153285,-0.00729792
0.93147938,-0.04594682,0.36088093,-0.00299629,-0.99292752,-0.11868423,0.36378177,0.10947061,-0.92502919,0.00317075,0.00206953,-0.01259466
0.93205376,-0.04611536,0.35937328,-0.0039384,-0.9930978,-0.11722149,0.36229859,0.10784138,-0.92580215,0.01116021,-0.00416642,0.00531355
0.93286322,-0.04633361,0.3572386,-0.00474858,-0.99318932,-0.11641595,0.36019949,0.10690378,-0.92672982,-0.0039486,-0.00211155,0.00800016
0.93299494,-0.04658647,0.35686152,-0.00526082,-0.99324585,-0.1159091,0.35985103,0.10626522,-0.92693843,0.00532545,0.00873357,-0.00954131
0.93319161,-0.04673642,0.35632727,-0.00570754,-0.99331003,-0.11533646,0.35933388,0.10559727,-0.92721533,0.00917943,-0.01258636,0.01060141
0.93360529,-0.04697285,0.35521079,-0.00624005,-0.99335046,-0.11495922,0.35824882,0.10511001,-0.92769034,-0.01020728,-0.00277996,0.01655487
0.933602945,-0.0470573766,0.355205795,-0.00632497212,-0.993348583,-0.114973802,0.358253469,0.105093214,-0.927690812,-0.000655757263,0.00316399336,0.0141711161
0.933501725,-0.0473461141,0.355433344,-0.00654304211,-0.993328282,-0.115133537,0.358513187,0.105151739,-0.927583439,0.0107701393,-0.00070476532,-0.000829802128
0.93340039,-0.04764963,0.35565884,-0.00674615,-0.99329914,-0.11537317,0.35877317,0.10529004,-0.92746724,0.00664093,-0.00471526,0.00427336
0.933119854,-0.0483525864,0.35629954,-0.00696943296,-0.993162958,-0.116527467,0.359497931,0.106250887,-0.92707706,0.00344658503,9.08374786e-05,0.00415608566
0.93288956,-0.04886705,0.356832,-0.00712806,-0.99306359,-0.11736166,0.36009201,0.10694194,-0.92676698,0.00676693,0.00923353,-0.01199687
0.932957199,-0.049346035,0.356589146,-0.00741147684,-0.992983154,-0.118021531,0.35991099,0.107466184,-0.926776494,-7.41230324e-05,0.00125557184,-0.0125058573
0.93313354,-0.04984532,0.35605791,-0.00776097,-0.99290468,-0.11865945,0.35944618,0.10796176,-0.92689951,,,
0.933114,-0.05000261,0.35608704,-0.00785726,-0.99288297,-0.11883339,0.35949479,0.10808724,-0.92686588,0.01234036,0.00496072,-0.00730058
0.93318112,-0.05042205,0.35585195,-0.00820079,-0.99283943,-0.11917368,0.35931287,0.10829236,-0.9269125,-0.00318435,-0.00286323,-0.00360119
0.93303306,-0.05067188,0.35620453,-0.00837212,-0.99282238,-0.11930423,0.35969323,0.1083326,-0.92676033,0.00112712,0.00284773,0.00639324
0.932945192,-0.0510021135,0.356387484,-0.00863328322,-0.992799095,-0.119478041,0.35991488,0.108389669,-0.926667444,0.0134286741,-0.000449478626,-0.00438677706
0.93306324,-0.05127698,0.35603883,-0.00886809,-0.9927658,-0.11973847,0.35960302,0.10856618,-0.926768,-0.00971881,0.00222844,-0.00265781
0.93301205,-0.0514215,0.35615214,-0.00897681,-0.99275523,-0.11981816,0.35973314,0.10859468,-0.92671418,-0.00227241,0.00374883,-0.00268438
0.932958145,-0.0516209085,0.356264478,-0.00920033547,-0.99276105,-0.11975289,0.359867267,0.108446681,-0.926679434,0.008931797,-0.00063842535,0.00145073514
0.93295009,-0.05187423,0.35624877,-0.00945509,-0.99275333,-0.11979604,0.35988154,0.10839536,-0.92667977,-0.00738381,0.00193578,0.01006155
0.93257521,-0.05233662,0.35716152,-0.00974878,-0.99272433,-0.12001394,0.36084406,0.10844014,-0.92630032,0.01669744,0.00184637,-0.00417464
0.932627378,-0.0526851876,0.356974012,-0.0100784761,-0.992700957,-0.120180101,0.360700151,0.108485499,-0.926351078,-0.0017482792,-0.00528305769,-0.000730501139
0.93249274,-0.05299101,0.35728035,-0.01027831,-0.9926717,-0.12040468,0.36104245,0.10860425,-0.92620381,,,
0.9323667,-0.05355142,0.35752562,-0.01064663,-0.99260594,-0.12091135,0.36135713,0.10892727,-0.92604284,0.00603364,0.00357109,-0.0036383
0.9323381,-0.05399171,0.35753398,-0.01096752,-0.99255671,-0.12128749,0.36142132,0.10915968,-0.92599059,,,
0.93237837,-0.0542293687,0.357393012,-0.0111536331,-0.992528461,-0.121504274,0.361311758,0.109301728,-0.926016939,-0.00986677315,-0.00527763367,0.000161434524
0.932329509,-0.0542894379,0.357511295,-0.0111772933,-0.99251974,-0.121569381,0.361437045,0.109346711,-0.925962234,-0.00377511,-0.0038459301,0.000911564857
0.93214534,-0.0546555,0.35793553,-0.01140044,-0.99248185,-0.12185917,0.36190482,0.10950983,-0.92576042,0.00603566,0.00740033,-0.00171562
0.93205885,-0.0549161844,0.358120801,-0.0115612911,-0.992450645,-0.122097911,0.362122399,0.109662099,-0.925657304,0.00469110906,-3.03387642e-05,-0.00307584391
0.93206441,-0.0552403,0.3580565,-0.01182973,-0.99242101,-0.12231465,0.36209944,0.10976943,-0.92565378,0.0034399,-0.00376564,-0.00450255
0.932090176,-0.0554218722,0.357961334,-0.0119871352,-0.992403824,-0.122437214,0.362027912,0.109831593,-0.925674202,0.00675407983,0.00293952227,-0.00072159397
0.93215054,-0.05550216,0.35779166,-0.01207723,-0.99239733,-0.12248021,0.36186945,0.10984886,-0.92573401,,,
0.9322192,-0.05583692,0.35756063,-0.0123359,-0.99235424,-0.122805,0.36168383,0.11007034,-0.92578048,0.0069828,0.00185472,-0.00541545
0.93224784,-0.05591924,0.35747307,-0.01242345,-0.9923495,-0.12283358,0.36160699,0.11007029,-0.92581039,0.00593404,0.00344819,-0.00441253
0.93257202,-0.05604922,0.3566061,-0.01272306,-0.99236213,-0.12270109,0.36075969,0.10989048,-0.92616227,,,
0.93264937,-0.05607144,0.35640026,-0.01278701,-0.99236584,-0.12266429,0.36055741,0.10984548,-0.92624636,,,
0.932740908,-0.0561200345,0.356152963,-0.0129096759,-0.992376783,-0.122562058,0.360316155,0.109720825,-0.926354907,0.00603996916,0.00094717741,-0.00230006082
0.93278664,-0.05614434,0.35602932,-0.01297101,-0.99238217,-0.12251087,0.36019552,0.10965844,-0.92640906,0.0082576,-0.00283569,-0.00142949
0.93298668,-0.05619845,0.35549627,-0.01317509,-0.99240498,-0.1223063,0.35966969,0.10942645,-0.92664104,0.00646377,0.00217527,0.00347837
0.933032315,-0.0562080317,0.355374951,-0.0132513301,-0.992420048,-0.12217535,0.359548468,0.109284358,-0.926704804,0.00427518599,0.00311142206,-0.000389183755
0.9330607,-0.05627565,0.35528972,-0.01335379,-0.9924251,-0.12212419,0.35947102,0.10920482,-0.92674436,,,
0.93302619,-0.0563474,0.35536898,-0.01345106,-0.99243362,-0.12204459,0.35955696,0.10909071,-0.9267245,,,
0.93308907,-0.05631379,0.35520913,-0.01348608,-0.99244888,-0.12191366,0.3593924,0.10896592,-0.92680265,,,
0.93307488,-0.05625785,0.35525527,-0.01345723,-0.99246086,-0.12181976,0.35943032,0.10888621,-0.92679737,0.0123519,0.00131589,-0.00153635
0.933169142,-0.0562074926,0.355015563,-0.0135097086,-0.992484062,-0.121623423,0.359183546,0.108699067,-0.926914827,0.00760873267,-0.000475883484,-0.00348953507
0.9332411,-0.05587651,0.35487865,-0.01333453,-0.99253709,-0.12121095,0.35900311,0.1083869,-0.92702149,,,
0.93316412,-0.05582466,0.35508919,-0.01330052,-0.99255265,-0.12108885,0.35920443,0.1082729,-0.92695702,0.01094951,0.00480324,-0.00277846
0.93323299,-0.05557808,0.35494683,-0.01321026,-0.99260216,-0.12069038,0.35902878,0.10794331,-0.92706327,-0.00304564,-0.00342047,0.00277305
0.93307894,-0.0554594497,0.355370133,-0.0131573665,-0.992642236,-0.120366151,0.359430892,0.107635385,-0.926943257,0.00290823146,0.00570350885,0.000610405114
