0,1,2,3,4,5,6,7,8,9,10,11
0.97556614,0.10245269,-0.19435571,0.07232118,-0.98506567,-0.15625243,-0.20746166,0.13837854,-0.96840621,-0.0015669,0.00421405,0.0036968
0.975548637,0.102457922,-0.194440814,0.0723152488,-0.985067106,-0.156247481,-0.207546045,0.138365981,-0.968390143,0.000402247068,0.00436377525,0.00986415427
0.97557108,0.10250047,-0.19430572,0.07235864,-0.98504983,-0.15633651,-0.20742538,0.13845768,-0.96840293,0.00522616,0.00571597,0.00330541
0.97560112,0.10245013,-0.19418142,0.07232468,-0.98505149,-0.15634153,-0.20729591,0.13848287,-0.968427,,,
0.97561366,0.10240501,-0.19414221,0.07228479,-0.98505456,-0.1563415,-0.2072508,0.13849537,-0.96843502,0.00268937,-0.00191027,0.00419485
0.975596182,0.102410227,-0.194227265,0.0722788348,-0.985055501,-0.156336526,-0.207335128,0.138482796,-0.968418475,0.00567779969,0.000424861908,0.00347740669
0.975551293,0.102348746,-0.194484991,0.0721668212,-0.985054592,-0.156395896,-0.207585229,0.138536856,-0.968357468,-0.000441818032,-0.0078843236,0.00707350392
0.975528819,0.102321966,-0.194611757,0.0721066093,-0.985047784,-0.156465149,-0.207711718,0.138603467,-0.96832059,-0.000633781543,0.00056874752,0.00711739948
0.97552882,0.10232986,-0.19460762,0.07209819,-0.98503597,-0.15654433,-0.20771465,0.13868265,-0.96830878,,,
0.97554634,0.10234035,-0.19451425,0.07208732,-0.98501065,-0.15670742,-0.20763612,0.13885333,-0.96830098,,,
0.97555889,0.1023031,-0.19447089,0.07203902,-0.98500166,-0.15678655,-0.20759391,0.13894502,-0.96829694,0.00389682,-0.00136018,-0.00348914
0.97554138,0.10231622,-0.19455181,0.07202465,-0.98499082,-0.15686064,-0.20768116,0.13901152,-0.96826859,0.00442104,0.00334454,0.00134982
0.97553145,0.10224433,-0.1946394,0.07192451,-0.98498731,-0.1569299,-0.20776252,0.13909071,-0.96823997,,,
0.97553145,0.10225221,-0.19463526,0.0719161,-0.98497526,-0.15700896,-0.20776543,0.13916977,-0.96822792,0.0027935,0.00586343,0.00104112
0.97550396,0.10218559,-0.19480791,0.07181,-0.98497275,-0.15707311,-0.2079311,0.13923628,-0.96818277,,,
0.97545131,0.10220924,-0.19505898,0.07178364,-0.98496444,-0.15713723,-0.20818704,0.13927767,-0.96812181,-0.0025883,0.00445843,0.00104161
0.97543375,0.10221449,-0.19514405,0.07177765,-0.98496571,-0.15713225,-0.20827139,0.13926512,-0.96810551,-0.00399098,0.00108111,0.00795871
0.97545389,0.10210803,-0.1950991,0.07162673,-0.98493967,-0.1573645,-0.20822901,0.13952751,-0.9680769,,,
0.97544889,0.10207604,-0.19514082,0.07157242,-0.98493168,-0.15743857,-0.20827109,0.13960658,-0.96805634,0.00145704,0.00453091,-0.00346913
0.97540371,0.10200682,-0.1954027,0.07146871,-0.98494236,-0.1574185,-0.20851817,0.13958141,-0.96800673,,,
0.97537606,0.10193232,-0.19557947,0.07137099,-0.98495157,-0.15740339,-0.20868088,0.1395688,-0.96797319,,,
0.975353417,0.101897718,-0.195710407,0.071319157,-0.984957195,-0.157393352,-0.208804421,0.139556241,-0.967948623,0.00477054249,-0.00342226028,-0.000751283136
0.97531313,0.10187628,-0.19592224,0.07125285,-0.98495164,-0.15745733,-0.20901515,0.13961019,-0.96789523,0.00120531,0.00228381,0.00800878
0.975330755,0.101878961,-0.195833088,0.0712503752,-0.984938738,-0.157541518,-0.208933734,0.139701907,-0.96789996,0.000173404114,-0.00124800205,0.0078406455
0.97534334,0.10184174,-0.19578978,0.07120205,-0.98492945,-0.1576205,-0.20889147,0.13979347,-0.96789572,0.00427402,0.00314629,0.00174642
0.97533324,0.10176993,-0.19587739,0.07110185,-0.98492582,-0.15768955,-0.20897272,0.13987261,-0.96786692,,,
0.975282771,0.101668773,-0.196180982,0.0709437792,-0.984928505,-0.157743234,-0.209261791,0.139926439,-0.96779657,-0.00368868141,0.00470900536,0.000501630013
0.975247438,0.101679322,-0.196351079,0.0709317911,-0.984930761,-0.157733079,-0.209430446,0.139901246,-0.967763494,-0.00604414102,0.000512957573,0.00701796124
0.97523219,0.10156765,-0.19648457,0.07078571,-0.98493129,-0.15779688,-0.20955085,0.1399803,-0.96772624,0.00350156,0.00233459,0.00654856
0.97525228,0.10145337,-0.19644387,0.07064312,-0.98491678,-0.15794987,-0.20950544,0.14016356,-0.96770932,,,
0.97526487,0.10141617,-0.19640059,0.07059478,-0.98490747,-0.15802884,-0.20946314,0.14025512,-0.9677051,,,
0.97529003,0.10134175,-0.19631405,0.07049809,-0.98488932,-0.15818694,-0.20937855,0.14043838,-0.96769714,,,
0.97527984,0.10126997,-0.1964017,0.07039785,-0.98488526,-0.1582558,-0.20945973,0.14051743,-0.96766792,,,
0.97527474,0.10123011,-0.19644758,0.07035197,-0.98488937,-0.1582507,-0.20949889,0.14051744,-0.96765946,,,
0.97522913,0.10117691,-0.19670123,0.07023122,-0.98487582,-0.15838832,-0.20975156,0.14065034,-0.96758536,,,
0.975201173,0.101110452,-0.196873936,0.0701249353,-0.984873204,-0.158451986,-0.20991704,0.14071679,-0.967539865,-4.8414804e-05,0.00150966644,0.00575061049
0.97521376,0.1010653,-0.19683479,0.07008508,-0.98487616,-0.15845205,-0.20987189,0.14072944,-0.96754795,,,
0.975251493,0.100937765,-0.196713225,0.0699570125,-0.984872514,-0.158531037,-0.209739223,0.140846161,-0.967559693,-6.50472939e-05,0.00303757191,-0.00557076558
0.9752538,0.10081289,-0.19676583,0.0698254,-0.98488349,-0.15852076,-0.20977236,0.14085872,-0.96755066,,,
0.9752258,0.10073848,-0.19694264,0.0697276,-0.98489293,-0.15850535,-0.20993501,0.14084617,-0.96751725,,,
0.975167438,0.100714529,-0.197243625,0.0696636545,-0.984900665,-0.158484666,-0.210227113,0.140808373,-0.967459198,-0.00050335913,0.0018415451,0.00797826517
0.97516227,0.10067468,-0.1972895,0.06961778,-0.98490481,-0.15847954,-0.21026627,0.14080841,-0.96745076,,,
0.97517485,0.10062951,-0.19725035,0.06957793,-0.98490752,-0.15847948,-0.2102211,0.14082093,-0.96745863,,,
0.975205174,0.100579041,-0.197126167,0.0695440709,-0.984909254,-0.15848474,-0.210091626,0.140846183,-0.967483277,0.00399391633,-0.000881612301,-0.00500118779
0.975217744,0.100541851,-0.197082947,0.0694957175,-0.984899915,-0.158563724,-0.210049273,0.140937736,-0.967479101,0.005817811,0.00380635262,0.00046243635
0.975219981,0.100416951,-0.197135535,0.0693641016,-0.984910668,-0.158553289,-0.210082375,0.140950205,-0.96746989,-0.000687768392,0.00405406952,0.00290734414
0.975255435,0.100414311,-0.196961426,0.0693676506,-0.984896241,-0.158642734,-0.20991657,0.141054437,-0.967490916,0.00168928853,0.00477516651,-0.000596231839
0.975303412,0.100358507,-0.196752197,0.06933986,-0.984896612,-0.158653095,-0.209702744,0.141092135,-0.967531872,-0.000827097101,0.00707089901,0.00281409896
0.97528571,0.10036381,-0.19683722,0.06933382,-0.98489778,-0.15864789,-0.20978705,0.14107954,-0.96751533,0.00398859,-0.00110126,0.00298242
0.9753108,0.10028143,-0.19675487,0.06924564,-0.98489118,-0.15872684,-0.20969951,0.14118359,-0.96751905,,,
0.97534619,0.10027076,-0.1965848,0.06925771,-0.98488863,-0.15873713,-0.20953085,0.14120864,-0.96755189,,,
0.97537125,0.1001963,-0.19649838,0.06916105,-0.98487,-0.15889514,-0.20944609,0.14139172,-0.96754357,0.00273799,0.00111651,-0.00804076
0.97535357,0.1002096,-0.19657937,0.06914654,-0.9848591,-0.15896897,-0.20953322,0.14145817,-0.96751498,,,
0.97531302,0.10018041,-0.19679533,0.06908855,-0.98486554,-0.15895342,-0.209741,0.14143303,-0.96747349,,,
0.97522439,0.10019911,-0.19722456,0.06906685,-0.984884,-0.15884856,-0.21015984,0.14129131,-0.96740333,,,
0.97524213,0.10018581,-0.19714357,0.06908137,-0.98489508,-0.15877486,-0.21007272,0.14122499,-0.96743215,,,
0.97527759,0.10017515,-0.19697352,0.06909345,-0.98489246,-0.15878516,-0.20990408,0.14125003,-0.96746499,0.00391194,0.00441313,-0.0083497
0.97525986,0.10016453,-0.19706665,0.0691044,-0.98491798,-0.158622,-0.20998281,0.14107949,-0.96747278,0.00316578,-0.0058347,-0.0010143
0.97524731,0.10020971,-0.1971058,0.06914425,-0.98491527,-0.15862204,-0.21002798,0.14106699,-0.96746489,0.00346853,-0.00304526,0.00323157
0.97517632,0.10023098,-0.19744593,0.06912016,-0.98492035,-0.15860133,-0.21036528,0.14101676,-0.96739898,-0.00147945,-0.00232935,0.00888855
0.97514598,0.10028944,-0.19756605,0.06914547,-0.9849066,-0.15867508,-0.21049756,0.14107057,-0.96736227,,,
0.97514078,0.10025757,-0.19760787,0.06909107,-0.98489848,-0.15874885,-0.21053949,0.14114954,-0.96734157,-0.00888867,0.00271285,0.00678067
0.97520664,0.10019645,-0.19731364,0.06906931,-0.98489749,-0.15876443,-0.21024137,0.14119981,-0.96739907,,,
0.97525986,0.10018845,-0.19705449,0.06907891,-0.9848816,-0.15885899,-0.2099912,0.14131648,-0.9674364,,,
0.97525986,0.10019643,-0.19705044,0.06907042,-0.98486955,-0.15893802,-0.209994,0.14139552,-0.96742435,-0.00486381,0.00308239,0.00187947
0.97528276,0.10024689,-0.1969114,0.06910538,-0.98483989,-0.15910632,-0.20987612,0.14156601,-0.96742497,,,
0.97531302,0.10019635,-0.19678723,0.06907158,-0.98484144,-0.15911149,-0.20974661,0.1415911,-0.96744939,,,
0.97535357,0.10023347,-0.19656721,0.06912111,-0.98482271,-0.15920596,-0.20954162,0.14169515,-0.9674786,0.00720031,-0.00928277,-0.00677784
0.9753764,0.10027589,-0.1964322,0.06916458,-0.98480493,-0.15929525,-0.20942093,0.14178667,-0.96749103,0.0015918,0.00872612,-0.00465744
0.975369019,0.100360938,-0.196425453,0.0692503335,-0.984798316,-0.159300409,-0.209426999,0.141774156,-0.967491795,-0.000595250865,0.00772500038,0.00448646629
0.975349092,0.100491151,-0.196457828,0.0693758947,-0.984788727,-0.159305595,-0.209478244,0.14174913,-0.967484456,-0.000949944602,0.00262451172,0.00945102237
0.97538729,0.1006372,-0.19619325,0.06957405,-0.98478321,-0.15925214,-0.20923453,0.14168255,-0.96754676,,,
0.97536733,0.10076743,-0.19622564,0.06969963,-0.98477361,-0.15925732,-0.20928578,0.14165753,-0.96753946,0.00195594,-0.00160408,0.00504345
0.97534224,0.10086574,-0.19629982,0.06977081,-0.9847556,-0.15933636,-0.20937897,0.14171148,-0.96751121,-0.01045782,-0.00628841,0.00109532
0.97531944,0.100831239,-0.196430763,0.0697188398,-0.984760849,-0.159326065,-0.209502427,0.141698881,-0.967486231,0.00508250576,0.000674128532,0.00491248816
0.97525893,0.10094824,-0.19667096,0.06976945,-0.9847336,-0.15947374,-0.20976711,0.14180657,-0.96741334,-0.00767625,0.00902796,0.01077133
0.975228654,0.101006718,-0.19679102,0.0697947116,-0.984719525,-0.15954751,-0.209899407,0.141860328,-0.967376424,-0.000356393866,0.00442862511,0.00849300809
0.97526919,0.10104382,-0.196571,0.06984427,-0.98470126,-0.15964203,-0.20969451,0.1419646,-0.96740613,,,
0.975317126,0.100995836,-0.196357696,0.0698081366,-0.984689169,-0.159731126,-0.209483478,0.142081138,-0.967434541,0.00651691249,-0.000693261623,-0.000662164297
0.975317126,0.101003783,-0.196353604,0.0697996546,-0.984676884,-0.159810151,-0.209486301,0.142160162,-0.967422256,0.000844086637,0.00986194611,-0.00357653224
0.97524123,0.10099338,-0.19673557,0.06972092,-0.98467382,-0.15986346,-0.20986553,0.14218885,-0.96733585,-0.00575529,-0.00331479,0.00237896
0.97524866,0.10091632,-0.19673829,0.06962671,-0.98466862,-0.15993721,-0.20986229,0.14228031,-0.96732322,0.01081188,-0.00135839,-0.00562678
0.97524351,0.1008765,-0.1967842,0.0695808,-0.98467275,-0.15993209,-0.20990141,0.14228033,-0.96731479,0.010233,0.00098538,-0.003266
0.9752538,0.1009641,-0.19668828,0.06966413,-0.98465221,-0.16002134,-0.20982597,0.1423593,-0.96731938,-0.00433177,0.00486684,0.00560577
0.97521837,0.10097486,-0.19685836,0.06965195,-0.98465503,-0.1600111,-0.20999462,0.1423342,-0.96728678,-0.00266382,-0.00733858,0.00353353
0.97519549,0.10094039,-0.1969893,0.06959995,-0.98465989,-0.16000066,-0.21011804,0.14232147,-0.96726133,0.00430309,-0.01126504,-0.00299016
0.97510157,0.10094339,-0.19745218,0.06950657,-0.98464603,-0.16012763,-0.21058435,0.14241648,-0.96714611,0.00668215,0.00945342,0.00772741
0.97500741,0.10094644,-0.19791505,0.06941316,-0.98463193,-0.16025438,-0.21105061,0.1425113,-0.96703043,-0.00532868,0.00439453,0.01523637
0.97500741,0.10095445,-0.19791097,0.06940462,-0.98461988,-0.1603334,-0.21105343,0.14259032,-0.96701838,-0.00570648,0.00315511,0.01866377
0.97505785,0.10079763,-0.1977423,0.06921976,-0.98459418,-0.16057006,-0.21088102,0.14287743,-0.96701348,0.00326262,-0.00403696,0.00166058
0.97510824,0.10065675,-0.19756555,0.06901793,-0.98454395,-0.16096455,-0.21071415,0.14332229,-0.96698403,0.00990756,-0.00912094,-0.0125127
0.97511562,0.100587711,-0.197564268,0.0689151658,-0.984526238,-0.161117134,-0.210713615,0.14349266,-0.966958931,0.00506523065,0.000184357166,-0.00590767432
0.975123,0.10053466,-0.19755485,0.06879536,-0.98448372,-0.16142756,-0.21071861,0.14382086,-0.96690903,-0.00509178,0.0155462,0.00308751
0.97516592,0.10046268,-0.1973795,0.06869641,-0.984451,-0.16166924,-0.21055218,0.14409507,-0.96690449,,,
0.97514295,0.10043633,-0.19750639,0.06863579,-0.98444412,-0.16173775,-0.21067833,0.14416142,-0.96686727,0.00261274,-0.00345027,-0.00717406
0.97510951,0.1003304,-0.19772519,0.06848327,-0.98444513,-0.16179569,-0.21088263,0.14422765,-0.96681276,,,
0.97508648,0.1003041,-0.1978521,0.06842266,-0.9844383,-0.16186419,-0.21100878,0.14429401,-0.96677555,-0.0020714,0.00608182,0.0044643
0.97508124,0.1002643,-0.19789804,0.06837671,-0.98444201,-0.16185889,-0.21104784,0.14429395,-0.96676668,-0.00712573,0.00480032,0.00771693
0.97509906,0.10025884,-0.19781301,0.06838286,-0.98444073,-0.16186412,-0.21096352,0.14430653,-0.96678321,,,
0.9751849,0.10006697,-0.19748672,0.06823606,-0.9844494,-0.16187457,-0.21061397,0.14438192,-0.96684837,0.00437179,-0.00401556,-0.00141605
0.97522777,0.09997105,-0.19732356,0.06816269,-0.98445355,-0.16187987,-0.21043918,0.14441964,-0.96688073,,,
0.97525807,0.09991237,-0.19720352,0.06813757,-0.98446754,-0.16180621,-0.21030687,0.14436584,-0.9669177,0.00394775,0.00140107,0.00469353
0.97530608,0.09984823,-0.19699842,0.0681186,-0.98447988,-0.16173778,-0.21009023,0.14432459,-0.96697073,,,
0.9753186,0.09980299,-0.19695936,0.06807883,-0.98448283,-0.16173777,-0.210045,0.14433709,-0.96697889,0.00180912,0.00208747,0.00592931
0.975350936,0.0996274654,-0.196888083,0.0679135288,-0.984494869,-0.161732553,-0.209948331,0.144374632,-0.966994043,0.00310572889,-0.00553697348,0.000492733321
0.97537074,0.09950514,-0.19685186,0.06777954,-0.98449215,-0.16180615,-0.20989965,0.14447845,-0.96698925,0.00719856,0.00340652,0.00163488
0.97537802,0.09942807,-0.19685472,0.06768534,-0.98448648,-0.16187975,-0.2098962,0.14456977,-0.96697629,,,
0.9753853,0.09935097,-0.19685759,0.06759112,-0.98448081,-0.16195335,-0.20989275,0.14466109,-0.96696335,,,
0.97541231,0.09915159,-0.19682428,0.06736294,-0.98447243,-0.16210067,-0.20984058,0.14485633,-0.96694567,0.00311752,-0.00448859,-0.00246573
0.975396599,0.0990402104,-0.19695813,0.0672165865,-0.984471603,-0.162163737,-0.20996047,0.144935102,-0.966907392,0.0052887015,-0.0018799305,0.000538996654
0.9753526,0.09886276,-0.19726494,0.06696363,-0.98446801,-0.16228984,-0.2102455,0.14508024,-0.96682364,0.00103759,0.00473142,0.01068905
0.97533679,0.09877535,-0.19738686,0.06679177,-0.9844304,-0.16258934,-0.21037348,0.14539555,-0.96674856,-0.00425714,-0.0032475,0.00952558
0.97532623,0.09871177,-0.19747081,0.06668285,-0.98441344,-0.16273636,-0.21045697,0.14555312,-0.96670663,-0.00151793,0.00408983,0.00385759
0.97536558,0.09849902,-0.19738271,0.0663809,-0.98435764,-0.16319872,-0.21037007,0.14607598,-0.96664702,0.00428827,-0.00362074,-0.00175876
0.97533908,0.09834014,-0.19759273,0.06610851,-0.98431468,-0.16356599,-0.21057857,0.14646974,-0.96654169,0.00646755,0.00576997,-0.00183051
0.97532846,0.09828461,-0.1976728,0.06599103,-0.98428522,-0.16379171,-0.21066463,0.14670609,-0.96648729,,,
0.97531964,0.09811228,-0.19780187,0.06573331,-0.98425333,-0.1640853,-0.21078599,0.14703344,-0.96641084,,,
0.97537481,0.09800271,-0.19758402,0.0655864,-0.9842098,-0.16440558,-0.21057635,0.14739823,-0.96640109,0.00247002,0.00127482,-0.00434449
0.97541748,0.09791445,-0.19741706,0.06550475,-0.98420118,-0.16448961,-0.21040405,0.14751428,-0.96642089,0.00463762,0.00206137,-0.00799591
0.975518637,0.0978570261,-0.196945153,0.0654795082,-0.984172316,-0.164673712,-0.209942432,0.147746404,-0.966486067,0.00555214146,0.00469994545,-0.000635010423
0.97559477,0.09789806,-0.19654725,0.06552535,-0.98412522,-0.16493625,-0.20957405,0.14803211,-0.96652222,0.00972234,-0.00561595,0.00252906
0.975730798,0.0978369943,-0.195901307,0.0655045566,-0.984080386,-0.165209159,-0.208946291,0.148367232,-0.9666063,-0.00649014534,-0.00030195713,0.00404541753
0.975843593,0.0977338085,-0.195390329,0.0654399911,-0.984054072,-0.165392894,-0.208439165,0.148611253,-0.966678557,-0.000845408067,0.00903272629,-0.00585691631
0.97590867,0.09767147,-0.19509628,0.06541933,-0.98405302,-0.1654086,-0.20814078,0.14866062,-0.96673548,,,
0.97604894,0.09761823,-0.19441999,0.06547847,-0.98405496,-0.16537158,-0.2074633,0.14868043,-0.96687769,-0.00574091,0.0073421,-0.00885765
0.97622362,0.09753803,-0.19358144,0.06556699,-0.98408037,-0.16518737,-0.20661174,0.14856726,-0.96707778,-0.00316737,0.00115192,-0.01061538
0.976315827,0.0975259365,-0.193121962,0.0656697145,-0.984107699,-0.164982072,-0.206142885,0.148392342,-0.967204418,0.00170401065,-0.000238239765,-0.0117978305
0.97635059,0.09748346,-0.19296758,0.06571563,-0.98415562,-0.16467751,-0.20596351,0.14810199,-0.96728711,-0.00196501,0.00765383,0.00366421
0.9763577,0.09736727,-0.19299031,0.06566313,-0.9842128,-0.16435758,-0.20594659,0.14779944,-0.96733718,,,
0.97636283,0.0973914,-0.19295215,0.06572578,-0.98423388,-0.1642051,-0.20590225,0.14764183,-0.9673705,-0.00329566,0.00931191,-0.00437816
0.97634546,0.0973658822,-0.193052921,0.0657527078,-0.984285747,-0.163885041,-0.205976035,0.147314664,-0.967404992,0.00426811725,-8.14199448e-05,-0.0091720745
0.97639756,0.09730233,-0.19282134,0.0658214,-0.98435698,-0.16342788,-0.20570696,0.14687881,-0.96752832,,,
0.976385325,0.0973242916,-0.192872179,0.0658860547,-0.984391887,-0.16319137,-0.205744315,0.146630071,-0.967558103,0.000336825324,0.0054359436,9.3112445e-05
0.97634861,0.09741354,-0.19301295,0.06605513,-0.98445881,-0.16271859,-0.20586432,0.14612057,-0.96760965,-0.00257099,0.00131106,0.00548611
0.9764629,0.09738964,-0.19244599,0.06625919,-0.98455525,-0.16204994,-0.20525574,0.14548443,-0.96783462,,,
0.97649547,0.09745681,-0.19224662,0.06645304,-0.98461689,-0.16159722,-0.20503801,0.14502358,-0.96795024,0.00525233,0.00287259,0.00383688
0.976503549,0.0976146116,-0.192125487,0.0667263744,-0.984672468,-0.161144113,-0.204910728,0.14453796,-0.968049626,0.000721296179,-0.00538301468,0.00595385768
0.976496391,0.0976841618,-0.192126511,0.0668286868,-0.984690424,-0.160991354,-0.204911489,0.144367912,-0.968074745,-0.0025212816,0.000570654869,0.00557269901
0.97648416,0.0976906424,-0.192185377,0.0669098851,-0.984749404,-0.160596881,-0.20494328,0.143961208,-0.968128661,0.00400506612,-0.000368535519,0.00461953972
0.976442391,0.0977633313,-0.192360555,0.0670081715,-0.984782113,-0.160354996,-0.205110109,0.143687685,-0.96813394,0.0071890913,0.00102090836,0.000309441704
0.976412832,0.0977985267,-0.192492666,0.0670584287,-0.984805247,-0.160192097,-0.205234367,0.143505362,-0.968134693,0.00187076896,0.00898146629,0.000231024926
0.97638114,0.097943,-0.19257998,0.06725699,-0.98484242,-0.15988142,-0.20532018,0.14315285,-0.96816891,-0.00533392,0.00235271,0.00529345
0.97640642,0.09810319,-0.19237012,0.06752814,-0.98488372,-0.1595119,-0.20511082,0.14275805,-0.96827152,0.00565193,0.00175583,-0.00882348
0.976386939,0.0982179513,-0.192410449,0.0676703045,-0.984898762,-0.159358975,-0.205156713,0.142575549,-0.968288728,0.00244241767,0.000319242477,-0.00708866399
0.97630098,0.09848789,-0.19270842,0.06799894,-0.98495254,-0.158885,-0.20545692,0.14201561,-0.9683072,,,
0.97619747,0.09877083,-0.19308761,0.06831336,-0.98499519,-0.15848491,-0.20584408,0.14152211,-0.96829717,-0.00212181,-0.00331986,0.01166054
0.97616048,0.0988908458,-0.193213144,0.0684495879,-0.98501133,-0.158326802,-0.205974203,0.141327007,-0.968298171,-0.000502155628,-0.00293886662,0.0128272409
0.976155963,0.0991016181,-0.193127948,0.0687545365,-0.985050195,-0.157951882,-0.205894023,0.140907249,-0.968376306,0.00148351653,0.000390291214,0.0134461559
0.97620344,0.09931202,-0.19277955,0.06906088,-0.9850611,-0.15774987,-0.20556612,0.14068244,-0.96847861,,,
0.97621345,0.09937615,-0.19269582,0.0691693,-0.98507732,-0.15760171,-0.20548213,0.14052428,-0.9685195,,,
0.976198755,0.0995306969,-0.192690504,0.0693574366,-0.985087716,-0.15745367,-0.20548853,0.140341557,-0.968544595,-0.000725921302,-0.00992596149,-0.000539846602
0.97615671,0.09961077,-0.19286206,0.06944783,-0.98510752,-0.15729042,-0.20565768,0.14014625,-0.96853706,0.00511506,0.00164366,0.00407853
0.97614435,0.09965595,-0.19290126,0.0694877,-0.98510461,-0.15729037,-0.20570285,0.14013384,-0.96852917,0.00163324,0.00772882,0.00554966
0.97612461,0.09977058,-0.19294188,0.06963,-0.98511897,-0.15713719,-0.20574839,0.13995094,-0.96854589,0.00290577,0.00573897,0.01159677
0.976161893,0.0999170057,-0.192677325,0.0698278257,-0.985113711,-0.157083081,-0.205504342,0.139884279,-0.968607452,2.68784352e-05,-0.00917512178,0.0115278214
0.976161893,0.0999170057,-0.192677325,0.0698278257,-0.985113711,-0.157083081,-0.205504342,0.139884279,-0.968607452,2.68784352e-05,-0.00917512178,0.0115278214
0.97616189,0.09991701,-0.19267733,0.06982783,-0.98511371,-0.15708308,-0.20550434,0.13988428,-0.96860745,0.00768827,0.00893331,0.00406176
0.97610985,0.09994851,-0.19292449,0.06979319,-0.98509321,-0.15722624,-0.20576316,0.14000527,-0.9685349,-0.00503277,0.00236928,0.0102176
0.97616189,0.0999404,-0.19266519,0.06980287,-0.98507755,-0.15732028,-0.20551281,0.14012148,-0.9685713,0.00157809,0.00359869,0.01052187
0.97621883,0.0999799,-0.19235593,0.06985015,-0.98504551,-0.15749832,-0.20522607,0.14031673,-0.96860359,-0.00099169,-0.01170188,0.00354976
0.97625839,0.10003245,-0.19212773,0.06988319,-0.9850032,-0.15775043,-0.20502658,0.14057869,-0.96860823,0.00127039,0.00434995,0.00900884
0.97627568,0.10004265,-0.19203453,0.06987264,-0.98497741,-0.15791337,-0.20494782,0.14074902,-0.96859972,-0.0033685,0.00215244,0.00567359
0.9763275,0.10005766,-0.19176307,0.06985762,-0.98492558,-0.15824447,-0.20470594,0.14110231,-0.96859972,0.00146176,-0.00992423,0.01660043
0.97640881,0.1000297,-0.19136324,0.06980067,-0.98486286,-0.15865932,-0.20433722,0.14155907,-0.96861091,0.03013787,-0.01131147,-0.00102241
0.97644816,0.1000897,-0.19113097,0.06982571,-0.98480776,-0.15899008,-0.20414055,0.14189972,-0.96860256,0.01723035,-0.00935173,-0.00606783
0.976477528,0.100382689,-0.190827013,0.0700435441,-0.98469803,-0.159572299,-0.203925317,0.142452562,-0.968566653,-0.0144133596,0.0080165863,0.000839664135
0.97662896,0.10079428,-0.18983252,0.07049043,-0.98457652,-0.16012385,-0.20304426,0.14300021,-0.96867096,-0.00834748,0.008901,-0.01443777
0.976738377,0.100981265,-0.189169056,0.070734599,-0.984525944,-0.160329922,-0.202432122,0.143219593,-0.968767146,0.000118452124,0.00322723389,-0.0225684978
0.97684458,0.10130053,-0.18844859,0.0711025,-0.98445122,-0.16062386,-0.20178975,0.14350538,-0.96885856,0.00218709,0.00641274,-0.01938914
0.97682866,0.1017525,-0.18828755,0.07159158,-0.98442338,-0.16057799,-0.20169388,0.14337738,-0.96889759,0.00407258,-0.00136322,-0.01059397
0.976815386,0.102072037,-0.18818343,0.0719570702,-0.984418692,-0.160443675,-0.201628083,0.143182723,-0.96894013,-0.00186299847,1.16825104e-05,-0.00495184166
0.976834648,0.102647334,-0.187770053,0.0726687056,-0.984421325,-0.16010502,-0.201279227,0.142751122,-0.969076104,-0.00428552879,0.000799894333,0.00390920928
0.97690861,0.10323107,-0.1870639,0.07346088,-0.98444038,-0.15962605,-0.20063164,0.14219818,-0.96929174,-0.00341063,0.00600696,0.00224744
0.97692839,0.10352473,-0.18679814,0.07385477,-0.9844569,-0.15934213,-0.20039059,0.14186991,-0.96938969,0.00180016,0.00308371,-0.00728607
0.97694152,0.10404555,-0.18643977,0.07453629,-0.98448667,-0.1588389,-0.200074,0.14127978,-0.96954107,0.00175348,-0.00254405,-0.00567823
0.97687008,0.10458594,-0.18651173,0.07519528,-0.98453423,-0.15823364,-0.20017621,0.14054891,-0.9696264,0.00328255,-0.00225633,-0.00381491
0.97683422,0.10485608,-0.18654784,0.07552481,-0.98455754,-0.15793077,-0.20022712,0.14018319,-0.96966873,0.00276423,0.00621235,-0.00368944
0.97674985,0.10543393,-0.18666389,0.07623189,-0.98461258,-0.15724582,-0.20037071,0.13936009,-0.96975762,-0.00694662,0.00496888,0.0155455
0.97673686,0.10604543,-0.18638529,0.07699285,-0.98463416,-0.15674091,-0.20014298,0.13874429,-0.96989321,-0.00225577,-0.00225061,0.01035585
0.976763368,0.106254484,-0.186127117,0.0773006023,-0.984656036,-0.15645079,-0.199894813,0.138427662,-0.96998948,0.0004642196,-0.00714218616,0.00453579007
0.97681162,0.10664046,-0.18565255,0.07786196,-0.98469207,-0.15594488,-0.19944065,0.13787349,-0.97016189,0.00916949,0.0018177,0.00242302
0.97678005,0.10710783,-0.18554955,0.07842295,-0.98470533,-0.15557942,-0.19937543,0.13741553,-0.97024024,,,
0.97673903,0.10734559,-0.18562808,0.0786985,-0.98471949,-0.15535051,-0.19946781,0.13712825,-0.9702619,-0.00495075,0.0042479,0.00216595
0.97664812,0.10774124,-0.18587706,0.07915801,-0.98475634,-0.1548838,-0.19973098,0.13655332,-0.97028901,-0.01898942,0.00172687,0.02225059
0.97669506,0.1079477,-0.18551023,0.07955767,-0.98483027,-0.15420503,-0.19934223,0.13585252,-0.97046692,0.00197456,-0.00862092,0.00855851
0.97677017,0.10785699,-0.18516725,0.07947947,-0.98481013,-0.1543765,-0.19900516,0.13607336,-0.97050557,-0.00110727,0.00547266,-0.00586866
0.97681175,0.10776907,-0.18499901,0.07939751,-0.98480364,-0.15446003,-0.19883371,0.13618991,-0.97052437,0.00557265,-0.00324935,-0.01162544
0.976807468,0.107729146,-0.185044851,0.0793516479,-0.984807744,-0.154455721,-0.198873029,0.136189886,-0.970516039,0.00356357638,-5.99622726e-05,-0.00758597814
0.97679504,0.107774259,-0.185084197,0.079391567,-0.984804753,-0.154455724,-0.198918148,0.136177461,-0.970508765,0.00330087636,0.00552487373,0.000201769755
0.97677017,0.10784948,-0.18517162,0.07948754,-0.98482195,-0.15429727,-0.19900194,0.13599413,-0.97051739,0.00390517,0.0038743,0.00971931
0.97677445,0.10788189,-0.18513013,0.07954146,-0.98482919,-0.15422222,-0.19895936,0.1359148,-0.97053707,0.00235325,0.00312352,0.0096402
0.97681641,0.10794388,-0.18487243,0.07965306,-0.98483012,-0.15416011,-0.19870855,0.13586047,-0.97059629,0.00310843,-0.00111461,0.00855294
0.97685012,0.10809838,-0.18460384,0.07984239,-0.98481127,-0.15418129,-0.1984667,0.1358728,-0.97064384,,,
0.97687103,0.10815555,-0.18445963,0.07987005,-0.98477019,-0.15442759,-0.1983526,0.13612303,-0.97063186,,,
0.97687527,0.108217898,-0.184400627,0.0798917799,-0.984730659,-0.154669668,-0.19832299,0.136360879,-0.970604748,0.00088583352,-0.00136238337,0.00496612303
0.976887695,0.108180221,-0.18435689,0.0798438311,-0.984721855,-0.154748775,-0.198281078,0.136452411,-0.970600181,0.00838718936,-0.000366151333,0.00585106993
0.9769334,0.10814708,-0.18413402,0.07979176,-0.9846878,-0.15499505,-0.19807676,0.13672746,-0.97060365,-0.00556279,0.00349784,0.00675731
0.97699146,0.10807616,-0.18386744,0.07969183,-0.98464431,-0.15532037,-0.19783049,0.13709394,-0.97060186,,,
0.976970307,0.107928894,-0.184066218,0.0794062913,-0.984583276,-0.155853682,-0.198049639,0.137648404,-0.970478858,-0.0041753822,-0.000751197338,0.00874625333
0.97696571,0.10776899,-0.18418426,0.07913471,-0.98453236,-0.15631182,-0.19818096,0.13813592,-0.97038262,0.00261631,0.00537992,0.01215439
0.97699049,0.10770102,-0.18409257,0.0790309,-0.98450295,-0.15654928,-0.19810024,0.13839815,-0.97036172,-0.00228253,0.0167501,0.00153491
0.97701098,0.10760809,-0.18403813,0.07886518,-0.98445398,-0.15694076,-0.19806519,0.13881864,-0.97030888,0.00995592,-0.00716358,-0.00425796
0.97704849,0.10769683,-0.18378697,0.0788591,-0.98435143,-0.15758657,-0.19788253,0.13947645,-0.97025195,0.00231253,0.00425065,-0.00655344
0.97711943,0.10790963,-0.18328428,0.07907503,-0.98427789,-0.15793676,-0.19744558,0.13982987,-0.97029001,-0.0066832,0.00617862,-0.01160903
0.97712811,0.10816879,-0.18308512,0.07932856,-0.98422868,-0.15811595,-0.19730086,0.13997566,-0.97029839,0.0043829,0.00419307,-0.01385664
0.97703729,0.10844538,-0.18340591,0.07956141,-0.9842106,-0.15811177,-0.19765654,0.13988906,-0.97023852,0.00625232,-0.00398797,-0.00568207
0.976950496,0.108746878,-0.183689537,0.0798562158,-0.984212211,-0.15795365,-0.197966447,0.139644146,-0.970210722,-0.0007703437,0.00190985203,0.00475856569
0.97692164,0.10894723,-0.18372428,0.0800836,-0.98421768,-0.15780382,-0.19801699,0.13944867,-0.97022844,-0.00816858,0.00405622,0.01056933
0.97692189,0.10926172,-0.18353609,0.08045484,-0.98420857,-0.15767064,-0.19786521,0.13926553,-0.97028552,-0.00754793,0.00156677,0.01546378
0.97707509,0.10959021,-0.18252192,0.08090285,-0.98414883,-0.15781617,-0.19692383,0.13943171,-0.97045347,0.01127822,-0.00200665,-0.00277569
0.97712028,0.10987102,-0.18211073,0.08122253,-0.98410436,-0.15792795,-0.1965677,0.13952311,-0.97051233,0.01148591,0.00491476,-0.01394004
0.97703338,0.11019472,-0.18238121,0.08149335,-0.98406944,-0.15800713,-0.19688732,0.13951539,-0.97044883,-0.00850713,0.00483894,0.00403151
0.97704916,0.11069806,-0.18199145,0.08201645,-0.98399401,-0.15820593,-0.19659158,0.13964868,-0.97048958,0.00427987,-0.00416601,0.00526
0.97706093,0.11100422,-0.1817416,0.08230807,-0.98392754,-0.15846735,-0.19641111,0.13987345,-0.97049369,-0.0040366,-0.00379097,0.00557525
0.977068968,0.111098532,-0.181640704,0.0823840727,-0.983894295,-0.158633526,-0.196339231,0.140031593,-0.970485331,0.000227083452,0.0113494396,0.00941663329
0.977093,0.11134472,-0.1813605,0.08265184,-0.98385536,-0.1587367,-0.19610699,0.14011074,-0.97052103,-0.00099308,-0.00336254,-0.00706528
0.977075582,0.111679348,-0.18124854,0.0830010158,-0.983822865,-0.15875668,-0.196046273,0.140073464,-0.970538801,0.00028418703,0.0039396286,-0.0103504937
0.977046159,0.111887196,-0.18127894,0.0832202614,-0.983815477,-0.158685495,-0.19609994,0.139956971,-0.970544411,0.000656720134,0.0118749142,-0.00230971025
0.977012723,0.112047897,-0.181359875,0.0834015213,-0.983825056,-0.158531185,-0.196189505,0.139761294,-0.970554559,-0.00372386863,-0.000518321991,0.0144026894
0.97700421,0.11212555,-0.18135774,0.0834952,-0.98382931,-0.15845613,-0.19619205,0.1396698,-0.97056733,0.00130441,-0.00248247,0.00758658
0.97699569,0.11219588,-0.18136013,0.08359683,-0.98384562,-0.15830199,-0.19619119,0.13949923,-0.97059215,0.00346848,0.00148988,0.0090951
0.97699965,0.11224302,-0.18130965,0.08363485,-0.98382889,-0.15838495,-0.19615529,0.13957824,-0.97058791,-0.00294045,0.00372028,0.00975734
0.97704038,0.1123119,-0.18104733,0.08373901,-0.98381745,-0.15840071,-0.19590783,0.13960317,-0.97063426,,,
0.97711449,0.11221271,-0.18070855,0.08366988,-0.98380883,-0.15849166,-0.19556744,0.13974463,-0.97068269,0.00196631,-0.00189584,-0.00608356
0.977102694,0.112093292,-0.180846405,0.0835320296,-0.983822539,-0.158479912,-0.195685278,0.139744683,-0.970659036,-0.000162737793,0.00770568848,-0.004305813
0.97712694,0.11214559,-0.18068289,0.08365381,-0.98384839,-0.15825442,-0.1955121,0.13951984,-0.97072618,,,
0.97722507,0.11208415,-0.18018965,0.08372218,-0.98388949,-0.15796145,-0.1949917,0.13927802,-0.9708654,0.0085143,0.00559366,-0.00252666
0.977208,0.11218122,-0.18022177,0.08397263,-0.9839935,-0.15717793,-0.19496951,0.13846183,-0.97098648,0.00878651,0.00451446,-0.0032806
0.977191668,0.112164651,-0.180320638,0.0839902225,-0.984030643,-0.156936664,-0.195043801,0.138212029,-0.971007277,0.00561620295,0.00106716156,-0.000927334186
0.97710204,0.11202363,-0.1808931,0.08396304,-0.98418838,-0.15595904,-0.19550401,0.13719956,-0.97105831,,,
0.97697241,0.11149785,-0.1819152,0.08346174,-0.98436716,-0.15509962,-0.19636458,0.13634509,-0.97100537,,,
0.976467621,0.110862581,-0.184987774,0.0825374213,-0.984560363,-0.154365706,-0.199244981,0.135464702,-0.97054163,-0.000168137252,-0.00511568785,0.0126474295
0.97632089,0.11024429,-0.18612823,0.08186886,-0.98470361,-0.15380615,-0.20023739,0.13492605,-0.97041228,0.01729638,0.00608397,-0.01414738
0.976067533,0.110087792,-0.187544275,0.0816766611,-0.984842969,-0.153015729,-0.201546769,0.134035697,-0.970264856,-0.00549773965,0.000508308411,0.00823555142
0.97589271,0.10971516,-0.18866903,0.08127517,-0.98497351,-0.15238679,-0.20255312,0.13337905,-0.97014558,0.00849636,-0.01327151,0.00911774
0.97584552,0.10959764,-0.18898117,0.08113442,-0.98500055,-0.15228549,-0.20283671,0.13327424,-0.9701005,0.00957291,-0.00655311,0.01250102
0.97575081,0.10936251,-0.18960539,0.08085298,-0.9850549,-0.15208291,-0.20340393,0.13306486,-0.97001039,0.00586517,-0.00413835,0.01672734
0.975775616,0.109115224,-0.18962019,0.0805874262,-0.98506672,-0.152149019,-0.203390303,0.1331823,-0.969997401,-0.00469144341,-0.000753879547,0.0225501861
0.97602921,0.10845636,-0.18869075,0.07988297,-0.98499903,-0.1529556,-0.20244923,0.13421595,-0.97005163,,,
0.97598933,0.10815038,-0.18907226,0.07941315,-0.98495684,-0.15347084,-0.20282597,0.13477108,-0.96989593,-0.00506466,0.00214458,0.01898336
0.9761234,0.10767598,-0.18865041,0.0788622,-0.98490259,-0.15410062,-0.20239527,0.13554383,-0.96987803,,,
0.97624811,0.10712903,-0.18831624,0.07821172,-0.98484495,-0.15480051,-0.20204594,0.13639517,-0.96983176,-0.001516,0.00636721,-0.00729936
0.97623917,0.10705684,-0.18840359,0.07811184,-0.9848421,-0.15487082,-0.20212773,0.13647441,-0.96980385,0.00160807,0.00513554,-0.00718309
0.97613962,0.10683641,-0.18904343,0.07772614,-0.98481761,-0.15521741,-0.20275622,0.13682024,-0.96962347,,,
0.97615464,0.10651686,-0.18914617,0.07736072,-0.98482499,-0.1553532,-0.20282365,0.13701626,-0.9695817,,,
0.97611941,0.10634707,-0.18942335,0.07718781,-0.98486724,-0.15517219,-0.20305897,0.13684541,-0.96955672,,,
0.975983406,0.105933927,-0.190353328,0.0766538756,-0.984920396,-0.15509889,-0.203913142,0.136782621,-0.969386206,0.000726646627,0.00233888626,0.00601999834
0.97596957,0.10581419,-0.19049084,0.07651635,-0.98493339,-0.15508511,-0.204031,0.13678269,-0.96936153,0.00257715,0.00451636,0.00604982
0.97599005,0.10569178,-0.19045383,0.0763824,-0.98493213,-0.15515974,-0.2039832,0.13688704,-0.96935695,,,
0.976073191,0.105351546,-0.190216131,0.076040633,-0.984934289,-0.155313467,-0.203712903,0.137133157,-0.969378953,0.00711628003,0.00278139114,0.000804192619
0.97606896,0.10485697,-0.19051091,0.07550826,-0.98498176,-0.15527163,-0.2039311,0.13717067,-0.96932768,,,
0.975997131,0.104532549,-0.191056387,0.0751462282,-0.985041686,-0.155066419,-0.204408027,0.136987212,-0.969253083,0.00637178216,0.00160551071,0.000181846786
0.97588259,0.10431114,-0.19176121,0.07484993,-0.9850849,-0.15493534,-0.20506258,0.13684538,-0.96913488,,,
0.97591373,0.10395548,-0.19179587,0.07452351,-0.9851376,-0.15475799,-0.20503328,0.13673714,-0.96915644,,,
0.97591973,0.10368998,-0.19190902,0.07427696,-0.98518395,-0.15458039,-0.20509417,0.13660364,-0.96916223,-0.00438576,-0.00125778,0.00761231
0.9759054,0.10356239,-0.1920507,0.07414779,-0.98520847,-0.15448692,-0.20520903,0.13652448,-0.96914919,0.00107535,-0.00589627,0.00556794
0.97590835,0.10343743,-0.19210306,0.07401621,-0.98521996,-0.1544774,-0.20524251,0.13653705,-0.96914043,,,
0.97587956,0.10319779,-0.19237799,0.07374129,-0.98524495,-0.15444854,-0.20547822,0.13653697,-0.96909034,,,
0.97586029,0.10304583,-0.19255711,0.07354966,-0.98524983,-0.15450847,-0.20563835,0.13661617,-0.96904517,,,
0.97589099,0.10270568,-0.19258328,0.07320662,-0.98527867,-0.15448916,-0.2056151,0.13666621,-0.96904331,,,
0.975923628,0.102522643,-0.1925154,0.0730493028,-0.985303398,-0.154405156,-0.205516108,0.136624524,-0.969070074,-0.00406512711,0.00830626488,0.000906931644
0.97593127,0.1024454,-0.1925178,0.07295521,-0.98529867,-0.15447951,-0.20551326,0.1367162,-0.96905771,,,
0.97589998,0.10203299,-0.19289502,0.07251122,-0.98535056,-0.15435643,-0.20581871,0.13664939,-0.96900213,,,
0.97589021,0.10195311,-0.19298666,0.07241958,-0.98535895,-0.15434673,-0.20589729,0.13664945,-0.96898555,,,
0.9758211,0.10168381,-0.19347758,0.07208713,-0.9853903,-0.15430262,-0.20634102,0.13662451,-0.96889474,-0.0030476,0.00532818,0.00101855
0.97582867,0.10159877,-0.19348412,0.07200137,-0.98539739,-0.15429773,-0.2063352,0.13663702,-0.96889427,,,
0.9757941,0.10131127,-0.19380892,0.07168906,-0.98543804,-0.15418386,-0.20660724,0.13655772,-0.96884754,-0.00361475,0.00156045,0.00774659
0.97576675,0.1012365,-0.19398563,0.07159158,-0.9854474,-0.15416896,-0.20677016,0.13654521,-0.96881448,-0.00136534,0.00118744,0.00520949
0.97574687,0.1010767,-0.19416886,0.07140834,-0.98546388,-0.15414913,-0.20692727,0.13654525,-0.96878102,0.00289388,0.00540125,-0.00804954
0.975754377,0.100983789,-0.194179493,0.071330967,-0.985482783,-0.154064996,-0.206918569,0.136478585,-0.968792415,0.000590470969,0.00197792053,-0.00481441384
0.97570945,0.10091412,-0.19444127,0.07122765,-0.98549314,-0.15404492,-0.20716585,0.13645349,-0.96874285,,,
0.97564694,0.10083384,-0.19479629,0.07113533,-0.98552865,-0.15386153,-0.20749174,0.13625763,-0.96870086,0.00372055,0.00278401,0.00282646
0.9756369,0.10074598,-0.19489196,0.07105214,-0.98554806,-0.1537721,-0.20756739,0.13617824,-0.96869526,,,
0.975684427,0.100690667,-0.19468252,0.0710238482,-0.985548698,-0.153782223,-0.207353579,0.136215817,-0.968735952,0.000724474667,-0.00145596266,-0.00620618742
0.97565944,0.10077295,-0.19476518,0.0711122,-0.98555486,-0.15370296,-0.20744088,0.13611156,-0.96873209,-0.00599757,0.00768542,0.00546446
0.975614426,0.100969532,-0.194888807,0.0713430958,-0.985574525,-0.153470282,-0.207573255,0.13582385,-0.968744205,0.00743619725,-0.000556230545,0.00304874568
0.97561443,0.10096163,-0.1948929,0.07135151,-0.98558634,-0.15339108,-0.20757037,0.13574464,-0.96875602,,,
0.97563191,0.10121493,-0.19467386,0.07169988,-0.98560542,-0.15310382,-0.20736804,0.13541487,-0.96884519,,,
0.97559933,0.10135061,-0.19476654,0.07190767,-0.98565105,-0.15271243,-0.20744937,0.13498094,-0.96888838,,,
