0,1,2,3,4,5,6,7,8,9,10,11
-0.22926557,-0.17210758,-0.95802731,-0.24665689,0.96239045,-0.11386394,0.94159318,0.21019896,-0.26309452,0.00395149,-0.00527424,-0.00240669
-0.229306216,-0.172080125,-0.95802243,-0.246757803,0.962372259,-0.113799028,0.94155676,0.21030469,-0.263140054,0.00310693192,-0.00417333795,0.000459296512
-0.22942852,-0.17215005,-0.95798056,-0.2469108,0.96233301,-0.11379905,0.94148683,0.21042701,-0.26329234,0.00495714,0.00735289,-0.00434463
-0.22955073,-0.17216922,-0.95794779,-0.24711373,0.9622886,-0.11373406,0.94140375,0.21061433,-0.26343943,,,
-0.2295916,-0.17214179,-0.957943,-0.24721462,0.96227037,-0.1136691,0.94136736,0.21072005,-0.26348516,0.00657021,0.00113845,-0.00428553
-0.22965533,-0.1719893,-0.95795503,-0.24730819,0.96226919,-0.11347538,0.94132716,0.21084991,-0.26352461,0.00902277,-0.00232071,-0.00166214
-0.229696234,-0.171961884,-0.95795024,-0.247409071,0.962250917,-0.113410414,0.941290764,0.210955637,-0.263570342,0.00737321656,-0.000113189213,-0.00389028341
-0.229719347,-0.171887562,-0.957958048,-0.247351943,0.962273128,-0.113346554,0.94130015,0.210914891,-0.263569477,0.00686644576,-0.00179016578,0.000360950828
-0.229992508,-0.171832038,-0.957902534,-0.247385478,0.962279419,-0.11321991,0.941224702,0.210931442,-0.263825808,0.00952424947,0.000810861529,0.0040261657
-0.23022471,-0.17190547,-0.95783355,-0.24721842,0.96231431,-0.11328827,0.9412118,0.21071234,-0.26404673,,,
-0.23037541,-0.17183067,-0.95781073,-0.24704914,0.96236502,-0.11322673,0.94121936,0.21054166,-0.26415586,0.00543863,0.00419527,-0.00341475
-0.23067667,-0.171680978,-0.957764925,-0.246710457,0.962466359,-0.113103718,0.941234275,0.210200244,-0.264374026,0.00612165546,0.00618427945,-0.000778178219
-0.23093718,-0.1714065,-0.95775137,-0.24642039,0.96257033,-0.11285096,0.94124645,0.20994798,-0.26453133,0.00925442,-0.01158494,-0.00895734
-0.230983125,-0.171308592,-0.957757785,-0.246256052,0.962619717,-0.112788437,0.941278155,0.209801433,-0.264534687,0.000249499455,-0.0131272068,-0.0104404576
-0.23087864,-0.17143767,-0.95775992,-0.24611164,0.96263393,-0.11298216,0.94134159,0.2096307,-0.26444442,0.00530296,-0.00242966,-0.00554998
-0.23069263,-0.17152022,-0.95779012,-0.24586507,0.96267417,-0.113176,0.94145179,0.20937826,-0.26425266,0.00842823,0.0045591,-0.0042038
-0.23052928,-0.17147771,-0.95783696,-0.24561115,0.96273134,-0.11324099,0.94155797,0.20915008,-0.2640546,0.00948508,-0.00258076,-0.00562525
-0.23051153,-0.1715324,-0.9578315,-0.24535316,0.96278168,-0.11337228,0.94162964,0.20887336,-0.26401829,0.00253314,-0.00856346,-0.00556836
-0.23051151,-0.17163394,-0.9578133,-0.24525333,0.96279179,-0.11350234,0.94165564,0.20874331,-0.26402838,0.00171104,-0.00915605,-0.01138471
-0.23029712,-0.17206449,-0.95778756,-0.24512943,0.96276246,-0.11401759,0.94174029,0.208524,-0.26389949,0.00191731,0.01207477,-0.00655006
-0.23001881,-0.17244467,-0.95778597,-0.24511134,0.96271377,-0.1144667,0.94181292,0.20843472,-0.26371042,0.00132677,0.01427811,-0.00534321
-0.22967679,-0.17257106,-0.95784531,-0.24539894,0.9626259,-0.11458939,0.94182152,0.2087357,-0.26344158,0.00565717,0.00163227,-0.00130504
-0.22948529,-0.17267344,-0.95787275,-0.24546718,0.96259344,-0.11471585,0.94185041,0.20880073,-0.2632867,,,
-0.229421482,-0.172724531,-0.957878842,-0.24547324,0.962584283,-0.114779714,0.941864389,0.208800696,-0.263236763,0.000534911873,0.00707071973,-0.000644238491
-0.22935755,-0.17282644,-0.95787571,-0.2454293,0.9625801,-0.11490863,0.94189135,0.20873562,-0.26319168,0.00222925,0.00891083,0.00150316
-0.229444558,-0.172650242,-0.957886736,-0.245416078,0.962606466,-0.114715901,0.941873693,0.20875987,-0.26323596,0.00468987785,0.000914752425,0.00336252595
-0.229508372,-0.172599148,-0.957880645,-0.245410015,0.96261562,-0.114652034,0.941859714,0.208759906,-0.263285903,0.00534120295,0.000416398019,0.00275886152
-0.22969983,-0.17244594,-0.95786234,-0.24539173,0.96264307,-0.11446053,0.94181779,0.20875994,-0.26343575,0.00710265,-0.00438505,-0.00224887
-0.22996029,-0.17237466,-0.95781269,-0.24490194,0.96276691,-0.11446798,0.94188174,0.2082471,-0.26361304,0.00262511,0.00656158,-0.00489766
-0.230093,-0.17225306,-0.95780271,-0.24457432,0.96285732,-0.11440798,0.94193447,0.20792948,-0.26367541,0.00337643,0.00271589,-0.00532711
-0.23024845,-0.172057132,-0.957800521,-0.244189359,0.962969705,-0.114284295,0.941996312,0.207570919,-0.263736803,0.00691711297,0.000860989036,-0.00435515493
-0.230299278,-0.171838256,-0.957827624,-0.243809273,0.963080822,-0.114159385,0.942082364,0.207236437,-0.263692578,0.00578413811,-0.000815212668,-0.00307232002
-0.23032712,-0.17179543,-0.95782867,-0.24338646,0.96317957,-0.11422851,0.94218494,0.2068126,-0.26365905,0.00745301,-0.00337058,-0.00597216
-0.230372732,-0.171799338,-0.957816936,-0.243121828,0.963238341,-0.114296424,0.942242046,0.206535429,-0.263672017,0.00801324192,0.000253140897,-0.00306867715
-0.23044124,-0.17188147,-0.95778573,-0.2426499,0.96333363,-0.114496,0.94234695,0.20602201,-0.26369882,0.00474104,0.00204355,-0.00740722
-0.230486849,-0.171936208,-0.957764913,-0.242335237,0.963397011,-0.114629092,0.942416745,0.205679693,-0.263716543,0.000610242831,0.00213307119,-0.00999750476
-0.23048691,-0.17203796,-0.95774667,-0.24223513,0.96340667,-0.11475945,0.94244251,0.20554934,-0.26372626,0.00264042,0.0045858,-0.00818068
-0.230446062,-0.172065654,-0.957751551,-0.242133903,0.963424353,-0.1148246,0.942478539,0.205443244,-0.263680277,0.00365023082,-0.00022667645,-0.00860492885
-0.230282345,-0.172125722,-0.957780097,-0.241779061,0.963490144,-0.115020115,0.942609603,0.205084073,-0.263491165,0.00633911649,-0.000295460195,-0.00512241945
-0.23005483,-0.1723897,-0.95778724,-0.24127995,0.96356087,-0.11547483,0.94279297,0.20452932,-0.26326601,0.00370645,0.01105958,-0.00122362
-0.22993202,-0.17237137,-0.95782004,-0.2410762,0.96360404,-0.11554006,0.94287506,0.20434126,-0.26311806,0.00439065,0.0010137,-0.00654376
-0.22995481,-0.17234804,-0.95781878,-0.24096874,0.96363074,-0.11554162,0.94289699,0.20423504,-0.26312202,0.00455852,-0.00577182,-0.01027591
-0.229645239,-0.172413656,-0.957881275,-0.240517025,0.963712453,-0.115800977,0.943087783,0.203793614,-0.262780396,-9.73802526e-06,-0.00455713226,-0.00949369464
-0.229025884,-0.17244372,-0.95802415,-0.239713286,0.963865968,-0.116189221,0.943442976,0.20304078,-0.262087306,2.47128773e-05,0.0102183213,-0.0032640053
-0.228547388,-0.172334851,-0.958158029,-0.239472553,0.963918473,-0.116250054,0.94362016,0.202883903,-0.261570515,0.00068811886,-0.00278264261,-0.0103447773
-0.22791849,-0.17230101,-0.95831385,-0.2394014,0.96392147,-0.11637171,0.94379025,0.20289842,-0.26094463,0.00572273,0.02033347,0.00729539
-0.22766764,-0.17218171,-0.95839484,-0.23941008,0.96392753,-0.11630355,0.94384851,0.20297084,-0.26067714,0.01118126,0.03740805,0.01906011
-0.22803196,-0.17131766,-0.9584632,-0.23971777,0.96397514,-0.11527064,0.9436826,0.20347527,-0.26088503,0.02148989,0.01417249,0.03531998
-0.229316309,-0.170376216,-0.958324581,-0.240387878,0.963976053,-0.113858851,0.943200788,0.20425992,-0.262011807,0.0238058511,-0.0385601483,0.000759635121
-0.22973828,-0.17333037,-0.95769348,-0.2433879,0.96297933,-0.11590142,0.94232826,0.20646402,-0.26341973,0.00362695,0.03950482,0.02215673
-0.22989855,-0.1735472,-0.95761576,-0.24501291,0.96259989,-0.11562925,0.94186796,0.20804523,-0.26382162,0.00581253,0.00688046,0.01161953
-0.2304782,-0.17276308,-0.95761828,-0.24494246,0.96272517,-0.11473202,0.94174468,0.20811815,-0.26420418,0.01253838,-0.00867438,0.01834839
-0.23077926,-0.17251175,-0.95759109,-0.24470352,0.96281599,-0.11447953,0.94173307,0.2079064,-0.2644122,0.00793384,-0.02820951,0.00399866
-0.23097055,-0.17271412,-0.95750849,-0.2443353,0.96287801,-0.11474403,0.94178179,0.20745063,-0.26459662,-0.00098508,-0.0303933,-0.00719018
-0.230368386,-0.173775939,-0.957461336,-0.244263213,0.962749989,-0.115965247,0.941947859,0.207157859,-0.26423423,-0.00360477273,0.0145371547,0.000362788502
-0.23002621,-0.17415673,-0.95747445,-0.24430067,0.96268641,-0.11641329,0.9420218,0.20713354,-0.26398971,0.00280366,0.01904148,-0.00388976
-0.229316786,-0.174328899,-0.957613198,-0.243877463,0.962739413,-0.116861454,0.942304296,0.206741992,-0.263287197,-0.000429108273,-0.00300860382,-0.0146044483
-0.22644959,-0.1750476,-0.9581643,-0.24107763,0.96318387,-0.11898907,0.94371716,0.20404696,-0.26031265,0.00314614,0.00141436,0.00815801
-0.22579715,-0.17554787,-0.95822666,-0.24060906,0.96320517,-0.11976261,0.94399294,0.20351597,-0.25972738,0.00434094,0.01192671,-0.0029899
-0.22565135,-0.175655683,-0.958241316,-0.240411269,0.963230367,-0.119956984,0.94407826,0.20330356,-0.259583838,0.00766042108,0.00211638189,-0.000773261592
-0.22588905,-0.17565975,-0.95818459,-0.23997806,0.96332944,-0.12002884,0.94413166,0.20283008,-0.25976006,0.0167331,0.02646178,0.00997459
-0.22680177,-0.17529298,-0.95803611,-0.23975517,0.96344765,-0.11952439,0.94396942,0.20258577,-0.26053903,0.01964369,0.00803596,-0.00325139
-0.22738987,-0.17520153,-0.95791345,-0.23987691,0.96344865,-0.11927182,0.94379703,0.20266012,-0.26110526,0.01618134,-0.01022744,-0.01151752
-0.227536377,-0.177408554,-0.957472272,-0.240544377,0.963032066,-0.121275039,0.943591728,0.202720096,-0.261799457,-3.48458998e-05,0.00570553495,-0.0160822999
-0.22714231,-0.17821335,-0.95741639,-0.24075793,0.96287313,-0.12211039,0.94363222,0.20276916,-0.2616155,-0.00254284,0.04933112,-0.00556715
-0.226602202,-0.178870465,-0.957421925,-0.241024885,0.962716844,-0.122814015,0.943694013,0.202932585,-0.26126599,-0.000743264332,0.0182808023,-0.0182112083
-0.22583409,-0.17923165,-0.95753583,-0.24134306,0.96258072,-0.12325536,0.94379679,0.20325937,-0.26063986,-0.01075441,-0.01832378,-0.02276813
-0.22512959,-0.17959267,-0.9576342,-0.24160468,0.96245821,-0.12369869,0.94389828,0.20352067,-0.26006826,-0.00870878,0.01128977,-0.01198686
-0.22377717,-0.1800764,-0.95786021,-0.24263905,0.96213415,-0.12419407,0.94395444,0.2046225,-0.25899722,0.00295834,0.0526455,0.02719192
-0.22350267,-0.17895486,-0.95813446,-0.24496917,0.96176223,-0.12248881,0.9434175,0.20733683,-0.25879485,0.01263958,-0.00647795,0.00309584
-0.22377082,-0.17820103,-0.95821242,-0.24602512,0.96163288,-0.12138303,0.94307915,0.20858235,-0.25902731,0.01640508,-0.03404873,-0.00826661
-0.22367702,-0.17824286,-0.9582265,-0.2465033,0.96151906,-0.12131451,0.94297649,0.20907073,-0.25900717,0.01300781,-0.01724773,-0.00428371
-0.22360674,-0.17846578,-0.95820147,-0.24667338,0.96145112,-0.12150713,0.94294875,0.20919298,-0.25900971,0.00620909,-0.01246095,0.00373662
-0.223266443,-0.17918608,-0.95814625,-0.247244413,0.961223112,-0.122148769,0.942879679,0.209624594,-0.258911622,0.00402037473,0.00905960705,0.00038311939
-0.22288517,-0.17957684,-0.958162,-0.24806529,0.96097956,-0.1224006,0.94275441,0.21040545,-0.25873488,-0.00252455,-0.00977284,-0.00335268
-0.222685571,-0.179697901,-0.958185652,-0.248446706,0.960873185,-0.122462059,0.942701073,0.210787538,-0.258617945,0.000794050749,-0.00700455857,0.00192214642
-0.22218806,-0.17994972,-0.95825399,-0.24884838,0.96073682,-0.12271612,0.94271262,0.21119389,-0.25824445,0.00273935,0.01916903,0.01246788
-0.22210655,-0.17980135,-0.95830061,-0.24884639,0.96075392,-0.12258619,0.94273223,0.21124246,-0.25813266,0.0119218,0.02171689,0.01453542
-0.22232322,-0.1795223,-0.95830267,-0.24882418,0.96080075,-0.12226382,0.94268701,0.21126679,-0.25827781,0.01134378,0.01257008,0.01639444
-0.22303735,-0.178634235,-0.958302772,-0.248751344,0.960950241,-0.121232853,0.942537618,0.211339647,-0.258763301,0.0184738841,-0.0219602566,0.000815195497
-0.22404841,-0.17802405,-0.95818044,-0.2482549,0.96116698,-0.12053024,0.94242868,0.21086837,-0.25954328,0.02463154,-0.0043788,-0.00882406
-0.22454492,-0.17787427,-0.95809206,-0.24775164,0.96131222,-0.12040738,0.94244298,0.21033202,-0.25992642,0.02582693,0.00154608,-0.00625577
-0.22559497,-0.17779699,-0.95785966,-0.24680292,0.9615625,-0.12035731,0.94244109,0.20925056,-0.26080448,0.02751375,0.00759453,-0.00649812
-0.22652078,-0.17810995,-0.95758284,-0.24645285,0.96162658,-0.12056243,0.94231048,0.20868913,-0.26172411,0.00655706,-0.01690137,-0.00698035
-0.22685897,-0.17982395,-0.95718253,-0.24797414,0.96108131,-0.1217848,0.94183007,0.20972853,-0.26262161,-0.00716645,0.01218361,-0.00197639
-0.22671636,-0.18096964,-0.95700019,-0.24970357,0.96054449,-0.12248425,0.9414072,0.21119719,-0.26295992,-0.00595889,0.02725655,0.0087477
-0.22675929,-0.18118041,-0.95695015,-0.25044165,0.96035288,-0.12247985,0.94120078,0.21188675,-0.26314406,0.00442836,0.0193302,0.01634821
-0.2272443,-0.18110456,-0.95684953,-0.25140483,0.9601592,-0.12202428,0.94082703,0.21282728,-0.26372126,0.00927694,-0.00825536,0.01457174
-0.228249932,-0.18100845,-0.956628396,-0.251607924,0.960154456,-0.1216424,0.940529319,0.212930416,-0.264698349,0.00889828708,-0.0275685173,-0.000540943467
-0.22877254,-0.18122638,-0.95646227,-0.25148473,0.96016965,-0.12177716,0.94043527,0.21267639,-0.26523612,0.00515988,-0.01385021,-0.01442961
-0.229496557,-0.182069744,-0.956128545,-0.251117057,0.960165802,-0.122563663,0.940357065,0.211972253,-0.266075564,-0.00111408159,0.000293612451,-0.0232072435
-0.229489269,-0.182852078,-0.955981088,-0.25068159,0.960162928,-0.123474263,0.940475126,0.211310839,-0.266184738,-0.000852930825,0.0178757291,-0.0169638563
-0.22934457,-0.18295794,-0.95599558,-0.25048509,0.96018917,-0.12366883,0.9405628,0.21109986,-0.26604241,-0.00113061,0.02141338,-0.01011553
-0.228893512,-0.182872848,-0.956119786,-0.25008757,0.960276233,-0.123797235,0.940778258,0.210777298,-0.265535225,0.000349526294,-0.00491291238,-0.0255379472
-0.22783167,-0.18295069,-0.95635866,-0.24962441,0.96033898,-0.12424455,0.94115912,0.21042362,-0.26446459,-0.01078266,-0.02947825,-0.03617273
-0.22694695,-0.18327137,-0.95650747,-0.24942242,0.96031662,-0.12482167,0.94142626,0.21024652,-0.26365291,-0.01369394,-0.01429862,-0.03717161
-0.22452352,-0.18405483,-0.95692884,-0.24889699,0.96026004,-0.12629699,0.9421461,0.20982007,-0.26141166,-0.02268224,0.00283867,-0.02004233
-0.22219222,-0.18413508,-0.95745754,-0.24854298,0.96025957,-0.12699588,0.94279216,0.20975186,-0.25912769,-0.02341186,0.03095168,0.01725382
-0.22139987,-0.18380302,-0.95770472,-0.24846326,0.96029795,-0.12686153,0.94299941,0.20986732,-0.25827813,-0.01465691,0.0364955,0.02116137
-0.2211609,-0.18223334,-0.95806,-0.24836156,0.96052026,-0.12536894,0.94308244,0.21021857,-0.25768928,-0.00688618,0.01636225,0.01122992
-0.22196739,-0.18040134,-0.95822002,-0.24783059,0.96089983,-0.12349697,0.94303247,0.21006395,-0.2579974,0.0013129,-0.01286459,-0.01583674
-0.22249513,-0.17964782,-0.95823922,-0.24745956,0.96109434,-0.12272502,0.94300557,0.20981974,-0.25829438,0.00419969,-0.01177037,-0.02625436
-0.22324482,-0.17869898,-0.95824237,-0.24664931,0.96141666,-0.12182826,0.94304077,0.20915229,-0.25870727,0.00688523,0.01427776,-0.0239348
-0.22399284,-0.1776481,-0.95826315,-0.24593798,0.96172824,-0.12080276,0.94304911,0.20861435,-0.25911066,0.00709222,0.02408653,-0.0158495
-0.2244535,-0.17689493,-0.95829458,-0.24561994,0.961906,-0.12003197,0.94302235,0.20843468,-0.25935209,0.00706073,0.01220328,-0.0200537
-0.22544318,-0.17521723,-0.95837061,-0.24476091,0.96233147,-0.11836482,0.94300976,0.20788712,-0.2598374,0.00593731,-0.00711763,-0.03645279
-0.22620187,-0.17375384,-0.95845818,-0.24344884,0.96282022,-0.11708918,0.94316761,0.20684975,-0.2600919,0.00848104,-0.00152498,-0.03115251
-0.22653661,-0.17308505,-0.95850032,-0.24282335,0.96304766,-0.11651618,0.9432487,0.20635107,-0.26019465,0.00845152,-0.00191849,-0.03292187
-0.22715336,-0.17181263,-0.95858317,-0.2421013,0.9633756,-0.11530138,0.94328587,0.20588314,-0.26043007,0.00575483,-0.01128918,-0.02587973
-0.227581699,-0.170847451,-0.958653966,-0.242452313,0.963425586,-0.114140296,0.943092336,0.20645164,-0.260680391,0.000867266208,-0.0039700265,-0.0231692791
-0.2281149,-0.16987564,-0.95870009,-0.24436824,0.9631326,-0.11251561,0.94246897,0.20860937,-0.26121711,0.00251307,0.00616413,-0.00399362
-0.22877023,-0.16933243,-0.95864009,-0.24608378,0.96283153,-0.1113473,0.94186362,0.21043283,-0.26193715,0.00294818,0.00395006,0.00638611
-0.22930672,-0.16905736,-0.95856033,-0.24697983,0.96267663,-0.11070082,0.94149841,0.21136063,-0.26250198,0.00430933,0.00695246,0.0112849
-0.23085566,-0.16862333,-0.95826496,-0.24900613,0.96230931,-0.10934691,0.94058573,0.2133705,-0.26414279,0.00577831,-0.0030759,0.01484047
-0.23293579,-0.16853229,-0.95777741,-0.2513223,0.96184511,-0.1081253,0.93945612,0.21552458,-0.26640407,0.01285846,-0.00362521,0.01411625
-0.23406097,-0.16872335,-0.95746952,-0.25266591,0.96154356,-0.10767509,0.93881595,0.21671737,-0.26769045,0.01614557,-0.00794506,0.00945411
-0.238584086,-0.17053537,-0.956030908,-0.25796681,0.960220996,-0.10690536,0.936232095,0.221118336,-0.273085914,0.0249183513,-0.000758945884,0.0133999931
-0.23961117,-0.17106502,-0.95567942,-0.25916857,0.95990443,-0.10684166,0.93563777,0.22208162,-0.2743385,0.02360393,-0.00161016,0.01211063
-0.24152289,-0.1720086,-0.95502877,-0.26126077,0.95935116,-0.10671535,0.93456392,0.22373734,-0.27664436,0.01681864,-0.01519465,0.0052916
-0.24304526,-0.17291294,-0.95447883,-0.26285689,0.95890761,-0.10678222,0.93372104,0.22493843,-0.27850931,0.01481624,-0.0153777,0.00289099
-0.24353847,-0.17345585,-0.95425465,-0.2634197,0.9587244,-0.10704009,0.93343395,0.22530111,-0.27917796,0.01310782,-0.01522905,0.00954838
-0.24418972,-0.17439684,-0.95391667,-0.26389002,0.95852264,-0.10768663,0.93313093,0.22543312,-0.28008296,0.00851835,-0.01356858,0.00613065
-0.24449978,-0.17531802,-0.95366836,-0.26304264,0.95863074,-0.10879186,0.93328898,0.22425586,-0.28050112,0.00179439,-0.00277406,-0.00487241
-0.244619778,-0.175593569,-0.953586922,-0.262120934,0.95882345,-0.109316998,0.933516864,0.223213997,-0.28057393,0.000715194736,0.00358420587,-0.0132928872
-0.24458897,-0.17595066,-0.95352901,-0.25961184,0.95937758,-0.11043704,0.93422583,0.22053574,-0.28033206,-0.00244402,0.00532395,-0.01584685
-0.24430834,-0.17574218,-0.95363942,-0.25667001,0.96008369,-0.1111747,0.93511174,0.21760973,-0.2796642,-0.0058086,0.01673907,-0.02278787
-0.24409835,-0.17535347,-0.95376476,-0.255264,0.96044947,-0.11125242,0.93555136,0.21630527,-0.27920556,-0.00626261,0.00526637,-0.02965605
-0.24328616,-0.17470468,-0.95409124,-0.25300006,0.96102414,-0.11146103,0.93637748,0.21426822,-0.27800417,-0.00588622,0.00303358,-0.03904675
-0.24189181,-0.17418627,-0.95454037,-0.25145363,0.96140025,-0.11171672,0.93715487,0.21299929,-0.27635461,-0.00294866,0.01070887,-0.0309554
-0.24116165,-0.17392871,-0.9547721,-0.25070755,0.9615803,-0.11184382,0.9375429,0.21239614,-0.27550154,0.00286895,0.02121919,-0.0288597
-0.23986639,-0.17313708,-0.95524228,-0.24944871,0.96192317,-0.11171012,0.93821085,0.21148845,-0.27392186,0.00516315,0.01281696,-0.01441891
-0.23909307,-0.17204015,-0.95563411,-0.24824274,0.96230205,-0.11113192,0.93872782,0.21065836,-0.27278747,0.00903308,0.00195855,-0.0076966
-0.23881534,-0.17155019,-0.95579153,-0.24787012,0.96243528,-0.11080943,0.93889687,0.21044918,-0.27236648,0.01062873,-0.00337905,-0.00134598
-0.23853186,-0.17108179,-0.95594633,-0.24781187,0.96249519,-0.11041869,0.93898437,0.21055647,-0.27198187,0.00891916,-0.01854706,0.02949675
-0.23871196,-0.17184062,-0.95576527,-0.24877837,0.96219489,-0.11086171,0.93868299,0.21130972,-0.27243765,0.01044977,0.0024994,0.01889253
-0.23894297,-0.17232857,-0.95561976,-0.24941424,0.96200094,-0.11111582,0.93845554,0.21179484,-0.27284456,0.0059785,-0.00273132,0.01815037
-0.23948993,-0.17323069,-0.9553197,-0.25057161,0.96164844,-0.11156228,0.93800772,0.21265795,-0.27371181,0.00703481,0.00347966,0.01565382
-0.24015121,-0.17381157,-0.95504807,-0.25139168,0.96141187,-0.11175612,0.93761906,0.21325278,-0.27457901,0.00716815,0.0135811,0.01849891
-0.24046269,-0.17383189,-0.95496595,-0.25142447,0.96141032,-0.11169565,0.93753038,0.21324318,-0.2748889,0.00339216,0.01322585,0.01814956
-0.24090306,-0.17338506,-0.95493626,-0.25059177,0.96166324,-0.11138932,0.93764034,0.21246514,-0.27511649,0.00483989,-0.0023132,0.01376898
-0.2411533,-0.17267429,-0.9550019,-0.24897561,0.96211748,-0.11109051,0.9380065,0.21098234,-0.27500949,0.00463435,-0.01093829,0.01965366
-0.2411534,-0.17240969,-0.95504972,-0.24802356,0.96236192,-0.11110291,0.9382587,0.21008199,-0.27483852,0.00522044,-0.00561291,0.02003551
-0.241250255,-0.172128049,-0.955076036,-0.246228637,0.962797331,-0.111322762,0.938706428,0.208310426,-0.274657957,0.00852876902,-0.000218808636,0.0128211332
-0.24146679,-0.17186808,-0.95506812,-0.24463388,0.96318572,-0.11147887,0.93906763,0.20672358,-0.27462212,0.00680848,-0.00200587,-0.00178598
-0.24158591,-0.17177669,-0.95505442,-0.24373262,0.96339739,-0.11162383,0.93927131,0.20581117,-0.27461081,0.01058339,-0.00489932,-0.00551187
-0.2418003,-0.1713055,-0.95508472,-0.23924268,0.96443061,-0.11241231,0.94036979,0.2013157,-0.2741832,0.01067608,-0.00482434,-0.01651956
-0.24169085,-0.17117313,-0.95513615,-0.23814101,0.96467863,-0.11262323,0.9406775,0.20023709,-0.27391734,0.00777876,0.0041092,-0.02097168
-0.24146603,-0.17098119,-0.95522741,-0.23620233,0.96510627,-0.1130413,0.9412239,0.19833131,-0.27342654,0.0046518,-0.01195544,-0.02473416
-0.24100204,-0.17096181,-0.95534808,-0.23486413,0.965378,-0.11350839,0.94167762,0.19702125,-0.27281087,0.00627266,-0.0260902,-0.02591282
-0.24071225,-0.17117401,-0.9553832,-0.23447299,0.96542728,-0.11389726,0.94184925,0.19659509,-0.27252585,0.00519271,-0.01397663,-0.02748292
-0.23998411,-0.17152264,-0.95550391,-0.23401119,0.96546372,-0.11453636,0.94214993,0.1961117,-0.27183417,0.0049806,-0.01835686,-0.02998483
-0.23904,-0.17206907,-0.95564233,-0.23399344,0.96537807,-0.11529203,0.94239434,0.19605462,-0.27102701,0.00170615,0.00104111,-0.01743693
-0.23859726,-0.17232652,-0.95570641,-0.23413952,0.96530544,-0.11560313,0.94247009,0.19618606,-0.27066768,0.00178727,0.00687104,-0.01120269
-0.23775266,-0.1728647,-0.95581978,-0.23448216,0.96514746,-0.11622606,0.94259842,0.19648963,-0.27000007,0.00358696,0.01757437,0.00124941
-0.23732026,-0.17336026,-0.95583746,-0.23527051,0.96491146,-0.11659183,0.94251091,0.19721077,-0.2697796,0.00493329,0.02153951,0.0123271
-0.23724473,-0.17367324,-0.95579937,-0.23602752,0.96471264,-0.11670699,0.94234062,0.19790684,-0.26986465,0.01198673,0.02024871,0.0131152
-0.23729627,-0.17441573,-0.95565134,-0.23779665,0.96425008,-0.11693815,0.94188274,0.19950171,-0.27028842,0.0077933,0.0192166,0.01488296
-0.23745731,-0.1756247,-0.95539001,-0.23999994,0.96363694,-0.11748994,0.94128324,0.20139469,-0.27097255,0.00781642,0.0235073,0.01202554
-0.23751282,-0.17632985,-0.95524613,-0.24113292,0.96330852,-0.11786265,0.94097944,0.20234741,-0.27131706,0.00404538,0.02504128,0.01786095
-0.23768351,-0.17758962,-0.95497038,-0.24349006,0.96264766,-0.11841483,0.94032925,0.20438054,-0.27204678,0.00272924,0.01046687,0.01975158
-0.23776775,-0.17880488,-0.95472255,-0.24574177,0.96200698,-0.11896865,0.93972193,0.20632831,-0.27267407,0.00566855,0.00993198,0.02346159
-0.23775921,-0.1793407,-0.95462419,-0.24676138,0.96171553,-0.11921438,0.93945689,0.20722007,-0.27291108,-0.00137174,0.00213963,0.02261106
-0.237625304,-0.180220354,-0.954491863,-0.24843073,0.961232152,-0.11964497,0.939050726,0.208694442,-0.273185356,2.41822563e-05,0.00154197204,0.028918257
-0.23740619,-0.18091279,-0.95441541,-0.2492597,0.9609545,-0.12015015,0.93888648,0.20937291,-0.27323081,-0.00473844,-0.00559425,0.02493508
-0.23736612,-0.18099025,-0.95441075,-0.24910931,0.96097714,-0.1202809,0.93893658,0.209202,-0.27318977,-0.00376918,-0.00719136,0.02427597
-0.23734378,-0.180763374,-0.954459222,-0.247376894,0.961389463,-0.120561058,0.939400062,0.207496745,-0.272896491,-0.000540726585,-0.00444269134,0.0186538063
-0.237502433,-0.180106043,-0.954544133,-0.244146145,0.962184882,-0.120801145,0.94020495,0.204357701,-0.272493447,0.000470092404,-0.00189280498,0.00850380771
-0.237921862,-0.178770695,-0.954690526,-0.237919406,0.963697825,-0.121164567,0.941693856,0.198311711,-0.271817798,-0.00372743886,-0.000501453818,-0.00875002891
-0.238056745,-0.177764927,-0.954844711,-0.233809627,0.964685542,-0.121304817,0.942688628,0.194374461,-0.271213051,0.00339171453,0.000472307176,-0.0155373979
-0.23798229,-0.1772518,-0.95495869,-0.23194318,0.96513181,-0.12133818,0.94316841,0.19261982,-0.27079662,0.00320119,-0.00280249,-0.02564118
-0.23761399,-0.17630628,-0.9552254,-0.22843175,0.96595318,-0.12146349,0.94411779,0.18934239,-0.26979794,0.00523477,-0.00597972,-0.02722563
-0.23693754,-0.17543405,-0.95555395,-0.22567562,0.96659583,-0.12150311,0.94495024,0.18685659,-0.26861403,0.00683963,-0.00864309,-0.02648237
-0.236404969,-0.175173057,-0.955733717,-0.224633495,0.966821196,-0.121641125,0.945331862,0.185933243,-0.26791107,0.00546350237,-0.000443577737,-0.0258558709
-0.23384044,-0.17389841,-0.95659712,-0.22163959,0.96750435,-0.12170137,0.94667555,0.1835611,-0.26478441,0.00690267,-0.00210506,-0.01258906
-0.23324009,-0.17333489,-0.95684583,-0.22095565,0.96769361,-0.12143998,0.94698339,0.18309582,-0.26400427,0.00608174,-0.00699794,-0.00930595
-0.23278331,-0.17303815,-0.95701067,-0.22043539,0.96782054,-0.12137393,0.9472169,0.1827052,-0.2634362,0.00514084,-0.00452346,-0.00611287
-0.2327002,-0.17294218,-0.95704828,-0.22038236,0.9678409,-0.12130785,0.94724972,0.1826882,-0.26333017,0.00891983,-0.00314653,-0.0100058
-0.232680365,-0.172794359,-0.957079866,-0.220323357,0.967870525,-0.121178637,0.947268377,0.182671162,-0.263275101,0.0111606503,-2.18749028e-05,-0.0103313085
-0.232741809,-0.172810469,-0.957062006,-0.220586708,0.967819165,-0.121109726,0.94719198,0.182927863,-0.263371676,0.00512099778,0.000451385946,-0.0166541133
-0.2326354,-0.17285685,-0.95707954,-0.22086098,0.96775768,-0.12110118,0.94715425,0.1832091,-0.26331203,0.00596813,0.00636715,-0.01474572
-0.23240239,-0.17290428,-0.9571275,-0.22124866,0.9676709,-0.121087,0.94712089,0.18362227,-0.26314386,0.01041662,0.00536007,-0.00902274
-0.23214951,-0.17295788,-0.95717915,-0.22142486,0.96762373,-0.12114183,0.94714169,0.18382025,-0.26293055,0.00814084,0.00151312,-0.01090571
-0.23174865,-0.17293276,-0.95728104,-0.22192482,0.96751987,-0.12105654,0.94712307,0.18438973,-0.26259949,0.00642895,0.00770789,-0.00387122
-0.23117711,-0.17300572,-0.95740591,-0.22270432,0.96734443,-0.12102699,0.94707964,0.18523976,-0.26215701,0.00666295,0.00717801,0.00321244
-0.23085848,-0.17307637,-0.95746996,-0.22325668,0.9672194,-0.12100859,0.94702725,0.18582571,-0.26193126,0.01034906,0.00833577,0.00549087
-0.23034525,-0.17333606,-0.95754666,-0.22446562,0.96693578,-0.12103874,0.94686651,0.1870556,-0.26163706,0.00984688,0.0118286,0.01369114
-0.23008455,-0.17333736,-0.95760915,-0.22570089,0.96668419,-0.12075093,0.94663628,0.18835032,-0.26154149,0.00193422,0.00837213,0.01473959
-0.23007935,-0.17337126,-0.95760421,-0.22633926,0.96655254,-0.12060978,0.94648505,0.18899361,-0.26162451,0.00429166,0.00969487,0.01685007
-0.23013467,-0.17326825,-0.95760952,-0.22739179,0.96635608,-0.12020355,0.94621924,0.19008955,-0.26179182,0.00680768,0.00812763,0.01820963
-0.23059246,-0.17283265,-0.95757817,-0.22829982,0.9662392,-0.11941945,0.94588914,0.1910777,-0.26226514,0.01010107,-0.0036757,0.01212034
-0.23086541,-0.17251792,-0.95756907,-0.22858756,0.96622706,-0.11896634,0.94575297,0.19142317,-0.26250386,0.00803085,-0.00148165,0.01049993
-0.23158465,-0.17167093,-0.95754747,-0.22866573,0.96633402,-0.11794289,0.94555806,0.19164455,-0.26304338,0.01443382,0.00239247,-0.00358052
-0.23214568,-0.17037413,-0.95764343,-0.22788346,0.96666518,-0.11673714,0.94560954,0.19113108,-0.26323259,0.01516397,0.01099247,-0.00275506
-0.23251272,-0.16955678,-0.95769935,-0.22713425,0.96692471,-0.11604581,0.94569952,0.1905442,-0.26333445,0.01848627,0.00805098,-0.00594567
-0.23320719,-0.16743841,-0.95790332,-0.22502853,0.9676186,-0.11435209,0.946032,0.18888784,-0.26333403,0.0218577,-0.00398707,-0.00738281
-0.23408483,-0.16523358,-0.95807207,-0.22215867,0.96846974,-0.11274699,0.9464934,0.18645166,-0.26341214,0.02219685,-0.00908863,-0.01277748
-0.23455091,-0.16418261,-0.95813862,-0.22064194,0.96890143,-0.11201401,0.94673263,0.18513259,-0.26348228,0.02789662,-0.00822222,-0.01173385
-0.235600459,-0.162353389,-0.958192858,-0.217556001,0.969736592,-0.110816616,0.947186129,0.182352168,-0.26379134,0.0292830821,-0.00037944314,-0.0197786838
-0.23672424,-0.16084247,-0.95817068,-0.21463399,0.97049358,-0.10988384,0.94757248,0.17964383,-0.26426161,0.03234722,-0.01107031,-0.020044
-0.23732621,-0.16033087,-0.95810767,-0.21334104,0.97080945,-0.10961118,0.94771404,0.17839008,-0.26460369,0.03262708,-0.01940316,-0.01988337
-0.23829844,-0.15973043,-0.95796654,-0.21110971,0.97131621,-0.10944184,0.94796962,0.17615622,-0.26518378,0.02914331,-0.01514798,-0.02215696
-0.23898377,-0.16001297,-0.95774858,-0.20985106,0.97153129,-0.1099522,0.94807649,0.17470777,-0.2657591,0.02345909,-0.02398878,-0.02117992
-0.23911027,-0.1605401,-0.95762889,-0.20955074,0.97152855,-0.11054757,0.94811113,0.17423878,-0.26594375,0.02181518,-0.01182091,-0.02279891
-0.23808169,-0.16404228,-0.9572917,-0.210659,0.97089189,-0.11398124,0.94812449,0.17452526,-0.26570857,0.00468876,-0.00323755,-0.00468712
