0,1,2,3,4,5,6,7,8,9,10,11,12,13,14
0.38851301,0.16156689,-0.90716795,0.00272901,-0.98470504,-0.17420753,-0.92143915,0.06520621,-0.38301155,0.00578796,-0.00378257,0.00259562,,,
0.38851301,0.16156689,-0.90716795,0.00272901,-0.98470504,-0.17420753,-0.92143915,0.06520621,-0.38301155,,,,,,
0.38851301,0.16156689,-0.90716795,0.00272901,-0.98470504,-0.17420753,-0.92143915,0.06520621,-0.38301155,,,,,,
0.38846107,0.1615886,-0.90718629,0.00277619,-0.98470481,-0.17420749,-0.92146087,0.06515429,-0.38296794,,,,,,
0.38846107,0.16163202,-0.90717862,0.00273209,-0.98469353,-0.17427295,-0.92146106,0.06521976,-0.38295666,,,,,,
0.38846107,0.16167544,-0.90717094,0.002688,-0.98468225,-0.17433841,-0.92146125,0.06528522,-0.38294538,0.0048768,0.00215459,-0.00258531,,,
0.38855627,0.16170078,-0.90712562,0.00266778,-0.98467453,-0.17438164,-0.92142113,0.06533707,-0.38303284,,,,,,
0.38850433,0.1617659,-0.90713621,0.00267085,-0.98466282,-0.17444706,-0.92144299,0.0653506,-0.38297775,0.00118708,0.00504386,-0.00138129,,,
0.38850433,0.1617659,-0.90713621,0.00267085,-0.98466282,-0.17444706,-0.92144299,0.0653506,-0.38297775,,,,,,
0.38840926,0.16178389,-0.9071737,0.00264696,-0.98465893,-0.17446919,-0.92148313,0.06536419,-0.3828788,0.00384348,0.00253963,0.00398428,,,
0.38840926,0.16178389,-0.9071737,0.00264696,-0.98465893,-0.17446919,-0.92148313,0.06536419,-0.3828788,0.00391711,-0.00170922,0.00620305,,,
0.38846107,0.161762206,-0.907155468,0.0025998641,-0.98465929,-0.174469219,-0.921461499,0.0654160236,-0.382922418,0.00374574913,0.000816464366,0.00451836269,,,
0.38860807,0.1617658,-0.90709177,0.00253258,-0.98465154,-0.17451242,-0.92139961,0.06551965,-0.38305311,,,,,,
0.38871166,0.16172236,-0.90705517,0.0024384,-0.98465188,-0.17451243,-0.92135621,0.06562324,-0.38313997,,,,,,
0.388763449,0.161700652,-0.907036801,0.00239129699,-0.984651863,-0.174512452,-0.921334435,0.0656750574,-0.383183208,-0.000297087128,0.00312805152,-0.00512013817,,,
0.38881523,0.16172228,-0.90701077,0.00230017,-0.98464056,-0.17457785,-0.92131284,0.06579224,-0.38321516,0.00331273,0.00518346,-0.00109412,,,
0.38876345,0.16178737,-0.90702134,0.00230322,-0.9846289,-0.17464322,-0.92133466,0.06580582,-0.38316025,0.00654707,0.00141716,-0.0025605,,,
0.388806704,0.161834481,-0.906994465,0.00233012969,-0.984621363,-0.17468653,-0.921316411,0.0658058804,-0.383204495,0.00499176374,0.000953078212,-0.00221273559,,,
0.38884996,0.16188155,-0.90696746,0.00235707,-0.98461343,-0.17472977,-0.92129802,0.06580587,-0.38324835,,,,,,
0.3888932,0.16192863,-0.90694058,0.00238402,-0.98460589,-0.17477303,-0.92127977,0.06580589,-0.3832926,0.00283429,0.00386047,-0.00512587,,,
0.3888932,0.16192863,-0.90694058,0.00238402,-0.98460589,-0.17477303,-0.92127977,0.06580589,-0.3832926,,,,,,
0.3888932,0.161972,-0.90693284,0.00233996,-0.98459441,-0.17483844,-0.92127989,0.06587129,-0.38328112,,,,,,
0.3888932,0.161972,-0.90693284,0.00233996,-0.98459441,-0.17483844,-0.92127989,0.06587129,-0.38328112,0.00784732,0.00420999,-0.00397435,,,
0.38893645,0.1620624,-0.9068981,0.00232289,-0.984575,-0.17494705,-0.92126163,0.06593665,-0.3833135,,,,,,
0.38897969,0.16210948,-0.90687114,0.00234984,-0.98456727,-0.1749903,-0.92124331,0.06593666,-0.38335756,,,,,,
0.38901437,0.16218198,-0.90684328,0.00249488,-0.98456311,-0.17501134,-0.92122826,0.06581945,-0.38341373,,,,,,
0.38904903,0.1623413,-0.90679999,0.00255186,-0.98453619,-0.17516329,-0.92121355,0.06583309,-0.38344717,,,,,,
0.38904903,0.1623413,-0.90679999,0.00255186,-0.98453619,-0.17516329,-0.92121355,0.06583309,-0.38344717,,,,,,
0.38908367,0.1624138,-0.90677206,0.0026969,-0.98453183,-0.17518432,-0.92119843,0.06571588,-0.38350319,,,,,,
0.38908367,0.1624138,-0.90677206,0.0026969,-0.98453183,-0.17518432,-0.92119843,0.06571588,-0.38350319,,,,,,
0.38889362,0.16240652,-0.9068549,0.00269312,-0.98453562,-0.17516327,-0.9212787,0.0656776,-0.38331694,,,,,,
0.38889362,0.16236319,-0.90686272,0.00273715,-0.98454729,-0.17509792,-0.92127863,0.06561225,-0.38332862,-0.00377226,0.00551343,0.00185077,,,
0.38898865,0.16234507,-0.90682509,0.00276107,-0.98455084,-0.17507563,-0.92123832,0.06559861,-0.38342718,,,,,,
0.38893684,0.16241027,-0.9068357,0.0027641,-0.98453937,-0.17514115,-0.92126025,0.06561226,-0.38337249,,,,,,
0.38898865,0.16238844,-0.90681733,0.00271702,-0.98453936,-0.17514104,-0.92123846,0.06566402,-0.3834157,,,,,,
0.38903187,0.16247888,-0.90678269,0.00269994,-0.98452035,-0.1752497,-0.92122035,0.06572946,-0.3834485,,,,,,
0.38898865,0.16247522,-0.90680182,0.00262886,-0.9845164,-0.17527196,-0.92123875,0.06579494,-0.38339274,,,,,,
0.38889362,0.16249328,-0.90683933,0.00260498,-0.98451246,-0.17529413,-0.92127892,0.06580846,-0.38329378,,,,,,
0.388850393,0.162446207,-0.90686635,0.0025780306,-0.984520388,-0.175250893,-0.921297292,0.0658084473,-0.383249906,0.00521259569,-4.05311539e-06,0.000248823548,,,
0.38885898,0.16242065,-0.9068672,0.00245987,-0.98451663,-0.17527296,-0.92129395,0.06592568,-0.38323756,,,,,,
0.388867547,0.162351863,-0.906875859,0.00238583116,-0.984524545,-0.175229753,-0.921290539,0.0659775041,-0.383236908,0.000675059273,0.000117063515,-0.00552449608,,,
0.38887611,0.1623264,-0.90687671,0.00226777,-0.98452078,-0.17525189,-0.92128719,0.06609467,-0.38322459,0.00300207,0.00242019,-0.00425898,,,
0.38888466,0.16230095,-0.90687764,0.00214971,-0.98451722,-0.17527403,-0.9212839,0.06621185,-0.38321247,,,,,,
0.38907471,0.16235152,-0.90678701,0.00210956,-0.98450174,-0.17536047,-0.92120369,0.06631539,-0.38338705,,,,,,
0.38907471,0.16235152,-0.90678701,0.00210956,-0.98450174,-0.17536047,-0.92120369,0.06631539,-0.38338705,,,,,,
0.38903147,0.16230449,-0.90681403,0.00208257,-0.98450967,-0.17531728,-0.92122207,0.06631543,-0.38334319,,,,,,
0.38897969,0.16236955,-0.90682453,0.00208563,-0.9844978,-0.17538258,-0.92124386,0.06632894,-0.38328808,,,,,,
0.38893645,0.16232252,-0.90685155,0.00205864,-0.98450573,-0.17533938,-0.92126223,0.06632899,-0.38324422,0.00451918,0.00240552,-0.00344592,,,
0.38884141,0.16229722,-0.9068968,0.00207873,-0.98451328,-0.17529613,-0.92130226,0.06627719,-0.38315674,,,,,,
0.38891078,0.1623989,-0.9068489,0.00241282,-0.98451681,-0.17527295,-0.92127223,0.06597747,-0.38328097,0.00530926,0.00223756,-0.00203013,,,
0.388841811,0.16247166,-0.906865449,0.00269608826,-0.984523951,-0.175228748,-0.921300555,0.0656912687,-0.383262051,0.00529127847,-0.000456809968,-0.00549014565,,,
0.388634543,0.162558477,-0.90693867,0.0028844137,-0.98452324,-0.175228651,-0.921387372,0.0654839042,-0.383088445,-0.00138267013,-0.000154495225,0.00801437907,,,
0.38853089,0.1626019,-0.90697528,0.00297854,-0.9845229,-0.17522867,-0.92143077,0.06538027,-0.38300166,0.00156045,-0.00263816,0.00594397,,,
0.38853089,0.1625585,-0.90698311,0.00302265,-0.98453458,-0.17516323,-0.92143068,0.06531482,-0.38301333,-0.00109591,0.0048368,-0.00141543,,,
0.388340635,0.162551076,-0.907065879,0.0030187616,-0.984538216,-0.175142145,-0.921510851,0.0652765793,-0.382826711,0.00199118769,0.000970721187,0.00763712497,,,
0.38834924,0.16248234,-0.90707458,0.00294471,-0.98454633,-0.17509897,-0.92150753,0.06532848,-0.38282622,-0.00207867,0.00255322,-0.00458311,,,
0.38825417,0.16250033,-0.90711206,0.00292078,-0.98454246,-0.17512112,-0.92154767,0.06534202,-0.38272728,-0.00844573,0.00484705,0.00328271,,,
0.387276301,0.161887501,-0.907639443,0.0023303002,-0.984631896,-0.174625671,-0.921960677,0.0655132985,-0.3817017,0.00513883727,-0.00381910778,0.00024920702,,,
0.38700786,0.16171707,-0.90778434,0.00219891,-0.98465907,-0.17447448,-0.92207374,0.06552684,-0.3814263,,,,,,
0.38712008,0.16160495,-0.90775647,0.00203066,-0.98466715,-0.17443113,-0.92202703,0.06568244,-0.38151251,,,,,,
0.38708525,0.1615325,-0.90778422,0.00188571,-0.98467122,-0.17440983,-0.92204196,0.06579965,-0.38145623,,,,,,
0.387050399,0.161416589,-0.907819694,0.00178491046,-0.984686766,-0.174323095,-0.922056791,0.06585144,-0.381411445,-0.0018621604,-0.000215053544,0.00541608455,,,
0.38721436,0.16128282,-0.90777359,0.00156959,-0.98469493,-0.17427981,-0.92198838,0.06605882,-0.38154117,0.00169189,0.00443435,-0.00194576,,,
0.387378264,0.161148916,-0.907727372,0.00135434095,-0.984702715,-0.1742364,-0.921919802,0.0662660107,-0.381670555,-0.000685082865,-0.00629383279,-0.00286618434,,,
0.387378264,0.161148916,-0.907727372,0.00135434095,-0.984702715,-0.1742364,-0.921919802,0.0662660107,-0.381670555,-0.000685082865,-0.00629383279,-0.00286618434,,,
0.38741202,0.16087366,-0.90776186,0.00105845,-0.98473397,-0.17406294,-0.92190608,0.06647326,-0.38166806,0.00712541,0.00325394,-0.00739373,,,
0.38741202,0.16083026,-0.90776955,0.00110252,-0.98474545,-0.17399762,-0.92190602,0.06640793,-0.38167953,0.00524241,0.00347543,0.00098696,,,
0.387463807,0.160765099,-0.907758923,0.00109953472,-0.984756818,-0.173932207,-0.921884196,0.0663943121,-0.381734274,-0.000730960921,-0.00461149169,-0.00237290189,,,
0.38746381,0.16080853,-0.90775124,0.00105543,-0.98474534,-0.17399758,-0.92188426,0.06645969,-0.3817228,,,,,,
0.38714334,0.1607032,-0.907906623,0.000927170439,-0.984760744,-0.173911349,-0.922019031,0.0664868292,-0.381392482,0.0,0.0,0.0,0.0,0.0,0.0
0.387091543,0.160724925,-0.90792492,0.000974262537,-0.984760863,-0.173911389,-0.922040787,0.0664350728,-0.381349214,0.0,0.0,0.0,0.0,0.0,0.0
0.38695296,0.160652383,-0.907996788,0.000967711301,-0.984776071,-0.173824591,-0.92209892,0.0663832567,-0.381217431,-0.000726793194,-0.00361049152,-0.00493190298,,,
0.386762546,0.160601563,-0.908086934,0.0010083527,-0.98479144,-0.173737827,-0.922178793,0.0662796131,-0.381042396,-8.9952955e-05,0.00420451118,-0.0061571491,,,
0.38661551,0.1605978,-0.9081502,0.00107576,-0.98479899,-0.17369445,-0.92224036,0.06617602,-0.38091132,-0.00217844,0.00519001,0.00389818,,,
0.38627798,0.16054301,-0.9083035,0.0011839,-0.98482183,-0.17356417,-0.92238165,0.06596867,-0.38060505,0.00338064,-0.00256234,0.00933544,,,
0.38600049,0.16044116,-0.90843946,0.00112682,-0.984841,-0.17345578,-0.92249788,0.06593036,-0.38032988,0.00234084,-0.00311667,0.00711641,,,
0.38586177,0.16041198,-0.90850356,0.00107626,-0.98484491,-0.17343424,-0.922556,0.06594386,-0.38018668,-0.00460877,0.00681376,0.00348048,,,
0.385644527,0.160263275,-0.908621962,0.000854033702,-0.984860127,-0.173347747,-0.922646984,0.0660746065,-0.379942678,0.0,0.0,0.0,0.0,0.0,0.0
0.385244771,0.159994577,-0.90883888,0.000598841599,-0.984898558,-0.173130511,-0.922814183,0.0661533655,-0.37952274,-0.0060827015,0.00212669349,-0.00225020479,,,
0.385070789,0.159805943,-0.908945777,0.000491908649,-0.984929132,-0.172956549,-0.922886842,0.0661533857,-0.379345926,0.0,0.0,0.0,0.0,0.0,0.0
0.384869868,0.159432478,-0.909096458,0.000210557073,-0.984982721,-0.17265188,-0.922970769,0.0662570807,-0.37912364,-0.00202215114,0.00581717445,-0.00475241151,,,
0.384704014,0.159131456,-0.909219408,7.41112383e-05,-0.985032355,-0.17236888,-0.923039949,0.0662436105,-0.378957625,0.00744039426,-0.000840723456,-0.00468478631,,,
0.384704014,0.159131456,-0.909219408,7.41112383e-05,-0.985032355,-0.17236888,-0.923039949,0.0662436105,-0.378957625,0.00744039426,-0.000840723456,-0.00468478631,,,
0.384303681,0.158775482,-0.909450911,-9.21017877e-05,-0.98509328,-0.17202035,-0.923206696,0.0661918098,-0.378560282,0.00281209522,-0.000972270907,0.0064081694,,,
0.38414582,0.158449088,-0.909574528,-0.000346352342,-0.985138887,-0.171758784,-0.923272341,0.0662954477,-0.378382053,0.0106772892,0.00423383666,-0.00819859095,,,
0.384058613,0.158354649,-0.90962774,-0.000399600741,-0.985153899,-0.171671535,-0.923308541,0.0662954059,-0.378293402,0.00448241364,0.00547838164,-0.00294929277,,,
0.383911332,0.158350589,-0.909690616,-0.000331806731,-0.985161519,-0.171627924,-0.923369815,0.0661917324,-0.378161967,0.00295732031,-0.00526881171,0.00567775639,,,
0.383911332,0.158350589,-0.909690616,-0.000331806731,-0.985161519,-0.171627924,-0.923369815,0.0661917324,-0.378161967,0.00832073856,-0.00575232459,0.0094727613,,,
0.384102218,0.158401882,-0.909601101,-0.000372996906,-0.985146293,-0.171715181,-0.923290409,0.066295446,-0.378337627,0.011810001,-0.00328505016,0.00242084358,,,
0.384666465,0.158624276,-0.9093239,-0.000422433722,-0.985093155,-0.172020329,-0.92305549,0.0665545727,-0.3788652,0.00693543442,0.00132393825,0.00287148054,,,
0.384900794,0.158722678,-0.909207643,-0.000436764884,-0.985070529,-0.172151145,-0.922957873,0.0666582265,-0.379085152,0.00747464783,0.00440359069,0.00830783322,,,
0.385464655,0.159031608,-0.908914712,-0.000574125761,-0.984994187,-0.172586615,-0.922722426,0.0670478721,-0.379589146,-0.00217032991,-0.0021485684,0.0187707823,,,
0.386001206,0.159242433,-0.908650101,-0.000973885802,-0.984917601,-0.173022139,-0.92249781,0.0676716834,-0.380024386,-0.0112962723,-0.00593429757,0.000656666467,,,
0.3860178,0.15923512,-0.90864431,-0.00125408,-0.98489809,-0.17313095,-0.92249051,0.06797115,-0.37998855,0.00332085,-0.00378156,-0.01636356,,,
0.38594714,0.15935098,-0.90865396,-0.00180841,-0.98483581,-0.17347914,-0.9225191,0.06859699,-0.37980634,0.00792916,0.00920296,-0.02304045,,,
0.385565766,0.159597304,-0.908772639,-0.00208002716,-0.984773948,-0.173827041,-0.922677995,0.0689120251,-0.379363123,0.00540956855,-0.000520229281,-0.0349528193,,,
0.385271564,0.159720405,-0.908875838,-0.00207759821,-0.984754956,-0.173935628,-0.922800943,0.0689007369,-0.379066323,0.00631219335,-0.000167131409,-0.0348913707,,,
0.38437202,0.160096649,-0.909190387,-0.00178988248,-0.984716962,-0.174152604,-0.923176524,0.0685667274,-0.37821104,0.000780613162,-2.1338461e-05,-0.027251564,,,
0.38310816,0.1606236,-0.90963079,-0.00117216,-0.98467957,-0.17436947,-0.92370274,0.0678686,-0.37705049,0.01492533,-0.00129521,0.01247206,,,
0.382728046,0.160999136,-0.909724418,-0.000782994692,-0.984641426,-0.17458704,-0.923860717,0.0675316658,-0.376723823,0.0207426734,-0.00374418474,0.0298330951,,,
0.382540226,0.161816195,-0.909658406,-3.87245154e-05,-0.984541075,-0.175153127,-0.923938794,0.0670383361,-0.376620221,-0.00246791728,-0.00616222573,0.0262914002,,,
0.383132781,0.162656924,-0.909259055,0.000438967307,-0.984405343,-0.175914836,-0.923693191,0.0669996082,-0.377229389,-0.00860722549,0.00793933775,0.00777953817,,,
0.383385291,0.163051763,-0.909081776,0.000629300649,-0.984338803,-0.176284399,-0.923588196,0.0670127451,-0.377483462,-0.0104965167,0.00736999465,0.00672172569,,,
0.383533344,0.163576601,-0.908925063,0.000825617032,-0.984249149,-0.176784092,-0.923526607,0.0670521613,-0.377627321,-0.00529238302,0.00178170193,0.010552627,,,
0.383846069,0.164011467,-0.908714645,0.000762789195,-0.98415538,-0.177305376,-0.923396711,0.0673648023,-0.377889153,0.00199642754,0.00434362842,0.0057347496,,,
0.383932903,0.164192525,-0.908645262,0.000728130469,-0.984116258,-0.177522521,-0.923360638,0.0674951131,-0.377954038,0.00425036624,0.000786185206,0.00299330521,,,
0.384340712,0.164608891,-0.908397504,0.000689632395,-0.98402616,-0.178021642,-0.923191008,0.0677944951,-0.378314731,-0.00216636667,0.00321125961,-0.0125797074,,,
0.384548961,0.165086466,-0.908222751,0.000721596177,-0.983931952,-0.178542497,-0.92310432,0.0680029626,-0.378489145,-0.000247836579,-0.0002157688,-0.016389817,,,
0.384575033,0.165357562,-0.908162342,0.00080812659,-0.983884468,-0.178802792,-0.923093337,0.0680291724,-0.378510952,0.00585321058,0.000982284429,-0.0184971709,,,
0.384427617,0.165874085,-0.908130543,0.0011395003,-0.983809131,-0.179214762,-0.923154373,0.0678602787,-0.378392302,0.00686899154,-0.000639140548,-0.0170455594,,,
0.38421853,0.16687072,-0.90803646,0.00198857,-0.98367731,-0.1799299,-0.92324,0.0673267,-0.37827882,,,,,,
0.384268825,0.167628858,-0.907875555,0.00273526796,-0.983580485,-0.180449178,-0.923217188,0.0668577093,-0.378417814,9.37709119e-05,-0.00204437948,-0.00541623589,,,
0.384266123,0.168364876,-0.907740474,0.00357333298,-0.983494409,-0.180902819,-0.923215431,0.0662711614,-0.378525161,-0.00208377815,0.000798702182,0.00776959024,,,
0.3843166,0.16868961,-0.90765887,0.0039675,-0.98345733,-0.18109695,-0.92319286,0.06599743,-0.37862831,,,,,,
0.38427851,0.169309716,-0.907559473,0.00470486427,-0.983386348,-0.181463471,-0.9232052,0.0654625633,-0.378690769,-0.00382221676,0.000849008502,-0.00522786146,,,
0.38401505,0.16980648,-0.90757816,0.00533706,-0.98333526,-0.18172231,-0.92331136,0.06494029,-0.37852172,-0.00121011,0.00751948,0.00724755,,,
0.383575836,0.170503999,-0.907633148,0.00625845005,-0.98326612,-0.182067193,-0.923488157,0.0641561961,-0.378224182,0.00733298948,0.000536918582,0.0103732208,,,
0.38356352,0.17091801,-0.90756046,0.00677399,-0.98321882,-0.18230362,-0.92348961,0.0637772,-0.37828459,0.00552879,-0.00128627,0.00631994,,,
0.38363109,0.17114881,-0.9074884,0.00697625,-0.98318546,-0.18247586,-0.92346004,0.06367254,-0.37837441,0.00416554,0.00373816,0.00256453,,,
0.383627625,0.171537781,-0.90741643,0.00737367262,-0.983134614,-0.182734176,-0.923458401,0.0634108811,-0.378422405,0.00113129674,-0.000139117226,0.00736501021,,,
0.38386701,0.17195651,-0.90723591,0.00768441,-0.98306817,-0.18307828,-0.92335637,0.06330613,-0.37868875,,,,,,
0.38399598,0.17209746,-0.90715466,0.00776574,-0.98304368,-0.18320724,-0.92330212,0.06330612,-0.37882131,,,,,,
0.38414911,0.17250882,-0.90701169,0.00793419,-0.98296996,-0.18359529,-0.92323699,0.06333157,-0.37897579,-0.00249015,0.00668013,0.00454078,,,
0.38414911,0.17250882,-0.90701169,0.00793419,-0.98296996,-0.18359529,-0.92323699,0.06333157,-0.37897579,-0.00249015,0.00668013,0.00454078,,,
0.384354586,0.172855361,-0.906858616,0.00809990961,-0.982908154,-0.183918097,-0.923149997,0.0633442886,-0.379185343,-0.00458691502,0.00417792751,0.000577981642,,,
0.38453575,0.172974881,-0.906759006,0.00813442792,-0.982883711,-0.184046941,-0.923074231,0.0633966579,-0.379360926,-0.00753406808,0.000279903383,0.00208019209,,,
0.38463104,0.17300044,-0.90671375,0.00811464,-0.98287595,-0.18408988,-0.92303474,0.06344903,-0.37944845,,,,,,
0.38458811,0.17299678,-0.9067326,0.00804339,-0.98287222,-0.18411199,-0.9230532,0.06351407,-0.37939237,,,,,,
0.384406949,0.172963925,-0.90681568,0.00792064932,-0.982872949,-0.184113298,-0.923129709,0.0635918522,-0.379193078,0.000967394561,0.00114822376,0.00826288853,,,
0.384564015,0.172899759,-0.906761377,0.00777975327,-0.982874227,-0.184113382,-0.923065543,0.0637490016,-0.379323179,0.000530091813,0.00520348502,0.00760844722,,,
0.38471165,0.17290384,-0.90669795,0.00771305,-0.98286664,-0.18415628,-0.92300456,0.06385366,-0.37945381,,,,,,
0.38496393,0.172865,-0.90659827,0.00755242,-0.98285984,-0.18419918,-0.92290069,0.06406303,-0.37967108,-0.0022589,-0.00220478,0.00745297,,,
0.38518258,0.172710846,-0.906534791,0.00729052802,-0.982869902,-0.18415632,-0.922811579,0.0643246874,-0.379843501,-0.00507184118,0.00108957279,-0.000825049123,,,
0.38525361,0.17250929,-0.90654301,0.00713945,-0.98289935,-0.18400536,-0.92278313,0.06441652,-0.37989716,-0.00384023,0.00186276,-0.00768615,,,
0.38542929,0.17226468,-0.90651475,0.00689446,-0.98292909,-0.18385433,-0.92271154,0.0646129,-0.38003719,,,,,,
0.3858474,0.17196288,-0.90639424,0.00665117,-0.98296742,-0.18365913,-0.92253862,0.06483582,-0.38041914,,,,,,
0.38615156,0.17181559,-0.90629262,0.00653177,-0.98298449,-0.18357185,-0.92241219,0.06496685,-0.38070319,,,,,,
0.387002139,0.171463476,-0.905996466,0.00629475381,-0.983026953,-0.183352966,-0.922057317,0.0652549629,-0.38151283,0.00280480832,-0.000879287662,0.0112663386,,,
0.38814636,0.17103169,-0.90558845,0.00601266,-0.98307766,-0.18308942,-0.92157806,0.06562048,-0.38260624,-0.00178294,-0.00307703,0.01342897,,,
0.38894313,0.17078646,-0.90529293,0.00573482,-0.98309621,-0.18300043,-0.92124395,0.06598507,-0.38334802,0.00448304,-0.00336015,0.02396198,,,
0.3908379,0.170146,-0.90459717,0.0050604,-0.98314921,-0.18273451,-0.92044559,0.06684194,-0.38511294,-0.00186664,-0.0013752,0.03589635,,,
0.39351354,0.16945216,-0.90356678,0.00405264,-0.98317559,-0.1826168,-0.91930982,0.06820034,-0.3875795,0.00142982,-0.00671488,0.02935734,,,
0.39496128,0.16909732,-0.90300153,0.00327256,-0.98316749,-0.18267792,-0.91869198,0.06919558,-0.38886655,-0.01663221,0.0024792,0.0369652,,,
0.39727678,0.16804002,-0.90218268,0.00137488,-0.98320008,-0.18252486,-0.91769774,0.07127248,-0.39083348,-0.01358818,0.01353896,-0.00426151,,,
0.398763086,0.166763633,-0.901763699,-0.000789229072,-0.983263837,-0.182184515,-0.917053573,0.0733601467,-0.391957586,-0.0131171346,0.00330758072,-0.00988762639,,,
0.39920214,0.16416012,-0.90204714,-0.00485743,-0.98344823,-0.18112367,-0.91685004,0.07668658,-0.39179717,-0.00755329,0.00396466,0.04513463,,,
0.39916046,0.16221689,-0.9024171,-0.00802982,-0.98356859,-0.18035632,-0.91684593,0.07923736,-0.39129914,-0.00235623,0.00413811,0.00739274,,,
0.39907144,0.16125983,-0.90262789,-0.00974298,-0.98361159,-0.18003566,-0.91686799,0.08064137,-0.39095999,-0.01355297,0.01057577,-0.01210391,,,
0.39815084,0.15945124,-0.90335551,-0.01280708,-0.98371464,-0.17928011,-0.91723053,0.08294987,-0.38962466,0.03675827,0.00682402,-0.05472134,,,
0.39683476,0.15816515,-0.90416037,-0.01533263,-0.98376245,-0.17881945,-0.917762,0.08482493,-0.38796606,0.04053544,-0.00421303,-0.05353853,,,
0.39624664,0.1576044,-0.90451611,-0.01623995,-0.98379975,-0.17853325,-0.91800044,0.08543249,-0.3872678,0.04146244,-0.01012468,-0.05169456,,,
0.39562112,0.15705617,-0.9048852,-0.01737827,-0.98381296,-0.17835313,-0.91824934,0.0862856,-0.38648776,0.03391379,-0.00256193,-0.05817667,,,
0.395584682,0.157111597,-0.9048915,-0.017653215,-0.983776802,-0.178525376,-0.918259791,0.0865961425,-0.386393431,0.0223926082,0.000464200944,-0.0480199568,,,
0.39556293,0.15727704,-0.90487232,-0.01738832,-0.98376967,-0.17859156,-0.91827427,0.08637841,-0.38640804,0.01751495,-0.00186479,-0.04113616,,,
0.39562086,0.15802516,-0.90471656,-0.01648172,-0.98370547,-0.17902926,-0.91826595,0.08573899,-0.38656975,0.01201198,0.00495791,-0.02867002,,,
0.39596035,0.15905024,-0.9043884,-0.01490145,-0.98364276,-0.17951248,-0.91814667,0.08455652,-0.38711341,-0.00421205,0.00345373,-0.01252115,,,
0.39625583,0.15969431,-0.90414542,-0.01394867,-0.9835967,-0.17984059,-0.91803412,0.0838745,-0.3875283,-0.00318266,0.00454235,-0.0124031,,,
0.396792744,0.160876343,-0.903700337,-0.0118648163,-0.983540259,-0.180298965,-0.917831533,0.0822635578,-0.388352849,-0.012488449,-9.17911457e-05,0.0118418904,,,
0.39771889,0.16188695,-0.90311256,-0.00987369,-0.98349882,-0.18064479,-0.91745419,0.0807629,-0.38955763,-0.01022554,0.0015347,0.02228056,,,
0.39826504,0.16224623,-0.90280734,-0.00897796,-0.98349585,-0.18070755,-0.91722643,0.08007487,-0.39023534,-0.02124249,-0.00219101,0.02432348,,,
0.39906136,0.16269795,-0.90237422,-0.00758223,-0.98351236,-0.1806803,-0.91689278,0.07894452,-0.39124799,-0.02208833,0.00163031,0.02727194,,,
0.39948428,0.16272022,-0.90218312,-0.00671195,-0.98357539,-0.1803724,-0.91671544,0.07811135,-0.39183068,-0.0166656,0.00579226,0.03888294,,,
0.39948428,0.16254913,-0.90221399,-0.00653811,-0.98362444,-0.18011156,-0.91671672,0.07785051,-0.39187973,-0.01013495,0.00196791,0.03263257,,,
0.39929301,0.16189421,-0.90241639,-0.00668036,-0.98374608,-0.17944068,-0.91679902,0.07767787,-0.3917214,-0.00190253,0.00355685,0.02198549,,,
0.39894471,0.16112789,-0.90270751,-0.00729762,-0.98385156,-0.17883675,-0.9169459,0.07793358,-0.39132644,-0.00290286,0.00099707,0.00634039,,,
0.39870157,0.16075203,-0.90288193,-0.00765366,-0.98389979,-0.17855648,-0.91704875,0.0781011,-0.39105199,-0.0037928,0.00141406,0.01446305,,,
0.39851314,0.15984825,-0.9031256,-0.00848426,-0.98401057,-0.1779082,-0.9171234,0.07856111,-0.39078499,0.00143189,-0.0040347,0.02157498,,,
0.39889561,0.15824799,-0.90323853,-0.0104603,-0.98414751,-0.17704287,-0.91693667,0.08006977,-0.39091677,-0.00123594,-0.0030812,0.01525259,,,
0.39951144,0.15704842,-0.90317571,-0.01196276,-0.98423939,-0.17643577,-0.91665013,0.08129258,-0.39133612,-0.00577844,0.00335669,0.01350283,,,
0.39991451,0.15567279,-0.90323547,-0.01380542,-0.98433563,-0.17576288,-0.91644844,0.08275966,-0.39150092,-0.00137279,0.00418532,0.00497371,,,
0.39990791,0.1549002,-0.90337121,-0.01476009,-0.98439931,-0.17532807,-0.91643644,0.08344892,-0.39138267,,,,,,
0.40004349,0.15332771,-0.90357933,-0.01685162,-0.98450881,-0.17452135,-0.9163411,0.08504289,-0.39126231,-0.00309296,-0.00110692,0.01099161,,,
0.400093691,0.151719122,-0.903828679,-0.0192002988,-0.984597805,-0.173776562,-0.91627306,0.0868806822,-0.391018253,-0.000962879742,0.00557386829,0.0114577394,,,
0.399807714,0.147325653,-0.904681687,-0.0261234068,-0.9847659,-0.171911977,-0.916226703,0.0923651031,-0.389868366,0.00312344683,-8.22544025e-05,0.0113096852,,,
0.3997688,0.14647971,-0.9048362,-0.02765571,-0.98477162,-0.17163875,-0.91619868,0.0936397,-0.38962993,,,,,,
0.399867672,0.144774259,-0.90506702,-0.0305537501,-0.984792723,-0.171026107,-0.916063515,0.0960410058,-0.389363427,-0.00256788987,0.00451755477,0.000707506901,,,
0.39987587,0.1429458,-0.90535395,-0.03361994,-0.98481153,-0.17034054,-0.91595249,0.09855302,-0.38899652,-0.00431553,0.00886476,-0.00159382,,,
0.399832304,0.141983979,-0.905524494,-0.0351788252,-0.984824266,-0.169951123,-0.915912937,0.0998072328,-0.388769656,-0.00525103835,-5.50746881e-05,0.00130575593,,,
0.40001776,0.13810825,-0.90604185,-0.04151542,-0.98483579,-0.16844792,-0.9155666,0.10499686,-0.38821812,-0.00476324,-0.00293273,0.01960757,,,
0.40025558,0.13702742,-0.90610095,-0.0432328,-0.98483315,-0.16803129,-0.91538318,0.10642874,-0.38826086,-0.01196234,0.00262511,0.02927648,,,
0.40073636,0.13460792,-0.90625107,-0.04684129,-0.98484441,-0.16699442,-0.91499519,0.1093707,-0.38835768,-0.02175209,-0.0020799,0.02913217,,,
0.40103209,0.13202695,-0.90649988,-0.05087133,-0.9848227,-0.16593955,-0.91465034,0.11266193,-0.38822899,-0.01637728,0.0057137,0.02718121,,,
0.40108973,0.130557,-0.90668731,-0.05306888,-0.98481727,-0.1652832,-0.91450024,0.11441027,-0.38807155,-0.01678081,0.00633955,0.02523334,,,
0.40115596,0.12748201,-0.90709544,-0.05783371,-0.98476765,-0.16397448,-0.91418218,0.11824003,-0.38767256,-0.01712753,0.00503528,0.02897391,,,
0.40111522,0.1241658,-0.90757338,-0.06278972,-0.9847136,-0.16247024,-0.91387309,0.12215556,-0.38718727,-0.00959033,0.01567626,-0.0039347,,,
0.40101848,0.12237885,-0.90785876,-0.06531914,-0.98469399,-0.1615889,-0.91373822,0.12410069,-0.38688675,-0.00455328,0.0118283,-0.01514681,,,
0.40101848,0.12237885,-0.90785876,-0.06531914,-0.98469399,-0.1615889,-0.91373822,0.12410069,-0.38688675,-0.00455328,0.0118283,-0.01514681,,,
0.39891457,0.11479105,-0.90977478,-0.07537264,-0.98467184,-0.15729031,-0.91388517,0.13131752,-0.38414781,0.00946484,-0.00596404,-0.00208365,,,
0.39868505,0.11303259,-0.91009551,-0.07763884,-0.98465288,-0.15630372,-0.91379561,0.13297472,-0.38379064,0.01158889,0.00251079,-0.01935938,,,
0.398064008,0.109587102,-0.910788479,-0.0820262121,-0.984610104,-0.154319312,-0.913683035,0.136137492,-0.38294877,0.0181225389,-0.000654220523,-0.0519892275,,,
0.39698393,0.10667811,-0.91160486,-0.08558561,-0.98459207,-0.1524899,-0.91382643,0.1385563,-0.381737,0.01385768,0.00522089,-0.05517168,,,
0.39605715,0.10526712,-0.91217188,-0.08719402,-0.98460621,-0.15148513,-0.91407654,0.1395327,-0.38078165,0.03070785,0.00470316,-0.06152645,,,
0.39404451,0.1027914,-0.91332508,-0.08981962,-0.98466248,-0.1495719,-0.91469187,0.1409725,-0.37876801,0.0431115,0.00425482,-0.06852755,,,
0.39187107,0.10101884,-0.91445736,-0.0914944,-0.98474729,-0.14799164,-0.91545936,0.14166136,-0.37665131,0.06095053,-0.00831777,-0.05732488,,,
0.39087475,0.100518,-0.91493874,-0.09207074,-0.98476361,-0.1475231,-0.91582736,0.14190214,-0.3756643,0.05215909,-0.01375443,-0.05702296,,,
0.38939855,0.10023919,-0.91559858,-0.09229722,-0.98481029,-0.1470699,-0.91643324,0.14177601,-0.37423179,0.04283918,-0.01082224,-0.05608978,,,
0.38829684,0.10088695,-0.91599529,-0.09158909,-0.98484292,-0.14729503,-0.91697164,0.14108937,-0.37317123,0.04655429,0.00848818,-0.09089778,,,
0.38757447,0.10167574,-0.91621405,-0.09073572,-0.98486491,-0.14767697,-0.91736207,0.14036917,-0.37248298,0.04249626,0.00860691,-0.08765975,,,
0.38578189,0.10390696,-0.91672003,-0.0880427,-0.9849563,-0.14869218,-0.91837942,0.13807326,-0.37082999,0.05022688,-0.00413084,-0.08953701,,,
0.38400689,0.1071836,-0.91708793,-0.08404418,-0.98505861,-0.15031893,-0.91949724,0.1347994,-0.36926104,0.0631654,-0.00843334,-0.06776559,,,
0.38357966,0.10930839,-0.91701596,-0.08145891,-0.98509538,-0.151497,-0.91990817,0.13281028,-0.36895835,0.05836862,-0.01638377,-0.07110425,,,
0.38353348,0.11455093,-0.91639515,-0.07513144,-0.98511838,-0.15458577,-0.92046578,0.1281389,-0.36921941,0.06431534,-0.00734615,-0.09071385,,,
0.383961091,0.120995084,-0.915387377,-0.0672809181,-0.985075597,-0.158427529,-0.920894749,0.122418109,-0.370090021,0.0659159347,-0.000501632632,-0.0981513783,,,
0.38502968,0.133047,-0.91326366,-0.05257656,-0.98478482,-0.16563257,-0.92140529,0.11178971,-0.3721761,0.06457656,0.00347519,-0.07395957,,,
