0,1,2,3,4,5,6,7,8,9,10,11
-0.30758226,-0.83488375,-0.45646715,-0.86892495,0.44194996,-0.22282201,0.38776611,0.3280996,-0.86138729,-0.01259487,0.01111621,-0.00499844
-0.30762637,-0.83494545,-0.45632436,-0.86902684,0.44185183,-0.22261902,0.38750248,0.32807464,-0.86151528,-0.00276732,0.01383704,-0.01010239
-0.30746644,-0.83512209,-0.45610891,-0.86910205,0.44163587,-0.22275396,0.38746081,0.32791583,-0.86159453,0.00326243,0.0058561,-0.0026555
-0.30735243,-0.83518661,-0.45606764,-0.86917163,0.44149834,-0.22275513,0.3873952,0.32793673,-0.86161609,-0.00281775,0.00524813,-0.00132599
-0.307283322,-0.835261017,-0.455977771,-0.86925948,0.441359033,-0.222688227,0.387252696,0.327934633,-0.861680828,-0.000179273367,0.00703901052,-0.0053836694
-0.307147274,-0.835329784,-0.455943545,-0.869248276,0.441278643,-0.222891263,0.387385854,0.327867704,-0.861646507,-0.00584444357,0.0139089227,0.000387901033
-0.307170317,-0.835297161,-0.455987844,-0.869225644,0.441323278,-0.222891197,0.38741843,0.327890773,-0.861623124,-0.0143883973,0.00915545225,0.000584919937
-0.30726056,-0.83545758,-0.45563322,-0.86914295,0.44135206,-0.22315671,0.38753262,0.32744315,-0.86174215,-0.00423237,0.00927967,-0.00656258
-0.30748647,-0.8355958,-0.45522676,-0.86903155,0.44147183,-0.22335319,0.38760277,0.32692834,-0.86190573,0.00586774,0.00717896,-0.00820282
-0.30753261,-0.83555403,-0.45527241,-0.8689663,0.44156644,-0.22342014,0.38771262,0.32690741,-0.86186438,-0.00135705,0.01267117,-0.00368267
-0.30767066,-0.83531155,-0.45562392,-0.86886992,0.44182375,-0.22328623,0.38781903,0.32717931,-0.86171328,-0.01876559,0.0043425,0.00203764
-0.30769449,-0.83520387,-0.45580536,-0.86878355,0.44195923,-0.22335431,0.38799376,0.32727131,-0.8615998,-0.01374046,0.01183194,-0.00114934
-0.30771765,-0.83521812,-0.45576387,-0.86872106,0.44201451,-0.22348818,0.38811563,0.32716041,-0.86158724,-0.01143509,0.01862198,-0.00381143
-0.307921665,-0.83533714,-0.455407469,-0.868548366,0.442185819,-0.22381996,0.388339846,0.326624404,-0.861689301,-0.000672926893,0.0190710425,-0.00996344257
-0.30837504,-0.83539785,-0.4549895,-0.86838121,0.4424838,-0.22387996,0.38835432,0.32606533,-0.86189475,0.00118068,0.01409155,-0.00606519
-0.30871471,-0.83535418,-0.45483883,-0.86829947,0.44271417,-0.22374112,0.38826666,0.32586415,-0.86200997,-0.00113347,0.01277846,-0.00829962
-0.30969362,-0.83476748,-0.45525045,-0.8677758,0.44384532,-0.22353171,0.38865778,0.32582899,-0.86184708,-0.0068653,0.00569052,-0.00818965
-0.30980821,-0.83460427,-0.45547178,-0.86766184,0.44406813,-0.22353167,0.38882099,0.32594354,-0.86173023,-0.00328767,0.01231843,-0.0092055
-0.30992255,-0.83446439,-0.45565014,-0.86752778,0.44429617,-0.22359877,0.38902882,0.32599086,-0.86161844,0.00236336,0.0253107,-0.01715327
-0.30999047,-0.83455856,-0.45543138,-0.8674234,0.44436525,-0.22386625,0.38920736,0.32565544,-0.86166461,-0.00159235,0.02052957,-0.00901922
-0.31014865,-0.83464886,-0.45515807,-0.86737575,0.44442575,-0.22393071,0.38918747,0.32534128,-0.86179223,0.00174982,0.02185374,-0.00708689
-0.31080506,-0.83473354,-0.4545548,-0.86711426,0.4448722,-0.22405705,0.38924673,0.32451289,-0.86207788,0.00955568,0.02219671,-0.0152963
-0.31091858,-0.834622,-0.45468178,-0.86708405,0.44499899,-0.22392199,0.38922314,0.32462582,-0.86204587,0.00387995,0.01253158,-0.01950574
-0.31100947,-0.8345198,-0.45480732,-0.86709674,0.44507602,-0.22371974,0.38912238,0.32478299,-0.86203226,-0.00234805,0.01581889,-0.01097227
-0.31082793,-0.83453735,-0.45489926,-0.86723135,0.44488044,-0.22358702,0.38896749,0.32500581,-0.86201822,0.00289662,0.01081997,-0.00495939
-0.31071416,-0.8345554,-0.45494372,-0.86734138,0.44473286,-0.22345364,0.38881286,0.32516131,-0.86202923,0.00430595,0.01049656,-0.00935532
-0.310419648,-0.8345159,-0.455217297,-0.867521943,0.444480116,-0.22325563,0.388645408,0.325608063,-0.861936216,-0.000374686671,0.0103681684,-0.00966212247
-0.31010202,-0.83460227,-0.45527523,-0.86764528,0.44420383,-0.22332604,0.38862341,0.32576356,-0.86188723,-0.01613536,0.01245636,-0.00651394
-0.30975893,-0.83520358,-0.45440514,-0.86776359,0.44366792,-0.22393075,0.38863274,0.32495169,-0.86218936,-0.00275685,0.01103991,-0.00393952
-0.3096664,-0.83552586,-0.45387592,-0.86781907,0.44342442,-0.22419832,0.38858316,0.32445549,-0.86239892,0.00308801,0.01002151,-0.001915
-0.309620229,-0.835614295,-0.453744271,-0.867844599,0.443340357,-0.224265456,0.388562564,0.324342401,-0.862450495,-0.000240302994,0.00936883688,-0.00674241409
-0.309325669,-0.835598096,-0.453975242,-0.868004778,0.443093009,-0.224134601,0.388439703,0.324722092,-0.862363182,-0.0215301812,0.000323355198,0.00326379645
-0.30918971,-0.8356203,-0.45402691,-0.86803347,0.44300194,-0.22420343,0.38848374,0.32478916,-0.86231803,-0.02426575,0.0038411,-0.0083112
-0.308848786,-0.83585573,-0.453825366,-0.868079169,0.442706524,-0.224609483,0.38865257,0.324585987,-0.86231832,-0.028843008,0.000614106655,-0.00491701625
-0.30864062,-0.83655006,-0.45268638,-0.86806814,0.44228484,-0.22548131,0.38884273,0.32336993,-0.86268953,-0.02389779,0.00109726,-0.00776234
-0.30861511,-0.83696493,-0.45193619,-0.8680187,0.44210826,-0.22601723,0.38897322,0.32253673,-0.8629425,-0.02680757,-0.00290221,-0.00128776
-0.308656083,-0.837663483,-0.45061206,-0.867828528,0.441931798,-0.22709006,0.389364847,0.320961275,-0.863353205,-0.0518260486,-0.00561475754,0.000824588351
-0.3086272,-0.83850411,-0.44906565,-0.86766602,0.44162781,-0.22829915,0.38974965,0.31917969,-0.86383988,-0.06586656,-0.01194257,-0.00327074
-0.30859941,-0.8390374,-0.44808789,-0.8676402,0.44136557,-0.22890384,0.38982946,0.31813947,-0.86418773,-0.06731601,-0.00954205,-0.01297057
-0.30839029,-0.8416125,-0.4433779,-0.86734362,0.44018573,-0.23227487,0.39065406,0.31292967,-0.86571624,-0.0884712,-0.0263738,-0.01946139
-0.30831565,-0.84217746,-0.44235578,-0.8672575,0.43992639,-0.23308628,0.390904,0.31177222,-0.86602092,-0.10845129,-0.03583211,-0.01615762
-0.30798287,-0.84348316,-0.44009405,-0.86707676,0.43923706,-0.23505047,0.39156673,0.3092038,-0.86664213,-0.13083604,-0.06015319,-0.01109975
-0.3072594,-0.84505819,-0.43757094,-0.86700233,0.4381419,-0.23735761,0.39229916,0.30644467,-0.86729064,-0.14731172,-0.05632943,-0.01413366
-0.30499506,-0.84718781,-0.43502971,-0.86691865,0.4360748,-0.24143492,0.39424621,0.30349891,-0.86744358,-0.16367693,-0.07427818,-0.02595793
-0.30313462,-0.84901573,-0.43276059,-0.86694713,0.4342316,-0.24463364,0.39561614,0.30102363,-0.86768238,-0.15715162,-0.12108129,-0.03444238
-0.30200556,-0.85013314,-0.43135386,-0.86701158,0.43306104,-0.24647314,0.39633754,0.29955253,-0.86786212,-0.16411148,-0.13634235,-0.04646563
-0.29850289,-0.85213416,-0.42984108,-0.86742241,0.4300779,-0.25022259,0.39808836,0.29816162,-0.86753977,-0.20723015,-0.13853627,-0.03827336
-0.29367011,-0.85410816,-0.42925147,-0.86819051,0.42622579,-0.25411941,0.4000035,0.29804478,-0.86669838,-0.20258459,-0.12395632,-0.0061298
-0.291240238,-0.855737217,-0.427659545,-0.868657459,0.423832604,-0.256515163,0.400765628,0.29678212,-0.866779625,-0.154728383,-0.121623039,2.22995877e-05
-0.28351946,-0.86494905,-0.41410111,-0.86994844,0.41367694,-0.2684419,0.40349265,0.28413811,-0.86974654,-0.0629417,-0.1059491,-0.09034768
-0.27518846,-0.8697924,-0.40955137,-0.86897162,0.40728175,-0.28108685,0.41129001,0.27853667,-0.86790415,-0.10627109,-0.15842319,-0.04559738
-0.27286415,-0.87187722,-0.40666369,-0.86870514,0.40493075,-0.28527619,0.41339644,0.27542919,-0.86789531,-0.08106262,-0.13199359,-0.03301415
-0.26993274,-0.87697926,-0.39754698,-0.86810511,0.40027381,-0.2935547,0.41656902,0.26587254,-0.86935719,-0.02636027,-0.07167202,-0.02804236
-0.26956277,-0.88266194,-0.38502434,-0.86746011,0.39618322,-0.30091824,0.41814926,0.2528769,-0.87247026,0.05693161,-0.08465135,-0.06013232
-0.26958058,-0.88527312,-0.37896927,-0.86698405,0.394406,-0.30460223,0.41912392,0.24644546,-0.87384187,0.08880836,-0.08800322,-0.08587495
-0.26926103,-0.88822884,-0.37222028,-0.86518192,0.39286738,-0.3116335,0.42303507,0.2381275,-0.87426341,0.10770349,-0.08024758,-0.08560346
-0.26904079,-0.88840003,-0.37197067,-0.8622562,0.39424415,-0.31793973,0.42910494,0.23519525,-0.87209619,0.08224887,-0.11091733,-0.04481643
-0.26885543,-0.89231011,-0.36262833,-0.85967597,0.39209371,-0.3274442,0.43436605,0.2237077,-0.87251408,0.06279869,-0.00475419,-0.03365671
-0.26923343,-0.89357985,-0.35920527,-0.85970685,0.39109965,-0.32855015,0.43407085,0.22035455,-0.87351381,0.09965355,-0.03519464,-0.05282379
-0.26996882,-0.89485399,-0.35546163,-0.85931402,0.39046332,-0.3303297,0.43439159,0.21627443,-0.8743735,0.12656505,-0.05467331,-0.07787644
-0.27066409,-0.894087,-0.35686014,-0.85888424,0.39171004,-0.3299712,0.43480867,0.21719019,-0.87393908,0.10315595,0.0051493,-0.0723398
-0.27061471,-0.89355882,-0.3582182,-0.85888609,0.39217334,-0.32941576,0.43483599,0.21852388,-0.87359312,0.07855844,0.06783313,-0.05216334
-0.26989871,-0.89354991,-0.35878007,-0.85918855,0.39169795,-0.3291925,0.43468335,0.21941109,-0.87344661,0.07155882,0.1063233,-0.00357834
-0.27045655,-0.89530194,-0.35396007,-0.86019216,0.38983541,-0.32878233,0.43234563,0.21555234,-0.87556525,0.13123544,0.05998975,-0.06025419
-0.27307779,-0.89477205,-0.35328679,-0.86016375,0.39155183,-0.32681111,0.43075153,0.21463964,-0.87657459,0.08262587,0.07778829,-0.05332
-0.27611139,-0.89272253,-0.3561026,-0.85948483,0.39516719,-0.32423566,0.43017254,0.21653963,-0.87639163,-0.00372666,0.11711353,-0.00181589
-0.27735218,-0.89194943,-0.35707405,-0.85923063,0.39656524,-0.32320069,0.42988183,0.21716854,-0.87637851,-0.01175502,0.08235782,0.00716141
-0.27960389,-0.89195628,-0.35529624,-0.85855709,0.39792384,-0.32332061,0.4297687,0.2146404,-0.87705644,0.06887779,0.04171103,-0.02776409
-0.28112202,-0.89234708,-0.3531104,-0.85800016,0.39853134,-0.32405003,0.42989066,0.21187117,-0.87766987,0.09231415,0.06040531,-0.04463836
-0.2939253,-0.89159014,-0.34449253,-0.85414616,0.40676751,-0.32399785,0.42900165,0.19901581,-0.88110756,0.01380779,0.06561238,-0.0540874
-0.3002197,-0.89063908,-0.34151147,-0.85226403,0.41125001,-0.32329464,0.42838543,0.19399852,-0.882525,0.00341301,0.04963702,0.00311273
-0.30318985,-0.89026739,-0.33985253,-0.85135166,0.41328094,-0.32310858,0.42810761,0.19137076,-0.88323321,0.03945445,0.03625125,0.01081756
-0.309748219,-0.88932054,-0.336399889,-0.849262844,0.41786594,-0.322708257,0.427561142,0.185733612,-0.884700121,0.0935059711,0.0316271186,0.000862564892
-0.318055708,-0.886933198,-0.334947929,-0.846299266,0.424849732,-0.321372491,0.427338468,0.181251834,-0.885736797,0.0874850526,0.0114421248,0.000520221889
-0.32239639,-0.88542942,-0.33477637,-0.84468186,0.42872936,-0.3204741,0.42728566,0.17945983,-0.88612697,0.06467218,0.0243842,0.00122231
-0.33065223,-0.88255764,-0.33430713,-0.84206946,0.43584218,-0.31774311,0.42613175,0.17644736,-0.88728702,-0.00238246,0.02582079,0.01482308
-0.33873779,-0.88059203,-0.33138258,-0.83982205,0.44177776,-0.31548588,0.42421181,0.17143541,-0.88918743,0.00425337,-0.02598816,0.04668757
-0.34311134,-0.87981904,-0.32892683,-0.83858977,0.44468021,-0.31468496,0.42313308,0.16786269,-0.89038207,0.01792626,-0.0440945,0.05480731
-0.35366796,-0.87787444,-0.32288588,-0.83542977,0.45171539,-0.31306588,0.42068506,0.15902709,-0.8931597,0.03695455,-0.02732706,0.01616329
-0.36574742,-0.87490079,-0.31745441,-0.8314503,0.46041895,-0.31097386,0.41823331,0.15020967,-0.89583357,0.03106311,0.01269048,-0.02298386
-0.37191159,-0.8728807,-0.31584946,-0.82920012,0.46534525,-0.30964642,0.41726343,0.14674131,-0.89686007,0.02278428,0.01459676,-0.01423361
-0.38442485,-0.86834382,-0.31336272,-0.82442228,0.47566434,-0.3067103,0.41538548,0.14043613,-0.89873919,0.00920413,-0.01790977,0.03793031
-0.39777135,-0.86355503,-0.30992024,-0.81923927,0.48638091,-0.30377721,0.41306763,0.13306495,-0.90092658,0.03928204,0.00799888,0.02280805
-0.40491496,-0.86074897,-0.30847202,-0.81633836,0.49228092,-0.30207804,0.41186826,0.12950162,-0.90199431,0.04114643,0.0161981,0.01189074
-0.42738838,-0.84973971,-0.30867679,-0.8058268,0.5128404,-0.29603685,0.40985621,0.12221731,-0.90392505,0.02833742,-0.01119405,-0.01457281
-0.44324923,-0.8399115,-0.31317541,-0.79680368,0.5292245,-0.29159105,0.41065077,0.12029181,-0.90382292,0.02360379,-0.05918688,0.02230825
-0.46093674,-0.82862795,-0.31766791,-0.78609671,0.54735865,-0.28714182,0.41181202,0.11736348,-0.90367942,-0.02921988,-0.111826,0.02494806
-0.47846991,-0.81926673,-0.31601946,-0.77604109,0.56292386,-0.2843886,0.41088502,0.10917269,-0.90512678,-0.00966491,-0.03153569,-0.03787729
-0.48693525,-0.81561592,-0.31251311,-0.77146184,0.56938608,-0.28398247,0.40956125,0.10281085,-0.90647071,0.00892662,0.05685633,-0.07364836
-0.50342093,-0.80856548,-0.30461335,-0.76275726,0.58149764,-0.28295206,0.40591721,0.08990206,-0.90947727,0.07476326,0.13688904,-0.04877124
-0.51951904,-0.8001299,-0.29982011,-0.75391791,0.59438028,-0.27985687,0.40212901,0.08064878,-0.91202413,0.10529347,0.10297126,0.00481533
-0.52733861,-0.79527282,-0.29909026,-0.74948197,0.60121261,-0.27716445,0.4002382,0.07800323,-0.91308526,0.06986415,0.08008081,0.05017594
-0.54259898,-0.78532384,-0.29808189,-0.74121356,0.61459102,-0.26996358,0.39520729,0.07446037,-0.91556915,0.03952653,0.09417504,0.04062228
-0.55521825,-0.77714362,-0.29627736,-0.73536033,0.6251226,-0.26166174,0.38855843,0.07259123,-0.91856006,0.09289467,0.14319712,0.0124259
-0.5604769,-0.77365508,-0.29550501,-0.7330849,0.62947303,-0.25758525,0.38529458,0.07225966,-0.91995995,0.09540043,0.1644482,0.02975133
-0.57043377,-0.76622208,-0.2958189,-0.72802353,0.63842938,-0.24977913,0.38024577,0.07288066,-0.92200939,0.06059213,0.18156475,0.07381193
-0.58043923,-0.75743583,-0.29896629,-0.72196545,0.64849563,-0.24128658,0.37663744,0.07579112,-0.9232548,-0.06749908,0.13174742,0.07809582
-0.58547289,-0.75317097,-0.29992439,-0.71880339,0.65336195,-0.23757055,0.37489044,0.07649554,-0.92390756,-0.0908295,0.08441716,0.07298523
-0.5952415,-0.74622378,-0.29805635,-0.71245379,0.66165458,-0.23371522,0.37161421,0.07323438,-0.92549423,-0.06487228,0.11584705,0.06839499
-0.60436543,-0.7411806,-0.29222167,-0.70610149,0.66818387,-0.23441618,0.36900254,0.06466511,-0.92717596,-0.01295699,0.22881478,0.06300692
-0.60855499,-0.73872685,-0.28972941,-0.70282974,0.67129317,-0.23536307,0.3683624,0.06039906,-0.92771801,-0.00383171,0.25201136,0.07940949
-0.61609445,-0.73350489,-0.28705117,-0.69629595,0.6775409,-0.23687615,0.36823872,0.05393449,-0.92816567,-0.01461989,0.22836179,0.12044355
-0.61931429,-0.73112242,-0.28619857,-0.69327216,0.68032513,-0.23776331,0.36854217,0.05116328,-0.9282019,-0.02311769,0.20596284,0.14175677
-0.62453892,-0.72742264,-0.28426559,-0.68830045,0.68465215,-0.23977868,0.3690435,0.04590898,-0.92827725,-0.00529217,0.19799882,0.1455429
-0.62774759,-0.72518957,-0.28290105,-0.68520269,0.68724204,-0.24123772,0.36936458,0.04240816,-0.92831638,0.00626278,0.18944615,0.11682721
-0.62904508,-0.72370439,-0.28382027,-0.68385663,0.68878701,-0.24065019,0.36965132,0.04271254,-0.92818812,0.01504295,0.14574999,0.09068901
-0.62892481,-0.72347772,-0.28466424,-0.6839211,0.68895924,-0.23997316,0.36973729,0.04376281,-0.92810523,0.01825263,0.10626119,0.0819957
-0.62772947,-0.72382701,-0.28640905,-0.6847685,0.68844164,-0.23904016,0.37019964,0.04607134,-0.92780905,0.03148638,0.0871982,0.05705719
-0.62559614,-0.72421659,-0.29006803,-0.68583158,0.68775284,-0.23797272,0.37183892,0.05006298,-0.92694612,0.01749481,0.03450531,0.04527888
-0.62436249,-0.72421381,-0.29272075,-0.68631747,0.68754905,-0.23715936,0.37301396,0.05282593,-0.92632042,-0.01046489,-0.00327188,0.04670518
-0.6195558,-0.72536946,-0.29998295,-0.68785294,0.68582086,-0.23771427,0.37816524,0.0590669,-0.9238518,0.02776665,-0.04485077,-0.02082759
-0.6182789,-0.72578274,-0.30161315,-0.68804076,0.68530535,-0.23865555,0.37990919,0.05996644,-0.92307794,0.03582895,-0.04564267,-0.02097147
-0.61595237,-0.72634547,-0.30499972,-0.68798623,0.68457673,-0.24089339,0.38376754,0.06145675,-0.92138234,0.04116885,-0.05100852,-0.04107345
-0.6140666,-0.72649939,-0.30841627,-0.6873523,0.68431785,-0.24342523,0.38790304,0.06251132,-0.91957776,0.00506193,-0.03409761,-0.04634089
-0.61326103,-0.72646838,-0.31008782,-0.68684622,0.68432141,-0.24483962,0.39006798,0.06283204,-0.91863972,-0.01750725,-0.02130038,-0.04808351
-0.61204305,-0.72633101,-0.31280417,-0.68559325,0.68447643,-0.24789894,0.39416377,0.06273159,-0.91689669,-0.05788484,-0.00795043,-0.04954702
-0.61163007,-0.72655392,-0.31309432,-0.68356432,0.68455915,-0.25321648,0.39830701,0.05914529,-0.9153433,-0.05207569,0.0237276,-0.05533542
-0.61242395,-0.72600993,-0.31280435,-0.6817625,0.68535625,-0.25590372,0.40017105,0.05653671,-0.91469493,-0.03458093,0.03550845,-0.05070327
-0.61296507,-0.72564737,-0.31258556,-0.68091195,0.68583438,-0.25688544,0.40079017,0.05538144,-0.91449448,-0.02992391,0.03786606,-0.04979317
-0.61431912,-0.72478506,-0.31192691,-0.67933436,0.68691058,-0.25818334,0.40139333,0.05329569,-0.9143537,-0.00311766,0.04991382,-0.03812937
-0.61582097,-0.72336896,-0.31225292,-0.677923,0.68843223,-0.25784002,0.40147844,0.05290014,-0.91433946,0.00974919,0.04485148,-0.01311121
-0.617246924,-0.721490425,-0.313779329,-0.676717651,0.690291439,-0.256029074,0.401321719,0.0543068307,-0.914325571,-0.0151797133,0.0401570201,-0.000388273736
-0.6178013,-0.72079212,-0.3142935,-0.67638431,0.6909666,-0.25508714,0.40103111,0.05499004,-0.91441254,-0.01588228,0.0430333,0.00799615
-0.6184561,-0.71985649,-0.31514823,-0.67622368,0.69181804,-0.25319809,0.40029153,0.05651877,-0.91464309,0.00624459,0.04371578,0.02017196
-0.61869008,-0.71915111,-0.31629744,-0.67653039,0.69236385,-0.25087624,0.39941085,0.05877018,-0.91488623,0.02469871,0.03606027,0.02318835
-0.61868999,-0.71892128,-0.31681944,-0.67682016,0.69250247,-0.24970929,0.39891958,0.05993713,-0.91502477,0.02229981,0.03700167,0.02933957
-0.61814974,-0.71881909,-0.3181032,-0.67773839,0.69237637,-0.24755922,0.39819744,0.06256207,-0.91516356,0.00600298,0.06385082,0.04100613
-0.61657799,-0.71944789,-0.31972881,-0.67924936,0.69145122,-0.24599909,0.39806039,0.06549798,-0.91501812,0.01281372,0.08574504,0.03723595
-0.61539219,-0.72002253,-0.32071822,-0.68022588,0.6906961,-0.24542145,0.39822779,0.0671304,-0.91482694,0.0201584,0.08469301,0.03964241
-0.61250521,-0.7215692,-0.32276137,-0.68246984,0.68875144,-0.24465548,0.39883823,0.07042212,-0.91431307,0.02750182,0.07743615,0.04083284
-0.608833,-0.72327033,-0.32588709,-0.68508504,0.68649208,-0.24369472,0.39997607,0.07489098,-0.91346071,0.01632005,0.04571813,0.0335482
-0.60678964,-0.72410833,-0.32783155,-0.68643137,0.68532221,-0.2431984,0.40077223,0.07746359,-0.91289709,0.00867699,0.03027529,0.03518564
-0.60233829,-0.72592704,-0.33199165,-0.68926833,0.68276412,-0.24236815,0.40261358,0.08284371,-0.91161349,0.01356812,0.01590127,0.02361263
-0.59777053,-0.72777199,-0.33618148,-0.69207343,0.68013214,-0.24177379,0.40460403,0.08813701,-0.91023461,0.01556237,-0.00295728,-0.00241919
-0.5954137,-0.72872359,-0.33829645,-0.69343727,0.67877631,-0.2416764,0.40574291,0.09068993,-0.90947681,0.01325102,-0.01198012,-0.01778705
-0.59066478,-0.73041796,-0.34293527,-0.69587263,0.67624402,-0.24177527,0.40850493,0.09583112,-0.90771139,0.00584004,-0.03665489,-0.02512087
-0.58836486,-0.7312494,-0.34510991,-0.69696682,0.67501684,-0.24205262,0.40995584,0.09811489,-0.90681276,-0.0061055,-0.03714734,-0.0241446
-0.58420397,-0.73276633,-0.34893985,-0.69885261,0.67279127,-0.24281042,0.41268699,0.10200671,-0.90514299,-0.01489093,-0.04361171,-0.03120174
-0.58040089,-0.73434499,-0.35195469,-0.70056859,0.67060552,-0.24390954,0.41513651,0.10500308,-0.90367908,-0.02031392,-0.03515446,-0.03737251
-0.57687259,-0.73613938,-0.35400112,-0.70198049,0.66837951,-0.24595165,0.41766179,0.10661911,-0.9023253,-0.0133384,-0.01768142,-0.03910621
-0.57525279,-0.73695487,-0.35493857,-0.70255736,0.66737699,-0.24702436,0.41892365,0.10726323,-0.90166354,-0.00554778,-0.01152366,-0.04081706
-0.57263509,-0.73798869,-0.35701759,-0.70321864,0.66601887,-0.24880186,0.42139342,0.10858874,-0.90035318,-0.00464963,-0.00423104,-0.04250921
-0.57056243,-0.73830657,-0.35966884,-0.70349383,0.66535258,-0.24980457,0.42373895,0.1104957,-0.8990193,-0.02019938,-0.00652415,-0.03342845
-0.56959273,-0.73839386,-0.36102451,-0.70358167,0.66509307,-0.250248,0.42489648,0.11147079,-0.89835256,-0.02387785,-0.00452203,-0.03251855
-0.56775197,-0.73878081,-0.36312631,-0.70380105,0.66443149,-0.25138594,0.42699166,0.11284382,-0.897187,-0.0232192,0.01214331,-0.02358816
-0.56561838,-0.73887758,-0.36624509,-0.70347422,0.66405988,-0.25327541,0.4303482,0.11438674,-0.8953858,-0.01410065,0.01907533,-0.0249158
-0.56430725,-0.7391148,-0.36778599,-0.70329886,0.66370115,-0.25469878,0.43235163,0.11493509,-0.89434997,-0.01589336,0.02240402,-0.02449203
-0.56295252,-0.73979458,-0.36849489,-0.70340455,0.66295182,-0.25635315,0.43394303,0.11488634,-0.89358528,-0.00479788,0.0284633,-0.0262267
-0.56219948,-0.74024617,-0.36873736,-0.70357662,0.66245301,-0.25716906,0.43463958,0.11485467,-0.89325064,-0.00209654,0.02401489,-0.02388144
-0.56033035,-0.74145818,-0.36914724,-0.70444824,0.66103035,-0.25844062,0.43564044,0.115233,-0.89271428,-0.00234222,0.02206045,-0.01106749
-0.55803186,-0.74321985,-0.36908599,-0.70585599,0.65899402,-0.25979637,0.43631128,0.1155469,-0.89234584,0.00586683,0.02011353,-0.00119854
-0.556706718,-0.744254375,-0.369002768,-0.70678298,0.657771585,-0.260373497,0.43650365,0.115853201,-0.892212185,0.018361913,0.019913733,7.1951421e-05
-0.55371698,-0.74624974,-0.36947086,-0.7090417,0.65519558,-0.26072706,0.43664318,0.11760123,-0.8919151,0.01123072,0.00996917,0.0027908
-0.552297234,-0.74715138,-0.369773594,-0.710316716,0.653943598,-0.260399533,0.436368947,0.11883842,-0.891885355,0.00392585434,-0.00298953056,-0.000824748306
-0.54941755,-0.74878101,-0.37076545,-0.71320444,0.65144397,-0.2587665,0.43529236,0.1222607,-0.8919487,0.00502114,-0.03152841,-0.00372266
-0.54657398,-0.750532626,-0.37142657,-0.716115127,0.648833902,-0.257281364,0.434092208,0.125360887,-0.892103495,-0.000116485578,-0.00662487745,-0.00374414166
-0.54445546,-0.7520718,-0.37142435,-0.71831766,0.64670138,-0.25650929,0.43311404,0.12714278,-0.89232656,-0.01068334,0.01083702,-0.00987061
-0.54364363,-0.75263651,-0.37146982,-0.71912686,0.64590834,-0.25624003,0.43279106,0.12783066,-0.89238509,-0.0186939,0.01500624,-0.00945937
-0.54227064,-0.75346589,-0.3717951,-0.72015822,0.64475003,-0.25626063,0.43279855,0.12878867,-0.89224366,-0.03261223,0.01996714,0.01011683
-0.54177261,-0.75385385,-0.37173428,-0.72035133,0.64432273,-0.25679189,0.43310041,0.12865645,-0.89211603,-0.02807428,0.03241068,0.00860252
-0.54178921,-0.75392877,-0.37155839,-0.72019088,0.6443219,-0.25724372,0.43334665,0.12822108,-0.89205928,-0.02260603,0.03704375,0.00443662
-0.54208898,-0.75383713,-0.37130708,-0.71955199,0.64463487,-0.25824557,0.43403259,0.12718267,-0.89187447,-0.01743038,0.03453892,0.0068694
-0.54261774,-0.7532666,-0.37169227,-0.71844482,0.64546261,-0.25925854,0.43520427,0.12636209,-0.89141995,-0.00271604,0.02323908,0.01336642
-0.54286261,-0.75284503,-0.3721886,-0.71783645,0.64598261,-0.25964832,0.43590231,0.12621717,-0.89109942,0.00393523,0.02071589,0.0115084
-0.54312675,-0.75183534,-0.37384092,-0.71661897,0.64709185,-0.26024873,0.4375736,0.12655345,-0.89023236,0.01597912,0.0090242,0.00159054
-0.54293663,-0.75099828,-0.37579418,-0.71562405,0.64792349,-0.26091636,0.43943361,0.12726629,-0.88921382,0.02146177,-0.00238496,-0.00365317
-0.54267125,-0.75075171,-0.376669,-0.71528902,0.64813831,-0.26130114,0.44030589,0.12762657,-0.88873048,0.01908633,-0.00275886,-0.00627899
-0.54058954,-0.75026463,-0.38061208,-0.7151373,0.6480987,-0.26181409,0.44310406,0.13065592,-0.8868976,0.00280057,-0.01537222,-0.00705766
-0.53973533,-0.75058999,-0.38118301,-0.71538751,0.64762753,-0.2622962,0.44374152,0.13112304,-0.88651017,0.00410181,-0.01451927,-0.01206186
-0.537834,-0.75180331,-0.38147906,-0.71610966,0.64618991,-0.26386652,0.44488365,0.13126445,-0.88591652,0.02015532,0.00092727,-0.02936718
-0.53682535,-0.75241897,-0.38168593,-0.71651044,0.64543924,-0.26461472,0.44545621,0.13143006,-0.8856042,0.01808005,0.00210994,-0.02841754
-0.53486531,-0.75326075,-0.38277593,-0.71705963,0.64429087,-0.26592251,0.44692803,0.13224045,-0.88474171,-0.00239586,-0.01523584,-0.02149111
-0.5329378,-0.7539357,-0.38413283,-0.71740942,0.64332083,-0.26732374,0.44866557,0.13311358,-0.88373056,-0.01331973,-0.00774044,-0.01373776
-0.528338318,-0.755930895,-0.386558005,-0.718589948,0.640622393,-0.270613071,0.452202495,0.134801441,-0.8816697,0.00147043518,0.00876122713,-0.000759806891
-0.52665761,-0.7567669,-0.38721493,-0.71943427,0.63943279,-0.27118256,0.45281991,0.13575532,-0.8812062,-0.00798098,0.00616592,0.00402405
-0.52575109,-0.75718982,-0.38761995,-0.71993718,0.63879489,-0.27135126,0.45307406,0.13639878,-0.88097622,-0.00405245,0.00841075,0.00625461
-0.52379456,-0.75791666,-0.38884635,-0.72108606,0.63752454,-0.27128829,0.45351301,0.13829235,-0.88045502,-0.00748302,0.01798266,0.00762069
-0.52191736,-0.75858818,-0.39005908,-0.72233504,0.63627209,-0.27090567,0.45368955,0.14036296,-0.88003627,-0.01486308,0.02695054,0.0030873
-0.52010451,-0.75923451,-0.39122147,-0.72372184,0.63500032,-0.2701875,0.45356144,0.14260978,-0.87974112,-0.04437589,0.03504854,0.00672946
-0.51961692,-0.75914907,-0.3920343,-0.72413425,0.63482283,-0.2694987,0.45346201,0.14384938,-0.87959052,-0.059503,0.03098494,0.00796648
-0.519789841,-0.758983459,-0.392125436,-0.724173013,0.634961982,-0.269066282,0.453201606,0.144108727,-0.879682125,-0.0612560697,0.0258755088,1.11460686e-05
-0.52080162,-0.75839469,-0.39192194,-0.72384253,0.63569111,-0.26823256,0.45256745,0.1439938,-0.88002729,-0.04908092,0.02832085,-0.00726113
-0.52285899,-0.75723719,-0.39142042,-0.72276889,0.63726987,-0.26738016,0.45191065,0.14310437,-0.88050976,-0.02958397,0.01450855,-0.01419925
-0.52419729,-0.75628795,-0.39146587,-0.72196897,0.63845949,-0.26670255,0.45163902,0.14282145,-0.88069516,-0.01336674,0.00661391,-0.02114014
-0.52700263,-0.75376493,-0.39256427,-0.72001653,0.64139038,-0.2649426,0.45149139,0.14302732,-0.88073763,0.04849927,-0.00410396,-0.036512
-0.52827573,-0.75247175,-0.39333327,-0.7190056,0.64285316,-0.26414156,0.4516146,0.14326925,-0.88063513,0.06777351,-0.02662915,-0.03645675
-0.5298069,-0.75067369,-0.39470686,-0.71733094,0.64491377,-0.26367123,0.45248295,0.1434406,-0.88016123,0.10913876,-0.0076291,-0.04039427
-0.53000989,-0.74963362,-0.39640778,-0.7164499,0.64592969,-0.26357999,0.45363998,0.14430632,-0.87942406,0.08414809,-0.01160175,-0.02717153
-0.52871222,-0.74995649,-0.39752816,-0.71695482,0.64527889,-0.26380096,0.45435577,0.14553494,-0.87885175,0.05053347,-0.02980846,-0.00963869
-0.52745589,-0.75079065,-0.39762233,-0.71777904,0.64419291,-0.26421339,0.45451443,0.14604406,-0.87868513,0.03715132,-0.02894872,-0.00838282
-0.52429736,-0.753510973,-0.396652932,-0.72013896,0.640941041,-0.265696205,0.454436148,0.146341413,-0.878676304,0.025056893,-0.000576972961,-0.00104834745
-0.520595876,-0.756698152,-0.395459091,-0.722873125,0.637111178,-0.267476738,0.454350559,0.146619464,-0.878674209,0.0153153166,0.0290195346,-0.00052339863
-0.518797698,-0.757981084,-0.3953655,-0.724092926,0.635454262,-0.268118212,0.45446522,0.147182261,-0.87852095,-0.000634541735,0.0302266479,0.0105975186
-0.51555282,-0.75991307,-0.3959009,-0.72622383,0.63273224,-0.26879153,0.45475746,0.14893644,-0.87807387,-0.03482132,0.03618115,0.02428278
-0.51309965,-0.76132824,-0.39636851,-0.72806146,0.63061815,-0.26878847,0.45459343,0.15066536,-0.8778637,-0.06485739,0.04712003,0.02601901
-0.51226416,-0.76207773,-0.39600847,-0.72885168,0.62965927,-0.26889472,0.45426909,0.15088629,-0.87799351,-0.05689559,0.04202026,0.01156773
-0.5110713,-0.76350029,-0.39480811,-0.73004413,0.62802543,-0.26948028,0.45369781,0.15050371,-0.87835468,-0.0271334,0.05399507,-0.00451083
-0.51056152,-0.76399805,-0.39450439,-0.73048881,0.62742237,-0.26967985,0.45355576,0.15049288,-0.87842974,-0.00814283,0.03055996,-0.01659631
-0.51064203,-0.76377258,-0.39483701,-0.73038906,0.62762776,-0.26947215,0.45362611,0.15078083,-0.87834425,0.00833688,0.03101367,-0.02662928
-0.51098926,-0.76265187,-0.39655038,-0.72969306,0.62870094,-0.26885533,0.45435462,0.15197788,-0.87776121,0.01261937,0.02486128,-0.03436913
-0.51116276,-0.76117633,-0.39915313,-0.7286708,0.63007984,-0.26839946,0.45579765,0.15365542,-0.87672031,0.01203092,0.01644033,-0.03409642
-0.51098437,-0.76051299,-0.40064315,-0.72829631,0.63061099,-0.26816833,0.45659548,0.1547571,-0.87611117,0.01396491,0.01822942,-0.03212296
-0.509917,-0.76004769,-0.40287949,-0.72827243,0.630687,-0.26805429,0.4578249,0.15672058,-0.87511981,-0.00479161,0.00825447,-0.02115361
-0.50678789,-0.76268934,-0.40183461,-0.73041731,0.62747116,-0.2697601,0.45788278,0.1567958,-0.87507629,0.03390417,0.00858289,-0.02843685
