0,1,2,3,4,5,6,7,8,9,10,11
0.48140259,0.01564677,0.87635997,-0.04978825,0.99871444,0.00951839,-0.87508442,-0.04821461,0.48156274,,,
0.48127246,0.01555753,0.87643301,-0.04980024,0.99871288,0.00961851,-0.8751553,-0.04827569,0.48142778,,,
0.48105773,0.01541625,0.8765533,-0.04971397,0.99871621,0.00971855,-0.87527817,-0.04825213,0.48120656,,,
0.48097312,0.01532103,0.87660142,-0.04965874,0.99871825,0.00979137,-0.87532782,-0.04824031,0.48111746,,,
0.480976379,0.0152458698,0.876600974,-0.0495854613,0.998721441,0.00983692488,-0.875330215,-0.0481979929,0.481117396,0.00708999764,-0.00205284357,-0.000137408031
0.4814189,0.01514151,0.87635986,-0.04955087,0.99872189,0.00996459,-0.8750889,-0.04822153,0.48155387,,,
0.48168238,0.01515848,0.87621481,-0.04953967,0.99872254,0.00995564,-0.87494457,-0.04820285,0.481818,,,
0.48234252,0.01499124,0.87585441,-0.04964687,0.99871427,0.01024694,-0.87457468,-0.04842596,0.48246663,-0.00579304,0.00424206,-0.00479983
0.48282682,0.01487023,0.8755896,-0.04970395,0.99870936,0.01044709,-0.87430417,-0.04856439,0.48294277,,,
0.48283005,0.01475198,0.8755898,-0.0496736,0.99870962,0.0105654,-0.87430409,-0.04859499,0.4829398,-0.00968882,-0.00709891,-0.00294657
0.48283005,0.01475198,0.8755898,-0.0496736,0.99870962,0.0105654,-0.87430409,-0.04859499,0.4829398,-0.00736331,0.00426495,-0.00523743
0.48305416,0.01453881,0.87546967,-0.04966856,0.99870714,0.01082001,-0.87418051,-0.04870997,0.48315176,0.0096966,-0.00848466,0.02103509
0.48326855,0.01468029,0.87534909,-0.04975475,0.99870393,0.01071988,-0.87405721,-0.04873336,0.48337261,-0.01053513,0.00187266,0.01288766
0.48343742,0.01482786,0.8752533,-0.0499081,0.99869706,0.01064709,-0.87395503,-0.04882944,0.48354756,0.00524079,0.00154722,0.00138956
0.483476375,0.0149292608,0.875230062,-0.0500305338,0.998691419,0.0106016179,-0.873926478,-0.0489138609,0.483590626,-0.00616188115,-0.0007147789,0.00184972805
0.48347312,0.01500448,0.87523061,-0.05010388,0.99868822,0.01055617,-0.87392411,-0.04895607,0.48359069,0.00374253,-0.00527596,0.00589008
0.48337891,0.0151778786,0.875279583,-0.0502257064,0.998683538,0.0104196945,-0.873969162,-0.0489982002,0.483504879,-0.000899895385,-0.00396972895,0.00394826056
0.48315479,0.015262,0.8754019,-0.05035954,0.99867718,0.01038339,-0.87408543,-0.04910163,0.48328425,-0.00526416,-0.00214487,-0.00805912
0.483067097,0.0152418706,0.87545065,-0.0503777022,0.998675975,0.0104107748,-0.874132852,-0.0491322958,0.483195354,0.00559959281,-0.000695943832,-0.00679432927
0.4830216,0.01520497,0.87547638,-0.05048789,0.99866936,0.01051085,-0.87415163,-0.04927793,0.48314654,-0.0024586,-0.00338656,-0.01200153
0.48289157,0.01511564,0.8755497,-0.05049992,0.99866769,0.01061103,-0.87422281,-0.04933917,0.48301155,,,
0.48276164,0.01511239,0.87562143,-0.05042605,0.99867191,0.01056558,-0.87429886,-0.04925479,0.48288255,,,
0.48258618,0.01515832,0.87571723,-0.05037631,0.99867538,0.01047446,-0.87439846,-0.04917024,0.48271056,,,
0.482543955,0.0151752323,0.875740234,-0.0502842569,0.998680779,0.0104016557,-0.874427092,-0.0490552062,0.482670448,0.00326487329,0.00014936924,0.00978106819
0.48250173,0.01514907,0.875764,-0.05023516,0.99868325,0.0104017,-0.87445326,-0.04901299,0.48262741,,,
0.48242052,0.01497858,0.87581168,-0.05010668,0.99868846,0.01052002,-0.87450544,-0.04895909,0.48253833,0.00329565,0.00287378,0.00414321
0.48251153,0.01492345,0.87576242,-0.05001524,0.99869286,0.01053823,-0.87446041,-0.04888629,0.48262721,0.00376756,0.00232995,0.00517718
0.48299575,0.01488871,0.87549608,-0.04998622,0.99869373,0.0105927,-0.87419473,-0.04887897,0.48310906,-0.00196383,0.00340474,0.00759029
0.48316789,0.01496106,0.87539984,-0.05006624,0.99869001,0.01056538,-0.87409501,-0.04893283,0.48328399,0.00692698,0.00284719,0.00492122
0.48320356,0.0151807,0.87537639,-0.05021904,0.99868406,0.01040158,-0.87406655,-0.04898664,0.48333005,0.00867756,0.00230742,-0.00334542
0.48315807,0.01522976,0.87540066,-0.0502433,0.99868331,0.01035612,-0.87409031,-0.04898666,0.4832871,-0.00233934,-0.0063231,-0.00269578
0.4830671,0.0152849,0.87544989,-0.05033473,0.9986789,0.01033793,-0.87413531,-0.04905946,0.48319828,-0.00174739,-0.00332773,-0.00379681
0.482979396,0.0152218511,0.875499391,-0.0503958573,0.998674775,0.0104380216,-0.874180271,-0.0491628922,0.483106457,-0.00129296049,-0.000777244568,-0.00575716514
0.48284936,0.01513253,0.87557264,-0.05040788,0.99867312,0.0105382,-0.87425139,-0.04922413,0.48297147,,,
0.48271942,0.01504325,0.87564584,-0.05041991,0.99867145,0.01063832,-0.87432246,-0.04928531,0.48283658,0.00101335,-0.00119597,-0.00685646
0.48225151,0.01457281,0.87591157,-0.05021116,0.99867772,0.0110295,-0.87459264,-0.04929953,0.48234556,,,
0.48220925,0.01454667,0.87593526,-0.05016211,0.99868019,0.01102954,-0.87461875,-0.04925731,0.48230252,-0.00517143,-0.00313091,0.00165018
0.48221573,0.01435325,0.87593486,-0.05005846,0.99868356,0.01119332,-0.87462109,-0.04924555,0.48229942,-0.00445905,-0.00793499,0.00481123
0.48204328,0.01432397,0.87603035,-0.04993546,0.99869023,0.01114784,-0.87472327,-0.04911871,0.48212719,0.00335409,-0.00135928,-0.00871898
0.481913204,0.0143208665,0.876101922,-0.0498615192,0.998694432,0.0111023097,-0.874799116,-0.0490341224,0.481998093,-0.000254886574,-0.000113129616,-0.00953686796
0.481786321,0.0142856803,0.876172263,-0.0496712513,0.998704719,0.0110295116,-0.87487981,-0.0488344415,0.48187186,-0.000997037627,-0.00101852417,-0.00643534912
0.48157478,0.01411219,0.87629142,-0.04946881,0.99871396,0.01110235,-0.8750078,-0.0486957,0.48165356,0.0012215,0.00332737,0.00899533
0.481447805,0.0139909276,0.876363072,-0.0493644845,0.998718311,0.0111750785,-0.875083498,-0.0486414294,0.481521393,-0.000435408205,-0.0010381937,0.0130117536
0.481021179,0.0136762914,0.876602249,-0.0490758925,0.998730585,0.011347918,-0.87533428,-0.0484786296,0.48108174,0.000128056388,0.00156319141,0.00486148987
0.48071829,0.01355813,0.87677023,-0.04896484,0.99873542,0.01140242,-0.87550688,-0.04841227,0.48077425,,,
0.480633518,0.0134630237,0.876818136,-0.0489096401,0.998737287,0.0114751098,-0.875556477,-0.0484001862,0.480685087,-0.00175549067,0.000572323799,-0.00482161064
0.48063352,0.0135061,0.87681752,-0.04886663,0.99874022,0.01140243,-0.87555892,-0.04832751,0.48068803,-0.00419809,0.00176775,-0.00450112
0.48059113,0.01356636,0.87683976,-0.04873137,0.99874848,0.01125688,-0.87558967,-0.04813957,0.48065077,0.003893,-0.00332004,-0.00508279
0.480548732,0.0135403473,0.876863439,-0.0486822652,0.998750879,0.0112569,-0.875615708,-0.0480971905,0.480607643,-0.000498212175,-0.00565481186,-0.00755279418
0.48068216,0.01359753,0.8767894,-0.04855377,0.99875856,0.01112956,-0.87554958,-0.04792121,0.48074563,0.00327093,-0.00110298,-0.01551681
0.481079207,0.0136714722,0.876570479,-0.0484139447,0.998766859,0.010993213,-0.87533925,-0.0477268438,0.481147858,0.00766885281,0.00051176548,0.00123217935
0.48134589,0.01361325,0.87642498,-0.04832929,0.99877056,0.01102957,-0.87519731,-0.04766604,0.48141203,,,
0.48170033,0.0136181,0.87623025,-0.04818342,0.99877831,0.01096574,-0.87501044,-0.04750197,0.48176801,,,
0.482142543,0.0136429332,0.875986528,-0.0480193049,0.998787212,0.0108743238,-0.874775784,-0.0473072398,0.48221293,-0.000593932928,0.000168323517,0.00729534309
0.48227575,0.01369995,0.87591228,-0.04789089,0.99879476,0.01074671,-0.87470937,-0.0471311,0.48235059,0.00574386,-0.00236434,0.00940819
0.48249361,0.01393832,0.87578853,-0.04773161,0.99880605,0.01040036,-0.87459792,-0.04682091,0.48258283,-0.00132011,0.00556099,0.00654095
0.48262368,0.0140705,0.87571482,-0.04767662,0.99881046,0.01022719,-0.87452922,-0.046687,0.48272041,-0.00332931,0.00119472,0.00567423
0.482669092,0.014064458,0.875689837,-0.0476093441,0.998813955,0.0101997078,-0.874507776,-0.0466141041,0.482766225,-0.000135621405,-0.000887393951,0.00847844966
0.482756825,0.0141274831,0.875640484,-0.0475482278,0.998817885,0.0100994057,-0.874462697,-0.0465107104,0.482857888,-2.10746657e-05,-0.00142538548,0.00944060739
0.48284455,0.01410438,0.87559246,-0.04757312,0.99881624,0.01014482,-0.87441288,-0.04655304,0.48294397,0.00202624,-0.00121266,0.00524231
0.482799141,0.0141535365,0.875616713,-0.0475973381,0.998815547,0.0100993737,-0.874436644,-0.046552995,0.482900959,0.00271615782,-0.000196218491,0.00450256653
0.482799141,0.0141535365,0.875616713,-0.0475973381,0.998815547,0.0100993737,-0.874436644,-0.046552995,0.482900959,0.00271615782,-0.000196218491,0.00450256653
0.48243886,0.01447144,0.87581005,-0.04771782,0.99881296,0.00978142,-0.87462888,-0.04651069,0.48255673,,,
0.48230566,0.01454371,0.87588227,-0.0477171,0.99881388,0.00969054,-0.87470243,-0.04646836,0.48242757,-0.00114851,-0.00423533,-0.00817099
0.482126988,0.0146652163,0.875978516,-0.047740577,0.998814075,0.0095541061,-0.874799558,-0.0464260171,0.482255348,0.00186309917,-0.000185608864,-0.00578591367
0.48220849,0.01487862,0.87593008,-0.04782612,0.99881179,0.00936287,-0.87474998,-0.0464072,0.48234712,,,
0.48220534,0.01499688,0.87592983,-0.04785643,0.99881144,0.00924454,-0.8747501,-0.04637664,0.48234991,0.00192049,0.00306904,0.00775481
0.48237456,0.01518719,0.87583338,-0.04796698,0.99880748,0.00909873,-0.87465075,-0.04640007,0.4825278,-0.00357188,-0.00471604,0.00662966
0.48249506,0.0154588,0.87576227,-0.04821805,0.99879687,0.00893481,-0.87457049,-0.04653855,0.48265995,-0.0047058,0.00285733,0.00668329
0.48248866,0.01560917,0.8757631,-0.04836472,0.99879059,0.00884387,-0.8745659,-0.04662311,0.48266007,-0.00201835,0.00136781,0.00755305
0.48248866,0.01560917,0.8757631,-0.04836472,0.99879059,0.00884387,-0.8745659,-0.04662311,0.48266007,-0.00201835,0.00136781,0.00755305
0.482329497,0.0163692742,0.875836887,-0.0488644513,0.998771404,0.00824308932,-0.874625904,-0.0467731759,0.482536785,0.00225572288,-0.00453907251,-0.000644305605
0.482277418,0.0165688665,0.875861822,-0.0490351786,0.998764154,0.00810649373,-0.874645076,-0.046857621,0.482493855,0.000864234287,-0.00436514616,-0.00417769235
0.4823453,0.01704023,0.8758154,-0.049457,0.99874575,0.00780586,-0.87458389,-0.04708032,0.48258308,-0.00616328,0.00182045,-0.00625157
0.482367353,0.0175608005,0.875792992,-0.0499028063,0.998726221,0.00745958583,-0.874546429,-0.0473027884,0.482629256,-0.00426741224,0.00760114193,0.000931000279
0.482314996,0.0177604596,0.87581777,-0.0500734756,0.998718691,0.0073228519,-0.874565519,-0.0473871627,0.482586329,-0.000207489356,-0.00016450882,0.0054649082
0.48184175,0.01849902,0.87606299,-0.05080981,0.9986848,0.00685749,-0.87478394,-0.04781682,0.48214796,0.01536368,0.0061326,-0.00490186
0.48196471,0.01860941,0.87599293,-0.05107358,0.99867116,0.00688473,-0.87470076,-0.0480583,0.48227471,0.0098613,0.006428,-0.00163997
0.48225962,0.01879213,0.87582677,-0.05141774,0.9986535,0.00688478,-0.87451809,-0.04835329,0.48257651,0.00422247,0.00371087,-0.0015515
0.48233678,0.01895188,0.87578079,-0.05170562,0.99863876,0.00686637,-0.87445852,-0.04859469,0.48266012,-0.00502171,0.00392914,-0.00217531
0.482420976,0.0190041296,0.875733302,-0.0518039239,0.99863367,0.00686639979,-0.874406271,-0.0486789178,0.482746318,0.00153169676,-0.000880002975,-0.00728012994
0.482199827,0.0190131041,0.875854923,-0.0518639211,0.998630495,0.00687523546,-0.874524716,-0.0487405073,0.482525546,0.000434485264,-0.00615936518,-0.00451516686
0.48212974,0.01857355,0.87590293,-0.0515588,0.99864398,0.00720362,-0.8745814,-0.04863358,0.48243359,-0.00504382,0.01155496,0.00622524
0.48243864,0.01836914,0.87573713,-0.05169586,0.99863447,0.00753197,-0.87440293,-0.04890569,0.48272946,,,
0.48239652,0.01821375,0.87576358,-0.05177578,0.99862866,0.00775059,-0.87442144,-0.0490822,0.48267802,0.00120613,-0.00710732,-0.00494025
0.48239652,0.01817069,0.87576445,-0.05181877,0.99862586,0.00782342,-0.87441887,-0.04915503,0.48267522,-0.00454654,-0.00316733,-0.01096061
0.48248426,0.01806155,0.87571837,-0.05192981,0.99861857,0.00801481,-0.87436387,-0.04934291,0.48275568,,,
0.48261422,0.01802169,0.87564755,-0.05204697,0.99861152,0.00813334,-0.87428516,-0.04950007,0.48288209,,,
0.48270194,0.01795569,0.87560053,-0.05211493,0.998607,0.00825181,-0.87423265,-0.04961503,0.4829653,-0.0067374,-0.00414211,0.0031657
0.48291945,0.017893,0.8754819,-0.0522569,0.99859821,0.00841589,-0.87410408,-0.04981417,0.48317754,-0.00394115,0.00104499,-0.01595963
0.48339993,0.0178908,0.87521678,-0.05234465,0.99859292,0.00849821,-0.87383324,-0.04992095,0.48365623,-0.00244579,-0.00826961,-0.00116161
0.48366287,0.01786529,0.87507202,-0.05237639,0.99859071,0.00856204,-0.87368583,-0.04997425,0.48391696,-0.0029688,-0.00363261,0.00355605
0.48366287,0.01782223,0.8750729,-0.05241938,0.99858783,0.008635,-0.87368325,-0.05004721,0.48391408,-0.00309545,-0.00285548,0.01201476
0.48361729,0.01782831,0.87509795,-0.05248649,0.99858406,0.00866224,-0.87370444,-0.05012003,0.48386826,-0.00380096,-0.00367481,0.01361471
0.483392869,0.0178263751,0.875221997,-0.0527059829,0.998571552,0.00877124307,-0.873815428,-0.0503693924,0.483641924,0.000275698723,0.00126588345,0.013282204
0.48351904,0.01777608,0.87515333,-0.05298197,0.998555,0.00898974,-0.87372894,-0.05071406,0.48376217,,,
0.48360313,0.0177856,0.87510666,-0.05312298,0.99854685,0.00906254,-0.87367382,-0.05087095,0.48384521,,,
0.48406178,0.01802107,0.87484829,-0.05386445,0.99850555,0.00923541,-0.87337444,-0.05159372,0.48430906,0.00704727,-0.00428456,0.00472608
0.48414227,0.01810609,0.8748019,-0.05407864,0.99849372,0.0092626,-0.87331649,-0.05179252,0.48439217,0.00532541,0.00328314,0.00486675
0.484215331,0.0182129723,0.874759251,-0.0545678824,0.998465656,0.00941696354,-0.873245558,-0.0522936003,0.484466222,0.00844216347,-0.000348210335,0.00507915765
0.48437584,0.01829736,0.87466861,-0.05508181,0.99843553,0.00961686,-0.87312425,-0.05283651,0.4846259,0.00426993,0.00344396,0.00281341
0.4844104,0.0183886,0.87464762,-0.055363,0.99841945,0.00967119,-0.87308736,-0.05310794,0.48466282,0.00532439,0.00502181,0.00121893
0.4846395,0.01865602,0.87451504,-0.05643892,0.99835618,0.00997945,-0.87289131,-0.05419312,0.48489577,0.00164974,0.00165975,0.00514037
0.48463196,0.0186782,0.87451868,-0.05671369,0.99833933,0.01010623,-0.87287763,-0.05449498,0.48488646,,,
0.48462439,0.01861453,0.87452421,-0.05707413,0.998316,0.01037859,-0.87285832,-0.05494243,0.48487069,,,
0.484788173,0.018495776,0.87443595,-0.0576425169,0.998278416,0.0108418148,-0.872730006,-0.0556606771,0.485019713,0.00437228894,-0.000272631645,-0.0104983589
0.48483003,0.01839374,0.87441492,-0.0578197,0.99826578,0.01105983,-0.87269506,-0.05592055,0.48505275,0.00169663,0.00249541,-0.01604222
0.48539304,0.01823291,0.8741059,-0.05821755,0.99823761,0.01150618,-0.87235559,-0.05647332,0.48559906,0.00115331,0.00383925,-0.01341178
0.4860053,0.01794832,0.8737715,-0.05851728,0.99821374,0.01204371,-0.87199456,-0.05698404,0.48618746,0.00586067,-0.00591868,-0.00463429
0.48640055,0.01772493,0.87355613,-0.05867605,0.99819985,0.01241711,-0.8717635,-0.05729652,0.48656498,,,
0.48683752,0.01752837,0.87331664,-0.05888336,0.99818293,0.01279044,-0.87150556,-0.05765069,0.48698503,-0.0063451,0.00147545,0.01015158
0.486970456,0.017371987,0.873245632,-0.0589685073,0.998174842,0.0130268482,-0.871425518,-0.057837684,0.487106059,0.00084452075,-0.0038856864,0.0105378423
0.48731594,0.01727349,0.87305485,-0.05922436,0.99815597,0.01330883,-0.87121503,-0.05819172,0.48744032,0.0024163,0.00286186,-0.0036173
0.48801419,0.01718197,0.87266656,-0.05933355,0.99814654,0.01352806,-0.87081667,-0.05838029,0.48812914,-0.00722812,-0.00445598,-0.00839671
0.488276031,0.0171584397,0.872520505,-0.0593637939,0.998143876,0.013592028,-0.870667781,-0.0584327921,0.48838832,-0.00514390646,-0.00666868687,3.92743386e-05
0.4886704,0.01702149,0.87230241,-0.05943621,0.99813644,0.01381968,-0.87044159,-0.05859962,0.48877143,-0.00599956,-0.00166267,0.00220803
0.48884478,0.01689226,0.87220719,-0.05956963,0.99812519,0.01405597,-0.87033453,-0.05882825,0.48893455,,,
0.48893196,0.01682772,0.87215955,-0.05963631,0.99811954,0.01417403,-0.87028097,-0.05894252,0.48901608,-0.00230853,-0.00424469,-0.00301249
0.48931854,0.01675688,0.87194411,-0.05993998,0.9980973,0.01445592,-0.87004283,-0.05933786,0.48939192,-0.00524318,0.00267708,-0.008006
0.48936402,0.01670817,0.87191953,-0.05991537,0.99809812,0.01450137,-0.87001896,-0.05933783,0.48943439,-0.00852277,0.00210762,-0.00293232
0.489364023,0.0167507673,0.871918744,-0.0598728749,0.998101724,0.0144287099,-0.87002191,-0.059265172,0.489437992,0.000802502036,-0.00179094076,-0.0106098717
0.48923139,0.01686402,0.87199092,-0.05983078,0.9981066,0.01426506,-0.87009932,-0.05915082,0.48931407,0.00110793,-0.00113732,-0.00541149
0.48918974,0.01687981,0.872014,-0.05973959,0.9981131,0.01419247,-0.87012903,-0.05903657,0.48927508,,,
0.48910641,0.01686886,0.87206095,-0.05959964,0.99812249,0.01411986,-0.87018547,-0.05888063,0.48919349,-0.00359385,-0.00183409,0.00539356
0.489064742,0.0169272616,0.872083202,-0.0594659188,0.998132513,0.0139746215,-0.870218046,-0.0586937251,0.489158016,0.00398614211,-0.000437855721,0.0068709841
0.488890281,0.016928704,0.872181011,-0.0594600674,0.99813312,0.0139562188,-0.870316493,-0.0586830013,0.488984163,-0.00150872697,0.000823736191,0.00987546798
0.4884126,0.01696952,0.8724478,-0.05933276,0.99814285,0.01380124,-0.87059333,-0.05850544,0.4885124,0.0048633,0.00304079,0.00184542
0.48806736,0.01693962,0.87264159,-0.05920502,0.99815132,0.0137373,-0.87079565,-0.05836949,0.48816799,,,
0.48789285,0.01698373,0.8727383,-0.0591565,0.99815544,0.01364628,-0.87089672,-0.05828606,0.48799761,0.00270642,-0.00273108,0.00396803
0.48780559,0.01704848,0.87278584,-0.05908966,0.99816101,0.01352811,-0.87095017,-0.0581717,0.48791591,-0.00610141,-0.00350744,0.00400337
0.48749819,0.01716369,0.87295522,-0.05904127,0.99816633,0.0133458,-0.87112544,-0.05804644,0.48761764,,,
0.48732358,0.01720795,0.87305187,-0.05899264,0.99817042,0.01325469,-0.87122646,-0.05796296,0.48744712,-0.00176671,-0.00418752,-0.00887192
0.48714894,0.01720952,0.87314928,-0.05898656,0.99817102,0.01323622,-0.87132451,-0.05795209,0.48727309,,,
0.48697808,0.0172638,0.87324352,-0.05877938,0.99818576,0.01304537,-0.87143403,-0.05768152,0.48710934,0.01027652,0.00427389,-0.00265843
0.48715656,0.01727211,0.87314377,-0.05862699,0.99819578,0.01296416,-0.8713445,-0.05750537,0.48729023,0.00962564,0.00568068,0.01034552
0.48746405,0.01719946,0.87297362,-0.05863298,0.99819399,0.01307378,-0.87117216,-0.05755805,0.48759214,0.00858731,0.00379169,0.01324635
0.48812049,0.01712369,0.87260821,-0.05865089,0.99819101,0.01322012,-0.87080329,-0.05763227,0.48824181,0.00283571,0.00201416,0.00989842
0.48864773,0.01700093,0.87231546,-0.05863802,0.99818946,0.0133933,-0.8705084,-0.05769546,0.48875992,0.00178199,-0.00172883,0.00704211
0.4889093,0.01693473,0.87217022,-0.05871076,0.99818335,0.01352978,-0.87035666,-0.05782061,0.48901537,-0.00317053,-0.00359142,0.0052503
0.48925795,0.01680391,0.87197725,-0.05885015,0.99817165,0.01378444,-0.87015135,-0.05806014,0.48935233,-0.00307791,-0.00289297,0.01006393
0.48956115,0.01663692,0.87181022,-0.0590989,0.998152,0.0141388,-0.86996389,-0.05844484,0.48963966,-0.00478106,-0.00113106,0.00940525
0.48964826,0.01648726,0.87176411,-0.05925045,0.99813925,0.01440217,-0.86990452,-0.05870442,0.48971403,0.00372352,-0.00398839,0.00481675
0.48977323,0.01631234,0.87169719,-0.05965138,0.99810899,0.01483789,-0.86980676,-0.05926514,0.48982012,,,
0.49015942,0.01619943,0.87148218,-0.05999694,0.99808295,0.01519215,-0.8695654,-0.05973284,0.49019167,-0.00440396,0.00542355,-0.01646814
0.490375159,0.0161400527,0.871361963,-0.0601361446,0.998072065,0.0153556558,-0.869434193,-0.0599303825,0.490400349,0.00062147784,-0.00251698494,-0.0101822522
0.49098063,0.01589305,0.87102552,-0.06054693,0.99803841,0.01591859,-0.86906393,-0.06055364,0.49097981,-0.00407167,0.00429237,0.00253517
0.49102222,0.01583504,0.87100309,-0.06068028,0.99802799,0.01606373,-0.86903108,-0.06074037,0.49101479,,,
0.49098063,0.01568075,0.8710293,-0.06075875,0.99801968,0.01628151,-0.86904908,-0.06091656,0.49096108,0.0032708,-0.00459981,-0.00323306
0.49119619,0.0155369,0.87091035,-0.06098225,0.99800097,0.01659,-0.86891162,-0.06125902,0.49116175,,,
0.49137408,0.01537544,0.87081287,-0.06099894,0.99799646,0.01679886,-0.86880987,-0.06137319,0.49132748,,,
0.491340002,0.0151125828,0.870836727,-0.0608881959,0.997999221,0.0170347204,-0.868836937,-0.0613935171,0.491277117,0.00544211548,-0.000149726868,-0.00751708914
0.49138538,0.01502157,0.87081268,-0.06090573,0.99799613,0.01715262,-0.86881003,-0.06146603,0.49131561,0.00613559,-0.00118142,-0.0027507
0.49160846,0.01481167,0.8706904,-0.06089755,0.99799223,0.01740667,-0.86868444,-0.06158017,0.49152342,0.00246029,-0.00273073,0.01007909
0.49192228,0.01446224,0.87051897,-0.06088191,0.99798582,0.01782392,-0.86850782,-0.06176684,0.49181195,0.00324623,0.0023241,0.0075601
0.49205454,0.01434965,0.8704461,-0.06092313,0.99798038,0.01798714,-0.86843001,-0.06188096,0.491935,0.00353547,-0.00227392,0.00688815
0.49301397,0.01399442,0.86990879,-0.0611527,0.99795504,0.01860348,-0.86786951,-0.06236905,0.49286157,-0.00350651,0.00712228,0.00173185
0.49319136,0.01387582,0.86981021,-0.06112662,0.99795409,0.01873936,-0.86777064,-0.06241064,0.49303052,,,
0.49307048,0.01367689,0.86988181,-0.06094971,0.9979627,0.01885713,-0.86785169,-0.06231695,0.49289955,-0.00245223,-0.00339228,-0.00982898
0.493036244,0.0134140803,0.869905324,-0.0608387268,0.997964987,0.0190927818,-0.867878942,-0.0623373679,0.492849005,-0.000510366634,-0.00339257717,-0.0136950146
0.49308151,0.01340787,0.86987981,-0.0607716,0.9979696,0.01906552,-0.86785798,-0.06226484,0.49289518,-0.00609376,-0.00135094,-0.01126282
0.49330791,0.01324977,0.86975382,-0.06056251,0.99798075,0.01914674,-0.86774388,-0.06211971,0.49311424,,,
0.49319422,0.01298438,0.86982232,-0.06015428,0.99800423,0.01920999,-0.86783692,-0.06179779,0.49299098,-0.00501833,-0.00120437,-0.00261713
0.49298626,0.01293411,0.86994089,-0.05982706,0.99802668,0.01906489,-0.86797763,-0.06144474,0.49278725,,,
0.4927781,0.0129263,0.87005897,-0.05945748,0.9980529,0.01884724,-0.86812125,-0.06101903,0.49258718,-0.00687903,-0.00200629,0.00549533
0.49260799,0.01293635,0.87015519,-0.0592944,0.99806482,0.01872951,-0.86822899,-0.06082163,0.49242176,-0.00968425,-0.00351876,0.00999491
0.4920486,0.01304875,0.87046993,-0.05894547,0.99809239,0.01835811,-0.86856986,-0.06034334,0.49187912,-0.00423085,-0.00305188,0.00596653
0.491356502,0.0132744148,0.870857322,-0.0585547364,0.998125075,0.0178234932,-0.868987933,-0.0597505144,0.491212526,-0.000796197739,0.00750982761,-0.00731113926
0.491095541,0.0133822357,0.871002957,-0.0584408331,0.998135452,0.0176150396,-0.869143201,-0.0595528031,0.490961939,0.00178789441,0.000690817833,-0.0119144078
0.490190479,0.0139331693,0.871503981,-0.0574973118,0.998211256,0.0163813245,-0.86971684,-0.0581391043,0.490114773,-0.00437434483,0.00014102459,-0.00433585187
0.489803909,0.0140890471,0.871718748,-0.0571092772,0.998240439,0.0159547887,-0.869960118,-0.0575979477,0.489746685,-0.000575128826,0.000783085823,-0.00737886503
0.48898124,0.01439836,0.87217542,-0.05655789,0.99828317,0.01522871,-0.87045878,-0.05677496,0.48895608,0.00674902,-0.00687438,0.00172565
0.48855232,0.01474192,0.87241001,-0.05590729,0.99833156,0.01443852,-0.87074159,-0.05582806,0.48856138,0.00881772,0.00343692,-0.00819392
0.48846851,0.01485928,0.87245499,-0.05563939,0.99835069,0.0141478,-0.87080581,-0.05545362,0.48848964,0.01260685,0.0056715,-0.00898827
0.48838832,0.01515746,0.87249472,-0.0550424,0.99839321,0.01346593,-0.87088869,-0.05460081,0.48843789,,,
0.488527924,0.0154477988,0.87241153,-0.0543840265,0.998438378,0.0127742948,-0.870851819,-0.0536858496,0.488605141,0.00507247308,-0.000211119652,0.00673552649
0.488489545,0.0155166741,0.872431773,-0.0540912038,0.9984574,0.0125284863,-0.870891559,-0.0533109194,0.488575317,0.00297162263,0.000495433807,0.0111943353
0.48867452,0.01558741,0.87232694,-0.05357854,0.99848944,0.01217273,-0.87081949,-0.0526865,0.4887715,0.01231956,0.00161481,0.00435691
0.48894647,0.01572122,0.87217211,-0.05300493,0.99852552,0.01171618,-0.87070191,-0.05195801,0.48905883,0.00312793,0.00553143,0.00298204
0.489654139,0.015913667,0.871771499,-0.0523826088,0.998564349,0.011193919,-0.870341802,-0.0511468155,0.489784766,-0.000231639598,-0.00245779753,0.00521321595
0.49036115,0.01584959,0.87137515,-0.05201614,0.99858446,0.01110835,-0.86996562,-0.05077268,0.49049146,-0.00563074,-0.00244713,0.00421041
0.49075458,0.01588181,0.87115311,-0.05191849,0.99859027,0.01104263,-0.86974965,-0.05064817,0.49088731,-0.01188781,0.00413585,0.00383405
0.491025911,0.0158016015,0.871001669,-0.0515579531,0.998609982,0.0109490668,-0.869617948,-0.050283337,0.491158075,-0.00421978347,-0.000836610794,0.00577846309
0.49086194,0.01579089,0.87109421,-0.05111829,0.99863526,0.01070226,-0.8697364,-0.04978218,0.49099924,0.00932983,0.00323331,-0.00591296
0.490694422,0.0158130866,0.871188235,-0.0507945698,0.998654102,0.0104831635,-0.869849933,-0.0493956611,0.490837216,0.00655888394,-1.18017197e-05,-0.00522839278
0.49035284,0.01596579,0.87137775,-0.05033669,0.99868196,0.01002778,-0.87006914,-0.04877943,0.4905102,0.00383674,-0.00129181,0.0046304
0.489923994,0.0160987831,0.871616466,-0.0498966283,0.998708248,0.00960005542,-0.870336004,-0.048194022,0.490094409,0.00299123232,-0.000707387924,0.0118558584
0.4896658,0.01617681,0.87176008,-0.04966422,0.99872208,0.00936351,-0.87049457,-0.04788028,0.48984346,,,
0.48923662,0.01626774,0.87199936,-0.04926626,0.99874505,0.00900864,-0.8707585,-0.0473675,0.4894241,,,
0.48902684,0.01622174,0.87211789,-0.04893557,0.99876262,0.0088625,-0.87089498,-0.04701158,0.48921555,,,
0.488855708,0.0161917969,0.872214371,-0.0488128738,0.998769022,0.00881731213,-0.870997926,-0.0468856839,0.489044305,-9.5512718e-05,-0.00101172924,0.0118053844
0.48872652,0.01631679,0.87228443,-0.04861084,0.99878118,0.00855283,-0.87108172,-0.04658247,0.48892402,-0.00180853,0.00341654,0.01079042
0.48833548,0.01642445,0.87250139,-0.04842037,0.99879257,0.00829885,-0.8713116,-0.04629946,0.48854113,-0.00725531,0.0059166,0.01876888
0.48794441,0.01648956,0.87271891,-0.04827251,0.99880122,0.00811774,-0.87153885,-0.04608934,0.48815546,0.00158178,0.001634,0.01238493
0.487245919,0.0165008372,0.873108835,-0.0482460104,0.998803061,0.0080477732,-0.871930982,-0.0460452663,0.487458815,0.000728206709,0.00325191021,0.00911705196
0.48654358,0.01658764,0.87349875,-0.04829279,0.99880173,0.00793221,-0.87232048,-0.04604307,0.48676164,-0.00412827,0.00519836,-0.00137306
0.486235891,0.0166195664,0.873669544,-0.0483285008,0.998800277,0.00789706469,-0.872490136,-0.0460629747,0.486455741,0.00901657529,-0.000375747681,-0.00558860507
0.48557509,0.01673286,0.87403478,-0.048424,0.99879656,0.00778088,-0.87285274,-0.04610246,0.485801,0.01004551,0.00238371,-0.0068326
0.48504667,0.01668808,0.87432905,-0.04860582,0.99878679,0.00790122,-0.87313645,-0.04632994,0.48526934,0.00599675,-0.0026868,-0.00836435
0.48508552,0.01674647,0.87430634,-0.04877129,0.9987785,0.00792884,-0.87310559,-0.04648722,0.48530974,0.01355745,0.00130665,-0.01389404
0.48556527,0.01665775,0.87404168,-0.04894472,0.99876819,0.00815592,-0.87282916,-0.04673996,0.48578245,-0.00268809,0.0014205,-0.00809455
0.48582768,0.01658901,0.87389709,-0.04901915,0.99876342,0.008292,-0.87267889,-0.04686618,0.4860401,,,
0.48586977,0.0166152,0.87387325,-0.0490683,0.998761,0.00829203,-0.87265275,-0.04690832,0.48608306,-0.00124307,-0.0021174,0.00452118
0.48561065,0.01652273,0.87401899,-0.04900623,0.99876359,0.00834724,-0.87280043,-0.04688589,0.48581995,0.00443992,-0.00131685,0.00874183
0.48539357,0.01645645,0.87414087,-0.04899333,0.99876376,0.00840247,-0.87292195,-0.04690558,0.48559976,-0.00443406,-0.00199777,0.01649827
0.48530279,0.0165117,0.87419018,-0.04908477,0.99875942,0.00838463,-0.87296723,-0.04697851,0.4855112,0.00494516,0.00347626,0.01074703
0.485127639,0.0163426542,0.874290655,-0.0492497793,0.998748961,0.00865870188,-0.873055377,-0.0472591952,0.485325597,0.00230202544,-0.000891327858,0.00506401248
0.484816337,0.01632087,0.874463642,-0.0494875583,0.998736003,0.00879640166,-0.873214758,-0.047539713,0.485011211,-0.00309451716,-0.00410175323,0.000482065079
0.48468336,0.01622091,0.87453924,-0.04965873,0.99872572,0.00899734,-0.87327889,-0.04778937,0.48487125,0.00721338,-0.0053398,-0.0027118
0.48445948,0.01617613,0.87466416,-0.04992135,0.99871096,0.00918021,-0.87338818,-0.04811185,0.48464253,,,
