0,1,2,3,4,5,6,7,8,9,10,11
-0.98507587,-0.01942422,0.17102063,0.09042811,-0.90383887,0.41820795,0.14645175,0.42743167,0.89210652,0.23466749,0.12082082,-0.34288609
-0.98499136,-0.01915958,0.17153614,0.09043632,-0.90376953,0.41835587,0.14701364,0.42759007,0.89193817,0.23198104,0.1150133,-0.34201229
-0.98493963,-0.01900796,0.17184995,0.09041976,-0.90381456,0.41826223,0.1473702,0.42750172,0.89192169,0.2319286,0.11357802,-0.34555814
-0.98487339,-0.01899195,0.17223114,0.09052168,-0.90394702,0.41795391,0.14775008,0.42722237,0.89199269,0.22300351,0.12069172,-0.34236234
-0.98488333,-0.01871362,0.17220518,0.09021634,-0.90408486,0.41772189,0.14787101,0.42694305,0.89210638,0.22982864,0.11718386,-0.34620795
-0.98490244,-0.01840872,0.17212774,0.08985472,-0.90425361,0.41743407,0.14796274,0.4265984,0.89225603,0.23865506,0.11500591,-0.34512103
-0.98495001,-0.01791999,0.17190644,0.08918085,-0.90467617,0.4166621,0.14805312,0.42572222,0.89265942,0.24150869,0.11505282,-0.34943202
-0.98497377,-0.01732284,0.17183252,0.0884484,-0.90516799,0.41574946,0.14833535,0.42470066,0.89309908,0.24113014,0.121126,-0.35446569
-0.98499685,-0.01650512,0.1717826,0.08743909,-0.90591621,0.41433161,0.14878201,0.42313575,0.89376735,0.24090442,0.12490797,-0.35629877
-0.9850139,-0.01585055,0.17174337,0.08667824,-0.90637706,0.41348151,0.14911039,0.42217157,0.89416846,0.24122813,0.1235801,-0.35751346
-0.98503722,-0.01559656,0.17163474,0.08634902,-0.90654088,0.41319188,0.14914954,0.42182986,0.8943232,0.24365962,0.1248194,-0.35878447
-0.98507311,-0.01512144,0.17146852,0.08574133,-0.9068664,0.41260264,0.14925997,0.42114588,0.89462705,0.24106379,0.12348998,-0.35196155
-0.98513768,-0.0146095,0.17114497,0.08492685,-0.90749635,0.41138556,0.14930327,0.41980616,0.89524932,0.23935476,0.12344259,-0.35615879
-0.98518286,-0.01426733,0.17091189,0.08435781,-0.90796508,0.41046668,0.14932578,0.41880255,0.89571548,0.2378792,0.12993455,-0.35639018
-0.98521028,-0.01410139,0.17076832,0.08402888,-0.90830499,0.40978184,0.14933123,0.41807076,0.89605637,0.24025312,0.13137436,-0.35919619
-0.98519375,-0.01358618,0.17090605,0.08354095,-0.90854486,0.40934988,0.1497143,0.41756656,0.89622754,0.23710112,0.12631965,-0.35485736
-0.98529949,-0.01313831,0.17032955,0.08289876,-0.90855359,0.40946066,0.14937391,0.41756152,0.89628668,0.23794527,0.11771113,-0.34472752
-0.98539223,-0.01296137,0.16980601,0.08249174,-0.90864215,0.40934641,0.14898721,0.41737438,0.89643819,0.24059545,0.11902064,-0.33951372
-0.98542875,-0.01284761,0.16960153,0.08227242,-0.90873412,0.40918593,0.14886567,0.4171772,0.89655015,0.23791493,0.12361962,-0.34844092
-0.98551121,-0.01258685,0.16914192,0.08178309,-0.90891878,0.40887401,0.14858984,0.41678292,0.89677926,0.23789015,0.12802082,-0.34660396
-0.98564276,-0.01209468,0.16840916,0.08094001,-0.90919873,0.40841888,0.14817773,0.41618624,0.89712449,0.23695886,0.12379646,-0.34710556
-0.98576155,-0.01183007,0.16773256,0.08037021,-0.90934837,0.40819868,0.14769832,0.41586726,0.89735145,0.2384039,0.11887598,-0.34853885
-0.9858564,-0.01159871,0.16718892,0.07985281,-0.90958942,0.40776237,0.1473438,0.41534575,0.89765121,0.24011947,0.11409634,-0.34527546
-0.98589666,-0.01141247,0.16696577,0.07953911,-0.90974451,0.40747821,0.14724586,0.41501171,0.89782177,0.24239865,0.1155318,-0.3449994
-0.98599507,-0.01112679,0.16640227,0.07891129,-0.910138,0.40672058,0.14692355,0.41415555,0.89826981,0.24202354,0.11723036,-0.34869307
-0.98608041,-0.01097007,0.16590692,0.07840767,-0.910587,0.40581225,0.14662089,0.41317188,0.89877212,0.24557383,0.12343603,-0.35185811
-0.98611564,-0.01088565,0.16570082,0.07816204,-0.91082687,0.40532018,0.14651264,0.41264422,0.89903212,0.24155003,0.1257931,-0.35314974
-0.98616916,-0.01077086,0.16539105,0.07778306,-0.91124647,0.40444963,0.14635575,0.41172041,0.89948112,0.24367675,0.13138473,-0.35675168
-0.9861807,-0.01057858,0.16533349,0.07747789,-0.91155334,0.40381575,0.14643854,0.41104511,0.89977644,0.23942864,0.12071919,-0.35531384
-0.98617603,-0.01055778,0.16536439,0.07741793,-0.91170497,0.40348546,0.14650362,0.41070986,0.89991894,0.23912108,0.12394673,-0.35557047
-0.98615605,-0.01042039,0.1654915,0.07722605,-0.91204253,0.40275843,0.1467384,0.40996296,0.9002212,0.23530668,0.12850797,-0.35706374
-0.98617742,-0.01032998,0.16536857,0.07698722,-0.9123426,0.40212355,0.14671891,0.40929656,0.90052754,0.22991729,0.11780679,-0.35527861
-0.9861943,-0.01015841,0.16528047,0.07674189,-0.91249765,0.40181931,0.1467362,0.40895584,0.90067953,0.23420842,0.12262833,-0.35554239
-0.98621859,-0.00986058,0.16515436,0.0762911,-0.91286556,0.40106911,0.14680893,0.40814155,0.90103697,0.23496725,0.12070292,-0.35290298
-0.9862625,-0.00930672,0.16492305,0.07551084,-0.91338953,0.40002204,0.1469161,0.40698022,0.90154465,0.23658457,0.12761849,-0.3557649
-0.98628617,-0.00898457,0.16479899,0.07508133,-0.91363783,0.39953542,0.14697695,0.40642962,0.90178308,0.23409873,0.12629116,-0.35608754
-0.98631335,-0.00856607,0.16465809,0.07457852,-0.9138299,0.39919001,0.14705002,0.40600645,0.90196177,0.2406233,0.12751025,-0.34901178
-0.98634326,-0.00840571,0.16448736,0.07432122,-0.91395147,0.39895972,0.14697994,0.40573617,0.90209481,0.23860143,0.12542135,-0.35251004
-0.98637536,-0.00804396,0.16431346,0.07384639,-0.91416991,0.39854744,0.14700452,0.40525133,0.90230872,0.24083188,0.12547642,-0.35280415
-0.98641573,-0.00764272,0.16408942,0.0733263,-0.91435871,0.39820994,0.1469932,0.40483267,0.90249847,0.24043746,0.13152021,-0.35505244
-0.98645087,-0.00716059,0.16389986,0.07279965,-0.9144033,0.39820419,0.14701922,0.40474077,0.90253545,0.24324808,0.1242305,-0.35661688
-0.9864788,-0.006835,0.16374604,0.07245175,-0.91438327,0.39831383,0.14700417,0.40479185,0.902515,0.24739119,0.11613727,-0.35271472
-0.98646867,-0.00673331,0.163812,0.07238493,-0.91438865,0.39831388,0.14710585,0.40478166,0.90250301,0.24634579,0.11646044,-0.35331166
-0.98644985,-0.00668303,0.16392785,0.07235256,-0.91448184,0.39810597,0.14724847,0.40457211,0.90257371,0.24132703,0.12539691,-0.35341099
-0.98641204,-0.00655852,0.16416051,0.07230929,-0.91455062,0.39795591,0.14752306,0.40441875,0.90259761,0.24173629,0.12154114,-0.35347506
-0.98639286,-0.00649629,0.16427683,0.07228763,-0.91458481,0.39788074,0.14766035,0.40434192,0.90260957,0.24263304,0.12406051,-0.35909417
-0.98631347,-0.00630763,0.16476074,0.0723066,-0.91460222,0.39783751,0.14818111,0.40430576,0.90254043,0.23862533,0.12641704,-0.35417238
-0.98625098,-0.00605213,0.16514342,0.07222436,-0.91461995,0.39781146,0.14863586,0.40426932,0.90248196,0.24181238,0.1281966,-0.35516104
-0.98606792,-0.00566666,0.16624607,0.07235181,-0.91453961,0.39797279,0.14978346,0.40445644,0.90220834,0.23973088,0.12322336,-0.35781154
-0.98598022,-0.00560389,0.16676649,0.0725772,-0.91434588,0.39837624,0.15024984,0.40489465,0.90193419,0.23419598,0.12452972,-0.35170203
-0.98597191,-0.00559461,0.16681853,0.07266625,-0.91414045,0.39883226,0.15026423,0.40535941,0.90172303,0.23871146,0.11917108,-0.34805676
-0.98597332,-0.00571752,0.16680362,0.07279462,-0.91407578,0.39895608,0.15019015,0.40550255,0.90167099,0.2412571,0.11804432,-0.34682435
-0.9859841,-0.00581311,0.16673796,0.0728669,-0.9140413,0.39902244,0.15008583,0.40557946,0.90165378,0.2404692,0.11991364,-0.35245177
-0.98599416,-0.00556648,0.16668475,0.07260941,-0.91407895,0.39898226,0.15014215,0.40549721,0.90168138,0.24955714,0.13003677,-0.35192999
-0.98600655,-0.00544884,0.1666165,0.07247481,-0.91408217,0.39899984,0.15012711,0.40549202,0.90168623,0.25317076,0.12720436,-0.35125914
-0.98598385,-0.00547089,0.16675045,0.07253712,-0.9141139,0.39891596,0.1502465,0.40542033,0.90169858,0.2523824,0.12562674,-0.35122421
-0.985868,-0.0057639,0.16742374,0.07308302,-0.91408727,0.39887717,0.15074085,0.40547614,0.90159097,0.23545411,0.12193626,-0.35198969
-0.98581557,-0.00596431,0.16772734,0.07338661,-0.91408633,0.39882446,0.15093853,0.40547623,0.90155788,0.23427433,0.12182224,-0.35179064
-0.98573942,-0.00618683,0.16816479,0.07375241,-0.91411642,0.3986874,0.15125559,0.40540447,0.901537,0.23549445,0.12259221,-0.3552812
-0.98564741,-0.00626305,0.16870081,0.07401241,-0.9141842,0.3984839,0.15172789,0.40525058,0.90152683,0.23980419,0.12542844,-0.35664788
-0.98559402,-0.00645734,0.16900453,0.07432145,-0.91415335,0.39849691,0.15192285,0.40531687,0.90146418,0.24051905,0.12685663,-0.35520682
-0.98554385,-0.00690317,0.1692784,0.07488193,-0.91402281,0.39869101,0.15197212,0.40560347,0.90132695,0.2426476,0.12114567,-0.34882113
-0.98550463,-0.00710863,0.16949889,0.07517935,-0.91396016,0.39877899,0.15208048,0.4057414,0.9012466,0.24203768,0.12135595,-0.34735417
-0.98542922,-0.00746003,0.16992117,0.07566797,-0.91395489,0.39869842,0.15232601,0.40574674,0.90120272,0.23821823,0.13030696,-0.34872979
-0.98538796,-0.00752414,0.17015724,0.0758536,-0.91386835,0.39886142,0.15250027,0.40594038,0.90108604,0.24622369,0.12213808,-0.35132867
-0.98529118,-0.0076472,0.17071234,0.07623098,-0.91375667,0.39904572,0.15293797,0.40618982,0.90089944,0.24380895,0.12395972,-0.35078698
-0.98524073,-0.00774455,0.17099901,0.07646727,-0.9136698,0.39919944,0.15314501,0.40638339,0.90077697,0.24286599,0.12339562,-0.34875548
-0.98509645,-0.0078992,0.17182223,0.07698036,-0.9135625,0.39934678,0.1538158,0.40662197,0.90055499,0.24052323,0.11516297,-0.34859011
-0.98493667,-0.00805512,0.17272797,0.07749379,-0.91354583,0.39928538,0.15457862,0.40665614,0.90040893,0.24070141,0.13281405,-0.35278577
-0.98486176,-0.00818708,0.17314774,0.07778103,-0.91354933,0.39922123,0.15491056,0.40664537,0.90035674,0.23991731,0.12590432,-0.34856451
-0.98468779,-0.00844785,0.17412218,0.07844023,-0.91347042,0.39927292,0.15568247,0.40681736,0.90014588,0.22808291,0.13886535,-0.34872448
-0.98456294,-0.00842549,0.17482758,0.07879128,-0.91324879,0.39971044,0.15629333,0.40731501,0.89981491,0.2266472,0.12938285,-0.34490401
-0.98450963,-0.00836801,0.17513029,0.07892777,-0.91307925,0.40007069,0.15656005,0.40769612,0.89959592,0.23396203,0.12630206,-0.34349674
-0.98439892,-0.00834333,0.17575308,0.07927926,-0.91276626,0.40071506,0.15707818,0.40839704,0.89918758,0.23530889,0.13017392,-0.33956775
-0.98423314,-0.00864668,0.17666463,0.08005761,-0.91241522,0.40135929,0.15772107,0.40917446,0.8987215,0.22336908,0.12130934,-0.33901733
-0.98417665,-0.00880132,0.17697039,0.08040147,-0.91220587,0.40176576,0.15789739,0.40963722,0.89847968,0.2218684,0.12134284,-0.33663818
-0.98412408,-0.00885223,0.17725939,0.08067884,-0.91191069,0.40237954,0.15808282,0.41029259,0.89814798,0.23700522,0.10789621,-0.33617386
-0.98406369,-0.0091361,0.17758082,0.08106633,-0.91190561,0.40231354,0.15826139,0.41029802,0.89811405,0.24241339,0.10718679,-0.33708331
-0.98399346,-0.00947274,0.17795178,0.08148703,-0.91198886,0.40203966,0.15848165,0.41010522,0.89816327,0.2316346,0.11400777,-0.3409752
-0.98386463,-0.0099133,0.17863895,0.08205915,-0.91225386,0.40132152,0.15898567,0.40950506,0.89834801,0.22057961,0.11138409,-0.34288013
-0.98377629,-0.01002146,0.17911978,0.08221006,-0.9126184,0.40046131,0.1594548,0.40868977,0.8986361,0.22556004,0.12026024,-0.3484787
-0.98366426,-0.00986394,0.17974306,0.08204546,-0.91332485,0.39888156,0.16022924,0.40711258,0.89921407,0.22656971,0.12880725,-0.35332745
-0.98365984,-0.00953116,0.17978483,0.08162913,-0.91366752,0.39818142,0.16046842,0.40635073,0.89951597,0.22397438,0.12939125,-0.35394219
-0.98370186,-0.00934619,0.17956343,0.08131386,-0.91381904,0.39789766,0.16036968,0.40601372,0.89968573,0.23161837,0.12078202,-0.35273862
-0.9838256,-0.00897733,0.17890354,0.08059875,-0.91411718,0.39735816,0.15997159,0.40535055,0.90005556,0.24028008,0.12456101,-0.34900913
-0.98395961,-0.00872913,0.17817704,0.07993323,-0.91449668,0.39661857,0.1594802,0.40449897,0.90052576,0.23170465,0.13261586,-0.34908748
-0.98407434,-0.00849526,0.17755418,0.07941561,-0.91464083,0.39639031,0.15903087,0.40417812,0.90074926,0.23506488,0.12857342,-0.35327202
-0.98439152,-0.00777647,0.1758211,0.07795966,-0.91492844,0.3960157,0.1577841,0.40354141,0.90125386,0.26629972,0.12122548,-0.3465763
-0.98465463,-0.00768164,0.17434373,0.0771423,-0.91528305,0.39535491,0.15653693,0.40273742,0.90183077,0.28271121,0.12521517,-0.35164714
-0.98468918,-0.00816584,0.17412818,0.0774207,-0.91546473,0.39488028,0.15618367,0.40231545,0.90208034,0.27437651,0.13499075,-0.35730824
-0.98459816,-0.00952415,0.17457223,0.07875836,-0.91562277,0.39424836,0.15608746,0.40192529,0.90227089,0.22718902,0.14770252,-0.35699892
-0.98457441,-0.01000416,0.17467834,0.07928507,-0.91548656,0.39445867,0.1559695,0.40222342,0.90215842,0.24143618,0.11605376,-0.34614855
-0.98454946,-0.009879,0.17482822,0.07924074,-0.9154661,0.39451599,0.15615188,0.40227399,0.90210434,0.24996178,0.11780012,-0.34903038
-0.98439937,-0.00943652,0.17569416,0.0791754,-0.91550359,0.39444144,0.15712651,0.40219864,0.90196868,0.24901114,0.12901604,-0.35024831
-0.98423723,-0.00924044,0.17661269,0.07936768,-0.91550294,0.39440521,0.15804493,0.40220556,0.90180514,0.24517587,0.12438691,-0.3497526
-0.98416311,-0.00913482,0.17703103,0.07946982,-0.91542836,0.39455785,0.15845497,0.40237781,0.90165633,0.25047368,0.12054747,-0.34766427
-0.98367513,-0.00910614,0.17972252,0.08049874,-0.91548892,0.3942079,0.16094427,0.40223997,0.90127684,0.24389084,0.12995654,-0.35184932
-0.98347792,-0.00924314,0.18079306,0.08103165,-0.9155366,0.39398855,0.16188094,0.40212892,0.90115865,0.23416063,0.12067342,-0.3547214
-0.98306202,-0.00935211,0.18303319,0.08200814,-0.91558202,0.3936798,0.1639002,0.40202196,0.9008413,0.21973464,0.11585653,-0.35040528
-0.98272007,-0.00918651,0.18486979,0.08258683,-0.91560222,0.39351234,0.16565219,0.40198029,0.90053939,0.2195002,0.11565691,-0.3428843
-0.98254905,-0.0090112,0.18578619,0.08276013,-0.91569026,0.39327147,0.16657872,0.40178413,0.90045603,0.22619314,0.11988956,-0.34616184
-0.98220721,-0.00896549,0.18758582,0.08331004,-0.9159987,0.39243554,0.16831001,0.40108084,0.90044761,0.22887659,0.10781735,-0.3464959
-0.98185825,-0.0090333,0.18940109,0.08391733,-0.91642009,0.39132097,0.17003604,0.40011575,0.90055268,0.21924749,0.1174283,-0.34605876
-0.98154013,-0.00896018,0.19104569,0.08424985,-0.91701887,0.38984373,0.17169945,0.39874288,0.90084593,0.23575611,0.11552697,-0.3438113
-0.98134882,-0.00901802,0.19202385,0.08445328,-0.91756543,0.38851166,0.17269084,0.39748251,0.90121336,0.23165318,0.11495727,-0.34495962
-0.98124765,-0.00907846,0.19253732,0.08456684,-0.91789555,0.38770633,0.17320937,0.3967182,0.9014506,0.22557361,0.11992079,-0.34824646
-0.9810912,-0.00914477,0.1933288,0.08459988,-0.91866703,0.38586701,0.17407617,0.3949264,0.90207018,0.23586196,0.11138105,-0.35261318
-0.98093806,-0.00952519,0.19408578,0.08482808,-0.91959383,0.38360251,0.17482625,0.39275432,0.90287308,0.23594926,0.11976892,-0.35752153
-0.9808379,-0.00976574,0.19458051,0.08501836,-0.92008504,0.38238113,0.17529639,0.39159684,0.90328461,0.22172728,0.12927985,-0.36080998
-0.9806921,-0.00997359,0.19530303,0.08508203,-0.92098343,0.38019773,0.17607895,0.38947374,0.90405,0.22092375,0.1363517,-0.36400223
-0.98063898,-0.0098345,0.19557706,0.08473239,-0.92171183,0.37850711,0.17654327,0.38775055,0.90469994,0.23258814,0.11715496,-0.3553139
-0.98064525,-0.00961755,0.19555592,0.08436836,-0.92206363,0.37773057,0.17668219,0.38691848,0.905029,0.23991343,0.11178416,-0.3549571
-0.98061434,-0.00921384,0.19572979,0.08369583,-0.92288251,0.37587555,0.17717239,0.38497081,0.90576343,0.24659617,0.1113953,-0.35176763
-0.98050467,-0.00880454,0.19629808,0.08287302,-0.92432843,0.37249012,0.1781643,0.38149614,0.90703813,0.22905083,0.13722575,-0.34864485
-0.98063641,-0.00774082,0.19568455,0.08086084,-0.9260703,0.36858574,0.17836448,0.37727179,0.90876406,0.2516067,0.11721104,-0.35036302
-0.98063178,-0.00756564,0.19571557,0.08053837,-0.92644102,0.36772422,0.17853681,0.37636458,0.90910634,0.24024041,0.12116426,-0.34825015
-0.98070052,-0.0068137,0.19539682,0.07936921,-0.92721507,0.36602266,0.17868092,0.37446714,0.90986125,0.24992645,0.12045634,-0.34092873
-0.98086587,-0.00583097,0.19459689,0.07775937,-0.92809368,0.36413654,0.17848089,0.37230087,0.91078901,0.26665613,0.1098637,-0.35134888
-0.98093766,-0.00550087,0.19424622,0.07708918,-0.92859463,0.3630011,0.17837913,0.37105563,0.91131698,0.26920211,0.10384291,-0.35836339
-0.98093543,-0.00542085,0.19425821,0.07651634,-0.92963931,0.36043858,0.17863619,0.36843091,0.91233096,0.25841317,0.12938756,-0.36088315
-0.9807997,-0.00559781,0.19493646,0.07652307,-0.93046589,0.35829747,0.17937608,0.36633526,0.9130294,0.2387124,0.13663518,-0.35939294
-0.9807272,-0.00556571,0.19530235,0.0764758,-0.93077484,0.35750453,0.17979276,0.36555035,0.91326201,0.23722094,0.13319165,-0.35550538
-0.98066224,-0.00521129,0.19563753,0.07599639,-0.93133893,0.35613476,0.18034896,0.36411573,0.91372533,0.23624669,0.12821805,-0.35076034
-0.98066705,-0.00486317,0.19562256,0.07534504,-0.93200029,0.35453954,0.18059613,0.36242449,0.91434868,0.24522939,0.11273414,-0.35413688
-0.98066416,-0.0048305,0.19563843,0.07513215,-0.93237871,0.35358878,0.1807011,0.36145059,0.91471339,0.24637721,0.10589218,-0.3585622
-0.9806174,-0.00515236,0.19586483,0.07508055,-0.93322916,0.35134925,0.18097649,0.35924482,0.91552754,0.22593735,0.13170111,-0.36178267
-0.98062712,-0.00543108,0.19580682,0.07474125,-0.93436175,0.34839808,0.18106228,0.35628357,0.91666703,0.22356661,0.14442062,-0.35930517
-0.98079452,-0.00528107,0.1949735,0.0740597,-0.93485191,0.34722832,0.18043757,0.35499923,0.91728831,0.23876062,0.12712783,-0.35978541
-0.98093939,-0.00561599,0.19423246,0.07390497,-0.93524381,0.34620361,0.17971044,0.35395952,0.91783267,0.2590501,0.1234774,-0.36183417
-0.98093839,-0.00611916,0.19422302,0.07425177,-0.93546123,0.34554177,0.17957366,0.35337657,0.91808404,0.25241539,0.12483221,-0.36122969
-0.98074204,-0.00746462,0.19516416,0.07553496,-0.93600751,0.3437792,0.18010897,0.35190048,0.91854603,0.23088576,0.14021236,-0.36598003
-0.98039114,-0.00851557,0.19687653,0.07685438,-0.9364757,0.34220802,0.18145602,0.35062859,0.91876727,0.19482684,0.17700243,-0.37423009
-0.98022056,-0.00848249,0.19772702,0.07705559,-0.93660173,0.34181852,0.18229197,0.35029346,0.91872963,0.19715708,0.1692096,-0.37351826
-0.98000265,-0.00722928,0.19885241,0.07635679,-0.93649664,0.34226222,0.18375033,0.35060166,0.91832145,0.20964539,0.1266281,-0.36675373
-0.97985818,-0.00541265,0.19962077,0.07503888,-0.93635275,0.34294681,0.18505922,0.35101859,0.91789925,0.22775063,0.10705239,-0.36065868
-0.97979831,-0.00452027,0.19993736,0.07432403,-0.93636956,0.34305697,0.18566454,0.35098677,0.91778918,0.23797488,0.11307716,-0.36488593
-0.97967922,-0.0031038,0.20054686,0.07320332,-0.93643909,0.34310809,0.18673497,0.35081656,0.91763707,0.22700791,0.12413776,-0.36073551
-0.97968096,-0.00188725,0.20055206,0.07213577,-0.93635365,0.34356623,0.18713931,0.35105236,0.91746449,0.22769888,0.15688711,-0.3568674
-0.97975511,-0.00128681,0.2001955,0.07155094,-0.93618361,0.34415213,0.18697689,0.35150899,0.91732277,0.23549838,0.15747058,-0.35699746
-0.979994185,-0.000384572604,0.19902521,0.0705883318,-0.935661441,0.345766893,0.186087264,0.35289844,0.916970126,0.260007828,0.128207982,-0.359431565
-0.980130769,-0.000566739235,0.19835289,0.0708205614,-0.935084722,0.347277284,0.185279891,0.354424524,0.916544947,0.260871828,0.109716713,-0.374593467
-0.98007115,-0.00113226,0.19864311,0.07160032,-0.93478023,0.34793556,0.18529372,0.35522455,0.91623237,0.24135289,0.11915511,-0.37248379
-0.97986244,-0.00181956,0.19966502,0.07292469,-0.93414361,0.34936735,0.18588012,0.35689249,0.91546509,0.20537336,0.12961608,-0.37183091
-0.979789678,-0.000737645118,0.200028874,0.0724695594,-0.93336688,0.351531423,0.186441029,0.35892288,0.91455678,0.203769431,0.113635659,-0.365752757
-0.979875186,0.000484852364,0.199610251,0.0714057451,-0.932972817,0.352792875,0.186402003,0.359946326,0.91416242,0.232101873,0.100519538,-0.352871567
-0.98013666,0.00280556,0.19830218,0.06907698,-0.93245696,0.35461514,0.18590319,0.3612695,0.91374194,0.28348455,0.09758627,-0.36758563
-0.98026323,0.00376745,0.19766105,0.06809446,-0.93220409,0.35546978,0.18559965,0.36191356,0.91354877,0.27751756,0.1166113,-0.379246
-0.98026335,0.00379683,0.1976605,0.06812205,-0.93209754,0.35574414,0.18558953,0.36218792,0.91344209,0.26788622,0.1232549,-0.3828674
-0.9802729,0.00394158,0.19760868,0.06817579,-0.93169644,0.35678214,0.18551762,0.36321604,0.91304836,0.26495063,0.11012232,-0.37543026
-0.98027589,0.00416549,0.19759005,0.06822242,-0.93119009,0.35809319,0.18548553,0.36451019,0.91253901,0.25470704,0.11309069,-0.37470311
-0.98027561,0.0042095,0.1975891,0.06826372,-0.93102877,0.35850377,0.18547031,0.36492077,0.91237798,0.23807253,0.10641754,-0.37494829
-0.98027004,0.00406986,0.19762016,0.06845976,-0.93091665,0.35875772,0.18542802,0.36520854,0.91227143,0.2376384,0.10979629,-0.3793585
-0.98029095,0.00386138,0.19751972,0.06850839,-0.9311237,0.35821024,0.18529855,0.36468214,0.91250828,0.23422414,0.14263684,-0.3863695
-0.98029696,0.00401571,0.19748841,0.06832612,-0.93118245,0.35809317,0.18533575,0.36453127,0.91256102,0.23180956,0.17608166,-0.39678252
-0.98050719,0.00539193,0.19640842,0.06715764,-0.93022179,0.36080045,0.18464883,0.36695782,0.91172735,0.26326087,0.15443414,-0.37920469
-0.9805213,0.00545942,0.19633621,0.067384,-0.92959485,0.36237073,0.18449149,0.36854219,0.91111993,0.25915211,0.14316881,-0.36577547
-0.98052291,0.00508908,0.19633766,0.0684249,-0.9281836,0.36577699,0.18409891,0.37208718,0.9097575,0.25763005,0.13674963,-0.3492772
-0.98047913,0.0044415,0.19657276,0.0698592,-0.92664648,0.36938581,0.18379409,0.37590751,0.90824736,0.2570914,0.13274008,-0.33317327
-0.98042808,0.00417054,0.19683345,0.07058566,-0.92586429,0.3712048,0.18378918,0.37783323,0.90744895,0.25012851,0.12471747,-0.33292827
-0.98030117,0.00368898,0.19747402,0.0720133,-0.92432255,0.37475576,0.18391216,0.38159427,0.90584884,0.24626809,0.10593385,-0.3200514
-0.97999917,0.00263512,0.19898369,0.07445763,-0.92242866,0.37892117,0.18454678,0.38615832,0.90378329,0.22147988,0.10628617,-0.31258833
-0.97987484,0.00237092,0.19959857,0.07535343,-0.92155138,0.38087376,0.18484337,0.38824907,0.90282644,0.22983345,0.10085535,-0.31189129
-0.97983794,0.00224761,0.19978095,0.07580782,-0.92097917,0.38216545,0.18485307,0.38960519,0.90224006,0.24249557,0.11419636,-0.31883165
-0.9798019,0.00127817,0.19996659,0.07709661,-0.92025795,0.38364233,0.1845112,0.39131022,0.90157192,0.2235,0.10889763,-0.3207432
-0.979781362,0.000174595419,0.200070845,0.0782600302,-0.919987221,0.384055692,0.184129686,0.391948181,0.901372774,0.19665809,0.102640927,-0.329050362
-0.979926696,-0.000640027855,0.199356807,0.0786306995,-0.920166371,0.383550444,0.183195959,0.391526908,0.901746037,0.196323574,0.0929740667,-0.330881596
-0.980382535,-0.000487927247,0.19710368,0.0771295315,-0.921204382,0.38135749,0.181386697,0.389078735,0.903170308,0.203088224,0.12084645,-0.338738412
-0.980839326,-0.000125622725,0.194816966,0.0754975314,-0.922101526,0.379510691,0.179593398,0.386947317,0.904443452,0.209601477,0.118938625,-0.340297639
-0.981356322,0.000169334185,0.192196778,0.0737982044,-0.923012333,0.377626697,0.177463955,0.38477015,0.905791626,0.216619685,0.0985632539,-0.328978807
-0.981623372,0.000360078888,0.190828307,0.0728254983,-0.923607616,0.376358118,0.176385995,0.383339089,0.906608584,0.222466782,0.0932073593,-0.328282684
-0.98219858,0.00104024,0.18784262,0.07034181,-0.92518951,0.37292945,0.17417796,0.37950396,0.90864667,0.24656606,0.12657958,-0.33104071
-0.98270671,0.00170472,0.18516037,0.0679249,-0.92693045,0.36903374,0.17225991,0.37522898,0.91078522,0.26549304,0.14704919,-0.34491682
-0.98290955,0.00197792,0.18407836,0.06694779,-0.92763309,0.36744358,0.17148396,0.37348745,0.91164707,0.26587492,0.14833379,-0.35166171
-0.98316261,0.00247881,0.18271652,0.06544647,-0.92880053,0.36475543,0.17061134,0.37057202,0.91299954,0.25960925,0.12719053,-0.35488367
-0.98323552,0.00323235,0.18231083,0.06410764,-0.92988105,0.36223089,0.17069826,0.36784584,0.91408508,0.25657335,0.133681,-0.36529675
-0.98323855,0.00370445,0.18228545,0.06340616,-0.93043936,0.3609183,0.17094259,0.36642685,0.9146092,0.24564195,0.13710481,-0.36425236
-0.98323466,0.00463427,0.18228634,0.06207087,-0.93146976,0.35848496,0.17145551,0.36378948,0.91556553,0.23898956,0.12638968,-0.36825183
-0.98321274,0.00526193,0.18238727,0.0610241,-0.93254001,0.35587256,0.17195599,0.36102844,0.91656402,0.22791193,0.1405763,-0.37048453
-0.9832462,0.00526853,0.18220537,0.06086483,-0.93272325,0.35541873,0.17181975,0.36055408,0.91677626,0.21882379,0.12717301,-0.36013073
-0.98339361,0.00531738,0.18140617,0.06041233,-0.93297306,0.35483953,0.17113393,0.35990619,0.91715903,0.22331324,0.10918957,-0.34733799
-0.98350065,0.00536923,0.18082411,0.06004638,-0.93320131,0.35430136,0.17064765,0.3593135,0.91748198,0.2303735,0.10945886,-0.34675616
-0.98371114,0.00534265,0.17967696,0.05935554,-0.93383978,0.3527324,0.16967402,0.35765162,0.91831152,0.24485193,0.12483925,-0.35412046
-0.98388066,0.00530675,0.17874733,0.05873949,-0.93450699,0.3510645,0.16890365,0.35590511,0.91913171,0.24685417,0.13256013,-0.35522321
-0.98394675,0.00534265,0.17838312,0.05844198,-0.93479071,0.35035859,0.1686227,0.3551592,0.91947177,0.24068369,0.12285924,-0.35031319
-0.98403699,0.00564276,0.17787529,0.0577356,-0.93531486,0.34907444,0.16833912,0.35377185,0.92005838,0.22926773,0.10975611,-0.3493934
-0.98413122,0.00607982,0.17733847,0.05682928,-0.93597128,0.34745984,0.1680962,0.35202407,0.9207729,0.23140818,0.09791362,-0.3456448
-0.98428523,0.00687512,0.17645159,0.05510632,-0.93738108,0.34391839,0.16776688,0.34823741,0.92227164,0.24998054,0.11867243,-0.3544704
-0.98433907,0.00723674,0.17613798,0.05421057,-0.93831562,0.34150456,0.16774436,0.34570476,0.92322807,0.2427839,0.1223098,-0.36107913
-0.98435362,0.00742726,0.17604754,0.05381342,-0.9387048,0.34049577,0.16778563,0.34464198,0.92361783,0.24268712,0.12516516,-0.3629019
-0.98435246,0.00785064,0.17603492,0.05306013,-0.9394338,0.33859776,0.16803139,0.34264003,0.92431772,0.22483316,0.11782575,-0.3604669
-0.98442199,0.00888399,0.17559586,0.05131427,-0.94072283,0.33527139,0.16816563,0.33905919,0.92561286,0.22648993,0.12281185,-0.36240137
-0.98453442,0.00956613,0.17492829,0.04997485,-0.94168389,0.33276632,0.16791049,0.336362,0.92664268,0.24109668,0.13813335,-0.36725622
-0.9846474,0.00997227,0.1742702,0.0489504,-0.9425322,0.33051015,0.1675512,0.33396654,0.92757369,0.24019821,0.14485973,-0.36720896
-0.98470417,0.0100566,0.17394404,0.04861454,-0.94282676,0.32971851,0.16731495,0.33313141,0.92791658,0.23768474,0.14291221,-0.36549911
-0.98481243,0.01003667,0.17333153,0.04826001,-0.94316201,0.32881069,0.16677988,0.33218183,0.92835322,0.23140173,0.14171273,-0.36182311
-0.98493996,0.009908,0.17261216,0.04804961,-0.94334235,0.32832346,0.16608541,0.33167287,0.92865965,0.2343252,0.13764548,-0.35573098
-0.98501416,0.00981855,0.17219257,0.04796153,-0.94340568,0.32815394,0.16566948,0.33149497,0.92879745,0.23758985,0.12665999,-0.35639077
-0.98517873,0.0097043,0.17125505,0.04768084,-0.94355653,0.32776093,0.16476955,0.33106875,0.9291095,0.24226065,0.12094361,-0.35125527
-0.98532634,0.00951319,0.17041631,0.04749293,-0.94373306,0.32728053,0.16394097,0.33057166,0.92943302,0.2459708,0.11989743,-0.34680241
-0.98538481,0.00943176,0.17008104,0.04741295,-0.94382305,0.32703182,0.16361091,0.33031627,0.92958196,0.25261259,0.11664999,-0.34644496
-0.98546783,0.00902977,0.1696225,0.04752281,-0.94405276,0.32635277,0.16307946,0.32967107,0.92990434,0.24477348,0.11256951,-0.34918961
-0.98547063,0.00872788,0.16962053,0.04764808,-0.94436771,0.3254212,0.16302442,0.32877518,0.9302311,0.23891248,0.10345781,-0.35191864
-0.98541215,0.00859182,0.16996709,0.04751895,-0.94511136,0.32327421,0.16341536,0.32663503,0.9309162,0.23270941,0.12937331,-0.35975584
-0.98532099,0.00879106,0.17048421,0.04729725,-0.94551897,0.32211247,0.1640278,0.32544768,0.93122429,0.22243607,0.133331,-0.35913825
-0.98527373,0.00901918,0.17074525,0.04710211,-0.94565173,0.32175116,0.16436751,0.32505549,0.93130137,0.21797422,0.1360389,-0.35495311
-0.98522465,0.00953824,0.17099978,0.0466046,-0.94583882,0.32127319,0.16480265,0.32449572,0.93141967,0.21486105,0.12234533,-0.34335884
-0.9852603,0.01016845,0.17075771,0.0457956,-0.94611426,0.32057765,0.16481613,0.32367247,0.93170369,0.22862807,0.11797214,-0.35049891
-0.98530418,0.01046491,0.17048694,0.04533071,-0.94630894,0.32006902,0.16468284,0.3230937,0.93192812,0.23506743,0.12199259,-0.34900171
-0.9853914,0.01105831,0.16994594,0.04440114,-0.94669707,0.31905066,0.16441547,0.32193555,0.93237603,0.25012231,0.11880308,-0.35010108
-0.98542923,0.01143821,0.16970029,0.04376643,-0.94708581,0.31798233,0.1643579,0.32077629,0.93278564,0.25336468,0.13314342,-0.35357621
-0.9854309,0.01148475,0.16968893,0.04364447,-0.94723159,0.31756535,0.16438185,0.32034465,0.93292975,0.24973214,0.13400298,-0.35161918
-0.98535736,0.01150742,0.17011325,0.04366801,-0.94741002,0.31702906,0.16481518,0.31981541,0.93303487,0.24232851,0.13154775,-0.35124466
-0.98518176,0.01170892,0.17111344,0.04369995,-0.94760411,0.31644395,0.16585302,0.31923246,0.9330506,0.22776549,0.11806166,-0.3481254
-0.98507684,0.01213358,0.1716869,0.04336191,-0.94784067,0.31578128,0.16656339,0.31851349,0.93316976,0.22773173,0.1195119,-0.3484529
-0.9850106,0.01262573,0.17203116,0.04283772,-0.94816863,0.31486694,0.16708997,0.3175167,0.93341528,0.23037243,0.12446952,-0.34861273
-0.98497862,0.01329399,0.17216285,0.04181444,-0.94899422,0.31250791,0.16753606,0.31501256,0.93418347,0.23513821,0.11851352,-0.35056594
-0.9849694,0.01401047,0.17216119,0.04075324,-0.94971744,0.31044553,0.16785393,0.3127954,0.93487117,0.23329142,0.11626756,-0.35843775
-0.98495161,0.01480834,0.17219393,0.03968704,-0.95031928,0.30873599,0.1682111,0.31092392,0.93543109,0.23156661,0.12505323,-0.35971299
-0.98495084,0.0152954,0.17215437,0.03907184,-0.95058357,0.3079992,0.16835816,0.31009058,0.93568122,0.229433,0.1320073,-0.36132079
-0.98498768,0.01640362,0.17184187,0.03771972,-0.9509665,0.30698435,0.16845156,0.30885772,0.93607209,0.23349449,0.13775873,-0.36117771
-0.98506843,0.01761669,0.17125824,0.03630125,-0.9511321,0.3066423,0.16829127,0.3082806,0.93629114,0.23753253,0.12359822,-0.35270584
-0.98512669,0.01818913,0.17086421,0.03560029,-0.95120013,0.30651419,0.16810128,0.30803812,0.93640508,0.24271573,0.12338948,-0.35290128
-0.98525507,0.01921707,0.17000767,0.03425135,-0.95140143,0.30604186,0.16762682,0.30735237,0.93671541,0.2501699,0.12952238,-0.34570327
-0.98547805,0.02015951,0.16860188,0.03273237,-0.95175108,0.30512039,0.1666181,0.30620819,0.93726995,0.25413552,0.12722158,-0.34764743
-0.9856047,0.02028388,0.16784547,0.03226314,-0.95196713,0.30449604,0.16595972,0.30552792,0.9376087,0.25545585,0.12619847,-0.3501128
-0.98567007,0.02013278,0.16747845,0.03219775,-0.95214258,0.30395336,0.1655828,0.30499019,0.93785037,0.24967173,0.11888146,-0.34783253
-0.98566978,0.02002242,0.16749482,0.03225761,-0.95223458,0.30365946,0.16557433,0.30471088,0.93794266,0.2411554,0.11971503,-0.34847927
-0.98563387,0.02011836,0.1676935,0.03209928,-0.95247037,0.30293534,0.16581765,0.30396618,0.93814128,0.23432311,0.10762584,-0.35137102
-0.98559954,0.02043095,0.16785716,0.03164809,-0.9528447,0.30180338,0.16610795,0.30276965,0.93847679,0.2314785,0.11271834,-0.34961337
-0.98557923,0.02068381,0.16794531,0.03130668,-0.95307815,0.30110098,0.16629293,0.3020167,0.93868662,0.2323336,0.11363292,-0.35080752
-0.98553856,0.02126152,0.16811076,0.03052578,-0.95358906,0.29955905,0.1666777,0.30035877,0.93915022,0.23297876,0.11987555,-0.35129008
-0.9855058,0.02204512,0.16820242,0.02952543,-0.9540972,0.29803775,0.16705176,0.29868422,0.93961771,0.23091388,0.11334789,-0.35424355
-0.9855002,0.02244868,0.16818219,0.02899438,-0.95434874,0.29728379,0.1671781,0.2978496,0.93986015,0.2334905,0.11658442,-0.34956804
-0.9855179,0.02337546,0.16795152,0.02771158,-0.95493567,0.29551581,0.16729074,0.29589037,0.94045876,0.23331401,0.11633396,-0.34849292
-0.98557853,0.02424646,0.16747212,0.0263724,-0.95557968,0.29355034,0.16715052,0.29373358,0.94115954,0.23417495,0.12358576,-0.35267988
-0.98562269,0.02470937,0.16714276,0.02564487,-0.95590876,0.29254083,0.16700178,0.29262133,0.94153234,0.23507519,0.1265617,-0.35188127
-0.98571064,0.02546609,0.16651116,0.02436028,-0.95656368,0.2905038,0.16667653,0.29040895,0.94227468,0.23902695,0.1342079,-0.35806948
-0.98580407,0.02628588,0.16582882,0.02305299,-0.9571241,0.28875911,0.16630906,0.28848279,0.94293105,0.2391763,0.13032109,-0.36152634
-0.98586128,0.02676364,0.16541338,0.02233934,-0.95735762,0.28804113,0.16606875,0.28766377,0.94322359,0.23638542,0.13567698,-0.35405278
-0.98596674,0.02762359,0.16464054,0.02107142,-0.95773524,0.28687835,0.16560666,0.28632172,0.94371304,0.23643717,0.12478352,-0.35344258
-0.98613156,0.029183,0.16337942,0.01888478,-0.95829473,0.28515699,0.16488738,0.2842877,0.94445363,0.23644775,0.11635548,-0.35253111
-0.986282,0.03010061,0.16230053,0.01741727,-0.95876721,0.28365785,0.16414673,0.28259351,0.94509087,0.23839572,0.12091613,-0.35533473
-0.98645954,0.03091134,0.16106625,0.0160123,-0.95923345,0.28216139,0.1632221,0.2809198,0.94574977,0.24514055,0.12450331,-0.35202044
-0.9865485,0.0311503,0.1604736,0.01548375,-0.95945557,0.28143443,0.16273405,0.28013344,0.94606706,0.24387264,0.13213688,-0.350398
-0.98672582,0.03155664,0.15929868,0.01452523,-0.95985589,0.28011684,0.16174334,0.2787124,0.94665647,0.24017467,0.12474054,-0.35431907
-0.98689497,0.03193395,0.15817151,0.01362259,-0.96023418,0.27886275,0.1607869,0.277363,0.94721557,0.24247126,0.13022214,-0.35607356
-0.98698261,0.03209596,0.15759057,0.01318701,-0.96043302,0.27819799,0.16028425,0.27665479,0.94750782,0.2467308,0.12687224,-0.35036078
-0.98712187,0.03249868,0.15663355,0.01230939,-0.96081213,0.27692661,0.15949518,0.2752884,0.94803881,0.24443997,0.12276179,-0.35361466
-0.98723214,0.03291973,0.15584781,0.01144976,-0.96121352,0.2755667,0.15887464,0.27383279,0.94856441,0.24337029,0.12568164,-0.35888365
-0.98727175,0.03300191,0.15558089,0.01118991,-0.96139631,0.27493992,0.15864843,0.27318135,0.94879009,0.24109887,0.12276202,-0.35957795
-0.9874001,0.03344619,0.15467021,0.01009546,-0.96210427,0.27249574,0.15792277,0.27062372,0.94964373,0.24803072,0.11252409,-0.3594583
-0.98741777,0.03358282,0.15452618,0.00980461,-0.96230741,0.27178726,0.15782907,0.26988264,0.94987017,0.24546722,0.12030935,-0.36259609
-0.98743347,0.03381287,0.1543755,0.00926454,-0.96277756,0.27013609,0.15776334,0.26817164,0.95036556,0.24159081,0.12304014,-0.36658442
-0.9874405,0.03419431,0.15424622,0.00862038,-0.96318255,0.2687098,0.15775562,0.26666462,0.9507908,0.24184404,0.13087147,-0.3653371
-0.98743078,0.03436547,0.15426985,0.00836427,-0.96334525,0.26813372,0.15782969,0.26605388,0.95094959,0.23717836,0.12840635,-0.36990047
-0.9874336,0.03456919,0.15420643,0.00796914,-0.96364832,0.26705463,0.15783265,0.26492764,0.95126347,0.23408581,0.127994,-0.36574444
-0.9874574,0.03471969,0.15402054,0.00760598,-0.96392792,0.26605451,0.15770203,0.26388899,0.95157378,0.23211287,0.12838799,-0.36423889
-0.98746988,0.03475241,0.15393345,0.00746708,-0.96406786,0.26555113,0.15763084,0.26337318,0.95172848,0.23478062,0.13419855,-0.36295217
-0.98753551,0.03479088,0.15350353,0.00716222,-0.96432186,0.26463591,0.15723372,0.26243677,0.95205278,0.24814689,0.12854934,-0.36273417
-0.98759455,0.03480441,0.15311916,0.00691795,-0.96453573,0.26386132,0.15687245,0.26164729,0.95232963,0.2439971,0.12997913,-0.36313665
-0.98766934,0.03463094,0.15267426,0.00682757,-0.96476972,0.26300614,0.15640369,0.26080556,0.95263756,0.23895741,0.13792342,-0.36088434
-0.9877295,0.03460679,0.15229065,0.00671733,-0.96482259,0.26281532,0.15602868,0.26061348,0.95275162,0.24091315,0.12398028,-0.36180475
-0.98776284,0.0346104,0.15207543,0.00663514,-0.96485868,0.26268602,0.15582294,0.2604805,0.95282166,0.24566883,0.12568355,-0.35834101
-0.98782244,0.03459221,0.15169046,0.00653099,-0.96489106,0.26256881,0.15544762,0.26036208,0.95291533,0.24719685,0.11837703,-0.35909685
-0.98789072,0.03442325,0.1512842,0.00653147,-0.96498499,0.26222367,0.15501358,0.26003645,0.95307494,0.25064117,0.11885333,-0.36361998
-0.98792587,0.03424483,0.15109444,0.00660816,-0.96506301,0.26193414,0.15478557,0.25977,0.95318465,0.24871951,0.11512554,-0.36399046
-0.98798992,0.03382772,0.15076814,0.00678606,-0.96530031,0.26105303,0.15436741,0.25894096,0.95347799,0.24210829,0.1303302,-0.36006173
-0.9880602,0.03353505,0.15037402,0.00700521,-0.96523567,0.2612871,0.15390865,0.2592208,0.95347611,0.23957604,0.12623006,-0.35576221
-0.98808695,0.03352487,0.15020166,0.00699516,-0.96519261,0.26144707,0.15373849,0.25938309,0.95345944,0.24079949,0.12681913,-0.35563689
-0.9881144,0.0334352,0.1500394,0.00707634,-0.96513003,0.26167492,0.1535567,0.25962651,0.95342247,0.24011919,0.12356943,-0.35570547
-0.98814912,0.03328008,0.14984433,0.00717693,-0.96512754,0.26168091,0.15332768,0.25965524,0.9534515,0.24412228,0.12649471,-0.35620219
-0.98816975,0.03322689,0.14972141,0.00720904,-0.9651058,0.26176097,0.15319451,0.25974363,0.95344884,0.24274622,0.11846012,-0.35883909
-0.9881984,0.03304033,0.1495732,0.00736367,-0.96508454,0.26183486,0.15300191,0.25984621,0.95345181,0.24243416,0.11741257,-0.35810468
-0.98821388,0.03287617,0.14950736,0.00754105,-0.96502468,0.26205053,0.15289352,0.26008942,0.95340289,0.24354634,0.11254066,-0.35299775
-0.98820668,0.03290698,0.1495479,0.00748619,-0.96508524,0.26182881,0.15294248,0.25986054,0.95345744,0.23814856,0.11600679,-0.35294399
-0.98820455,0.03301989,0.14953777,0.00725657,-0.96528411,0.26110156,0.15296797,0.25910687,0.95365845,0.2399212,0.12540126,-0.35866034
-0.98819626,0.03312441,0.14956954,0.00710454,-0.96538356,0.26073784,0.15302876,0.25872277,0.95375297,0.24217549,0.12859142,-0.35497355
-0.98816492,0.03345254,0.14970154,0.00674956,-0.96550237,0.26030588,0.15324512,0.25823562,0.95385024,0.24368756,0.12965924,-0.35718638
-0.98807968,0.03392648,0.15015808,0.00637047,-0.96556656,0.26007798,0.15381116,0.25793435,0.95384066,0.2394399,0.11947554,-0.35526356
-0.98803012,0.03417169,0.15042817,0.00618928,-0.96558926,0.25999792,0.1541364,0.25781684,0.95381992,0.23753199,0.12396342,-0.35629699
-0.9879488,0.03476206,0.15082673,0.00567054,-0.96567053,0.25970791,0.15467692,0.25743339,0.95383599,0.23744994,0.12523133,-0.35786462
-0.9879024,0.03517995,0.15103427,0.00523455,-0.96580909,0.25920173,0.15498897,0.25685659,0.95394083,0.23972759,0.12639993,-0.35779458
-0.98788759,0.03525266,0.15111329,0.00513613,-0.96588891,0.25890558,0.15508577,0.25654576,0.95400874,0.23744416,0.12611502,-0.35755846
-0.98787159,0.03539894,0.15118379,0.00494031,-0.96600738,0.25846706,0.15519412,0.25607918,0.95411647,0.23631813,0.13038301,-0.35719642
-0.98790898,0.03551401,0.15091202,0.00471322,-0.9660797,0.25820078,0.1549628,0.25579018,0.95423158,0.23831664,0.1208033,-0.35598874
-0.98795075,0.03575752,0.15057956,0.00435871,-0.96612939,0.25802035,0.15470555,0.2555678,0.9543329,0.23497882,0.12356687,-0.35764292
-0.987956,0.0362236,0.15043552,0.0037999,-0.96623956,0.25761741,0.15468858,0.2550863,0.95446447,0.2416648,0.1244691,-0.35504651
-0.98797843,0.03644645,0.1502348,0.0035103,-0.96627232,0.25749891,0.15455263,0.25493072,0.95452806,0.23995116,0.12655061,-0.35463813
-0.98800949,0.0369029,0.14991835,0.0029419,-0.96633897,0.25725558,0.15436541,0.25461199,0.95464342,0.24033397,0.13019651,-0.35589334
-0.98803597,0.0372484,0.14965844,0.00251889,-0.96636871,0.25714846,0.15420359,0.25444888,0.95471306,0.24732617,0.12387598,-0.35420156
-0.98804609,0.03740828,0.14955107,0.00233736,-0.9663644,0.25716602,0.15414097,0.25444144,0.95472515,0.24669592,0.12453848,-0.35360438
-0.98807387,0.03767433,0.14930096,0.00200568,-0.96637559,0.25712701,0.15396788,0.25435992,0.9547748,0.2469499,0.12126762,-0.34689057
-0.9881336,0.03793914,0.14883729,0.00158661,-0.96644124,0.25688272,0.15358841,0.2540706,0.95491294,0.24766245,0.12056649,-0.35407853
-0.98815093,0.03803385,0.1486975,0.00142463,-0.96649593,0.25667755,0.15347798,0.25384803,0.95498989,0.25390768,0.1203388,-0.35311159
-0.98815533,0.03812201,0.14864707,0.00125561,-0.96661144,0.25624391,0.15345248,0.2533954,0.95511419,0.2520366,0.13098717,-0.35339585
-0.98813051,0.03802922,0.14883547,0.0013328,-0.9667142,0.25585543,0.15361134,0.2530169,0.95518899,0.24651903,0.13317353,-0.35786691
