0,1,2,3,4,5,6,7,8,9,10,11
0.86068601,-0.00451989,-0.50911607,-0.11081402,-0.97765127,-0.17865712,-0.49693043,0.21018488,-0.84195165,0.00232977,0.00479084,-0.00610347
0.86059547,-0.00455379,-0.50926879,-0.1107786,-0.9776915,-0.17845854,-0.4970951,0.20999669,-0.84190134,0.00555501,0.00197893,-0.00463937
0.86038906,-0.00466146,-0.50961643,-0.11074979,-0.9777716,-0.17803597,-0.49745866,0.20962011,-0.84178022,-0.00199354,0.00112778,-0.00921746
0.860233,-0.00464817,-0.50987997,-0.11067689,-0.97782072,-0.17781211,-0.49774473,0.20939177,-0.84166808,-0.00726128,0.00262791,-0.00377503
0.86011701,-0.00470126,-0.51007512,-0.11070376,-0.97784493,-0.17766223,-0.49793916,0.20927753,-0.8415815,,,
0.85991024,-0.00478856,-0.5104228,-0.11069487,-0.97790916,-0.17731354,-0.49829811,0.20897491,-0.84144415,0.0047017,0.00569588,-0.00616583
0.8597234,-0.00491951,-0.51073621,-0.11072567,-0.97796893,-0.17696478,-0.49861358,0.20869237,-0.84132748,0.00165381,-0.0040341,-0.0098037
0.85967798,-0.00493662,-0.5108125,-0.11070775,-0.97798897,-0.17686539,-0.49869587,0.20859818,-0.8413021,0.0010537,-0.00404686,-0.0074891
0.85954163,-0.00486318,-0.51104258,-0.11077586,-0.97795474,-0.17701166,-0.4989157,0.20876008,-0.84113153,0.00181261,0.00970727,-0.01211727
0.859541634,-0.00484237188,-0.51104277,-0.110796174,-0.977938964,-0.177085713,-0.498911184,0.208834129,-0.841115754,0.000169117702,0.00762325525,-0.0104631092
0.85961243,-0.00476458,-0.51092442,-0.11079217,-0.97790347,-0.17728458,-0.49879009,0.20900246,-0.84114585,-0.00325092,0.0089708,-0.00824665
0.859779236,-0.0046109016,-0.510645098,-0.110701262,-0.977864034,-0.177559359,-0.498522725,0.209190906,-0.841257636,0.000570521108,0.0118222833,-0.00626817299
0.85997635,-0.0043757,-0.51031514,-0.11044534,-0.9778608,-0.17773637,-0.49823941,0.209211,-0.84142045,-0.00365662,0.00440866,-0.00765707
0.860102672,-0.00417664404,-0.510103876,-0.110234084,-0.977861708,-0.177862706,-0.498068123,0.20921102,-0.841521891,7.58754904e-05,0.00887995958,-0.00962707773
0.860198557,-0.00407999312,-0.509942933,-0.110167352,-0.977841855,-0.178012485,-0.497917258,0.209305145,-0.841587634,0.000350807677,0.00940543413,-0.00838639308
0.86034995,-0.00386188,-0.50968916,-0.10989345,-0.9778586,-0.17808983,-0.49771617,0.20923108,-0.841725,-0.00140934,0.00242025,-0.00734513
0.86057174,-0.00371139,-0.5093157,-0.10947348,-0.9779497,-0.17784691,-0.49742518,0.20880659,-0.84200214,-0.00306551,0.00398904,-0.00441651
0.86059693,-0.00369229,-0.50927329,-0.10941098,-0.9779657,-0.17779807,-0.49739537,0.20873256,-0.84203825,-0.0035467,0.00543433,-0.00935435
0.860602013,-0.00367115155,-0.509264899,-0.10926814,-0.978017848,-0.17760098,-0.497418021,0.208490185,-0.842085307,0.000436385249,0.00983697176,-0.00667485222
0.86067248,-0.00369723,-0.50914558,-0.10916261,-0.97806062,-0.17742889,-0.49731923,0.20828782,-0.84219346,-0.00197092,0.00601536,-0.00595891
0.86066739,-0.00386356,-0.50915293,-0.10916371,-0.97811871,-0.17710716,-0.49732777,0.20801138,-0.84225664,-0.00406465,0.00580436,-0.00457215
0.86070758,-0.00399208,-0.509084,-0.10920288,-0.97814114,-0.17695886,-0.49724962,0.20790327,-0.84232943,,,
0.86077802,-0.00397662,-0.50896503,-0.10913794,-0.97815284,-0.17693516,-0.49714195,0.20784929,-0.84240647,0.0036037,-0.00319391,-0.0023537
0.860823272,-0.004001016,-0.508888306,-0.109115285,-0.978164313,-0.176886231,-0.497068577,0.207795274,-0.842463198,0.000152808192,0.00637608767,0.0012518724
0.8607981,-0.00410307,-0.50893004,-0.10909677,-0.97821096,-0.17663845,-0.4971162,0.20757267,-0.84248976,,,
0.8607981,-0.00410307,-0.50893004,-0.10909677,-0.97821096,-0.17663845,-0.4971162,0.20757267,-0.84248976,,,
0.860772926,-0.00420512709,-0.508971771,-0.109078251,-0.9782576,-0.176390723,-0.497163838,0.207350112,-0.842516323,-0.000549278222,-0.00501769781,-0.00984161999
0.8607981,-0.00418601,-0.50892935,-0.10901575,-0.9782734,-0.17634173,-0.49713396,0.20727594,-0.8425522,,,
0.86084338,-0.00418969,-0.50885272,-0.10901335,-0.97826906,-0.17636687,-0.49705606,0.207296,-0.84259315,,,
0.860893712,-0.00410997348,-0.508768236,-0.108928873,-0.978269567,-0.176417297,-0.496987435,0.207296093,-0.842633807,-0.00094883662,0.00705963373,-0.00577789498
0.86101441,-0.00397336,-0.50856502,-0.10881988,-0.97825005,-0.17659203,-0.49680218,0.20739027,-0.84271974,-0.00344825,0.00551492,-0.00285684
0.8611099,-0.00389735,-0.5084039,-0.10873293,-0.97824609,-0.17666745,-0.49665568,0.20741034,-0.84280114,,,
0.86120539,-0.00384202,-0.50824257,-0.10862574,-0.97825792,-0.17666877,-0.49651356,0.20735632,-0.84289833,-0.00120175,0.0051102,-0.00446221
0.86128075,-0.00370182,-0.50811587,-0.10851911,-0.97824252,-0.17681818,-0.49640613,0.20743038,-0.84294314,,,
0.86145143,-0.00350627,-0.50782785,-0.10830523,-0.97823909,-0.17696886,-0.49615663,0.20745049,-0.84308518,-0.00329178,0.00785118,-0.00245272
0.861546775,-0.00340956848,-0.507666767,-0.108238403,-0.978219683,-0.177118442,-0.496005665,0.207544861,-0.843151076,-0.00628066668,0.0122266412,9.32603143e-05
0.861616983,-0.00337347645,-0.507547812,-0.108193627,-0.978215355,-0.177168481,-0.495893437,0.207564812,-0.843211938,-0.00414049393,0.00664144754,-0.000127462146
0.861621997,-0.00331074242,-0.507539736,-0.108091313,-0.978235716,-0.177119474,-0.495907061,0.207470671,-0.843227285,-0.00174073922,-0.000744581223,-0.00519719068
0.86158187,-0.00320303,-0.50760851,-0.10803182,-0.97822869,-0.17719355,-0.49598971,0.20750462,-0.84317012,0.00231858,0.00275999,-0.00349361
0.86153674,-0.0031993,-0.50768516,-0.10803429,-0.9782331,-0.17716856,-0.49606759,0.20748463,-0.84312939,-0.00115858,0.00520009,-0.00533673
0.861401244,-0.00322961637,-0.50791481,-0.108001234,-0.978277085,-0.176944895,-0.496310002,0.207275981,-0.843037888,-0.000970274035,0.00619798899,-0.00509730959
0.861426327,-0.00318975501,-0.507872509,-0.107958908,-0.978277152,-0.176969949,-0.496275664,0.207275938,-0.843058034,0.00145687442,0.00700885057,-0.00094769604
0.8614514,-0.00317059,-0.5078301,-0.10789642,-0.97829301,-0.17692089,-0.49624573,0.20720181,-0.84309397,-0.00446152,0.00348955,-0.00290225
0.861431322,-0.00314774592,-0.507864315,-0.107836371,-0.978313069,-0.176846732,-0.496293651,0.207107559,-0.843088955,0.000177483336,0.0015180707,-0.0056892368
0.86143132,-0.00316844,-0.50786417,-0.10781615,-0.97832863,-0.17677251,-0.49629803,0.20703333,-0.84310451,-0.00356981,-0.00206822,-0.00889052
0.86134099,-0.0031818,-0.5080173,-0.10780082,-0.97835285,-0.17664819,-0.49645814,0.20691901,-0.8430384,-0.00148372,0.00315863,-0.00857262
0.861320891,-0.00311759969,-0.508051759,-0.107781189,-0.978341578,-0.176722363,-0.496497256,0.206973087,-0.843002046,-0.000758750073,0.00986260176,-0.00868167821
0.86137105,-0.00303786,-0.50796721,-0.10769661,-0.97834193,-0.17677258,-0.4964286,0.20697313,-0.84304258,-0.00163791,0.00789195,-0.00629509
0.8615366,-0.00292566,-0.50768702,-0.10756484,-0.97833369,-0.1768979,-0.49616981,0.20701328,-0.84318497,-0.00662164,0.00376505,-0.00520648
0.861421197,-0.00291682015,-0.507882849,-0.107652444,-0.978310714,-0.17697099,-0.496351133,0.207121395,-0.843051563,0.00119343051,0.00855380297,-0.000585203466
0.861396126,-0.00297732562,-0.507925047,-0.107674547,-0.978326434,-0.176871851,-0.496389877,0.207047326,-0.843047188,0.000732622575,0.00417798758,-0.00595707633
0.861371052,-0.0030171919,-0.507967308,-0.107716807,-0.978326142,-0.176846683,-0.496424192,0.207047232,-0.8430268,-0.00206832495,-0.000916838646,-0.00798792019
0.861225527,-0.00317294106,-0.508213053,-0.107888397,-0.978329923,-0.17672126,-0.496639375,0.207027154,-0.842905009,-0.0050696875,0.00057053566,-0.0119385356
0.86120043,-0.0031921,-0.50825545,-0.10795089,-0.97831409,-0.1767703,-0.4966693,0.20710129,-0.84286908,-0.00286488,0.00254065,-0.01067855
0.861130125,-0.00320755575,-0.508374483,-0.108015853,-0.978302746,-0.176794361,-0.496777092,0.207155454,-0.842792427,0.00087901752,0.00515824556,-0.00613395683
0.86112509,-0.00329094,-0.50838248,-0.108098,-0.9782982,-0.17676922,-0.49676796,0.20717554,-0.84279286,0.00320099,0.00631028,-0.00988369
0.86112509,-0.00329094,-0.50838248,-0.108098,-0.9782982,-0.17676922,-0.49676796,0.20717554,-0.84279286,0.00376331,0.0071457,-0.00702811
0.86116528,-0.00339866,-0.50831371,-0.10815748,-0.97830515,-0.17669511,-0.49668535,0.20714163,-0.84285003,-0.00103079,0.00371128,-0.00374717
0.86120548,-0.00350642,-0.50824484,-0.10821694,-0.97831185,-0.17662088,-0.49660266,0.20710758,-0.84290698,-0.00402951,0.00466806,-0.00546136
0.86117534,-0.00362965,-0.50829502,-0.10834131,-0.978307,-0.17657057,-0.49662779,0.20712758,-0.84288707,-0.0043482,-0.00380456,-0.009051
0.8611703,-0.00371302757,-0.508302959,-0.108423441,-0.978302423,-0.176545444,-0.496618608,0.207147652,-0.84288754,0.000939460821,0.00321739912,-0.00467644027
0.8611099,-0.00398017,-0.50840328,-0.10865203,-0.97830877,-0.17637083,-0.49667341,0.20711371,-0.84286382,0.00286831,0.00366431,-0.00465018
0.86100933,-0.00416029,-0.50857214,-0.10880082,-0.9783237,-0.17619606,-0.49681517,0.20703952,-0.84279848,0.00511845,0.00931603,-0.01538246
0.860848102,-0.00464918276,-0.508840754,-0.109137561,-0.978375709,-0.175697813,-0.497020644,0.20678277,-0.842740256,0.000874980236,0.00253325701,-0.00520202145
0.860762302,-0.00499776686,-0.508982563,-0.109367677,-0.978412441,-0.175349194,-0.497118636,0.20660022,-0.842727106,-0.00204524491,0.000812113285,-0.00885170512
0.860711864,-0.00511903825,-0.509066638,-0.109411616,-0.97844309,-0.175150294,-0.497196283,0.206451745,-0.842717617,-0.00314131915,-3.73721123e-05,-0.00575844524
0.86058061,-0.00544334,-0.50928513,-0.10966425,-0.97846843,-0.17485053,-0.4973678,0.20632336,-0.84264786,-0.00209871,0.00450212,-0.00406431
0.86042917,-0.0057033909,-0.509538167,-0.109897213,-0.978483076,-0.174625011,-0.497578411,0.206249275,-0.842542197,9.14719421e-05,0.00385481119,-0.00799553655
0.86037863,-0.00582478,-0.50962208,-0.109941,-0.97851332,-0.17442582,-0.49765608,0.20610061,-0.84253231,0.00360879,0.00833541,-0.0026348
0.86025751,-0.00600324,-0.50982445,-0.11000895,-0.97856349,-0.17410204,-0.49785042,0.20585784,-0.842477,0.00266797,0.00584751,-0.00845948
0.86015639,-0.00624606,-0.50999214,-0.11009644,-0.97862442,-0.17370388,-0.49800579,0.20556082,-0.84245772,0.0019688,0.00534612,-0.00347911
0.860131096,-0.00632757099,-0.510033787,-0.110097982,-0.978655101,-0.173530052,-0.49804913,0.205412284,-0.842468341,0.00066563068,0.00666922331,-0.000738883682
0.860004556,-0.00663123604,-0.510243275,-0.11020717,-0.978731012,-0.173032121,-0.498243467,0.205040879,-0.842443948,2.00057275e-05,0.00792604685,-0.000391861278
0.85980723,-0.00697151,-0.51057113,-0.11036044,-0.9788103,-0.17248312,-0.49854995,0.20464909,-0.84235751,0.00600771,0.00386173,-0.00673009
0.85978189,-0.00707397,-0.51061241,-0.11034152,-0.97885632,-0.17223481,-0.49859786,0.20442612,-0.84238348,0.00697682,-0.00533229,-0.00622529
0.85970582,-0.00727719,-0.51073767,-0.11038651,-0.97891714,-0.17186157,-0.4987191,0.20412894,-0.8423841,0.00189698,0.00334555,0.00640437
0.859528237,-0.00770297281,-0.511030218,-0.110538614,-0.979022181,-0.171163426,-0.498991417,0.203608369,-0.842348694,0.00594311487,-0.00330853462,-0.000556774437
0.85947217,-0.00797068,-0.51112037,-0.11060292,-0.97909298,-0.17071534,-0.4990737,0.20325649,-0.84238474,0.00764423,-0.0029335,-0.0102373
0.85938525,-0.00838273,-0.51125991,-0.1107709,-0.97917376,-0.17014189,-0.49918611,0.20285015,-0.84241603,0.00757241,0.0031231,-0.00825645
0.85947078,-0.00853556,-0.51111361,-0.11078769,-0.97920637,-0.16994403,-0.49903513,0.20268702,-0.8425449,,,
0.85953628,-0.0086241,-0.51100193,-0.11078488,-0.97922785,-0.16982058,-0.4989229,0.20257824,-0.84263725,,,
0.85959476,-0.00942352,-0.51088946,-0.1109878,-0.9794028,-0.1686766,-0.49877706,0.20169602,-0.8429354,-0.00250257,0.00527054,-0.00664855
0.85965477,-0.00961631,-0.51078486,-0.11104672,-0.97943439,-0.16845307,-0.49866048,0.20153247,-0.84304327,-0.00237951,0.00251371,0.00446024
0.85978007,-0.00993929,-0.51056773,-0.11106225,-0.97951782,-0.16795692,-0.49844094,0.20111082,-0.84327375,-0.00182288,0.00430602,0.00277459
0.85976371,-0.01039834,-0.51058616,-0.11110464,-0.97965371,-0.16713527,-0.49845974,0.20042533,-0.843426,-0.00117703,0.01197344,-0.00159725
0.85972733,-0.01070964,-0.51064098,-0.11120881,-0.97971849,-0.16668624,-0.49849926,0.20009249,-0.84348177,-0.00208305,0.01078552,-0.00235527
0.85958358,-0.01143203,-0.51086726,-0.11139961,-0.97989557,-0.1655128,-0.4987045,0.1991825,-0.84357565,-0.00819757,0.00856823,0.00635741
0.85931759,-0.01233488,-0.51129357,-0.11165621,-0.98011859,-0.16401241,-0.49910535,0.19802785,-0.84361038,-0.00514228,-0.00541282,-0.0058498
0.85911897,-0.0126983,-0.51161834,-0.11178661,-0.98020848,-0.16338548,-0.49941799,0.19755965,-0.84353518,0.00108214,-0.00184482,-0.02267578
0.85871553,-0.0133623,-0.5122783,-0.11227217,-0.98027881,-0.16262852,-0.50000256,0.19716624,-0.84328083,0.0075718,0.00248498,-0.00818654
0.85859611,-0.01392032,-0.51246361,-0.11254214,-0.98036439,-0.16192615,-0.50014697,0.19670292,-0.84330369,-0.00440668,0.01380569,0.01588329
0.85851354,-0.01431342,-0.51259109,-0.11256504,-0.98048945,-0.16115078,-0.50028353,0.19604996,-0.84337466,-0.00743823,0.01390225,0.01024661
0.85803162,-0.01541518,-0.51336549,-0.11286607,-0.98077482,-0.15919232,-0.50104192,0.19453359,-0.84327567,-0.00358235,0.01035362,-0.0042986
0.85737383,-0.016633,-0.51442536,-0.11345716,-0.9809995,-0.15737605,-0.50203344,0.19329535,-0.84297041,-0.00205107,0.00696129,-0.00619731
0.857044169,-0.0172215201,-0.514955047,-0.113772401,-0.981096499,-0.156541809,-0.502524747,0.192750919,-0.842802356,-0.00023199631,0.00632745028,-0.00218021637
0.856526712,-0.0184307888,-0.515773489,-0.114211929,-0.981353389,-0.154599741,-0.503306687,0.191326294,-0.842660401,0.00962838624,1.22189522e-05,-0.000581309898
0.85596971,-0.02010457,-0.51663493,-0.11460546,-0.98176363,-0.1516755,-0.50416409,0.18903882,-0.842664,0.00452858,0.00916296,-0.01531254
0.85574942,-0.0209783,-0.51696504,-0.11472715,-0.9819975,-0.15006249,-0.50451029,0.18772581,-0.84275058,0.00313756,0.00547796,-0.00755972
0.855724936,-0.0216744771,-0.516976818,-0.114701234,-0.982210657,-0.148679381,-0.504557668,0.186526535,-0.84298822,-0.000136242175,-0.0135455728,9.35475327e-05
0.85569274,-0.02196907,-0.51701767,-0.11465808,-0.9823146,-0.148025,-0.50462208,0.18594418,-0.8430784,0.00452691,-0.01362962,-0.00139442
0.85566669,-0.02224423,-0.51704901,-0.11447044,-0.98246475,-0.14717049,-0.50470883,0.18511572,-0.84320864,0.00440597,-0.00473636,-0.00486678
0.855672837,-0.0223954585,-0.517032361,-0.11415942,-0.9826212,-0.14636777,-0.504768903,0.184267036,-0.843358945,0.0030102036,-0.000700592995,-0.00533540035
0.85572494,-0.02246371,-0.5169431,-0.11393079,-0.98271797,-0.14589208,-0.50473217,0.18373924,-0.84349554,0.00257451,-0.00233954,-0.00706025
0.85606323,-0.02244813,-0.51638339,-0.11289317,-0.98305536,-0.1444197,-0.50439157,0.18192855,-0.84409177,0.00554676,0.00829512,-0.00745467
0.85610138,-0.02232583,-0.51632542,-0.11260459,-0.98312118,-0.14419575,-0.50439131,0.1815868,-0.84416535,0.00619364,0.01427346,-0.01229618
0.85640694,-0.02215634,-0.51582579,-0.11196136,-0.98327464,-0.14365066,-0.50401567,0.18077598,-0.84456387,-0.00118126,0.01061207,-0.00458091
0.856769824,-0.0218855809,-0.515234393,-0.111091168,-0.983474614,-0.142955603,-0.503591313,0.179718038,-0.845042658,-0.0108151874,0.000167429447,-0.00302030751
0.85688531,-0.02168371,-0.51505087,-0.11063692,-0.98356927,-0.14265722,-0.50349484,0.17922452,-0.84520509,-0.00333382,-0.00198436,-0.00861538
0.85715563,-0.02130152,-0.5146168,-0.10987222,-0.98370844,-0.14228664,-0.50320205,0.17850388,-0.84553165,-0.01016572,0.00705296,-0.01295423
0.857399613,-0.0208747061,-0.51422769,-0.109232084,-0.983793318,-0.142192139,-0.502925663,0.178085651,-0.845784166,-0.000173418084,0.00269395113,-0.00542656984
0.85760583,-0.0206342,-0.5138934,-0.1088181,-0.98385308,-0.14209563,-0.50266372,0.17778295,-0.84600347,-0.0012634,-0.00439286,-0.0061323
0.85803738,-0.02017458,-0.51319083,-0.10805166,-0.98395487,-0.14197737,-0.5020923,0.17727301,-0.84644995,0.00600348,-0.00654209,-0.00907987
0.85848219,-0.01969264,-0.51246514,-0.1075531,-0.98395388,-0.14236241,-0.50143858,0.1773328,-0.84682488,-0.00639044,0.00491029,0.00103747
0.85901146,-0.01934102,-0.51159088,-0.10709332,-0.9839665,-0.14262072,-0.50062992,0.1773008,-0.84730977,-0.01804777,0.02565604,0.00371553
0.85920171,-0.01914288,-0.51127873,-0.10639083,-0.98414082,-0.14194191,-0.50045318,0.17635211,-0.84761208,-0.00216489,0.00141317,-0.00972438
0.859318169,-0.0192755466,-0.511078015,-0.106182448,-0.984239724,-0.14141236,-0.500297484,0.175785725,-0.847821803,-0.00033210119,-0.00586390495,-0.00503320945
0.85952267,-0.01989502,-0.51071023,-0.10623856,-0.98437085,-0.14045216,-0.49993411,0.17497894,-0.84820264,-0.00825392,0.00818378,-0.0079108
0.85959641,-0.02029777,-0.51057028,-0.10633885,-0.98443951,-0.13989564,-0.49978601,0.17454725,-0.8483791,-0.0079117,0.01130062,-0.00521335
0.859831643,-0.0207926052,-0.510154092,-0.106271952,-0.984575569,-0.138985633,-0.499395437,0.173719318,-0.848778885,-0.00142180931,-0.000356554985,-0.0187311061
0.86023375,-0.02097893,-0.50946812,-0.10626608,-0.98459022,-0.13888604,-0.49870372,0.17361364,-0.84920707,-0.00104593,-0.00560874,-0.02314046
0.86047981,-0.02101089,-0.50905112,-0.10632443,-0.98455531,-0.13908945,-0.49826661,0.17380824,-0.84942393,-0.00201552,-0.00609046,-0.01631717
0.86099095,-0.02111807,-0.50818166,-0.10648146,-0.98448081,-0.13949587,-0.49734924,0.17421661,-0.84987774,-0.00990035,0.00590557,-0.01225775
0.86134044,-0.02138617,-0.50757784,-0.10655816,-0.98449386,-0.13934473,-0.49672728,0.17410981,-0.85026322,-0.0204324,0.02629989,0.00861643
0.86128384,-0.02167739,-0.50766154,-0.10659978,-0.98456462,-0.13881271,-0.4968165,0.17367375,-0.8503004,-0.02096085,0.01571661,0.00648815
0.86078389,-0.02224238,-0.50848438,-0.10676993,-0.9847065,-0.13767113,-0.49764573,0.17279594,-0.84999432,-0.01345226,-0.00830221,-0.01236457
0.860379313,-0.0225178581,-0.509156537,-0.107062119,-0.984717471,-0.137365029,-0.498282185,0.172697408,-0.849641348,0.000145356171,-0.00243920088,-0.0124398721
0.85977891,-0.02255349,-0.51016817,-0.10733658,-0.98468805,-0.13736172,-0.49925853,0.17286041,-0.84903483,-0.0030709,0.012227,-0.01454584
0.85952422,-0.0222909,-0.51060866,-0.10709329,-0.98472516,-0.13728489,-0.49974906,0.17268245,-0.84878231,0.00994342,-0.01510143,-0.02749502
0.85951024,-0.02214343,-0.51063863,-0.10699107,-0.98472219,-0.13738638,-0.49979501,0.17271878,-0.84874795,0.01459924,-0.01465452,-0.02957569
0.85965794,-0.02174957,-0.51040688,-0.10705297,-0.98458058,-0.13834986,-0.49952767,0.17357413,-0.84873086,0.01978672,0.01846892,-0.01667841
0.85982775,-0.02175584,-0.51012047,-0.10738027,-0.9844521,-0.13900824,-0.499165,0.17430002,-0.84879537,0.00962201,0.04724902,-0.03100136
0.86002879,-0.02180692,-0.5097793,-0.10741863,-0.9844335,-0.1391105,-0.4988103,0.17439883,-0.84898361,0.00462467,0.04350716,-0.01244355
0.86065062,-0.02242456,-0.50870194,-0.10716194,-0.98463223,-0.13789815,-0.49779197,0.17319562,-0.84982741,-0.01641968,0.01108414,0.00262449
0.86087864,-0.02323383,-0.5082796,-0.10695168,-0.98490172,-0.13612464,-0.49744276,0.17154815,-0.85036575,-0.00204862,-0.02543026,-0.00439092
0.860963109,-0.0235109866,-0.508123757,-0.106847265,-0.985003921,-0.135465298,-0.497318993,0.170922258,-0.850564116,0.00426814845,-0.0176933408,-0.000439241237
0.86119074,-0.02419335,-0.50770577,-0.10676122,-0.98519355,-0.13414585,-0.49694317,0.16972846,-0.85102243,0.00160157,0.01186091,-0.00678602
0.86119074,-0.02419335,-0.50770577,-0.10676122,-0.98519355,-0.13414585,-0.49694317,0.16972846,-0.85102243,0.00160157,0.01186091,-0.00678602
0.86161588,-0.02490546,-0.50694949,-0.10615981,-0.98554697,-0.13201213,-0.49633473,0.16756141,-0.85180688,-0.01874437,0.00192934,0.0107776
0.861427887,-0.0250885448,-0.507259853,-0.105563849,-0.985810868,-0.13051118,-0.49678795,0.165974273,-0.851853413,-0.0167242158,0.000836133957,-0.00105903996
0.86093761,-0.02526064,-0.50808297,-0.10521537,-0.98601239,-0.12926345,-0.49771089,0.16474591,-0.85155295,-0.00189471,0.01432306,0.00185452
0.86069214,-0.02533664,-0.50849491,-0.10505088,-0.98610651,-0.12867745,-0.49816998,0.16416951,-0.85139573,0.01705291,0.01612717,-0.00271099
0.86035598,-0.02549465,-0.50905557,-0.10480323,-0.98625532,-0.12773425,-0.49880239,0.1632476,-0.85120254,0.02951716,-0.00492698,-0.03372616
0.8606703,-0.02529669,-0.50853388,-0.10443215,-0.98630162,-0.1276837,-0.4983378,0.16300086,-0.85152231,0.00196691,-0.01620722,-0.00195436
0.8608823,-0.02519938,-0.50817976,-0.10428774,-0.98630699,-0.12776019,-0.49800175,0.16298341,-0.85172222,-0.02420488,-0.01943547,0.01403506
0.86088001,-0.02501161,-0.5081929,-0.10389654,-0.9863878,-0.12745419,-0.49808745,0.16252225,-0.85176016,-0.03383716,0.00638157,0.02952513
0.86031201,-0.02533119,-0.50913808,-0.10364746,-0.98659434,-0.12605137,-0.49911968,0.16121438,-0.85140449,-0.01825897,0.01252192,-0.00214772
0.85987887,-0.02550802,-0.50986041,-0.10354249,-0.98670594,-0.12525992,-0.49988724,0.16050058,-0.85108873,-0.00129337,-0.00291336,-0.03326972
0.85960099,-0.02571086,-0.51031861,-0.1034991,-0.98679144,-0.12462149,-0.50037393,0.15994227,-0.85090794,0.018556,-0.01513231,-0.02654084
0.85986489,-0.02550934,-0.50988394,-0.10329424,-0.98678705,-0.12482606,-0.49996266,0.16000162,-0.85113851,0.01941445,-0.01166999,-0.01542834
0.86009723,-0.0254114,-0.50949681,-0.10323327,-0.98676429,-0.1250559,-0.49957545,0.16015725,-0.85133653,0.01209483,-0.00567722,-0.0109399
0.86048236,-0.02506689,-0.5088632,-0.10292578,-0.98674792,-0.12543865,-0.49897534,0.16031289,-0.85165921,-0.00454806,0.00279993,-0.01350231
0.86090061,-0.0247855,-0.50816906,-0.10288611,-0.98665755,-0.12617828,-0.49826154,0.1609105,-0.85196414,-0.00265526,-0.01023328,-0.03477715
0.86129286,-0.02446131,-0.50751968,-0.10296964,-0.98651786,-0.127198,-0.49756591,0.16181385,-0.85219953,-0.00232598,-0.01012647,-0.03009955
0.86228648,-0.02363435,-0.50586899,-0.10307144,-0.98619246,-0.12961674,-0.49582083,0.16390741,-0.85281644,-0.01649087,0.01372474,0.00173292
0.86306899,-0.02360089,-0.50453436,-0.10321066,-0.98607089,-0.1304287,-0.49442844,0.16464229,-0.85348306,-0.01867333,0.0350607,0.00979885
0.86293127,-0.02422476,-0.50474033,-0.10333485,-0.9862022,-0.12933456,-0.49464285,0.1637641,-0.853528,-0.00894452,-0.02475095,-0.03514047
0.86304943,-0.02366303,-0.50456491,-0.10306693,-0.98613642,-0.13004646,-0.49449256,0.16424048,-0.85352334,0.00157584,-0.00728744,-0.03945064
0.86329606,-0.02316937,-0.50416572,-0.10290069,-0.98604276,-0.13088505,-0.49409649,0.16487155,-0.85363096,0.00444896,0.01699072,-0.02842966
0.86378558,-0.02274875,-0.50334576,-0.1027524,-0.98594004,-0.1317725,-0.49327113,0.16554318,-0.85397826,-0.00961396,0.03570575,0.00157336
0.86369878,-0.0231225196,-0.503477668,-0.102959009,-0.985976116,-0.131341112,-0.493380031,0.165276721,-0.853967037,-0.0122533115,0.000121772289,-0.0226522926
0.863522394,-0.0235765427,-0.503759097,-0.103084164,-0.98606774,-0.130553314,-0.493662573,0.164665295,-0.853921951,-0.0120849926,0.000540435314,-0.0135290595
0.86334586,-0.02400989,-0.50404111,-0.10322952,-0.98614635,-0.12984161,-0.49394087,0.16413014,-0.85386388,-0.01460714,-0.00645983,-0.02329206
0.8632449,-0.02419473,-0.50420518,-0.10337407,-0.98615467,-0.12966426,-0.49408709,0.16405375,-0.8537941,-0.01149151,-0.00492156,-0.02365686
0.86273696,-0.02453186,-0.50505759,-0.10409646,-0.98604492,-0.12992255,-0.4948221,0.16466369,-0.85325111,0.00665339,-0.00353825,-0.03082164
0.862680545,-0.0246135168,-0.505149918,-0.104343416,-0.985988166,-0.130152239,-0.494868383,0.164988874,-0.853161054,0.0038992262,0.000961244106,-0.0315495878
0.86293424,-0.02468666,-0.50471285,-0.10534804,-0.98564786,-0.13190882,-0.49421279,0.16699915,-0.85314996,-0.01267159,-0.00214553,-0.01003286
0.86284655,-0.02443209,-0.50487515,-0.10616955,-0.9853096,-0.13376549,-0.49419011,0.16902146,-0.85276495,-0.00261169,0.00882345,-0.01344588
0.86280943,-0.02434715,-0.50494264,-0.1066622,-0.98512106,-0.13475639,-0.49414879,0.17012738,-0.85256864,0.00545576,0.02070326,-0.01840319
0.86286787,-0.02437099,-0.50484165,-0.1068871,-0.98504463,-0.13513729,-0.49399816,0.17056669,-0.85256829,0.00877795,0.0268833,-0.00638515
0.8628248,-0.02464187,-0.50490212,-0.10719548,-0.98501475,-0.13511198,-0.49400658,0.17070119,-0.85253667,-0.00868935,-0.00669563,-0.01471794
0.86272327,-0.02459586,-0.50507782,-0.10756571,-0.98488361,-0.13577193,-0.49410341,0.17146266,-0.85232769,-0.0164381,-0.0070473,0.00522732
0.86258281,-0.02456872,-0.50531897,-0.10775192,-0.98482462,-0.13605083,-0.49430801,0.1718042,-0.8521401,-0.0140073,-0.00221163,0.01202268
0.862166887,-0.0245080012,-0.506031252,-0.108126361,-0.984717136,-0.13653213,-0.494951473,0.172428798,-0.851640481,0.000941797276,0.00289231539,-0.0129464669
0.86200493,-0.02399718,-0.50633154,-0.10812833,-0.98459339,-0.13741921,-0.49523303,0.17320482,-0.85131913,0.01485256,0.00876516,-0.02069493
0.86201086,-0.0237668,-0.50633233,-0.1081897,-0.9845088,-0.13797672,-0.49520933,0.17371737,-0.85122861,0.01466388,0.01342136,-0.00431964
0.86197774,-0.02330401,-0.50641019,-0.10831301,-0.98434172,-0.13906569,-0.49523999,0.17472234,-0.85100475,-0.00524419,0.01453978,0.01619945
0.86168826,-0.02318524,-0.50690803,-0.10833789,-0.98432838,-0.1391408,-0.49573805,0.17481335,-0.85069603,-0.0049338,0.02110296,0.01686406
0.861057362,-0.0233655813,-0.507970738,-0.10814147,-0.984507324,-0.138024532,-0.496875883,0.173779742,-0.850244069,-0.000277572835,-0.00531476736,0.0040302868
0.860605804,-0.0233870088,-0.508734436,-0.108106176,-0.984568389,-0.137617392,-0.497665282,0.173431657,-0.849853578,0.0170473829,0.000792622566,0.000944123487
0.860425,-0.02339992,-0.50903957,-0.10808776,-0.98459521,-0.13743917,-0.4979818,0.17327704,-0.84969959,0.02033412,0.00476533,-0.00235446
0.86040531,-0.02350472,-0.50906801,-0.10790253,-0.98468957,-0.13690717,-0.49805597,0.17272538,-0.84976836,0.0131748,0.01540047,0.00211401
0.86057241,-0.02368155,-0.5087773,-0.10748871,-0.98486474,-0.13597049,-0.49785674,0.17170026,-0.85009294,-0.00248188,0.01105958,0.00294531
0.86057241,-0.02380809,-0.50877135,-0.10736487,-0.98494082,-0.13551406,-0.49788341,0.17124383,-0.85016902,-0.00515499,0.00740927,0.00606113
0.86037975,-0.02419976,-0.50907864,-0.10730365,-0.98508342,-0.13452362,-0.49822948,0.17036739,-0.85014255,,,
0.8602263,-0.02463513,-0.50931703,-0.10736508,-0.98519093,-0.13368483,-0.49848116,0.16968207,-0.85013211,0.00457738,-0.008192,0.00428482
0.86022033,-0.02480332,-0.50931889,-0.10736448,-0.98523542,-0.13335453,-0.49849153,0.16939704,-0.8501825,0.00131221,-0.00441146,0.00560291
0.86032455,-0.02493332,-0.50913654,-0.1074868,-0.98521901,-0.13338024,-0.49828534,0.16947574,-0.85028811,-0.00653704,-0.00543994,0.01208192
0.86025964,-0.02476197,-0.50925454,-0.10757035,-0.98515122,-0.13381155,-0.49837934,0.16989337,-0.85014948,-0.0016757,-0.00736296,0.00882426
0.86007862,-0.02452198,-0.50957181,-0.10779935,-0.98502608,-0.13454654,-0.49864221,0.17065212,-0.84984332,,,
0.85994278,-0.02422031,-0.50981548,-0.1080902,-0.984859,-0.13553494,-0.49881354,0.17165835,-0.8495404,,,
0.85967084,-0.02370113,-0.51029823,-0.10858938,-0.98457237,-0.13720533,-0.49917369,0.1733644,-0.84898183,-0.00503881,0.00950128,0.0087041
0.85950131,-0.0232298,-0.51060542,-0.10871689,-0.98441702,-0.13821729,-0.49943784,0.17430937,-0.84863321,-0.01151626,0.01458806,0.01117149
0.85927435,-0.02309265,-0.51099344,-0.1088438,-0.98435673,-0.13854438,-0.49980055,0.1746661,-0.84834596,-0.00879546,0.01265484,0.00603205
0.858663638,-0.0227477688,-0.512034452,-0.109079633,-0.984238649,-0.139196637,-0.500797739,0.175375623,-0.847611243,-0.00643831119,0.000427722931,0.00256976928
0.85798611,-0.02239987,-0.51318427,-0.10923432,-0.98415454,-0.1396703,-0.50192401,0.1758925,-0.84683776,-0.01104346,-0.00530595,-0.00768416
0.857652619,-0.0221315618,-0.51375302,-0.1092402,-0.984111113,-0.139970412,-0.502492338,0.176168475,-0.846443117,-0.0109782508,-4.66704369e-05,-0.00477751717
0.85708176,-0.02160047,-0.51472734,-0.10908585,-0.98407486,-0.14034419,-0.50349885,0.17643592,-0.84578889,-0.01084358,0.01142591,-0.00595477
0.856541221,-0.0209450184,-0.515653395,-0.108808498,-0.984044958,-0.140769199,-0.504477777,0.176682095,-0.845154048,8.54521058e-05,0.0150642991,-0.0195414294
0.85632344,-0.02072514,-0.51602388,-0.10868902,-0.98404782,-0.14084316,-0.50487312,0.17669343,-0.84491583,0.00215765,0.00824434,-0.02117515
0.85603094,-0.02020801,-0.51652941,-0.10836637,-0.98404712,-0.14109422,-0.50543815,0.17675544,-0.84456463,0.00593766,-0.00619161,-0.01361587
0.85601381,-0.01972439,-0.51657655,-0.10801962,-0.98403816,-0.1414248,-0.50554144,0.17686198,-0.84448089,,,
0.856122905,-0.0194352837,-0.51640663,-0.107814267,-0.984019937,-0.141705272,-0.505400457,0.176993136,-0.844537375,-4.19534044e-05,-0.000680804253,-0.00495697046
0.8567507,-0.01860374,-0.51539512,-0.10709008,-0.98398441,-0.14249981,-0.50448979,0.17728052,-0.84502159,-0.01304805,0.00443703,-0.00704189
0.85682229,-0.01852249,-0.51527902,-0.10708983,-0.98395501,-0.1427026,-0.50436824,0.17745191,-0.84505813,-0.01671369,0.00125366,-0.00775438
0.856853667,-0.0182917336,-0.515235097,-0.10707077,-0.98389479,-0.143132408,-0.504318989,0.177810147,-0.845012368,-0.0110587971,0.000530719757,-0.00397871435
0.856782088,-0.0182450833,-0.515355766,-0.107196218,-0.983844544,-0.143383418,-0.504413936,0.178092533,-0.844896181,-0.0116666825,0.00285393,0.00029613974
0.856690382,-0.0182195468,-0.515509088,-0.1072184,-0.983838531,-0.143407504,-0.504564948,0.178127891,-0.84479846,-0.00707197329,0.0128112435,4.34728572e-05
0.856409408,-0.0182690671,-0.515973995,-0.107325307,-0.983842229,-0.143302806,-0.505019011,0.17810294,-0.84453247,-0.0130028483,0.00993031263,-0.000649635738
0.85590393,-0.01820345,-0.51681437,-0.1073742,-0.98385621,-0.14317022,-0.50586484,0.17803249,-0.84404097,-0.00826276,0.00711137,-0.00147142
0.85553576,-0.01818696,-0.5174242,-0.10737915,-0.98388577,-0.14296357,-0.50648621,0.17787102,-0.84370236,-0.00533989,0.00193542,-0.01026473
0.854783336,-0.0180498503,-0.518671047,-0.107244697,-0.983967697,-0.142499783,-0.507783445,0.177431159,-0.843014944,-0.0010346265,0.000722110271,-0.0143414102
0.85402327,-0.01806167,-0.51992117,-0.10712805,-0.984084,-0.14178235,-0.50908529,0.17678357,-0.84236554,0.00143986,0.00322181,-0.01868372
0.85317392,-0.01803084,-0.52131482,-0.10688666,-0.98423884,-0.14088657,-0.51055802,0.17592234,-0.84165415,0.00452517,0.01240319,-0.01433493
0.8527613,-0.01808224,-0.52198776,-0.10665988,-0.98436899,-0.14014854,-0.5112943,0.1751884,-0.84136044,0.00620959,0.01131827,-0.00812644
0.85257525,-0.01816165,-0.5222888,-0.10657639,-0.98443569,-0.13974148,-0.51162184,0.17480378,-0.84124109,0.00589796,0.0076378,-0.00475066
0.85161134,-0.01862036,-0.52384295,-0.10634335,-0.98472363,-0.13787968,-0.51327308,0.17312711,-0.84058199,0.00346677,0.00267261,-0.01221312
0.851147739,-0.0191579799,-0.524576491,-0.106375691,-0.984894118,-0.136629924,-0.514034761,0.172094438,-0.840328341,-0.000917852391,0.00217324495,0.00509317778
0.8509288,-0.01934134,-0.52492487,-0.10643503,-0.98494115,-0.13624532,-0.51438486,0.17180546,-0.8401734,,,
0.850390942,-0.0197670528,-0.525779867,-0.106656361,-0.985023429,-0.135472239,-0.515227741,0.171282137,-0.839763244,-0.000656645861,-0.00548881292,-0.00407259446
0.84987843,-0.02006491,-0.52659668,-0.10692177,-0.98505596,-0.13502829,-0.51601783,0.17106227,-0.8393232,-0.00245422,-0.00115168,-0.0050001
0.84968484,-0.02014238,-0.52690601,-0.10700357,-0.98506492,-0.13489645,-0.51631956,0.1710003,-0.83915001,-0.00233376,-0.00466764,-0.00520042
0.849297271,-0.020253523,-0.527526233,-0.107210047,-0.985057856,-0.134784392,-0.516914052,0.17102813,-0.838778315,-0.00725548808,0.00624448061,-0.000471868087
0.8488357,-0.02042617,-0.52826196,-0.10743565,-0.98506619,-0.13454325,-0.51762487,0.17095929,-0.83835382,-0.00241918,0.00680739,-0.00183266
0.84826408,-0.02051443,-0.52917595,-0.10749486,-0.98511695,-0.13412345,-0.51854882,0.1706558,-0.83784449,0.01062214,0.00811237,-0.00688469
0.84812822,-0.02047092,-0.52939535,-0.10736954,-0.98515852,-0.13391887,-0.51879696,0.17042131,-0.83773868,0.01611882,0.00110012,-0.00584067
0.84818119,-0.02043297,-0.52931195,-0.10724465,-0.98518554,-0.13382018,-0.51873619,0.17026964,-0.83780716,0.01588132,0.00518161,-0.0064998
0.84838146,-0.02038188,-0.52899289,-0.10697361,-0.98524505,-0.13359968,-0.51846461,0.16993177,-0.83804396,0.00790775,-0.00337893,-0.0073409
0.848549442,-0.0204330161,-0.528721411,-0.106846887,-0.985285523,-0.133402028,-0.518215767,0.169690454,-0.838246678,0.00378300459,-0.000279009342,-0.0102156689
0.84862303,-0.02043738,-0.52860313,-0.10676306,-0.985308,-0.13330317,-0.51811254,0.16955942,-0.83833702,0.00802631,0.00505525,-0.01271748
0.84893219,-0.02049255,-0.52810434,-0.10663683,-0.98533776,-0.13318458,-0.51763184,0.16938005,-0.83867021,0.00156442,0.00241977,-0.00763396
0.84919399,-0.02050236,-0.52768289,-0.10655355,-0.98534591,-0.13319122,-0.51721941,0.16933167,-0.83893443,-0.00108848,-0.00423372,-0.00506705
0.84934087,-0.02044505,-0.52744867,-0.1064505,-0.98535304,-0.13322086,-0.51699941,0.1692971,-0.839077,,,
0.84956099,-0.02030434,-0.52709945,-0.10634962,-0.98533204,-0.13345482,-0.51665835,0.16943484,-0.839259,,,
0.84969273,-0.02009937,-0.52689493,-0.10614513,-0.98533633,-0.1335866,-0.51648375,0.16943489,-0.83936656,0.00643543,0.00578433,-0.00274706
0.84976603,-0.02005978,-0.52677824,-0.10610435,-0.98533374,-0.13363933,-0.51637155,0.16945563,-0.83943158,0.0048393,0.00596625,-0.00205158
0.849771707,-0.0199983363,-0.526771379,-0.106000927,-0.985351335,-0.133589623,-0.516383407,0.16935894,-0.839443501,0.00535650365,0.00462788343,-0.000951341644
0.84971906,-0.0201022,-0.52685237,-0.10606127,-0.98536243,-0.13346116,-0.51645767,0.16928313,-0.8394133,-0.00138124,0.00349241,-0.00473918
0.84964575,-0.02014181,-0.52696906,-0.10610205,-0.98536503,-0.13340842,-0.51656987,0.1692624,-0.83934827,-0.0032163,0.0041216,-0.00140795
0.849478375,-0.0201566884,-0.527238282,-0.106164183,-0.985362526,-0.133379039,-0.516832337,0.16927643,-0.839184084,-0.00402403483,0.00825458765,0.000870805583
0.849305246,-0.0203208241,-0.527510824,-0.106243608,-0.985392302,-0.133095416,-0.517100475,0.169083287,-0.839057815,-0.000422726793,0.00561624765,0.000918170437
0.84889653,-0.02054421,-0.52815963,-0.10625745,-0.98547739,-0.13245185,-0.5177683,0.16855882,-0.8387513,0.00588182,0.00355369,-0.00937417
0.84862303,-0.02087743,-0.52858592,-0.10633169,-0.98555884,-0.13178478,-0.51820123,0.16804104,-0.83858786,0.00833464,0.00794929,-0.0071926
0.84854371,-0.02108861,-0.52870489,-0.10636781,-0.98560626,-0.1314016,-0.51832373,0.16773718,-0.83857315,0.00724998,0.0032683,-0.00553473
0.8484908,-0.02134695,-0.52877938,-0.10627662,-0.98570368,-0.13074065,-0.51842897,0.16712913,-0.83862916,-0.00492862,0.00631338,-0.00884495
0.84848505,-0.02165066,-0.52877628,-0.10614253,-0.98582225,-0.1299541,-0.51846588,0.16638977,-0.83875349,-0.0058456,0.00851744,-0.00700378
0.84845859,-0.02182401,-0.52881162,-0.10605361,-0.98589541,-0.12947125,-0.51852738,0.16593338,-0.83880594,-0.00246822,0.00758713,-0.0068865
0.84842636,-0.02223514,-0.52884617,-0.10589511,-0.98604854,-0.12842914,-0.51861248,0.1649649,-0.83894413,-0.00132005,0.00555617,-0.01502847
0.84846197,-0.02275597,-0.52876692,-0.10571313,-0.98622963,-0.12718451,-0.51859138,0.16380882,-0.83918395,0.00164713,0.00471169,-0.01386362
0.848576955,-0.0229768898,-0.528572788,-0.105582073,-0.986315118,-0.126627878,-0.518429895,0.163261312,-0.839390204,-0.000695564202,0.00168281794,-0.00973305572
0.84880101,-0.02347978,-0.52819078,-0.10542369,-0.98646795,-0.12556385,-0.51809521,0.16226255,-0.83979028,-0.00505689,-0.00386286,-0.00287372
0.849118974,-0.0240505412,-0.527653788,-0.105201873,-0.986648932,-0.124322915,-0.517619083,0.161075116,-0.840312471,-0.00580717344,-0.00242853165,0.000866008748
0.84928074,-0.02431604,-0.52738123,-0.10502855,-0.98675352,-0.12363881,-0.51738887,0.16039414,-0.84058464,,,
0.84943654,-0.02464284,-0.52711506,-0.10495891,-0.98684018,-0.12300424,-0.51714716,0.15980972,-0.84084459,-0.00501954,-0.00404984,-0.00165976
0.84950412,-0.02477407,-0.52699999,-0.1049143,-0.98687965,-0.12272506,-0.5170452,0.15954528,-0.84095747,,,
0.84959811,-0.02490808,-0.52684215,-0.10478585,-0.98694384,-0.12231936,-0.51691681,0.1591279,-0.84111566,-0.00276015,0.00400144,-0.00420063
0.84967148,-0.02497784,-0.52672047,-0.10463779,-0.98700004,-0.12198997,-0.51682616,0.15876627,-0.8412394,-0.00100201,0.0061751,-0.00526012
0.849692047,-0.0250640682,-0.526683195,-0.104635851,-0.987019085,-0.121837044,-0.516792738,0.158633915,-0.841284837,0.000125744438,0.00499898195,-0.00602494506
0.84975956,-0.02519522,-0.52656802,-0.10459133,-0.98705839,-0.12155757,-0.51669075,0.15836916,-0.8413975,,,
0.849874017,-0.025305212,-0.526378,-0.104569128,-0.987082536,-0.12138093,-0.51650697,0.158201387,-0.841541942,-0.00502185337,0.00995737314,0.000974350958
0.84992679,-0.02524465,-0.52629568,-0.10446624,-0.9870962,-0.12135715,-0.51644093,0.15812483,-0.84159669,-0.00826886,0.00740987,0.00128933
0.84972427,-0.02535795,-0.52661716,-0.10410253,-0.98724756,-0.1204364,-0.51684748,0.15715991,-0.84152804,-0.005533,0.00735599,-0.01157777
0.84958337,-0.02539955,-0.52684242,-0.1040571,-0.98728054,-0.12020423,-0.51708819,0.15694521,-0.84142012,-0.00771406,0.00609154,-0.01691792
0.84935418,-0.02540041,-0.52721179,-0.10388485,-0.98734866,-0.11979239,-0.51749917,0.15651549,-0.8412474,-0.00712503,-0.00132823,-0.00999944
0.84917187,-0.02538016,-0.52750636,-0.10373481,-0.9874019,-0.11948339,-0.51782835,0.15618271,-0.84110671,-0.00292321,0.0021705,-0.00506321
0.84907773,-0.02540075,-0.5276569,-0.10371158,-0.98742014,-0.11935403,-0.51798737,0.15606498,-0.84103081,-0.00105157,0.00275511,-0.00864801
0.84886876,-0.02542208,-0.52799197,-0.10360185,-0.987472,-0.11901841,-0.51835168,0.15573196,-0.84086788,-0.00261171,0.0024038,-0.0110178
0.84870679,-0.02546638,-0.52825017,-0.10347114,-0.98753218,-0.11863277,-0.51864294,0.15534309,-0.84076028,-0.00136616,0.00198478,-0.01141335
0.8483916,-0.02585297,-0.5287375,-0.10332734,-0.98768275,-0.11750165,-0.51918704,0.15432045,-0.8406131,-0.0041578,0.00306553,-0.01548501
0.84834443,-0.02596319,-0.52880776,-0.10321757,-0.98774273,-0.11709189,-0.51928592,0.1539165,-0.8406259,0.00290425,0.00813752,-0.00903027
0.84837093,-0.02603265,-0.52876183,-0.10306823,-0.98780051,-0.11673502,-0.51927229,0.15353315,-0.84070437,0.00413239,0.00795966,-0.00947988
0.84841809,-0.02609974,-0.52868284,-0.10300387,-0.98783129,-0.11653152,-0.519208,0.15332383,-0.84078232,0.00111373,0.00725597,-0.01150732
0.84841228,-0.02629403,-0.52868253,-0.10297687,-0.98788227,-0.11612154,-0.51922284,0.15296102,-0.84083911,-0.0016731,-0.0019722,-0.00765445
0.84831211,-0.0264651,-0.52883467,-0.1029696,-0.98792815,-0.11573507,-0.51938788,0.15263336,-0.84079647,-0.00118668,-0.00899547,-0.01120151
0.84823839,-0.0265504,-0.52894865,-0.10296548,-0.98795279,-0.11552863,-0.5195091,0.15245927,-0.84075321,0.00121745,0.00140005,-0.00693212
0.84823839,-0.02659477,-0.52894648,-0.10292192,-0.98797565,-0.11537527,-0.51951779,0.15230592,-0.84077607,0.0012752,0.00640339,-0.0096249
0.84823839,-0.02661696,-0.52894533,-0.10290011,-0.98798662,-0.11529853,-0.51952208,0.15222917,-0.84078705,0.00206952,0.00574881,-0.0054654
0.848191193,-0.026660808,-0.529018802,-0.102855476,-0.988012327,-0.115118591,-0.51960797,0.152055057,-0.840765557,0.00126616098,-0.000533640385,-0.00953031797
0.84817051,-0.02664106,-0.52905294,-0.10279219,-0.9880277,-0.11504177,-0.51965424,0.15195755,-0.84075441,0.00621326,0.00220877,-0.01277503
0.84814982,-0.02659911,-0.52908823,-0.10275071,-0.9880321,-0.1150417,-0.51969622,0.15193679,-0.8407323,0.00553342,0.00284809,-0.01197665
0.848161447,-0.0264100216,-0.529079046,-0.102608761,-0.988031641,-0.115171531,-0.51970527,0.151972202,-0.840720213,0.000424509431,0.00139218569,-0.0083307093
0.848140746,-0.0263680433,-0.529114339,-0.102567317,-0.988036043,-0.115171584,-0.519747249,0.151951553,-0.840698109,0.000775573077,0.00554698706,-0.00849271286
